36
88
1
3
42
1
173
1
2
6
61
25
8
24
18
1
36
2
6
20
1
25
28
82
2
1
14
24
7
18
41
3
1
4
3
63
19
59
20
2
1
1
1
9
15
2
7
2
1
1
5
37
12
46
6
5
2
1
44
321
13
2
3
25
27
7
29
31
44
49
4
9
4
2
18
1
21
3
8
2
1
2
12
23
1
3
92
4
15
4
21
25
15
1
26
423
9
1
343
10
3
2
6
1
22
1
3
14
23
1
2
8
6
25
57
63
4
133
41
1
1
9
46
59
11
2
14
40
21
9
5
14
69
9
3
8
1
4
1
3
1
1
42
3
31
27
2
76
26
10
28
2
54
5
8
2
13
67
6
8
7
26
3
82
20
2
446
23
38
2
1
6
1
14
1
7
7
4
2
436
19
35
3
6
46
16
3
5
2
6
5
27
52
19
4
24
2
1
2
20
4
2
15
12
86
1
16
3
62
13
1
26
4
2
36
2
3
2
5
1
1
67
75
65
12
2
121
180
173
88
124
15
28
3
70
26
3
3
66
24
2
15
7
1
1
22
1
6
41
2
8
79
5
2
1
117
3
7
24
71
12
10
41
58
10
1
39
122
2
3
79
47
27
17
1
49
3
5
1
4
7
16
8
3
19
4
4
2
4
33
40
1
5
61
30
5
1
7
20
221
2
10
1
1
55
7
4
4
23
22
12
44
25
52
1
1
87
345
2
20
5
53
2
1
133
1
62
11
25
9
24
2
17
13
39
2
23
6
66
9
36
22
24
11
41
1
72
13
5
15
2
1
6
2
8
1
1
17
47
21
16
1
8
11
13
2
2
11
3
14
59
2
2
62
1
3
5
20
26
1
2
359
30
4
9
5
36
184
34
2
42
19
7
3
6
2
2
4
40
60
1
386
3
102
10
18
157
2
1
2
5
5
2
26
11
2
3
2
10
101
2
1
21
43
3
3
1
17
30
2
4
14
6
3
42
1
9
7
11
2
2
6
39
4
3
113
7
1
46
8
8
3
69
15
2
8
6
1
11
142
68
9
21
9
71
1
27
15
4
2
1
252
1
2
8
15
10
16
14
8
87
1
2
17
36
2
2
39
2
1
38
32
2
3
5
8
22
26
12
20
2
2
2
5
81
1
3
18
3
1
10
1
37
1
51
1
7
3
2
2
28
5
1
27
1
10
2
2
7
95
1
1
1
19
11
130
218
16
14
2
1
4
1
7
1
131
7
3
5
158
13
39
7
3
1
31
414
43
44
1
1
9
7
198
22
6
3
72
14
42
23
20
11
49
1
17
10
2
2
7
4
4
4
15
5
1
4
9
1
9
197
3
2
17
39
2
7
76
1
6
330
2
27
1
4
18
29
3
3
4
2
4
2
16
43
27
67
15
334
1
31
17
1
1
1
14
150
24
1
1
43
3
14
44
25
4
8
10
17
1
4
4
27
1
5
2
1
111
10
4
2
10
2
1
16
2
1
3
71
23
438
37
19
2
13
4
105
4
63
11
1
3
15
31
15
4
38
10
2
88
2
1
2
1
53
3
31
14
4
4
8
7
2
66
2
185
15
21
3
71
1
4
1
16
2
4
24
5
6
26
1
1
5
3
20
5
4
2
2
6
2
7
4
350
4
65
4
4
13
21
18
9
1
1
3
19
7
3
2
1
1
1
1
8
1
4
28
5
25
121
38
2
1
83
2
14
1
18
1
91
3
122
105
8
2
6
1
8
8
95
20
37
1
1
7
283
108
50
30
20
2
1
4
2
7
1
8
22
3
25
2
2
1
1
8
7
7
18
17
2
6
2
4
2
45
1
2
4
338
379
21
7
1
2
7
1
64
71
16
17
1
4
50
1
1
1
4
2
4
7
26
1
1
219
54
228
30
26
1
7
1
11
75
93
30
3
6
1
38
1
2
2
2
2
6
16
10
7
2
1
16
72
2
1
2
1
16
2
10
6
38
1
1
1
1
4
4
22
4
16
1
10
7
8
6
5
3
1
7
2
41
2
5
3
2
8
5
2
4
27
5
21
3
2
8
17
1
6
3
4
18
1
1
6
23
1
2
4
3
42
12
1
18
37
57
1
2
1
4
2
2
364
2
10
20
18
5
1
4
35
2
14
17
3
1
146
11
1
272
10
45
4
25
2
10
9
37
90
2
13
24
5
5
1
1
2
1
2
30
1
15
13
2
6
31
3
2
2
13
2
2
4
23
22
10
2
7
2
25
9
19
8
6
38
22
3
10
9
1
6
2
2
19
4
33
2
12
2
2
1
5
8
177
5
1
2
1
3
2
21
2
3
51
37
4
14
19
12
15
2
14
4
1
6
22
5
44
34
1
4
5
10
1
49
2
4
7
7
2
4
4
3
9
2
6
41
19
26
2
13
5
15
7
4
1
3
2
12
2
1
41
3
2
4
42
60
8
5
1
38
8
92
1
2
2
3
8
1
49
2
1
3
3
30
8
7
1
6
6
1
3
23
3
4
37
1
1
2
4
15
5
1
1
30
3
13
8
11
7
3
2
11
91
5
2
2
3
93
5
19
4
4
1
6
10
2
3
71
1
14
24
2
8
2
2
1
6
5
1
6
3
33
1
1
3
6
5
3
10
52
41
6
2
6
28
1
15
6
2
2
20
2
14
6
27
52
7
7
29
14
2
13
1
58
23
8
22
6
3
13
4
43
23
2
4
7
7
9
3
7
1
7
1
1
4
36
2
2
5
3
4
20
30
1
2
8
1
15
5
10
2
1
2
11
8
338
421
7
3
18
7
2
370
2
4
5
7
10
4
36
4
1
70
16
9
6
4
2
17
6
20
13
18
17
3
5
5
63
1
6
3
19
2
5
2
44
101
27
39
3
4
5
16
8
14
3
1
11
22
3
3
5
9
6
4
109
64
1
1
2
282
4
2
5
12
12
31
6
2
2
2
2
19
4
26
3
4
6
17
3
2
5
12
2
2
29
31
199
1
2
3
11
34
39
2
3
2
11
1
3
1
1
15
1
3
14
1
13
425
6
8
177
1
1
4
3
25
5
18
75
28
9
10
11
5
22
17
7
6
370
1
22
9
1
3
2
5
1
6
57
2
6
5
5
6
1
28
2
7
4
8
27
3
31
49
4
19
3
2
4
11
2
11
1
42
7
2
1
4
6
3
64
10
17
25
2
6
9
43
19
109
6
3
11
31
5
375
11
18
21
8
25
24
4
4
23
23
6
1
1
2
54
6
16
21
15
15
5
157
42
9
29
3
2
5
95
1
1
27
1
14
10
19
9
2
1
2
41
2
1
7
1
2
10
2
13
13
3
19
12
15
3
25
8
1
63
23
14
25
2
3
2
2
33
1
11
288
2
1
4
2
1
1
10
7
1
15
2
10
21
3
3
5
28
25
28
26
6
5
5
39
6
10
4
2
16
1
59
4
82
5
1
8
1
13
83
1
13
22
3
2
25
23
18
20
28
1
10
39
5
1
18
6
1
6
6
2
7
3
4
12
3
5
24
1
4
7
3
3
38
8
7
211
1
23
6
2
51
4
9
12
17
1
6
3
16
5
1
9
1
4
10
2
3
17
43
15
12
2
42
12
9
5
2
29
174
16
5
4
18
19
18
20
9
6
30
11
7
1
9
2
18
4
4
3
1
3
2
3
11
11
70
2
12
2
5
2
6
54
22
2
18
5
285
21
5
17
8
2
1
8
1
4
13
9
12
6
5
5
11
1
24
4
5
2
2
8
3
4
2
3
3
5
12
3
48
1
8
6
3
9
1
78
6
25
46
10
17
33
1
30
1
2
1
2
7
1
4
15
4
6
2
8
2
1
24
13
20
14
16
11
1
17
22
4
24
7
1
226
1
9
7
1
2
19
37
2
5
2
3
17
1
9
9
1
36
8
4
9
10
9
226
12
14
6
8
7
2
3
2
3
9
6
138
7
3
26
13
2
63
56
1
2
16
17
5
2
30
4
8
1
3
13
12
2
10
4
6
2
48
167
11
5
5
1
8
25
1
8
63
14
3
47
16
9
1
2
4
5
3
2
17
4
1
2
4
5
5
2
10
15
2
11
4
1
2
2
4
17
25
12
1
16
24
14
21
2
3
23
8
7
6
1
4
5
2
36
34
39
30
2
2
6
5
2
2
6
115
5
20
23
8
15
19
9
2
71
20
5
50
15
5
216
24
6
1
26
21
6
1
4
24
15
11
65
3
4
4
1
24
1
2
5
58
68
3
8
10
9
16
61
5
7
1
46
2
2
13
8
2
28
1
4
2
2
33
1
36
16
12
6
1
7
16
14
2
4
10
1
50
29
17
5
5
24
13
288
32
4
1
10
8
9
14
1
11
27
29
17
2
49
42
2
9
4
5
19
15
9
3
121
13
32
36
34
59
54
115
20
3
40
40
45
17
6
8
3
60
54
15
1
5
