5
2
4
31
9
1
2
9
1
1
5
4
17
1
3
1
3
6
2
1
11
13
4
2
1
1
4
1
3
5
3
1
3
9
1
3
2
3
13
3
6
1
1
1
1
7
9
10
1
3
11
4
18
9
1
2
2
1
6
1
2
1
1
10
4
1
1
15
7
7
2
26
5
3
1
1
1
1
4
3
2
1
4
1
6
1
6
4
13
20
30
1
2
3
2
1
18
1
3
1
9
6
1
2
2
2
12
1
3
1
4
7
1
5
12
6
3
1
6
2
14
2
5
3
2
9
1
6
1
1
4
35
7
11
1
4
15
4
4
2
1
2
12
1
4
1
1
2
4
1
3
2
1
4
2
3
3
3
4
4
3
1
1
5
2
4
3
9
2
3
1
1
12
6
4
32
6
3
8
9
1
4
2
2
2
2
12
20
2
1
1
40
7
5
1
2
10
6
1
2
2
1
5
1
3
2
2
1
1
4
3
4
13
19
1
2
2
20
1
1
2
2
3
2
4
12
3
10
45
2
1
10
2
19
1
4
1
6
2
15
4
3
2
6
7
3
1
68
2
3
6
1
2
2
1
7
52
1
5
3
1
1
3
3
2
3
2
6
1
6
1
2
3
9
3
2
2
3
4
5
1
1
1
3
6
1
8
1
22
1
6
3
3
3
2
13
2
1
3
4
21
1
1
1
1
4
1
11
9
17
2
22
3
15
2
1
6
1
2
2
3
5
1
3
2
20
2
3
1
1
2
9
6
4
1
1
4
2
1
3
6
4
2
2
1
4
3
8
12
8
1
2
1
1
2
7
9
20
1
11
3
2
1
11
8
3
17
2
1
7
2
8
5
2
2
6
4
3
4
10
1
2
99
5
1
2
1
1
2
4
2
9
1
1
1
5
7
3
1
5
2
1
7
1
4
3
20
4
13
8
4
33
5
2
1
5
10
4
11
15
2
3
4
3
2
2
2
4
5
5
2
10
4
2
7
2
3
14
10
2
17
10
21
2
3
3
1
3
1
4
8
5
6
9
2
2
8
2
11
3
4
18
2
3
28
1
2
1
3
2
1
1
1
1
2
7
4
3
1
4
1
1
9
1
1
1
1
20
1
1
5
4
8
1
20
13
3
17
1
4
1
13
4
3
5
8
2
2
6
1
3
5
2
9
14
2
1
2
1
4
1
1
3
3
3
4
2
1
1
2
10
1
2
1
1
1
17
1
1
2
6
4
8
3
3
3
5
9
4
35
3
4
1
1
4
6
5
7
4
10
1
1
2
13
3
6
1
4
6
4
97
13
2
56
4
1
7
9
2
2
2
2
1
2
3
10
3
5
15
2
5
1
6
1
1
2
4
11
9
5
1
3
1
18
1
12
2
3
1
2
23
1
4
3
2
3
1
3
3
4
5
3
3
4
3
2
3
1
3
2
5
8
1
2
1
4
6
3
3
2
1
1
11
13
12
1
1
9
1
1
8
4
1
1
5
1
5
3
11
2
3
1
7
1
5
1
1
2
4
7
15
2
1
10
10
4
8
15
15
1
5
2
11
2
2
1
3
10
3
3
2
5
2
4
6
7
7
5
7
13
8
9
1
16
31
1
2
3
3
21
26
2
1
1
22
15
3
2
5
13
9
2
4
2
1
8
2
3
1
2
3
5
2
11
2
1
2
6
3
5
1
9
4
2
1
2
1
1
1
2
6
5
11
1
3
1
21
2
9
5
2
20
2
1
5
4
1
3
8
1
1
1
3
4
1
2
2
6
1
3
2
1
20
8
7
2
2
1
1
2
1
2
81
6
2
1
16
4
14
40
22
10
3
3
4
3
4
5
2
1
2
6
1
5
1
5
9
1
11
6
1
3
2
5
3
2
36
2
1
2
6
3
2
6
75
3
4
1
6
3
9
2
1
1
3
1
2
11
4
2
12
2
3
1
1
2
3
4
25
2
2
3
3
4
5
39
4
10
3
2
4
13
3
3
1
1
5
3
2
5
1
2
79
38
4
5
1
1
1
2
2
3
4
1
1
2
3
1
10
2
5
47
23
2
1
6
1
6
3
8
2
7
6
4
2
6
1
1
4
47
1
34
3
2
1
3
16
3
3
2
4
1
4
1
3
2
6
21
1
4
2
1
2
1
4
2
18
4
4
5
1
2
1
2
4
2
3
8
1
1
1
1
1
10
5
1
1
7
2
3
2
2
2
3
10
1
1
1
9
9
3
6
1
1
1
5
6
6
3
2
3
2
4
1
6
1
18
1
3
8
7
8
7
3
5
5
17
1
2
4
1
2
7
1
2
1
3
3
3
1
1
1
3
1
4
1
2
2
1
1
6
5
1
1
5
1
1
2
2
2
2
3
5
3
11
2
1
3
4
1
4
3
5
5
5
1
1
2
23
1
1
9
4
4
1
1
3
1
4
5
5
19
2
1
1
1
1
2
6
4
1
3
1
2
7
2
1
2
6
1
12
2
1
2
5
5
5
1
6
5
2
2
2
7
7
2
6
1
4
2
7
3
25
2
1
21
3
2
3
6
4
4
3
5
14
2
2
6
3
1
4
4
4
8
1
9
2
2
1
2
18
1
3
1
1
3
13
8
2
41
1
6
12
1
1
3
1
1
1
4
2
4
3
5
13
1
1
5
4
8
5
3
25
1
1
1
4
3
1
2
1
4
5
5
2
4
1
1
1
2
5
3
3
8
1
3
2
8
14
2
5
1
3
1
3
2
5
1
2
1
1
3
2
1
3
1
3
16
4
4
4
1
1
2
2
10
4
18
2
3
5
3
2
7
2
1
7
10
2
1
6
1
1
5
2
23
5
2
5
2
2
6
2
16
2
2
8
2
2
1
1
1
1
2
1
4
5
2
3
2
7
8
4
2
13
9
2
8
6
3
1
9
4
1
2
1
1
31
13
1
2
4
8
1
4
6
1
2
6
1
1
4
3
6
2
10
2
1
1
1
2
1
4
6
3
4
2
6
1
2
1
1
3
10
2
7
4
7
3
12
5
10
4
8
1
4
1
2
1
3
3
6
14
8
1
4
3
12
3
1
2
3
10
5
10
7
2
14
4
3
3
5
4
1
2
8
1
2
17
1
4
1
1
3
4
2
1
1
8
5
1
1
1
1
1
2
7
2
7
23
1
27
2
1
2
1
6
1
1
6
1
7
2
3
3
6
1
2
1
9
1
5
2
3
2
3
14
12
11
1
2
1
2
3
2
2
15
17
5
5
5
1
22
2
2
15
1
7
2
5
2
7
2
1
4
3
1
3
4
5
16
10
1
7
1
12
1
3
1
1
1
1
2
1
4
3
3
2
3
8
7
10
1
1
9
20
1
2
19
3
6
3
2
1
8
8
1
2
2
19
2
7
14
8
2
2
1
23
3
4
24
4
7
13
23
5
1
6
2
1
1
6
19
3
10
2
1
2
3
6
5
25
5
1
1
4
6
2
7
5
1
3
1
1
3
6
2
13
1
1
31
2
1
45
6
8
3
2
4
8
8
2
2
13
1
3
2
4
8
3
9
2
10
3
2
2
3
2
1
3
13
6
42
2
2
6
