124
15
6
16
15
15
4
7
40
1
1
1
14
2
3
45
51
2
5
1
1
43
1
1
31
2
3
4
42
50
2
4
23
2
5
1
4
81
11
61
16
8
2
8
3
3
1
2
23
1
4
4
5
4
1
2
15
8
129
4
5
4
1
2
4
2
6
10
1
1
26
11
1
3
4
4
19
2
33
1
1
7
38
1
20
1
66
2
2
7
39
22
1
1
37
17
5
2
5
3
11
2
14
1
1
31
3
4
43
2
34
10
1
4
1
9
1
2
21
12
2
2
2
1
3
4
93
1
7
11
1
56
1
4
1
2
49
1
1
42
3
10
1
8
3
2
2
14
37
2
2
2
6
2
2
2
11
1
2
3
1
3
3
2
1
29
1
15
1
6
2
9
2
54
15
1
7
12
2
4
2
1
1
1
5
5
22
1
1
2
2
2
1
3
4
14
55
5
45
1
2
13
3
2
16
24
6
1
3
23
42
4
4
2
3
3
3
7
3
68
3
2
9
88
8
10
17
1
5
6
45
1
6
8
3
3
1
4
25
1
17
5
8
2
1
2
2
4
8
2
2
5
5
2
6
3
8
3
1
5
4
13
3
35
9
6
1
1
2
7
2
1
3
3
2
7
7
10
1
3
2
1
3
4
13
1
2
16
3
4
12
39
14
1
2
2
2
10
11
26
8
1
2
15
9
1
8
4
2
7
2
2
1
1
1
10
11
2
3
3
81
8
1
1
7
3
2
2
7
2
28
4
65
5
2
1
5
5
2
4
3
2
18
6
4
33
12
1
5
30
1
1
7
6
1
3
2
25
8
4
4
12
2
8
3
4
2
2
8
7
7
6
3
3
8
3
1
3
2
9
2
4
10
2
2
71
16
3
5
8
4
4
10
6
3
9
3
1
1
1
5
2
2
1
5
15
2
4
1
3
4
12
2
8
7
8
3
2
2
13
3
11
5
14
4
1
4
7
5
6
1
2
2
11
1
4
20
7
1
3
8
1
8
15
14
8
4
78
19
4
2
37
1
1
20
1
10
2
5
8
4
1
74
1
42
14
8
3
11
2
7
2
3
8
2
2
10
32
7
10
4
1
3
1
17
1
4
5
1
2
2
2
36
14
7
11
10
2
42
2
13
13
7
12
38
75
2
15
28
14
4
29
16
43
23
14
1
1
1
5
3
2
6
5
7
1
11
38
1
29
16
6
2
6
46
3
6
2
3
11
18
8
10
3
24
7
13
10
1
2
50
10
2
1
2
2
46
2
9
10
2
69
10
1
1
73
5
2
1
4
2
71
2
17
38
2
6
5
18
3
60
20
6
3
8
15
45
18
4
24
70
5
3
53
33
1
1
9
38
1
3
7
4
3
2
58
56
45
1
4
2
18
40
2
72
3
3
2
12
3
21
1
3
29
18
9
5
9
18
4
1
41
10
2
9
9
5
5
8
57
1
6
11
2
7
57
1
5
52
25
1
2
25
8
10
4
31
54
1
1
2
12
2
53
15
52
16
17
1
1
4
15
10
6
24
36
24
14
11
5
3
2
3
34
26
19
63
2
1
8
10
1
12
7
23
22
2
2
2
65
