19
5
1
1
2
3
8
5
2
7
8
5
4
3
1
9
2
15
22
2
2
4
4
2
2
4
5
1
1
11
29
1
3
6
1
9
3
4
5
9
1
10
9
10
4
5
14
1
1
1
3
3
6
8
2
7
3
5
17
25
16
18
3
3
2
1
11
76
1
1
1
7
5
3
9
2
2
2
9
2
1
8
5
1
1
2
2
2
7
1
2
1
6
6
16
2
3
8
2
1
1
3
2
14
28
2
1
4
22
3
2
4
3
1
2
5
3
2
1
1
2
43
3
4
6
2
1
2
2
9
2
1
2
1
25
1
3
1
4
17
2
2
30
18
18
1
10
5
10
1
6
3
6
5
2
4
5
2
3
4
7
5
2
3
10
7
4
1
1
2
7
5
4
2
17
1
13
1
3
4
1
1
8
2
3
4
1
1
8
1
1
1
1
8
2
2
10
5
9
3
2
14
2
22
18
1
3
1
1
2
1
1
3
87
10
10
1
6
10
1
1
6
1
4
1
20
1
2
6
2
3
2
1
3
3
3
5
1
21
32
2
1
1
2
7
2
6
2
22
6
3
4
25
3
3
1
6
1
5
4
2
2
1
1
6
11
1
2
3
2
1
26
10
3
1
10
4
1
1
2
5
2
3
4
1
9
1
3
14
7
1
6
12
4
1
10
1
2
50
12
5
1
6
2
3
2
2
6
29
7
28
1
18
4
2
2
2
2
1
5
4
1
1
29
2
39
1
1
3
3
7
1
3
3
1
8
17
11
3
3
1
1
4
6
1
7
14
2
13
1
12
17
20
1
1
5
1
2
3
6
3
2
15
1
5
10
1
1
2
2
18
23
1
12
1
25
4
21
8
4
14
45
2
3
1
1
1
2
19
1
2
3
12
2
1
1
3
10
2
7
1
5
19
8
8
3
1
32
10
5
9
2
4
7
3
14
2
1
14
21
15
6
1
3
2
1
4
3
8
14
2
7
9
3
1
10
1
17
3
1
4
12
4
1
6
2
16
3
5
4
1
2
1
15
2
4
2
2
3
2
8
4
2
3
5
14
3
4
2
3
1
5
1
1
3
5
2
1
36
37
1
4
1
34
4
2
3
2
11
2
6
2
6
7
16
3
3
1
2
2
1
1
6
10
1
15
3
3
2
6
6
4
13
17
3
1
9
1
8
11
1
5
1
11
2
2
1
2
1
2
4
6
2
1
2
4
3
8
2
14
4
5
2
1
3
2
1
1
1
12
3
4
15
3
34
5
2
1
10
7
26
4
6
3
2
2
2
2
7
5
12
1
1
1
2
1
3
5
1
3
4
3
2
