311
1898
30
2
46
216
2040
4
3236
620
2
2
1224
1330
30
50
30
460
533
2449
1076
735
957
3853
11
76
1399
2742
1734
919
1127
1316
652
1671
1131
78
922
9
106
1016
839
1212
6
918
15
2924
113
9
1447
1290
120
12
2685
1310
18
303
1237
56
18
29
168
1652
45
392
91
624
20
252
1214
69
401
236
20
77
1020
140
1009
34
113
240
194
1458
3
637
285
112
25
133
202
5
1115
487
642
2420
62
2
3057
764
73
25
49
160
101
12
5
4
167
3
1620
1573
34
69
152
1523
1406
1336
1088
349
5
14
80
9
3297
358
11
1192
295
191
1617
586
6
9
318
2
18
285
150
1171
1
17
4
250
1361
144
897
1554
1248
85
1
1511
1038
10
2978
1069
80
25
1600
211
4188
4
12
14
22
1526
1461
1
9
455
1284
157
2
3878
7
3549
863
1416
738
27
7
2047
3
2
67
404
169
355
48
237
790
57
422
11
4
128
380
37
2088
553
79
1
17
1
2451
27
2
40
1608
74
86
71
264
297
747
2933
1
1618
202
730
29
162
10
106
315
459
1419
24
514
3497
13
4
1
68
32
120
2630
4037
3
51
82
993
1635
388
722
854
12
1920
14
2040
58
3
3161
1495
821
126
7
977
168
2980
248
3
12
2407
21
1508
81
10
1097
4128
