4
3
1
2
15
8
5
1
3
8
1
1
18
22
1
2
31
1
34
1
6
3
18
3
1
2
24
6
3
9
1
3
2
2
2
1
86
2
2
2
4
1
1
1
1
2
2
8
8
1
23
2
1
1
2
6
5
5
14
2
4
1
51
2
7
1
1
2
37
8
9
3
2
2
2
1
3
2
2
1
1
18
41
5
15
2
11
1
4
1
1
8
8
2
2
25
7
1
2
18
16
3
2
1
33
2
5
5
1
3
9
5
1
2
14
2
32
1
11
6
6
4
19
1
2
6
3
9
2
3
4
17
3
2
4
6
1
2
3
1
2
8
19
1
25
2
12
1
2
87
2
1
1
1
2
16
4
31
5
2
2
12
22
4
1
2
20
23
15
2
1
11
3
3
2
14
2
3
3
4
19
6
7
1
2
1
2
1
5
3
3
2
1
1
28
2
3
2
2
2
1
1
4
21
1
4
1
1
4
1
1
1
4
2
4
29
39
10
12
4
4
31
1
3
16
4
1
3
1
2
8
2
1
9
2
14
1
6
7
5
4
2
1
3
2
2
5
4
2
9
17
1
4
2
5
1
2
5
4
2
2
2
2
9
1
2
2
3
2
1
30
2
2
2
24
1
2
3
8
12
2
8
1
5
2
9
7
2
1
48
1
49
2
1
48
2
6
6
1
2
3
1
4
2
8
2
5
2
1
5
11
9
3
1
1
3
12
5
7
1
12
4
1
2
5
4
1
4
2
7
6
1
2
5
2
6
2
2
4
23
1
13
6
1
10
3
3
4
3
1
3
6
3
3
1
2
6
2
2
3
2
1
6
3
16
2
1
4
1
1
1
6
2
1
1
3
3
1
1
6
2
1
3
2
7
2
3
10
1
5
3
4
5
7
5
11
2
2
2
1
5
1
5
4
12
3
5
3
5
1
9
1
10
8
2
4
2
1
6
30
6
4
4
7
2
1
3
18
12
1
1
7
5
13
9
4
2
2
1
10
8
6
2
4
9
4
33
9
2
2
1
5
4
2
1
3
7
4
15
3
4
3
27
3
8
1
2
2
1
26
13
1
2
7
8
7
15
6
1
6
3
15
8
2
2
3
4
1
1
8
10
22
2
12
1
5
2
4
2
8
5
1
12
3
4
32
4
2
5
14
4
1
3
1
2
13
2
6
3
1
4
2
9
8
3
1
7
7
17
2
2
2
4
1
2
15
19
4
2
11
18
4
32
2
5
2
3
11
4
1
8
34
8
3
4
1
7
4
8
4
11
2
5
10
9
18
3
2
2
5
7
25
10
4
8
10
7
5
7
2
2
34
26
1
6
1
4
16
2
6
27
1
4
12
11
3
16
3
3
4
16
1
15
3
15
3
4
8
4
6
5
30
3
1
26
3
5
5
1
10
4
2
11
8
20
1
1
25
4
1
6
4
1
9
3
2
4
30
1
6
