1
4
9
1
6
1
7
2
5
3
1
1
1
2
1
15
1
5
3
1
3
1
2
2
3
1
42
2
1
13
8
4
1
29
2
1
1
5
2
10
1
9
2
2
13
4
1
2
3
5
4
3
2
2
1
16
1
2
1
2
4
1
6
1
18
4
5
1
18
5
8
2
2
1
19
4
8
1
1
11
3
1
1
5
1
1
11
1
1
10
1
1
1
5
1
1
1
18
4
2
3
4
2
3
4
13
1
1
1
8
3
1
1
4
18
3
1
3
1
2
8
23
1
1
6
2
2
1
7
6
1
12
1
4
3
4
5
5
2
2
1
1
5
15
1
4
3
9
1
26
1
2
2
4
1
2
2
7
1
6
1
1
2
1
1
6
2
1
6
19
1
2
2
1
1
2
1
1
2
1
5
11
3
4
3
8
2
3
1
8
8
8
6
9
1
11
22
1
2
9
3
6
1
6
3
3
7
18
10
1
2
6
2
3
6
8
3
3
7
3
1
4
5
1
1
2
3
1
2
1
6
4
2
23
8
4
1
2
2
3
2
3
1
1
4
11
3
2
3
4
1
1
1
15
1
2
1
2
2
2
5
9
7
3
1
11
1
1
1
15
2
3
14
24
2
4
12
1
2
3
8
3
1
10
1
2
4
3
1
8
4
2
4
3
4
1
3
2
2
3
1
3
1
2
14
3
3
1
5
2
2
1
4
4
1
14
4
17
4
6
2
2
15
5
6
6
1
1
14
2
1
21
1
3
11
3
3
4
1
1
13
4
12
6
3
1
1
1
1
1
7
5
6
11
3
1
6
5
1
11
2
1
6
1
8
13
2
2
2
34
2
1
1
2
1
8
1
1
2
26
2
2
2
1
3
1
1
2
4
4
1
13
7
2
3
2
1
3
8
25
2
2
4
3
2
4
2
10
10
1
1
8
20
14
7
1
2
1
1
4
2
1
2
11
1
2
4
2
9
3
3
1
4
3
5
5
3
1
1
8
7
16
3
3
8
2
2
14
6
6
1
1
1
2
4
3
2
10
1
7
1
1
1
2
1
2
8
2
2
1
3
1
2
4
1
2
1
7
2
5
2
1
5
3
10
1
1
1
5
4
2
2
2
7
1
6
38
4
7
1
2
9
1
1
1
6
2
9
7
1
1
2
5
1
1
7
1
1
8
2
3
2
1
9
2
13
1
16
3
19
2
17
2
1
9
1
5
2
2
8
3
6
1
1
1
12
6
3
9
5
7
1
1
2
1
3
3
9
8
5
4
1
2
2
1
1
3
1
1
5
2
17
4
5
4
19
1
1
3
6
8
9
2
1
4
4
10
1
12
3
3
2
5
1
1
1
1
4
12
2
8
3
2
2
4
3
1
17
1
4
1
2
1
4
1
20
1
1
3
2
4
3
2
16
1
2
1
24
3
4
1
3
2
8
3
6
5
5
3
12
1
1
4
1
2
2
2
28
1
6
1
3
6
13
6
7
3
1
1
12
8
1
2
5
1
3
5
9
5
1
3
6
4
3
7
10
3
3
4
10
7
1
7
2
6
1
18
1
6
2
8
7
3
6
4
5
3
5
5
1
7
2
1
2
11
2
1
2
3
9
1
2
4
1
6
16
1
1
10
1
2
13
8
1
1
5
62
1
1
1
4
2
2
10
1
9
1
1
7
3
8
1
5
3
2
4
2
1
6
2
4
3
2
1
3
15
2
1
2
21
13
1
6
2
4
1
33
2
16
1
2
3
2
7
2
1
7
15
4
7
2
3
11
2
3
2
3
3
10
3
2
1
1
2
6
4
1
10
4
2
2
1
12
2
2
2
4
1
6
1
1
1
1
7
4
3
1
3
5
11
3
12
1
1
1
7
1
1
5
1
21
14
2
2
2
1
1
2
3
2
2
2
1
2
2
1
3
7
1
3
2
11
1
3
1
2
7
3
1
1
5
1
2
1
1
2
4
2
2
1
1
2
4
3
1
1
3
12
1
2
1
1
3
1
2
6
2
3
2
3
1
11
1
2
2
1
2
6
8
6
1
1
1
3
2
1
3
1
3
8
2
4
2
5
1
1
7
1
5
8
2
2
1
3
6
5
1
2
4
12
2
2
3
1
4
7
4
5
2
1
1
2
5
1
10
1
1
10
5
7
2
4
1
7
1
3
1
2
1
1
4
4
5
1
14
1
1
19
3
6
4
2
2
1
14
1
10
1
4
2
3
1
2
2
10
35
1
3
1
1
1
2
3
1
2
15
10
3
2
1
13
5
4
11
4
2
2
2
2
2
2
1
9
2
2
1
6
2
2
7
1
2
2
3
5
2
14
4
1
2
2
2
5
19
5
2
8
1
1
1
2
2
8
2
3
2
2
6
33
1
9
1
1
1
2
7
16
3
1
4
4
2
1
8
2
2
3
3
2
1
4
2
2
1
1
1
1
1
2
2
2
14
1
4
3
4
7
2
14
2
1
1
2
1
1
1
1
2
1
3
2
27
2
1
6
1
6
3
4
2
3
2
7
6
4
1
3
2
1
15
1
2
3
10
61
1
9
2
7
13
7
1
1
9
2
3
2
8
6
2
2
3
1
3
1
5
4
4
4
4
10
1
1
1
3
3
6
1
1
1
1
1
7
2
2
6
4
2
2
10
3
1
1
1
7
7
2
4
2
12
12
17
1
2
2
2
1
3
1
15
2
5
2
2
9
2
1
5
1
7
1
1
1
5
4
1
2
2
7
1
1
6
1
4
1
5
1
9
15
3
1
13
1
60
2
1
23
1
2
1
9
2
2
1
3
2
1
3
5
23
3
3
46
2
2
4
2
1
1
2
1
1
1
9
2
1
4
1
6
1
12
5
2
11
7
7
10
1
3
3
2
1
1
1
2
1
1
1
11
1
2
3
2
3
3
10
2
2
9
2
3
1
2
1
1
2
6
4
6
2
4
7
3
3
1
49
2
2
2
4
2
7
12
1
1
2
1
4
2
14
7
8
2
2
3
2
1
3
14
22
3
1
6
1
4
3
12
2
3
3
1
5
3
5
1
6
2
4
2
2
6
4
1
3
8
1
2
2
2
18
2
2
11
5
2
2
18
2
1
1
1
3
2
1
11
1
2
8
3
2
3
8
1
2
1
1
2
1
4
3
4
23
2
2
1
2
3
1
6
2
2
11
2
1
14
15
2
2
1
2
3
17
1
1
12
14
6
2
1
1
2
14
1
4
1
1
1
2
2
1
2
4
2
8
1
3
8
15
2
2
13
1
2
1
27
1
4
12
4
6
3
26
2
1
4
2
2
28
1
4
1
1
11
2
4
16
7
1
2
4
13
1
6
3
1
1
1
2
2
1
3
1
2
1
1
23
3
20
11
2
2
4
2
1
5
4
2
8
4
1
1
7
9
3
1
1
12
3
1
3
3
3
3
2
5
1
1
17
1
1
11
2
3
2
2
1
2
6
4
3
1
4
1
12
3
4
2
1
4
5
1
2
1
1
1
5
10
7
1
3
2
3
2
4
1
6
43
2
5
6
3
3
10
9
2
4
1
1
1
1
1
2
1
6
2
3
1
2
1
1
1
7
1
3
3
1
4
9
2
4
5
1
2
20
3
2
21
2
1
1
1
1
2
6
1
5
3
1
5
2
6
2
2
11
11
23
6
1
1
7
1
7
2
1
1
4
10
9
2
4
2
15
13
1
20
2
5
1
2
2
1
3
1
2
3
1
3
2
1
1
4
1
1
1
1
7
2
1
1
1
3
5
2
6
1
1
4
2
2
22
1
1
1
8
1
1
8
29
1
5
5
4
8
7
13
2
1
6
2
3
1
3
9
3
3
4
2
3
4
2
3
1
1
4
1
6
2
3
2
1
1
7
4
6
3
1
5
2
1
7
18
2
9
2
1
2
10
2
4
9
25
1
1
4
1
11
1
4
1
3
3
2
4
2
3
6
3
14
1
2
8
1
4
1
3
4
3
5
9
2
1
2
5
9
2
13
4
2
5
1
4
5
3
3
2
6
1
2
2
3
1
2
22
5
7
8
2
1
11
3
1
3
6
3
11
2
5
2
1
2
5
5
5
4
5
8
5
1
14
2
2
3
6
3
3
3
1
2
10
8
7
4
9
2
6
8
6
3
4
1
2
16
1
16
1
13
1
5
28
2
2
3
1
2
2
3
1
4
3
3
2
4
1
3
4
2
5
2
5
5
6
2
1
12
1
9
2
2
1
1
5
8
4
7
1
3
11
14
1
5
1
1
1
7
2
1
6
2
3
4
1
3
2
13
2
1
1
1
3
2
2
10
6
5
7
9
2
15
2
5
55
1
2
2
15
8
2
17
1
1
18
1
5
19
6
1
1
3
1
1
1
6
4
2
8
22
2
6
1
2
1
5
2
13
9
3
2
10
1
1
2
1
2
2
3
11
6
1
8
3
1
3
3
1
2
1
2
1
4
5
6
6
6
14
3
1
2
12
3
2
1
1
3
1
1
1
1
1
1
2
1
1
6
8
2
1
2
6
1
10
3
4
3
2
7
7
5
5
1
1
44
1
2
3
1
4
6
2
3
1
1
1
3
18
5
2
1
2
2
1
2
