12
35
11
199
12
10
2
1
3
1
3
190
101
2
1
31
10
14
17
24
16
16
2
11
3
2
20
4
13
1
46
15
9
15
30
6
17
35
1
6
20
27
3
25
13
1
1
29
6
43
6
2
5
14
28
4
67
205
27
6
36
2
12
44
24
3
24
112
1
2
213
43
4
76
10
31
4
15
11
26
29
6
39
6
8
334
15
9
13
314
23
14
13
3
25
3
1
24
197
4
47
1
9
50
45
1
1
74
4
3
1
1
347
2
7
103
100
36
9
15
6
16
38
6
14
1
26
2
38
40
1
206
6
5
11
166
39
11
2
4
1
12
39
3
29
1
2
128
1
19
13
198
8
44
10
28
24
1
4
19
1
16
80
1
48
1
18
17
6
1
132
6
2
8
14
1
7
2
96
119
2
19
34
3
4
13
2
79
10
62
20
3
10
1
8
4
177
27
2
72
16
4
30
2
3
40
6
2
29
29
17
11
12
62
1
44
76
5
2
12
22
1
2
5
36
5
23
20
3
152
61
1
62
3
4
3
26
19
1
7
49
1
1
100
4
214
93
4
148
2
26
17
1
40
33
9
103
11
1
9
3
36
11
8
30
8
2
1
2
64
11
19
1
74
72
1
11
4
8
8
128
30
34
16
13
1
4
5
6
37
2
52
46
1
7
6
9
64
38
27
21
1
1
3
18
3
2
6
3
2
14
7
255
35
217
1
3
2
6
83
1
1
2
17
2
1
2
3
29
16
4
234
62
7
1
30
3
19
303
5
33
1
1
10
7
7
5
8
16
26
72
1
13
2
10
37
31
2
4
14
5
3
36
1
47
1
24
2
8
6
1
6
7
5
48
3
4
174
27
31
30
2
11
5
63
141
3
36
8
4
27
5
6
2
1
1
60
2
156
14
31
12
2
1
68
7
50
2
3
127
3
46
77
48
158
4
3
2
11
3
24
35
1
1
23
12
60
2
18
14
24
3
51
10
100
51
353
22
29
30
25
2
45
32
2
34
83
3
5
19
134
127
1
35
44
8
100
40
86
8
10
30
1
6
24
11
53
4
20
15
9
326
7
1
1
4
1
1
3
1
4
219
2
5
23
70
26
10
1
12
35
67
16
22
35
20
116
27
2
12
59
1
105
17
2
42
11
22
2
11
23
5
14
12
61
3
6
14
1
3
29
17
171
1
1
155
5
16
38
33
51
13
3
36
182
1
261
2
3
24
3
31
2
1
17
2
23
24
14
18
4
1
3
77
46
65
5
29
4
167
39
20
1
3
2
30
15
4
5
108
10
11
90
3
2
1
38
25
18
7
1
1
34
2
30
4
2
3
2
135
214
97
43
130
21
66
39
15
70
1
9
144
4
212
4
3
72
1
89
2
98
43
10
5
2
30
2
2
4
72
4
21
14
24
4
22
25
6
11
1
4
26
163
7
8
4
8
4
27
18
12
17
2
2
3
31
35
80
23
1
9
6
3
6
16
43
234
1
6
80
48
7
14
108
1
28
151
29
18
12
160
1
1
2
60
1
2
85
61
4
175
5
3
51
3
3
78
13
10
1
29
19
42
35
23
3
11
1
9
4
5
16
12
4
152
2
2
18
12
12
1
290
30
3
7
57
1
17
2
16
6
6
8
2
106
6
52
4
40
1
12
4
1
67
4
5
2
14
2
2
1
5
8
10
2
48
8
27
3
13
2
54
1
5
5
85
1
44
2
14
64
1
48
7
1
6
33
6
11
6
2
3
2
167
1
5
1
10
9
8
10
4
1
13
1
140
17
7
1
3
7
3
17
7
1
59
9
13
74
3
2
8
6
4
1
1
47
1
5
35
223
2
168
53
9
6
3
17
1
41
2
5
11
29
1
1
14
2
1
2
108
4
100
190
15
2
17
34
2
11
14
46
20
161
1
16
1
12
8
2
1
2
25
4
2
2
4
4
20
43
31
6
1
2
5
13
32
77
1
9
22
22
88
5
40
13
12
3
8
13
69
13
65
2
12
7
2
50
16
8
10
22
1
20
133
34
3
1
7
33
21
5
7
57
47
3
20
1
136
6
1
34
4
25
1
2
17
161
254
4
74
176
2
25
1
16
6
279
174
1
46
4
71
1
7
2
32
20
5
23
8
7
77
9
2
27
5
1
15
4
4
3
25
109
14
153
7
51
7
27
274
2
35
181
2
12
2
24
28
19
65
14
18
13
2
74
48
129
241
4
11
10
24
40
25
17
176
8
7
4
184
1
5
2
5
2
5
2
10
1
19
9
1
10
7
39
19
1
69
2
120
45
45
14
3
47
17
5
45
2
2
3
26
1
5
3
6
265
29
8
1
2
4
127
7
62
11
8
31
1
13
10
21
259
122
47
53
17
51
8
46
1
17
15
29
17
1
321
160
188
155
5
37
191
6
11
1
14
12
7
71
1
47
9
188
2
42
1
7
1
2
1
131
15
4
7
27
9
45
4
14
156
24
10
27
1
6
3
2
3
21
52
1
12
2
3
1
2
3
128
1
2
2
1
3
74
2
38
5
20
6
1
9
3
14
1
13
6
27
57
8
2
9
19
18
94
2
3
16
9
4
23
191
25
1
1
26
1
4
3
46
20
145
53
4
37
3
4
30
30
45
4
20
6
272
6
1
207
5
2
2
1
102
11
320
60
105
2
1
195
20
32
5
3
4
3
11
51
2
6
209
2
16
31
26
4
4
2
15
2
129
6
21
11
2
1
8
78
13
40
1
1
11
7
14
1
17
15
15
8
77
15
2
13
17
1
6
1
80
28
44
14
2
6
2
1
1
39
4
2
48
6
308
22
20
64
18
1
6
37
2
65
1
12
1
3
33
2
15
10
4
1
3
70
3
1
23
62
1
214
89
6
10
12
28
277
20
5
124
2
15
34
1
5
35
6
153
109
2
4
3
9
7
7
41
73
29
18
26
20
21
65
2
68
2
30
40
16
35
83
52
41
2
2
25
4
9
134
8
91
17
120
11
6
13
1
5
3
48
6
8
271
2
8
15
54
59
34
24
1
5
16
1
12
85
226
85
60
5
11
11
129
15
1
13
12
3
3
3
1
5
4
5
5
1
1
13
16
15
1
66
103
15
17
5
1
14
277
9
8
145
24
93
2
3
6
2
1
3
7
42
1
12
9
213
3
2
2
3
2
142
6
3
6
18
5
2
12
3
3
6
7
2
22
21
4
3
114
4
2
2
2
5
7
13
89
5
34
64
16
1
3
50
11
6
2
9
192
9
2
13
2
2
3
14
11
40
2
19
2
18
1
2
19
4
2
2
2
36
146
13
6
25
2
8
17
8
3
48
16
30
3
1
32
176
12
28
6
3
15
1
8
2
1
5
9
1
140
16
2
33
5
108
92
5
1
35
18
4
27
7
1
13
75
1
27
28
8
9
3
3
1
20
17
2
8
19
40
245
2
112
11
2
1
25
6
26
8
66
2
13
107
5
4
4
4
2
27
2
19
17
6
1
15
21
15
19
2
4
17
1
81
24
1
15
34
2
127
3
4
1
1
24
16
33
111
1
4
25
5
334
2
41
8
16
8
13
4
22
11
15
5
2
16
98
293
81
354
45
2
19
17
8
22
8
12
5
6
1
184
6
2
24
28
12
2
3
167
1
197
5
281
21
1
3
2
32
67
1
332
33
5
2
44
3
11
13
226
65
6
2
18
2
16
25
8
170
2
3
147
9
9
5
27
2
95
30
1
10
253
10
8
26
1
16
4
8
37
49
72
2
5
15
26
189
1
11
2
29
7
41
4
5
2
56
10
8
7
23
1
6
2
113
37
24
153
40
5
7
21
2
9
83
11
11
5
22
1
91
9
4
119
1
297
4
2
5
20
33
61
117
306
2
21
6
3
3
26
68
5
6
20
12
2
1
250
6
3
11
8
150
4
1
5
33
3
1
39
45
16
2
94
18
11
151
120
178
3
8
24
27
58
18
327
58
22
119
42
28
2
4
1
50
92
11
3
8
19
39
358
1
82
1
69
5
16
13
51
3
8
2
2
1
44
12
9
271
16
5
2
3
39
280
1
4
2
336
6
1
1
6
235
1
1
19
1
16
74
9
16
364
11
5
2
3
2
36
44
3
1
4
30
68
59
4
27
19
4
3
96
1
1
18
22
4
9
2
3
3
46
5
28
13
5
8
26
59
21
41
15
10
16
4
6
1
12
2
9
204
50
1
6
20
59
1
2
2
1
3
8
14
118
17
1
11
18
14
2
73
14
35
6
4
10
35
108
9
39
14
62
23
188
5
47
46
123
14
2
2
5
15
2
13
31
17
9
16
8
5
6
3
5
5
14
65
15
3
16
307
3
5
1
8
176
17
2
1
116
3
196
1
14
8
8
65
3
2
308
2
13
2
222
37
3
42
8
3
5
4
47
59
1
35
14
144
12
58
1
9
53
81
5
74
20
18
6
13
8
1
7
19
14
3
8
27
6
1
11
15
1
44
8
1
163
69
19
1
60
6
172
4
8
1
9
9
7
4
80
2
4
6
99
2
5
5
348
11
106
219
2
2
