9
1
2
193
93
52
120
57
103
29
19
1
109
3
48
204
1
44
70
7
30
6
8
7
216
175
206
38
36
14
28
4
4
5
6
176
72
203
1
15
13
56
28
13
8
4
1
51
4
1
88
9
96
2
235
6
77
41
198
19
21
3
23
7
17
4
249
3
1
1
145
154
13
14
57
68
32
36
28
39
1
56
108
16
37
72
1
60
19
3
21
103
113
1
19
19
73
12
4
106
57
88
3
1
46
282
12
6
295
1
11
1
4
3
73
54
4
17
32
4
39
38
23
106
5
69
2
46
4
12
58
65
48
8
61
57
30
19
9
133
141
2
9
136
3
4
17
82
2
5
27
31
4
96
1
3
10
4
33
1
49
1
19
7
1
8
5
39
51
55
6
57
7
116
10
48
14
22
27
6
6
43
29
12
245
135
3
8
39
1
45
43
66
1
11
1
150
22
102
41
4
30
3
20
5
71
7
24
3
3
2
106
7
17
175
2
116
14
1
16
2
49
18
61
16
18
37
2
43
1
180
16
33
38
8
10
2
23
4
4
1
38
8
9
15
9
42
1
6
9
4
35
24
62
4
1
4
50
2
29
48
52
1
12
17
7
49
10
2
12
69
18
75
2
2
1
47
12
8
2
1
14
31
56
1
4
6
63
11
17
52
7
6
8
3
2
126
7
13
2
2
2
21
274
3
3
52
53
3
1
39
81
28
4
7
49
4
3
26
69
11
151
3
12
28
33
96
1
90
1
5
5
48
28
45
5
5
55
3
13
181
26
165
5
6
11
8
71
167
8
16
18
99
37
193
183
7
31
14
20
129
11
131
4
142
1
65
20
1
2
4
19
2
137
19
16
1
17
19
2
7
2
32
38
101
157
17
231
18
1
3
87
16
4
30
26
36
2
21
107
1
7
5
30
3
12
61
42
23
7
35
4
2
1
24
12
72
75
3
105
4
1
17
192
10
8
50
18
11
1
18
2
1
15
17
42
66
4
7
38
2
31
1
48
3
33
4
45
1
32
10
97
14
139
36
2
82
49
3
274
4
6
8
1
30
85
179
2
30
1
1
26
18
2
29
17
295
22
1
21
2
1
4
51
2
7
1
11
101
7
39
146
51
22
14
14
1
33
15
281
9
22
4
11
374
4
9
29
5
122
57
135
108
108
135
15
28
9
21
1
8
39
15
49
55
7
56
1
53
2
7
37
16
6
8
23
1
100
74
3
26
43
80
4
273
71
1
24
178
2
2
34
67
16
7
3
17
4
58
6
32
3
1
42
10
19
7
3
9
2
20
1
14
24
1
167
41
3
86
3
24
22
24
3
97
15
30
21
2
190
18
34
39
9
9
152
7
4
1
14
1
12
96
43
10
4
2
5
12
3
71
15
19
55
34
50
3
62
3
10
20
6
66
6
1
4
151
72
1
68
191
119
7
2
52
8
17
4
31
17
16
9
13
27
1
1
8
20
14
3
1
1
6
6
111
3
42
33
82
11
19
28
4
86
51
8
29
12
37
140
5
28
1
78
5
13
3
2
9
2
163
55
1
2
12
3
3
114
52
4
111
9
14
5
56
1
5
47
17
16
12
9
16
4
15
3
39
3
165
161
1
56
56
58
11
1
22
7
14
19
2
45
1
7
2
48
5
37
9
6
5
12
21
3
1
1
1
50
56
166
68
20
4
9
1
190
6
4
5
51
27
4
4
135
35
27
9
36
69
21
1
135
9
1
15
191
3
5
7
10
59
8
6
16
4
1
12
7
6
180
26
14
5
6
5
2
65
2
16
2
1
108
189
2
30
12
24
142
42
1
8
31
4
1
1
40
79
2
10
6
18
28
124
31
50
72
17
57
8
29
18
106
22
11
134
43
2
6
4
1
5
1
111
6
62
9
5
17
6
9
4
4
24
65
1
40
215
4
12
9
51
25
13
15
99
1
4
74
3
9
46
19
30
22
1
60
26
33
107
39
33
37
10
59
1
1
86
44
11
7
32
129
7
1
23
4
5
4
20
100
12
25
1
134
27
3
4
65
1
8
94
29
12
8
6
29
2
10
19
1
6
51
2
1
7
5
2
75
5
26
116
32
10
160
11
12
5
20
1
19
200
9
63
24
5
1
49
41
6
1
21
180
1
2
34
8
27
20
45
34
1
265
25
177
19
2
12
257
117
202
42
29
30
15
13
17
20
2
2
17
1
220
74
1
19
1
150
1
2
4
5
71
16
3
95
2
51
21
3
16
11
18
23
1
26
4
12
13
61
16
7
4
5
124
29
7
32
25
1
1
13
20
15
11
44
24
35
14
9
19
103
32
4
46
1
161
96
116
1
4
56
3
2
36
86
6
3
6
77
3
46
88
3
7
26
3
3
25
2
30
12
58
39
10
3
10
60
33
5
110
21
156
53
8
1
7
28
4
2
2
35
5
14
30
9
15
80
33
93
16
53
211
35
2
5
1
7
141
15
3
6
1
10
15
11
3
5
15
67
61
8
5
6
11
22
1
21
50
3
7
50
2
14
14
18
12
6
98
7
159
13
138
40
45
12
54
11
47
2
15
11
1
36
4
3
40
13
1
80
22
2
71
6
52
17
64
14
24
13
17
62
3
20
4
65
2
125
12
4
1
13
82
12
3
31
159
7
27
1
1
108
3
5
2
42
2
17
95
317
50
3
40
35
86
132
13
87
6
25
6
88
6
34
11
1
10
61
3
32
1
4
31
90
11
8
226
6
7
28
27
45
33
20
60
160
59
19
68
6
28
10
4
50
1
41
1
7
17
178
8
48
28
4
12
4
56
21
51
76
235
19
35
73
29
159
5
18
8
33
37
5
87
2
23
32
22
57
24
36
20
168
2
49
1
11
1
41
5
1
2
7
15
19
54
31
27
7
3
11
130
45
16
321
20
15
3
145
9
1
32
98
1
35
289
5
2
17
2
13
125
22
2
101
6
1
2
18
29
16
1
41
85
16
1
147
2
3
27
4
146
3
82
143
10
1
6
15
10
6
16
5
1
15
2
43
38
6
1
55
31
143
7
41
2
36
5
2
1
25
40
12
13
2
1
37
3
31
11
4
22
1
37
16
17
1
157
5
18
9
3
24
108
33
10
12
4
5
162
45
110
14
61
20
2
47
2
14
122
1
3
83
1
22
22
4
13
119
1
91
32
6
251
1
1
87
5
70
23
3
13
9
2
75
13
43
8
2
21
8
1
91
40
227
2
221
67
26
1
8
26
112
13
1
1
2
1
2
78
15
204
1
72
5
7
1
3
13
10
160
3
2
9
14
18
9
2
50
118
99
9
32
29
42
6
1
16
27
50
24
13
67
107
24
12
3
50
30
56
2
42
23
1
83
7
9
48
10
15
70
123
168
1
59
3
4
260
3
61
8
9
73
11
11
3
164
168
361
25
1
9
36
48
41
7
3
1
10
54
6
10
1
78
17
1
200
65
108
10
2
22
48
21
3
12
135
48
34
51
3
283
41
21
42
24
8
126
6
1
11
221
16
12
7
2
30
38
6
254
135
48
53
37
6
12
154
14
124
2
3
3
3
226
1
6
35
2
142
24
99
19
24
13
6
35
347
36
36
35
263
41
53
36
16
6
7
7
42
6
57
37
1
19
2
3
2
1
1
1
1
1
1
1
1
12
1
1
1
1
1
1
35
1
2
4
1
5
89
32
11
32
199
126
2
12
2
7
1
10
3
2
3
1
3
9
1
1
1
1
1
3
31
2
6
6
3
4
26
1
3
1
1
3
1
6
2
1
1
1
3
3
1
3
1
1
1
1
2
1
1
1
3
2
2
1
21
3
190
1
101
1
2
16
2
1
1
1
2
2
1
1
1
9
1
3
2
1
2
1
1
11
31
12
1
10
5
14
8
3
4
2
1
1
1
1
17
6
60
24
2
23
20
14
1
3
1
2
1
39
2
13
16
1
1
16
2
1
4
1
11
34
11
2
1
1
32
2
3
2
4
1
2
2
20
3
4
1
2
1
1
13
5
9
33
17
3
2
1
1
3
25
46
2
15
1
9
1
1
36
6
15
4
9
1
1
4
6
7
28
22
30
252
6
1
1
45
6
14
40
2
2
10
1
17
1
1
1
1
3
1
3
3
1
2
35
7
1
37
1
3
1
84
5
3
2
1
1
1
1
2
1
1
6
6
6
2
20
27
2
3
1
25
1
37
13
1
1
1
1
1
1
1
1
1
29
1
1
1
1
1
1
4
4
27
11
1
36
1
1
6
1
2
29
43
1
6
2
1
1
2
1
1
5
1
1
1
7
14
14
28
4
72
1
1
1
7
2
1
4
4
16
67
2
1
1
1
205
5
1
1
3
15
27
2
6
1
1
15
1
1
36
1
4
18
4
1
4
4
1
1
2
1
1
2
1
1
1
1
12
1
1
1
44
1
1
3
1
1
1
24
9
3
1
1
1
1
1
1
1
2
1
1
1
1
1
1
1
1
1
24
112
2
1
1
1
1
1
1
8
1
1
2
1
1
1
2
1
1
2
1
213
43
3
2
2
3
1
8
1
3
4
4
1
1
1
1
8
1
4
1
1
1
1
1
3
1
1
76
1
3
3
1
10
1
1
1
10
4
1
1
1
1
71
2
1
3
3
31
7
6
1
1
8
11
3
28
3
1
1
2
1
3
1
4
1
15
11
1
3
1
26
1
1
1
2
1
1
29
6
2
39
6
1
7
6
8
334
2
1
15
2
2
1
1
1
11
1
2
2
2
9
13
7
1
4
1
1
1
1
314
1
23
2
2
1
1
1
1
1
1
1
1
14
1
1
13
3
1
25
3
6
6
1
1
5
1
2
3
1
1
3
4
10
1
24
2
10
197
4
5
3
3
3
4
47
1
14
9
1
1
1
1
50
3
1
2
1
1
1
2
2
1
1
45
1
4
116
1
1
2
2
1
8
1
2
20
1
74
1
18
1
5
1
2
8
4
1
5
3
2
9
1
3
1
1
1
347
1
4
27
5
2
4
2
2
1
6
7
1
1
1
2
103
19
2
2
1
1
7
1
100
36
163
2
4
1
1
9
1
1
3
1
15
1
5
1
1
2
1
6
16
1
1
1
1
1
1
2
2
38
2
1
3
1
1
1
1
1
6
2
14
1
4
2
2
1
2
1
1
2
1
6
26
1
1
1
1
2
1
1
2
1
1
2
3
2
38
40
1
6
2
1
1
1
1
10
1
1
206
6
8
18
2
2
5
11
2
166
4
47
39
39
3
52
11
4
2
4
1
3
1
1
1
2
11
15
1
1
2
7
1
1
2
1
1
1
1
1
1
2
20
1
1
1
1
14
1
1
29
1
1
1
12
1
1
1
1
39
6
1
1
2
1
2
3
22
1
1
5
1
29
1
2
1
3
3
2
1
3
1
1
1
1
4
2
1
2
1
3
128
1
1
12
1
1
1
1
1
19
2
13
198
2
1
2
1
1
2
1
6
3
7
1
9
93
8
26
30
40
219
6
14
1
8
9
44
3
25
1
1
16
1
10
16
48
42
12
60
13
2
6
1
4
18
2
5
10
1
5
1
1
28
1
1
3
1
24
1
1
9
6
3
1
2
3
20
3
19
1
4
1
14
2
1
1
4
1
1
1
1
1
5
2
28
19
5
1
1
8
1
1
1
35
5
6
1
1
16
1
1
1
1
1
1
1
3
1
1
2
2
8
80
1
3
8
1
1
48
1
1
1
1
1
1
14
19
2
1
18
8
1
1
1
1
1
17
1
1
6
3
1
2
1
1
38
1
1
1
1
1
1
1
1
1
132
6
1
1
1
1
1
1
1
2
1
3
2
1
1
1
4
6
2
31
1
2
1
10
2
2
3
6
5
8
43
6
11
1
14
1
7
1
2
2
1
1
1
4
3
4
1
2
4
1
96
1
1
3
2
1
2
1
2
1
2
1
1
1
12
1
1
119
1
1
5
1
3
6
1
2
2
1
43
19
1
1
1
19
2
1
1
1
1
2
1
34
6
1
1
1
4
3
1
1
1
1
4
1
1
1
1
13
1
2
2
1
1
1
2
2
1
1
3
1
79
1
1
1
8
10
4
1
2
1
1
6
1
1
1
1
2
1
1
1
62
1
20
3
1
2
10
2
4
1
1
1
1
1
1
1
8
1
2
1
1
1
2
2
1
4
177
1
1
1
1
1
1
1
1
2
1
2
27
2
1
1
1
1
72
1
6
1
1
16
2
1
1
2
3
1
1
1
4
2
1
30
1
1
2
3
40
1
2
1
1
1
4
1
1
1
6
2
1
29
2
1
2
1
1
1
1
29
1
1
1
126
1
17
1
1
11
1
3
15
2
6
1
1
3
1
2
12
1
1
1
7
62
3
1
1
1
1
2
1
3
1
5
1
1
44
1
1
2
76
1
19
5
2
1
7
12
1
2
1
22
2
1
3
1
3
1
1
2
1
1
3
1
1
5
3
1
36
1
3
21
5
23
2
1
1
2
20
1
23
1
20
25
7
4
2
1
15
55
7
20
5
83
13
3
152
1
1
61
1
1
62
1
15
1
1
3
1
1
2
1
3
3
1
3
16
2
4
3
26
2
2
9
3
10
19
1
7
49
14
23
2
1
3
1
1
100
2
7
1
4
6
1
28
1
7
214
3
9
11
6
1
2
93
4
1
4
1
1
4
11
10
1
4
148
9
2
2
26
1
6
4
1
1
1
1
17
1
1
3
1
1
1
81
40
33
1
1
9
103
6
1
1
13
3
2
3
11
12
1
1
20
2
9
2
7
1
1
2
1
3
1
1
36
2
6
1
14
11
9
3
6
3
1
1
2
1
8
3
3
1
1
1
1
30
1
1
16
1
4
8
4
2
1
17
1
1
2
4
1
1
1
64
1
1
1
1
1
23
1
11
2
1
2
4
1
1
3
30
1
19
1
14
12
1
2
74
72
7
1
1
1
2
1
2
1
2
15
3
2
2
67
2
11
2
3
4
5
7
1
8
6
1
1
1
1
1
1
1
1
1
1
8
1
1
3
1
5
128
9
2
4
1
30
6
86
3
2
1
34
26
1
16
1
7
13
1
2
1
1
1
1
1
11
1
1
2
1
1
1
19
1
1
4
1
5
1
6
1
1
1
1
1
3
1
2
1
1
1
1
3
1
21
3
1
5
1
1
1
2
1
3
1
1
1
1
37
1
1
1
6
3
1
1
1
2
1
1
1
1
1
1
2
1
52
1
1
5
46
1
1
1
2
10
2
1
7
1
1
2
6
1
1
1
1
1
1
9
64
3
1
1
38
1
9
4
1
4
1
27
21
4
1
1
3
1
1
1
1
1
6
1
4
4
18
1
1
1
2
1
1
1
1
1
1
3
1
1
1
1
2
3
2
18
1
3
2
1
4
6
2
3
1
2
1
2
1
1
2
1
2
1
6
3
1
6
1
3
2
7
14
12
2
1
7
255
1
1
1
2
1
8
1
2
2
1
35
217
1
4
1
1
3
5
6
2
5
1
1
1
1
10
4
2
2
1
1
2
5
1
1
3
10
1
1
2
1
67
1
1
1
6
1
1
2
2
1
6
1
1
2
83
1
1
1
2
2
1
1
53
1
2
1
1
1
2
1
2
2
1
2
11
2
1
1
17
2
2
1
2
2
1
3
1
1
1
1
1
1
29
1
1
1
16
1
1
1
1
2
6
48
1
1
4
3
4
1
1
1
10
3
1
1
2
2
234
2
1
1
62
2
1
1
7
19
1
7
1
2
1
1
9
4
1
1
2
1
4
8
5
13
3
1
5
3
30
1
3
1
2
1
1
1
3
1
1
4
1
1
17
1
3
1
2
1
1
13
19
1
303
14
1
3
1
1
1
1
4
7
1
1
6
2
33
1
1
1
1
1
1
1
1
5
2
1
33
1
1
1
1
1
1
1
1
1
1
1
1
10
1
1
1
7
7
1
1
2
1
2
1
1
1
3
7
7
3
1
1
1
3
1
2
5
3
1
1
1
22
1
4
8
16
1
1
1
1
1
4
3
2
2
1
26
22
2
1
7
7
3
1
1
2
1
1
2
72
2
1
4
1
13
1
1
13
2
2
1
1
1
1
1
1
1
2
1
10
1
1
1
37
31
1
1
2
1
2
1
4
1
1
4
3
2
14
1
1
1
1
1
1
1
1
1
1
1
5
1
2
2
1
1
3
1
2
36
2
8
1
2
19
1
1
1
1
1
2
1
1
13
1
47
1
1
1
1
1
3
2
1
10
1
2
1
1
2
1
1
1
1
1
24
1
2
1
10
2
1
8
95
1
9
2
1
1
1
3
2
53
126
2
1
2
6
1
1
1
1
6
2
1
1
1
1
1
2
1
6
1
7
4
1
1
3
2
1
1
3
4
5
1
1
1
1
1
2
48
6
1
2
8
3
1
5
3
1
1
10
2
1
1
2
1
4
1
174
1
1
8
1
1
1
1
4
1
7
11
27
31
1
4
2
1
1
30
1
1
1
9
2
11
1
1
9
2
5
1
3
1
4
1
1
2
3
63
3
141
3
8
2
1
1
2
3
15
2
1
36
1
1
1
1
1
3
2
8
3
3
4
27
1
51
1
2
2
4
161
37
3
1
3
1
5
1
11
6
1
1
2
1
2
1
2
2
1
1
2
1
8
41
60
2
3
3
3
1
5
20
2
1
4
2
156
1
9
1
1
1
1
1
2
3
1
5
1
1
14
4
1
1
1
31
2
3
1
5
1
12
1
1
2
1
4
6
1
1
1
1
5
68
7
50
2
2
3
2
3
3
1
3
1
2
127
7
3
1
4
2
3
1
46
1
7
1
1
77
1
48
1
1
1
2
1
1
1
158
1
2
2
1
4
3
42
1
2
1
2
3
1
1
11
1
1
1
2
1
3
2
3
1
1
1
1
24
1
1
35
1
2
1
1
2
1
1
1
1
2
23
1
12
1
1
1
60
1
1
2
18
1
2
3
2
5
2
1
15
1
1
1
1
1
1
2
2
1
1
2
14
1
24
3
3
1
1
51
2
1
1
10
2
3
1
1
1
1
100
1
1
1
51
4
1
1
6
353
1
1
3
1
2
1
1
1
1
22
1
136
29
1
1
1
9
1
1
1
1
6
30
1
7
1
2
25
2
5
1
2
1
1
1
3
1
1
1
45
32
2
1
4
1
34
1
1
2
4
83
1
1
1
1
3
5
1
2
1
3
1
2
3
3
1
14
1
19
28
134
2
127
1
5
1
21
35
3
1
44
8
2
1
1
4
5
1
100
3
2
2
9
1
17
40
6
3
1
1
1
86
8
10
2
1
1
1
1
1
1
1
1
1
1
30
1
1
1
17
1
8
5
2
3
1
1
14
1
1
5
1
6
24
7
9
1
1
1
2
1
4
11
1
1
4
59
1
8
1
69
53
5
20
79
4
1
9
7
4
20
2
2
15
44
1
1
9
1
17
326
1
7
1
1
1
1
4
1
1
1
4
1
4
1
4
1
9
1
5
3
1
6
1
2
11
1
1
7
8
8
3
1
1
4
219
3
2
2
1
1
2
1
3
5
2
2
2
3
23
7
1
1
1
1
3
2
1
2
1
70
2
1
26
10
2
1
6
2
1
1
82
1
1
1
1
1
4
1
4
1
1
1
2
1
1
12
2
1
1
35
1
4
4
1
67
1
1
46
1
1
1
1
21
9
1
1
2
1
12
1
1
7
16
2
1
2
1
19
1
2
1
1
3
45
70
48
20
9
1
1
22
1
35
20
3
1
116
1
1
27
1
1
1
1
1
1
1
1
1
3
1
2
1
7
12
2
1
1
2
59
2
2
2
1
1
1
1
1
1
1
2
4
1
1
105
1
17
1
3
1
1
2
1
1
1
2
2
1
1
19
1
4
1
42
2
1
1
11
1
3
3
1
6
1
1
1
1
1
3
1
1
22
6
1
2
2
3
1
1
1
1
2
2
3
3
2
1
11
1
3
23
1
1
1
2
1
8
2
1
4
1
2
1
1
1
4
1
5
1
1
1
1
1
14
12
12
1
61
3
6
1
14
3
2
1
4
6
1
1
1
1
1
12
1
1
1
1
1
5
6
1
3
1
29
1
1
1
1
1
1
1
42
3
1
7
1
1
1
2
1
1
12
1
1
1
28
3
1
1
1
17
2
1
1
171
1
2
1
1
1
2
8
1
36
1
1
7
1
155
1
1
1
1
1
1
2
1
1
5
1
1
5
16
1
38
1
1
1
33
1
3
2
1
1
1
1
1
1
1
51
13
3
1
1
1
36
5
1
1
182
1
2
1
1
1
1
1
1
3
1
1
261
1
2
1
2
5
26
14
3
1
1
1
1
3
1
1
2
1
24
2
1
1
1
3
1
31
1
4
2
1
1
3
1
1
11
3
18
14
6
24
1
1
1
1
20
6
1
8
1
2
1
1
1
17
1
1
1
3
1
3
2
1
13
7
2
2
14
8
1
81
1
9
56
12
4
23
1
24
3
7
1
1
1
1
5
14
1
1
8
18
1
1
23
1
1
2
4
4
1
3
2
4
2
1
1
1
3
1
1
2
1
1
1
2
1
7
1
1
2
9
1
1
3
1
77
3
1
1
2
46
3
1
77
11
1
2
8
1
65
2
1
5
2
7
2
1
8
5
2
29
4
1
2
167
1
26
2
1
1
1
39
2
6
1
13
3
6
2
34
1
20
3
1
1
12
2
3
1
2
1
6
13
2
1
82
1
2
2
14
2
1
30
16
1
1
2
2
9
2
9
4
1
1
1
20
1
1
1
3
11
235
7
1
1
6
1
4
8
7
2
1
15
1
2
4
1
1
1
1
2
1
2
1
1
1
1
5
1
1
1
1
3
1
1
1
1
2
2
1
1
1
2
108
1
1
3
2
1
2
1
2
2
10
3
3
1
11
1
90
1
2
3
2
2
1
2
1
3
1
3
2
21
2
2
2
3
1
3
1
2
3
38
25
1
1
1
1
2
1
18
7
1
1
1
1
1
2
5
1
1
4
1
2
2
1
7
1
1
1
8
34
1
2
1
1
1
41
1
6
1
30
2
4
5
2
4
1
1
2
1
2
3
2
2
135
1
1
214
2
115
1
1
1
1
1
2
9
1
1
97
1
1
1
2
43
1
130
1
2
2
10
2
2
1
2
1
1
1
21
5
2
1
61
66
5
4
97
8
5
1
1
1
1
1
2
101
1
1
39
3
2
2
1
4
15
1
1
1
4
1
4
70
1
1
1
1
1
2
2
1
1
1
4
1
3
1
1
2
1
1
1
1
4
1
2
2
1
7
1
9
4
2
144
1
1
1
2
1
3
71
4
1
4
1
1
212
3
2
4
1
1
3
1
15
72
5
1
1
1
1
1
1
2
89
1
1
1
1
2
1
2
1
1
1
2
98
1
1
1
1
1
1
1
3
2
1
1
1
1
43
2
4
12
1
1
10
5
1
2
4
2
1
6
3
2
30
1
1
8
2
1
80
1
2
3
4
1
27
26
1
1
9
2
72
4
21
1
7
1
14
1
1
1
1
1
24
1
1
2
1
1
1
4
22
2
1
3
25
1
1
1
2
13
1
1
3
6
3
1
1
8
1
1
1
3
1
11
2
1
2
1
8
9
1
3
5
1
1
4
26
8
4
10
8
6
41
3
163
3
66
7
5
1
8
1
15
1
14
3
9
12
4
8
4
1
1
9
4
1
4
13
7
27
1
1
10
14
85
18
5
12
2
9
17
42
5
2
9
1
2
8
1
2
72
3
31
3
21
35
1
80
29
23
1
1
5
9
1
3
7
1
1
6
3
1
26
1
1
12
6
50
3
1
3
1
6
2
1
1
1
3
16
2
3
25
6
15
43
49
9
2
1
14
4
10
13
1
3
4
1
1
1
1
234
1
1
1
1
5
1
1
1
1
1
1
1
1
6
2
4
10
5
2
1
6
1
1
1
1
2
1
4
3
1
1
1
1
1
1
1
1
1
1
1
1
1
24
1
1
1
1
1
80
48
1
1
1
7
2
14
2
38
108
2
8
2
10
3
26
3
1
4
28
2
11
14
151
29
1
2
17
1
18
42
38
12
45
5
14
1
15
1
1
1
1
2
160
2
1
1
1
2
1
1
1
1
1
2
1
1
1
1
1
1
1
1
1
1
1
22
1
1
1
1
1
7
1
3
1
1
2
3
1
1
1
1
1
1
1
60
1
48
1
2
48
85
1
5
3
2
13
32
9
3
2
13
61
9
3
47
1
2
2
1
1
1
1
1
5
1
4
2
1
1
1
1
1
1
175
5
1
1
1
1
1
6
14
1
1
8
5
8
1
10
3
1
1
1
1
1
1
3
1
1
1
11
1
51
3
1
1
37
1
4
2
1
1
1
3
1
1
1
1
1
1
2
1
1
2
1
1
1
1
78
1
33
3
26
3
1
6
4
1
1
1
1
1
13
1
5
10
1
4
7
1
1
1
1
1
2
1
1
2
1
1
3
1
29
9
1
19
1
42
1
1
35
1
10
4
4
23
1
1
1
1
3
11
4
1
1
1
1
9
4
5
16
1
12
4
152
2
1
3
2
1
1
2
2
3
6
18
3
1
1
36
1
12
1
1
1
12
1
2
1
290
1
1
1
1
1
1
1
3
5
1
1
1
1
1
1
1
1
1
1
6
1
2
1
1
2
2
1
8
15
1
30
3
7
57
1
1
15
2
4
1
3
1
1
1
1
11
3
1
5
1
3
1
1
8
7
9
2
2
36
6
4
3
51
6
1
17
3
27
2
1
16
1
1
1
7
2
1
4
6
1
6
19
1
8
2
1
1
1
106
2
6
52
12
4
1
14
40
1
7
1
1
1
2
1
1
19
1
5
1
1
1
1
1
1
1
12
5
37
1
1
1
1
1
1
1
71
1
1
2
1
4
1
1
4
4
3
2
11
1
2
67
1
2
2
1
1
2
1
127
5
3
19
4
13
5
2
3
1
1
1
5
14
2
1
1
2
1
4
1
1
2
1
5
1
11
6
2
1
2
7
8
10
1
3
1
2
1
2
19
7
6
48
1
3
1
1
5
2
8
2
2
24
1
1
1
27
10
10
1
1
1
1
1
1
4
4
3
2
3
1
13
1
2
3
2
54
1
1
2
1
1
1
1
1
5
2
1
1
1
18
1
44
9
13
2
5
27
85
1
16
1
3
20
1
1
1
1
43
1
44
9
16
2
14
1
35
4
1
64
1
1
1
1
44
1
1
1
1
1
48
1
7
1
1
1
1
1
1
3
1
4
3
9
7
1
30
6
2
33
31
6
11
6
2
1
17
1
1
1
1
2
5
1
3
1
1
2
5
1
149
1
1
3
2
4
1
2
1
1
15
1
1
1
2
167
1
1
1
5
6
1
10
1
2
12
9
1
3
1
1
8
1
1
10
4
1
1
3
1
1
1
1
1
124
1
1
1
2
1
1
1
2
13
2
1
3
1
1
1
1
1
1
1
6
41
1
140
1
1
5
1
1
1
1
1
17
7
3
1
1
1
1
3
1
7
1
1
3
1
2
2
1
1
2
1
1
1
1
1
1
1
1
1
1
2
2
2
17
2
1
1
1
2
1
1
1
1
1
4
1
4
3
7
102
1
6
20
7
1
2
1
1
4
1
1
7
1
9
1
1
1
3
2
22
59
1
1
2
1
9
1
1
2
15
13
2
1
1
1
1
74
6
1
1
8
11
2
1
1
1
3
1
2
4
1
8
10
1
1
1
3
1
1
3
1
1
1
10
1
1
1
1
1
1
1
1
6
32
6
4
1
15
1
5
1
3
14
1
8
13
1
1
47
1
1
57
1
7
1
6
1
4
7
5
1
4
2
1
1
35
223
12
2
2
4
168
53
52
1
21
1
1
6
1
4
1
1
1
1
9
2
6
1
3
1
3
6
9
17
1
1
2
1
1
5
1
1
1
59
14
41
1
1
2
2
5
14
1
1
2
1
13
11
2
1
1
29
1
1
1
1
1
1
11
3
4
4
2
4
1
1
1
14
1
24
14
1
2
1
2
2
1
47
1
1
2
1
2
2
2
108
58
28
27
1
5
2
1
4
1
5
1
100
4
190
3
35
6
42
6
15
1
3
1
6
2
14
1
2
1
1
1
1
3
1
17
1
1
11
9
22
1
1
1
1
1
1
1
34
1
1
6
1
1
1
2
11
1
1
1
9
14
2
1
4
12
58
46
1
3
20
161
1
1
1
7
8
2
9
1
1
2
16
32
1
6
1
1
4
3
6
2
1
175
9
12
1
1
2
19
8
5
1
2
8
8
1
1
2
8
6
1
4
2
5
3
25
1
4
3
1
2
4
3
3
2
1
11
2
3
2
12
1
1
4
1
1
4
1
4
2
20
1
1
1
1
1
1
2
10
2
8
43
19
1
1
31
1
1
1
1
1
1
3
1
1
6
6
1
2
1
1
6
1
1
1
1
1
2
1
1
1
4
2
3
5
1
6
2
1
1
13
32
77
1
1
1
1
9
22
1
1
1
1
22
3
1
1
1
1
1
1
2
1
2
1
1
1
1
88
1
5
1
27
1
1
1
3
4
3
2
5
40
1
1
1
1
1
1
1
3
1
5
13
4
40
2
1
12
1
1
1
1
2
3
1
1
2
1
4
3
2
8
2
1
1
3
2
13
2
4
1
32
1
6
1
1
1
28
1
2
1
69
6
1
19
7
5
13
3
2
1
16
2
1
65
1
2
1
1
1
2
1
2
1
7
12
7
28
4
16
2
2
13
7
82
7
1
4
1
43
1
1
1
2
50
2
12
1
14
5
16
3
1
2
3
7
18
35
16
2
1
23
6
1
4
8
1
2
2
4
10
1
4
6
1
1
1
6
2
1
9
1
1
1
1
1
1
2
1
2
1
2
22
7
1
1
1
1
27
20
133
4
1
1
1
2
1
1
1
9
2
3
34
1
1
1
2
2
2
1
1
1
1
3
5
1
13
5
4
7
1
1
6
33
16
4
2
21
1
2
1
1
5
2
1
7
1
1
1
25
7
1
57
47
1
5
1
3
2
1
5
2
1
2
5
20
1
1
8
11
1
136
2
6
1
1
1
2
1
1
1
2
1
1
2
7
1
1
2
8
1
4
1
4
5
1
34
1
4
4
3
16
12
25
1
19
1
5
2
10
11
1
63
1
6
1
1
3
1
1
1
2
1
1
16
5
2
1
1
2
17
161
2
1
1
1
2
254
1
1
1
1
1
1
1
4
6
1
2
74
1
2
15
1
1
1
10
1
1
1
1
1
1
2
1
1
176
1
1
2
25
1
2
1
12
1
14
3
16
1
1
1
1
6
14
2
279
2
3
1
1
174
2
1
1
1
3
3
46
2
2
49
4
71
4
8
1
3
1
1
5
1
4
1
1
7
8
1
1
19
1
7
4
2
4
32
1
3
2
1
20
1
1
1
2
5
23
1
4
11
6
6
1
1
1
2
1
1
1
8
7
1
2
77
1
1
3
1
33
2
16
7
48
5
1
1
3
6
6
1
1
3
1
1
1
1
1
1
1
1
3
6
14
9
9
1
1
1
4
2
1
1
1
1
2
1
27
1
1
1
5
1
1
1
1
15
1
1
1
2
1
3
1
1
2
1
1
1
2
11
347
4
1
1
4
1
4
1
13
1
2
1
4
2
1
5
4
239
1
2
10
4
2
1
3
1
1
1
1
1
2
25
1
2
1
1
109
14
3
1
153
7
1
8
3
1
1
1
2
12
1
1
1
1
2
1
1
1
2
1
2
1
1
1
51
1
5
7
1
2
2
25
1
181
12
27
4
274
1
2
11
1
1
2
1
4
35
2
2
1
181
3
4
1
3
1
2
1
12
2
1
1
8
1
3
24
8
1
1
1
7
1
9
2
3
2
9
1
1
1
1
2
28
6
19
1
1
7
1
2
1
1
2
65
1
14
17
1
18
1
1
1
1
23
1
1
3
1
13
1
1
5
3
2
1
1
74
1
4
1
1
2
1
1
1
2
5
1
2
2
1
1
1
1
1
1
1
48
129
1
1
1
1
241
4
2
11
10
24
1
1
1
40
1
1
1
1
1
1
1
1
3
1
25
1
1
1
1
1
1
2
1
1
17
1
1
1
2
1
1
1
1
2
1
176
1
1
1
1
8
1
1
1
2
1
1
1
2
2
3
1
1
1
2
1
2
1
3
5
1
2
1
13
1
1
1
7
1
5
1
4
1
1
184
1
2
1
1
1
5
1
1
1
1
2
2
1
3
1
2
1
1
1
2
1
1
1
1
1
2
1
5
2
1
5
1
1
1
1
1
2
1
1
1
1
2
1
1
1
2
2
2
1
2
2
1
1
1
2
1
1
1
10
1
1
1
1
72
1
19
1
1
1
2
2
1
9
3
1
9
1
1
2
2
5
3
1
1
10
4
7
1
6
1
1
1
12
7
1
6
1
1
2
5
1
1
3
2
2
39
24
19
1
1
1
1
1
2
69
1
2
5
16
1
1
1
88
2
28
2
1
120
45
2
2
7
21
1
2
1
2
1
3
1
3
45
1
6
2
6
1
1
1
1
5
1
1
1
5
1
1
2
1
14
3
1
1
1
1
4
6
3
47
17
5
5
27
1
1
1
1
31
1
16
45
3
3
2
6
1
6
2
2
2
1
4
2
1
2
1
4
1
2
2
3
7
3
1
3
3
1
1
3
26
4
1
2
1
1
34
5
1
1
2
15
2
9
26
13
2
1
9
1
4
1
3
6
2
5
4
3
17
5
6
7
4
2
265
6
2
5
3
1
1
2
2
3
2
29
2
1
1
8
1
1
1
8
2
260
4
4
6
127
7
2
1
1
14
1
5
62
2
1
1
11
1
1
1
8
62
2
1
2
1
2
5
31
81
7
1
1
1
3
1
8
5
2
1
18
3
13
1
10
1
1
1
1
4
3
1
3
2
1
4
21
259
3
1
5
2
1
1
4
3
122
6
1
14
1
47
7
5
1
53
5
5
33
34
17
1
2
2
1
51
2
10
1
1
1
1
8
46
1
1
1
1
1
11
1
17
15
2
1
2
1
1
8
1
5
1
4
3
29
2
1
17
1
1
1
6
1
5
36
1
1
1
1
321
160
3
1
1
188
1
3
1
1
1
2
4
155
1
2
5
1
3
4
1
37
3
3
1
14
5
191
1
5
5
1
6
1
1
1
11
2
1
1
1
8
14
12
1
7
2
71
1
1
1
2
1
2
12
1
47
13
1
48
9
10
188
1
11
2
16
1
2
3
1
2
42
32
1
2
1
1
9
2
5
4
131
5
5
4
7
1
2
1
1
3
1
1
22
1
1
131
7
3
15
2
1
4
3
1
1
2
7
1
27
2
2
2
9
1
1
45
1
3
1
50
5
1
2
2
8
5
1
2
1
5
1
1
1
1
3
1
2
1
1
1
1
1
1
4
4
1
1
5
9
2
1
14
1
1
1
1
156
2
41
24
1
1
1
1
1
21
10
1
6
1
1
2
2
1
27
3
1
4
1
1
1
1
6
1
1
3
24
1
1
2
2
2
3
10
1
6
1
4
1
1
168
1
21
1
52
5
3
1
1
1
4
61
14
1
1
12
2
16
1
1
6
83
23
1
1
1
2
3
1
7
24
1
3
3
12
1
3
3
1
2
1
2
3
21
2
1
23
4
1
1
3
1
128
1
1
1
1
1
1
1
1
3
1
2
2
1
4
1
2
1
2
3
1
4
6
12
1
2
1
3
74
2
23
1
1
38
2
1
1
11
31
5
1
1
1
1
20
1
1
2
6
2
1
1
3
1
2
9
1
3
1
14
5
1
2
13
2
17
2
1
2
1
2
1
6
27
57
3
1
8
1
1
3
1
1
1
1
1
1
1
1
4
1
2
9
1
1
38
279
33
3
3
19
1
1
4
19
8
18
94
2
3
3
1
16
12
2
11
4
1
2
1
1
3
9
5
2
4
1
11
5
3
1
23
5
3
1
3
191
3
25
1
2
2
3
2
1
1
13
2
1
1
26
132
3
1
24
4
21
1
5
4
1
1
1
4
3
29
1
3
10
2
46
1
6
6
20
2
17
1
2
1
145
1
1
3
1
53
1
1
1
3
3
1
3
1
4
37
8
10
1
3
7
2
3
1
30
1
1
2
1
1
2
1
1
3
1
1
13
1
1
1
1
1
35
4
3
1
1
1
1
1
1
1
2
30
6
30
8
9
45
4
1
2
1
5
1
1
3
16
1
1
1
5
1
20
2
6
2
1
2
272
1
10
20
6
1
1
23
207
1
1
5
1
2
2
2
1
1
2
3
1
2
102
1
1
11
5
9
1
1
1
1
150
4
320
5
6
3
1
3
4
1
1
2
1
1
1
1
2
60
2
1
1
1
1
1
2
2
1
1
4
1
105
2
2
1
1
1
1
1
1
1
3
2
1
195
1
1
1
1
20
32
2
5
3
1
1
4
4
1
2
1
1
2
2
6
3
1
3
3
3
2
3
1
1
1
11
51
1
1
1
1
1
1
56
2
10
1
64
2
1
1
1
4
2
2
5
2
1
9
6
1
3
9
209
4
1
2
1
16
3
31
1
1
26
9
29
1
52
1
3
4
1
19
2
1
5
1
1
1
1
14
4
2
15
2
1
4
8
1
12
2
1
1
1
2
1
7
1
1
1
1
3
3
1
1
9
2
129
1
2
1
6
10
4
30
1
8
5
21
1
11
4
2
2
2
2
3
1
1
37
8
31
14
1
1
78
5
1
1
1
1
1
1
1
13
1
40
1
1
1
1
1
79
1
7
2
1
2
2
11
1
2
4
17
7
3
14
3
1
1
2
1
41
1
33
2
9
1
1
5
17
1
1
2
5
3
15
2
15
1
9
5
2
1
9
8
77
1
15
3
2
13
6
3
11
28
1
7
17
1
4
6
6
1
1
3
1
3
2
6
7
1
1
1
1
4
1
1
2
2
1
1
1
80
1
1
28
1
8
1
44
6
6
1
5
1
14
2
1
2
6
2
146
1
1
1
1
1
1
1
1
1
1
1
2
39
10
1
6
4
3
1
11
2
48
3
7
1
1
3
6
4
13
308
2
1
22
4
6
20
2
1
1
10
16
2
1
5
1
3
64
50
2
1
18
59
1
4
1
1
1
4
2
1
8
1
1
1
1
31
1
6
17
37
2
2
2
1
1
2
2
65
1
8
11
1
1
1
9
1
2
1
1
1
12
1
28
3
33
1
1
1
1
1
2
1
1
3
2
1
2
1
1
1
1
15
1
10
1
4
1
2
3
4
2
1
1
1
2
1
1
2
1
1
2
2
6
1
1
70
1
1
20
1
2
1
3
5
1
2
3
1
45
41
1
23
2
1
1
3
1
1
1
57
1
1
1
1
1
36
1
1
1
62
1
1
82
1
1
214
20
1
89
1
1
56
1
1
79
25
231
164
11
3
11
1
4
1
2
1
1
41
1
2
27
6
2
1
2
1
5
5
1
10
12
1
2
1
28
6
2
45
11
6
19
2
277
2
1
3
20
3
5
1
1
2
1
4
3
124
2
15
4
1
34
25
2
1
4
1
1
9
2
3
5
35
2
1
3
17
7
1
8
8
1
5
1
1
6
1
1
1
1
7
6
1
2
2
2
1
1
1
1
1
2
153
109
1
27
158
1
1
2
1
1
4
2
10
2
3
6
2
1
3
9
7
13
7
9
36
13
2
41
3
9
1
1
2
2
1
1
73
1
1
1
1
29
18
1
26
3
8
20
3
1
21
1
11
1
3
1
1
2
65
2
1
1
1
1
3
6
1
1
2
6
1
1
1
8
2
1
54
1
1
1
1
16
1
2
16
1
2
68
1
1
1
1
1
2
13
1
1
1
30
2
1
1
62
2
1
2
1
116
1
40
1
1
2
1
1
1
1
1
1
1
1
16
1
35
2
1
1
2
2
1
1
1
1
1
42
2
1
1
1
1
1
1
1
1
83
4
1
1
1
1
2
1
1
2
1
4
1
1
1
1
1
2
1
3
1
1
1
2
52
9
2
3
41
2
1
1
2
2
1
1
1
1
25
1
3
2
3
1
4
44
3
1
7
1
1
1
14
1
3
1
2
1
2
2
2
1
1
6
1
2
2
4
3
1
1
3
2
1
1
1
1
2
6
1
1
1
4
1
5
1
5
6
5
2
1
1
12
9
2
8
1
1
4
134
5
1
8
1
1
1
1
1
91
1
1
2
1
1
6
3
1
1
1
1
1
1
1
15
1
17
2
41
5
120
11
4
2
2
1
1
1
1
2
4
6
13
1
2
1
5
1
1
1
1
5
1
1
9
3
1
1
1
1
1
1
1
48
1
1
1
6
1
8
1
2
7
1
1
1
1
3
1
1
9
4
1
1
1
1
1
1
271
1
2
1
19
2
2
1
1
1
3
1
1
1
8
15
2
4
1
9
1
54
7
59
34
8
2
1
1
24
2
1
3
1
1
1
5
16
1
1
1
1
1
1
45
1
4
12
2
1
52
85
53
1
226
1
11
17
1
36
1
1
85
1
1
1
1
1
1
3
60
5
1
1
3
1
1
1
4
1
7
1
1
2
5
1
11
5
4
1
2
1
1
11
1
1
5
1
2
1
16
129
15
1
6
1
2
4
4
18
2
1
1
3
13
3
15
12
3
9
11
1
3
1
1
3
1
7
1
1
5
13
1
1
1
3
1
3
4
7
5
1
7
26
5
60
4
1
1
3
1
1
10
1
13
16
4
3
15
1
5
1
3
1
2
1
6
2
8
15
19
1
2
1
1
2
1
2
1
1
66
4
103
15
1
1
5
1
1
1
17
1
2
5
1
1
1
11
2
1
1
11
11
3
14
277
9
1
2
2
2
6
1
8
1
2
87
1
11
145
17
24
24
1
1
6
4
93
3
1
3
2
2
3
38
3
2
2
6
19
2
2
1
10
27
4
2
2
1
5
1
28
13
4
2
3
1
2
35
1
1
1
1
18
23
2
7
1
1
7
42
1
12
21
9
1
2
3
1
213
6
6
1
4
1
7
21
14
3
1
4
5
2
1
3
8
1
5
9
2
2
3
1
2
1
142
47
6
6
1
1
1
2
1
2
1
1
4
1
2
7
13
1
2
12
6
16
55
16
1
2
2
4
1
4
1
1
3
12
7
2
6
2
18
94
1
1
7
109
1
2
18
1
1
2
2
5
1
81
4
6
1
4
13
1
20
3
23
4
6
1
1
1
59
3
2
4
24
1
12
6
3
1
3
2
6
22
12
6
7
1
1
1
2
3
1
1
1
1
67
1
2
1
1
1
5
1
2
1
5
1
1
2
3
3
1
1
1
22
21
21
4
140
2
2
1
1
8
2
3
6
6
2
114
7
6
3
1
4
1
2
3
1
1
30
4
2
1
1
2
2
1
1
5
5
1
6
2
1
1
1
1
1
3
1
5
2
7
2
54
13
89
4
5
34
5
1
1
1
2
1
3
1
1
4
1
1
2
8
8
3
1
4
8
1
1
1
2
1
64
24
15
1
5
16
1
3
1
1
3
5
29
1
1
2
2
1
1
20
11
1
1
1
3
4
2
7
1
4
1
1
1
355
1
17
1
75
2
10
1
1
1
3
1
6
4
2
3
5
41
1
50
3
11
6
4
2
1
4
3
6
9
2
5
1
2
15
6
8
1
3
9
192
9
3
1
1
2
13
2
1
1
4
10
2
1
4
2
3
3
14
1
11
6
7
1
5
1
2
12
2
2
40
1
97
1
1
1
22
1
3
2
2
6
7
5
46
3
3
65
2
3
19
2
56
2
2
1
18
1
1
4
2
4
3
2
2
1
10
2
24
19
1
5
1
5
8
1
4
7
4
6
2
60
2
1
2
2
2
36
6
146
2
1
28
5
1
13
3
6
2
1
1
1
1
9
25
1
38
2
2
2
1
1
8
1
16
1
1
5
17
1
8
1
1
1
3
1
48
11
1
3
1
3
1
1
1
14
8
16
1
3
30
1
1
3
1
4
6
2
32
6
176
1
1
12
1
1
1
10
71
8
1
1
3
1
1
4
2
1
1
1
2
1
1
1
2
1
28
6
3
2
7
11
15
1
2
11
1
1
8
1
1
2
2
2
1
13
5
24
2
5
1
1
9
1
1
2
3
20
1
140
1
13
8
16
10
2
25
6
3
1
1
33
1
8
1
1
1
5
1
2
3
1
3
108
2
1
3
92
193
1
9
1
1
3
1
1
1
23
10
1
1
5
1
2
1
24
35
14
39
21
1
18
4
1
1
1
4
1
27
1
11
1
1
1
1
1
7
1
2
1
1
13
75
1
27
1
12
1
2
9
37
4
1
28
8
9
7
16
5
1
3
1
1
8
2
2
6
3
1
96
10
7
13
1
1
20
1
16
17
10
1
1
3
2
1
8
1
1
1
2
19
2
1
1
40
29
245
1
1
1
2
2
1
1
1
1
112
11
1
1
5
1
2
41
1
14
5
1
3
5
25
1
1
2
6
6
1
1
20
2
1
1
12
1
1
2
1
1
1
1
1
26
2
2
4
272
1
1
1
1
1
1
1
1
8
29
1
1
2
1
1
1
10
1
1
1
66
2
1
3
1
12
1
3
13
1
3
5
107
1
1
1
1
5
1
3
6
6
7
1
1
4
1
2
1
1
4
1
1
4
3
1
2
1
1
27
1
2
1
1
3
2
2
2
1
19
7
3
2
1
1
2
1
1
1
17
1
1
1
1
6
1
15
2
2
1
6
2
1
2
1
1
21
1
2
1
6
1
2
15
19
1
2
2
1
4
1
1
1
1
17
1
2
1
1
2
81
1
2
27
4
11
1
3
6
24
1
1
15
3
1
1
1
1
1
1
2
1
34
2
12
1
1
2
1
3
2
9
1
1
4
127
2
4
1
3
1
1
1
1
2
1
1
1
4
1
3
1
1
1
2
4
1
1
24
16
33
33
111
142
1
1
1
1
2
1
1
2
1
1
2
28
1
1
1
5
2
2
1
1
4
25
1
5
1
2
1
1
1
1
1
4
22
13
1
2
1
2
334
7
1
2
41
1
1
1
4
8
2
1
16
8
3
1
13
12
3
1
4
2
1
1
2
1
1
3
9
2
3
1
1
1
2
1
6
1
1
3
1
2
1
1
2
1
1
2
22
11
12
15
1
5
1
1
1
2
1
1
2
2
1
7
1
16
2
2
1
3
98
1
3
4
1
16
3
293
81
1
1
1
1
1
3
354
1
1
3
1
1
1
5
45
1
5
2
1
1
1
1
2
6
4
15
15
88
3
2
2
35
1
1
19
1
1
1
3
1
1
1
1
1
13
3
1
3
5
6
2
1
17
8
1
1
1
22
1
68
1
1
1
8
12
5
3
1
31
1
4
4
1
7
2
3
3
2
1
15
6
1
1
3
4
2
184
6
1
1
1
7
2
1
1
2
17
1
7
2
1
4
10
2
1
24
114
3
1
1
4
1
28
5
1
12
1
1
2
1
2
1
3
3
16
167
1
3
15
1
1
1
1
1
1
1
1
2
1
1
197
1
3
1
3
1
1
6
7
8
1
5
29
2
281
21
5
1
1
1
6
1
1
6
2
3
10
14
1
1
2
2
6
2
32
20
25
67
2
6
1
22
1
1
1
2
1
1
1
2
1
1
1
1
3
1
4
1
1
332
4
14
3
1
51
20
1
1
2
1
1
1
1
4
1
1
2
1
54
1
2
33
1
1
1
4
1
1
1
5
2
1
1
1
1
1
3
44
1
4
3
4
4
1
1
1
1
11
1
2
1
1
1
6
38
17
2
13
42
2
226
1
1
4
7
2
65
3
25
6
15
2
2
1
2
3
8
53
18
1
2
24
5
2
16
25
1
4
1
4
2
1
2
1
3
1
8
1
3
4
1
37
170
27
2
1
3
5
16
80
3
2
2
2
3
7
4
147
2
7
1
9
32
1
3
1
2
11
2
1
8
4
13
10
5
9
1
1
1
5
8
25
2
1
3
16
1
3
1
2
1
4
27
15
1
2
1
2
1
1
17
95
1
30
1
1
2
1
4
20
19
12
4
10
2
3
253
6
2
4
1
1
21
10
1
122
1
1
61
8
50
59
26
3
1
5
2
12
2
1
21
10
6
3
1
16
2
21
4
11
8
3
2
1
8
1
8
9
37
1
2
1
18
49
1
1
18
24
72
1
2
2
62
5
1
3
1
15
1
16
17
20
141
6
1
26
1
3
5
1
3
23
189
2
5
4
4
5
2
3
1
4
5
1
1
3
1
15
19
11
3
12
2
1
1
1
1
12
1
1
1
15
5
1
12
27
5
44
9
1
2
7
29
7
10
4
62
6
67
3
41
4
1
19
2
5
226
4
1
48
13
2
56
10
8
7
6
23
20
1
16
69
1
1
10
6
2
1
1
3
1
3
113
1
1
1
2
18
1
1
37
1
1
1
1
1
1
1
1
24
1
153
1
1
1
1
40
1
1
1
1
5
1
2
2
1
2
1
2
1
1
3
1
1
1
1
3
1
7
3
21
1
2
11
3
22
1
3
2
2
1
1
9
3
1
1
2
1
1
1
44
1
16
4
14
2
2
1
1
83
11
4
3
2
18
11
2
8
4
10
5
3
22
41
1
2
1
1
3
1
1
4
1
3
91
2
2
13
1
3
9
1
9
1
4
1
1
1
1
1
1
1
1
1
119
1
297
4
2
6
2
5
3
1
1
1
20
1
33
3
1
61
1
1
1
1
1
117
7
306
44
3
2
1
1
2
1
1
3
1
1
1
1
1
7
1
21
1
1
1
1
1
1
1
6
3
1
1
3
3
1
26
68
1
1
2
2
1
3
5
1
1
1
2
5
1
1
2
6
1
1
20
1
1
5
1
1
1
12
1
1
1
1
1
1
1
1
1
1
1
2
2
1
10
12
5
1
1
1
1
2
42
3
6
1
1
1
3
250
1
1
1
1
1
7
1
4
6
2
18
2
1
1
8
2
3
1
11
1
10
4
9
1
9
1
1
1
5
9
1
5
11
1
8
1
1
1
2
1
1
2
1
4
4
2
2
2
1
7
150
53
3
5
9
7
33
1
4
18
9
2
1
2
5
1
15
2
3
7
1
1
6
12
1
1
2
1
8
1
1
1
1
1
1
13
14
2
1
1
28
1
2
5
5
18
2
1
33
4
3
1
1
1
2
39
1
1
45
1
16
1
1
1
3
2
1
8
4
1
94
2
18
11
8
2
1
1
11
1
1
2
1
1
1
1
1
151
120
1
178
1
1
3
2
6
1
1
1
8
1
24
10
1
1
1
1
3
1
27
1
1
1
1
4
1
1
1
1
4
38
1
1
1
58
1
1
18
1
51
327
58
1
3
22
119
1
4
1
1
1
1
149
2
1
1
1
1
42
1
28
22
2
2
3
1
1
2
133
1
2
1
1
4
1
1
1
2
1
1
3
50
1
1
1
1
92
3
9
1
1
11
1
3
1
1
1
4
3
1
3
1
1
1
2
2
8
1
1
90
10
1
1
1
3
4
2
12
4
1
2
1
19
1
1
1
1
3
1
1
2
1
1
14
2
39
1
2
1
2
53
1
358
1
2
16
1
82
1
13
1
1
1
8
1
1
1
1
1
1
1
69
14
5
1
16
1
13
1
1
51
1
2
3
2
8
12
1
1
1
1
1
1
8
1
2
1
2
1
1
4
1
1
4
1
41
1
1
1
1
2
6
1
1
4
2
3
1
44
27
1
1
6
1
1
12
1
11
1
1
1
1
1
1
1
2
12
1
9
1
1
3
1
2
16
8
1
271
1
2
16
7
2
3
1
1
1
5
1
5
1
1
14
3
2
2
2
1
1
1
1
6
3
2
1
4
1
1
1
3
1
2
1
39
5
1
1
7
1
1
1
2
1
280
4
1
1
1
1
4
8
22
3
173
5
6
1
1
1
1
2
14
1
1
1
1
26
2
1
2
1
2
14
2
10
1
1
4
1
2
336
1
3
1
6
1
1
2
1
1
1
1
4
1
2
1
2
6
1
1
1
1
4
1
2
6
1
235
1
1
1
1
1
1
1
1
1
1
1
1
1
1
1
1
19
1
2
1
1
2
5
99
1
3
4
1
2
1
16
1
74
1
1
11
9
16
3
2
1
364
2
6
1
3
11
3
3
2
1
5
36
1
2
2
3
1
1
5
1
1
129
2
2
1
1
8
1
1
7
53
5
7
7
25
1
5
1
1
3
1
2
1
1
1
3
36
1
2
20
8
44
2
2
8
2
3
1
1
2
13
12
1
1
1
1
2
3
15
3
2
4
1
1
4
1
35
10
1
3
3
5
2
30
3
1
20
29
17
78
40
1
1
3
35
68
59
2
1
4
5
1
8
7
49
199
12
3
147
24
38
7
1
26
1
1
82
6
11
6
1
3
28
1
4
1
4
10
1
7
5
6
27
6
7
1
19
1
2
2
37
4
1
2
3
3
4
96
1
1
1
1
2
15
1
1
1
1
1
1
1
1
1
2
1
1
1
1
2
2
1
1
18
1
1
2
42
2
159
1
1
22
1
11
1
4
1
9
2
55
3
1
1
1
3
8
8
46
1
3
5
2
1
15
3
4
27
1
28
1
21
1
1
13
2
5
20
8
3
9
26
1
1
2
1
1
1
1
1
59
21
41
2
1
1
3
15
1
10
16
1
4
15
2
8
3
1
1
1
1
6
2
2
1
3
1
1
1
1
1
1
1
1
1
1
1
12
1
1
1
1
2
3
1
2
1
3
2
9
1
1
5
1
1
1
1
1
1
204
50
1
1
1
1
1
1
6
1
1
2
2
1
1
1
1
1
1
1
10
1
2
1
1
20
1
1
1
59
1
1
2
1
2
1
3
2
1
1
2
1
1
2
4
5
7
1
4
1
1
1
1
3
2
1
1
10
8
4
1
1
1
14
1
3
1
1
7
6
1
4
118
2
1
1
17
1
1
2
1
1
1
1
1
1
1
1
1
1
3
1
11
1
18
1
1
1
1
1
1
1
1
1
1
1
14
1
2
39
27
1
1
1
1
1
1
2
1
24
1
1
1
1
1
1
4
1
59
1
2
3
73
2
1
21
1
1
3
1
1
4
3
1
1
1
2
1
24
23
1
1
2
1
1
1
1
2
1
2
1
1
1
1
1
1
1
1
1
2
1
1
2
2
1
2
2
1
1
14
1
3
1
1
14
1
1
1
1
3
1
35
1
2
4
1
1
1
3
2
1
1
1
1
1
6
4
10
2
35
108
1
1
4
2
9
1
2
1
3
1
2
39
145
14
4
2
1
1
1
1
1
1
1
1
1
62
1
1
1
1
1
2
1
23
188
1
1
1
1
5
3
1
2
47
46
1
1
2
1
123
4
1
2
1
1
14
1
2
2
5
1
1
1
2
2
5
5
1
1
1
2
43
2
1
2
15
1
1
183
1
1
1
4
3
2
2
6
1
11
2
6
1
13
31
17
6
1
1
1
9
2
1
3
1
1
1
1
1
16
5
8
12
5
1
1
1
1
6
3
5
4
41
3
1
1
1
2
5
1
1
1
14
1
1
6
1
65
15
1
1
2
3
16
3
1
307
3
5
5
14
1
1
8
1
1
2
1
1
2
1
3
47
2
1
2
19
5
176
8
1
1
1
1
1
2
1
1
17
8
1
2
1
116
1
1
1
3
1
1
35
13
4
1
9
38
1
1
1
1
1
2
196
1
23
22
3
1
1
1
14
1
6
8
8
65
27
1
6
3
2
308
9
2
2
1
3
2
11
1
1
1
13
2
222
1
4
2
2
1
10
20
1
1
7
1
1
1
28
1
1
1
37
7
3
1
42
1
8
1
1
1
1
1
1
1
1
1
1
1
1
3
1
1
6
1
1
1
1
1
1
4
2
4
2
1
1
1
1
1
1
5
1
2
1
1
1
4
47
1
1
1
1
31
1
1
59
3
1
1
1
1
1
1
1
1
1
1
24
1
1
1
2
18
1
1
3
1
35
1
1
14
144
16
9
1
1
3
12
1
7
1
1
1
58
8
29
1
2
1
1
1
9
1
2
2
1
1
1
1
1
1
1
53
1
1
1
2
5
1
1
3
2
1
1
81
1
5
74
2
3
1
1
1
1
2
1
2
1
1
1
2
20
2
18
2
1
3
1
1
6
15
7
1
13
1
1
3
5
41
4
6
3
1
8
4
1
1
7
5
1
9
10
7
19
1
1
1
3
1
1
14
18
1
3
1
1
17
1
8
1
1
7
8
1
27
6
1
1
1
1
1
3
20
5
11
4
15
3
1
3
4
29
4
1
1
3
44
8
2
2
1
4
8
2
1
1
1
1
5
163
8
69
2
19
6
2
5
1
20
1
1
60
1
1
3
6
1
172
13
4
15
8
4
93
1
1
1
1
1
1
1
1
4
1
1
1
9
1
2
1
1
9
4
2
7
4
5
2
80
2
1
2
1
3
1
1
1
1
2
1
2
1
4
17
1
1
1
1
1
2
6
10
99
3
2
2
4
3
5
5
348
8
3
1
73
2
1
1
1
1
21
1
12
14
2
11
1
2
1
1
1
1
2
2
1
5
6
1
106
1
2
1
4
1
1
219
2
2
2
10
1
2
1
2
2
2
1
1
1
