12
14
5
17
3
7
1
53
4
2
3
1
8
2
8
2
8
23
15
1
2
2
9
3
1
20
9
1
1
11
14
1
13
5
2
13
18
3
2
1
3
2
4
3
2
3
11
7
13
1
4
3
13
10
14
1
1
4
1
9
11
3
51
1
14
1
2
7
6
1
3
30
74
1
2
1
1
3
4
7
1
9
5
1
1
4
1
6
51
28
4
2
6
3
11
10
5
1
1
1
3
4
3
11
10
6
1
1
2
21
45
4
1
1
1
1
3
6
1
1
3
3
12
34
4
14
3
4
4
10
2
1
5
14
30
1
4
13
1
2
5
2
2
4
12
5
9
7
7
1
1
4
11
7
10
5
3
2
1
1
16
3
4
1
7
2
4
4
19
17
27
2
3
3
1
2
1
1
2
4
2
1
5
1
8
4
6
2
20
1
1
5
1
10
4
2
1
1
11
2
4
5
1
1
5
4
10
27
2
2
2
3
1
2
9
3
2
22
6
2
6
1
3
2
1
6
8
2
3
3
2
7
4
11
5
3
2
7
42
3
6
2
2
24
9
2
10
1
1
8
8
2
1
3
4
1
1
9
3
1
14
1
4
2
2
2
1
4
1
3
1
4
3
1
2
14
7
2
13
3
2
1
2
5
13
17
29
31
2
4
10
2
2
2
2
15
1
3
1
8
2
3
1
9
1
12
1
2
3
4
2
3
1
2
1
10
7
1
3
16
2
3
6
4
1
15
2
1
18
9
2
2
20
2
13
2
3
9
2
2
1
11
4
3
1
8
1
14
2
2
2
2
2
7
3
1
2
66
6
2
3
2
4
11
12
1
1
12
7
8
4
2
2
10
2
3
6
1
9
2
6
6
5
2
2
2
2
5
44
2
1
6
5
2
2
2
1
2
12
1
3
19
2
1
3
1
1
4
2
17
1
4
2
1
3
1
1
7
1
1
1
4
1
2
2
1
1
1
3
1
2
2
4
6
1
2
1
3
28
4
7
4
2
3
5
6
4
1
1
2
13
1
1
25
5
1
2
1
1
2
6
2
10
5
17
57
3
1
4
1
5
4
36
1
2
2
3
3
7
2
2
1
5
1
15
5
1
2
8
3
1
1
1
4
6
2
1
3
12
6
1
5
10
2
2
11
14
1
1
1
3
30
1
3
2
2
1
3
4
1
2
4
1
19
9
1
1
1
3
1
4
11
2
1
1
3
8
9
1
1
2
2
3
2
47
1
3
2
6
2
1
8
1
2
7
1
1
2
2
4
21
2
5
3
5
2
1
7
4
1
4
1
3
1
1
13
1
2
1
4
7
1
4
1
3
1
4
1
1
1
60
2
12
19
2
1
2
20
2
11
2
1
7
2
3
2
2
2
2
3
3
15
8
5
8
16
1
2
1
5
3
41
2
1
4
6
13
2
6
3
1
1
1
31
14
1
1
1
20
1
3
4
3
6
2
2
2
1
2
31
5
7
6
9
2
7
4
6
1
52
4
3
2
9
1
2
18
2
3
2
1
2
10
1
2
19
2
30
2
1
1
3
3
2
2
1
1
3
6
1
14
2
11
1
1
4
1
2
2
1
2
10
2
3
1
7
2
2
1
32
2
1
2
1
2
1
13
1
7
1
17
1
1
1
40
9
4
5
1
3
1
1
1
1
31
3
1
1
2
2
10
5
2
2
1
7
3
16
1
2
2
4
1
24
2
2
22
4
17
8
2
13
1
1
2
3
1
4
1
6
1
6
1
2
2
1
31
6
1
4
5
24
1
1
2
4
3
1
1
3
19
6
2
3
3
2
1
1
10
3
7
18
14
1
1
1
2
2
2
5
1
5
2
3
1
13
2
1
1
3
1
2
1
1
33
1
1
3
8
4
1
1
6
38
4
6
1
1
1
1
3
5
1
1
1
14
28
1
20
1
2
11
14
8
17
2
3
1
5
1
1
2
1
7
9
2
1
1
3
2
16
2
7
3
3
2
2
1
3
2
2
7
1
4
2
4
1
10
1
5
10
3
7
40
1
3
3
3
4
10
1
2
10
2
1
6
2
25
1
16
1
2
5
16
9
8
1
2
3
1
9
2
1
35
3
1
3
13
2
2
2
1
1
2
4
1
2
9
1
25
5
3
2
1
2
2
3
1
1
11
1
2
2
2
4
2
33
2
2
2
2
3
1
1
21
2
2
1
15
1
3
3
3
1
1
3
1
4
22
9
1
3
1
2
8
1
10
4
23
1
4
1
2
1
1
1
1
2
12
2
2
2
1
4
2
1
23
2
13
1
5
1
2
1
38
2
2
15
1
4
1
5
3
18
2
2
5
1
4
5
1
1
7
1
2
2
4
21
7
2
4
9
3
8
1
2
4
4
4
11
3
1
3
3
8
6
1
2
2
1
8
6
2
2
2
20
12
9
6
1
34
12
4
1
3
26
8
2
13
1
2
5
12
7
3
3
1
3
1
1
2
18
1
3
1
3
1
24
20
20
51
3
9
1
4
3
7
2
5
1
5
22
9
2
1
6
1
1
2
1
7
1
1
1
5
6
1
2
1
27
2
2
3
6
6
1
1
6
1
1
1
1
1
3
2
1
1
6
3
1
1
1
2
2
1
3
1
5
6
7
5
1
5
2
29
4
1
15
1
2
4
4
6
2
2
2
1
1
4
18
1
3
2
58
1
1
5
1
1
4
4
1
3
3
2
1
6
1
1
4
2
14
3
1
4
10
8
19
5
4
9
4
1
1
3
5
7
5
41
8
3
1
2
2
1
1
2
2
1
1
3
3
7
2
2
2
6
2
6
4
1
1
2
1
22
5
2
1
3
1
4
1
1
1
1
1
4
2
5
5
1
1
1
3
2
1
1
50
4
1
26
6
2
3
1
3
17
7
1
1
1
4
1
1
5
2
30
9
5
4
2
1
5
7
4
7
1
32
1
1
15
2
1
8
3
4
7
3
1
5
1
7
2
2
1
1
33
1
38
22
1
2
9
3
2
1
1
1
13
1
14
2
5
2
4
1
1
1
3
2
4
14
6
4
4
13
1
2
4
7
2
2
2
1
1
3
2
7
1
42
1
1
2
3
1
7
2
6
5
2
2
1
1
17
4
1
4
2
1
5
1
9
2
1
2
4
4
17
3
1
7
2
2
2
1
3
3
3
6
9
15
1
17
35
2
8
6
4
3
2
27
2
2
1
3
3
1
1
2
7
1
2
5
4
5
2
7
1
6
1
1
1
11
10
5
6
9
3
9
4
5
16
2
5
8
3
6
2
2
3
3
13
1
1
1
1
16
32
1
2
1
65
5
5
3
8
2
4
4
1
6
1
2
8
3
1
2
15
1
1
5
1
10
1
1
1
5
9
1
1
2
1
41
2
5
42
1
2
5
12
6
2
1
5
4
1
4
3
5
2
1
8
12
12
4
1
7
9
1
1
3
12
2
1
1
7
2
3
21
2
6
2
3
5
9
2
2
4
2
4
1
3
1
3
1
3
3
1
1
4
4
2
1
2
1
5
1
23
4
1
3
1
1
12
3
25
5
21
5
3
4
10
1
1
3
2
2
20
5
3
4
3
34
5
4
2
9
2
13
2
1
3
2
1
3
1
8
4
6
5
1
1
2
3
3
1
1
9
6
8
12
17
8
2
1
1
3
1
2
9
1
1
4
2
3
2
6
1
8
5
1
1
4
3
3
3
3
4
9
1
1
4
7
1
9
1
22
1
1
7
8
5
2
6
3
1
11
1
4
1
6
4
1
4
6
9
2
3
9
1
2
4
3
1
3
5
3
1
7
2
2
5
16
4
2
1
7
1
1
2
11
3
5
4
2
2
1
1
6
2
2
3
3
1
10
8
2
15
3
2
3
2
15
1
4
19
2
4
1
10
2
2
1
11
5
12
1
1
1
5
1
5
3
1
1
2
40
29
5
1
1
6
3
3
5
13
29
1
2
12
5
7
1
6
3
8
3
2
13
2
34
31
52
1
5
6
8
3
2
2
1
17
6
2
17
2
1
18
5
12
3
5
1
7
13
5
5
2
24
2
28
2
1
2
1
11
4
7
1
3
13
1
5
3
55
4
1
8
4
1
15
1
3
5
1
1
9
2
1
48
2
4
13
3
5
4
5
2
2
77
6
1
2
5
8
3
13
6
4
3
2
2
2
1
17
2
7
11
2
12
3
15
2
26
17
1
3
3
5
2
15
7
2
21
5
6
6
9
4
