21
5
18
19
4
1
18
1
1
5
2
44
3
11
3
1
27
41
1
29
4
35
3
31
7
1
1
1
20
9
1
4
1
6
8
28
108
6
1
11
1
58
13
3
1
32
1
11
17
24
6
9
1
3
10
3
2
49
55
1
129
22
1
1
14
8
11
2
2
1
66
3
12
14
82
1
26
49
33
2
1
3
22
4
4
78
1
36
2
14
32
115
1
5
5
10
1
2
4
1
2
6
5
3
6
3
1
11
3
14
4
22
1
4
28
22
24
1
13
2
12
3
4
44
45
21
4
6
7
1
32
6
1
10
5
2
1
19
3
12
2
2
2
40
7
17
14
44
23
3
62
1
5
45
1
3
7
37
10
1
53
1
1
16
26
4
2
74
1
46
2
3
11
80
2
3
1
2
24
2
5
7
4
67
24
3
8
10
2
82
8
1
1
3
2
4
2
1
23
14
40
12
7
11
4
97
8
2
2
2
110
6
19
5
2
3
15
9
1
2
9
9
3
8
2
21
35
28
27
27
1
3
2
21
3
81
1
18
1
12
4
10
1
106
6
31
1
14
3
2
1
12
10
1
2
13
10
9
91
1
21
2
31
2
2
2
26
25
1
7
6
1
60
1
10
5
4
26
55
3
25
1
9
2
4
4
12
4
2
1
7
9
49
5
4
1
2
2
31
10
1
5
24
3
3
4
7
3
14
2
2
5
2
3
2
26
10
5
2
13
7
58
2
2
5
4
1
2
12
5
28
9
2
3
14
4
6
1
9
9
2
33
12
106
5
4
1
28
11
60
72
1
2
24
8
3
7
1
5
60
37
1
1
10
3
9
32
6
10
4
1
10
1
5
1
2
1
1
56
1
6
51
1
6
3
4
60
2
1
7
3
4
4
5
12
7
1
43
1
14
13
2
67
8
16
4
1
1
1
2
25
10
5
4
38
1
15
1
72
10
2
47
8
1
3
2
1
3
7
2
33
3
8
7
4
27
14
1
2
3
84
2
3
6
1
30
13
1
11
2
3
38
3
47
5
13
80
2
6
10
1
9
15
1
1
2
118
2
13
2
1
4
1
72
17
30
10
60
2
5
2
1
2
3
5
2
58
5
3
22
101
11
2
5
3
21
17
1
7
3
8
7
10
5
1
13
9
1
9
50
28
25
8
17
18
12
4
9
2
2
4
7
6
21
11
1
1
4
4
5
4
1
27
1
17
1
2
2
1
3
29
19
3
5
7
3
33
5
2
3
1
23
14
6
5
4
2
42
11
17
2
5
19
5
3
9
4
4
8
6
2
9
1
1
7
3
9
37
38
2
11
2
1
4
74
98
1
27
2
16
1
1
3
22
43
5
10
5
2
8
2
9
1
34
1
2
2
1
20
1
7
15
2
2
3
2
1
7
22
11
2
2
7
12
3
3
6
6
2
46
6
10
1
50
3
11
2
84
3
23
2
23
1
6
2
2
37
11
15
39
26
4
25
3
4
11
3
3
7
6
1
14
12
3
14
2
15
1
15
58
9
5
9
68
2
1
24
15
5
4
3
3
3
51
22
2
3
3
1
7
6
6
1
32
83
6
2
30
35
26
2
10
112
6
5
2
7
1
61
2
2
4
3
10
11
3
15
8
6
12
20
1
5
15
5
2
5
1
4
8
1
28
1
3
4
4
7
2
6
2
16
70
1
13
2
1
2
13
1
1
43
11
12
13
1
58
8
2
8
1
12
2
3
1
1
3
70
5
3
2
2
2
2
9
15
5
16
1
1
4
1
5
2
16
9
38
16
1
2
7
60
18
18
17
23
1
1
5
4
6
12
39
41
1
9
4
41
127
32
53
1
12
16
2
2
18
1
11
4
2
33
1
8
2
1
41
9
25
1
1
7
4
17
1
1
2
2
22
1
12
27
17
68
12
8
3
6
1
56
63
10
8
1
15
2
30
3
2
6
49
15
6
3
3
22
2
1
7
2
4
106
3
91
26
6
31
4
3
1
12
1
14
7
5
3
2
5
4
1
11
7
42
19
30
1
5
65
6
2
6
20
3
16
2
2
41
7
2
1
84
16
3
1
8
8
12
6
4
2
1
4
3
1
2
7
36
4
4
16
90
23
3
2
10
20
1
4
10
12
1
22
1
1
2
3
23
2
6
1
3
12
5
2
6
7
4
33
5
1
8
16
24
21
14
5
13
26
2
60
11
3
3
8
1
2
2
23
2
9
66
3
4
5
1
9
8
2
10
41
2
5
1
74
5
2
8
2
17
13
1
18
2
50
10
33
6
2
1
2
1
110
5
34
1
56
3
10
18
1
2
2
15
4
41
2
1
32
11
20
113
1
2
1
37
11
43
29
1
2
2
9
3
4
4
21
1
2
8
10
1
4
1
10
9
3
4
44
3
14
3
17
1
10
32
20
1
1
1
34
3
2
29
1
4
2
63
2
61
1
1
1
3
6
37
40
12
1
11
2
14
2
28
3
1
1
3
4
8
3
3
3
96
5
28
4
6
8
15
17
13
18
5
1
4
31
6
40
1
4
3
2
2
1
12
2
4
1
27
83
3
2
5
19
5
3
26
2
1
16
7
100
3
4
3
1
2
6
2
5
4
60
27
11
1
23
1
4
15
9
4
1
2
2
2
3
11
1
2
11
6
1
2
3
3
21
35
1
3
4
2
40
1
16
12
23
1
1
17
7
18
1
5
1
39
13
1
2
8
58
10
3
3
57
1
79
3
6
1
1
1
1
12
1
11
3
54
8
5
2
1
79
5
19
5
11
19
20
2
1
1
16
26
4
2
68
2
14
10
16
2
2
67
2
10
32
2
4
2
18
3
1
3
6
11
7
2
1
1
7
15
17
11
3
1
1
1
5
14
23
17
1
1
9
2
9
104
1
2
10
1
2
4
2
2
15
2
7
1
2
5
1
1
2
9
17
1
3
3
2
90
2
4
3
2
2
6
38
27
28
9
3
2
4
65
1
1
2
4
6
15
7
22
2
3
57
7
2
1
28
50
1
9
1
20
1
1
5
7
3
3
1
8
5
4
4
33
6
30
4
8
1
8
1
11
2
22
66
5
6
11
5
1
1
1
27
4
26
1
3
2
104
4
1
17
3
87
20
9
2
3
1
7
1
39
3
2
5
21
7
3
2
2
3
1
1
2
2
1
2
1
3
2
4
2
1
13
5
1
7
15
2
2
26
7
1
2
7
4
22
3
6
3
3
17
8
7
3
6
20
4
2
17
19
1
1
1
5
8
4
7
2
3
3
5
2
5
3
4
4
6
1
1
8
1
16
35
15
36
6
8
13
25
9
3
18
70
5
23
6
6
38
62
3
90
11
42
3
5
18
3
39
2
19
5
3
8
14
8
8
2
46
4
1
52
33
6
1
22
16
1
17
5
10
1
2
5
1
1
73
4
13
18
1
18
32
1
13
3
5
3
2
6
15
2
2
3
9
81
70
1
1
1
1
19
19
2
1
1
3
20
13
3
44
3
7
9
20
8
2
44
13
3
13
2
20
7
4
7
1
1
1
8
13
41
2
17
11
2
2
11
6
1
4
5
2
27
1
2
26
5
2
20
1
1
2
2
2
8
24
2
6
7
9
6
9
8
7
109
4
39
1
2
26
13
5
17
3
1
1
1
11
5
6
1
2
3
1
4
1
9
5
8
1
63
17
8
5
5
12
1
7
11
5
28
14
12
48
1
9
28
1
2
1
2
13
2
24
2
17
3
6
4
1
151
1
11
2
11
18
64
1
2
29
111
9
4
3
4
2
14
29
7
2
41
13
27
37
87
2
4
2
7
48
3
1
1
8
38
7
3
8
50
24
25
101
3
8
2
48
5
3
10
27
17
12
1
1
1
2
3
2
5
3
2
20
1
1
1
3
5
48
85
3
1
6
1
8
8
86
14
80
6
2
31
4
1
2
31
