15
1
12
1
2
94
2
12
12
81
3
11
80
2
10
20
14
123
488
8
19
28
23
19
156
2
2
1
52
140
24
9
1
1
8
1
2
1
43
7
7
1
2
14
2
13
1
3
57
2
200
88
10
9
18
20
23
2
16
69
75
3
18
75
475
12
3
7
26
5
16
90
3
55
38
53
20
1
13
12
2
5
29
3
14
19
5
1
2
26
1
3
3
1
10
142
11
2
12
3
5
5
73
1
2
3
6
2
4
99
76
2
3
37
8
66
7
4
310
7
4
13
5
24
2
16
2
12
17
6
17
3
39
68
4
14
4
1
111
4
105
8
7
221
25
16
1
18
6
90
2
1
15
8
12
1
19
30
5
15
48
10
13
3
3
1
2
1
140
3
13
116
73
1
1
87
36
2
1
63
3
7
94
26
1
22
2
2
1
1
12
514
4
5
5
1
94
7
9
1
10
29
8
1
5
41
96
127
3
6
7
57
75
3
16
14
1
15
1
13
8
2
1
577
126
15
102
7
64
1
9
8
4
45
2
2
7
2
24
1
132
6
24
1
5
10
28
3
16
1
6
2
1
24
1
70
1
1
7
94
3
4
2
2
5
46
18
2
65
5
3
39
90
2
2
3
13
12
2
6
35
11
6
3
17
29
4
27
3
1
41
546
7
4
34
1
2
5
3
8
43
1
33
5
107
4
1
5
