26
4
5
2
2
5
8
9
1
6
1
8
27
12
1
12
3
1
18
11
12
28
1
2
5
1
1
2
12
1
1
2
2
1
5
3
7
1
1
3
9
2
3
9
5
4
1
2
20
3
1
3
2
1
1
21
1
2
9
3
1
1
1
1
1
5
3
1
1
1
3
3
1
4
1
1
9
3
9
2
1
1
4
1
4
11
1
4
19
7
9
2
7
2
2
4
6
4
1
12
3
3
2
2
2
1
12
2
1
2
1
3
2
2
11
2
2
3
1
1
1
1
13
7
1
1
3
1
4
2
5
6
2
9
2
21
1
2
5
1
2
1
6
6
5
6
1
1
6
8
1
4
1
5
5
1
8
25
6
1
1
6
2
3
1
3
1
3
12
13
1
12
2
1
3
1
2
13
1
1
1
2
6
6
1
16
3
1
3
17
2
15
1
2
15
3
1
10
7
8
1
8
1
1
1
2
2
16
3
1
2
2
3
2
1
35
2
3
9
12
1
20
4
1
2
1
3
1
3
11
6
1
5
1
1
1
1
12
2
2
2
9
1
2
1
1
8
8
8
1
19
1
1
2
23
4
7
6
4
1
3
2
12
4
3
1
5
4
1
1
1
3
1
6
23
2
6
2
2
26
2
2
3
1
4
2
4
1
3
10
2
10
17
10
6
22
2
21
2
1
1
2
14
3
1
1
5
7
2
1
1
10
8
2
4
9
1
4
1
3
4
1
2
3
4
2
1
11
4
5
2
1
1
3
2
3
24
1
3
4
2
1
1
1
6
30
21
2
1
3
1
4
3
1
5
16
2
2
4
1
1
1
1
7
32
1
1
4
5
2
6
3
9
2
2
3
2
1
2
2
1
14
1
2
1
2
5
7
20
18
14
3
1
3
1
5
1
9
1
2
2
14
3
2
1
1
8
1
1
1
1
2
1
19
5
1
5
10
3
1
2
4
24
5
6
1
1
1
5
2
2
26
2
1
10
1
3
1
1
1
13
1
1
8
2
9
3
13
10
12
12
1
1
6
10
1
1
1
1
1
4
1
3
8
2
2
1
2
3
2
3
4
1
1
5
3
9
2
2
1
2
10
3
2
12
12
6
2
5
14
1
5
3
9
4
4
2
2
2
5
3
1
12
2
20
1
2
2
1
1
10
1
2
3
6
20
1
6
10
1
8
4
4
2
1
4
1
1
1
13
1
1
5
1
5
2
2
10
1
17
6
4
3
4
7
1
1
11
1
6
2
4
2
1
1
2
2
9
4
3
2
1
3
4
1
1
4
1
3
5
3
3
4
2
1
2
4
4
1
2
1
1
7
26
8
7
6
16
1
2
11
1
3
1
1
6
1
22
1
1
6
2
27
2
1
8
3
10
6
19
4
6
3
2
1
2
1
3
1
2
2
1
5
7
2
2
1
1
1
12
4
2
3
16
9
3
11
5
5
2
1
1
2
1
4
2
2
3
2
10
1
26
11
3
33
1
1
7
8
13
10
1
2
1
1
2
3
2
1
5
2
18
2
4
16
26
6
1
4
1
1
1
1
11
4
1
2
16
4
6
2
1
8
2
3
2
3
12
4
4
1
2
3
2
4
2
1
5
2
3
1
2
2
23
1
1
2
