2
2
5
7
5
1
1
21
7
2
3
1
1
6
33
7
2
5
51
10
15
3
1
2
6
14
1
2
2
21
9
4
5
2
1
5
25
11
65
1
17
34
1
14
16
24
2
5
2
1
3
5
2
11
86
2
1
1
30
3
3
4
6
77
3
4
3
1
9
2
3
3
28
11
3
2
3
10
9
2
1
6
13
10
3
1
8
1
2
5
63
3
2
12
1
2
9
2
1
1
6
9
5
5
2
5
2
1
7
54
6
3
4
17
1
5
2
4
28
14
12
2
6
1
31
4
1
5
1
2
2
20
1
14
1
36
2
1
5
1
6
12
9
3
3
1
1
22
1
1
16
1
5
13
3
7
1
5
1
4
9
14
24
7
1
6
3
2
39
3
7
3
14
1
1
1
20
8
3
3
16
1
7
7
2
2
4
12
8
24
3
1
9
15
5
1
10
1
11
1
19
1
2
3
6
4
4
19
2
6
4
23
49
1
1
8
58
2
6
2
5
14
1
4
3
2
29
3
7
3
1
74
5
2
10
7
2
2
9
2
4
9
5
2
63
1
4
2
24
1
2
13
4
4
8
13
6
20
4
6
9
2
1
2
19
1
1
1
3
2
61
12
3
25
2
6
7
1
3
1
1
6
9
4
1
100
15
21
52
27
2
2
1
3
2
2
1
1
1
6
10
2
1
2
1
101
1
6
10
16
4
1
1
2
25
2
9
1
11
2
3
4
8
9
8
2
18
3
3
30
3
1
8
4
1
1
16
2
1
7
1
65
5
2
1
9
2
6
1
1
5
3
13
1
2
9
4
1
6
14
10
3
36
1
2
3
3
1
1
6
3
3
14
3
23
1
2
10
1
29
1
2
23
37
4
4
7
2
11
19
7
3
8
13
1
2
6
26
4
3
2
12
1
1
1
3
8
2
2
1
1
37
7
5
1
9
7
1
41
2
2
4
1
1
11
14
1
1
1
3
2
24
13
1
2
1
1
1
1
6
1
4
2
7
1
7
1
1
6
2
4
2
2
2
5
2
7
2
1
3
1
7
5
1
2
46
4
2
36
12
1
2
1
1
1
15
8
11
13
1
26
13
2
2
30
4
1
2
3
13
21
2
3
2
27
2
2
2
1
1
2
10
3
6
19
8
5
2
2
2
12
4
3
1
1
4
12
9
1
5
10
7
3
13
3
13
3
69
12
2
8
7
5
4
29
2
2
2
3
8
1
1
4
2
3
2
1
7
1
14
1
35
10
1
2
1
10
1
11
5
11
3
1
5
3
2
4
2
7
6
5
4
2
6
1
2
2
2
90
6
2
3
4
1
1
1
37
3
2
11
5
1
4
1
1
13
12
2
4
4
2
3
3
7
3
9
13
1
1
4
12
8
18
28
9
2
2
1
17
2
3
5
1
21
1
3
32
10
11
7
8
4
3
43
5
1
1
4
1
6
8
2
61
1
11
3
6
53
28
2
4
1
9
3
1
35
4
27
1
13
9
32
17
11
7
1
6
2
34
1
1
2
9
21
1
3
1
18
2
2
1
2
2
18
4
8
4
2
51
1
1
18
2
9
6
5
2
1
6
1
2
1
9
69
7
1
4
4
2
4
3
4
4
3
1
4
34
4
9
1
1
3
1
3
3
1
1
2
9
4
1
1
4
1
23
2
1
1
1
1
1
2
12
15
1
1
14
3
1
1
46
20
1
1
51
11
2
3
2
1
4
39
9
21
2
30
1
8
1
12
2
1
8
53
27
2
16
10
1
1
7
8
39
2
9
10
2
1
4
2
1
3
1
1
28
1
18
3
5
9
5
2
5
72
2
3
36
2
2
4
7
3
18
2
13
1
2
2
60
3
6
2
7
19
1
3
4
3
8
3
23
13
2
6
28
10
5
3
10
3
6
7
10
1
6
3
1
2
13
6
3
29
3
7
1
4
7
48
21
3
2
12
70
54
2
2
4
1
30
4
4
6
10
8
4
1
11
5
1
7
2
3
7
7
3
6
2
1
6
1
3
1
6
2
1
3
12
1
3
8
3
6
13
2
11
12
1
5
21
76
3
18
10
38
10
15
1
3
2
12
1
17
2
2
1
9
4
29
14
2
7
5
3
2
3
5
29
2
2
3
1
1
45
18
5
1
3
9
3
5
32
1
22
5
1
2
3
3
41
1
1
9
5
1
5
12
2
2
11
3
3
9
36
2
1
22
26
1
13
1
11
23
12
8
6
3
1
15
8
1
1
1
1
12
56
2
1
16
16
1
14
2
3
13
7
1
21
5
5
3
3
2
10
16
3
8
1
1
26
2
12
5
1
19
20
1
1
43
2
2
2
8
2
9
6
3
4
8
13
3
3
25
1
5
14
17
108
22
3
1
20
2
7
1
15
1
6
23
1
30
41
11
2
1
27
2
6
1
14
3
1
1
72
2
15
4
6
19
5
1
4
2
5
3
14
5
5
2
9
7
3
4
9
1
3
3
5
21
14
4
2
18
2
1
111
5
9
44
9
3
5
6
21
6
1
1
2
15
5
13
3
6
4
5
49
2
18
1
41
4
1
32
1
2
2
3
9
23
1
4
10
18
7
75
3
9
1
16
10
1
8
3
3
3
6
40
13
28
9
1
2
1
2
5
3
20
2
10
15
5
5
14
13
7
13
1
1
14
1
2
1
1
13
1
22
6
2
1
1
4
1
1
34
10
2
17
12
3
1
1
48
7
1
6
2
17
1
7
1
2
12
4
13
16
4
9
3
1
9
5
4
9
4
44
59
29
4
1
2
3
2
7
22
7
1
2
5
19
13
22
3
6
2
5
2
8
15
8
2
3
1
3
6
6
14
1
46
10
4
1
4
1
13
6
2
9
5
19
6
9
1
17
2
11
7
46
1
4
6
4
1
3
3
4
1
17
1
9
12
16
1
2
22
2
1
15
3
37
10
35
1
2
7
3
5
36
3
8
12
37
16
3
4
4
12
1
1
7
5
2
1
3
55
4
12
9
10
12
6
108
2
24
3
1
5
18
22
10
5
4
3
20
1
58
1
29
4
7
9
26
1
2
2
1
5
1
29
9
4
3
1
1
1
1
2
30
7
72
3
2
5
2
12
14
4
18
4
1
5
1
2
4
2
1
1
6
3
11
2
2
1
21
6
6
9
11
2
4
2
29
1
7
7
44
6
1
4
39
2
1
3
3
8
79
2
8
2
10
42
3
1
16
3
6
2
35
22
13
1
58
7
9
2
14
3
30
2
41
6
5
2
6
55
9
2
5
5
30
12
9
3
1
2
25
11
1
10
2
2
94
1
1
1
2
32
1
3
3
2
14
1
1
9
2
1
5
22
42
4
8
11
2
2
3
8
29
10
1
1
2
3
4
3
1
2
3
2
23
2
4
8
2
19
6
6
40
11
13
7
3
9
41
1
2
2
12
1
2
2
14
8
1
1
6
1
7
8
2
3
1
1
7
2
4
1
1
3
2
4
23
27
1
2
3
32
2
1
26
44
19
1
1
3
1
2
12
44
1
56
17
12
14
3
1
6
2
3
6
1
6
14
1
2
3
13
14
1
1
5
1
1
6
5
13
53
63
2
1
1
2
2
19
4
6
11
1
2
4
2
1
3
9
4
50
3
5
9
1
1
1
2
3
3
5
2
8
3
16
10
13
3
13
1
7
2
2
1
5
27
5
2
26
10
11
4
1
26
2
18
9
13
4
10
16
2
1
3
10
18
2
21
16
16
6
2
62
1
15
2
9
4
10
2
10
1
1
4
2
3
1
1
15
42
50
32
2
10
1
11
18
11
3
2
14
6
6
3
23
8
19
2
3
2
20
14
12
6
3
6
6
3
2
1
19
1
2
3
2
3
1
29
2
9
9
5
4
1
4
4
2
2
2
8
1
21
39
10
16
9
21
6
22
8
6
5
2
3
5
10
3
7
2
6
26
76
1
9
1
4
6
2
3
3
15
12
3
1
2
2
16
6
4
13
7
1
1
1
52
2
16
35
1
1
17
4
20
2
1
2
10
1
5
15
16
1
3
23
8
1
12
1
5
18
14
3
4
24
18
6
8
10
2
1
4
24
1
84
2
1
2
2
17
1
2
4
1
2
7
8
3
12
10
1
3
23
74
1
3
3
2
2
8
6
4
36
1
3
4
3
4
3
8
1
5
1
6
4
4
63
18
85
4
68
12
2
8
4
6
8
6
2
9
4
9
1
7
1
14
12
1
20
4
4
3
7
75
3
2
1
9
2
9
7
3
10
2
3
1
7
4
11
3
92
6
7
6
2
19
2
2
2
7
1
2
1
2
19
7
13
1
11
22
2
11
2
11
1
3
7
6
2
2
1
10
2
5
3
1
6
3
1
110
90
6
1
1
62
4
1
1
2
4
10
7
2
5
29
1
2
4
2
22
2
10
9
4
4
1
5
2
2
2
7
3
14
2
21
65
4
18
1
11
4
12
1
2
6
19
7
1
8
1
7
2
1
9
1
56
9
2
8
14
4
2
11
6
9
1
22
19
34
1
3
2
5
3
9
3
17
3
1
11
1
4
9
10
3
1
2
1
1
4
1
2
1
3
3
2
23
27
14
2
2
5
8
5
13
1
5
2
5
22
7
7
19
61
11
13
27
1
12
14
2
2
1
24
4
2
43
1
6
9
2
17
1
1
7
7
3
19
1
1
12
9
4
1
27
1
11
32
6
1
1
12
60
27
12
1
31
3
18
1
14
1
5
20
12
6
19
9
2
1
1
9
8
26
3
7
1
6
3
6
1
9
9
10
2
3
1
45
3
9
5
7
38
3
11
3
17
12
10
1
1
5
8
1
2
11
1
3
6
2
23
9
7
3
1
8
4
18
3
62
1
8
1
2
17
7
4
1
14
7
3
1
5
5
36
4
1
40
3
2
1
2
1
3
1
2
6
1
3
1
3
2
4
2
1
15
1
3
6
3
1
7
4
3
2
3
16
1
21
26
1
27
7
1
1
54
2
1
21
42
13
4
2
8
6
2
2
3
2
2
1
1
1
1
2
8
8
2
1
15
72
8
2
16
1
3
1
2
1
2
1
2
1
18
10
3
3
1
5
1
3
4
2
17
3
34
1
6
6
1
5
9
9
2
10
1
5
7
18
5
1
2
2
1
5
3
5
1
12
6
4
1
3
1
59
15
3
1
1
4
16
3
5
1
11
1
2
26
11
15
5
24
10
1
5
3
1
8
3
5
4
1
1
3
4
2
1
2
12
31
21
1
5
2
2
3
20
3
11
9
5
3
2
6
4
3
8
12
2
1
7
16
2
4
4
3
4
17
2
2
12
7
52
2
3
8
1
3
7
1
1
4
1
8
12
6
3
3
28
7
3
3
7
12
1
2
4
3
5
8
1
12
3
3
2
10
5
1
5
20
30
4
2
3
57
21
1
2
2
1
39
5
5
11
17
2
3
2
34
1
4
1
9
2
4
2
5
2
3
2
1
5
7
9
19
58
6
9
41
2
2
46
9
1
4
3
1
2
3
1
6
30
3
5
5
8
24
12
4
7
2
4
2
2
2
4
1
17
9
2
2
4
2
1
1
4
12
3
1
3
13
24
3
1
1
1
5
4
2
1
9
1
4
3
4
2
2
5
2
3
4
2
2
9
7
1
3
2
28
9
8
1
2
1
3
92
7
7
2
44
24
1
1
7
49
12
1
4
1
6
8
17
6
3
1
12
5
12
10
22
1
1
3
6
31
8
9
3
3
2
12
1
2
14
1
2
5
4
2
7
10
1
8
5
1
4
1
9
3
2
51
12
4
56
4
18
3
7
87
29
1
4
1
4
12
1
3
15
10
2
11
3
4
26
1
9
14
18
1
8
1
2
8
12
5
24
13
26
5
3
2
1
12
10
9
13
1
1
4
1
10
36
5
3
50
4
5
5
2
4
9
11
2
1
1
8
5
1
5
22
2
4
26
3
4
23
1
23
4
6
1
23
16
19
21
1
2
5
73
7
29
3
2
1
2
15
5
1
1
3
1
5
1
2
3
19
5
27
4
1
1
2
13
2
4
5
12
5
31
7
4
1
58
59
1
19
3
2
1
3
9
1
2
2
3
3
7
19
11
49
28
19
2
5
17
4
28
2
2
8
11
1
5
3
4
1
2
18
12
2
1
51
1
1
2
2
14
3
6
6
7
46
2
6
28
6
1
2
1
17
2
1
15
1
1
2
1
1
15
1
1
1
1
2
2
8
3
1
1
1
2
6
1
8
1
1
18
10
7
16
20
1
2
5
2
51
1
2
1
1
2
19
1
41
2
35
1
8
6
7
5
4
3
7
2
5
8
18
5
3
4
1
1
2
2
1
3
1
12
12
3
6
2
2
72
10
1
2
4
10
2
3
28
1
2
4
16
6
6
45
8
1
6
1
2
20
5
1
51
9
1
46
4
2
2
4
7
3
1
7
2
3
29
1
9
20
4
1
25
9
3
5
1
9
1
2
17
3
5
10
9
6
2
27
2
34
1
1
2
2
