3
1
2
10
16
2
1
1
1
3
4
2
2
1
1
2
1
1
2
1
4
2
2
3
12
1
2
11
2
3
2
2
5
15
27
3
2
2
2
17
1
6
9
11
2
1
1
1
3
1
5
2
1
2
2
1
2
2
3
2
1
5
2
1
2
2
2
1
2
1
2
2
1
2
2
1
1
1
30
11
1
4
2
1
11
6
2
3
11
1
2
1
6
1
2
1
14
1
5
1
12
1
6
19
1
1
4
2
2
1
3
1
1
4
4
1
1
1
8
2
3
3
1
5
5
17
9
1
5
1
24
1
2
2
1
1
1
12
2
1
1
2
3
7
1
19
1
6
6
1
3
14
5
21
11
2
9
5
7
1
12
1
3
1
3
2
7
2
2
6
12
5
4
5
3
1
1
5
1
3
4
1
1
1
2
3
2
1
7
10
1
3
1
4
1
3
1
2
2
16
2
1
1
1
3
7
9
1
1
2
2
2
1
23
6
2
2
8
5
1
1
5
3
4
1
4
3
14
1
5
23
4
2
14
4
3
6
2
1
1
1
1
2
2
2
3
3
7
2
2
3
2
1
1
2
9
4
2
6
4
1
13
1
2
10
4
1
2
11
9
4
7
6
5
9
4
2
8
2
9
1
4
6
4
1
2
30
6
2
2
2
7
6
19
6
4
8
2
1
1
1
5
1
6
2
3
3
1
3
13
1
33
4
1
3
17
1
1
9
2
2
16
1
4
1
6
8
4
5
1
2
4
4
2
8
2
21
4
3
1
1
1
4
3
2
1
2
4
1
3
3
4
1
4
1
50
2
7
1
9
1
1
1
4
3
4
5
2
4
1
2
3
1
3
2
6
4
1
1
2
6
2
11
1
1
3
1
15
2
2
1
1
1
18
2
8
4
2
