3
1
24
4
16
266
35
8
48
75
3
8
3
5
36
53
15
14
40
1
42
4
126
68
492
19
120
2
370
3
41
9
1
361
7
3
8
1
74
16
16
4
32
13
3
50
2
42
2
1
5
3
69
4
35
1
3
50
210
11
1
8
52
71
229
2
19
8
7
52
35
1
16
54
19
37
58
1
7
11
18
36
8
70
1
47
3
50
24
303
11
23
3
361
13
12
28
114
7
1
10
31
29
45
72
11
12
1
247
2
18
2
160
143
2
7
30
4
2
275
47
186
55
50
47
236
1
6
18
14
30
120
2
25
6
156
1
4
2
8
2
3
399
31
112
1
126
11
16
29
207
63
23
3
6
157
52
12
3
16
26
9
10
10
4
60
2
6
31
63
2
35
4
11
205
4
4
3
3
2
24
6
3
16
17
139
1
197
15
13
64
46
70
4
18
9
47
9
2
2
19
43
1
7
2
1
65
2
24
31
70
33
1
15
3
21
13
172
7
13
122
96
3
38
18
13
39
5
66
59
73
131
14
3
3
3
37
1
7
43
1
20
1
11
19
7
3
133
31
7
51
52
45
73
75
7
1
22
9
7
10
1
2
5
5
50
163
21
7
1
1
35
47
29
4
7
30
6
29
134
27
5
23
33
2
41
5
2
6
68
75
108
3
4
9
28
8
7
3
61
4
6
6
344
51
362
2
63
3
1
12
182
214
35
114
2
23
2
63
8
6
18
16
159
9
3
18
239
3
3
36
47
1
266
8
64
13
13
11
13
12
17
51
43
4
25
26
23
5
6
2
198
9
1
5
3
22
32
23
46
5
31
1
4
23
8
36
19
9
20
2
10
4
38
21
4
204
40
1
5
31
115
25
16
130
1
31
1
39
3
1
2
6
131
72
196
6
68
4
13
12
85
269
23
3
41
3
4
277
12
44
16
5
132
151
9
248
61
1
278
37
2
4
52
5
10
26
35
15
53
59
67
11
19
10
8
8
9
4
115
1
99
2
30
6
7
20
2
24
21
73
13
13
1
2
19
339
3
41
9
2
240
18
29
178
80
19
227
45
1
7
26
6
1
9
7
56
10
2
9
8
30
5
1
1
58
7
1
11
3
86
17
27
2
157
22
69
5
175
49
10
6
1
6
12
15
6
2
254
3
13
16
1
30
5
1
2
16
165
2
18
177
4
4
3
10
56
69
8
62
106
10
25
1
10
5
77
34
8
88
3
100
23
23
2
51
11
13
20
84
11
6
39
12
30
2
33
101
10
5
6
1
94
3
2
9
42
8
18
18
7
1
48
142
17
111
9
240
18
56
44
7
1
145
65
70
5
87
34
11
35
7
6
80
85
4
13
20
14
17
77
4
1
29
51
107
11
11
15
25
2
2
13
5
4
3
85
4
7
32
120
9
9
16
8
1
7
6
12
23
3
3
1
6
6
20
9
1
4
14
11
22
2
3
40
94
4
21
21
17
8
8
6
10
3
11
13
4
51
53
3
304
23
11
56
61
1
1
65
4
2
63
82
1
8
35
1
31
20
2
70
36
10
65
135
42
26
6
1
37
9
9
112
11
6
195
220
33
16
10
7
59
5
2
40
38
21
2
1
193
1
7
11
21
3
8
24
18
30
13
10
1
4
4
43
18
8
45
7
5
55
215
45
33
82
2
29
41
21
144
50
16
2
177
5
6
2
1
69
355
3
66
15
30
42
30
1
2
5
9
12
26
118
9
54
22
5
89
46
3
77
1
64
70
28
10
5
32
13
1
2
8
18
13
8
1
21
25
2
7
54
23
10
71
25
4
6
18
6
58
7
4
2
48
3
2
275
1
4
51
1
5
4
17
3
2
15
7
20
27
29
2
6
4
2
49
98
53
2
3
44
34
5
1
6
12
13
46
76
3
9
1
36
2
15
13
35
7
57
46
16
1
4
5
7
6
3
3
1
2
36
6
1
60
10
2
9
14
20
1
213
3
4
11
1
15
6
9
15
2
9
13
10
6
45
213
4
10
130
3
89
4
3
12
4
2
10
4
19
29
1
6
38
22
28
136
60
332
1
3
32
3
7
20
16
195
13
93
22
14
36
6
9
21
61
5
6
3
114
19
109
50
20
16
6
1
32
1
11
6
18
31
5
19
22
67
2
12
2
1
85
195
20
56
25
7
33
477
8
39
11
3
2
24
7
1
9
4
61
1
15
12
7
477
1
18
3
5
1
1
4
49
142
121
207
136
4
23
105
38
45
1
1
20
135
2
4
227
5
11
3
1
63
19
17
2
39
76
4
63
120
16
15
11
390
54
368
27
14
15
110
129
6
204
1
2
10
2
49
15
12
402
5
38
7
15
22
222
36
84
40
39
7
195
17
1
10
4
40
2
16
1
43
95
22
13
13
7
1
29
7
1
67
1
142
137
14
11
34
9
4
42
16
226
29
36
11
119
46
11
6
1
2
25
4
55
1
22
116
1
2
7
18
3
13
32
57
20
29
160
3
2
3
7
5
24
2
209
112
124
21
3
23
6
3
45
51
13
2
283
1
4
10
75
12
12
7
1
13
9
60
1
12
28
1
1
1
1
1
1
1
1
1
1
1
1
1
1
1
1
1
1
1
1
1
1
1
1
1
1
1
1
1
1
1
12
1
16
1
1
1
1
1
1
1
1
1
1
1
1
1
18
1
1
1
1
1
1
1
1
1
1
1
1
1
1
1
1
1
1
1
1
1
1
1
1
1
1
1
1
1
1
1
1
1
1
1
1
13
6
1
1
1
1
1
1
1
1
1
1
1
1
1
1
1
1
31
1
1
1
1
1
1
1
1
1
1
1
1
1
1
1
1
1
1
1
1
1
1
1
1
1
1
1
1
1
1
1
1
1
1
1
1
1
1
1
1
1
1
2
1
1
1
1
1
1
1
1
1
1
1
1
1
1
1
1
33
1
1
1
1
1
3
1
1
1
1
1
1
1
1
38
1
2
1
1
42
20
1
1
1
1
1
3
1
14
1
1
1
1
1
1
1
1
1
1
1
1
1
1
1
1
84
1
1
1
1
1
1
1
1
1
1
1
1
2
1
1
124
1
1
1
376
1
1
1
1
1
1
1
1
1
1
1
1
1
1
1
1
1
1
1
1
1
1
1
2
1
1
1
1
1
1
2
19
1
1
22
1
1
1
1
18
1
1
1
1
1
8
1
1
1
1
13
185
1
1
3
1
1
1
1
1
1
1
1
1
1
1
1
1
1
1
1
1
1
1
1
1
1
1
1
1
1
30
1
1
1
1
1
1
1
1
2
1
1
1
1
1
1
1
1
1
1
39
1
1
1
1
22
1
1
2
1
1
1
1
1
1
32
1
1
1
1
43
1
1
1
1
85
1
1
1
1
1
1
1
1
1
1
1
1
1
1
1
1
1
1
63
1
1
2
1
1
1
1
1
1
1
1
1
1
1
1
1
1
1
1
1
1
1
1
1
1
1
1
1
18
1
3
1
1
1
1
1
1
1
1
1
3
1
1
1
1
1
1
1
1
3
1
1
1
92
1
1
1
1
1
1
1
1
1
1
1
1
1
1
1
1
1
10
1
1
1
1
1
1
1
1
1
57
1
108
1
1
1
2
1
1
1
1
1
1
35
1
2
1
2
25
1
1
1
1
1
1
1
1
1
1
1
1
1
1
1
1
1
1
1
2
1
1
366
2
1
1
1
1
1
1
1
1
1
1
2
44
1
1
1
1
1
1
3
1
1
1
1
1
308
1
1
1
1
1
1
1
1
1
1
1
1
1
1
1
1
1
1
1
6
1
1
1
1
1
1
1
1
3
1
1
1
2
1
1
1
1
1
1
1
2
2
25
1
1
1
2
1
1
1
4
1
1
1
1
1
1
1
1
16
1
1
1
2
309
2
1
1
397
1
1
1
16
20
1
1
1
1
1
1
1
1
1
2
1
1
2
1
1
1
7
1
1
2
1
6
2
1
1
1
1
1
1
1
1
1
1
1
59
2
1
1
1
1
1
392
1
1
1
1
1
1
1
17
18
1
1
1
39
26
1
7
30
2
37
1
1
1
1
1
1
1
1
1
1
1
1
1
1
117
11
1
1
1
1
6
1
1
1
1
1
1
1
1
1
1
1
1
1
66
1
1
6
9
1
1
1
1
1
1
1
1
1
1
2
1
1
1
1
1
1
1
1
1
1
1
1
1
1
355
1
1
7
1
1
1
1
1
1
1
1
1
1
1
1
1
1
1
1
1
1
1
2
1
1
38
1
1
1
1
4
1
1
1
12
1
1
1
1
1
1
1
1
1
1
1
1
1
1
1
2
1
1
1
1
1
9
59
1
1
1
2
1
1
1
1
1
1
3
1
1
1
2
1
1
1
1
1
1
1
1
2
1
1
1
2
2
41
1
2
1
1
1
1
1
2
1
1
1
1
1
1
1
1
2
311
1
1
1
1
1
1
1
1
1
1
2
2
1
1
1
1
31
1
27
1
1
183
1
1
1
1
1
2
1
1
1
1
1
1
2
1
1
1
1
1
1
1
1
2
1
1
2
1
1
1
1
1
1
1
83
1
1
1
1
1
1
1
1
1
1
1
1
1
1
1
2
1
1
1
1
1
1
1
1
2
1
1
1
1
1
1
1
1
1
1
1
1
1
1
1
1
1
1
1
1
1
1
1
1
1
1
1
1
1
1
1
1
2
1
1
1
1
1
1
2
1
1
1
1
1
1
1
83
1
1
1
1
1
1
3
64
1
55
1
1
2
1
1
1
1
1
1
1
1
1
1
2
1
1
1
1
1
1
2
2
11
1
1
1
1
1
1
1
1
1
1
1
1
1
1
1
1
1
1
1
1
1
4
1
1
1
1
1
1
1
1
1
1
1
1
1
1
1
28
1
1
2
1
1
1
1
1
1
1
1
2
1
1
1
1
1
3
1
1
1
1
1
3
33
1
1
1
1
1
1
1
1
1
1
1
1
1
21
1
1
1
2
1
1
1
1
3
1
1
1
1
1
1
1
1
1
1
1
1
24
1
1
1
1
1
1
1
3
1
1
1
1
1
1
1
1
26
1
1
2
1
1
1
1
1
1
1
2
1
1
1
2
1
5
1
1
1
1
1
1
1
1
45
33
1
3
1
8
1
1
3
1
1
1
2
2
1
1
1
1
2
1
1
3
1
1
1
1
1
1
1
1
1
3
1
1
1
2
1
1
1
1
1
1
1
1
1
1
1
91
1
1
1
1
1
1
1
1
1
1
1
1
1
1
1
1
1
1
1
1
1
1
1
1
2
3
1
1
3
13
1
1
1
1
1
6
2
3
1
1
1
1
1
1
1
2
1
1
1
2
1
2
1
1
1
1
1
1
1
2
1
1
1
1
1
1
3
1
1
1
1
1
2
1
1
1
1
1
1
1
1
1
1
1
1
1
2
1
29
14
3
2
1
1
2
1
1
1
13
9
1
1
1
1
1
1
1
1
1
1
1
1
1
1
1
9
1
1
1
1
1
1
1
1
2
1
1
1
1
1
1
1
2
1
1
1
2
1
1
2
2
1
2
1
1
2
1
1
1
197
2
2
1
1
1
1
1
1
51
1
1
1
1
1
1
1
1
1
1
2
1
1
1
1
1
1
1
1
1
1
1
1
1
109
1
2
1
1
2
1
1
14
1
1
2
1
1
2
2
1
1
1
2
1
1
2
1
1
1
1
3
1
1
1
2
1
1
1
2
5
1
1
1
1
1
1
1
169
1
1
1
1
1
1
1
1
49
1
1
2
1
2
3
1
1
1
1
1
1
1
1
1
1
2
1
1
1
1
1
1
1
1
1
1
1
1
1
1
1
20
1
20
1
1
4
1
70
1
2
1
1
2
19
1
2
1
1
1
2
1
1
1
1
1
1
1
1
1
2
1
1
1
2
1
1
19
1
1
1
1
1
1
1
1
8
1
1
1
1
1
1
1
1
1
1
1
9
1
1
1
1
1
1
1
1
5
1
1
1
1
1
1
2
1
1
1
1
1
1
16
1
1
1
1
1
1
1
22
1
1
1
1
1
1
1
1
1
1
1
1
1
30
1
1
1
4
1
1
4
1
1
1
1
8
1
1
1
1
1
1
1
1
1
2
1
1
1
2
1
1
1
1
9
1
1
1
2
1
1
1
1
2
1
6
1
1
40
1
1
4
7
1
43
2
1
1
2
1
1
2
1
13
1
1
1
1
1
1
1
1
1
1
1
38
1
1
1
1
1
1
1
2
1
1
1
1
1
1
372
1
2
3
2
43
1
3
1
1
1
2
1
2
1
1
5
1
1
7
1
1
32
1
1
1
1
1
1
1
1
1
2
1
1
1
1
1
1
1
59
1
1
1
1
1
1
1
1
1
1
1
2
1
1
1
1
1
1
1
3
1
1
1
16
1
1
2
1
1
34
1
2
1
18
1
2
2
1
2
1
1
1
17
3
1
1
1
1
1
6
1
1
1
18
1
1
1
1
1
1
1
1
1
1
1
1
1
1
1
1
1
1
1
1
1
10
1
10
1
1
1
1
1
1
1
1
1
1
1
9
1
1
1
1
2
1
1
1
1
2
1
112
1
4
1
1
1
1
1
1
2
2
1
1
56
1
4
1
1
1
41
1
1
1
1
1
1
1
1
1
1
1
1
1
1
1
1
2
1
1
1
1
1
1
1
1
1
1
1
1
4
1
2
1
1
1
1
1
1
2
2
1
1
1
215
1
1
2
1
1
4
11
2
1
3
1
1
248
1
27
2
1
2
2
1
2
1
1
1
1
5
1
1
120
1
1
1
1
1
1
1
1
1
1
1
1
2
1
2
1
1
1
1
1
1
1
1
1
1
2
1
1
1
17
1
1
1
1
1
1
1
2
1
1
1
2
1
1
1
1
1
1
2
1
1
3
1
1
1
1
1
3
1
114
3
1
1
2
1
2
1
2
2
2
1
1
1
11
2
4
1
3
1
2
1
1
1
1
1
1
27
1
1
1
3
2
2
1
1
1
1
1
1
1
73
2
1
1
2
1
1
1
1
1
1
1
2
1
1
1
1
1
1
1
1
1
1
1
1
1
1
1
2
1
1
1
2
1
1
1
1
8
1
1
6
151
1
1
2
15
1
47
2
1
1
6
1
1
1
36
1
1
1
1
1
2
1
1
1
1
1
1
1
3
3
1
1
1
1
1
1
28
1
1
2
1
1
1
1
1
1
1
1
1
1
1
1
193
2
58
1
1
1
1
1
3
1
5
1
1
1
1
1
5
1
1
1
1
1
1
1
1
1
1
60
7
1
3
1
1
1
1
1
2
1
1
1
1
1
2
1
1
25
1
1
1
2
5
3
1
1
1
1
2
1
2
3
1
1
1
1
1
1
2
1
5
4
1
2
1
1
1
1
1
1
1
1
1
1
1
3
6
1
1
1
1
1
1
1
1
1
1
2
1
1
20
1
1
3
9
1
1
5
3
1
1
1
1
1
1
1
4
1
1
2
1
1
1
1
3
1
24
1
1
2
1
1
2
1
2
1
1
133
1
54
1
1
1
3
1
1
1
2
1
1
1
1
1
1
1
1
9
1
1
1
1
1
1
4
1
1
1
1
1
1
1
9
1
1
3
2
1
1
1
1
3
1
1
1
1
1
1
213
1
2
3
1
1
1
1
4
1
1
2
1
1
1
3
1
2
1
1
2
1
1
4
1
1
1
6
1
1
2
2
1
1
68
1
1
1
1
1
1
1
1
3
1
3
448
2
2
1
1
1
1
1
40
1
2
2
1
1
1
1
1
1
1
1
1
1
390
1
1
1
1
1
1
1
1
2
1
1
1
1
1
1
1
1
1
98
1
1
1
1
2
2
2
1
2
1
1
1
2
2
1
1
1
1
1
1
1
1
1
11
2
15
2
1
1
2
1
1
2
1
1
2
1
29
1
1
1
1
2
2
1
5
19
1
1
1
2
1
1
1
2
1
1
1
1
1
60
1
2
2
16
39
1
1
1
2
2
1
1
1
2
1
1
1
1
6
1
1
1
1
1
1
1
1
1
1
2
2
1
1
1
1
1
97
1
1
1
14
1
1
1
1
15
1
1
1
2
1
2
1
1
2
1
2
1
2
1
1
1
1
1
1
1
1
1
1
1
1
1
1
1
1
1
1
1
1
1
1
1
2
1
1
1
1
1
1
371
1
1
1
1
2
1
1
2
1
1
11
1
1
1
1
1
1
1
1
1
1
1
1
1
2
1
1
3
4
2
1
1
1
1
3
1
1
1
2
1
1
1
1
1
1
1
1
1
1
1
1
1
1
3
1
37
10
1
103
1
1
2
1
1
1
1
1
1
4
1
1
1
1
1
1
1
2
1
1
1
2
1
1
1
1
1
2
1
1
4
2
1
2
14
2
1
72
1
2
1
1
2
1
1
1
2
1
1
1
1
2
1
1
9
1
1
1
1
1
1
2
1
1
1
2
1
2
1
1
1
4
1
15
1
1
1
1
1
1
1
4
1
1
1
1
1
1
1
1
1
2
3
32
6
1
1
1
1
2
1
1
1
34
2
1
1
2
1
1
1
1
1
5
2
1
1
19
1
2
8
4
1
3
1
1
1
1
385
1
1
2
1
1
2
1
2
1
3
3
1
1
1
1
9
1
1
2
1
1
6
1
2
1
1
2
61
1
1
4
1
1
1
3
1
1
1
1
3
1
6
1
1
1
2
1
1
2
1
12
1
1
2
1
2
1
1
1
1
1
1
1
1
12
1
2
2
1
8
1
3
1
4
1
1
1
1
1
244
1
1
1
2
1
1
1
3
1
1
2
1
1
1
16
1
1
89
1
1
1
1
2
1
1
1
1
3
2
1
3
1
1
11
1
1
1
1
1
2
3
2
1
1
1
1
4
1
1
37
1
1
1
3
1
2
1
2
1
2
4
1
2
1
1
2
1
1
1
2
2
1
2
3
1
37
1
1
1
1
1
1
1
1
2
1
1
1
2
2
1
1
1
20
19
2
1
1
1
1
1
1
2
1
4
1
1
1
1
1
1
1
1
1
1
1
1
1
1
1
1
1
1
1
60
1
1
1
1
1
1
1
1
2
398
1
1
1
8
1
1
1
1
2
1
1
1
1
1
1
1
1
2
1
2
1
1
17
2
2
2
1
1
1
1
6
1
17
1
1
1
1
1
1
1
2
1
1
45
9
1
1
1
1
1
1
1
11
64
1
1
3
1
1
5
2
1
1
1
1
1
1
2
2
1
1
1
1
1
1
2
1
2
1
2
1
2
1
2
1
3
1
1
1
1
1
6
2
1
2
2
1
10
6
1
2
2
1
4
1
1
2
1
1
1
3
1
1
2
3
1
1
1
1
2
1
2
1
3
1
1
1
1
1
1
7
3
9
1
3
1
1
1
5
3
2
1
1
1
1
1
1
3
1
2
1
1
1
1
1
2
5
3
3
1
3
2
1
1
1
1
1
1
1
1
1
1
1
1
1
13
2
11
1
1
2
1
2
1
1
1
7
1
1
1
2
1
1
9
1
1
1
1
1
1
1
1
1
1
1
3
1
1
1
1
1
1
1
1
1
1
2
1
1
1
2
1
1
1
2
1
2
4
1
1
46
1
1
1
1
1
1
1
1
1
11
1
2
1
3
1
2
1
14
11
1
2
1
1
1
55
1
1
1
6
2
2
1
1
1
3
2
1
1
1
1
1
1
1
2
1
1
1
1
1
1
1
1
1
3
1
1
1
1
1
1
59
1
1
1
2
1
1
1
4
4
1
1
1
1
1
1
1
3
1
2
1
3
1
1
1
1
2
1
1
1
17
2
1
1
1
1
1
1
1
1
1
1
1
3
5
3
1
1
1
1
3
1
1
1
3
1
1
2
2
1
1
1
2
3
1
2
2
1
1
1
1
1
1
2
1
1
1
1
2
2
1
1
2
172
1
2
29
2
2
1
1
1
79
4
1
1
1
2
1
1
3
1
1
1
1
1
1
1
1
1
3
1
1
3
2
1
1
315
38
1
1
1
2
1
1
1
1
1
1
1
1
1
1
1
1
1
1
1
1
2
1
2
1
200
3
1
1
1
1
1
2
1
2
1
5
1
1
5
33
3
1
1
2
2
2
58
8
1
1
1
3
1
1
1
1
1
1
1
2
7
1
1
1
1
2
1
1
2
1
131
1
2
3
1
1
1
1
1
2
1
1
1
1
2
1
1
7
1
124
1
3
1
3
1
1
1
1
11
1
2
2
1
1
1
2
3
113
1
1
144
1
2
1
35
1
34
1
1
1
2
1
2
1
1
2
10
2
1
2
2
1
12
1
1
1
1
1
1
1
1
2
1
3
2
2
1
1
2
1
2
127
2
3
1
1
43
2
1
1
1
1
21
1
2
413
1
1
1
1
48
1
1
1
1
1
1
2
1
1
2
1
1
2
1
1
1
1
1
2
1
2
2
1
4
1
2
66
2
28
1
1
2
2
1
1
3
3
1
1
3
1
1
1
5
1
2
5
3
1
1
1
55
1
1
1
1
2
33
1
2
1
2
1
1
1
2
2
1
1
1
1
1
1
1
1
5
1
2
2
1
1
3
2
1
1
7
1
1
3
1
4
1
1
1
11
20
1
3
2
1
1
1
2
1
1
1
7
1
1
1
1
1
2
1
1
1
1
1
1
2
1
1
2
2
17
1
1
4
2
15
1
1
1
4
2
3
1
1
1
2
1
1
1
2
1
1
17
1
1
2
1
2
1
1
1
57
2
3
2
51
245
1
1
34
1
1
1
1
1
1
2
1
1
2
1
1
4
2
1
1
1
1
1
1
1
1
1
1
1
9
1
1
1
1
2
1
1
1
1
1
1
1
1
2
1
1
1
1
1
1
1
3
4
1
1
1
7
4
2
1
2
2
1
1
1
1
1
1
1
1
4
1
1
1
33
2
2
1
1
1
2
1
1
1
88
5
1
6
1
2
1
1
1
1
2
1
1
1
5
2
1
2
1
3
3
1
4
1
3
1
1
1
3
1
1
1
10
1
1
1
1
2
2
1
1
1
19
4
1
1
1
1
1
1
2
3
2
1
2
1
1
1
4
2
1
1
2
1
2
1
1
1
1
1
1
1
3
1
1
1
6
2
2
3
1
2
1
1
9
1
1
5
2
6
1
3
3
1
1
1
1
66
1
1
1
1
5
2
1
7
1
1
1
1
1
1
1
2
1
1
1
1
7
3
2
1
1
1
1
1
1
3
1
1
1
3
4
1
1
29
2
1
5
1
5
1
2
1
3
1
1
1
1
1
1
1
3
1
4
5
1
1
2
1
4
3
1
2
3
1
1
1
1
1
1
1
1
1
1
8
2
1
3
86
1
3
2
266
5
1
1
28
1
1
1
1
1
1
1
1
1
1
2
1
3
6
2
1
5
2
5
2
1
2
1
2
1
1
1
1
1
1
1
1
1
1
1
1
1
1
1
2
4
1
2
1
2
1
1
4
1
1
1
1
3
2
1
22
1
1
1
1
1
1
1
12
1
155
1
1
1
42
4
1
1
1
2
1
1
1
2
3
1
3
1
1
3
1
27
1
1
2
1
1
1
1
1
1
5
10
1
4
6
1
6
9
1
2
1
1
2
1
1
2
2
1
1
1
2
2
1
2
1
1
4
4
1
1
2
6
76
1
4
3
1
1
1
1
3
81
1
2
22
1
2
1
3
2
1
1
1
1
2
2
1
1
1
1
8
2
1
1
1
1
17
1
1
1
1
1
1
1
1
1
3
2
1
1
4
1
2
2
2
2
1
1
1
2
1
7
1
1
2
1
1
19
1
2
1
5
1
20
5
1
2
2
1
1
1
1
2
1
1
5
1
1
1
3
1
2
2
1
3
1
1
1
2
1
108
5
1
1
2
1
1
1
242
1
2
1
2
2
1
2
1
1
4
1
2
1
1
1
1
2
1
2
1
1
2
1
4
1
1
1
1
2
2
5
1
2
77
2
1
1
1
3
1
2
1
2
1
1
1
2
1
1
1
1
1
1
60
7
1
1
1
1
1
1
23
160
1
1
3
1
1
1
2
1
6
1
4
2
2
2
1
3
1
2
1
1
1
8
1
1
1
2
1
2
4
1
1
3
1
31
1
3
1
1
1
1
1
2
3
1
4
1
1
3
1
1
1
1
1
1
1
2
1
2
1
1
1
1
3
1
1
1
2
1
1
1
2
2
3
1
2
1
2
1
2
1
21
1
1
293
2
1
9
1
1
1
6
1
1
2
1
1
1
2
1
2
3
1
1
8
2
1
1
1
3
2
1
8
1
2
1
2
3
3
1
2
1
2
1
4
1
1
1
1
1
1
1
1
2
2
2
2
2
1
1
2
1
1
2
1
2
1
3
1
2
1
100
1
1
1
1
2
3
1
2
3
1
1
1
1
1
47
3
4
1
1
2
1
1
1
3
1
1
6
3
2
121
1
1
4
1
4
1
1
1
1
1
2
4
1
12
1
1
13
2
58
1
1
4
1
1
2
1
247
1
2
1
1
2
1
1
1
2
1
1
1
1
10
1
1
3
2
2
1
1
1
1
3
3
1
1
48
1
1
1
146
1
1
4
1
6
1
1
1
1
2
1
1
1
1
2
1
1
2
1
3
1
1
1
1
1
1
1
3
1
2
1
1
1
1
7
1
1
4
4
2
1
64
1
3
1
4
2
1
2
1
4
2
1
2
1
1
1
40
1
1
1
1
1
1
1
1
3
1
1
1
1
1
2
4
1
1
1
2
2
2
1
1
1
1
1
39
2
2
1
1
1
3
21
1
1
2
45
1
3
2
1
3
1
1
4
3
3
2
3
1
1
1
2
4
1
1
1
1
483
1
3
3
5
3
1
1
4
13
1
1
2
20
1
1
6
1
1
1
1
1
1
2
1
8
1
2
1
2
1
1
3
1
1
1
3
2
1
4
1
1
1
1
3
1
1
2
343
1
1
1
1
5
1
1
1
2
1
1
97
1
1
1
1
2
10
3
1
1
1
2
2
6
1
4
77
2
1
1
1
1
2
1
1
1
1
1
1
1
4
1
2
4
2
1
3
1
1
2
1
1
1
1
1
1
2
2
4
1
1
2
1
2
21
2
5
1
1
2
1
2
14
1
1
2
2
1
1
1
6
1
1
3
1
1
1
3
1
1
2
1
11
1
1
35
10
5
1
1
4
8
5
61
1
32
1
1
1
2
5
1
1
2
1
1
1
1
1
1
1
1
371
1
1
1
1
48
2
1
2
1
1
1
1
3
1
1
3
1
8
1
1
2
1
3
2
1
3
84
1
1
1
6
3
2
1
1
2
3
1
4
1
7
1
1
1
1
4
2
1
1
1
1
1
1
1
2
1
2
1
137
7
5
1
1
1
2
1
3
1
3
2
1
1
1
1
4
1
15
1
2
1
2
23
1
1
1
1
2
1
3
4
1
2
2
1
1
2
3
1
2
3
2
3
1
1
1
2
8
1
1
1
1
3
3
1
2
391
1
1
3
1
2
1
2
1
1
1
5
3
26
1
2
1
1
265
2
28
1
47
2
5
1
1
1
1
1
1
2
140
4
3
1
2
1
1
5
1
1
1
1
4
2
1
1
2
4
12
2
1
2
1
1
1
2
34
1
1
1
2
1
1
1
1
1
2
4
1
1
1
2
1
1
2
3
1
1
1
1
1
8
2
2
2
2
2
1
2
2
10
4
6
1
1
1
1
1
2
1
5
3
2
3
1
1
2
1
4
1
1
1
1
3
1
2
1
1
1
239
49
2
1
6
1
2
1
2
1
3
5
1
1
4
1
17
1
38
1
6
1
10
2
1
1
1
1
1
10
2
1
1
1
1
1
1
1
2
1
2
1
1
2
2
3
1
1
366
2
196
6
1
1
5
1
3
1
1
397
1
2
3
2
1
9
1
1
143
9
3
1
1
2
3
1
1
1
2
1
1
4
10
1
3
2
2
1
4
422
3
4
1
1
2
1
1
1
1
1
1
1
1
2
2
3
3
1
43
1
1
4
1
2
1
3
2
2
2
1
1
2
1
7
1
2
2
1
1
1
1
1
1
1
1
1
2
1
1
1
1
1
1
2
2
2
2
1
11
2
1
1
1
1
1
2
1
2
1
1
1
1
1
1
2
1
1
1
1
7
1
8
1
267
1
8
2
2
1
2
1
1
5
1
1
3
1
1
1
1
1
2
1
15
5
9
2
1
1
10
3
12
1
1
1
3
1
1
4
3
4
1
1
1
4
1
3
2
2
2
2
2
1
1
2
2
1
358
28
1
5
1
1
48
1
2
2
2
1
1
3
5
1
2
1
3
1
10
1
4
1
2
1
1
7
1
4
1
2
2
3
66
1
1
1
1
1
1
2
2
1
2
1
3
1
11
1
5
3
1
1
105
4
2
1
1
31
1
1
2
1
2
1
1
2
1
1
1
175
1
1
1
1
1
1
1
2
2
2
2
1
1
3
1
1
1
2
1
1
3
2
14
4
328
2
1
2
5
1
1
1
1
1
1
5
2
1
2
2
2
1
1
2
1
1
2
2
5
6
1
3
2
4
6
1
2
1
1
5
1
3
2
6
1
2
2
1
1
1
1
1
1
1
4
1
1
6
1
3
1
1
1
1
4
4
3
1
1
2
1
8
43
1
1
7
3
1
3
3
2
1
10
1
1
1
2
2
1
1
2
1
2
1
2
2
1
3
1
7
2
1
1
4
2
1
6
1
2
2
2
1
13
1
1
3
1
2
2
1
2
2
1
3
1
1
2
1
24
2
1
2
1
3
1
1
5
1
1
6
1
1
1
2
1
1
1
1
1
1
2
3
1
1
1
1
2
2
5
21
2
1
1
1
1
3
1
1
3
3
1
3
1
1
24
1
3
1
4
2
3
21
1
5
1
3
8
3
2
1
3
2
2
1
2
6
5
4
2
1
6
1
4
1
1
1
2
1
1
5
1
1
3
1
1
2
6
1
2
1
3
1
2
1
3
2
1
1
4
1
1
2
1
1
3
1
2
1
81
1
1
11
26
1
2
2
8
1
1
4
3
3
1
3
133
1
2
5
3
2
1
1
1
1
3
5
1
73
1
1
1
8
1
21
1
5
4
1
1
3
1
1
2
4
2
1
1
5
1
2
1
1
1
1
2
2
8
1
5
2
1
2
1
1
1
3
1
1
2
1
16
2
2
2
1
1
5
6
7
4
1
2
1
2
3
2
2
1
3
2
6
27
1
1
4
3
2
3
3
1
2
1
6
3
1
2
2
3
2
4
1
2
1
2
3
1
2
1
1
1
1
1
1
8
2
1
3
4
5
1
1
1
1
1
1
1
1
3
2
1
6
64
3
1
3
1
4
2
5
8
1
1
4
2
1
1
1
1
1
5
8
3
1
1
6
3
1
1
1
11
3
1
3
5
7
2
1
1
1
1
1
3
3
6
4
3
1
1
1
1
10
1
1
2
1
1
25
4
1
2
1
3
1
4
18
2
1
1
2
2
1
1
1
1
6
1
3
6
1
1
2
2
1
1
1
175
2
1
2
1
1
7
1
5
1
4
3
1
1
2
8
2
1
1
2
1
1
2
6
1
4
3
68
2
2
7
40
3
1
3
1
1
2
2
5
1
1
4
6
2
9
1
6
2
1
2
6
1
3
1
2
6
1
1
3
5
1
2
4
1
7
2
1
6
1
1
2
3
3
9
5
11
2
2
1
5
1
5
2
3
3
7
2
1
1
1
2
4
4
1
1
7
2
2
1
5
1
1
3
1
3
4
1
116
4
1
5
11
5
2
1
1
12
9
1
1
37
1
4
1
44
2
9
1
2
4
2
19
1
4
1
1
2
1
1
1
1
1
2
1
8
3
78
1
5
3
1
6
1
10
1
3
4
3
1
4
16
2
5
1
3
1
2
4
1
10
2
1
3
1
4
30
1
1
1
2
9
74
3
285
1
10
129
2
5
2
1
3
5
2
1
1
1
2
1
4
5
1
1
2
1
3
2
1
1
1
1
2
5
2
5
2
4
3
1
3
1
24
10
1
1
2
3
1
7
12
1
6
2
1
4
4
1
8
17
4
2
1
1
1
286
1
3
474
6
2
3
1
1
2
1
2
1
1
3
1
12
25
1
1
1
1
1
1
1
2
1
1
1
4
2
1
1
5
4
1
1
3
4
1
47
1
1
4
1
4
1
7
1
1
1
1
3
2
15
1
1
1
2
1
1
1
4
3
11
2
1
4
1
1
7
1
2
2
1
1
3
9
1
1
1
7
1
8
8
2
1
7
4
6
1
12
1
1
2
2
1
7
10
5
5
11
1
2
1
2
1
1
2
4
2
82
3
1
2
2
1
1
3
1
1
1
2
74
3
5
1
3
144
1
1
6
1
2
1
1
9
34
15
3
1
6
4
1
4
33
1
1
5
1
1
2
8
1
1
11
2
1
1
1
1
2
2
2
1
1
3
1
2
2
1
1
3
9
7
1
1
1
2
3
1
5
1
4
1
4
2
18
5
1
2
1
1
1
1
1
4
1
1
16
6
1
1
1
1
1
2
2
1
2
2
1
2
1
1
3
14
2
1
1
2
1
2
2
3
53
2
5
1
9
1
10
1
2
1
1
5
1
1
3
1
2
1
1
1
2
1
1
1
1
2
25
1
1
1
7
3
2
4
1
3
1
1
2
2
1
1
1
2
2
4
3
2
2
1
6
1
1
2
6
4
1
2
1
1
1
1
3
1
1
12
3
13
1
3
2
9
3
72
1
13
1
2
1
2
12
1
1
2
5
1
2
2
6
2
2
1
1
1
1
12
1
2
1
1
66
5
7
2
2
1
1
1
2
5
1
9
3
59
2
5
3
1
3
2
3
1
14
4
4
16
2
1
1
2
1
1
1
3
1
1
2
1
9
1
5
50
2
72
3
1
1
3
6
2
1
4
2
2
5
2
1
7
2
1
3
5
2
2
2
156
1
1
6
15
1
1
1
1
2
1
2
3
2
1
2
2
2
4
2
4
2
5
5
1
2
5
22
2
1
6
2
2
1
5
2
1
5
9
2
1
5
1
7
1
28
4
1
2
2
191
1
5
1
10
2
4
1
2
2
3
4
1
5
15
3
1
1
2
2
4
2
61
1
2
1
4
3
1
1
1
2
5
3
2
1
3
1
1
4
4
33
2
5
1
1
9
3
2
1
1
1
1
2
1
3
6
1
2
1
2
77
2
1
1
53
2
7
1
3
1
2
2
4
4
6
11
2
1
9
2
4
8
1
2
10
1
1
1
1
1
8
1
5
1
8
3
2
1
4
2
5
8
5
1
8
3
10
2
2
3
14
2
7
1
2
3
2
3
4
3
1
5
1
3
1
1
2
1
2
2
6
2
3
1
2
1
1
7
1
14
1
1
1
1
4
1
1
6
1
4
3
12
13
1
10
1
4
13
7
1
3
7
3
3
1
2
1
1
2
16
8
2
1
1
2
4
13
3
1
2
203
1
18
11
1
1
11
3
1
1
5
30
2
1
2
1
2
1
6
2
8
21
2
1
24
3
1
1
78
1
1
1
1
2
6
3
6
1
1
2
3
1
12
2
1
2
1
2
5
7
1
3
3
4
2
2
1
1
1
1
2
1
1
10
1
1
1
4
1
5
1
2
1
1
7
5
7
2
6
45
1
2
6
2
16
1
4
1
1
1
3
2
1
1
7
4
10
5
3
1
8
8
4
241
11
1
2
1
7
1
7
1
1
1
3
2
2
1
4
4
14
1
4
2
3
1
10
30
5
1
1
1
1
8
1
1
1
4
2
2
26
1
1
1
4
1
1
1
3
6
1
1
4
3
4
2
7
1
1
10
1
1
1
10
1
1
1
1
3
5
4
1
1
1
5
1
1
1
1
2
2
10
8
2
1
9
2
3
2
1
1
10
1
9
2
2
1
30
5
2
1
1
1
3
2
3
1
1
1
1
3
1
1
2
2
1
3
5
6
5
4
22
11
3
1
1
2
1
1
2
2
1
3
5
2
16
1
3
1
2
1
1
2
6
1
13
2
3
1
9
7
1
2
1
6
1
7
2
1
2
1
3
2
1
2
1
2
3
1
2
16
4
11
1
19
1
4
12
1
35
1
1
21
2
2
1
1
6
8
1
1
3
5
2
1
1
1
1
1
2
3
1
1
1
1
1
1
3
2
3
6
3
1
5
1
5
1
1
9
4
2
1
3
2
4
2
9
1
2
1
1
1
6
1
2
1
6
1
1
2
7
3
1
6
3
2
6
3
1
8
4
1
1
1
2
87
6
1
8
2
1
1
21
1
2
4
2
3
1
1
5
6
9
1
33
2
3
5
2
1
12
1
1
2
5
5
2
7
2
255
1
23
3
1
10
1
1
19
3
20
9
3
1
2
3
10
4
2
1
3
1
8
1
1
2
1
3
1
1
1
2
1
2
2
2
1
1
4
1
120
5
1
5
1
1
2
4
2
1
1
21
3
2
11
9
1
1
25
4
2
1
361
2
1
1
1
1
1
6
3
1
3
1
3
2
3
2
1
7
1
8
2
104
27
3
7
1
1
1
1
2
1
5
8
1
1
2
1
7
3
3
1
1
2
1
1
8
1
1
1
3
1
1
1
2
2
3
14
6
1
2
8
1
1
5
3
5
6
10
5
1
2
21
13
8
4
2
1
12
4
1
1
1
2
1
1
2
3
3
71
1
1
2
10
4
13
3
4
1
2
1
2
1
10
1
23
12
2
7
2
4
9
7
1
2
5
1
1
1
3
1
10
4
8
1
1
2
1
2
2
1
1
1
1
1
4
1
3
2
1
1
10
4
1
8
1
1
2
5
1
2
3
26
1
1
4
1
2
3
10
4
1
1
5
3
2
3
1
1
1
1
1
1
1
14
1
6
3
1
4
6
1
3
1
1
5
41
3
1
2
1
5
1
1
16
3
2
2
1
1
7
37
4
1
1
1
2
18
4
5
5
3
2
1
4
4
1
1
4
6
16
2
9
1
6
1
2
5
16
9
1
1
4
1
1
1
1
1
9
3
1
3
1
1
2
2
1
4
1
1
1
7
1
8
4
4
1
50
1
2
2
1
7
2
4
1
2
1
5
79
1
17
17
1
4
1
3
1
6
8
9
1
2
6
44
1
2
1
4
4
5
2
2
29
3
42
9
1
10
5
10
30
7
1
1
1
7
9
1
1
1
1
1
1
1
8
4
1
1
1
2
1
22
5
1
17
2
1
1
2
5
14
2
1
1
2
1
1
20
1
5
1
6
3
1
1
4
2
3
2
2
2
2
1
7
5
2
39
9
3
2
3
13
1
2
259
2
17
1
5
13
4
1
1
2
3
1
4
3
5
9
4
1
130
1
5
4
2
2
7
1
6
18
1
43
1
1
1
1
22
2
281
6
4
61
6
15
1
13
2
6
3
1
3
1
4
5
3
65
23
8
2
1
1
32
5
1
6
6
360
1
2
6
4
3
6
3
2
4
5
2
1
1
378
1
1
4
35
10
5
20
14
6
1
2
1
2
1
6
1
14
10
1
7
2
6
11
4
1
2
1
1
1
3
3
1
4
31
5
1
1
52
2
1
262
8
1
4
6
2
4
10
2
6
3
1
18
1
3
6
9
3
2
1
3
1
2
19
1
5
3
6
1
2
1
22
20
17
1
2
3
1
1
2
2
5
7
2
1
1
4
1
27
12
1
6
3
2
1
1
1
1
4
24
6
1
1
8
16
6
2
3
23
1
1
2
3
3
272
1
1
20
1
1
4
2
5
19
2
1
2
2
8
2
1
2
1
1
2
3
1
1
1
5
13
1
1
2
24
5
2
3
11
2
2
2
2
8
5
1
6
10
2
1
2
8
22
4
7
2
8
113
1
7
10
5
2
9
11
1
1
3
4
2
3
27
3
4
19
1
1
3
2
1
2
1
18
7
2
19
1
4
18
3
5
2
3
2
2
14
1
1
6
2
2
1
21
3
59
5
1
1
17
4
10
24
1
15
5
2
15
2
3
1
1
1
5
8
3
4
1
15
11
16
12
4
3
1
28
7
2
1
1
5
7
4
7
6
2
6
2
1
7
10
5
2
3
3
2
13
1
2
22
7
16
1
9
5
1
19
1
4
5
17
1
1
1
2
1
2
9
1
1
6
16
429
2
1
1
20
4
1
2
1
9
4
18
2
7
1
1
3
21
2
1
16
5
2
7
390
21
2
6
16
2
4
1
28
24
2
1
1
83
12
1
72
172
2
1
7
1
1
20
1
7
7
1
4
6
1
4
5
3
5
2
1
1
2
3
1
1
4
2
2
1
27
7
4
2
1
14
3
1
1
2
10
1
1
1
1
3
2
1
4
2
37
1
1
1
1
4
5
2
44
2
2
19
3
1
1
2
1
29
19
1
6
5
6
1
2
4
9
38
16
2
8
3
2
1
1
2
18
2
3
2
8
4
3
3
2
8
4
7
1
8
5
2
2
10
3
6
30
4
27
2
24
1
1
2
13
9
1
4
4
1
9
1
36
2
1
1
9
3
6
6
23
42
3
2
42
1
1
8
2
5
3
2
11
9
9
1
4
2
18
19
4
2
6
12
3
1
1
1
4
1
5
6
4
1
3
12
1
2
11
8
15
7
2
1
7
2
5
1
2
2
11
1
5
1
1
2
1
7
5
1
6
3
1
1
18
2
204
35
2
19
20
2
6
5
1
5
4
24
3
20
9
1
2
1
1
26
7
16
2
2
38
8
3
2
6
9
8
1
1
1
1
4
4
9
38
2
2
1
2
1
6
2
1
4
3
3
19
1
2
5
1
4
2
1
9
3
1
2
5
18
3
2
6
1
3
27
1
2
1
133
6
2
1
4
7
2
17
7
3
12
1
55
2
1
2
1
1
15
1
1
17
2
2
18
2
1
1
1
6
34
1
1
5
38
7
2
3
2
26
2
1
9
5
1
9
3
1
4
55
1
15
1
1
5
3
2
5
6
1
2
1
1
9
3
16
1
39
2
5
2
18
4
1
4
1
2
2
3
1
8
1
32
2
4
1
32
2
3
15
13
1
5
31
3
2
6
8
2
5
3
2
5
3
2
4
16
1
2
28
9
1
2
2
20
1
20
2
14
2
5
19
1
3
1
11
14
9
2
2
21
3
2
6
26
6
3
2
13
1
1
13
1
28
2
5
3
7
3
2
1
3
5
2
2
3
5
4
14
19
14
3
1
1
1
3
4
15
45
1
3
38
2
2
1
3
1
3
1
10
5
13
4
4
1
4
49
2
22
1
17
2
10
3
2
2
1
5
15
9
1
2
1
2
35
4
1
4
4
26
5
2
3
3
12
2
2
1
2
12
24
13
2
24
1
4
10
11
2
2
1
2
14
4
22
4
1
21
2
1
1
4
1
6
1
11
13
1
6
1
7
1
7
10
6
1
6
1
1
3
1
67
3
10
1
1
5
1
2
4
6
1
5
1
2
4
2
25
1
5
1
1
1
4
10
1
1
1
4
4
4
28
1
4
4
1
1
4
1
1
4
1
1
29
43
14
7
2
1
1
12
11
16
1
17
1
4
1
3
13
9
1
1
132
2
1
20
1
2
3
1
5
8
31
1
1
2
1
1
20
55
1
24
1
10
7
25
8
38
16
7
5
20
7
1
8
58
13
30
1
3
2
1
6
1
16
2
21
1
24
25
1
1
2
1
25
2
53
1
1
2
1
31
5
1
1
5
5
4
2
1
19
34
5
132
2
11
7
7
7
7
2
1
4
2
415
1
6
26
9
3
1
6
3
16
1
1
13
4
7
1
25
71
3
2
9
9
2
6
5
1
2
1
1
4
3
7
1
5
1
3
1
14
15
17
1
4
1
10
3
24
9
1
2
2
7
1
8
2
2
1
1
5
3
3
6
20
9
1
33
2
1
7
36
1
8
29
6
11
33
3
2
3
1
18
86
19
1
5
4
2
2
8
31
7
18
1
1
6
10
3
4
2
4
2
1
3
18
3
3
5
1
12
1
1
1
6
1
2
4
3
1
18
173
50
26
1
1
4
2
363
4
8
1
25
1
23
2
7
4
1
2
19
11
2
9
263
1
1
1
7
2
4
3
1
3
3
5
4
1
23
26
2
1
1
30
17
1
1
9
5
26
2
1
2
10
63
1
4
121
42
1
4
4
9
1
1
18
6
3
1
1
15
2
1
2
1
1
1
5
1
1
1
1
456
3
4
22
1
3
25
1
1
6
7
13
3
2
8
7
28
1
51
6
31
8
1
24
2
2
19
2
1
9
13
7
18
6
6
1
2
2
6
2
9
1
5
1
13
1
20
2
2
9
12
1
11
43
30
6
10
1
13
1
7
3
15
273
1
2
1
1
52
2
17
25
3
9
15
5
6
19
8
1
1
1
4
33
1
2
1
5
1
2
1
28
25
5
1
1
1
2
1
18
1
1
2
4
1
6
41
3
16
29
2
1
16
1
21
1
4
45
15
7
1
4
2
15
1
3
5
5
2
7
2
1
29
1
21
1
7
2
1
1
1
65
6
3
3
3
9
3
2
6
11
29
1
1
1
21
6
5
1
2
4
14
4
31
19
2
5
8
4
21
2
1
6
25
1
31
1
3
24
112
253
1
4
6
1
41
1
1
16
1
17
35
26
22
1
1
14
6
41
2
5
11
6
19
16
18
2
2
2
32
3
1
5
2
1
1
4
1
1
2
1
12
4
1
1
1
13
2
43
39
1
1
26
2
111
1
30
4
1
6
2
10
1
1
8
3
4
17
1
1
1
90
1
2
1
9
1
15
3
3
4
1
1
15
2
1
11
3
9
16
3
19
2
1
7
6
4
3
24
2
1
2
3
14
4
4
5
1
59
3
23
10
1
15
2
1
1
1
40
9
35
35
9
2
1
30
4
6
2
11
1
3
1
2
10
2
1
10
3
6
1
4
6
1
1
1
5
24
15
3
3
9
11
4
1
16
9
2
8
9
7
65
1
6
4
5
1
3
11
2
95
8
2
1
1
5
1
1
1
1
3
1
2
3
14
4
5
1
13
6
8
1
9
421
8
37
9
4
1
2
1
34
1
1
13
15
5
2
1
18
2
1
1
1
2
19
6
20
10
1
5
4
14
12
9
2
11
5
10
12
2
1
1
11
1
2
5
1
14
1
6
19
4
3
3
35
15
15
7
14
1
20
6
7
7
17
14
1
1
7
17
15
2
1
49
47
25
26
2
1
51
13
5
6
10
128
1
1
2
2
1
4
7
26
4
2
58
14
16
9
1
6
37
2
60
3
2
1
259
1
30
12
11
1
6
9
5
17
1
1
1
24
1
4
5
21
2
5
2
1
1
2
29
1
4
12
4
1
9
3
1
78
24
13
3
6
2
3
1
4
18
1
33
1
75
28
4
1
1
2
1
2
11
9
6
5
8
3
8
1
7
31
9
1
3
20
5
2
2
4
7
50
1
8
8
4
3
4
3
23
2
22
5
1
37
1
1
4
2
1
2
105
5
28
1
6
1
6
1
1
1
9
2
2
1
37
8
11
4
10
2
1
11
26
4
7
24
6
12
22
1
7
1
2
2
56
1
10
18
4
24
7
14
2
3
1
4
12
3
5
9
4
32
17
6
40
6
2
9
2
19
2
6
4
3
10
4
5
11
17
9
1
1
4
1
8
1
1
11
55
2
7
50
6
4
3
10
5
1
8
2
10
28
9
1
1
3
4
36
10
14
1
5
1
6
12
1
32
50
4
5
16
10
1
48
1
2
5
20
2
63
3
2
1
1
3
1
1
30
20
1
11
1
1
79
46
3
3
4
11
3
6
14
3
6
1
3
2
13
6
20
2
7
5
2
4
4
1
3
8
7
29
3
8
14
5
3
17
1
2
22
11
24
10
1
18
23
2
16
33
2
8
8
8
7
19
3
5
8
3
1
1
56
31
1
6
85
2
296
10
5
2
14
2
4
2
6
227
1
10
2
22
33
10
60
1
2
11
85
25
1
1
21
4
1
2
1
19
1
5
2
18
7
10
43
8
23
37
3
1
9
1
2
15
4
32
3
17
58
1
56
2
6
1
2
1
2
6
6
1
5
16
19
57
1
12
4
15
2
1
3
11
1
3
14
2
4
10
9
5
8
14
8
12
12
10
1
3
36
3
3
16
12
1
3
31
36
1
1
4
9
4
3
1
26
2
13
15
6
52
2
4
8
3
1
12
11
68
32
5
4
72
1
7
3
1
20
3
8
6
31
1
10
8
1
5
1
2
8
2
57
3
6
2
3
17
37
2
7
5
3
1
1
6
29
2
3
3
32
215
4
3
16
2
4
32
1
7
10
1
4
45
1
6
1
39
1
1
203
4
48
6
14
1
122
7
6
31
20
8
1
1
3
2
3
38
1
6
76
3
12
3
12
3
8
13
4
97
1
2
6
66
5
23
15
223
11
187
1
1
1
2
33
9
11
34
25
1
19
158
2
8
2
5
4
8
3
25
37
4
41
2
16
5
2
5
22
2
11
2
9
33
7
14
1
217
2
9
7
35
71
2
1
31
19
2
1
3
5
38
2
4
20
9
7
27
87
1
1
133
14
24
2
14
16
1
7
20
12
37
30
2
31
153
115
4
2
9
2
7
37
19
1
49
2
1
1
9
31
4
2
45
1
2
22
54
1
6
3
5
1
6
1
4
1
2
31
1
17
38
1
2
12
2
1
1
4
2
93
15
36
5
11
11
6
7
13
10
18
1
3
3
8
19
6
1
82
36
32
2
1
145
8
6
4
1
3
5
8
2
21
41
9
3
14
11
23
3
3
1
1
13
5
8
5
48
1
4
2
1
5
4
25
6
2
3
16
9
12
24
97
1
12
1
35
5
21
6
3
4
69
10
14
1
1
295
1
1
7
11
5
1
18
18
6
3
11
1
1
3
26
2
6
54
4
1
9
2
1
6
15
1
5
1
40
5
29
7
10
9
4
3
15
3
39
5
60
435
1
4
3
3
4
1
8
5
30
63
19
2
129
1
121
4
1
12
21
3
34
3
6
1
1
13
4
1
182
68
3
1
18
4
14
4
8
5
3
49
5
4
3
5
26
48
15
4
47
1
17
4
2
8
1
17
10
2
1
3
2
9
1
59
5
3
7
1
12
15
15
4
23
12
1
18
2
4
1
1
1
2
18
1
12
1
3
3
17
10
1
2
9
65
74
2
86
6
5
49
6
1
2
54
17
20
30
1
5
2
17
56
7
61
1
9
3
2
21
3
6
18
1
18
13
4
19
1
2
1
7
24
16
14
31
7
4
1
18
1
15
2
55
6
2
6
3
4
2
1
34
1
23
34
14
44
1
4
11
10
4
51
1
21
5
22
1
3
2
7
3
3
44
5
11
1
31
10
16
28
17
3
22
1
6
53
27
11
3
11
20
4
10
10
4
21
2
6
3
23
6
14
1
7
1
1
3
3
2
2
3
45
1
2
2
129
1
2
5
2
49
7
1
3
18
9
46
9
1
2
18
1
1
7
2
1
41
2
19
5
31
7
1
15
3
17
20
41
4
11
18
63
3
1
1
7
1
4
10
18
2
8
7
3
3
3
21
1
7
8
1
3
1
9
1
1
3
10
1
7
51
10
39
18
75
5
1
1
9
7
10
1
2
5
4
35
5
15
7
1
1
18
15
10
1
5
29
6
16
78
4
5
23
28
1
22
3
2
4
38
54
24
3
4
3
4
8
6
3
61
3
5
2
31
41
73
2
31
3
1
1
162
194
5
16
2
18
1
20
5
6
5
7
144
6
3
2
95
3
3
35
32
1
7
5
6
8
10
11
6
9
14
39
33
1
11
4
17
4
5
1
48
5
1
2
3
15
30
3
15
5
5
1
4
3
8
15
19
9
15
2
9
4
29
2
3
18
8
1
7
18
81
24
16
55
1
21
1
2
1
1
2
4
106
5
75
6
53
3
3
12
50
70
23
3
13
3
4
77
12
13
12
2
16
78
2
175
24
1
172
7
2
4
32
3
3
22
21
15
52
17
23
9
19
9
6
8
6
4
64
1
47
2
27
4
6
1
2
24
4
2
11
12
1
2
19
64
4
23
9
2
19
11
28
135
74
40
178
45
1
7
2
4
1
4
5
3
10
2
9
7
22
4
1
1
40
3
1
10
1
62
13
22
2
121
22
22
3
106
49
5
6
1
6
12
9
6
2
5
3
2
16
1
11
5
1
2
11
43
2
4
53
3
4
3
9
35
10
8
43
52
10
25
1
6
5
76
30
8
72
3
47
21
19
1
12
7
13
16
6
8
5
15
8
22
2
17
72
9
5
3
1
32
2
2
9
21
8
18
3
5
1
11
15
6
16
4
126
18
56
40
7
1
130
41
41
5
20
28
2
6
7
6
72
16
4
12
19
5
16
5
4
1
29
49
88
11
9
15
3
2
2
12
5
4
3
84
4
7
5
115
8
9
50
5
1
7
6
12
4
3
3
1
5
2
20
9
1
4
9
10
14
2
2
40
98
4
19
9
2
8
8
6
6
2
4
2
4
37
37
3
96
22
5
8
61
1
1
19
4
1
30
3
1
7
30
1
8
4
1
32
19
9
47
106
17
24
4
1
6
9
9
95
6
6
186
37
10
9
5
7
59
5
2
40
20
2
2
1
2
1
1
10
21
3
8
5
16
30
13
1
1
4
4
12
12
3
43
7
5
20
197
19
7
26
2
24
4
14
118
48
8
1
152
5
6
2
1
63
334
3
40
3
27
30
3
1
2
5
9
12
26
5
9
50
22
5
33
23
3
2
1
36
37
21
10
4
32
13
1
1
11
3
12
8
1
21
2
2
7
54
21
10
16
24
4
6
18
6
58
7
4
2
8
3
2
255
1
3
14
1
5
3
17
3
2
11
7
20
27
28
2
5
4
2
47
44
52
2
3
42
34
5
1
6
12
12
46
72
3
8
1
24
2
14
13
33
6
44
29
16
1
1
5
1
1
3
2
1
2
31
6
1
55
10
2
6
14
20
1
255
3
4
11
1
6
2
8
15
2
8
13
9
6
45
52
2
10
114
2
88
4
3
12
4
2
10
2
18
19
1
6
37
22
26
128
60
316
1
3
32
3
5
20
16
212
13
7
15
7
36
6
9
12
59
5
6
3
64
14
26
60
15
13
6
1
32
1
7
6
18
31
5
16
22
67
2
7
2
1
76
32
20
52
25
5
32
4
8
39
11
3
2
23
2
1
9
4
27
1
15
12
7
3
1
17
3
5
1
1
4
49
50
121
203
4
4
19
105
35
44
1
1
17
120
2
4
202
5
11
3
1
30
19
14
2
16
76
3
57
117
16
15
10
389
46
335
27
14
15
69
8
6
125
1
2
10
2
49
14
12
401
5
38
7
15
20
209
36
84
39
25
7
162
17
1
10
4
40
2
16
1
43
80
22
13
13
7
1
29
7
1
11
1
107
134
14
11
34
9
4
42
16
213
29
36
11
100
10
11
6
1
2
25
4
55
1
10
109
1
2
7
18
3
13
32
57
20
29
156
3
2
3
7
5
24
2
209
112
120
21
3
23
6
3
45
51
13
2
283
1
4
10
75
12
12
7
1
13
9
60
1
12
28
