7
3
5
9
1
2
2
3
29
5
2
7
17
2
24
7
5
1
1
11
6
1
1
1
2
1
65
1
6
2
1
2
12
15
6
4
7
22
29
8
6
2
2
3
3
20
17
2
1
2
3
16
4
3
8
17
11
2
1
14
8
13
34
42
11
3
3
2
5
6
3
1
15
2
3
2
1
15
33
2
5
4
7
9
1
1
3
5
17
51
8
4
8
16
2
1
1
1
5
1
1
8
3
6
2
3
1
6
26
7
2
3
7
24
1
8
1
2
2
44
1
1
1
2
10
7
4
27
3
7
5
3
3
7
1
10
8
41
39
2
2
8
14
7
38
51
17
1
4
1
3
22
3
2
6
2
6
2
2
8
6
5
23
1
3
2
1
2
1
2
31
16
11
4
37
2
1
3
1
2
35
21
4
17
1
2
10
3
6
4
3
1
17
6
7
1
30
4
67
3
3
3
1
6
2
2
26
1
1
3
15
28
5
17
6
6
1
1
4
1
2
14
1
1
13
4
6
8
2
5
1
52
4
13
11
4
8
1
1
11
41
1
30
3
1
4
11
1
9
6
6
2
22
8
20
3
2
14
4
22
5
32
3
3
3
6
7
1
1
19
1
43
22
29
6
6
3
3
10
38
2
34
1
3
1
2
3
4
2
10
22
24
22
1
2
1
13
1
1
4
6
10
1
1
10
1
1
8
2
5
1
4
4
14
11
2
13
1
35
7
2
1
8
1
19
1
6
5
6
1
2
13
17
13
1
30
3
1
14
1
2
2
16
27
11
24
3
1
3
4
7
5
5
45
19
1
3
2
6
17
8
2
3
1
20
14
4
3
5
23
44
3
27
2
1
18
3
4
6
35
4
2
3
3
4
25
2
55
1
9
6
36
1
2
14
1
19
2
2
11
10
1
34
2
1
2
2
5
8
2
5
2
64
14
4
15
15
1
5
2
5
3
2
2
2
8
19
14
38
5
7
1
17
3
21
6
3
3
2
3
6
7
1
2
3
27
2
22
9
1
20
11
4
91
3
4
14
2
117
2
5
3
1
3
8
28
18
3
2
5
2
6
5
5
14
14
2
2
14
1
3
1
1
2
2
3
72
3
4
7
3
4
10
1
1
2
1
2
4
4
2
2
3
28
10
7
3
2
1
9
50
1
1
14
7
3
4
3
2
2
14
2
2
1
2
4
1
5
2
11
32
3
1
13
2
2
28
38
5
21
8
23
2
4
4
14
1
3
18
1
6
1
1
3
2
11
2
4
22
19
2
2
2
9
1
8
12
6
14
8
5
8
1
2
11
22
10
24
3
31
2
2
6
14
1
65
6
1
18
6
17
13
2
43
2
1
9
5
2
2
3
4
1
1
41
2
2
2
4
11
1
1
2
3
1
40
5
2
56
57
2
8
5
43
5
7
4
16
9
9
1
2
1
11
4
1
8
12
2
3
2
2
9
2
27
2
6
2
2
37
3
2
19
6
6
22
13
3
6
50
2
3
3
9
1
2
6
3
6
10
6
2
14
12
2
17
4
3
2
10
2
4
9
5
1
1
3
1
8
3
17
2
1
7
3
10
2
2
2
3
20
12
2
6
6
13
5
13
2
57
2
20
2
1
21
1
9
2
6
4
87
10
26
1
2
1
35
1
10
2
3
72
10
10
14
1
3
1
1
22
4
17
23
1
13
2
3
1
12
5
2
3
1
3
27
1
4
1
3
6
6
24
11
22
1
10
5
6
7
1
47
1
14
1
2
3
28
35
14
3
2
6
1
2
10
3
26
54
3
2
1
38
10
16
1
5
4
2
2
2
2
8
1
1
2
1
1
2
6
6
6
2
9
3
7
17
10
20
2
1
13
6
2
13
5
2
7
2
9
1
3
2
2
1
16
1
3
11
85
2
2
18
72
39
4
8
2
3
1
1
15
3
2
3
117
2
33
31
12
2
7
2
2
3
3
2
4
6
1
1
14
2
3
1
4
7
2
3
8
2
9
1
91
1
4
1
9
2
1
28
1
8
3
23
3
3
9
2
15
7
1
2
2
5
5
6
5
4
9
9
2
1
1
1
1
3
4
2
2
1
2
5
13
18
41
25
21
7
2
5
4
4
2
1
4
9
11
3
6
17
3
6
31
16
10
4
4
4
2
11
2
4
1
2
7
4
42
11
6
1
4
3
1
2
2
36
6
3
2
4
1
5
11
2
4
1
2
2
35
2
2
3
2
56
5
35
5
6
2
2
15
4
32
2
1
7
2
10
4
5
2
3
3
25
10
6
18
1
39
1
2
3
97
2
23
2
8
10
24
2
5
34
1
12
9
3
4
1
1
1
1
26
6
6
1
3
2
2
6
11
2
16
8
25
1
13
2
23
5
13
52
17
2
8
1
1
1
2
3
7
62
12
2
28
8
12
1
6
14
12
3
2
3
3
7
1
4
6
7
2
1
2
2
7
2
11
5
4
3
27
16
2
2
1
10
5
8
2
22
2
2
6
37
2
1
33
4
1
5
1
2
21
5
1
5
1
28
12
4
10
42
11
21
8
14
3
2
33
2
5
2
6
46
4
25
2
6
5
5
12
1
30
12
1
11
1
3
1
3
8
1
1
1
46
2
1
1
24
4
13
2
