53
2
2
8
4
2
2
1
1
3
1
2
1
27
15
18
6
3
2
7
1
24
1
2
2
49
1
21
8
28
2
3
1
2
1
2
12
51
7
41
3
6
22
2
17
64
2
1
3
1
2
4
60
3
3
40
8
2
2
16
6
33
64
2
83
6
1
4
13
2
2
54
10
1
2
23
18
2
25
21
37
19
7
4
1
1
1
2
3
46
4
5
9
5
2
2
9
5
24
5
2
50
22
11
17
15
3
26
1
8
15
2
11
4
1
11
3
5
60
5
18
38
62
1
19
6
1
10
1
2
5
166
19
43
9
32
9
13
1
12
4
14
16
26
2
2
13
4
5
67
3
4
2
8
1
1
2
1
16
3
9
3
1
3
3
2
5
6
9
5
3
6
2
1
1
15
10
3
22
39
4
14
1
31
29
62
1
26
44
2
1
6
6
5
35
12
4
12
2
3
38
3
18
9
2
2
1
1
12
47
8
5
1
2
1
165
1
1
126
1
3
3
15
7
7
4
2
24
3
2
32
1
2
2
23
46
7
2
13
1
2
8
17
5
22
6
10
27
1
7
2
5
10
29
2
2
8
2
3
1
41
8
2
4
2
5
6
3
16
10
92
1
4
51
23
6
7
91
6
101
45
92
1
2
22
3
2
3
30
2
2
6
1
5
4
25
1
5
4
13
2
17
2
95
1
10
5
5
2
6
2
9
14
1
1
18
1
7
2
3
2
24
26
1
1
20
25
27
4
66
5
4
5
19
4
1
9
1
7
9
44
4
39
57
1
15
3
36
4
4
1
10
1
1
7
1
43
31
3
2
2
8
8
1
5
24
7
15
21
28
1
9
1
4
2
36
37
1
145
5
1
1
1
6
18
2
3
37
93
3
2
7
3
1
2
3
6
25
20
6
20
10
1
6
3
4
9
10
30
3
5
8
11
2
12
2
6
7
11
1
21
2
1
2
12
20
1
3
3
156
30
3
5
1
21
32
2
8
1
2
12
2
4
9
5
15
8
1
4
64
24
5
1
41
3
1
4
26
1
3
1
11
3
1
8
4
1
8
12
10
1
37
3
2
16
49
2
5
2
2
19
22
2
18
25
141
72
1
2
23
74
13
15
3
2
53
2
55
29
4
181
3
9
15
1
34
2
3
1
16
2
7
19
1
8
5
10
8
97
5
36
31
16
5
1
3
17
1
2
3
1
199
7
26
15
1
8
41
2
8
10
6
33
2
28
54
7
35
4
4
12
11
29
6
32
3
16
1
3
4
2
1
14
9
10
2
10
1
6
4
34
16
1
16
20
9
2
4
27
4
1
9
5
2
34
1
9
5
21
2
49
6
11
2
8
5
10
2
24
7
5
1
1
5
12
22
100
2
1
1
2
2
4
3
16
35
1
6
7
1
2
70
4
8
25
6
136
1
125
109
1
2
59
2
23
1
43
6
2
109
60
4
3
3
1
2
9
2
12
1
4
4
1
8
16
5
2
30
1
1
71
1
13
56
4
3
2
1
12
80
5
47
2
184
7
4
2
1
12
1
7
8
4
2
1
13
8
39
7
70
36
20
1
7
28
3
19
13
36
26
38
1
10
12
3
2
11
2
1
10
12
47
1
3
3
24
25
4
1
6
3
