9
12
1
2
1
5
2
5
12
12
3
2
5
1
23
9
1
8
2
2
24
2
1
1
2
1
1
2
78
7
1
2
7
2
7
32
1
2
14
25
4
1
1
32
8
1
5
4
1
1
3
2
2
1
1
5
11
4
5
3
1
2
14
1
4
1
3
1
1
2
1
1
1
2
2
2
2
2
26
12
2
38
9
2
2
5
2
1
4
3
5
3
2
1
2
1
1
1
8
13
2
1
8
12
3
1
3
4
1
16
3
2
2
9
13
1
19
19
2
16
1
17
3
3
4
13
1
1
1
20
9
7
11
4
2
5
1
4
14
12
2
3
54
10
7
1
2
8
18
3
5
4
1
3
1
1
1
2
2
1
8
35
1
1
1
5
2
1
1
2
4
1
28
2
1
2
10
1
1
2
1
12
1
1
2
2
2
8
1
1
5
2
3
1
24
1
1
14
1
2
3
15
2
1
8
2
7
1
18
24
5
1
2
3
12
10
11
1
6
1
6
6
16
2
2
5
1
1
5
1
7
3
8
15
1
4
10
2
4
12
2
7
75
1
6
2
1
1
5
16
6
5
7
3
2
1
14
4
2
5
1
3
12
4
3
3
4
1
3
2
1
10
2
3
2
3
9
1
4
1
4
10
2
2
7
4
5
17
7
1
2
4
6
1
4
1
3
1
1
3
2
2
7
1
1
1
4
8
4
1
4
2
2
2
2
1
2
8
38
1
5
1
6
4
1
2
2
17
3
1
7
5
4
1
1
1
5
7
2
6
3
13
1
1
8
1
1
3
1
6
1
3
2
11
4
2
11
10
3
1
1
1
2
4
2
1
2
2
5
2
2
2
11
2
1
3
8
9
1
7
5
2
7
2
3
7
4
6
11
1
8
10
2
3
2
3
2
1
17
13
1
1
3
1
1
8
22
5
2
1
1
1
2
11
32
13
7
2
5
1
10
4
1
5
5
17
7
1
4
35
1
3
5
6
22
1
1
4
1
3
12
2
2
2
1
4
2
2
7
1
3
1
3
3
1
2
1
1
1
3
4
2
11
3
7
4
4
1
1
6
2
64
3
11
3
2
17
25
2
3
2
1
2
12
1
8
78
1
1
9
4
2
2
4
8
1
8
20
1
11
6
6
42
1
1
2
1
6
8
2
2
2
4
18
1
10
5
3
2
7
2
2
11
4
5
28
1
21
1
3
2
5
7
18
7
30
8
2
4
1
3
19
3
1
1
1
1
2
1
1
7
1
3
16
16
1
1
2
1
3
3
8
3
1
22
1
9
1
1
1
1
1
11
3
1
3
38
3
1
4
2
1
10
2
3
2
33
1
5
1
2
5
2
4
2
4
2
2
36
3
9
2
7
12
2
2
1
1
1
1
2
4
3
2
5
1
1
7
2
3
1
2
2
2
11
1
6
1
9
5
2
1
9
8
9
1
1
7
3
7
1
3
2
4
1
32
19
3
1
2
3
1
8
1
3
2
5
11
6
1
16
2
9
3
6
1
12
1
3
10
2
2
13
2
1
20
2
3
8
3
2
2
1
3
10
17
1
2
1
30
3
3
9
2
1
1
2
8
3
6
20
6
3
1
2
1
8
1
1
3
2
14
7
1
2
1
1
1
3
2
2
6
2
3
2
10
1
3
2
2
1
1
12
1
16
1
1
1
4
1
4
5
6
7
1
11
6
4
2
6
13
6
3
2
2
6
8
2
1
1
1
12
1
5
2
27
3
1
1
3
24
6
1
2
1
11
9
6
3
5
1
1
1
24
22
2
1
1
1
22
2
1
3
3
1
2
1
6
2
14
4
2
2
6
14
4
1
1
2
2
1
5
23
21
2
2
4
1
3
38
1
1
12
46
2
2
2
2
2
5
53
2
17
8
1
1
2
13
2
1
2
5
2
4
6
3
2
1
1
1
2
4
2
1
1
3
3
3
3
7
3
3
3
1
2
4
1
6
10
1
10
2
1
2
8
2
2
2
9
13
1
2
1
2
15
17
3
1
2
6
9
6
4
21
2
3
11
10
1
1
2
1
1
1
2
1
3
2
1
9
1
5
4
1
10
42
1
6
2
2
3
4
1
4
3
36
39
1
25
5
2
4
2
17
14
5
3
9
3
6
2
8
4
4
19
1
2
2
2
2
11
54
3
1
9
2
1
4
1
2
2
6
1
3
2
1
8
17
2
5
2
1
3
7
7
1
1
1
7
2
2
10
28
10
8
1
2
20
3
1
2
7
4
1
3
4
5
6
4
2
1
13
2
8
8
6
1
2
3
2
19
11
1
12
2
4
4
4
10
1
1
2
1
8
7
1
3
3
2
11
1
4
35
2
8
1
1
4
17
13
2
1
1
2
2
3
1
5
1
6
1
4
1
4
1
2
6
1
18
6
2
3
1
9
2
2
6
1
2
1
1
1
5
3
9
3
1
39
1
21
1
8
2
11
1
2
2
3
1
6
12
1
5
10
1
2
4
1
1
11
1
1
9
1
8
2
18
2
1
4
5
3
2
1
2
1
5
1
14
2
2
5
1
1
14
2
1
2
7
2
2
1
29
2
3
5
1
6
7
14
24
2
2
9
11
12
12
1
1
8
38
1
8
5
7
1
1
3
6
1
1
20
21
1
2
1
1
12
3
1
7
8
6
23
3
1
10
5
1
9
4
1
3
3
12
1
4
14
4
1
1
1
2
2
2
6
6
6
5
6
2
5
1
1
4
2
2
2
2
1
3
1
3
7
1
4
3
4
1
15
9
27
1
1
2
2
13
10
2
2
1
1
2
1
1
5
8
2
1
3
2
2
1
1
1
7
11
6
7
6
2
2
18
1
1
2
10
16
5
3
7
1
12
1
2
1
1
1
1
1
7
3
20
19
2
5
1
1
3
4
1
6
17
7
3
2
2
1
4
2
1
1
2
1
1
2
3
18
1
9
5
1
3
2
3
9
1
3
1
1
4
4
5
9
2
1
3
2
13
2
4
2
2
1
2
2
4
7
7
35
3
2
2
52
8
13
2
4
23
5
1
20
14
1
6
1
6
4
8
1
1
8
2
2
13
2
15
4
3
19
3
6
1
2
7
5
4
4
2
4
3
18
1
11
3
3
6
1
2
2
7
4
1
15
2
21
1
2
1
3
3
1
2
2
3
1
1
15
2
1
2
1
1
1
2
13
1
1
8
11
1
1
4
25
1
3
2
7
4
2
2
3
6
1
3
3
4
1
4
16
1
3
11
4
4
6
1
1
3
10
1
44
1
5
1
2
2
2
16
1
14
6
7
1
1
1
2
5
18
5
12
1
2
4
7
2
1
4
14
3
5
2
2
8
3
1
3
1
1
3
1
3
6
3
1
14
23
2
7
2
9
1
3
5
2
4
16
2
14
1
2
4
10
1
3
8
6
2
52
27
9
5
2
1
7
7
4
1
1
12
7
4
7
1
1
1
5
2
1
1
1
1
3
1
5
2
2
5
2
8
1
1
2
2
32
2
14
19
3
3
1
4
21
1
2
6
1
4
1
11
1
8
1
1
3
4
6
3
1
3
9
1
3
3
2
12
8
3
10
1
1
1
18
30
9
2
5
1
20
8
3
19
5
5
8
8
3
1
1
2
37
21
1
3
4
10
2
2
5
1
2
1
5
5
2
3
3
6
1
4
2
1
2
2
3
3
2
1
1
3
2
1
2
6
1
20
1
5
2
4
3
4
1
2
6
5
1
3
7
4
5
3
1
3
2
2
2
3
3
2
15
10
6
12
4
5
2
6
2
1
4
15
6
6
6
5
15
1
22
22
28
5
1
6
14
2
9
1
9
1
11
6
21
26
2
5
3
1
1
4
3
2
3
2
3
1
3
2
6
1
1
1
2
2
2
28
6
3
1
1
5
49
1
1
1
4
7
13
1
28
9
1
1
4
2
9
23
6
27
30
1
7
2
2
1
30
4
1
2
4
1
31
1
3
4
9
1
1
7
7
2
2
17
5
4
3
5
3
11
1
2
4
4
2
23
2
2
3
1
1
3
4
4
2
1
2
14
8
4
3
1
1
4
3
1
1
1
6
2
12
5
12
1
4
2
1
16
2
4
1
1
1
2
5
2
10
3
3
1
8
1
2
2
13
2
1
3
5
2
4
4
4
4
3
5
21
4
19
7
1
1
2
1
4
2
2
2
20
1
2
5
1
1
6
41
3
6
1
9
7
2
2
24
1
3
13
1
2
3
3
3
1
1
15
8
7
2
3
1
10
1
3
1
1
1
1
5
1
2
2
5
7
1
2
2
5
2
4
5
2
4
4
9
3
14
3
8
1
4
5
4
9
6
13
6
8
6
9
3
19
7
3
1
1
3
1
18
2
2
2
8
3
22
10
3
15
6
15
4
1
1
13
1
1
3
5
30
1
5
6
2
1
1
6
13
6
2
1
18
26
1
1
3
1
3
2
2
25
3
3
1
1
10
14
2
2
1
1
24
1
1
2
3
4
3
7
30
5
3
1
24
30
2
18
13
4
12
1
4
1
4
4
1
2
5
5
2
5
5
19
3
2
2
5
1
1
2
3
8
1
1
1
21
5
9
1
5
2
6
34
5
10
28
42
5
1
2
1
2
2
4
9
2
3
2
5
3
3
2
1
3
34
1
5
1
7
8
8
1
1
15
5
2
1
3
2
2
7
21
3
1
2
8
6
12
2
1
12
1
9
1
3
1
1
2
5
1
5
5
9
1
16
4
11
1
1
2
2
1
1
1
5
1
21
7
5
4
1
33
3
4
4
1
4
1
2
2
5
4
2
1
2
1
9
2
10
13
1
4
1
2
2
2
3
2
2
3
1
1
1
5
10
5
1
1
20
3
4
4
1
2
12
2
3
6
2
2
3
1
10
3
1
4
3
11
4
6
3
10
1
1
13
2
9
3
4
1
19
5
3
1
1
1
2
3
12
8
1
1
1
1
3
9
6
14
3
9
1
1
1
3
4
1
24
1
41
2
2
1
2
18
7
4
2
3
1
6
2
3
12
1
2
5
1
6
1
4
2
1
1
3
10
3
1
3
1
7
3
1
1
1
4
11
1
20
4
3
3
1
4
1
13
1
1
1
1
3
18
5
10
6
14
14
1
20
5
2
1
2
5
35
3
12
2
3
1
1
3
3
2
4
13
5
2
2
3
5
32
6
46
5
9
3
8
5
1
13
3
7
1
2
6
1
2
3
4
10
1
3
4
1
2
4
1
3
10
5
4
9
4
2
5
74
1
15
2
2
6
1
5
3
3
1
1
2
7
1
3
5
1
16
5
13
1
6
2
17
1
1
1
1
1
1
1
1
4
5
4
1
1
2
15
1
1
3
2
4
73
2
1
5
2
22
3
43
4
11
1
15
5
2
6
1
49
8
1
2
4
1
8
1
18
7
3
20
9
9
4
1
1
