52
2
9
7
16
6
7
12
5
3
2
1
1
3
113
17
4
26
3
1
2
2
8
1
13
16
5
6
6
1
3
93
49
22
34
12
2
1
16
1
5
1
7
5
2
76
87
2
4
7
14
30
3
3
7
16
9
8
44
12
1
2
2
1
4
23
16
125
9
2
25
26
21
31
12
29
1
4
16
11
1
21
9
12
3
1
39
2
3
2
6
44
32
1
6
4
2
9
3
10
2
21
3
2
47
1
44
3
2
1
19
1
39
5
10
3
2
3
27
40
1
19
3
3
22
3
1
2
3
1
20
18
31
6
1
58
49
33
25
3
1
34
9
3
3
2
12
7
1
34
3
35
1
3
24
3
8
51
14
8
38
3
6
26
2
13
4
7
1
1
1
17
15
2
1
3
25
21
70
20
19
2
9
1
2
12
2
2
2
2
3
3
5
3
2
1
2
2
2
1
12
4
2
2
1
14
2
3
37
4
3
1
2
3
13
35
6
3
14
5
6
12
6
3
2
116
10
5
1
2
1
3
1
2
7
22
4
58
179
3
23
19
10
1
19
1
4
15
3
3
11
2
7
1
1
14
3
4
6
8
2
8
1
19
2
7
2
2
2
2
3
3
3
3
11
1
2
3
8
9
2
6
2
7
2
5
1
4
6
7
4
1
2
11
49
4
2
5
4
30
13
5
28
8
1
4
14
18
2
2
54
2
73
1
3
6
1
11
9
2
38
46
3
1
1
44
3
16
1
12
3
1
1
1
5
4
2
34
53
1
1
15
2
10
3
2
10
33
7
27
6
2
8
2
5
2
4
1
2
1
6
6
3
4
10
34
21
14
1
5
8
2
2
1
2
7
3
1
7
4
1
3
28
25
2
1
21
3
3
8
3
2
1
27
1
12
4
2
2
2
21
15
4
15
2
4
1
2
3
3
2
1
2
12
2
8
2
8
4
12
1
1
21
2
3
5
2
7
12
12
1
3
2
3
11
3
9
1
11
1
1
11
2
49
79
8
4
2
47
20
2
35
27
7
1
34
2
12
86
9
4
3
3
11
4
14
5
24
1
7
2
35
10
6
10
7
2
12
2
4
1
3
1
14
25
1
3
1
6
1
1
1
5
17
22
3
1
1
2
5
51
40
2
2
11
2
2
2
12
15
5
32
5
12
37
3
1
14
7
1
3
36
4
7
2
23
78
11
4
2
3
1
7
2
14
3
2
9
7
2
54
41
70
2
2
18
1
8
4
3
28
3
14
4
6
4
3
6
3
8
23
15
18
5
7
1
40
2
6
3
2
2
1
4
9
2
8
2
8
3
37
4
1
10
6
6
1
22
4
1
5
1
1
4
2
24
3
13
1
82
2
1
3
2
1
2
9
2
6
6
1
2
2
15
4
2
3
26
1
6
19
2
2
18
3
22
65
16
2
1
11
2
3
1
15
6
15
37
11
2
2
1
14
5
1
4
2
1
2
9
36
16
1
8
7
2
1
12
1
1
11
2
3
6
3
7
2
1
30
4
10
7
5
1
20
2
18
50
1
8
7
1
6
3
5
1
2
1
1
4
17
6
2
2
4
1
28
2
42
2
2
2
11
1
5
6
10
5
11
5
34
1
1
18
62
1
1
6
4
14
10
17
2
2
14
9
2
22
11
5
4
11
2
13
9
2
6
2
7
4
11
10
28
3
6
2
30
3
5
2
4
15
1
1
18
5
7
5
2
1
2
35
12
5
5
4
4
4
4
1
1
6
3
20
38
41
1
6
12
1
18
1
5
2
7
2
5
2
28
1
3
1
88
6
5
3
2
9
8
