41
104
29
49
1
190
39
293
208
167
34
376
217
8
247
7
1
4
2
21
4
37
7
35
150
2
5
26
28
4
114
3
13
12
84
1
110
328
6
5
7
198
12
80
6
107
425
5
55
2
54
9
3
16
32
3
196
72
1
1
13
1
207
47
3
1
4
128
11
17
94
1
44
100
50
94
12
175
21
2
5
2
2
30
3
2
6
266
2
75
10
66
5
292
50
8
389
293
195
31
131
8
18
17
144
2
40
15
3
4
487
53
18
11
4
7
50
150
466
4
57
7
134
79
5
1
137
46
14
23
359
55
43
43
21
42
34
66
35
26
10
2
167
75
6
1
318
58
11
15
41
20
7
417
17
1
133
39
54
10
18
1
4
49
7
5
85
111
5
4
2
4
195
15
29
16
3
4
29
13
51
66
34
1
4
131
66
20
2
39
1
113
198
7
85
13
17
84
5
34
19
8
12
24
1
156
43
30
37
16
113
20
29
177
1
91
34
7
35
30
2
22
1
90
10
346
41
16
24
38
106
6
167
106
25
3
340
224
33
23
1
50
216
28
91
49
17
97
1
84
16
35
84
3
150
55
42
1
68
27
87
69
265
2
1
7
9
230
11
2
75
4
64
55
243
80
3
8
28
6
15
2
6
68
1
184
82
52
140
47
14
9
210
2
3
90
23
3
35
1
154
1
2
16
56
170
20
25
2
148
55
58
37
44
18
7
1
2
4
4
25
337
181
3
17
36
224
2
21
1
63
64
36
62
1
91
18
149
114
15
24
112
19
76
5
13
20
2
2
28
299
41
2
57
139
1
31
22
125
5
2
67
1
2
25
7
22
18
5
2
76
188
28
3
13
7
1
2
20
1
18
50
1
1
66
8
1
26
3
7
98
2
5
2
64
5
143
9
3
10
3
23
2
13
107
14
41
9
29
37
21
30
5
54
1
5
32
267
20
17
37
18
2
50
7
22
2
16
20
2
2
43
139
2
3
2
157
42
12
2
4
38
1
36
7
159
112
148
3
20
4
15
46
1
1
21
2
164
2
3
1
5
61
96
1
10
16
1
44
1
1
18
4
2
3
2
4
111
87
19
142
14
104
44
67
23
1
13
62
11
8
5
73
127
49
15
2
7
1
13
402
2
2
39
106
2
2
58
80
2
122
44
10
2
92
32
1
1
76
188
103
9
1
8
147
16
47
106
2
474
29
51
2
17
24
21
7
50
86
4
51
95
16
13
102
37
122
79
134
3
1
229
25
175
3
58
287
4
331
1
38
26
13
17
22
1
40
107
4
6
1
93
321
1
10
9
1
31
82
4
1
5
3
109
52
2
2
16
39
51
73
18
1
56
1
35
2
342
14
1
108
54
39
12
1
49
36
19
57
115
31
53
6
43
3
3
31
29
38
4
15
3
81
21
3
2
24
25
12
64
2
76
2
5
5
17
3
46
251
6
114
17
3
1
35
2
26
42
13
4
68
4
74
1
34
1
106
2
48
22
3
2
6
8
1
152
4
63
25
3
8
288
129
13
2
29
189
3
1
56
17
60
29
2
92
6
57
89
84
52
169
5
2
7
9
177
3
1
51
6
11
2
135
29
9
4
180
90
4
7
120
12
2
347
12
14
2
2
5
46
97
15
140
3
146
1
40
1
142
4
17
74
2
124
3
14
95
20
2
41
14
3
76
40
290
2
141
56
10
102
27
3
30
37
2
2
1
65
13
346
136
140
7
3
2
29
1
6
34
3
14
35
375
3
37
28
16
2
154
31
2
33
58
2
2
14
35
6
30
2
6
29
19
17
19
194
7
2
49
3
1
41
3
2
12
6
4
132
9
12
22
2
12
43
3
279
35
34
40
59
60
33
3
28
133
27
2
21
215
16
15
2
46
38
109
172
103
91
171
4
20
2
57
21
136
1
2
112
10
245
54
191
1
19
85
122
14
2
29
69
6
4
68
65
2
1
47
3
96
117
27
81
19
8
1
2
46
141
61
92
6
4
35
24
26
1
2
28
2
34
1
321
5
94
363
397
134
8
8
94
3
1
6
1
1
1
84
24
3
5
81
104
6
5
40
31
5
83
38
178
5
1
72
4
5
62
24
217
3
9
2
29
144
2
2
1
6
6
37
188
5
134
39
3
185
2
29
1
39
3
5
176
1
145
31
13
145
52
2
83
12
2
5
38
1
8
44
9
1
2
29
118
2
3
2
42
118
131
32
15
27
53
30
22
55
6
4
2
3
7
103
16
175
40
59
1
313
2
3
2
2
208
2
1
2
41
1
429
4
3
2
1
130
17
1
220
64
5
127
159
1
22
18
7
33
1
1
18
204
6
29
33
26
1
3
4
1
6
3
16
1
10
2
1
23
9
11
23
27
3
2
70
3
47
3
132
148
21
31
368
3
76
2
4
87
2
4
2
2
10
12
24
3
12
31
13
9
5
12
2
2
2
3
31
4
8
107
67
1
29
41
10
2
55
189
2
66
7
24
1
417
41
33
50
4
5
72
4
9
8
22
3
4
7
26
77
56
1
44
2
1
1
305
3
2
171
85
5
23
7
68
19
3
2
254
7
16
17
17
128
1
3
20
1
18
44
4
2
50
22
5
1
14
2
21
2
3
20
23
2
3
47
1
3
1
1
75
119
68
6
285
10
17
1
2
1
1
2
1
43
1
12
28
8
21
1
143
265
167
21
2
9
7
16
1
71
85
91
113
5
10
22
36
5
2
3
2
5
4
17
5
45
10
44
3
2
1
15
11
20
198
44
27
119
29
2
4
3
1
173
27
36
1
24
23
4
54
84
40
23
6
27
17
1
5
11
82
65
2
1
72
11
13
50
24
1
61
50
4
71
4
2
9
37
147
32
45
19
19
3
2
7
4
18
16
99
1
13
80
24
5
3
7
3
3
5
1
425
35
4
78
27
100
20
3
395
15
4
1
19
6
58
50
3
50
12
2
12
72
12
16
57
1
1
122
43
26
20
15
22
8
9
64
27
18
195
172
63
1
1
30
14
3
8
2
123
13
18
67
2
26
1
6
3
34
6
1
129
22
1
5
32
112
6
2
16
69
30
6
102
7
8
19
59
22
22
3
12
24
78
3
6
13
28
29
13
95
8
76
23
6
5
63
4
9
4
64
1
24
111
157
3
17
160
69
8
8
4
1
1
23
11
3
21
1
10
19
9
61
8
22
6
16
1
26
346
115
2
1
10
7
5
225
7
15
28
11
42
4
4
106
104
4
2
42
8
15
43
53
1
2
56
39
82
5
3
64
16
71
9
11
47
4
5
17
11
14
16
3
78
4
20
8
80
2
11
6
55
131
8
111
3
2
40
9
5
112
6
5
25
11
11
21
128
35
2
8
33
50
7
9
44
1
17
17
5
18
37
45
42
34
89
8
59
43
2
60
17
6
15
57
15
42
37
15
74
21
6
1
172
23
364
6
14
7
8
75
10
9
6
18
32
5
16
21
13
7
1
6
2
8
14
20
5
6
15
259
6
6
22
38
12
116
5
58
4
3
12
9
3
10
7
1
8
12
4
7
37
3
20
5
34
25
30
83
8
26
20
3
35
1
1
31
11
3
130
49
40
22
97
8
1
123
23
3
5
1
2
45
8
33
6
53
65
22
23
11
2
17
1
40
4
9
153
1
134
9
59
7
32
41
31
64
20
76
8
10
44
5
14
1
3
4
29
12
30
6
33
5
64
7
110
22
36
21
18
10
42
4
7
7
33
96
46
58
40
3
41
2
3
5
2
19
109
106
23
12
105
46
3
26
172
111
116
15
19
15
16
39
26
47
13
3
3
25
28
18
16
1
26
23
3
5
3
22
296
3
67
1
10
1
18
22
9
1
53
28
66
129
14
21
5
1
3
27
20
13
3
91
8
41
40
37
5
34
95
1
14
175
57
