1
12
6
1
1
1
7
1
1
23
20
2
76
1
12
14
12
2
2
2
1
30
1
16
1
6
2
1
10
29
16
2
1
1
4
5
11
5
1
4
6
2
4
7
8
1
1
9
9
4
8
23
2
3
21
2
7
1
4
1
7
12
32
6
1
2
5
12
15
6
2
10
10
2
12
2
19
2
2
15
12
3
1
11
1
2
1
1
2
2
2
8
2
1
2
11
2
11
2
1
9
8
5
4
1
6
11
2
13
3
3
6
2
2
75
3
2
1
1
2
2
5
2
25
2
2
7
14
3
4
4
1
2
8
23
4
3
13
13
20
2
1
3
3
73
42
8
4
1
7
1
1
2
1
7
2
3
2
2
2
5
2
5
1
1
2
8
2
31
2
1
7
2
2
1
25
4
63
6
5
2
2
1
4
8
2
4
5
21
4
1
2
39
17
9
2
26
11
3
38
13
2
5
4
1
2
2
1
2
2
6
35
6
2
2
2
11
2
2
5
2
3
5
2
2
8
4
19
1
3
7
44
1
14
2
2
4
3
3
1
1
7
2
12
5
1
1
9
3
2
3
1
9
6
5
6
10
36
2
1
14
4
2
1
3
1
1
8
39
2
2
5
2
2
5
1
4
1
3
1
2
4
1
1
2
5
6
5
3
4
7
2
2
5
5
1
2
8
1
2
2
39
14
1
1
2
4
8
4
1
2
1
5
4
4
3
27
4
65
1
5
6
8
57
3
1
2
11
15
8
5
1
4
1
16
1
5
3
1
2
5
13
46
8
1
7
3
4
18
7
1
1
11
5
1
4
3
1
7
4
14
2
3
3
6
4
3
2
3
1
1
4
1
2
1
4
5
4
1
3
24
1
51
11
2
1
4
2
1
4
2
1
15
1
18
1
9
4
6
7
20
1
2
2
2
1
2
10
9
5
4
8
3
11
1
2
4
1
9
6
5
1
3
6
8
5
2
6
3
8
4
1
9
2
13
5
1
1
4
10
2
8
7
8
1
26
17
7
1
2
1
1
5
2
1
4
11
2
9
5
1
2
11
1
13
7
5
2
1
2
1
17
4
5
2
14
1
2
3
7
9
3
3
8
1
2
5
1
12
4
1
1
2
11
1
2
1
8
1
1
5
9
5
16
2
7
11
2
2
5
3
121
1
8
5
1
2
6
5
8
7
3
5
55
1
4
6
2
24
9
5
1
6
13
7
1
1
1
1
9
7
1
1
3
5
5
14
19
14
1
10
5
4
7
13
8
4
1
2
1
5
7
10
15
11
1
15
1
7
4
16
10
4
3
3
2
6
8
2
3
11
1
5
1
2
1
5
1
1
78
1
15
7
17
69
37
11
19
5
10
3
4
4
16
7
5
5
1
20
5
3
