3
1
1
1
3
1
3
1
1
15
15
1
1
1
1
1
15
2
1
1
1
2
1
2
3
6
1
4
3
1
1
1
1
1
1
1
3
1
2
1
1
1
1
1
1
2
3
1
1
1
1
14
3
6
2
3
2
3
3
2
1
2
3
8
2
6
1
1
1
1
2
2
7
2
1
2
1
1
2
5
1
1
1
1
3
1
2
1
1
1
1
3
1
3
1
6
5
2
1
2
4
8
13
3
3
3
2
1
1
2
8
1
2
1
1
1
1
4
9
2
4
2
2
1
1
1
4
1
8
6
2
2
2
1
1
2
1
1
2
1
4
2
1
2
1
4
1
2
2
14
4
1
1
5
6
1
1
1
1
2
3
3
1
1
5
6
1
1
1
7
1
2
1
6
1
1
2
8
2
1
3
1
2
1
1
3
1
1
2
2
4
1
13
2
2
2
1
1
2
3
1
2
1
2
1
1
5
1
2
2
3
1
2
1
1
1
21
4
1
4
2
1
1
1
1
1
2
1
1
2
2
3
1
2
1
8
4
4
5
1
1
1
1
16
1
7
1
2
1
2
4
2
14
1
1
1
2
2
3
2
1
3
11
5
2
4
2
1
1
2
2
5
2
2
10
1
2
4
3
1
3
1
1
15
1
1
2
2
1
1
2
12
2
3
3
3
3
1
1
1
1
2
1
1
4
1
1
3
1
1
1
7
1
1
2
2
1
1
3
3
1
2
2
2
2
2
2
3
1
15
2
1
2
3
1
1
4
1
1
1
3
3
1
2
1
1
3
5
1
5
12
1
1
3
1
1
2
1
1
2
1
1
3
1
2
2
1
1
2
2
3
1
4
2
2
3
1
6
3
3
4
5
1
1
2
2
4
1
6
1
3
1
2
2
4
4
13
2
2
1
6
1
1
1
7
2
5
3
1
1
2
2
1
7
2
3
1
1
1
1
6
1
2
1
1
1
4
2
1
1
1
2
1
1
1
2
5
1
1
1
4
3
1
1
3
3
1
1
4
15
3
2
1
1
2
3
2
3
2
1
2
3
1
4
1
1
1
2
2
6
9
1
1
3
1
1
2
2
1
1
1
4
12
2
1
1
6
1
14
1
10
6
1
1
1
5
1
1
2
8
1
1
2
1
3
1
3
2
1
1
1
3
2
3
9
1
2
3
1
3
1
2
1
2
5
2
3
2
1
1
1
1
1
4
3
6
6
6
1
2
1
1
1
16
1
2
1
3
5
1
1
6
1
5
3
2
2
2
6
1
1
5
3
3
1
1
1
2
3
2
1
4
1
2
2
7
3
2
2
2
2
1
2
1
1
3
1
11
2
1
1
1
3
3
3
2
1
3
1
2
2
3
1
3
1
7
2
3
1
4
1
2
1
1
1
6
1
7
2
1
2
3
2
2
2
4
5
1
3
2
2
1
1
3
1
1
1
2
1
1
2
2
1
1
1
6
8
3
4
1
3
6
1
2
17
4
1
1
5
1
1
27
2
4
2
5
1
4
1
1
3
3
3
1
1
12
2
7
2
2
1
2
1
2
2
3
1
1
4
2
1
2
2
1
1
1
1
1
2
12
1
6
1
3
1
2
5
5
1
4
2
1
2
13
1
6
1
2
1
3
2
2
1
6
1
1
15
3
2
3
2
1
3
2
1
1
1
12
3
1
4
2
6
1
1
4
3
6
10
3
2
1
1
1
3
2
1
3
10
2
10
1
1
2
3
5
1
8
1
1
10
10
2
2
1
4
1
1
3
1
2
2
2
8
1
1
22
1
1
1
3
2
1
1
1
5
1
1
1
3
3
1
1
4
1
1
1
2
3
5
1
1
1
1
1
3
1
2
6
1
8
2
5
2
11
2
1
1
2
2
2
1
2
2
1
2
4
1
1
6
2
1
2
1
1
1
4
3
6
1
1
3
4
6
4
8
2
1
9
2
4
3
1
2
3
2
1
2
2
7
3
1
1
8
9
5
1
1
2
1
2
11
1
1
4
4
4
2
4
1
2
2
1
3
5
1
1
1
2
1
2
15
6
1
2
1
1
2
1
11
2
1
2
1
1
1
1
2
14
2
1
1
1
2
2
6
10
18
2
3
3
1
2
2
1
1
3
1
3
1
2
2
2
2
1
1
1
1
3
1
1
1
3
10
3
1
11
1
6
2
1
3
1
3
1
1
5
1
8
5
2
1
1
1
1
1
2
1
3
1
1
1
2
2
5
2
1
5
2
2
4
1
1
3
3
2
1
1
2
5
1
1
1
1
1
3
2
2
1
2
1
2
