3
2
1
2
4
15
1
6
5
4
2
2
9
1
1
3
1
1
2
8
4
3
1
1
9
1
2
3
3
1
2
1
19
2
2
2
1
2
18
1
2
2
2
3
3
1
4
1
1
1
5
1
1
6
2
7
1
8
1
1
1
41
3
1
2
7
3
1
12
5
2
3
1
2
8
4
4
1
2
5
2
5
2
1
2
2
2
1
4
1
4
8
3
1
1
1
2
3
1
4
3
1
1
2
3
1
1
1
2
1
5
2
3
1
1
3
2
5
2
2
2
1
3
1
2
4
1
1
1
11
10
2
5
3
1
2
2
12
3
12
1
3
3
1
5
1
2
2
2
1
7
1
2
20
2
1
5
1
1
5
7
9
1
2
2
9
3
10
4
15
6
1
1
1
8
5
2
1
1
1
1
2
12
2
1
4
1
2
1
2
15
4
3
2
1
1
17
1
2
5
1
5
2
6
1
9
3
1
3
6
8
25
6
2
2
2
1
1
1
2
2
1
1
1
1
9
3
8
4
1
2
1
1
3
1
2
4
1
5
17
1
4
5
2
2
1
1
3
2
5
1
1
4
3
8
6
2
1
1
1
3
1
2
31
15
1
3
1
1
2
1
1
1
2
2
2
4
2
2
2
1
1
1
2
3
2
2
3
4
5
1
5
1
11
1
1
3
1
5
1
1
4
1
1
10
2
1
1
1
2
7
6
2
1
2
2
3
1
3
2
1
4
3
7
3
2
2
1
2
1
1
2
2
1
6
3
3
7
1
10
2
1
1
4
2
3
2
2
3
1
3
5
2
1
2
1
3
1
1
1
2
1
2
4
2
3
3
1
15
1
2
1
13
5
2
7
1
1
4
3
3
2
2
1
2
3
2
4
1
2
2
2
1
2
1
1
2
2
2
2
3
2
5
1
2
2
1
1
1
2
2
4
1
1
1
2
2
1
2
2
2
4
1
20
3
3
2
13
3
5
3
13
1
2
1
1
2
1
1
2
2
1
6
1
1
1
1
2
2
1
4
1
3
2
2
1
7
4
2
3
10
10
2
2
4
1
5
1
3
1
4
2
1
2
1
2
1
2
1
1
1
2
1
2
1
1
8
1
1
14
3
1
2
1
2
1
1
3
1
1
5
3
3
1
1
10
8
3
1
1
1
1
2
2
1
1
1
1
1
1
9
2
4
4
2
2
3
9
1
1
1
1
3
1
2
1
1
14
2
1
1
3
17
1
2
2
3
2
1
1
4
2
1
2
5
3
2
3
8
3
2
2
1
2
1
2
1
1
1
1
2
9
14
2
14
2
4
3
1
1
1
2
2
1
1
1
1
8
4
4
19
5
1
1
1
1
1
1
2
1
1
2
7
3
1
9
4
1
15
2
4
12
3
2
1
2
1
3
4
5
2
2
1
1
1
1
6
11
8
8
5
2
2
2
4
1
1
2
5
2
1
4
2
3
3
1
3
3
6
1
1
1
4
11
1
6
1
1
1
5
2
3
1
3
1
5
1
1
1
1
1
1
1
2
4
1
6
2
1
1
1
1
1
6
5
8
3
1
1
2
1
1
1
2
1
1
2
1
2
3
21
2
1
4
6
2
4
3
5
1
1
1
6
1
2
4
9
13
20
1
3
6
1
13
3
4
1
3
12
1
5
6
10
1
1
2
1
2
1
18
13
4
2
1
1
1
2
2
3
2
5
2
7
4
3
2
1
24
5
9
1
2
3
2
5
14
1
4
1
4
4
5
1
7
2
10
2
1
1
4
3
2
2
1
6
1
4
2
1
1
3
8
3
1
5
4
15
2
8
3
1
2
1
2
8
1
1
1
3
10
2
1
1
6
1
6
8
20
3
16
2
2
3
3
1
5
10
7
