4
2
2
1
2
17
3
14
6
2
14
6
5
2
2
4
2
3
4
5
7
6
1
1
38
1
22
2
2
2
4
1
1
1
5
1
4
7
1
4
1
1
1
2
1
2
2
1
2
4
5
3
1
8
3
1
2
27
5
1
2
1
12
9
12
24
1
8
1
3
1
2
1
5
3
25
4
1
2
3
1
1
3
1
4
6
27
11
2
39
1
6
9
3
1
10
5
9
1
1
1
67
8
1
5
5
1
4
21
1
4
3
84
5
1
4
21
8
1
9
25
46
24
4
12
8
1
1
5
3
29
47
3
1
2
7
1
1
2
2
6
1
31
2
1
5
5
2
3
10
2
2
18
10
31
11
10
2
1
8
3
1
3
1
3
2
2
1
1
15
4
1
2
2
3
7
3
3
10
15
4
6
2
4
8
3
4
5
5
2
4
11
1
3
5
2
4
7
3
11
2
7
3
6
10
1
4
3
1
3
1
1
3
2
1
16
1
1
3
21
10
4
5
2
1
1
10
3
3
1
1
1
1
2
7
3
3
1
6
2
27
17
10
2
16
8
2
2
2
2
15
1
4
5
7
2
6
2
1
2
1
7
1
1
1
5
6
5
4
69
1
7
7
1
1
1
44
1
2
14
1
4
1
1
2
4
11
3
6
1
2
4
16
4
1
3
36
6
1
45
2
2
9
2
5
7
1
1
6
19
13
1
9
4
8
2
5
12
2
2
13
2
10
3
1
9
3
2
4
2
9
2
7
2
2
1
7
1
4
1
2
1
8
2
42
1
28
7
6
1
1
4
4
9
10
14
4
1
10
1
11
5
1
25
4
3
3
1
1
29
26
2
1
1
2
14
2
2
6
2
5
7
7
7
7
1
6
4
2
1
1
2
1
1
2
1
1
3
1
3
2
3
5
38
1
4
4
1
3
6
6
6
13
16
3
11
5
3
8
1
1
20
1
5
1
3
24
5
1
4
2
16
1
1
1
2
1
2
6
17
10
2
1
5
2
4
2
5
1
1
5
3
7
1
1
2
4
21
1
2
42
3
3
6
10
1
2
3
2
1
28
4
24
7
7
1
4
3
2
12
15
1
13
2
31
1
1
3
13
1
2
3
4
1
2
1
2
1
28
3
1
2
1
2
2
6
3
30
2
1
2
8
1
9
12
1
4
8
9
4
4
3
4
2
10
1
1
1
4
7
13
2
39
2
11
2
7
3
2
10
4
5
14
7
8
3
2
7
3
2
1
3
1
1
3
68
2
3
5
26
5
8
2
22
3
6
1
2
1
3
3
5
1
12
1
1
1
1
1
9
4
3
6
1
1
42
2
16
7
7
1
1
3
2
2
3
3
2
3
1
2
2
2
2
4
64
1
8
3
12
5
9
5
18
3
1
5
1
3
5
5
2
37
14
5
9
2
5
1
1
8
2
1
1
4
4
1
1
5
2
19
3
10
2
1
18
2
1
63
5
2
1
8
2
6
17
4
24
2
22
2
2
7
1
2
11
14
11
2
1
7
2
1
2
4
1
28
1
2
2
2
4
7
7
1
27
3
13
1
1
5
2
31
1
3
7
8
1
7
4
2
10
31
6
73
8
1
1
1
2
5
12
3
2
2
6
1
5
2
2
4
1
8
4
2
2
2
4
3
1
11
1
2
1
21
3
2
1
8
2
7
5
2
1
2
3
4
5
5
1
2
2
42
8
1
2
1
3
5
6
1
4
5
2
3
3
2
4
2
5
6
2
1
1
1
2
1
5
1
3
2
2
7
1
3
4
1
4
2
10
2
6
3
1
2
6
3
6
11
6
36
2
1
17
1
2
1
11
1
14
41
2
14
5
12
10
1
14
3
5
8
11
2
2
12
7
5
1
9
10
4
6
5
5
10
1
22
21
2
14
18
8
2
1
2
28
1
2
1
3
1
4
2
18
4
2
25
2
4
1
59
36
2
1
1
3
5
10
2
4
1
51
1
2
1
2
1
11
10
3
3
20
5
18
1
17
4
2
2
20
4
20
1
7
2
59
1
13
1
2
1
1
1
4
1
4
2
5
4
15
1
6
5
3
2
9
1
3
1
2
3
5
6
26
39
1
2
3
4
3
4
5
1
1
25
1
9
1
6
2
1
1
22
4
1
1
2
1
2
3
2
1
1
59
10
1
1
4
8
13
2
4
33
29
1
1
2
24
7
1
2
1
2
11
2
1
1
16
2
1
32
14
1
1
6
4
2
62
7
3
1
14
1
3
7
1
1
8
1
28
2
21
14
14
7
5
24
3
5
32
1
1
6
14
3
7
1
10
1
1
2
2
4
2
14
6
3
2
7
17
4
1
6
1
3
27
1
1
1
4
8
22
1
1
1
6
1
2
7
2
19
1
1
3
1
1
12
2
2
4
8
2
3
1
9
2
2
36
20
7
1
14
1
6
4
1
3
14
1
2
5
1
7
2
3
4
5
1
1
7
7
1
1
6
11
12
5
38
4
4
4
1
12
3
4
2
1
4
4
1
1
5
21
7
9
3
4
9
6
1
15
1
1
13
3
5
1
2
2
13
5
1
6
1
59
1
9
2
6
2
5
9
3
1
2
1
8
42
2
4
3
2
6
3
16
10
13
4
2
3
5
69
3
2
1
1
2
1
11
2
9
1
9
2
2
1
4
5
3
64
5
1
1
39
1
3
7
3
2
2
9
1
1
1
1
8
25
1
8
6
2
2
8
10
13
4
1
2
4
13
2
2
57
9
9
3
9
1
1
2
3
3
1
1
9
6
1
3
2
2
1
1
2
7
1
1
12
3
2
3
1
9
4
6
13
2
1
8
4
5
9
59
2
6
6
25
3
2
10
1
5
3
1
25
24
10
32
3
2
1
5
3
8
6
1
1
6
26
14
18
1
22
1
20
1
1
2
3
1
23
6
5
1
4
1
18
9
14
4
8
2
3
4
1
1
14
1
35
2
1
1
2
9
1
1
2
3
1
3
4
1
17
2
3
9
22
9
2
1
2
1
8
2
2
2
1
9
7
6
1
1
76
2
10
5
1
28
8
12
1
16
2
1
8
2
23
2
4
1
8
1
1
10
7
4
3
4
1
23
7
1
1
3
16
9
11
2
9
1
1
3
32
1
2
2
6
1
1
12
1
11
28
2
3
2
4
1
15
3
12
4
9
1
5
32
2
11
14
9
3
6
1
14
59
3
3
4
5
5
2
32
3
8
1
3
3
3
1
4
4
1
2
1
38
23
1
15
10
17
7
3
8
2
2
2
1
6
1
8
2
9
2
2
9
4
6
2
5
1
3
1
1
1
23
2
1
4
6
1
26
5
14
2
26
6
1
55
6
2
3
39
2
16
5
3
11
1
4
1
42
10
18
8
1
11
3
2
2
5
3
1
1
3
2
8
1
2
5
2
1
1
52
3
5
18
2
13
79
1
4
3
1
3
13
2
8
1
1
3
2
4
1
1
15
12
1
5
2
6
1
5
9
3
1
2
5
2
12
9
1
5
14
1
9
2
8
1
14
74
1
2
1
1
1
2
4
7
12
11
6
4
4
1
1
4
10
15
2
3
1
1
15
9
7
10
13
1
4
9
4
2
7
1
2
12
3
1
4
27
2
32
1
2
3
32
1
2
3
2
1
8
2
4
1
4
7
2
8
1
3
3
2
1
6
2
3
7
2
3
1
2
1
3
3
27
2
2
1
25
1
11
5
3
1
3
3
3
37
2
2
1
1
4
1
1
16
5
4
2
4
1
7
10
2
9
1
1
1
1
5
1
1
1
5
1
1
3
1
1
2
6
2
2
1
6
8
19
9
2
1
2
1
30
4
1
1
3
3
2
4
13
12
1
10
5
3
2
2
3
2
30
4
4
10
1
1
10
1
1
6
1
4
4
8
8
1
9
6
2
7
3
8
1
1
4
3
1
6
16
1
1
6
1
5
3
7
7
25
4
1
4
6
4
1
8
13
18
1
2
1
3
4
1
1
3
1
1
5
3
4
3
34
1
3
1
1
7
3
1
14
34
3
1
7
4
38
4
12
27
3
1
32
22
4
14
3
4
3
1
1
49
2
11
1
1
2
1
9
4
20
2
2
2
6
12
1
5
1
1
1
11
4
1
13
2
1
6
2
1
5
7
13
2
36
4
1
6
6
2
6
3
28
2
1
4
1
3
1
5
1
2
1
2
2
2
1
3
9
12
16
8
4
16
2
2
3
2
9
2
1
1
1
1
1
15
2
5
31
8
4
11
1
10
6
14
14
1
1
20
1
5
1
11
3
3
1
3
2
5
17
7
18
20
4
2
6
2
5
25
2
1
1
2
4
3
3
2
2
3
4
14
9
12
12
4
6
18
7
56
26
1
5
1
9
6
13
11
1
1
13
1
2
19
15
1
1
1
35
1
18
3
20
3
7
1
2
1
1
41
1
1
18
2
29
2
1
3
5
2
1
2
4
2
1
3
2
1
29
38
1
24
11
4
43
1
1
2
3
25
1
5
7
1
1
38
3
22
8
11
2
4
1
2
1
4
2
3
23
2
1
16
7
3
4
9
1
1
2
1
16
4
2
1
4
5
16
4
3
24
7
36
5
3
2
1
2
1
2
1
1
13
2
1
1
15
3
1
5
1
4
3
14
1
9
6
1
2
2
4
7
3
2
2
2
4
1
1
3
11
1
6
1
2
7
4
6
3
2
1
2
11
2
2
4
1
12
2
3
13
1
2
1
7
2
2
22
1
1
52
1
1
11
6
11
3
9
13
4
2
7
3
5
16
6
80
34
13
3
5
10
3
8
1
17
1
3
5
2
1
3
1
16
6
4
2
1
1
2
8
10
1
1
27
5
81
1
3
2
1
3
4
1
6
6
2
11
9
1
4
41
2
4
2
1
23
7
2
3
14
1
4
4
10
3
1
1
6
3
4
3
3
11
2
10
18
7
2
5
6
33
1
1
9
3
2
1
4
2
2
3
6
2
8
3
1
12
5
1
20
3
12
33
1
2
6
30
1
7
1
1
1
1
2
31
2
2
2
9
3
3
37
2
1
4
21
6
4
3
1
7
1
7
9
15
3
3
10
2
7
3
9
2
1
15
18
17
5
51
1
2
2
3
6
3
15
4
2
9
10
3
7
1
10
2
1
13
5
32
2
2
4
2
1
2
1
13
6
1
3
2
11
4
3
11
1
1
2
14
2
3
1
1
1
6
6
2
1
11
1
5
4
4
1
9
1
4
6
5
1
2
7
8
9
5
5
7
2
3
1
2
2
5
1
1
5
91
1
6
3
6
21
5
1
6
1
1
6
43
17
11
1
9
1
1
1
2
3
10
9
1
43
8
1
1
22
1
3
2
3
1
1
3
8
2
7
1
2
5
3
26
