3
1
7
7
8
2
1
2
12
6
5
13
4
2
13
4
3
1
16
8
6
1
1
1
2
13
1
2
1
6
1
16
3
2
1
3
24
9
14
15
1
4
1
6
11
2
3
1
8
1
3
8
13
4
4
2
5
5
10
15
2
2
12
2
3
3
3
12
7
2
6
24
1
3
1
16
21
1
7
7
2
12
1
12
40
21
1
35
2
1
2
13
2
1
1
1
1
2
7
49
2
15
44
1
4
8
1
2
3
1
19
1
2
5
3
1
1
3
2
5
1
2
3
3
3
30
3
1
3
3
1
21
2
6
6
8
5
3
1
10
1
1
50
4
1
1
13
42
11
1
1
3
3
2
5
11
1
16
1
7
1
4
2
1
3
12
3
1
2
7
1
19
58
7
17
1
3
4
5
1
2
2
5
1
7
1
1
1
1
4
3
3
22
9
2
5
3
1
2
38
6
22
1
1
7
75
32
1
17
28
1
1
59
7
38
8
1
9
1
11
1
7
2
1
20
1
8
3
38
18
3
8
1
6
4
2
9
36
2
7
11
26
3
32
1
2
1
14
2
5
6
7
8
5
2
2
2
2
3
3
3
2
3
4
5
1
11
14
1
6
1
33
7
39
4
8
1
3
1
1
3
5
5
1
2
1
1
1
1
8
9
1
16
20
1
3
4
4
14
1
1
9
5
1
1
6
2
1
14
1
6
6
2
12
2
1
1
2
18
1
9
4
9
2
42
20
3
49
2
2
4
13
3
7
1
5
3
1
2
2
13
1
10
27
2
55
20
1
1
17
1
2
29
15
1
6
11
8
13
3
5
1
7
9
1
1
9
1
4
6
3
6
13
6
5
41
1
17
12
2
5
1
3
3
1
11
15
1
11
2
1
7
1
5
1
4
3
3
1
10
1
4
17
2
2
15
12
4
2
16
7
13
11
40
14
3
1
1
30
47
5
44
58
1
22
2
1
7
3
6
6
7
2
11
22
1
2
7
29
2
1
6
1
3
2
49
11
18
1
14
1
1
9
1
4
1
6
2
20
1
1
2
66
2
4
1
2
15
5
7
11
1
5
1
1
4
3
2
18
1
4
6
8
16
38
1
7
1
1
6
16
2
5
2
1
1
24
16
8
5
2
5
8
11
1
3
3
1
2
6
16
2
1
8
8
9
19
1
4
10
1
12
12
1
25
6
8
40
7
1
1
2
28
5
1
4
2
9
12
1
43
1
2
1
11
10
40
40
6
3
5
1
3
7
10
3
1
7
4
1
1
1
2
24
1
1
9
2
7
3
3
2
6
15
1
6
1
19
7
2
3
14
39
34
39
11
3
1
18
13
4
3
2
2
18
30
11
2
1
32
2
1
1
4
8
6
34
2
3
16
7
1
16
9
30
1
13
2
3
6
1
5
1
1
13
13
1
2
12
1
4
1
1
39
3
1
1
16
1
7
1
1
5
18
2
1
2
3
19
7
3
11
13
2
7
2
1
3
4
1
1
1
4
1
1
4
17
1
21
1
2
1
55
1
2
2
2
1
18
1
1
1
1
2
2
3
3
2
1
4
1
2
15
13
6
2
1
1
3
11
20
1
2
1
6
3
74
10
24
2
4
1
2
6
10
2
9
10
19
1
2
11
3
3
4
4
6
2
1
56
8
3
4
1
43
1
3
1
2
3
1
1
2
18
1
1
4
5
27
3
17
3
17
2
23
10
16
7
14
1
37
8
2
1
5
7
45
3
21
1
18
31
1
1
3
2
10
3
2
29
8
1
2
30
1
1
1
75
2
5
5
3
1
6
4
2
2
3
3
15
11
14
9
1
17
22
12
1
2
3
5
8
1
2
6
3
4
2
1
8
8
1
2
31
2
4
1
2
12
10
54
1
18
6
2
4
2
22
5
24
2
20
1
2
24
14
19
4
16
1
18
4
5
3
1
1
2
22
1
2
6
16
17
3
2
7
7
25
1
5
1
13
2
2
15
2
21
2
2
2
1
1
8
2
15
3
2
7
2
1
2
38
25
6
5
2
23
4
1
1
7
11
7
3
2
13
8
1
11
3
2
1
4
1
3
1
30
1
4
4
2
1
9
1
1
42
5
2
35
30
2
1
2
3
2
1
5
4
2
2
33
1
3
1
2
6
8
53
1
24
4
3
7
3
6
2
10
2
3
2
1
2
6
5
4
1
2
1
1
8
1
3
1
2
6
3
8
14
1
13
1
1
2
4
18
1
1
6
22
2
13
1
12
2
1
2
12
4
1
4
1
1
1
1
2
31
4
38
3
7
1
1
1
5
9
4
1
2
2
4
3
2
4
5
16
10
1
54
1
2
9
3
9
7
5
1
9
2
19
1
1
6
8
16
1
25
18
1
1
1
58
12
15
1
1
3
1
20
7
14
4
8
1
3
7
1
1
4
1
13
16
7
7
1
3
3
7
3
1
4
1
2
7
1
1
1
35
2
6
1
54
3
2
3
7
1
1
2
1
6
2
3
2
2
4
34
1
2
5
31
6
1
2
7
2
3
1
8
4
2
21
13
1
27
2
1
2
9
8
15
2
2
7
2
5
4
1
1
1
29
2
2
2
1
3
5
1
2
2
4
2
6
20
8
3
2
4
23
1
20
2
3
2
3
1
58
1
12
8
24
3
6
3
2
3
19
22
2
5
3
1
4
6
1
14
3
1
2
4
1
1
83
1
6
4
2
7
3
2
1
2
2
3
48
6
4
7
1
1
5
2
4
6
13
2
2
1
11
6
1
11
2
21
2
3
7
1
25
11
2
2
3
28
3
1
13
5
28
5
3
4
4
1
1
5
11
1
2
1
17
12
35
1
14
16
1
4
1
1
3
4
1
2
6
1
33
2
2
1
2
4
4
10
12
2
3
1
1
1
2
1
35
1
23
1
4
2
18
2
4
8
37
20
3
2
28
4
1
2
12
3
1
11
2
3
21
1
34
3
4
2
7
8
2
1
4
12
54
2
4
1
1
10
1
19
11
1
1
3
1
4
5
9
1
2
13
11
1
2
18
8
4
3
15
3
7
25
5
8
2
9
1
55
12
1
1
1
38
8
3
1
1
52
4
1
2
2
24
5
2
7
1
1
2
13
1
10
2
5
6
1
16
2
2
20
2
2
12
3
1
6
16
9
2
1
29
3
1
1
4
1
1
5
1
3
1
2
3
1
1
5
3
1
6
1
1
1
22
1
1
8
4
5
17
1
1
10
1
1
14
9
1
3
1
1
65
1
1
3
1
3
33
1
1
2
5
7
2
31
12
10
1
3
12
1
1
7
66
4
2
8
3
1
1
1
1
48
6
1
2
24
23
4
3
21
2
1
1
2
1
4
35
1
1
2
2
16
2
4
2
1
9
13
2
24
1
11
1
10
2
9
1
3
3
10
3
1
35
2
2
2
3
1
3
2
3
2
1
15
1
2
2
12
1
1
6
10
3
1
10
2
4
2
4
10
8
2
44
1
8
1
2
1
5
3
31
5
5
2
3
2
12
2
2
1
23
32
16
7
9
16
3
6
1
2
11
6
12
35
1
1
2
1
13
3
28
1
2
1
11
1
1
3
2
2
18
8
9
24
9
3
3
1
2
6
10
1
7
6
13
38
1
1
30
2
31
1
5
4
1
3
6
1
6
2
3
29
18
2
2
2
3
9
1
14
3
2
4
16
6
2
1
3
7
1
5
60
8
19
7
1
2
6
10
4
1
2
6
14
4
9
18
3
62
10
2
8
16
28
1
4
1
4
2
1
4
6
1
4
2
15
34
2
19
1
1
8
1
26
4
12
1
18
2
20
5
7
83
10
6
3
8
2
11
5
2
2
4
3
1
2
7
4
1
3
11
2
4
7
2
1
17
2
11
1
1
13
1
1
1
1
3
2
2
3
34
11
1
2
51
4
14
1
2
7
2
1
1
5
4
2
5
3
24
3
2
17
8
1
1
2
8
4
12
1
19
17
2
1
2
3
6
5
1
8
2
23
8
8
4
2
1
4
11
1
1
17
6
1
12
17
2
18
4
2
1
2
3
1
51
1
11
4
4
12
4
1
1
1
3
1
1
2
34
1
1
3
4
1
7
7
3
2
15
1
19
1
1
4
2
18
26
3
8
1
1
7
25
3
1
3
1
4
1
1
2
1
1
2
1
4
6
21
19
1
7
4
18
19
15
3
1
1
1
18
1
1
5
3
1
2
4
4
5
1
2
9
1
22
4
25
1
5
2
4
2
3
6
3
2
2
10
2
2
4
1
6
1
3
7
2
2
2
1
14
1
1
8
3
2
15
15
1
9
1
5
1
2
1
6
5
6
1
16
15
32
27
5
12
2
2
3
5
18
23
3
6
2
20
1
3
8
2
9
1
8
6
3
1
19
1
1
1
3
4
1
16
4
3
2
2
1
3
2
1
1
1
1
1
16
1
2
2
1
2
4
1
1
2
1
1
4
17
2
1
1
2
2
1
1
3
16
4
3
1
13
4
2
3
3
2
8
1
9
11
2
4
3
20
5
12
1
8
33
2
5
2
1
28
19
1
1
22
4
4
2
14
1
11
3
1
4
1
2
2
16
10
1
3
2
37
2
1
31
2
3
4
3
2
2
9
7
2
3
1
2
1
2
20
2
3
3
1
4
15
1
6
1
3
12
1
10
2
1
1
3
2
5
5
1
10
2
2
1
3
2
1
1
13
1
1
4
1
17
5
3
1
5
5
3
22
5
6
3
5
1
1
3
3
5
18
3
2
1
4
1
14
3
17
18
3
9
1
1
4
2
4
1
1
1
3
1
1
13
1
1
4
3
17
3
1
4
1
44
1
6
9
1
4
1
74
4
3
1
1
4
17
2
5
5
17
1
18
2
3
2
56
3
9
1
40
25
9
1
2
1
1
4
1
23
3
7
1
1
3
1
32
1
4
31
2
1
3
1
1
19
13
8
7
8
5
1
3
10
37
13
75
3
1
9
20
1
15
2
17
3
1
1
4
8
3
3
1
7
9
9
4
1
4
3
2
2
8
6
2
1
2
2
2
19
2
7
1
3
1
1
27
2
2
9
1
2
1
5
29
4
3
1
3
1
4
8
30
2
1
35
11
1
2
3
18
1
5
2
19
6
7
8
1
3
7
16
13
3
25
9
3
3
3
1
64
2
2
1
4
34
2
6
5
6
29
2
7
2
6
2
5
17
6
1
6
2
3
2
4
6
4
5
9
4
10
1
13
6
27
2
3
4
21
3
3
1
8
7
4
3
4
3
3
1
1
3
1
3
13
7
1
5
1
1
1
1
2
3
1
4
4
3
9
1
3
2
6
14
1
2
1
5
1
13
44
2
30
7
3
16
2
4
4
2
1
7
9
2
4
4
3
1
11
5
3
1
1
1
1
1
1
30
1
33
16
6
9
2
1
2
13
53
1
2
39
5
5
7
3
2
1
6
36
7
3
2
9
13
2
1
24
6
4
1
4
1
1
14
3
35
3
10
5
2
1
2
15
3
7
3
1
1
5
10
3
5
7
2
2
12
3
10
2
2
1
4
1
1
4
3
46
17
5
30
1
2
8
23
5
17
2
10
6
7
2
1
3
7
1
2
1
14
6
1
2
5
30
9
6
12
18
8
5
2
2
1
1
21
11
2
9
1
4
2
7
13
1
9
5
5
9
7
1
1
1
14
3
2
2
1
37
3
12
46
2
2
3
2
3
1
2
7
5
9
1
11
1
5
6
7
1
7
11
1
1
2
1
1
39
3
3
5
1
2
2
2
5
4
2
15
30
4
12
1
1
2
13
1
4
2
2
1
1
3
16
12
17
24
2
1
5
1
14
6
1
2
7
16
8
32
5
1
1
4
4
25
4
2
4
1
31
5
3
4
4
1
17
7
1
4
2
3
3
1
39
1
3
4
3
35
1
1
4
1
1
2
9
4
1
4
1
24
2
1
51
2
1
6
3
1
1
4
1
13
1
2
2
4
1
30
2
4
5
4
24
42
1
4
2
4
1
1
1
14
21
1
19
53
2
3
17
2
3
22
16
27
6
1
1
3
5
11
3
7
1
6
2
7
8
4
11
1
6
14
1
5
3
2
2
21
2
1
2
4
8
3
7
1
2
3
5
1
4
2
6
2
5
1
9
3
2
1
1
4
3
2
18
13
3
2
4
1
1
9
10
1
2
2
2
2
2
1
2
12
1
1
7
4
3
5
8
1
11
2
2
1
2
4
2
4
3
32
7
16
1
1
2
10
4
1
12
1
9
2
2
3
13
1
1
2
1
5
1
7
1
1
66
19
16
3
18
1
7
2
23
3
6
1
2
15
1
6
1
4
4
1
2
2
3
1
1
2
2
1
4
1
10
7
1
2
3
2
9
1
12
8
6
2
6
4
5
5
6
3
2
17
1
1
3
1
1
10
3
2
32
2
10
1
2
6
4
3
2
5
6
1
2
1
5
2
3
4
11
16
4
3
6
6
11
1
3
2
3
1
1
2
3
14
2
3
1
1
1
17
8
3
9
6
2
3
2
5
4
9
2
1
2
2
2
3
12
13
1
5
1
2
1
2
1
3
4
11
2
8
1
2
3
4
12
3
1
1
5
1
1
6
2
13
1
8
5
2
3
32
8
1
13
6
1
4
2
2
3
2
3
19
2
2
4
17
6
4
5
2
4
8
2
4
2
1
7
10
1
8
1
3
21
4
3
3
7
3
7
6
4
13
6
2
7
1
1
2
4
1
8
3
3
3
11
2
22
3
6
6
1
1
1
2
3
2
4
3
13
6
2
8
2
1
11
25
4
1
1
2
8
2
5
2
3
3
4
2
14
2
1
30
13
2
9
2
4
21
1
1
1
11
5
7
27
1
1
1
1
15
2
3
4
10
1
4
11
7
2
4
3
34
3
7
1
1
13
2
12
2
4
1
4
2
24
3
2
32
6
3
2
1
3
24
3
4
2
10
1
7
15
40
7
5
1
1
1
2
10
1
1
1
2
2
4
8
4
8
12
3
8
5
10
17
7
2
4
1
1
4
1
5
11
5
9
25
12
14
1
3
4
5
3
2
5
4
6
2
18
21
8
15
1
2
2
13
6
2
9
1
3
12
20
7
1
3
41
26
10
32
12
10
18
6
33
