1
4
1
2
9
6
10
1
2
33
1
3
1
1
4
4
6
1
8
37
3
30
2
6
2
3
3
1
3
33
5
1
24
2
9
8
2
22
1
18
86
4
2
4
102
21
4
6
25
28
5
34
9
4
3
4
1
1
25
3
1
26
25
60
1
21
2
30
19
11
48
4
12
2
5
1
25
28
112
3
8
24
20
3
5
2
1
2
2
2
1
32
1
18
31
10
17
42
3
9
2
2
22
5
23
2
4
17
1
14
9
9
64
1
23
10
1
10
13
20
21
4
12
42
1
4
39
10
1
14
2
3
3
26
1
4
2
1
3
15
9
1
12
11
27
59
7
14
2
2
1
35
1
14
4
5
1
30
53
14
1
9
4
2
3
1
11
1
6
59
29
2
5
18
3
10
16
9
11
29
1
15
9
2
23
91
29
14
27
12
7
1
29
4
2
2
24
2
4
1
16
5
41
3
2
47
13
9
33
1
31
9
1
3
1
3
1
12
1
9
3
1
1
26
1
2
12
23
30
3
2
3
2
1
17
80
15
14
8
4
3
2
1
3
37
4
1
6
28
7
94
2
3
11
1
7
4
4
14
1
1
17
5
3
22
2
3
3
2
34
2
3
16
22
1
1
7
2
1
6
8
4
4
1
4
2
15
1
5
27
4
5
29
1
8
27
1
1
51
11
36
9
4
3
28
42
7
42
8
3
20
2
3
14
25
3
44
9
1
4
1
84
13
5
3
10
40
15
1
4
10
44
4
2
1
4
1
6
2
9
2
2
4
5
62
54
3
11
36
8
1
7
46
8
5
35
7
23
5
1
3
50
5
11
8
18
7
4
2
2
1
3
3
16
4
3
39
5
31
6
3
1
5
5
1
10
62
1
1
22
1
1
6
7
1
5
43
11
11
4
7
7
1
7
20
6
2
2
23
3
24
7
1
3
6
1
5
12
2
2
11
32
1
2
6
2
6
26
98
5
31
12
2
2
4
2
59
8
5
3
35
1
9
1
116
18
7
1
49
57
7
19
1
34
1
1
1
17
5
5
1
5
3
8
1
49
4
15
2
2
1
4
7
3
27
15
11
3
1
4
1
2
1
12
2
1
5
2
5
17
38
4
37
27
16
18
4
2
3
4
1
58
6
19
24
6
1
3
8
45
37
15
6
9
2
1
1
19
1
1
3
8
3
16
5
1
2
9
3
1
1
1
65
4
2
1
55
2
16
2
25
9
4
28
23
3
1
10
3
103
5
2
2
2
1
3
5
36
14
1
2
2
12
1
46
2
8
24
1
3
18
25
7
8
2
7
9
19
4
8
8
2
8
10
3
1
1
11
27
7
4
7
1
1
2
2
5
12
25
4
17
3
1
5
1
4
2
2
2
4
23
4
85
1
3
2
12
8
11
18
9
2
2
26
1
2
37
37
2
77
7
1
1
12
4
2
15
21
4
1
1
2
21
18
14
66
9
5
4
13
32
8
1
6
3
3
11
2
27
24
15
2
1
9
1
3
2
2
4
10
7
12
2
2
50
2
60
29
3
4
9
1
51
1
2
53
3
18
1
1
2
2
1
2
17
17
2
2
1
3
15
3
21
1
2
6
9
5
7
41
1
8
2
1
4
10
68
9
3
3
9
13
1
17
17
1
29
23
1
3
3
1
2
1
12
2
2
5
3
2
5
11
12
8
3
15
3
1
34
34
13
2
1
5
2
24
4
1
5
1
2
26
1
5
1
1
4
7
4
25
9
5
2
2
1
28
126
2
1
69
8
3
14
31
6
1
6
6
3
1
17
5
26
6
1
60
19
3
5
5
22
10
61
5
9
35
11
4
5
16
28
4
50
22
6
25
47
6
4
36
2
17
10
4
1
1
8
2
2
52
16
1
10
6
2
14
9
5
37
7
6
43
3
2
1
3
37
1
5
16
1
30
2
10
5
2
7
1
2
2
2
3
1
1
3
2
8
14
17
29
7
1
13
1
18
6
5
5
5
6
4
8
2
4
23
7
2
2
1
7
14
31
2
4
17
1
3
4
28
21
3
25
6
10
1
12
1
3
27
1
2
1
2
27
1
19
4
1
3
23
1
21
13
1
5
5
3
2
4
7
7
5
5
2
61
6
1
2
3
40
35
2
12
3
7
1
25
4
4
2
11
2
29
9
19
10
9
11
5
8
6
8
2
3
46
2
3
3
4
1
1
1
7
12
10
15
5
6
1
1
34
1
5
2
12
12
33
9
11
12
4
55
4
15
58
6
27
1
33
34
16
15
17
8
34
6
2
7
2
1
1
1
7
9
1
1
1
15
2
2
4
2
5
4
2
12
18
12
5
79
28
6
2
2
4
6
3
9
7
8
8
1
2
24
13
95
8
41
2
32
2
1
2
9
2
1
19
14
17
8
1
2
1
3
1
2
4
7
2
1
2
2
2
13
5
54
6
70
7
2
5
2
14
3
6
1
6
1
4
4
45
10
13
2
1
9
6
4
5
32
46
3
12
1
66
1
2
4
17
2
4
1
2
16
2
2
2
7
1
2
28
11
5
1
81
36
1
67
2
40
14
16
1
30
4
1
2
34
1
34
4
31
1
1
3
6
9
1
2
6
10
3
1
29
18
7
56
1
3
21
6
4
2
1
1
2
64
2
15
70
2
10
1
5
2
5
10
13
2
2
6
16
1
4
9
2
3
39
1
85
7
4
3
1
46
4
4
16
1
3
4
15
30
83
3
52
24
2
5
36
3
1
50
2
8
7
1
3
7
19
2
1
4
5
1
2
8
3
1
51
53
1
12
1
25
3
25
77
4
2
1
6
2
1
18
64
1
20
2
2
49
1
37
2
9
13
2
3
1
1
57
3
13
1
8
1
1
6
55
5
8
2
8
22
1
72
2
4
13
8
1
8
73
44
77
5
5
2
29
1
9
3
8
5
6
3
4
1
3
2
10
3
2
7
54
17
2
49
6
13
42
2
5
13
2
21
50
10
6
16
7
1
1
4
3
7
61
47
3
43
6
2
2
37
11
9
1
1
5
1
2
9
21
4
11
1
32
1
11
3
1
15
8
4
6
5
1
1
2
30
3
18
11
8
26
15
2
5
1
6
3
3
13
30
2
2
1
1
6
7
46
3
8
5
2
91
12
19
1
29
2
5
1
8
27
102
1
3
3
2
2
4
53
3
16
1
43
2
79
3
7
71
2
88
2
6
1
3
2
7
23
2
4
6
10
2
12
38
2
14
1
4
2
3
6
3
8
26
7
7
2
2
122
11
2
3
14
4
32
3
7
18
1
28
9
2
4
41
2
5
5
9
1
2
2
2
9
20
1
1
2
4
6
7
3
16
8
11
5
33
8
27
3
2
61
2
5
15
12
3
7
4
7
52
5
4
23
1
3
13
4
3
42
12
2
5
26
5
2
34
18
2
1
5
1
8
19
6
2
6
32
45
8
6
22
3
2
1
1
1
9
23
2
5
5
1
9
5
2
18
2
6
15
17
2
1
11
3
1
9
13
2
19
31
31
4
12
7
42
13
15
3
11
37
20
1
2
2
1
3
74
2
9
4
24
1
2
15
17
4
6
2
80
11
10
9
2
2
13
7
1
3
43
56
25
8
16
11
1
1
24
86
2
26
2
57
10
69
30
1
23
4
2
13
2
6
2
18
6
2
44
5
3
1
1
1
7
1
37
2
3
5
14
2
12
4
7
3
36
3
6
2
37
1
16
4
14
27
21
2
4
23
35
1
21
3
13
2
60
4
3
4
3
24
44
4
3
12
6
3
6
6
2
5
1
2
14
1
1
1
29
11
1
1
18
1
35
52
20
21
2
18
13
9
13
7
3
84
2
1
12
4
1
19
1
2
2
12
6
10
12
8
1
1
2
67
4
2
7
8
2
2
25
31
3
2
1
31
11
4
7
1
9
20
6
2
10
32
15
1
5
1
12
4
16
6
1
8
3
6
2
7
34
1
3
2
2
15
10
10
2
6
66
24
2
1
35
6
1
4
1
5
2
2
6
52
1
4
3
8
1
2
39
