4
2
1
1
5
2
1
5
1
6
1
16
2
1
1
1
1
10
2
6
6
2
3
4
1
2
14
11
5
3
2
2
4
2
2
10
4
2
2
14
1
3
12
7
1
6
3
2
2
5
1
3
3
1
4
2
2
2
5
3
1
2
4
1
2
3
2
1
1
3
4
1
5
11
3
1
3
4
2
1
9
6
3
5
2
1
1
4
1
1
2
3
2
1
3
2
1
7
1
2
2
2
3
4
1
6
7
2
27
1
2
1
2
1
1
8
1
11
2
1
3
1
3
1
3
6
2
6
4
2
4
4
3
3
2
2
1
2
1
9
22
1
2
3
2
2
3
5
4
1
2
7
2
1
2
3
5
2
1
26
2
4
2
2
1
1
1
6
4
6
2
19
3
1
1
1
20
2
3
4
1
1
1
1
1
5
1
8
11
2
2
1
4
2
4
2
2
2
2
2
7
2
2
1
2
1
2
3
4
10
1
1
3
3
1
5
2
1
5
4
1
3
7
3
1
1
1
1
5
1
1
3
1
2
6
5
1
5
1
14
2
1
10
1
2
24
2
3
6
7
2
3
2
1
1
2
3
2
3
6
4
2
1
2
1
13
3
2
12
2
1
12
2
1
2
3
3
4
8
4
1
24
1
33
2
17
1
1
1
8
2
1
2
14
15
2
7
1
1
1
3
12
1
1
1
2
6
2
16
1
4
4
1
1
3
3
11
9
3
2
17
1
1
2
1
1
1
1
2
4
3
1
2
11
26
2
19
1
1
1
3
1
2
3
2
2
1
1
1
5
1
32
4
8
5
1
16
5
8
1
5
7
1
3
1
12
5
1
4
5
2
13
5
1
1
6
2
1
2
4
1
23
2
3
2
2
10
5
3
1
5
7
20
6
1
3
4
1
7
1
15
4
3
12
1
2
10
13
1
4
11
10
3
1
1
2
10
1
4
3
1
7
1
1
2
13
2
12
2
1
13
2
2
29
5
11
11
3
18
2
6
8
2
2
1
4
7
10
2
8
13
1
5
3
4
1
1
1
10
10
24
3
1
2
9
3
1
13
3
5
3
1
1
5
1
3
1
4
18
1
3
11
2
1
1
3
2
18
1
2
3
1
1
1
2
1
1
8
2
1
12
8
3
2
1
2
1
1
5
3
3
2
2
1
7
16
4
1
2
1
2
2
3
5
1
1
2
5
2
3
3
4
1
1
19
29
1
7
8
1
1
2
7
3
6
1
2
3
1
3
2
3
1
3
2
1
7
3
1
9
1
3
1
2
11
2
1
1
1
6
1
1
5
5
2
3
1
1
8
2
4
14
1
1
7
2
3
6
24
2
3
2
9
1
13
1
1
1
3
3
2
2
1
3
1
1
1
1
2
1
3
5
4
1
2
1
6
3
3
2
2
3
1
5
1
3
1
1
2
1
1
5
1
1
2
4
28
3
2
5
6
1
1
2
2
1
2
1
10
5
1
2
1
13
1
1
2
1
9
1
2
3
2
1
1
3
4
1
2
4
10
5
8
3
1
20
2
2
8
1
2
10
6
2
12
1
3
3
6
5
4
4
2
8
2
2
2
1
6
2
1
3
3
2
3
6
2
4
1
3
2
1
1
1
4
2
1
14
4
3
1
2
1
2
4
1
5
3
3
1
1
18
1
3
18
1
7
10
3
3
1
2
1
7
3
1
1
1
1
7
1
4
5
40
1
2
2
11
1
8
2
2
4
10
1
3
17
2
1
16
16
2
2
2
28
1
1
2
1
1
2
2
17
2
1
2
1
5
1
2
1
1
3
16
2
3
3
2
1
4
2
8
1
14
2
3
10
9
1
4
2
9
10
1
2
2
1
8
3
1
1
5
22
12
3
4
1
1
3
2
1
3
1
8
11
1
11
5
2
1
9
4
6
6
1
5
14
1
1
2
2
9
1
1
1
4
3
7
4
2
1
10
1
9
1
2
1
3
1
2
2
1
1
4
1
1
12
34
1
1
2
16
2
4
14
3
1
1
3
6
13
4
2
1
8
1
4
5
1
2
3
2
5
1
2
4
3
1
3
21
3
1
1
4
1
14
4
1
4
1
3
3
1
2
1
16
2
6
5
2
7
4
1
2
3
6
14
6
6
3
2
1
1
5
1
1
4
2
2
2
1
2
2
1
3
2
2
1
13
1
3
6
3
2
2
3
10
3
5
3
2
2
9
12
1
2
1
6
2
1
1
1
1
5
13
17
1
17
1
3
11
1
2
1
6
1
2
2
2
4
18
7
21
4
11
2
5
5
1
9
2
7
2
1
2
1
1
1
2
7
3
7
1
1
1
2
39
2
6
15
25
1
1
3
1
12
1
1
5
1
1
2
3
2
6
2
2
2
1
1
2
6
2
8
1
2
1
7
2
1
1
1
1
10
3
3
6
2
2
2
15
2
1
6
2
1
11
13
1
2
6
1
1
5
4
1
2
2
3
2
3
2
2
4
2
1
1
22
4
3
2
2
3
2
1
1
4
13
2
6
2
2
11
1
2
3
4
5
13
9
1
4
13
1
3
9
1
2
3
1
8
3
2
2
2
7
1
6
1
7
4
6
3
1
1
11
10
4
17
1
1
2
1
1
1
1
1
1
4
4
1
13
9
4
1
6
7
4
2
1
3
1
9
4
1
1
1
3
4
1
3
2
13
1
6
1
3
1
2
6
2
1
2
1
3
2
21
2
7
2
2
3
1
2
1
1
1
2
5
8
2
1
1
2
1
4
2
1
6
3
11
1
3
2
1
9
2
1
2
1
4
1
1
1
1
7
2
11
3
8
1
