4
7
3
1
2
1
4
1
1
11
1
1
3
5
1
1
3
7
18
6
3
3
2
1
1
1
2
3
2
4
1
1
3
1
7
5
1
3
1
1
2
2
2
2
1
1
1
1
1
2
2
1
7
1
2
15
4
2
1
22
1
7
1
2
4
2
2
9
1
5
14
1
1
2
1
8
2
10
1
1
1
1
6
2
7
1
1
1
3
3
1
1
25
4
3
1
1
1
1
1
1
1
2
3
8
9
1
8
3
3
1
3
3
2
1
2
4
6
2
12
2
3
1
2
3
2
5
11
1
1
6
1
3
3
3
1
2
2
2
1
1
3
3
2
1
1
3
3
1
1
5
12
2
2
6
5
3
2
2
8
1
2
2
2
1
3
1
1
1
4
1
2
1
1
1
2
6
2
1
1
1
4
1
4
2
2
2
1
2
20
2
16
1
2
2
3
3
1
2
1
1
1
6
3
2
2
1
2
3
1
1
3
1
2
2
2
3
4
5
2
2
5
1
18
2
1
1
2
2
8
2
2
3
3
2
4
3
1
1
1
2
2
4
2
1
3
1
1
1
2
1
4
1
5
4
7
2
5
4
4
2
4
2
1
1
6
1
2
2
1
1
4
5
1
3
4
1
2
1
3
2
1
4
1
4
1
1
1
2
2
1
1
1
2
4
3
1
1
8
1
6
1
2
2
1
7
2
3
1
3
1
2
1
2
1
2
36
8
3
3
2
2
4
2
1
3
3
1
1
1
7
5
1
1
2
2
2
2
11
1
1
6
1
1
1
3
2
1
5
1
1
8
10
1
2
1
1
3
7
4
5
1
1
1
8
7
4
2
1
2
2
1
4
11
2
3
2
6
4
8
1
1
10
2
2
3
1
2
1
1
15
1
2
13
2
4
4
1
1
2
3
11
5
3
6
21
1
8
6
2
1
1
6
2
1
