15
1
24
1
2
9
8
3
3
2
1
4
1
9
1
1
5
4
1
1
1
2
10
2
2
12
1
5
14
2
2
14
2
1
5
1
4
4
1
3
1
2
4
2
3
6
1
1
12
3
9
4
1
3
2
2
2
2
4
2
3
22
1
1
2
2
2
2
1
3
11
1
2
1
1
2
1
11
1
1
2
2
6
5
1
6
1
1
1
2
1
2
3
14
11
1
1
6
7
4
1
1
4
1
1
1
1
19
2
1
5
1
1
34
1
1
13
1
5
1
5
2
4
2
6
3
4
1
1
2
1
1
2
6
7
1
1
2
1
2
8
3
2
3
2
1
4
5
1
6
2
2
2
1
2
1
2
1
1
2
1
1
1
2
2
1
3
11
13
2
2
2
5
1
1
3
2
1
2
4
4
1
1
2
2
11
2
2
4
3
3
1
4
4
2
1
1
2
2
2
1
2
1
2
2
8
1
1
4
1
1
3
1
18
1
2
2
2
2
5
4
2
1
1
1
2
7
1
2
1
2
2
10
4
1
3
2
1
2
1
4
2
1
2
1
3
2
1
3
2
2
1
6
13
5
2
3
1
1
1
1
11
3
2
2
1
4
8
1
2
3
9
1
3
5
3
1
11
2
1
1
4
2
2
1
1
2
4
1
4
2
3
3
2
1
3
2
5
2
3
4
5
3
5
2
1
1
1
1
7
1
4
2
5
1
1
6
1
2
4
1
8
1
1
3
2
2
3
1
7
1
21
4
2
1
2
3
4
2
4
1
2
1
2
1
2
1
6
3
5
2
2
5
1
2
7
1
1
3
2
1
12
2
2
1
1
2
2
10
5
3
1
1
3
1
3
15
7
1
12
1
2
7
4
6
1
1
2
6
3
2
1
3
2
7
2
1
1
12
2
10
10
5
2
4
1
5
1
1
1
2
6
7
1
1
1
4
4
5
2
2
2
2
2
4
2
3
3
3
5
1
2
8
2
3
1
2
1
3
5
8
3
1
9
1
3
13
2
1
4
5
3
4
3
3
2
2
2
3
3
2
1
7
1
3
1
7
2
1
2
2
1
3
1
2
1
2
2
16
1
1
5
3
4
11
1
1
3
1
16
1
2
2
6
2
3
6
3
2
8
2
1
1
8
3
2
3
1
20
1
6
1
1
1
1
2
3
15
2
1
15
3
2
2
1
6
4
1
6
1
2
3
4
2
12
2
4
1
18
2
3
8
4
1
1
5
6
4
4
2
2
6
1
1
11
4
9
1
3
3
2
1
6
3
4
2
6
1
1
7
20
19
2
1
3
3
1
11
1
1
2
4
3
8
3
6
4
5
2
1
1
2
1
3
11
2
2
2
1
8
4
3
2
2
1
1
1
