28
4
20
1
31
2
11
5
3
2
17
18
7
2
7
28
2
28
20
28
19
41
2
7
9
2
2
1
7
18
64
17
19
2
38
5
7
1
2
6
11
20
6
25
10
16
16
1
9
2
4
1
1
6
4
6
1
6
1
9
1
1
2
5
2
8
1
66
17
2
3
10
38
13
5
1
2
4
14
8
5
3
1
3
28
15
2
2
10
1
1
77
11
10
2
4
3
2
3
1
1
1
4
2
4
9
6
3
3
4
23
15
5
1
1
1
1
6
2
8
9
14
4
2
1
17
1
10
1
2
3
3
3
1
10
1
10
4
23
3
5
1
17
1
4
10
5
1
14
1
18
16
33
1
9
1
1
12
3
9
1
16
1
13
1
1
4
2
2
16
1
1
3
2
16
2
11
2
6
5
1
4
29
4
9
4
3
1
2
7
51
5
8
1
3
2
14
13
1
5
2
23
21
7
2
12
2
1
7
3
24
28
1
4
7
3
8
5
4
20
2
20
1
12
6
4
1
1
22
12
1
1
26
8
9
6
22
2
3
4
11
5
9
9
21
1
2
3
1
2
3
9
2
28
2
1
6
6
7
14
16
3
69
5
17
1
4
9
3
3
1
4
4
3
29
5
3
3
2
4
2
5
22
1
3
3
1
20
28
70
7
28
3
7
11
1
6
1
2
1
3
72
4
6
2
1
13
1
7
7
7
6
2
1
42
4
12
6
4
5
2
1
5
2
3
15
13
2
7
5
2
2
2
3
1
4
4
1
2
4
2
2
14
1
2
3
2
6
9
7
2
1
4
15
5
2
3
2
44
13
2
1
1
2
2
3
5
3
1
12
29
1
4
3
16
1
17
2
3
43
4
3
36
2
20
3
5
2
1
1
9
1
6
4
3
9
10
32
10
2
1
10
13
8
1
4
2
17
27
4
11
2
9
1
2
30
2
3
2
2
5
10
1
3
6
3
2
2
7
8
40
18
89
13
3
19
6
7
41
21
1
13
62
3
1
10
1
2
4
2
2
3
9
3
4
18
1
2
2
2
11
8
3
11
1
1
7
2
3
2
17
2
2
10
4
10
4
1
2
2
5
3
3
4
2
1
5
12
34
18
1
2
15
16
6
1
51
1
4
43
27
1
3
3
1
9
25
1
32
1
1
5
1
18
5
7
4
20
2
4
49
3
1
4
1
13
8
21
4
29
4
1
1
21
14
11
3
4
6
1
1
4
3
5
22
75
1
1
16
16
2
8
40
53
11
2
3
1
1
27
1
2
7
1
1
6
1
14
11
1
5
2
28
10
3
14
43
2
4
5
3
5
1
7
1
8
4
8
5
5
2
10
2
1
2
20
2
31
17
3
43
2
2
1
1
6
3
14
1
25
3
28
1
27
1
3
8
4
1
1
24
5
1
6
35
3
1
6
21
4
57
1
1
4
1
17
29
2
24
9
17
5
8
26
6
1
2
3
1
3
57
4
13
1
2
7
4
10
5
45
2
2
5
4
3
1
5
12
22
2
2
48
2
2
12
3
7
4
5
22
2
4
22
3
3
6
2
3
2
4
1
2
8
1
16
7
2
6
6
9
2
2
6
6
20
1
6
2
7
4
12
8
7
1
1
4
1
2
21
2
6
10
23
1
106
11
16
3
3
24
3
2
13
20
1
1
4
91
6
1
12
6
4
6
14
6
2
32
6
5
2
14
6
1
1
17
2
8
3
6
4
8
2
7
4
7
16
10
1
13
7
2
4
8
49
1
1
11
7
9
2
7
6
24
9
2
2
2
6
2
11
14
2
2
8
4
31
2
4
10
2
7
31
5
1
4
4
12
43
5
4
7
2
17
1
7
1
2
1
1
12
2
12
10
1
2
7
1
4
8
16
23
7
2
2
1
29
1
2
1
27
1
1
1
22
1
2
7
17
15
12
46
68
3
2
1
42
2
2
4
5
4
3
1
17
96
30
1
3
1
2
42
4
14
3
16
1
3
16
5
1
1
9
1
15
16
4
2
6
15
1
1
6
3
6
5
9
3
4
27
3
6
24
2
10
3
3
21
4
4
8
1
6
8
9
47
4
3
3
1
3
43
1
1
1
1
2
17
1
5
8
4
2
9
2
10
3
13
1
12
2
1
5
5
16
2
6
5
4
2
2
6
3
2
1
15
2
1
12
13
1
1
5
21
8
4
1
11
11
26
9
1
1
1
2
1
4
4
54
4
3
1
30
4
7
7
7
2
1
3
14
8
2
2
6
2
15
8
2
6
21
2
10
4
4
4
3
2
1
10
8
3
25
4
1
5
1
3
2
13
3
2
1
2
13
2
43
2
23
38
37
43
6
1
6
1
60
47
2
1
4
6
100
1
2
3
24
2
5
13
1
1
48
2
28
56
14
3
38
2
1
2
3
3
1
2
10
28
9
6
18
4
2
2
1
7
4
3
1
1
2
3
2
3
1
14
3
8
7
25
24
1
63
1
1
7
1
17
1
1
1
2
6
5
3
2
1
2
2
8
8
2
4
1
6
4
4
3
2
4
2
31
2
2
2
4
31
1
3
19
8
1
4
8
2
1
3
7
2
2
2
2
33
1
4
2
1
37
1
17
4
18
9
124
1
8
1
8
14
4
3
42
4
4
3
3
10
5
1
3
2
2
3
9
1
1
1
24
1
10
34
2
31
7
3
3
10
23
2
36
1
2
2
1
2
10
15
1
39
3
2
3
14
4
