3
1
1
1
18
40
12
4
1
2
18
54
7
2
1
58
11
2
11
4
3
1
1
31
3
63
1
10
5
11
18
47
1
2
16
2
34
2
4
6
2
8
45
7
8
12
43
4
14
8
13
5
18
4
5
7
6
1
12
32
115
32
2
26
55
62
13
95
12
1
2
7
2
34
43
7
1
12
9
1
10
4
15
6
7
6
24
2
4
5
24
2
46
1
2
4
1
6
2
8
1
3
16
31
1
4
2
1
7
8
9
3
29
10
8
4
1
2
67
2
15
7
21
1
14
7
3
64
6
2
1
9
1
10
2
14
4
2
1
2
1
1
1
75
4
30
2
2
5
11
24
2
12
3
2
10
32
3
3
1
2
7
17
8
7
1
1
1
59
13
2
2
1
39
1
18
22
14
3
1
25
1
2
1
1
6
15
119
1
8
2
8
16
3
2
4
5
1
17
21
3
14
6
3
4
10
2
49
1
6
1
3
11
3
2
41
9
4
1
7
6
1
17
2
1
3
5
20
1
4
14
4
6
1
2
20
4
1
10
26
5
5
35
8
6
1
6
3
4
8
8
2
2
7
3
1
2
8
1
1
1
1
3
9
1
2
2
6
2
2
6
3
37
1
1
9
26
3
1
47
13
3
2
2
1
5
3
6
5
3
28
18
4
2
1
5
7
7
2
2
3
63
2
12
10
4
34
4
6
3
10
9
1
1
9
9
38
2
17
2
11
104
20
8
2
1
37
34
1
1
8
22
12
8
1
3
2
6
33
7
2
6
2
7
10
5
2
14
5
5
3
45
32
37
7
3
1
1
127
4
2
11
24
2
1
39
1
2
3
7
2
2
5
3
3
58
31
4
1
3
1
16
149
3
7
3
9
21
1
4
2
23
1
20
1
1
40
6
31
1
2
3
4
1
1
3
9
3
8
2
10
3
9
6
6
16
2
1
2
12
7
9
14
3
2
2
4
1
3
5
1
4
3
1
6
2
1
31
8
3
2
6
10
2
1
129
3
1
12
30
6
12
26
5
1
49
1
1
2
1
9
1
7
3
1
13
2
2
6
4
1
41
5
1
4
4
25
10
1
1
11
3
1
4
2
2
2
1
2
3
5
2
9
2
5
17
12
13
2
2
5
15
1
1
1
1
61
4
9
19
13
3
2
2
2
11
12
3
1
20
3
23
2
6
1
3
91
42
62
56
2
3
77
43
8
30
1
11
42
9
3
9
1
5
2
9
1
6
4
50
3
3
5
1
48
25
1
2
2
13
62
3
1
2
5
11
2
2
2
1
2
12
20
1
2
55
12
7
3
17
20
17
3
8
2
30
1
1
2
12
2
3
7
128
3
1
1
1
2
5
7
1
3
1
1
2
2
2
2
4
9
2
98
11
2
2
2
4
5
3
9
8
4
3
2
43
13
81
18
55
5
3
2
3
2
2
2
1
3
1
10
3
2
3
1
3
22
16
3
48
1
3
2
15
13
4
1
1
9
2
3
18
1
23
2
7
15
1
2
1
10
15
134
5
145
5
6
10
6
6
2
1
3
5
6
17
2
37
2
1
2
3
4
27
1
6
2
1
9
2
3
23
2
19
66
1
3
2
2
2
2
13
2
1
4
1
2
1
10
5
3
1
10
1
3
1
5
1
18
8
5
3
9
35
11
1
4
1
10
3
2
6
1
2
5
11
1
9
1
34
4
4
10
2
7
4
30
2
1
6
28
7
5
2
1
10
11
27
9
2
1
1
2
4
1
7
3
17
4
10
1
1
3
2
10
1
11
2
10
3
14
86
2
3
1
16
29
3
3
9
3
27
1
5
2
6
3
8
18
5
2
11
85
1
1
4
1
26
1
2
2
2
1
2
2
10
1
4
10
3
16
11
8
8
5
44
2
1
2
7
7
5
4
2
1
4
3
40
3
1
2
1
10
1
15
6
8
23
2
1
1
1
1
4
4
3
1
2
4
2
2
9
3
4
7
5
1
16
14
4
6
1
8
12
3
2
2
4
10
15
17
7
15
101
40
26
6
2
4
10
4
1
98
1
1
2
1
6
7
18
1
1
1
4
14
2
5
4
10
2
3
5
23
2
4
2
2
2
3
3
20
5
1
1
1
1
2
3
1
51
4
1
6
17
2
24
1
1
3
34
4
3
3
2
10
1
1
2
127
6
8
77
16
22
3
3
13
11
3
9
4
1
18
7
3
1
1
28
1
5
4
18
4
3
6
2
3
2
3
6
23
6
1
72
58
3
144
1
5
5
1
4
9
6
15
30
4
2
5
3
3
6
5
1
9
1
1
2
1
8
2
59
1
1
2
7
3
5
1
8
3
1
1
2
22
7
3
3
5
8
9
1
3
1
10
7
1
9
4
3
1
2
12
4
5
10
3
2
1
3
1
11
9
8
5
2
7
6
9
6
23
1
13
2
2
1
13
5
3
1
5
61
46
4
2
17
6
17
7
8
5
40
6
5
3
3
46
11
9
1
2
8
1
5
63
2
5
6
15
1
6
4
1
11
2
25
81
4
8
59
42
55
2
4
2
1
2
11
5
1
11
6
1
1
2
1
9
9
6
5
1
1
14
7
3
2
12
50
4
29
102
4
13
5
13
3
7
3
6
13
3
8
7
1
14
4
13
1
3
68
4
1
1
1
2
2
1
1
5
5
48
6
8
5
15
1
1
15
11
4
1
1
2
8
10
2
15
6
25
5
24
8
13
1
17
14
5
3
8
1
35
21
15
4
3
10
3
1
2
2
22
4
8
62
7
3
1
9
1
1
6
36
1
2
11
1
2
8
3
12
13
1
9
5
1
1
1
3
9
15
3
6
12
14
14
1
5
11
7
8
4
11
25
2
2
2
6
7
1
23
4
21
3
1
11
27
2
9
101
1
1
1
1
1
3
13
1
1
22
3
1
6
1
3
1
1
2
5
6
21
20
4
17
2
10
1
13
1
5
131
14
3
9
1
22
3
16
1
2
1
1
1
1
7
4
10
7
11
1
13
6
3
10
2
11
1
9
48
7
6
3
2
2
2
3
5
9
9
1
52
2
4
7
1
50
11
17
10
9
4
6
3
23
4
7
6
41
5
21
7
3
2
7
1
35
5
5
3
3
1
3
2
8
41
63
2
3
2
15
1
3
4
6
7
23
1
18
6
2
17
3
46
16
12
10
7
2
14
5
4
9
25
1
25
5
3
6
13
11
7
25
9
8
6
4
3
9
22
1
3
3
4
4
30
1
4
6
1
1
4
7
8
10
1
4
3
47
2
10
6
4
2
12
11
7
1
13
2
3
5
10
17
8
22
6
1
8
8
1
35
5
14
3
6
12
13
14
6
5
2
15
5
6
1
1
1
3
1
6
7
2
2
22
16
13
13
8
28
2
26
34
11
3
1
6
4
3
12
5
13
40
7
69
7
6
3
5
3
2
10
17
2
3
4
2
5
2
1
2
3
1
45
