1
2
6
2
1
1
9
2
2
3
3
1
3
2
1
2
2
1
1
18
3
4
10
2
1
1
6
9
39
1
14
17
4
2
2
7
6
13
39
2
2
2
1
3
7
1
2
3
1
1
4
1
20
1
1
1
2
2
3
5
1
4
1
14
6
5
1
3
3
7
2
4
2
10
1
2
3
3
2
3
1
2
2
2
1
4
1
9
20
3
5
1
5
7
4
89
1
9
17
1
17
20
3
9
2
13
23
7
4
2
5
2
2
1
2
2
4
2
1
2
2
5
1
2
19
2
3
8
1
1
1
4
17
5
13
1
1
10
2
22
10
16
31
1
16
4
3
7
4
2
1
2
20
45
3
6
5
36
1
7
15
20
1
1
3
19
1
1
2
5
1
1
3
1
1
1
2
3
13
21
2
1
2
3
1
4
4
6
7
2
2
2
4
6
9
3
4
22
7
7
6
5
5
2
1
1
2
5
1
1
1
3
2
21
5
15
3
2
3
7
2
4
1
21
2
5
1
2
2
22
11
2
2
1
1
3
1
4
19
1
5
1
1
1
1
4
3
11
3
3
1
10
17
2
1
1
2
6
4
6
2
3
20
3
13
1
31
2
3
2
3
3
1
2
9
8
2
1
2
2
3
6
5
3
7
2
1
1
2
2
3
6
3
1
1
3
1
11
1
4
1
2
24
23
24
3
5
8
1
2
1
17
1
4
1
2
11
3
4
1
6
21
7
1
1
6
9
5
5
1
2
1
1
1
3
4
1
4
4
3
2
3
4
2
6
3
2
1
3
15
8
1
1
1
34
3
1
15
14
3
1
4
1
2
1
1
16
5
1
1
1
2
2
1
2
2
3
9
29
20
3
4
11
1
8
6
2
2
6
4
2
1
2
7
2
2
1
7
2
13
15
1
2
1
1
2
8
3
3
4
1
1
8
2
16
4
4
8
1
8
2
1
2
2
2
5
10
6
3
5
2
2
2
22
1
2
4
2
3
4
4
2
1
16
3
2
1
1
7
1
5
1
5
1
2
5
2
6
3
16
3
1
34
2
3
2
1
1
3
3
2
1
2
26
2
1
6
12
3
1
2
2
6
2
7
2
3
4
26
1
1
1
17
3
1
1
1
9
1
31
2
20
2
3
1
6
6
2
7
2
23
9
3
2
7
2
2
1
2
2
9
9
7
5
1
4
1
1
6
10
12
3
1
2
33
6
2
2
8
3
5
11
6
2
2
5
4
27
5
2
5
12
6
2
6
7
1
1
2
5
3
7
6
1
3
2
3
5
2
2
7
5
4
4
7
6
12
5
1
1
2
2
3
2
3
1
3
3
1
25
8
18
5
3
1
6
6
87
2
9
2
2
8
3
9
1
3
4
2
13
11
6
1
6
2
6
2
1
3
2
4
2
33
10
1
6
2
1
1
8
1
23
4
26
6
2
4
7
8
1
6
8
53
3
2
29
1
5
2
4
3
2
3
4
2
11
2
25
1
5
6
1
2
3
2
11
2
1
3
1
27
4
2
6
1
25
38
2
1
3
25
10
4
2
24
6
3
7
5
11
4
6
1
1
1
1
1
2
6
18
2
1
2
2
43
1
1
29
1
10
7
10
1
9
15
12
1
14
22
8
7
35
1
7
6
32
1
2
4
13
6
2
1
1
3
1
26
1
11
4
1
2
1
17
2
1
1
4
3
2
1
20
9
7
29
6
9
3
29
1
4
3
3
1
9
5
1
5
2
4
1
2
1
1
2
1
1
10
2
5
7
3
1
5
2
2
4
18
13
2
4
1
1
2
3
15
4
11
9
6
8
3
30
6
1
1
8
5
35
24
74
35
2
2
15
2
1
1
4
17
4
3
3
4
1
4
1
1
1
4
6
1
14
2
11
20
1
1
14
1
1
1
4
8
2
11
2
3
5
1
2
14
4
2
1
8
9
7
4
4
1
1
5
5
8
13
2
16
1
2
4
1
2
4
3
1
7
13
3
4
5
4
2
1
1
1
7
6
7
2
1
3
11
1
2
1
1
1
2
5
2
9
5
1
4
5
15
1
1
2
1
1
1
2
1
1
1
27
2
4
4
2
5
2
5
2
2
5
1
8
1
17
1
1
6
7
8
1
2
2
2
3
2
3
2
1
1
2
1
3
1
2
3
16
2
2
1
12
5
2
6
13
1
5
5
10
5
1
5
4
1
1
3
4
2
1
2
1
1
2
11
1
6
4
12
6
2
1
2
12
1
14
5
1
1
6
1
2
2
4
7
1
1
6
8
13
2
19
14
1
2
1
4
3
8
2
1
2
1
4
4
1
6
1
2
1
6
1
12
5
4
1
3
3
1
14
1
9
3
2
1
4
1
1
1
1
1
9
7
1
6
3
5
2
6
11
3
1
7
1
2
2
4
6
1
1
25
2
7
1
2
10
20
3
3
2
3
2
1
2
2
2
7
1
5
14
1
1
1
2
1
1
1
1
2
18
1
1
6
4
1
1
1
6
5
3
1
2
1
10
3
2
