6
2
8
3
10
9
3
5
6
1
1
2
1
16
4
20
2
1
18
4
5
7
24
24
23
13
5
45
3
14
15
34
9
1
1
3
3
20
2
10
1
10
1
8
1
2
2
7
16
8
9
2
12
2
5
1
4
3
1
12
22
10
1
3
3
1
3
1
15
2
7
3
6
6
1
12
9
20
5
4
8
1
1
1
1
5
1
7
1
7
11
53
2
7
50
1
37
1
3
8
1
6
23
32
9
1
3
1
2
1
1
1
3
24
10
1
6
4
2
3
6
9
46
8
7
1
13
8
2
7
1
15
6
13
5
4
1
3
4
1
1
3
1
9
9
8
2
6
1
1
7
2
11
1
11
1
1
11
1
1
22
1
3
1
1
1
1
8
8
7
1
11
2
1
29
5
5
1
8
1
2
24
5
1
2
1
1
6
11
7
2
3
3
39
1
3
1
1
1
18
5
1
6
17
1
1
1
21
1
3
1
9
13
1
1
13
18
18
1
6
3
9
1
1
41
3
12
1
8
12
10
5
4
2
1
23
1
29
5
2
2
3
3
4
21
1
4
1
5
2
3
8
3
6
25
1
2
1
5
11
1
9
14
11
1
3
1
11
3
1
1
2
1
1
4
135
1
1
10
1
1
23
2
14
5
5
1
4
6
1
5
1
138
10
1
7
2
1
1
4
3
6
6
1
1
2
31
2
48
1
29
1
19
5
2
1
11
1
10
11
3
19
4
1
6
39
1
10
4
16
42
3
3
2
7
20
7
7
66
3
16
3
1
3
2
3
13
7
6
16
7
5
1
4
1
2
2
5
6
3
23
4
12
1
6
35
2
1
3
7
10
11
7
2
1
7
11
3
6
1
10
1
2
3
9
1
14
11
8
24
5
8
21
2
6
1
5
1
2
2
3
1
4
5
1
1
7
5
4
6
2
7
12
1
2
19
1
2
4
17
3
2
2
1
33
9
25
2
4
1
3
33
2
19
4
7
1
2
19
16
3
35
5
1
15
2
1
1
2
8
8
1
1
5
1
5
22
8
3
8
19
5
4
17
4
1
1
2
1
1
1
1
9
12
3
1
10
2
1
3
20
4
3
7
3
6
1
1
7
14
31
1
2
21
1
1
10
3
1
2
5
1
12
2
18
9
4
9
4
1
3
1
6
7
18
12
8
1
3
1
23
3
1
17
2
25
7
1
20
1
1
2
1
55
1
11
20
2
2
5
1
1
4
1
3
1
3
7
1
9
88
4
16
6
24
8
9
3
1
3
19
8
22
20
4
3
1
14
9
1
5
2
1
1
2
7
1
8
2
3
1
7
1
1
1
10
5
18
9
3
3
1
14
3
8
28
13
4
1
12
1
1
10
6
3
2
7
12
2
2
6
7
15
20
1
2
3
1
5
2
2
1
2
3
2
1
2
14
24
1
1
5
2
3
6
2
5
10
14
6
5
22
1
3
33
3
1
13
8
1
7
7
41
4
2
38
10
3
9
5
2
1
1
5
2
1
6
2
21
2
17
3
10
1
1
3
11
24
5
5
2
7
2
10
1
1
1
14
43
15
15
1
1
3
2
4
3
2
6
10
1
5
2
1
12
33
44
1
1
1
7
1
2
3
1
5
4
1
3
2
7
23
1
5
10
16
1
8
2
2
2
3
5
4
2
15
3
1
1
3
14
4
2
4
1
24
22
75
19
3
1
2
1
2
26
3
22
2
11
1
13
18
1
8
1
1
3
4
6
1
1
14
3
2
16
1
1
1
9
1
2
7
1
1
4
2
6
2
26
16
4
2
2
9
48
24
6
3
4
5
33
3
6
2
1
4
4
8
1
2
1
1
13
80
22
4
4
2
4
4
9
2
1
13
1
15
2
2
2
6
6
15
3
3
6
3
1
9
3
21
3
1
8
52
2
1
5
9
2
1
6
1
1
2
13
9
2
3
12
1
10
1
7
1
2
2
3
26
2
1
14
12
1
22
1
2
10
4
1
1
2
1
11
2
21
8
1
30
1
2
19
4
1
11
3
2
1
1
2
2
1
25
2
6
2
2
1
2
13
29
2
2
1
1
1
2
5
11
8
11
1
17
1
10
1
1
2
3
2
6
3
10
3
8
23
1
43
21
2
7
3
15
2
3
4
1
3
15
2
1
2
1
8
30
5
9
7
9
2
1
47
4
5
14
1
4
11
1
1
25
44
42
3
3
8
3
18
5
2
13
6
1
15
3
1
22
10
13
6
8
9
21
3
4
8
13
9
4
12
9
4
16
3
5
9
14
1
3
2
1
1
7
6
22
14
2
4
1
51
25
2
8
4
1
55
1
4
12
4
2
16
24
3
2
2
1
3
11
1
2
7
11
19
6
1
4
1
19
16
4
4
1
18
11
1
1
3
1
3
2
1
11
1
1
3
3
1
1
2
6
8
9
2
1
1
17
1
2
1
6
1
3
1
3
9
1
1
1
16
1
1
8
13
2
3
16
1
1
4
11
2
51
2
1
28
1
8
1
5
3
1
1
2
2
6
4
2
1
1
2
1
2
8
6
16
44
20
1
2
1
3
10
4
10
5
1
27
8
5
1
1
4
1
4
3
1
25
3
6
3
1
1
10
6
1
4
2
53
1
2
3
3
6
1
13
2
1
3
28
1
2
1
1
6
2
1
11
2
16
2
1
49
1
12
1
1
3
6
2
3
1
22
1
5
1
1
2
2
1
1
1
1
13
1
1
1
2
11
2
2
105
1
3
4
9
4
2
6
13
2
1
6
2
2
4
2
12
3
10
3
1
11
31
9
2
2
2
1
6
1
1
1
2
1
1
2
5
1
14
6
4
1
18
1
2
2
46
1
7
8
2
1
1
1
1
1
3
6
27
12
13
11
18
12
14
2
1
7
6
2
2
8
3
1
3
1
1
3
2
1
4
4
2
6
5
1
1
27
2
2
1
2
7
1
31
6
2
2
13
15
18
1
2
1
2
2
1
3
2
1
3
16
5
1
7
4
1
10
2
2
2
3
9
2
17
4
2
2
1
11
4
1
25
1
1
6
1
1
3
4
1
3
8
38
2
1
1
6
5
4
2
3
2
4
1
5
4
3
16
1
3
4
23
2
10
5
4
6
60
2
1
1
3
4
11
1
1
96
1
4
13
15
2
5
13
22
9
2
1
32
24
1
9
11
1
4
11
2
3
2
2
7
2
27
1
5
16
1
8
1
2
3
3
1
17
2
1
8
9
28
2
2
2
5
3
7
8
3
1
16
1
4
2
7
1
13
2
5
6
1
12
16
7
2
1
2
4
3
2
1
3
11
3
1
2
5
1
41
1
4
4
23
1
1
8
2
4
2
4
1
10
15
13
16
1
5
29
21
6
1
2
2
12
6
3
3
4
1
4
5
1
1
4
4
1
3
19
5
1
1
2
6
6
2
18
10
7
19
1
2
5
3
6
17
1
16
17
18
1
1
6
1
7
1
1
6
14
8
2
3
1
4
1
3
1
15
5
8
5
12
2
40
3
1
11
2
3
10
3
1
5
1
13
10
9
1
2
1
2
5
11
12
1
2
2
2
2
19
2
7
6
3
1
4
3
7
1
4
8
4
5
2
6
3
6
7
13
5
9
3
3
2
3
3
2
1
9
4
4
7
1
3
1
38
1
7
14
3
3
3
12
27
2
4
1
7
2
3
6
2
1
8
3
14
1
38
2
1
2
5
1
1
17
4
9
9
1
8
7
27
15
4
1
10
2
1
3
2
3
2
2
50
3
14
1
1
5
1
2
1
8
10
39
3
7
1
11
1
1
2
11
1
7
1
5
2
15
1
1
6
4
1
1
7
25
1
2
1
3
2
2
15
1
4
5
17
1
1
7
52
1
1
1
1
1
14
7
2
18
10
1
1
2
15
2
1
3
1
1
1
3
2
20
8
2
6
4
2
10
2
22
2
2
6
3
13
2
3
5
2
3
2
1
4
12
2
2
1
2
44
6
2
1
1
4
18
27
5
1
4
5
2
10
2
1
5
38
1
2
28
1
14
3
3
19
14
13
17
1
1
16
2
14
5
2
1
1
2
20
22
1
3
3
1
2
27
1
9
7
2
2
2
3
3
7
1
1
10
4
11
5
2
1
7
4
1
5
4
8
3
3
2
7
9
9
3
10
3
1
6
2
6
2
1
8
3
12
14
2
14
11
13
5
7
19
18
4
5
4
3
3
1
13
1
2
3
1
1
1
3
9
4
1
3
6
2
3
1
3
3
2
8
10
18
1
1
12
2
15
10
2
3
2
1
4
19
4
4
1
1
5
11
1
1
16
4
1
4
2
21
7
3
2
1
1
16
1
2
1
2
1
3
7
2
2
22
9
2
1
1
1
7
1
3
6
1
22
15
5
1
10
1
3
2
7
2
2
10
8
4
6
2
1
1
2
8
2
5
5
15
14
4
18
12
5
33
1
1
29
1
6
5
1
2
3
28
1
20
9
1
4
15
6
44
5
2
10
3
2
4
1
5
2
2
8
14
45
2
4
6
54
3
1
5
1
1
1
2
1
1
2
4
13
1
4
1
1
7
6
1
1
11
7
5
2
22
3
2
2
3
2
17
2
1
1
3
2
3
6
5
1
4
1
4
4
10
3
5
2
2
12
3
2
6
2
1
4
2
7
1
16
15
4
3
10
26
2
5
3
13
3
1
4
2
10
2
8
6
1
75
2
1
1
4
6
80
9
1
2
1
2
3
3
4
3
32
4
40
1
1
3
17
1
1
5
3
9
6
1
5
1
24
1
1
1
3
9
1
9
3
4
6
8
6
8
4
18
23
1
4
2
13
1
20
2
11
2
1
1
4
4
1
9
12
6
4
1
6
3
8
11
1
1
1
1
11
4
3
7
3
1
5
6
3
24
2
1
2
1
4
1
1
9
3
2
1
2
13
5
2
4
22
1
17
3
4
3
2
3
3
2
6
11
18
1
4
1
3
1
3
3
2
19
1
6
3
2
2
3
2
3
7
5
4
6
11
1
1
15
21
1
2
7
6
26
3
1
3
2
5
6
1
12
14
39
9
1
17
1
11
6
6
6
5
44
6
2
1
9
8
2
1
2
6
12
90
5
4
1
6
1
1
3
12
2
2
21
2
5
1
1
3
2
3
1
3
5
44
3
12
2
1
2
1
5
1
2
2
2
7
5
4
2
5
1
26
4
2
10
1
6
7
1
3
1
2
2
7
8
1
1
4
56
10
7
2
69
5
1
6
23
3
28
2
1
16
1
3
1
2
3
3
4
9
1
3
7
1
3
1
2
14
4
1
1
2
17
1
2
3
4
1
3
1
8
3
1
26
10
3
8
15
7
11
1
1
4
5
101
1
18
22
10
3
1
32
1
4
18
5
10
1
3
38
2
66
1
4
3
5
2
2
2
4
8
3
14
14
4
4
1
1
3
1
42
3
7
1
11
1
1
13
1
3
1
2
28
8
3
2
2
2
4
7
4
5
6
1
4
1
1
2
7
1
3
41
12
1
1
3
1
8
9
3
2
2
62
5
1
1
1
1
13
2
1
1
1
3
9
5
2
32
7
1
1
3
1
13
1
3
7
5
2
5
2
1
2
1
16
5
1
1
21
4
2
3
2
6
1
1
1
4
2
3
2
40
3
3
3
1
1
2
13
2
2
1
1
1
1
38
6
2
1
1
4
1
13
2
6
1
3
3
8
3
1
15
4
1
29
10
24
3
1
9
3
1
2
1
2
7
17
3
1
1
20
8
3
12
16
8
4
2
3
2
1
4
3
6
8
4
1
1
4
5
1
1
4
1
4
1
1
6
1
3
11
3
1
2
6
7
25
1
21
1
2
4
8
4
5
9
6
40
1
7
1
11
1
25
3
25
1
28
1
4
10
21
12
11
2
1
3
6
5
23
5
6
4
1
3
6
6
1
2
4
1
1
3
10
10
8
10
1
20
120
8
2
3
1
5
3
3
1
1
20
6
1
3
19
4
3
3
1
2
11
1
2
1
2
7
3
25
18
3
1
7
2
1
1
1
1
1
6
5
20
3
6
1
2
3
1
3
2
9
2
7
4
1
3
1
2
1
2
3
2
1
1
2
1
1
5
3
6
3
5
1
9
3
2
1
1
1
2
3
28
6
25
12
4
10
1
3
11
3
6
2
16
5
11
10
4
9
1
16
6
11
2
3
6
4
2
2
10
3
1
4
2
4
20
6
3
4
1
1
3
4
28
2
3
1
3
7
4
2
2
1
1
1
5
1
18
5
7
1
1
6
1
1
2
9
26
2
9
26
1
1
3
10
63
18
2
2
1
5
2
4
1
2
4
2
9
4
2
1
1
61
2
68
2
2
1
4
3
63
3
5
13
7
1
1
11
6
2
2
1
1
1
1
17
2
7
3
4
5
6
1
3
2
13
3
2
1
4
2
2
1
1
3
1
9
3
1
31
2
1
2
2
3
5
3
1
4
1
14
1
14
2
5
86
5
1
5
7
4
5
1
2
1
18
2
2
1
6
1
1
5
3
4
2
1
1
4
3
7
9
5
2
3
1
1
59
6
1
16
1
1
36
4
8
6
1
1
9
1
1
18
5
13
4
11
17
1
2
2
15
2
13
1
2
6
1
19
1
15
38
1
7
5
1
27
1
1
5
4
5
1
1
1
3
15
1
25
10
8
2
2
5
1
22
1
9
11
4
2
4
8
36
17
1
6
40
4
4
2
5
1
2
12
3
1
8
3
1
5
18
21
3
2
7
1
5
3
3
3
1
18
4
1
1
24
7
18
12
1
3
20
3
1
1
3
11
6
3
1
2
7
1
9
3
1
3
10
16
1
12
29
1
1
2
1
3
3
5
6
10
4
23
4
3
1
7
1
3
4
7
8
9
1
2
2
1
2
1
1
53
5
12
17
7
1
3
1
2
3
2
8
3
13
2
6
4
6
23
1
5
1
1
8
2
1
9
18
2
9
1
1
10
23
3
16
8
1
17
3
32
1
5
4
3
2
3
14
7
2
10
1
1
2
1
4
1
5
8
3
2
2
1
1
4
3
47
10
4
4
18
3
4
3
1
6
3
11
7
5
1
2
2
1
1
10
1
8
16
2
2
1
4
12
1
5
43
3
2
1
2
15
4
2
1
21
5
15
2
3
2
2
5
25
2
4
1
4
10
3
4
2
1
2
3
4
7
3
10
19
2
2
2
27
1
1
19
3
64
10
5
3
2
2
1
4
6
38
2
32
1
12
3
3
12
1
13
3
3
1
12
13
1
5
6
1
12
4
5
5
2
20
1
1
2
4
5
3
12
16
3
6
5
1
43
2
27
4
2
10
44
1
3
2
8
3
1
17
1
6
2
1
3
1
1
2
2
4
3
3
2
14
6
27
5
3
5
2
1
6
2
8
10
2
1
3
1
1
2
7
1
6
1
2
25
6
4
3
5
2
1
7
11
3
2
3
1
5
3
3
9
7
5
12
5
8
5
3
1
2
6
112
3
6
14
10
27
4
8
19
11
2
1
7
20
6
1
6
3
1
17
1
12
15
9
4
11
1
1
2
5
10
7
7
1
2
3
1
7
1
14
11
23
2
3
2
4
1
2
3
9
3
4
4
25
2
3
4
9
1
1
1
10
3
1
1
17
4
6
7
4
1
2
1
7
1
12
6
1
1
8
7
1
3
3
7
5
1
4
20
1
3
40
8
4
1
8
1
5
6
3
1
5
4
8
2
38
12
1
2
4
1
14
10
5
2
20
5
5
1
4
3
13
3
9
1
2
1
5
9
1
1
1
18
1
1
9
12
2
4
4
3
18
1
4
2
3
10
25
2
2
1
1
1
8
2
4
2
2
2
2
13
5
2
8
1
1
1
8
6
14
2
1
3
3
13
2
2
1
4
2
2
2
2
2
4
7
1
2
10
3
5
1
5
3
2
7
5
18
3
3
1
3
2
1
1
2
33
3
1
18
8
7
13
1
6
21
19
4
1
28
8
8
10
5
3
9
2
3
3
2
2
14
1
5
3
17
1
11
19
