16
2
32
7
1
2
1
9
48
10
22
18
34
1
4
7
12
5
2
104
2
2
3
12
20
12
1
1
8
3
10
36
17
10
18
3
3
6
1
2
5
10
10
2
2
1
1
36
31
1
1
1
2
1
18
7
8
5
4
1
11
2
10
3
5
6
10
4
5
3
5
6
3
1
3
1
13
10
14
10
1
73
2
11
9
1
2
7
42
8
8
1
2
53
1
16
6
2
3
5
6
35
8
26
5
2
4
5
5
1
10
35
2
7
3
29
34
14
20
5
4
19
14
1
38
13
20
5
10
12
36
10
4
2
5
5
79
2
22
4
1
1
5
31
7
4
68
8
2
2
101
8
2
8
8
5
60
4
1
4
1
30
2
2
3
2
35
54
138
26
21
25
17
1
10
11
22
7
1
22
20
6
9
35
1
2
17
7
56
11
6
1
7
1
2
30
3
5
31
76
2
15
21
10
9
126
15
85
7
2
3
5
11
1
2
1
8
7
2
1
1
16
14
13
21
43
3
49
3
21
1
7
3
3
1
6
6
27
1
1
4
3
51
136
3
2
1
10
6
3
5
3
40
8
41
2
5
4
65
18
3
4
2
12
1
13
2
26
3
9
2
31
3
13
1
9
2
2
1
1
178
19
7
1
6
3
39
14
47
1
15
4
3
9
9
9
1
11
7
2
1
6
2
10
12
1
1
93
26
34
3
1
42
1
4
4
1
24
9
12
8
2
14
1
3
14
1
22
5
38
4
4
3
3
8
5
2
1
5
49
3
8
2
2
35
11
12
23
73
5
3
2
2
3
2
55
1
13
5
4
5
77
12
9
1
29
2
15
6
17
3
5
4
3
36
1
2
6
2
3
10
1
2
125
7
1
13
1
11
3
2
1
110
9
4
1
2
36
2
1
11
7
125
1
16
5
3
11
75
6
1
5
1
1
2
3
1
2
85
28
82
19
23
1
41
1
3
6
1
5
11
4
1
4
7
33
12
5
9
36
11
7
2
2
4
2
1
2
22
1
1
7
32
1
5
2
12
9
5
2
14
8
5
2
4
1
1
2
18
23
2
1
16
10
1
2
13
12
5
59
4
2
1
15
46
25
14
29
16
3
15
2
25
28
39
2
2
1
2
60
1
60
1
4
9
96
7
7
1
34
3
2
8
2
4
1
10
58
38
2
13
2
44
3
6
1
3
6
45
59
4
3
11
12
46
1
9
38
1
1
5
2
1
92
1
29
4
16
1
1
2
1
1
1
12
34
39
1
1
6
30
23
7
2
5
55
1
54
20
1
1
1
8
8
93
91
1
1
2
1
7
20
2
2
1
11
12
1
2
1
25
3
4
59
2
3
2
95
14
70
6
5
3
4
4
1
5
8
165
104
1
18
3
7
64
36
26
2
1
18
9
57
14
34
5
60
10
8
2
86
100
12
48
36
2
14
64
11
8
5
67
13
1
4
6
11
42
9
85
1
5
1
65
2
1
36
1
4
23
76
24
1
6
1
114
16
2
7
12
6
1
29
28
4
68
4
4
21
11
2
19
3
2
8
2
7
2
9
1
39
7
2
2
6
37
7
1
3
1
5
1
18
5
17
2
63
14
14
2
1
2
6
15
2
8
49
2
15
111
7
1
2
5
2
22
41
3
11
3
2
2
4
1
147
3
9
1
32
2
3
5
2
5
2
4
42
55
1
6
40
1
2
1
23
37
15
19
2
7
42
3
17
138
90
5
7
58
7
2
18
1
27
9
6
1
2
3
1
7
12
10
34
1
3
5
14
4
2
7
5
3
3
6
6
3
1
1
6
16
127
3
1
7
11
6
7
9
43
1
46
53
4
47
26
13
58
5
8
2
5
2
4
7
1
1
2
4
63
33
2
1
2
1
4
9
1
9
2
5
3
1
4
105
7
42
10
8
3
6
8
40
19
9
11
7
120
18
23
4
8
3
2
20
12
27
99
14
5
1
117
3
4
4
4
5
26
6
3
2
7
7
1
11
3
10
2
1
1
103
2
2
1
41
2
22
1
69
5
5
6
11
2
2
3
1
7
1
3
43
37
4
18
11
13
38
23
25
36
7
27
1
43
3
15
3
15
1
16
1
3
7
3
2
1
10
1
27
4
1
17
8
2
7
1
119
20
9
1
5
2
1
1
8
13
12
56
13
1
1
94
1
1
20
1
5
5
17
2
2
7
149
14
1
6
13
6
2
3
1
2
1
1
2
1
10
6
14
16
6
3
2
3
1
12
1
7
35
58
26
2
3
1
7
1
2
70
5
3
2
12
3
6
10
3
6
17
6
11
7
6
14
3
1
1
66
4
11
11
1
1
1
7
65
1
8
2
22
10
1
9
5
7
43
2
3
4
7
10
16
5
2
1
88
2
10
1
29
35
1
2
5
10
9
2
3
1
1
4
1
1
2
3
1
1
16
4
1
15
4
8
4
55
2
16
1
52
101
24
2
55
53
2
5
40
8
15
3
2
3
7
10
6
13
51
2
2
50
1
69
3
10
4
3
1
2
15
11
1
3
13
1
1
4
37
4
9
25
2
6
2
30
54
64
3
2
13
1
3
2
3
57
1
1
13
1
53
10
5
3
2
2
8
2
29
1
1
5
7
82
19
6
138
2
6
27
9
42
39
7
14
1
18
7
7
95
1
3
2
16
16
4
10
2
2
2
3
1
2
3
34
74
1
2
11
1
19
4
12
37
15
1
4
1
3
4
7
2
4
141
76
4
1
16
26
17
4
2
3
11
5
2
16
10
3
2
3
5
1
4
1
11
3
1
3
1
1
4
34
1
81
74
5
2
24
2
35
42
34
107
14
21
10
65
29
1
2
1
8
5
9
11
2
19
2
20
56
17
7
1
8
5
2
1
33
2
23
2
52
1
4
2
4
2
77
8
2
93
1
2
20
2
29
9
5
15
1
4
19
15
1
1
1
1
10
3
2
1
2
3
23
3
83
1
5
7
9
2
53
2
1
3
17
2
9
61
4
6
1
15
3
12
7
1
3
10
4
14
7
6
2
9
1
45
6
2
6
2
8
85
59
2
11
6
34
2
10
9
1
1
1
28
1
3
7
6
68
1
2
2
7
77
3
2
21
6
5
1
9
10
33
2
19
3
4
2
2
90
1
7
14
15
1
9
1
12
9
1
36
59
3
3
52
8
17
1
11
15
89
103
6
4
2
1
1
3
5
15
11
3
26
4
3
14
42
7
60
38
2
1
1
1
81
2
40
2
1
3
9
18
4
1
2
16
33
2
3
2
3
2
12
6
1
4
1
19
1
1
3
20
3
8
1
24
33
21
1
10
48
3
1
41
65
10
2
64
2
4
66
3
6
31
1
13
3
37
2
3
7
8
2
8
2
2
69
1
1
3
1
2
1
4
2
4
2
7
1
4
14
5
3
9
14
2
3
77
2
86
4
1
3
1
19
3
17
77
1
30
4
4
1
30
22
5
11
4
12
10
25
17
51
3
5
22
5
7
7
3
95
5
12
1
14
1
4
3
42
54
2
3
5
44
26
10
130
36
6
1
4
5
10
1
24
1
11
10
1
10
27
14
2
2
8
16
5
7
4
35
65
1
4
30
20
5
4
2
1
5
22
1
10
8
1
8
3
88
2
3
17
1
3
68
1
45
3
8
8
18
14
5
4
24
1
5
2
13
8
4
54
2
4
1
17
13
15
2
4
2
1
4
4
4
87
10
3
11
1
31
1
17
2
35
3
5
2
36
30
7
1
1
10
4
1
1
6
3
35
30
3
18
7
1
23
13
2
1
2
9
10
21
2
3
7
2
9
3
24
6
29
3
10
35
39
10
8
64
1
5
8
6
4
3
47
24
4
2
5
33
3
4
7
1
139
5
53
7
2
2
1
1
2
42
8
4
3
15
4
7
8
13
2
4
1
4
1
29
6
2
2
2
1
80
12
33
19
2
1
8
94
11
124
15
39
18
1
24
15
11
136
4
3
1
7
4
10
3
11
18
1
3
14
49
12
1
6
2
11
10
3
6
5
1
2
44
5
60
19
60
46
3
2
7
1
11
3
9
6
2
3
46
52
31
2
2
28
7
19
37
6
22
1
32
3
47
8
8
27
5
42
3
6
2
47
4
2
4
48
2
3
5
9
8
2
10
14
2
4
2
2
13
2
24
1
1
2
1
5
5
54
1
1
7
4
6
12
3
13
2
1
11
1
24
14
1
1
4
9
2
16
3
27
3
10
18
1
3
15
2
14
22
11
5
11
5
13
1
1
6
45
4
21
2
1
23
5
15
15
7
3
4
1
6
4
1
9
90
1
170
47
78
1
1
2
5
38
5
2
11
2
3
2
4
22
1
8
24
5
2
14
2
10
23
2
5
3
3
37
22
6
2
42
6
3
174
18
4
67
2
1
1
10
10
5
63
3
3
5
2
5
32
7
7
4
2
12
19
1
7
3
19
56
55
28
6
22
5
2
6
26
1
33
1
3
1
6
5
2
5
76
1
98
8
19
1
20
30
1
2
47
16
14
1
154
1
7
8
14
21
13
7
3
1
2
4
2
2
44
14
6
35
4
1
16
23
4
1
1
4
77
20
2
1
18
20
1
10
9
1
19
17
44
13
17
16
4
1
1
44
5
18
3
2
2
3
37
2
10
2
3
25
6
7
140
8
21
1
2
3
38
79
4
5
5
108
5
68
3
39
37
26
45
13
1
16
77
5
19
3
21
12
1
1
26
2
8
4
11
5
3
5
2
73
2
1
35
8
1
2
28
2
8
4
121
62
3
12
1
84
5
32
3
18
10
7
3
30
1
1
29
2
14
3
2
8
5
1
3
31
3
3
11
8
4
8
1
26
4
4
5
3
2
24
13
1
6
42
11
2
1
59
1
53
2
6
96
1
7
6
7
4
107
1
6
2
2
2
9
1
31
33
39
1
10
70
1
84
12
13
1
20
1
1
2
5
18
54
13
11
4
6
58
6
9
12
