311
202
906
52
731
384
17
3167
26
21
57
574
3064
2968
2
177
745
1
25
571
583
813
328
295
275
1090
509
827
492
431
117
494
80
103
2
2
16
613
129
2096
5
847
149
143
90
952
38
4
160
200
1858
2
3
464
2940
591
253
190
306
2051
433
310
341
60
82
686
5
115
275
3
926
11
56
640
359
193
3242
1515
2754
158
126
754
661
99
444
950
393
300
434
29
31
38
468
91
231
661
8
684
487
280
295
1
33
244
3
443
176
4
1143
133
5
38
280
140
167
162
24
37
308
42
28
187
262
60
917
13
224
574
16
596
20
214
612
2
2
1
722
43
8
53
23
576
74
194
358
315
191
350
94
144
2
202
3
125
101
2309
293
561
534
303
11
332
2467
1102
81
250
47
11
11
158
29
6
358
419
8
235
3308
559
456
840
8
108
659
504
270
484
21
4
471
345
1021
635
586
27
1371
73
520
68
222
63
2
512
3
367
1
66
52
1616
376
471
971
90
1064
27
106
430
380
2430
1
488
159
344
54
3010
13
515
350
356
2454
10
883
24
75
521
4
107
587
275
780
8
899
194
127
25
2688
10
23
3504
629
1038
20
552
1022
478
38
109
379
925
1026
1
2931
1907
10
23
32
299
14
8
25
460
110
15
109
192
7
5
1
21
341
991
1553
49
2648
394
605
2414
1621
93
4
15
90
3
213
9
945
83
19
577
101
898
56
391
16
558
1337
199
1495
609
291
34
373
1
380
9
142
16
864
1741
829
346
