62
1989
7372
230
6960
7291
1523
5568
44
136
2265
5655
973
3072
1057
2612
909
472
1349
1789
4527
3276
1955
734
647
1215
5222
300
5359
6774
2451
286
3621
5550
155
711
30
3999
823
8483
426
8336
4646
13
1693
87
309
3550
3825
137
90
2826
4422
5321
4242
133
2116
1617
3337
1330
190
1858
296
3451
215
24
1562
2084
107
1216
2023
137
1223
1800
1651
6504
1646
80
1534
498
459
24
1485
1743
5411
1091
216
1750
5
2587
2205
482
3394
241
120
791
2742
287
770
66
592
3138
18
2222
273
905
506
911
92
11
630
2850
937
1288
111
440
423
2656
44
2394
70
423
1138
1301
3367
145
3
120
540
270
1431
81
564
1
311
1
1
1
1
1
1
1
1
1
1
1
46
65
42
16
2
1
1
8
26
28
2
42
220
78
1
2
33
1
1391
1431
1
29
2
6
159
74
1
1
87
81
40
340
30
42
70
202
1
112
1
1
1
1
1
1
2
6
1
2
5
11
9
1
1
1
1
1
43
1
1
1
3
1
1
1
1
3
18
1
1
1
906
1
986
1
1
2
1
2
4
1
1
1
16
1
6
1
1
2
1
2
537
52
10
22
4
10
2
745
1
5
23
5
4
1
3
1
2
60
1
2
9
28
6
1
731
2
1
1
6
18
12
12
1
1
5
16
1
2
1
2
6
7
3
1
2
87
1
3
12
3
1
2
6
5
9
1
1
1
1
30
1
159
1
11
515
2
384
1
3
1
829
3
1
5
4
1
3
1
17
3
68
7
4
8
3
8
3
20
3
2
2
724
77
1
14
5
3167
1
31
2
2
5
2
1
1
1
1
4
1
1
2
1
1
1
1
3
1
4
1
5
1
520
1
2
2
2
3
1
1
1
2
26
1
4
2
10
13
24
14
1
1
2
1
31
3
1
3
1
1
1
1
1
1
1
2
1
1
1
3
1
1
4
34
24
3
17
1
1
1
5
2
1
15
1
1
1
1
2
8
21
2
2
1
1
1
1
12
1
4
2
57
6
1
5
1
4
1
2
1
17
1
1
2
1
5
3
1
5
1
1
8
2
6
1
4
3
1
7
1
4
5
29
55
13
1
1
60
31
1
3
1
1
1
1
2
1
1
2
1
1
1
1
2
3
22
1
1
1
2
1
3
1
1
3
1
1
564
1
1
1
1
1
1
1
1
2
1
1
1
1
1
1
1
1
1
1
1
5
1
1
1
1
1
4
1
3
1
1
1
1
1
4
2
1
5
1
1
1
4
1
74
40
1
1
6
1
1
1
4
2
1
1
1
1
1
1
1
4
1
2
2
3
1
1
1
2
1
1
1
2
1
1
2
1
35
1
5
10
2
2
1
1
2
113
4
1
14
1
1
1
1
252
1
4
1
124
70
2
574
1
1
6
29
1
5
1
1
1
3
19
25
2
44
77
123
1
1
4
1
1
1
1
1
3064
1
3
1
1
12
6
577
2
7
1
2
1
1
1
1
1
1
1
1
2
1
1
1
1
1
1
1
1
1
1
1
1
2
1
4
8
2
2
7
2
1
5
1
5
1
1
1
1
8
1
6
3
12
6
1
3
2
1
1
1
4
1
5
1
1
3
1
1
1
2
4
2968
1
1
2
8
3
1
1
1
45
21
106
1
2
1
3
1
15
4
7
4
2
1
1
11
4
1
5
2
1
1
2
7
1
5
1
1
4
1
1
2
1
1
1
9
1
10
59
9
1
1
2
142
1
1
9
8
7
10
2
3
2
1
1
1
2
1
4
1
1
5
2
1
2
1
579
1
85
1
2
3
1
2
4
1
7
7
3
1
1
1
1
1
1
1
6
2
47
1
1
4
3
1
1
2
2
1
3
1
1
1
3
1
1
3
1
2
2
1
3
1
5
1
2
1
1
1
7
7
1
1
1
16
5
6
3
35
1
1
1
1
1
3
7
5
14
9
3
5
3
1
51
29
2
68
23
2
1
2
7
177
1
1
1
2
1
1
1
1
3
1
1
1
1
2
1
1
1
2
44
1
1
1
1
4
248
1
1
9
2
51
5
53
3
7
1
745
1
1
1
2
1
1
9
1
1
1
1
1
1
2
2
3
11
1
7
1
3
1
1
1
4
6
1
5
3
26
2
1
5
2
1
12
1
1
12
2
322
1
1
1
1
2
2
1
1
1
1
1
4
5
1
1
45
1500
622
644
7
340
2
20
25
152
571
1353
309
20
81
578
120
583
428
12
65
813
1162
2
41
328
222
295
320
629
113
275
3
1
7
10
2
1090
38
4
26
1
1
1
509
1
1
1
3
1
1
11
17
20
10
3
3
79
3
2
1
16
13
13
1
1
2
1
1
1
1
1
1
25
1
17
1
1
1
2
2
1
1
2
626
1
2
1
1
8
2
3
2
1
1
3
1
1
1
1
1
1
4
1
1
243
2
1
1
1
1
1
827
1
1
1
1
50
1
1
2
1
2
1
3
1
1
8
1
1
2
13
1
1
1
1
5
1
1
2
1
1
1
1
1
1
1
1
1
1
492
2
1
44
1
2
2
1
1
12
1
2
8
6
1
143
1
431
34
35
1
1
14
20
3
117
16
1
2
1
494
3
1
1
1
1
1
2
1
4
1
170
1
1
1
5
1
1
1
1
11
1
3
80
2
1
1
2
2
4
26
1
26
1
1
4
4
1
1
4
7
2
3
8
72
21
3
1
1
1
5
12
1
1
1
1
1
1
6
1
54
5
1
1
1
2
1
1
2
1
1
2
4
2
1
2
1
1
3
3
1
1
1
3
3
1
1
1
1
2
11
1
1
1
12
1
103
6
2
2
1
1
1
1
1
1
1
1
1
1
1
1
1
1
1
1
1
10
1
1
1
2
1
1
1
2
1
1
1
2
1
1
1
2
1
1
1
1
9
3
2
1
1
1
1
1
3
1
1
1
1
2
1
1
1
1
3
11
1
1
6
1
5
7
1
1
1
8
1
1
1
1
1
2
1
16
2
1
2
1
2
1
1
1
1
2
1
1
2
1
1
1
1
1
2
1
1
241
1
1
1
1
1
1
3
5
1
2
1
1
31
1
3
48
561
1
4
46
29
1
1
1
1
1
3
1
1
5
1
2
1
1
1
613
1
2
1
46
130
129
1
5
5
51
1
1
1
1
3
1
2
11
28
4
1
2
1
3
1
2
1
2
2
1
1
6
52
714
238
21
1
1
1
31
11
60
2
1
1
12
1
1
5
26
50
3
14
58
184
30
3
1
1
1
2
2096
2
1
1
239
2
5
14
1
1
1
5
7
2
1
1
4
1
27
27
1
1
33
1
1
260
1
2
1
2
2
5
1
1
21
1
8
1
1
8
4
100
2
1
17
10
2
2
4
1
112
6
42
13
2
1
5
4
1
8
4
30
6
2
1
1
1
2
8
7
1
18
1
1
2
1
1
1
4
1
84
1
1
1
847
264
1
1
1
3
2
13
6
2
20
1
12
149
22
2
3
14
4
5
1
1
1
1
1
1
1
1
4
2
56
1
3
7
1
15
1
4
4
2
1
2
4
1
1
1
1
3
2
1
1
1
2
1
1
3
26
330
442
11
9
1
65
1
50
1
2
1
1
219
143
4
1
2
4
90
1
2
7
1
1
2
2
1
5
71
1
4
38
1
7
17
1
1
18
11
1
4
1
952
1
5
2
2
47
1
6
1
8
38
1
1
3
1
5
16
7
15
2
1
2
1
1
1
1
1
1
1
1
1
2
1
3
18
2
1
66
67
3
14
3
12
4
267
1
1
1
7
2
3
2
4
1
1
1
6
1
1
3
3
1
1
1
1
1
3
2
3
1
2
1
1
2
1
1
1
2
1
2
1
2
2
1
1
1
1
1
1
1
2
1
3
3
1
160
1
1
1
1
2
1
1
1
2
1
1
5
1
3
2
1
1
1
5
3
2
1
1
6
1
3
1
1
1
5
1
1
1
4
1
1
4
1
2
14
1
2
1
4
17
2
1
1
2
1
17
1
1
1
7
1
1
1
200
3
2
1
7
1
5
1
2
1
3
1
1
1
7
4
1858
1
3
1
1
4
6
1
1
1
1
7
2
1
1
1
1
1
1
1
4
1
4
2
1
1
1
1
1
2
1
2
1
1
3
2
1
1
7
1
1
1
1
1
2
3
3
1
11
28
1
2
1
2
3
2
1
14
1
1
1
1
1
81
1
3
1
1
464
2940
1
1
8
3
7
8
4
5
558
13
2
1
1
1
1
1
1
1
2
5
1
2
4
1
2
403
22
1
1
3
1
1
2
1
1
1
1
1
413
17
1
1
1
1
2
1
2
591
2
1
1
2
2
1
4
1
1
1
1
7
4
1
2
1
1
1
1
1
1
1
1
1
1
1
1
1
1
1
1
1
1
1
1
5
1
1
4
2553
1302
1
1
1
1
2
3
10
1
2
5
2
1
1
1
1
1
1
1
8
1
1
5
1
497
6
5
1
1
1
6
79
1
2
1
1
1
1
36
55
154
3
1
82
97
1
1
5
1
1
4
2
5
253
125
2
17
1
1
24
2
3
2
4
5
2
1
18
1
3
310
1
336
4
2
1
4
1
190
1
1
592
7
1
1
1
1
2
1
1
1
1
1
1
1
70
2
1
3
2
2
6
120
2
1
1
18
1
1
1
1
1
393
7
5
1
6
3
3
3
1
1
2
1
1
2
1
1
1
1
1
1
1
7
1
1
1
75
1
8
1
1
1
1
1
1
1
1
4
419
2
2
1
88
8
1
2
306
1
1
1
80
1
1
1
3
1
1
2
1
92
1
1
1
2
1
4
6
1
1
6
1
2
2
1
2
1
3
3
2051
5
1
2
1
1
1
4
1
1
1
4
1
2
1
1
2
1
1
1
2
1
1
1
8
1
1
1
2
1
3
1
3
1
1
1
3
1
3
3
13
2
1
1
1
2
1
1
1
348
2
1
2
1
8
1
1
1
3
1
2
1
2
1
2
1
7
1
5
1
2
433
2
2
2
202
3
1
1
894
8
1
434
1
5
1
2
12
1597
310
2
3
1
1
1
2
1
4
1
1
1
1
2
1
7
341
9
2
1
3
4
3
1
2
1
1
1
1
1
2
1
7
1
4
1
1
1
2
4
1
1
2
1
4
1
1
1
7
1
1
1
2
1
8
2
1
3
1
1
8
2
4
1
1
1
3
1
1
1
3
1
3
1
1
1
1
1
1
1
1
1
6
2
3
3
4
1
1
3
1
3
1
3
1
1
13
12
24
1
2
2
3
3
1
1
3
5
1
1
1
1
2
1
1
44
6
1
3
1
2
58
28
17
2
2
1
1
8
1
13
3
1
12
1
5
2
3
1
5
51
3
9
1
60
1
1
1
5
5
95
4
1
4
2
6
31
1
24
1
1
2
1
1
8
7
3
1
82
2
1
1
3
7
85
1
1
1
1
686
1
2
18
5
2
2
1
2
2
1
21
3
9
2
5
1
3
1
22
115
1
2
1
1
9
7
10
2
1
5
2
1
2
2
275
15
132
1
394
3
1
2
1
247
1
1
1
1
1
1
1
1
1
1
1
1
4
2
3
1
1
6
3
913
1
1
2
1
1
2
5
2
1
1
1
1
2
1
2
1
2
3
4
1
1
1
2
4
2
1
1
1
1
1
2
1
1
5
1
9
1
1
2
1
1
1
1
6
1
9
1
1
2
2
2
21
2
1
2
1
1
1
2
3
3
1
1
1
1
1
1
2
1
1
1
1
2
1
2
2
1
6
7
1
2
1
1
1
4
1
1
1
1
1
1
2
1
1
1
1
2
4
1
9
1
1
1
83
1
3
1
1
1
1
1
1
1
1
8
1
4
3
1
2
1
5
2
1
6
3
1
2
1
1
10
2
2
1
1
1
2
1
1
2
2
4
2
1
1
1
1
1
1
1
1
1
1
332
13
5
4
3
1
5
7
139
30
1
1
10
1
3
10
13
9
1
1
1
1
1
1
1
1
1
7
12
2
1
2
5
1
2
5
5
1
1
1
1
1
926
1
1
1
1
2
1
1
1
1
1
2
4
1
1
1
11
2
1
1
106
1
1
7
26
1
3
1
2
11
3
1
6
6
11
3
1
4
1
1
6
56
1
25
11
1014
640
72
65
4
62
73
281
359
257
19
57
186
359
1
1
193
1
1
3242
2
1
1
3
1
1
1515
3
5
332
2
1
2
11
1
1
61
10
1
3
1
18
1
1
9
1
2
2
1
9
1
12
6
1
3
1
1
2
1
20
1
1
1
3
1
2
3
1
2
1
1
4
1
3
13
2
10
4
2
1
1
1
3
5
1
1
9
17
1
5
1
2
7
355
1
1
1
1
4
1
1
9
2
4
1
2754
2
1
1
1
1
1
2
1
8
3
1
84
1
7
21
1
9
1
2
19
158
2
3
29
2
1
1
2
3
4
1
6
15
3
25
1
1
2
8
2
68
126
216
162
79
1
1
1
2
1
2
17
1
5
1
1
1
3
1
1
1
2
1
1
2
1
1
1
2
1
124
11
1
2
1
1
1
1
1
1
1
1
1
1
1
1
2
2
2
1
1
2
1
3
3
5
1
6
15
1
1
9
1
5
2
1
4
5
1
1
2
1
15
3
1
1
1
1
2
1
1
1
2
3
2
2
1
3
7
1
2
1
5
15
1
1
1
1
1
2
1
1
1
1
1
1
1
1
1
1
2
1
1
10
1
1
1
2
1
3
1
1
1
2
5
1
1
1
40
1
1
10
1
2
9
1
3
1
1
754
1
2
8
3
1
1
1
1
1
1
1
1
3
1
3
4
5
2
4
1
1
1
1
1
1
1
1
4
661
5
1
1
99
3
1
1
1
1
117
52
1
1
259
1
1
1
1
2
3
1
1
1
3
1
1
2
1
1
1
444
921
1
1
1
1
2
1
1
1
1
1
3
10
2
1
9
1
1
1
1
1
1
1
1
1
1
3
1
1
1
9
1
1
3
1
2
2
1
2
1
1
2
1
5
1
1
5
4
1
1
1
1
1
2
1
1
4
1
1
2
1
1
23
25
25
49
950
1
4
1
1
15
3
1
1
3
2
87
19
1
1
393
1
1
1
1
1
2
1
1
1
1
4
17
3
21
2
903
300
1
29
11
434
1
25
1
5
1
2
1
3
1
1
1
2
1
1
51
3
3
13
1
1
2
16
2
1
1
2
3
4
65
2
14
1
154
4
2
2
1
1
4
1
5
1
1
4
1
23
26
17
6
1
2
28
11
1
3
5
6
2
29
1
1
1
2
1
1
1
1
1
2
1
1
1
2
1
128
30
3
1
4
2
5
2
31
363
6
2
1
26
17
2
3
1
4
4
2
3
1
8
2
3
12
418
28
2
1
2
4
1
2
1
17
1
1
1
3
10
23
42
8
10
196
662
1
25
1
1
1
3
1
20
4
2
59
89
1
18
9
11
1
1
1
2
1
8
2
5
1
11
4
1
6
1
133
3
1
19
1
1
1
78
1
3
25
2
31
3
2
1
10
38
7
7
23
11
468
1
1
2
1
1
1
1
1
1
2
1
1
1
1
1
3
1
3
1
1
1
3
1
2
1
1
3
2
1
3
1
2
1
1
1
2
1
2
2
2
1
1
1
2
1
1
2
2
1
2
1
1
4
1
1
1
1
4
1
9
3
91
1
1
1
8
1
1
3
5
1
1
1
2
1
1
1
432
1
2
2
1
2
8
1
1
1
3
4
1
1
66
9
1
1
170
1
2
27
18
605
1
1
1
1
1
231
1
1
1
1
1
3
2
1
7
2
2
5
1
1
1
2
1
1
6
1
2
1
749
9
1
13
6
3
1
4
2
3
5
7
80
2
2
1
1
1
1
3
4
661
3
1
1
1
1
1
1
1
1
3
1
385
1
8
3
322
565
4
2
1
1
1
1
2
684
3
1
1
1
2
487
3
1
1
1
1
1
1
4
1
1
1
1
2
1
2
25
1
1
1
2
2
1
2
1
9
1
4
2
1
1
2
2
5
1
2
10
26
2
99
14
1
1
1
3
19
1
2
535
4
2
2
1
1
1
1
8
1
1
84
1
1
8
3
7
2
1
3
1
2
1
1
1
1
1
1
1
4
1
1
2
1
1
1
1
280
2
2
3
2
1
295
1
2
1
4
2
1
1
3
7
1
12
3
1
197
12
220
33
15
12
16
22
3
43
2
2
18
5
244
136
1
1
13
82
2
13
4
23
10
17
752
24
6
1
1
1135
4
10
1
1
1
8
1
3
1
1
6
1
1
1
1
1
1
1
1
1
1
2
1
1
6
1
10
1
1
7
2
120
1
2
1
1
7
3
18
1
1
1
1
3
10
1
1
3
3
1
9
1
222
1
240
72
1
2
30
31
1
199
2
27
203
5
16
5
18
25
25
56
1
9
56
2
408
63
15
18
1
33
3
6
16
2
2
166
12
185
1
228
9
443
209
127
554
20
20
12
7
4
2
49
1
10
9
30
27
2
4
84
13
3
2
2
3
16
9
1
55
393
1
46
6
7
1
4
5
2
60
7
18
840
176
1
16
12
7
1
8
1
4
289
28
1
63
4
76
1
3
17
6
1
1
14
3
189
17
27
6
1
1
2
1
2
1
2
1
1
30
3
1
1
1
1
1
1
1
5
1
3
1
1
1
2
1
2
1
1143
3
4
3
1
1
1
5
2
4
1
1
1
1
3
1
1
1
1
41
1
1
133
1
1
1
1
2
1
1
1
1
24
1
5
5
7
55
1
38
4
1
1
11
191
280
2
1
5
1
1
18
6
1
1
1
3
56
1
5
68
6
4
99
2
2
1
1
1
1
1
1
1
23
1
1
2
1
1
1
1
1
1
1
8
1
1
1
1
1
10
1
380
2
1
1
2
1
4
3
1
1
1
7
1
1
1
1
1
1
1
1
1
6
144
2
1
140
1
1
337
116
4
24
270
546
32
6
1
1
20
167
2
1
3
3
1
1
1
2
1
2
2
3
1
1
1
2
1
1
2
1
23
2
1
1
2
162
22
34
2
41
24
13
1
1
6
3
1
1
1
2
1
1
1
1
1
1
37
1
1
1
1
1
42
1
11
33
1
1
1
1
1
9
2
1
1
1
2
1
1
1
1
2
1
1
2
1
63
14
6
2
1
1
1
1
1
6
1
1
5
1
84
1
1
1
1
1
1
1
1
1
1
1
1
1
1
1
1
1
1
1
1
1
1
1
1
5
2
1
5
2
1
2
308
2
1
9
2
1
2
1
1
1
1
1
1
1
1
1
2
1
1
1
1
1
2
1
1
1
1
2
1
1
36
1
2
42
1
1
3
3
2
3
1
1
1
1
2
1
1
1
1
1
1
1
2
1
1
1
1
1
1
1
1
1
3
1
2
8
1
1
1
1
1
3
1
1
1
213
11
3
1
2
4
1
2
1
1
1
1
14
2
1
5
1
3
2
1
2
9
819
5
25
14
17
2
11
1
28
16
28
5
1
20
10
43
12
10
1
1
1
1
1
1
40
17
1
20
1
1
1
1
1
10
6
2
1
3
16
1
2
2
68
1
187
23
1
28
2
1
3
38
262
1
3
1
1
1
2
1
1
1
1
49
3
1
1
2
2
1
1
13
2
6
1
4
1
1
1
1
5
5
59
3
2
1
50
2
2
2
1
4
1
2
7
18
245
6
22
5
9
43
6
1
1
1
1
60
1
1
1
1
183
78
2
1
1
7
8
1
1
7
27
34
50
1
20
40
4
1
917
1
1
2
1
1
2
3
1
1
4
2
15
8
24
12
3
2
19
47
1
1
9
64
14
1
1
1
1
1
1
6
2
1
1
1
5
3
6
1
1
10
1
4
5
1
2
1
4
2
1
1
1
1
2
2
23
1
1
466
1
2
43
434
1
11
2
3
5
1
3
3
1
6
149
1
1
21
3
1
91
9
51
1
1
4
10
1
1
1
2
1
2
1
1
1
2
1
1
1
2
1
2
1
1
15
1
1
3
17
1
4
7
74
1
1
711
2
1
1
13
1
1
1
1
1
1
1
1
2
1
2
2
38
17
3
22
11
1
1
2
18
13
1
1
1
37
2
2
1
1
1
1
1
1
11
7
1
1
1
2
13
1
2
287
1
1
175
1
2
1
8
2
1
1
1
1
1
1
1
241
1
1
1
1
1
2
2
2
2
2
1
1
2
1
1
1
1
1
1
5
224
1
1
1
1
4
3
1
1
1
2
3
1
1
1
1
1
1
1
1
42
1
1
2
1
1
1
59
1
2
1
1
6
1
3
1
1
1
1
1
1
2
1
1
2
2
1
1
1
3
1
1
1
1
5
1
25
3
5
9
6
1
4
2
1
3
1
1
33
1
50
3
1
907
1
1
7
1
10
1
2
1
574
1
1
1
1
1
17
98
1
6
8
1
1
9
2
1
21
1
1
11
1
1
1
1
1
1
1
52
1
1
59
5
1
1
5
16
2
1
2
1
2
6
1
1
1
2
1
23
1
70
1
769
1
1
1
17
4
12
4
14
4
2
3
11
24
1
4
48
1
145
5
4
1
717
96
8
15
3
9
1
43
1
1
1
6
2190
1
1
4
4
1
293
2
91
1
4
4
1
1
1
1
1
1
39
3
1
1
11
1
6
21
1
17
1
1
1
1
3
1
1
10
2
16
31
14
7
1
15
1
1
41
5
1
9
9
7
2
1
1
4
75
3
1
1
4
13
12
5
1
1
11
24
6
1
1
1
1
2
596
2
1
176
1
6
7
2
23
4
2
1
1
2
2
1
6
316
124
1
2
10
6
5
2
3
1
4
1
1
41
24
20
2
214
612
6
1
1
10
48
6
62
1
1
2
1
1
7
36
5
18
2
1
15
1
25
1
1
1
1
3
1
1
7
1
2
41
1
1
1
2
4
1
1
1
2
8
1
2
1
3
61
1
1
4
4
2
4
1
1
3
1
2
524
6
1
2
2
103
34
1
2
28
1
9
45
30
49
37
10
42
14
1
26
13
1
3
1
1
6
1
2
4
118
4
7
2
3
1
1
8
44
1
7
11
1
148
1
64
1
1
1
1
7
67
1
1
1
1
2
4
3
1
1
5
2
241
1
7
1
1
1
1
17
1
1
3
1
4
1
3
16
6
3
1
1
1
4
30
2
1
1
1
2
3
1
2
1
1
1
1
5
1
1
6
722
8
17
5
43
1
1
353
1
1
8
4
773
601
1
1
1
1
1
1
7
1
4
7
15
24
1
1
1
1
23
2
1
8
4
1
311
1
2
1
1
2
2
46
1
1
1
1
1
1
5
4
1
1
1
1
2
1
1
2
1
1
4
2
373
139
1
1
1
2
1
1
1
128
2
3
1
1
3
3
3
10
1
1
2
1
1
4
11
1
59
2
331
1
25
2
1
1
18
1
2
1
1
6
1
53
9
2
1
1
1
1
6
1
2
1
1
1
1
1
2
4
7
1
1
2
135
5
337
6
189
24
3
23
142
33
1
3
4
1
21
1
2
1
4
7
69
2
2
13
240
120
3
2
1
1
576
344
48
1
2
2
23
5
1
16
8
1
2
2
2
2
3
43
5
10
1
1
1
1
2
2
1
1
1
3
1
1
6
5
1
1
2
1
2
1
1
1
2
74
1
6
5
1
1
1
1
1
5
3
4
1
1
12
4
1
3
3
9
1
1
1
1
1
42
23
3
132
1
12
1
5
2
7
81
7
13
6
194
1
1
1
1
2
2
4
4
2
3
1
20
9
2
1
2
1
4
1
1
2
1
6
3
3
1
7
1
1
1
7
96
3
1
1
1
1
1
1
1
1
1
1
7
1
358
1
2
2
1
2
14
3
4
1
1
1
1
1
1
1
1
1
6
1
1
106
101
3
14
10
4
17
1
3
2
1
7
1
2
6
1
1
18
1
13
4
3
2
1
2
9
1
6
2
41
1
1
2
1
3
1
1
6
1
1
1
1
1
5
5
1
3
1
1
1
1
3
1
1
7
5
1
1
3
84
1
1
1
1
1
1
24
1
1
3
1
1
11
117
1
1
1
1
19
1
12
2
1
7
2
1
18
1
1
2
4
1
14
2
1
1
1
7
4
7
22
1
1
1
12
1
8
2
16
1
1
2
74
1
1
141
2
1
1
1
1
1
4
17
32
1
1
16
1
1
2
1
1
1
4
305
4
62
1
2
2
1
1
9
18
1
1
1
1
13
23
1
25
14
315
1
191
5
1
10
1
1
2
2
24
1
1
2
1
1
2
1
1
1
1
16
1
6
1
2
10
1
1
3
1
1
1
2
1
7
1
1
1
3
1
1
2
1
1
1
1
2
1
1
12
1
1
1
1
1
350
1
1
4
4
2
94
2
1
4
3
1
1
1
4
7
10
144
1
2
8
102
10
49
3
1
7
1
41
1
11
7
1
1
1
1
1
1
1
3
3
1
1
1
386
1
1
1
4
1
1
1
2
357
1
4
1
1
1
1
2
2
1
1
1
1
1
1
1
1
1
1
1
1
1
1
1
6
2
25
7
101
5
5
2
202
5
17
8
3
1
1
70
1
42
1
1
35
4
1
3
1
5
5
4
1
4
3
1
7
199
4
1
2
2
1
19
6
1
4
5
1
1
5
4
1
3
3
4
4
1
6
2
1
1
1
1
1
5
1
1
2
1
1
1
1
2
2
1
1
3
3
1
1
1
1
1
1
3
2
1
125
1
1
1
2
1
1
3
3
1
1
2
1
2
1
1
1
1
5
2
1
1
3
1
1
1
1
2
11
1
1
1
7
3
1
1
1
5
3
1
1
1
1
4
1
2
1
1
2
1
1
1
101
1
2
1
1
1
1
1
2
3
3
1
1
1
2
1
2
1
1
2
3
1
8
1
2
1
1
1
1
1
1
261
4
1
6
1
8
1
2
3
1
2
1
3
1
4
1
1
2
2
1
1
1
5
1
1
1
1
1
4
1
6
4
1
2
35
2
1
1
1
2
1
1
1
1
1
1
5
1
1
1
1
5
1
1
1
1
1
1
3
1
1
1
1
1
1
1
1
1
2
2
1
1
1
1
1
2
1
1
1
1
2
10
1
1
2
1
3
2
11
141
5
762
1
1
1
1
3
1
1
79
1
1
4
1
9
1
2
2
1
1
283
3
6
9
12
1
1
2
18
1
10
2
2
1
2
1
21
3
10
2
3
1
2309
1
1
1
1
1
1
1
1
1
2
8
1
19
1
1
53
9
1
1
1
5
8
1
22
1
1381
2
141
4
7
3
1
3
1
1
1
22
3
1
1
1
1
3
2
2
1
2
293
1
1
3
1
1
4
1
7
9
1
3
11
1
2
1
4
2
1
6
1
1
4
35
2
601
1
15
6
22
1
2
24
26
5
1
3
2
4
9
2
1
3
2
2
7
1
3
1
2
1
2
1
4
2
2
4
2
1
1
2
2
5
8
16
2
2
2
5
5
1
15
1
1
2
1
4
1
1
1
1
4
35
73
4
2
1
20
2
15
32
38
1
4
2
1
1
3
4
2
1
2
1
11
4
1
6
1
1
2
437
9
4
31
3
1
3
2
20
110
3
1
116
2
1
1
1
6
4
1
561
1
1
1
4
4
23
3
1
203
1
1
1
1
2
1
42
687
1
4
68
4
112
39
8
1
2
2
1
1
11
1
2
1
1
7
1
1
1
793
4
3
4
3
4
1
28
1
2
85
1
21
4
312
1
534
1
1
848
24
1
1
1
11
2
548
2
2
1
1
1
2
1
16
2
14
3
1
1
2
1
1
1
1
1
7
1
1
57
9
98
3
2
3
3
5
1
1
1
2
1
9
5
303
182
1
1
3
2
6
2
3
1
1
3
2
1
2
1
6
1
2
1
1
3
2
1
2
7
1
1
1
4
13
15
1
7
4
1
1
5
116
36
1
1
2
1
1
1
7
781
10
19
1
6
2
1
1
1
1
1
11
9
1
6
35
10
5
8
4
1
105
1
38
42
1
1
22
14
7
3
13
1
58
332
1
14
1
13
1
11
1544
11
3
5
57
6
4
4
1
1
1
6
2467
2
3
4
15
4
3
2
1
1
7
1
1
1
1
5
1
1
1
3
1
1
1
2
1102
1
1
14
3
1
2
1
2
2
1
2
1
1
1
2
1
1
2
3
6
1
1
1
2
8
1
1
1
1
1
406
9
1
1
1
1
1
1
8
1
5
12
589
1
2
1
1
2
2
1
3
2
2
1
1
1
2
1
7
1
1
1
2
1
2
2
3
1
1
81
1
1
1
3
1
8
9
1
1
5
1
8
1
4
5
1
1
1
1
1
12
7
250
2
6
47
8
7
3
1
1
3
1
2
18
19
3
2
2
1
11
4
3
12
2
22
1
1
3
2
11
5
33
5
158
224
29
1
1
1
17
1
2
2
1
1
1
1
1
2
1
3
1
1
1
1
1
5
1
1
1
16
8
1
5
1
469
1
4
5
3
1
3
6
11
358
1
1
2
2
1
4
16
18
16
1
1
1
1
1
1
1
1
12
1
2
1
3
1
1
7
1
2
1
1
1
1
1
109
3
22
1
1
1
2
1
7
2
1
140
152
1
10
1
4
16
9
1
4
2
1
1
1
1
1
15
1
9
1
8
661
1258
1
1
1
216
1
33
2
27
6
1
2
3
64
2
1
12
141
31
105
2
1
7
1
3
1
1
132
1
42
1
18
1
1
1
1
419
1
5
17
1
8
2
1
9
1
1
2
54
41
9
1
40
1
13
391
25
49
71
76
100
4
2
19
1
1
1
8
1
13
1
5
235
1
3
1
3
13
10
1
714
4
9
2
1
1
1
5
1
2
1
3308
2
1
2
1
3
3
23
5
12
1
26
2
2
2
2
1
114
1
4
1
1
1
1
1
2
44
37
3
1
1
3
6
1
1
1
7
30
1
1
4
1
1
1
1
3
1
3
1
5
1
1
15
1
1
2
7
1
1
3
1
1
1
2
7
1
42
1
2
1
1
1
1
9
1
1
1
5
2
54
2
1
5
4
1
1
1
3
3
3
2
2
16
2
1
1
1
1
1
12
1
1
1
1
5
2
1
1
38
2
19
2
1
1
12
1
3
1
1
1
1
1
559
1
2
1
1
1
1
1
1
4
3
1
1
1
1
1
1
1
1
1
1
1
1
1
1
2
1
1
1
1
1
1
4
1
19
2
1
3
15
1
10
6
1
1
132
2
19
1
1
3
516
1
1
1
1
1
1
1
1
1
2
10
6
5
456
3
3
1
5
2
1
2
1
34
1
3
1
1
25
3
2
1
1
2
2
9
1
1
1
1
7
1
5
4
3
24
2
840
78
5
1
9
2
4
3
7
1
1
3
1
4
2
1
1
4
2
20
1
13
5
20
1
10
1
1
8
2
1
1
1
1
2
7
1
19
1
1
12
1
1
16
108
1
1
5
659
504
2
7
9
19
6
1
62
5
2
1
1
1
10
5
270
211
484
10
5
3
4
2
1
2
1
4
1
16
1
1
1
1
21
1
1
1
4
2
107
5
1
1
1
471
1
4
4
3
1
277
1
1
7
1
1
1
480
3
18
2
2
1
1
1
1
345
1
1
1
1
7
3
1
9
2
2
2
1
3
31
5
1
44
4
425
1
4
3
1
4
4
7
304
2
2
18
21
1
2
5
3
2
1
16
50
1
4
1
1
4
2
1
7
2
1
2
1
1
1
1
1
1
1
2
1
1
4
1
8
1
1
13
5
42
33
6
4
270
1
2
1
1
1
1
1
1
1
1
2
2
20
16
2
17
24
17
2
580
6
162
4
3
1
1
2
1
31
1
1
1
1
2
9
1
1021
2
1
417
52
17
4
5
1
1
1
635
1
1
49
511
28
1
1
2
1
388
1
586
185
2
1
1
10
304
1
5
27
14
1
1
1371
1
1
1
2
1
1
73
1
1
1
1
1
1
33
1
1
38
47
2
164
1
3
1
1
1
2
20
1
1
1
1
1
1
4
1
2
2
3
1
3
1
1
1
2
2
1
4
1
2
2
2
8
5
1
1
1
1
1
1
1
1
1
4
1
1
520
1
187
4
1
8
5
3
2
542
18
3
2
1
8
1
1
2
1
2
1
334
1
1
1
1
1
164
1
1
2
68
4
1
91
5
1
1
22
1
9
400
1
222
35
1
2
1
701
71
612
1
63
3
147
2
88
3
1
2
5
1
68
6
1
1
1
48
10
2
1
1
2
1
4
2
1
1
1
3
12
87
14
7
3
15
14
1
2
9
1
1
2
6
9
4
6
3
166
197
2
1
1
16
1
29
2
1
1
512
2
1
2
1
1
1
13
1
9
1
4
1
3
2
2
2
2
1
1
6
17
3
7
1
1
2
7
1
3
1
1
1
1
88
25
9
264
32
1
16
3
1
1
4
11
53
1
1
2
7
7
3
53
11
130
45
2
201
166
3
310
296
20
3
1
8
9
5
44
45
1
1
1
3
4
1
1
1
3
5
1
1
1
1
1
1
1
1
1
1
1
1
1
1
1
3
28
1
2
1
1
4
1
1
2
1
5
367
1
271
7
1
9
1
3
1
1
2
1
5
1
1
1
1
1
2
1
10
3
1
5
1
1
2
6
28
1
2
9
1
83
1
9
1
2
1
1
1
1
1
2
1
1
1
1
3
1
1
1
1
3
1
7
66
1
1
1
784
1
1
1
2
1
7
2
1
1
1
3
6
1
1
142
1
1
4
120
4
1
1
2
2
2
1
1
1
1
4
1
1
2
1
9
10
1
2
1
1
1
2
1
3
52
1
1
1
1616
1
1
1
1
5
335
1
1
1
1
1
376
206
1
3
1
1
373
471
9
10
971
1
144
1
7
142
1
1
1
5
1
1
1
1
2
1
1
1
21
1
164
1
3
1
1
3
6
47
5
1
1
1
7
1
1
1
1
3
1
12
2
2
1
90
1
1
1
1
2
82
6
1
1
1
1
1
2
1
1
1
1
1
2
1
5
3
1064
11
27
1
2
3
1
3
4
1
1
1
1
3
1
2
2
106
1
13
1
1
3
2
2
1
1
1
2
1
1
1
1
1
1
1
3
1
1
2
1
1
9
1
430
1
1
2
1
1
1
2
3
1
1
1
1
1
4
380
1
1
2
1
540
8
1
2
2
2430
2
2
2
1
10
6
1
1
1
3
1
1
25
54
1
3
4
1
2
16
4
1
7
2
2
2
8
12
13
20
7
36
32
1
40
5
2
3
32
1
1
2
2
1
1
2
3
5
8
1283
1
1
1
1
1
2
1
1
1
3
1
23
2
1
9
3
5
1
2
1
2
1
1
40
488
1
1
3
85
1
1
1
1
1
1
1
38
1
18
2
1
6
24
2
20
6
19
8
2
1
1
3
20
30
10
1
264
11
22
1
46
1
151
7
3
1
1
16
7
93
8
2
1
4
20
1
6
10
2
1
3
4
25
253
2
6
14
2
5
1
15
91
81
7
17
1
2
5
100
1
6
2
3
3
2
1
1
45
71
1
1
3
132
30
1
3
1
6
2
1
1
1
1
1
2
1
8
3
2
1
7
1
1
3
2
1
1
2
3
2
2
17
1
5
1
1
8
1
2
869
2
5
1
46
10
1
159
2
2
444
25
25
1
202
1
37
2
1
2
5
30
1
344
1
4
3
4
5
160
50
12
2
5
119
6
1
13
2
1
67
2
19
1
1
54
27
1
12
2
1
1
1
48
1
3010
5
86
1
1
52
1
53
15
96
1
2
5
1
1
6
2
5
1
1
7
5
2
11
18
39
32
22
1
10
2
4
12
5
19
2
1
18
8
2
4
3
97
3
9
1
2
1
22
10
1
2
2
8
1
1
13
111
146
1
212
30
8
83
12
2
1
1
1
2
1
1
1
1
1492
699
1
1
1
515
100
29
27
262
350
2
1
8
1
2
65
3
5
10
16
1
1
3
19
7
4
22
356
5
2
8
1
1
1
10
7
161
2454
2
4
24
10
13
1
16
9
26
12
1
6
2
6
6
1
883
4
2
1
1
9
24
2
71
1
1
1
1
1
2
60
24
5
1
5
8
4
2
1
1
22
48
112
3
75
298
1
4
1
1
1
1
3
2
1
1
1
5
4
3
1
1
1
4
1
1
24
521
4
3
1
7
1
10
1
28
6
23
4
1
121
1
2
1
4
3
5
6
4
1
5
28
1
57
1
3
1
11
1
1
1
3
1
1
1
1
2
1
1
1
2
22
1
3
1
11
1
14
1
1
1
4
7
26
1
1
4
107
1
3
3
3
1
112
1
3
1
3
3
5
23
587
7
1
8
275
1
1
2
2
4
2
1
2
775
1350
90
2
780
1
22
3
1
8
4
3
2
1
5
10
62
29
3
33
7
8
1
17
4
4
1
5
3
44
1
1
19
7
2
70
23
4
5
5
8
1
1
3
6
3
1
1
1
49
1
1
2
1
15
47
1
16
10
3
7
4
1
6
3
1
1
1
15
9
1
36
113
1
1
2
3
1
8
1
1
10
1
1
1
4
32
1
28
1
4
1
2
51
13
1
46
13
2
1
1
1
2
1
3
1
16
19
26
11
17
2
7
6
28
1
21
2
2
1
3
4
2
2
1
2
1
1
1
12
12
3
23
1
1
1
18
13
1
1
1
3
1
1
1
1
11
4
3
658
2
2
14
1
1
1
1
2
12
2
1
1
1
1
1
1
14
30
1
1
1
1
1
1
7
5
899
1
14
3
1
7
1
10
8
2
5
1
114
1
1
1
1
5
24
1
1
2
1
2
1
2
2
1
11
2
550
4
1
1
2
3
1
1
12
1
16
163
4
3
13
4
2
1
1
2
1
1
5
7
62
1
42
102
117
18
107
1
1
7
949
2
1
3
1
4
1
3
1
1
5
32
1
215
1
4
2
7
1
1
8
1
2
1
15
94
2
1
4
194
1
3
2
2
1
1
5
25
49
1
4
1
1
127
19
1
1
1
3
1
1
2
2
1
1
763
12
35
4
3
2
3
22
1
1
1
2
1
1
8
1
1
7
3
16
1
1
2
1
5
3
1
6
2
2
9
1
1
1
1
7
1
15
6
7
3
10
6
1
1
8
1
2
25
2
10
1
3
61
57
2
4
73
6
36
1
1
3
2
32
1
1
1
386
1
13
1
1
2
1
1
1
1
1
1
28
6
1
1
1
1
1
2
1
1
1
1
1
2
1
5
1
642
4
1
2
25
1
3
45
1
2
5
1
1
42
1
10
166
1
4
3
25
1
1
2688
1
1
7
4
1
1
1
1
2
60
1
1
1
1
2
1
1
1
5
370
3
1
3
1
1
1
4
1
2
1
10
1
1
2
6
11
1
1
2
1
16
1
1
1
1
1
1
9
1
1
11
1
1
4
2
3
1
1
1
1
12
1
3
1
1
1
3
1
1
1
6
1
1
1
1
8
1
1
1
1
2
1
1
3
2
1
1
1
1
27
1
1
2
1
2
3
2
3
5
1
1
1
2
9
4
1
3
3
1
1
2
2
1
2
1
2
5
3
1
1
1
6
1
1
2
2
2
2
2
1
1
1
10
19
8
11
4
10
4
36
2
5
7
1
1
2
1
1
2
1
2
1
1
1
10
1
3
1
1
2
2
1
1
1
1
1
1
3
1
1
1
2
1
1
1
1
1
1
1
7
1
9
2
1
2
17
1
33
8
66
4
51
11
28
1
1
2
1
1
1
1
1
23
1
1
7
1
1
1
1
10
1
1
1
1
2
5
2
1
1
1
1
1
1
1
1
1
2
1
4
2
1
1
1
8
9
1
2
1
1
2
1
2
3
3
9
1
2
2
24
29
1
1
3
13
1
1
1
6
6
1
2
24
1
3504
3
1
1
2
1
1
481
2
2
2
1
629
1
1
69
36
2
17
3
1
6
4
2
1
1
2
1
1
4
1
39
1
4
1
1
1
1038
1
1
1
2
3
6
1
1
1
31
2
2
1
1
7
1
1
11
1
1
4
1
20
1
1
95
552
1
1
1
2
10
1022
27
10
79
85
17
397
270
478
38
1
1
2
3
6
2
1
109
1
1
4
379
1
1
10
1
7
18
1
1
2
1
1
1
3
1
1
1
1
6
94
6
1
26
21
1
10
1
2
2
3
2
12
34
40
1
1
1
1
46
1
4
7
1
3
1
925
1
199
1
1
2
1
1
21
1
1
1
2
52
1
1
1
53
2
2
1
4
1
1
10
1
23
2
1
1
1
1
1
1
2
10
1
1
87
12
1
1
1
2
1
1
1
1
2
1
1
7
1
20
1
39
3
3
3
256
10
1
1
97
59
13
3
1
33
1
1
1
1
2
12
1
1026
57
17
1
2
1
72
5
3
22
392
1
1056
2
12
26
78
1
2931
1
1
1
1
1
1
1
2
1
4
31
1
1
1
1
2
4
15
8
1
2
16
1
6
1
1
1
1
1
1
1
1
1
1
46
3
1
2
1
2
1
16
20
2
1
207
6
8
2
2
1
1
1
1
1
2
1
50
1
2
1
5
1
27
3
2
2
4
3
209
30
348
5
18
4
1907
249
1
262
2
10
10
9
2
30
214
1
1
42
2
5
108
197
25
1
23
9
1
1
1
158
9
1
1
6
5
5
1
1
1
2
1
5
1
1
1
2
21
11
1
9
6
41
97
3
8
2
1
4
16
1
9
3
29
5
19
1
111
337
11
14
1
55
1
3
6
2
18
1
2
3
1
1
20
2
1
9
47
14
6
2
6
1
7
9
1
3
1
6
69
1
1
1
7
1
1
308
1
1
2
4
1
1
3
2
25
54
4
3
27
7
48
10
24
1
1
2
1
46
115
1
17
1
1
26
2
72
34
81
8
1
23
12
1
10
11
153
380
1
7
1
1
26
173
114
1
2
1
1
1
1
2
97
3
1
104
1
1
29
1
1
2
193
17
2
43
3
24
30
1
2
1
1
9
1
3
24
2
168
17
73
6
43
1
8
1
9
301
32
3
8
6
2
458
299
44
1
49
6
1
108
3
328
225
296
1
3
26
11
3
2
2
1
5
1
30
4
52
10
5
42
1
4
14
131
2
3
29
1
13
12
8
25
460
110
85
1
1
15
54
3
109
744
1
1
18
13
15
5
6
1
2
41
6
26
1
3
192
1
12
9
7
1
1
1
1
192
3
1
1
2
1
1
1
1
1
1
1
2
1
1
1
1
1
1
1
3
1
1
1
1
1
1
4
2
1
1
1
1
1
2
1
50
1
2
1
1
1
1
1
1
1
8
2
2
1
1
2
2
522
43
121
4
1
9
14
1
2
2
3
1
1
3
1
3
2
1
1
7
6
1
6
1
1
1
21
18
3
1
9
5
5
7
82
3
9
1
1
2
423
4
8
5
1
1
19
1
15
2
3
16
36
16
3
8
2
6
3
2
1
1
1
1
1
1
1
1
1
1
1
1
1
7
1
3
5
1
1
2
1
2
1
2
2
2
6
2
2
1
1
4
1
1
3
2
1
15
3
2
2
1
1
1
1
2
1
1
1
1
1
3
5
2
2
1
1
1
1
1
1
2
1
5
2
1
2
1
1
1
1
1
4
1
2
1
2
1
1
1
2
1
1
1
1
1
2
2
1
1
11
2
1
1
1
1
1
1
1
1
1
1
1
1
2
1
1
14
3
3
1
1
16
1
1
1
1
119
244
329
1
5
1
1
1
1
1
1
5
6
2
1
6
2
21
1
1
2
6
2
92
1
1
1
2
46
72
15
10
3
32
83
4
13
1
8
29
6
1
2
1
1
1
1
1
1
1
1
1
341
75
3
2
1
1
2
1
1
3
1
2
6
23
61
180
5
18
4
34
2
229
35
4
1
3
1
4
3
1
2
6
2
2
1
5
2
7
1
1
14
10
3
7
2
3
1
8
9
3
77
39
33
1
1
7
1
2
1
1
1
6
1
1
1
1
3
2
1
1
18
2
1
1
8
2
5
1
27
2
991
1
1
1
1
1
1
1
180
1
1
1
1
1
1
1
18
1
1
1
1
8
2
12
2
4
1
1
2
2
3
1
1
1
2
2
1
1
16
4
1
1
1
1
2
1
188
244
1
1
1
1
1
2
1
1
754
1
7
6
1
3
1
1
1
2
2
1
1
2
3
6
1
1
1
2
1
1
53
3
1
1
1
1
5
2208
2
1
1
5
1
1
1
1
6
1
2
14
5
1
3
1
1
2
8
94
2
1
4
1
1
141
1
1
3
1
1
2
1
1
1
1
2
2
1
4
20
1
4
2
1
1
1
1
3
5
2
15
1
3
1
2
3
1
65
2
1
2
1
1
1
1
2
2
1
1
2
2
1553
1
1
9
342
49
2
578
86
1
2648
1
50
1
1
1
1
1
1
1
5
3
1
1
1
1
6
1
1
1
8
1
1
6
1
1
1
1
1
1
1
2
2
2
1
2
1
1
39
8
1
1
2
327
627
7
1
1
1
24
8
1
1
5
5
4
20
1
11
2
11
1
14
6
3
1
19
2
1
1
1
1
3
3
3
323
11
1
1
1
1
2
2
80
76
1
1
2
1
1
1
2
5
1
1
394
1
2
1
2
1
9
3
1
1
1
1
2
17
2
26
4
1
3
35
1
13
2
1
12
3
2
1
1
1
605
5
1
1
1
3
3
1
1
1
1
247
1
1
87
4
1
874
1
2
1
1
1
2
1
15
1
251
1
1
1
1
1
7
16
44
4
2
49
1
114
10
1
6
1
1
2
1
1
2
3
2
1
1
2414
8
11
1
1
5
1
7
1
1
1
1621
1
1
1
1
1
1
2
18
99
1
1
9
13
2
99
1
7
6
2
2
1
1
1
1
2
1
1
1
1
21
2
2
3
1
5
1
2
4
1
1
1
25
1
8
2
1
1
3
17
1
47
66
1
4
249
8
1
1
44
1
1
1
1
1
1
2
1
1
425
34
1
1
7
7
7
4
12
2
7
8
3
127
1
3
2
1
1
1
1
1
1
1
235
39
1
30
251
100
11
5
26
20
6
2
1
43
13
215
55
3
1
52
2
5
1
199
5
4
17
1
2
39
1
93
6
10
7
2
95
1
1
2
1
639
473
40
4
15
12
1
90
5
376
18
10
18
3
9
365
37
120
2
213
40
38
160
11
106
667
2
313
9
72
945
2
10
236
83
42
114
4
99
19
5
144
42
107
3
197
1
38
577
1
3
1
6
80
101
2
1
1
7
10
9
1
1
1
1
1
1
1
8
1
1
1
2
1
1
9
1
1
1
898
2
1
1
1
1
1
1
3
4
1
12
1
8
1
1
1
1
13
2
2
1
2
56
29
1
126
1
1
13
1
1
1
1
75
1
1
1
70
1
9
325
2
1
1
42
4
4
1
391
5
114
345
3
48
1
1
1
1
1
1
1
1
1
1
1
1
1
1
1
9
1
3
32
1
16
1
1
1
7
3
1
2
1
1
1
31
3
1
1
1
558
1
3
1
1
1
1
1
1
1
1
1
1
1
1
2
1
1
1
1
1
8
20
2
1
1
1
1
1
1
1
1
1
1
1
7
1
1
1
1
14
1
1
1
6
1
1
1
2
1
1
1
4
1
1
1
1337
1
1
1
1
1
1
1
7
2
1
1
3
29
1
1
2
10
4
11
3
2
3
1
1
1
1
1
1
1
3
1
199
94
2
19
1
3
1
1
8
3
1495
1
609
1
2
7
2
1
1
1
6
2
1
1
1
1
2
1
1
2
1
1
1
2
6
1
2
1
1
1
4
2
4
1
1
1
1
1
1
2
290
1
4
156
50
1
1
1
1
1
1
2
2
10
8
2
1
2
2
1
3
1
116
5
2
1
2
1
1
5
1
1
2
1
8
1
1
1
1
7
1
1
6
5
2
1
1
1
3
1
1
1
1
2
1
1
1
2
1
1
1
3
3
1
2
1
1
1
1
1
1
1
1
1
1
2
1
1
3
1
1
2
1
1
1
1
1
2
2
1
1
1
1
2
1
1
1
1
1
1
2
4
129
1
1
3
1
1
1
1
1
1
1
1
1
3
288
291
3
1
1
1
1
1
1
2
1
1
1
1
3
1
2
1
1
1
1
1
1
2
2
1
1
1
1
12
2
2
1
1
1
1
1
1
2
1
1
1
3
2
1
3
2
2
5
8
2
1
1
1
1
1
2
2
1
1
207
34
1
54
1
1
1
373
1
2
1
1
1
1
2
6
8
5
7
1
1
1
1
1
2
1
3
6
1
1
1
10
9
2
1
1
7
4
1
14
1
5
1
1
1
1
1
2
1
22
1
7
7
2
2
1
3
1
114
1
17
1
2
53
3
94
1
1
1
1
5
8
1
1
29
6
1
1
1
1
1
2
4
1
2
1
1
1
1
24
171
1
2
1
21
1
1
3
1
1
1
1
2
1
1
1
3
35
1
1
1
1
1
1
1
1
2
1
52
8
1
2
1
11
40
1
1
1
1
2
3
1
77
112
5
1
1
1
1
1
1
1
1
1
10
3
50
54
1
1
3
1
34
1
2
1
2
1
1
2
23
1
2
1
1
1
1
1
28
1
3
1
44
2
1
1
4
2
1
1
1
116
1
1
13
2
1
1
2
1
1
2
2
1
1
1
1
1
1
1
1
4
134
1
1
1
1
1
1
8
2
1
1
1
8
3
1
1
1
1
7
6
2
1
2
2
1
9
1
1
2
1
1
1
1
1
1
1
1
3
1
1
1
1
1
1
3
1
1
1
1
43
380
2
10
13
1
1
1
1
1
2392
15
3
1
26
8
1
7
1
1
3
1
1
9
1
3
1
1
15
141
1
1
12
1
1
1
2
1
1
4
2
1
1
1
7
142
2
1
1
2
1
3
3
1
3
6
2
1
1
1
1
1
2
3
1
1
1
5
1
15
2
24
6
11
1
2
1
86
5
1
3
1
1
1
2
1
3
1
8
5
2
3
1
1
3
2
17
1
1
10
1
1
2
1
2
1
7
21
2
2
1
59
3
1
3
2
2
2
2
1
1
1
1
1
1
1
1
1
1
2
28
3
1
1
1
1
8
16
4
10
84
3
11
32
1
6
1
1
1
97
8
1
1
1
1
22
9
2
12
1
4
1
11
1
99
1
16
2
1
108
10
864
1
1
1
1
48
8
4
1
2
274
5
3
2
3
1
1
5
1
2
1
2
2
1741
1
1
2
1
13
60
7
84
2
44
8
1
41
1
81
1
1
1
1
6
1
13
1
5
2
2
6
1
1
4
5
1
1
1
1
3
2
1
6
25
2
1
1
1
3
30
3
9
3
1
1
1
2
178
1
13
829
346
5
2
1
21
1
1
1
2
1
1
1
29
1
1
4
1
1
1
1
1
2
6
1
1
1
1
1
1
1
1
1
1
1
1
