15
5
62
3
1
2
1
2
1
6
11
9
1
15
2
1
3
1
21
1
1
5
7
2
4
3
7
4
2
9
1
2
11
2
1
6
1
5
2
6
4
6
7
2
9
2
3
1
1
3
2
4
1
50
7
3
35
1
12
6
2
1
36
5
11
16
1
1
1
1
1
11
2
3
4
7
26
4
15
2
1
5
7
1
1
1
1
3
14
2
6
11
1
2
1
2
23
2
1
1
1
1
6
5
27
7
14
2
1
1
12
2
8
5
46
2
3
11
14
2
4
1
6
2
4
1
2
36
10
4
15
10
40
5
4
2
2
1
4
1
77
1
1
1
52
3
1
8
5
10
2
10
3
4
1
16
3
2
1
2
1
2
7
15
14
2
3
2
6
3
4
5
9
3
1
3
3
15
21
1
20
3
24
32
3
6
2
1
9
38
5
7
11
3
11
16
9
7
3
6
4
9
8
10
1
5
1
8
8
17
64
3
8
2
2
18
1
2
13
8
2
20
14
11
2
5
20
12
63
8
8
10
7
7
5
18
17
8
3
6
7
1
1
17
3
9
3
7
10
1
87
3
1
12
10
6
1
5
6
7
24
6
18
1
2
2
4
2
10
6
1
11
3
1
1
4
27
1
36
4
5
18
1
9
30
3
1
58
1
7
8
1
19
25
2
2
10
24
2
1
1
2
2
5
10
24
11
16
2
1
2
11
4
1
2
4
11
3
13
1
4
5
1
21
2
16
2
1
12
5
61
4
1
4
5
21
1
1
2
2
1
4
5
2
1
8
1
4
32
1
3
10
2
4
2
2
1
10
1
2
1
25
3
1
18
1
1
5
8
5
12
5
1
18
1
24
1
4
6
2
1
1
2
8
1
6
2
1
19
11
1
19
9
2
1
1
5
16
2
15
1
10
8
4
25
2
7
21
7
5
2
1
3
3
17
11
9
3
6
3
1
1
1
1
8
9
5
4
3
2
2
1
1
12
1
6
2
1
10
1
12
13
2
3
5
2
3
5
8
1
1
1
1
2
5
1
1
7
3
4
7
4
2
1
13
2
1
1
1
10
15
2
8
10
1
1
1
1
2
3
4
4
1
2
1
2
2
1
19
1
1
3
1
1
4
3
1
3
4
1
4
1
16
1
5
1
3
2
2
2
27
15
13
9
1
3
3
2
1
6
1
2
2
2
6
1
9
15
10
9
2
1
21
3
8
2
3
4
32
8
9
24
14
3
2
6
2
1
2
1
3
3
7
5
11
17
4
3
8
5
1
4
1
3
1
3
1
10
3
6
3
2
1
2
2
2
81
2
1
6
2
1
3
15
1
26
1
1
3
1
2
51
1
1
1
4
1
6
3
1
2
2
8
6
2
5
12
1
4
4
3
1
4
16
30
2
4
4
1
1
1
1
1
1
2
1
1
3
10
11
5
25
25
23
6
3
7
11
15
1
4
30
6
2
58
1
8
2
9
1
2
1
4
1
4
7
6
7
1
6
1
3
1
5
14
16
2
1
6
9
1
3
5
1
3
5
2
9
7
2
36
1
10
1
4
8
12
1
6
3
16
8
1
3
5
2
2
5
1
2
12
3
1
2
11
4
1
1
5
14
1
13
1
9
2
4
3
1
1
3
1
1
4
3
4
1
3
6
9
1
1
11
12
4
3
3
12
3
4
1
1
22
1
1
2
6
17
3
2
4
1
5
7
1
2
1
3
20
4
3
7
1
1
1
2
4
1
14
2
7
2
2
9
1
7
2
8
37
9
2
3
1
4
3
5
4
3
8
2
2
35
6
1
2
31
1
2
3
3
10
1
2
2
2
1
21
3
2
1
7
2
1
2
15
2
1
1
2
24
11
2
1
2
2
1
2
3
3
1
2
20
3
14
3
1
11
2
7
6
11
1
8
20
1
15
2
7
36
2
1
14
2
1
27
1
2
4
3
3
31
1
3
2
4
1
1
2
11
1
1
13
2
1
2
2
10
1
2
12
1
19
21
2
1
1
11
1
12
1
2
2
1
32
8
2
2
9
2
7
3
30
2
1
39
12
29
1
3
3
1
4
1
4
2
2
1
1
1
22
1
1
1
6
3
60
1
2
3
17
33
2
15
2
1
9
1
1
1
3
16
5
2
26
5
6
2
2
6
20
2
6
3
1
1
17
3
2
6
1
1
4
6
1
1
1
2
9
14
5
2
1
1
1
2
1
45
1
18
28
6
1
1
1
2
2
1
2
3
7
2
1
23
2
5
2
2
3
2
16
4
1
1
3
5
1
1
6
2
4
3
6
3
4
2
16
7
2
1
8
1
3
2
3
3
3
5
16
2
1
1
54
1
40
10
13
8
2
1
6
1
30
5
1
6
1
3
19
2
4
7
3
8
7
1
1
3
2
2
12
5
19
2
2
3
29
1
1
3
1
2
2
3
2
5
8
3
1
2
3
2
1
16
3
4
4
6
2
17
5
2
1
3
1
2
2
1
9
4
16
3
4
1
1
10
1
2
18
65
3
3
5
9
3
12
6
4
21
10
1
5
4
2
9
6
1
1
5
4
3
2
11
2
2
3
10
2
2
1
13
3
1
4
4
1
13
1
24
3
21
2
1
15
2
5
2
2
2
2
2
5
1
6
1
9
23
16
3
10
3
1
2
2
1
35
1
12
1
4
5
3
1
1
2
6
3
1
26
30
7
4
1
2
1
1
2
1
1
3
2
3
13
2
1
1
1
4
2
1
4
3
3
6
2
3
1
1
1
2
1
69
1
5
2
1
3
2
2
27
1
7
6
1
2
4
1
15
21
1
15
16
3
1
5
4
1
1
8
3
18
15
2
2
1
4
4
4
12
1
1
4
12
1
1
5
1
1
21
6
1
1
3
1
11
61
5
2
3
1
1
2
1
15
2
1
1
12
6
1
4
3
3
22
5
3
2
1
6
2
4
2
62
1
3
1
5
43
3
3
4
1
2
4
1
10
2
1
2
2
1
1
1
19
1
3
1
6
2
1
7
1
11
63
1
1
22
10
1
2
10
4
53
2
2
4
2
3
17
1
6
2
5
11
11
1
2
1
4
1
1
9
13
1
2
6
1
7
2
3
1
6
11
68
2
1
2
3
4
3
2
19
15
6
1
3
1
2
3
9
28
1
1
3
2
4
5
21
29
10
6
1
8
4
4
3
6
3
2
22
5
1
1
1
24
4
1
12
2
1
1
1
2
3
3
8
1
1
2
1
3
3
2
1
42
4
5
2
1
2
1
1
2
2
3
4
12
2
1
1
2
1
1
11
1
1
12
1
5
2
1
3
2
1
3
2
2
2
3
2
2
3
1
1
3
2
4
4
2
4
3
1
1
1
1
1
36
4
1
4
2
3
3
30
2
5
6
5
3
22
3
5
3
10
7
1
2
3
2
15
7
1
4
4
1
1
2
1
2
3
1
1
1
9
1
2
31
3
2
2
1
2
3
2
2
9
14
1
4
5
13
1
1
1
22
2
4
2
48
20
1
2
2
19
3
3
2
3
1
4
1
5
1
2
1
2
8
2
6
15
2
1
2
1
7
1
1
1
5
7
8
2
1
1
1
1
2
1
2
3
2
2
2
2
1
8
1
1
3
21
1
9
1
9
2
1
1
3
2
1
1
2
3
1
1
1
4
5
28
20
1
3
5
3
8
7
5
2
1
17
4
1
3
1
1
5
10
1
1
26
3
12
8
3
2
2
7
2
1
2
22
3
5
2
2
3
2
5
1
7
3
8
4
10
1
4
4
2
2
3
3
2
2
1
7
2
3
29
1
4
2
1
1
4
2
2
4
3
2
1
3
1
3
2
1
4
4
1
1
4
2
50
2
1
5
4
4
1
2
42
4
1
3
6
3
18
4
1
28
1
2
1
7
2
3
3
1
1
5
8
1
1
5
4
15
6
13
2
4
2
1
8
3
1
18
5
1
1
41
5
5
12
1
2
6
9
1
1
6
2
37
2
4
3
1
5
18
1
1
2
24
1
5
15
35
7
7
2
1
1
9
6
4
5
1
2
8
12
1
1
6
3
5
10
2
8
3
11
5
9
8
75
1
18
2
2
2
3
2
1
3
2
2
2
9
7
1
5
3
1
1
2
1
3
1
10
5
3
1
9
19
2
7
2
1
20
4
2
4
2
12
2
17
2
1
9
7
5
1
8
3
3
9
3
3
2
9
3
1
4
19
2
8
7
5
2
1
1
1
1
2
2
4
3
5
2
1
4
2
5
18
6
8
15
2
1
6
3
1
8
1
6
3
17
2
2
2
3
28
3
3
11
1
1
3
2
1
8
26
6
1
3
2
18
22
3
2
3
16
4
1
16
14
2
1
1
16
1
1
13
7
2
1
1
9
10
3
6
2
2
3
3
1
12
4
35
14
5
1
1
2
5
1
5
8
6
3
1
10
11
4
1
34
7
1
6
2
7
2
2
33
24
2
10
1
9
1
4
1
1
1
1
3
22
4
2
5
2
9
7
6
5
6
3
4
12
1
12
7
1
1
4
1
6
1
1
6
7
1
6
5
1
10
2
1
6
2
5
4
9
3
25
16
9
4
30
1
1
4
2
1
1
3
3
2
5
6
15
1
1
21
13
1
3
3
1
22
5
1
11
3
4
1
15
3
3
11
1
2
6
1
10
1
20
1
2
1
10
1
9
20
11
9
2
4
5
2
3
13
3
2
2
2
2
1
2
1
1
4
14
5
4
1
1
3
3
2
4
4
2
2
6
22
18
1
35
4
2
3
16
14
2
12
2
4
1
3
3
2
2
15
2
2
1
14
2
3
16
6
7
7
3
7
18
2
1
1
9
6
1
6
5
5
6
7
3
9
1
3
2
1
1
6
2
1
13
8
4
3
5
7
4
1
2
2
56
4
30
1
2
1
1
5
2
16
1
2
11
10
7
2
4
2
4
4
2
2
4
14
8
2
11
1
1
2
1
2
25
10
2
8
8
1
4
3
9
5
4
5
2
2
3
2
16
2
2
6
1
7
2
3
7
1
2
12
11
4
18
1
4
9
10
7
1
4
6
1
7
1
1
2
2
2
15
1
3
3
1
17
5
13
10
6
3
2
1
1
1
1
11
5
2
21
5
2
3
2
1
3
7
7
4
1
3
1
4
1
1
7
2
12
6
11
8
11
2
2
3
4
7
27
1
5
7
13
5
5
14
1
2
1
2
2
14
5
2
25
6
1
3
4
7
7
6
4
7
3
3
13
2
1
5
2
15
2
22
2
9
20
12
1
1
2
11
4
3
17
13
6
7
1
11
1
5
1
24
1
12
2
13
14
8
1
3
6
4
1
3
17
5
