1
47
1
2
7
37
2
1
3
34
13
1
1
4
45
22
142
7
107
2
10
36
2
4
3
1
35
12
5
51
2
2
9
2
8
3
16
14
15
35
7
9
18
3
5
9
5
9
51
41
3
7
1
7
16
44
9
53
5
4
2
25
6
3
7
31
5
6
2
1
11
8
4
70
4
33
7
22
12
4
1
1
5
9
2
8
45
6
11
10
20
28
2
5
3
29
5
3
13
15
11
4
8
3
33
1
4
3
7
5
3
4
33
1
1
17
55
2
5
10
3
2
2
1
2
9
3
2
10
5
10
1
6
2
21
11
6
36
7
1
5
6
47
16
14
67
1
2
3
5
2
4
2
2
11
11
3
1
46
2
2
4
6
3
2
45
12
16
107
9
4
85
2
9
5
11
7
4
12
1
5
1
17
19
21
27
2
5
50
73
4
19
7
9
1
2
8
6
12
12
2
1
1
3
2
5
2
2
1
3
2
14
13
3
5
3
5
5
1
22
5
2
1
10
21
12
2
7
50
43
2
9
1
111
2
6
11
19
11
6
14
15
1
1
8
3
14
4
20
25
3
35
6
80
11
1
2
7
3
6
1
1
41
25
37
3
2
21
17
61
1
11
2
5
3
5
1
4
15
2
1
51
6
3
4
17
3
1
1
7
1
104
6
4
9
23
1
1
4
4
18
20
2
6
9
114
67
2
7
1
1
14
88
1
2
4
16
2
7
3
86
3
3
2
2
1
3
2
74
13
3
64
3
1
2
11
14
2
5
18
4
6
7
1
5
7
3
37
41
47
2
7
2
37
4
2
5
9
28
36
2
8
2
12
4
1
2
1
10
4
2
1
3
1
78
5
9
21
3
2
4
3
9
1
40
2
6
4
1
4
5
48
7
1
7
1
42
3
1
10
1
1
2
1
7
1
6
9
2
4
1
3
1
17
2
21
16
2
1
1
2
15
1
9
42
19
6
1
3
2
2
1
20
8
2
2
11
8
5
3
11
2
1
1
4
2
22
4
125
2
6
2
3
1
51
2
2
20
52
30
5
2
12
50
1
19
1
1
1
1
2
2
108
56
2
1
1
4
21
1
2
1
6
1
5
15
18
28
40
1
4
3
4
1
31
3
1
56
1
9
4
141
2
3
1
2
7
33
1
2
63
2
8
3
16
6
39
2
6
14
3
2
9
58
1
47
1
12
13
9
9
1
2
21
19
1
1
5
80
19
1
1
3
19
1
2
4
8
13
19
72
2
1
5
17
5
8
1
32
62
47
5
4
8
11
17
6
3
5
2
20
76
9
3
7
8
49
4
76
16
1
4
35
3
1
38
1
5
25
9
1
2
14
1
2
4
18
10
9
1
49
10
23
20
8
3
106
2
9
17
1
1
1
54
2
70
2
2
2
1
7
38
4
7
2
1
5
30
3
4
6
1
9
2
1
4
1
2
37
4
17
5
2
3
12
44
9
1
7
25
2
8
9
15
13
5
5
8
67
1
3
3
2
1
21
2
2
1
5
13
22
35
3
1
2
5
2
19
16
2
7
3
2
64
4
32
7
11
2
29
14
2
21
4
9
2
13
10
1
1
17
2
9
10
1
6
33
57
9
13
2
3
70
14
2
37
11
86
2
2
1
39
46
2
1
24
1
2
1
6
2
1
3
13
41
27
12
16
9
21
4
14
1
10
10
4
2
6
1
2
6
1
50
5
4
3
21
1
11
2
4
13
1
5
20
2
2
5
43
20
41
38
24
1
2
26
2
3
22
11
35
2
2
2
70
5
17
3
3
7
6
29
2
1
26
9
7
67
4
8
2
1
1
11
7
1
5
6
1
57
1
2
1
30
19
1
46
10
3
1
53
28
4
59
6
3
10
2
2
53
3
20
2
8
46
1
11
147
8
1
9
1
7
4
8
3
14
18
14
3
55
2
1
40
85
1
19
2
4
37
27
2
8
3
9
11
4
2
35
59
12
3
1
9
1
4
11
3
1
2
4
2
4
3
14
27
17
2
8
17
1
3
8
2
13
19
16
7
2
1
12
8
1
1
2
1
3
3
4
3
2
10
31
6
2
6
11
3
2
7
1
24
1
18
1
9
6
15
43
2
6
30
1
4
10
3
5
4
2
18
2
5
6
9
13
2
2
1
13
2
57
9
6
24
27
10
9
5
4
118
70
2
4
3
2
9
1
29
16
2
27
5
24
6
4
3
10
2
3
6
6
7
10
2
3
53
2
5
19
60
1
2
22
3
1
17
6
1
5
5
20
1
9
2
11
1
15
22
1
8
1
1
17
4
42
1
3
11
7
10
1
2
9
6
4
11
6
1
1
7
1
59
14
37
2
25
3
1
2
37
34
3
3
26
12
7
16
1
2
2
3
3
31
41
12
34
3
52
2
4
6
3
13
6
10
13
9
5
6
8
3
6
14
1
10
11
2
3
7
1
4
13
7
1
1
6
2
9
1
3
5
2
3
11
2
2
4
1
10
1
3
12
1
80
33
6
16
3
3
6
102
42
10
3
2
4
6
5
2
11
69
4
5
67
13
15
1
2
29
1
5
2
7
21
2
6
4
105
2
43
1
2
4
5
20
8
7
2
3
17
7
3
9
1
9
5
1
11
11
7
8
1
8
7
1
3
3
1
3
13
