21
18
16
2
3
27
4
4
2
2
2
1
3
1
2
1
46
2
1
8
4
18
1
9
15
10
10
1
2
8
2
1
5
4
18
2
8
3
11
1
1
4
21
45
21
11
4
1
1
10
11
5
4
9
4
1
54
4
11
9
1
1
1
3
2
88
1
7
14
12
1
3
6
1
15
18
1
25
9
8
1
8
6
5
19
4
3
2
4
3
3
2
1
1
1
7
5
1
1
2
2
8
7
9
4
11
5
21
2
18
6
13
1
2
82
2
21
44
62
5
2
6
3
1
1
1
2
9
2
7
18
8
7
1
5
3
6
1
3
2
2
4
2
2
1
1
9
9
13
12
9
1
1
2
1
1
2
1
1
1
7
2
21
92
6
4
1
1
7
10
2
1
2
2
44
1
35
7
21
157
6
1
4
1
1
1
4
5
1
10
12
1
1
1
7
4
85
33
8
6
4
2
1
7
1
1
1
25
7
24
1
1
2
8
1
2
1
1
6
142
1
1
27
7
2
3
1
51
2
1
1
3
1
1
12
2
3
12
8
2
1
1
2
15
13
2
1
1
1
2
10
12
17
4
12
1
4
10
1
9
1
2
1
20
29
2
2
10
12
2
6
14
1
2
6
1
3
9
131
3
8
31
1
3
23
1
80
1
32
140
12
1
1
15
3
30
2
3
3
10
17
4
1
13
11
13
1
2
5
11
3
2
87
20
15
1
1
5
2
4
4
8
2
1
5
1
23
1
36
1
2
6
5
11
1
2
7
5
9
13
14
34
4
1
1
2
1
6
2
21
2
4
13
2
3
1
2
11
1
2
1
7
30
1
1
55
34
6
48
3
1
1
1
48
3
2
13
1
2
1
2
1
2
2
4
4
13
1
2
16
1
2
5
1
3
32
2
19
2
11
1
1
2
7
4
10
5
1
2
2
2
2
2
3
1
1
5
4
1
4
4
3
3
2
5
2
1
2
11
2
3
1
3
3
2
65
3
1
4
1
2
1
17
8
34
2
2
1
21
1
2
4
11
2
3
8
3
2
5
7
5
2
7
3
1
3
1
9
2
6
2
2
1
32
3
5
1
1
6
2
1
2
1
1
2
1
3
4
86
1
3
2
15
1
2
2
1
2
4
1
3
1
3
2
4
2
2
5
1
6
1
19
5
2
5
1
3
3
2
2
1
3
1
20
10
3
2
2
2
2
5
1
2
24
1
18
25
1
5
2
1
3
4
1
2
1
2
5
4
38
2
1
16
2
1
7
17
7
1
7
21
1
2
1
1
4
2
1
2
1
2
2
13
6
10
2
2
1
1
1
22
2
7
1
14
55
4
27
1
3
1
46
14
1
2
3
8
3
1
1
1
2
1
3
2
6
2
106
1
6
5
3
11
5
10
3
11
2
1
3
1
20
12
7
2
1
2
1
3
38
4
2
10
2
2
8
8
1
5
1
3
2
1
7
1
1
1
1
5
3
10
25
1
3
1
2
2
3
1
2
2
3
3
1
1
1
1
2
7
2
1
5
2
1
1
2
1
4
2
1
22
4
14
8
1
1
6
1
1
10
1
3
11
4
2
1
3
7
1
3
5
26
66
1
6
4
23
1
2
15
2
6
1
4
2
19
2
1
16
2
4
1
1
1
1
2
3
2
13
1
1
3
2
8
3
2
2
10
2
16
2
1
28
7
1
2
3
2
40
2
1
36
1
3
1
6
5
17
2
17
1
1
1
2
1
3
1
2
1
5
2
5
3
2
2
2
3
8
35
1
1
1
2
1
1
2
2
5
2
2
5
2
4
2
1
23
1
27
44
1
2
28
1
5
1
4
3
3
1
22
1
6
1
2
7
1
2
6
4
2
7
4
1
28
7
4
27
7
3
3
3
29
2
1
2
12
27
2
2
21
33
13
30
22
1
1
2
1
4
1
5
1
7
1
13
1
2
1
6
3
4
1
2
8
3
3
8
1
8
4
10
3
3
2
1
3
1
1
47
1
1
2
9
2
6
2
1
4
15
9
19
1
3
19
4
3
6
2
3
8
12
2
1
12
45
4
3
1
2
2
1
8
4
5
1
37
8
3
14
11
2
3
2
3
2
1
4
6
7
1
6
1
6
15
12
3
1
1
2
2
13
2
1
2
2
1
4
4
1
1
2
2
2
3
15
2
4
1
1
1
4
2
1
3
2
5
10
3
6
1
2
4
2
10
3
9
1
14
2
3
60
3
1
2
3
6
1
1
1
1
1
4
3
1
1
12
3
2
20
1
3
2
48
1
2
4
2
4
4
37
3
1
3
2
12
2
1
5
1
4
1
4
1
1
1
1
1
5
1
4
2
3
28
4
1
2
3
9
2
63
1
27
18
2
1
5
29
4
133
3
1
2
1
5
2
90
3
8
4
4
3
11
10
2
4
5
6
1
1
12
2
22
1
3
19
4
29
1
20
9
5
5
1
1
1
3
25
2
3
7
2
13
2
1
11
1
4
2
3
1
4
2
4
1
2
1
3
2
2
2
4
22
2
3
1
4
1
1
7
1
3
8
2
2
14
3
31
1
16
6
63
8
49
1
1
1
2
13
6
1
4
1
1
2
14
7
1
3
8
2
1
5
1
3
12
2
6
2
5
1
20
6
6
1
1
6
20
9
8
5
27
1
7
1
5
7
2
2
1
3
2
8
7
13
52
11
3
2
10
6
3
4
1
4
23
3
2
10
4
3
2
6
2
5
4
4
35
3
9
1
7
4
13
3
10
4
75
2
12
19
1
3
1
3
1
2
6
10
4
3
16
5
5
5
1
3
2
1
9
3
8
18
1
4
4
3
1
2
15
20
1
7
4
1
11
7
12
1
5
7
1
155
7
4
7
9
1
1
22
12
1
7
15
2
5
3
4
5
11
2
3
8
1
24
4
7
2
1
18
14
4
6
4
17
7
11
5
2
3
12
3
1
5
1
6
4
15
1
1
46
20
11
2
6
8
5
4
7
28
7
7
13
10
13
3
8
2
1
1
1
7
26
4
15
2
1
1
2
2
24
5
10
33
1
5
4
3
1
2
4
7
2
12
24
1
10
4
11
2
7
8
1
27
2
1
6
2
2
7
29
3
4
1
2
22
1
1
2
6
11
7
2
11
7
13
5
1
8
12
32
5
13
2
6
7
10
1
1
11
1
3
5
8
8
21
14
1
1
7
16
2
3
3
3
17
1
8
5
3
1
5
2
15
2
3
1
1
72
16
7
19
1
8
5
8
5
6
4
1
11
2
3
2
1
7
8
75
5
2
2
5
11
9
4
2
8
2
1
7
4
14
3
1
4
3
1
5
3
2
1
6
4
1
1
5
25
2
11
1
10
5
9
1
12
4
1
7
4
6
2
8
2
1
44
36
18
6
22
9
14
2
7
4
1
13
13
7
6
3
3
13
48
64
27
74
64
