3
1
6
2
9
1
2
3
2
1
1
9
2
1
1
4
2
1
4
6
1
2
20
2
3
2
1
3
3
1
4
2
2
2
2
1
1
7
1
2
9
1
2
1
3
2
4
1
3
16
1
1
1
1
2
1
4
3
8
2
3
3
6
1
15
1
2
1
8
1
1
2
1
2
3
2
16
6
7
1
2
13
1
2
1
1
3
6
4
1
2
1
5
5
1
4
4
3
4
3
1
1
1
3
6
1
3
1
4
2
1
2
3
2
1
1
3
1
4
4
3
1
4
1
1
7
4
1
1
7
4
3
3
1
2
1
1
5
2
6
1
5
2
2
5
11
2
15
5
1
5
1
1
1
18
13
13
4
1
4
2
5
7
1
2
6
5
2
4
15
1
2
1
1
1
1
7
7
2
12
2
3
10
2
2
25
4
2
1
4
4
1
14
1
1
3
2
1
9
5
2
1
15
1
1
2
7
1
3
5
3
8
2
1
2
3
4
1
5
6
51
9
3
1
3
6
4
3
1
2
2
1
1
4
1
2
2
1
2
2
15
5
5
2
5
8
1
1
2
1
1
2
2
2
4
2
3
8
1
1
2
1
3
4
2
1
1
6
1
2
1
2
2
4
2
2
10
11
2
12
2
16
1
1
2
4
1
10
2
9
1
1
1
4
3
1
1
6
1
1
1
2
5
2
3
6
4
3
1
1
1
1
3
2
3
2
1
6
2
3
2
3
1
1
1
1
12
3
1
2
4
2
2
52
8
2
1
1
6
1
4
1
2
1
9
14
3
1
5
1
1
3
1
3
1
4
1
6
2
2
3
1
2
16
1
11
50
2
1
1
1
2
1
6
14
8
6
2
1
1
1
5
3
11
1
3
2
2
1
1
1
2
1
1
3
1
1
1
1
3
1
1
3
1
7
4
4
1
2
2
1
3
1
6
4
1
2
1
1
16
1
8
1
7
2
1
1
2
1
4
1
20
1
1
3
6
1
3
2
2
2
1
3
16
1
1
1
4
1
1
2
1
3
1
2
2
1
1
2
1
1
1
4
1
1
2
2
2
1
1
1
1
2
3
1
9
2
11
3
3
1
6
6
1
2
1
37
4
2
1
1
1
1
1
2
1
1
2
6
2
1
7
1
2
1
3
1
2
1
2
1
4
1
1
1
1
2
5
2
7
6
3
8
2
2
1
12
1
1
3
2
2
2
1
3
1
3
1
1
5
4
1
2
1
5
1
10
3
1
3
1
1
2
2
1
1
2
1
1
5
8
1
26
2
1
4
12
4
4
2
2
2
4
3
1
5
5
3
1
2
4
1
1
1
1
9
2
7
4
9
1
1
4
2
4
7
9
2
