3
76
9
567
190
125
3
12
69
25
7
26
1
20
629
14
17
3
11
104
51
402
2
5
13
46
7
405
106
556
22
25
1
18
1
53
53
1
109
2
21
349
4
451
9
15
916
1135
242
61
2
840
345
9
655
197
6
645
11
56
1
21
9
2
38
379
445
1
938
1
1
597
1
40
266
20
66
28
16
16
34
11
80
50
39
43
230
67
129
196
30
3
65
5
10
208
99
698
11
9
1123
115
4
114
1
645
349
1
143
4
4
139
521
97
161
57
255
63
384
47
259
301
1
129
37
406
55
342
27
109
2
356
2
4
37
5
12
641
12
6
22
15
17
3
3
505
87
1
2
3
18
582
14
11
166
262
939
143
89
29
900
6
352
21
287
29
51
648
3
35
16
297
1
11
25
6
134
1
527
2
6
8
460
55
1222
1
40
30
127
148
24
11
842
524
466
86
36
1
2
43
6
16
971
30
1187
16
87
6
172
2
16
101
14
4
22
9
11
2
20
69
5
3
112
173
52
169
142
398
30
2
88
237
38
18
6
214
15
5
198
3
3
5
4
738
2
8
1018
309
388
115
30
219
11
72
22
169
302
201
13
1
76
10
16
40
17
33
3
1190
17
673
1
43
1
25
8
10
46
1
142
8
46
107
4
28
213
60
126
896
69
224
1
216
12
6
2
114
73
12
96
3
69
5
45
2
7
37
8
171
23
168
23
45
51
1
15
5
307
6
56
47
7
23
17
470
24
115
43
272
5
12
105
6
237
194
60
867
21
10
2
315
894
142
90
319
3
21
90
4
2
18
53
48
11
63
2
951
7
5
162
518
21
10
5
125
16
67
41
306
126
63
333
2
228
2
28
214
58
25
142
49
132
4
694
95
13
651
333
272
800
1
30
14
747
175
20
8
208
10
887
152
17
98
95
502
93
175
86
1
552
181
4
2
275
1
81
14
18
21
23
3
2
108
17
780
149
65
271
7
167
181
10
323
610
16
53
42
546
698
5
219
2
605
75
2
193
7
24
12
3
1
2
73
82
324
184
3
220
44
1
7
134
18
276
448
1079
308
112
675
603
87
7
3
713
121
325
6
1145
16
359
39
44
27
69
25
871
4
3
399
199
633
421
72
2
280
6
298
221
238
36
9
1
258
1
60
14
21
98
20
7
102
3
92
219
1
19
735
115
1
2
191
666
15
2
2
43
2
46
502
21
204
150
1
274
11
106
2
136
47
117
4
18
5
520
7
207
105
16
10
1
56
31
25
37
166
228
4
14
537
104
5
126
7
104
34
56
7
97
346
7
447
16
8
87
35
3
104
19
48
41
5
547
1
38
343
231
157
209
348
595
475
304
124
16
1
769
226
227
2
131
40
985
528
32
2
22
12
216
26
204
999
22
165
111
5
20
252
123
200
1
52
5
5
57
2
11
163
79
16
559
2
2
3
248
5
3
12
99
166
22
41
1
228
31
106
140
392
138
59
17
1
67
5
416
134
3
2
474
11
28
207
1022
205
79
95
6
745
7
36
12
120
766
4
267
44
44
14
299
34
78
15
5
165
2
34
3
5
12
6
10
8
2
20
2
43
127
10
28
1
185
28
1
121
8
5
2
1
2
27
133
22
74
434
234
1131
426
156
587
9
11
174
1
13
1
250
2
6
19
19
4
59
547
2
897
527
102
445
50
1
541
35
784
596
788
4
6
5
2
638
3
74
71
15
345
3
991
232
161
175
3
14
42
442
8
12
1021
508
88
79
510
33
3
549
225
210
21
1036
140
24
7
105
3
7
560
196
5
4
22
1
67
27
108
173
190
75
123
1
2
75
876
76
4
252
14
362
501
21
267
290
527
28
13
33
7
488
1
327
69
1
280
682
28
36
13
40
100
8
24
2
71
21
4
2
266
21
8
1
978
144
68
15
11
5
4
15
223
16
12
30
2
159
969
2
13
17
6
163
217
11
88
2
147
6
1
257
30
39
13
12
232
1082
36
825
30
167
182
4
66
7
1
68
36
112
529
5
102
188
6
21
60
30
1
184
2
18
11
2
51
38
67
1033
39
966
327
158
3
7
67
1
3
70
97
43
138
62
83
229
4
659
7
2
124
2
246
58
318
25
4
33
1
537
440
11
4
15
274
3
303
46
960
5
3
141
10
3
20
47
52
72
1
3
162
2
132
7
748
2
76
323
226
683
4
36
1
43
109
112
189
537
5
194
4
520
1
2
576
9
289
70
50
383
316
14
253
4
122
729
404
1005
496
3
55
6
246
2
2
50
524
546
85
2
2
1
5
622
48
31
216
148
47
36
5
2
9
117
2
59
64
146
410
49
43
601
174
2
14
846
5
280
323
59
3
408
178
2
7
59
5
32
2
197
4
181
42
1
14
94
14
8
172
1
19
99
1
2
4
2
346
19
2
65
229
4
16
64
342
35
547
368
16
27
2
8
8
136
2
38
38
965
5
711
19
656
264
389
3
8
2
7
596
149
58
16
206
20
35
1
142
315
47
188
4
19
205
2
829
119
19
1
4
5
596
55
2
109
100
1
63
168
9
152
6
592
24
188
10
5
47
167
272
12
4
14
33
2
22
691
178
10
16
6
213
38
33
61
37
182
2
2
2
3
132
10
105
8
430
30
636
17
25
535
627
106
438
7
6
226
709
5
2
69
841
32
207
215
220
36
9
1
1
37
1
50
15
38
330
158
4
20
2
43
8
87
62
121
16
6
4
5
58
8
13
25
91
96
46
13
7
291
1
5
41
221
9
1
62
20
1
3
32
17
19
10
617
207
12
9
11
4
59
2
176
43
688
57
8
9
129
10
331
635
39
54
3
3
44
6
334
1063
2
12
51
