188
53
1
57
3
52
262
340
136
62
25
243
28
118
8
180
33
37
64
249
122
195
23
107
26
13
16
75
290
93
24
56
7
367
17
328
98
43
101
395
163
104
19
6
32
232
100
45
2
57
4
24
64
90
12
132
85
104
78
384
352
62
485
1
54
297
52
1
144
6
39
8
475
12
28
489
82
29
535
3
144
135
54
5
6
56
14
178
320
535
173
41
17
57
122
435
30
13
8
15
87
271
552
90
162
3
9
12
30
167
15
78
20
129
1
372
17
10
9
260
12
364
51
3
99
7
61
18
651
420
45
11
43
2
582
84
3
1
15
163
573
4
26
21
126
58
88
88
85
24
407
5
7
445
307
136
8
52
133
101
28
258
3
41
14
70
69
399
514
47
220
29
48
28
23
15
19
12
25
25
278
276
19
1
120
221
79
4
48
30
52
187
2
1
488
3
4
580
1
29
211
78
2
5
7
25
1
196
75
402
53
48
164
13
114
2
80
30
69
174
37
91
15
67
107
9
4
6
372
65
146
4
240
180
169
217
32
186
13
12
175
7
90
3
13
18
52
119
5
17
237
1
30
1
208
188
78
10
164
102
283
715
56
198
27
478
36
52
47
107
71
423
11
22
40
378
22
69
210
97
4
34
3
315
484
175
371
33
258
88
25
138
331
14
6
197
6
243
313
418
14
2
319
117
17
542
387
314
10
33
4
13
295
5
71
392
123
102
10
139
898
107
139
9
37
7
295
176
53
30
140
8
805
147
88
215
301
6
17
415
507
1
354
23
277
367
7
77
1
28
30
409
39
2
119
4
6
190
496
958
5
104
144
87
235
118
293
5
120
81
106
185
2
12
88
1
95
145
638
8
19
125
246
3
49
261
106
119
32
186
66
277
230
770
1
75
427
62
171
62
57
28
47
42
258
9
73
56
3
12
30
4
54
3
30
56
266
27
8
260
90
429
1
1
356
65
1
105
479
131
49
1
37
12
5
62
31
17
175
56
86
16
250
2
218
396
37
10
73
10
2
137
34
3
12
197
43
4
128
1112
53
12
67
1
18
29
88
55
1097
38
78
51
179
101
6
203
422
1021
221
6
70
2
68
22
65
57
66
51
32
44
74
128
61
1
4
10
24
3
2
20
96
11
46
9
25
51
86
218
16
22
10
5
63
87
185
198
3
153
77
71
176
287
3
32
158
13
2
222
5
291
33
1
2
61
6
74
7
849
23
13
37
2
7
500
79
40
563
1
473
527
21
2
328
62
163
137
43
148
14
1
78
50
178
8
96
2
112
84
62
2
44
245
16
61
26
79
5
43
1
26
25
91
21
13
181
315
36
113
295
351
74
203
189
22
1
600
102
61
250
2
2
312
16
9
130
277
12
4
97
404
5
104
244
39
28
35
25
341
6
100
551
42
17
213
282
28
490
238
311
202
27
305
19
82
48
157
75
51
43
78
4
6
305
144
551
10
41
84
32
7
106
53
574
7
15
77
1
12
74
34
100
497
150
405
29
127
19
63
9
43
32
4
5
24
158
158
5
93
221
83
60
6
2
93
227
20
8
25
47
47
76
135
115
458
230
149
147
12
146
68
235
31
191
65
31
44
109
95
115
410
49
45
416
392
49
42
16
13
200
19
996
19
11
49
72
10
34
44
406
32
150
196
131
47
20
124
167
30
113
67
5
34
174
225
211
443
749
7
302
38
24
372
140
962
47
55
110
38
1
37
10
67
1
9
191
39
12
18
110
207
261
9
23
230
4
173
351
67
6
104
104
6
91
131
112
4
325
117
163
162
170
221
9
2
782
489
5
135
24
117
294
145
2
131
42
170
4
78
858
111
20
15
194
46
410
219
14
472
186
38
9
345
523
403
2
51
90
422
344
578
200
143
20
1267
177
120
65
45
166
197
6
21
101
124
930
107
107
178
4
773
5
228
246
5
666
18
729
962
286
31
97
112
180
40
1
555
192
102
38
164
95
64
48
254
20
33
21
3
264
30
426
101
35
414
311
23
68
82
36
47
114
927
515
158
110
77
37
134
915
27
29
261
56
50
85
9
1
3
177
209
234
118
3
15
8
203
162
41
13
2
12
82
22
8
52
1
2
71
96
126
21
439
54
43
5
5
14
108
102
60
50
3
49
30
14
151
6
874
219
13
15
1
1
927
281
6
1
649
300
1
101
22
438
197
25
162
370
192
115
50
17
59
222
1
1
1
1
1
1
1
1
1
1
1
1
1
1
1
1
3
1
11
6
1
1
1
4
1
1
1
1
1
1
1
1
1
3
5
1
4
2
76
1
9
1
1
1
1
2
1
1
1
1
1
567
190
1
4
5
1
5
3
1
2
2
22
1
2
10
125
1
1
1
3
3
1
3
10
5
2
3
1
3
13
1
1
23
3
1
4
12
69
1
2
31
6
1
1
13
1
1
1
2
5
2
1
10
5
1
1
9
1
2
6
2
2
2
25
1
1
2
7
5
26
2
3
1
1
1
48
1
1
44
46
1
1
1
9
2
1
1
59
1
2
20
21
3
3
22
1
3
7
101
3
4
14
1
3
2
5
1
1
629
2
1
1
4
1
14
34
17
3
3
1
8
4
18
72
2
13
1
9
2
2
60
25
17
2
12
2
1
1
44
6
7
1
97
90
4
1
1
11
104
58
51
1
3
1
402
1
3
1
1
11
2
1
1
45
5
266
13
28
5
1
46
7
1
405
106
31
11
2
1
4
1
556
194
3
1
1
1
1
1
1
1
1
1
5
12
1
22
1
1
1
1
2
1
2
1
1
4
1
4
1
25
1
1
1
1
2
4
1
1
6
1
2
3
2
1
2
2
1
1
1
1
1
1
1
1
1
1
1
5
6
14
1
1
6
1
1
1
1
2
1
6
1
1
2
1
1
1
1
4
1
3
1
1
28
1
1
1
48
1
1
109
4
1
1
2
2
1
1
2
18
1
1
1
105
2
2
1
7
1
20
1
2
1
1
4
1
4
53
1
3
1
104
8
5
1
1
1
1
1
3
4
53
1
2
1
4
1
3
109
1
1
2
3
2
2
1
2
1
2
21
7
16
8
2
1
2
3
1
1
1
1
1
1
1
5
3
1
349
12
1
4
5
1
451
9
11
1
29
2
2
57
5
1
14
1
333
2
2
12
212
5
3
3
2
126
1
1
2
1
2
1
1
15
14
1
5
1
1
1
1
1
1
1
916
2
1
1
1
4
1
1135
2
1
1
2
5
16
2
1
242
5
1
1
1
1
1
61
1
1
2
1
1
2
3
1
1
1
2
38
1
11
1
4
1
1
3
2
1
2
5
76
14
25
3
1
2
44
6
1
1
840
1
1
4
35
1
1
1
1
5
1
345
1
1
3
1
1
1
1
1
3
1
1
2
4
3
1
1
1
1
1
1
1
7
9
1
1
655
1
197
1
6
2
9
1
44
3
29
645
4
1
3
1
1
1
7
1
1
2
1
110
11
4
1
3
57
1
2
1
1
1
1
1
56
1
1
2
6
1
195
522
144
106
1
9
24
15
19
3
89
2
4
53
1
7
1
2
21
2
1
19
1
1
1
2
2
6
33
16
9
2
47
2
2
169
18
38
7
67
131
20
23
116
16
379
12
23
1
5
3
9
1
1
1
1
445
3
1
2
4
13
17
36
1
1
1
938
1
106
43
2
60
3
5
1
5
16
597
13
88
180
6
1
40
55
17
266
20
11
127
66
10
54
34
66
23
1
1
41
28
4
1
1
3
1
1
16
3
16
1
1
1
9
1
1
34
11
2
1
80
89
3
1
1
1
1
27
9
4
1
50
2
1
2
2
1
1
1
3
3
1
1
1
1
2
4
1
17
1
1
3
1
1
4
1
39
1
8
4
3
1
5
43
59
4
1
1
3
4
1
1
5
1
1
3
230
16
3
1
67
2
1
12
67
3
2
2
24
1
6
8
2
12
1
4
1
4
1
4
1
10
129
3
165
56
196
118
2
32
1
4
17
2
30
1
3
1
2
1
6
21
1
1
1
3
2
2
1
1
5
1
1
1
1
1
1
1
1
1
1
1
61
5
7
5
4
7
19
1
65
1
1
1
1
1
8
1
4
5
3
2
1
6
1
2
83
5
5
10
1
22
1
2
1
1
208
1
1
2
1
1
99
60
2
2
2
698
2
1
3
6
1
1
1
11
2
9
1123
1
1
1
1
4
1
2
8
1
27
1
1
1
1
1
9
23
2
4
2
1
21
12
26
77
1
1
1
1
1
1
4
6
3
2
2
4
4
8
1
4
1
1
3
1
1
3
1
6
47
2
1
1
1
1
1
4
1
115
4
4
152
3
114
3
1
2
1
1
1
1
1
2
4
3
645
2
10
1
2
5
1
3
349
1
2
1
143
13
46
3
1
1
1
4
1
4
1
1
1
1
1
1
1
3
1
3
1
1
2
1
13
1
1
1
1
1
3
1
1
1
1
4
22
2
1
139
37
21
1
1
2
1
1
1
1
1
1
1
521
97
1
1
1
1
3
1
1
3
2
1
5
3
2
1
2
161
1
1
1
1
1
10
1
1
1
2
2
1
3
1
2
1
2
1
3
2
2
1
2
1
1
1
3
2
17
1
57
1
1
1
1
1
1
255
12
1
1
2
1
1
1
2
3
3
2
1
1
1
6
2
1
1
1
2
1
1
2
1
1
1
1
1
7
2
1
63
1
1
1
1
5
4
1
1
3
2
2
1
1
8
2
1
1
384
47
1
1
1
259
1
1
1
1
1
1
2
2
10
301
1
3
1
1
3
2
1
10
2
2
1
13
1
1
1
1
5
1
1
1
8
1
4
1
5
129
1
1
1
31
16
1
1
1
6
1
37
1
2
1
2
10
1
6
1
1
1
1
2
1
1
1
1
1
1
1
1
15
2
1
3
35
1
2
2
2
406
14
122
1
1
55
1
1
2
5
2
342
3
38
27
2
109
21
2
1
8
1
1
356
6
5
1
2
1
4
3
3
1
7
1
5
1
37
1
12
2
2
2
38
1
2
5
131
1
36
12
1
1
1
1
1
641
475
1
7
1
1
12
1
1
1
86
1
5
5
1
1
1
2
1
6
22
1
1
2
13
1
2
3
33
15
1
169
1
1
17
2
1
3
1
2
2
1
1
2
3
1
4
1
1
1
505
1
87
1
1
1
1
150
1
1
1
1
1
4
2
1
1
3
3
1
2
3
3
1
1
1
1
1
1
3
1
1
2
1
1
1
6
1
3
24
170
18
2
2
1
1
3
2
1
1
2
1
1
1
1
2
1
1
1
582
1
1
2
7
14
1
5
1
1
1
1
1
1
11
1
1
166
1
2
4
1
1
1
1
112
1
1
2
1
1
1
262
1
939
1
1
1
1
3
1
143
1
30
89
1
1
2
3
1
1
3
2
2
2
3
2
1
4
1
1
4
1
5
29
40
1
3
1
1
1
1
8
2
13
900
6
2
40
4
2
1
1
1
1
1
2
4
7
1
1
1
4
1
1
1
1
1
1
3
3
8
352
2
3
1
1
1
1
1
1
21
287
1
2
1
1
1
29
3
3
7
51
1
8
1
2
9
1
1
1
2
648
3
1
42
1
3
1
1
1
1
5
2
2
3
2
2
5
1
1
1
11
1
3
1
1
1
1
1
23
1
7
1
8
1
2
15
1
1
1
3
4
2
1
1
5
35
3
1
2
1
2
1
1
1
1
20
2
16
2
1
1
1
1
297
3
3
2
1
1
6
5
1
1
2
1
7
1
1
1
1
7
3
2
1
2
1
1
3
1
4
9
17
20
26
1
1
8
7
54
1
1
4
1
1
80
6
1
1
1
1
2
2
9
57
7
34
3
1
11
77
10
1
44
1
25
21
15
4
1
97
17
12
6
157
23
37
134
28
5
192
1
1
64
1
4
527
2
1
2
1
1
2
3
6
8
5
460
55
16
1
1
18
9
3
4
15
2
3
2
4
2
6
6
6
1
25
8
14
17
26
198
1
4
2
15
1222
1
2
1
5
18
1
1
3
3
2
2
1
1
2
99
40
202
1
1
1
73
1
1
3
1
3
1
1
1
20
8
5
1
2
3
16
1
25
1
2
1
27
5
31
27
7
30
1
3
1
127
148
6
44
44
1
24
1
1
1
8
1
85
2
33
33
1
1
1
15
1
1
6
3
1
3
2
3
1
1
3
1
1
11
6
27
19
13
17
5
11
2
2
1
2
3
1
4
3
5
1
1
2
2
1
842
1
524
466
86
1
1
1
11
3
3
40
1
62
8
130
36
1
1
17
2
11
1
2
25
2
1
2
3
1
43
1
31
1
5
1
6
11
16
3
16
18
23
1
3
1
3
1
2
1
1
1
1
25
7
13
3
8
1
1
3
1
6
971
45
1
1
1
59
4
30
7
5
37
5
10
1
1
2
1
1
1187
3
2
7
1
1
16
1
2
2
1
1
3
3
3
2
97
1
42
17
15
4
1
36
1
2
6
30
2
1
1
5
3
6
1
6
15
35
10
6
1
7
87
1
8
10
9
6
3
172
4
2
3
2
16
1
1
101
14
2
1
3
2
1
9
1
1
2
1
1
28
59
1
4
3
4
3
1
1
3
1
9
1
1
19
2
22
16
1
4
9
9
1
5
7
1
1
4
2
1
5
41
1
3
28
3
1
1
5
11
1
2
1
2
1
30
1
3
123
20
69
286
2
5
1
1
1
1
1
5
1
1
27
1
3
1
2
1
2
6
2
2
1
3
7
2
1
3
2
12
1
9
112
59
33
25
1
1
3
1
16
1
173
52
1
1
2
17
169
2
2
40
59
1
7
13
3
142
1
1
1
19
4
398
1
3
1
1
1
3
3
30
1
1
1
1
2
1
1
1
1
1
12
29
5
31
2
1
1
2
4
22
2
2
1
1
1
11
1
6
6
30
5
2
1
8
161
4
3
14
2
1
1
1
2
1
3
1
88
5
5
8
10
3
1
15
7
1
4
1
2
2
1
3
1
9
2
2
2
2
18
1
14
15
237
38
1
34
158
25
18
6
2
9
1
1
3
8
1
1
5
1
3
3
1
8
2
1
27
5
3
24
181
48
153
5
1
5
1
3
1
8
1
8
1
14
16
1
1
9
1
1
1
1
214
29
1
15
5
198
5
1
1
1
1
2
1
12
1
62
3
3
20
98
1
1
5
35
1
2
4
1
8
1
1
67
1
1
21
738
5
1
1
2
1
1
1
8
1
1018
2
14
1
1
1
1
2
1
11
1
1
3
6
2
1
1
15
1
3
10
4
13
92
32
4
6
49
87
2
309
1
1
1
7
1
7
1
1
1
2
1
32
19
14
1
1
13
1
4
2
11
8
1
6
68
1
1
11
14
2
2
1
10
388
1
9
183
1
1
1
280
7
1
2
1
1
1
25
3
2
1
1
3
115
8
2
7
2
17
3
113
2
12
1
1
3
22
12
2
2
1
3
5
1
1
1
2
3
6
30
1
2
1
95
1
1
1
1
12
1
219
11
3
1
9
1
1
1
2
4
8
11
4
17
2
36
50
24
11
72
1
1
1
22
1
6
1
1
2
3
9
1
16
6
7
2
16
14
1
1
2
21
3
2
30
9
169
1
3
3
14
1
79
302
1
8
10
26
14
5
4
4
1
1
1
201
13
1
3
2
1
1
8
7
1
1
1
1
4
2
54
4
4
4
76
10
7
34
3
1
2
1
3
1
16
9
14
38
2
2
7
3
1
3
4
1
40
1
1
1
1
1
1
9
1
10
2
3
1
14
15
4
2
54
11
1
1
1
41
5
1
9
1
17
1
33
1
1
5
3
5
1190
13
5
9
2
2
3
58
12
1
198
17
6
673
1
1
1
198
1
1
4
7
2
3
8
1
5
4
1
1
1
11
1
1
1
43
1
1
2
10
1
1
1
6
5
4
13
4
25
4
8
1
1
1
1
1
1
1
16
2
1
6
1
1
3
8
41
2
1
2
51
6
1
6
9
3
1
2
5
5
6
1
4
2
1
1
17
4
4
1
10
46
1
13
1
1
4
142
2
1
8
4
1
24
3
46
5
2
13
1
1
1
1
2
7
2
1
107
1
13
14
203
10
3
44
1
10
3
1
1
1
1
2
5
1
68
8
4
24
28
216
213
6
5
49
1
60
54
109
126
1
1
896
2
69
2
1
224
1
2
2
1
1
6
19
216
3
1
1
2
12
1
5
6
1
1
44
5
3
1
30
4
2
1
3
1
1
1
1
4
3
2
114
1
1
1
3
25
6
16
67
3
1
2
2
1
1
1
1
1
2
2
2
18
1
1
84
73
20
7
2
2
1
1
77
11
1
10
12
1
1
5
1
22
1
4
3
96
1
4
1
6
4
1
424
1
370
5
281
1
2
1
151
17
1
1
1
4
3
62
16
2
69
16
1
5
159
4
121
1
1
36
3
2
8
1
3
45
14
4
1
5
2
1
10
2
5
9
7
40
40
1
1
11
3
3
50
192
1
7
7
2
4
37
2
1
1
1
4
8
8
1
2
1
1
1
5
171
1
1
1
3
23
6
2
6
8
3
168
1
1
1
8
4
4
1
1
3
1
2
23
3
1
45
51
11
33
1
1
22
22
1
7
8
2
15
45
1
1
4
1
5
1
3
18
2
1
1
4
16
1
15
1
4
27
3
25
23
26
307
1
12
3
1
2
5
2
1
2
1
1
16
16
1
3
4
1
6
2
1
4
2
56
47
100
1
1
2
1
2
1
9
2
2
1
20
1
1
6
5
1
1
1
1
2
2
15
1
9
2
5
3
49
2
162
71
2
18
323
4
1
2
1
1
3
1
1
3
1
1
126
1
1
5
15
1
1
2
36
18
4
147
1
1
1
7
4
16
2
403
9
102
1
1
1
1
1
1
2
2
1
3
1
2
173
76
1
4
1
129
46
1
3
7
23
44
17
1
4
14
1
7
1
2
1
1
470
24
4
197
2
1
1
46
1
1
115
1
43
1
3
11
1
1
35
20
1
1
1
1
1
2
74
1
3
1
1
1
1
272
2
1
105
2
1
1
1
1
49
28
41
2
299
1
2
4
7
1
1
1
3
1
6
1
1
10
58
1
4
4
84
170
1
17
3
174
90
38
121
2
115
5
1
1
1
120
17
4
1
1
1
1
1
1
1
2
1
23
5
10
124
1
1
2
12
1
105
1
1
1
3
1
2
1
7
1
1
1
1
42
6
365
1
1
1
1
1
2
3
1
1
3
1
237
1
1
2
1
203
194
5
1
60
2
1
867
1
1
2
2
1
1
1
1
1
3
1
1
1
1
1
1
1
3
2
1
1
59
1
83
7
1
1
1
21
1
7
1
1
1
1
1
1
1
4
1
41
5
29
50
1
34
376
10
1
1
1
25
219
2
2
2
5
5
1
1
1
28
27
13
2
3
29
4
2
20
2
2
1
41
315
1
9
894
2
1
142
1
3
10
22
3
5
139
13
10
90
9
56
6
88
4
50
3
368
1
92
113
18
3
1
13
4
1
1
196
1
1
5
1
1
9
1
1
2
1
1
1
319
1
2
1
1
52
3
5
2
1
5
1
2
1
6
7
17
6
1
5
21
4
485
12
1
1
1
5
21
90
14
17
18
4
2
6
2
2
6
1
2
1
2
2
31
3
2
10
3
102
18
7
53
1
7
21
16
3
1
1
3
1
2
2
14
102
95
2
15
1
12
5
48
8
4
113
38
5
1
11
3
2
8
39
4
11
69
5
4
1
1
10
3
3
41
12
1
63
2
951
366
4
1
7
5
162
518
8
1
1
15
4
7
1
1
1
1
1
5
21
1
1
1
1
2
5
1
10
1
2
148
1
18
5
40
18
2
1
1
1
1
2
1
1
118
10
2
305
4
8
4
25
1
125
16
57
9
67
41
1
1
2
306
17
2
1
1
5
126
2
73
1
1
3
1
118
1
1
1
3
6
48
30
2
57
2
1
1
50
1
1
63
56
60
1
333
22
1
45
2
2
2
228
3
1
2
1
1
2
1
1
1
2
1
29
1
6
2
2
1
1
36
1
2
28
1
1
1
6
1
1
4
2
38
1
13
1
4
1
1
9
214
1
1
58
73
21
1
3
1
3
1
3
1
4
1
7
1
160
17
1
50
18
4
24
62
15
261
3
1
5
1
20
10
25
142
40
1
12
1
1
5
5
59
49
13
2
1
1
1
1
1
2
1
5
1
2
7
7
1
1
1
1
1
1
4
5
2
1
132
3
1
1
4
1
1
2
2
62
2
1
1
3
1
694
4
1
1
4
1
1
2
2
1
1
2
1
1
1
1
1
1
2
1
3
1
1
2
1
1
95
7
2
1
1
1
4
2
1
13
651
1
5
333
27
1
14
1
1
1
1
1
1
1
1
1
272
1
1
3
6
5
1
1
2
1
1
1
1
1
1
43
1
1
1
4
1
1
3
1
1
800
1
126
1
30
2
1
1
1
1
14
1
6
1
5
1
1
1
4
747
20
175
23
11
3
236
8
2
1
20
5
43
2
1
8
47
12
1
1
1
1
300
1
1
1
1
1
1
1
2
6
18
47
208
2
1
1
10
1
1
183
1
1
2
1
2
1
1
887
1
1
1
1
152
9
81
19
2
2
1
15
17
1
98
2
95
502
1
1
93
1
1
3
18
5
175
3
646
2
1
3
86
2
1
1
5
5
71
1
2
30
3
1
1
8
70
1
2
1
1
2
1
552
1
1
56
3
1
1
2
112
2
1
1
1
1
4
3
5
3
181
224
1
1
1
1
2
4
2
1
2
4
3
5
1
4
16
5
2
1
288
172
2
1
1
24
4
57
2
3
2
2
33
5
1
1
275
3
1
1
2
1
1
1
4
7
1
1
1
1
7
1
1
13
1
2
1
1
14
81
2
14
1
1
1
1
13
18
21
23
1
3
1
2
2
32
2
1
108
1
1
1
1
1
72
1
2
1
1
1
1
1
6
1
3
1
2
2
3
1
1
6
1
1
1
2
3
17
1
1
5
3
780
1
1
11
13
1
2
149
1
2
3
2
1
5
4
1
1
3
3
65
7
10
1
1
2
4
1
1
1
1
271
1
1
1
1
1
7
1
1
5
6
1
2
2
1
1
167
4
1
1
2
10
181
2
1
4
1
2
1
1
3
1
1
2
10
1
323
1
1
2
1
2
1
610
1
16
2
1
1
80
53
1
1
1
28
1
2
5
2
2
3
42
1
1
3
1
1
1
6
546
3
4
698
1
1
1
5
2
1
1
2
3
2
219
1
1
3
4
2
1
1
1
2
605
5
75
1
1
1
1
4
3
85
3
1
2
1
1
1
1
1
1
1
1
1
2
1
2
1
193
1
3
1
1
1
2
2
1
7
61
38
24
1
1
1
182
2
1
1
1
1
12
1
1
1
1
1
1
12
1
1
3
1
9
1
1
1
1
2
3
1
3
3
6
1
1
1
1
1
1
2
21
1
1
1
6
73
12
5
1
1
1
82
1
91
28
1
6
1
1
1
6
52
17
37
1
1
2
324
2
2
1
2
6
2
3
3
1
1
1
184
4
3
220
2
3
2
2
1
2
2
1
2
1
2
3
1
1
5
1
3
39
105
181
6
23
42
1
44
6
2
2
1
1
1
1
5
1
3
2
2
1
1
7
6
3
2
1
1
1
2
1
1
1
2
45
7
1
1
5
8
2
1
1
1
2
1
4
1
4
1
5
1
134
3
9
1
1
1
1
1
1
1
3
18
5
6
276
1
448
3
1
1
1
1
1
1
4
7
25
2
7
1
1
34
1
9
1
1
12
1
1
1079
1
1
1
2
3
1
1
1
308
1
2
1
1
1
1
1
2
5
117
5
15
112
1
1
1
5
1
1
1
1
9
2
1
2
1
1
1
1
44
1
1
11
55
1
1
2
1
675
1
2
54
3
1
603
4
1
1
2
6
1
1
1
2
88
1
1
1
1
5
87
1
1
12
7
3
2
31
1
1
1
18
1
1
1
1
2
5
22
4
713
3
4
121
1
2
325
1
3
1
4
1
6
7
14
1
4
1145
1
67
1
441
2
1
1
1
2
1
1
1
1
1
16
1
359
3
1
1
1
1
1
1
1
1
39
1
1
1
44
27
1
10
1
1
69
35
2
9
2
3
86
1
17
1
1
1
4
1
1
1
1
2
1
1
1
1
1
2
1
1
1
4
25
8
871
4
1
7
21
3
3
362
399
1
1
5
1
1
1
199
1
1
1
1
1
1
1
1
1
1
1
2
1
5
6
1
1
2
1
633
8
16
6
1
1
421
1
11
1
1
1
1
2
26
72
3
1
1
1
2
3
2
2
1
3
1
280
1
6
1
298
3
1
1
1
3
69
1
1
2
1
1
1
1
1
5
1
1
5
2
221
1
1
2
1
1
3
2
42
49
238
36
18
9
1
236
120
1
258
1
1
1
1
60
3
3
2
2
1
6
65
1
14
1
1
2
5
1
14
1
6
1
1
1
5
5
1
21
98
2
1
1
1
1
2
20
1
1
3
1
1
1
1
1
40
2
10
7
40
3
16
13
3
207
2
37
7
373
102
1
1
1
1
3
3
7
92
12
219
1
19
2
1
1
220
1
16
9
4
88
178
2
4
1
1
1
3
2
19
735
1
3
115
2
1
28
3
1
1
2
3
1
1
1
2
3
9
2
2
1
2
13
1
1
1
53
1
39
1
1
1
2
1
2
1
5
5
2
1
1
191
3
1
1
1
1
1
16
1
1
1
2
1
1
1
3
4
2
4
20
20
666
1
2
1
15
1
19
2
2
1
2
4
8
1
1
1
1
1
2
1
1
1
1
1
1
1
2
1
2
1
3
1
1
1
1
43
1
1
1
2
1
2
1
1
2
2
2
2
1
1
1
46
502
1
21
1
1
2
1
1
1
3
1
1
110
21
12
1
1
11
46
4
1
1
1
1
204
1
1
150
1
1
1
1
1
1
1
1
3
1
274
1
3
11
1
1
1
1
2
54
12
6
2
1
2
56
2
34
1
1
2
1
2
1
106
1
1
1
1
1
1
1
1
1
3
1
1
1
4
1
2
5
1
30
1
1
1
3
1
1
7
2
3
12
1
1
2
1
5
136
8
47
117
1
2
1
10
1
6
1
1
2
4
1
1
1
4
1
6
1
18
5
6
1
1
1
1
2
65
1
2
2
1
1
1
7
5
1
1
1
1
1
1
41
5
63
1
3
2
1
520
1
28
7
1
1
2
207
105
16
3
42
117
138
69
4
1
13
160
10
1
2
8
1
19
56
91
26
7
58
4
2
23
7
2
1
1
29
2
1
31
1
2
3
112
1
1
1
25
1
128
55
1
2
2
2
1
1
1
1
3
3
1
63
1
1
1
1
2
135
1
1
1
37
166
228
5
3
1
1
2
1
1
2
4
4
2
12
5
14
1
1
1
3
1
1
9
24
1
4
1
1
1
4
2
1
1
1
2
5
3
1
1
1
1
1
537
104
1
1
6
2
1
1
1
1
1
1
1
1
1
5
1
126
7
1
1
1
1
6
1
1
1
1
2
104
2
34
56
1
1
1
1
4
2
17
1
1
1
1
1
1
1
3
1
26
1
14
151
12
30
17
2
1
1
1
1
2
11
7
12
19
2
5
1
10
2
26
1
4
5
1
49
2
2
5
1
4
1
1
1
12
1
97
26
333
346
1
5
1
1
2
2
1
1
1
1
1
7
447
2
1
1
16
8
1
1
87
152
24
1
1
6
1
1
8
3
1
1
4
1
1
1
416
1
1
3
1
6
2
1
1
1
1
1
1
3
1
1
2
4
1
35
1
1
1
1
14
3
108
1
1
4
2
1
1
2
5
1
2
6
1
2
2
1
15
96
104
1
1
1
1
1
19
1
2
1
1
9
1
48
1
1
41
1
1
1
1
1
12
40
1
1
1
1
1
2
6
1
1
1
4
4
5
2
1
22
2
1
1
3
1
1
2
547
2
1
1
1
1
11
38
1
1
9
343
1
1
4
18
2
2
1
231
1
1
1
157
1
1
3
1
1
209
1
1
348
1
20
1
1
1
1
2
1
1
1
595
4
1
1
2
2
1
65
1
3
1
475
1
1
1
304
1
1
1
82
124
1
6
67
12
1
1
2
4
16
2
3
1
1
1
1
1
2
1
1
1
1
2
1
4
1
769
1
3
226
7
1
39
3
3
1
2
1
1
2
227
1
2
6
1
1
1
2
2
1
1
1
11
1
197
1
1
1
1
2
1
1
2
4
1
1
2
1
6
2
2
2
1
27
2
1
51
6
3
1
131
2
7
9
1
5
1
2
1
11
1
4
1
40
16
2
1
1
1
92
1
1
4
3
1
1
2
7
1
985
1
528
1
1
1
4
1
1
2
32
2
1
1
44
2
8
4
3
23
2
17
2
1
22
15
16
1
3
2
95
1
1
1
1
1
12
1
1
1
1
216
1
1
1
3
26
1
1
1
204
2
26
999
1
22
152
1
2
1
4
1
1
1
7
1
165
1
29
484
12
111
2
1
1
17
1
5
1
1
1
1
5
1
1
5
1
23
2
4
16
2
2
49
1
20
1
1
1
1
1
1
1
252
1
1
1
2
1
4
1
2
4
9
1
1
123
14
1
1
1
1
1
1
1
20
200
1
1
1
1
2
7
26
2
1
1
1
1
4
1
6
1
52
19
1
8
20
3
1
36
1
1
1
1
14
3
5
1
1
1
1
1
1
2
1
1
2
2
5
1
3
1
1
5
3
1
4
1
9
6
18
1
1
3
1
8
1
1
4
9
1
1
16
61
1
1
1
12
5
2
28
57
123
365
1
1
1
1
1
1
1
1
6
1
1
2
1
1
1
1
1
1
1
2
13
1
1
2
7
3
1
1
1
1
6
2
1
3
1
1
1
1
1
4
1
6
1
3
118
2
2
3
1
5
1
3
1
11
4
163
5
3
8
1
1
79
4
16
1
1
1
3
2
7
1
6
1
1
1
1
3
1
5
559
1
1
1
1
2
2
2
1
1
6
2
2
1
1
1
1
1
3
1
1
1
2
4
5
1
120
248
5
103
1
1
1
1
1
1
10
1
2
99
1
1
3
27
60
73
1
1
2
8
274
1
4
12
42
20
14
64
43
57
12
99
43
6
5
2
1
166
2
1
1
28
1
20
22
1
1
41
1
2
1
1
1
3
2
228
1
1
1
4
1
1
1
2
1
4
1
188
31
4
1
4
27
23
17
1
2
1
106
2
140
1
47
1
1
392
1
1
1
1
2
1
2
6
1
1
1
1
1
1
1
1
1
138
1
1
270
71
8
14
1
59
5
7
4
12
3
1
1
1
1
1
1
1
4
4
1
5
2
7
1
42
149
1
17
1
1
1
26
1
1
1
1
2
1
2
1
3
1
91
1
1
2
1
6
1
2
1
67
5
1
1
2
1
2
416
8
1
1
134
3
1
63
31
2
2
3
1
4
3
1
1
82
5
1
2
1
2
1
1
474
2
1
4
21
256
7
7
1
11
2
1
1
28
1
8
1
1
1
1
3
10
1
207
176
12
1
1022
1
1
15
205
1
1
1
1
1
1
79
1
1
1
3
1
1
1
4
6
1
2
1
2
1
2
22
1
6
1
1
104
95
1
1
2
1
4
1
1
1
6
1
1
745
12
1
1
1
4
180
10
2
1
1
3
1
3
5
1
2
2
1
2
1
1
1
7
1
1
2
4
1
1
3
1
1
3
7
7
1
1
1
29
3
6
2
1
1
2
36
1
2
1
9
1
1
12
1
1
1
1
1
120
766
1
1
1
1
1
4
2
8
2
1
267
1
1
3
1
44
1
1
44
1
1
1
1
2
1
1
1
2
5
1
3
1
3
3
1
1
1
1
1
11
4
9
2
1
1
1
14
7
11
299
2
4
34
2
15
1
78
15
12
41
5
6
57
2
1
1
3
1
10
2
6
165
1
5
1
2
7
1
7
1
5
1
1
1
2
5
1
1
34
1
3
9
1
3
18
1
3
2
1
6
1
1
1
1
2
22
3
1
1
1
1
27
1
1
23
65
1
21
1
3
3
1
4
1
1
8
1
38
1
5
1
3
16
1
1
3
5
1
12
33
7
57
1
46
6
1
1
1
1
1
1
4
1
1
1
8
4
7
1
1
1
1
2
1
9
1
6
1
1
10
3
1
65
8
2
8
2
2
47
3
5
1
2
1
1
1
2
1
1
2
11
2
9
20
1
359
9
4
127
28
16
2
43
1
22
127
23
3
266
3
10
237
28
1
1
1
1
4
1
23
7
1
1
1
1
17
1
4
6
1
1
1
29
1
1
2
4
1
1
1
1
1
185
9
2
1
2
6
28
1
1
8
11
2
1
1
2
121
309
2
1
16
1
3
40
1
3
1
8
1
1
2
1
1
1
1
17
5
162
2
1
5
1
1
1
42
2
4
5
2
1
1
1
14
1
1
1
27
1
1
1
3
1
1
5
1
1
1
2
2
1
1
1
1
22
133
94
22
1
7
1
3
1
1
1
1
3
3
1
74
13
434
25
234
28
1131
426
6
156
22
6
275
1
1
1
2
3
1
1
2
1
1
1
4
1
1
587
1
1
2
1
1
3
29
170
1
2
25
1
34
9
9
1
6
3
1
11
1
30
1
3
20
9
2
5
1
2
2
5
3
1
174
1
1
1
1
1
1
1
1
20
1
2
397
4
1
1
1
1
1
1
2
1
1
1
2
11
7
7
15
2
1
2
1
13
1
1
1
1
13
1
1
20
250
1
4
33
2
6
10
1
1
2
5
1
1
27
19
5
7
1
1
1
1
2
1
10
19
1
2
1
1
1
1
19
1
1
1
1
4
59
1
1
547
1
2
897
1
11
3
1
38
18
1
1
1
1
1
1
1
1
527
1
1
1
1
102
17
8
71
16
1
6
445
1
1
50
8
1
1
1
1
1
2
2
1
1
1
1
541
65
2
3
2
1
3
1
1
8
35
5
1
1
784
1
1
176
1
1
4
1
6
596
100
1
6
788
2
1
2
4
1
4
1
3
5
1
1
6
5
15
17
3
11
17
2
1
1
1
1
1
2
2
638
3
1
1
74
1
1
71
1
1
1
15
1
345
1
1
1
20
1
4
1
2
1
3
2
1
1
1
1
6
991
3
1
2
15
1
1
3
1
232
7
37
161
129
1
1
2
1
1
3
1
1
1
1
13
1
1
1
1
18
13
61
1
143
1
1
2
2
1
1
6
1
175
1
2
1
3
2
1
1
2
3
1
5
2
1
13
1
2
1
1
14
1
1
1
3
2
5
1
2
1
2
11
52
1
1
42
1
1
1
2
1
1
1
8
1
1
1
1
56
36
1
6
1
1
1
4
442
1
8
1
1
2
2
1
12
2
67
1
1
2
1
3
1
1021
21
1
1
2
2
2
8
1
1
508
1
2
4
1
1
2
1
2
1
1
1
1
1
1
2
5
88
1
1
1
3
1
79
1
1
1
6
2
47
1
510
1
1
10
1
2
6
1
139
2
33
4
2
102
2
2
1
2
28
3
549
6
1
3
1
8
1
1
1
1
1
1
2
225
18
1
1
1
1
1
1
1
1
3
210
1
1
1
1
1
1
21
1
1
1
1
2
3
1
2
2
5
21
4
4
1
1
3
1036
1
3
1
1
1
2
2
2
2
1
2
1
1
2
1
1
1
17
1
3
3
140
2
2
1
24
17
9
1
10
25
10
6
3
1
2
9
7
8
1
81
99
105
1
1
4
32
2
29
112
3
1
15
2
1
47
2
1
4
4
1
40
4
34
4
2
12
3
39
7
30
15
560
2
196
15
5
19
4
1
4
44
22
3
8
7
95
7
1
3
1
7
1
1
1
1
1
49
2
1
1
2
1
13
20
11
1
20
130
36
2
3
1
23
67
10
15
239
27
1
2
2
3
1
1
3
1
108
173
1
24
1
1
1
1
2
2
7
1
190
1
1
66
5
3
1
2
75
123
4
2
1
12
1
1
1
21
3
1
1
1
1
1
1
26
18
1
1
7
1
1
2
2
1
2
1
1
2
1
1
4
2
229
75
2
1
1
2
1
1
1
1
876
4
1
1
1
1
1
1
12
131
1
3
7
6
1
14
1
76
1
9
3
4
2
1
252
14
1
193
1
362
5
501
1
1
1
5
1
21
1
1
1
1
1
1
1
267
290
1
5
1
49
3
1
2
1
1
2
1
1
30
1
1
2
1
1
1
1
30
1
527
2
1
5
1
1
1
3
2
1
1
17
1
1
1
1
3
2
1
1
1
1
1
1
1
3
28
2
1
3
1
3
4
5
1
1
1
2
1
3
1
1
7
1
4
5
383
1
13
1
1
1
1
1
1
1
1
9
3
33
1
7
1
2
1
1
18
488
1
1
1
4
1
1
1
3
1
327
2
69
7
1
1
1
1
1
1
1
1
1
2
1
21
1
2
1
7
2
1
2
1
2
1
1
6
8
2
1
4
2
1
1
280
4
682
11
1
28
36
4
1
1
3
1
1
1
1
13
1
28
55
2
1
1
1
7
3
1
1
3
4
2
1
7
1
40
1
25
34
6
4
1
11
20
14
2
45
12
1
2
2
3
100
1
8
4
1
2
2
24
2
1
1
6
16
2
2
10
1
2
1
1
32
1
2
2
71
1
2
21
2
3
4
113
1
2
14
3
7
266
21
10
203
75
3
8
15
36
1
2
1
24
1
1
1
1
1
1
1
1
1
2
3
2
1
1
1
146
95
82
1
1
82
1
1
1
1
1
4
1
978
1
6
1
144
1
1
1
1
1
1
1
1
6
71
1
4
37
1
19
124
569
112
2
68
20
12
3
40
6
4
19
15
11
11
5
71
166
4
3
2
397
32
59
12
15
7
4
5
1
1
2
2
1
1
223
1
8
6
1
5
401
1
1
1
16
2
12
30
47
2
2
2
2
1
3
3
1
8
1
19
1
7
2
3
3
1
1
1
2
1
3
29
8
2
1
11
2
1
159
1
1
2
1
1
969
2
5
8
13
35
9
1
3
1
1
1
1
2
2
1
1
3
1
1
1
1
10
75
17
1
3
1
2
1
2
1
298
185
115
59
1
7
1
1
1
1
1
14
9
6
94
20
163
80
3
4
1
3
4
217
1
11
1
2
1
2
1
2
3
1
1
1
2
1
1
1
2
1
2
1
1
1
1
88
2
1
1
147
1
1
1
1
1
1
1
2
1
1
48
1
1
1
1
1
1
2
1
1
1
1
1
1
1
1
1
6
1
3
3
3
1
1
1
1
1
1
1
2
2
3
1
257
1
7
1
1
2
1
1
2
177
29
1
1
30
1
1
1
1
1
7
49
24
4
1
1
39
75
6
1
2
13
27
4
101
10
12
62
214
69
2
190
232
1
1
1
1
1
1
2
3
2
1
1
2
1
1
1
1
1
6
1082
2
1
6
34
2
1
1
2
5
1
1
3
1
1
2
36
825
1
30
1
1
2
2
1
1
167
1
182
1
2
2
1
1
1
2
2
1
1
1
206
8
101
1
1
2
1
1
5
4
66
7
1
2
1
1
1
6
68
1
1
36
1
1
1
1
1
1
1
112
529
3
5
1
1
3
2
1
2
2
1
1
2
102
1
1
1
6
2
188
2
6
1
21
60
44
5
14
12
30
24
4
1
7
2
1
1
127
1
1
1
2
1
1
1
7
3
1
2
184
1
3
1
2
2
1
1
13
1
1
1
1
17
2
5
1
50
1
1
1
1
18
1
2
3
1
1
1
1
1
1
2
1
1
11
2
1
5
1
2
52
3
1
3
1
1
1
2
4
1
1
1
1
1
2
1
98
1
51
1
1
1
1
2
1
1
4
4
1
2
6
1
1
2
1
1
2
1
1
1
1
1
1
1
2
1
1
1
2
1
38
5
2
1
7
1
67
1
1
5
1033
1
2
1
4
45
1
1
2
2
1
39
966
1
2
1
1
2
1
1
1
2
2
1
1
4
1
1
1
1
327
3
1
9
2
1
1
1
1
18
1
158
1
3
1
7
1
3
67
1
3
70
54
9
16
139
97
215
12
63
5
38
60
1
1
1
1
333
43
1
5
6
4
3
1
1
1
1
1
2
2
1
1
1
1
1
1
1
1
143
138
75
40
4
115
62
6
1
1
20
1
1
6
280
1
1
1
1
2
4
1
2
83
2
1
2
1
1
1
229
1
1
1
1
1
1
1
1
1
3
3
1
2
1
1
1
1
1
2
2
1
1
7
12
20
1
3
3
14
2
1
1
2
1
2
1
2
1
1
1
1
4
659
1
7
2
1
1
2
1
1
1
1
1
1
1
1
1
1
1
1
1
124
1
1
2
1
1
2
246
1
2
1
58
2
3
1
1
1
1
1
1
1
318
1
2
1
3
2
1
25
1
4
1
1
5
1
1
1
1
1
1
4
33
1
1
1
1
2
1
1
1
1
7
1
1
1
3
4
1
8
2
537
1
2
1
1
2
2
62
2
7
5
440
1
3
2
1
6
1
3
21
1
9
15
56
11
7
1
11
1
14
4
15
3
7
274
1
7
1
3
303
1
2
1
1
1
1
1
2
1
16
1
1
1
4
2
83
4
1
1
2
2
2
1
2
1
1
11
1
46
1
6
1
1
1
1
1
960
4
4
8
1
1
1
1
1
2
1
2
1
1
1
2
2
2
1
5
1
1
1
8
2
2
1
1
1
7
2
1
1
1
3
1
1
1
1
70
141
3
1
1
1
24
1
1
5
5
1
1
2
1
1
1
1
116
10
1
3
1
1
20
47
52
1
11
1
5
4
2
4
7
72
1
1
1
1
2
3
3
26
2
15
1
6
1
1
1
2
162
1
107
67
6
12
58
176
66
125
1
9
13
14
12
2
2
1
1
2
1
1
1
3
5
1
1
1
1
3
1
1
1
1
1
1
2
1
1
1
1
1
132
1
1
1
1
3
1
2
1
1
1
1
5
1
7
1
5
18
1
4
748
11
3
1
1
1
2
12
1
1
1
7
12
1
6
2
5
1
1
2
76
3
7
1
1
1
323
226
1
1
6
1
683
3
33
279
11
3
4
3
1
1
2
36
1
1
1
96
3
6
1
1
5
1
1
43
1
2
1
7
8
109
15
2
1
1
4
17
112
1
8
189
1
61
1
3
1
1
537
1
1
1
11
56
2
8
1
6
88
3
5
1
1
1
1
1
194
4
1
1
1
1
1
8
1
1
1
1
2
1
1
1
3
1
4
1
1
2
1
1
520
1
1
2
4
5
2
1
1
1
3
1
1
1
2
1
1
1
1
1
1
1
1
1
1
1
5
1
5
1
1
2
1
1
1
1
1
1
1
9
1
2
2
13
1
1
1
1
2
1
1
3
576
2
2
9
289
1
70
1
46
2
1
1
1
1
1
1
17
50
383
1
1
1
2
1
4
99
1
1
1
3
1
1
1
2
2
5
2
316
1
1
1
14
3
253
1
1
1
1
1
1
2
1
57
1
9
4
42
1
7
2
1
5
146
1
1
1
2
1
1
3
1
6
1
7
1
1
1
1
4
1
122
2
3
1
1
1
10
2
11
729
1
404
1005
496
1
1
1
1
12
1
3
1
1
1
1
12
1
1
55
1
3
31
1
3
1
1
7
1
1
1
1
6
1
1
1
5
1
1
1
2
3
1
1
1
19
2
6
1
25
1
1
246
8
1
1
1
1
1
1
1
2
1
45
6
18
1
1
1
173
1
14
1
2
13
18
1
1
2
3
1
2
3
1
1
3
1
2
50
1
4
3
18
48
6
1
2
6
3
2
1
6
6
2
4
1
1
1
3
3
2
2
1
2
1
1
1
1
25
1
2
3
23
1
1
524
2
6
2
3
9
4
2
2
1
10
5
1
8
33
23
1
1
2
39
2
1
2
1
1
86
1
55
2
6
1
1
1
1
546
1
85
12
1
8
1
1
1
1
1
1
2
1
1
3
6
2
1
3
1
1
2
10
1
16
1
2
40
1
14
2
1
1
1
2
1
1
30
3
1
1
1
1
1
1
1
1
1
1
1
2
5
1
3
1
1
1
11
1
5
1
2
1
2
13
1
5
622
2
1
4
2
1
2
19
1
48
1
1
1
1
1
1
1
1
1
1
3
31
216
148
6
2
3
1
1
1
1
1
4
47
2
1
11
1
1
36
28
77
5
1
3
20
3
13
2
6
1
1
2
12
11
7
9
6
1
117
333
1
11
1
2
2
2
1
1
10
23
1
2
1
2
5
1
2
59
5
11
2
1
7
4
1
1
3
4
3
1
2
64
1
2
1
1
146
4
1
410
1
1
13
1
1
7
1
49
1
3
43
2
6
2
1
2
1
1
1
1
1
1
1
1
1
1
1
4
3
1
1
601
1
1
174
2
1
1
3
1
1
1
1
1
2
1
8
1
1
7
4
2
2
42
1
1
1
4
2
8
4
14
1
2
1
1
846
4
1
2
1
2
2
3
5
23
2
6
1
1
1
1
1
1
280
1
1
1
1
1
1
13
7
46
1
1
1
323
1
6
1
1
1
2
2
2
1
59
1
2
1
3
408
23
1
3
5
1
1
1
15
4
1
1
1
1
178
13
2
1
1
2
1
2
1
1
1
1
5
2
2
1
2
1
7
1
1
59
4
1
1
1
1
2
4
1
2
2
5
1
32
2
1
197
1
1
1
1
1
1
1
4
8
8
36
2
1
1
181
1
42
1
1
1
1
2
1
3
5
1
1
1
1
1
1
1
1
1
2
2
1
2
1
1
1
1
3
1
1
1
14
1
1
1
1
4
1
1
1
2
1
1
1
1
1
1
1
1
1
1
1
94
1
1
7
2
1
5
2
4
1
1
1
1
3
1
1
1
3
2
1
1
1
1
1
1
14
1
8
78
5
172
1
19
1
1
8
1
6
70
8
1
1
1
1
3
2
6
1
1
1
1
1
4
99
1
18
1
1
2
1
1
22
2
1
1
1
2
4
1
3
1
1
3
1
7
3
2
1
1
1
1
5
1
12
12
1
2
3
2
1
1
3
346
3
3
19
1
5
2
1
1
1
19
2
4
1
2
1
1
1
2
65
1
8
5
16
3
1
2
1
2
5
3
3
1
1
229
5
1
1
1
4
1
1
43
1
16
8
64
2
1
1
2
342
90
7
1
1
2
35
3
2
1
3
1
1
8
1
547
1
1
1
8
6
1
2
5
5
2
2
1
2
2
2
4
3
2
1
1
1
2
1
3
2
2
1
2
1
1
1
368
4
2
1
3
2
1
2
2
1
1
16
2
2
1
1
1
27
1
3
2
5
2
5
5
1
1
15
2
1
9
4
8
4
2
3
14
4
1
1
3
1
2
1
6
1
2
2
15
1
5
1
8
2
2
2
30
27
4
8
7
50
1
1
2
1
3
7
2
4
2
1
4
15
1
1
5
1
136
1
1
5
1
1
1
4
1
1
1
3
3
1
4
2
1
4
2
1
1
2
1
1
1
3
1
1
1
2
38
38
965
5
1
1
1
1
3
2
2
1
4
711
34
1
4
1
2
2
1
19
1
656
1
2
1
1
264
1
1
1
5
1
1
1
1
2
1
3
1
1
1
3
389
3
8
3
26
8
7
2
2
1
7
1
1
1
2
1
1
1
1
1
1
1
1
1
1
1
1
1
1
7
1
1
1
1
1
4
1
596
30
66
149
2
58
1
1
16
1
1
2
1
1
2
1
1
29
2
3
1
206
5
1
20
1
1
1
6
2
1
1
1
1
3
1
1
35
2
3
1
2
2
2
2
41
5
4
1
1
1
1
1
2
142
2
315
1
2
1
1
1
1
1
1
4
10
4
1
42
1
3
3
3
3
1
1
2
1
1
1
1
1
2
1
1
1
3
1
1
1
1
8
1
1
9
1
47
1
2
4
188
14
119
303
2
98
113
1
4
90
3
1
2
1
1
1
10
1
2
19
1
2
205
1
2
2
3
3
3
5
1
1
2
1
1
829
2
1
1
1
2
2
1
8
1
1
1
8
2
1
119
19
8
1
1
1
4
3
1
1
1
1
1
3
1
14
5
2
2
1
596
1
1
1
43
18
65
169
55
1
1
2
109
4
1
2
1
4
2
2
10
6
1
1
15
1
1
2
1
1
2
1
1
2
3
5
8
1
2
1
3
1
85
100
2
1
1
1
1
1
6
2
1
2
2
1
3
63
2
1
6
19
1
1
168
1
1
1
1
1
2
3
1
9
2
3
1
2
5
1
1
2
1
1
4
1
16
152
2
1
1
1
2
2
6
3
2
2
1
4
7
1
1
4
35
5
1
4
7
9
2
16
16
3
1
1
1
1
2
3
1
1
4
1
2
1
4
1
14
6
38
4
1
150
4
1
1
1
38
1
1
1
1
1
1
1
592
1
1
4
9
1
1
2
1
2
2
36
387
172
76
40
11
168
72
7
24
1
284
165
7
13
1
1
1
2
1
1
1
188
17
2
1
1
1
1
10
5
4
1
1
2
4
1
1
1
218
116
2
1
1
2
2
1
1
1
47
1
2
1
167
1
1
1
5
1
1
1
2
1
272
4
1
1
1
1
1
2
1
1
1
1
1
2
3
2
3
2
38
3
1
12
3
6
1
4
5
4
4
2
1
1
18
1
1
2
37
1
1
1
4
2
1
14
6
13
33
1
1
7
2
1
22
1
6
8
7
8
691
1
1
1
4
1
3
6
1
1
2
178
1
5
1
2
1
10
1
16
18
6
1
74
1
8
1
213
1
1
7
20
4
1
1
38
1
1
33
13
1
1
61
1
37
2
1
1
1
1
182
1
4
3
1
11
5
1
2
10
2
2
1
5
6
1
1
188
1
1
5
1
1
4
1
1
2
3
1
1
132
68
7
1
46
4
3
6
4
2
3
2
5
1
1
10
3
68
105
8
1
1
1
1
5
3
1
5
6
2
1
1
2
2
1
4
1
1
1
2
430
1
30
2
2
1
1
1
2
6
1
2
4
2
30
4
4
636
2
77
2
2
17
3
1
25
1
9
269
1
1
1
1
1
1
3
1
2
535
4
3
1
627
1
1
106
18
3
8
7
5
6
171
1
1
1
2
16
438
7
1
1
1
2
2
10
2
4
1
1
7
1
1
1
3
1
3
4
23
1
1
17
3
7
15
6
1
6
10
1
4
12
7
122
2
4
2
1
3
1
226
1
5
1
4
4
1
2
1
1
2
3
1
709
4
1
1
1
2
4
1
3
1
1
2
5
2
2
2
69
1
1
2
1
3
1
841
1
1
4
1
32
1
1
1
1
3
3
5
1
1
1
207
2
22
1
1
215
4
5
1
220
1
7
1
12
1
2
1
1
1
1
1
36
4
1
1
16
1
1
2
5
3
3
1
3
1
1
1
1
6
1
29
2
1
1
1
1
2
1
1
1
1
1
2
2
9
2
1
3
1
1
1
1
4
8
8
4
2
1
1
1
41
5
5
1
1
10
1
4
3
1
2
2
1
1
3
1
3
1
2
76
1
19
34
3
37
74
1
1
3
3
1
1
1
1
1
1
2
1
3
1
7
4
2
1
2
4
1
1
1
1
25
2
1
1
4
1
1
7
3
1
1
1
1
3
1
2
6
3
1
3
1
2
2
1
1
3
3
47
2
1
1
3
4
28
1
4
10
1
1
1
2
1
1
1
1
1
1
23
1
1
1
1
50
1
1
2
2
1
15
1
1
1
1
27
1
2
1
12
1
38
2
1
4
1
6
3
1
1
1
4
18
6
29
330
7
1
1
3
1
158
7
9
7
2
1
70
11
61
4
3
20
3
6
1
4
2
15
2
113
93
33
175
27
1
1
2
1
43
1
5
1
2
16
8
1
1
9
10
87
14
1
1
65
177
62
1
1
1
121
1
1
1
1
205
1
1
16
1
1
1
1
1
1
1
3
10
15
21
218
1
4
1
1
6
1
2
4
2
2
1
1
1
1
40
1
1
1
4
1
1
1
3
222
5
1
3
58
77
5
1
1
28
13
1
1
8
87
30
11
13
1
1
2
9
2
1
25
1
91
96
1
1
1
1
2
1
2
4
1
1
1
3
2
3
21
1
46
1
1
1
2
1
1
3
1
2
1
1
1
13
1
1
1
9
4
1
1
2
1
2
1
1
1
1
16
2
1
1
12
3
1
6
1
3
7
2
16
3
1
2
1
2
1
3
4
1
1
7
1
6
1
1
1
3
1
1
291
2
2
1
1
2
1
1
5
5
41
2
7
221
1
1
1
1
2
2
1
9
5
6
1
1
2
2
1
3
1
62
1
1
1
10
2
4
1
1
1
20
1
1
1
6
16
1
4
1
1
1
1
4
1
1
1
1
1
1
1
1
4
1
1
9
1
4
1
1
1
1
1
1
1
1
3
1
1
1
1
3
32
2
1
40
2
1
1
1
1
5
1
8
3
3
2
10
1
1
1
17
1
1
3
25
1
1
1
1
1
1
2
1
18
2
1
19
1
4
4
19
1
5
1
1
1
10
8
4
1
617
1
207
12
10
1
1
1
9
4
1
2
1
1
1
2
1
4
1
1
3
1
1
5
11
10
2
9
3
1
2
4
2
1
2
1
8
5
1
2
1
1
1
15
37
1
1
1
1
5
2
59
1
3
1
1
3
1
1
1
1
1
2
5
1
1
1
1
3
3
2
1
176
1
1
1
15
1
1
1
3
2
2
1
2
2
1
43
1
2
1
3
1
1
5
2
43
56
53
2
1
2
1
1
1
2
10
1
2
688
1
2
14
1
57
2
2
1
1
67
8
1
2
2
1
9
2
1
10
1
10
13
1
19
1
1
4
4
2
1
106
23
1
1
1
1
1
4
1
29
1
3
6
1
2
129
1
2
2
5
1
10
1
331
635
7
111
1
3
3
1
3
1
2
1
1
11
4
4
1
1
7
3
3
1
1
1
1
1
1
5
39
2
51
76
22
1
1
1
1
1
54
25
115
1
1
1
3
1
1
1
1
1
1
1
2
4
2
3
1
1
1
1
1
1
2
1
3
1
1
1
1
18
1
44
3
1
6
1
1
1
1
1
1
1
2
2
334
1
3
1
5
1063
1
1
2
2
1
2
1
1
1
14
1
1
8
2
3
1
2
1
1
1
1
2
1
1
1
7
12
1
2
1
2
3
5
1
1
1
1
2
1
1
2
14
2
11
7
51
1
628
