1
1
1
1
1
1
1
1
1
1
1
1
1
1
1
1
3
1
11
6
1
1
1
4
1
1
1
1
1
1
1
1
1
5
1
4
2
1
1
1
1
1
2
1
1
1
1
1
1
4
5
1
5
3
1
2
2
22
1
2
10
1
1
1
3
3
1
10
5
2
3
1
3
13
1
1
23
3
1
4
1
2
31
6
1
1
13
1
1
1
2
5
2
1
10
5
1
1
9
1
2
6
2
2
2
1
1
2
5
2
3
1
1
1
48
1
44
46
1
1
1
9
2
1
1
59
1
2
21
3
3
22
1
3
7
101
3
4
14
1
3
2
5
1
1
2
1
1
4
1
34
3
1
8
4
18
72
2
13
1
9
2
2
60
25
17
2
12
2
1
1
44
6
7
1
97
90
4
1
1
58
1
3
1
1
3
1
1
11
1
1
45
266
28
5
1
1
31
11
2
1
4
1
194
3
1
1
1
1
1
1
1
1
1
5
12
1
1
1
1
1
2
1
2
1
1
4
1
4
1
1
1
1
1
2
4
1
1
6
1
2
3
2
1
2
2
1
1
1
1
1
1
1
1
1
1
5
6
14
1
1
6
1
1
1
1
2
1
6
1
1
2
1
1
1
1
4
1
3
1
1
28
1
1
1
48
1
1
109
4
1
1
2
2
1
1
2
1
1
1
105
2
2
1
7
1
20
1
2
1
4
1
4
1
3
1
104
8
5
1
1
1
1
1
3
4
1
2
4
1
3
1
1
2
3
2
1
2
1
2
7
16
8
2
1
2
3
1
1
1
1
1
1
1
5
3
1
12
1
5
1
11
1
29
2
2
57
5
1
14
1
333
2
2
12
212
5
3
3
2
126
1
1
2
1
2
1
1
14
1
5
1
1
1
1
1
1
1
2
1
1
1
4
1
2
1
1
2
5
16
2
1
5
1
1
1
1
1
1
1
1
1
2
3
1
1
1
2
38
1
11
1
4
1
1
3
2
1
2
5
76
14
25
3
1
2
44
6
1
1
1
1
4
35
1
1
1
1
5
1
1
1
3
1
1
1
1
1
3
1
1
2
4
3
1
1
1
1
1
1
1
7
1
1
1
1
2
9
1
44
3
29
4
1
3
1
1
1
7
1
1
2
1
110
4
1
3
57
1
2
1
1
1
1
1
1
1
2
6
1
195
522
144
106
9
24
15
19
3
89
2
4
53
1
7
1
2
2
1
19
1
1
1
2
2
6
33
16
2
47
2
169
18
7
67
131
20
23
116
16
12
23
1
5
3
9
1
1
1
1
3
1
2
4
13
17
36
1
1
106
43
2
60
3
5
5
16
13
88
180
6
55
17
11
127
66
10
54
34
23
1
1
41
4
1
1
3
1
1
3
1
1
1
9
1
1
2
1
89
3
1
1
1
1
27
9
4
1
2
1
2
2
1
1
1
3
3
1
1
1
1
2
4
1
17
1
1
3
1
1
4
1
1
8
4
3
1
5
59
4
1
1
3
4
1
1
5
1
1
3
16
3
1
67
2
1
12
3
2
2
24
1
6
8
2
12
1
4
1
4
1
4
1
10
3
165
56
118
2
32
1
4
17
2
1
3
1
2
1
6
21
1
1
1
2
2
1
1
5
1
1
1
1
1
1
1
1
1
1
1
61
5
7
5
4
7
19
1
1
1
1
1
1
8
1
4
3
2
1
6
1
2
83
5
5
1
22
1
2
1
1
1
1
2
1
1
60
2
2
2
2
1
3
6
1
1
1
2
1
1
1
1
4
1
2
8
1
27
1
1
1
1
1
9
23
2
4
2
1
21
12
26
77
1
1
1
1
1
1
4
6
3
2
2
4
4
8
1
4
1
1
3
1
1
3
1
6
47
2
1
1
1
1
1
4
1
4
152
3
3
1
2
1
1
1
1
2
4
3
2
10
1
2
5
1
3
1
2
13
46
3
1
1
1
1
1
1
1
1
1
1
1
3
1
3
1
1
2
1
13
1
1
1
1
1
3
1
1
1
1
4
22
2
1
37
21
1
1
2
1
1
1
1
1
1
1
1
1
1
1
3
1
1
3
2
1
5
3
2
1
2
1
1
1
1
1
10
1
1
1
2
2
1
3
1
2
1
2
1
3
2
2
1
2
1
1
1
3
2
17
1
1
1
1
1
1
1
12
1
1
2
1
1
1
2
3
3
2
1
1
1
6
2
1
1
1
2
1
1
2
1
1
1
1
1
7
2
1
1
1
1
1
5
4
1
1
3
2
2
1
1
8
2
1
1
1
1
1
1
1
1
1
1
1
2
2
10
1
3
1
1
3
2
1
10
2
2
1
13
1
1
1
5
1
1
1
8
1
4
1
5
1
1
1
31
16
1
1
1
6
1
1
2
1
2
10
1
6
1
1
1
1
2
1
1
1
1
1
1
1
1
15
2
1
3
35
1
2
2
2
14
122
1
1
1
1
2
5
2
3
38
2
21
1
8
1
1
6
5
1
1
3
3
1
7
1
5
1
1
12
2
2
2
38
1
2
131
1
36
1
1
1
1
1
475
1
7
1
1
1
1
1
86
1
5
5
1
1
1
2
1
1
1
2
13
1
2
3
33
1
169
1
1
2
1
1
2
2
1
1
2
1
4
1
1
1
1
1
1
1
1
150
1
1
1
1
4
2
1
1
3
3
1
3
3
1
1
1
1
1
1
3
1
1
2
1
1
1
6
1
24
170
2
2
1
1
3
2
1
1
2
1
1
1
1
2
1
1
1
1
1
2
7
1
5
1
1
1
1
1
1
1
1
1
2
4
1
1
1
1
112
1
1
2
1
1
1
1
1
1
1
1
3
1
1
30
1
1
2
3
1
1
3
2
2
2
3
2
1
4
1
1
4
1
5
40
1
3
1
1
1
1
8
2
13
2
40
4
2
1
1
1
1
1
2
4
7
1
1
1
4
1
1
1
1
1
1
3
3
8
2
3
1
1
1
1
1
1
1
2
1
1
1
3
3
7
1
8
1
2
9
1
1
1
2
3
1
42
1
1
1
1
1
5
2
2
3
2
2
5
1
1
1
11
1
3
1
1
1
1
1
23
1
7
1
8
1
2
15
1
1
1
3
4
2
1
1
5
3
1
2
1
2
1
1
1
1
20
2
2
1
1
1
1
3
3
2
1
1
6
5
1
1
2
1
7
1
1
1
1
7
3
2
2
1
1
3
1
4
9
17
20
26
1
1
8
7
54
1
1
4
1
1
80
6
1
1
1
1
2
2
9
57
7
34
3
1
77
10
1
44
1
21
15
4
1
97
17
12
157
23
37
28
5
192
1
64
1
4
2
1
2
1
1
3
5
16
1
1
18
9
3
4
15
2
3
2
4
2
6
6
6
1
25
8
14
17
26
198
1
4
2
15
1
2
1
5
18
1
3
3
2
2
1
1
2
99
202
1
1
1
73
1
1
3
1
3
1
1
1
20
8
5
1
2
3
16
1
25
1
2
1
27
5
31
27
7
1
3
1
6
44
44
1
1
1
1
8
1
85
2
33
33
1
1
1
15
1
1
6
3
1
3
2
3
1
1
3
1
1
6
27
19
13
17
5
11
2
2
1
2
3
1
4
3
5
1
1
2
2
1
1
1
1
1
11
3
3
40
1
62
8
130
1
17
2
11
1
2
25
2
1
3
1
1
31
1
5
1
11
16
3
18
23
1
3
1
3
1
2
1
1
1
1
25
7
13
3
8
1
1
3
1
6
45
1
1
1
59
4
7
5
37
5
10
1
1
2
1
1
3
2
7
1
1
1
2
2
1
1
3
3
3
2
97
1
42
17
15
4
1
36
1
2
6
30
2
1
1
5
3
6
1
6
15
35
10
6
1
7
1
8
10
9
3
4
3
2
1
1
2
1
3
2
1
9
1
1
2
1
1
28
59
1
3
4
3
1
1
3
1
9
1
1
19
2
16
1
4
9
1
5
7
1
1
4
2
1
5
41
1
3
28
3
1
1
5
1
1
2
1
30
1
3
123
286
2
5
1
1
1
1
1
1
1
27
1
1
2
1
2
6
2
2
1
3
7
2
1
3
2
12
1
9
59
33
25
1
1
3
1
16
1
1
1
2
17
2
2
40
59
1
7
13
3
1
1
1
19
4
1
3
1
1
1
3
3
30
1
1
1
1
2
1
1
1
1
1
12
29
5
31
2
1
1
2
4
22
2
2
1
1
1
11
1
6
6
5
1
8
161
4
3
14
2
1
1
1
2
1
3
1
5
5
8
10
3
1
15
7
1
4
1
2
2
1
3
1
9
2
2
2
2
18
1
14
15
1
34
158
25
2
9
1
1
3
8
1
1
5
1
3
3
1
8
2
1
27
5
3
24
181
48
153
5
1
5
1
3
1
8
1
8
1
14
16
1
1
9
1
1
1
1
29
1
5
1
1
1
1
2
1
12
1
62
20
98
1
1
35
1
2
1
8
1
1
67
1
1
21
5
1
1
1
1
1
1
2
14
1
1
1
1
2
1
11
1
1
3
6
2
1
1
15
1
3
10
4
13
92
32
4
6
49
87
2
1
1
1
7
1
7
1
1
1
2
1
32
19
14
1
1
13
1
4
2
11
8
1
6
68
1
1
11
14
2
2
1
10
1
9
183
1
1
1
280
7
1
2
1
1
1
25
3
2
1
1
3
8
2
7
2
17
3
113
2
12
1
1
3
22
12
2
2
1
3
5
1
1
1
2
3
6
1
2
1
95
1
1
1
1
12
1
11
3
1
9
1
1
1
2
4
8
11
4
17
2
36
50
24
1
1
1
1
6
1
1
2
3
9
1
16
6
7
2
16
14
1
1
2
21
3
2
30
9
1
3
3
14
1
79
1
8
10
26
14
5
4
4
1
1
1
1
3
2
1
1
8
7
1
1
1
4
2
54
4
4
4
7
34
3
1
2
1
3
1
9
14
38
2
2
7
3
1
3
4
1
1
1
1
1
1
1
9
1
10
2
3
1
14
15
4
2
54
11
1
1
1
41
5
1
9
1
1
1
1
5
5
13
5
9
2
2
3
58
12
1
198
6
1
1
198
1
1
4
7
2
3
8
1
5
4
1
1
1
11
1
1
1
1
1
2
10
1
1
6
5
4
13
4
4
8
1
1
1
1
1
1
1
16
2
1
6
1
1
3
41
2
1
2
51
6
1
6
9
3
1
2
5
5
6
1
4
2
1
1
17
4
4
1
1
13
1
4
2
1
4
1
24
3
5
2
13
1
1
1
1
2
7
2
1
1
13
14
203
10
3
44
1
10
3
1
1
1
1
2
5
1
68
8
24
216
6
5
49
1
54
109
1
1
2
2
1
1
2
2
1
6
19
3
1
1
2
1
5
1
1
44
5
3
1
30
4
2
1
3
1
1
1
1
4
3
1
1
1
3
25
6
16
67
3
1
2
2
1
1
1
1
1
2
2
2
18
1
1
84
20
7
2
2
1
1
77
11
1
10
1
1
5
1
22
1
4
3
1
4
1
6
4
1
424
1
370
5
281
1
2
1
151
17
1
1
1
4
62
16
2
16
1
159
4
121
1
1
36
3
2
8
1
3
14
4
1
5
1
10
2
5
9
7
40
40
1
1
11
3
3
50
192
1
7
2
4
2
1
1
1
4
8
1
2
1
1
1
5
1
1
1
3
6
2
6
8
3
1
1
1
8
4
4
1
1
3
1
2
3
1
11
33
1
1
22
22
7
8
2
45
1
1
4
1
1
3
18
2
1
1
4
16
1
15
1
4
27
3
25
23
26
1
12
3
1
2
5
2
1
2
1
1
16
16
1
3
4
1
2
1
4
2
100
1
1
2
1
2
1
9
2
2
1
20
1
1
6
5
1
1
1
1
2
2
15
1
9
2
5
3
49
2
162
71
2
18
323
4
1
2
1
1
3
1
1
3
1
1
126
1
1
5
15
1
1
2
36
18
4
147
1
1
1
4
16
2
403
9
102
1
1
1
1
1
1
2
2
1
3
1
2
173
76
1
4
1
129
46
1
3
7
44
1
4
14
1
7
1
2
1
1
4
197
2
1
1
46
1
1
1
1
3
11
1
1
35
20
1
1
1
1
1
2
74
1
3
1
1
1
1
2
1
105
2
1
1
1
1
49
28
41
2
299
1
2
4
7
1
1
1
3
1
6
1
1
10
58
1
4
4
84
170
1
17
3
174
90
38
121
2
115
1
1
1
120
17
4
1
1
1
1
1
1
1
2
1
23
5
10
124
1
1
2
1
1
1
1
3
1
2
1
7
1
1
1
1
42
365
1
1
1
1
1
2
3
1
1
3
1
1
1
2
1
203
5
1
2
1
1
1
2
2
1
1
1
1
1
3
1
1
1
1
1
1
1
3
2
1
1
59
1
83
7
1
1
1
1
7
1
1
1
1
1
1
1
4
1
41
5
29
50
1
34
376
1
1
1
25
219
2
2
2
5
5
1
1
1
28
27
13
3
29
4
2
20
2
2
1
41
1
9
2
1
1
3
10
22
3
5
139
13
10
9
56
6
88
4
50
3
368
1
92
113
18
3
1
13
4
1
1
196
1
1
5
1
1
9
1
1
2
1
1
1
1
2
1
1
52
5
2
1
5
1
2
1
6
7
17
6
1
5
21
4
485
12
1
1
1
5
14
17
18
6
2
2
6
1
2
1
2
2
31
3
2
10
3
102
7
1
7
21
16
3
1
1
3
1
2
2
14
102
95
2
15
1
12
5
8
4
113
38
5
1
3
2
8
39
4
11
69
5
4
1
1
10
3
3
41
12
1
366
4
1
8
1
1
15
4
7
1
1
1
1
1
5
1
1
1
1
2
5
1
1
2
148
1
18
40
18
2
1
1
1
1
2
1
1
118
10
2
305
4
8
4
25
1
57
9
1
1
2
17
2
1
1
5
2
73
1
1
3
1
118
1
1
1
3
6
48
30
2
57
2
1
1
50
1
1
56
60
1
22
1
45
2
2
3
1
2
1
1
2
1
1
1
1
29
1
6
2
2
1
1
36
1
2
1
1
1
6
1
1
4
2
38
1
13
1
4
1
1
9
1
1
73
21
1
3
1
3
1
3
1
4
1
7
1
160
17
1
50
18
4
24
62
15
261
3
1
5
1
20
10
40
1
12
1
1
5
5
59
13
2
1
1
1
1
1
2
1
5
1
2
7
7
1
1
1
1
1
1
4
5
2
1
3
1
1
1
1
2
2
62
2
1
1
3
1
4
1
1
4
1
1
2
2
1
1
2
1
1
1
1
1
1
2
1
3
1
1
2
1
1
7
2
1
1
1
4
2
1
1
5
27
1
14
1
1
1
1
1
1
1
1
1
1
1
3
6
5
1
1
2
1
1
1
1
1
1
43
1
1
1
4
1
1
3
1
1
1
126
2
1
1
1
1
1
6
1
5
1
1
1
4
20
23
11
3
236
8
2
1
5
43
2
1
47
12
1
1
1
1
300
1
1
1
1
1
1
1
2
6
18
47
2
1
1
1
1
183
1
1
2
1
2
1
1
1
1
1
1
9
81
19
2
2
1
15
1
2
1
1
1
1
3
18
5
3
646
2
1
3
2
1
1
5
5
71
1
2
30
3
1
1
8
70
2
1
1
2
1
1
1
56
3
1
1
2
112
2
1
1
1
1
4
3
5
3
224
1
1
1
1
2
4
2
1
2
4
3
5
1
4
16
5
2
1
288
172
2
1
1
24
57
2
3
2
33
5
1
1
3
1
1
2
1
1
1
4
7
1
1
1
1
7
1
1
13
1
2
1
14
2
1
1
1
1
13
1
1
2
32
2
1
1
1
1
1
1
72
1
2
1
1
1
1
1
6
1
3
1
2
2
3
1
1
6
1
1
1
2
3
1
1
5
3
1
1
11
13
1
2
1
2
3
2
1
5
4
1
1
3
3
7
10
1
1
2
4
1
1
1
1
1
1
1
1
1
1
1
5
6
1
2
2
1
1
4
1
1
2
10
2
1
4
1
2
1
1
3
1
1
2
1
1
1
2
1
2
1
1
2
1
1
80
1
1
1
28
1
2
5
2
2
3
1
1
3
1
1
1
6
3
4
1
1
1
2
1
1
2
3
2
1
1
3
4
2
1
1
1
5
1
1
1
1
4
3
85
3
1
1
1
1
1
1
1
1
1
1
2
1
2
1
1
3
1
1
1
2
2
1
61
38
1
1
1
182
2
1
1
1
1
1
1
1
1
1
1
12
1
1
3
1
9
1
1
1
1
2
3
1
3
6
1
1
1
1
1
21
1
1
1
6
12
5
1
1
1
1
91
28
1
6
1
1
1
6
52
17
37
1
1
2
2
2
1
2
6
2
3
3
1
1
1
4
2
3
2
2
1
2
2
1
2
1
2
3
1
1
5
1
3
39
105
181
6
23
42
1
6
2
2
1
1
1
5
1
3
2
2
1
1
6
3
2
1
1
1
2
1
1
1
2
45
7
1
1
5
8
2
1
1
1
2
1
4
1
4
1
5
1
3
9
1
1
1
1
1
1
1
3
5
6
1
3
1
1
1
1
1
1
4
7
25
2
7
1
1
34
1
9
1
1
12
1
1
1
1
1
2
3
1
1
1
1
2
1
1
1
1
1
2
5
117
5
15
1
1
1
5
1
1
1
1
9
2
1
2
1
1
1
1
44
1
1
11
55
1
1
2
1
1
2
54
3
1
4
1
1
2
6
1
1
1
2
88
1
1
1
1
5
1
1
12
2
31
1
1
1
18
1
1
1
1
2
5
22
4
3
4
1
2
1
3
1
4
1
7
14
1
4
1
67
1
441
2
1
1
1
2
1
1
1
1
1
1
3
1
1
1
1
1
1
1
1
1
1
1
1
10
1
1
35
2
9
2
3
86
1
17
1
1
1
4
1
1
1
1
2
1
1
1
1
1
2
1
1
1
4
8
1
7
21
3
362
1
1
5
1
1
1
1
1
1
1
1
1
1
1
1
1
1
2
1
5
6
1
1
2
1
8
16
6
1
1
1
11
1
1
1
1
2
26
3
1
1
1
2
3
2
1
3
1
1
1
3
1
1
1
3
69
1
1
2
1
1
1
1
1
5
1
1
5
2
1
1
2
1
1
3
2
42
49
18
236
120
1
1
1
1
3
3
2
2
1
6
65
1
14
1
1
2
5
1
1
6
1
1
1
5
5
1
2
1
1
1
1
2
1
1
3
1
1
1
1
1
40
2
10
7
40
3
16
13
3
207
2
37
373
1
1
1
1
3
7
12
1
19
2
1
1
220
1
16
9
4
88
178
2
4
1
1
3
2
1
3
2
1
28
3
1
1
2
3
1
1
2
3
9
2
2
1
2
13
1
1
1
53
1
39
1
1
1
1
2
1
5
5
2
1
1
3
1
1
1
1
1
16
1
1
1
2
1
1
1
3
4
2
4
20
20
1
2
1
1
19
2
2
1
2
4
8
1
1
1
1
1
2
1
1
1
1
1
1
1
1
1
3
1
1
1
1
1
1
1
2
1
1
1
2
2
2
2
1
1
1
1
1
1
2
1
1
1
3
1
1
110
21
12
1
1
11
46
4
1
1
1
1
1
1
1
1
1
1
1
1
1
1
3
1
3
1
1
1
1
2
54
12
6
2
1
2
56
2
34
1
1
2
1
2
1
1
1
1
1
1
1
1
1
1
3
1
1
1
4
1
2
5
1
30
1
1
1
3
1
1
7
2
3
12
1
1
1
5
8
1
2
1
10
1
6
1
1
2
4
1
1
1
1
6
1
5
6
1
1
1
1
2
65
1
2
2
1
1
1
7
5
1
1
1
1
1
1
41
63
1
3
2
1
1
28
1
1
2
3
42
117
138
69
4
1
13
160
1
2
8
19
91
26
7
58
4
2
23
7
2
1
1
29
2
1
1
2
3
112
1
1
1
1
128
55
1
2
2
2
1
1
1
1
3
3
1
63
1
1
1
1
2
135
1
1
1
5
3
1
1
2
1
1
2
4
2
12
5
1
1
1
3
1
1
9
24
1
4
1
1
1
4
2
1
1
1
2
5
3
1
1
1
1
1
1
1
6
2
1
1
1
1
1
1
1
1
1
1
1
1
1
1
6
1
1
1
1
2
2
1
1
1
1
4
2
17
1
1
1
1
1
1
1
3
1
26
1
14
151
12
30
17
2
1
1
1
1
2
11
12
19
2
5
1
10
2
26
1
4
5
1
49
2
2
5
1
4
1
1
1
12
1
26
333
1
5
1
1
2
2
1
1
1
1
1
2
1
1
1
1
152
24
1
1
6
1
1
8
3
1
1
4
1
1
1
416
1
1
3
1
6
2
1
1
1
1
1
1
3
1
1
2
4
1
1
1
1
1
14
108
1
1
4
2
1
1
2
5
1
2
6
1
2
2
1
15
96
1
1
1
1
1
1
2
1
1
9
1
1
1
1
1
1
1
1
12
40
1
1
1
1
1
2
6
1
1
1
4
4
2
1
22
2
1
1
3
1
1
2
2
1
1
1
11
1
1
9
1
1
4
18
2
2
1
1
1
1
1
1
3
1
1
1
1
1
20
1
1
1
1
2
1
1
1
4
1
1
2
2
1
65
1
3
1
1
1
1
1
1
1
82
1
6
67
12
1
1
2
4
2
3
1
1
1
1
1
2
1
1
1
1
2
1
4
1
3
7
1
39
3
3
1
2
1
1
2
1
2
6
1
1
1
2
2
1
1
1
11
1
197
1
1
1
1
1
1
2
4
1
1
2
1
6
2
2
2
1
27
2
1
51
6
3
1
2
7
9
1
5
1
2
1
11
1
4
1
16
2
1
1
1
92
1
1
4
3
1
1
2
7
1
1
1
1
1
4
1
1
2
2
1
1
44
2
8
4
3
23
2
17
1
15
16
1
3
2
95
1
1
1
1
1
1
1
1
1
1
1
1
3
1
1
1
2
26
1
152
1
2
1
4
1
1
1
7
1
1
29
484
12
2
1
1
17
1
5
1
1
1
1
5
1
1
1
23
2
4
16
2
2
49
1
1
1
1
1
1
1
1
1
1
1
2
1
4
1
2
4
9
1
1
14
1
1
1
1
1
1
1
20
1
1
1
1
2
7
26
2
1
1
1
1
4
1
6
19
1
8
20
3
1
36
1
1
1
1
14
3
5
1
1
1
1
1
1
2
1
1
2
2
1
3
1
1
3
1
4
1
9
6
18
1
1
3
1
8
1
1
4
9
1
1
16
61
1
1
1
12
5
2
28
123
365
1
1
1
1
1
1
1
1
6
1
1
2
1
1
1
1
1
1
1
2
13
1
1
2
7
3
1
1
1
1
6
2
1
3
1
1
1
1
1
4
1
6
1
3
118
2
3
1
5
1
3
1
4
5
3
8
1
1
4
1
1
1
3
2
7
1
6
1
1
1
1
3
1
5
1
1
1
1
2
2
1
1
6
2
1
1
1
1
1
1
1
1
2
4
5
1
120
103
1
1
1
1
1
1
10
1
2
99
1
1
27
60
73
1
1
2
8
274
1
4
42
20
14
64
43
57
12
43
6
5
2
1
2
1
1
28
1
20
1
1
1
2
1
1
3
2
1
1
1
4
1
1
1
2
1
4
1
188
4
1
4
27
23
17
1
2
1
2
1
47
1
1
1
1
1
1
2
1
2
6
1
1
1
1
1
1
1
1
1
1
1
270
71
8
14
1
5
7
4
12
3
1
1
1
1
1
1
1
4
4
1
5
2
7
1
42
149
1
1
1
1
26
1
1
1
1
2
1
2
1
3
1
91
1
1
2
1
6
2
1
1
1
2
1
2
8
1
1
3
1
63
31
2
2
1
4
3
1
1
82
5
1
1
2
1
1
2
1
4
21
256
7
7
1
2
1
1
1
8
1
1
1
1
3
10
1
176
12
1
1
1
15
1
1
1
1
1
1
1
1
1
3
1
1
1
4
6
1
2
1
2
1
2
22
1
6
1
1
104
1
1
2
1
4
1
1
1
1
1
12
1
1
1
4
180
10
2
1
1
3
1
3
5
1
2
2
1
2
1
1
1
1
1
2
4
1
1
3
1
1
3
7
7
1
1
1
29
3
6
2
1
1
2
1
2
1
9
1
1
1
1
1
1
1
1
1
1
1
1
2
8
2
1
1
1
3
1
1
1
1
1
1
1
2
1
1
1
2
5
1
3
1
3
3
1
1
1
1
1
11
4
9
2
1
1
1
7
11
2
4
2
15
1
12
41
6
57
2
1
1
3
1
10
2
6
1
5
1
7
1
7
1
5
1
1
1
2
5
1
1
1
3
9
1
18
1
3
2
1
6
1
1
1
1
2
22
3
1
1
1
1
27
1
1
23
65
1
21
1
3
3
1
4
1
1
8
1
38
1
1
3
16
1
1
3
5
1
33
7
57
1
46
1
1
1
1
1
1
4
1
1
1
8
4
7
1
1
1
1
2
1
9
1
6
1
1
3
1
65
8
2
2
47
3
5
1
2
1
1
1
2
1
1
2
11
2
9
1
359
9
4
127
28
16
1
22
23
3
266
3
237
1
1
1
1
4
1
23
7
1
1
1
17
1
4
6
1
1
1
29
1
1
2
4
1
1
1
1
1
9
2
1
2
6
1
8
11
2
1
1
2
309
2
1
16
1
3
40
1
3
1
1
1
2
1
1
1
1
17
162
1
5
1
1
42
4
5
2
1
1
1
14
1
1
1
1
1
1
3
1
1
5
1
1
1
2
2
1
1
1
1
22
94
1
7
1
3
1
1
1
1
3
3
1
13
25
28
6
22
6
275
1
1
1
2
3
1
1
2
1
1
1
4
1
1
1
1
2
1
1
3
29
170
1
2
25
1
34
9
1
6
3
1
1
30
1
3
20
9
2
5
1
2
2
5
3
1
1
1
1
1
1
1
1
1
20
1
2
397
4
1
1
1
1
1
2
1
1
1
2
11
7
7
15
2
1
2
1
1
1
1
13
1
1
20
1
4
33
10
1
1
2
5
1
1
27
5
7
1
1
1
1
2
1
10
19
1
2
1
1
1
1
1
1
1
1
1
1
1
1
11
3
1
38
18
1
1
1
1
1
1
1
1
1
1
1
1
17
8
71
16
1
6
1
1
8
1
1
1
1
1
2
2
1
1
1
65
2
3
2
1
3
1
1
8
5
1
1
1
1
176
1
1
4
1
6
100
1
6
2
1
2
1
4
1
3
5
1
1
15
17
3
11
17
2
1
1
1
1
1
2
1
1
1
1
1
1
1
1
1
1
1
20
1
4
1
2
1
2
1
1
1
1
6
3
1
2
15
1
1
3
1
7
37
129
1
1
2
1
1
3
1
1
1
1
13
1
1
1
1
18
13
61
1
143
1
1
2
2
1
1
6
1
1
2
1
2
1
1
2
3
1
5
2
1
13
1
2
1
1
1
1
1
3
2
5
1
2
1
2
11
52
1
1
1
1
1
2
1
1
1
8
1
1
1
1
56
36
1
6
1
1
1
4
1
1
1
2
2
1
2
67
1
1
2
1
3
1
21
1
1
2
2
2
8
1
1
1
2
4
1
1
2
1
2
1
1
1
1
1
1
2
5
1
1
1
3
1
1
1
1
6
2
47
1
1
1
10
1
2
6
1
139
2
4
2
102
2
2
1
2
28
6
1
3
1
8
1
1
1
1
1
1
2
18
1
1
1
1
1
1
1
1
3
1
1
1
1
1
1
1
1
1
1
2
3
1
2
2
5
21
4
4
1
1
3
1
3
1
1
1
2
2
2
2
1
2
1
1
2
1
1
1
17
1
3
3
2
2
1
17
9
1
10
25
10
6
3
1
2
9
8
1
81
99
1
1
4
32
2
29
112
3
1
15
2
1
47
2
1
4
4
1
40
4
34
4
2
12
39
30
15
2
15
19
1
4
44
3
8
7
95
7
1
3
1
7
1
1
1
1
49
2
1
1
2
1
13
20
11
1
20
130
36
2
3
1
23
10
15
239
1
2
2
3
1
1
3
1
1
24
1
1
1
1
2
2
7
1
1
1
66
5
3
1
2
4
2
1
12
1
1
1
21
3
1
1
1
1
1
26
18
1
1
7
1
1
2
2
1
2
1
1
2
1
1
4
229
2
1
1
2
1
1
1
1
4
1
1
1
1
1
1
12
131
1
3
7
6
1
14
1
1
9
3
2
1
1
193
1
5
1
1
1
5
1
1
1
1
1
1
1
1
1
5
1
49
3
1
2
1
1
2
1
1
30
1
1
2
1
1
1
1
30
1
2
1
5
1
1
1
3
2
1
1
17
1
1
1
1
3
2
1
1
1
1
1
1
1
3
2
1
3
1
3
4
5
1
1
1
2
1
3
1
1
7
1
4
5
383
1
1
1
1
1
1
1
1
1
9
3
1
1
2
1
1
18
1
1
1
4
1
1
1
3
2
7
1
1
1
1
1
1
1
1
2
1
21
1
2
1
7
2
1
2
1
2
1
1
6
8
2
1
4
2
1
1
4
11
1
4
1
1
3
1
1
1
1
1
28
55
2
1
1
1
7
3
1
1
3
4
2
1
7
1
1
25
34
6
4
1
11
20
14
2
45
12
1
2
2
3
1
4
1
2
2
2
1
1
6
16
2
2
10
1
1
1
32
1
2
2
1
2
2
3
113
1
14
3
7
10
203
75
3
15
36
1
2
24
1
1
1
1
1
1
1
1
1
2
3
2
1
1
1
146
95
82
1
1
82
1
1
1
1
1
4
1
1
6
1
1
1
1
1
1
1
1
1
6
71
1
4
37
1
19
124
569
112
2
20
12
3
40
6
4
19
11
71
166
3
2
397
32
59
12
7
4
5
1
1
2
2
1
1
1
8
6
1
5
401
1
1
1
2
47
2
2
2
2
1
3
3
1
8
1
19
1
7
2
3
3
1
1
1
2
1
3
29
8
1
11
2
1
1
1
2
1
1
5
8
35
9
1
3
1
1
1
1
2
2
1
1
3
1
1
1
1
10
75
1
3
1
2
1
2
1
298
185
115
59
1
7
1
1
1
1
1
14
9
94
20
80
3
4
1
3
4
1
1
2
1
2
1
2
3
1
1
1
2
1
1
1
2
1
2
1
1
1
1
1
1
1
1
1
1
1
1
1
2
1
1
48
1
1
1
1
1
1
2
1
1
1
1
1
1
1
1
1
1
3
3
3
1
1
1
1
1
1
2
2
3
1
1
7
1
1
2
1
1
2
177
29
1
1
1
1
1
1
1
7
49
24
4
1
1
75
6
1
2
27
4
101
10
62
214
69
2
190
1
1
1
1
1
1
2
3
2
1
1
2
1
1
1
1
1
6
2
1
6
34
2
1
1
2
5
1
1
3
1
1
2
1
1
1
2
2
1
1
1
1
2
2
1
1
1
2
2
1
1
1
206
8
101
1
1
2
1
1
5
1
2
1
1
6
1
1
1
1
1
1
1
1
1
3
1
1
3
2
1
2
2
1
1
2
1
1
1
6
2
2
1
44
5
14
12
24
4
1
7
2
1
127
1
1
1
2
1
1
1
7
3
1
2
1
3
1
2
2
1
1
13
1
1
1
1
17
5
1
50
1
1
1
1
1
2
3
1
1
1
1
1
1
2
1
1
2
1
5
1
2
52
3
1
3
1
1
1
2
4
1
1
1
1
1
1
98
1
1
1
1
1
2
1
1
4
4
1
2
6
1
1
2
1
1
2
1
1
1
1
1
1
1
2
1
1
1
2
1
5
2
1
7
1
1
1
5
1
2
1
4
45
1
1
2
2
1
1
2
1
1
2
1
1
1
2
2
1
1
4
1
1
1
1
3
1
9
2
1
1
1
1
18
1
1
1
1
3
54
9
16
139
215
12
63
5
38
60
1
1
1
1
333
1
5
6
4
3
1
1
1
1
1
2
2
1
1
1
1
1
1
1
1
143
75
40
4
115
6
1
1
20
1
1
6
280
1
1
1
1
2
4
1
2
2
1
2
1
1
1
1
1
1
1
1
1
1
1
1
3
3
1
2
1
1
1
1
1
2
2
1
1
7
12
20
1
3
3
14
2
1
1
2
1
2
1
2
1
1
1
1
1
1
1
2
1
1
1
1
1
1
1
1
1
1
1
1
1
1
1
1
1
2
1
2
1
2
3
1
1
1
1
1
1
1
1
2
1
3
2
1
1
4
1
1
5
1
1
1
1
1
1
1
1
1
1
2
1
1
1
1
7
1
1
1
3
4
8
2
1
2
1
1
2
2
62
2
7
5
1
3
2
1
6
1
3
21
1
9
15
56
11
7
1
1
14
3
7
1
7
1
1
2
1
1
1
1
1
2
1
16
1
1
1
4
2
83
4
1
1
2
2
2
1
2
1
1
11
1
1
6
1
1
1
1
1
4
4
8
1
1
1
1
1
2
1
2
1
1
1
2
2
2
1
1
1
1
8
2
2
1
1
1
7
2
1
1
1
1
1
1
1
70
3
1
1
1
24
1
1
5
5
1
1
2
1
1
1
1
116
1
1
1
1
11
1
5
4
2
4
7
1
1
1
2
3
26
2
15
1
6
1
1
1
2
1
107
67
6
12
58
176
66
125
1
9
13
14
12
2
2
1
1
1
1
1
3
5
1
1
1
1
3
1
1
1
1
1
1
2
1
1
1
1
1
1
1
1
1
3
1
2
1
1
1
1
5
1
1
5
18
1
4
11
3
1
1
1
2
12
1
1
1
7
12
1
6
2
5
1
1
3
7
1
1
1
1
1
6
1
3
33
279
11
3
3
1
1
2
1
1
1
96
3
6
1
1
5
1
1
2
1
7
8
15
2
1
1
4
17
1
8
1
61
1
3
1
1
1
1
1
11
56
2
8
1
6
88
3
1
1
1
1
1
1
1
1
1
1
8
1
1
1
1
2
1
1
1
3
1
4
1
1
2
1
1
1
1
2
4
5
2
1
1
1
3
1
1
1
2
1
1
1
1
1
1
1
1
1
1
1
5
1
5
1
1
2
1
1
1
1
1
1
1
9
2
13
1
1
1
1
2
1
1
3
2
2
1
1
46
2
1
1
1
1
1
1
17
1
1
1
2
1
4
99
1
1
1
3
1
1
1
2
2
5
2
1
1
1
3
1
1
1
1
1
1
2
1
57
1
9
42
1
7
2
1
5
146
1
1
1
2
1
1
3
1
6
1
7
1
1
1
1
4
1
2
3
1
1
1
10
2
11
1
1
1
1
1
12
1
1
1
1
1
12
1
1
1
3
31
1
3
1
1
7
1
1
1
1
1
1
1
5
1
1
1
2
3
1
1
1
19
2
6
1
25
1
1
8
1
1
1
1
1
1
1
1
45
6
18
1
1
1
173
1
14
1
13
18
1
1
2
3
1
2
3
1
1
3
1
2
1
4
3
18
48
6
1
2
6
3
2
1
6
6
2
4
1
1
1
3
3
2
2
1
2
1
1
1
1
25
1
2
3
23
1
1
2
6
2
3
9
4
2
2
1
10
5
1
8
33
23
1
1
2
39
2
1
2
1
1
86
1
55
2
6
1
1
1
1
1
12
1
8
1
1
1
1
1
1
2
1
1
3
6
2
1
3
1
1
10
1
16
1
40
1
14
2
1
1
1
2
1
1
30
3
1
1
1
1
1
1
1
1
1
1
2
5
1
3
1
1
1
11
1
1
2
1
2
13
1
5
2
1
4
2
1
2
19
1
1
1
1
1
1
1
1
1
1
1
3
6
2
3
1
1
1
1
1
4
2
1
11
1
1
28
77
1
3
20
3
13
6
1
1
2
12
11
7
6
1
333
1
11
1
2
2
2
1
1
10
23
1
2
1
2
5
1
5
11
2
1
7
4
1
1
3
4
3
1
2
1
2
1
1
4
1
1
1
13
1
1
7
1
1
3
2
6
2
1
2
1
1
1
1
1
1
1
1
1
1
1
4
3
1
1
1
1
2
1
1
3
1
1
1
1
1
2
1
8
1
1
7
4
2
42
1
1
1
4
2
8
4
1
2
1
1
4
1
2
1
2
2
3
23
2
6
1
1
1
1
1
1
1
1
1
1
1
1
13
7
46
1
1
1
1
6
1
1
1
2
2
2
1
1
2
1
23
1
3
5
1
1
1
15
4
1
1
1
1
13
2
1
1
1
2
1
1
1
1
5
2
2
1
2
1
1
1
4
1
1
1
1
2
4
1
2
2
1
1
1
1
1
1
1
1
1
8
8
36
2
1
1
1
1
1
1
2
1
3
5
1
1
1
1
1
1
1
1
1
2
2
1
2
1
1
1
1
3
1
1
1
1
1
1
1
4
1
1
1
2
1
1
1
1
1
1
1
1
1
1
1
1
1
7
2
1
5
2
4
1
1
1
1
3
1
1
1
3
2
1
1
1
1
1
1
1
78
5
1
1
8
1
6
70
8
1
1
1
1
3
2
6
1
1
1
1
1
4
18
1
1
1
1
22
2
1
1
1
2
1
3
1
1
3
1
7
3
1
1
1
1
5
1
12
12
1
2
3
2
1
1
3
3
3
19
1
5
2
1
1
1
4
1
2
1
1
1
2
1
8
5
16
3
1
2
1
2
5
3
3
1
1
5
1
1
1
1
1
43
1
8
2
1
1
2
90
7
1
1
2
3
2
1
3
1
1
8
1
1
1
1
8
6
1
2
5
5
2
2
1
2
2
2
4
3
2
1
1
1
2
1
3
2
2
1
2
1
1
1
4
2
1
3
2
1
2
2
1
1
2
2
1
1
1
1
3
2
5
2
5
5
1
1
15
2
1
9
4
8
4
2
3
14
4
1
1
3
1
2
1
6
1
2
15
1
5
1
2
2
2
30
27
4
7
50
1
1
2
1
3
7
2
4
2
1
4
15
1
1
5
1
1
1
5
1
1
1
4
1
1
1
3
3
1
4
2
1
4
2
1
1
2
1
1
1
3
1
1
1
1
1
1
1
3
2
2
1
4
34
1
4
1
2
2
1
1
1
2
1
1
1
1
1
5
1
1
1
1
2
1
3
1
1
1
3
3
8
26
7
2
1
7
1
1
1
2
1
1
1
1
1
1
1
1
1
1
1
1
1
1
1
1
1
1
1
4
1
30
66
2
1
1
1
1
2
1
1
2
1
1
29
2
3
1
5
1
1
1
1
6
2
1
1
1
1
3
1
1
2
3
1
2
2
2
2
41
5
4
1
1
1
1
2
2
1
2
1
1
1
1
1
1
4
10
4
1
42
1
3
3
3
3
1
1
2
1
1
1
1
1
2
1
1
1
3
1
1
1
1
8
1
1
9
1
1
2
4
14
119
303
2
98
113
1
90
3
1
2
1
1
1
10
1
2
1
2
1
2
3
3
3
5
1
1
2
1
1
2
1
1
1
2
2
1
8
1
1
1
8
2
1
8
1
1
3
1
1
1
1
1
3
1
14
2
2
1
1
1
1
43
18
65
169
1
1
4
1
2
1
4
2
2
10
6
1
1
15
1
1
2
1
1
2
1
1
2
3
5
8
1
2
1
3
1
85
2
1
1
1
1
1
6
2
1
2
2
3
2
1
6
19
1
1
1
1
1
1
1
2
3
1
2
3
1
2
5
1
1
2
1
1
4
1
16
2
1
1
1
2
2
6
3
2
2
1
4
7
1
1
4
35
5
1
4
7
9
2
16
16
3
1
1
1
1
2
3
1
1
4
1
2
1
4
1
14
38
4
1
150
4
1
1
1
38
1
1
1
1
1
1
1
1
1
4
9
1
1
2
1
2
2
36
387
172
76
40
11
168
72
7
1
284
165
7
13
1
1
1
2
1
1
1
17
2
1
1
1
1
4
1
1
2
4
1
1
1
218
116
2
1
1
2
2
1
1
1
1
2
1
1
1
1
5
1
1
1
2
1
4
1
1
1
1
1
2
1
1
1
1
1
2
3
2
3
2
38
3
1
3
6
1
4
5
4
2
1
1
18
1
1
2
37
1
1
1
4
2
1
6
13
1
1
7
1
1
6
8
7
8
1
1
1
4
1
3
6
1
1
2
1
5
1
2
1
1
18
1
74
1
8
1
1
1
7
20
4
1
1
1
1
13
1
1
1
2
1
1
1
1
1
4
3
1
11
5
1
2
10
1
5
6
1
1
188
1
1
5
1
1
4
1
1
1
1
68
7
1
46
4
3
6
4
2
3
2
5
1
1
3
68
1
1
1
1
5
3
1
5
6
2
1
1
2
2
1
4
1
1
1
2
1
2
2
1
1
1
2
6
1
2
4
2
30
4
4
2
77
2
2
3
1
1
9
269
1
1
1
1
1
1
3
1
2
4
3
1
1
1
18
3
8
7
5
6
171
1
1
1
2
16
1
1
1
2
2
10
2
4
1
1
7
1
1
1
3
1
3
4
23
1
1
17
3
7
15
6
1
10
1
4
12
7
122
2
4
2
1
3
1
1
5
1
4
4
1
2
1
1
2
3
1
4
1
1
1
2
4
1
3
1
1
2
2
2
1
1
2
1
3
1
1
1
4
1
1
1
1
1
3
3
5
1
1
1
2
22
1
1
4
5
1
1
7
1
12
1
2
1
1
1
1
1
4
1
1
16
1
1
2
5
3
3
1
3
1
1
1
1
6
1
29
2
1
1
1
1
2
1
1
1
1
1
2
2
2
1
3
1
1
1
4
8
8
4
2
1
1
41
5
5
1
1
10
1
4
3
1
2
2
1
1
3
1
3
1
2
76
1
19
34
3
74
1
1
3
3
1
1
1
1
1
2
1
3
1
7
4
2
1
2
4
1
1
1
1
25
2
1
1
4
1
1
7
3
1
1
1
1
3
1
2
6
3
1
3
1
2
2
1
1
3
3
47
2
1
1
3
4
28
1
4
10
1
1
1
2
1
1
1
1
1
1
23
1
1
1
1
1
1
2
2
1
1
1
1
1
27
1
2
1
12
1
2
1
4
1
6
3
1
1
1
4
18
6
29
7
1
1
3
1
7
9
7
2
1
70
11
61
3
3
6
1
4
2
15
113
93
33
175
27
1
1
2
1
1
5
1
2
16
1
1
9
10
14
1
1
65
177
1
1
1
1
1
1
1
205
1
1
1
1
1
1
1
1
1
3
10
15
21
218
1
4
1
1
1
2
4
2
2
1
1
1
1
40
1
1
1
1
1
1
3
222
1
3
77
5
1
1
28
13
1
1
87
30
11
1
1
2
9
2
1
1
1
1
1
1
2
1
2
4
1
1
1
3
2
3
21
1
1
1
1
2
1
1
3
1
2
1
1
1
1
1
1
9
4
1
1
2
1
2
1
1
1
1
16
2
1
1
12
3
1
6
1
3
7
2
16
3
1
2
1
2
1
3
4
1
1
1
6
1
1
1
3
1
1
2
2
1
2
1
1
5
2
7
1
1
1
1
2
2
1
5
6
1
1
2
2
3
1
1
1
1
10
2
4
1
1
1
1
1
1
6
16
1
4
1
1
1
4
1
1
1
1
1
1
1
1
4
1
1
9
1
4
1
1
1
1
1
1
1
1
1
1
1
1
3
2
1
40
2
1
1
1
1
5
1
8
3
3
2
10
1
1
1
1
1
3
25
1
1
1
1
1
1
2
1
18
2
1
19
1
4
4
1
5
1
1
1
8
4
1
1
10
1
1
1
4
1
2
1
1
1
2
1
4
1
1
3
1
1
5
10
2
9
3
1
2
2
1
2
1
8
5
1
2
1
1
1
15
37
1
1
1
1
5
2
1
3
1
1
3
1
1
1
1
1
2
5
1
1
1
1
3
3
1
1
1
1
15
1
1
1
3
2
2
1
2
2
1
1
2
1
3
1
1
5
2
43
56
53
2
1
2
1
1
1
2
10
1
2
1
2
14
1
2
2
1
1
67
1
2
2
1
2
1
10
1
10
13
1
19
1
1
4
4
2
1
106
23
1
1
1
1
1
4
1
29
1
3
6
1
2
1
2
2
5
1
1
7
111
1
3
3
1
3
1
2
1
1
11
4
4
1
1
7
3
3
1
1
1
1
1
1
5
2
51
76
22
1
1
1
1
1
25
115
1
1
1
1
1
1
1
1
1
1
2
4
2
1
1
1
1
1
1
2
1
3
1
1
1
1
18
1
3
1
1
1
1
1
1
1
1
2
2
1
3
1
5
1
1
2
2
1
2
1
1
1
14
1
1
8
2
3
1
2
1
1
1
1
1
1
1
7
1
2
1
2
3
5
1
1
1
1
2
1
1
2
14
2
11
7
1
628
