3
9
2
4
5
4
1
1
2
8
1
2
1
1
9
6
1
30
1
1
5
1
1
2
1
3
1
3
2
4
10
5
2
4
8
6
1
3
3
3
2
2
1
3
1
2
2
1
3
1
20
2
1
2
2
12
3
1
1
1
4
3
4
1
7
3
2
1
2
18
3
7
1
3
4
1
1
2
1
2
2
3
2
2
1
2
7
2
6
3
2
9
1
1
3
1
1
1
4
4
1
3
3
1
2
1
1
2
2
6
7
5
2
2
18
3
12
1
3
3
4
1
2
23
2
1
1
1
1
2
8
3
3
4
1
1
4
6
2
3
1
3
2
4
1
1
3
1
3
1
2
3
10
1
13
5
5
25
1
1
1
3
8
2
1
1
7
23
4
3
3
1
1
1
11
2
1
2
2
2
15
1
1
2
2
7
2
3
2
4
3
2
1
1
2
13
2
11
1
19
3
2
4
1
17
2
2
1
2
1
2
2
2
1
2
2
1
1
3
5
1
2
1
5
3
1
2
7
1
1
18
2
1
1
1
1
2
1
1
1
2
2
1
3
3
1
2
2
1
1
1
2
19
1
1
2
5
1
1
12
2
4
1
1
1
1
2
2
5
2
5
6
1
1
5
5
3
6
1
2
1
2
2
1
2
4
1
1
6
1
2
3
2
2
2
2
5
2
2
3
14
1
10
2
1
2
4
1
18
1
2
5
1
1
8
1
8
1
9
1
1
7
6
3
12
2
1
10
17
1
3
3
1
1
1
1
1
2
1
1
3
2
2
2
4
5
2
2
2
2
3
14
1
2
1
3
4
2
3
2
16
5
1
3
12
6
5
1
3
2
1
1
1
2
1
2
2
1
2
3
2
4
1
1
14
1
6
2
3
2
3
3
8
4
2
6
3
37
2
7
1
1
3
1
17
2
1
1
2
1
2
1
4
14
1
1
11
1
1
11
1
9
2
4
6
2
1
6
2
5
4
1
3
1
2
19
3
10
1
1
1
1
1
7
13
1
2
4
2
9
1
2
5
2
6
5
1
1
1
2
1
1
9
2
2
4
3
1
2
1
2
2
3
2
2
3
3
1
1
1
1
8
1
1
1
1
1
15
16
1
2
3
1
2
6
5
3
1
7
1
2
1
1
17
3
1
42
11
4
3
7
1
8
2
8
11
1
1
1
1
7
33
4
25
2
1
3
2
1
1
2
1
25
3
10
5
1
8
3
1
6
5
8
3
8
4
4
2
1
2
2
2
4
1
4
1
3
1
2
1
1
10
1
2
2
1
6
2
3
4
19
3
1
2
1
1
4
1
4
2
7
1
2
1
5
2
5
2
6
7
3
5
1
3
3
1
2
3
2
5
2
1
3
1
1
1
8
2
2
1
4
2
1
1
2
2
3
3
7
2
4
2
1
2
2
4
2
9
4
1
1
1
2
2
4
11
4
8
2
2
1
1
5
2
6
7
5
7
1
1
3
8
1
1
3
1
2
1
4
5
2
2
4
1
1
2
4
4
1
3
2
2
2
6
3
1
11
4
1
10
4
40
3
13
1
1
3
3
3
4
1
1
2
2
2
24
9
3
2
2
1
5
4
2
1
3
2
10
1
2
12
3
1
1
1
4
8
5
2
9
10
12
2
1
1
13
1
3
6
6
4
1
2
1
17
1
1
3
2
5
1
3
1
5
1
1
2
1
3
11
1
1
2
1
1
1
2
2
2
3
2
5
10
3
2
1
1
5
2
3
1
1
1
1
1
2
2
1
5
2
43
1
1
3
2
3
1
10
1
1
2
1
2
7
1
2
1
33
1
2
11
1
1
19
1
4
1
5
4
1
4
1
2
2
3
1
15
4
10
2
1
18
2
18
1
22
3
1
1
2
2
7
1
2
4
1
1
2
6
3
1
1
1
26
5
4
3
3
2
1
1
2
3
5
3
2
1
8
1
4
3
4
2
5
1
3
1
8
2
2
2
9
4
1
7
7
1
1
2
4
3
3
1
2
2
1
16
7
32
3
1
3
4
2
33
11
1
2
21
5
2
12
1
47
4
7
1
1
1
8
1
1
1
1
6
9
11
11
4
1
5
1
1
2
2
7
2
2
1
3
2
4
3
2
3
2
4
4
2
2
8
3
1
2
19
2
6
2
14
2
2
6
1
1
3
6
2
2
1
2
14
3
19
2
13
1
1
1
3
11
3
1
1
1
1
1
4
1
4
2
1
3
2
5
2
1
1
8
4
2
1
2
1
2
6
1
7
5
8
6
3
1
3
3
2
1
2
4
1
1
3
2
9
2
1
4
3
19
1
10
1
1
1
2
2
1
3
2
4
11
1
6
1
1
1
2
2
2
3
23
4
2
6
14
1
1
4
4
1
5
2
1
9
2
3
6
4
2
1
1
1
2
1
15
1
2
1
1
4
14
8
3
11
24
1
2
4
3
3
1
1
4
6
2
2
4
1
8
2
11
2
2
1
4
1
6
1
1
4
1
1
2
2
2
1
2
2
1
2
3
8
1
1
2
1
1
3
2
1
1
7
2
5
9
6
8
11
1
2
1
4
9
5
4
5
3
6
9
3
5
5
3
6
1
8
3
11
2
11
2
2
2
6
1
7
4
1
2
3
2
5
1
3
2
5
15
11
1
3
6
1
1
1
3
1
5
1
3
1
2
1
5
1
1
4
5
2
8
1
5
2
1
1
16
6
1
1
6
11
13
1
5
34
1
2
6
4
1
1
2
1
2
1
1
17
1
2
3
1
2
1
4
3
3
2
2
1
4
1
1
3
7
8
1
2
5
5
1
1
2
7
1
1
1
1
12
4
1
4
1
1
7
1
2
1
1
1
14
6
16
1
1
1
3
1
1
1
2
4
1
2
2
1
1
1
8
16
4
1
3
2
13
3
1
4
2
6
6
9
2
2
4
1
1
2
1
1
4
1
2
3
1
3
1
4
4
3
5
1
2
2
4
2
2
3
5
1
1
2
1
22
8
2
6
2
1
2
2
1
1
2
2
1
2
2
9
1
1
6
16
17
11
1
9
1
1
5
3
2
1
1
1
5
1
1
2
3
5
1
1
8
8
2
1
1
2
1
1
1
1
1
3
1
8
4
18
4
1
3
17
2
3
9
2
1
1
12
2
29
1
1
3
1
2
4
12
2
1
5
1
2
2
1
1
5
2
2
7
3
2
4
3
2
2
1
10
1
2
2
1
1
5
5
2
1
2
1
7
6
7
1
17
5
1
3
1
2
2
4
1
1
4
1
22
5
1
5
3
4
2
2
2
18
1
2
1
2
2
4
3
7
5
1
7
3
17
1
1
14
1
1
2
1
14
2
2
1
1
2
8
2
3
3
4
3
4
2
1
2
1
8
3
2
8
1
2
4
1
4
18
13
1
1
1
9
7
1
1
3
14
1
2
4
3
2
1
2
1
9
2
17
4
2
2
1
1
1
4
3
2
5
5
2
2
4
2
1
3
1
3
2
2
6
11
2
10
1
3
2
1
1
2
1
1
5
22
1
2
2
2
10
1
1
5
1
2
1
2
32
15
27
2
1
2
6
1
2
2
1
2
1
1
5
1
2
5
1
7
15
6
7
12
1
13
1
2
1
7
1
2
1
5
6
3
1
2
1
15
2
2
2
1
1
3
6
2
5
4
2
3
1
1
2
13
2
2
1
1
2
22
6
2
1
4
1
1
1
1
1
6
7
6
2
1
1
9
23
3
1
9
3
2
11
