1
5
1
26
7
1
11
121
8
10
12
2
4
3
36
78
2
13
1
5
1
1
11
1
17
7
1
19
2
8
2
6
6
1
47
5
5
16
1
3
10
14
17
38
26
6
2
3
1
12
2
2
1
2
2
7
1
8
108
4
16
111
12
3
5
14
3
1
9
13
24
20
28
51
7
94
6
8
8
41
9
41
117
1
6
57
19
17
1
1
12
1
7
32
1
1
16
7
5
108
5
88
35
8
36
17
1
7
5
3
5
40
1
1
4
1
4
1
9
1
60
27
8
6
34
2
12
25
35
7
30
27
2
4
13
1
28
4
2
1
10
1
7
7
1
4
4
2
4
1
17
2
1
1
2
5
15
7
1
5
2
13
1
3
3
60
17
1
12
1
35
3
21
2
1
20
53
2
1
50
1
11
18
22
24
1
33
3
5
8
8
2
2
31
5
19
39
17
1
6
6
43
28
31
3
1
2
1
8
75
30
15
1
2
4
11
1
2
2
12
24
60
93
21
126
1
8
2
11
1
10
1
9
1
4
74
12
2
32
1
15
4
2
21
2
2
36
12
1
3
3
12
13
1
4
5
40
19
4
47
27
2
2
1
26
8
6
1
6
8
42
3
6
33
16
1
4
73
2
7
22
1
9
7
6
44
19
33
2
2
1
15
2
1
2
48
1
1
1
7
72
4
8
1
58
2
4
45
51
29
9
8
3
3
9
23
16
27
5
74
2
13
1
31
1
1
17
21
3
7
60
2
2
2
10
30
5
2
22
2
2
15
10
23
33
87
1
6
4
1
19
10
2
3
6
14
47
22
2
1
35
7
41
10
5
19
1
7
8
3
36
13
2
18
1
2
4
1
1
35
9
1
1
2
11
4
4
1
44
36
3
54
2
7
8
6
6
64
40
5
8
1
8
2
3
1
13
12
19
14
23
106
49
5
9
2
2
10
3
13
2
4
8
7
2
2
2
2
1
7
2
35
5
2
1
2
21
1
9
3
16
3
14
3
14
1
67
1
39
27
1
8
33
1
1
13
2
2
27
2
1
48
4
1
3
71
2
2
33
28
2
27
2
3
2
18
19
3
2
82
6
4
13
3
17
1
2
7
7
63
27
6
39
16
2
9
1
13
30
38
2
2
4
4
3
1
3
2
10
3
3
9
20
6
6
5
87
4
2
2
3
19
35
5
2
3
1
3
9
10
50
1
1
14
13
3
15
22
21
17
11
3
5
41
1
2
4
45
2
19
26
31
2
25
3
2
35
9
1
3
5
3
80
1
2
5
2
16
14
1
27
2
1
2
2
12
2
54
10
16
39
8
2
12
19
2
2
36
10
3
24
67
26
8
3
51
10
4
1
2
2
9
6
1
51
15
15
2
4
7
4
36
3
1
24
20
1
14
10
10
11
3
2
5
18
2
5
3
4
1
42
2
1
1
34
3
3
1
2
1
3
2
1
7
20
3
10
6
15
1
1
72
2
62
20
38
51
7
36
17
9
15
1
8
5
1
2
31
1
2
1
4
58
9
2
1
1
10
1
4
1
1
5
15
5
4
18
2
1
1
2
11
2
122
6
6
1
1
2
2
4
84
5
2
2
3
1
13
101
2
5
36
7
13
1
19
2
9
2
4
7
4
4
7
3
19
2
11
3
39
1
44
21
15
8
10
15
32
8
28
24
7
1
2
4
1
1
1
1
7
25
6
1
6
3
1
2
3
2
3
8
13
16
2
2
7
10
23
52
2
7
1
4
21
17
13
28
3
6
21
24
1
3
2
62
6
31
5
7
2
1
2
1
8
2
1
2
20
2
1
7
1
4
2
1
2
22
37
4
1
4
13
6
21
6
2
15
2
3
9
2
6
9
2
1
3
2
58
17
3
2
3
4
15
2
57
7
3
17
5
1
8
70
7
11
4
4
4
29
1
9
7
5
12
21
21
39
1
9
26
2
7
3
2
21
4
3
20
2
7
4
10
8
87
1
3
4
1
1
2
1
28
1
1
2
5
1
2
11
26
2
3
17
2
7
12
2
8
3
6
1
34
5
6
8
2
1
2
1
5
1
6
1
9
9
5
33
1
3
38
49
1
1
5
4
1
3
2
4
1
1
1
10
42
4
149
2
6
2
3
11
1
22
26
20
7
2
13
9
28
64
6
3
2
2
2
1
1
10
20
3
2
22
3
3
4
10
2
1
2
10
9
13
1
3
12
1
14
8
3
1
8
4
3
2
2
8
160
1
29
3
5
7
10
4
4
2
13
12
2
14
8
13
33
1
13
6
2
1
25
3
4
60
1
3
6
1
29
4
6
2
9
2
2
49
5
83
7
5
2
25
1
6
2
22
45
5
3
52
23
38
4
2
2
2
2
2
3
2
1
22
14
46
5
9
1
4
20
2
4
2
4
2
3
8
19
3
2
6
8
24
11
2
2
17
8
1
3
2
4
1
11
3
27
4
1
6
1
2
1
4
3
1
2
1
19
17
33
22
2
25
25
65
1
4
2
3
22
3
26
13
3
2
2
1
3
4
6
9
1
1
4
5
21
2
2
3
10
1
6
5
4
1
4
12
45
7
9
2
68
11
10
13
3
3
2
3
25
5
1
3
6
1
2
3
23
9
1
3
1
2
5
21
2
1
2
8
3
5
12
2
2
2
1
4
4
1
6
2
6
56
2
1
1
6
3
22
7
7
39
1
10
100
21
1
6
2
2
8
5
9
7
2
4
3
14
3
2
2
1
2
43
4
2
1
26
17
6
2
7
12
25
5
23
22
14
8
2
121
1
1
5
6
1
9
4
5
1
7
30
5
2
2
4
1
3
23
9
5
3
5
16
110
1
3
1
3
17
1
15
14
11
27
8
5
5
1
6
3
21
6
4
35
2
6
7
12
2
3
8
5
1
2
1
5
5
9
5
10
2
4
3
93
7
5
43
1
34
3
7
32
9
4
7
16
5
3
16
1
2
2
5
1
1
2
5
5
3
4
117
2
1
2
10
3
56
9
2
6
19
2
1
4
31
1
2
5
11
15
65
3
2
16
7
1
4
5
76
2
8
2
17
9
5
2
3
3
3
9
12
14
36
2
2
4
5
5
125
12
25
15
2
2
3
10
6
6
1
8
3
1
2
7
3
17
53
2
102
1
20
1
13
19
3
4
8
3
27
7
32
11
1
4
12
16
3
5
4
16
12
2
1
45
15
4
1
2
2
13
6
1
1
8
33
2
20
6
8
3
11
1
3
2
9
52
3
44
4
2
1
4
4
2
2
10
6
9
20
17
127
13
9
30
29
2
16
16
21
7
4
4
1
3
1
3
9
9
2
25
3
3
6
5
3
1
36
5
3
16
6
4
1
5
2
22
14
38
14
2
12
1
12
13
11
3
16
1
6
1
12
15
4
7
8
36
28
50
14
41
3
3
1
2
6
7
19
7
54
20
38
5
24
1
4
14
2
46
6
51
16
6
6
49
2
1
1
1
3
26
13
25
10
5
10
16
4
3
2
37
11
20
26
9
16
3
6
8
15
18
7
1
2
36
10
17
1
1
16
1
2
2
4
2
8
3
6
14
14
29
32
21
2
3
18
1
1
8
1
10
68
1
4
8
35
4
4
11
62
9
1
15
12
27
6
9
18
6
2
1
20
4
3
1
13
26
32
1
1
3
3
4
4
11
1
6
15
2
14
1
1
13
7
2
16
39
7
2
44
1
53
2
1
2
9
82
4
2
1
3
1
3
1
5
3
2
32
22
11
8
5
12
14
15
2
26
11
4
5
3
5
1
3
6
3
45
12
47
2
22
10
17
11
21
35
9
97
8
5
10
1
29
8
20
3
84
4
84
6
6
9
15
9
21
2
5
3
3
4
20
2
1
2
5
7
8
4
14
17
14
11
5
6
21
9
13
9
2
3
4
10
5
2
17
16
10
6
3
38
5
1
4
41
1
2
2
6
1
1
10
13
2
15
1
4
6
2
6
1
8
26
67
3
2
7
6
1
19
9
6
22
6
1
14
9
14
3
22
27
1
2
61
2
21
19
1
17
4
11
1
21
1
47
2
9
17
2
1
49
8
1
15
7
8
22
5
2
11
