171
9
51
12
34
3
1
70
20
3
30
4
8
13
17
57
1
5
20
2
145
6
5
9
156
55
3
21
145
190
14
5
11
30
1
26
17
4
12
6
31
15
105
8
5
8
177
203
49
31
34
3
18
14
19
14
20
3
31
38
96
3
12
1
49
10
59
43
195
4
2
23
1
7
33
9
1
31
41
1
1
39
1
4
14
18
16
12
2
13
18
19
143
8
28
13
1
14
32
3
2
103
1
4
11
2
65
121
1
182
100
43
6
33
8
130
15
24
18
39
27
24
22
59
2
242
1
284
8
75
13
103
4
17
23
67
1
2
4
58
27
2
45
33
23
4
10
67
8
29
57
278
3
50
80
5
19
79
11
1
10
63
44
13
84
4
22
40
82
10
280
119
2
11
31
96
4
233
137
1
4
5
1
18
3
47
2
7
8
6
21
24
2
20
49
22
24
11
199
7
25
72
4
1
6
18
35
33
40
23
16
69
18
20
9
4
3
123
19
39
6
1
166
4
118
209
43
4
73
10
17
4
47
6
69
25
22
43
10
34
36
3
56
29
106
67
49
9
2
68
5
15
3
2
16
3
69
1
3
27
91
9
36
7
8
67
1
36
4
23
286
189
1
1
16
23
8
155
77
23
1
97
74
8
20
4
1
2
88
110
11
3
20
25
9
44
6
1
2
6
2
13
73
7
17
1
1
1
213
11
57
1
188
10
295
11
1
32
73
1
14
55
1
9
8
7
92
182
16
61
163
65
9
1
6
47
5
6
141
242
22
1
2
15
5
14
137
1
76
21
7
80
29
6
64
1
71
1
1
22
4
31
5
6
6
33
73
136
25
1
2
1
11
51
3
62
128
229
1
22
81
200
74
6
102
1
186
67
7
3
1
1
262
44
1
36
6
3
145
76
147
4
137
10
10
5
18
210
7
156
43
1
12
18
297
189
2
8
43
5
2
28
9
187
38
1
26
2
153
333
12
18
37
6
1
10
14
65
5
64
4
73
1
3
40
9
140
14
59
1
11
91
4
1
6
10
4
6
16
9
29
6
4
3
47
4
1
1
48
24
247
1
2
6
212
27
1
8
7
10
242
19
6
16
133
1
1
7
3
51
37
1
17
10
70
13
4
97
364
3
69
1
5
2
21
1
30
5
39
62
32
65
2
9
25
14
18
6
19
195
25
119
28
13
9
1
4
9
107
12
6
1
7
3
29
19
43
42
49
20
10
27
81
2
39
4
2
70
8
117
3
20
6
56
3
2
1
8
14
18
117
21
2
157
3
3
8
5
1
103
1
2
4
15
39
49
8
15
3
4
13
4
3
41
20
29
8
80
290
3
48
3
2
15
1
5
7
15
1
1
30
12
140
220
9
7
19
15
28
10
28
18
1
1
15
15
44
15
43
6
32
1
4
1
16
11
1
15
7
5
68
8
7
10
16
78
1
13
1
12
49
23
11
2
56
88
1
3
1
20
3
9
5
5
23
15
6
100
6
1
48
60
171
9
33
33
31
33
97
14
9
13
75
121
99
29
136
6
17
2
12
3
3
3
14
230
29
103
16
1
3
190
74
13
139
53
102
160
82
49
2
16
28
34
28
1
77
20
133
2
2
1
2
19
3
33
45
13
4
1
231
39
137
5
125
9
6
119
1
34
16
45
12
34
18
15
49
2
1
3
6
27
17
56
1
34
1
1
4
7
31
11
172
12
4
15
1
21
3
27
1
16
16
33
7
1
4
72
221
88
129
1
6
77
27
28
5
85
173
13
1
36
1
17
2
6
32
10
13
7
15
67
9
82
4
2
13
21
3
6
24
4
4
10
59
1
96
11
289
8
31
57
13
57
6
12
1
10
18
3
2
9
4
51
31
5
178
1
22
19
7
5
25
13
21
5
1
12
58
9
3
16
10
11
13
4
181
84
103
10
1
3
13
1
7
3
7
151
1
36
37
75
17
32
12
12
106
82
1
158
3
56
3
10
15
57
21
100
3
70
89
9
6
6
251
24
74
22
9
182
5
6
3
116
8
18
15
120
3
1
120
3
9
2
208
13
3
2
1
3
4
2
17
3
3
28
10
192
150
11
118
21
7
83
17
1
75
101
12
6
212
1
17
3
24
4
1
2
19
19
16
24
57
3
2
6
26
12
1
13
2
92
4
13
2
56
1
7
10
1
125
50
49
56
4
9
68
6
41
25
23
27
47
4
35
281
3
17
55
15
47
13
15
32
51
76
2
6
15
9
65
99
3
14
14
9
5
39
146
52
2
3
3
8
2
51
1
12
43
89
15
49
9
23
33
9
2
3
44
76
93
31
67
53
10
1
6
1
7
2
11
125
23
18
1
1
1
5
3
6
32
29
3
32
19
9
140
16
23
3
11
1
4
105
21
29
5
1
1
1
1
155
105
1
13
3
67
7
58
2
115
10
17
28
4
228
86
7
5
148
59
2
1
3
60
49
49
5
16
30
29
8
7
1
2
20
24
18
1
3
34
22
5
1
18
27
6
5
23
167
2
83
1
1
7
42
2
105
62
2
6
12
34
41
1
3
23
20
26
1
3
42
7
67
15
27
7
21
90
16
80
65
2
17
5
7
96
200
1
33
27
142
208
12
34
2
5
10
59
32
13
14
58
89
110
68
10
78
186
13
65
2
18
66
14
25
7
1
6
42
19
44
5
2
35
21
107
146
4
3
6
22
4
27
4
9
66
39
137
1
42
28
3
29
102
52
1
38
29
47
6
31
40
12
5
37
2
3
65
5
29
104
11
1
11
12
13
36
29
8
245
2
12
15
22
24
38
193
60
31
1
5
110
19
60
73
46
20
33
15
3
34
11
66
4
11
9
3
10
10
9
3
109
8
52
45
61
12
70
49
21
23
71
13
18
17
5
9
4
68
118
163
13
62
13
5
1
1
5
27
1
84
43
3
62
17
43
95
1
232
32
35
49
5
11
2
19
104
6
295
12
1
14
19
39
146
8
152
5
18
9
70
30
4
28
26
16
15
84
15
15
6
2
3
7
38
7
14
4
10
56
53
48
17
36
1
2
21
18
1
48
26
7
11
5
10
38
3
32
60
1
36
11
2
62
46
46
49
53
1
24
115
10
16
74
1
9
16
26
5
44
59
2
139
1
27
29
3
12
4
25
6
3
11
13
1
69
17
140
11
41
137
7
19
7
172
28
18
14
49
8
48
90
43
78
27
164
21
12
6
64
73
9
4
69
13
42
10
32
6
5
21
11
250
10
8
51
99
42
7
13
25
7
2
6
86
26
1
21
195
40
2
18
38
224
16
3
13
24
7
1
27
4
2
9
2
7
91
13
22
6
96
8
165
1
20
168
7
117
35
16
41
64
6
102
20
18
6
52
1
53
61
4
9
146
197
1
185
36
89
144
2
59
88
9
1
74
39
1
5
5
8
24
9
3
3
2
8
16
4
2
2
6
10
5
5
8
3
2
43
28
23
8
12
16
10
6
236
138
1
137
1
1
1
4
262
31
13
16
4
13
4
24
34
28
1
20
90
16
19
15
90
42
15
33
330
13
38
7
16
11
45
16
1
15
8
44
1
1
3
23
31
26
7
9
67
20
19
1
30
3
29
166
46
3
244
3
23
7
21
66
174
30
23
1
25
1
1
1
1
1
1
1
1
3
1
1
27
1
1
2
1
1
1
1
1
1
1
1
1
1
1
3
1
1
1
1
1
1
4
1
1
1
1
1
1
1
1
1
1
1
302
1
1
1
1
1
1
1
8
1
1
1
1
87
1
1
1
1
44
1
1
1
1
1
1
1
1
1
3
1
1
1
1
1
1
1
1
53
1
1
1
13
11
1
1
1
1
27
1
1
1
216
1
1
1
1
1
1
1
1
1
1
34
1
1
1
1
1
1
1
1
59
1
1
1
1
1
1
1
1
1
1
20
1
1
1
41
1
15
1
1
1
1
1
1
1
1
1
1
1
1
1
1
1
1
2
1
32
1
1
1
1
6
1
1
1
2
1
1
4
1
1
1
1
1
1
1
15
1
1
1
34
1
1
1
1
1
323
1
14
1
1
1
1
1
1
1
1
1
1
1
1
1
1
41
42
2
1
1
1
1
1
1
1
1
1
1
1
1
1
1
1
34
1
1
1
1
1
1
1
1
1
1
1
1
1
1
1
1
1
1
142
1
1
1
1
1
1
1
1
1
1
1
1
1
1
1
1
1
1
1
1
1
1
1
1
1
1
1
1
9
1
1
2
1
1
1
1
1
1
1
1
1
102
1
1
1
16
1
1
1
1
1
1
1
1
1
1
1
1
30
1
1
1
1
6
34
1
1
1
156
200
1
1
1
1
1
1
1
1
1
1
1
1
1
1
1
1
1
1
12
112
1
1
65
1
1
1
2
1
1
1
1
9
1
1
1
1
1
1
1
8
1
1
1
1
1
1
1
26
1
1
1
1
1
1
1
1
1
1
1
1
1
56
66
1
1
1
1
1
2
1
1
1
1
1
1
1
1
1
1
1
1
1
1
1
1
1
1
1
1
28
1
1
1
1
1
5
1
1
1
1
3
1
12
26
1
1
1
1
1
1
1
1
2
1
1
28
55
1
3
17
1
1
1
4
1
1
1
1
1
1
1
1
1
1
1
1
1
1
1
2
1
1
1
1
1
71
1
1
1
1
1
1
2
1
1
1
1
1
1
1
1
1
2
1
1
1
1
1
12
1
1
1
1
1
84
1
1
1
1
1
1
1
1
1
1
1
1
1
1
1
1
4
1
1
1
1
1
1
1
1
1
29
1
10
1
45
1
1
1
1
1
1
1
1
1
6
1
1
1
1
1
1
5
1
1
18
1
1
2
1
1
1
15
1
4
19
1
1
1
1
1
1
1
1
1
1
1
1
1
1
1
1
1
20
1
1
2
1
1
42
1
1
1
1
1
1
1
1
2
1
1
81
1
72
1
89
109
1
1
1
1
1
1
1
1
4
1
1
189
1
24
1
1
1
1
1
1
80
1
1
1
1
1
1
1
1
1
2
1
1
1
41
73
1
1
1
1
1
1
1
1
1
1
1
1
1
1
1
1
1
1
1
22
21
1
1
1
1
1
1
1
1
1
2
1
1
1
1
1
1
2
1
6
1
1
1
1
24
3
38
1
3
1
1
1
1
2
1
1
15
1
1
1
1
1
1
3
1
9
1
1
1
1
1
1
2
1
1
1
66
1
1
1
1
1
2
1
1
7
1
1
1
1
1
1
1
1
1
1
1
1
1
1
1
1
1
12
1
1
1
1
1
1
1
2
1
1
1
1
1
1
1
1
1
1
1
1
2
1
1
1
22
1
1
1
1
1
153
1
17
1
1
1
1
2
1
1
2
1
1
2
1
1
1
1
1
29
1
4
1
1
1
1
1
1
18
1
1
1
1
2
1
22
1
1
1
2
1
1
1
1
1
1
1
1
1
1
1
3
2
1
1
1
1
1
1
1
1
1
1
1
1
1
44
1
1
1
1
1
18
1
1
1
1
1
1
1
1
1
1
1
1
1
1
3
1
2
1
1
65
1
1
1
213
1
1
1
1
2
1
1
1
1
1
6
1
1
2
2
1
2
60
1
198
1
1
1
1
1
1
1
1
1
1
1
1
1
1
4
2
1
9
1
1
1
1
2
1
1
1
2
1
1
1
2
1
1
1
1
1
1
1
1
1
1
1
1
1
4
1
2
1
2
2
64
1
1
1
1
1
1
1
1
1
4
2
2
1
1
1
1
28
1
12
5
1
1
1
1
7
1
1
1
1
1
33
1
1
1
1
1
1
87
1
2
3
1
1
1
1
1
1
1
1
1
1
1
1
26
1
253
1
1
1
13
1
1
1
2
8
1
233
1
1
1
1
1
1
24
1
1
1
26
1
1
1
1
1
2
1
2
2
1
1
1
1
1
1
1
7
1
1
1
1
1
1
1
1
52
1
1
1
9
1
1
1
1
34
1
1
1
1
1
1
1
1
1
1
1
1
1
2
1
163
1
1
3
1
1
1
1
1
2
1
1
22
1
1
1
1
1
31
1
30
2
1
1
1
1
1
53
1
1
1
1
1
1
1
1
1
1
1
8
1
1
3
1
1
1
2
1
7
1
1
8
2
1
1
1
1
1
1
1
1
1
1
60
1
1
15
1
1
2
1
1
5
137
1
1
6
1
1
1
1
1
2
1
1
11
1
1
2
61
1
46
1
1
1
1
21
1
1
1
1
2
1
1
1
1
1
1
1
1
2
1
1
37
1
1
20
1
164
1
2
1
92
1
1
1
25
3
1
1
3
1
1
1
15
1
1
1
1
1
13
1
18
1
1
67
1
1
1
1
1
1
1
1
1
1
1
1
1
1
17
1
1
1
2
1
1
1
1
1
1
1
2
1
1
1
1
1
1
164
328
1
1
55
1
7
2
1
1
1
1
1
1
1
1
1
1
1
1
1
1
4
1
1
2
2
1
1
3
1
1
1
1
1
1
29
1
14
1
1
1
82
1
5
1
1
2
1
2
1
1
43
1
1
4
2
1
1
1
1
1
1
1
1
1
1
32
1
8
1
1
1
7
1
7
1
1
1
1
1
1
1
1
1
1
26
1
1
1
1
1
1
1
1
1
1
1
38
31
1
2
1
2
188
1
1
1
1
9
1
1
1
1
1
1
1
1
1
1
1
2
1
1
1
1
1
1
12
1
27
1
4
1
1
1
1
1
1
2
1
2
1
33
1
19
2
1
2
1
1
1
1
1
1
1
1
1
1
1
2
1
1
1
1
1
1
1
1
1
1
57
62
1
1
1
1
16
1
1
1
1
1
1
1
1
3
1
1
1
1
49
3
1
1
1
1
1
1
1
1
34
148
1
2
1
1
1
1
1
1
1
1
1
1
1
1
2
1
40
3
2
2
1
1
1
1
45
1
3
1
2
1
42
1
16
32
1
1
1
1
1
3
1
1
228
1
1
1
194
2
1
1
2
1
1
1
1
2
1
1
1
2
1
1
1
1
2
1
1
1
1
1
1
1
2
2
1
2
1
1
3
15
1
2
10
49
2
19
1
1
1
1
1
1
1
2
1
1
69
1
1
1
1
1
1
1
1
1
1
1
3
1
1
1
1
1
1
2
1
1
2
2
1
1
4
1
1
106
143
1
3
1
44
1
1
1
1
2
1
1
1
28
1
1
1
1
1
2
2
1
1
3
1
2
1
1
1
8
1
1
1
1
1
1
11
1
1
1
8
5
1
1
1
1
1
1
1
1
1
1
1
1
1
1
1
1
1
1
1
1
1
1
1
1
1
1
1
1
1
19
1
1
1
1
1
1
1
1
1
1
1
1
1
1
1
1
32
1
1
1
2
1
1
1
1
1
87
1
2
1
1
1
1
1
1
1
1
36
24
1
2
1
1
1
1
1
1
1
1
1
1
2
4
1
99
8
1
1
1
1
1
2
215
1
1
1
1
1
3
1
1
2
1
1
1
1
1
1
66
1
1
1
1
25
1
1
1
1
1
1
2
1
1
1
2
1
1
1
1
1
1
1
29
1
1
9
1
1
1
1
1
1
1
1
1
1
1
1
3
1
1
2
1
1
1
1
1
1
1
8
1
1
1
1
1
2
33
1
1
1
1
1
3
2
1
1
1
1
1
1
1
1
2
23
5
1
1
7
1
1
1
2
1
1
1
1
1
1
12
1
1
12
1
1
1
1
1
1
1
1
1
1
328
83
1
1
1
1
2
1
1
1
1
1
1
2
1
1
1
1
1
2
1
1
2
2
1
17
1
1
1
1
1
1
2
1
2
6
1
1
42
1
1
1
1
1
69
1
3
1
1
1
12
1
1
1
1
3
1
1
1
1
2
1
1
46
1
2
1
1
2
1
2
1
1
106
1
2
1
16
121
6
1
1
57
11
1
1
1
1
3
48
2
2
1
2
10
8
4
50
4
4
1
2
1
3
1
1
1
1
1
1
1
1
12
1
1
2
1
1
3
1
1
1
1
1
1
1
2
1
1
2
1
1
1
1
1
1
1
1
3
1
1
1
1
1
1
13
1
1
1
1
1
1
1
4
2
1
1
1
1
1
2
1
2
1
1
1
1
1
2
1
2
90
106
1
1
1
1
2
1
1
1
1
1
1
2
1
2
1
2
2
1
26
1
1
1
1
34
1
9
1
1
2
1
1
1
1
1
230
2
46
1
1
1
1
1
1
1
1
1
1
1
1
277
264
1
1
33
1
2
2
1
1
1
6
56
1
1
41
1
1
1
1
1
1
1
2
180
2
1
2
1
1
1
1
1
1
1
1
2
1
1
1
1
1
1
1
15
1
2
1
2
1
4
6
1
24
1
1
1
2
1
1
1
1
2
1
1
1
1
1
1
61
1
1
1
1
1
1
1
3
1
4
26
2
3
3
1
1
1
1
1
1
1
1
1
80
1
2
1
1
1
2
139
1
1
1
1
3
1
1
2
1
1
1
1
1
2
1
1
1
1
1
1
1
3
1
1
1
1
1
1
2
1
26
1
58
3
1
37
1
113
1
1
2
1
1
1
5
1
1
1
1
1
1
1
1
2
1
1
1
1
1
8
1
1
2
123
2
1
1
1
172
12
1
1
1
1
1
1
3
1
1
1
1
1
1
1
58
1
1
24
1
1
1
1
2
1
15
1
1
1
2
1
1
1
2
1
1
1
1
1
2
1
1
5
1
1
1
1
1
1
5
1
1
1
1
1
1
1
1
2
14
1
1
1
3
1
1
1
1
1
4
1
1
1
1
1
1
1
1
2
2
257
1
2
1
221
2
1
1
1
6
1
3
1
1
7
1
1
49
1
2
1
40
1
3
1
1
2
1
1
1
1
1
1
4
2
1
1
2
1
4
1
2
1
1
30
1
2
1
1
1
1
4
4
1
1
1
1
1
37
1
2
1
1
2
1
1
1
1
1
2
6
2
1
12
10
3
7
1
1
1
1
1
1
1
1
1
1
143
1
2
1
1
2
1
2
2
1
1
1
1
1
26
1
1
28
1
59
2
1
1
3
1
14
1
59
1
1
1
3
1
2
1
1
1
1
3
1
1
1
1
1
1
1
1
3
1
1
1
2
2
1
1
3
1
1
1
2
1
34
1
1
3
2
1
1
1
1
83
2
1
1
1
1
1
1
1
4
2
1
1
1
1
1
1
1
1
1
4
1
2
2
1
1
2
1
1
2
1
1
1
1
2
1
1
1
1
2
94
140
1
1
1
1
2
45
1
161
1
1
1
1
1
2
1
5
4
1
1
1
2
1
1
1
1
2
1
55
2
1
1
21
4
1
1
2
2
1
1
147
1
1
1
1
1
1
1
2
1
1
1
2
17
1
1
1
1
1
3
3
46
1
4
1
1
1
123
3
1
1
19
1
1
109
1
1
1
1
1
1
4
1
49
1
1
1
12
2
1
1
1
1
1
25
1
1
1
280
2
1
26
1
1
1
4
1
1
1
4
2
1
2
1
1
1
3
1
1
3
1
3
1
1
1
1
327
1
1
1
1
1
1
1
1
1
1
1
2
1
46
19
2
1
1
1
4
1
1
1
2
3
1
1
1
2
1
1
1
1
1
2
13
1
1
1
2
8
2
1
1
4
2
1
1
1
1
2
82
1
1
1
2
8
1
3
1
1
3
4
129
3
1
1
1
2
1
1
1
1
1
1
1
2
1
1
1
1
2
4
2
1
1
54
1
2
1
149
1
10
1
1
2
1
1
1
1
2
1
1
1
1
6
1
1
1
1
1
1
1
2
1
1
1
3
2
1
3
3
3
1
1
3
1
1
1
1
2
2
1
1
2
12
1
1
1
2
1
1
1
1
1
4
1
1
1
2
1
1
1
1
5
1
1
1
3
1
1
21
1
33
2
3
1
1
1
1
3
1
1
1
8
2
1
4
1
1
1
1
1
1
2
2
1
2
1
2
1
1
1
12
1
1
1
1
1
1
1
1
3
1
1
1
1
1
1
2
1
1
1
2
2
1
1
1
1
1
1
1
1
1
5
1
2
3
10
1
1
1
4
1
1
3
1
1
2
1
1
1
1
16
2
2
1
1
1
1
1
28
1
1
8
1
5
2
1
1
1
1
1
8
84
3
1
1
11
1
4
1
1
1
1
1
1
1
1
2
2
17
1
20
1
1
1
1
38
2
1
1
2
1
1
1
1
1
1
59
1
5
2
1
1
2
1
2
1
1
1
3
1
2
3
1
1
1
1
3
1
1
1
3
43
1
14
1
1
1
1
1
1
1
1
1
1
1
1
5
6
1
1
76
1
1
2
2
1
1
1
1
1
1
213
1
2
1
2
2
1
1
1
1
1
1
1
1
4
1
3
1
1
2
1
1
1
1
1
1
1
3
1
1
1
1
2
1
3
34
1
2
1
1
1
10
1
1
1
1
1
1
1
1
2
1
2
65
7
4
1
3
1
1
1
3
13
3
1
1
56
3
365
1
1
1
1
1
5
2
2
24
1
1
1
1
1
1
2
8
1
13
5
1
1
1
1
1
1
1
1
1
2
52
1
1
1
1
1
6
18
1
1
1
1
1
1
8
1
1
1
15
1
2
1
1
1
1
1
1
1
1
4
1
5
1
1
1
19
1
1
1
1
1
21
7
268
3
1
2
3
4
4
4
24
1
1
165
1
1
2
1
1
1
1
93
21
1
1
3
1
1
2
1
1
1
8
1
1
1
1
2
1
1
1
44
1
28
2
1
1
1
4
1
1
1
3
1
1
1
1
1
1
1
1
1
2
1
1
1
2
1
9
1
1
3
1
1
1
1
1
1
1
1
1
1
1
5
7
2
2
1
1
4
1
3
1
1
1
2
1
1
1
1
1
2
3
1
43
1
2
1
2
1
1
2
68
48
1
1
2
1
1
1
16
62
3
1
1
1
1
1
1
1
1
1
374
1
2
1
1
1
1
2
1
2
1
1
1
1
1
1
2
3
1
1
1
2
2
1
1
1
1
1
1
1
2
33
1
1
1
1
1
1
1
1
1
2
1
1
2
1
2
1
1
2
2
2
49
1
2
1
2
2
4
4
1
2
1
2
1
1
1
122
1
1
2
4
87
1
3
2
4
6
1
16
1
1
1
1
1
2
2
1
1
1
1
1
2
2
2
1
1
2
12
1
1
1
1
2
66
1
1
1
1
2
1
1
2
1
2
2
2
1
1
1
1
1
36
1
1
1
1
1
4
1
1
2
1
5
271
1
1
30
1
3
10
1
2
3
1
1
57
3
1
1
4
1
1
2
1
1
1
2
3
1
4
1
14
1
1
1
1
1
2
4
116
4
1
13
1
1
1
4
1
1
1
1
1
1
2
41
1
7
1
2
21
1
1
3
2
1
2
3
15
1
2
1
1
238
93
1
1
1
11
1
1
1
1
3
1
149
1
3
1
1
42
22
2
86
1
1
1
18
2
7
1
3
32
2
5
1
1
1
4
1
2
1
33
40
1
1
1
1
1
3
1
1
1
7
1
1
6
1
1
2
1
7
2
2
2
1
1
1
1
3
3
1
1
1
1
1
3
1
4
4
20
9
1
1
1
1
1
1
1
4
5
5
2
1
14
1
1
1
2
1
1
1
2
1
1
2
2
1
1
1
1
3
2
1
8
2
22
1
1
1
7
1
1
1
1
1
1
130
1
1
1
1
1
4
5
1
8
55
35
1
12
4
1
1
19
2
1
2
1
2
1
1
1
6
1
1
1
5
1
1
1
1
1
2
1
2
1
1
1
1
2
1
1
1
1
1
6
1
2
3
2
1
110
1
1
27
3
1
5
1
1
1
1
1
1
1
1
1
1
4
2
1
1
9
1
1
1
4
2
1
2
3
1
1
3
1
1
1
1
1
1
3
1
1
1
1
3
3
2
2
7
2
1
1
5
1
2
1
3
1
2
1
1
4
1
1
2
1
2
1
1
1
1
1
1
17
1
3
28
1
4
1
1
1
2
1
2
1
1
1
3
1
3
15
283
1
1
1
1
1
73
1
1
6
1
1
11
18
1
1
1
2
1
1
2
1
1
1
1
1
1
1
3
2
125
29
1
1
1
6
1
4
1
1
174
1
1
2
1
5
286
1
1
4
1
3
1
2
1
5
5
1
1
11
1
3
1
1
4
1
1
1
1
1
12
1
2
2
1
1
1
1
1
2
1
1
1
1
1
1
1
2
2
1
1
1
1
35
1
1
1
1
1
1
1
1
2
1
1
33
1
1
1
5
1
1
8
1
1
1
2
1
1
1
1
1
1
3
1
79
1
3
2
1
1
1
1
1
47
1
1
2
1
2
1
1
261
1
1
1
1
1
79
1
2
1
1
1
1
1
1
112
1
1
2
1
3
1
1
1
3
3
1
1
1
2
10
1
1
1
4
1
2
2
1
2
2
1
2
1
1
2
1
3
1
4
1
1
24
1
1
1
62
1
2
7
1
71
1
1
4
2
99
1
1
38
1
2
1
2
6
1
1
1
4
1
1
1
3
1
1
1
1
1
1
17
3
1
2
1
1
1
1
1
5
4
1
4
1
1
5
3
1
4
4
1
1
1
2
4
6
1
12
1
2
2
3
1
2
1
1
1
2
1
2
1
1
1
1
1
162
2
1
1
2
2
2
39
1
2
11
18
1
1
1
1
106
1
3
1
1
1
1
1
72
1
1
1
1
1
4
2
13
52
1
3
54
1
1
2
2
2
1
1
1
1
1
1
3
9
1
1
1
14
1
3
1
260
1
2
1
163
2
20
2
2
2
1
2
56
3
2
1
1
1
1
1
26
1
116
1
1
20
1
1
1
1
2
1
1
3
5
1
2
40
1
1
2
1
1
1
3
1
1
1
1
1
1
1
2
2
1
1
1
1
1
1
4
1
3
3
1
1
12
1
1
1
1
1
1
1
1
1
1
1
1
1
1
27
7
1
1
1
1
1
3
1
7
31
20
1
1
1
1
2
4
1
1
1
4
1
2
3
3
4
2
2
1
14
1
2
50
1
1
1
2
1
1
13
14
1
1
1
24
7
5
1
1
2
3
2
5
4
1
2
1
2
2
1
1
3
1
1
1
1
1
21
1
4
46
3
1
1
12
4
76
3
3
1
1
1
8
3
3
1
2
109
3
3
1
1
1
13
1
1
3
36
1
40
1
1
1
1
1
2
3
7
1
8
1
1
1
2
2
4
3
1
2
1
2
6
2
1
1
1
1
2
1
1
1
1
2
2
15
1
1
2
1
1
2
100
20
3
1
1
1
1
2
11
1
1
2
13
1
4
3
1
2
2
1
2
4
2
2
2
1
1
2
1
47
1
10
1
2
1
2
11
1
1
1
41
1
207
1
1
1
3
48
1
1
1
1
6
1
1
9
1
1
2
1
1
2
1
1
1
1
5
6
1
1
1
1
2
1
4
1
2
2
1
1
1
1
1
1
1
1
1
1
2
1
1
2
2
2
1
3
3
1
1
1
1
2
1
2
1
2
1
64
1
1
1
1
1
1
2
1
1
3
1
7
51
1
6
1
4
1
1
1
1
3
2
2
1
4
1
1
2
4
1
1
1
1
2
1
8
1
1
1
4
1
9
2
2
1
1
1
1
1
2
4
18
2
1
1
20
1
1
1
1
2
1
1
5
1
10
1
2
27
1
2
1
2
2
4
3
1
8
1
2
2
1
2
1
5
1
1
1
1
5
1
1
1
1
6
120
1
4
1
1
2
1
1
1
3
12
2
1
8
1
1
1
1
2
2
25
4
1
3
1
1
2
1
2
2
1
2
1
15
1
1
1
11
1
1
1
1
2
5
2
9
1
1
3
1
1
7
47
1
1
1
3
118
2
1
1
1
2
1
2
1
2
2
4
317
2
2
1
1
2
1
126
6
1
3
1
2
2
1
5
2
6
1
1
2
2
2
1
1
1
5
1
1
1
1
3
1
1
3
1
1
1
1
1
1
1
2
4
2
1
33
2
1
1
1
1
1
3
4
1
1
2
4
1
6
223
1
1
1
1
4
2
1
2
2
1
1
1
1
1
3
1
1
2
1
3
1
1
2
1
1
2
4
2
1
110
2
2
1
2
1
2
1
1
1
1
1
3
1
1
2
1
1
1
1
1
4
2
1
1
1
1
1
1
1
4
1
2
1
22
1
8
5
1
1
1
1
1
1
1
4
1
8
1
1
169
1
1
1
3
1
1
2
1
1
5
1
1
101
56
3
43
10
16
17
1
1
1
5
4
49
6
2
2
2
1
5
3
1
5
1
1
1
2
54
1
1
2
1
1
1
1
4
1
7
4
1
1
1
2
1
1
2
6
4
1
2
2
63
2
3
3
1
1
1
2
1
21
3
2
3
1
1
1
1
1
4
1
2
1
1
1
1
6
2
1
4
1
4
1
1
1
3
1
3
2
6
1
1
1
1
1
1
39
1
1
1
1
1
1
1
1
1
4
1
1
2
4
1
2
4
2
1
1
1
2
1
1
7
4
1
1
7
2
1
10
7
7
1
3
2
1
1
6
1
1
2
1
1
1
1
1
1
1
1
1
1
1
3
1
1
1
1
2
1
6
1
6
1
1
1
1
4
6
1
1
2
1
1
22
16
1
1
1
2
4
188
1
1
1
1
1
1
9
3
2
2
179
8
1
2
2
2
1
1
1
1
3
1
1
5
1
1
1
1
1
1
3
1
2
1
1
1
2
1
3
1
49
69
2
2
11
1
7
2
1
1
4
1
3
1
3
1
1
1
1
2
57
1
2
1
4
2
2
1
34
2
1
1
2
1
1
1
16
2
1
1
1
1
47
1
1
1
1
3
3
2
1
2
3
1
3
4
1
106
1
2
43
4
1
29
1
10
1
1
2
1
1
2
3
2
2
77
2
1
1
1
1
2
1
1
2
3
1
2
1
1
1
5
2
2
1
2
3
4
227
1
2
30
1
2
1
4
1
1
5
3
1
1
1
1
2
1
2
1
1
1
1
3
2
1
1
2
1
1
1
1
9
5
3
1
2
1
2
4
1
1
1
2
1
8
1
2
4
1
1
2
1
8
1
4
100
9
4
4
4
1
2
1
35
1
1
1
1
10
11
13
1
2
1
1
1
4
1
7
4
1
1
1
1
3
12
16
4
6
1
4
1
2
1
1
5
1
2
2
1
6
6
1
1
1
1
26
3
6
3
1
1
1
1
1
1
3
1
3
1
2
2
17
18
1
24
1
1
1
3
3
2
38
4
1
1
1
16
4
7
119
3
6
2
3
3
302
1
1
1
1
1
1
1
2
2
1
1
2
2
1
1
2
1
1
1
15
1
1
36
1
1
2
1
3
39
2
2
1
1
1
2
3
2
1
1
27
6
3
2
3
3
1
1
393
2
3
1
2
5
1
1
3
1
1
197
1
62
1
1
1
1
2
2
41
1
3
1
1
1
1
1
5
1
2
1
1
4
2
1
12
2
8
53
1
1
2
7
16
1
1
2
1
1
21
1
1
1
10
1
1
2
2
1
1
1
1
40
81
42
1
4
4
2
135
1
3
2
2
1
1
1
1
3
1
3
1
1
21
2
1
14
1
8
1
1
3
3
4
1
2
2
3
2
1
3
1
5
3
3
3
2
1
15
1
2
2
1
1
2
1
3
1
1
3
1
4
8
72
1
2
2
1
5
3
3
2
3
2
22
1
2
1
1
25
1
2
1
1
1
2
101
2
5
1
1
1
1
5
2
1
1
2
1
6
2
1
1
14
1
2
1
3
5
2
5
1
2
65
1
10
1
1
3
1
1
41
2
1
2
4
2
50
1
3
1
1
1
1
2
1
2
5
5
1
1
1
21
1
2
3
4
1
1
2
35
2
1
2
5
1
4
1
1
7
1
1
2
1
1
2
2
1
1
2
9
1
1
2
3
1
1
1
3
1
1
1
42
1
1
8
7
2
1
1
92
6
3
2
1
6
2
5
1
1
11
1
2
1
1
1
244
1
1
1
6
5
5
4
1
1
1
9
2
1
3
1
2
1
1
1
1
1
1
3
4
2
2
62
1
1
1
1
2
3
16
87
5
140
4
1
1
2
1
2
1
3
1
1
1
1
1
9
9
2
4
1
1
1
3
3
2
5
1
1
1
1
2
76
2
2
5
1
1
1
5
1
1
1
2
1
3
2
1
1
62
1
1
1
3
7
1
1
1
3
5
1
1
5
32
1
1
1
2
4
1
1
1
1
2
28
1
1
1
5
4
13
1
2
7
1
5
1
1
2
13
1
1
4
4
1
1
3
1
10
3
2
4
16
2
1
4
3
1
2
1
3
9
1
1
2
3
2
1
4
9
1
4
1
3
13
1
5
23
6
2
1
2
8
2
1
4
1
7
2
1
4
1
1
5
4
1
1
1
1
2
12
2
1
284
1
1
2
35
16
2
2
3
1
1
2
3
4
3
2
1
1
3
1
4
1
6
4
1
1
4
4
1
4
1
1
2
2
3
2
1
2
1
2
2
5
1
1
81
1
1
12
1
2
2
1
6
2
4
1
2
2
2
1
1
2
1
2
1
13
1
1
1
2
2
1
2
1
3
24
2
6
1
5
1
2
1
10
9
1
2
38
2
2
48
3
3
1
2
3
1
1
63
1
2
3
5
1
4
4
2
1
3
2
1
1
1
3
1
1
2
2
2
1
4
1
2
3
1
2
2
1
1
5
4
1
2
2
4
11
3
1
2
2
1
1
3
27
1
6
1
15
90
1
2
1
1
15
10
1
1
2
2
7
1
1
5
1
4
1
5
2
1
3
1
19
5
1
2
2
3
1
6
2
2
3
1
1
5
1
1
1
1
1
2
1
1
2
1
1
6
6
4
1
14
1
1
1
25
3
1
2
2
11
1
2
1
2
1
1
1
1
1
1
3
1
1
1
1
4
19
1
6
1
3
3
1
1
1
1
1
1
4
2
1
1
1
5
1
2
1
5
2
7
6
2
1
2
1
1
2
96
6
2
1
3
1
3
3
98
1
4
5
1
3
1
3
1
1
4
25
1
1
8
7
2
10
2
1
3
4
9
2
19
1
6
1
1
1
4
2
1
1
1
1
174
35
1
1
5
1
1
1
1
4
2
2
1
7
5
1
60
1
5
1
33
3
1
1
1
2
2
158
4
2
2
2
3
2
2
1
2
1
54
4
2
1
5
7
1
7
211
1
4
1
1
12
1
3
4
21
10
1
3
1
2
1
5
1
3
7
2
3
24
6
1
7
3
1
1
1
3
28
5
5
1
1
1
4
1
1
1
6
1
9
2
1
6
1
2
3
1
1
2
4
3
2
3
1
1
2
1
3
13
2
5
1
2
1
1
2
1
2
1
1
1
1
42
8
1
1
1
1
1
2
5
1
2
1
2
3
9
2
3
2
1
1
2
11
2
2
1
43
1
1
19
1
7
1
56
3
40
3
2
1
2
1
1
2
1
1
1
2
1
1
1
1
6
80
1
1
3
9
5
2
1
2
1
2
5
4
5
8
4
7
1
1
1
11
1
1
3
3
1
1
1
5
3
3
1
4
1
1
2
283
4
61
1
1
3
1
1
1
33
6
6
2
1
6
1
1
1
2
21
1
1
1
1
3
2
1
1
1
2
6
1
3
4
1
1
1
2
1
11
1
3
2
1
2
2
1
2
1
7
1
34
2
13
1
13
1
1
2
1
1
1
3
1
1
6
4
1
1
3
1
1
1
1
1
1
1
1
3
2
2
1
1
1
1
3
1
2
1
4
1
1
2
4
3
1
1
155
1
16
10
1
1
1
2
2
9
9
1
11
1
1
1
1
1
72
2
23
1
23
7
3
10
4
8
7
1
2
1
2
9
14
12
1
10
7
3
5
1
9
1
1
1
6
2
2
2
2
1
9
2
5
2
2
7
9
1
1
55
2
3
3
1
1
1
1
2
1
16
2
1
3
1
1
4
3
5
3
11
2
3
10
10
6
18
5
2
2
1
2
1
5
15
13
1
1
3
1
13
5
1
5
1
1
2
1
1
6
3
1
1
43
1
93
1
1
1
2
6
1
1
9
209
1
1
3
1
1
1
1
3
1
1
5
2
2
28
1
1
3
6
46
1
5
1
8
11
2
1
2
1
2
1
1
5
4
3
3
1
1
2
5
49
2
2
2
2
2
314
1
2
10
7
12
1
46
1
1
2
1
14
1
1
1
2
1
1
4
2
2
1
1
1
25
1
3
12
3
1
1
1
1
1
2
35
12
7
1
3
8
2
1
2
1
1
1
3
4
3
8
1
4
1
1
16
2
1
2
5
2
4
3
1
8
1
3
2
1
2
4
1
1
1
1
2
2
1
1
2
1
1
36
2
1
12
18
1
9
1
4
4
4
17
117
280
4
1
6
1
2
5
4
2
4
2
1
2
2
1
8
9
4
1
1
2
1
1
6
1
1
15
1
15
1
2
2
7
9
5
4
1
1
1
4
1
5
2
13
6
3
3
1
1
1
6
89
5
1
1
3
2
15
4
3
1
1
2
2
2
2
1
2
19
4
9
1
2
4
1
1
1
2
1
1
128
2
1
1
1
2
7
1
1
9
2
2
5
3
1
6
1
1
1
2
1
1
17
1
1
7
2
1
1
2
1
2
6
290
1
2
1
1
1
4
5
4
3
1
4
1
1
7
2
1
2
20
1
2
1
8
3
1
5
1
1
2
3
75
5
6
1
1
2
10
6
1
52
10
63
1
3
7
2
1
1
18
1
2
1
2
1
1
4
2
1
12
13
2
7
1
48
2
5
1
1
1
89
3
2
1
1
2
1
88
4
3
1
1
1
1
24
46
2
8
1
2
1
3
4
2
3
1
2
7
1
2
2
1
4
1
5
3
5
12
2
1
5
3
3
1
47
1
1
1
1
5
1
7
2
5
1
1
3
11
1
28
1
1
9
1
4
1
4
4
4
10
12
1
10
1
1
9
4
3
13
1
4
1
1
2
1
1
1
1
11
2
3
7
2
13
1
6
4
1
2
6
15
1
6
1
3
1
7
13
1
1
2
1
3
1
1
1
1
1
5
11
6
1
1
1
162
2
1
1
1
8
1
5
2
1
1
3
16
1
2
4
1
4
1
1
125
3
26
12
268
3
1
1
3
5
4
2
1
1
1
2
3
3
21
1
2
1
3
2
1
1
2
6
4
31
8
1
1
1
1
2
1
2
1
1
6
4
1
1
5
7
2
3
22
1
1
10
27
11
6
3
1
2
3
11
1
2
17
1
1
1
12
1
1
7
1
1
3
1
1
2
2
1
1
7
1
4
1
1
275
1
3
1
10
1
8
1
2
1
16
7
2
1
1
3
1
1
2
1
1
1
4
3
1
2
10
6
3
5
1
15
1
4
5
4
2
16
1
17
11
4
1
1
4
8
14
6
3
1
1
2
5
10
1
1
28
1
2
3
6
2
2
127
1
5
7
1
7
61
3
1
2
1
2
2
8
1
9
1
3
2
2
1
139
7
1
3
27
4
10
4
2
2
8
1
1
1
3
3
5
37
71
3
1
12
20
1
7
59
1
1
1
371
41
3
3
3
2
5
18
1
4
1
24
2
1
2
84
1
3
11
3
1
2
2
1
4
2
1
11
1
1
4
1
1
7
45
39
4
5
1
1
2
1
1
1
1
1
1
15
21
1
7
5
11
63
1
12
2
1
2
10
203
5
32
25
10
1
1
2
1
73
5
8
5
3
2
2
1
12
8
6
1
8
49
4
5
5
6
1
3
1
3
14
2
1
3
18
2
1
1
3
1
3
14
15
66
2
14
5
1
2
1
4
27
2
11
1
2
4
3
3
13
1
4
110
1
4
1
1
2
21
1
5
18
1
1
2
1
2
1
1
1
4
3
2
7
4
14
1
1
3
1
2
2
6
1
1
1
5
1
1
1
1
1
1
3
1
4
1
3
1
72
8
3
20
4
1
1
5
10
7
2
1
1
7
2
1
3
27
36
3
1
1
1
1
4
2
6
13
2
1
1
1
8
4
60
2
1
4
1
5
7
3
1
3
4
2
1
7
22
5
6
2
8
1
1
3
9
4
7
2
8
5
1
2
2
28
4
2
1
12
1
1
4
1
3
3
1
1
3
6
2
31
9
3
1
9
3
6
2
4
2
108
3
5
2
7
4
1
2
1
4
3
1
3
5
2
1
1
1
7
3
1
1
5
1
9
1
1
19
2
1
1
3
1
1
6
3
2
4
1
1
58
94
6
7
3
15
1
2
12
3
10
2
2
215
1
5
6
17
1
3
6
1
3
2
2
16
1
3
1
1
5
2
2
36
63
1
1
8
1
1
5
22
1
10
21
19
4
9
1
3
2
3
38
1
7
24
3
1
3
7
6
36
1
36
3
2
1
1
1
1
1
4
4
7
5
1
1
2
2
1
1
9
6
2
2
22
8
10
3
3
1
15
3
2
3
7
2
2
1
2
1
2
6
6
2
2
3
2
6
2
1
3
5
2
3
1
2
1
5
1
8
4
12
1
1
4
8
1
1
1
4
7
4
17
4
9
1
1
40
6
2
53
4
4
13
3
1
8
1
3
1
4
5
6
3
3
1
2
3
7
3
8
1
2
28
5
1
3
8
7
1
4
2
1
1
1
10
1
1
2
1
1
3
1
38
9
4
1
1
2
11
1
4
8
1
2
1
5
18
1
1
1
2
13
1
1
14
5
13
2
1
3
4
1
4
1
3
1
1
1
88
12
1
1
2
7
3
1
8
2
1
6
10
3
1
6
1
1
2
1
1
6
2
1
1
1
8
7
1
4
1
4
1
3
1
15
102
2
2
5
2
1
1
16
4
8
11
1
1
1
4
7
3
1
1
3
7
5
1
1
1
3
26
3
1
18
21
2
1
1
1
1
3
5
371
7
1
6
2
2
4
21
9
1
30
5
12
12
7
4
2
5
1
6
2
1
7
3
1
1
2
1
62
27
3
1
2
2
32
1
1
1
3
8
20
5
9
1
4
1
49
15
3
2
1
193
1
23
1
1
1
1
18
11
3
1
5
1
6
3
11
1
15
3
1
2
1
1
7
9
1
2
1
1
7
282
268
3
21
3
5
12
1
2
3
1
13
2
57
2
3
9
1
3
5
1
7
1
8
7
7
2
2
4
3
6
2
11
5
1
6
1
31
8
12
16
122
1
1
2
1
5
3
3
4
4
2
2
2
2
1
2
5
4
1
1
1
8
1
5
11
17
1
1
2
5
1
7
13
18
97
7
2
1
1
1
8
1
6
2
1
5
26
3
2
27
65
5
1
4
1
7
21
27
2
7
6
19
5
1
1
14
4
4
4
1
7
45
42
1
2
2
8
1
15
50
4
33
6
1
5
106
3
1
1
1
2
1
20
3
4
142
1
2
5
4
1
12
3
2
2
2
1
16
9
1
1
4
4
12
8
40
40
4
30
2
2
4
4
2
2
1
6
12
1
28
3
2
1
1
3
1
137
10
3
2
3
50
8
1
11
5
3
8
17
329
47
3
2
1
21
1
3
2
8
1
3
8
1
1
1
52
6
1
3
5
6
13
38
117
1
15
4
38
1
5
1
3
9
1
8
5
1
3
2
1
5
5
32
1
4
5
1
3
4
217
18
8
1
1
1
6
1
8
7
1
3
19
1
1
1
3
2
2
9
2
3
2
4
1
12
1
2
4
95
2
2
1
1
6
9
2
3
1
1
3
5
15
4
1
1
30
5
1
2
1
3
7
1
5
1
3
17
22
5
2
3
1
6
2
1
10
1
33
2
7
4
3
4
2
1
23
1
71
11
3
1
22
3
2
24
5
2
1
7
4
4
3
71
2
2
19
1
1
7
1
1
8
1
1
9
3
16
3
1
3
3
8
3
12
11
1
3
4
7
3
41
7
8
4
14
1
5
2
4
1
4
12
4
3
1
5
1
17
2
2
3
5
2
1
1
1
1
1
1
2
1
8
2
5
1
18
2
10
48
2
1
1
193
60
1
2
1
8
17
2
3
1
1
4
33
6
9
3
1
1
14
5
6
1
10
8
2
9
1
1
1
2
1
3
9
1
8
1
14
1
7
3
5
52
3
9
9
16
13
12
4
6
1
3
2
321
1
6
1
3
33
28
4
2
1
5
13
3
5
17
9
1
1
1
1
13
4
1
1
1
2
11
39
8
8
1
7
3
1
1
6
1
32
1
13
3
3
23
1
10
3
24
29
4
6
1
2
23
17
15
1
32
12
1
1
5
7
1
11
4
1
4
4
2
1
3
1
3
1
4
3
2
5
4
1
1
6
4
1
4
62
4
2
9
5
2
1
1
3
20
1
2
1
3
1
1
9
1
1
1
8
1
1
13
7
9
7
1
1
9
4
4
3
1
158
27
2
1
11
2
2
7
3
5
1
3
38
3
261
2
8
2
5
9
11
6
4
42
19
1
9
1
4
8
2
4
5
12
2
5
1
1
3
1
5
11
5
9
2
1
60
23
7
1
1
14
2
184
5
1
1
2
16
2
2
1
3
2
196
1
12
6
13
4
40
3
2
1
6
16
77
1
1
31
30
2
35
2
1
39
2
3
1
1
7
2
23
238
2
1
22
3
16
3
1
10
1
3
1
3
16
1
15
2
1
2
3
11
18
1
4
8
3
34
1
8
12
3
26
19
1
20
8
51
11
85
1
10
8
26
4
28
7
10
15
1
3
1
2
4
3
1
15
8
1
1
1
2
8
1
1
12
6
1
10
3
2
8
3
1
7
4
4
11
1
5
31
3
1
1
8
1
2
1
2
2
1
1
2
6
1
9
1
6
10
11
3
1
2
1
1
17
3
6
1
1
34
2
1
52
4
2
22
47
1
10
1
2
7
1
2
25
1
2
15
1
4
1
1
56
6
1
1
3
1
1
8
1
28
2
2
6
3
5
5
13
5
6
13
5
5
1
7
14
3
1
221
7
14
1
1
1
68
1
15
5
18
3
1
2
1
3
3
21
13
7
7
1
1
32
9
4
40
55
2
1
3
1
1
10
1
1
2
5
3
8
2
4
4
1
7
1
3
7
5
3
1
1
1
3
11
41
1
1
31
1
6
2
1
12
79
1
15
27
9
1
2
6
1
1
1
2
10
29
1
1
1
3
31
1
17
1
2
28
2
1
3
87
3
5
5
15
5
56
1
3
2
3
3
1
11
1
4
38
9
33
2
1
1
4
2
2
1
12
8
1
19
1
4
1
15
2
3
2
2
27
209
2
1
17
12
10
3
24
2
27
3
3
5
1
1
9
6
22
1
4
3
10
50
4
2
1
6
2
1
4
11
1
4
3
2
2
2
7
5
1
1
12
10
5
1
1
2
19
1
1
3
3
1
1
110
1
3
3
12
1
10
3
7
9
13
6
22
2
10
4
4
11
1
10
1
41
4
12
4
2
12
1
5
1
2
1
1
11
8
13
2
3
4
2
1
37
2
1
1
3
4
18
27
2
1
1
6
2
3
17
13
3
18
1
2
2
13
4
3
2
6
1
9
4
2
2
21
1
4
1
1
2
34
4
1
4
25
1
1
160
6
127
1
2
1
1
3
1
2
30
1
6
1
5
1
1
20
1
3
20
3
6
2
12
1
5
6
5
29
13
16
18
12
13
2
8
8
9
5
7
3
3
6
21
2
15
2
29
8
8
1
5
16
60
21
6
3
1
3
22
1
4
1
2
3
28
35
15
2
11
2
16
210
1
1
42
4
1
3
2
10
34
40
1
2
2
2
1
1
21
2
114
19
2
6
3
9
16
1
3
29
10
8
6
1
6
2
257
2
35
5
1
1
5
1
21
22
4
12
7
5
8
5
18
7
4
1
1
3
70
73
16
4
49
24
2
98
1
2
12
5
10
5
1
11
24
1
1
2
2
1
14
11
46
1
1
21
32
7
11
1
4
17
5
2
4
23
1
25
1
4
2
3
17
11
3
8
33
7
2
2
3
2
91
36
56
6
6
15
1
3
9
4
7
3
36
1
168
19
199
5
2
1
1
6
1
41
4
13
21
10
1
11
4
3
2
7
22
1
49
3
1
21
39
15
78
10
4
1
23
6
3
3
6
1
14
92
1
1
4
3
11
2
1
4
39
11
8
2
1
8
12
133
6
2
7
3
4
24
15
2
123
2
5
5
29
51
44
22
4
8
5
1
20
1
3
5
20
10
2
16
4
1
18
1
1
9
47
16
2
3
1
8
7
1
1
8
1
14
15
1
17
14
22
60
1
5
2
50
1
1
7
23
3
6
12
7
31
135
3
1
47
2
4
81
1
6
27
10
1
2
6
4
5
3
3
1
1
25
4
1
6
2
1
20
14
36
15
14
1
1
1
7
131
1
1
1
79
5
1
53
11
24
39
19
3
1
25
1
6
3
6
62
1
11
3
40
178
4
9
1
8
4
36
1
8
2
7
2
26
5
1
4
3
20
7
42
23
4
10
62
11
6
1
8
20
18
17
1
1
23
1
1
85
14
1
2
1
11
14
2
7
11
76
3
29
41
5
2
10
2
66
17
53
25
7
18
6
4
2
3
7
9
1
1
1
7
15
21
16
4
5
10
1
4
20
15
6
5
8
9
19
3
1
3
4
5
4
1
2
10
11
1
2
5
3
78
5
14
19
48
6
15
14
15
35
3
25
3
2
18
8
2
10
3
76
2
3
5
24
7
8
1
1
2
1
15
70
2
26
25
8
2
26
1
8
15
5
6
6
2
35
6
12
4
1
4
1
14
10
15
1
31
3
13
76
14
1
7
9
2
2
19
1
16
3
7
23
15
1
18
1
1
7
2
25
62
40
10
13
1
7
18
1
49
3
26
2
1
178
33
18
2
1
14
1
4
55
6
1
1
2
3
2
17
1
1
2
9
1
18
14
2
15
4
47
50
1
2
3
3
1
11
5
7
1
1
4
1
2
5
1
83
21
6
14
2
3
1
20
1
21
29
1
2
6
7
27
2
22
22
6
8
2
1
4
2
26
1
1
1
1
5
7
3
2
1
1
4
6
31
14
2
5
5
18
9
1
5
6
2
2
1
21
1
192
18
13
1
18
33
4
1
50
1
6
39
1
9
3
26
3
1
14
7
3
13
1
8
13
14
2
1
2
7
1
113
5
21
8
26
44
2
11
109
12
7
1
2
12
1
20
17
4
11
4
1
5
4
9
19
4
2
89
46
27
3
2
1
5
14
13
17
2
12
32
12
1
2
1
35
6
30
1
1
1
2
20
1
2
11
9
1
2
15
6
1
2
18
4
14
18
5
4
2
5
4
2
40
5
21
1
1
14
28
3
2
29
1
4
11
2
9
43
1
272
7
10
6
6
7
88
7
4
5
3
7
20
15
2
2
118
1
23
49
55
32
56
4
9
2
9
1
2
4
16
2
1
22
24
31
2
5
51
7
1
97
201
2
13
14
4
12
41
3
1
1
53
34
2
70
1
2
4
1
2
21
5
2
4
14
1
4
107
137
2
3
1
1
14
3
4
1
1
5
4
21
15
2
18
26
6
23
4
78
1
15
5
4
1
6
7
34
33
30
1
16
3
17
8
5
2
7
115
7
39
1
1
25
4
51
160
10
4
51
6
15
1
2
43
1
22
21
38
9
24
23
3
22
16
96
35
22
9
2
58
5
8
3
2
9
3
34
1
3
2
22
7
15
1
2
49
1
30
4
22
62
26
1
1
10
16
5
9
7
1
5
20
24
6
9
4
1
2
31
44
6
3
2
9
9
2
5
1
2
6
1
1
40
6
15
3
1
1
8
1
7
16
12
4
3
8
1
31
61
1
13
3
1
6
6
7
5
1
3
26
36
4
8
1
6
7
2
6
107
30
8
1
9
14
3
13
28
1
56
4
7
17
3
2
30
1
54
1
1
3
4
20
3
4
6
22
24
28
19
1
2
1
4
1
2
8
20
18
1
5
1
168
10
6
2
1
113
1
1
3
1
1
232
23
1
5
6
3
34
15
27
4
2
10
10
4
9
178
7
95
27
1
21
2
20
34
2
12
2
3
2
16
4
28
27
1
15
2
27
53
12
18
34
3
1
10
4
43
5
24
3
18
1
16
52
6
58
10
1
1
10
59
4
1
6
1
195
6
6
1
7
5
7
1
7
4
1
1
1
8
24
1
1
3
61
2
1
8
7
10
196
13
6
16
18
2
1
7
2
47
1
1
13
6
13
10
4
22
81
3
20
1
5
2
13
1
20
5
15
53
22
64
2
1
4
12
14
2
10
44
21
70
24
2
8
1
4
4
97
6
6
1
7
3
5
15
37
41
48
20
8
5
42
1
11
2
2
7
6
103
3
18
6
6
2
1
1
8
13
18
50
2
10
18
4
3
5
1
1
93
1
2
4
3
1
27
19
3
2
1
13
4
3
9
7
9
6
63
9
3
21
3
2
15
1
5
7
1
1
1
10
7
48
172
9
4
16
9
5
6
2
8
1
1
1
14
1
12
4
1
7
1
2
1
12
10
41
14
7
5
27
8
7
6
8
44
1
11
38
12
18
9
8
2
39
71
1
3
1
15
2
9
5
5
5
10
1
43
1
1
47
31
108
8
20
16
22
23
73
1
7
13
4
51
39
24
1
5
11
2
5
3
3
1
14
1
15
53
1
1
2
36
39
13
62
17
42
63
66
20
2
12
11
4
18
1
4
20
76
2
2
1
2
16
3
20
3
1
4
1
92
9
1
3
85
20
6
7
1
26
4
9
11
16
14
12
17
1
1
2
6
23
16
12
1
16
1
3
4
3
5
7
33
12
3
15
1
8
3
21
1
16
16
15
7
1
3
4
162
22
13
1
2
4
27
5
5
38
38
11
1
13
1
17
2
6
22
10
12
1
4
58
4
16
4
1
11
2
3
6
21
3
1
8
35
1
49
9
64
8
18
4
2
20
5
12
1
5
17
3
2
8
4
57
16
5
96
1
4
11
6
5
11
11
29
5
1
11
39
8
3
7
5
1
15
4
60
18
2
9
1
1
10
1
3
2
42
73
1
21
12
38
13
8
2
6
39
49
1
39
3
19
3
2
15
1
4
11
3
52
54
9
6
6
16
28
50
20
1
74
5
6
2
16
3
2
15
63
3
1
17
3
3
2
10
13
3
2
1
2
4
2
2
3
3
24
4
34
25
11
62
7
5
76
16
1
69
28
10
6
114
1
2
3
20
4
1
2
8
7
16
24
6
3
2
6
26
4
1
8
2
73
4
11
2
50
1
7
10
1
38
45
49
20
4
2
62
6
1
11
20
11
39
2
17
53
3
12
15
11
13
13
15
1
35
37
2
6
15
9
19
80
3
3
11
9
5
24
66
50
2
3
3
8
2
9
1
12
37
10
5
3
9
7
33
9
1
3
28
70
84
6
15
24
5
1
1
1
3
2
4
54
23
15
1
1
1
3
3
6
31
20
3
26
15
9
83
16
23
3
8
1
4
42
2
26
5
1
1
1
9
111
73
1
13
3
7
7
27
2
45
9
14
23
4
38
29
1
5
118
13
2
1
3
12
19
11
5
3
5
18
6
7
1
2
20
15
18
1
3
21
2
1
1
2
26
6
5
22
35
2
82
1
1
2
3
2
9
29
2
5
10
34
7
1
3
21
17
25
1
3
31
7
58
11
27
9
21
87
13
60
7
1
3
5
1
14
104
1
3
22
123
144
12
22
2
5
10
12
20
5
14
43
29
105
2
7
27
120
11
13
2
14
13
6
20
3
1
1
19
16
8
1
2
35
20
68
50
3
3
1
18
4
3
1
8
56
36
41
1
30
1
3
29
76
17
1
22
29
1
6
29
19
11
5
5
2
3
65
5
28
52
11
1
11
12
13
21
4
8
165
1
12
3
3
2
12
92
2
29
1
5
65
18
35
17
30
20
28
5
3
33
7
2
2
11
9
3
10
10
9
3
58
8
33
10
35
9
57
23
7
23
67
12
15
17
4
8
4
4
103
158
13
46
10
5
1
1
5
26
1
20
28
3
10
9
43
31
1
24
4
33
49
5
11
1
17
28
6
43
11
1
1
19
34
84
8
81
5
18
2
3
7
4
28
26
16
2
78
15
14
6
2
3
7
23
4
14
4
7
58
49
48
16
36
1
1
21
18
1
5
18
6
10
5
10
37
3
18
60
1
32
9
2
61
2
22
23
21
1
24
52
10
16
74
1
9
15
1
4
11
15
2
134
1
2
29
3
12
3
23
6
3
11
6
1
69
14
135
11
41
60
6
19
7
112
20
14
8
20
8
48
89
38
74
27
34
21
12
6
64
31
7
4
59
13
42
10
32
6
5
2
11
42
10
8
51
91
42
7
13
25
7
2
6
24
24
1
15
183
40
2
18
26
158
13
3
13
24
7
1
24
4
1
8
2
1
88
13
22
6
78
3
96
1
13
97
5
93
7
13
24
52
6
5
20
18
6
52
1
52
60
4
9
143
149
1
165
32
77
132
2
59
87
9
3
1
39
1
5
5
8
24
9
3
3
2
7
9
4
2
2
6
10
5
5
8
3
2
43
26
23
8
4
9
4
6
165
132
1
137
1
1
1
4
245
31
13
16
4
3
3
24
34
27
1
20
65
16
3
15
87
42
14
33
326
13
38
7
16
11
36
2
1
15
8
43
1
1
3
23
31
26
7
9
67
20
19
1
30
3
29
166
46
3
242
3
23
7
21
66
174
30
23
1
25
