7
2
14
2
3
4
2
5
1
13
1
4
3
1
1
1
17
3
3
1
3
8
1
3
1
1
1
1
3
11
1
1
10
3
1
1
16
1
8
2
20
30
1
19
5
6
1
37
7
3
14
6
26
5
2
4
14
1
26
8
4
1
1
3
16
10
1
31
2
32
11
6
1
7
1
2
1
3
2
28
7
11
1
4
42
1
1
1
22
1
4
1
9
3
2
1
23
1
4
1
4
4
3
6
2
3
2
2
29
2
8
2
5
1
11
1
1
1
12
2
3
2
3
5
4
1
2
1
6
4
1
5
1
8
2
1
14
4
6
5
53
46
1
2
2
26
12
1
1
1
9
15
2
4
4
5
1
5
1
1
1
5
2
2
3
15
5
4
3
1
1
3
3
2
1
1
4
5
3
2
1
2
2
5
7
2
7
54
13
2
38
5
3
2
3
24
2
3
7
27
4
17
1
22
13
25
5
1
1
1
2
3
5
8
3
2
1
10
1
13
10
1
4
1
23
4
5
1
1
8
1
12
27
5
1
2
1
6
4
6
3
2
10
2
7
5
1
2
1
2
1
10
3
2
4
11
2
1
18
17
2
17
1
2
31
56
1
7
55
5
1
1
3
3
6
2
20
16
2
5
2
4
10
6
3
11
7
3
1
1
1
1
4
1
1
3
1
18
2
9
25
9
2
2
28
5
2
3
1
1
3
2
1
24
6
1
1
10
3
7
35
1
24
1
2
15
5
3
8
1
28
2
1
1
7
10
9
13
5
2
1
4
10
11
4
4
1
1
1
9
4
1
6
4
9
14
3
3
2
1
8
2
2
6
6
4
1
3
8
2
3
12
2
2
5
21
1
13
8
2
3
7
4
7
9
21
5
3
2
1
11
3
6
31
3
2
2
1
2
20
14
12
27
2
1
6
2
3
2
4
1
38
2
30
6
21
5
11
1
3
2
1
2
1
3
3
1
3
3
23
56
1
23
5
4
14
3
1
1
2
8
3
6
7
1
11
3
13
3
3
1
2
24
46
14
4
1
15
28
10
5
2
1
1
2
3
2
1
10
18
51
4
3
7
17
3
1
9
29
28
3
12
4
1
2
1
3
2
11
2
2
18
2
7
2
2
18
2
6
1
1
6
1
2
6
2
7
1
1
21
3
1
26
9
9
43
3
1
1
2
3
3
2
3
10
5
2
11
28
1
17
6
23
2
5
28
11
3
17
1
9
4
3
2
1
3
2
2
1
4
43
2
4
2
10
2
9
2
3
4
3
2
17
4
18
23
13
10
10
1
1
28
1
12
5
3
2
9
1
5
2
3
4
1
2
2
5
47
23
29
9
2
3
5
1
2
11
27
29
3
2
10
2
1
8
8
1
46
1
2
4
3
8
6
3
28
2
53
11
22
4
1
1
31
2
7
1
2
2
4
11
1
1
14
9
2
1
14
1
1
1
1
9
1
56
3
1
4
2
51
1
23
2
41
2
2
3
24
1
1
6
2
29
3
8
10
8
2
2
6
36
11
2
2
1
1
2
15
2
5
10
1
2
1
4
2
8
1
2
3
4
12
5
4
2
10
7
3
2
1
2
5
3
6
1
4
42
2
3
7
19
35
4
5
2
2
5
5
2
1
2
2
2
22
1
30
20
2
14
18
53
2
2
31
2
3
1
5
1
19
15
2
2
1
2
4
29
1
2
1
2
3
2
8
4
1
1
8
7
6
47
34
2
1
1
6
1
29
39
3
5
6
2
8
8
22
1
39
7
3
1
20
25
4
3
3
10
2
4
2
2
9
7
8
25
75
7
7
21
2
1
6
2
3
2
7
1
6
27
4
4
2
4
32
16
6
8
1
1
8
14
12
36
10
1
7
6
3
2
3
2
16
8
3
1
1
1
2
3
3
7
1
3
1
2
1
3
9
13
8
6
3
4
9
1
2
14
3
1
2
1
2
3
1
3
7
17
16
18
12
15
1
14
1
2
7
41
2
2
3
1
2
3
1
23
14
2
2
29
1
16
3
5
18
2
3
3
1
4
7
4
14
6
1
2
1
8
3
6
5
19
1
39
1
2
2
2
8
14
1
7
1
1
2
18
3
6
2
2
8
8
1
13
7
6
3
28
4
4
16
2
5
2
2
5
2
3
6
57
1
2
1
1
2
2
3
9
1
3
2
9
1
15
15
1
1
1
26
1
9
10
7
1
6
1
9
5
5
45
8
5
2
3
5
12
1
12
11
10
3
3
10
2
1
1
12
35
3
2
1
2
27
2
5
13
3
1
2
26
1
5
3
9
1
1
1
2
1
2
12
1
2
24
5
22
1
13
40
2
1
1
10
1
4
1
1
12
3
6
4
5
41
4
1
4
2
3
1
2
2
7
1
4
1
20
1
1
3
1
5
1
19
1
38
3
1
3
4
78
5
2
22
9
1
12
4
2
5
9
5
1
2
1
18
11
10
5
2
2
1
1
1
9
1
1
1
1
3
6
11
4
4
11
10
33
2
1
63
7
3
1
3
2
6
4
34
22
2
4
4
7
5
1
53
4
3
5
1
2
7
7
1
6
1
12
2
3
1
1
9
1
2
3
4
1
2
1
1
51
7
7
2
13
5
2
4
1
3
1
11
1
2
4
1
4
7
5
2
29
1
3
14
10
19
7
5
8
1
3
1
6
1
1
36
4
1
1
1
7
1
2
2
7
5
1
2
2
8
3
21
1
3
1
4
5
1
1
5
12
4
1
1
19
2
2
9
19
1
5
1
3
3
1
2
19
24
9
2
2
4
1
2
11
1
1
2
41
2
1
2
14
46
12
5
1
18
2
7
24
6
2
9
4
6
2
12
2
2
13
11
38
3
48
4
5
1
4
1
2
24
1
16
2
3
82
8
3
7
1
24
87
1
3
5
4
1
6
1
5
34
1
5
2
2
34
6
1
4
11
5
1
2
7
1
2
18
2
1
1
27
1
13
2
8
1
3
2
1
8
2
2
1
17
5
1
1
3
7
26
15
3
11
4
12
18
13
7
2
18
3
19
19
5
2
6
2
17
1
2
1
2
6
1
2
1
11
3
4
1
1
4
39
5
4
5
2
1
8
2
1
43
7
5
9
9
8
2
4
2
7
2
1
2
1
2
13
7
9
1
1
5
4
1
5
1
2
47
12
1
6
27
12
1
31
5
2
6
1
7
9
2
1
6
12
2
1
19
19
23
4
1
3
45
2
4
4
2
2
1
5
3
9
16
85
4
2
6
3
10
3
6
4
1
1
7
14
8
1
11
5
3
3
2
10
10
14
2
12
6
7
6
1
9
1
22
31
6
19
3
1
4
3
2
9
1
25
1
3
1
1
1
2
2
2
2
8
43
5
7
1
2
15
3
41
8
4
9
14
5
14
2
5
3
5
2
17
1
12
17
5
1
2
2
9
10
1
1
2
18
1
4
7
2
10
28
10
27
4
1
1
10
8
3
3
27
10
1
6
9
2
1
3
16
2
3
15
26
1
2
31
2
24
29
6
7
2
1
6
3
3
1
2
8
1
5
6
2
43
43
2
2
2
5
75
5
1
8
3
3
1
6
1
6
34
6
48
2
2
2
25
2
3
16
5
22
16
6
1
1
5
2
1
24
2
41
1
10
2
3
2
36
5
4
6
6
8
8
1
9
2
1
41
7
7
2
30
3
3
15
4
4
4
2
1
2
2
3
15
8
16
1
8
3
5
27
2
3
2
3
29
1
5
58
9
6
4
4
5
16
4
3
2
21
19
1
1
62
49
6
11
6
6
2
3
10
1
1
3
8
25
1
2
14
9
1
3
3
36
2
26
4
4
12
3
1
6
1
2
2
7
2
1
2
1
2
6
1
1
2
3
2
2
3
14
2
2
4
4
20
9
4
67
1
2
5
1
7
4
6
31
2
3
4
5
15
2
10
1
11
7
3
3
10
44
37
4
1
10
8
4
1
1
1
5
11
3
11
6
6
14
8
2
4
5
1
2
2
7
2
8
1
4
3
1
12
5
3
2
3
1
10
5
37
2
13
3
9
15
11
3
2
12
1
4
25
5
6
8
4
2
3
2
1
36
3
1
2
3
6
3
20
17
2
17
8
17
4
10
2
6
6
1
1
5
1
5
1
12
5
3
2
1
3
2
4
1
1
3
9
2
13
4
31
2
6
20
2
3
30
1
7
1
5
7
5
1
8
1
1
3
28
3
2
2
1
22
2
61
2
3
17
2
15
1
4
1
10
13
36
17
9
17
4
72
24
4
1
7
1
2
2
1
6
13
41
2
1
2
2
16
4
1
2
1
3
8
7
26
3
1
10
5
11
2
1
6
3
45
2
5
6
1
2
12
1
6
2
11
1
11
3
15
19
2
4
2
12
32
2
3
1
4
8
5
2
34
22
14
1
3
2
3
1
3
16
2
2
2
2
4
1
2
6
1
11
8
16
1
32
1
2
1
2
1
4
2
4
7
2
1
5
3
3
1
2
5
5
12
2
1
6
19
2
3
32
2
7
15
3
19
13
4
22
7
16
17
8
19
9
2
2
11
15
5
19
4
3
15
10
2
24
4
4
8
1
6
12
6
4
1
15
35
4
2
16
1
1
7
6
1
12
2
17
9
11
3
3
2
3
1
12
3
38
3
2
6
7
10
10
1
2
1
4
1
2
3
13
4
2
4
1
9
2
3
2
9
4
16
39
2
7
9
6
11
42
3
1
2
1
1
4
1
1
2
2
3
1
6
1
9
2
4
3
2
5
9
33
5
3
5
1
2
10
16
78
36
23
13
6
1
3
23
34
3
6
1
1
2
2
29
1
1
27
1
1
1
4
1
1
3
17
5
27
18
5
1
6
9
1
19
1
26
32
5
20
25
1
35
1
11
1
2
22
2
1
29
2
19
3
39
7
6
1
15
4
2
1
1
10
5
61
5
3
14
13
1
9
7
2
14
2
1
4
21
2
1
45
2
1
1
20
2
2
4
29
5
48
2
16
4
22
3
8
6
15
4
20
5
3
9
4
6
2
25
1
4
4
1
24
25
5
1
2
1
1
2
2
2
4
1
6
14
1
28
2
7
22
2
3
8
14
1
1
2
4
16
14
11
30
13
84
4
2
6
4
3
17
3
10
4
5
3
2
5
16
3
2
24
1
71
16
47
3
5
1
2
5
3
3
2
4
11
45
3
4
4
2
7
14
51
3
4
3
3
1
1
12
15
6
2
5
5
2
28
5
4
10
2
6
4
1
1
3
1
3
2
2
1
47
2
6
1
3
1
4
4
15
2
23
1
8
5
3
2
3
4
1
10
1
2
54
2
22
6
2
1
8
1
1
24
2
4
10
6
2
7
3
2
10
59
9
12
31
25
1
6
2
10
6
2
5
1
3
1
1
5
3
19
8
7
1
2
34
4
10
12
3
4
6
5
4
8
4
2
3
1
5
1
3
12
6
3
2
2
56
12
1
1
14
2
37
1
10
11
29
6
1
1
1
6
3
9
3
3
1
2
4
1
1
1
10
2
15
8
1
2
13
2
13
7
32
9
1
1
4
6
13
4
2
4
4
2
9
7
1
7
1
30
1
3
1
1
6
1
44
3
3
7
3
5
2
35
7
3
9
1
17
4
5
9
2
2
4
3
1
2
2
72
2
