19
15
1531
979
7
311
9
79
327
856
14
16
32
30
110
42
8
111
1013
967
490
126
21
445
14
764
27
997
110
9
516
1239
359
1410
183
34
12
1439
600
8
22
19
504
1067
40
46
9
18
344
572
960
10
450
1131
92
967
109
12
28
904
696
28
298
69
265
134
321
82
38
323
801
2
4
913
1075
3
600
36
6
89
83
1
26
14
352
14
5
253
210
119
31
336
4
401
57
995
1077
1493
776
10
53
422
1141
176
454
1035
10
9
165
51
78
953
10
160
527
68
26
15
334
13
5
68
20
309
403
34
167
1439
2
1
110
184
17
3
228
449
53
370
22
723
971
479
14
60
197
3
103
15
14
10
231
100
474
147
341
19
29
329
63
805
3
175
718
443
2
258
1446
258
34
502
167
272
323
166
886
540
3
1
27
12
28
255
839
1451
1570
12
289
97
27
89
57
1402
1
425
200
11
10
17
181
115
48
3
12
6
6
3
418
4
4
213
935
10
364
818
514
3
609
19
6
264
2
17
726
475
917
1113
10
7
1
534
840
1
927
904
500
67
1
5
56
2
4
4
2
14
19
2
5
24
17
45
118
18
195
32
991
5
55
125
700
895
12
2
170
841
421
4
1
1
34
19
231
2
14
179
140
273
103
78
8
5
493
777
28
3
522
155
51
40
4
1192
33
336
88
119
5
36
131
11
736
