2
5
1
6
1
1
2
1
2
2
5
1
14
2
8
3
1
1
5
1
7
4
1
3
3
2
1
1
1
9
1
1
15
3
2
6
5
5
1
1
3
3
1
2
2
2
4
1
5
3
3
3
4
4
8
3
7
1
2
1
3
1
9
2
5
2
2
16
2
7
1
3
2
4
4
6
1
3
4
1
3
1
4
2
9
1
1
4
1
2
6
1
3
17
1
2
3
2
7
1
2
3
18
13
2
17
3
4
1
1
1
5
1
1
2
2
1
1
5
2
8
6
4
4
8
1
3
4
2
4
1
2
4
1
1
13
7
4
5
4
1
1
1
4
2
1
1
12
1
3
9
25
4
6
9
6
1
1
8
1
3
3
1
23
14
2
1
1
4
1
3
1
1
2
1
3
12
1
2
1
1
2
2
2
2
2
1
3
1
7
2
2
1
7
1
6
1
2
7
3
3
1
1
1
6
2
1
1
2
1
2
1
1
2
6
2
2
1
4
1
2
12
5
6
12
2
8
3
1
6
6
1
3
5
2
3
2
9
2
4
8
3
2
20
4
3
3
2
7
7
1
3
2
4
2
7
1
1
5
1
2
3
1
4
3
3
2
12
1
1
1
6
18
1
4
7
9
1
9
3
3
1
2
4
1
1
2
1
2
3
1
1
5
1
2
1
1
3
3
2
1
2
1
7
1
2
3
2
16
1
3
10
7
4
6
2
2
13
10
2
2
5
3
1
14
1
3
1
1
8
5
3
1
1
1
6
11
4
1
1
2
2
1
3
2
1
6
1
1
13
1
11
6
1
17
2
3
2
10
5
2
2
8
9
2
1
1
8
3
7
2
4
1
4
3
1
6
6
2
2
1
1
2
7
2
2
3
2
2
8
1
1
1
20
3
7
3
3
1
5
5
8
1
2
4
3
2
2
3
4
3
2
10
19
1
4
2
2
3
3
1
1
6
1
4
1
2
3
1
1
1
1
2
33
5
3
1
5
2
2
2
2
2
2
3
5
1
3
1
17
8
3
2
2
3
4
2
1
2
5
1
5
2
6
2
8
5
1
1
2
1
5
1
9
1
1
6
2
1
2
7
1
5
2
6
1
2
2
1
28
4
2
17
3
2
7
1
3
17
1
3
1
3
1
2
1
8
2
1
3
1
2
6
17
2
1
1
2
1
6
1
1
1
2
3
2
4
3
2
2
1
7
1
2
8
5
1
2
8
1
1
3
1
3
2
2
3
17
5
11
1
1
5
1
2
1
2
1
3
1
1
3
1
3
4
8
6
2
2
3
1
1
2
1
2
4
5
5
4
1
1
6
4
1
2
6
4
4
1
4
3
2
2
1
1
1
2
1
5
1
4
1
1
9
1
4
30
2
1
1
2
2
40
5
2
7
6
1
3
2
3
1
2
2
1
3
6
2
2
1
7
1
2
4
2
8
2
13
1
1
1
4
2
4
6
1
19
6
4
5
3
2
4
2
1
1
1
2
3
11
3
1
2
2
2
2
1
2
1
2
1
1
2
5
11
2
3
4
1
1
2
11
2
4
4
1
1
4
1
8
1
8
2
2
1
5
3
1
16
1
4
7
5
1
1
6
3
3
4
1
1
9
1
1
10
5
1
5
2
4
2
1
5
5
3
2
14
3
1
3
1
2
1
1
8
1
6
1
4
2
1
2
4
7
1
2
7
4
1
15
3
2
4
4
2
8
5
2
2
4
4
5
13
2
1
1
2
40
6
2
1
1
1
2
9
1
1
2
4
1
5
1
5
3
5
11
2
2
2
11
10
8
6
8
3
1
3
7
9
11
1
3
1
2
8
3
16
1
1
14
5
1
4
5
7
3
9
5
3
2
2
1
1
1
4
25
2
4
1
1
4
2
2
1
3
6
