166
285
3
11
30
525
3
65
1
448
4
426
45
28
78
6
1
91
125
99
13
3
96
13
2
10
148
261
64
10
130
47
1
500
3
98
24
403
5
67
255
155
31
11
19
454
13
470
233
79
84
626
97
27
2
10
52
171
197
16
242
64
281
2
74
365
17
375
436
23
64
397
84
22
56
943
220
1
24
8
58
37
4
52
43
165
16
434
111
1
9
17
6
48
207
497
165
65
4
266
91
40
127
116
7
10
25
9
3
438
76
392
117
105
42
78
1
120
228
8
10
239
115
369
163
481
9
586
51
500
29
104
241
47
1
71
220
37
297
75
260
11
1
378
13
584
199
1
100
84
465
55
61
46
169
133
27
51
42
183
51
135
98
43
125
231
22
4
27
44
256
41
6
42
3
430
214
9
31
293
1
11
2
4
21
94
3
171
133
67
208
255
31
6
1
291
481
378
191
632
31
53
89
43
352
39
7
31
210
8
22
37
218
7
17
190
246
10
1
136
7
243
182
22
24
648
46
201
389
53
433
4
148
144
17
223
515
82
11
150
261
4
19
5
147
244
172
547
67
379
105
545
6
5
24
25
6
9
26
429
147
37
59
281
55
25
181
392
21
13
9
229
34
5
34
81
9
81
67
38
24
10
88
595
67
54
6
234
109
2
1
122
129
61
4
77
107
106
497
207
11
12
551
252
1
167
27
216
133
53
27
331
437
1
117
1
12
138
467
247
143
51
599
37
56
44
1
9
21
606
423
506
562
184
75
11
1
872
57
150
36
141
257
127
8
389
156
5
11
43
45
12
497
187
1
17
14
106
30
185
102
627
12
139
41
102
110
160
10
2
7
286
28
143
17
2
1
259
3
12
242
18
371
435
60
153
193
133
169
81
501
35
655
5
1
213
58
22
101
1
212
2
88
16
15
57
101
31
76
63
12
58
218
54
43
14
13
14
4
1
54
487
147
16
33
16
58
129
18
49
89
726
355
21
31
324
33
78
44
487
98
78
6
243
3
244
166
106
36
105
668
102
227
36
366
106
179
164
198
6
100
70
258
18
57
388
72
4
254
21
27
5
106
1
28
18
15
97
13
163
10
155
139
2
106
59
5
81
11
17
92
191
16
93
131
495
131
338
55
164
212
10
178
6
82
858
107
17
3
7
657
4
1
66
68
5
506
451
73
230
28
3
47
29
166
203
177
630
263
294
90
418
53
292
92
4
35
15
671
31
27
14
1
36
227
344
673
14
827
189
288
189
219
37
458
305
222
41
21
93
93
49
350
220
13
56
867
76
38
14
73
509
19
73
35
8
6
312
195
5
5
548
323
26
1
29
226
8
1
151
26
107
50
157
33
324
813
33
5
48
9
111
176
94
10
10
71
4
40
98
139
14
1
62
145
59
1
5
15
57
26
36
12
41
11
70
540
29
239
91
36
109
169
94
473
5
336
14
315
17
51
27
3
84
4
62
50
37
9
8
25
52
277
2
22
37
73
53
37
240
140
15
15
112
85
54
234
362
1118
795
32
155
11
193
6
12
5
19
2
66
64
1
8
36
84
405
966
1
214
61
135
1
472
1035
11
426
61
105
222
20
7
1228
20
20
4
7
158
22
116
51
3
21
404
183
21
27
50
27
275
89
1
132
279
33
10
5
59
33
76
3
1
49
608
30
147
6
662
1
18
136
74
119
52
5
142
261
61
122
643
813
68
252
40
37
77
53
276
104
1394
72
5
63
15
109
408
26
41
511
469
923
14
20
5
1
12
683
1091
67
408
53
162
2
180
358
58
5
46
2
165
7
25
31
3
11
44
32
7
578
1
132
72
46
299
33
186
7
323
204
1
50
3
10
16
187
166
116
8
567
52
47
214
168
531
60
68
444
5
35
1
10
10
27
22
160
36
113
29
143
1186
194
20
489
195
539
5
136
17
99
143
1357
1
20
105
585
125
176
277
360
84
6
11
32
4
170
27
1
85
96
66
145
33
110
76
1199
1197
47
174
14
692
25
10
604
65
92
19
116
57
283
14
14
163
26
8
6
1
759
93
649
59
391
1297
25
11
24
59
162
521
82
45
34
3
1218
129
20
89
1
55
59
90
204
34
31
145
111
113
74
716
350
1
9
17
4
51
81
4
232
6
614
276
2
31
16
37
59
16
749
222
954
37
11
8
252
787
239
18
63
107
229
12
23
15
678
87
395
58
137
34
129
90
1349
33
346
31
180
5
1192
1
1
1
1
1
1
1
1
1
1
1
1
1
1
1
1
1
1
1
1
53
1
1
1
1
1
1
1
1
1
1
1
1
1
1
1
1
1
1
1
1
1
1
1
8
1
1
1
1
1
1
1
1
1
1
1
1
1
1
1
1
1
1
1
1
1
1
1
1
1
1
1
1
1
1
1
1
1
1
1
1
1
19
1
1
1
1
1
1
1
1
1
1
1
1
1
1
1
1
1
1
1
1
1
1
1
1
1
1
1
1
1
221
1
1
1
1
1
1
1
1
1
1
1
1
1
1
1
1
1
1
1
1
1
1
1
1
1
1
1
1
178
1
706
1
1
1
1
1
1
1
1
1
1
1
1
1
1
1
1
1
1
1
3
1
1
1
1
1
2
1
1
1
282
1
1
1
1
1
1
1
1
1
1
1
1
1
1
1
1
1
1
1
1
1
1
1
1
1
1
1
1
1
1
1
1
1
1
1
1
1
1
1
1
1
1
1
1
1
1
1
2
1
1
1
1
1
1
1
111
1
1
1
1
1
1
1
1
1
1
1
1
1
1
1
1
1
1
1
1
1
1
1
1
1
1
1
1
699
1
13
2
1
1
1
1
1
1
1
1
1
1
1
1
1
1
1
1
1
1
1
1
245
1
1
1
1
1
1
1
1
1
1
1
1
1
1
1
1
1
1
1
1
3
196
1
1
1
1
1
1
1
1
5
1
1
1
1
25
1
1
1
1
1
1
1
1
1
1
1
1
1
1
1
1
1
1
1
1
1
1
1
1
1
1
260
1
1
1
1
1
1
306
1
234
1
1
1
1
1
1
1
1
1
1
1
1
1
1
1
1
1
1
1
1
1
1
1
1
1
1
1
1
1
1
1
1
1
2
289
1
1
1
1
10
1
1
1
1
1
1
1
1
1
1
1
1
2
1
1
1
1
1
1
2
1
1
1
1
5
1
1
1
2
1
1
1
1
1
1
1
2
1
1
1
1
1
1
1
1
1
1
1
1
3
1
1
1
1
1
1
1
1
1
1
8
132
1
1
1
1
7
1
1
1
1
1
1
1
1
1
1
1
1
1
263
1
1
1
1
1
1
1
1
1
1
1
1
1
1
1
1
1
2
1
1
2
1
1
1
1
1
1
1
1
1
1
1
1
1
1
71
1
1
1
1
1
1
1
1
1
228
1
1
1
1
1
1
1
1
1
1
1
1
1
1
1
367
1
1
1
1
1
1
1
1
1
1
1
1
1
1
2
2
1
1
7
2
1
1
1
1
5
1
7
1
1
1
1
1
1
1
1
1
1
17
1
1
1
1
1
1
1
1
1
472
1
105
1
1
1
1
1
1
1
122
1
2
1
1
1
1
1
1
1
1398
1
1
1
1
1
1
1
1
1
1
1
1
1
2
1
1
1
1
1
1
1
1
112
1
1
1
1
1
1
1
1
1
1
1
1
1
1
1
1
1
107
1
1
1
1
1
1
1
1
1
1
1
1
1
1
1
1
1
1
1
1
1
1
1
1
1
1
1
1
1
1
550
1
1
2
1
1
1
1
1
1
1
1
1
1
1
1
1
1
2
1
1
1
1
1
1
1
1
1
1
1
1
1
2
1
1
1
1
1
1
1
1
1
1
1
1
1
41
76
1
1
2
1
1
1
1
1
3
192
1
1
1
16
1
1
108
1
1
1
3
1
1
1
1
1
5
1
1
1
1
1
1
2
1
1
1
67
1
1
1
659
1
1
1
1
1
2
1
1
1
1
1
1
1
1
1
1
1
1
1
1
1
1
1
1
1
454
1
1
220
1
1
1
1
1
1
1
2
124
1
1
1
1
3
1
1
1
1
1
1
1
608
1
1
1
1
96
1
1
1
1
1
1
1
1
1
1
1
2
1
1
1
1
1
1
1
1
1
1
1
1
1
1
1
1
1
1
1
1
1
1
1
1
1
1
1
1
1
6
1
1
1
1
73
1
1
1
1
1
2
1
1
1
1
1
1
1
1
1
1
1
3
1
1
1
1
1
1
1
1
1
2
1
1
15
1
1
1
1
1504
1
1
9
1
51
1
1
1
2
1
1
1
2
1
1
2
1
1
1
1
1
1
1
225
1
1
1
1
99
7
1
1
1
1
1
1
1
1
1
1
1
1
1
1
1
1
1
1
1
17
1
1
1
1
1
2
1
1
1
1
1
1
1
424
12
2
2
1
1
1
1
1
1
1
1
1
1
1
1
1
1
1
2
1
1
1
2
1
1
1
2
1
245
2
1
1
1
2
1
1
1
1
1
1
1
1
1
1
1
1
1
45
1
1
1
175
1
1
1
1
1
1
1
1
137
1
1
1
1
85
1
1
1
1
1
93
1
1
1
290
1
1
1
1
1
1
1
1
1
1
1
31
1
1
3
1
1
1
1
1
1
1
1
1
1
2
1
1
2
1
2
1
1
1
215
1
1
3
1
1
1
1
1
1
260
225
1
1
1
2
1
1
1
1
1
1
1
2
68
1
1
1
1
1
1
1
1
1
2
1
75
1
2
1
3
1
1
1
1
1
1
1
1
1
1
1
1
1
1
1
1
1
1
1
1
1
2
1
1
1
96
233
1
1
351
110
1
1
1
1
1
1
1
1
1
1
1
1
1
1
1
3
1
1
2
23
38
2
3
2
2
2
1
1
1
1
1
1
1
1
1
1
1
1
1
1
1
1
2
1
349
1
1
1
1
1
1
1
1
1
1
1
1
2
1
1
1
1
1
1
1
1301
18
1
189
1
2
1
1
1
1
1
1
1
1
1
464
1
1
1
1
166
1
1
2
1
1
1
1
1
1
1
2
1
1
1
1
1
1
1
1
245
1
2
1
2
136
1
1
214
1
1
1
585
1
1
1
2
1
1
1
1
1
1
125
3
1
1
2
1
1
7
1
1
2
1
1
1
1
1
1
64
1
1
1
1
1
103
1
1
1
1
1
1
1
1
5
1
1
1
1
117
1
1
2
4
1
1
1
1
2
2
1
56
1
1
1
1
1
1
1
1
1
1
1
1
16
1
1
13
2
1
2
2
20
1
1
1
1
1
1
1
1
1
1
1
1
215
1
1
58
1
2
1
1
1
1
1
1
1
1
1
1
1
1
1
1
1
1
4
1
1
3
3
1
17
1
1
1
1
50
1
1
101
1
2
1
1
1
1
1
50
1
1
1
2
1
1
1
1
1
1
1
1
1
1
1
1
1
1
786
1
1
1
1
1
1
236
2
1
2
1
1
1
1
1
1
1
1
1
1
1
2
1
1
1
1
1
117
2
1
66
123
1
1
4
1
2
66
1
1
1
1
1
1
1
1
1
1
1
1
3
1
1
3
1
1
1
1
1
1
2
1
1
1
1
1
1
1
1
1
1
1
1
1
1
1
1
1
1
1
1
1
2
1
1
1
1
1
1
1
1
1
3
142
1
1
1
1
1
1
1
1
1
2
1
1
1
1
1
1
1
247
1
1
1
1
2
81
3
1
53
1
1
852
1
1
1
1
4
1
1
1
1
1
1018
1
1
1
1
1
1
1
1
1
1
1
1
1
1
1
1
1
1
2
3
1
1
1
1
2
1
1
2
1
2
1
1
1
1
1
1
1
1
1
1
1
1
1
1
1
1
2
1
1
1
47
1
1
204
1
1
1
2
2
1
2
1
1
1
1
1
1
1
2
1
2
1
1
1
1
1
1
1
116
1
1
3
1
112
1
1
1
2
2
2
1
1
1
1
1
1
1
1
1
1
238
1
2
1
1
1
1
1
1
2
1
1
1
1
1
1
1
1
1
1
1
1
1
1
1
1
1
1
1
1
1
1
1
2
1
281
1
134
1
1
1
4
1
1
1
1
1
1
1
44
1
2
1
1
2
2
1
2
2
1
1
1
282
1
1
1
4
2
1
1
1
1
2
1
1
4
1
1
1
1
1
1
1
2
1
1
1
1
1
1
2
1
1
1
2
2
1
1
1
17
2
1
1
1
1
1
1
1259
1
1
1
2
219
1
1
1
26
4
1
1
1
1
2
1
1
1
1
329
1
1
1
1
1
1
1
1
1
2
1
1
1
2
1
1
1
1
1
1
1
1
2
2
1
1
1
1
1
1
2
1
2
1
1
1
1
1
1
2
1
1
1
1
2
1
1
1
1
1
1
2
1
1
1
2
5
3
1
1
7
1
1
1
1
1
1
1
1
1
1
1
1
1
4
1
1
1
1
1
1
1
185
3
1
1
1
1
1
2
2
1
2
1
1
1
2
2
1
1
1
1
1
1
1
1
1
1
1
1
1
1
1
1
24
1
1
1
1
1
1
3
1
2
1
2
1
1
1
1
1
1
3
2
1
16
1
1
1
15
1
1
1
1
1
1
1
1
1
2
1
1
1
1
1
1
1
3
1
1
1
1
1
1
4
1
1
48
1
1
85
116
1
1
1
1
1
1
1
1
1
1
1
1
1
1
1
1
1
1
1114
1
1
353
2
38
1
1
1
1
3
1
1
1
1
1
1
1
1
1
250
1
1
1
3
1
1
2
1
1
1
2
1
1
1
1
1
1
1
1
2
36
1
2
1
1
1
1
1
1
1
1
2
3
1
1
1
2
2
1
1
1
1
1
1
1
39
1
3
345
1
1
1
1
1
1
1
1
1
3
1
2
1
1
1
1
1
1
1
3
1
1
1
1
1
1
1
1
1
1
1
1
1
1
1
1
1
1
1
1
1
1
2
2
1
1
1
1
1
2
1
2
1
1
79
1
1
1
1
1
1
1
1
1
1
1
6
631
3
3
1
1
1
4
1
1
1
2
1
3
1
1
2
2
2
74
1
1
3
125
1
1
1
1
1
2
1
1
1
1
1
37
3
1
1
1
1
16
1
3
2
2
1
1
1
1
1
2
2
1
1
1
1
139
1
1
1
1
4
1
1
1
2
1
1
1
2
442
1
1
1
2
1
1
1
1
1
2
1
1
2
2
1
2
2
1
14
1
173
1
1
1
1
1
1
1
1
1
1
1
1
1
1
1
1
1
1
1
1
2
1
24
1
1
1
1
1
94
1
1
2
829
1
398
1
1
1
1
2
2
2
2
1
2
1
1
1
1
1
1
249
1
1
3
1
1
1
1
1
1
1
1
1
1
2
1
1
1
1
1
1
1
1
1
1
1
1
2
1
1
1
2
1
32
1
1
1
1
1
1
1
1
1
1
1
1
1
1
1
1
1
1
1
1
2
1
1
3
1
1
1
2
1
2
1
2
3
2
486
1
1
1
1
1
3
1
1
2
2
2
2
1
2
7
1
1
2
6
1
1
1
1
1
2
1
1
1
1
2
80
1
1
1
2
2
1
1
2
2
1
2
1
1
1
1
1
1
1
1
2
1
1
2
1
3
1
1
2
1
1
1
1
2
1
1
1
1
1
1
1
1
1
1
2
1
1
1
3
1
17
1
1
2
1
1
1
1
4
1
1
1
2
2
1
2
1
1
1
1
1
1
1
452
1
1
2
1
1
1
1
1
1
2
1
1
1
13
1
1
2
1
1
1
1
1
2
1
1
1
1
1
1
3
1
1
1
1
1
1
1
1
50
1
2
1
1
1
1
1
1
1
1
2
1
1
1
1
1
2
2
2
1
3
3
1
1
2
1
1
1
2
501
1
1
2
1
1
2
3
1
1
1
6
4
1
1
1
1
1
9
2
2
1
1
1
1
15
1
1
1
2
2
1
1
405
2
1
1
1
1
1
1
3
1
1
1
30
1
2
1
3
2
1
1
1
1
1
1
1
3
1
294
1
2
1
2
1
1
5
1
1
1
1
1
40
34
2
1
1
1
2
1
1
1
1
1
2
1
1
1
1
1
4
1
1
1
1
1
1
1
1
1
2
1
2
1
2
2
1
1
1
1
2
2
3
1
1
1
1
1
1
1
1
1
1
1
3
1
1
1
2
2
1
1
229
1
1
151
1
1
1
1
1
2
2
1
2
3
1
1
393
1
1
1
1
1
1
1
2
1
1
3
2
1
1
1
2
2
1
1
2
1
1
2
1
1
1
2
2
821
1
1
1
1
1
1
5
3
1
1
1
1
1
1
1
1
12
1
201
1
1
1
2
2
4
1
1
1
2
1
2
1
2
1
1
1
1
2
1
1
1
1
1
1
1
1
3
1
1
1
1
1
1
1
866
1
1
1
1
1
3
1
1
1
2
254
5
1
58
1
1
1
1
1
1
1
1
1
1
1
3
1357
224
1
1
1
322
1
1
1
1
2
1
3
3
1
1
1
1
1
1
1
2
3
1
428
1
1
1
1
1
4
1
1
1
1
2
1
140
1
1
2
2
1
1
2
1
1
2
1
3
1
2
1
15
1
2
1
1
1
1
1
3
1
1
2
1
1
1
1
3
1
5
3
1
1
1
3
2
1
1
21
1
1
1
1
1
2
4
44
3
2
226
450
1
1
1
2
1
1
1
5
1
66
6
3
1
1
1
1
1
1
1
1
1
1
2
1
1
1
20
1
1
1
1
1
1
1
1
2
1
2
1
1
1
1
2
1
1
1
1
1
1
1
1
2
1
1
1
1
2
1
2
1
1
1
1
2
343
2
2
1
2
2
1
2
6
1
1
2
1
1
2
3
2
1
2
1
2
1
1
1
1
2
2
1
1
1
1
1
1
1
2
2
1
1
1
1
1
1
2
1
43
1
2
1
1
3
2
233
1
1
1
1
1
1
1
1
11
2
1352
1
1
2
1
1
3
1
1
1353
1
2
2
1
2
2
1
2
2
2
1
3
1
1
1
1
2
1
2
45
5
1
1
1
31
1
1
1
1
2
1
2
1
3
161
1
1
1
1
1
5
1
1
1
1
3
1
1
1
657
2
1
3
1
1
1
2
1
3
1
2
7
1
1
3
1
1
1
1
240
1
1
1
1
1
1
2
2
1
1
57
2
1
1
1
2
1
31
1
1
2
3
4
2
2
1
3
1
3
2
1
33
1
190
1
1
1
3
1195
1
1
2
27
2
1
1
1
1
3
6
1
1
1
1
1
129
2
1
1
1
1
1
1
2
88
2
1
1
1
1
97
1
1
3
200
1
1
2
1
2
119
1
2
1
1
5
1
1
1
1
1
3
1
1
1
2
1
11
1
1
2
1
1
1
1
1
2
1
2
1
2
2
3
1
97
2
1
1
2
1
1
2
26
1
1
2
1
26
1
2
182
1
1
1
1
1
1
1
2
1
1
1
1
1
1
1
1
2
1
3
1
8
1
3
1
1
2
1
4
1
2
80
1
1
1
2
1
1
1
1
2
1
1
2
1
1
1
1
1
1
2
2
1
1
3
1
1
2
1
4
1
1
1
1
1
1
1
6
1
2
1
1
1
2
1
1
1
1
1
1
1
59
1
1
1
4
5
59
2
1
2
1
3
1
1
1
1
1
386
1
1
1
1
5
2
1
1
1
2
1
12
2
2
2
1
1
2
1
1
3
1
148
1
1
3
1
1
2
2
1
1
1
664
1
1
2
2
1
1
1
143
1
1
1
1
1
1
2
2
1
1
1
1
2
1
1
1
1
8
1
2
1
1
2
1
2
1
1
2
1
2
1
1
1
2
1
240
78
1
1
2
1
1
305
1
1
1
328
2
1
1
1
1
1
1
1
1
3
1
4
1
2
1
2
1
2
1
1
1
2
4
1
1
1
1
5
2
3
2
2
14
1
1
2
1
3
1
26
1
1
1
4
1
1
1
2
1
1
1
1
1
1
1
4
6
1
1
1
1
1
1
1
1
1
3
132
2
1
2
133
1
1
1
2
1
1
3
1
1
1
1
1
1
4
1
2
1
2
3
1
2
2
1
1
2
34
1
6
2
1
2
1
1
1
1
3
1
1
1
2
1
1
2
1
2
1
1
1
99
197
553
1
2
1
1
1
2
1
22
1
3
1
4
1
4
4
1
2
3
1
2
1
1
1
1
1
1
1
16
109
2
20
2
1
1
1
1
1
1
1
186
4
2
4
1
2
1
1
1
2
1
5
1
1
1
1
1
39
1
3
1
1
1
1
1
1
2
2
1
1
1
1
18
1
1
1
123
92
1
270
1
113
2
1
2
1
2
2
1
9
2
205
2
1
1
1
2
1
1
1
1
1
1
1
2
2
3
1
1
2
2
4
1
1
1
1
1
2
178
1
4
1
1
2
1
1
1
1
1
1
2
1
7
92
2
1
1
1
1
1
2
5
2
2
1
2
1
1
1
1
3
2
1
1
3
1
1
408
1
1
1
1
3
1
4
3
1
3
1
1
1
3
5
10
1
3
242
1
1
1
2
1
1
1
3
1
1
1
1
1
1
1
1
2
1
1
3
2
28
1
1
3
2
1
1
253
1
1
3
1
12
1
1
6
1
3
3
2
1
1
2
2
1
1
1
1
2
2
1
5
1
1
1
2
2
1
1
392
1
2
1
8
1
1
4
1
5
1
1
1
3
62
2
2
2
293
1
1
1
1
1
1
1
1
749
1
1
1
234
1
2
1
1
2
3
1
3
1
1
1
1
1
1
1
1
1
1
1
1
21
1
1
8
3
2
1
1
1
4
1
113
1
4
1
1
1
2
1
4
1
1
1
1
1
2
2
1
1
8
1
1
1
1
1
2
1
369
4
1
1
1
2
1
3
2
1
1
2
1
1466
16
2
1
1
1
1
1
5
2
1
1
1
1
2
1
1
1
1
5
2
135
59
1
1
2
3
2
1
1
2
1
2
1
1
1
1
2
1
1
165
2
1
3
8
1
1
1
1
2
1
4
2
3
1
1
2
1
1
1
2
2
1
1
2
2
804
1
1
2
2
5
1
18
3
1
2
1
1
2
2
3
1
1
1
1
10
1
1
1
2
86
1
5
1
2
2
69
2
1
6
3
6
1
1
5
2
2
42
2
1
2
1
1
7
11
2
1
1
3
1
1
605
3
4
2
6
1
1
1
1
1
3
2
1
2
1
1
2
1
2
405
1
4
1
1
2
2
1
636
2
1
1
1
1
5
4
2
1
1
2
1
1
5
2
1
1
1
10
3
1
2
1
39
1
7
2
1
1
8
4
1
3
3
1
2
6
2
2
1
1
2
2
1
1
524
1
1
1
4
1
2
1
1
1
2
1
1
59
1
2
1
2
1
2
5
1
2
1
1
4
1
1
120
2
1
1
1
2
1
2
1
3
2
51
1
1
2
3
33
1
1
586
1
1
2
2
1
1
1
1
1
1
1
2
1
1
2
1
1
1
1
3
171
1
1
1
1
36
215
1
1
4
1
1
1
1
1
1
1
1
8
1
1
33
1
3
3
1
5
2
1
1
9
1
2
2
4
1
3
8
2
188
2
1
1
660
1
4
5
6
1
1
1
1
1
1
1
1
1
1
1
1
1
1
1
311
1
1
1
2
2
1
44
2
1
2
5
1
1
1
2
4
1
1
1
1
1
1
1
2
1
1
1
165
10
1
1
1
2
26
4
1
1
3
3
6
1
1
1
1
1
1
1
1
1
8
1
2
1
1
1
1366
1
2
4
1
1
1
1
2
1
1
1
1
1
26
1
2
1
1
1
1
1
4
1
1
2
1
1
1
2
1
2
1
1
1
4
1
13
3
1
1
2
2
1
1
164
1
1
2
2
4
1
1
1
3
1
3
1
2
1
1
494
1
1
3
1
1
1
3
1
3
1
1
1
2
1
1
1
2
3
1
1
1
1
1
1
1
2
2
2
2
1
1
1
1
1
2
3
36
1
1
3
5
3
3
3
1
1
4
1
4
9
2
1
1
1
1
1
1
1
1
31
1
3
1
7
1
1
7
1
1
3
1
83
3
1
3
1
5
1
4
1
1
1
3
1
2
1
1
1
1
1
171
1
1
267
1
1
2
1
1
2
1
1
2
3
2
2
170
3
3
2
4
1
1
1356
1
53
2
1
1
1
13
1
2
1
1
1
1
1
1
4
1
1
1
1
1
1
1
2
1
239
1
1
5
9
1
1
3
2
5
1
1
1
1
2
1
15
2
19
2
1
1
2
2
47
1
1
1
3
9
1
1
4
224
7
3
6
1
4
2
1
1
4
3
3
2
1
1
3
4
3
1
1
1
155
1
1
6
2
1
1
1
1
1
1
1
1
3
1
206
1
5
386
3
3
2
313
1
1
157
1
1
3
1
3
1
1
1
1
3
3
2
1
1
2
1
7
6
1
3
1
1
1
1
1
1
3
3
3
3
1
1
1
1
1
1
1
1
1
1
1
2
1
1
1
1
1
2
2
1
2
2
1
1
1
1
2
2
1
2
1
1
1
2
1
1
130
1
2
1
3
1
4
1
1
1
7
1
3
1
1
1
2
115
1
1
1
1
6
5
24
1
1
3
3
1
1
1
2
1
3
1
1
1
1
286
1
3
1
2
1
3
3
1
2
20
1
59
2
1
5
277
1
1
1
2
1
16
1
1
4
3
1
1
1
2
1
2
1242
1
1
2
1
1
1
2
3
1
1
1
1
3
2
1
1
2
1
2
25
1
1
2
2
1
1
1
4
105
1
2
2
1
2
2
169
1
4
5
1
4
3
1
163
1
1
3
1
3
5
2
4
1
1
12
2
1
1
1
2
1
23
1
2
1
3
1
1
3
1
1
1
1
1
1
1
1
2
4
1
1
2
1
1
1
2
1
1
1
1
4
2
14
2
9
1
1
1
1
1
2
1
1
1
4
291
3
4
4
3
1
2
4
1
4
2
1
1
1
1
3
4
2
1
1
1
3
1
5
4
3
1
1
1
2
2
3
59
1
5
11
1
1
1
2
1
1
19
1
2
1
1
1
4
1
1
2
6
1
1
1
1
3
1
1
1
1
2
1
1
3
1
1
1
2
1
180
3
3
2
1
1
2
2
1
1
1
3
2
1
4
1
1
1
1
1
2
2
2
2
4
1
1
3
1
1
2
2
1
1
1
1
1
1
1
1
1
3
1
2
1
2
2
1
5
1
1
2
2
12
1
1
1
1
1
2
3
2
1
7
3
1
1
1
1
1
1
1
9
1
1
1
1
1
1
1
1
1
3
1
2
4
3
4
1
1
1
1
2
334
3
1
1
1
1
6
1
1
4
3
1
1
2
3
3
4
5
1
1
1
3
11
2
1
6
3
1
1
3
2
1
1
282
1
1
3
1
5
32
46
6
1
1
1
7
1
2
1
15
1
2
1
1
1
1
4
4
2
254
9
1
4
1
5
1
1
1
2
2
1
3
5
1
5
3
76
3
1
5
1
1
1
1
2
1
1
1
1
3
1
11
4
1
1
1
1
2
1
4
1
1
2
2
1
1
5
3
2
3
10
1
1
4
37
2
5
2
2
3
2
4
2
1
7
4
1035
4
2
4
1
1
1
13
1
2
72
11
1
5
1
7
1
2
1
1
2
1
1
3
2
1
2
277
3
1321
1
4
1
2
1
3
1
3
3
1
2
1
1
3
1
3
1
2
3
1
1
1
5
10
1
4
1
4
1
1187
1
1
125
5
295
2
1
4
1
1
1
3
1
6
1
1
1
2
1
1
2
1
14
7
33
2
266
2
1
1
2
1
1
1
1
2
1
1
1
2
1
2
1
2
1
3
2
1
4
1
1
693
2
1
4
79
1
3
10
5
1
6
2
1
1
6
1
86
1
1
1
1
1
7
1
1
1
1
2
3
1
1
1
171
1
1
175
1
2
1
2
528
1
2
2
90
5
1
1
1
6
1
2
1
3
1
1
1
1
1
6
1
7
1
1
2
1
1
3
1
1
74
1
3
2
1
1
1
4
1
3
7
2
5
1
191
3
1
1
1
2
1
1
1
1
172
3
1
2
1
4
2
1
5
3
1
2
1
1
1
87
1
2
25
2
1
253
3
1
3
1
1
1
52
1
1
1
1
1
1
1
1
6
1
4
1
3
2
2
1
1
7
3
1
1
1
1
2
1
3
10
1
1
5
2
3
1
1
5
2
2
1
1
1
147
206
2
3
80
1
1
2
2
11
1
1
132
1
1
51
6
2
2
16
1
3
1
1
3
3
1
3
1
2
1
249
8
1
8
2
1
1
1
153
4
1
2
29
1
1
4
1
1
11
1
162
63
1
1
1
4
3
1
1
42
1
1
4
1
2
11
3
1
1
1
12
3
5
1
1
1
1
2
1
1
1
3
1
1
1
5
2
38
1
1
104
2
4
80
1
1
1
1
3
3
3
5
1
13
2
213
1
1
2
1
5
4
2
1
1
1
2
1
2
11
1
1
1
4
3
12
9
2
4
20
1
2
2
1
5
2
1
2
1
2
4
1
2
1
1
12
2
1
82
2
5
1
4
49
5
1
2
3
1
9
1
3
1
1
2
1
2
2
1
2
1
1
1
1
2
1
1
1
2
2
4
1
11
8
1
1
2
3
1
4
1
8
1
1
1
8
4
1
1
1
1
1
2
3
2
1
4
1
4
2
5
1
3
1
1
5
3
1
222
1
4
1
1
1
1
1
1199
1
8
1
5
1
3
42
2
1
1
2
2
1
4
4
1
6
3
36
1
2
2
1
1
1
2
3
3
1
93
1
2
2
1
4
2
1
7
2
1
1
2
2
4
1
1
1
1261
1
1
14
1
2
2
1
514
1
4
2
2
4
1
1
1
1
1
1
1
1425
4
254
1
2
2
1
2
1
1
7
1
2
2
3
2
3
5
1
1
2
5
1
1
1
3
1
1
2
2
1
4
2
1
2
1
1
1444
1
1
5
1
1
25
2
1
1
2
1
3
1
3
1
1
1
1
37
2
1
1
1
1
210
1
4
1
8
354
1
5
2
1
2
1
6
4
1
2
2
4
1
1
5
3
5
2
1
1
7
2
1
1
2
2
3
1
1
1
2
1
2
2
5
2
1
2
2
1
1
2
6
2
1
1
1
1
3
3
13
1
1
1
1
1
1
1
2
1
3
1
2
4
9
5
3
3
1
1
1
6
10
3
7
2
126
9
2
1164
7
5
6
1
1
1
1
1
2
47
1
581
1
2
1
2
116
1
3
1
1
3
1
1
1
1
1
10
1
1
3
107
14
1
1
4
7
2
1
107
2
51
2
2
3
26
8
2
824
4
3
1
3
1
4
1
15
1
1
4
3
1
1
2
1
1
2
2
7
1
4
1
1
2
1
1
1
2
113
8
7
1
1
1
5
1
2
2
2
1175
1
12
1
1
4
5
1
15
3
10
1
1
3
2
4
1
1
1
2
1
1
2
2
2
8
1
2
4
3
1
2
4
9
6
2
1
1
1
1
57
2
1
1
1
1
1
2
2
1
10
1
4
250
1
1
4
181
2
14
2
802
3
1
1
2
2
1
5
2
2
1
7
1
1
14
1
1
1
6
1
1
2
6
6
1
9
1
93
2
1
1
2
13
2
1
1
2
1
1
6
3
3
4
3
4
2
1
2
1
3
1
85
3
1
7
3
1
3
1
1
3
1
4
2
1
1
1
3
2
2
19
5
4
1
1
1
5
1
2
1
2
8
79
6
1
3
1
1
1
5
2
1
1
1
2
1
1
25
4
1
5
1
1
5
1
1
27
2
105
2
3
1
1
2
1
1
2
2
2
12
2
1
1
4
9
4
1
6
1
2
5
2
1
1
3
2
1
1
5
1
1
2
2
1
1
1
2
2
3
2
5
1
6
354
1
52
1
1
1
1
1
484
1
4
4
4
1
2
1
1
1
9
3
4
1
1
3
1
1
1
178
2
1
2
1
1
894
1
2
5
186
7
14
2
2
3
6
2
22
2
9
1
103
1
2
1
2
2
49
3
1
5
1
5
2
2
1
6
2
1
111
2
9
630
88
1
1
1
5
1
1
2
1
1
2
1
1
1
1
22
3
2
2
1
1
3
2
1
1
4
1
2
2
1
1
3
2
2
4
1
1
15
1
1
2
14
1
6
2
1
1
89
3
1
2
1
3
1
3
1
1
2
4
2
3
1
3
1
1
1
2
5
3
2
4
3
1
9
1
1
1
6
2
1
2
5
5
5
11
3
4
1
2
1
1
2
2
57
7
17
1
1
10
3
1
29
5
3
1
2
1
15
6
1
7
2
2
1
9
25
1
7
3
1
7
3
15
1
1
1
2
4
1
14
4
3
1
3
3
5
12
5
1
4
1
1
1
1
1
1
2
1
1
3
1
1
1
5
1
1
3
1
1
3
4
6
2
10
5
1
4
1
1
4
1
1
1
2
1
6
200
1
13
3
1
2
1
99
1
1
1
2
1
1
7
6
123
2
4
1
4
1
9
12
2
2
1
1
2
10
3
1
4
1
1
1
1
1
7
1
6
4
4
5
3
1
7
3
8
1
14
8
1
5
2
1
2
3
1
1
2
2
9
2
4
4
2
2
3
2
1
1
5
1
1
1
1
1
14
1
8
119
1
6
1
3
1
1
1
21
3
1
5
4
1
2
1
2
1
1
2
2
3
2
1
81
2
1
2
3
8
167
6
2
200
3
1
5
1
1
6
1
13
3
3
2
3
1
1
1
8
7
2
31
2
5
11
3
1
2
2
7
6
50
1
1
2
219
1
11
1
1
1
1
5
1
3
5
6
3
23
2
2
4
2
1
10
1
2
2
2
5
4
1
1
1
2
2
149
2
3
200
1
1
2
2
1
1
9
1
1
11
6
1
4
13
7
1
1
7
1
3
1
3
2
1
4
1
1
1
1
153
1
67
3
11
1
1
6
5
12
5
3
1
2
1
1
1
1
1
1
1
2
5
3
3
1
3
2
3
1
3
5
7
165
2
7
1
10
1
6
381
2
6
1
8
1
15
2
1
1
401
2
1
1
1
2
5
22
12
1
2
1
2
1
2
10
2
2
5
59
1
3
1
632
1
1
1
2
42
2
1
3
1
1
1
9
168
5
1
2
1
2
10
1
1
3
13
1
1
5
1
3
2
5
1
6
4
1
1
3
173
4
6
1
3
1
16
1
3
1
1
1
5
4
121
169
3
1
1
2
6
1
3
1
9
1
7
18
1
7
2
1
2
1
13
8
1
2
5
1
1
2
4
6
2
3
2
2
3
2
1
49
7
1
3
3
1
4
1
1
1
1
3
45
7
2
8
1
3
3
68
1
1
1
3
1
2
2
2
2
1
1
1
7
3
7
3
1
94
16
1
1
3
1
2
1
2
10
1
1
86
2
2
2
1
6
1
9
1
6
1
2
1
3
2
12
2
5
3
5
15
1
1
2
2
1
5
11
6
2
4
1
251
1
1
7
3
8
1
1
2
1
1
2
1
10
2
1
92
278
2
3
11
3
2
3
1
1
3
1
1
1
3
2
1
2
24
13
7
44
3
7
1
4
4
12
4
2
2
1
1
1
4
2
1
1
7
36
2
7
4
3
1
1
3
2
10
16
1
3
14
2
1
2
4
2
1
3
1
3
10
16
2
2
3
5
1
1
1
1
1
4
1
2
5
1
44
1
3
26
3
1
28
5
1
62
2
4
8
19
2
2
1
1
2
1
1
6
1
2
2
7
14
11
1
13
1
3
405
1
4
4
8
2
4
7
5
2
5
2
2
8
2
3
3
2
1
3
77
3
1
2
6
2
2
13
1
1
1
6
1
5
94
1
73
1
3
1
34
1
4
1
1
2
1
6
4
4
1
1
2
1
5
4
1
2
111
1
1
13
4
79
1
12
1
2
2
5
17
5
1
3
2
9
1
5
5
5
2
2
1
4
4
1
4
1
3
1
4
1
3
11
6
2
2
1
4
13
3
1
2
386
2
3
1
1
2
4
1
5
20
5
10
3
2
85
3
3
5
9
7
4
4
2
1
1
1
2
1
2
1
20
5
1
2
4
2
2
1
1172
4
3
1
1
1
2
3
3
3
2
1
1
1
2
4
6
1
1
1
12
2
2
23
3
2
6
4
1
1
3
1
13
36
5
2
3
3
2
15
5
1
3
1
4
1
3
1
2
6
604
2
1
1231
1
1
5
1
66
3
7
17
1
3
2
921
1
9
1
1
5
46
742
7
20
1
4
1
2
1
3
2
6
1
1
1
4
1
6
6
5
1
5
10
8
13
5
164
12
2
2
1
1
2
1
1
2
25
26
9
1
2
8
1
2
2
2
1
1
3
2
36
2
5
3
17
1
5
1
3
1
3
2
1
34
3
1
4
2
1
1
1
6
1
3
3
8
2
1
10
1
1
1
3
3
2
14
1
1
47
1
1
1
2
2
1
1
2
2
6
2
8
1
1
1
1
2
1
5
12
14
7
1
1
1
9
3
2
1
3
1
1
3
1
1
5
2
2
2
1
1
1
4
1
1
3
2
98
8
4
1
9
2
1
8
1
3
1
2
3
366
1
6
2
2
1
4
7
4
1
8
2
5
1
1
4
3
39
1
3
2
1
10
1
7
2
33
1
2
6
8
3
1
22
3
3
15
2
3
135
1
5
3
1
1
9
2
7
17
20
5
4
9
1
2
1
1
1
1
1
5
3
2
3
1
8
2
1
2
5
1
204
5
21
1
3
5
1
7
284
5
1
1
3
11
2
2
96
1
2
1
2
9
4
3
1
3
2
2
1
5
1
1
3
3
6
2
1
52
1
2
1
1
9
4
3
2
2
2
2
19
1
2
2
5
2
7
1
1
6
1
16
2
6
1
4
1
1
3
2
1
13
473
2
9
2
2
5
1
1
196
1
2
6
30
1
2
1
4
6
1
10
44
2
3
7
1
3
100
2
1
3
1
3
2
2
1
2
1
1064
3
1
2
102
16
5
9
2
2
1
9
3
2
1
45
2
3
2
3
7
15
457
7
5
3
5
7
1
3
1
158
1
12
9
18
19
2
1
9
24
1
1
3
3
7
4
1
1
3
1
1
6
1
2
1
38
10
1
4
9
7
1
1
10
117
7
12
6
3
3
17
149
1
1
1
3
11
5
1
7
1
1
14
1
3
1
5
4
1
3
2
7
4
20
2
1
29
2
1
2
1
1
7
6
1
2
168
6
3
1
4
1
2
1
8
37
109
29
1
1
4
1
1
1
1
2
14
15
9
1
1
104
4
4
2
3
7
7
19
8
5
2
2
1
1
13
1
13
2
1
2
11
246
3
1
2
3
9
22
1
6
2
1
5
2
6
2
1
8
11
1
9
2
1
6
306
6
2
1
54
6
7
3
3
4
6
4
6
5
1
3
1
1
7
1
2
7
8
14
2
4
6
11
1
1
8
1
1
6
27
2
1
4
10
8
2
47
7
1
2
549
1
15
1
1
19
3
1
1
2
1
1
1
1
1
1
1
3
1
1
2
2
11
4
1
2
1
1
12
4
9
3
2
1
2
7
1234
1
13
12
7
2
1
4
3
2
299
13
6
6
2
1
6
9
29
3
1
4
3
1
1
2
5
1
68
1
11
14
3
1
2
4
9
1406
1
23
1
1
1
6
2
11
1
3
8
1
1
3
1
51
4
1
6
7
1
1
2
1
4
7
4
4
1
1
3
4
1
9
6
1
4
5
17
13
2
1
3
4
5
2
4
1
6
8
3
1
1
2
1
1
87
2
12
1
4
7
2
4
4
5
2
1
841
2
3
18
3
15
1
1
2
3
39
2
1
7
2
3
19
1
1
4
3
2
2
2
5
4
1239
3
3
4
8
6
11
1
29
2
12
16
2
39
2
16
11
1
14
1
6
27
2
2
5
1
2
8
137
4
4
5
24
1
5
13
1
3
2
2
2
1
1
1
7
11
1
18
1
1
1
2
2
1
1
220
7
140
2
8
4
4
9
15
1
10
3
1
12
5
1
14
4
1
3
2
8
1
3
1
5
10
1
33
1
1
2
12
1
11
1
1
5
6
6
1
1
10
10
96
30
3
2
14
13
16
7
3
8
5
3
2
3
2
3
2
1
5
3
2
1
8
11
1
5
3
3
2
1
1
8
5
1
2
8
80
1
3
11
2
5
3
1
172
27
3
1
1
1
2
2
4
3
9
3
4
3
23
7
205
1
1
2
3
2
5
1
8
1
40
7
22
292
2
9
1
1
11
4
1
2
2
571
3
2
5
20
41
16
1
1
1
21
2
5
3
1
1
5
2
7
2
1
1
8
2
2
2
22
4
11
2
12
1
17
1
3
25
5
6
34
272
3
90
1
1
2
2
84
24
27
1
4
21
3
1
4
1
6
8
20
1
1
7
4
5
8
4
2
1
3
1
14
2
239
11
33
41
6
95
1
1
4
3
6
3
7
1
1
4
2
2
31
10
20
1
1
1
1
5
10
5
1
12
1
4
1
3
2
1
1
4
30
1
6
18
8
26
7
18
261
4
1
5
6
2
4
3
4
5
1
5
11
6
11
9
2
1
2
7
1
1
3
3
74
4
7
1
23
1
63
8
8
4
3
3
8
3
1
2
17
2
1
5
22
12
9
1
18
1
8
4
1
2
117
1
1
12
20
3
6
3
11
329
7
13
1
764
5
3
3
2
371
1
5
90
1
49
4
6
4
8
1
17
4
3
21
23
37
7
1
18
3
9
9
6
1
13
1
1
10
1
3
3
107
1
249
15
1
1
37
3
2
1
1
1169
1
17
3
6
13
46
19
1
1
7
3
20
5
1
12
1
2
4
6
2
20
27
265
1
1
1131
9
11
3
8
1
48
1
2
2
10
1
7
2
6
84
3
852
1
2
7
25
1
18
5
3
11
11
6
2
9
1425
1
10
1
3
7
1
4
5
9
1
8
15
2
4
4
3
1
36
1
5
22
4
54
5
1
104
7
11
12
2
3
18
3
2
13
14
2
22
3
2
2
2
21
14
9
1
5
1
2
5
376
2
10
55
2
2
2
2
3
141
14
710
7
2
5
20
504
1
1
14
1
24
2
7
2
2
5
1
6
5
1
6
3
9
6
66
43
20
21
3
24
18
1
1
54
1
1
8
20
5
6
31
1
1
10
29
4
13
231
1
1
5
26
3
9
2
1
18
1
5
1
1
21
12
1
25
1
6
1
10
43
64
4
4
3
14
5
22
23
8
23
5
27
4
4
1
5
1
7
1
32
5
1
1
2
1
4
6
1
1
3
1
18
10
1
1
10
10
3
1
2
1
22
1
9
2
1
1
2
12
1
2
27
1
1
2
3
5
23
5
12
24
12
5
92
23
26
8
1
2
4
1
1
2
2
18
13
1
16
3
2
22
1
15
27
4
2
3
10
1
10
47
42
19
4
2
134
9
1
2
3
14
3
5
31
4
8
28
2
3
1
47
22
25
10
1
13
1
10
17
12
2
22
1
2
3
2
2
1
25
27
1
15
3
3
8
35
1
3
3
6
2
5
3
11
14
12
33
5
13
2
1
7
1
3
2
80
8
22
1
5
2
17
3
4
1
1
17
1
3
23
12
59
135
114
1
6
20
1
2
4
2
11
1
1
641
25
1
29
4
9
1
1
1
1
151
3
5
1
1
5
337
66
3
4
7
3
7
5
35
2
5
9
1
13
24
6
9
4
4
9
13
12
8
18
16
3
2
2
2
8
75
3
5
2
15
2
2
60
17
44
4
6
28
19
2
2
29
1
2
1
1247
429
13
64
1
10
11
1
1
112
3
25
6
1
14
2
9
57
1
21
380
11
23
58
4
1
352
24
7
4
28
4
58
17
2
4
11
10
6
1
105
10
7
1
5
1
30
1
31
10
6
4
3
5
3
1
9
2
4
1
28
29
8
4
142
30
2
10
2
1
5
3
6
1
8
1
2
6
15
4
7
64
5
84
7
2
1
7
4
23
12
4
1
3
1
2
4
32
1
2
4
26
1
23
12
7
22
1
49
1
4
1
12
42
65
2
19
2
2
7
2
1
3
11
4
1
8
2
104
1
2
11
17
3
9
1
2
13
2
3
29
17
4
26
18
19
1
20
6
2
3
10
1
5
5
14
17
20
7
2
12
43
1
4
1
1
1
1
66
93
4
8
21
6
5
2
59
7
2
20
22
4
65
2
25
8
16
26
4
1
7
2
10
31
1
6
30
49
1
5
51
1
5
1
3
22
34
3
10
5
68
5
69
3
1
6
2
4
15
2
163
128
1
2
2
4
19
7
2
3
47
2
45
44
113
32
313
110
2
9
1
11
8
28
1
4
14
3
6
31
11
5
6
7
3
2
5
3
2
2
7
65
31
1
5
1
1
2
4
18
1
4
7
1
18
2
1
2
32
908
34
304
4
7
17
3
2
4
1
606
1
4
2
39
8
1383
14
66
1
46
1
166
11
7
32
6
204
21
7
7
12
3
1
2
19
1
3
81
15
10
8
4
7
2
6
1
7
2
2
15
3
1
4
27
1
1
2
6
1
10
11
1
2
4
1
13
8
33
21
11
38
3
28
7
1
2
4
1182
1
6
37
11
9
32
18
1
5
12
1
2
38
5
1
4
27
4
20
13
5
1
5
1
1
3
2
41
98
2
1
46
421
2
7
1
2
4
2
1
1
6
3
68
1
2
55
6
1
4
16
52
2
1
21
6
10
107
12
1
3
3
8
14
1
1
17
1
3
82
9
4
1
2
2
2
5
3
321
15
30
6
15
6
1
47
6
2
2
2
5
3
7
33
2
35
16
62
23
5
552
1
24
2
9
9
5
2
3
47
7
4
8
17
2
5
37
22
1
1
5
44
414
2
5
32
2
9
1
3
2
6
6
145
35
1
32
12
2
3
47
45
7
12
10
6
9
23
1
2
138
11
2
4
8
21
5
4
2
1
3
73
13
1
40
14
74
5
10
1
21
2
2
18
1
1
3
1
2
10
34
5
1
23
36
1
5
3
5
4
2
2
29
3
4
29
3
1
1
28
14
4
4
25
34
30
4
2
34
21
4
1
15
1
11
20
65
2
10
1
6
37
2
6
19
13
47
25
2
12
3
19
17
4
151
2
5
20
3
1
2
31
2
155
110
5
40
42
47
3
2
7
4
103
31
2
3
55
162
15
20
1
45
31
1
2
13
25
2
11
5
9
592
28
2
1
34
2
4
1
2
1
4
24
3
46
1
2
22
9
2
7
1
2
13
2
3
52
1
1
1
6
3
7
21
4
19
13
6
15
15
12
3
4
14
32
3
634
6
4
1
10
6
16
5
94
17
5
5
1
93
1
7
26
193
8
5
1
7
21
10
1
19
417
151
1
9
1
4
1
108
18
1
1
33
7
3
65
8
2
13
13
3
2
20
1
1
2
13
3
5
38
11
11
167
2
31
23
3
44
36
15
1
3
34
7
2
27
4
5
21
3
8
3
5
59
1
22
24
38
20
2
11
3
51
54
1
14
14
1
246
18
7
16
2
10
28
35
2
135
3
2
1
6
2
5
31
12
3
89
18
5
10
87
6
50
3
40
19
2
12
13
1
7
49
4
1
127
29
40
10
42
1
5
4
252
1
4
187
1
176
5
7
6
12
16
1
192
21
21
225
44
1
21
14
9
40
15
12
1
3
1
4
19
5
24
7
77
139
410
11
1
9
2
7
1
7
32
1
229
9
148
1
10
12
13
6
1
3
3
3
148
26
3
6
13
2
1
1
3
21
143
9
15
81
496
1
7
2
167
8
8
1
8
24
121
33
1
2
19
4
3
18
13
52
7
1
37
328
135
1
24
9
7
1
17
9
5
3
4
105
210
67
1
369
2
47
14
217
1
21
5
21
2
1
33
1
2
2
8
1
4
30
43
2
5
30
70
18
12
15
1
8
5
10
2
11
36
87
3
21
30
5
65
7
9
12
73
13
18
2
89
32
1
43
4
137
5
46
1
24
48
3
35
3
5
102
48
172
10
1
4
1
18
11
4
126
18
4
24
148
12
1
3
25
68
3
4
49
49
1
10
1
20
65
1
1
1
82
5
1312
4
9
84
1
1
7
1
9
16
24
7
750
153
8
5
3
15
181
21
1
90
3
3
11
3
11
5
1
6
4
23
1
9
1
46
11
2
7
140
14
10
2
94
50
5
10
1
64
4
6
13
29
1
12
13
218
29
84
6
8
1
23
11
15
322
12
37
23
73
1
13
15
143
3
2
1
24
71
8
1
56
1
28
24
13
7
1
36
119
5
20
24
152
32
37
10
3
249
10
6
1
4
14
6
14
1
1
105
47
11
81
3
66
10
4
214
6
11
17
16
3
39
71
9
1
5
40
90
5
48
8
71
3
52
1
22
7
19
21
92
7
94
116
1
52
6
6
18
109
1
1
128
180
179
4
32
1
84
1
1
152
7
606
48
9
76
1
10
3
7
7
178
8
30
7
2
3
22
1
1
60
6
30
6
7
6
16
10
3
2
73
1
3
4
44
189
15
39
6
25
1
13
2
7
65
6
8
1
64
1
10
39
2
6
11
289
3
25
209
48
13
21
21
19
29
9
41
43
2
1
22
24
165
48
31
139
53
23
50
14
11
1
3
101
16
10
7
38
17
201
13
24
59
1
167
72
9
6
5
1
142
2
3
2
143
17
75
3
1
4
8
56
3
2
110
3
118
22
5
7
22
5
1
45
27
32
6
1
33
7
22
58
21
20
334
9
4
161
5
5
72
6
1
11
1
201
58
27
85
35
22
7
7
1
1
14
3
14
199
106
15
28
119
61
137
56
44
7
115
49
23
7
45
3
9
1
2
3
79
1
1
17
15
2
10
1
10
47
17
1
1
43
236
46
149
276
9
27
41
22
11
1
69
2
7
74
30
1
2
34
1
36
259
7
40
127
8
714
6
34
1
114
1
19
2
47
7
1
181
318
175
2
91
5
50
6
25
5
1
1
30
8
2
96
14
52
1
36
23
254
48
4
74
14
10
23
8
4
1
19
61
38
4
2
6
193
245
38
1
7
12
1
217
1
77
27
281
32
5
23
44
68
893
1
1
408
17
1
17
2
57
326
10
11
27
21
3
37
1
273
84
1
2
16
54
6
1
29
63
15
9
1
4
10
2
10
6
1
55
6
1
11
1
5
2
66
18
227
4
2
59
1
2
6
3
13
12
424
61
27
40
373
23
10
2
2
7
1
50
12
48
1
13
2
33
290
3
301
106
11
29
91
25
3
1
145
59
1
4
8
50
2
4
18
4
15
13
199
19
1
9
8
5
28
40
330
59
28
4
204
53
22
1
24
7
10
10
9
4
226
1
125
17
82
2
10
1
4
22
8
10
27
3
196
15
96
7
414
26
271
21
42
30
22
1
9
49
11
139
244
7
5
1
4
8
76
3
1
1
1
1
13
34
117
11
104
14
17
68
33
32
85
38
29
64
33
17
3
24
10
23
10
2
19
3
13
32
8
4
241
1
4
1
4
11
15
2
2
60
7
45
1
17
3
1
5
5
40
738
118
31
2
4
5
304
35
6
19
32
13
22
22
16
2
17
11
111
1
1
116
7
143
19
9
23
133
46
18
39
6
384
4
81
94
23
55
467
2
15
19
235
4
7
5
6
68
3
36
344
186
11
2
6
5
23
12
6
4
18
368
17
37
5
8
5
24
13
130
17
6
3
16
2
5
26
7
4
23
66
5
24
10
43
34
17
19
2
156
23
1
1
100
5
42
1
68
74
142
288
17
1
12
316
191
1
61
9
10
23
17
27
205
10
1
10
1
4
6
79
99
118
9
95
26
12
44
1
9
19
43
111
161
243
5
48
9
1
307
2
6
7
3
54
53
7
329
39
5
2
35
10
12
18
21
1
17
6
19
30
60
32
75
11
15
32
38
15
38
6
2
7
4
1
22
16
2
1
14
3
12
8
2
5
3
14
36
8
1369
6
14
443
35
9
5
1
4
31
5
21
1
92
1
82
14
15
39
66
2
10
22
2
32
161
46
30
5
1
14
4
1
14
430
86
13
3
3
58
110
18
43
11
429
294
16
9
55
36
78
44
15
37
1
1
37
2
23
136
15
23
15
475
47
33
23
73
75
5
38
13
4
46
21
3
17
9
339
11
4
61
15
10
3
77
1
14
15
1
88
13
1
10
5
99
2
60
55
5
21
9
15
90
2
16
87
67
105
70
128
55
71
37
10
85
3
18
684
55
17
3
2
293
4
1
14
68
5
9
59
67
57
28
3
34
22
3
1
5
456
24
119
2
8
4
31
49
3
4
15
1
28
30
13
1
30
13
263
4
3
645
175
5
173
17
37
411
224
10
38
8
38
61
37
169
175
13
16
706
38
11
14
69
117
5
54
1
8
6
41
54
5
5
417
23
8
1
29
181
8
1
24
26
80
40
133
32
198
688
4
5
16
1
87
51
16
10
1
57
4
3
93
76
7
1
16
118
18
1
5
1
57
26
36
3
27
9
25
53
29
93
63
13
23
34
61
280
5
64
14
95
3
46
25
3
69
4
47
36
31
9
8
18
4
260
2
21
37
50
53
37
112
88
15
12
59
31
8
199
182
342
20
9
36
11
24
6
12
5
19
2
41
54
1
8
16
69
379
529
1
43
50
29
1
23
238
11
50
49
8
34
16
7
516
20
3
3
7
144
8
90
30
3
21
12
51
4
22
24
27
198
81
1
43
28
21
10
4
26
29
23
3
1
49
498
30
145
9
59
1
18
58
48
119
8
3
77
76
20
106
154
110
51
223
22
24
55
53
14
74
680
12
5
49
15
101
368
25
16
12
74
328
213
20
5
1
12
17
401
56
119
52
57
2
33
146
10
5
43
2
159
7
25
24
1
8
42
32
7
7
1
101
11
27
87
33
83
7
46
29
1
13
3
8
14
159
110
2
8
380
41
1
69
118
266
6
53
269
5
30
1
10
10
7
22
142
36
82
29
125
67
27
20
69
53
181
5
135
17
68
112
167
1
17
105
321
100
171
10
233
37
6
11
32
4
142
27
1
85
45
66
17
33
59
76
1087
1178
46
29
3
36
25
10
587
65
64
19
113
57
273
14
14
162
20
8
6
1
743
91
193
59
123
1279
25
4
24
59
50
507
78
45
34
3
1206
40
20
77
1
55
45
83
15
34
31
145
107
102
74
40
331
1
9
17
4
50
81
4
229
6
614
276
2
31
15
37
59
16
254
1
830
37
11
8
20
120
230
18
63
12
229
12
23
15
2
87
391
58
134
34
129
90
1349
33
346
31
180
5
1192
