926
1116
219
1443
693
225
30
22
6
2978
1389
391
1830
1162
24
76
69
3462
2733
100
1137
2808
2163
4230
420
221
2086
90
1698
3165
519
44
289
26
1789
1511
12
441
6
819
100
460
23
1902
331
179
2800
16
6
6
237
1912
4126
391
1744
2804
89
14
3243
490
113
835
4066
582
453
2887
3648
4066
2940
2626
1445
16
115
16
25
1633
1024
3812
367
4
54
2948
2115
526
423
1219
454
3335
3427
620
2897
204
2401
428
49
2050
38
1281
214
57
83
173
4117
36
4
530
1011
1830
585
1233
767
3
205
539
69
41
3390
1097
1135
4
2230
2236
246
2770
143
1390
2911
170
88
36
3551
101
91
2136
30
2386
59
338
736
1506
1934
3305
12
8
2172
547
1962
1539
1722
2847
2249
303
2869
131
1657
200
2
95
1852
710
527
21
554
4
138
3490
17
1130
2
170
6
908
27
2940
808
56
534
5
1904
4066
19
27
252
324
3024
442
881
2118
5
1291
3093
76
3964
3
2123
289
422
355
335
913
208
370
748
1791
88
3051
26
4081
74
31
5
86
3483
850
262
46
745
63
1312
4119
12
2341
3322
796
123
99
220
2317
76
587
197
7
2903
2530
4
92
164
730
263
2966
11
103
60
2888
324
28
434
5
2019
2754
3024
3020
22
46
2013
81
3052
1194
60
97
252
105
85
9
629
18
2883
241
1394
908
455
100
30
3882
3579
1657
2467
1512
120
3661
1388
13
530
341
49
575
1
6
2756
519
28
2880
13
1173
1494
422
2231
924
1989
66
691
2851
679
3306
1393
209
1751
3488
92
1510
2977
1604
281
37
443
2554
3182
52
2767
129
3
1353
25
3112
816
1191
18
254
560
2691
3224
3022
53
89
2373
1271
128
51
934
204
536
437
166
4167
1680
1
71
162
4291
73
1
72
2666
3451
1717
263
994
382
335
531
229
1455
41
1073
1
1431
3
5
69
4008
4178
10
2470
14
1767
19
1
909
167
1806
1799
2345
1478
1955
666
7
72
197
708
10
2352
70
1
1378
2351
3860
307
906
3403
7
420
34
68
7
362
57
2153
4240
195
13
67
101
11
4
438
2738
3072
3730
1556
105
6
147
718
2
202
65
10
9
408
12
2244
172
3194
11
514
286
679
426
34
1202
2607
3
2457
2337
1587
573
326
882
43
141
3351
310
3334
2194
2529
1045
15
50
50
355
275
39
180
384
2213
39
4132
272
50
2739
188
3181
185
3848
958
76
23
1659
1
191
171
2923
3634
92
13
582
388
640
2721
2432
2926
131
82
2780
205
502
2470
1933
828
2160
360
1581
1744
877
1353
3117
1148
1589
761
687
551
1
135
2083
86
1653
3319
1272
1380
1607
2088
1829
14
18
16
19
66
9
2006
34
96
188
64
75
4
785
1442
4142
336
2352
129
71
37
3013
2001
3497
17
591
1741
621
1746
3753
2962
4286
115
3
247
110
146
129
26
2971
13
85
2823
80
318
378
155
749
3437
2109
4
2706
2241
1034
3764
3584
76
85
3927
71
3128
1129
824
3029
2974
3211
21
1
82
2516
2605
507
416
1201
2185
762
4252
1128
3012
49
3
732
3593
221
12
2
2146
8
512
29
26
8
3992
2256
3965
2385
133
4
1
970
33
326
2693
162
132
2132
98
298
210
2805
190
263
2253
1416
46
3227
165
3526
2149
94
2696
2368
905
420
3102
1945
30
56
1957
267
73
2868
4270
3577
538
15
725
3736
55
1827
2904
3638
20
1971
1631
3891
122
1584
2330
1665
1
1441
3168
585
3083
143
811
2299
2852
21
3970
381
997
603
2616
51
248
30
955
9
1886
2478
2
900
396
6
4192
6
415
2275
230
1
1389
434
751
1623
2972
4025
2671
405
3
105
1061
2
1413
332
44
495
56
1760
1302
564
1975
3006
6
62
447
3445
151
702
627
52
3920
53
1157
1788
67
3578
3889
26
3956
3095
3374
1142
1538
1023
436
2671
421
1508
979
332
3156
1395
3499
595
22
537
545
3582
1031
3046
1891
1093
1515
553
78
286
