544
1090
753
17
1733
2622
36
605
75
3152
1748
526
26
1839
600
2668
489
669
6
2921
116
350
283
30
522
271
1259
364
872
847
522
1351
942
11
279
2991
86
840
842
55
1588
2663
2606
22
1813
53
1465
242
392
181
1341
23
136
5
1681
397
279
1025
627
1825
837
36
639
1401
127
191
1262
481
78
542
1062
1277
958
867
115
1675
51
14
1997
249
894
99
1061
351
643
219
193
77
988
474
29
301
303
416
609
1688
518
100
7
653
70
295
536
31
1214
196
491
1545
117
1381
529
93
121
123
689
205
187
335
3232
1259
2759
373
1248
2
1310
1952
28
2162
480
80
152
959
28
5
1374
219
270
335
556
135
1453
22
1536
149
12
12
1980
3400
122
1076
872
1614
20
646
251
255
931
3065
3353
295
3150
598
141
380
9
2041
1958
1327
39
152
151
738
1041
1061
1271
1246
1
879
2408
172
117
403
740
2495
220
537
500
222
760
563
1033
644
874
62
540
698
27
57
23
12
265
508
936
1955
876
1408
1887
435
708
223
1114
528
620
1532
86
44
100
74
12
1388
223
22
2303
1046
667
92
266
1286
287
2043
1918
4
92
87
1237
608
254
1234
378
3
10
9
118
195
1326
495
24
53
1902
934
2446
2065
1538
26
118
2381
1321
665
670
1520
632
632
120
560
1654
568
1496
745
68
911
62
530
42
2788
576
372
2490
399
156
1267
1658
1141
2138
1979
98
3194
140
32
224
2719
30
3756
1309
1211
262
2687
2013
1502
2933
2685
11
51
1124
674
241
852
3
1808
5
1748
253
1733
2123
2498
7
1968
559
3162
1046
18
50
45
1095
2716
14
800
634
729
3179
949
60
1011
3317
554
3708
3427
765
813
3392
3464
2203
2863
1226
594
2525
1508
3159
15
956
37
535
1602
25
334
884
204
977
647
10
15
1478
1
72
976
278
2772
184
985
48
3686
64
82
2070
1869
132
876
553
2688
4
3700
2588
626
1412
800
527
100
750
1504
4
1256
2541
1516
293
893
1435
1854
116
155
558
3708
68
769
3000
131
313
2408
2467
360
2
549
38
2626
2035
385
1510
22
2504
40
2209
478
678
319
1205
515
179
1628
79
387
493
375
1596
38
1681
2842
2217
409
15
1467
57
283
107
534
2974
1508
1403
3518
266
50
2660
759
3698
212
1
320
41
5
42
492
844
3129
395
12
1066
733
48
1760
925
1902
75
5
186
3697
582
1339
29
3572
369
1444
205
1614
234
2651
128
1665
942
8
1120
1530
28
885
3403
1903
132
2087
1715
187
1940
298
3
47
1413
162
2600
208
2
289
1582
741
32
21
339
9
530
1156
2845
820
3
5
265
1073
2540
1
1224
1006
465
2093
2835
1201
164
576
3325
1474
1188
717
2883
1298
2783
184
480
3141
57
293
69
972
3568
1063
17
891
231
25
1070
199
620
249
1150
565
1449
87
824
2886
203
928
718
103
259
146
3304
232
1066
24
137
533
2434
3318
1514
2493
88
2508
862
1228
3469
3057
193
437
17
582
139
2965
94
2
9
366
931
2191
2215
743
378
1629
313
103
177
1712
7
1
132
344
494
299
597
139
1715
31
3457
3347
775
1693
185
2476
394
346
3
1063
1760
2492
513
111
838
281
2059
6
2282
22
3319
104
3591
338
3703
137
690
1624
6
2370
1178
3074
286
2
281
334
509
1310
1466
605
7
1167
124
356
109
1451
3444
1
1
1
1
1
1
1
1
1
1
1
1
1
1
1
1
1
1
13
1
1
1
1
2
1
1
2
1
2
1
8
1
1
32
1
2
1
1
1
1
4
1
1
1
1
926
3
1
1
2
1
1
10
5
1
42
1
2
1
10
1
1
3
2
5
1
1
7
2
10
1
5
2
5
3
5
3
3
1
1
2
1
2
1
8
14
7
5
2
1
1
6
4
1
1
7
1
2
1
1
4
1116
1
1
4
1
2
1
1
1
7
1
17
1
5
2
2
4
2
5
219
1
2
1
1443
1
21
128
21
13
348
3
2
6
4
1
1
1
5
1
1457
28
275
3
1
10
1
4
8
6
10
1
21
2
2
1
2
1
45
3
7
1
693
1
102
20
3
30
99
14
1
2
49
7
6
3
11
31
3
125
353
33
61
4
1
1
1
1
225
1
20
8
21
62
37
30
4
3
22
4
9
35
4
14
1
1
1
2
1
1
18
1
1
1
9
2
5
2
1
3
1
1
27
1
6
1
8
145
4
17
7
7
1
98
4
1
2
3
1
1
1
1
1
1
1
1
1
1
1
1
3
1
1
1
5
2
1
2
1
1
1
1
1
1
1
2
1
2
2
1
3
1
1
1
1
2
2
2978
2
4
1
1
1
1
2
1
1
1
1
1
85
2
5
4
10
1
3
1
2
1389
1
8
1
2
1
1
1
1
1
1
1
1
1
1
4
1
1
1
1299
1
1
3375
2
1
4
3
391
3
1830
1
1
8
2
3
19
1
1
1
18
2
2
1
1
3
1
37
1
3
2
1
1
2
662
1162
27
24
1
1
2
1
10
4
1
1
1
3
1
4
1
1
6
2
1
7
1
1
1
1
156
3
15
76
9
1
2
1
2
10
5
1
1
2
1
1
2
3
1
1
1
1
1
1
260
1
2
2
4
1
69
1
2
1
2
1
10
31
46
1
1
4
102
7
2
2
2
3462
1
1
4
1
1
1
1
1
2
1
6
1
1
3
1
2
1
1
1
1
1
1
1
1
3
9
1
1
1
3
1
221
1
1
1
2733
100
1
3
1
1137
4
1
1
1
2
1
2
1
1
3
1
1
1
1
1
2
2808
1
1
1
2163
1
12
16
15
5
4
9
1
2
43
1
1
2
1
1
1
1
4
3
1
4230
1
2
1
2
1
8
420
1
1
1
4
1
1
1
3
2
6
10
1
7
2
9
1
2
1
2
1
221
1
2086
1
3
1
1
1
5
1
1
90
9
1
1
20
2
1
1
1
1
2
1
2
1
1698
1
1
2
1
47
2
3165
1
2
1
4
1
1
1
8
1
1
27
7
14
1019
906
7
15
1
2
28
66
10
30
14
519
5
1
1
2
2
1
1
5
1
1
1
1
1
4
9
97
2
15
3
3
7
19
44
73
513
957
1
246
319
354
9
1
2
289
1
1
9
1
623
1
3
3
3
1
4
1
12
12
41
26
1
2
3
4
10
1586
345
1
111
1
803
2
58
5
4
291
17
320
124
6
1
8
4
388
3
1
27
319
500
5
1789
1
1511
2
1175
10
260
5
1
1
2
1
1
111
1
12
3
1
441
1
2
1
72
116
1
1
2
7
6
3
1
3
1
88
21
1
2
819
1
2
1
1
2
1
1
1
1
2
4
1
2
100
19
2
1
5
5
1
1
4
2
1
5
1
18
4
1
460
10
3
2
16
5
1
1
23
1
1
4
1
1
4
1
1
2
1
2
1
3
1
1
1
2
1
1
6
3
1
3
2
1
2
7
6
4
3
8
1902
3
3
122
15
4
36
331
93
179
8
3
5
2
1
21
1
1
1
15
102
3
1
1
4
2
6
11
26
18
22
1
2
2
3
1
1
1
1
1
1
12
2
6
2800
1
2
2
5
1
16
36
1
2
1
12
1
1
10
13
2
6
8
1
1
6
7
1
1
2
2
3
1
3
14
1
1
1
1
1
1
1
12
1
1
2
4
3
1
1
14
1
2
1
24
2
1
1
1
1
32
1
1
1
6
1
1
27
1
1
1
237
1
1
1
5
1912
7
19
23
121
4
1435
1
20
3
4
4126
1
6
1
3
2
14
1
11
6
4
1
1
1
2
391
14
1
3
1
3
1
1
1
1744
1
3
1
2
5
5
1
1226
3
1
2
2804
1
2
1
1
1
89
14
1
2
1
4
3
1
3
3243
1
4
1
1
4
7
15
29
17
687
1
1
1
1
1
2
1
3
1
1
1
1
1
10
1
490
1
1
4
1
113
3
1
1
1
1
2
1
2
1
1
1
4
15
1
1
1
835
1
1
1
1
1
2
1
1
2
2
4066
3
1
1
1
2
1
2
1
1
1
2
2
1
2
1
7
1
2
1
2
4
1
12
1
1
3
1
5
1
1
1
1
1
2
3
4
6
14
1
1
2
2
1
45
582
23
2
1
6
1
11
1
1
4
12
210
20
453
10
1
2
1
1
1
2
1
5
1
1
6
1
5
1
3
1
4
1
5
1
1
1
3
1
6
2887
3
2
1
1
4
1
1
3
1
1
4
3648
1
6
4066
2
1
1
1
1
1
1
1
1
1
8
5
1
2940
1
2
1
1
2
802
1
1
1
1
1
1
1
2
3
1
1
6
2
2
5
9
1
1
6
1
1
2626
5
22
8
5
2
21
3
10
1
1
2
1445
16
25
1
2
115
2
1
3
1
6
1
8
1
2
1
48
1
1
1
1
1
16
1
5
10
1
4
3
2
1
2
1
1
1
25
1
1
1
1
1
2
1
1
2
4
6
1
4
2
6
1
1
1
18
2
1
1
2
1
1633
1
1
2
4
1
1024
7
2
1
1
101
18
15
3
39
22
6
43
25
2
3
3812
1
2
3
2
1
1
2
1141
3
20
1
2
1
2
1
2
3
2
5
1
3
2
2
1
1
1
367
1
1
6
6
2
3
1
258
2
2
1545
1
4
1
1
4
3
1
1
1
54
1
1
1
1
2
2948
1
1
1
1
1
1
2115
1
1
1
2
2
4
2
1
1
1
1
1
1
3
1
2
1
1
1
2
1
3
1
1
1
1
1
1
2
1
4
1
4
4
1
1
9
1
2
1
1
1
1
1
1
1
2
2
2
1
3
1
526
49
1
1
1
168
5
1
1
1
1
2
2
1
1
423
1
1
1
2
4
7
1
1
1
1
1
168
1219
1
1
1
1
2
2
1
2
1
1
1
1
1
1
2
2
70
229
1
1
5
1
1
454
1
2
2
1
1
1
1
18
3
1
1
1
230
2
34
4
1
1
1
1
1
408
150
38
6
3335
1
9
1
5
1
1
1
1
2
1
1
1
3427
1
2
4
2
5
620
2
1
4
1
1
5
1
7
1
3
13
1
1
2
1
2
1
2
1
1
1
1
1
1
1
1
2
8
1
1
1
7
1
1
1
2
2
1
1
1
2
1
1
1
2
1
3
2
1
2
2897
1
1
4
1
1
2
1
204
1
1
1
2
4
1
2
1
6
1
1
18
11
1
1
1
1
1
1
4
8
8
4
1
1
2401
2
2
6
1
5
1
6
4
2
2
5
1
2
3
1
1
9
1
2
1
1
96
2
1
1
1
1
1
28
11
10
2
3
12
4
3
1
1
1
1
2
1
118
1
428
19
1
7
8
1
15
5
35
1
1
8
38
7
5
1
1
3
1
2
49
1
2050
3
3
17
12
9
12
33
1
2
1
1
19
12
1
38
1
7
6
5
7
60
4
8
30
11
25
90
1281
5
24
16
52
102
2
2
1
214
8
1
1
23
15
57
1
83
173
37
116
5
9
1
4117
1
36
3
11
47
3
1
1
2
82
1
3
67
1
4
530
93
1
2
1
1
7
39
1
189
1011
1
1830
1
1
2
1
301
13
585
1
2
1
4
1
1
10
1
3
4
1
1233
11
515
14
1
5
1
95
1
127
4
1
11
2
30
767
60
1
7
1
153
25
1
2
1
2
12
29
2
4
1
1
1
12
69
1
11
116
3
4
1
5
5
1
36
8
21
30
37
3
1
1
1
6
1
1
41
7
1
9
22
31
7
6
1
1
1
1
1
4
1
1
2
1
8
5
1
1
1
3
1
1
1
4
2
12
15
183
144
19
5
205
9
1
1
1
3
77
3
1
8
1
4
1
5
3
3
5
539
8
1
51
8
69
127
25
13
1
2
3
2
25
1
1
2
2
1
1
18
14
51
20
1
2
22
3
1
2
2
22
1
41
2
3
21
3
2
1
3
3390
3
2
2
1
1
5
4
1
1
4
6
9
2
5
10
3
2
1
1
1
4
1097
5
2
28
15
4
50
2
1
2
4
4
3
2
2
1
1135
4
1
68
3
2230
2
55
16
3
2
9
2236
1
1
2
22
2
40
44
8
1
1
5
2
17
1
3
1
12
1
1
8
246
1
1
2770
1
15
1
1
143
4
2
2
15
2
1390
1
1
1
1
2
3
1
132
2911
1
170
6
15
44
23
1
1
2
1
88
46
1
1
35
36
1
8
43
36
1
1
2
3551
6
1
101
1
1
91
2
33
1
188
6
92
80
81
1
1
1
1
1
3
4
3
34
4
2
4
2136
4
1
1
6
6
4
1
1
1
2
5
2
3
1
26
2212
2
8
1
1
1
18
1
292
1
1
8
3
1
1
3
360
2
8
13
7
30
2386
1402
6
5
1
1
1
59
1
1
1
4
1
3
1
3
10
17
1
2
1
1
4
1
1
1
1
1
2
2
338
1
26
2
2
19
5
57
3
2
736
3
4
1506
4
13
8
1
1
5
9
1
564
9
1
12
3
13
1934
3305
11
1
6
34
5
3
12
1
10
5
1
3
1
2
1
3
1
1
1
3
8
3
3
1
75
26
23
6
11
1
8
1
38
37
1242
1476
262
494
110
89
1
1
3
2172
1
1
1
1
1
2
1
1
4
9
3
2
1
14
45
5
3
1
547
1
1
6
1
7
1
5
5
3
2
6
2
1
6
1
27
4
21
1
1
2
26
2
1
1
1
1
1
1
5
5
2
107
1962
1539
17
25
1722
1
7
2847
1
33
5
5
39
1
2
1
1
10
46
2
3
1
1
2
1
1
1
3
1
1
4
177
2
1
2
1
3
2
1
1
1
1
1
1
2249
4
2
3
2
63
113
64
21
3
13
18
303
844
22
734
3
3
1
1
1
2
2869
2
1
9
3
8
1
11
9
1
1
1
31
9
9
1
1
5
11
1
1
9
37
5
3
1
4
3
1
8
65
1
8
1
342
1
1
9
1
23
8
1
27
11
57
1
2
5
131
1657
5
2
3
6
1
14
37
1
1
16
6
17
3
4
15
2
1
12
2
28
6
22
2
8
1
1
7
38
1
7
4
12
2
5
2
3
4
55
2
1
5
1
18
7
14
2
6
26
10
1
3
20
1
86
8
16
18
2
15
21
1
1
4
1
4
7
22
3
54
1
15
1
23
3
5
1
2
8
21
27
1
1
21
2
2
1
129
11
2
4
30
20
200
2
1
4
2
1
5
2
1
1
1
95
2
1
1
1
1
1
1
3
1
17
32
27
16
2
4
8
1
2
1
2
1
1
1
6
1
4
30
1
5
21
86
5
1
6
9
7
3
1
1
1
1
1
1
2
8
1
7
2
1
25
6
1
1
1
1
24
1
3
56
11
3
444
11
51
2
1852
2
1
85
34
2
3
10
710
61
1
4
3
720
10
1
16
1045
61
1
1
32
148
527
1
1
5
1
1
4
3
4
1
9
5
1
1
1
1
1
1
2
21
1
1
83
1
10
7
1
554
4
5
9
20
138
3
1
1
1
1
2
1
1
30
25
6
4
3490
5
3
1
1
1
16
4
3
2
2
15
17
4
2
9
6
11
1130
1
49
7
4
1
34
18
6
1
15
1
3
2
1
2
2
4
1
2
1
29
1
6
1
1
1
170
1
1
8
2
1
6
908
27
1
2
115
16
67
189
1
28
842
1
4
1
1
2940
1
3
1
2
3
14
84
23
1
14
11
223
808
14
33
56
196
164
2149
2
1
534
6
1
142
27
2
14
1
1
6
1
7
1
1
1
4
1
3
1
3
2
11
1
1
2
5
3
8
1
897
1
3
1
1
1
3
1
3
2
1
1
4
3
1
1
12
5
123
2
1
10
1
15
1
2
1
1904
184
4066
6
3
2
1
1
26
7
3
2
19
1
1
31
2
1
27
5
1
2
252
2
5
324
2
1
4
1
1
3024
14
1
2
7
13
38
24
7
2514
6
1
3403
137
22
109
1
1
5
3
3
4
1
442
1
1
3
227
1232
881
175
185
2118
46
179
10
2
1
1
5
8
8
10
1
3
493
5
2
5
23
41
319
1221
1
16
6
1
21
344
1167
1
25
4
1
1
1
1
1
2
1
3
1
3
1
1
2
1
1
1
2
1291
3093
4
1
12
30
1
1
60
9
24
6
1
1
72
11
4
1
1
76
3
4
1
3
1
46
65
375
33
1
1
2
1
18
8
5
1
1
3
3
1
1
9
2
5
3
43
2
1
14
39
13
1
6
2
2
70
1
49
74
1
42
4
4
1
4
13
3964
1
2
1
1
1
4
61
1
1
1
5
10
1
1
1
2
3
10
37
1
1
3
1
1
3
8
2123
1
1
12
1
1
1
5
1
1
2
2
8
2
3657
31
1
2
2
1
289
422
7
3293
1
1
2425
355
8
1
8
1
8
335
8
6
3
4
137
913
1
1
55
3
3
4
4
246
287
208
2
1
7
370
1
45
748
350
366
468
1
2
2
1
1
1791
3
23
1
1
1
2
88
10
1
1
1
3182
2380
3051
1
6
2
1
1
1
1
26
1
4
1
1
1
1
1
2093
10
1310
18
1
6
217
1
1
8
1
1
1
2
1
1
1
51
1
4081
1
1
1
1
1
5
155
1
1
1
1
1
1
1
2
94
1
1
1
1
1
1
27
16
74
52
2
8
1
2
1
1
3
1
2
2
3
2
2
1
1
97
31
10
5
5
423
1
5
70
17
4
86
5
3483
22
1
5
3
12
2
2
1
1
1
8
11
3
1
1
14
87
55
16
1
1
1
3
1
3
1
1
2
1
3
2
850
262
1
1
1
1
63
836
708
1
1
1
1
2
46
1
745
1
6
1
1
1
1
2
4
1631
344
2
1
5
1
2
1
5
1
1
1
1
1
1
63
1
1
1312
1
1
1
1
1
1
4119
1
1
2
32
1
339
1
27
1
1
18
2
2
1
4
1
1
2
1
1
170
2
322
1
129
394
7
1
23
22
2
1
1
1444
3565
4
1
2
12
4
11
1
2341
2
108
3
12
1
804
5
4
1
1
3322
3
1
9
2
1
4
6
1
253
6
1
8
16
2
6
61
1
82
3
1
12
567
147
427
820
796
57
123
1
1
4
2
20
99
6
1
1
23
2
1
1
1
1
1
1
2
2
1
1
1
6
3
1
2
8
1283
5
1
1
1
6
1
1
220
1
2
1
9
1
2
4
9
784
4
1
5
1
12
258
1
1
1
10
5
2
5
1
4
3
5
2
1
6
1
25
2
2317
2
19
2
1
417
51
1
76
39
839
54
1
5
587
1
6
1
1471
1688
1320
197
6
1
7
16
281
162
15
87
2
3
1
21
2127
2
3
6
1
2
2903
16
3
3
1
2
1
1
420
1
1
3
2530
2
609
4
3
12
5
1
1
25
1
1
1
2
6
1
1
1
1
1
2
1
1
1
4
1
3
7
1
92
36
1
30
164
5
1
5
77
7
1
2
1
1
4
1
3
9
1
3
7
2
1
2
3
4
139
21
7
398
845
39
1
1
8
730
1
1
1
1
2
16
1
2759
263
1
33
943
2
2966
1
1
121
11
195
122
8
23
2
1
1
2
1
1
433
91
60
2
2
333
1
4
12
4
1
85
111
103
1
1
6
4
1
1
2
1
4
115
2
3
2
1
1
2
1
7
1
1
1
7
1
2
40
13
8
4
4
1
2
1
1
8
1
157
1
1
4
1
543
2
1
2
1
1
1
2
1
1
1
9
1
425
29
5
6
1
8
140
40
1
406
3
1
4
11
60
32
1
247
28
1
1
1
6
1
1
6
4
2888
1
1
14
2
1
324
1
28
434
1
1
1
1
1
1
1
1
1
1
1
5
1
1
2019
3
1
2
1
2
1
2
1
15
1
1
1
1
12
2
1
1
3
2
3
1
2
2754
1
2
2
1
1
1
1
1
2
1
1
2
2
3024
2
1
4
1
1
1
3020
1
1
1
22
2
1
1
2
2
1
35
1
14
1
46
1
2
2
2013
1
1
1
1
1
1
1
4
4
1
1
1
1
1
2
1
1
1
32
1
1
1
1
1
1
9
1
1
1
2
18
2
1
1
1
1
3
1
1
1
1
1
1
1
1
1
29
126
62
1329
54
2
37
23
239
642
26
81
2
84
376
14
5
1
289
1
1
1
1
3052
1
1
1
2
1
1
1
2
2
3
328
4
1
1
1
1
1
3
1194
1
1
1
1
1
1
1
15
60
3
1
1
2
3
14
5
75
3
1
20
233
1
4
4
2
1
2
8
1
1
1
5
1
10
97
1
3033
2
1
91
1
1
1
1
35
22
23
1
2
8
252
3
1
105
231
3
1
1
7
2
1
7
2
1
10
1
1
1
250
50
1
1
1
1
1
3
2
13
4
5
91
25
11
1
1
39
12
5
1
85
8
17
1
9
2
4
3
1
1
629
32
1
1
1
320
6
115
6
42
1158
1
3
5
2
1
1
1
1
1
2
1
6
6
3
1
1
1
1
1
1
1
5
3
1
2
1
2
2
2
1
18
2883
6
1
1
1
1
1
24
2
1
1
1
1
168
2
1
6
1
1
1
1
241
12
8
3
2
1
1394
1
1
2
1
1
1
1
1
1
1
2
1268
1
1
3
7
1
16
2
1
1
1
1
2
2
3
1
1
3
1
1
908
455
3
1
2
2
1
3
2
100
1
1
42
6
2
1
1
1
16
1
1
1
1
3
2
1
1
2
23
30
1
10
1
3
1
1
1
6
4
4
3
1
61
1
7
1
3
4
1
1
7
13
17
11
4
18
1
2
1
1
1
3
1
9
1
1
3882
1
1
2
10
11
3
1
3579
1
2
1
1
2
1
1
3
2
1
2
1
1
1
7
3
1
1
2
10
1
3
4
3
1
1
1
57
1
1
1
1
1
1
1
1657
1
1
4
1
2467
8
2
1
2
1
1
2
124
5
1
5
1
2
1
1
2
1
1
1
2
1
2
1512
3
1
1
2
1
2
1
4
120
1
51
2
1
240
1
1
1
587
1
1
1
1
1
1
1
219
3661
2
1
2
6
1
1
4
3
2
1
1
1
4
1388
1
1
13
2
15
1
1
5
1
1
1
242
415
1
1
4
1
38
1
2
1
2
1
1
203
199
202
166
48
1
7
21
10
530
21
183
1
1
1
72
227
5
412
103
111
1
1
1
3
1
1
1
1
9
1
1
2
1
1
1
1
341
2
2
1
3
5
1
2
1
1
2
319
33
44
359
16
381
47
49
2
1
3
2
1
1
1
1
2
3
1
1
575
1
1
3
2
1
2
1
1
1
4
1
1
1
97
2
2
101
97
2
2
3
1
1
1
1
1
6
1
2
75
1
51
1
2
1
2
1
1
1
1
1
1
1
6
2
3
1
3
3
1
1
2
1
2756
1
1
1
31
2
1
1
6
354
2
5
2
1
13
3
2
1
3
2
2
4
1
1
1
1
2
1
1
2
4
1
1
3
6
1
12
5
3
519
1
1
1
1
28
6
3
1
3
2880
1
1
1
1
1
11
2
2
144
114
64
1
1
1
1
2
1
1
13
4
1
10
1
1
10
33
2
1
37
1
2
1173
3
1
1
11
1494
2
1
1
92
234
4
866
111
1
1
36
5
422
1
1
4
4
1
37
15
6
1
1
10
2231
1
1
1
2
2
1
2
2
3
12
2
1
10
924
1
1
106
7
1
3
1
1
3
1
1
1
1
1
1
40
3
1
1
3
1
1
4
2
1
1
4
1
3
1
1
1
1
2
1
3
1
3
1
1
1
3
1
1
1
1
1
1
1
6
1
1
1989
1
1
1
1
1
2
4
1
3
1
1
2
1
3
1
26
47
66
2
19
2
4
1
691
1
4
5
3
3
1
1
1
1
2
1
1
2851
1
1
1
1
679
1
1
1
1
24
9
4
1
2
1
1
1
1
2739
1
1
3306
1
1
2
1369
3
1
2
1
3
1
2
1
1
2
1
6
5
3
1
15
1
1
1393
1
2
1
1
1
2
1
3
1
2
1
3
1
1
209
3
1
3
4
2
1751
1
9
2
298
4
2
7
247
235
59
249
18
1
1
1
1
13
2
4
4
3
1
1
2
1
890
2
1
1
1
1
1
1
1
1
10
1
1
1
5
1
1
3
1
1
1
20
7
1
2
1
2
1
1
3488
1
1
1
1
2
17
1
92
8
5
1
10
11
7
101
36
376
1017
1
1
1
1
1
1
6
2
1
1
2
1
2
3
1
1
7
1
1510
2977
313
33
44
2
1604
1
2
1
2
1
9
24
281
3
1
1
1
72
37
1
3
2
15
443
1
1
41
6
2
1
1
1
1
2
1
1
2
175
1
584
1
1
2
1
1
3
1
1
3
3
1
3
1
4
1
1
1
4
1
3
2554
1
1
1
1
3182
2
52
2767
1
4
1743
129
4
2
1
3
1
2
179
9
1
1
1
13
3
2
1
1
1
1
1
1
1
1
1
2
1353
1
1
1
1
1
3
1
1
1
57
28
1
1
1
1
1
1
1
3
1
1
1
1
1
3
1
2
1
1
113
1
25
1
3
2
1
2
1
2
21
47
3112
1
4
3
150
4
1
1
1
1
13
2
1
1
1
1
1
1
3
1
1
1
1
13
1
3
2
4
1
1
1
1
2
1420
4
1
3
1
1
30
6
38
2
816
1191
1
9
10
3
5
1
1
1
1
1
1
1
1
5
1
1
1
1
3
13
18
4
1
1
1
1
1
2
1
254
2
6
4
1
1
1
1
1
2
1
1
1
1
6
1
1
2
2
3
1
2
560
2
4
1
1
2
1
1
1
8
23
1
51
1
1
23
51
1
1
3
2
2
1
2
3
1
3
1
1
2691
1
121
1
1022
1
3224
1
2
5
1
27
6
1
2
1
6
14
47
3
100
13
1
3022
1
77
66
2924
4
1
8
5
1
5
71
18
235
53
45
89
2
753
1
2373
1
1
10
1
3
1
1
1
8
5
1271
1
1
1
1
270
35
100
3
1
1
1
1
1
1
79
3
1
14
1
1
1
128
51
393
1
1
1
3
2
1
934
1
1
2
1
2
1
1
1
5
1
1
245
8
2
1
2
2
1
1
39
479
1
2
1
1
3
3
3
3
2
1
3
3
1
2
2
1
1
1
1
2
1
2
6
204
1
1
2
1
2
14
4
5
1
5
2
4
1
1
1
1
1
4
1
7
4
1
1
1
536
1
5
3
1
1
1
1
5
1
2
1
1
1
1
1
1
1
8
27
1
437
50
159
387
3
4
1
1
1
1
57
192
1
33
1
166
1
4167
6
3
1
1
6
15
1
1680
2
3
1
2
1
1
1
2
1
1
60
2
628
21
3
15
1
1
1
1
1
1
1
1
1
1
1
71
162
1
1
1
77
19
62
2
112
3
1
5
2
1
1
4291
2
2
1
1
1
1
1521
1
1
1
13
14
1
3
4
1
1
1
1
73
1
1
1
4
1
1
1
1
1
1
150
30
78
1
1
1
7
1
2
16
2
7
1
4
1
1
1
1
11
94
3
1
1
1
1
1
14
1
1
1
2
1
1
9
1
1
118
1
1
1
1
1
5
7
1
2
2
1
1
1
5
1
1
4
1
1
157
2
7
2
4
5
6
10
1
1
1
1
3
1
1
1
72
41
1
1
3
4
84
1
4
8
290
1
4
1
1
1
1
1
1
2666
1
4
1
1
3451
2
1
3
1
1
2
1
1
1
1
1
1
2
1
3
1
1
1
1
1
23
1
1
3
2
1
1
1
1
1717
1
1
6
39
2
1
1
1
1
1
1
3
117
30
4
1
1
5
3
1
1
1
1
1
2
14
263
1
1
1
7
1
11
8
1
2
6
3
3
78
3
1
4
994
1
1
1
1
9
1
2
2
1
1
1
4
1
8
382
1
2
1
1
335
6
2
1
1
1
531
1
13
1
8
4
7
3
1
1
9
5
1
1
3
3
2
7
1
35
1
5
1
2
229
4
2
1
75
2
1
1
1
5
5
1
1
1
2
1
3
1455
1
1
41
1
1
1
2
1
1
4
1
1
1
1
179
47
7
12
1073
33
22
17
5
588
1
634
7
19
168
11
1
1
1
2
2
5
1
1
1
2
1
1
1
8
1
1431
1
1
1
1
1
1
4
10
1
1
45
1702
1
3
1
5
1
2
3
1
2
2
1
38
266
4
1
1
3
58
72
3
13
1
1
1
7
2
1
76
2
5
4
4
17
33
1
2
69
1
1
1
4008
1
1
2
7
1
1
1
1
4178
4
1
3
2
3
8
1
1
1
4
7
1
1
1
1
2
4
1
10
1
2470
1
14
1
23
1
5
7
1767
1
1
2
19
1
1
1
1
14
1
14
5
909
1
2
1
1
2
1
1
1
167
1
4
7
1
1
1
5
1
1
77
17
1
2
3
1
1
7
4
1
1806
13
5
1
1
1
13
1
1
1
1
1
2
3
1
1
249
5
6
1
1
5
1
1
371
91
55
2
2
1
1
1799
1
1
1
1
2
1
1
1
1
1
1
1
1
1
1
2
1
2345
1
2
2
1
10
1
1
1
23
2
1
1
1
1
1
1
1
3
2
548
1
7
1
10
1
1478
1
4
1
1
1
2
1
2
1
1
6
1
1955
42
5
1
1
5
1
6
2
42
2
25
3
1
2
1
1
1
5
1
1
2
1
3
2
1
5
1
2
2
1
10
1
3
1
1
1
22
1
1
666
2
1
1
3
4
4
2
2
1
1
1
1
1
1
1
1
40
4
1
1
1
13
1
3
2
1
7
20
16
1
1
2
25
20
20
232
7
72
290
923
167
777
1486
1
1
1
1
2
1
22
2
11
1
1
1
1
1
1
1
1
1
3
2
2
3
1
1
1
197
1
1
1
1
1
1
245
25
6
1
16
1
4
57
1
708
1
3
2
1
1
55
1
1
1
1
2
1
1
1
26
17
2
1
1
3
1
2
2
1
1
1
7
1
3
15
249
3
1
1
1
4
1
1
6
1
1
1
1
1
1
1
1
2
10
2352
3
4
3
6
21
144
1
1
1
2
2
9
3
1
1
1
5
2
1
1
2
1
12
5
4
9
3
1
2
70
1
6
2
1
1
1
1
1
162
32
1
1
1326
9
1
222
2
4
39
2
1
1
1378
5
1
1
1
2
2351
2
1
1
1
1
3860
1
1
75
1
307
1
1
133
1
1
1
1
3
3
13
2
2
1
7
2
1
34
22
1
1
12
906
1
1
1060
1
2
14
1
1
2
1
1
1
1
1
1
1
3403
2
4
1
15
3
11
20
1
924
1
1
1
1
3304
1
1
1
2
1
1
1
1
1
1
1
26
1
39
1
1
7
420
13
5
1
1
1
9
4
1
3
1
1
2
1
14
1
1
1
1
1
1
10
1
34
1
2
1
1
1
68
5
1
1
1
2
4
4
7
1
1
17
33
1
3
2
31
1
1
3
1
1
1
3
1
1
2
1
1
1
1
1
9
1
1
2
1
2
1
3
3
13
1
1
6
1
1
1
1
1
1
1
1
2
1
362
1
1
2
703
1
1
1
4
1
1
151
57
1
1
1
2
1
1
16
1
1
1
19
56
2
2
1
1
41
2153
4240
195
2
1144
1
1
1
2
1
38
1
1
18
1
104
1
3
7
1
3
1
2
2
1
50
3
3
1
1
13
1
67
1
101
2
1
1
9
1
2
1
2
1
1
1
1
1
1
3
11
1
1
11
2
331
2
88
1
4
1
2
2
1
438
8
2738
1
1
1129
1
120
1
1
4
1
2
1
2
3
1
1
3
1
5
5
3072
3
1
1
1
1
1
3730
1556
22
3
2
2
7
105
74
1
1
1
5
6
1
147
1
1
10
24
718
873
3
2
1
1
1
10
1
8
30
2
1
1
1
1
202
2
3
65
1
34
7
79
1545
8
2
43
9
10
41
22
50
42
1
81
11
11
14
764
173
9
6
1
1
1
4
1
4
7
22
46
2
1
17
1
1
9
1
1
1
48
1
1
4
1
1
408
1
1
1
1
3
12
1
3
1
1
32
1
1
6
1
1
1
1
1
6
1
1
2244
1
10
250
4
1
1
4
4
2
172
3
1
1
1
8
223
99
2
2
2
14
1
12
29
1
3
14
3194
1
1
2
89
1
1
1
1
1
1
1
2
2
2
7
1
1
1
2
2
1
1
2
2
6
11
1
2
13
3
1
8
1
1
1
2
2
11
1
1
8
1
28
1
30
6
1
514
1
286
136
2
1
1
4
1
1
1
1
1
1
2
3
9
679
2
1
1
426
3
1
1
2
3
3
1
1
33
1
2
611
7
1
1
25
2
2
5
3
34
17
1
18
1
1
1
21
2
2
1
1
2
5
1
1
1
1
1
1
3
1202
2
2607
1350
8
3
1
1
2
1
1
2457
1
1
1
1
15
2
1
3
1
1
1
1
12
4
2337
1
2
4
1
2
2
4
1
1
1
1
1
4
2
1587
2
3
1
1
9
2482
540
1
1
1
573
1
3
1
10
18
326
1
882
43
14
2
1
1
2
1
1
1
1
1
1
1
1
1
4
1
1
1
13
535
141
1
2
1
1
1
1
1
1
2
1
1
1
1
3
42
33
62
72
25
3
1
1
1
1
50
1
1
1
1
1
2
3
1
4
7
27
1
8
1
3351
1
1
1
1
1
1
22
1
310
1
104
4
1
508
1
2
1
3334
2
2194
30
2
1
3
2
1
2
1
1
4
1
1
2529
2
12
10
3
21
1
3
9
2
2
1
1
1
1
1045
1
5
1
18
2
1
1
1
1
1
1
1
1
11
1
1
1
1
1
2
3
2
1
1
5
2
1
2
1
1
1
202
6
14
1
15
20
1
1
1
2
2
70
2
2
4
2
1
1
1
1
1
1
1
50
1
8
1
1
1
37
10
55
7
1
4
1
50
1
355
1
1
1
1
1
1
2
4
275
1
1
1
1
2
1
389
2
1
16
1
1
1
1
2
1
3
8
6
2
1
6
2
17
1
4
2
1
1
2
1
1
1
1
1
4
2
1
1
1
2
1
11
86
1
1
2
2
17
47
1
1
1
13
3
1
1
1
23
15
11
39
1
1
1
194
1
1
180
3
10
1
1
2
1
1
1
1
14
5
1
2
1
1
3
5
1
1
3
5
4
1
1
1
384
1
1
10
2
4
1
1
1
12
7
1
12
1
1
4
1
2
2213
1
3
4
139
3
1
1
1
2472
3
2
1
1
31
4
5
2
1
3
39
17
1
3
1
2
1
1
3
2
34
12
170
40
1
1
2
1
4132
1
1
1
272
1
1
1
1
1
1
50
2
1
1
1
1
1
2
2
2739
7
1
1
2
3
1
1
1
1
1
1
1
1
3
1
1
1
2
1
1
7
1
1
29
1
1
1
21
5
188
5
27
2
464
2
242
3181
371
732
42
1
5
61
97
22
52
185
140
1
1
2
56
328
6
21
159
2
1
1
3
18
4
2
1
5
2
3848
11
1
10
41
958
3
1
178
7
50
76
145
1
100
75
54
62
196
23
26
1127
208
1659
29
134
1
40
48
1349
1
191
171
2
1
1
2
5
5
1
1
1
2923
3634
11
25
4
62
5
39
42
1
3
35
23
25
282
131
141
1
2
3
92
4
2
1
9
5
4
13
1
1
3
2
1
39
582
388
4
1
3
1
2
23
1
27
1
1
2
1
2
1
7
3
640
2721
6
1
1
2
2
1
2432
12
3
2926
1
1
1
131
1
2
1
2
1
1
2
1
9
1
2
1
82
1
3
1
1
4
1
1
1
1
1
2
4
2
2
1
1
1
1
26
1
1
163
158
1
746
2780
1
1
205
32
3
1
1
2
1
273
502
2470
1
1
1
1
1
1
1
2
1
1
1933
1
1
1
2
2
5
24
1
1
30
1981
7
1
3
1
6
1
1
1
6
1
1
9
3
1
1
1
1003
1
828
2160
7
4
2
1
360
5
1
1
1
11
1
1
1
1
2
2
1
1
1
3
1
1
1
3
2
1581
1
1744
1
2
2
1
1
1
3
1
2
1
2
1
148
1
1
2
1579
1
2
1
1
877
2
3
4
1
11
15
8
1
1
29
1
1
1
1353
2
2
1
2
1
1
4
1
2
6
2
11
1
2
34
1
1
7
1
1
6
1
16
4
1
5
3
1
2
1
2
1
1
3117
1
1148
6
1
1
1
2
1
11
1
1
1
2
3
27
2
1
1
1589
1
1
1
1
1
1
1
8
18
761
1
8
687
1
1
2
3
2
1
3
10
7
15
551
4
11
1
1
28
4
7
4
1
3
135
3
6
15
5
1
8
1
1
6
1
5
13
1
2
2083
1
1
2
1
28
5
86
1
7
1
1
13
1
54
7
1
1
1
5
1
14
5
3
3
2
1
2
4
30
64
34
56
28
3
7
1
1653
348
4
1
1
21
15
2
1
1
2
1
1
1
2
1
3319
1
1
1
1
1
34
12
1272
1
1
97
1
1
1
1380
1607
13
2
1
1
1
2088
1
4
1829
1
2
1
2
1
1
3
3
12
2
345
1
2
14
1100
14
27
12
102
5
1
1
3
22
1
1
6
18
74
16
29
6
154
19
153
7
76
74
239
3
66
1
9
7
3
1
1
1
1
3
4
19
4
51
24
1
1
1
20
482
4
1
10
3
2
5
2
2
2006
17
2
6
1
33
1
1
1
3
2
8
2
1
1
34
12
80
27
1
1
188
5
1
4
1
1
2
1
3
1
1
1
164
2
59
96
1
1
2
1
1
1
1
10
1
2
2
2
1
1
1
1
1
1
2
3
1
2
1
188
1
263
64
124
1451
2
5
1
2
1
1
75
8
225
8
10
153
14
149
95
1
2
1
4
2
1
2
1
1
1
1
785
4
4
1
7
1
1
1
1
1
1
1
1
2
2
1
1
1
1
2
1
2
1
1
1
1442
2
2
1
1
1
4
4142
1
1
2
1
1
1
2
2
2
1
1
3
1
1
1
1
1
4
1
1
2
2
1
1
1
1
2
1
6
1
336
1
1
1
5
1
2
4
1
2352
2
129
6
71
1
1
1
2
1
1
37
35
74
4
3013
23
13
1
24
8
83
12
5
135
12
1
15
59
62
36
1
48
166
2
2
1
2
1
1
1
3
2001
2
4
1
1
1
1
1
1
1
1
77
1
2
17
112
2
3
1
1
13
2
4
2
2
1
1
1
3
1
1
2
1
1
1
1
2
1
2
3497
1
17
1
2
1
1
1
1
591
1
1
85
1741
28
3
699
1
1
1
1
2
3
2
2
1
1
1
1
1
10
1
1
2
1
3
1
2
1
1
1
1
1
9
621
1746
1
1
1
1
1
1
1
1
1
5
1
1
2
1627
2
1
1
1
1
1
3
158
2
3
351
39
6
8
3
2562
3753
1
8
2
1
1
1
1
3
1
1
1
1
1
2962
2
35
1
1
1
1360
1
2
30
3
2
1
4
2
1
3
1
27
1
4286
1
1
1
1
1
1
1
1
1
1
1
1
1
2
1
1
2
1
1
1
115
14
1
1
8
1
1
2
3
1
1
2
2
1
1
1
1
291
1
1
1
4
1
1
1
247
3
1
1
1
1
3
1
1
1
1
1
1
1
1
1
1
1
1
1
1
1
1
1
1
1
110
3
1
1
5
3
1
1
1
2
1
1
1
1
2
29
146
1
3
1
2
1
1
2
1
1
1
2
1
1
1
1
1
1
1
11
1
1
2
1
1
1
1
6
12
1
2
1
1
23
1
1
2
1
2
3
1
2
17
2
68
24
321
125
8
22
103
247
66
129
35
26
1828
1
1
1
1
33
7
2
1
5
1
2971
13
1
1
85
1
1
2
1
1
1
1
2823
1
2
1
494
78
119
160
80
4
3
1
5
3
1
6
61
1
1389
1
2
1
1
1
1
318
1
1
4
1
1
8
1
1
1
1
1
1
1
3
378
1
1
1
1
2
1
1
2
1
2
1
1
1
1
1
1
11
1
10
2
1
1
155
4
1
1
1
1
1
1
1
1
2
1
5
1
1
1
1
1
3
1
2
2
30
1
749
1
1
1
1
1
6
1
1
3
2
1
3437
2
1
2
1
1
2109
1
4
3
1
1
1
1
1
1
2
2
1
2706
1
1
1
1
3
1
2241
4
1034
1
1
3764
1
2
2
1
1
2
1
1
5
1
1
1
1
1
4
1
1
1
2
1
1
93
46
11
1
1
2
1
3
1
2
1
1
3
1
1
1
2
2
15
1
1
6
3584
18
76
1
8
2
3
14
14
2
1
3
3
1
47
31
85
32
1
9
2
1
3
1
1
1
2
3927
1
71
1
1
51
2
3128
1
9
1
1
2
2
1
2
1
8
1
5
1
6
281
5
1
1129
180
2
1
2
2
3
2
1
1
26
1
105
8
10
824
2
1
1
1
3
1
1
3
1
33
1
1
1
3
3
1
1
1
1
1
1
1
1
2
1
1
1
1
7
4
26
94
1
1
1
1
7
2
1
22
1
1
1
13
1
4
1
1
67
2
2
1
2
1
1
1
2
24
177
3029
52
109
4
105
7
1
1
1
1
2
1
1
7
29
24
2974
21
800
1
1
1
2
6
3
55
601
54
65
14
3211
188
5
7
21
19
245
32
126
1
3
1
1
1
1
2
4
1
1
1
1
3
11
1
4
1
1
2
1
1
1
2
1
5
1
1
2
1
1
2
82
1
2516
2
1
3
2
13
1
2
1
2
20
2
1
1
2
1
1
1
1
2
44
4
1
8
3
2605
1
5
1
6
18
1
1
4
4
30
1
1
1
2
1
1
3
39
2
1
4
47
99
2
30
1
9
3
1
1
5
12
1
4
507
2
10
3
1
2
2
1
10
1
34
5
3
1
416
6
1
1
3
2
2
5
27
2
3
2
249
1
2
1
4
4
1
1
1
30
3
1
1
1
1
3
2
38
1
1
1
1
1
1
1
1
1
1
1
2
14
1
1
43
2
1
1
2
5
1
1
3
2
1
1
1
3
3
1
1
6
5
1
2
3
2
1
1201
1
1
1
1
2
1
1
1
1
1
2185
2
1
762
1
1
4252
2
1
5
1
1
3
2
6
1
1
1
2
1
2
3
1
1
1
1
2
2
1
1
2
1
5
1128
45
15
1
7
1
28
2
1
1
1
7
1
1
4
1
1
1
1
3012
1
2
18
7
1
341
1
1
1
1
1
1
5
9
4
2
1
5
1
2
1
1
1
1
1
1
1
1
1
1
112
1
67
1
81
1
1
1
2
3
177
1
9
49
7
1
1
2
3
2
1
40
1
10
3
1
3
1
5
1
1
1
1
2
4
49
1
1
1
3
1
8
9
8
1
1
6
1
2
2
1
1
1
9
1
3
1
1
1
20
2
10
4
1
3
1
1
1
1
732
1
2
1
2
1
1
1
1
10
2
3593
221
22
6
3
15
3
1
1
4
4
12
1
1
1
2
1
1
6
2
26
1
1
2
1
3
3
1
18
18
11
2146
8
1
1
1
3
512
29
2
26
8
21
2
1
3992
2
3
9
35
19
702
1
1
1
299
4
5
2328
1
2256
3
2
3
1
27
4
1
1
2
1
1
1
4
1
2
11
2
1
7
2
4
1
6
1
11
1
23
3
1
1
3
3
7
1
1
25
23
1
5
3
1
1
1
2
1
2
2
1
3
124
1
4
1
1
3
1
5
1
7
2
2
1
1
3965
1
1
1
19
1
2
2
9
5
2385
7
1
1
1
2
1
9
1
1
133
2
4
2
1
2
1
1
1
1
3
7
1
1
1
1
1
4
1
6
1
1
2
1
4
1
5
1
1
1
34
1
49
6
3
1
1
6
4
1
3
28
6
1
1
1
1
1
2
389
2
1
23
1
1
1
1
4
1
1
1
1
1
1
1
1
1
1
1
1
1
1
3
1
1
1
4
2
2
1
1
1
49
1
118
14
2140
1
1
2
5
5
5
19
1
4
6
8
2
1
458
970
2
1
2
1
2
1
2
1
1
3
3
33
23
6
3
7
1
1
1
1
14
1
2
1
1
5
1
326
1
1
1
2
18
1
2
1
1
4
2
1
1
23
1
1
2
13
1
7
2
1
2
4
4
1
1
2
1
1
1
2693
2
1
3
1
1
1
2
4
1
6
1
1
1
2
2
7
1
1
1
1
1
3
1
3
1
162
132
1
2132
2
2
1
6
1
1
12
55
1
1
98
9
298
7
1
1
1
1
1
1
4
1
2
1
1
1
1
6
1
1
2
1
1
1
210
1
2
1
1
1
1
7
143
26
1
1
2
1
1
1
2805
3
1
2
3
1
1
190
1
1
1
1
4
3
8
1
1
1
1
1
1
1
3
1
263
2
1
29
1
1
1
2
2
1
1
1
1
4
3
2
1
1
2
1
2
1
1
1
1
1
2
2
1
2
1
1
4
1
3
2
1
1
1
1
1
1
1
1
2
2
1
2
1
15
8
1
1
2253
9
4
1
45
1
1
1
1416
3
1
6
46
1
1
2
1
3227
2
165
1
1
3
1
1
2
1
2
3526
3
1
2
1
1
1
1
1
3
1
1
1
4
2
1
1
55
4
2
1
1
3
1
1
1
2
1
1
2
1
2
12
4
4
1
1
1
1
1
1
2
1
1
2
1
1
3
2
1
2
1
1
2
2
6
17
17
2
2
1
1
1
7
5
31
1
1
1
3
1
2
17
2
1
1
1
2149
1
3
2
8
1
1
1
1
8
9
4
1
1
1
27
1
1
14
1
94
1
2696
4
16
8
2368
5
1
1
3
5
18
2
905
1
1
3
2
1
2
11
1
24
1
3
12
7
6
2
1
1
1
1
2
3
1
3
4
3
420
1
46
103
1
1
3102
1
1
1
69
1945
1
1
2
1
1
1
2
1
3208
1
1
14
1
30
7
56
1
4
1
1
1
75
13
1957
1
3
1
1
267
1
2
73
2
1
11
1
1
4
1
1
1
1
1
8
1
3
1
2868
1
2
1
4
1
1
19
4270
4
2
37
1
4
5
6
1
3577
1
5
538
7
1
1
1
1
1
2
1
4
1
263
4
1
1
1
2
1
15
6
1
12
2
1
1
1
1
1
2
2
3
4
7
3
5
1
725
3736
55
2
4
2
9
1827
2
2904
4
1
6
4
2
9
1
7
3
5
67
49
4
4
26
3
3
5
1
1
50
1
16
3638
1
81
9
17
1
2
16
1
1
1
1
1
1
20
1
3
1
1
1971
1631
3
3891
3
2
15
1
1
1
1
1
1
2
1
1
1
1
4
1
9
99
5
6
5
1
1
1
3
1
3
4
1
1
7
22
1
1
1
2
4
2
1
2
1
1
1
1
1
1
2
1
1
1
1
1
6
1
1
1
1
4
1
1
1
1
1
7
14
492
1831
122
264
1
1
1584
3
1
2
1
1
2
1
1
1
2
1
1
2330
2
1
1
1
2
1
1
1
1
1665
1
1
23
285
7
29
1
2
3
1
1
1
1
1
1
1
1
1
1
6
1
9
1
193
1
1441
4
1
1
1
1
27
1
2
5
2
38
1
3168
1
6
2
1
1
5
1
2
585
1
10
1
1
1
1
1
1
1
2
1
1
2
7
2
2
1
3083
2
10
1
2
1
370
1
1
3
11
2
1
1
2
1
1
2
1
1
6
1
1
143
19
1
1
3
1
12
15
1
1
1
4
1
1
2
9
3
1394
1
1
12
4
1
811
8
69
281
1
1
1
1
3
1
1
8
2
1
11
1
2
1
1
1
1
3
3
8
6
18
1
1
2
5
1
3
5
15
1
2299
5
2
1
3
10
2
2
1
3
3
1
3
4
5
1
1
1
1
1
1
10
1
2
1
2
2852
21
1
7
2
1
7
10
17
3970
1
2
6
5
3
1
1
1
2
3
2
6
1
1
17
7
1
1
2
1
1
1
1
2
381
1
997
1
1
3
23
1
1
42
2
2
1
1
2
1
1
4
1
1
1
1
3
10
4
3
12
2
6
1
1
12
1
3
1
1
11
2
10
1
1
7
1
2
10
5
3
1
1
3
2
2
1
8
10
1
1
4
1
1
2
3
2
1
1
2
2
1
3
1
1
137
35
1
2
5
8
12
1
1
31
1
1
2
1
1
1
1
1
5
1
1
1
9
1
1
2
1
1
8
167
603
1
1
1
8
1
2616
51
12
1
1
1
30
248
4
4
30
3
3
1
1
1
1
40
142
955
9
302
44
2
12
4
1886
116
10
1
20
19
1
5
1
2
1
2
1
1
1
1
2478
1
2
2
3
5
19
2
1
1
6
4
1
3
900
98
21
1
1
2
11
1
2
1
1
1
1
1
14
4
3
4
4
2
2
2
1
2
3
396
1
1
3
1
2
8
1
2
6
4
1
1
3
2
2
2
16
12
1
1
1
5
16
6
2
49
1
1
2
1
3
6
1
1
1
1
3
8
3
1
1
4
1
6
1
1
1
32
1
4192
1
1
4
1
1
18
3
3
1
34
2
27
3
13
2
6
1
1
2
3
3
1
2
4
2
1
91
1
1
2
1
1
1
1
1
1
7
14
3
1
1
4
1
1
48
1
1
1
3
5
9
1
1
2
1
1
5
1
1
1
1
1
1
1
1
189
1
38
1
3
1
11
2
415
1
1
3
1
2275
1
1
2
1
1
3
1
1
230
1006
1
33
15
7
1
3
1
1
3
5
1
2
4
1
14
2
2
1
1389
1
3
2
2
1
1
49
1
3
2
1
3
1
1
78
1
1
2
1
2
434
17
2
2
3
1
1
1
2
2
2
1
751
2
2
1
1
64
1
26
1
1623
1
2972
1
14
4025
1
1
1
2671
1
1
1
1
405
11
1
4
1
1
12
1
1
1
3
6
1
2
2
3
1
31
1
10
1
1
13
1
22
1
9
1
1
3
7
1
1
23
1
1
1
14
1
11
3
8
31
1
1
9
2
653
4
20
19
18
9
7
26
4
8
59
3
3
1
1
1
23
3
2
1
1
105
4
2
1
1
1
1
2
37
1
3
1
1
1
2
1
10
3
13
1
18
1
1
1
1
1
1
1
2
1
1
1
2
1
2
1
3
2
1
1
1
2
2
1
5
2
4
17
5
6
1
1
3
1
1
1
1
1
1
1
18
4
1
1
5
1
1
3
1
1
1
1
16
1
1
6
3
27
2
2
2
1
1
1
1
3
1
2
2
1
1
1061
2
1
2
2
1
1413
1
4
1
8
3
1
332
1
4
12
22
3
1
2
1
2
1
1
1
5
1
2
4
1
3
14
15
1
1
1
12
13
4
1
5
7
1
1
152
67
44
428
4
495
45
2
9
1
1
5
1
7
3
1
3
2
36
1
1
2
3
1
2
5
3
8
2
3
2
1
1
1
2
2
1
1
1
1
2
1
1
1
28
2
1
2
3
1
1
1
2
3
8
2
1
3
56
1
2
1
1
1
5
1
11
2
509
1
4
2
3
1
1
1760
2
1
4
1302
1
564
1
1
1
2
1
9
1
1
1
1
1
1
5
1
7
1
3
1
1
2
1
2
1
1
6
1
1
1
9
4
7
1
1
1
2
8
1
1
3
2
18
44
11
25
10
1
12
1
1
2
1
1
1
7
11
1975
34
60
232
1
1
11
29
1
1
2
2
1
15
3006
6
62
1
1
1
11
33
4
1941
1
1
3014
563
2371
2
447
1
2
2
1
1
3445
682
1
1
1
2
16
1
6
151
1
1
1
4
5
693
182
1
1
1
1
1
1
2
1
1
1
15
3
2
5
9
3
1
1
20
1
4
17
18
3444
27
1
1
1
702
4
1
1
7
4
1
2
12
99
627
52
44
2
1
1
2
1
1
1
1
1
6
1
2
1
1
3
3920
2
1
1
1
1
1
23
65
25
1
3
1
1
1
1
4
1
1
1
3
5
1
53
125
1
1
5
5
6
1
6
1
1
1
2
1
1
1
1
3
1157
2
2
40
23
1788
1
1
4
1
1
1
1
1
1
1
1
1
3
2
1
1
4
1
1
3
1
10
1
1
67
3578
1
2
1
2
1
3
1
14
2
21
4
1
1
1
1
1
1
3
4
1
16
4
1
1
1
3
5
3
1
1
1
1
2
8
5
4
1
1
1
3889
26
1
1
14
1
1
27
1
1
1
3
1
1
1
1
7
1
1
4
3956
7
2
1
3095
1
4
1
1
3374
1
1
1
1
1142
3
1538
1
6
3
6
1023
1
1
3
7
1
2
436
1
3
2
3
2
1
9
54
1
1
5
1
1
3
4
5
1
1
2
1
10
1
1
5
14
1
2671
1
1
1
1
1
1
1
1
1
1
30
2
13
1
1
4
1
2
2
1
1
1
1
421
1
1
1
2
1
11
1
1
1
1
11
4
1
1
10
1
1
2
3
2
1
7
1
3
1
2
1
1
1
16
2
1
1
33
179
1
1
1
7
1
1
1508
3
1
1
1
4
1
4
1
1
9
1
1
1
1
1
1
2
6
1
3
1
8
1
2
15
1
1
27
3
9
1
2
1
1
2
7
1
1
1
1
979
21
7
1
1
14
1
1
1
2
1
1
1
1
2
2
3
1
1
14
13
2
1
6
2
1
1
22
22
1
3
1
1
1
1
1
2
1
1
7
1
1
5
1
332
4
3156
13
7
1
1
1
1
1
1395
3499
13
11
3
6
1
1
1
595
2
22
1
1
4
11
1
1
537
545
327
10
1
1
2
2
2
2
1
1
3
5
10
1
1
2
2
5
1
1
3582
1
6
1
3
4
1
1031
15
2
1
1
1
1
1
22
257
428
1
3
6
1
2
1
1
1
1
3
1
1
4
1
1
2
1
1
1
1
1
1
14
1
1
2
1
1
1
5
2
1
6
1
1
3046
1
2
1
1
2
3
3
1
1
71
1
1
1891
3
1093
3
2
1
1
2
1
2
21
2
1
1
1
1515
2
1
25
553
1
1
1
1
1
1
14
1
1
78
2
1
1
1
4
1
4
1
1
1
6
3
14
1
3
286
5
1
2660
