1
1
1
1
1
1
1
1
1
1
1
1
1
1
1
1
1
1
13
1
1
1
1
2
1
1
2
1
2
1
8
1
1
32
1
2
1
1
1
1
4
1
1
1
1
3
1
1
2
1
1
10
5
1
42
1
2
1
10
1
1
3
2
5
1
1
7
2
10
1
5
2
5
3
5
3
3
1
1
2
1
2
1
8
14
7
5
2
1
1
6
4
1
1
7
1
2
1
1
4
1
1
4
1
2
1
1
1
7
1
17
1
5
2
2
4
2
5
1
2
1
1
21
128
21
13
348
3
2
6
4
1
1
1
5
1
1457
28
275
3
1
10
1
4
8
6
10
1
21
2
2
1
2
1
45
3
7
1
1
102
20
3
30
99
14
1
2
49
7
6
3
11
31
3
125
353
33
61
4
1
1
1
1
1
20
8
21
62
37
4
3
4
9
35
4
14
1
1
1
2
1
1
18
1
1
1
9
2
5
2
1
3
1
1
27
1
1
8
145
4
17
7
7
1
98
4
1
2
3
1
1
1
1
1
1
1
1
1
1
1
1
3
1
1
1
5
2
1
2
1
1
1
1
1
1
1
2
1
2
2
1
3
1
1
1
1
2
2
2
4
1
1
1
1
2
1
1
1
1
1
85
2
5
4
10
1
3
1
2
1
8
1
2
1
1
1
1
1
1
1
1
1
1
4
1
1
1
1299
1
1
3375
2
1
4
3
3
1
1
8
2
3
19
1
1
1
18
2
2
1
1
3
1
37
1
3
2
1
1
2
662
27
1
1
2
1
10
4
1
1
1
3
1
4
1
1
6
2
1
7
1
1
1
1
156
3
15
9
1
2
1
2
10
5
1
1
2
1
1
2
3
1
1
1
1
1
1
260
1
2
2
4
1
1
2
1
2
1
10
31
46
1
1
4
102
7
2
2
2
1
1
4
1
1
1
1
1
2
1
6
1
1
3
1
2
1
1
1
1
1
1
1
1
3
9
1
1
1
3
1
221
1
1
1
1
3
1
4
1
1
1
2
1
2
1
1
3
1
1
1
1
1
2
1
1
1
1
12
16
15
5
4
9
1
2
43
1
1
2
1
1
1
1
4
3
1
1
2
1
2
1
8
1
1
1
4
1
1
1
3
2
6
10
1
7
2
9
1
2
1
2
1
1
1
3
1
1
1
5
1
1
9
1
1
20
2
1
1
1
1
2
1
2
1
1
1
2
1
47
2
1
2
1
4
1
1
1
8
1
1
27
7
14
1019
906
7
15
1
2
28
66
10
30
14
5
1
1
2
2
1
1
5
1
1
1
1
1
4
9
97
2
15
3
3
7
19
73
513
957
1
246
319
354
9
1
2
1
1
9
1
623
1
3
3
3
1
4
1
12
12
41
1
2
3
4
10
1586
345
1
111
1
803
2
58
5
4
291
17
320
124
6
1
8
4
388
3
1
27
319
500
5
1
2
1175
10
260
5
1
1
2
1
1
111
1
3
1
1
2
1
72
116
1
1
2
7
3
1
3
1
88
21
1
2
1
2
1
1
2
1
1
1
1
2
4
1
2
19
2
1
5
5
1
1
4
2
1
5
1
18
4
1
10
3
2
16
5
1
1
1
1
4
1
1
4
1
1
2
1
2
1
3
1
1
1
2
1
1
6
3
1
3
2
1
2
7
6
4
3
8
3
3
122
15
4
36
93
8
3
5
2
1
21
1
1
1
15
102
3
1
1
4
2
6
11
26
18
22
1
2
2
3
1
1
1
1
1
1
12
2
6
1
2
2
5
1
36
1
2
1
12
1
1
10
13
2
6
8
1
1
7
1
1
2
2
3
1
3
14
1
1
1
1
1
1
1
12
1
1
2
4
3
1
1
14
1
2
1
24
2
1
1
1
1
32
1
1
1
1
1
27
1
1
1
1
1
1
5
7
19
23
121
4
1435
1
20
3
4
1
6
1
3
2
14
1
11
6
4
1
1
1
2
14
1
3
1
3
1
1
1
1
3
1
2
5
5
1
1226
3
1
2
1
2
1
1
1
1
2
1
4
3
1
3
1
4
1
1
4
7
15
29
17
687
1
1
1
1
1
2
1
3
1
1
1
1
1
10
1
1
1
4
1
3
1
1
1
1
2
1
2
1
1
1
4
15
1
1
1
1
1
1
1
1
2
1
1
2
2
3
1
1
1
2
1
2
1
1
1
2
2
1
2
1
7
1
2
1
2
4
1
12
1
1
3
1
5
1
1
1
1
1
2
3
4
6
14
1
1
2
2
1
45
23
2
1
6
1
11
1
1
4
12
210
20
10
1
2
1
1
1
2
1
5
1
1
6
1
5
1
3
1
4
1
5
1
1
1
3
1
6
3
2
1
1
4
1
1
3
1
1
4
1
6
2
1
1
1
1
1
1
1
1
1
8
5
1
1
2
1
1
2
802
1
1
1
1
1
1
1
2
3
1
1
6
2
2
5
9
1
1
6
1
1
5
22
8
5
2
21
3
10
1
1
2
25
1
2
2
1
3
1
6
1
8
1
2
1
48
1
1
1
1
1
1
5
10
1
4
3
2
1
2
1
1
1
1
1
1
1
1
2
1
1
2
4
6
1
4
2
6
1
1
1
18
2
1
1
2
1
1
1
2
4
1
7
2
1
1
101
18
15
3
39
22
6
43
25
2
3
1
2
3
2
1
1
2
1141
3
20
1
2
1
2
1
2
3
2
5
1
3
2
2
1
1
1
1
1
6
6
2
3
1
258
2
2
1545
1
1
1
4
3
1
1
1
1
1
1
1
2
1
1
1
1
1
1
1
1
1
2
2
4
2
1
1
1
1
1
1
3
1
2
1
1
1
2
1
3
1
1
1
1
1
1
2
1
4
1
4
4
1
1
9
1
2
1
1
1
1
1
1
1
2
2
2
1
3
1
49
1
1
1
168
5
1
1
1
1
2
2
1
1
1
1
1
2
4
7
1
1
1
1
1
168
1
1
1
1
2
2
1
2
1
1
1
1
1
1
2
2
70
229
1
1
5
1
1
1
2
2
1
1
1
1
18
3
1
1
1
230
2
34
4
1
1
1
1
1
408
150
38
6
1
9
1
5
1
1
1
1
2
1
1
1
1
2
4
2
5
2
1
4
1
1
5
1
7
1
3
13
1
1
2
1
2
1
2
1
1
1
1
1
1
1
1
2
8
1
1
1
7
1
1
1
2
2
1
1
1
2
1
1
1
2
1
3
2
1
2
1
1
4
1
1
2
1
1
1
1
2
4
1
2
1
6
1
1
18
11
1
1
1
1
1
1
4
8
8
4
1
1
2
2
6
1
5
1
6
4
2
2
5
1
2
3
1
1
9
1
2
1
1
96
2
1
1
1
1
1
28
11
10
2
3
12
4
3
1
1
1
1
2
1
118
1
19
1
7
8
1
15
5
35
1
1
8
38
7
5
1
1
3
1
2
1
3
3
17
12
9
12
33
1
2
1
1
19
12
1
1
7
6
5
7
60
4
8
30
11
25
90
5
24
16
52
102
2
2
1
8
1
1
23
15
1
37
116
5
9
1
1
3
11
47
3
1
1
2
82
1
3
67
1
93
1
2
1
1
7
39
1
189
1
1
1
2
1
301
13
1
2
1
4
1
1
10
1
3
4
1
11
515
14
1
5
1
95
1
127
4
1
11
2
30
60
1
7
1
153
25
1
2
1
2
12
29
2
4
1
1
1
12
69
1
11
116
4
1
5
5
1
36
8
21
30
37
3
1
1
1
6
1
1
41
7
1
9
22
31
7
6
1
1
1
1
1
4
1
1
2
1
8
5
1
1
1
3
1
1
1
4
2
12
15
183
144
19
5
9
1
1
1
3
77
3
1
8
1
4
1
5
3
3
5
8
1
51
8
127
25
13
1
2
3
2
25
1
1
2
2
1
1
18
14
51
20
1
2
22
3
1
2
2
22
1
2
3
21
3
2
1
3
3
2
2
1
1
5
4
1
1
4
6
9
2
5
10
3
2
1
1
1
4
5
2
28
15
4
50
2
1
2
4
4
3
2
2
1
1
68
3
2
55
16
3
2
9
1
1
2
22
2
40
44
8
1
1
5
2
17
1
3
1
12
1
1
8
1
1
1
15
1
1
4
2
2
15
2
1
1
1
1
2
3
1
132
1
6
15
44
23
1
1
2
1
46
1
1
35
36
1
8
43
1
1
2
6
1
1
1
2
33
1
188
6
92
80
81
1
1
1
1
1
3
4
3
34
4
2
4
4
1
1
6
6
4
1
1
1
2
5
2
3
1
26
2212
2
8
1
1
1
18
1
292
1
1
8
3
1
1
3
360
2
8
13
7
1402
6
5
1
1
1
1
1
1
4
1
3
1
3
10
17
1
2
1
1
4
1
1
1
1
1
2
2
1
26
2
2
19
5
57
3
2
3
4
4
13
8
1
1
5
9
1
564
9
1
12
3
13
11
1
6
34
5
3
1
10
5
1
3
1
2
1
3
1
1
1
3
8
3
3
1
75
26
23
6
11
1
1
38
37
1242
1476
262
494
110
89
1
1
3
1
1
1
1
1
2
1
1
4
9
3
2
1
14
45
5
3
1
1
1
6
1
7
1
5
5
3
2
6
2
1
6
1
27
4
21
1
1
2
26
2
1
1
1
1
1
1
5
5
2
107
17
25
1
7
1
33
5
5
39
1
2
1
1
10
46
2
3
1
1
2
1
1
1
3
1
1
4
177
2
1
2
1
3
2
1
1
1
1
1
1
4
2
3
2
63
113
64
21
3
13
18
844
22
734
3
3
1
1
1
2
2
1
9
3
8
1
11
9
1
1
1
31
9
9
1
1
5
11
1
1
9
37
5
3
1
4
3
1
8
65
1
8
1
342
1
1
9
1
23
8
1
27
11
57
1
2
5
5
2
3
6
1
14
37
1
1
16
6
17
3
4
15
2
1
12
2
28
6
22
2
8
1
1
7
38
1
7
4
12
2
5
2
3
4
55
2
1
5
1
18
7
14
2
6
26
10
1
3
20
1
86
8
16
18
2
15
21
1
1
4
1
4
7
22
3
54
1
15
1
23
3
5
1
2
8
21
27
1
1
21
2
2
1
129
11
2
4
30
20
2
1
4
1
5
2
1
1
1
2
1
1
1
1
1
1
3
1
17
32
27
16
2
4
8
1
2
1
2
1
1
1
6
1
4
30
1
5
21
86
5
1
6
9
7
3
1
1
1
1
1
1
2
8
1
7
2
1
25
6
1
1
1
1
24
1
3
56
11
3
444
11
51
2
2
1
85
34
2
3
10
61
1
4
3
720
10
1
16
1045
61
1
1
32
148
1
1
5
1
1
4
3
4
1
9
5
1
1
1
1
1
1
2
1
1
83
1
10
7
1
5
9
20
3
1
1
1
1
2
1
1
30
25
6
4
5
3
1
1
1
16
4
3
2
2
15
4
2
9
6
11
1
49
7
4
1
34
18
6
1
15
1
3
1
2
2
4
1
2
1
29
1
6
1
1
1
1
1
8
2
1
1
2
115
16
67
189
1
28
842
1
4
1
1
1
3
1
2
3
14
84
23
1
14
11
223
14
33
196
164
2149
2
1
6
1
142
27
2
14
1
1
6
1
7
1
1
1
4
1
3
1
3
2
11
1
1
2
5
3
8
1
897
1
3
1
1
1
3
1
3
2
1
1
4
3
1
1
12
123
2
1
10
1
15
1
2
1
184
6
3
2
1
1
26
7
3
2
1
1
31
2
1
5
1
2
2
5
2
1
4
1
1
14
1
2
7
13
38
24
7
2514
6
1
3403
137
22
109
1
1
5
3
3
4
1
1
1
3
227
1232
175
185
46
179
10
2
1
1
8
8
10
1
3
493
5
2
5
23
41
319
1221
1
16
6
1
21
344
1167
1
25
4
1
1
1
1
1
2
1
3
1
3
1
1
2
1
1
1
2
4
1
12
30
1
1
60
9
24
6
1
1
72
11
4
1
1
3
4
1
3
1
46
65
375
33
1
1
2
1
18
8
5
1
1
3
3
1
1
9
2
5
3
43
2
1
14
39
13
1
6
2
2
70
1
49
74
1
42
4
4
1
4
13
1
2
1
1
1
4
61
1
1
1
5
10
1
1
1
2
3
10
37
1
1
3
1
1
8
1
1
12
1
1
1
5
1
1
2
2
8
2
3657
31
1
2
2
1
7
3293
1
1
2425
8
1
8
1
8
8
6
3
4
137
1
1
55
3
3
4
4
246
287
2
1
7
1
45
350
366
468
1
2
2
1
1
3
23
1
1
1
2
10
1
1
1
3182
2380
1
6
2
1
1
1
1
1
4
1
1
1
1
1
2093
10
1310
18
1
6
217
1
1
8
1
1
1
2
1
1
1
51
1
1
1
1
1
1
5
155
1
1
1
1
1
1
1
2
94
1
1
1
1
1
1
27
16
52
2
8
1
2
1
1
3
1
2
2
3
2
2
1
1
97
10
5
423
1
5
70
17
4
5
22
1
5
3
12
2
2
1
1
1
8
11
3
1
1
14
87
55
16
1
1
1
3
1
3
1
1
2
1
3
2
1
1
1
1
63
836
708
1
1
1
1
2
1
1
6
1
1
1
1
2
4
1631
344
2
1
5
1
2
1
5
1
1
1
1
1
1
1
1
1
1
1
1
1
1
1
1
2
32
1
339
1
27
1
1
18
2
2
1
4
1
1
2
1
1
170
2
322
1
129
394
7
1
23
22
2
1
1
1444
3565
4
1
2
4
11
1
2
108
3
12
1
804
5
4
1
1
3
1
9
2
1
4
6
1
253
6
1
8
16
2
6
61
1
82
3
1
12
567
147
427
820
57
1
1
4
2
20
6
1
1
23
2
1
1
1
1
1
1
2
2
1
1
1
6
3
1
2
8
1283
5
1
1
1
6
1
1
1
2
1
9
1
2
4
9
784
4
1
5
1
12
258
1
1
1
10
5
2
5
1
4
3
5
2
1
6
1
25
2
2
19
2
1
417
51
1
39
839
54
1
5
1
6
1
1471
1688
1320
6
1
16
281
162
15
87
2
3
1
21
2127
2
3
6
1
2
16
3
3
1
2
1
1
420
1
1
3
2
609
4
3
12
5
1
1
25
1
1
1
2
6
1
1
1
1
1
2
1
1
1
1
3
7
1
36
1
30
5
1
5
77
7
1
2
1
1
4
1
3
9
1
3
7
2
1
2
3
4
139
21
7
398
845
39
1
1
8
1
1
1
1
2
16
1
2759
1
33
943
2
1
1
121
195
122
8
23
2
1
1
2
1
1
433
91
60
2
2
333
1
4
12
4
1
85
111
1
1
6
4
1
1
2
1
4
115
2
3
2
1
1
2
1
7
1
1
1
7
1
2
40
13
8
4
4
1
2
1
1
8
1
157
1
1
4
1
543
2
1
2
1
1
1
2
1
1
1
9
1
425
29
5
6
1
8
140
40
1
406
3
1
4
11
32
1
247
28
1
1
1
6
1
1
6
4
1
1
14
2
1
1
1
1
1
1
1
1
1
1
1
1
1
1
1
3
1
2
1
2
1
2
1
15
1
1
1
1
12
2
1
1
3
2
3
1
2
1
2
2
1
1
1
1
1
2
1
1
2
2
2
1
4
1
1
1
1
1
1
2
1
1
2
2
1
35
1
14
1
1
2
2
1
1
1
1
1
1
1
4
4
1
1
1
1
1
2
1
1
1
32
1
1
1
1
1
1
9
1
1
1
2
18
2
1
1
1
1
3
1
1
1
1
1
1
1
1
1
29
126
62
1329
54
2
37
23
239
642
26
2
84
376
14
5
1
289
1
1
1
1
1
1
1
2
1
1
1
2
2
3
328
4
1
1
1
1
1
3
1
1
1
1
1
1
1
15
3
1
1
2
3
14
5
75
3
1
20
233
1
4
4
2
1
2
8
1
1
1
5
1
10
1
3033
2
1
91
1
1
1
1
35
22
23
1
2
8
3
1
231
3
1
1
7
2
1
7
2
1
10
1
1
1
250
50
1
1
1
1
1
3
2
13
4
5
91
25
11
1
1
39
12
5
1
8
17
1
2
4
3
1
1
32
1
1
1
320
6
115
6
42
1158
1
3
5
2
1
1
1
1
1
2
1
6
6
3
1
1
1
1
1
1
1
5
3
1
2
1
2
2
2
1
6
1
1
1
1
1
24
2
1
1
1
1
168
2
1
6
1
1
1
1
12
8
3
2
1
1
1
2
1
1
1
1
1
1
1
2
1268
1
1
3
7
1
16
2
1
1
1
1
2
2
3
1
1
3
1
1
3
1
2
2
1
3
2
1
1
42
6
2
1
1
1
16
1
1
1
1
3
2
1
1
2
23
1
10
1
3
1
1
1
6
4
4
3
1
61
1
7
1
3
4
1
1
7
13
17
11
4
18
1
2
1
1
1
3
1
9
1
1
1
1
2
10
11
3
1
1
2
1
1
2
1
1
3
2
1
2
1
1
1
7
3
1
1
2
10
1
3
4
3
1
1
1
57
1
1
1
1
1
1
1
1
1
4
1
8
2
1
2
1
1
2
124
5
1
5
1
2
1
1
2
1
1
1
2
1
2
3
1
1
2
1
2
1
4
1
51
2
1
240
1
1
1
587
1
1
1
1
1
1
1
219
2
1
2
6
1
1
4
3
2
1
1
1
4
1
1
2
15
1
1
5
1
1
1
242
415
1
1
4
1
38
1
2
1
2
1
1
203
199
202
166
48
1
7
21
10
21
183
1
1
1
72
227
5
412
103
111
1
1
1
3
1
1
1
1
9
1
1
2
1
1
1
1
2
2
1
3
5
1
2
1
1
2
319
33
44
359
16
381
47
2
1
3
2
1
1
1
1
2
3
1
1
1
1
3
2
1
2
1
1
1
4
1
1
1
97
2
2
101
97
2
2
3
1
1
1
1
1
6
2
75
1
51
1
2
1
2
1
1
1
1
1
1
1
2
3
1
3
3
1
1
2
1
1
1
1
31
2
1
1
6
354
2
5
2
1
13
3
2
1
3
2
2
4
1
1
1
1
2
1
1
2
4
1
1
3
6
1
12
5
3
1
1
1
1
6
3
1
3
1
1
1
1
1
11
2
2
144
114
64
1
1
1
1
2
1
1
4
1
10
1
1
10
33
2
1
37
1
2
3
1
1
11
2
1
1
92
234
4
866
111
1
1
36
5
1
1
4
4
1
37
15
6
1
1
10
1
1
1
2
2
1
2
2
3
12
2
1
10
1
1
106
7
1
3
1
1
3
1
1
1
1
1
1
40
3
1
1
3
1
1
4
2
1
1
4
1
3
1
1
1
1
2
1
3
1
3
1
1
1
3
1
1
1
1
1
1
1
6
1
1
1
1
1
1
1
2
4
1
3
1
1
2
1
3
1
26
47
2
19
2
4
1
1
4
5
3
3
1
1
1
1
2
1
1
1
1
1
1
1
1
1
1
24
9
4
1
2
1
1
1
1
2739
1
1
1
1
2
1369
3
1
2
1
3
1
2
1
1
2
1
6
5
3
1
15
1
1
1
2
1
1
1
2
1
3
1
2
1
3
1
1
3
1
3
4
2
1
9
2
298
4
2
7
247
235
59
249
18
1
1
1
1
13
2
4
4
3
1
1
2
1
890
2
1
1
1
1
1
1
1
1
10
1
1
1
5
1
1
3
1
1
1
20
7
1
2
1
2
1
1
1
1
1
1
2
17
1
8
5
1
10
11
7
101
36
376
1017
1
1
1
1
1
1
6
2
1
1
2
1
2
3
1
1
7
1
313
33
44
2
1
2
1
2
1
9
24
3
1
1
1
72
1
3
2
15
1
1
41
6
2
1
1
1
1
2
1
1
2
175
1
584
1
1
2
1
1
3
1
1
3
3
1
3
1
4
1
1
1
4
1
3
1
1
1
1
2
1
4
1743
4
2
1
1
2
179
9
1
1
1
13
3
2
1
1
1
1
1
1
1
1
1
2
1
1
1
1
1
3
1
1
1
57
28
1
1
1
1
1
1
1
3
1
1
1
1
1
3
1
2
1
1
113
1
1
3
2
1
2
1
2
21
47
1
4
3
150
4
1
1
1
1
13
2
1
1
1
1
1
1
3
1
1
1
1
13
1
3
2
4
1
1
1
1
2
1420
4
1
3
1
1
30
6
38
2
1
9
10
3
5
1
1
1
1
1
1
1
1
5
1
1
1
1
3
13
4
1
1
1
1
1
2
1
2
6
4
1
1
1
1
1
2
1
1
1
1
6
1
1
2
2
3
1
2
2
4
1
1
2
1
1
1
8
23
1
51
1
1
23
51
1
1
3
2
2
1
2
3
1
3
1
1
1
121
1
1022
1
1
2
5
1
27
6
1
2
1
6
14
47
3
100
13
1
1
77
66
2924
4
1
8
5
1
5
71
18
235
45
2
753
1
1
1
10
1
3
1
1
1
8
5
1
1
1
1
270
35
100
3
1
1
1
1
1
1
79
3
1
14
1
1
1
393
1
1
1
3
2
1
1
1
2
1
2
1
1
1
5
1
1
245
8
2
1
2
2
1
1
39
479
1
2
1
1
3
3
3
3
2
1
3
3
1
2
2
1
1
1
1
2
1
2
6
1
1
2
1
2
14
4
5
1
5
2
4
1
1
1
1
1
4
1
7
4
1
1
1
1
5
3
1
1
1
1
5
1
2
1
1
1
1
1
1
1
8
27
1
50
159
387
3
4
1
1
1
1
57
192
1
33
1
1
6
3
1
1
6
15
1
2
3
1
2
1
1
1
2
1
1
60
2
628
21
3
15
1
1
1
1
1
1
1
1
1
1
1
1
1
77
19
62
2
112
3
1
5
2
1
1
2
2
1
1
1
1
1521
1
1
1
13
14
1
3
4
1
1
1
1
1
1
1
4
1
1
1
1
1
1
150
30
78
1
1
1
7
2
16
2
7
1
4
1
1
1
1
11
94
3
1
1
1
1
1
14
1
1
1
2
1
1
9
1
1
118
1
1
1
1
1
5
7
1
2
2
1
1
1
5
1
1
4
1
1
157
2
7
2
4
5
6
10
1
1
1
1
3
1
1
1
41
1
1
3
4
84
1
4
8
290
1
4
1
1
1
1
1
1
1
4
1
1
2
1
3
1
1
2
1
1
1
1
1
1
2
1
3
1
1
1
1
1
23
1
1
3
2
1
1
1
1
1
1
6
39
2
1
1
1
1
1
1
3
117
30
4
1
1
5
3
1
1
1
1
1
2
14
1
1
1
7
1
11
8
1
2
6
3
3
78
3
1
4
1
1
1
1
9
1
2
2
1
1
1
4
1
8
1
2
1
1
6
2
1
1
1
1
13
1
8
4
7
3
1
1
9
5
1
1
3
3
2
7
1
35
1
5
1
2
4
2
1
75
2
1
1
1
5
5
1
1
1
2
1
3
1
1
1
1
1
2
1
1
4
1
1
1
1
179
47
7
12
33
22
17
5
588
1
634
7
19
168
11
1
1
2
2
5
1
1
1
2
1
1
1
8
1
1
1
1
1
1
1
4
10
1
1
45
1702
1
3
1
5
1
2
1
2
2
1
38
266
4
1
1
3
58
72
3
13
1
1
1
7
2
1
76
2
4
4
17
33
1
2
1
1
1
1
1
2
7
1
1
1
1
4
1
3
2
3
8
1
1
1
4
7
1
1
1
1
2
4
1
1
1
1
23
1
5
7
1
1
2
1
1
1
1
14
14
5
1
2
1
1
2
1
1
1
1
4
7
1
1
1
5
1
1
77
17
1
2
3
1
1
7
4
1
13
5
1
1
1
13
1
1
1
1
1
2
3
1
1
249
5
6
1
1
5
1
1
371
91
55
2
2
1
1
1
1
1
1
2
1
1
1
1
1
1
1
1
1
1
2
1
1
2
2
1
10
1
1
1
23
2
1
1
1
1
1
1
1
3
2
548
1
7
1
10
1
1
4
1
1
1
2
1
2
1
1
6
1
42
5
1
1
5
1
6
2
42
2
25
3
1
2
1
1
1
5
1
1
2
1
3
2
1
5
1
2
2
1
10
1
3
1
1
1
22
1
1
2
1
1
3
4
4
2
2
1
1
1
1
1
1
1
1
40
4
1
1
1
13
1
3
2
1
20
16
1
1
2
25
20
20
232
7
290
923
167
777
1486
1
1
1
1
2
1
22
2
11
1
1
1
1
1
1
1
1
1
3
2
2
3
1
1
1
1
1
1
1
1
1
245
25
6
1
16
1
4
57
1
1
3
2
1
1
55
1
1
1
1
2
1
1
1
26
17
2
1
1
3
1
2
2
1
1
1
7
1
3
15
249
3
1
1
1
4
1
1
6
1
1
1
1
1
1
1
1
2
3
4
3
6
21
144
1
1
1
2
2
9
3
1
1
1
5
2
1
1
2
1
12
5
4
9
3
1
2
1
6
2
1
1
1
1
1
162
32
1
1326
9
1
222
2
4
39
2
1
1
5
1
1
1
2
2
1
1
1
1
1
1
75
1
1
1
133
1
1
1
1
3
3
13
2
2
1
7
2
1
34
22
1
1
12
1
1
1060
1
2
14
1
1
2
1
1
1
1
1
1
1
2
4
1
15
3
11
20
1
924
1
1
1
1
3304
1
1
1
2
1
1
1
1
1
1
1
26
1
39
1
1
13
5
1
1
1
9
4
1
3
1
1
2
1
14
1
1
1
1
1
1
10
1
1
2
1
1
1
5
1
1
1
2
4
4
1
1
17
33
1
3
2
31
1
1
3
1
1
1
3
1
1
2
1
1
1
1
1
9
1
1
2
1
2
1
3
3
13
1
1
6
1
1
1
1
1
1
1
1
2
1
1
1
2
703
1
1
1
4
1
1
151
1
1
1
2
1
1
16
1
1
1
19
56
2
2
1
1
41
2
1144
1
1
1
2
1
38
1
1
18
1
104
1
3
7
1
3
1
2
2
1
50
3
3
1
1
1
1
2
1
1
9
1
2
1
2
1
1
1
1
1
1
3
11
1
1
2
331
2
88
1
1
2
2
1
8
1
1
1129
1
120
1
1
4
1
2
1
2
3
1
1
3
1
5
5
3
1
1
1
1
1
22
3
2
2
7
74
1
1
1
5
1
1
1
10
24
873
3
1
1
1
10
1
8
30
2
1
1
1
1
2
3
1
34
7
79
1545
8
2
43
9
41
22
50
42
1
81
11
11
14
764
173
6
1
1
1
4
1
4
7
22
46
2
1
17
1
1
9
1
1
1
48
1
1
4
1
1
1
1
1
1
3
1
3
1
1
32
1
1
6
1
1
1
1
1
6
1
1
1
10
250
4
1
1
4
4
2
3
1
1
1
8
223
99
2
2
2
14
1
12
29
1
3
14
1
1
2
89
1
1
1
1
1
1
1
2
2
2
7
1
1
1
2
2
1
1
2
2
6
1
2
13
3
1
8
1
1
1
2
2
11
1
1
8
1
28
1
30
6
1
1
136
2
1
1
4
1
1
1
1
1
1
2
3
9
2
1
1
3
1
1
2
3
3
1
1
33
1
2
611
7
1
1
25
2
2
5
3
17
1
18
1
1
1
21
2
2
1
1
2
5
1
1
1
1
1
1
3
2
1350
8
1
1
2
1
1
1
1
1
1
15
2
1
3
1
1
1
1
12
4
1
2
4
1
2
2
4
1
1
1
1
1
4
2
2
3
1
1
9
2482
540
1
1
1
1
3
1
10
18
1
14
2
1
1
2
1
1
1
1
1
1
1
1
1
4
1
1
1
13
535
1
2
1
1
1
1
1
1
2
1
1
1
1
3
42
33
62
72
25
3
1
1
1
1
50
1
1
1
1
1
2
3
1
4
7
27
1
8
1
1
1
1
1
1
1
22
1
1
104
4
1
508
1
2
1
2
30
2
1
3
2
1
2
1
1
4
1
1
2
12
10
3
21
1
3
9
2
2
1
1
1
1
1
5
1
18
2
1
1
1
1
1
1
1
1
11
1
1
1
1
1
2
3
2
1
1
5
2
1
2
1
1
1
202
6
14
1
20
1
1
1
2
2
70
2
2
4
2
1
1
1
1
1
1
1
1
8
1
1
1
37
10
55
7
1
4
1
1
1
1
1
1
1
1
2
4
1
1
1
1
2
1
389
2
1
16
1
1
1
1
2
1
3
8
6
2
1
6
2
17
1
4
2
1
1
2
1
1
1
1
1
4
2
1
1
1
2
1
11
86
1
1
2
2
17
47
1
1
1
13
3
1
1
1
23
15
11
1
1
1
194
1
1
3
10
1
1
2
1
1
1
1
14
5
1
2
1
1
3
5
1
1
3
5
4
1
1
1
1
1
10
2
4
1
1
1
12
7
1
12
1
1
4
1
2
1
3
4
139
3
1
1
1
2472
3
2
1
1
31
4
5
2
1
3
17
1
3
1
2
1
1
3
2
34
12
170
40
1
1
2
1
1
1
1
1
1
1
1
1
1
2
1
1
1
1
1
2
2
7
1
1
2
3
1
1
1
1
1
1
1
1
3
1
1
1
2
1
1
7
1
1
29
1
1
1
21
5
5
27
2
464
2
242
371
732
42
1
5
61
97
22
52
140
1
1
2
56
328
6
21
159
2
1
1
3
18
4
2
1
5
2
11
1
10
41
3
1
178
7
50
145
1
100
75
54
62
196
26
1127
208
29
134
40
48
1349
1
2
1
1
2
5
5
1
1
1
11
25
4
62
5
39
42
1
3
35
23
25
282
131
141
1
2
3
4
2
1
9
5
4
1
1
3
2
1
39
4
1
3
1
2
23
1
27
1
1
2
1
2
1
7
3
6
1
1
2
2
1
12
3
1
1
1
1
2
1
2
1
1
2
1
9
1
2
1
1
3
1
1
4
1
1
1
1
1
2
4
2
2
1
1
1
1
26
1
1
163
158
1
746
1
1
32
3
1
1
2
1
273
1
1
1
1
1
1
1
2
1
1
1
1
1
2
2
5
24
1
1
30
1981
7
1
3
1
6
1
1
1
6
1
1
9
3
1
1
1
1003
1
7
4
2
1
5
1
1
1
11
1
1
1
1
2
2
1
1
1
3
1
1
1
3
2
1
1
2
2
1
1
1
3
1
2
1
2
1
148
1
1
2
1579
1
2
1
1
2
3
4
1
11
15
8
1
1
29
1
1
1
2
2
1
2
1
1
4
1
2
6
2
11
1
2
34
1
1
7
1
1
6
1
16
4
1
5
3
1
2
1
2
1
1
1
6
1
1
1
2
1
11
1
1
1
2
3
27
2
1
1
1
1
1
1
1
1
1
8
18
1
8
1
1
2
3
2
1
3
10
7
15
4
11
1
28
4
7
4
1
3
3
6
15
5
1
8
1
1
6
1
5
13
1
2
1
1
2
1
28
5
1
7
1
1
13
1
54
7
1
1
1
5
1
14
5
3
3
2
1
2
4
30
64
34
56
28
3
7
1
348
4
1
1
21
15
2
1
1
2
1
1
1
2
1
1
1
1
1
1
34
12
1
1
97
1
1
1
13
2
1
1
1
1
4
1
2
1
2
1
1
3
3
12
2
345
1
2
1100
14
27
12
102
5
1
1
3
22
1
1
6
74
29
6
154
153
7
76
74
239
3
1
7
3
1
1
1
1
3
4
19
4
51
24
1
1
1
20
482
4
1
10
3
2
5
2
2
17
2
6
1
33
1
1
1
3
2
8
2
1
1
12
80
27
1
1
188
5
1
4
1
1
2
1
3
1
1
1
164
2
59
1
1
2
1
1
1
1
10
1
2
2
2
1
1
1
1
1
1
2
3
1
2
1
1
263
124
1451
2
5
1
2
1
1
8
225
8
10
153
14
149
95
1
2
1
2
1
2
1
1
1
1
4
4
1
7
1
1
1
1
1
1
1
1
2
2
1
1
1
1
2
1
2
1
1
1
2
2
1
1
1
4
1
1
2
1
1
1
2
2
2
1
1
3
1
1
1
1
1
4
1
1
2
2
1
1
1
1
2
1
6
1
1
1
1
5
1
2
4
1
2
6
1
1
1
2
1
1
35
74
4
23
13
1
24
8
83
12
5
135
12
1
15
59
62
36
1
48
166
2
2
1
2
1
1
1
3
2
4
1
1
1
1
1
1
1
1
77
1
2
17
112
2
3
1
1
13
2
4
2
2
1
1
1
3
1
1
2
1
1
1
1
2
1
2
1
1
2
1
1
1
1
1
1
85
28
3
699
1
1
1
1
2
3
2
2
1
1
1
1
1
10
1
1
2
1
3
1
2
1
1
1
1
1
9
1
1
1
1
1
1
1
1
1
5
1
1
2
1627
2
1
1
1
1
1
3
158
2
3
351
39
6
8
3
2562
1
8
2
1
1
1
1
3
1
1
1
1
1
2
35
1
1
1
1360
1
2
30
3
2
1
4
2
1
3
1
27
1
1
1
1
1
1
1
1
1
1
1
1
1
1
2
1
1
2
1
1
1
14
1
1
8
1
1
2
1
1
2
2
1
1
1
1
291
1
1
1
4
1
1
1
3
1
1
1
1
3
1
1
1
1
1
1
1
1
1
1
1
1
1
1
1
1
1
1
1
3
1
1
5
3
1
1
1
2
1
1
1
1
2
29
1
3
1
2
1
1
2
1
1
1
2
1
1
1
1
1
1
1
11
1
1
2
1
1
1
1
6
12
1
2
1
1
23
1
1
2
1
2
3
1
2
17
2
68
24
321
125
8
22
103
247
66
35
1828
1
1
1
1
33
7
2
1
5
1
1
1
1
1
2
1
1
1
1
1
2
1
494
78
119
160
4
3
1
5
3
1
6
61
1
1389
1
2
1
1
1
1
1
1
4
1
1
8
1
1
1
1
1
1
1
3
1
1
1
1
2
1
1
2
1
2
1
1
1
1
1
1
11
1
10
2
1
1
4
1
1
1
1
1
1
1
1
2
1
5
1
1
1
1
1
3
1
2
2
30
1
1
1
1
1
1
6
1
1
3
2
1
2
1
2
1
1
1
3
1
1
1
1
1
1
2
2
1
1
1
1
1
3
1
4
1
1
1
2
2
1
1
2
1
1
5
1
1
1
1
1
4
1
1
1
2
1
1
93
46
11
1
1
2
1
3
1
2
1
1
3
1
1
1
2
2
15
1
1
6
18
1
8
2
3
14
14
2
1
3
3
1
47
31
32
1
9
2
1
3
1
1
1
2
1
1
1
51
2
1
9
1
1
2
2
1
2
1
8
1
5
1
6
281
5
1
180
2
1
2
2
3
2
1
1
26
1
105
8
10
2
1
1
1
3
1
1
3
1
33
1
1
1
3
3
1
1
1
1
1
1
1
1
2
1
1
1
1
7
4
26
94
1
1
1
1
7
2
1
22
1
1
1
13
1
4
1
1
67
2
2
1
2
1
1
1
2
24
177
52
109
4
105
7
1
1
1
1
2
1
1
7
29
24
21
800
1
1
1
2
6
3
55
601
54
65
14
188
5
7
19
245
32
126
1
3
1
1
1
1
2
4
1
1
1
1
3
11
4
1
1
2
1
1
1
2
1
5
1
1
2
1
1
2
1
2
1
3
2
13
1
2
1
2
20
2
1
1
2
1
1
1
1
2
44
4
1
8
3
1
5
1
6
18
1
1
4
4
30
1
1
1
2
1
1
3
39
2
1
4
47
99
2
30
1
9
3
1
1
5
12
1
4
2
10
3
1
2
2
1
10
1
34
5
3
1
6
1
1
3
2
2
5
27
2
3
2
249
1
2
1
4
4
1
1
1
30
3
1
1
1
1
3
2
38
1
1
1
1
1
1
1
1
1
1
1
2
14
1
1
43
2
1
1
2
5
1
1
3
2
1
1
1
3
3
1
1
6
5
1
2
3
2
1
1
1
1
1
2
1
1
1
1
1
2
1
1
1
2
1
5
1
1
3
2
6
1
1
1
2
1
2
3
1
1
1
1
2
2
1
1
2
1
5
45
15
1
7
1
28
2
1
1
1
7
1
1
4
1
1
1
1
1
2
18
7
1
341
1
1
1
1
1
1
5
9
4
2
1
5
1
2
1
1
1
1
1
1
1
1
1
1
112
1
67
1
81
1
1
1
2
3
177
1
9
7
1
1
2
3
2
1
40
1
10
1
3
1
5
1
1
1
1
2
4
49
1
1
1
3
1
8
9
8
1
1
6
1
2
2
1
1
1
9
1
3
1
1
1
20
2
10
4
1
3
1
1
1
1
1
2
1
2
1
1
1
1
10
2
22
6
3
15
3
1
1
4
4
1
1
1
2
1
1
6
26
1
1
2
1
3
3
1
18
18
11
1
1
1
3
2
21
2
1
2
3
9
35
19
702
1
1
1
299
4
5
2328
1
3
2
3
1
27
4
1
1
2
1
1
1
4
1
2
11
2
1
7
2
4
1
6
1
11
1
23
3
1
1
3
3
7
1
1
25
23
1
5
3
1
1
1
2
1
2
2
1
3
124
1
4
1
1
3
1
5
1
7
2
2
1
1
1
1
1
19
1
2
2
9
5
7
1
1
1
2
1
9
1
1
2
4
2
1
2
1
1
1
1
3
7
1
1
1
1
1
1
6
1
1
2
1
4
1
5
1
1
1
34
1
49
6
3
1
1
6
4
1
3
28
6
1
1
1
1
1
2
389
2
1
23
1
1
1
1
4
1
1
1
1
1
1
1
1
1
1
1
1
1
1
3
1
1
4
2
2
1
1
1
49
1
118
14
2140
1
1
2
5
5
5
19
1
4
6
8
2
1
458
2
1
2
1
2
1
2
1
1
3
3
23
6
3
7
1
1
1
1
14
1
2
1
1
5
1
1
1
1
2
18
1
2
1
1
4
2
1
1
23
1
1
2
13
1
7
2
1
2
4
4
1
1
2
1
1
1
2
1
3
1
1
1
2
4
1
6
1
1
1
2
2
7
1
1
1
1
1
3
1
3
1
1
2
2
1
6
1
1
12
55
1
1
9
7
1
1
1
1
1
1
4
1
2
1
1
1
1
6
1
1
2
1
1
1
1
2
1
1
1
1
7
143
26
1
1
2
1
1
1
3
1
2
3
1
1
1
1
1
1
4
3
8
1
1
1
1
1
1
1
3
1
2
1
29
1
1
1
2
2
1
1
1
1
4
3
2
1
1
2
1
2
1
1
1
1
1
2
2
1
2
1
1
4
1
3
2
1
1
1
1
1
1
1
1
2
2
1
2
1
15
8
1
1
9
4
1
45
1
1
1
3
1
6
1
1
2
1
2
1
1
3
1
1
2
1
2
3
1
2
1
1
1
1
1
3
1
1
1
4
2
1
1
55
4
2
1
1
3
1
1
1
2
1
1
2
1
2
12
4
4
1
1
1
1
1
1
2
1
1
2
1
1
3
2
1
2
1
1
2
2
6
17
17
2
2
1
1
1
7
5
31
1
1
1
3
1
2
17
2
1
1
1
1
3
2
8
1
1
1
1
8
9
4
1
1
1
27
1
1
14
1
1
4
16
8
5
1
1
3
5
18
2
1
1
3
2
1
2
11
1
24
1
3
12
7
6
2
1
1
1
1
2
3
1
3
4
3
1
46
103
1
1
1
1
1
69
1
1
2
1
1
1
2
1
3208
1
1
14
1
7
1
4
1
1
1
75
13
1
3
1
1
1
2
2
1
11
1
1
4
1
1
1
1
1
8
1
3
1
1
2
1
4
1
1
19
4
2
37
1
4
5
6
1
1
5
7
1
1
1
1
1
2
1
4
1
263
4
1
1
1
2
1
6
1
12
2
1
1
1
1
1
2
2
3
4
7
3
5
1
2
4
2
9
2
4
1
6
4
2
9
1
7
3
5
67
49
4
4
26
3
3
5
1
1
50
1
16
1
81
9
17
1
2
16
1
1
1
1
1
1
1
3
1
1
3
3
2
15
1
1
1
1
1
1
2
1
1
1
1
4
1
9
99
5
6
5
1
1
1
3
1
3
4
1
1
7
22
1
1
1
2
4
2
1
2
1
1
1
1
1
1
2
1
1
1
1
1
6
1
1
1
1
4
1
1
1
1
1
7
14
492
1831
264
1
1
3
1
2
1
1
2
1
1
1
2
1
1
2
1
1
1
2
1
1
1
1
1
1
23
285
7
29
1
2
3
1
1
1
1
1
1
1
1
1
1
6
1
9
1
193
4
1
1
1
1
27
1
2
5
2
38
1
1
6
2
1
1
5
1
2
1
10
1
1
1
1
1
1
1
2
1
1
2
7
2
2
1
2
10
1
2
1
370
1
1
3
11
2
1
1
2
1
1
2
1
1
6
1
1
19
1
1
3
1
12
15
1
1
1
4
1
1
2
9
3
1394
1
1
12
4
1
8
69
281
1
1
1
1
3
1
1
8
2
1
11
1
2
1
1
1
1
3
3
8
6
18
1
1
2
5
1
3
5
15
1
5
2
1
3
10
2
2
1
3
3
1
3
4
5
1
1
1
1
1
1
10
1
2
1
2
1
7
2
1
7
10
17
1
2
6
5
3
1
1
1
2
3
2
6
1
1
17
7
1
1
2
1
1
1
1
2
1
1
1
3
23
1
1
42
2
2
1
1
2
1
1
4
1
1
1
1
3
10
4
3
12
2
6
1
1
12
1
3
1
1
11
2
10
1
1
7
1
2
10
5
3
1
1
3
2
2
1
8
10
1
1
4
1
1
2
3
2
1
1
2
2
1
3
1
1
137
35
1
2
5
8
12
1
1
31
1
1
2
1
1
1
1
1
5
1
1
1
9
1
1
2
1
1
8
167
1
1
1
8
1
12
1
1
1
30
4
4
3
3
1
1
1
1
40
142
302
44
2
12
4
116
10
1
20
19
1
5
1
2
1
2
1
1
1
1
1
2
3
5
19
2
1
1
6
4
1
3
98
21
1
1
2
11
1
2
1
1
1
1
1
14
4
3
4
4
2
2
2
1
2
3
1
1
3
1
2
8
1
2
6
4
1
1
3
2
2
2
16
12
1
1
1
5
16
2
49
1
1
2
1
3
6
1
1
1
1
3
8
3
1
1
4
1
6
1
1
1
32
1
1
1
4
1
1
18
3
3
1
34
2
27
3
13
2
1
1
2
3
3
1
2
4
2
1
91
1
1
2
1
1
1
1
1
1
7
14
3
1
1
4
1
1
48
1
1
1
3
5
9
1
1
2
1
1
5
1
1
1
1
1
1
1
1
189
1
38
1
3
1
11
2
1
1
3
1
1
1
2
1
1
3
1
1
1006
1
33
15
7
3
1
1
3
5
1
2
4
1
14
2
2
1
1
3
2
2
1
1
49
1
3
2
1
3
1
1
78
1
1
2
1
2
17
2
2
3
1
1
1
2
2
2
1
2
2
1
1
64
1
26
1
1
1
14
1
1
1
1
1
1
1
11
1
4
1
1
12
1
1
1
3
6
1
2
2
1
31
1
10
1
1
13
1
22
1
9
1
1
3
7
1
1
23
1
1
1
14
1
11
3
8
31
1
1
9
2
653
4
20
19
18
9
7
26
4
8
59
3
3
1
1
1
23
3
2
1
1
4
2
1
1
1
1
2
37
1
3
1
1
1
2
1
10
3
13
1
18
1
1
1
1
1
1
1
2
1
1
1
2
1
2
1
3
2
1
1
1
2
2
1
5
2
4
17
5
6
1
1
3
1
1
1
1
1
1
1
18
4
1
1
5
1
1
3
1
1
1
1
16
1
1
6
3
27
2
2
2
1
1
1
1
3
1
2
2
1
1
1
2
2
1
1
4
1
8
3
1
1
4
12
22
3
1
2
1
2
1
1
1
5
1
2
4
1
3
14
15
1
1
1
12
13
4
1
5
7
1
1
152
67
428
4
45
2
9
1
1
5
1
7
3
1
3
2
36
1
1
2
3
1
2
5
3
8
2
3
2
1
1
1
2
2
1
1
1
1
2
1
1
1
28
2
1
2
3
1
1
1
2
3
8
2
1
3
1
2
1
1
1
5
1
11
2
509
1
4
2
3
1
1
2
1
4
1
1
1
1
2
1
9
1
1
1
1
1
1
5
1
7
1
3
1
1
2
1
2
1
1
6
1
1
1
9
4
7
1
1
1
2
8
1
1
3
2
18
44
11
25
10
1
12
1
1
2
1
1
1
7
11
34
60
232
1
1
11
29
1
1
2
2
1
15
1
1
1
11
33
4
1941
1
1
3014
563
2371
2
1
2
2
1
1
682
1
1
1
2
16
1
6
1
1
1
4
5
693
182
1
1
1
1
1
1
2
1
1
1
15
3
2
5
9
3
1
1
20
1
4
17
18
3444
27
1
1
1
4
1
1
7
4
1
2
12
99
44
2
1
1
2
1
1
1
1
1
6
1
2
1
1
3
2
1
1
1
1
1
23
65
25
1
3
1
1
1
1
4
1
1
1
3
5
1
125
1
1
5
5
6
1
6
1
1
1
2
1
1
1
1
3
2
2
40
23
1
1
4
1
1
1
1
1
1
1
1
1
3
2
1
1
4
1
1
3
1
10
1
1
1
2
1
2
1
3
1
14
2
21
4
1
1
1
1
1
1
3
4
1
16
4
1
1
1
3
5
3
1
1
1
1
2
8
5
4
1
1
1
1
1
14
1
1
27
1
1
1
3
1
1
1
1
7
1
1
4
7
2
1
1
4
1
1
1
1
1
1
3
1
6
3
6
1
1
3
7
1
2
1
3
2
3
2
1
9
54
1
1
5
1
1
3
4
5
1
1
2
1
10
1
1
5
14
1
1
1
1
1
1
1
1
1
1
1
30
2
13
1
1
4
1
2
2
1
1
1
1
1
1
1
2
1
11
1
1
1
1
11
4
1
1
10
1
1
2
3
2
1
7
1
3
1
2
1
1
1
16
2
1
1
33
179
1
1
1
7
1
1
3
1
1
1
4
1
4
1
1
9
1
1
1
1
1
1
2
6
1
3
1
8
1
2
15
1
1
27
3
9
1
2
1
1
2
7
1
1
1
1
21
7
1
1
14
1
1
1
2
1
1
1
1
2
2
3
1
1
14
13
2
1
6
2
1
1
22
22
1
3
1
1
1
1
1
2
1
1
7
1
1
5
1
4
13
7
1
1
1
1
1
13
11
3
6
1
1
1
2
1
1
4
11
1
1
327
10
1
1
2
2
2
2
1
1
3
5
10
1
1
2
2
5
1
1
1
6
1
3
4
1
15
2
1
1
1
1
1
22
257
428
1
3
6
1
2
1
1
1
1
3
1
1
4
1
1
2
1
1
1
1
1
1
14
1
1
2
1
1
1
5
2
1
6
1
1
1
2
1
1
2
3
3
1
1
71
1
1
3
3
2
1
1
2
1
2
21
2
1
1
1
2
1
25
1
1
1
1
1
1
14
1
1
2
1
1
1
4
1
4
1
1
1
6
3
14
1
3
5
1
2660
