10
32
13
20
2
1
1
20
59
1
3
53
1
8
3
1
3
1
5
2
2
8
1
1
1
6
6
3
19
6
4
1
27
4
2
2
8
59
13
2
1
10
2
14
3
19
3
52
11
3
3
1
1
1
3
1
4
5
2
1
2
25
10
3
25
11
6
4
18
139
2
11
1
5
3
3
5
22
57
16
6
4
67
34
9
2
2
6
8
1
1
2
2
2
22
2
2
3
11
1
1
11
2
16
12
3
4
4
1
8
1
1
3
2
1
9
1
5
1
9
8
2
4
139
3
7
6
23
3
3
11
2
2
15
12
1
1
7
2
21
10
2
33
4
1
1
17
4
1
8
4
1
3
1
1
4
26
4
1
48
16
4
13
2
4
5
1
7
2
2
1
76
3
14
5
7
8
1
13
9
3
1
5
1
2
3
3
1
10
8
69
10
1
3
36
4
41
49
3
5
3
3
2
4
9
7
1
3
3
1
1
8
65
1
7
8
32
9
1
4
1
7
2
11
15
7
3
65
2
4
10
2
4
1
10
1
6
14
1
1
6
39
10
3
24
18
20
1
3
15
4
25
9
22
9
59
19
1
37
2
1
23
2
15
3
2
6
1
2
1
1
1
8
3
26
29
5
1
6
11
18
1
3
48
25
13
1
22
1
2
28
63
1
1
2
44
4
2
1
5
1
1
1
1
15
2
19
5
11
5
18
12
9
2
3
2
2
6
1
1
1
3
39
8
2
3
16
27
45
1
11
15
3
1
1
5
2
22
2
2
4
14
9
2
1
11
1
35
13
3
12
27
15
1
52
1
2
6
23
2
6
27
9
8
3
8
7
60
11
1
3
36
10
3
26
19
1
4
10
2
9
1
2
9
1
2
5
9
7
20
2
18
7
8
4
2
1
44
16
2
3
11
26
3
1
16
60
1
5
24
1
1
32
2
1
27
5
2
4
2
62
6
7
4
3
1
1
7
3
2
4
15
4
1
1
3
2
2
2
7
1
39
8
1
1
1
1
1
1
1
23
14
10
4
1
4
17
1
32
14
2
6
14
13
1
39
1
5
3
2
10
30
15
38
26
7
1
82
6
3
2
2
1
1
5
1
37
2
2
5
114
1
2
6
29
2
33
1
6
2
2
2
32
11
3
20
9
5
6
75
1
2
2
1
1
19
4
14
4
1
2
5
3
2
1
13
1
32
1
1
4
7
2
11
21
3
1
14
15
1
13
7
5
2
3
1
17
1
11
38
1
26
58
2
5
2
6
1
6
3
4
5
3
5
5
4
11
6
1
2
1
1
3
2
21
1
9
5
1
6
1
6
2
1
9
1
4
2
15
2
6
1
3
4
16
1
1
12
1
3
11
3
4
2
1
46
3
4
4
3
1
37
7
4
6
1
1
1
24
49
1
1
20
3
13
87
4
1
4
15
1
1
2
3
11
5
1
3
1
1
28
5
11
10
11
76
11
2
6
2
3
4
1
15
1
12
6
4
1
5
49
1
1
22
6
8
2
2
2
1
4
5
3
8
6
2
10
3
6
15
4
15
20
6
3
2
1
2
4
4
1
2
11
14
3
3
1
42
8
7
9
13
29
3
15
3
3
18
3
30
1
5
8
1
2
22
8
22
29
10
5
7
4
3
5
2
1
2
1
1
8
4
11
8
26
6
2
1
6
1
2
5
61
7
2
1
4
20
7
14
28
2
3
5
1
12
16
4
11
1
1
1
39
1
7
1
2
23
3
5
7
11
1
1
2
55
33
2
4
3
24
2
8
1
3
2
8
1
1
2
32
14
4
6
3
2
9
2
1
6
37
10
4
22
2
1
17
19
1
2
1
4
3
18
2
4
3
7
2
10
1
2
1
2
1
2
2
4
3
3
2
26
5
75
2
1
66
4
4
1
56
13
3
5
2
6
1
1
3
10
11
3
1
1
3
1
9
15
11
40
5
11
5
1
6
38
1
2
3
8
11
1
1
3
17
2
19
1
2
2
2
3
4
1
8
6
8
3
2
144
8
2
2
18
95
1
9
3
7
2
5
3
1
1
3
2
1
1
6
2
9
2
5
1
1
20
4
1
19
2
1
50
62
4
3
6
1
2
3
13
3
2
7
8
3
20
4
8
2
30
5
2
2
14
3
42
3
2
14
7
16
5
5
3
8
1
3
1
1
6
7
23
2
77
9
3
1
1
4
2
12
4
1
2
70
2
1
2
1
6
1
3
1
7
1
4
1
1
3
2
1
3
15
2
3
12
5
1
1
1
40
2
76
14
4
2
1
4
5
5
1
15
1
4
75
1
6
5
61
3
6
60
2
1
2
41
3
1
1
13
2
6
2
1
1
10
2
1
10
8
3
2
59
2
4
1
6
1
1
3
1
2
1
4
2
23
3
4
2
2
5
2
1
12
16
11
3
3
7
9
1
9
5
4
16
18
2
6
16
6
2
6
3
15
2
1
14
3
48
20
1
110
3
8
4
10
1
6
20
3
1
1
7
24
69
5
2
16
2
1
4
21
5
10
2
4
2
12
15
1
11
2
16
1
18
2
1
4
1
2
1
20
1
8
3
1
7
2
2
1
1
49
1
5
2
21
20
9
4
11
6
6
3
18
58
7
6
7
1
8
3
2
4
53
8
19
35
25
5
3
3
14
7
8
1
19
1
1
2
70
1
1
7
2
3
1
1
4
3
2
3
2
45
1
20
14
1
5
5
47
1
82
1
5
1
1
1
2
3
8
24
4
2
1
6
3
3
19
3
5
142
1
6
3
36
4
30
1
70
1
2
4
5
1
2
4
3
1
19
2
2
1
4
3
1
3
1
40
2
2
15
51
4
3
2
3
6
18
24
1
58
1
3
30
11
5
1
14
1
1
1
5
1
1
12
1
7
7
3
10
1
3
1
12
61
4
1
68
19
7
1
15
15
2
26
1
5
4
1
1
2
15
8
1
14
3
12
1
7
48
2
6
11
1
52
35
33
3
1
1
4
1
3
3
2
1
1
3
6
4
7
1
3
5
2
1
4
20
1
1
7
1
1
15
12
8
2
1
26
2
3
1
5
1
3
7
12
3
1
1
5
4
1
11
8
4
18
3
3
1
1
4
66
1
24
1
1
1
1
3
2
1
4
2
16
1
1
18
7
25
3
1
4
2
17
2
2
3
5
1
1
4
1
9
3
14
20
2
5
3
38
10
33
6
9
8
2
1
1
16
4
4
9
1
38
3
2
1
7
5
3
3
1
2
22
2
2
3
4
4
9
3
7
2
22
3
2
3
3
6
4
2
5
11
23
6
4
6
82
1
36
38
12
17
13
53
2
65
12
13
1
6
1
8
13
2
2
8
4
20
3
1
8
55
1
5
2
1
1
1
1
2
1
16
25
12
2
6
26
3
73
2
7
13
2
6
2
3
2
18
10
2
1
7
2
2
2
56
2
1
5
8
1
6
3
1
23
4
4
61
7
2
17
14
2
46
2
9
7
62
1
2
1
20
2
6
30
4
16
1
1
2
23
13
8
83
1
59
1
7
2
7
10
8
2
2
1
1
2
19
1
1
16
6
1
1
1
1
1
2
8
1
9
5
39
5
1
5
1
11
1
2
1
1
1
1
4
7
2
2
1
5
1
2
3
1
6
1
4
2
4
3
1
5
2
11
3
4
13
13
1
4
1
4
1
2
1
4
1
1
5
3
8
10
3
4
3
3
6
1
15
4
23
4
8
25
43
26
12
89
1
3
1
5
2
80
2
5
9
29
4
3
1
20
2
67
16
4
1
2
27
7
2
30
17
40
1
27
1
4
3
1
6
44
3
7
5
2
1
1
17
2
1
1
57
13
2
9
4
4
4
7
1
1
54
2
8
3
1
2
16
9
3
8
15
3
2
2
51
6
2
124
12
1
2
1
6
1
94
2
3
19
7
15
11
6
2
4
2
3
2
1
6
1
2
4
5
3
1
64
1
4
139
2
8
4
1
2
9
16
5
4
6
5
4
8
1
20
2
12
3
2
7
25
5
3
2
5
10
8
30
4
35
1
2
2
4
1
3
2
16
2
1
14
16
2
29
3
1
6
1
4
1
1
144
1
51
1
2
7
2
2
28
16
11
8
1
1
13
28
11
6
14
65
3
2
10
1
16
1
29
11
4
1
2
13
58
3
2
36
42
6
1
3
25
15
1
1
8
9
4
46
4
3
4
9
2
33
3
3
6
1
1
1
6
15
2
4
4
2
5
2
1
1
3
6
12
1
3
6
8
3
7
9
1
12
1
28
1
2
3
2
6
6
1
1
25
1
11
4
2
2
10
4
20
3
3
2
2
13
2
17
53
2
2
5
18
3
10
3
1
4
1
2
54
23
1
8
2
1
6
1
2
7
1
1
2
13
28
4
3
2
48
14
3
3
1
4
65
60
7
2
1
4
1
1
16
1
11
2
2
7
9
11
8
36
2
3
1
1
3
9
13
5
2
14
3
1
7
13
1
4
1
3
1
1
5
1
19
1
6
19
2
2
5
1
1
2
1
1
1
3
5
3
10
1
10
2
1
2
18
6
1
1
1
11
2
1
11
1
2
2
5
8
7
1
6
20
5
1
23
2
1
1
1
4
3
1
13
2
1
1
7
4
60
4
14
2
2
6
6
11
1
1
3
2
9
2
3
2
1
8
1
12
2
2
5
2
2
1
1
23
3
2
3
5
8
2
2
2
63
9
18
6
3
5
19
14
8
1
2
33
15
1
9
3
2
1
7
13
72
14
8
1
2
2
1
20
4
3
14
10
6
3
5
2
1
3
7
16
15
2
2
2
6
18
6
12
19
1
1
1
2
3
42
4
80
1
1
2
6
1
8
84
1
2
4
4
40
6
29
4
3
1
2
53
13
7
18
50
17
13
58
2
4
1
11
1
2
1
1
1
2
1
14
10
15
9
5
7
15
1
1
10
2
5
5
2
2
8
1
2
1
1
19
1
5
1
12
4
32
1
4
1
1
3
10
5
1
1
1
13
2
1
4
4
2
6
29
10
26
2
6
25
27
22
5
1
3
3
3
1
2
52
8
15
18
11
1
76
11
1
12
30
4
92
8
5
1
2
7
43
4
1
8
12
1
4
11
1
25
6
4
10
3
6
11
1
28
4
1
2
2
3
2
9
4
1
8
16
2
5
2
4
2
1
1
5
4
14
3
1
2
3
1
1
2
13
5
3
18
8
1
1
2
8
3
6
11
3
2
2
18
2
2
2
1
3
1
9
28
7
3
29
6
2
2
1
39
14
1
7
1
3
8
3
6
3
3
1
1
1
3
14
1
4
14
1
8
6
13
51
123
1
39
3
3
4
2
39
4
1
45
3
28
25
4
2
2
1
16
14
7
8
3
6
1
1
1
28
34
10
3
1
1
1
26
1
3
1
67
10
1
13
18
12
1
7
1
1
15
7
17
1
1
1
2
4
2
18
15
18
4
2
2
1
2
1
48
50
2
3
4
6
2
27
7
1
79
1
1
2
4
3
27
41
11
13
21
1
5
3
17
1
4
3
3
11
3
3
4
8
3
15
18
1
5
7
15
6
1
8
4
22
3
3
12
34
1
1
3
3
3
1
8
3
6
7
2
12
16
5
65
8
9
35
2
1
26
6
47
1
39
3
6
15
36
1
37
1
13
3
6
1
3
1
12
3
6
2
9
7
6
33
51
21
11
16
1
1
4
3
6
2
1
2
2
2
39
4
7
37
5
1
2
8
10
4
2
29
3
1
1
2
12
11
5
34
2
2
3
53
4
51
2
1
1
13
9
5
2
2
3
6
27
1
34
4
5
1
6
11
4
5
3
5
6
10
11
1
12
148
2
3
4
2
137
6
1
36
1
1
22
7
7
8
28
28
17
1
26
4
5
15
2
55
7
1
44
2
81
1
3
4
3
2
7
1
27
5
55
1
7
64
1
7
1
10
34
1
2
13
33
7
1
4
21
1
4
1
30
38
1
1
4
1
1
6
16
1
2
20
3
2
67
3
11
9
2
7
4
1
31
42
7
2
1
1
1
3
1
2
2
1
18
6
1
1
5
9
1
1
5
7
1
8
19
1
9
1
1
2
5
1
3
1
1
1
2
5
4
3
1
1
27
6
2
1
5
6
1
3
4
15
32
1
1
3
5
1
6
34
3
5
13
29
10
5
2
3
2
2
3
2
6
2
2
27
1
3
21
3
1
1
13
1
3
2
3
1
23
2
40
4
3
1
3
1
14
56
8
82
1
2
16
24
2
10
1
2
2
56
1
2
1
1
2
16
3
23
10
4
8
10
9
20
5
22
14
1
1
1
2
5
1
1
2
1
14
2
1
1
3
1
2
53
10
8
2
6
2
2
1
2
2
2
8
1
3
4
15
2
8
82
1
5
2
17
1
4
14
24
1
13
3
5
1
2
1
1
20
1
9
1
6
4
4
4
3
2
93
9
10
9
6
5
6
25
8
9
4
2
1
11
11
1
20
16
3
14
29
1
10
2
19
32
3
3
10
3
3
11
1
21
1
10
1
8
1
13
13
3
2
48
2
3
3
7
6
2
2
3
5
6
1
2
1
3
1
10
15
8
1
19
2
10
1
3
4
16
2
1
9
29
1
5
6
1
45
6
4
4
25
3
3
3
15
2
2
10
2
2
1
7
3
6
2
5
1
2
15
3
3
65
2
10
6
6
23
14
31
1
3
1
1
23
5
2
8
7
3
48
25
1
2
16
10
36
12
6
1
73
1
1
46
59
4
27
4
11
2
4
15
3
23
4
68
7
2
2
8
7
9
6
3
19
66
6
1
9
33
9
1
3
2
8
2
4
1
2
1
19
6
3
7
4
11
1
6
6
18
22
1
14
10
1
22
2
4
1
11
6
1
4
3
3
2
28
20
5
36
8
11
5
1
6
12
1
4
1
2
1
8
1
1
37
6
4
3
2
31
9
18
1
1
5
1
45
5
9
8
4
16
2
3
1
3
11
2
1
10
1
1
3
2
7
7
6
7
5
2
4
3
2
15
13
3
1
4
1
2
1
15
4
2
1
2
2
1
45
21
5
2
30
2
7
2
50
5
8
5
8
16
5
3
23
8
2
2
3
2
3
1
47
39
12
2
1
2
5
6
13
1
24
4
1
4
64
14
9
2
1
2
2
4
5
8
2
1
3
15
26
5
2
1
4
19
33
1
17
1
