4
19
38
233
18
126
67
2
38
2
28
149
20
1
114
262
19
187
140
90
11
3
7
8
3
27
10
406
25
170
18
33
66
4
1
29
41
20
11
333
3
24
2
120
37
1
16
21
100
35
65
25
2
4
78
4
21
324
8
27
3
14
3
9
24
1
27
16
2
2
8
142
23
5
12
3
3
1
3
8
1
19
51
2
18
40
8
2
44
9
1
59
25
85
54
2
80
30
1
46
57
10
69
97
13
55
241
101
19
273
70
19
3
181
34
31
1
255
111
1
170
65
1
62
186
125
6
144
31
155
13
7
2
75
3
38
23
6
10
34
17
121
2
85
10
15
143
43
104
16
92
159
90
27
1
26
115
114
32
2
244
2
45
64
128
147
2
22
9
64
66
2
9
9
39
138
60
1
115
17
50
3
34
3
15
109
6
4
52
26
4
12
69
6
1
3
6
426
59
3
12
12
1
39
3
1
1
23
1
45
4
32
116
14
10
4
7
7
56
2
34
11
6
11
5
4
226
15
33
39
181
10
2
33
1
54
329
12
8
2
23
26
2
111
7
3
41
23
5
3
45
25
2
59
31
13
2
3
8
2
11
1
39
122
12
7
14
4
62
110
10
65
122
172
22
1
122
85
44
37
40
1
56
37
2
271
64
4
3
8
207
31
7
3
3
153
4
5
3
9
74
1
1
172
5
7
25
1
32
10
249
2
5
253
23
3
58
7
4
135
43
93
40
111
5
5
143
4
13
44
61
1
1
1
1
2
82
100
207
5
40
37
167
37
18
35
1
24
32
1
5
85
172
1
76
79
406
28
5
1
1
12
6
162
3
25
11
4
37
90
4
3
1
7
65
277
2
5
45
66
178
279
19
34
5
20
60
1
12
4
12
2
4
100
15
203
79
169
24
14
1
21
167
149
58
39
2
11
132
2
1
75
2
6
31
72
8
16
2
64
25
152
28
47
14
14
79
263
38
123
21
65
2
8
1
411
31
78
2
7
5
67
329
1
1
16
1
33
6
13
5
27
1
7
2
188
87
2
3
22
11
9
48
32
3
128
4
1
158
84
33
11
164
4
15
100
3
3
54
172
105
81
76
1
63
83
3
68
8
7
7
6
126
145
116
150
7
28
30
2
2
66
1
235
1
21
2
26
7
111
12
53
8
4
10
1
102
15
39
21
2
20
2
128
136
86
9
13
171
2
145
244
19
6
66
4
9
203
168
25
1
38
2
43
2
16
353
33
47
2
179
1
8
15
71
12
45
56
156
62
98
16
263
92
3
3
3
7
59
24
2
2
9
95
8
1
3
160
55
215
11
5
4
4
2
17
159
52
7
4
52
1
147
50
63
166
29
5
8
8
116
4
131
3
40
12
6
2
190
267
31
3
5
1
87
1
10
2
1
3
6
12
3
3
6
2
4
131
12
11
1
16
2
61
2
35
10
4
54
2
2
33
5
42
36
2
17
9
7
1
12
6
15
15
31
167
4
5
4
33
213
48
3
1
8
135
4
274
16
1
3
3
10
2
28
19
2
13
14
23
13
61
44
34
2
2
14
88
230
2
41
58
2
52
1
1
2
18
8
79
15
28
82
26
4
4
5
16
3
2
3
108
18
18
1
14
15
21
4
2
51
15
23
1
22
61
9
4
9
8
26
23
2
5
5
54
3
48
22
11
15
24
243
12
10
15
70
54
108
2
3
19
37
56
67
73
77
30
4
5
241
2
15
1
153
2
13
3
41
9
106
31
3
83
94
177
50
4
9
43
4
12
69
176
1
125
45
9
14
15
4
2
6
24
111
62
3
48
15
1
20
3
1
163
4
9
2
6
7
17
44
14
1
6
14
29
3
14
1
35
158
4
1
232
40
1
45
4
1
16
1
1
18
72
2
4
137
2
17
16
3
19
7
149
339
4
48
2
14
87
204
142
194
4
6
70
103
2
81
16
28
68
219
10
4
21
6
26
13
11
1
5
30
2
23
6
11
15
2
227
3
53
8
128
4
22
3
1
9
1
3
9
1
7
74
54
15
11
2
3
54
112
37
4
171
173
40
6
18
5
30
11
10
8
68
18
4
2
18
3
4
6
40
23
73
4
10
19
2
3
2
6
50
7
5
5
54
4
2
45
7
20
35
133
6
1
27
4
2
14
238
24
107
43
105
63
35
43
3
9
212
36
125
233
18
99
29
17
126
2
4
1
7
45
83
8
147
2
22
157
15
3
188
1
87
2
187
18
2
42
12
34
16
4
3
14
206
3
6
1
20
31
32
3
1
26
24
7
2
8
1
43
2
2
12
1
2
8
93
32
8
61
2
137
1
21
2
16
3
1
81
18
110
184
39
12
11
14
3
228
7
153
76
41
170
39
2
13
2
2
25
51
62
7
41
14
2
11
9
4
50
3
1
10
1
6
4
53
234
71
8
41
22
1
1
151
30
5
1
36
11
26
16
2
176
56
11
13
82
4
39
6
105
17
15
13
5
77
1
7
103
17
5
6
61
5
11
152
3
30
11
257
52
22
4
177
7
8
2
35
5
6
31
4
14
25
1
5
1
388
46
103
138
32
32
34
46
169
47
2
3
28
2
15
28
35
20
6
17
2
45
5
1
1
3
154
62
65
6
45
10
34
1
10
8
40
5
26
22
80
8
2
110
66
136
81
236
132
253
53
3
2
56
1
181
34
1
130
11
2
3
127
31
98
2
3
143
2
1
30
205
6
6
24
18
2
27
3
2
5
1
215
313
21
157
58
86
3
1
34
31
193
15
12
2
5
1
1
1
3
6
1
35
1
28
95
7
48
23
48
9
11
12
5
1
2
8
10
5
21
3
19
15
72
9
221
79
4
9
3
68
3
12
25
1
1
1
28
1
3
2
2
5
32
1
211
4
10
20
20
2
224
1
41
4
66
7
22
5
73
96
384
1
8
1
373
17
38
32
6
76
29
58
26
54
31
10
2
3
1
2
3
6
10
151
150
3
4
220
2
2
8
1
132
190
14
14
21
11
66
31
52
19
6
2
9
126
38
35
1
200
2
30
37
34
21
403
20
40
13
6
2
6
5
47
2
2
8
51
10
12
28
148
31
2
5
11
75
30
4
13
14
14
1
24
229
241
5
4
41
2
157
32
1
91
20
81
1
86
44
17
2
1
77
71
24
2
56
1
47
72
2
4
21
14
47
75
3
6
3
25
138
87
48
182
88
25
140
74
3
6
65
43
8
172
42
12
17
2
26
84
20
52
92
5
8
40
2
200
104
34
68
20
138
3
71
15
15
30
83
117
33
18
22
31
4
39
81
40
59
87
5
20
20
1
126
7
236
4
74
200
22
10
151
84
19
4
5
161
26
12
8
192
4
81
1
183
10
5
4
1
8
180
1
12
2
25
134
2
1
11
143
1
120
3
1
9
260
1
2
17
1
14
5
3
79
182
119
19
110
2
55
42
11
43
1
25
3
5
4
15
113
27
52
115
216
3
5
14
29
3
9
7
38
1
6
32
25
24
6
1
2
1
79
20
1
5
121
69
395
114
136
12
6
12
8
1
13
1
22
46
1
115
14
54
103
27
12
175
37
3
49
68
96
2
2
2
12
15
8
5
12
101
1
6
4
60
29
14
155
4
6
2
200
80
65
73
7
9
18
99
3
36
18
6
33
388
2
15
228
6
7
46
4
24
7
1
3
24
1
11
63
67
8
12
62
3
12
20
65
21
3
75
4
1
10
7
23
7
2
23
159
7
95
8
182
74
36
2
5
61
3
1
238
48
6
15
134
80
11
20
122
