4
8
26
113
12
196
37
17
41
375
99
1
140
1
5
6
149
31
72
9
7
91
59
19
195
26
170
64
6
86
157
77
215
8
50
61
132
58
142
277
9
34
21
20
457
21
52
4
245
1
79
20
57
17
4
20
45
188
24
19
20
71
22
7
32
32
50
31
134
491
19
287
161
61
3
99
20
63
20
39
33
2
21
74
1
26
6
34
78
12
157
42
31
7
35
4
2
1
114
22
94
92
3
181
4
2
18
267
11
8
54
119
11
1
84
2
1
22
69
60
145
4
7
54
2
37
1
75
99
84
4
49
10
29
5
340
23
150
41
2
13
101
3
396
5
6
6
1
34
208
317
2
66
1
1
142
20
2
58
17
417
22
1
17
2
1
8
58
5
7
1
33
112
13
114
211
103
23
20
15
1
45
7
345
10
60
99
60
446
4
74
365
6
132
131
110
112
211
140
22
34
15
24
1
10
42
15
55
409
8
60
54
53
52
7
27
22
6
8
23
7
104
96
13
48
67
106
8
347
47
1
21
135
2
21
61
68
16
7
3
17
314
118
41
33
3
16
65
67
25
11
96
23
2
20
1
98
9
1
269
97
5
20
57
106
65
70
3
145
15
34
38
6
81
28
3
39
11
9
272
7
9
20
22
1
11
98
57
66
4
140
6
31
27
80
15
44
11
35
202
3
110
20
22
20
5
80
82
5
4
289
75
1
23
296
54
11
2
192
8
36
8
38
11
27
9
12
27
1
1
8
59
41
1
1
71
10
8
1
4
23
31
83
11
27
42
4
256
21
234
30
14
37
244
6
53
1
29
9
40
3
6
33
3
175
63
1
2
33
3
22
218
57
4
33
135
15
9
172
1
5
86
226
16
81
24
16
8
15
3
49
4
140
155
1
51
158
23
199
7
78
13
3
68
2
58
1
18
2
103
5
96
9
6
5
182
18
3
1
1
3
53
57
90
104
75
3
1
1
295
6
4
2
356
45
23
11
144
17
166
35
39
70
25
24
136
9
1
30
193
19
126
7
326
353
13
10
17
30
1
26
9
24
247
9
11
5
74
5
3
104
9
8
2
1
86
141
4
320
16
27
139
39
2
23
136
4
1
1
24
65
2
87
8
18
29
179
53
28
130
4
45
9
33
23
164
28
11
286
35
2
6
4
5
17
1
133
1
343
110
2
385
61
9
5
4
56
269
130
45
234
4
14
25
69
25
6
415
77
1
8
77
5
1
45
32
85
46
3
96
23
3
53
39
81
14
21
77
1
1
46
46
11
7
50
98
7
4
4
5
5
1
22
172
31
47
40
92
27
3
9
92
14
9
94
31
38
38
29
19
2
15
19
1
11
38
2
3
24
8
7
106
46
30
7
142
8
466
10
12
154
2
1
280
26
12
31
30
46
1
165
57
6
50
246
300
1
6
38
8
149
30
155
38
6
262
73
3
19
30
8
332
36
274
6
28
38
39
13
5
27
2
208
72
1
292
107
1
147
9
192
9
4
2
12
75
21
3
108
3
59
32
3
20
109
19
23
2
38
5
24
17
108
62
84
6
13
128
108
5
287
36
4
1
3
3
90
334
62
30
53
21
9
10
98
61
4
9
1
253
41
2
1
79
11
349
33
40
72
47
4
6
102
4
97
76
3
7
36
394
2
8
1
26
43
92
40
4
21
21
107
107
8
34
79
210
402
7
1
7
28
5
9
163
42
35
9
42
2
77
118
36
11
88
3
121
51
4
8
7
9
61
17
8
10
1
43
17
12
4
6
13
226
3
19
47
6
12
37
1
11
93
3
8
13
2
22
22
18
6
7
263
4
115
57
302
47
60
1
107
6
93
3
10
1
27
78
40
21
11
30
1
223
39
3
104
16
1
21
72
21
54
173
11
62
70
46
33
34
9
75
149
1
1
5
241
161
21
178
9
7
31
1
120
41
6
5
4
13
2
4
14
126
33
42
227
4
40
89
13
82
23
14
6
119
21
39
12
6
6
53
3
95
129
8
37
439
2
18
35
8
5
43
115
49
86
15
129
133
21
23
71
70
33
11
24
26
8
129
1
39
138
34
8
61
28
142
25
5
149
23
52
4
398
17
50
236
28
271
3
1
8
50
103
13
2
2
12
191
23
3
66
70
21
81
4
61
2
11
1
6
339
24
2
13
83
14
67
125
116
10
62
15
95
35
14
452
18
10
49
272
300
14
85
85
2
104
361
85
2
37
13
6
251
64
26
88
442
1
6
22
14
18
22
43
63
29
1
270
63
18
58
5
271
3
156
7
14
46
7
6
17
6
277
15
1
16
2
40
45
7
3
158
29
265
17
2
10
47
110
1
2
9
2
2
12
1
1
41
19
41
261
8
1
1
211
20
15
1
7
5
51
47
2
2
75
358
3
3
3
8
118
181
71
29
35
42
1
216
2
19
158
1
5
58
2
27
13
14
8
25
1
288
50
2
372
2
1
13
5
103
26
10
28
129
2
102
123
57
44
2
20
65
40
10
2
348
1
266
43
61
1
86
34
125
58
2
3
2
358
2
108
15
20
1
4
7
22
1
1
45
14
281
7
9
20
14
36
60
2
147
48
477
19
34
391
11
15
1
30
28
131
23
27
65
25
11
11
3
64
41
53
2
239
49
1
116
7
2
51
108
33
75
239
219
1
76
88
1
431
18
424
18
12
105
5
11
4
212
174
479
54
1
46
2
20
140
25
93
12
9
53
15
10
4
242
36
31
207
142
108
10
17
29
89
110
3
14
122
64
43
80
5
166
142
26
42
18
14
266
6
1
25
327
16
51
4
2
3
20
9
422
295
412
50
35
164
43
160
101
302
71
6
25
3
68
1
17
160
2
311
11
102
26
34
15
6
74
118
56
135
66
436
109
32
59
14
14
8
8
126
7
55
48
1
18
13
1
1
36
1
4
1
19
38
1
1
1
1
1
233
1
18
1
2
1
2
3
1
6
40
50
2
35
41
126
67
1
2
38
1
73
1
1
17
1
3
74
1
1
2
5
5
5
28
1
6
14
1
4
368
1
3
2
1
3
1
6
149
1
2
20
3
5
1
1
1
1
1
1
114
1
1
1
1
2
1
1
262
3
2
1
1
1
2
19
3
1
1
1
1
2
187
1
1
10
1
21
2
1
2
1
140
14
111
13
14
90
1
11
7
1
4
7
2
4
1
1
2
1
4
4
3
28
140
13
1
3
1
2
1
9
32
16
1
1
1
3
1
7
4
1
10
85
33
3
1
1
48
2
1
4
4
1
2
2
2
3
1
1
2
1
8
1
5
27
18
13
1
4
1
3
3
9
27
2
9
1
1
1
1
10
409
6
4
8
1
1
5
406
8
6
1
1
46
22
25
1
51
21
14
24
3
2
9
1
170
18
1
1
2
3
1
3
3
1
2
33
8
1
45
66
3
3
199
6
4
2
1
1
1
1
2
1
1
2
7
1
33
44
1
2
3
1
1
1
29
6
1
37
1
41
1
1
1
1
1
1
1
1
20
1
1
1
4
4
20
31
1
36
11
1
17
1
2
333
1
1
1
1
1
1
10
1
1
1
1
1
1
9
1
16
1
3
24
1
2
1
10
2
1
4
2
17
1
1
1
1
1
3
8
1
1
3
120
22
3
16
1
1
15
1
1
10
1
4
29
6
37
2
10
1
1
1
16
1
2
1
1
1
1
1
1
1
1
1
1
1
1
1
1
1
1
12
3
21
1
1
100
36
1
1
2
1
1
1
1
1
35
1
1
1
1
1
2
1
1
65
1
1
1
2
1
1
1
1
1
1
2
1
1
2
1
1
2
3
3
2
25
1
2
1
2
1
4
1
1
4
78
8
1
4
1
21
1
1
1
3
1
1
4
1
4
3
1
324
1
1
1
1
4
8
1
1
1
27
2
6
3
1
3
6
6
1
1
2
12
4
1
9
1
1
2
1
1
1
4
1
10
14
3
50
1
1
1
9
1
2
1
1
1
22
2
24
10
1
11
6
1
30
27
1
16
2
2
1
1
1
13
1
2
2
3
33
2
9
3
6
1
1
1
1
1
2
1
2
2
1
8
142
23
1
1
1
1
1
5
1
12
1
1
3
3
2
6
1
1
3
1
2
3
1
1
3
4
1
1
23
1
1
2
3
5
3
5
3
7
8
1
7
1
2
1
1
1
1
4
1
1
1
1
3
1
3
1
1
1
1
15
126
1
1
1
2
1
2
1
2
19
1
51
1
1
1
1
1
2
8
1
1
5
2
2
15
1
2
1
3
1
1
1
4
18
5
2
5
4
2
1
40
8
1
1
1
2
25
2
2
44
1
1
9
1
1
2
95
2
5
19
1
1
1
1
2
1
3
59
5
2
25
2
1
2
16
1
1
85
1
1
1
3
2
54
2
1
3
1
1
1
2
1
1
2
8
80
4
2
2
1
2
1
1
2
1
15
1
1
1
1
1
30
1
1
2
1
6
2
1
46
1
3
1
3
2
5
1
57
2
4
1
1
1
10
11
15
69
2
1
1
4
96
4
74
50
97
3
33
13
1
2
4
1
4
1
1
1
1
13
13
6
1
2
7
1
1
2
2
1
55
1
1
1
3
21
241
1
1
101
9
1
19
31
1
1
273
1
1
1
70
1
3
6
1
19
2
3
181
34
23
1
1
5
1
7
3
2
1
3
1
2
1
3
1
1
1
1
4
4
1
2
1
3
1
1
31
84
1
1
1
1
1
1
2
2
1
2
2
2
1
1
1
1
6
5
33
1
10
255
14
34
25
2
111
7
15
63
75
60
107
1
104
1
1
24
1
42
14
1
11
3
404
8
2
170
1
3
18
1
7
14
3
65
1
1
1
1
1
3
1
62
1
1
1
3
3
1
186
1
7
3
76
20
6
1
6
2
1
1
4
1
1
1
1
1
4
2
125
1
4
1
1
7
1
1
1
74
5
5
1
1
6
1
1
1
1
1
1
1
1
1
1
2
2
6
1
1
23
7
1
1
1
144
1
1
1
1
31
18
105
2
1
1
8
1
1
1
1
155
13
1
1
1
3
1
2
1
1
7
1
1
1
1
1
1
1
1
1
2
2
1
1
1
1
1
1
1
2
1
2
2
1
75
1
4
21
3
38
1
2
1
8
14
2
3
4
8
12
40
5
13
1
15
23
6
1
3
10
1
1
34
5
3
41
1
4
4
1
71
17
1
3
6
1
121
1
2
1
2
1
1
1
14
2
1
2
1
2
2
1
5
7
1
1
2
2
45
85
1
1
1
19
7
38
1
10
1
2
1
1
15
1
1
143
4
1
1
1
1
43
1
1
1
1
8
1
1
2
2
1
1
1
2
4
1
104
3
16
92
159
1
1
8
6
3
1
2
1
1
6
1
2
90
1
2
1
27
1
1
1
1
1
1
2
1
2
2
1
1
1
1
1
1
1
2
1
26
1
1
1
2
2
1
1
1
1
1
1
1
1
1
115
1
2
1
2
2
2
1
1
1
1
1
1
114
1
1
14
2
1
1
2
2
1
1
1
1
2
1
32
2
1
2
1
3
2
2
1
1
244
4
1
1
1
1
1
1
45
2
1
2
1
1
1
1
1
1
1
1
45
64
1
128
1
1
1
3
13
2
8
1
1
2
1
2
3
1
1
1
7
147
2
1
1
1
19
2
1
3
1
4
1
1
3
1
1
2
1
1
1
32
30
1
22
12
1
1
1
2
2
1
2
1
3
9
64
2
66
1
3
1
1
1
1
1
3
1
2
46
9
40
2
1
1
9
39
1
7
1
20
24
1
138
2
1
19
107
56
46
5
70
33
6
1
1
1
6
1
1
2
1
14
1
1
6
1
1
3
1
3
60
1
3
32
3
5
4
3
1
115
1
4
13
17
16
1
1
11
25
2
50
3
8
1
40
5
5
2
34
2
29
18
8
7
4
3
15
6
6
1
2
4
4
1
1
1
1
6
11
26
1
109
1
6
4
4
1
52
6
9
26
1
1
4
2
1
1
3
1
1
2
44
3
1
1
1
12
48
69
1
1
6
4
2
20
1
17
1
51
1
2
3
1
7
1
1
2
1
1
6
1
120
2
4
1
12
1
9
3
6
3
1
2
2
1
7
3
9
426
1
1
59
18
3
12
17
1
5
12
8
1
39
15
3
2
24
1
1
1
1
48
1
1
1
1
1
12
1
7
2
1
1
11
1
1
1
37
2
39
23
4
12
4
1
1
46
7
1
1
1
1
1
2
4
2
150
45
4
2
193
2
3
32
2
13
116
6
1
16
14
10
1
1
1
1
1
1
1
1
2
2
1
1
3
4
5
4
8
2
14
1
7
8
7
18
2
56
2
43
1
2
1
10
1
1
2
5
1
10
1
1
12
1
1
2
1
2
34
11
1
1
6
1
1
11
5
1
1
1
1
1
3
1
4
1
1
1
1
226
1
15
6
1
5
1
1
2
1
1
3
1
1
33
1
1
1
1
1
6
3
1
1
39
2
1
1
1
1
1
181
2
1
1
1
6
6
1
1
1
1
10
9
2
1
7
1
1
2
2
1
1
1
1
1
1
5
8
3
1
33
1
1
9
1
1
3
1
1
1
9
1
1
3
1
1
1
1
1
7
54
4
1
329
1
1
1
2
1
1
1
1
2
1
1
1
1
1
1
1
3
12
8
1
1
2
1
3
2
2
3
1
2
3
2
1
1
2
1
1
23
7
26
1
7
1
1
2
8
10
109
111
1
7
1
1
1
1
2
1
3
1
2
2
1
41
6
1
5
1
1
23
5
6
5
6
3
1
1
12
9
3
2
2
1
45
2
5
1
1
3
10
1
1
2
1
62
1
1
1
6
1
1
2
25
1
3
1
1
12
45
1
2
2
2
2
2
1
32
1
2
1
1
1
2
1
2
59
1
1
11
2
1
1
3
4
2
2
2
2
1
1
2
1
1
31
1
1
2
1
1
1
1
1
1
1
13
2
56
64
1
1
4
3
3
1
1
1
8
3
1
1
2
2
2
2
1
1
26
2
2
1
11
26
39
2
1
8
1
1
18
2
1
1
1
39
4
133
122
2
4
6
6
9
1
1
3
1
2
1
1
12
35
1
1
4
1
1
7
1
11
1
2
1
1
19
1
1
5
14
1
18
1
1
1
1
4
8
1
4
16
2
21
1
1
1
1
1
1
1
1
1
2
1
28
1
62
1
1
1
1
1
1
1
110
6
1
1
10
1
1
42
6
2
65
2
1
122
1
1
1
4
5
4
3
2
172
1
3
1
22
1
3
1
1
1
25
1
2
16
8
1
1
1
122
1
4
1
2
2
1
2
21
5
1
85
4
3
1
1
7
1
4
1
2
2
1
4
1
15
44
1
1
1
1
1
1
1
1
1
1
1
2
1
1
3
1
1
2
37
1
1
1
1
40
1
4
1
1
3
3
2
1
1
1
1
56
1
1
2
1
1
2
1
4
1
2
2
1
1
3
1
2
37
2
8
1
2
271
1
1
1
1
1
2
1
1
25
1
1
1
1
1
2
2
64
2
1
35
1
2
1
1
2
1
1
1
1
1
29
1
2
1
10
4
1
1
93
1
8
1
1
3
1
3
8
50
253
207
1
2
8
1
2
1
1
2
2
1
1
1
1
1
1
1
31
1
3
3
1
1
2
1
1
1
3
4
7
1
1
1
1
1
2
1
3
3
2
8
1
1
5
3
153
1
10
2
1
1
2
1
14
1
2
4
1
8
1
1
1
2
3
1
5
38
3
1
2
4
2
1
1
1
1
1
1
9
2
9
1
74
9
2
1
1
3
2
8
1
1
2
3
1
6
1
1
8
2
1
1
2
3
16
2
1
40
1
1
1
1
1
5
172
5
3
7
6
3
1
4
27
32
2
25
123
39
1
2
3
1
1
1
7
9
1
32
3
1
2
1
2
2
1
1
10
2
6
249
1
2
3
3
3
1
4
21
2
1
4
2
1
1
9
1
1
1
1
1
2
3
1
4
2
1
1
5
1
1
1
1
2
3
1
5
1
4
1
1
1
5
5
7
1
1
2
1
253
1
3
1
2
2
7
23
3
2
1
3
1
2
8
3
6
90
4
6
7
1
58
1
7
1
1
1
1
2
1
1
1
3
1
1
4
135
1
2
2
1
43
6
42
1
2
1
4
3
3
1
1
1
1
1
2
1
3
2
1
1
1
1
1
1
1
1
1
1
2
1
1
93
1
1
1
1
2
1
1
1
1
40
1
1
1
1
1
1
1
2
1
2
4
8
1
15
1
1
1
1
1
1
2
111
5
5
1
2
1
1
3
3
2
1
2
143
1
1
4
2
3
1
1
1
1
1
1
1
1
1
4
1
13
7
2
1
1
3
1
2
1
1
1
1
1
1
44
1
61
1
2
14
1
1
1
1
6
1
1
1
1
1
1
2
6
1
3
1
1
1
2
1
1
1
5
7
2
1
4
1
2
1
1
2
4
1
1
1
2
1
1
5
1
2
2
3
1
3
3
82
1
14
2
1
100
3
2
207
1
5
1
22
12
5
1
40
37
2
1
1
4
5
1
167
3
2
2
9
2
37
1
1
3
1
1
1
1
1
1
2
18
1
1
1
1
1
1
1
35
1
1
1
1
24
25
1
11
5
7
4
1
1
5
5
1
32
1
33
4
10
13
1
1
1
2
1
4
10
5
72
4
47
85
49
1
97
19
51
2
172
57
1
6
1
4
11
2
2
1
76
1
1
1
1
79
406
1
28
1
1
5
1
14
1
1
1
5
1
1
1
12
1
9
1
4
3
2
6
1
3
11
1
3
7
8
8
36
1
1
7
4
3
1
2
1
1
2
1
3
1
3
2
2
3
4
7
1
1
1
1
3
3
1
2
1
162
2
1
2
1
2
1
7
2
1
12
81
3
3
1
1
1
5
25
4
1
1
1
2
1
1
11
2
1
4
7
1
37
4
1
19
90
4
40
1
1
1
1
3
11
1
1
2
1
1
1
1
7
1
4
1
2
1
17
1
1
1
1
3
5
70
406
29
13
1
1
1
65
1
1
3
1
2
277
1
1
1
1
1
1
1
1
1
1
1
3
1
2
1
9
5
1
1
1
45
3
2
2
4
1
1
66
1
1
1
1
3
4
178
8
279
1
4
1
5
1
1
19
1
1
1
1
1
1
1
61
34
4
1
58
2
1
1
1
5
3
20
1
7
60
1
1
1
1
3
1
1
42
3
1
2
2
3
1
1
1
1
2
2
3
3
3
1
12
1
3
1
1
1
1
2
1
7
2
1
4
1
2
1
1
1
3
1
5
1
1
1
1
1
12
11
1
2
1
2
7
1
2
3
2
1
4
4
1
1
1
1
1
13
1
1
1
1
100
2
6
2
15
203
1
1
79
1
169
1
1
1
24
3
1
11
1
14
1
2
1
1
13
1
1
1
141
3
4
1
1
21
2
1
1
167
1
2
149
1
1
2
9
1
56
1
1
58
1
1
1
1
1
1
1
1
2
1
1
26
1
39
5
1
1
3
1
1
1
1
2
3
2
1
1
1
1
11
1
1
1
132
1
2
1
1
1
3
2
1
1
75
2
2
1
1
1
1
1
1
1
1
1
1
3
1
6
12
28
46
31
1
1
1
2
2
1
1
1
1
1
4
1
1
1
1
1
2
1
4
1
1
1
3
1
1
19
3
40
72
5
34
4
8
1
1
20
16
1
2
1
3
1
1
1
64
1
1
1
3
1
3
2
1
12
5
2
2
25
152
3
103
1
9
69
5
4
7
1
28
55
7
47
1
1
1
6
1
1
1
8
14
1
14
42
1
1
2
4
4
1
3
79
1
2
1
1
1
3
263
1
2
1
1
1
2
1
9
1
38
2
9
1
1
123
1
1
3
1
1
4
2
3
4
16
15
1
2
21
2
65
2
1
3
5
13
2
2
8
4
2
1
8
1
2
2
1
1
2
1
1
1
8
1
15
411
31
45
23
78
14
1
1
3
1
2
7
2
5
1
4
1
2
7
2
1
23
67
2
2
329
1
1
1
1
1
1
2
2
16
2
7
4
1
1
1
33
1
2
1
6
11
13
8
1
5
6
1
4
27
7
2
1
1
1
2
2
1
1
1
1
2
1
2
1
1
1
1
1
1
7
1
1
3
1
1
1
1
2
2
1
1
1
2
188
1
1
87
2
1
2
1
1
2
1
3
3
1
1
1
3
1
1
1
2
2
1
2
1
3
1
3
1
26
1
2
8
1
1
1
1
2
3
1
22
1
1
11
1
4
1
1
9
1
1
1
2
2
3
5
1
48
5
1
1
2
1
94
1
1
2
2
70
1
2
1
1
1
48
1
32
1
1
2
5
5
3
4
1
1
2
1
2
1
2
1
3
3
1
2
2
128
18
1
5
1
4
2
3
1
1
4
1
1
1
2
1
1
1
1
4
2
40
1
2
1
3
1
1
1
1
2
2
1
35
158
84
3
75
6
9
1
1
1
1
1
1
33
1
1
11
1
2
2
1
4
164
1
1
1
5
1
4
4
1
1
1
1
15
3
2
1
1
100
5
1
3
1
1
1
1
3
1
1
4
1
2
3
1
1
54
1
27
2
172
1
1
1
2
1
4
80
4
1
7
1
1
105
3
2
1
1
1
6
1
81
1
4
1
1
76
1
1
1
2
1
1
1
1
1
2
1
2
2
1
1
2
2
1
1
1
1
1
1
1
63
2
1
1
1
1
2
4
83
8
3
1
1
4
2
2
5
9
1
6
3
11
12
1
1
10
68
1
8
1
1
9
7
7
35
6
15
1
11
2
22
42
1
1
8
1
1
126
1
1
1
1
145
1
116
2
1
1
1
4
1
2
1
3
2
150
1
1
2
12
1
1
1
4
4
1
1
7
1
1
1
3
1
4
2
1
2
1
8
9
1
3
6
2
28
30
38
10
5
2
177
89
59
2
51
3
66
1
3
1
1
1
15
1
16
3
56
17
4
1
4
2
1
9
235
1
18
13
6
10
1
1
5
1
81
69
5
9
2
1
21
82
5
2
2
38
17
8
1
2
26
7
111
4
22
45
1
57
31
12
2
1
13
53
1
1
7
1
1
3
2
8
30
1
1
11
6
49
3
1
1
1
4
2
10
1
1
2
102
2
31
30
1
16
45
54
9
15
1
14
4
137
6
2
1
39
1
21
1
1
2
1
1
1
1
2
1
1
20
1
1
1
1
1
9
1
5
5
5
2
1
2
1
2
1
1
2
1
1
3
1
1
1
1
1
128
1
1
1
1
1
1
1
26
1
1
1
1
136
2
2
86
1
1
1
9
13
4
171
9
2
8
3
28
4
2
5
2
2
11
2
4
8
1
1
1
2
14
1
1
55
45
34
49
3
13
1
29
1
1
1
1
145
1
1
244
1
334
2
1
19
6
1
1
2
1
1
1
1
1
1
1
1
1
1
1
34
1
1
1
1
1
34
1
5
1
1
2
4
1
1
1
1
1
1
1
66
4
57
1
2
62
1
1
5
4
2
108
32
9
5
2
12
5
46
6
77
1
2
2
1
1
1
1
1
5
1
3
1
1
1
1
1
1
1
203
1
1
168
1
1
1
6
25
1
1
8
1
38
1
1
2
1
1
1
1
1
1
1
43
1
1
11
1
1
1
1
1
48
1
4
2
16
1
1
1
1
1
1
1
1
1
2
1
1
2
353
1
1
1
2
33
58
3
27
3
1
2
4
1
1
1
47
2
31
1
5
1
1
4
2
179
1
1
1
8
3
1
1
3
1
1
3
1
1
7
1
1
1
1
1
1
2
1
10
4
4
1
1
1
1
15
8
1
4
71
1
1
1
12
5
1
1
1
1
1
45
2
1
3
2
1
1
2
2
3
7
1
6
1
1
33
56
2
1
1
1
8
1
3
156
1
1
1
1
1
1
1
1
3
2
1
1
1
1
1
1
1
1
1
3
62
1
2
1
1
1
2
1
7
11
1
98
6
8
20
16
1
263
2
3
1
3
92
1
1
3
11
3
1
3
2
3
1
3
7
59
42
2
2
6
6
5
3
24
2
1
9
2
50
7
24
14
1
9
1
12
2
95
4
6
8
16
21
1
1
1
1
1
1
1
2
1
2
11
3
2
24
1
1
7
1
1
1
2
1
1
160
1
55
215
1
1
1
1
1
11
1
5
48
1
1
1
1
1
5
1
32
8
1
4
1
4
1
1
6
2
3
6
15
1
17
1
1
2
159
1
1
2
1
138
6
3
16
5
3
1
2
3
1
1
1
4
1
2
1
1
14
1
2
1
1
1
52
5
1
6
7
10
4
8
15
52
1
1
11
1
2
1
3
19
7
8
2
1
4
1
1
5
5
2
147
3
50
1
63
1
1
1
36
1
1
1
166
1
1
4
4
1
29
3
1
3
1
5
4
2
1
8
1
1
1
1
1
8
1
1
116
1
1
1
11
1
50
12
4
131
3
40
32
1
17
12
3
6
1
2
1
2
48
1
1
6
4
1
14
1
190
1
1
1
1
1
1
1
30
1
1
267
1
1
1
1
31
1
1
1
1
1
1
3
1
4
3
9
5
1
30
5
2
15
28
16
2
18
2
1
10
1
1
1
1
2
5
1
1
87
1
6
18
1
127
1
1
3
2
2
1
2
1
88
14
10
1
1
2
1
1
1
1
1
6
1
3
1
6
12
3
1
3
1
1
11
1
1
5
4
3
1
3
1
1
1
1
1
184
1
1
1
2
1
1
1
2
1
2
1
3
1
1
6
2
3
1
4
7
109
1
7
1
1
5
1
1
1
1
1
1
1
131
1
1
1
1
1
1
12
12
1
1
1
2
2
1
1
1
11
1
1
1
1
1
1
1
1
1
2
2
2
16
2
1
1
1
2
1
1
1
1
1
4
1
34
2
61
84
1
3
2
2
1
2
35
1
10
1
31
7
1
2
1
1
1
3
3
4
7
1
54
2
1
1
1
2
13
16
2
2
1
1
1
1
34
18
1
1
7
12
33
1
5
1
42
1
1
4
1
1
3
1
1
1
3
1
2
36
1
1
1
13
1
1
2
1
1
1
1
1
1
17
5
2
1
32
6
5
3
9
9
1
6
13
7
1
7
2
1
55
1
12
1
29
4
3
13
74
1
4
3
1
6
9
2
43
2
2
4
2
1
1
1
21
1
1
19
1
15
1
15
31
1
11
2
1
1
2
1
3
5
2
13
1
1
3
1
1
4
1
2
1
17
15
1
1
1
3
2
1
14
167
1
2
4
13
6
2
1
1
7
4
1
5
4
1
1
9
1
4
1
2
10
1
1
1
1
1
18
4
33
14
1
2
213
1
52
1
1
1
1
2
2
2
1
48
90
3
1
3
8
1
13
135
6
4
274
4
34
6
34
6
126
7
2
1
16
1
6
2
27
1
2
1
1
3
1
3
1
20
1
1
9
9
13
1
1
1
1
1
1
1
57
1
1
96
1
1
1
2
3
1
1
1
7
22
2
1
3
19
153
1
1
3
5
4
3
1
1
5
5
1
6
1
18
2
7
149
3
3
1
1
8
3
7
3
1
157
8
68
1
1
2
10
14
5
1
1
8
2
1
1
28
10
6
3
4
11
5
3
3
1
4
19
1
2
4
1
6
1
13
12
14
5
23
30
1
1
42
1
1
1
1
4
2
32
1
1
1
1
1
1
2
10
1
4
37
13
1
61
44
1
1
1
1
1
1
3
1
1
1
5
1
3
1
2
5
1
1
2
1
1
34
1
2
2
1
2
3
6
1
14
2
1
88
2
131
230
2
41
1
1
1
1
3
1
1
1
41
4
1
1
1
1
1
1
2
2
58
1
1
2
1
1
1
6
52
33
1
2
1
3
4
3
2
4
3
1
1
1
1
1
1
1
3
1
5
1
2
118
18
1
1
1
7
1
1
17
8
1
1
2
1
3
3
2
1
2
1
1
3
2
79
2
15
28
51
1
8
1
1
1
28
1
3
1
82
7
1
117
7
1
1
4
2
1
2
2
1
1
1
1
26
1
1
2
1
2
1
10
6
32
37
7
20
2
2
15
31
19
7
1
4
9
12
1
1
1
2
25
3
16
1
9
4
5
3
1
2
4
7
8
16
3
2
1
28
2
3
4
20
1
108
2
18
18
1
8
9
14
2
1
15
2
2
9
1
1
1
1
4
1
2
3
2
1
2
1
5
1
2
1
1
21
1
2
3
1
1
4
2
1
1
1
11
2
51
15
1
23
1
2
3
22
1
1
1
1
7
9
1
8
15
61
9
1
1
7
86
13
14
2
6
1
2
1
1
6
4
1
33
9
1
1
8
39
1
2
9
1
26
23
4
2
1
4
2
1
2
5
1
1
1
12
7
2
1
2
5
1
5
1
54
1
1
1
1
1
1
2
3
1
1
1
6
1
4
48
4
27
1
22
1
1
4
3
11
8
60
1
15
1
9
5
12
17
1
9
1
6
1
1
3
1
1
1
2
1
1
17
1
24
1
1
243
17
39
2
1
1
1
2
1
1
1
1
1
1
1
1
1
6
19
12
4
1
2
10
1
1
1
9
1
1
1
1
1
1
1
1
1
1
2
1
1
3
1
2
15
11
4
70
25
1
1
1
1
2
6
4
2
2
4
2
1
54
1
2
1
1
54
3
3
1
2
2
37
4
30
108
13
1
5
1
1
2
1
40
4
1
7
30
1
1
42
1
1
2
2
1
3
1
3
8
1
2
3
1
1
2
1
1
1
1
25
6
13
19
1
1
2
1
37
1
1
3
1
56
2
1
6
2
1
3
2
1
12
33
5
1
1
1
67
5
73
1
2
1
1
1
1
1
1
1
77
4
30
9
4
13
1
1
1
4
2
1
1
1
1
2
1
4
1
1
1
1
5
1
1
1
1
1
1
1
2
1
3
1
241
3
1
1
1
2
11
118
1
1
1
2
1
4
1
3
1
1
1
4
1
15
22
1
153
1
2
20
1
2
13
3
1
1
1
1
1
2
1
3
2
1
2
1
1
2
1
1
1
1
8
3
1
1
1
41
12
1
1
1
1
2
1
1
1
2
1
2
1
9
106
1
31
23
1
1
2
3
42
83
94
17
35
16
13
1
2
11
1
1
3
1
1
12
2
1
1
177
3
3
1
3
50
2
1
6
1
1
1
9
1
3
75
8
1
1
1
2
1
4
1
46
2
12
1
15
1
1
9
1
8
1
1
1
8
1
2
1
1
2
1
1
1
14
1
1
1
1
1
43
4
1
1
12
1
15
69
1
5
176
10
1
1
1
1
2
1
1
2
1
1
1
1
3
1
2
2
1
1
1
1
1
1
1
1
125
1
1
1
1
11
1
2
1
3
2
1
1
1
45
1
9
1
1
1
14
1
5
3
1
1
1
1
1
1
1
3
2
1
1
1
1
1
1
2
1
1
1
1
2
4
1
1
1
1
1
1
1
3
1
2
1
15
1
2
63
3
1
1
1
2
1
4
1
2
5
1
2
1
6
1
1
2
5
24
5
1
1
1
1
1
1
2
111
1
1
1
2
1
2
1
9
2
1
3
1
62
1
1
1
3
1
1
1
3
1
2
1
1
2
1
1
1
1
1
1
48
2
1
1
1
1
2
1
1
1
3
2
2
1
15
2
1
1
1
2
1
1
1
1
1
1
1
1
4
1
103
1
1
1
2
20
1
43
3
3
40
1
2
2
2
1
3
1
1
163
4
1
10
4
1
1
9
13
7
1
7
1
1
1
6
1
2
3
2
2
5
11
6
1
1
1
1
1
2
1
6
2
9
16
3
1
1
74
3
7
2
1
19
1
2
2
4
17
1
2
1
2
1
3
1
3
2
1
6
2
5
1
1
1
1
5
1
1
1
5
1
2
2
1
2
1
1
17
44
1
4
14
4
2
1
3
5
30
1
1
1
1
31
1
11
2
1
3
2
6
1
10
2
6
2
14
5
3
1
2
1
6
2
29
9
3
9
7
7
3
2
1
1
3
5
4
1
2
1
1
14
1
1
1
2
13
2
8
47
35
158
1
6
1
4
1
1
2
232
1
4
1
8
40
16
2
1
45
1
6
4
4
3
1
1
1
2
3
2
1
2
1
16
1
1
1
1
7
1
18
6
72
7
24
1
2
1
5
15
1
5
101
2
1
2
1
3
1
1
4
34
4
1
19
1
1
5
1
137
7
1
1
19
1
1
8
5
2
17
16
3
19
1
7
1
1
1
149
6
4
12
6
2
1
4
1
339
2
4
3
3
1
1
4
3
13
6
1
9
1
48
2
3
1
68
14
4
87
41
1
1
2
2
1
204
1
10
1
1
1
142
1
1
2
2
194
1
1
11
1
1
1
1
1
2
1
1
65
11
4
1
3
6
2
2
1
6
1
70
1
5
1
5
46
1
1
1
1
10
4
3
103
2
81
1
3
16
1
1
2
4
1
1
2
1
1
3
4
1
2
28
21
1
68
5
219
1
5
2
1
10
1
1
1
2
2
3
4
1
21
1
3
1
6
2
1
1
1
1
2
1
2
14
2
15
26
1
57
1
13
30
1
11
1
46
1
8
3
1
2
8
34
13
2
1
1
9
2
5
4
30
5
5
7
47
1
2
2
1
3
1
1
143
1
4
6
2
3
32
2
23
6
3
1
1
2
26
2
4
3
2
3
11
1
1
28
1
1
1
17
5
1
2
2
11
3
1
2
1
4
15
1
1
1
3
2
1
1
1
1
1
2
1
1
3
1
1
10
227
2
3
2
1
1
1
2
53
2
43
40
1
1
1
1
1
21
2
8
4
128
1
2
2
1
1
3
1
4
1
22
3
1
1
1
1
4
11
1
1
9
2
2
1
3
1
5
1
4
1
1
57
1
9
1
1
5
3
1
1
8
5
3
82
1
16
1
1
7
74
1
6
54
23
15
1
11
2
19
1
6
24
2
3
4
13
1
2
3
3
4
1
3
54
77
4
2
20
5
1
1
5
1
1
1
1
1
1
1
1
112
1
37
1
1
4
171
4
1
2
1
5
3
1
19
6
17
1
173
1
1
26
18
46
1
1
40
2
6
1
7
18
1
5
1
1
1
2
1
30
2
19
1
1
2
3
8
2
1
1
1
1
1
5
2
1
24
2
11
2
1
2
1
2
1
10
52
8
1
1
5
1
1
3
7
1
2
1
1
1
1
68
4
1
1
1
1
1
20
166
43
1
4
21
1
1
4
18
4
2
16
2
7
3
1
18
1
5
3
9
3
2
1
1
3
4
5
2
2
1
6
5
2
6
40
23
2
1
4
1
8
1
1
1
2
3
2
1
1
73
2
4
4
10
249
2
1
33
5
24
1
19
19
1
1
1
2
3
29
1
3
10
1
6
1
3
6
46
2
18
2
2
1
4
1
1
3
1
2
1
1
1
3
3
2
3
2
6
50
1
11
1
3
7
2
3
1
5
1
1
2
1
1
2
1
1
88
1
1
10
2
3
7
1
1
62
5
26
1
1
1
1
1
1
1
2
1
7
64
9
10
1
4
1
5
1
9
1
1
3
16
1
54
1
5
1
28
2
4
2
1
2
16
1
4
10
1
1
1
15
21
1
1
2
1
1
2
1
1
1
5
6
62
2
1
45
1
4
5
9
1
1
1
1
97
2
1
5
11
3
1
3
1
1
1
7
1
1
1
1
2
1
1
1
1
20
1
1
1
3
1
35
2
1
133
2
2
1
1
1
1
1
1
1
3
4
1
1
1
1
2
1
24
10
1
7
7
1
2
6
8
1
1
1
27
4
7
6
2
1
3
4
65
2
1
1
2
1
14
1
1
1
238
1
24
1
107
2
7
1
116
2
1
1
1
14
3
2
6
1
1
43
1
1
3
2
1
5
1
1
1
1
105
1
1
1
1
63
18
2
35
1
3
1
1
20
2
1
5
43
1
1
1
3
4
2
9
2
1
212
1
1
12
1
1
1
1
2
1
6
1
1
1
1
4
3
36
1
9
2
125
233
18
13
1
3
4
2
3
8
4
3
99
1
4
5
61
2
2
3
1
1
35
13
28
9
1
1
29
28
1
1
1
1
1
1
1
11
1
17
1
1
1
1
126
24
2
10
2
1
2
2
4
1
2
46
7
1
3
6
3
45
5
2
83
220
8
1
3
147
1
1
1
1
1
1
2
2
22
1
4
2
1
3
9
2
1
7
157
1
2
11
3
1
15
9
3
12
35
1
7
1
1
5
6
7
3
1
3
2
1
188
1
2
1
1
1
1
7
1
1
2
2
1
1
1
2
2
1
1
1
6
1
1
6
6
1
5
1
1
4
1
10
6
12
87
1
1
1
1
1
8
4
1
1
1
1
2
1
6
1
6
3
3
1
4
1
120
4
5
1
1
187
5
5
14
1
1
1
27
4
6
1
3
1
1
18
2
2
42
5
1
3
1
12
2
1
40
202
34
4
1
2
1
2
2
1
38
1
1
1
9
8
1
1
7
16
2
1
2
2
1
2
4
1
1
3
14
1
1
1
206
1
2
1
1
24
27
3
31
3
4
1
2
1
6
1
2
1
1
3
3
1
4
1
1
1
1
1
1
1
1
1
1
2
1
4
2
2
1
1
1
1
1
2
2
1
2
2
6
1
1
13
1
1
19
1
20
1
31
5
32
1
3
1
59
53
6
2
2
3
1
2
1
1
1
109
1
1
1
1
1
26
1
1
1
27
4
1
91
1
6
53
20
2
15
3
1
13
69
1
5
24
7
164
5
3
2
2
1
1
17
8
1
44
1
2
27
1
1
1
2
1
8
8
43
1
2
1
2
1
1
6
2
14
11
9
3
2
12
12
1
3
12
4
7
1
1
1
1
4
3
1
64
43
5
1
2
24
2
6
3
1
1
47
2
3
1
1
2
1
3
8
3
1
93
6
1
4
1
1
1
1
1
32
8
7
14
1
2
2
2
61
1
1
1
1
2
47
2
1
4
137
1
1
2
1
1
4
2
9
2
91
8
1
1
3
35
33
18
21
9
43
13
2
82
18
14
16
1
3
3
1
1
70
1
1
1
1
1
2
1
7
81
18
1
1
1
1
1
110
1
184
39
1
2
1
2
1
1
1
1
4
4
1
1
12
11
1
1
1
8
2
1
8
2
14
1
1
4
1
2
17
1
47
1
1
1
1
1
3
1
228
1
1
1
4
7
1
1
7
2
1
1
1
153
1
76
41
170
39
1
1
1
2
13
1
1
1
2
1
2
2
1
1
2
2
1
1
1
1
1
7
2
1
1
1
1
1
1
2
1
2
4
1
1
1
1
2
1
25
51
1
4
1
1
1
62
1
2
1
3
1
1
1
2
1
7
2
3
1
1
1
1
2
41
1
2
1
14
1
1
2
2
1
1
2
11
3
1
7
1
1
1
40
1
3
1
2
150
11
2
4
1
9
4
1
2
2
4
3
1
1
3
2
1
50
3
1
1
6
1
2
1
4
1
2
1
3
6
23
2
1
1
36
21
4
1
1
1
4
1
5
2
1
1
10
1
1
1
9
1
1
17
1
1
6
3
1
1
1
1
1
1
1
7
1
6
4
53
234
1
1
4
4
2
71
1
2
2
2
3
1
1
1
2
1
5
1
1
1
8
41
1
1
8
2
1
1
22
1
1
1
1
2
1
1
1
1
1
3
1
1
25
1
1
1
1
2
1
1
9
6
1
1
1
1
1
151
1
1
30
5
18
2
2
1
1
3
3
1
1
1
36
8
2
5
1
15
1
1
11
26
6
8
2
3
1
2
1
1
3
2
26
16
2
8
1
1
1
1
3
1
47
4
4
1
4
1
73
4
176
56
12
1
11
18
1
135
1
1
1
1
1
1
1
1
1
4
1
5
13
1
3
1
2
1
3
5
35
1
82
2
36
1
1
5
7
1
6
1
4
1
39
1
5
1
2
1
15
1
7
1
6
105
2
4
17
15
2
1
6
3
13
1
24
51
9
7
5
1
77
3
2
4
1
7
1
1
103
17
1
1
1
4
1
3
17
7
1
1
8
23
3
63
7
1
1
4
1
1
5
7
2
1
4
3
15
4
6
1
3
1
3
1
3
2
61
9
5
1
1
1
1
2
11
3
1
1
1
5
1
1
1
1
6
1
1
3
1
1
2
29
1
11
1
152
2
1
1
49
25
3
30
2
11
1
4
2
2
6
1
14
1
3
257
1
5
52
22
4
177
17
1
10
4
2
3
1
7
3
8
6
42
3
2
2
2
35
1
2
1
22
26
5
2
6
1
5
1
105
16
5
2
10
1
2
39
1
1
1
1
31
2
2
4
1
1
4
14
1
25
20
1
1
5
3
1
27
10
13
1
1
1
8
23
388
3
1
5
5
2
4
3
7
1
5
46
9
103
4
1
2
1
138
32
1
4
1
1
1
2
2
32
1
1
2
34
2
3
4
1
3
13
46
76
72
9
1
2
2
5
1
3
169
47
2
15
7
3
1
2
19
24
1
28
2
15
1
3
83
1
1
2
2
5
1
28
30
7
35
4
4
1
20
5
23
6
4
2
1
1
17
3
2
4
23
5
1
9
4
1
44
5
65
20
13
45
5
1
1
1
4
3
4
1
1
1
68
1
2
1
3
1
5
1
7
1
5
5
154
2
2
4
3
62
1
1
22
5
10
65
1
1
1
1
5
2
3
15
6
4
1
45
7
6
1
4
1
2
3
1
1
3
4
5
1
1
10
3
1
1
6
34
1
5
7
2
1
1
2
1
18
2
10
2
8
2
53
1
40
4
7
1
5
1
1
1
2
26
22
1
1
80
8
2
110
9
7
3
1
3
8
1
1
1
4
66
1
22
30
1
5
11
1
3
1
4
3
1
16
1
1
136
5
81
1
22
236
1
132
1
5
4
2
11
1
5
1
1
1
253
1
36
1
53
2
13
1
3
1
1
1
6
4
2
2
4
56
1
37
4
1
4
4
1
2
4
15
181
18
2
34
2
1
18
25
10
1
3
2
12
130
3
11
1
2
3
2
5
12
4
127
2
1
7
2
3
3
13
1
35
6
9
31
5
1
2
15
2
2
38
1
3
1
1
1
98
2
3
2
2
6
7
143
4
3
2
40
2
1
8
2
22
30
205
1
6
5
12
4
1
8
3
6
2
1
24
3
13
18
1
5
2
2
27
1
7
7
1
6
1
38
3
1
1
4
3
1
6
1
2
1
50
5
1
2
2
5
2
1
8
1
1
12
3
1
43
2
3
2
1
1
7
215
15
1
1
313
1
1
1
1
1
1
1
1
20
9
1
4
1
6
1
1
21
5
1
1
157
3
58
1
1
1
1
4
6
2
5
7
1
1
1
86
1
1
1
3
92
7
1
1
3
1
1
4
9
1
1
1
3
1
34
1
31
1
2
26
3
1
193
3
2
1
4
11
8
1
1
1
2
26
2
2
1
21
4
59
2
20
1
15
1
1
1
3
3
20
1
1
1
12
3
12
2
2
5
6
3
1
1
1
2
20
2
1
4
3
1
1
4
1
3
1
1
1
1
2
13
1
1
1
3
3
75
1
1
4
13
1
1
6
1
2
3
7
1
35
57
22
1
35
5
1
1
1
4
1
1
1
22
1
1
3
1
1
1
1
2
15
1
1
1
1
28
1
95
1
1
26
37
34
2
9
3
7
17
48
5
1
8
4
1
11
23
1
6
5
8
48
8
10
16
3
1
9
1
3
8
10
1
1
3
30
11
12
1
1
1
2
1
2
1
2
1
144
8
1
1
1
2
2
1
5
1
1
1
1
2
1
4
1
4
42
1
8
6
4
3
7
1
4
10
2
8
36
1
1
5
4
1
1
58
1
1
1
21
1
1
1
1
1
2
1
4
38
3
1
1
1
1
19
1
1
5
29
1
15
2
1
1
72
10
9
1
1
3
2
221
3
5
36
1
2
79
1
3
5
5
1
1
4
1
15
1
4
9
5
3
68
1
3
1
2
4
1
12
25
1
1
3
1
2
1
1
1
1
1
1
1
3
1
2
7
1
1
8
3
2
1
1
2
1
1
1
18
1
1
28
1
1
1
1
2
1
1
3
2
1
2
1
1
1
1
2
2
4
1
4
1
4
1
2
2
1
1
1
1
1
1
1
1
2
1
1
2
1
1
2
36
11
12
1
3
12
41
5
1
32
3
1
1
1
1
1
4
2
1
1
2
211
1
3
2
1
3
4
10
1
1
4
3
2
4
1
1
1
1
1
1
2
1
1
1
1
1
3
1
2
1
3
8
20
1
68
20
4
120
41
34
1
6
1
1
2
1
1
2
1
1
2
38
1
1
1
5
2
2
1
1
2
1
1
3
1
2
1
1
1
1
1
4
10
12
1
2
1
2
224
9
1
1
41
1
1
1
4
66
11
1
1
7
4
1
1
12
22
1
5
2
1
1
2
1
73
3
1
2
3
96
1
2
2
1
7
2
1
49
1
2
1
1
2
384
1
2
14
1
15
34
1
8
1
3
1
2
1
1
2
1
1
8
1
1
2
2
1
3
2
1
3
1
2
27
3
373
26
1
1
1
1
1
1
1
1
1
17
1
38
1
6
2
1
32
2
1
1
1
6
14
8
6
16
4
76
3
104
13
29
1
1
2
1
1
1
4
1
1
1
1
1
22
3
1
4
5
8
1
1
1
1
1
1
1
3
1
92
1
1
1
2
58
1
1
1
31
1
4
3
1
8
2
1
3
1
1
17
1
1
1
3
4
2
1
5
1
26
1
12
1
1
1
6
17
54
7
31
1
4
17
2
10
1
20
3
1
1
6
1
1
18
1
31
1
1
1
1
2
1
2
2
20
1
1
11
3
1
2
1
1
1
1
1
1
2
1
1
3
1
3
1
66
1
2
6
9
8
1
2
1
15
1
10
5
8
1
151
6
1
2
6
3
3
10
14
150
3
1
11
6
3
1
4
53
220
2
12
1
27
1
2
1
2
1
5
1
2
1
1
1
8
3
1
4
1
1
46
4
14
9
1
55
22
132
5
2
1
1
1
1
2
1
1
190
14
14
1
1
8
2
1
1
21
11
1
1
7
2
1
1
66
1
1
3
31
1
14
1
52
3
19
1
6
1
2
1
9
1
1
3
126
38
17
11
57
35
2
225
1
1
3
7
2
3
1
23
114
14
2
200
1
2
2
8
55
30
1
9
24
6
2
6
37
1
5
1
2
2
1
2
1
2
1
34
1
1
4
1
43
1
21
4
9
3
5
403
106
20
2
2
2
3
2
4
40
2
7
1
101
32
5
2
1
54
11
2
3
9
4
13
26
13
6
1
2
1
5
7
27
2
1
3
16
1
3
5
2
1
3
6
5
1
2
1
47
1
1
25
2
1
2
1
1
3
1
2
18
8
10
8
12
2
51
63
10
2
12
2
1
2
23
1
234
28
1
66
148
16
31
2
3
1
5
1
11
2
4
75
2
8
1
1
1
2
30
4
11
8
3
2
1
1
13
11
14
14
1
2
1
24
1
1
1
24
8
17
132
2
1
66
1
1
3
22
13
1
6
11
229
250
6
1
26
1
4
241
1
80
5
12
2
8
4
4
23
1
3
41
18
25
4
1
5
2
26
19
1
5
13
15
1
1
1
1
64
1
2
1
2
6
1
7
27
3
52
35
1
6
20
1
8
3
4
2
6
62
1
1
157
4
19
2
8
68
3
1
32
21
2
19
31
1
1
7
91
20
1
26
104
81
16
11
11
2
1
1
3
1
7
1
1
1
1
1
18
1
1
1
1
1
1
1
1
1
1
1
5
1
1
1
1
1
1
1
1
86
1
44
1
1
2
2
1
9
1
1
1
1
3
1
1
1
1
3
1
1
3
1
1
1
15
5
30
3
17
2
2
3
1
1
2
1
3
2
1
1
1
46
1
13
77
1
4
2
9
1
23
17
5
71
4
18
8
2
24
3
54
2
3
1
20
2
2
1
1
3
1
1
4
1
3
4
2
2
20
1
3
10
2
1
1
1
1
56
1
1
1
1
1
1
1
1
1
1
1
2
6
47
72
4
1
1
1
1
1
1
2
1
1
1
1
1
1
1
1
4
1
49
1
2
1
1
2
1
1
3
1
1
1
1
1
4
1
21
1
14
1
1
1
47
1
1
1
75
3
3
1
1
2
1
1
1
2
6
1
3
1
1
1
1
2
2
1
1
1
1
1
1
1
1
3
5
1
1
1
25
138
1
1
1
1
1
1
1
87
1
1
2
48
1
182
11
5
1
1
88
1
2
25
3
6
1
1
1
3
140
1
1
1
2
74
7
2
4
6
2
20
2
1
1
5
2
3
1
17
6
10
8
9
1
17
33
2
3
5
9
1
53
1
1
3
1
1
1
2
1
1
65
1
75
8
2
2
2
1
7
1
43
4
5
9
12
13
1
8
18
172
3
42
12
7
1
14
2
4
7
1
32
17
8
2
1
3
1
7
1
1
1
1
1
9
2
13
2
1
1
26
1
3
1
5
17
2
1
1
84
1
1
1
2
2
1
1
1
5
1
1
1
1
20
15
2
1
8
52
1
2
2
92
13
8
5
1
1
8
40
1
2
1
2
1
1
1
1
1
1
1
1
1
6
200
7
2
1
1
5
1
104
5
1
1
1
1
3
1
1
1
34
1
2
17
1
1
1
1
1
68
1
1
20
4
1
5
2
1
138
1
4
1
3
1
1
1
4
1
1
1
1
71
2
15
1
1
1
2
15
30
83
117
2
3
1
1
2
33
1
2
1
18
1
22
1
13
2
1
1
2
31
1
1
1
1
2
3
9
4
1
4
1
3
3
1
39
4
81
1
1
1
1
40
2
2
2
1
1
7
8
1
1
1
59
4
2
12
4
1
2
1
87
1
1
1
1
21
1
1
2
1
1
15
5
2
2
20
1
2
54
1
1
1
3
37
2
1
1
6
1
90
20
36
1
1
1
1
1
1
1
74
6
2
1
1
1
1
1
126
1
1
4
9
2
7
5
1
1
236
1
1
1
1
1
2
2
10
1
1
4
1
1
4
2
119
1
1
1
1
74
200
1
1
4
2
3
1
7
28
1
22
7
1
10
1
1
151
1
84
1
1
1
1
1
2
19
1
4
1
1
3
1
2
5
6
1
161
1
1
1
7
2
3
1
26
1
5
1
1
2
12
18
5
2
8
1
1
192
2
1
4
3
2
41
3
81
1
1
1
1
2
1
1
1
183
1
9
1
1
1
2
10
1
4
1
1
1
1
4
16
11
3
5
4
7
1
1
1
1
1
16
1
1
1
1
24
2
1
2
1
16
31
2
10
1
8
14
1
2
2
1
2
1
180
1
1
2
1
1
1
12
19
1
2
1
2
6
1
1
1
1
4
1
2
1
1
1
1
1
1
1
1
3
1
1
8
1
25
1
1
1
1
1
1
1
2
1
1
2
5
134
1
2
4
1
2
1
1
1
1
1
1
11
1
10
3
2
1
9
1
143
1
4
10
15
4
3
1
13
59
1
2
1
1
1
1
5
1
1
120
1
1
1
3
8
1
1
9
260
2
7
1
23
1
5
1
1
3
1
5
1
1
1
2
30
1
2
17
8
97
3
2
9
6
3
1
2
2
14
24
1
1
1
1
2
3
3
5
3
4
1
3
5
1
66
44
2
3
7
5
1
2
3
1
28
33
5
79
182
4
119
8
34
19
31
15
7
16
5
1
17
7
154
110
6
2
33
24
55
3
1
42
114
1
76
5
16
11
43
5
15
1
59
1
6
10
3
25
11
6
1
8
4
1
4
1
2
2
36
3
1
5
4
4
4
1
15
1
113
1
2
15
1
1
1
4
1
2
27
1
52
2
1
1
1
1
2
2
1
1
1
1
1
2
50
2
1
1
1
8
1
9
1
1
1
1
28
57
4
1
115
1
4
8
12
1
12
216
4
12
1
8
15
3
29
1
5
1
14
29
3
25
3
3
3
8
9
1
3
1
1
2
1
1
1
1
1
1
1
1
2
1
1
3
11
1
45
2
2
1
15
2
8
3
1
1
1
1
7
1
38
1
3
1
1
1
1
1
1
1
1
1
1
2
1
1
1
1
1
2
3
1
6
1
32
25
24
1
1
1
1
1
1
1
1
1
1
6
1
1
1
1
1
2
3
1
1
2
3
1
1
1
1
1
1
1
96
1
2
1
1
1
1
1
1
1
1
2
2
1
1
1
3
1
1
1
2
1
1
1
3
3
7
1
6
1
1
1
1
3
2
79
1
2
1
3
1
1
1
1
1
3
1
1
7
31
66
1
1
1
1
1
7
1
20
2
1
1
1
1
1
1
1
5
1
121
4
1
1
1
1
69
1
1
1
1
1
1
395
114
1
1
21
1
1
40
31
1
1
1
1
1
1
2
136
37
1
12
1
1
6
1
5
12
173
1
2
4
1
2
1
23
8
1
3
1
1
4
3
13
1
1
2
1
29
2
22
1
2
46
1
1
1
2
1
1
1
1
1
1
115
1
1
1
1
2
1
1
2
14
1
2
2
1
1
1
1
3
1
1
17
1
1
1
54
3
1
1
1
2
103
1
1
1
3
2
1
27
1
1
1
46
12
14
1
1
175
1
1
4
37
3
1
2
1
3
1
2
49
98
1
4
2
68
1
1
1
1
1
1
1
1
1
1
1
1
1
1
2
1
1
1
1
1
1
1
2
3
2
2
96
1
1
1
2
1
1
4
1
2
1
1
1
1
2
1
2
1
1
1
2
2
1
1
1
1
1
2
47
1
1
13
1
1
1
27
1
1
1
4
3
2
1
5
1
61
2
7
1
4
12
2
4
1
1
1
1
1
1
3
1
1
15
1
1
13
8
5
12
33
2
1
101
1
6
17
4
4
66
3
4
1
60
2
1
1
23
29
17
1
1
4
1
10
14
1
1
2
155
1
4
2
12
3
10
4
6
1
2
2
1
200
80
1
1
2
7
3
73
2
1
2
65
5
1
73
1
1
1
7
1
2
1
1
1
9
1
1
1
1
1
1
1
1
1
1
18
99
4
3
1
39
4
1
1
1
1
36
1
1
18
6
3
1
1
1
1
1
8
2
2
7
30
1
11
33
2
388
8
3
7
1
3
2
10
1
1
1
2
1
1
1
2
15
2
1
8
228
1
1
7
1
6
1
7
1
1
1
1
6
1
46
1
1
4
1
1
1
1
1
1
1
1
1
1
1
1
6
1
1
9
24
1
1
1
1
1
7
1
4
2
1
1
1
1
1
1
1
3
1
1
1
2
3
1
24
1
1
1
34
1
1
1
4
1
1
1
1
1
1
1
1
1
1
32
1
1
1
2
16
2
1
3
1
1
3
1
1
1
14
13
11
3
3
12
1
7
1
1
1
63
8
29
1
2
1
1
5
15
1
3
67
8
1
12
1
1
1
1
22
1
1
1
2
5
1
1
1
1
1
1
62
1
1
2
1
3
1
1
1
4
2
1
2
1
1
1
2
12
2
20
2
1
3
1
1
65
22
7
1
1
1
1
3
21
82
4
3
5
1
1
4
1
75
1
5
1
12
7
6
36
1
1
4
3
1
2
1
10
1
7
2
1
16
1
23
1
1
5
7
1
1
1
1
2
1
1
1
3
21
5
1
23
2
3
1
3
4
31
4
1
17
1
11
1
1
2
1
1
6
2
1
1
1
2
9
159
7
1
2
95
6
2
15
1
8
1
1
15
1
1
3
8
2
1
14
1
15
1
4
40
1
1
182
1
1
74
1
1
36
1
1
2
2
1
2
1
1
9
4
5
4
5
7
14
61
18
2
1
1
3
1
1
1
1
2
3
2
1
63
30
1
1
1
2
1
2
1
3
2
1
3
2
5
3
4
12
238
9
3
1
41
48
1
1
1
1
17
6
16
6
6
86
2
2
1
1
1
1
2
2
1
5
6
15
134
1
2
1
4
1
1
22
6
1
2
11
80
11
1
2
2
2
1
20
122
