1
8
1
9
1
18
1
14
1
26
1
5
3
1
3
4
2
1
7
7
1
18
21
20
2
30
52
3
19
53
4
4
19
15
5
8
6
3
9
1
4
5
7
37
39
15
3
5
2
1
13
4
5
2
4
2
2
1
72
4
12
35
6
3
3
3
6
2
2
26
63
1
3
3
7
5
9
4
24
9
1
1
1
17
39
1
25
1
8
1
2
1
50
49
1
1
1
4
3
54
14
51
4
4
5
5
3
4
1
1
2
1
1
1
7
1
35
5
22
1
4
4
7
3
30
1
7
2
7
3
3
2
1
9
2
2
6
4
1
1
5
2
1
43
8
1
2
27
1
2
10
7
1
3
3
3
2
16
11
8
3
2
3
52
2
13
2
2
3
6
8
6
3
10
21
1
50
2
22
7
1
7
19
51
1
15
1
20
1
1
4
12
24
12
5
6
2
14
2
2
3
30
1
24
6
3
2
13
28
2
3
2
1
1
6
4
34
5
3
8
2
1
4
3
30
12
54
19
1
3
1
32
1
1
21
15
23
1
7
1
1
5
1
2
2
50
1
8
2
34
1
3
1
8
92
38
2
3
1
1
1
7
66
4
4
2
1
1
3
2
4
1
6
5
16
1
1
3
3
13
5
29
3
4
8
9
1
23
3
7
2
3
5
3
4
1
1
3
2
2
17
12
21
66
29
2
1
6
56
1
40
67
7
29
4
10
1
2
20
22
1
1
1
5
11
30
1
3
4
1
4
6
6
2
8
39
1
2
1
2
4
8
5
40
2
2
6
1
21
1
4
31
51
1
2
1
5
21
2
7
6
2
1
1
4
9
2
25
11
8
9
30
1
15
9
27
9
5
1
13
1
2
1
3
1
1
8
48
35
4
5
1
1
4
5
1
1
14
1
4
8
28
9
9
12
2
2
10
2
3
1
9
4
2
3
1
4
11
28
1
14
1
2
4
2
2
1
1
6
19
2
2
1
2
13
1
2
16
1
15
1
1
1
54
2
20
4
4
12
20
22
10
1
1
2
9
2
2
1
5
3
42
7
15
66
1
2
34
1
3
5
2
7
20
2
2
2
14
22
41
26
3
4
9
1
1
2
4
4
11
21
15
2
1
4
1
1
11
38
2
1
2
3
3
33
3
3
4
1
1
31
8
7
1
1
1
2
3
2
2
1
2
3
5
12
1
7
1
2
26
2
16
36
63
12
27
9
29
31
29
1
3
11
1
1
9
23
1
7
1
1
4
82
4
4
1
4
2
21
5
25
4
8
11
10
43
10
2
5
19
18
6
5
10
2
11
75
2
3
2
10
12
4
9
5
1
7
5
1
3
7
12
12
3
2
17
4
6
10
2
1
1
31
1
1
21
3
1
1
48
2
1
1
1
12
9
43
6
30
9
4
5
1
1
1
1
1
38
4
2
1
1
3
1
1
1
2
1
8
1
8
2
2
1
1
2
1
2
2
2
1
1
15
1
20
22
2
1
8
1
33
1
2
16
1
36
1
3
6
5
1
1
3
18
3
6
1
9
1
3
16
16
12
8
1
2
2
1
5
2
8
4
1
2
1
1
2
2
3
5
7
1
2
2
9
2
22
7
49
2
2
4
2
12
4
7
6
1
3
31
14
22
1
1
1
2
7
12
27
1
1
14
9
1
4
1
23
1
1
42
3
9
4
9
1
6
3
1
1
2
2
49
1
2
2
12
5
14
12
1
2
11
15
2
4
1
1
1
11
1
3
2
23
2
2
1
1
11
69
4
28
4
17
51
5
1
2
21
10
6
2
1
53
2
2
4
1
31
1
3
32
4
18
5
1
3
4
23
41
1
1
2
3
6
8
1
1
3
2
2
4
2
2
2
14
2
5
3
12
5
2
6
1
64
10
4
3
2
6
1
1
1
13
5
1
5
15
10
1
3
2
14
3
16
3
41
11
29
2
1
4
4
6
2
13
1
13
28
7
3
2
3
3
22
5
3
2
4
1
3
2
2
3
5
7
2
5
9
1
2
6
13
1
1
18
3
21
2
2
2
2
14
1
2
4
5
17
18
3
2
2
6
2
4
1
12
5
18
2
3
1
10
2
21
2
4
36
4
1
1
11
69
30
7
1
2
4
59
1
30
1
9
3
17
1
8
2
1
1
4
26
18
2
4
7
2
27
2
4
3
6
5
24
1
1
2
2
1
3
1
2
2
2
2
4
3
2
12
3
6
27
7
1
1
1
1
38
14
3
1
1
1
7
7
14
6
1
11
5
2
2
1
18
2
13
23
1
31
6
2
2
1
2
20
2
6
12
1
1
1
24
1
2
1
1
1
18
5
1
2
3
1
2
10
10
3
2
31
2
4
4
4
1
8
15
4
1
4
24
11
6
4
4
4
16
1
3
27
1
3
1
1
2
4
29
2
4
1
1
2
2
7
1
1
49
22
23
4
1
26
5
44
82
3
2
13
1
4
27
1
7
5
2
2
12
3
8
2
3
19
2
7
2
1
1
3
1
4
1
2
2
3
2
26
1
3
4
1
69
2
2
29
5
8
2
1
9
5
4
67
60
1
14
1
1
1
6
26
1
2
1
1
1
3
2
2
8
19
3
19
6
1
9
2
5
1
1
1
5
1
3
6
5
48
4
23
4
10
2
4
3
2
12
5
34
3
1
2
20
3
3
72
1
4
1
24
13
2
24
13
9
3
2
22
2
2
1
1
9
7
2
4
34
8
4
2
7
2
6
3
4
8
5
8
3
13
19
4
1
1
1
3
1
3
4
1
1
7
3
17
13
2
2
1
4
1
1
1
13
3
2
2
3
2
6
2
24
1
50
7
12
1
19
4
7
5
17
4
5
2
41
1
5
23
3
1
1
10
2
7
3
29
3
15
3
2
1
18
15
1
2
1
1
4
2
2
8
3
2
1
3
4
2
1
9
1
4
31
2
3
6
10
12
5
1
6
5
6
24
1
22
5
21
20
1
1
2
1
2
48
2
3
6
2
4
3
11
24
12
61
32
1
21
1
2
1
9
2
4
3
9
2
9
2
1
3
1
3
14
2
2
5
1
3
1
4
1
3
17
3
3
4
1
2
2
4
1
4
1
28
2
7
25
4
2
1
3
7
2
2
2
29
2
4
3
1
11
1
9
3
2
2
1
4
6
3
4
2
2
2
2
2
3
11
1
6
3
5
1
1
1
1
6
2
3
27
2
2
1
1
2
2
2
6
1
6
22
25
9
1
16
1
1
12
2
5
2
3
4
13
2
2
1
4
4
17
3
32
4
13
7
40
2
12
2
9
1
3
26
4
2
7
1
2
1
5
2
5
3
45
4
2
1
1
30
22
2
2
1
2
3
18
1
83
24
2
12
1
1
3
1
1
5
35
1
1
4
6
3
9
1
2
38
60
4
6
2
3
7
5
7
7
2
46
3
4
7
1
55
7
2
4
2
2
12
8
2
1
4
2
1
29
9
3
37
7
2
2
1
1
3
9
5
1
4
2
2
2
24
3
12
20
5
8
1
5
2
14
3
42
1
6
7
1
42
1
3
1
3
2
11
1
4
1
32
1
4
5
3
1
7
2
5
15
49
2
16
13
6
5
3
1
1
6
3
2
1
1
4
30
3
1
3
2
1
1
8
2
7
1
4
2
31
1
9
1
7
1
1
4
4
2
3
1
3
2
2
10
1
6
5
1
2
5
4
7
3
4
12
2
1
2
10
4
29
2
11
13
1
4
1
1
64
13
8
3
1
2
2
6
2
2
4
2
1
4
2
25
1
14
1
36
9
1
2
1
1
42
3
4
11
3
1
2
1
1
19
2
1
4
3
1
4
12
4
2
2
4
1
2
9
1
27
2
44
50
2
4
2
20
14
7
4
1
2
8
1
4
2
2
2
13
5
1
2
5
1
7
10
2
9
7
6
1
7
2
14
5
1
2
3
1
4
3
9
1
1
2
4
3
1
6
4
62
2
48
16
1
6
5
4
1
3
9
5
9
4
4
10
2
4
15
2
1
9
2
36
2
44
2
68
4
3
1
1
3
1
1
1
2
3
2
4
7
6
2
2
9
20
23
6
4
25
23
18
2
2
26
19
1
73
2
4
3
5
2
4
25
5
2
21
6
2
2
4
1
24
4
3
3
2
53
10
4
1
21
4
1
1
1
1
5
20
1
2
1
4
10
18
9
4
10
24
7
5
3
1
2
5
32
2
3
6
2
4
2
3
1
2
1
3
76
2
2
2
25
3
8
1
1
3
7
1
3
20
1
2
2
1
2
3
7
2
43
14
10
2
5
22
3
1
2
6
1
3
4
3
5
31
2
8
2
4
4
7
4
13
34
9
3
7
5
13
5
3
1
6
3
3
19
7
21
1
1
1
5
24
3
1
3
1
1
10
11
2
2
1
11
2
13
16
62
3
5
5
1
13
6
4
11
9
2
2
1
11
7
36
13
1
1
20
5
1
37
4
2
3
2
32
3
4
2
2
4
9
3
2
1
3
1
4
2
23
3
22
1
47
3
13
1
5
9
4
20
29
2
1
3
7
10
7
2
12
63
8
27
9
39
3
3
1
5
1
8
1
1
4
3
2
1
2
3
3
1
8
5
4
36
4
1
6
2
7
2
5
67
1
3
2
5
1
12
4
5
9
2
56
1
1
2
2
7
3
7
8
7
9
1
2
3
10
2
1
3
1
1
1
1
1
14
12
3
11
1
1
7
10
1
2
3
5
72
2
6
9
2
1
5
2
40
1
7
7
7
3
2
7
3
13
2
1
32
1
3
4
5
19
8
5
1
1
1
22
1
1
7
10
1
8
3
3
1
3
1
3
7
3
4
2
3
13
9
10
8
6
8
3
1
13
10
15
2
1
1
69
2
3
7
21
6
1
18
2
19
1
7
54
1
1
31
4
1
2
9
8
5
9
3
3
8
1
12
9
3
1
22
1
6
11
1
4
1
1
3
5
18
19
3
6
24
14
31
2
2
2
1
16
3
7
2
16
4
11
13
1
12
1
1
9
4
2
3
48
3
2
15
1
4
4
3
7
1
14
2
2
1
21
5
16
11
5
12
1
11
6
1
17
18
32
2
4
1
1
1
1
4
53
9
5
1
5
9
3
12
2
2
4
7
20
9
1
1
2
5
1
3
11
8
2
2
5
6
1
4
18
5
3
2
7
4
6
2
22
2
9
5
4
1
3
5
4
2
1
17
6
5
70
2
6
30
1
21
2
2
1
6
64
3
10
7
11
3
53
2
2
11
61
5
2
3
5
2
51
1
1
1
4
18
7
2
3
3
10
2
4
2
12
3
2
4
22
8
3
6
2
13
3
1
1
3
4
4
1
2
2
16
2
8
4
1
1
2
4
3
1
3
17
3
2
5
18
1
3
1
25
49
31
2
3
1
4
2
8
10
3
24
2
3
11
2
2
7
2
34
16
20
8
3
20
31
8
19
19
2
8
1
14
1
2
41
7
14
3
2
8
28
26
6
4
1
4
9
19
17
43
12
5
2
13
1
25
4
15
8
1
9
4
1
7
7
12
2
7
2
3
2
9
2
2
6
42
1
22
2
17
2
6
1
2
63
2
2
3
1
2
7
2
10
5
3
24
1
1
3
