1
8
3
1
25
1
1
1
3
7
32
2
1
1
1
3
9
20
1
10
1
17
2
1
2
2
1
5
1
1
15
2
7
5
7
3
3
18
2
5
10
5
1
2
12
6
6
12
6
3
5
2
1
2
13
6
1
1
8
5
1
3
22
10
14
1
4
8
10
7
9
41
37
34
11
3
1
5
6
1
5
11
4
1
11
3
3
1
5
1
1
1
2
1
2
7
1
5
3
2
9
1
1
14
2
1
7
1
18
8
1
2
3
1
2
5
4
8
1
49
3
11
1
2
2
1
2
1
70
2
14
1
1
4
1
5
18
1
2
3
1
1
1
4
5
5
26
24
18
1
3
5
4
1
3
7
5
26
2
5
7
44
15
2
1
11
2
1
47
2
4
2
3
7
8
23
7
12
1
1
2
1
2
10
2
18
2
4
4
1
1
3
18
8
3
9
2
5
5
5
3
1
4
57
4
23
4
4
11
2
27
3
15
17
31
12
3
1
12
42
3
72
7
4
2
9
88
1
4
2
22
1
5
4
20
1
45
8
1
4
1
16
14
5
2
4
19
1
2
6
2
3
1
1
14
1
2
19
2
7
3
25
1
64
3
2
3
1
4
43
15
6
4
2
3
2
7
30
5
2
1
6
2
2
2
1
3
1
2
4
6
1
16
14
2
3
24
1
2
12
2
2
10
2
1
1
29
9
2
1
18
26
2
4
1
6
4
19
7
17
83
26
3
1
38
3
2
14
10
1
1
12
4
2
1
2
2
2
1
7
4
1
2
1
5
8
6
13
2
9
1
3
1
2
40
26
3
3
13
9
30
4
1
16
2
3
2
16
9
1
21
7
1
1
30
1
2
12
1
14
1
13
7
1
10
1
11
2
2
1
1
2
34
2
2
5
3
2
2
20
10
3
16
10
2
1
1
7
5
1
1
1
3
5
22
2
2
50
5
1
10
17
3
3
3
1
1
11
2
15
8
1
2
2
6
6
3
11
1
8
1
8
11
6
3
4
5
1
3
12
2
1
1
8
1
8
1
1
2
6
1
12
1
3
1
14
23
3
7
27
4
2
11
1
24
2
10
1
19
3
1
1
2
1
2
1
1
3
18
12
47
43
9
3
3
2
1
1
8
3
49
3
14
1
21
1
7
1
14
1
11
7
19
6
2
4
1
11
1
3
17
9
6
13
3
1
8
3
6
1
3
4
2
6
3
1
1
1
4
2
10
5
2
7
2
1
1
17
22
1
15
6
1
9
33
2
21
4
13
5
10
3
11
15
2
10
1
2
1
1
1
1
3
2
32
13
4
1
3
2
5
69
1
2
1
4
2
10
7
11
66
16
2
1
7
1
10
1
12
2
6
2
3
5
21
1
2
3
6
2
17
3
6
15
3
6
1
1
7
1
12
6
1
9
7
2
10
14
2
8
37
11
2
3
12
12
2
1
2
7
1
2
2
5
14
1
5
3
2
2
1
8
1
12
57
23
1
1
14
6
1
1
35
16
2
1
1
7
1
1
2
2
2
12
3
5
9
2
15
12
1
5
6
9
82
8
6
6
1
2
1
2
8
35
1
7
31
17
6
2
4
3
1
6
3
2
1
2
2
3
3
4
4
6
3
13
4
34
8
1
4
9
5
2
4
2
3
20
2
3
4
1
9
5
1
1
3
18
1
13
2
3
1
22
29
3
2
3
1
4
15
2
12
1
6
2
1
3
2
1
1
1
3
12
25
3
1
1
10
1
1
6
9
6
11
2
3
6
1
13
3
16
2
13
8
6
1
3
2
1
2
8
2
3
3
2
4
3
1
5
1
3
8
2
15
96
41
4
4
6
1
1
1
1
1
1
2
1
2
21
2
7
1
3
2
1
3
7
3
1
1
5
19
13
6
1
3
3
1
1
3
2
2
2
8
4
31
1
4
3
3
7
2
4
13
1
3
2
5
17
2
9
36
43
2
1
5
12
5
17
2
1
1
1
2
15
1
13
8
1
2
9
3
17
2
1
5
2
2
1
2
2
12
2
7
1
2
1
1
1
26
5
1
12
1
4
11
17
1
15
2
24
1
1
28
3
5
10
1
3
11
2
8
17
1
8
4
20
2
3
2
3
1
3
3
10
3
2
28
1
5
2
2
1
2
3
3
2
16
3
15
2
17
32
4
4
3
18
2
2
32
3
20
9
15
24
7
3
3
6
1
6
5
8
1
1
1
3
16
1
2
4
28
29
9
5
2
9
8
4
2
3
14
3
11
7
2
2
15
1
6
49
3
2
2
24
1
8
4
9
3
8
2
4
4
3
21
1
3
1
31
1
4
4
1
2
4
2
5
17
23
2
3
6
1
1
1
6
2
9
10
2
17
26
1
5
3
1
7
3
6
14
9
5
7
4
16
3
18
2
48
3
35
1
20
2
2
2
1
3
16
4
2
7
8
11
2
3
11
1
4
1
29
23
58
4
3
6
2
4
1
42
1
2
14
9
3
4
1
1
4
7
1
1
3
1
5
18
2
21
7
90
3
5
1
2
4
12
3
1
1
23
2
7
7
3
1
7
11
2
2
7
1
1
11
2
3
1
16
3
1
3
6
12
6
9
3
2
2
2
1
6
1
1
1
2
1
12
3
10
18
1
29
4
1
20
1
9
2
2
33
25
5
3
39
1
1
7
3
2
3
7
3
1
6
1
3
41
1
3
15
2
1
3
3
1
1
2
2
7
1
6
4
2
3
7
1
3
1
44
8
9
13
2
1
25
6
1
5
18
3
1
19
2
2
28
1
2
8
14
17
1
2
4
1
3
20
3
1
1
11
2
2
9
5
31
2
3
6
2
18
3
25
1
6
1
23
25
2
5
19
2
4
7
4
2
4
2
9
4
6
4
3
35
3
6
6
2
19
1
13
1
5
2
1
12
1
3
3
2
2
99
6
2
3
21
18
37
4
4
1
2
4
1
2
3
19
5
1
3
12
5
2
4
2
1
2
6
2
1
1
1
8
2
4
4
16
7
14
1
2
1
3
1
1
2
1
2
1
1
10
2
2
2
18
3
6
3
17
28
3
5
22
59
8
2
2
2
2
5
3
9
1
2
10
1
2
3
7
9
1
30
1
1
2
5
5
6
2
1
7
38
2
3
1
1
9
10
9
4
21
2
12
3
1
18
8
15
2
3
2
2
14
1
2
7
2
1
9
3
4
1
9
13
5
1
3
8
3
2
7
1
1
2
1
13
6
1
9
1
29
1
3
4
2
45
1
35
3
2
6
4
1
1
16
1
13
70
6
8
1
40
2
3
3
17
27
3
4
4
1
1
12
5
1
2
23
3
30
3
2
51
3
3
2
1
15
11
4
1
23
2
4
2
4
2
14
1
3
3
3
1
1
1
9
9
1
2
13
1
1
1
69
14
1
13
8
3
5
1
23
1
6
2
10
2
4
2
1
52
37
8
1
2
14
8
1
2
1
1
7
5
1
2
3
8
1
7
1
12
1
39
2
3
27
2
13
22
5
9
1
15
1
2
1
1
9
2
3
1
1
1
7
1
1
3
6
1
1
40
23
5
7
1
1
4
1
1
4
1
24
2
2
1
20
22
5
2
2
15
4
19
2
1
1
9
3
1
2
2
1
4
11
7
1
3
2
1
5
2
10
1
2
3
3
2
2
1
1
2
26
3
25
1
3
16
6
2
4
2
2
10
2
5
1
2
4
1
4
5
1
9
5
1
2
18
3
11
1
4
4
20
24
3
1
31
1
2
18
16
5
9
2
13
10
2
1
3
17
7
19
76
7
1
3
11
9
4
3
37
2
2
3
16
2
2
4
33
1
1
1
2
2
3
18
2
9
12
1
9
10
17
1
2
2
2
1
2
32
1
10
2
8
1
8
9
2
3
3
6
5
5
1
1
40
12
4
6
3
24
2
1
1
2
2
5
19
1
2
4
2
2
4
2
3
2
6
1
1
2
2
3
2
3
1
14
4
47
5
1
1
25
1
60
3
2
4
7
1
9
2
1
3
5
1
1
1
3
2
1
7
1
27
7
50
9
5
7
2
3
16
3
3
10
1
2
4
28
1
1
2
14
3
1
1
8
1
1
1
12
3
2
6
2
3
2
5
4
8
5
1
1
1
3
53
13
3
32
10
2
2
4
1
1
1
2
5
4
2
1
4
2
4
9
5
1
1
1
1
16
41
1
6
11
23
2
39
5
13
7
2
24
1
1
2
20
3
6
4
2
7
1
2
1
12
5
9
2
20
4
1
4
1
1
1
7
3
2
10
1
11
1
16
54
2
25
5
37
3
18
1
15
2
5
1
4
2
40
56
3
1
5
2
9
2
2
3
1
1
4
3
4
6
11
2
2
2
2
1
5
3
5
26
1
19
1
1
1
50
1
1
2
8
1
1
9
2
1
1
8
5
29
1
5
44
2
6
4
2
1
12
1
1
1
6
5
1
4
10
2
2
1
1
8
3
4
1
2
24
1
3
1
1
2
3
2
3
2
5
3
3
2
7
1
3
5
12
13
22
10
2
1
25
2
3
2
2
2
1
8
3
1
5
5
2
3
3
1
9
3
3
2
1
1
1
4
8
1
7
1
13
1
5
6
7
1
3
19
3
1
1
3
2
1
12
2
1
42
6
31
8
1
3
7
6
2
2
6
6
2
4
1
1
1
1
16
2
2
1
2
2
6
2
23
1
1
2
2
6
1
1
3
5
2
1
7
2
30
3
4
3
2
43
24
1
16
5
2
5
3
2
9
4
4
13
14
1
1
8
1
4
1
4
1
1
7
1
1
1
2
2
3
7
7
2
1
2
4
3
29
1
5
3
3
5
2
2
9
8
7
3
4
12
2
4
6
1
4
24
4
1
4
8
24
13
2
23
4
35
10
2
13
5
28
1
5
9
7
3
2
2
2
3
22
1
1
6
1
11
3
6
1
3
7
2
3
2
10
30
3
37
11
4
1
3
2
14
2
17
4
2
2
1
1
23
1
1
1
2
1
4
1
2
3
3
8
1
5
1
8
1
5
2
4
7
1
2
5
1
2
2
4
1
2
2
37
2
1
2
2
4
1
6
1
9
5
1
2
2
2
6
4
1
6
6
3
3
10
4
17
3
14
9
30
37
1
22
73
4
1
1
3
7
2
1
4
1
6
6
10
64
3
1
1
47
1
29
19
4
1
15
4
1
1
9
3
1
2
1
13
1
2
4
2
7
2
11
3
4
57
9
13
1
5
11
1
5
6
4
3
9
1
2
9
1
2
5
3
12
1
1
3
4
1
11
58
6
2
9
6
1
4
7
1
3
2
1
2
1
1
8
16
8
4
5
1
1
7
2
34
5
9
3
1
2
4
8
10
2
2
7
1
1
7
11
25
11
1
1
6
23
45
2
1
1
10
2
1
3
15
6
4
4
2
10
45
6
1
1
1
3
42
1
6
1
2
3
2
3
7
10
2
8
4
3
40
2
7
1
14
14
4
7
4
1
4
1
3
3
2
8
7
4
2
5
7
1
3
4
19
7
1
2
1
5
43
49
2
3
7
2
1
10
1
1
11
1
4
8
1
5
3
4
1
4
2
1
3
13
1
4
3
2
5
3
1
5
31
38
26
1
5
6
12
15
4
3
10
1
2
45
3
39
10
1
7
2
8
1
7
3
18
3
6
17
13
1
1
7
3
5
5
1
14
9
24
2
2
1
4
1
3
3
9
3
4
1
10
1
4
4
8
10
2
14
2
1
4
8
1
2
11
7
9
3
3
10
6
1
8
1
3
5
5
1
6
61
1
4
2
3
8
3
1
31
6
2
2
5
2
8
27
56
5
3
6
20
4
1
3
5
2
1
5
35
7
1
3
2
3
3
1
2
11
4
1
2
3
9
2
14
1
15
1
1
15
3
1
2
1
1
17
6
1
1
8
2
13
1
7
2
3
2
1
1
2
1
1
7
2
2
1
9
3
1
3
1
4
2
23
1
3
1
3
4
2
1
11
43
2
9
3
4
2
13
5
13
14
7
1
1
1
5
3
3
1
2
1
2
3
4
2
2
3
7
4
5
1
2
1
7
3
1
2
3
3
4
4
1
6
14
3
1
2
1
2
1
15
3
8
38
3
5
3
3
3
8
7
3
3
2
5
9
3
1
17
8
25
16
1
3
1
8
1
5
6
10
5
2
3
4
25
7
1
1
1
7
18
27
1
12
1
24
2
4
69
2
6
7
3
12
7
1
5
4
2
3
2
4
1
1
1
16
3
2
30
4
8
2
14
18
1
4
26
7
1
3
1
7
2
15
2
2
2
2
21
1
1
3
2
1
1
5
1
10
1
10
3
4
5
25
33
2
6
3
3
1
4
1
9
2
1
1
9
2
5
7
21
2
1
1
2
4
4
5
4
3
23
1
14
4
3
8
1
32
8
1
16
2
6
24
4
11
13
6
4
6
1
2
23
2
4
3
2
10
20
3
2
2
1
2
3
1
3
1
11
40
5
3
15
16
4
2
4
2
1
2
1
1
7
1
3
5
2
13
4
8
7
16
5
1
4
12
10
4
4
8
3
2
4
18
8
6
7
1
5
6
1
5
2
3
1
14
9
8
1
2
26
1
4
11
1
1
33
5
20
2
7
16
1
6
5
4
4
3
13
2
7
6
2
1
35
5
1
10
2
20
1
3
4
26
8
1
11
11
6
4
3
6
4
5
3
2
14
1
7
1
2
4
2
7
1
6
1
4
2
6
10
4
3
3
10
2
1
1
4
2
2
20
6
2
2
10
3
3
4
3
1
1
4
5
2
17
3
1
22
5
21
2
11
3
1
1
7
31
3
1
9
1
6
2
14
1
19
9
6
2
1
10
12
11
8
1
2
1
10
8
1
7
2
1
1
1
3
2
58
9
1
4
2
2
10
2
2
1
9
7
10
9
1
5
1
1
1
4
1
1
3
1
6
1
2
1
1
4
9
6
2
4
5
4
3
1
1
9
2
5
4
1
4
3
1
40
19
7
5
2
26
1
12
41
5
10
8
5
3
1
4
12
20
2
3
2
1
11
2
16
2
51
8
4
4
6
3
13
8
1
19
7
4
4
5
2
3
3
6
2
2
34
7
21
28
4
3
1
8
4
18
4
55
3
5
6
6
17
7
1
2
5
3
7
2
15
11
19
7
1
5
1
3
1
13
6
4
1
5
14
26
2
6
5
15
6
15
1
2
2
37
8
10
13
21
5
11
19
3
31
30
1
4
4
2
9
2
4
13
12
12
7
2
5
12
12
7
5
2
22
2
10
9
2
4
11
2
15
13
4
2
6
