1
3
1
1
1
1
6
1
5
13
82
8
16
2
7
1
2
24
4
2
1
9
1
7
10
9
11
5
3
6
2
48
9
1
2
1
3
10
3
29
12
4
21
12
2
3
15
28
11
1
14
3
5
2
21
4
13
4
6
5
2
29
3
3
10
48
4
1
3
1
7
3
2
3
2
6
8
7
9
10
13
1
1
1
1
2
5
12
5
1
1
1
4
11
14
5
7
1
45
16
8
1
5
3
56
19
1
2
7
4
1
7
19
4
1
1
28
60
9
8
1
1
1
26
47
8
1
9
12
1
3
1
4
1
2
7
25
1
10
7
19
1
2
1
11
8
5
2
2
1
14
1
1
9
2
18
3
12
2
5
5
2
18
1
1
5
10
1
4
17
1
9
4
3
5
7
19
9
4
2
10
3
7
9
67
11
3
2
1
6
5
1
34
1
13
1
23
3
9
1
8
13
12
1
2
1
3
2
1
2
1
10
1
5
1
15
12
1
14
1
16
1
18
3
1
1
10
9
1
9
1
2
4
13
3
2
1
1
3
16
1
34
4
9
1
10
16
28
9
2
2
6
96
7
3
1
3
13
7
1
1
7
18
2
4
4
10
1
2
3
8
4
1
1
3
5
3
1
5
9
6
4
2
3
1
21
1
4
2
5
6
2
1
11
11
1
5
2
2
6
1
3
4
1
2
2
2
2
11
3
2
2
1
1
14
1
1
1
1
8
1
1
17
2
3
4
1
2
6
3
1
1
5
45
3
1
9
2
4
1
1
21
2
2
9
2
2
16
2
1
2
54
1
1
1
22
5
3
5
2
9
2
18
3
2
6
2
5
2
12
16
10
3
18
2
6
1
1
2
1
1
2
1
9
7
5
1
1
1
3
4
54
56
1
5
1
20
13
2
1
7
2
14
2
2
2
10
15
2
1
12
2
8
6
3
1
1
2
2
2
1
2
2
6
3
2
3
3
3
1
1
2
2
1
7
14
2
2
1
1
2
3
1
1
3
51
3
4
2
19
3
1
12
2
3
32
12
1
1
2
3
11
2
1
3
13
4
8
16
3
2
11
6
74
21
2
26
5
9
2
2
1
4
2
1
20
1
1
2
2
4
9
1
2
3
4
2
38
24
1
1
2
2
19
23
2
3
6
11
19
5
26
2
4
11
4
4
6
6
45
7
1
3
5
1
2
2
8
22
1
7
1
7
7
2
2
20
12
3
15
1
4
17
1
1
1
5
1
3
1
1
4
6
2
3
4
1
4
2
2
9
1
1
8
23
35
2
30
14
6
1
1
9
1
6
1
10
1
6
15
5
2
2
15
1
12
1
17
4
2
2
3
20
1
11
33
2
4
1
2
2
4
5
2
7
6
2
1
7
1
2
11
1
1
2
22
1
1
2
1
4
8
9
3
8
2
1
1
3
6
2
1
1
1
4
1
5
2
2
10
35
1
5
4
2
8
35
3
22
3
2
2
1
4
2
4
44
1
4
5
3
12
1
1
2
1
2
2
2
1
2
3
3
2
4
1
9
11
2
10
1
1
4
8
4
11
2
2
2
24
2
1
13
7
1
37
2
58
3
3
4
2
1
1
3
1
19
2
3
2
4
3
5
11
4
1
6
3
1
12
3
1
2
1
12
2
2
1
13
2
9
3
5
2
1
4
3
2
3
2
1
2
6
3
7
1
2
7
2
60
7
6
15
1
1
3
1
1
36
2
1
2
1
2
22
2
1
2
5
1
3
1
1
1
2
4
3
1
1
1
8
8
2
2
6
2
3
19
1
11
2
3
41
5
2
2
24
1
12
1
2
1
1
2
2
10
2
8
4
8
9
16
2
2
2
1
1
1
7
12
1
22
4
7
1
96
2
1
4
1
4
3
17
3
1
1
5
2
11
2
3
4
3
2
1
4
5
2
3
2
1
3
23
2
7
1
1
2
3
3
2
2
1
19
3
1
1
1
3
3
14
2
4
2
1
7
1
1
3
6
1
2
1
19
8
3
5
4
1
25
2
8
2
2
3
2
2
2
2
2
1
1
1
7
35
2
1
9
2
2
2
3
1
1
11
2
3
7
2
2
2
3
3
1
2
4
3
7
1
1
1
1
1
1
6
3
94
42
3
1
2
4
1
7
1
1
3
2
2
12
2
1
5
18
93
1
5
14
7
4
1
3
2
3
1
2
1
1
2
1
2
19
1
2
4
2
1
12
1
1
14
5
1
1
2
28
3
13
6
2
2
2
1
1
1
2
1
1
2
19
2
4
5
3
1
26
11
11
3
1
3
17
2
4
3
4
1
7
2
1
1
2
1
1
3
1
2
1
3
2
4
2
3
1
5
1
1
2
8
6
2
43
2
17
2
1
4
1
2
1
2
3
13
1
1
1
1
33
6
2
2
24
4
2
16
1
1
2
1
1
1
1
4
6
9
6
2
4
1
2
17
14
3
14
4
8
5
4
2
7
14
5
4
5
1
45
17
1
21
1
2
5
6
51
2
2
4
6
2
1
3
6
1
1
2
2
1
6
2
17
4
2
1
7
17
12
2
2
2
1
3
3
2
18
8
4
6
1
29
1
4
1
3
22
1
20
2
10
1
1
24
1
2
1
3
4
12
3
6
15
2
2
1
1
1
1
3
2
4
3
2
5
15
19
16
1
1
1
6
1
1
2
1
30
1
3
4
1
2
1
1
13
2
11
15
2
2
25
1
15
6
13
2
5
1
6
28
19
10
15
2
5
2
1
5
3
1
6
1
1
11
16
52
16
26
37
10
5
1
6
30
9
9
2
4
8
4
3
3
1
11
3
1
42
3
3
2
2
1
1
2
9
4
3
1
1
2
2
1
3
1
11
41
1
13
13
1
1
3
22
9
8
26
2
4
3
4
46
8
2
2
4
7
17
1
1
9
1
2
16
2
2
1
2
13
1
5
14
11
1
2
1
2
4
3
1
2
11
3
3
4
6
2
2
2
6
5
1
2
1
3
5
2
3
2
10
2
4
23
16
2
11
3
40
19
5
36
21
1
2
2
17
1
2
34
3
4
5
2
2
1
3
2
16
6
4
36
2
8
2
4
11
7
36
18
7
3
2
11
3
2
2
10
2
17
8
2
5
3
1
7
3
1
6
1
19
9
6
2
1
6
1
4
7
64
7
15
10
2
4
5
13
2
2
6
8
1
3
3
15
12
25
1
1
5
8
10
2
31
1
12
32
6
23
1
1
12
7
5
9
8
10
3
16
4
17
2
11
9
12
9
2
1
12
1
2
1
4
2
42
1
17
1
2
7
2
2
2
7
2
2
1
1
8
12
6
15
4
7
6
14
5
21
2
3
1
8
20
10
6
2
1
9
13
8
1
4
16
3
4
11
9
5
7
1
3
14
15
1
4
23
9
4
2
13
33
12
2
3
14
10
10
7
21
9
2
3
18
29
23
3
37
40
12
