3
4
2
6
2
7
1
12
1
9
2
1
3
7
1
15
5
6
5
3
2
4
1
19
3
1
1
1
3
5
14
2
1
7
22
1
8
11
1
9
13
1
4
4
3
1
8
4
1
4
9
1
4
2
1
7
2
20
4
11
9
17
1
2
35
3
2
5
1
46
1
1
1
5
21
5
17
4
1
2
1
10
1
12
1
4
1
4
5
1
5
35
1
1
4
5
17
23
16
2
28
1
3
4
3
9
6
1
2
3
8
2
2
2
3
8
2
2
2
4
3
2
37
2
4
12
2
3
1
6
1
5
9
25
1
26
2
4
3
4
9
3
1
1
1
1
1
2
3
9
21
1
3
11
1
8
18
7
2
2
2
8
9
3
2
12
22
3
4
7
3
7
5
1
1
1
33
2
13
8
3
65
62
16
3
3
7
4
1
16
9
2
6
5
1
31
35
5
1
3
1
11
4
1
34
1
4
1
1
6
1
4
20
1
1
1
4
28
4
2
5
1
41
4
11
3
4
1
10
7
4
1
21
5
53
24
7
49
2
4
29
2
1
25
1
8
34
7
13
34
45
1
40
1
2
2
4
31
58
20
1
4
1
1
40
4
5
1
2
1
2
10
2
9
2
1
2
1
5
3
4
19
1
9
3
1
24
5
7
1
6
12
5
1
11
7
11
17
1
4
1
3
51
15
1
13
54
3
32
2
4
8
1
2
9
20
6
2
2
8
14
1
5
16
5
7
2
1
1
4
2
1
3
9
2
2
4
21
2
2
6
37
9
2
5
25
34
92
6
1
6
1
16
8
2
5
1
8
12
25
5
43
5
19
13
17
6
1
5
23
2
1
27
14
1
7
12
4
2
1
1
3
1
4
1
3
24
3
5
1
2
1
1
1
38
3
3
7
1
9
11
1
5
3
13
2
11
6
1
1
2
1
2
9
4
2
8
22
3
13
3
1
4
5
4
6
3
3
5
21
1
4
1
1
66
2
1
60
16
13
15
13
36
25
15
16
1
6
1
4
2
11
23
10
2
2
4
2
1
1
50
1
5
2
2
2
8
37
6
27
39
3
32
15
2
3
3
41
9
3
3
1
6
4
3
1
1
4
3
4
1
1
1
3
10
1
30
2
15
3
7
5
12
23
3
3
9
3
1
5
2
6
1
15
9
2
8
36
17
6
2
7
6
7
23
1
2
11
1
2
25
17
7
26
44
1
1
6
1
4
10
8
2
1
1
57
14
1
3
4
23
1
64
16
12
1
1
2
5
3
13
3
4
44
5
51
1
3
12
6
4
10
35
19
4
1
1
3
1
41
8
1
2
5
1
7
20
11
1
3
61
2
3
24
2
69
22
1
32
2
6
3
1
2
3
28
5
4
1
5
4
9
1
7
9
2
9
61
5
1
34
9
15
5
3
1
41
1
1
2
27
12
1
3
4
3
2
5
10
2
6
1
77
10
1
3
7
47
2
3
1
3
1
5
4
6
7
11
1
1
1
1
3
5
33
3
10
2
1
6
12
12
2
1
2
13
1
4
8
3
12
15
1
36
1
2
2
9
2
11
2
1
18
7
1
5
2
33
5
25
2
4
1
6
20
3
1
9
6
9
1
6
3
11
20
6
4
18
1
1
2
3
29
2
2
10
1
5
6
1
20
1
1
44
54
10
11
1
33
4
34
66
7
7
10
7
4
3
5
2
2
4
11
5
1
4
2
1
1
1
1
43
2
1
5
2
2
6
2
10
3
2
1
3
4
9
8
12
3
1
8
9
19
1
10
7
1
10
2
9
2
11
8
11
6
2
1
1
1
1
18
1
8
24
4
11
11
1
32
5
2
4
4
2
1
1
10
1
2
7
24
1
16
6
1
8
4
2
15
8
2
4
1
4
7
11
6
11
17
2
6
20
3
22
1
2
5
8
2
19
2
4
3
1
29
76
3
4
2
4
20
1
2
7
1
6
20
3
2
2
52
6
5
3
6
10
10
2
33
9
4
8
21
13
1
5
1
4
7
6
40
3
1
9
1
7
47
1
5
1
2
2
1
4
1
3
2
10
4
3
4
2
3
1
1
3
12
12
17
2
1
9
7
12
2
2
2
2
5
8
6
1
48
1
4
2
24
2
9
2
4
1
1
6
3
1
25
27
28
5
1
9
5
9
22
1
22
9
49
1
1
23
1
2
3
9
1
41
14
61
8
1
2
2
3
27
5
1
1
1
16
7
11
1
1
6
1
9
2
12
9
29
1
10
2
2
7
1
5
26
6
10
6
1
3
2
1
1
12
20
1
2
5
4
4
2
33
1
4
30
5
1
2
3
1
2
10
6
3
2
6
4
1
3
28
6
1
6
2
2
4
19
49
16
3
3
18
2
2
16
4
7
5
1
12
14
1
1
1
1
1
8
2
4
38
2
1
1
36
23
12
2
2
9
2
1
33
7
1
84
1
11
6
2
11
1
8
7
10
1
12
6
3
5
23
2
1
2
3
4
6
1
4
2
1
3
3
12
64
2
2
2
1
9
3
1
1
13
2
1
1
1
4
16
3
8
19
6
5
2
4
5
2
8
2
1
4
1
3
5
5
18
2
10
2
2
6
1
2
3
8
2
1
61
7
39
5
2
6
2
1
9
18
2
3
13
14
11
16
8
1
4
13
8
1
18
4
3
34
1
3
9
10
1
9
48
28
1
1
4
2
7
16
2
2
25
12
2
1
9
6
6
2
2
8
13
12
3
10
3
19
4
1
20
15
4
1
1
14
9
19
10
10
2
2
4
4
24
7
11
34
2
24
2
1
4
7
4
6
21
5
12
3
1
8
10
1
1
1
4
3
5
1
6
1
1
8
41
7
1
10
14
2
3
51
1
29
20
3
2
69
15
3
1
10
1
4
3
3
3
1
1
15
26
7
23
4
2
4
1
18
6
1
2
35
4
3
1
3
14
2
3
3
1
5
4
3
1
6
1
6
2
10
4
5
13
1
5
1
2
1
1
1
3
3
2
9
45
29
8
1
8
4
91
1
2
8
3
4
7
18
5
12
2
3
5
1
4
2
7
10
8
2
9
2
11
1
5
2
16
17
22
2
1
8
1
1
2
2
3
2
4
3
2
18
4
17
2
7
16
1
2
16
14
43
13
1
1
3
18
1
6
8
9
5
2
7
4
5
2
4
3
2
16
3
3
4
3
57
3
5
5
5
4
18
21
2
16
3
6
8
2
23
2
3
2
8
11
13
11
11
15
4
1
2
1
6
1
2
3
1
21
1
7
1
70
1
1
19
1
1
1
3
3
7
3
9
30
3
7
3
4
32
10
4
3
2
14
1
20
1
1
6
1
6
5
3
11
2
1
8
9
2
16
2
2
1
2
2
2
18
23
1
8
4
9
12
8
4
1
1
3
6
3
2
17
12
25
6
1
3
2
9
9
24
5
1
4
6
1
10
2
5
6
2
2
1
8
63
1
18
2
1
2
6
8
3
17
29
4
20
5
3
58
3
2
2
6
2
3
1
2
2
8
4
18
16
5
2
1
1
2
1
6
1
2
18
5
2
22
3
1
1
4
7
1
4
1
77
1
1
3
11
3
3
12
1
1
14
6
2
6
15
14
22
3
1
3
4
1
73
9
1
2
9
26
11
1
3
7
1
33
10
10
12
2
5
1
2
3
5
2
2
2
20
3
1
1
1
3
39
10
1
3
1
1
1
2
21
4
5
3
9
2
39
13
10
49
6
1
7
7
16
1
4
6
12
1
9
1
1
2
2
5
2
19
3
3
1
3
11
36
1
12
3
1
3
3
1
9
1
2
8
1
7
3
2
2
2
14
3
4
9
2
58
1
6
11
2
1
2
5
8
1
4
1
2
9
6
3
1
5
20
2
8
1
4
1
1
35
7
2
3
12
2
4
3
1
12
38
1
19
1
8
1
2
1
3
1
1
2
2
5
4
6
16
11
1
3
2
14
34
41
15
6
1
2
1
5
58
2
1
25
36
10
33
1
7
16
9
5
2
5
1
1
9
1
9
23
10
12
2
3
8
2
2
2
9
1
1
11
3
3
14
2
4
4
3
2
9
5
9
5
2
23
1
3
1
10
8
19
17
3
6
2
2
5
33
12
1
6
10
4
2
15
4
25
1
1
4
5
12
2
6
3
3
1
45
5
8
1
49
9
6
1
3
10
2
9
1
4
1
18
17
2
1
25
8
1
1
1
28
3
1
2
1
3
1
6
2
3
1
18
18
7
2
16
1
2
2
2
1
3
3
16
1
12
10
17
8
1
1
67
2
1
2
4
9
11
5
18
1
4
6
12
2
14
2
4
43
12
18
3
1
1
7
7
38
2
11
4
1
11
25
2
6
3
11
2
9
1
1
13
1
1
1
16
4
1
33
13
7
8
11
5
2
2
6
5
2
53
14
23
1
45
7
3
16
7
75
7
2
7
8
3
6
31
1
1
11
32
32
18
2
6
8
2
20
3
5
3
11
35
4
44
3
1
13
1
5
2
2
1
4
1
1
19
20
9
8
15
4
30
2
4
1
2
1
10
1
7
1
7
21
3
3
12
10
1
1
1
3
1
1
13
66
11
24
3
5
6
3
12
1
12
41
1
1
8
21
2
3
4
10
3
3
24
11
1
7
11
7
1
1
7
22
21
3
4
4
3
1
1
15
2
8
1
36
2
1
5
11
17
11
1
6
1
3
2
17
27
2
4
1
4
1
10
1
1
8
1
2
11
1
1
5
1
28
1
8
2
14
5
8
6
6
14
1
3
2
2
2
1
82
1
21
1
1
10
25
8
2
12
22
2
9
35
4
9
7
1
4
49
7
7
22
2
14
2
24
6
3
4
32
3
9
2
1
5
4
1
1
17
2
2
18
6
4
35
18
1
1
9
9
1
40
11
22
6
3
2
4
8
1
3
14
11
2
1
12
6
7
8
3
21
7
2
4
5
1
2
14
6
2
8
2
20
1
1
3
60
9
2
12
22
2
22
1
17
2
3
1
2
1
1
23
1
26
1
1
4
4
5
2
3
4
28
2
1
1
6
10
4
3
2
1
1
1
2
3
2
19
4
1
6
2
3
1
13
1
10
5
1
24
1
4
9
40
1
27
11
9
2
6
1
12
9
16
1
4
7
15
1
4
2
6
2
2
7
1
11
6
3
71
2
1
1
5
5
1
1
3
3
1
3
2
1
3
2
4
7
7
19
2
2
1
21
1
11
10
3
1
3
20
14
1
2
2
2
1
1
2
16
2
1
44
1
8
21
3
6
1
4
1
7
1
2
2
12
36
10
5
2
25
8
1
1
20
2
4
3
1
1
40
16
27
6
18
4
1
4
1
2
1
7
1
4
2
32
3
1
1
6
10
12
23
2
7
5
2
2
2
2
3
15
4
1
9
1
8
9
4
5
11
8
18
17
14
1
4
1
2
42
7
5
2
1
4
45
2
1
6
4
23
1
2
17
3
43
2
2
2
3
9
1
8
3
3
6
9
2
2
28
7
31
1
25
2
23
13
37
2
1
58
2
1
3
4
5
5
2
3
1
1
3
16
11
1
1
45
2
5
3
12
9
2
1
5
1
4
2
18
11
1
9
4
4
2
1
11
9
6
3
1
5
20
2
1
1
9
1
14
13
3
1
6
1
16
1
2
5
1
25
5
4
9
12
4
2
1
2
26
1
2
4
2
13
2
32
2
33
6
4
16
9
14
8
7
9
3
43
7
5
7
1
2
2
6
1
6
3
7
5
2
11
1
5
1
2
4
1
5
3
3
10
2
9
2
12
1
3
1
1
3
2
5
9
1
15
2
1
2
13
4
3
3
8
17
1
8
1
3
1
1
13
12
2
9
1
9
23
3
12
2
9
22
1
11
5
1
8
3
22
1
17
3
1
1
3
1
4
5
1
14
20
1
1
3
3
6
2
2
3
2
17
4
6
1
2
34
8
14
1
1
6
3
38
3
23
17
4
7
22
2
4
5
41
3
15
7
22
8
40
8
1
1
4
1
2
1
2
2
13
2
18
4
9
6
2
2
5
2
4
1
5
3
3
3
4
8
1
3
2
2
7
9
2
3
2
5
2
27
1
1
6
1
1
6
3
1
17
4
1
2
13
9
6
13
5
5
44
1
1
1
16
1
6
2
47
10
46
41
2
3
2
30
4
9
2
8
6
5
1
24
2
4
2
10
1
1
17
3
43
2
1
14
2
21
1
35
2
2
11
4
2
11
1
1
15
5
14
17
1
6
7
1
1
6
3
12
2
1
4
9
4
15
2
20
5
25
1
1
1
1
6
3
1
1
4
2
2
3
6
2
5
3
1
1
11
1
11
1
3
7
15
6
8
2
3
5
13
7
1
7
6
1
2
2
4
28
8
2
1
1
5
2
14
1
7
2
35
23
2
2
2
15
1
7
2
9
20
6
34
1
5
9
19
10
5
4
1
2
2
1
3
1
3
1
1
1
2
30
2
1
1
46
16
7
6
