47
139
1
9
2
2
27
64
22
165
208
108
22
274
38
17
85
2
1100
1
161
2
233
118
31
33
13
2
13
27
12
13
253
4
39
661
102
207
20
394
184
442
19
1344
10
24
132
41
55
13
1026
3
227
215
166
64
3
1393
24
113
1
13
310
539
63
4
1
222
51
2
15
11
23
13
1
35
11
94
12
3
1
376
1
77
4
13
3
23
65
8
11
3
169
56
265
9
20
15
427
22
1433
1
13
5
1389
14
5
4
9
7
144
2
1236
89
5
72
1
546
215
234
14
3
220
70
16
128
1
1365
10
1360
358
42
245
16
3
859
710
76
53
15
136
54
580
17
24
227
19
10
3
5
424
32
9
10
34
400
3
9
270
147
2
211
350
14
8
385
6
21
134
23
1
26
189
5
438
2
327
149
847
461
248
20
210
1
1
8
1
1
2
2
2
4
1079
1
11
448
61
7
278
387
11
176
2
129
70
28
86
584
2
96
45
49
33
109
139
666
3
346
99
119
317
85
118
169
1175
98
11
50
1242
63
57
631
10
905
7
373
110
69
28
2
1
195
824
3
26
1231
24
88
552
2
96
176
8
4
22
103
69
72
52
1
6
25
93
91
232
24
111
3
31
9
15
88
21
936
11
8
34
114
1
29
148
15
28
242
186
33
52
13
350
120
1
59
174
40
90
354
1539
72
4
104
70
450
362
25
141
438
7
23
6
450
84
71
42
35
62
60
2
10
1
3
2
94
8
3
109
1
4
106
61
6
9
377
92
5
4
74
38
97
31
6
82
1247
372
269
28
31
9
319
426
190
157
54
1
327
161
24
188
70
166
36
9
59
5
15
1178
4
1
17
110
70
5
179
489
8
36
72
75
5
25
7
616
18
4
36
1
145
65
315
19
103
145
31
248
102
324
140
2
17
350
212
12
1
835
80
6
4
72
28
16
45
81
11
1057
7
123
95
2
405
284
564
2
20
488
146
43
182
1
2
210
206
2
1
237
1
667
57
2
2
1
51
22
2
3
76
25
20
64
53
2
69
13
65
157
498
19
75
555
106
1
222
9
46
28
1
18
18
6
12
705
9
261
51
83
59
83
236
110
4
1
1351
213
1
86
1
260
58
1
366
193
1
356
1395
14
209
2
116
40
24
37
8
12
3
64
47
34
114
4
776
1
279
2
10
24
1
49
75
6
1
47
239
19
7
29
1
13
23
238
1
26
31
13
278
23
3
9
2
11
79
24
113
11
139
2
1
222
1
8
1
800
239
468
137
1182
661
1
115
31
152
2
60
35
42
17
1
21
49
153
334
382
221
170
65
52
689
17
1
294
1
16
107
3
3
29
1
183
52
38
92
1
2
19
250
7
9
1
102
1251
42
166
2
2
9
1510
217
213
21
207
261
104
67
1256
135
634
6
16
336
3
6
50
6
58
5
1
12
136
25
3
77
307
7
26
3
2
47
55
1
113
87
14
1
192
139
1
209
15
9
1383
7
4
18
18
17
6
241
787
195
5
484
4
4
1519
45
3
1184
124
1
250
107
17
7
8
55
78
7
2
304
35
801
44
129
12
92
817
195
7
2
24
120
88
3
31
1385
31
824
118
33
125
159
5
22
2
33
117
443
210
20
22
1
48
67
98
10
14
17
12
2
809
595
74
81
169
8
39
181
40
159
632
166
42
1
366
2
348
468
2
28
14
99
2
1
96
70
66
134
211
76
5
33
235
30
298
1
2
120
11
106
1351
400
136
1
44
1
4
10
23
78
253
39
53
131
70
9
124
2
25
32
48
9
4
85
104
59
225
13
194
59
9
1436
160
3
4
59
2
3
6
10
21
112
3
3
1
2
15
182
4
2
167
10
2
6
3
29
9
13
129
8
78
1544
167
50
498
6
275
271
1222
1561
4
166
228
415
41
42
19
74
68
83
73
166
1
59
31
91
155
22
1
60
3
28
549
9
10
243
35
7
106
187
433
227
42
17
137
2
305
6
1
836
12
6
43
1
64
96
12
157
18
18
29
8
53
11
96
92
469
9
111
72
1172
483
19
1
15
18
29
90
3
8
1
51
228
5
555
3
13
5
6
3
4
1
50
90
48
3
185
209
2
2
709
3
37
58
54
26
4
451
14
4
1
1269
18
165
98
16
32
24
87
286
52
78
149
76
24
33
28
1
5
240
56
657
2
149
39
1
252
43
91
225
218
76
239
731
143
53
142
2
2
25
3
111
117
5
27
283
7
13
1214
332
8
5
37
6
303
104
239
3
2
344
18
12
173
532
601
91
327
1
10
2
249
81
214
44
1177
158
1
1
198
83
20
17
107
18
351
215
13
38
16
84
2
85
73
61
3
16
4
122
8
185
9
20
29
39
31
250
66
53
864
443
57
3
587
375
677
137
640
403
86
20
31
70
412
18
10
8
1
2
50
7
45
66
1329
128
69
13
23
10
299
23
398
5
78
340
8
657
461
14
4
30
3
103
771
3
190
39
27
358
307
4
6
111
604
28
121
23
118
12
1245
36
29
420
1
5
1
22
29
81
3
28
61
2
135
87
60
24
90
84
19
21
5
5
11
22
75
108
188
92
33
10
84
384
64
16
2
13
222
277
172
1365
12
60
4
2
275
258
17
183
209
21
1061
1296
1
67
23
322
12
244
2
293
9
34
11
66
593
170
49
169
281
19
19
13
4
294
27
22
269
20
1470
1
267
11
34
1
87
15
168
291
23
123
61
392
2
132
2
5
8
171
920
124
4
3
68
21
9
183
514
21
16
29
40
7
284
1
49
1
7
57
1
8
198
3
55
59
11
96
5
111
282
2
1
389
1292
28
52
516
50
37
71
1
88
5
9
3
5
111
85
206
345
87
395
