59
458
187
971
174
152
87
38
15
968
706
113
26
62
212
82
65
154
13
11
148
213
951
1
154
234
943
16
225
69
17
30
275
4
45
739
296
8
608
135
465
4
1124
373
1
76
894
23
9
424
76
18
321
15
3
105
20
1
42
508
2
503
156
64
3
170
218
8
4
480
419
43
550
596
96
190
16
251
38
39
174
114
192
25
350
25
93
1
18
33
75
17
3
366
371
98
7
64
61
23
18
298
125
150
64
113
246
10
51
282
536
37
1
257
228
6
23
364
122
55
3
124
172
39
84
4
72
8
14
25
1
213
382
101
103
4
441
4
1
4
45
210
220
1
37
14
1
132
8
3
39
8
40
229
2
7
82
10
12
1
23
27
36
225
584
28
94
233
278
2
46
134
4
202
106
8
52
182
12
1
38
37
12
285
8
25
324
225
4
4
46
78
6
2
29
221
1
63
19
29
70
27
42
587
22
13
674
21
113
934
1
10
255
73
73
1
95
9
42
3
31
145
12
142
33
93
129
94
5
263
163
471
239
1
2
191
5
368
41
83
1
72
7
38
70
8
11
49
1
111
3
282
512
416
273
279
118
114
174
72
47
46
1
208
233
143
4
2
35
673
67
165
108
96
4
160
21
140
19
80
63
106
85
722
13
140
45
307
36
86
24
3
60
105
20
136
20
10
308
13
37
2
8
15
7
139
129
42
140
1
141
23
3
34
93
190
10
9
6
175
47
1
304
545
809
59
58
105
240
402
1
7
406
189
242
10
2
3
391
335
103
3
87
83
209
33
10
34
5
25
915
11
72
409
6
107
152
2
1
522
45
148
25
282
294
89
352
12
257
587
240
1
172
80
345
94
264
331
535
126
3
206
8
5
257
171
82
29
21
11
142
60
424
512
6
2
21
388
53
52
521
18
322
15
39
9
409
189
108
57
358
42
126
3
30
575
367
4
146
42
77
70
22
2
3
243
1
127
15
29
207
18
95
243
351
18
39
27
26
11
98
35
84
185
216
38
39
109
63
13
112
9
174
24
8
382
24
7
35
713
39
8
311
8
28
8
38
26
657
171
186
384
3
4
3
1
90
237
196
306
103
150
513
535
283
5
84
170
46
132
54
563
462
8
4
40
453
324
27
44
68
35
19
227
122
498
264
54
103
5
472
90
592
333
34
45
63
129
561
27
45
82
47
1
11
665
105
7
95
649
3
1
552
4
532
501
8
40
32
419
92
3
328
766
40
31
33
1
27
1
8
8
168
43
303
109
13
1
110
75
205
397
3
108
24
31
306
99
39
146
44
167
19
38
153
55
83
2
4
19
59
77
157
2
10
10
119
20
24
1
76
3
78
539
25
2
19
80
144
110
61
226
129
309
524
52
41
13
395
329
24
503
29
470
6
179
52
26
5
11
70
289
150
231
27
31
109
386
7
62
236
92
87
113
45
455
13
51
54
71
6
878
24
165
47
10
99
4
1
54
38
2
235
64
132
287
43
25
65
28
955
713
137
276
180
144
724
21
16
5
158
111
53
82
68
65
69
87
351
592
54
230
74
35
51
110
277
6
3
126
1
745
2
38
125
18
149
282
40
8
263
5
28
15
76
82
1
288
120
6
21
320
2
1
18
371
104
69
206
37
40
654
6
122
1126
10
21
31
14
172
14
238
22
69
1109
6
283
260
104
83
827
8
90
176
5
1
41
276
40
12
1
11
213
173
97
151
160
106
86
33
746
47
156
102
200
26
20
199
1
3
42
77
9
54
41
36
1
203
337
686
837
34
58
835
436
46
118
574
535
239
1
4
25
137
459
182
723
304
1
20
5
1327
50
2
5
1501
1258
98
49
81
35
857
55
46
68
10
759
16
31
43
631
144
435
15
120
310
13
2
11
90
221
410
72
1
36
35
94
122
207
46
9
24
294
231
64
11
24
1
106
10
96
773
305
1
344
50
1034
233
8
114
14
1502
237
114
227
28
3
6
152
53
86
177
41
9
73
57
205
16
110
6
89
17
2
6
3
49
455
113
283
590
37
24
132
222
37
159
134
4
41
150
31
67
1
240
126
49
17
44
3
503
28
76
52
1
168
4
1361
742
12
143
1615
10
345
2
128
552
1205
401
11
1177
48
111
29
114
137
8
10
123
295
406
3
153
12
1336
306
1134
460
14
150
34
2
27
8
27
436
196
121
446
468
1
11
20
2
67
243
50
88
46
25
54
102
1401
61
1
3
217
47
1
139
1
1
1
1
1
1
2
1
1
2
10
20
47
28
2
4
1
11
1
41
2
3
184
2
9
5
1
21
24
65
14
22
1
5
7
1
1
3
36
18
1
2
4
160
2
6
3
27
132
64
1
25
5
4
1
10
1
1
1
1
2
5
1
22
43
47
253
1
165
2
208
2
1
1
1
11
5
1
6
13
1
1
24
1
3
1
1
1
2
1
1
12
1
1
2
1
2
108
3
1
4
27
22
1
2
6
12
105
10
6
1
7
27
1
1
1
7
3
1
17
3
274
38
1
1
1
2
1
4
17
1
3
1
3
85
5
2
1
2
2
31
34
1
1
1
46
1
1
4
2
2
3
1100
1
5
1
72
1
1
2
4
76
3
5
1
6
33
2
2
1
5
1
1
7
1
1
1
1
7
161
6
5
1
4
2
4
1
21
3
12
2
233
72
1
9
76
3
4
99
2
2
1
1
118
3
1
2
1
1
1
2
2
1
5
31
3
1
35
1
1
1
5
1
4
1
84
17
23
405
6
2
2
31
1
15
33
8
13
2
1
1
3
1
1
2
4
1
1
1
32
93
103
2
1
13
1
112
1
3
27
196
50
10
2
3
3
2
56
1
36
477
35
3
12
1
1
2
1
6
31
1
13
1
114
1
1
1
1
1
188
142
14
1
1
1
1
1
253
2
1
1
171
1
367
1
1
2
1
1
2
4
3
2
1
9
1
1
1
39
2
4
32
94
10
18
661
102
2
54
1
1
1
1
3
1
168
1
1
1
1
2
2
7
207
2
1
1
1
1
1
20
1
2
394
1
2
293
2
184
1
1
1
1
1
1
1
2
1
1
1
2
1
1
27
136
436
1
1
442
1
1
1
1
1
1
1
1
1
1
1
19
1
1
1
1
1
1
4
1
1
1
1
1
1
2
7
3
9
28
1
1
1
2
1
1344
1
1
4
3
1
1
2
1
2
1
3
1
15
1
1
1
203
6
2
1
1
10
4
11
2
1
1
2
10
9
33
1
1
5
1
20
24
3
1
3
3
8
1
15
1
132
3
1
41
4
2
1
1
13
4
2
1
2
1
1
1
1
1
24
2
3
1
4
55
1
46
13
1
8
4
1
1
6
1
13
2
1
1
1
1
1
1
2
1
1
67
1
1
5
1
1
1
1
1
1
2
1
7
1
2
7
3
5
1
1026
1
2
7
1
2
1
1
1
3
3
11
38
1
1
1
4
1
1
1
1
1
3
1
1
1
22
227
3
1
1
2
1
1
2
1
5
2
1
1
23
215
22
3
26
37
4
1
7
4
3
5
1
1
2
2
1
5
1
166
1
3
4
5
64
1
3
2
2
1
2
3
2
75
2
14
7
1
1393
2
1
1
2
3
1
24
1
1
9
113
2
4
1
1
7
4
2
1
1
13
1
1
1
342
1
310
4
1
3
539
3
1
1
63
6
2
1
2
1
1
1
1
1
4
1
1
2
1
3
1
2
1
1
1
1
1
3
1
2
1
1
1
1
222
1
1
1
29
51
1
1
1
1
4
1
1
1
3
5
2
2
1
1
3
1
15
1
11
1
3
9
2
1
2
1
21
6
12
40
28
2
1
6
9
1
1
11
2
23
13
5
3
1
1
10
1
1
24
1
4
5
1
1
4
35
57
1
1
1
44
1
2
1
1
3
1
25
11
7
17
18
13
1
2
2
94
1
53
38
1
1
1
1
12
2
83
8
1
1
484
92
5
3
4
1
3
1
1
2
1
2
4
1
1
1
1
1
17
1
1
1
1
1
2
1
1
1
4
13
1
1
1
1
1
2
45
9
61
1
1
2
3
5
8
376
1
77
5
1
11
64
4
1
1
13
3
2
105
7
23
8
81
27
1
9
65
3
8
20
7
40
13
43
1
4
8
2
2
11
3
7
169
10
1
9
56
265
2
21
50
1
9
1
52
1
10
1
1
1
1
7
6
1
20
16
2
5
10
1
1
15
1
1
1
427
1
10
45
3
1
1
4
128
1
2
3
2
1
3
1
2
1
1
1
3
1
2
1
319
1
1
1
1
3
1
1
3
2
5
22
1
42
1
1
1
2
1
1
1
1
1
74
3
1
1433
1
1
107
1
1
1
13
1
1
1
14
1
2
36
5
1389
1
14
3
73
6
5
1
4
41
1
8
1
6
2
1
4
1
2
28
1
2
1
7
9
3
1
7
1
12
1
9
64
58
4
1
47
35
5
12
7
1
1
1
23
2
1
1
1
2
1
144
4
3
1
4
12
3
2
2
9
1
1236
1
1
1
3
3
3
4
2
4
1
1
33
1
35
25
2
1
64
14
1
1
1
1
3
12
8
15
2
1
1
1
1
30
115
55
89
1
29
5
5
1
4
1
10
114
13
2
1
30
72
2
2
1
15
1
1
3
1
1
6
546
1
2
2
1
3
3
3
31
1
215
1
1
2
1
14
1
234
14
3
3
220
70
1
1
1
62
1
30
16
2
128
1
1
1
1365
5
8
1
1
10
1
120
1
2
1
1
1
5
1360
358
1
1
1
3
42
1
1
1
2
1
1
54
1
1
1
1
1
1
1
245
1
1
16
1
1
2
1
1
1
2
7
1
2
2
1
2
4
6
1
1
1
2
1
3
1
2
2
2
1
1
1
1
2
1
1
3
2
1
1
1
859
1
1
5
1
1
1
81
2
1
1
710
1
1
1
1
46
7
5
1
28
1
1
38
3
1
1
13
12
1
1
1
1
1
1
1
2
1
1
1
5
3
1
4
1
5
30
2
4
4
1
7
5
76
1
2
1
1
2
1
2
1
5
1
5
53
1
2
1
7
4
1
1
1
1
97
3
2
1
6
15
136
1
54
17
7
1
1
580
2
17
2
3
24
13
40
106
48
32
172
4
1
1
227
1
19
10
1
1
3
1
1
3
3
1
1
2
5
6
1
424
1
2
1
1
19
3
3
1
7
16
1
3
1
1
32
13
1
1
5
3
1
9
3
1
2
10
6
1
13
6
10
5
1
1
34
1
1
32
6
4
1
2
1
3
3
1
9
400
1
1
4
1
3
1
4
3
1
1
1
2
10
1
10
1
1
961
3
1
3
22
1
2
112
9
2
1
12
10
2
270
10
9
2
1
7
4
6
4
1
3
2
1
1
147
1
3
3
1
8
21
7
1
2
21
211
3
1
2
1
2
1
1
350
1
4
7
1
1
1
31
14
1
2
1
1
66
11
18
10
5
1
3
8
2
1
2
1
34
13
2
1
2
1
1
385
3
3
72
1
4
10
6
1
21
1
1
134
3
1
25
1
1
8
2
2
2
1
1
2
6
23
1
1
15
6
3
104
11
10
5
17
22
1
1
2
21
4
34
2
333
2
8
18
1
94
52
1
26
1
1
1
5
1
189
16
141
5
33
2
5
438
15
1
1
1
3
1
1
1
1
1
2
1
1
36
1
1
327
5
546
1
1
20
4
17
9
1
10
1
61
75
149
3
1
1
2
1
3
847
1
6
26
461
3
248
3
20
17
3
1
210
1
1
1
1
2
1
19
8
1
1
2
9
7
2
1
2
4
1
6
1
1
1
1
1
16
1
2
1
1
1
1
1
2
1
1
7
1
1
1
1
1
1
5
1
1
1
5
1
1
1
1
1
1
1
1
1
4
5
1
3
2
2
1
2
1
1
1
1
1
5
1
1
2
1
1
2
1
2
4
2
1
1
1
1
1
1
2
2
4
1
1079
1
1
1
1
2
2
1
1
4
2
2
7
3
1
2
1
11
1
1
1
448
1
1
1
2
1
1
5
4
1
1
61
1
2
7
1
1
1
1
1
2
1
4
1
2
1
1
2
10
3
1
2
1
1
1
4
1
4
2
2
13
1
1
20
64
3
1
2
40
1
156
7
3
1
9
2
1
1
1
1
1
6
3
3
278
1
1
1
387
3
1
3
1
19
1
11
1
1
4
2
2
1
73
1
3
1
1
2
2
1
1
3
1
1
38
1
1
1
4
1
1
2
5
1
1
1
1
1
176
1
2
5
1
1
1
1
1
30
2
1
5
1
67
23
129
2
1
2
1
1
3
70
1
1
1
165
1
1
2
1
3
3
22
28
1
2
3
3
8
86
4
1
4
1
2
2
584
1
20
1
2
3
14
1
2
1
33
2
1
1
96
3
1
3
4
4
50
18
4
3
2
2
45
1
5
3
4
49
1
3
2
1
1
68
15
1
1
26
8
1
3
8
33
155
404
5
6
8
15
111
109
11
1
2
2
2
1
2
139
1
1
1
1
1
6
6
88
1
3
9
1
1
1
134
1
666
1
1
2
2
2
5
1
1
1
5
1
3
2
2
1
1
1
1
1
3
11
1
3
346
40
4
1
1
1
183
39
99
41
1
1
3
16
1
119
1
17
3
2
1
4
1
1
46
317
3
85
118
1
1
3
1
1
1
1
2
169
1
1
1
1
1
1
1
2
1
1
1
1
2
3
1
1
1
1
1
2
1
1
1
3
5
2
1
3
1
1
1
1
1
2
1
1
1
1
1
5
1
7
1
1
2
114
4
3
1
2
68
6
1
6
3
1
1
2
1
1
1175
1
1
98
3
1
11
21
12
1
1
1
50
1
1
1
1
3
1
1
3
2
1
1
1
1
8
1
1
2
123
1242
1
1
2
1
2
1
3
2
1
1
1
16
28
1
1
1
1
5
1
63
1
1
1
1
1
57
1
3
1
2
19
1
1
1
1
1
1
1
1
1
1
7
2
1
2
5
1
2
1
2
2
3
1
2
631
1
3
10
5
905
3
1
1
2
1
1
7
8
1
1
2
7
1
1
1
5
373
1
1
8
1
1
5
1
4
1
1
1
3
2
1
2
2
1
2
2
110
1
69
1
1
2
28
1
2
1
1
1
18
2
2
1
2
1
1
3
1
2
1
3
2
2
1
2
1
6
1
2
1
3
1
2
20
1
9
1
36
250
1
33
7
1
18
1
4
4
1
5
4
8
2
1
99
4
1
1
1
2
1
2
1
1
2
5
1
1
1
1
3
1
195
2
1
3
2
2
4
28
824
1
1
2
29
1
1
8
4
3
26
1
1
1231
24
1
3
7
4
2
12
4
1
2
23
2
1
88
1
1
2
1
1
1
1
2
3
1
552
1
1
1
1
2
1
1
5
2
1
1
7
2
96
2
1
1
1
261
1
1
1
2
1
176
1007
1
1
1
2
5
1
2
1
3
1
1
16
39
1
1
1
2
4
1
8
2
1
1
1
4
1
2
1
3
2
4
7
3
3
1
1
1
1
1
1
13
3
1
22
1
103
2
2
2
69
61
3
1
72
1
1
4
1
1
1
5
2
21
1
3
4
1
1
2
1
2
1
11
1
1
1
1
1
1
2
1
2
3
1
52
1
6
3
1
1
2
2
1
2
1
1
1
2
1
6
1
3
294
2
3
6
1
1
1
4
1
6
4
1
1
23
10
2
1
1
1
5
2
1
3
1
1
1
1
2
7
4
25
7
93
2
1
2
4
1
6
1
1
4
2
1
1
8
3
3
2
1
1
2
1
1
1
2
91
2
1
1
2
1
2
1
1
1
2
1
1
1
1
1
45
3
1
1
1
2
232
24
111
22
7
1
31
1
2
3
1
31
1
7
1
2
1
1
2
9
1
51
1
1
1
1
7
1
1
153
1
237
1
168
1
1
1
51
1
1
1
1
1
1
15
1
1
1
6
11
12
2
5
1
1
4
4
14
88
2
9
2
5
1
1
1
3
12
3
26
1
2
1
3
42
50
1
21
936
11
8
2
163
1
1
53
7
6
1
34
1
1
1
1
6
4
1
1
50
1
1
1
2
1
3
114
1
1
3
1
1
1
29
1
4
1
1
8
1
148
1
3
4
28
15
3
1
1
1
3
1
1
8
1
1
3
1
6
1
3
2
3
1
1
3
13
1
1
28
2
1
6
1
1
1
2
1
4
1
21
2
3
1
1
242
186
82
1
1
1
1
33
2
1
1
2
2
1
1
1
1
1
52
1
1
1
1
2
1
1
1
2
48
47
1
1
1
1
4
2
5
1
28
1
2
1
1
1
1
1
13
2
1
1
8
1
350
1
120
134
1
350
15
1
59
1
1
1
4
1
1
1
13
1
1
3
1
4
3
2
1
1
1
1
2
1
1
2
4
25
165
1
1
1
1
174
1
1
8
1
1
40
1
1
1
1
1
1
3
1
90
1
1
3
8
1
1
1
354
2
1
1
2
1
1
21
1
1
2
51
1
2
1
3
1
1
1
3
3
1
1
3
1
1
3
1
1
8
1
1
1
2
1
1
1
1
1
50
1
2
1
1
2
1
4
1
5
2
1539
1
1
1
21
1
1
1
2
1
1
18
1
72
1
1
3
4
1
2
1
104
1
1
3
2
2
1
1
1
90
243
1
7
1
2
70
2
1
450
1
168
1
1
1
362
3
25
1
1
8
3
1
3
141
438
1
1
1
1
1
1
1
1
1
1
1
12
1
2
7
28
1
88
6
5
23
1
6
1
2
4
1
2
2
1
1
1
2
450
2
84
2
1
1
1
1
1
2
2
1
71
3
4
1
1
4
1
1
1
42
1
1
1
1
2
1
1
1
1
1
1
1
1
2
1
1
3
2
1
2
1
1
1
3
1
1
35
1
2
1
1
62
1
1
1
1
1
60
1
1
1
1
13
11
5
3
13
1
2
2
1
1
1
1
1
1
1
5
10
1
1
1
1
1
1
3
1
39
1
1
2
1
14
5
6
1
6
75
2
1
3
2
16
1
2
94
8
3
3
1
1
109
1
1
1
1
2
9
6
1
1
2
3
2
2
2
1
9
6
1
17
2
2
1
1
2
4
6
1
1
1
3
1
1
1
1
1
27
4
9
2
13
1
3
25
1
1
4
106
3
1
3
2
1
7
1
4
4
2
27
4
1
10
3
6
1
1
4
3
3
4
31
14
6
36
2
20
1
2
4
43
8
29
2
1
1
61
1
8
2
2
5
1
1
6
13
9
11
5
1
377
3
2
5
2
1
1
2
26
7
10
2
5
1
1
92
13
1
1
1
2
3
8
1
14
2
1
1
1
8
9
5
1
2
3
12
6
1
10
1
4
1
1
2
1
5
16
4
1
4
1
3
74
1
1
38
1
124
4
97
1
19
1
12
1
4
1
1
1
1
6
1
1
1
2
31
1
1
6
3
1
1
1
82
2
1
1
1
1
1
2
1
1
2
5
1247
1
372
2
1
5
1
1
4
1
1
1
3
1
1
1
2
2
3
1
2
1
2
2
2
2
1
1
1
2
5
1
1
1
210
1
1
2
23
1
1
1
1
1
1
3
2
1
4
1
32
1
1
2
3
1
1
1
26
2
1
2
1
1
1
15
11
1
11
1
2
1
4
269
1
1
1
1
1
28
31
2
9
1
1
319
426
1
1
190
1
2
4
1
1
1
157
1
2
4
1
4
3
1
7
5
2
5
4
4
3
1
2
1
54
1
2
1
1
1
2
1
1
1
1
1
1
3
1
1
1
1
327
1
2
3
1
1
4
6
40
161
1
1
1
11
1
6
11
3
41
24
188
2
3
1
2
70
1
67
1
5
3
1
3
1
166
1
1
36
11
9
2
1
1
1
1
1
4
59
5
2
1
1
5
1
1
4
1
2
15
3
1
13
4
1
1
1
1
2
2
2
8
1
1
20
7
3
2
1
1
1
1
1
5
1
1
1178
4
1
1
2
4
1
1
1
1
1
1
2
1
2
1
1
1
1
2
1
1
1
1
1
1
2
1
1
1
1
1
1
1
17
1
1
1
100
110
1
3
19
27
70
35
5
5
4
3
24
17
1
1
7
4
6
12
1
179
169
489
1
61
2
77
1
78
4
5
1
1
1
382
2
18
1
50
1
2
1
27
8
3
2
1
1
1
1
1
1
1
1
1
1
1
1
4
1
4
1
1
1
7
4
36
4
1
1
1
1
2
1
2
1
3
1
1
3
4
1
36
8
72
75
5
25
34
19
1
7
1
3
1
2
12
1
17
1
24
4
1
4
3
1
14
616
1
7
5
10
1
5
1
1
18
3
3
21
3
5
1
1
15
10
10
1
2
5
59
40
2
1
14
4
36
1
3
2
5
47
3
394
9
14
304
1
1
4
4
37
13
145
1
10
1
1
18
9
34
1
4
1
2
1
13
3
90
1
65
1
1
1
15
4
1
1
1
315
1
3
8
2
6
10
19
1
5
1
9
147
2
6
3
3
1
1
1
103
2
93
1
2
1
1
145
1
1
8
1
9
1
2
8
4
1
1
3
1
1
1
1
1
12
1
1
31
2
1
6
1
1
1
2
248
436
1
2
102
1
1
1
6
1
1
1
324
2
1
2
1
1
1
2
1
55
2
1
1
2
6
1
62
1
1
1
2
1
138
46
3
13
3
2
3
1
11
1
1
35
1
24
2
140
1
2
96
1
1
1
13
114
3
1
1
2
2
1
2
1
17
2
1
2
1
1
1
6
1
1
1
1
1
1
1
1
2
1
1
1
1
1
1
6
1
350
9
3
1
212
1
2
1
12
1
1
1
1
835
1
43
1
1
80
12
4
96
1
7
35
3
5
2
6
17
7
1
1
1
1
1
1
1
6
2
1
3
2
1
2
2
1
1
4
1
1
1
72
1
1
7
129
72
6
1
1
28
16
2
14
2
6
1
1
1
1
1
1
45
1
1
30
29
81
7
1
2
1
1
1
7
3
3
2
1
2
28
1
1
60
1
1
2
2
1
2
1
2
1
1
1
2
17
6
7
1
1
4
6
1
6
2
2
1
22
15
15
1
1
2
1
27
24
11
1057
2
37
7
1
1
1
1
1
1
1
1
123
2
1
1
2
2
1
2
2
1
2
2
1
1
8
2
37
1
1
4
95
5
2
2
2
1
1
1
1
1
1
1
1
1
1
1
1
1
1
2
1
2
1
1
100
1
39
405
1
1
5
284
1
564
1
1
2
20
1
18
1
1
2
1
1
488
1
146
1
1
1
43
1
1
1
10
1
1
1
1
1
5
2
182
1
5
15
14
4
2
1
4
2
5
2
1
210
2
1
1
206
1
1
2
1
1
1
1
28
10
45
10
1
1
3
1
6
237
4
1
667
13
57
2
1
37
1
1
2
1
1
1
2
1
1
5
2
1
1
1
1
51
1
1
11
2
1
5
7
3
1
22
2
2
1
1
2
1
2
4
3
1
1
2
1
76
1
36
25
20
2
1
1
1
2
1
1
1
1
2
15
46
1
1
2
13
1
4
2
10
64
2
18
53
1
1
2
2
1
2
1
2
2
69
37
1
14
2
48
38
1
1
1
1
2
4
1
2
2
1
46
1
1
21
1
1
1
2
1
1
3
1
50
1
9
13
4
1
65
1
1
2
4
4
2
157
1
1
3
1
4
3
1
92
1
1
4
2
1
1
2
6
9
1
2
2
1
1
2
1
2
11
1
2
1
1
1
1
1
1
1
1
1
498
1
1
1
1
1
1
1
19
1
1
66
1
105
2
32
1
75
1
6
15
1
1
555
106
1
1
3
1
4
2
1
3
6
1
6
1
222
1
1
2
1
3
10
1
2
9
1
1
1
46
27
1
2
2
28
2
53
1
2
1
63
2
3
17
1
1
13
61
5
1
8
1
2
2
1
1
13
1
1
1
2
1
2
1
1
2
1
18
2
10
18
2
2
2
2
7
1
1
1
3
10
6
1
1
6
1
1
1
12
705
2
1
4
1
1
9
261
1
1
8
3
29
1
1
1
7
1
51
1
8
1
1
3
1
5
1
83
1
1
1
1
59
1
1
2
1
1
1
1
1
83
317
236
2
1
11
3
1
1
1
4
1
3
1
110
1
4
1
1
1
1
1
1
1
22
17
1
3
1
1351
1
1
18
1
1
1
15
5
3
1
213
1
1
1
7
7
1
3
1
1
2
3
1
1
1
1
6
1
2
1
1
15
86
6
13
1
1
13
1
229
1
1
1
1
1
1
1
1
260
58
1
1
1
1
17
2
1
2
1
3
1
1
1
9
46
1
7
7
2
1
1
1
2
3
1
1
3
1
1
366
1
193
1
1
1
1
108
1
1
1
2
356
2
1
1
1395
1
1
14
5
1
1
81
1
1
1
13
1
102
3
1
2
2
15
11
1
2
1
3
3
2
6
3
3
209
1
52
14
110
1
10
2
9
4
28
1
4
116
1
3
40
1
8
1
4
1
2
2
24
5
2
8
2
3
2
2
1
1
1
1
1
1
37
108
12
1
17
1
2
3
1
1
1
1
1
3
1
5
3
8
16
8
5
2
1
1
12
9
1
1
5
1
5
2
5
1
1
1
7
3
1
1
1
1
1
4
2
1
5
1
1
1
2
1
2
270
1
3
1
2
1
1
1
1
64
2
114
1
1
1
1
1
47
1
10
4
34
114
1
1
25
2
4
1
1
1
65
4
9
118
4
2
1
1
1
1
3
776
1
1
2
1
1
4
20
1
2
12
1
1
2
1
1
1
1
1
1
2
1
1
1
1
20
1
1
279
1
8
1
2
2
1
14
5
1
1
5
5
1
1
1
2
1
4
1
10
31
1
1
37
1
1
1
1
24
22
2
3
49
1
5
1
4
2
1
2
10
2
3
5
1
49
1
79
7
5
1
1
3
75
1
1
1
2
1
5
9
1
1
1
3
1
10
8
8
3
1
1
4
1
9
5
4
1
2
6
2
10
2
1
7
1
28
14
3
1
1
2
1
3
1
1
97
20
21
1
2
94
1
4
2
1
1
3
63
1
21
1
16
3
4
1
1
47
1
1
3
1
1
1
239
19
1
2
3
11
2
3
6
1
4
10
2
4
10
1
5
1
1
1
1
3
1
2
4
1
8
3
1
1
1
5
3
1
7
1
2
15
1
1
1
1
1
1
2
1
1
1
1
1
1
20
2
2
1
1
2
1
1
1
1
29
1
1
1
1
2
1
1
1
4
13
1
1
42
1
1
1
3
1
46
1
4
40
1
1
1
1
3
7
1
6
3
35
3
23
6
238
1
6
1
1
43
1
1
1
2
1
1
1
1
2
5
45
1
1
1
1
6
4
1
1
1
2
4
2
2
1
26
1
31
68
6
1
6
168
2
6
1
7
13
78
1
1
2
1
1
14
39
278
5
21
23
5
1
2
8
215
37
6
3
1
1
9
5
2
3
1
1
1
1
10
5
1
3
16
1
1
1
1
1
1
11
14
1
1
1
79
19
1
1
1
4
1
1
3
7
1
1
1
2
1
6
58
4
39
1
1
1
2
4
12
24
19
21
2
3
1
113
3
11
29
2
50
12
98
2
32
52
1
139
1
6
2
7
2
1
1
20
3
2
1
1
1
4
1
222
1
8
6
1
1
3
1
1
2
1
1
1
1
7
1
22
1
800
1
1
239
19
2
160
10
29
468
1
137
1
1
1
1
1
1
1
1
1
1
1
1
1182
1
7
6
7
1
1
4
2
661
1
1
3
1
14
1
2
1
13
21
3
12
1
4
1
2
2
115
4
1
1
2
1
1
3
1
53
1
1
1
2
2
2
2
1
5
1
32
1
5
31
152
2
1
1
1
1
1
60
3
2
5
33
1
35
1
8
1
1
1
1
1
42
2
17
1
1
74
1
1
1
1
1
1
4
1
1
1
1
1
1
21
1
1
1
1
12
6
3
17
1
6
49
1
8
1
1
1
1
153
7
12
10
1
2
2
334
2
4
2
382
3
8
2
24
221
1
1
1
1
212
1
1
243
1
1
1
1
3
1
20
5
8
2
1
1
170
5
1
483
1
1
3
129
7
128
3
1
36
1
1
65
3
1
1
1
1
52
689
65
5
1
7
3
18
17
16
1
1
9
1
1
3
1
1
12
1
1
581
1
1
1
1
5
294
1
15
1
2
1
1
1
9
1
1
16
2
2
1
107
2
12
1
1
1
2
1
1
1
1
1
1
6
2
82
1
1
1
3
1
1
8
1
2
224
1
12
1
1
1
2
2
3
2
27
3
183
108
1
7
13
29
1
1
13
1
1
23
5
3
27
1
1
2
1
1
1
1
1
1
1
1
5
1
1
9
2
1
4
1
10
21
1
5
1
1
1
1
1
2
1
1
166
1
1
183
52
5
1
1
2
2
1
38
1
60
1
92
46
6
1
2
1
1
19
250
1
1
2
4
3
1
1
1
1
8
8
3
5
2
7
1
1
1
1
2
1
1
28
3
1
20
10
1
8
1
7
9
3
1
6
1
9
1
1
1
9
1
1
2
1
2
8
1
7
1
1
1
1
1
1
1
1
1
1
7
1
10
102
1251
1
42
2
1
1
1
2
166
1
1
12
1
1
1
1
1
4
1
46
1
1
137
1
2
2
2
9
1
1510
1
1
1
1
1
1
1
1
2
2
3
1
2
1
1
3
2
4
2
1
2
1
217
4
1
1
1
1
43
1
3
1
3
1
3
1
213
1
1
39
1
1
1
1
2
1
1
1
2
1
3
21
207
1
2
1
92
1
6
49
1
1
1
43
1
165
261
10
4
104
1
67
1
2
1
3
1
1
1
2
1
1256
1
1
34
1
1
1
1
1
2
240
1
1
1
2
1
2
2
135
1
1
2
1
1
1
634
2
2
2
1167
1
1
6
1
1
10
1
1
1
1
1
1
6
16
262
1
1
43
861
1
2
3
1
2
1
2
336
1
407
1
1
3
1
1
1
11
1030
1
5
1
3
17
1
48
9
1
1
2
6
1
38
1
50
1
18
6
3
1
4
3
4
1
6
2
10
10
23
31
1
58
6
1
7
5
1
5
2
1
4
12
1
1
1
3
8
4
1
1
2
1
1
12
136
50
2
5
2
1
25
3
1
6
1
1
2
4
1
3
1
9
27
3
35
1
2
1
1
1
1
2
6
2
5
5
4
1
1
1
77
11
307
2
1
1
1
1
3
1
1
1
4
7
1
8
7
2
1
1
1
1
1
1
2
26
9
1
1
7
1
1
31
1
1
1
1
4
20
4
1
5
1
6
1
3
5
1
2
1
1
6
2
2
2
1
30
1
2
1
21
6
47
6
1
5
3
15
2
1
2
5
1
1
1
1
1
55
1
7
2
13
1
1
1
1
1
2
1
113
1
87
7
2
14
32
2
2
2
1
2
1
3
1
1
2
1
5
8
16
9
1
12
4
4
12
1
1
2
2
1
1
10
164
1
7
13
2
5
1
1
21
1
4
10
192
5
1
2
5
2
2
2
139
1
7
1
2
2
1
1
94
3
3
1
209
28
10
14
1
2
1
2
1
1
2
7
1
1
1
1
1
3
7
7
21
1
1
1
1
15
1
11
9
3
5
13
3
2
35
2
2
2
17
1
1
1
3
1383
60
6
5
1
1
25
1
465
7
1
6
1
4
1
3
1
3
1
1
1
1
1
1
8
3
18
1
2
2
1
1
2
4
1
6
1
18
1
17
1
3
1
2
2
3
1
7
1
1
2
3
5
2
1
1
1
2
2
1
6
5
1
1
1
1
3
1
1
2
2
1
1
3
1
241
2
6
2
4
1
1
67
1
1
3
95
787
5
1
1
3
1
36
2
1
1
3
4
3
1
1
1
195
6
2
1
1
1
2
2
5
1
8
1
6
1
5
6
1
1
2
5
1
484
1
21
202
10
1
3
1
1
1
3
3
1
4
5
6
1
4
1
7
12
2
2
1
1
1
1
1
1
4
7
1
2
1
1
9
2
1
1
1
1
1
1
1
1
1
3
1
1
1
1519
1
1
1
2
1
1
2
2
1
3
1
206
4
1
1
1
11
1
1
14
1
1
1
1
2
1
1
2
1
2
2
91
1
1
3
1
1401
12
1
4
3
3
1
3
45
3
2
1
1
7
1184
1
2
3
1
124
9
2
1
10
1
1
1
2
2
1
1
250
2
107
1
1
30
1
1
17
1
1
1
5
7
93
4
8
11
8
25
1
2
8
1
1
1
373
25
1
3
3
2
1
3
1
5
2
1
1
8
55
78
1
7
7
1
15
67
33
1
2
3
2
4
304
5
1
1
1
5
4
35
801
1
1
1
44
1
129
2
4
5
1
1
12
6
6
4
19
4
172
4
3
1
1
8
1
38
1
1
1
2
1
1
1
92
22
6
9
3
1
1
1
1
2
4
3
92
2
2
3
1
1
1
5
1
817
1
1
1
25
195
7
2
24
1
1
4
3
1
8
4
7
1
16
2
1
2
41
1
1
4
1
5
4
1
2
6
2
120
8
1
31
150
7
1
1
1
1
5
1
5
1
88
4
3
12
8
8
5
1
24
16
1
1
3
2
3
1
2
31
1
9
1
167
1385
2
1
1
9
11
6
1
3
7
1
2
1
2
3
31
5
7
824
1
1
2
1
118
4
33
41
9
4
26
17
5
1
4
6
125
14
4
1
3
3
1
3
1
2
159
1
60
3
1
1
3
1
5
3
1
5
1
1
22
2
2
1
1
1
2
2
1
9
2
8
1
2
1
33
1
2
2
117
3
1
1
3
6
1
16
28
1
1
1
4
1
3
443
4
3
9
1
210
1
40
1
1
110
20
33
1
12
22
1
1
1
2
4
4
3
2
1
1
1
1
1
2
5
1
37
1
48
4
3
1
1
1
2
15
1
6
70
1
5
1
1
4
67
1
6
1
15
2
98
1
10
1
1
3
14
4
4
1
1
1
1
1
17
12
1
1
1
5
2
3
3
1
2
809
1
595
1
1
1
2
1
2
1
1
1
1
1
1
3
1
1
1
1
2
1
1
1
1
1
1
74
81
3
9
2
1
1
1
1
169
9
8
39
1
181
40
159
6
1
632
1
2
1
2
2
14
1
1
1
5
40
2
166
1
1
1
3
1
11
4
1
3
18
13
42
5
2
1
3
1
1
6
3
1
9
2
1
5
2
2
3
1
13
2
5
1
1
1
1
366
2
4
9
2
1
70
5
33
9
1
2
4
16
35
1
6
1
1
2
1
6
1
1
1
348
2
468
3
2
2
2
3
28
1
2
1
1
2
14
1
4
1
1
3
1
1
1
1
1
3
99
4
1
1
4
102
37
1
2
6
2
1
2
107
2
2
1
1
1
5
1
96
3
29
5
1
17
1
3
1
574
176
1
1
1
1
1
1
282
30
432
6
150
35
70
2
2
480
1
1
66
2
9
352
4
134
19
3
1
211
6
1
2
24
3
2
9
6
1
1
1
76
5
1
1
33
2
1
1
1
1
29
2
1
1
8
2
3
10
3
22
3
5
1
6
1
1
1
3
6
3
2
8
235
1
3
1
6
1
1
20
120
26
1
1
1
4
1
1
2
1
1
1
30
1
1
1
1
1
1
1
1
2
1
1
5
52
1
7
3
10
11
2
38
2
1
1
3
1
2
298
1
1
1
1
1
4
4
1
1
1
1
1
1
1
30
13
12
11
1
3
7
2
11
75
1
1
2
4
120
11
18
2
155
9
1
2
106
1
4
1351
9
42
11
400
1
3
21
1
2
1
2
24
136
71
13
2
1
2
48
7
2
5
57
3
1
3
1
2
2
2
1
1
1
10
7
1
1
1
2
17
2
1
2
20
1
2
8
1
2
1
2
44
3
1
1
1
1
1
7
1
2
1
4
2
1
10
15
1
1
3
2
1
1
14
2
1
1
5
3
1
1
23
1
2
1
78
4
1
1
1
253
1
92
2
39
1
1
1
53
2
1
131
70
9
124
1
6
2
2
1
1
2
1
29
1
2
1
1
5
4
1
3
1
6
21
2
8
1
1
13
1
2
13
97
1
1
90
25
37
1
5
32
6
2
108
32
4
1
117
1
1
3
48
1
88
1
2
1
9
4
85
1
1
1
11
2
3
5
1
3
2
14
4
334
3
6
24
2
8
6
20
5
2
1
104
59
1
1
225
1
13
8
194
1
1
313
1
1
20
1
59
9
1
1
3
1436
1
4
160
8
3
1
1
1
2
1
2
2
1
1
1
3
3
4
3
2
4
1
1
1
1
1
1
2
59
1
20
1
34
19
1
2
1
1
1
1
1
2
1
3
3
6
25
7
2
17
1
10
2
21
112
1
1
4
2
29
1
2
5
8
1
11
1
1
7
2
1
1
2
1
2
1
1
1
1
1
3
1
1
1
1
1
4
2
1
1
1
56
3
1
14
1
14
2
3
1
1
1
3
9
1
42
1
7
1
1
1
2
1
2
1
1
15
182
44
1
1
1
1
2
1
1
9
42
143
4
1
2
1
3
3
1
1
1
1
2
1
1
1
167
1
1
1
10
215
435
2
2
11
1
1
1
28
6
1
1
1
1
401
1
2
2
1
1
10
3
1
1
1
389
3
4
1
3
8
3
41
1
29
2
2
1
1
2
1
1
1
3
1
9
1
1
1
1
13
3
1
1
1
1
2
2
1
1
25
1
217
1
1
1
1
1
129
1
8
1
1
7
1
1
1
1
1
1
1
1
78
53
4
1
6
1544
8
1
2
20
167
4
1
50
2
4
1
1
1
1
2
1
6
1
20
1
2
36
1
2
13
3
5
2
1
1
1
11
6
1
1
2
3
1
1
3
1
3
1
498
1
2
3
6
6
1
1
3
1
1
275
1
1
1
1
1
3
1
271
1222
44
6
1
2
1561
1
1
1
1
1
1
1
3
1
1
1
1
4
1
166
1
2
1
2
1
2
1
1
1
1
1
1
1
1
1
1
1
1
1
2
1
1
1
1
42
2
98
1
1
1
1
1
1
1
1
1
1
1
1
3
1
1
1
1
27
2
1
1
2
2
1
1
1
1
3
2
228
1
415
10
41
2
3
79
1
1
13
1
4
6
8
1
42
3
1
1
17
13
4
1
1
19
3
1
1
15
3
4
41
215
1
1
1
1
74
1
1
68
10
12
3
1
2
1
1
83
1
1
458
6
1
2
1
1
1
1
1
1
1
73
56
1
1
3
166
2
6
2
23
19
1
1
1
1
1
1
1
8
4
1
1
2
13
2
11
1
9
3
25
3
10
4
7
2
107
5
25
4
9
1
1
1
20
3
1
5
2
1
4
59
29
2
3
4
1
2
21
31
1
3
1
1
2
91
1
4
19
4
6
6
7
4
18
155
22
1
1
1
36
4
6
3
3
6
5
1
1
3
2
2
1
60
47
2
2
1
6
3
1
1
1
1
11
2
1
2
4
5
3
1
1
2
7
8
28
1
13
2
549
1
2
1
3
9
1
1
2
81
1
8
6
1
10
6
1
211
243
69
4
6
41
14
9
11
1
12
1
10
6
3
1
1
2
17
1
35
14
7
8
1
1
5
3
11
5
5
39
3
3
1
2
106
32
2
4
4
1
187
5
1
1
601
10
1
5
127
433
1
227
9
19
118
2
34
1
1
1
6
2
7
1
3
1
1
42
6
6
15
4
1
14
12
2
12
2
1
1
7
2
2
1
1
1
2
8
3
17
137
7
4
1
1
2
3
4
305
1
2
2
1
6
41
11
1
4
4
3
2
6
2
2
1
3
8
1
1
96
8
3
1
836
3
2
17
12
4
1
28
304
1
2
2
2
9
1
2
1
2
1
5
3
32
1
2
1
18
3
3
3
1
3
2
2
1
2
11
1
86
3
7
4
11
372
8
6
37
8
6
1
1
17
2
2
433
1
5
1
3
43
1
1
64
1
1
165
1
96
9
4
1
4
1
1
8
1
12
1
1
1
3
4
2
480
20
157
1
1
1
1
7
4
9
1
1
5
3
1
18
2
1
18
1
1
2
29
1
5
2
2
4
1
2
2
11
8
3
1
53
11
1
6
19
1
14
6
96
3
92
6
3
350
15
7
2
235
1
1
9
46
1
36
1
1
20
4
1
1
3
2
2
1
4
1
2
469
1
2
13
3
9
8
111
1
2
4
7
72
2
1
1
5
21
1
1
1
1
1172
3
1
28
1
4
3
4
1
1
1
2
1
17
1
3
483
150
3
1
1
40
1
1
2
4
2
2
1
1
1
2
36
3
1
19
25
1
26
2
1
1
7
1
15
7
8
1
1
1
18
29
90
2
6
18
2
3
129
4
28
3
8
1
4
1
1
6
51
1
1
7
3
9
1
1
2
5
6
24
69
1
4
7
2
1
11
2
72
1
228
1
4
9
30
4
1
5
7
1
555
1
9
3
2
75
2
19
2
5
4
3
13
1
1
20
1
1
2
5
7
1
24
1
2
1
1
6
3
5
5
1
1
18
1
4
1
4
1
1
1
5
1
1
3
13
4
49
4
11
1
1
2
6
3
3
2
1
1
3
1
1
18
1
4
176
196
1
2
50
2
90
1
2
2
48
2
3
1
185
3
1
1
10
209
2
1
2
2
2
4
5
3
1
2
1
1
1
1
2
7
709
1
1
2
3
2
1
3
3
3
1
2
5
7
1
1
2
3
3
2
1
73
1
1
1
1
20
1
6
4
1
1
98
4
37
12
58
54
1
1
7
1
1
1
1
1
12
20
2
61
3
26
6
3
1
4
2
1
1
2
1
2
1
9
3
1
1
3
8
1
1
1
451
1
1
2
1
4
1
6
1
4
1
14
127
1
2
1
1
2
6
4
24
6
2
1
27
1
1
56
3
1
7
1
1269
8
3
1
2
4
18
165
98
1
1
1
16
11
1
32
2
1
1
1
1
3
7
1
1
3
1
1
9
3
1
11
3
3
1
1
8
4
1
8
2
4
1
7
24
1
22
2
1
1
1
3
24
1
2
87
3
2
1
286
18
2
52
30
3
1
2
4
3
1
12
1
1
1
147
1
3
1
2
2
78
1
1
80
2
1
1
1
1
2
28
5
1
1
1
149
76
2
2
3
217
5
2
13
5
24
1
4
39
33
15
1
6
1
8
8
19
28
2
52
1
1
1
76
1
1
1
1
1
9
1
1
1
1
13
3
10
2
1
1
49
1
1
2
1
3
1
15
1
1
1
1
1
1
5
2
3
6
26
1
7
240
2
113
2
1
1
1
3
7
6
4
2
1
3
3
1
1
56
1
4
3
1
657
1
3
3
1
1
1
3
1
2
1
1
1
1
149
1
1
1
1
1
1
1
3
3
5
1
7
3
3
1
2
1
1
1
2
39
1
2
1
2
1
1
2
1
1
1
1
3
1
2
1
1
1
1
1
1
4
2
1
2
2
1
2
1
1
7
3
1
252
1
4
1
1
2
2
1
3
9
27
18
4
7
2
72
3
1
2
1
1
1
1
1
43
1
1
91
2
1
225
1
1
1
1
1
2
1
1
1
1
4
3
1
2
1
218
1
1
1
1
1
6
1
76
7
1
4
1
239
2
100
1
1
14
1
3
15
2
1
2
13
1
731
1
1
1
143
1
1
1
1
1
4
1
1
5
1
1
1
1
4
2
1
1
1
1
1
2
1
1
3
62
27
1
1
35
1
1
1
1
3
1
1
3
6
3
10
2
1
1
21
8
1
1
2
2
1
53
1
8
1
1
1
4
12
1
2
7
2
1
3
1
1
1
1
2
1
1
1
5
1
1
3
1
3
80
1
2
25
1
142
1
1
3
1
1
8
8
1
1
13
3
1
20
1
1
2
1
1
1
3
2
3
14
6
8
1
2
3
1
1
1
1
3
1
1
2
1
2
25
1
3
6
55
1
35
1
9
18
39
4
3
5
1
1
4
1
7
1
1
1
2
1
3
1
111
8
1
1
1
290
1
2
117
2
21
5
2
1
1
37
1
2
1
1
3
1
5
1
1
2
1
27
16
7
10
283
2
1
7
8
62
1
13
3
2
2
37
2
1
1
1
1
1
1
1
1
2
4
10
1
1
1
1
9
1
1
10
30
1
1
1
1214
6
1
1
2
1
1
1
1
4
1
34
1
1
332
1
17
1
3
1
4
8
1
8
1
3
1
1
1
1
1
9
2
5
18
2
2
2
2
102
1
1
37
1
20
48
2
4
5
26
5
1
24
1
2
1
1
2
1
6
7
3
77
6
152
170
2
30
5
1
6
11
303
1
19
239
2
1
1
1
1
1
7
1
1
104
12
158
95
1
1
1
1
239
9
3
14
5
43
3
1
4
1
48
1
2
1
344
18
1
117
88
6
29
1
18
22
1
4
12
1
173
20
31
3
3
1
1
1
1
2
1
1
3
2
532
1
1
1
21
111
1
1
1
601
1
41
2
4
33
40
14
3
1
91
2
12
13
13
16
7
8
1
8
7
8
327
1
1
1
2
10
79
1
9
4
1
56
3
2
1
1
2
2
2
1
249
3
1
1
1
1
81
1
6
2
1
2
1
9
214
24
44
9
1
3
1
16
1
1
1
32
1177
1
158
3
29
10
17
10
1
7
1
1
1
31
7
37
1
2
1
75
1
1
1
8
1
1
3
8
1
3
1
198
121
4
83
64
1
1
1
1
1
1
20
17
1
2
1
1
5
1
173
16
107
2
19
20
18
10
81
13
351
2
7
1
14
1
215
65
1
1
5
13
76
38
2
21
1
4
16
1
14
28
27
23
6
1
84
3
2
2
2
2
1
2
1
1
1
1
82
1
85
5
1
1
3
1
112
1
39
1
1
73
8
1
26
61
7
1
3
1
1
5
119
3
10
27
1
19
1
10
1
2
5
30
314
20
1
22
13
1
16
55
2
7
2
4
6
12
23
19
2
15
8
3
21
3
1
3
7
11
1
1
6
3
11
47
3
307
2
4
4
16
1
2
1
2
1
3
39
1
116
76
1
37
4
109
1
7
1
2
1
10
2
37
2
4
122
2
1
3
2
8
10
185
21
7
1
4
9
168
1
4
1
2
1
1
20
1
2
3
1
29
1
1
1
1
1
1
1
224
1
39
31
1
4
1
1
1
144
7
1
250
66
54
24
1
1
364
53
47
2
2
1
1
864
1
2
443
57
1
1
2
3
1
1
1
1
27
3
1
1
2
1
587
1
1
1
1
1
1
1
375
1
1
677
13
1
1
137
2
3
2
3
640
4
4
403
86
9
1
20
1
13
3
3
57
2
10
3
7
1
4
1
1
1
7
26
2
3
2
1
1
7
1
1
16
1
1
1
31
1
1
1
33
1
1
1
21
1
1
70
2
2
1
412
1
1
1
1
3
1
254
18
1
1
1
1
1
1
4
7
16
4
1
1
1
1
1
1
1
1
1
1
1
1
1
2
2
1
1
44
2
2
1
10
1
1
1
1
1
1
2
1
1
196
1
1
4
4
1
1
1
2
1
1
1
1
1
3
1
8
1
2
1
1
2
4
1
14
7
145
1
1
1
2
3
1
1
1
1
1
1
5
1
15
5
50
1
1
1
1
1
22
1
5
85
1
1
2
1
1
2
2
1
1
1
7
1
2
59
1
1
4
1
1
45
1
1
1
20
1
5
2
1
21
2
2
9
12
1
1
1
23
1
2
1
2
66
10
434
1
1
1
1
2
101
1
1
1329
4
128
1
79
1
9
9
4
14
1
69
2
3
38
27
1
7
13
31
1
2
1
7
28
3
13
4
1
1
1
1
2
1
2
1
5
3
22
1
2
1
1
5
23
9
13
10
9
1
1
2
3
1
1
1
1
299
1
1
23
398
1
1
479
283
1
2
1
2
3
190
1
11
3
1
2
1
1
1
1
1
1
1
3
4
1
2
1
1
1
1
6
1
1
1
5
8
1
1
2
3
78
1
2
2
22
1
340
2
1
1
2
2
3
1
1
10
1
1
8
1
1
2
1
1
1
1
10
9
1
657
8
1
461
1
1
1
1
1
14
1
6
4
2
30
1
4
2
1
1
1
2
1
13
1
1
1
58
1
1
387
2
1
2
1
1
1
25
11
1
1
1
1
1
1
6
1
1
1
2
2
7
1
3
1
3
4
41
1
1
1
1
21
3
1
1
1
1
4
1
3
42
1
1
2
1
103
4
2
1
3
1
1
6
1
1
1
1
1
18
1
9
1
1
1
4
3
1
26
2
1
1
1
1
1
1
1
14
1
771
2
1
3
15
1
28
1
190
1
39
2
1
1
4
4
1
3
1
16
2
1
1
19
1
4
2
27
12
1
1
1
1
1
84
1
1
2
1
1
3
4
2
1
1
358
1
10
8
4
1
27
1
5
2
1
2
21
1
307
4
16
6
7
1
4
3
111
604
6
4
1
1
1
1
2
1
28
1
34
121
5
1
1
232
1
1
23
3
4
1
3
1
2
1
2
3
1
2
1
118
1
1
1
1
12
1
2
2
1
1
8
4
2
1245
1
1
3
1
2
1
3
3
7
1
1
1
1
1
2
3
1
1
1
9
1
1
3
1
1
36
1
1
3
3
1
25
2
29
2
1
1
2
1
24
4
420
1
1
6
10
1
1
10
5
1
2
5
22
18
8
1
1
1
1
4
1
1
1
1
23
1
1
1
13
2
2
1
1
1
1
1
11
29
120
1
41
1
1
99
1
81
3
7
1
28
2
2
1
61
3
1
1
1
1
1
1
1
75
1
1
1
24
2
1
4
1
2
1
1
5
1
5
3
1
1
1
135
1
1
5
1
44
1
2
10
108
1
12
87
9
1
32
60
1
1
1
2
3
1
2
24
90
84
1
1
1
1
11
2
3
5
19
1
1
27
21
1
5
1
19
3
1
2
21
1
1
2
7
10
69
35
2
32
1
1
183
56
10
1
5
3
2
46
5
6
6
5
2
31
3
5
1
1
32
1
28
1
71
7
1
2
1
1
1
6
2
1
11
16
4
8
8
15
2
4
1
18
2
22
7
3
1
16
49
12
5
40
22
75
11
47
1
5
1
2
80
1
108
188
277
35
92
2
51
2
136
1
1
319
4
1
2
33
2
44
10
9
1
1
3
2
1
1
84
1
1
5
7
3
1
1
1
1
1
1
384
1
1
4
1
1
64
4
1
1
1
44
1
1
1
16
1
1
2
1
2
27
1
1
10
1
1
13
1
222
1
4
2
277
2
172
2
1
1
1
4
5
9
1365
1
1
2
1
2
193
12
3
31
2
2
1
1
1
60
4
5
3
4
3
3
62
1
1
1
2
1
1
1
1
2
710
1
280
1
1
1
3
1
2
6
3
3
3
3
6
2
2
1
1
1
1
12
18
1
1
1
1
1
1
275
1
1
1
1
1
1
1
1
36
10
14
1
1
258
17
1
101
1
34
39
1
1
1
1
130
3
1
1
1
1
2
1
183
83
150
209
1
1
3
1
1
21
2
1
1
1
1
1
1
14
1
1061
1296
1
1
17
1
1
1
2
1
1
1
6
1
1
1
1
1
1
6
8
5
1
2
3
1
1
1
1
24
1
1
1
27
1
3
1
11
1
1
1
1
10
1
28
67
23
4
2
322
1
1
5
1
2
1
12
1
1
1
1
244
2
1
1
2
1
293
1
1
3
2
1
1
1
2
3
1
6
1
1
1
17
1
9
1
1
6
14
1
1
1
1
2
1
1
34
11
1
1
1
1
2
66
2
593
11
2
1
1
1
1
1
17
2
44
1
170
1
3
1
1
1
1
1
1
1
49
1
1
1
1
1
169
1
1
20
1
1
1
1
281
1
1
1
1
1
2
1
1
19
4
19
1
1
9
2
5
1
1
1
1
2
1
1
1
20
2
118
39
27
1
1
1
1
1
13
1
1
1
70
2
1
1
5
4
19
1
4
1
294
1
1
1
1
1
2
1
1
1
1
19
1
1
5
27
44
1
8
1
1
1
1
1
1
1
1
1
1
22
1
1
7
269
1
39
1
1
2
10
1
1
20
1
1
1
2
1
1
4
4
1
1
1470
1
1
1
2
6
4
31
51
1
3
2
3
3
6
1
1
44
46
1
1
6
1
1
8
1
1
1
8
1
1
267
1
5
153
1
2
1
2
1
1
3
1
1
1
1
1
1
3
4
11
34
1
1
1
1
68
5
1
1
1
2
1
7
4
2
2
1
17
29
1
1
87
1
3
59
1
1
2
1
2
1
3
1
1
1
1
1
1
1
1
1
1
15
2
21
1
168
1
1
1
1
1
6
1
291
54
1
1
2
1
5
5
1
2
1
1
1
31
2
2
1
1
4
5
23
1
2
1
1
1
1
1
1
2
123
1
7
27
6
61
3
1
1
1
26
1
1
1
4
36
2
54
632
1
1
1
22
1
1
1
4
1
1
5
392
4
2
1
1
70
1
132
2
202
636
1
3
1
1
1
1
1
10
9
1
1
2
86
1
1
1
11
7
3
1
1
1
2
1
1
5
5
1
1
1
1
1
4
1
1
1
1
2
4
1
6
1
1
46
4
1
1
22
1
1
1
3
1
1
1
1
1
1
2
1
1
8
1
1
1
1
1
1
171
1
920
1
1
1
2
124
1
1
1
1
2
2
130
1
1
1
1
22
169
104
1
1
4
27
1
3
10
1
12
1
1
1
13
7
1
2
3
2
1
4
2
1
3
2
1
21
68
21
1
1
9
183
514
1
1
1
21
1
1
6
3
1
3
1
1
1
3
3
1
1
1
16
1
29
6
52
4
11
1
3
2
8
1
1
1
40
6
7
4
284
1
1
1
4
3
4
11
6
1
11
6
28
5
1
1
4
1
49
11
5
1
1
4
2
2
1
22
1
2
3
2
1
7
30
5
57
1
1
1
2
1
1
11
8
1
1
3
198
1
2
11
3
2
1
9
1
174
8
1
1
1
55
1
12
3
1
59
1
6
8
1
1
11
1
3
9
7
1
4
96
1
1
3
3
2
11
2
5
1
6
8
40
3
1
3
1
10
1
54
1
2
41
1
1
1
1
1
1
3
5
1
2
1
29
5
111
4
107
1
1
2
1
2
6
5
1
2
282
1
2
1
4
1
106
28
2
6
2
1
1
26
12
389
1292
28
1
3
2
52
516
1
50
37
3
1
1
1
1
1
71
1
1
2
1
1
1
1
2
88
1
1
5
1
1
9
1
1
1
1
1
32
2
2
3
5
33
111
1
406
85
1
1
1
206
1
345
1
1
1
1
1
2
1
1
1
87
395
1
7
1
2
2
365
10
1
1
5
1
188
