1
7
8
1
2
9
4
2
3
3
1
5
1
2
2
2
8
15
2
2
3
2
4
1
1
3
2
26
1
4
2
1
1
1
1
5
44
1
6
1
2
2
1
8
3
3
2
1
2
1
20
1
1
4
34
4
1
11
2
3
2
4
4
11
6
4
2
2
1
1
1
1
1
1
3
2
1
1
1
1
2
5
3
1
1
2
1
2
2
1
1
1
2
1
1
6
10
1
2
5
9
2
2
1
1
2
2
1
1
4
3
1
2
1
2
2
8
2
1
2
1
7
2
1
3
14
1
3
1
1
1
3
2
2
16
1
1
9
3
7
1
1
1
4
3
2
4
1
2
4
14
2
4
1
37
7
1
2
1
1
6
1
1
7
2
5
3
1
2
3
1
2
1
1
5
21
2
2
2
7
24
2
2
22
3
7
6
4
4
4
15
2
7
1
3
1
4
4
1
1
1
1
1
1
1
1
4
1
4
9
3
1
3
2
4
6
3
3
2
1
2
1
4
2
7
4
2
1
4
10
2
2
1
1
2
2
4
35
2
12
1
1
1
1
5
14
3
2
1
3
1
4
1
1
3
1
1
4
2
4
1
1
2
1
1
2
2
2
1
1
1
2
1
6
8
1
4
2
4
2
3
2
1
1
2
1
3
6
11
3
3
1
1
2
3
1
1
3
4
2
1
1
5
2
3
16
3
3
3
1
1
4
1
4
3
1
16
1
4
1
1
1
1
3
2
3
10
1
7
8
2
7
7
1
4
1
2
5
1
1
7
3
2
2
2
2
1
3
1
4
2
1
1
10
7
4
1
2
3
1
1
1
3
3
1
1
5
4
2
3
1
1
1
3
2
11
37
1
9
2
20
1
2
18
6
13
2
1
1
2
4
4
2
1
1
2
2
1
1
14
6
2
2
7
1
1
2
1
5
7
7
14
3
2
3
1
2
3
2
2
10
2
2
9
2
4
1
9
1
8
2
12
2
1
1
1
2
7
7
1
9
4
7
1
5
1
6
1
1
10
4
4
2
1
2
1
3
1
6
1
3
35
7
2
5
1
1
3
5
4
1
1
1
10
7
2
7
9
1
1
3
1
2
1
11
2
2
4
3
3
1
11
10
1
2
6
3
26
3
12
1
12
31
1
1
1
13
4
2
9
9
1
2
2
3
8
2
1
1
2
2
2
5
1
3
2
2
1
1
7
1
10
1
5
1
9
1
3
1
1
1
3
5
3
3
8
2
12
10
4
5
11
2
8
3
5
10
17
7
3
3
2
1
1
2
3
2
2
4
2
3
2
3
2
6
9
5
4
1
2
1
5
18
1
4
1
31
2
3
6
1
2
2
4
1
20
1
2
3
17
15
1
1
4
5
1
1
1
7
2
1
3
24
12
1
7
1
1
2
6
2
1
1
1
2
6
2
2
3
3
8
2
2
8
1
3
3
4
2
3
1
1
2
2
12
2
1
4
11
3
2
3
6
3
2
28
1
5
3
3
6
22
4
1
2
5
8
6
3
11
3
4
2
3
1
1
2
1
2
4
1
3
3
1
1
2
1
6
2
1
3
1
42
2
23
1
3
16
4
4
7
1
1
5
2
2
1
1
7
1
1
5
28
12
7
2
1
2
3
5
2
2
1
1
1
5
3
2
1
3
5
1
6
7
8
17
2
10
1
7
1
1
6
7
4
4
5
7
1
1
2
3
7
3
15
2
1
2
1
3
2
1
1
1
3
2
5
2
15
2
1
6
5
5
1
1
1
1
3
2
5
5
1
1
1
1
6
2
1
15
1
1
6
1
2
1
2
1
5
1
1
5
2
9
2
7
1
4
1
2
4
1
10
1
2
3
1
4
8
2
3
1
2
9
1
1
5
1
9
1
1
2
7
2
2
1
13
1
3
1
4
3
1
1
4
10
6
1
1
1
1
1
6
1
9
1
2
2
3
3
2
10
3
1
8
8
2
13
20
4
5
1
8
1
1
11
1
6
1
2
1
17
3
2
2
1
2
2
1
10
2
1
3
1
2
19
4
2
2
1
6
1
2
3
1
4
3
3
2
4
2
1
8
1
3
4
17
17
1
1
8
3
1
1
1
3
26
3
2
3
5
6
1
1
5
2
3
1
14
1
1
1
3
4
9
2
7
5
1
1
2
2
1
1
6
5
2
5
7
8
5
1
3
1
5
9
2
1
3
1
1
3
9
2
1
2
1
1
1
1
6
1
1
1
7
9
1
4
4
10
3
1
1
1
7
4
5
1
1
1
1
2
1
1
1
2
1
1
7
1
1
3
1
21
7
1
1
5
5
9
4
1
1
1
18
1
1
3
1
1
2
2
1
26
19
1
5
2
7
9
6
3
1
2
1
10
1
1
2
6
6
31
16
5
13
1
1
2
1
16
3
1
1
2
4
7
1
6
4
1
3
2
4
2
1
3
5
1
1
11
2
1
4
1
2
3
3
1
2
5
13
1
1
6
37
4
2
1
2
2
4
6
1
2
2
13
2
6
6
2
9
4
2
1
11
8
1
12
1
2
4
4
1
1
10
2
1
2
1
1
3
1
1
9
7
5
2
3
4
1
1
1
3
1
1
2
4
2
1
2
3
48
2
3
4
1
1
1
1
2
3
1
2
10
2
2
3
1
2
4
1
1
15
1
2
1
2
3
3
1
1
3
8
4
1
2
3
2
5
1
1
4
3
6
3
3
1
7
3
2
1
1
2
2
3
1
14
5
1
3
1
2
1
2
6
11
1
3
5
5
15
20
4
1
1
5
2
1
3
4
