1
2
8
21
9
4
5
2
9
1
3
6
2
4
1
2
2
1
2
2
1
3
16
7
23
1
2
1
7
7
2
2
19
18
3
3
2
1
4
1
9
1
1
2
2
2
1
8
3
4
1
6
4
27
2
1
4
5
2
1
2
5
1
4
3
8
38
2
43
1
5
1
2
1
3
1
2
22
3
5
1
3
1
1
3
2
4
1
3
2
3
6
5
33
13
6
2
1
9
3
3
6
3
5
2
35
1
3
16
6
1
11
1
3
2
4
6
1
1
1
1
1
6
1
3
4
1
5
2
2
10
8
14
1
1
6
6
19
5
1
1
4
19
1
3
2
3
11
3
4
11
3
2
6
2
4
4
8
1
7
7
4
6
4
2
44
2
3
6
6
1
2
7
1
1
2
5
2
2
8
2
3
3
4
11
26
9
1
1
5
7
38
2
1
1
1
6
8
1
1
19
5
36
6
2
2
41
2
4
3
1
11
8
1
3
3
3
19
2
2
4
29
1
2
4
1
17
1
3
1
9
2
1
3
4
1
2
12
2
1
4
1
7
11
2
20
8
28
14
3
4
1
3
2
8
7
2
30
20
1
19
1
2
5
12
2
31
1
8
1
14
16
13
1
29
3
5
1
13
13
2
1
3
2
52
7
2
1
3
1
5
1
24
9
6
2
2
5
1
16
5
1
12
1
11
4
14
1
2
10
3
1
2
9
1
2
1
1
1
3
13
3
2
9
1
19
2
20
1
1
3
4
1
4
1
1
9
24
1
18
1
7
2
11
7
1
1
2
1
12
2
2
1
3
6
3
1
16
2
9
1
2
1
10
3
8
2
1
5
1
3
3
1
2
4
12
1
5
2
11
4
6
6
6
1
1
1
1
36
7
1
13
2
2
3
5
5
1
1
2
1
7
2
2
1
6
14
24
4
11
2
1
4
2
2
2
2
3
3
2
34
5
12
1
2
23
10
3
3
1
3
13
3
9
6
13
3
4
4
46
2
8
4
1
1
18
13
11
2
3
4
6
27
6
7
5
8
58
1
1
2
2
8
1
2
1
3
1
16
6
1
6
7
4
15
2
6
2
1
1
1
7
8
3
20
4
2
41
4
9
1
14
4
1
8
22
7
2
2
30
2
32
1
1
8
9
1
5
18
18
2
7
1
3
1
1
39
18
3
1
21
7
4
3
1
1
2
3
6
8
2
3
3
14
6
10
8
21
4
3
8
21
2
4
21
2
6
1
7
51
20
3
3
2
10
3
1
1
2
3
5
2
1
3
8
17
1
1
2
2
2
1
57
3
10
2
4
28
42
1
3
4
2
4
24
1
3
21
2
4
14
5
19
11
3
6
2
2
2
15
8
5
1
5
1
2
5
1
3
4
2
1
2
1
2
1
2
1
1
3
6
6
3
16
19
2
4
1
1
12
2
1
34
8
2
3
7
5
2
3
1
5
1
6
20
6
1
3
4
11
3
4
1
1
7
23
13
2
5
5
1
8
11
1
4
3
5
5
2
6
3
3
2
4
2
9
14
2
2
5
9
2
7
5
2
35
7
2
1
26
3
2
1
1
24
2
18
1
5
3
1
1
7
1
4
4
1
39
12
12
1
5
2
6
1
1
7
11
4
24
1
23
6
4
6
8
2
11
2
1
1
1
2
3
71
1
4
1
2
2
1
6
2
5
1
3
2
2
1
9
3
1
2
6
1
2
1
1
1
2
1
1
3
8
2
9
10
4
5
1
66
4
4
1
1
12
1
2
20
21
1
2
4
1
13
1
4
3
1
1
20
3
3
2
1
2
2
2
5
13
2
2
1
11
4
5
6
2
14
8
2
2
3
2
8
19
8
1
15
3
1
2
2
1
3
2
10
10
2
1
1
9
2
7
9
4
1
6
21
7
2
2
1
14
7
3
4
1
4
3
9
1
6
2
2
3
5
12
3
2
24
2
2
1
20
1
2
11
40
2
1
2
20
18
3
9
3
2
1
5
5
2
1
2
3
12
2
43
1
3
2
9
1
1
1
1
6
12
10
1
26
1
1
2
6
3
4
1
21
19
1
1
9
1
1
2
2
4
1
3
2
1
4
3
2
7
6
3
4
3
2
7
3
2
3
1
62
12
5
19
2
17
33
14
2
5
1
2
26
4
2
13
4
2
1
56
3
16
3
1
4
9
9
1
1
28
1
1
1
1
2
6
28
2
6
1
1
5
7
13
3
2
3
3
8
2
12
2
1
4
17
11
4
1
2
1
1
2
30
2
5
4
5
2
2
4
19
1
10
1
5
3
1
10
1
1
4
3
31
1
14
8
5
19
2
1
12
2
4
6
8
1
2
30
2
4
1
1
2
4
7
2
24
6
4
4
16
1
7
4
7
7
36
2
4
6
1
2
2
1
3
3
2
1
18
1
1
5
2
3
1
2
10
4
3
2
2
2
8
6
5
10
1
1
2
2
1
97
7
2
6
2
2
5
1
2
11
4
2
3
1
7
3
2
2
7
3
1
6
11
3
2
1
2
6
3
1
1
2
1
6
15
19
1
35
11
1
6
2
3
68
2
1
28
2
13
1
47
14
2
28
2
31
2
31
13
1
2
3
11
1
3
3
25
1
5
10
13
2
3
1
1
10
1
1
2
2
1
2
4
9
4
1
10
11
2
19
4
2
18
1
2
2
1
20
2
3
12
1
1
18
2
7
2
1
10
4
3
1
1
3
9
3
1
2
1
3
5
1
3
2
2
20
5
2
5
1
35
7
13
5
12
4
9
18
1
2
1
9
2
2
6
1
2
1
6
4
1
2
13
4
4
1
2
12
3
13
1
3
7
24
2
2
2
6
2
2
28
6
2
2
11
1
2
1
7
8
3
1
22
2
3
1
1
1
5
6
1
2
1
1
2
31
8
5
3
3
4
5
2
1
1
1
1
5
2
11
1
23
4
17
3
1
1
7
1
2
4
2
5
9
4
1
8
11
2
11
3
2
4
12
7
2
3
9
1
3
2
13
6
2
1
23
1
2
5
3
2
1
1
1
3
4
1
1
5
10
39
4
6
1
5
2
12
4
1
4
3
9
9
1
1
1
1
4
6
2
1
1
2
10
1
1
6
12
1
1
1
1
9
4
4
1
5
5
30
13
4
3
1
1
1
11
3
4
4
1
13
3
8
2
1
1
1
8
1
2
2
29
6
1
7
2
4
1
1
37
4
2
1
2
1
1
3
15
13
5
4
3
2
3
7
27
2
3
1
15
1
6
25
1
1
9
29
1
1
1
6
1
3
3
7
8
2
3
1
15
2
1
3
1
1
3
11
1
6
4
5
16
2
6
1
21
2
13
20
3
1
3
4
1
3
25
12
25
1
1
8
2
1
2
1
6
1
11
1
1
2
5
1
1
3
20
1
2
2
5
4
2
10
2
1
1
2
70
9
6
1
3
45
4
5
1
1
3
3
2
15
8
13
5
18
67
5
7
3
1
13
2
10
20
19
1
3
1
3
1
12
2
2
8
23
1
4
8
2
3
19
7
22
8
4
9
2
6
1
1
8
1
12
7
1
2
6
10
5
1
2
5
6
11
1
8
2
43
15
2
1
2
3
1
17
5
3
1
2
1
1
11
2
6
4
83
3
15
4
3
1
6
7
6
2
2
4
3
17
9
8
3
6
3
2
2
5
3
2
7
8
12
2
1
14
12
4
13
1
2
9
46
1
6
1
2
2
5
2
3
1
6
5
7
3
1
8
1
2
5
1
5
4
1
1
2
15
2
2
2
14
1
4
4
20
1
24
1
1
21
8
25
20
1
3
2
1
2
2
8
10
3
1
2
41
6
5
26
2
11
3
37
13
5
6
2
5
2
2
2
4
11
3
2
1
1
1
1
7
2
2
53
4
1
3
13
4
6
1
16
15
2
3
3
3
1
1
2
1
2
4
1
3
1
1
2
16
5
1
59
36
5
1
7
2
1
1
1
5
1
2
1
21
2
4
1
3
2
1
1
7
4
2
28
2
6
4
3
3
2
1
1
2
2
2
1
9
1
19
38
7
4
2
1
2
6
1
11
18
2
2
25
6
8
10
2
2
5
8
3
20
32
24
1
2
3
1
6
8
2
2
3
17
5
2
2
13
35
30
1
4
14
5
32
1
1
21
13
102
1
11
3
1
1
4
3
1
1
4
10
1
3
7
2
2
1
16
2
3
2
1
32
2
1
4
7
1
1
1
21
1
2
1
6
9
2
2
20
5
1
4
6
37
1
1
3
2
3
1
1
1
3
17
13
1
8
1
1
3
1
3
4
1
2
2
24
1
1
7
8
1
5
1
6
1
13
4
7
5
18
4
2
4
2
3
3
6
5
3
1
1
3
8
1
10
1
9
1
1
2
4
12
3
2
13
1
1
12
10
1
5
3
1
1
23
2
1
2
3
1
7
9
1
3
2
