8
2
6
3
1
11
1
98
4
222
115
46
11
4
5
24
62
103
3
84
5
4
16
6
5
111
2
15
1
4
24
19
2
2
1
4
1
11
56
11
8
1
7
1
27
13
2
1
42
105
6
13
8
27
2
2
7
3
2
10
13
29
9
6
2
2
42
2
1
1
228
51
104
1
29
43
4
19
8
9
54
3
5
5
70
7
120
12
12
1
1
2
8
75
3
3
1
53
3
137
27
46
3
1
307
27
9
16
5
1
3
314
4
22
7
9
1
11
4
4
5
2
36
7
69
35
1
11
24
294
36
10
5
79
136
25
10
223
38
5
4
6
3
25
7
26
27
2
27
400
1
2
4
10
4
12
5
1
2
3
18
25
2
57
123
2
6
11
96
3
5
14
30
1
166
12
24
5
2
18
40
192
20
4
1
54
122
48
2
25
5
58
12
3
5
8
118
40
8
5
15
8
28
16
11
5
1
5
31
9
76
7
6
2
9
10
5
2
384
2
79
123
37
13
10
5
6
7
5
7
17
3
4
12
20
28
130
4
13
23
47
16
9
21
20
3
1
8
2
2
127
2
5
6
173
8
96
119
72
9
7
13
3
81
41
1
16
3
2
16
4
2
42
2
1
2
226
2
3
32
3
4
2
2
2
2
257
12
14
121
3
1
76
63
16
5
2
3
40
54
118
26
1
210
4
5
2
2
13
33
112
79
351
1
113
1
89
3
23
3
158
121
6
109
85
2
1
13
286
210
7
116
8
2
1
1
22
7
1
20
42
7
39
1
1
13
34
1
3
70
2
1
100
52
3
245
2
15
9
77
49
54
48
111
10
5
392
47
3
70
100
1
7
6
1
1
2
1
6
193
5
29
471
52
24
178
13
17
6
31
10
59
3
2
6
2
2
1
8
1
198
5
1
33
1
2
196
1
12
5
6
3
22
1
2
6
34
6
25
16
4
40
2
94
11
7
4
12
411
12
34
4
2
203
2
61
59
5
119
15
3
13
3
17
3
3
2
25
379
26
36
37
3
55
1
1
370
2
5
13
2
16
2
2
28
7
4
182
13
2
1
29
1
24
2
2
4
43
31
2
52
6
30
9
33
2
7
17
5
22
9
1
14
13
3
1
1
16
8
8
8
49
3
32
8
1
4
393
186
34
6
37
359
2
4
5
10
3
9
4
4
1
1
5
51
17
1
16
20
102
1
44
5
11
43
6
16
34
6
1
103
72
23
3
229
1
2
2
120
367
12
2
10
1
45
3
62
8
43
11
8
57
1
23
19
6
8
6
2
4
24
1
3
3
5
9
23
88
1
1
4
2
3
30
25
363
10
226
7
14
119
23
9
15
367
4
18
10
5
1
12
29
6
9
9
37
43
1
2
10
3
87
30
40
23
1
136
9
37
1
1
1
19
67
1
3
2
6
457
1
3
3
1
10
2
3
1
17
7
13
26
90
368
3
5
5
1
250
13
48
33
22
1
1
14
427
5
2
3
1
82
6
7
8
18
3
49
1
2
2
20
97
1
17
2
349
37
253
2
4
4
1
2
34
8
1
59
210
2
5
206
4
20
119
23
161
35
9
1
30
3
7
3
2
4
1
4
12
54
13
2
7
3
74
14
26
101
2
8
139
2
5
2
207
94
8
26
2
1
6
6
19
3
11
4
115
11
2
90
19
1
34
1
14
5
220
12
11
1
1
47
371
2
90
13
29
1
17
2
3
2
6
2
13
24
49
449
4
31
3
1
3
4
11
48
2
35
1
5
5
14
1
11
2
21
23
39
7
27
4
55
283
2
1
310
13
97
1
1
1
15
158
60
46
8
4
23
5
10
73
4
51
1
20
2
5
10
205
11
3
16
4
2
9
2
8
1
11
5
117
10
7
2
2
4
4
62
1
33
22
47
40
1
32
1
2
14
3
42
2
42
80
15
6
2
11
8
7
24
4
99
2
36
1
99
6
2
10
11
7
8
22
1
22
6
42
6
2
3
105
3
1
110
2
4
5
3
5
3
5
13
42
12
9
7
122
40
3
18
1
18
10
25
1
6
2
2
77
8
44
5
3
3
21
33
22
58
2
63
8
66
31
83
12
9
21
1
229
6
3
56
13
36
93
38
9
6
1
3
1
3
164
14
3
14
16
16
58
2
22
18
230
14
43
95
8
68
1
41
5
19
42
2
4
3
7
6
9
2
4
96
4
12
1
5
1
11
2
3
11
23
5
37
5
77
42
9
13
44
12
1
1
2
1
2
2
1
303
18
12
15
8
18
59
6
2
11
2
2
53
16
36
23
116
3
25
1
2
41
7
3
3
37
1
186
2
28
1
37
34
1
12
18
25
59
4
3
90
1
5
2
1
4
2
3
4
7
1
5
88
1
5
105
21
3
4
4
21
2
22
3
83
7
1
31
1
1
5
2
39
16
31
45
16
139
6
23
34
3
4
13
17
22
13
5
2
99
1
2
20
286
61
7
2
52
9
7
3
3
20
24
7
42
16
23
4
8
15
1
1
3
1
47
3
133
7
9
13
1
5
82
3
1
105
11
2
8
4
1
43
26
26
66
5
1
3
48
6
4
10
14
16
3
2
10
3
77
27
42
2
6
46
8
14
7
9
29
2
115
11
2
23
28
4
2
1
245
3
5
2
1
1
181
1
10
1
32
8
5
2
14
393
1
200
3
8
2
17
3
90
6
2
125
27
1
3
28
3
53
12
2
2
27
17
2
3
79
70
1
251
4
43
1
70
87
1
2
1
9
1
1
7
4
10
47
9
48
10
47
1
1
2
8
11
3
36
2
9
29
5
4
26
354
211
1
38
44
58
40
2
21
18
26
8
13
1
3
3
1
7
5
5
1
56
103
23
92
1
57
5
409
7
10
8
118
6
1
5
14
2
13
19
9
463
34
4
15
1
4
16
5
4
160
1
3
1
8
3
138
20
41
334
244
146
4
15
29
24
8
6
5
2
133
4
17
14
33
2
35
215
32
53
1
7
2
80
5
202
12
11
4
1
7
56
42
23
3
6
13
1
1
3
194
320
75
15
8
2
43
8
41
23
84
240
14
2
111
66
96
11
34
18
1
50
1
3
71
13
4
5
12
1
9
1
11
1
2
4
110
47
4
3
45
1
6
15
5
8
3
4
1
91
1
11
113
1
11
3
418
3
28
27
2
115
8
23
1
2
25
19
24
11
12
148
6
65
36
19
4
4
3
17
14
66
5
9
30
16
6
2
3
6
438
311
342
35
20
6
43
45
8
3
2
7
4
50
1
5
2
3
5
9
3
1
184
82
11
1
122
92
9
107
6
103
8
107
6
15
5
6
85
150
4
1
1
7
10
12
1
5
4
34
14
125
10
2
85
8
25
3
46
13
35
25
5
3
8
2
1
1
143
2
2
3
5
6
6
53
9
1
8
14
5
2
2
27
5
13
14
38
3
2
89
3
1
2
12
22
7
9
66
162
115
2
1
1
1
20
4
7
60
9
3
