3
22
181
22
4
9
152
4
44
30
3
1
2
150
9
75
34
2
34
47
26
23
9
7
360
22
2
27
42
154
7
38
198
2
8
19
481
33
206
4
12
10
17
11
1
32
56
1
12
46
16
15
1
17
1
13
11
3
19
26
139
12
5
18
86
23
3
421
23
33
136
387
33
97
303
24
1
6
54
17
18
2
63
1
9
24
8
132
24
96
108
16
49
2
1
396
1
2
21
201
4
11
9
1
173
45
4
58
6
224
2
8
174
9
40
1
21
74
19
5
69
2
40
10
155
2
1
3
42
8
1
4
5
40
3
70
6
1
2
13
15
5
75
5
194
191
3
51
4
122
9
1
7
2
31
20
73
5
9
25
14
16
2
145
196
49
13
4
3
1
2
14
76
34
47
22
27
14
5
14
12
11
25
28
4
25
5
1
11
7
1
12
21
36
3
41
24
84
118
6
40
34
9
20
33
4
3
19
13
44
64
8
52
8
1
2
2
8
22
31
15
4
28
12
9
21
7
1
4
1
212
32
1
6
198
2
111
75
60
63
2
2
50
33
24
2
23
10
6
15
40
13
15
149
6
22
1
2
34
10
21
12
7
31
8
20
137
159
314
15
6
101
4
4
2
3
2
4
1
221
31
9
336
1
1
11
13
57
295
13
13
19
35
5
39
315
14
233
283
2
2
32
1
8
8
30
41
4
222
35
87
91
1
3
7
56
19
3
28
4
8
62
2
306
4
5
6
12
5
8
43
7
136
1
43
6
15
11
17
49
17
47
3
156
1
10
39
14
3
5
299
19
35
52
8
34
7
43
12
24
25
1
312
62
12
6
13
14
8
4
2
2
4
525
183
46
36
154
63
51
1
20
16
20
1
2
2
24
21
30
17
5
186
49
1
17
2
17
165
27
2
7
67
41
4
9
4
1
2
16
54
22
109
21
17
4
1
2
13
45
5
41
13
77
5
7
2
25
27
6
153
38
5
103
5
2
10
21
28
21
12
1
6
133
79
39
18
37
16
10
30
1
26
9
6
52
1
7
2
115
34
74
5
6
3
2
24
1
1
188
63
4
38
38
2
3
72
3
12
6
30
37
11
10
7
1
1
1
61
10
10
1
67
1
6
28
27
56
39
96
8
4
136
138
9
1
59
9
98
142
139
63
16
38
240
3
163
5
48
90
112
8
13
4
48
8
1
8
18
8
21
13
3
8
16
24
147
40
3
1
4
10
8
57
2
8
1
1
1
9
71
5
15
33
1
46
17
1
108
8
15
1
8
94
83
31
25
26
2
92
40
15
39
42
107
249
385
25
1
2
37
4
20
74
94
451
33
14
20
6
27
107
74
53
1
1
1
3
17
9
134
57
10
8
298
6
10
5
6
142
184
187
1
1
61
12
434
118
14
1
10
2
8
13
13
11
306
35
62
30
2
373
18
4
1
10
360
25
41
1
347
9
5
8
20
56
20
99
175
8
191
15
1
3
6
71
1
3
408
25
8
41
15
6
1
11
3
41
4
129
5
18
4
242
9
27
88
2
156
194
3
192
11
22
8
3
50
228
78
53
38
92
34
12
1
4
3
2
26
19
1
18
20
2
3
31
2
2
38
47
38
1
1
3
384
42
116
10
2
5
65
225
1
10
11
9
38
85
3
3
9
6
1
39
6
25
9
3
68
13
6
1
1
60
1
1
27
6
25
2
4
17
59
4
5
38
17
9
19
1
6
67
12
49
40
2
36
36
85
1
14
10
23
3
2
35
1
53
4
17
40
6
22
1
4
73
8
11
2
19
7
1
5
1
21
4
11
13
45
4
10
106
48
6
74
40
1
8
58
356
23
9
62
54
47
1
22
2
25
20
12
13
24
39
2
20
7
10
66
4
8
23
58
27
46
16
1
2
4
74
50
8
21
24
2
3
2
8
4
3
6
103
3
24
49
9
2
1
16
10
2
25
1
1
20
10
11
3
93
34
62
35
29
69
16
122
2
8
16
19
3
125
3
6
32
7
23
3
14
11
6
21
207
5
1
3
11
1
3
8
6
32
157
80
18
1
1
206
7
27
109
84
34
4
25
86
151
107
43
2
63
11
57
100
2
127
8
1
3
1
45
43
20
8
37
11
27
4
1
1
9
3
14
12
21
186
9
24
2
24
129
56
9
48
41
2
70
6
29
2
6
46
33
2
37
22
10
29
8
3
72
11
2
16
8
1
70
17
128
28
213
227
36
54
4
235
3
1
17
33
38
1
10
1
3
1
4
58
180
33
27
4
8
44
4
20
100
1
8
148
124
13
17
21
17
12
98
219
71
20
26
1
52
1
5
411
14
2
18
8
7
308
1
10
63
9
5
163
268
4
20
5
20
26
5
62
59
18
120
10
39
1
7
258
5
27
69
95
3
2
18
41
60
3
37
9
26
273
2
20
2
122
104
23
1
17
7
31
15
29
21
107
30
1
65
13
96
129
44
3
49
18
2
7
122
6
358
323
109
3
6
14
1
14
29
7
20
6
4
3
83
211
34
16
7
49
47
1
10
7
1
3
85
40
30
60
26
77
9
14
97
382
13
22
1
1
1
1
1
1
8
2
1
1
6
1
1
3
5
3
2
11
1
2
9
1
17
2
5
21
2
161
3
1
1
11
382
3
1
1
2
1
120
98
4
12
3
32
50
2
45
3
8
1
19
1
1
2
1
1
3
1
222
2
2
13
2
5
1
1
1
1
1
37
1
1
1
1
3
2
1
1
4
29
1
1
1
1
1
50
2
1
1
1
4
2
1
1
115
46
1
11
1
1
1
1
4
1
1
5
3
1
24
1
62
3
2
103
23
3
1
2
84
2
11
5
16
4
1
16
1
2
3
1
2
4
6
2
6
1
1
25
1
1
6
1
1
7
4
1
1
1
10
3
11
4
4
1
1
7
5
4
1
1
2
1
3
1
12
3
12
5
1
4
1
11
111
2
1
2
18
1
2
1
2
34
1
15
7
64
5
1
4
2
24
10
3
3
6
4
1
1
19
4
1
3
2
1
2
1
1
1
1
1
1
1
2
2
4
1
1
1
2
1
44
1
2
1
59
1
2
2
1
12
1
1
1
1
1
1
3
4
29
30
8
3
2
14
3
1
20
1
4
14
1
1
1
1
1
1
1
1
2
1
1
1
1
1
11
4
1
1
4
32
1
1
22
1
1
1
1
56
1
1
11
6
8
1
2
1
1
1
1
33
1
1
1
37
5
1
1
1
2
1
1
4
5
2
7
1
2
1
1
1
2
4
24
7
27
6
1
3
4
1
1
1
1
12
19
6
2
1
15
1
13
2
1
1
1
1
1
1
1
1
5
1
2
42
1
1
3
1
1
1
1
1
1
4
1
1
105
1
1
22
1
1
1
1
1
1
4
6
1
1
1
1
1
1
13
1
1
1
1
1
1
1
8
1
27
2
1
1
1
2
1
2
2
1
1
1
7
1
1
1
3
1
1
1
2
3
1
8
2
2
1
2
1
1
1
2
1
1
1
1
4
1
1
1
3
1
10
1
3
13
1
1
1
1
1
2
1
6
3
12
7
1
3
1
1
1
29
6
1
17
2
1
1
1
5
9
6
1
6
1
1
40
2
1
3
24
2
2
1
1
1
9
1
9
14
55
2
2
1
1
2
2
42
1
1
2
1
1
8
1
1
1
1
61
1
1
4
1
2
1
1
1
1
1
2
1
4
1
1
1
1
1
1
1
1
1
1
3
1
3
1
1
1
14
1
1
1
7
1
2
3
1
1
1
2
1
5
1
15
3
3
1
2
1
1
4
1
3
1
228
51
104
1
1
1
1
29
1
1
4
1
2
1
1
1
3
12
2
2
6
1
1
1
1
1
43
1
4
7
1
4
3
2
19
2
3
1
2
1
2
1
1
4
2
1
2
1
2
15
1
1
1
8
8
1
14
1
1
1
1
3
1
9
1
3
2
2
3
1
1
4
1
2
2
1
53
2
1
14
1
1
1
54
12
2
3
5
7
1
1
1
13
1
1
1
1
1
3
1
5
1
2
1
1
1
5
1
1
70
1
1
1
1
181
3
1
5
1
1
2
1
6
4
1
4
7
1
1
1
1
120
12
1
1
1
1
2
2
1
1
16
13
11
1
31
1
2
4
1
1
3
1
2
21
1
6
19
2
1
1
15
1
1
41
3
1
116
63
1
1
12
2
1
1
1
1
1
1
1
2
3
2
1
1
1
1
1
1
1
1
1
1
3
2
3
1
8
2
75
1
2
13
1
2
1
1
1
1
3
1
1
1
1
1
1
2
2
40
2
2
1
2
1
1
3
3
1
1
1
1
4
1
53
1
2
44
1
1
1
2
6
1
1
6
1
3
7
1
1
1
1
1
1
1
1
1
1
5
10
3
1
1
1
17
1
1
27
3
38
6
4
24
31
3
25
62
98
36
5
137
3
6
1
1
1
2
3
2
27
46
407
72
54
1
1
6
4
3
72
1
8
14
1
2
4
6
1
2
1
1
3
1
307
10
4
4
1
4
9
27
9
16
5
3
4
1
1
1
1
1
3
5
1
1
24
1
48
1
2
1
1
2
1
1
1
210
3
1
1
2
1
2
1
1
1
1
1
1
1
4
1
4
1
1
1
1
1
3
314
3
3
1
1
1
1
1
1
7
1
4
1
3
1
22
1
1
1
2
1
1
1
1
1
1
9
1
1
9
1
2
2
1
7
1
1
1
1
1
1
1
1
1
1
2
1
14
1
3
1
5
2
1
1
3
9
3
1
1
2
3
69
4
1
3
1
1
63
1
3
8
11
175
4
4
2
6
1
5
1
1
1
1
2
1
4
1
2
1
1
1
36
5
2
1
4
1
2
1
3
7
2
41
1
5
1
1
1
2
8
5
1
3
1
11
2
2
1
4
1
3
4
3
2
1
69
1
24
1
1
2
1
2
1
1
1
1
2
1
1
1
35
1
1
1
2
1
1
1
1
1
3
1
1
1
1
1
1
1
2
1
1
1
1
1
2
1
1
1
1
11
1
1
1
1
1
2
24
2
1
294
1
1
1
2
1
1
1
1
36
1
2
1
1
1
1
1
1
3
10
2
1
1
1
5
1
1
1
1
1
1
1
5
1
1
1
1
7
2
1
1
1
1
1
1
1
1
3
1
7
1
1
2
1
2
2
1
1
2
3
1
1
1
4
2
1
79
1
1
3
1
1
1
1
1
2
1
7
1
1
136
1
1
1
25
5
1
1
1
8
1
1
1
1
1
10
223
2
1
1
1
1
2
1
1
38
5
4
1
10
1
1
1
1
1
4
6
1
3
1
6
1
1
2
1
24
1
4
25
1
16
9
3
16
1
19
1
1
1
1
1
1
1
7
5
26
1
1
1
8
5
1
4
1
1
1
1
27
1
6
2
27
1
400
1
1
16
63
2
38
2
4
2
3
2
4
32
10
4
12
8
128
1
2
1
5
1
1
1
1
1
6
1
1
1
9
5
1
2
1
6
1
16
2
4
2
3
1
1
18
10
25
2
11
2
7
1
246
11
1
1
16
5
1
5
2
4
4
57
123
2
44
21
1
2
6
6
11
2
96
3
8
1
5
14
30
4
1
22
1
10
1
1
4
7
1
5
8
3
166
2
1
1
1
3
12
4
1
1
2
1
43
12
1
2
1
2
3
1
3
6
3
4
39
24
4
5
3
4
5
2
1
2
1
1
3
18
40
192
9
20
4
5
1
2
5
5
1
11
2
7
1
1
54
8
2
1
16
4
1
1
1
3
1
122
49
1
1
1
9
14
1
48
2
1
25
1
1
1
2
3
6
1
1
1
2
5
1
3
58
1
2
3
1
9
4
11
1
12
2
21
1
3
6
1
4
5
1
1
2
4
2
1
1
11
2
2
5
4
11
3
3
5
1
2
1
8
9
118
1
1
2
1
5
1
1
1
1
1
1
1
1
1
14
2
11
2
2
40
2
3
2
3
8
2
3
3
1
5
1
3
1
5
1
1
1
1
1
2
1
1
1
1
2
1
1
2
15
15
8
1
1
2
1
3
1
1
2
1
28
1
2
1
1
1
1
2
16
2
6
5
11
2
15
1
5
1
5
1
1
1
1
1
1
1
1
1
1
3
1
2
1
1
5
3
1
1
1
31
1
1
4
2
1
3
1
1
1
9
76
2
7
6
2
2
3
1
2
1
1
6
1
2
1
1
1
1
9
1
10
1
2
1
1
5
1
1
1
1
1
1
1
1
3
1
2
1
1
3
1
384
4
2
3
3
1
1
4
79
1
1
2
2
2
1
13
5
3
3
123
1
37
2
1
2
1
13
6
1
1
1
1
1
1
10
3
1
1
2
3
1
1
1
1
2
2
2
1
2
6
1
1
1
2
1
5
1
1
2
8
1
4
2
10
1
1
1
1
5
1
6
4
7
2
6
5
1
4
26
5
1
3
3
4
1
2
3
1
1
2
1
5
2
1
1
77
36
1
1
1
1
1
1
4
1
2
1
4
2
7
1
1
1
1
2
1
3
10
1
17
1
1
1
1
6
2
3
1
1
4
3
1
1
1
2
3
4
1
1
1
12
2
1
20
2
2
1
1
1
1
1
2
1
1
2
1
28
49
3
130
6
1
1
1
1
1
1
1
1
1
1
1
1
1
3
1
1
10
4
1
24
2
6
60
2
13
4
1
2
1
1
1
1
1
1
23
3
1
43
3
1
2
47
1
2
2
2
7
1
1
14
16
18
1
2
3
2
3
2
15
4
4
3
2
7
6
9
1
9
2
2
1
1
1
1
1
85
1
1
14
4
5
1
1
1
1
1
21
5
20
1
1
1
6
1
2
2
1
1
4
19
1
3
1
1
2
1
2
1
2
1
3
1
2
6
8
1
4
2
2
1
2
3
1
2
1
8
9
1
4
1
7
1
3
1
63
3
2
1
3
1
2
4
1
1
8
127
81
2
4
5
5
10
6
2
21
1
173
1
15
6
1
2
1
2
2
2
1
3
1
1
1
2
1
1
8
1
1
1
8
1
1
1
1
96
1
1
1
119
1
2
1
72
4
1
1
1
1
9
11
1
2
2
1
1
2
7
1
1
1
3
2
13
2
2
1
1
1
1
1
1
1
1
2
2
3
81
1
1
2
2
41
2
1
1
2
26
2
1
1
1
2
1
1
1
1
16
6
1
1
1
3
2
5
2
2
1
2
41
2
1
5
18
2
3
1
20
1
4
40
2
2
1
2
16
44
23
1
1
4
2
2
1
3
1
1
1
1
1
1
2
2
5
1
6
1
2
1
1
1
1
1
1
1
1
10
4
1
3
1
2
42
2
1
1
4
4
4
3
1
2
1
1
5
1
2
1
1
1
1
226
8
1
16
3
10
2
1
1
4
5
2
2
3
1
5
1
1
32
1
3
1
1
1
2
3
4
1
4
1
1
1
1
1
1
2
5
1
4
2
1
3
2
18
3
2
4
1
2
3
1
2
1
2
4
1
1
1
1
1
1
1
3
2
3
2
257
82
12
15
3
14
121
15
2
3
2
1
2
4
1
2
2
1
1
1
3
4
1
1
1
1
2
3
5
1
1
1
1
1
76
63
5
16
2
5
5
1
6
2
2
3
1
1
1
2
1
1
5
8
10
1
40
1
2
4
54
1
4
1
2
1
1
5
1
1
1
7
1
2
39
1
26
2
118
26
1
1
1
1
1
3
5
4
6
1
3
1
1
1
210
5
4
2
4
5
1
5
1
11
4
2
2
1
1
1
1
2
1
1
5
4
1
1
2
2
1
1
1
2
7
1
1
2
1
2
2
6
1
13
1
1
2
1
1
5
1
1
1
1
1
1
1
1
2
2
33
112
3
1
1
2
3
1
79
351
1
1
3
1
1
1
1
1
2
17
1
2
1
2
1
1
1
1
1
1
1
113
1
2
6
1
1
1
1
89
1
1
1
1
3
23
2
1
2
6
4
1
1
1
2
1
4
2
1
3
1
2
1
1
3
4
1
2
2
158
5
121
1
1
1
2
1
2
3
1
1
5
1
1
1
1
2
1
3
1
1
1
1
6
109
1
2
2
1
85
1
1
1
2
1
1
4
1
2
5
1
1
1
2
1
4
1
1
1
1
1
1
2
1
2
1
2
15
1
2
1
6
13
2
1
3
1
13
2
286
3
1
4
1
137
1
1
4
1
1
2
1
2
1
5
1
1
1
2
5
1
2
11
1
1
1
1
210
1
1
1
7
116
1
2
2
1
1
8
1
1
2
1
1
1
55
10
3
4
19
5
1
1
1
6
1
2
3
21
2
17
9
1
1
2
1
2
3
3
1
1
2
75
5
22
2
1
1
1
22
4
3
7
1
1
20
62
4
42
7
39
2
1
1
2
1
1
1
4
1
4
1
4
57
1
8
1
3
1
1
13
1
5
1
1
2
7
1
2
1
1
34
1
4
1
33
2
10
1
1
17
2
2
1
1
1
1
3
1
1
2
1
1
70
1
10
1
1
1
3
1
1
1
1
1
2
1
1
1
1
1
1
100
5
1
52
7
3
3
2
1
2
4
1
6
1
1
245
1
2
1
1
2
1
1
4
3
3
1
1
2
2
12
56
19
1
1
1
2
14
19
1
1
15
1
13
2
9
3
1
1
1
12
1
13
1
1
1
1
1
21
74
77
95
7
49
54
1
1
1
48
1
1
1
5
7
2
5
111
1
1
3
1
2
4
1
10
1
1
1
5
25
1
3
392
3
3
1
1
1
2
1
1
47
1
1
3
3
2
1
5
1
70
1
9
4
2
1
7
2
1
1
1
4
1
3
1
2
1
1
32
2
1
1
1
100
1
1
7
1
1
1
1
2
3
6
1
1
1
1
1
1
1
4
1
2
1
2
1
2
1
1
1
1
2
1
1
1
1
1
5
2
6
1
1
1
1
1
1
193
1
1
3
2
5
1
2
1
2
1
1
24
1
1
4
1
1
1
1
2
1
1
29
1
471
2
7
52
24
1
1
178
1
1
1
1
13
9
1
5
17
1
6
2
2
2
1
3
4
1
2
31
3
4
1
1
1
2
3
10
1
3
59
3
1
2
3
1
2
2
1
2
2
5
2
6
1
1
1
1
16
3
1
8
2
2
1
2
1
1
1
3
12
5
1
1
1
1
1
1
8
1
1
1
1
1
1
2
1
1
2
1
1
1
1
1
1
1
1
1
1
1
1
2
1
198
5
1
5
1
1
1
1
2
1
1
1
1
1
1
1
33
1
4
1
2
4
2
4
1
1
2
1
4
1
1
196
22
16
1
1
1
1
1
1
1
2
1
1
1
1
4
9
1
4
7
2
4
108
1
1
9
35
1
1
3
2
2
1
1
3
1
1
1
1
2
1
1
2
7
20
1
1
3
1
1
1
6
12
3
2
3
1
5
1
37
5
6
8
3
22
1
1
2
2
1
1
162
2
4
7
1
1
1
1
1
1
1
1
2
3
1
1
1
2
2
1
3
2
1
3
1
2
3
6
34
1
6
11
25
1
6
4
2
11
1
12
2
1
1
2
16
2
5
1
5
1
23
4
3
2
3
5
1
121
1
10
1
46
2
1
1
3
7
40
1
1
1
5
2
1
1
7
24
41
94
1
2
1
1
2
1
4
1
2
11
7
1
22
1
4
2
22
1
2
12
10
411
2
1
20
12
1
7
1
9
1
1
34
1
4
1
2
1
3
203
11
7
1
1
1
2
1
1
1
2
3
1
1
1
1
1
1
1
2
1
1
61
1
1
1
1
1
2
3
3
1
1
2
2
2
1
1
1
59
2
4
2
1
5
2
1
1
1
1
1
119
3
3
1
1
13
3
1
1
15
1
1
1
1
1
4
1
1
3
3
1
7
1
13
1
1
3
1
2
6
3
3
1
1
1
1
1
5
1
11
1
17
2
3
1
2
6
1
1
3
1
1
4
154
2
5
1
8
2
2
36
1
8
1
1
1
1
1
62
1
1
3
3
1
1
2
2
25
379
3
3
26
1
1
1
1
1
1
2
1
1
36
2
2
3
37
7
1
1
2
1
1
2
3
1
2
1
55
1
1
1
1
17
2
1
1
1
1
1
1
1
1
3
1
26
2
4
1
8
1
1
1
1
370
2
1
1
206
1
1
1
1
1
1
1
1
2
1
1
1
2
1
3
1
1
2
1
1
3
1
1
1
1
1
1
2
3
2
5
2
1
1
1
3
11
5
7
1
1
1
44
13
4
6
1
2
1
2
4
2
1
16
5
1
2
2
5
7
2
5
1
1
2
5
1
2
1
3
1
2
5
1
2
1
1
1
1
1
2
1
28
1
1
2
1
1
7
4
69
1
1
1
2
1
1
2
2
1
1
3
1
1
2
1
182
1
1
2
2
13
4
2
13
2
15
12
2
1
1
4
36
2
8
123
29
1
7
1
3
2
30
53
1
2
25
33
63
1
1
40
2
1
1
1
1
2
1
1
1
24
2
1
1
1
2
1
1
1
2
1
1
1
2
1
4
43
2
2
3
7
31
9
2
1
1
1
1
1
8
13
1
3
1
1
52
1
1
1
32
8
6
6
30
177
4
34
1
13
31
1
2
80
1
12
1
1
1
8
9
1
33
9
2
1
2
2
25
7
12
17
1
5
4
22
9
5
1
1
14
61
1
13
2
1
3
1
1
16
2
10
5
8
8
1
1
39
8
5
13
46
1
34
6
5
8
6
4
9
2
2
13
4
1
9
6
1
1
1
1
3
3
2
23
1
1
49
3
9
1
1
1
1
4
23
2
14
33
1
1
32
8
1
1
1
1
1
10
1
1
2
4
1
1
1
1
393
1
1
1
1
1
1
1
1
186
1
1
1
1
15
1
1
34
1
4
1
1
1
1
6
1
4
2
2
1
37
1
2
7
1
1
1
1
14
359
1
1
1
1
1
1
1
1
1
2
1
1
1
4
1
1
1
3
5
43
5
2
2
30
1
19
10
8
3
9
4
4
4
1
2
1
2
3
3
1
14
8
1
1
4
1
4
1
1
1
5
1
1
4
3
1
1
2
1
1
2
1
3
1
2
2
7
1
5
1
1
1
1
51
4
1
40
4
1
17
1
1
2
3
3
1
1
1
1
16
1
1
1
1
20
1
1
1
7
1
3
3
1
1
4
1
1
8
6
1
102
1
1
1
44
357
15
1
1
4
1
1
1
1
1
3
1
5
1
2
1
1
2
1
1
1
11
2
1
1
1
58
2
3
2
44
1
10
2
6
81
1
43
1
1
1
1
1
6
1
1
16
4
1
3
1
1
1
2
1
34
1
1
4
1
1
1
6
1
1
1
1
1
2
1
1
1
103
1
1
2
1
1
6
11
33
2
1
4
1
1
1
1
1
6
72
16
1
1
1
3
23
11
2
1
1
1
2
1
2
2
3
2
8
1
1
1
1
1
1
1
1
229
1
3
1
1
1
1
1
1
3
3
1
1
1
1
6
1
1
1
1
2
1
1
1
1
3
1
2
1
3
1
2
1
1
1
2
2
1
3
1
1
120
367
1
1
12
1
1
1
1
1
1
1
1
1
2
1
4
3
1
1
1
1
2
1
1
2
1
19
1
2
1
2
1
2
1
5
1
2
2
2
8
5
10
1
1
17
1
1
1
45
2
1
1
5
5
1
1
4
12
3
1
62
14
7
8
1
8
43
83
1
3
11
10
1
8
1
57
8
2
1
1
1
1
14
1
1
1
1
1
5
11
1
1
1
1
1
4
5
2
3
2
3
1
6
1
1
2
2
1
1
1
23
3
19
73
1
6
1
2
8
1
1
1
2
1
2
77
1
1
2
1
2
2
2
1
6
1
3
5
2
1
1
3
3
4
7
1
24
33
1
1
3
1
1
1
3
3
5
49
2
1
1
9
18
14
23
1
2
2
1
1
88
1
2
1
1
1
1
1
1
1
2
1
3
2
45
4
1
3
1
2
1
20
1
2
1
2
13
1
1
10
11
2
1
3
1
2
86
1
1
2
17
1
1
5
1
7
1
1
1
1
1
1
30
1
1
1
3
1
1
25
1
3
3
363
1
7
1
1
1
4
1
10
1
1
226
1
1
10
1
28
2
4
8
24
3
5
3
5
6
7
1
1
1
7
1
27
1
1
11
3
1
12
1
2
1
1
1
1
1
1
2
14
1
6
1
119
1
1
2
1
1
3
1
1
23
1
10
1
8
1
4
9
12
1
17
3
2
7
7
2
11
1
2
1
1
1
2
2
1
5
1
2
1
9
15
65
5
8
11
1
1
367
4
18
1
1
4
2
1
10
3
1
1
1
1
1
5
4
1
2
1
1
2
12
1
8
2
29
4
1
6
1
4
51
1
1
1
1
2
3
1
117
1
7
1
1
1
1
1
3
9
1
1
1
9
37
1
2
1
1
1
4
1
2
1
2
1
5
3
1
43
1
1
2
1
1
1
2
1
1
1
1
2
1
1
1
1
2
10
1
1
3
1
3
1
2
3
1
1
1
1
1
1
2
2
2
1
1
1
1
2
1
1
1
1
1
87
1
7
30
40
16
16
2
3
9
23
1
1
1
1
1
1
1
1
1
3
1
8
1
136
4
1
2
9
1
1
1
37
1
2
7
3
6
6
1
1
1
1
1
2
1
1
3
1
1
1
1
1
2
1
3
1
1
19
2
1
1
1
6
1
1
1
1
3
1
67
1
1
1
1
3
1
3
2
17
6
4
1
457
11
8
2
1
2
2
3
3
2
1
8
3
1
26
32
1
1
3
12
22
4
2
3
3
6
1
1
8
1
16
1
1
3
1
1
17
1
217
1
3
8
1
3
1
2
1
1
10
1
1
1
1
1
12
17
20
29
9
1
2
1
3
5
2
2
6
55
2
8
1
1
1
1
2
9
5
1
17
3
5
1
1
1
3
47
1
1
1
5
5
2
1
1
1
9
1
1
1
1
1
2
1
74
2
1
16
1
7
1
13
1
4
2
1
1
1
1
1
1
2
28
4
1
6
3
6
1
20
26
4
1
1
38
1
3
1
30
60
1
90
1
368
1
1
7
4
2
1
3
1
3
29
24
1
8
1
1
1
5
2
1
1
1
1
1
5
1
3
1
250
1
1
1
1
6
1
1
13
6
2
1
1
1
1
9
1
1
1
1
4
1
1
1
2
37
10
48
33
1
14
1
1
22
1
10
12
29
1
31
6
14
45
5
14
51
1
1
3
1
1
1
1
7
1
1
1
14
427
1
1
7
1
2
2
5
1
1
1
1
2
5
2
2
2
1
1
7
1
1
1
1
1
1
1
1
4
1
2
1
11
1
3
1
1
1
1
1
4
1
14
4
12
2
1
5
1
82
1
1
1
4
5
6
1
7
8
1
2
2
2
18
3
1
17
1
1
1
1
2
1
4
2
18
49
1
9
1
2
1
1
1
1
1
1
1
2
1
1
20
1
2
4
2
26
1
2
2
1
20
97
1
3
1
1
5
1
17
1
2
2
349
28
1
1
1
1
1
3
1
1
4
2
3
1
37
1
1
1
253
1
5
1
54
2
1
1
1
1
38
1
1
8
1
1
1
1
1
1
13
1
1
1
2
1
2
2
1
1
21
1
26
3
4
2
1
1
1
1
1
1
1
1
4
34
1
5
1
1
10
1
3
1
1
1
1
2
2
3
1
1
1
4
1
13
13
2
3
1
6
1
15
15
5
34
1
1
8
1
7
1
2
1
7
4
3
5
5
1
13
2
2
3
1
23
13
59
1
2
1
1
4
5
99
210
2
1
1
4
1
2
2
98
4
1
1
2
5
5
2
1
1
206
4
9
2
1
1
1
2
1
4
1
1
1
1
1
1
4
1
4
32
1
20
1
3
119
1
2
2
1
16
23
3
1
2
161
1
35
32
9
1
1
3
10
12
3
21
26
6
1
4
3
1
1
30
4
52
1
1
1
1
1
2
1
1
1
1
1
2
3
5
1
2
1
2
2
2
1
1
4
2
1
1
1
1
48
4
29
2
11
1
1
5
1
1
1
1
1
1
1
1
1
1
1
7
1
1
1
1
1
2
7
1
9
7
1
2
1
2
1
5
3
11
1
2
3
23
3
1
5
1
1
1
7
1
1
1
1
3
2
3
2
4
1
4
2
1
30
12
2
5
1
8
1
1
1
5
1
1
3
1
1
1
1
54
1
17
4
1
2
4
1
13
1
1
4
1
2
1
1
1
1
7
1
1
1
1
1
1
7
3
1
1
1
1
20
323
74
1
1
1
93
2
4
1
1
5
1
1
9
14
2
2
1
1
26
4
1
1
1
22
7
13
6
2
1
19
4
4
6
5
39
2
1
1
6
1
1
65
1
1
3
101
6
1
7
1
2
1
2
3
1
1
1
1
1
3
1
7
2
1
2
1
1
2
1
1
1
1
1
1
4
8
1
32
5
1
4
139
2
1
36
1
1
1
3
1
3
1
1
5
1
1
5
1
2
2
1
207
4
8
94
4
28
1
1
1
8
1
1
1
1
1
26
1
3
1
1
1
1
1
2
2
2
1
1
1
6
1
2
1
1
1
3
2
1
5
6
6
34
1
2
1
1
1
1
1
1
1
1
14
1
3
1
13
26
1
6
1
1
1
1
8
6
19
1
1
1
1
4
1
1
3
1
1
1
1
1
1
2
1
1
10
1
1
1
2
3
11
1
1
1
3
1
4
1
1
1
1
1
1
1
2
9
1
1
1
115
1
1
27
3
1
6
68
11
1
34
6
3
2
1
2
3
1
24
1
4
1
3
2
2
90
10
1
4
2
1
19
1
1
1
1
34
1
3
1
1
1
25
8
4
1
1
1
2
2
2
3
1
1
8
8
1
1
4
1
14
3
15
1
1
1
2
1
3
4
2
1
1
3
4
2
3
1
1
1
4
1
1
1
1
2
1
1
1
5
2
220
2
4
1
2
1
1
2
1
1
1
2
1
1
12
1
1
1
1
1
1
1
11
1
1
1
2
1
1
1
1
1
1
2
1
47
1
371
1
1
1
1
6
1
1
1
1
2
2
1
1
4
1
1
1
1
3
2
1
1
2
2
1
1
1
1
2
90
3
1
1
1
1
1
1
1
1
13
2
14
1
1
1
1
5
29
6
14
6
9
1
4
1
2
1
1
2
6
17
1
1
2
1
1
1
1
1
1
1
1
1
1
1
9
1
1
1
1
1
1
8
1
1
1
1
1
3
2
1
1
6
1
1
5
1
2
1
1
1
1
1
2
1
1
1
1
13
1
2
1
1
1
3
2
1
1
1
1
1
1
1
1
1
1
1
9
1
2
3
3
34
1
1
1
3
2
1
9
3
2
2
1
6
1
24
1
1
1
1
6
5
1
20
1
1
1
5
2
49
3
3
1
449
4
4
11
31
3
1
1
1
16
1
1
1
1
2
1
1
2
1
3
1
8
4
7
2
31
2
1
9
1
11
1
2
3
1
2
7
4
1
2
2
1
2
1
1
1
2
48
2
1
35
1
1
1
3
1
4
1
2
2
3
2
1
1
4
1
4
1
3
5
5
5
1
4
1
5
14
1
1
1
13
2
1
2
4
1
1
11
1
11
2
21
6
2
23
7
39
2
1
7
27
1
2
4
5
1
1
3
6
1
2
3
6
2
6
1
3
1
13
160
1
7
1
2
2
6
1
4
5
2
4
1
1
55
1
1
1
283
1
6
2
9
4
2
1
310
6
13
7
97
8
1
1
1
1
1
2
7
2
1
2
3
1
1
1
4
2
47
23
1
29
38
1
1
2
15
158
1
60
9
1
1
2
46
4
1
2
38
11
1
3
12
8
9
2
4
3
7
3
4
23
1
6
5
1
5
2
1
4
260
10
12
73
1
1
1
8
4
4
51
1
1
5
1
1
1
1
6
27
5
2
2
1
2
3
20
2
1
10
15
3
1
1
1
1
22
9
1
2
2
1
4
76
3
17
1
1
5
1
1
3
1
2
1
1
2
10
1
1
2
3
2
3
1
1
9
5
5
3
2
205
2
6
1
1
2
20
1
69
1
8
29
1
1
1
1
1
11
2
1
1
8
3
15
1
3
2
1
2
1
9
1
4
3
1
3
4
1
1
4
1
16
17
1
1
1
2
59
13
1
1
3
3
1
1
1
2
1
1
4
1
1
2
11
1
1
1
1
4
1
2
4
5
4
2
3
2
1
50
1
2
1
9
1
15
2
2
1
1
15
3
8
1
1
11
1
3
6
60
2
3
54
1
1
1
1
5
5
1
2
1
5
1
3
13
117
55
8
1
1
1
1
1
1
2
1
1
2
1
10
7
5
1
1
1
2
2
3
6
1
2
1
3
1
1
3
1
2
2
4
1
1
4
62
1
5
2
1
3
4
33
1
3
22
2
47
2
1
40
1
1
3
1
1
1
8
3
1
32
1
1
4
1
1
1
2
15
1
1
1
1
2
1
1
2
1
1
1
1
2
1
14
3
4
7
1
1
1
1
1
7
49
2
1
1
4
2
1
39
1
42
2
1
1
1
1
1
17
1
24
7
2
13
1
1
1
3
11
2
9
4
1
1
2
2
6
1
2
1
1
42
1
3
7
12
7
1
24
1
73
20
67
1
1
3
80
5
1
1
4
1
1
1
1
1
1
1
1
1
1
1
1
15
1
6
2
1
3
1
2
1
11
8
2
7
2
1
1
24
1
8
1
3
1
2
4
1
1
13
99
1
1
1
1
1
1
1
1
3
1
1
4
11
1
2
7
1
3
6
1
1
1
3
5
2
36
1
1
1
1
1
2
5
42
2
32
1
1
1
1
1
1
10
1
1
1
3
2
2
1
3
1
1
1
6
1
99
2
1
1
1
1
1
1
2
6
2
10
4
14
11
2
7
1
7
1
9
1
3
1
3
2
7
8
1
26
1
6
22
3
1
1
22
6
2
42
1
20
1
6
19
1
2
2
3
1
12
1
12
3
37
9
105
10
3
1
7
40
10
3
1
1
1
2
1
2
1
2
7
3
8
2
2
17
7
1
24
1
4
1
110
2
1
1
1
2
1
1
2
1
1
2
4
1
5
1
3
3
2
1
1
1
4
1
36
1
1
2
4
5
3
5
1
13
88
42
1
1
2
2
1
1
44
12
3
1
1
1
1
1
1
1
8
1
1
1
52
9
1
7
1
5
2
20
1
1
1
4
1
1
1
1
1
2
1
2
7
7
2
1
1
122
4
2
1
25
40
4
1
1
1
1
1
3
4
1
1
1
1
14
2
3
1
1
2
9
2
1
1
1
1
25
1
1
3
7
7
18
1
2
1
1
2
1
1
1
1
1
1
18
1
1
1
1
1
2
3
10
2
25
3
1
2
1
1
1
1
1
1
1
5
5
4
1
1
1
1
2
6
1
38
1
5
2
3
1
2
2
1
2
6
2
3
13
1
6
1
2
10
77
1
2
2
8
1
2
2
61
44
3
5
3
3
10
2
3
3
5
3
1
2
2
42
18
2
1
1
12
10
3
1
4
2
1
1
1
1
1
1
3
3
7
4
1
1
9
1
5
1
4
1
1
21
1
2
5
2
1
33
1
2
6
1
2
2
2
22
1
6
16
7
1
1
3
1
2
3
1
1
1
58
2
1
3
3
63
1
1
4
1
22
8
2
1
266
11
7
20
2
66
6
2
2
13
2
5
1
1
1
3
20
31
11
83
1
12
1
2
1
1
9
1
21
1
229
6
1
1
10
1
3
1
2
1
9
1
2
1
1
197
1
17
2
1
2
56
1
13
3
5
11
1
1
1
9
2
1
1
3
1
1
12
1
1
1
3
1
36
1
1
204
93
1
2
2
14
38
1
9
3
6
2
1
2
1
1
1
1
7
7
13
3
4
1
8
2
1
1
1
1
16
1
1
1
3
1
3
1
2
2
1
1
2
1
1
1
1
2
2
1
1
1
1
1
2
1
1
164
1
1
60
1
1
5
2
1
1
5
1
3
1
14
1
1
1
1
1
3
1
1
2
12
5
16
10
7
22
2
1
2
1
4
1
1
2
1
29
1
5
1
14
2
1
16
1
12
3
1
2
4
2
33
1
3
1
10
2
1
1
1
1
12
1
38
36
1
1
1
16
10
1
1
19
32
1
1
1
1
3
1
1
1
1
22
58
1
4
1
1
1
2
1
2
22
2
3
5
1
1
1
1
1
2
2
3
4
5
18
1
8
3
1
1
2
2
1
2
1
1
2
1
1
2
5
3
1
1
6
1
1
1
1
1
1
3
2
2
1
2
1
3
3
1
230
14
9
3
8
1
9
2
1
33
24
1
3
1
2
2
1
1
2
43
247
1
1
1
1
3
1
1
1
1
1
6
13
95
2
3
6
22
1
82
38
1
19
8
2
11
20
13
68
8
1
1
3
46
41
69
1
5
1
1
4
1
19
1
1
1
4
1
1
1
1
42
2
1
1
1
1
1
4
1
65
2
3
1
3
2
3
5
31
3
1
7
8
1
1
1
2
1
2
35
2
6
11
1
4
8
5
4
11
3
6
1
1
3
2
1
3
19
4
1
1
3
1
11
1
6
9
1
2
1
5
3
1
1
1
1
1
1
4
1
1
1
5
1
96
3
42
4
18
12
1
1
2
1
4
1
55
4
1
5
1
1
11
2
3
12
4
3
1
23
90
53
11
2
8
1
5
14
44
1
1
1
23
1
5
1
3
2
5
1
1
3
2
9
2
1
1
37
1
1
1
1
1
1
5
3
1
3
1
1
16
1
1
2
2
1
1
4
5
77
1
2
1
42
2
1
1
1
9
1
1
1
1
1
1
9
2
13
1
32
10
1
44
12
6
2
1
3
1
4
1
4
1
1
1
1
1
2
1
1
1
1
1
1
3
1
1
1
2
2
1
2
1
1
1
1
20
1
1
2
2
1
303
18
1
1
1
2
1
1
1
8
15
2
1
6
1
1
1
12
2
3
1
1
1
1
4
1
1
3
1
1
2
1
1
1
3
7
2
1
1
1
15
1
1
2
2
3
1
1
2
1
1
8
1
1
1
3
5
1
1
1
1
18
46
10
2
1
1
23
59
2
6
6
1
1
1
2
2
2
3
2
1
2
1
11
1
4
1
2
18
1
4
2
3
53
16
1
36
1
2
23
1
1
1
116
3
3
6
1
2
1
1
1
2
1
8
5
1
1
25
1
1
1
1
2
1
1
1
1
1
1
29
20
56
1
1
1
2
1
1
2
1
1
1
1
1
2
1
1
1
1
1
2
2
41
7
1
1
3
2
2
1
1
3
3
1
1
4
1
1
1
1
1
1
37
2
5
2
1
1
1
1
4
1
1
1
1
1
2
186
1
2
3
1
28
1
14
2
1
1
6
1
2
1
37
1
34
1
1
1
1
82
1
1
1
6
12
12
11
18
25
59
4
4
2
4
3
4
4
3
2
1
4
1
7
1
47
9
2
90
1
1
6
3
10
5
7
1
1
5
2
7
1
1
2
1
1
2
1
1
1
4
1
2
8
2
1
2
5
2
3
6
3
1
1
4
4
1
2
7
3
1
6
1
1
1
1
1
17
1
5
6
1
1
10
5
2
1
2
2
1
88
11
1
4
7
2
2
48
1
6
4
2
5
8
3
105
1
2
15
6
14
1
2
21
1
32
71
6
3
1
1
7
8
7
4
2
17
4
4
21
5
3
2
12
22
3
5
1
8
83
1
7
5
2
3
1
1
1
32
37
7
5
31
6
1
1
2
3
5
1
2
2
5
1
1
1
1
28
1
1
2
1
1
4
2
1
3
5
5
2
3
3
2
11
2
1
1
2
1
12
39
1
5
1
24
2
1
9
1
2
7
6
16
35
5
1
55
9
31
19
2
15
45
44
12
27
9
13
1
3
16
9
20
22
17
45
7
5
139
6
206
4
7
18
23
21
3
34
6
1
5
1
1
27
20
3
2
4
24
13
19
13
2
2
17
1
1
22
4
2
2
1
49
1
7
2
1
2
10
4
9
13
5
17
22
2
5
1
3
2
1
1
6
8
1
99
1
5
8
9
1
3
1
1
5
5
5
1
6
1
2
2
74
2
1
6
2
4
17
20
5
286
1
4
61
9
1
1
1
29
21
7
7
2
3
23
3
4
2
52
9
1
2
1
3
31
7
1
20
5
31
51
4
3
7
3
4
1
6
1
3
6
4
4
6
1
20
24
7
6
42
12
4
1
16
8
70
4
1
16
4
23
2
18
55
4
1
1
1
32
6
3
1
1
1
1
3
1
13
19
1
9
1
4
3
2
2
1
8
15
61
1
2
10
3
1
1
1
1
3
1
47
1
3
3
133
1
7
1
1
1
1
3
1
4
9
1
1
1
4
1
20
1
2
1
1
1
4
1
13
1
1
6
2
1
1
4
5
10
20
57
1
11
1
1
1
1
1
1
2
1
1
1
2
1
3
82
3
2
3
1
7
1
1
3
1
2
1
4
1
11
3
12
1
2
2
11
1
1
1
3
1
238
1
1
15
5
1
1
5
39
3
1
17
3
1
1
4
3
1
1
105
1
43
17
39
1
5
10
2
1
1
9
5
2
1
1
1
11
18
24
4
3
13
13
28
1
12
4
1
1
1
2
5
5
8
9
4
4
1
43
12
26
9
1
8
5
3
2
2
3
5
1
2
1
1
1
1
5
6
2
9
4
11
2
26
10
5
66
4
5
1
2
11
1
3
5
1
2
2
2
36
1
22
1
3
7
48
4
6
2
3
6
9
4
8
1
49
1
1
1
1
1
3
2
3
2
13
1
1
1
2
2
9
37
1
8
35
1
2
10
1
1
3
1
14
2
1
2
11
13
1
16
3
1
2
22
1
2
1
38
1
4
5
10
3
1
1
1
3
6
1
37
1
1
1
1
1
3
1
3
77
2
27
1
1
1
4
1
11
4
42
1
2
1
1
1
3
24
220
1
1
2
7
1
1
2
2
6
2
1
68
1
1
1
2
1
7
1
1
2
36
1
1
1
46
1
8
1
19
14
1
1
2
6
1
5
1
1
1
7
1
9
2
12
1
1
1
5
29
1
2
1
115
3
2
42
11
2
4
1
2
18
20
1
8
3
1
1
1
2
1
1
1
19
1
9
1
3
2
5
8
1
2
2
3
33
2
1
1
1
1
30
1
1
1
8
2
19
23
8
29
1
2
6
1
3
3
1
28
11
2
4
2
2
1
1
2
5
44
1
4
1
1
13
12
1
1
1
2
1
1
2
5
1
4
1
7
1
2
3
1
4
1
1
3
2
1
5
9
3
2
10
2
1
1
1
245
4
3
8
1
1
1
41
1
6
24
4
1
6
4
5
2
8
1
2
1
3
8
32
14
1
3
1
1
9
1
1
1
1
1
2
1
1
1
1
1
4
2
181
2
1
1
1
1
1
1
2
1
1
1
1
10
1
5
1
1
3
6
1
5
5
1
1
1
1
1
2
1
5
2
1
1
2
3
2
1
1
1
1
1
1
1
1
1
1
32
8
1
1
1
1
2
1
1
1
2
2
5
1
1
1
1
1
2
1
4
1
1
2
14
1
1
5
1
393
1
1
14
1
2
1
1
200
1
3
1
4
13
2
3
1
5
1
1
1
1
8
20
8
1
7
1
2
2
2
2
2
5
1
2
3
1
1
1
2
1
3
17
1
2
1
2
1
2
1
1
1
1
1
1
1
1
1
2
3
90
1
1
1
1
6
1
1
1
1
6
2
125
1
2
2
2
2
1
4
3
2
3
1
1
1
1
2
2
1
27
2
1
3
14
37
1
6
1
3
2
1
9
1
1
4
1
1
28
1
3
6
1
1
1
1
6
3
1
2
1
1
1
5
1
1
2
1
1
53
2
1
1
2
1
12
1
2
2
2
1
1
1
1
1
2
3
3
2
19
6
18
16
2
3
3
7
7
1
27
1
1
1
3
1
1
2
17
1
1
1
2
3
1
1
1
1
1
4
1
1
4
2
2
4
2
1
1
11
5
1
3
1
79
1
2
2
1
1
1
1
2
2
1
1
2
10
5
46
1
1
4
2
1
3
1
1
70
1
1
1
4
2
1
1
1
1
1
1
251
1
4
1
121
1
3
2
1
1
1
43
1
1
8
17
2
1
1
1
1
1
1
1
1
2
2
1
1
1
3
1
1
70
8
87
1
2
2
1
1
18
1
2
1
1
2
1
1
9
1
1
1
1
1
1
1
12
2
2
4
100
1
1
1
1
2
5
6
26
3
23
4
12
97
1
127
2
10
3
1
3
1
1
1
1
1
2
53
7
1
4
4
5
1
1
1
2
1
1
1
7
1
5
9
1
4
1
2
1
10
47
46
8
1
1
1
1
4
8
9
61
1
5
2
1
48
2
11
1
10
3
6
1
47
40
9
4
1
1
3
14
3
1
1
1
3
2
1
1
45
8
1
1
1
1
2
12
1
1
1
1
1
8
1
1
26
3
8
1
2
336
21
1
1
1
1
1
1
1
1
3
1
1
6
1
2
11
3
1
19
1
24
1
1
2
36
2
1
2
7
2
5
9
3
1
4
1
3
4
1
1
1
29
1
5
1
3
2
9
9
96
1
1
4
2
1
1
1
1
26
1
354
1
1
1
1
1
211
1
1
1
1
40
1
1
38
4
1
35
44
19
1
1
2
1
1
1
1
4
1
58
13
1
40
6
3
1
1
1
1
1
1
3
1
1
1
1
1
1
4
1
1
1
1
2
24
1
2
1
1
21
1
1
1
2
18
26
4
16
1
7
8
12
10
13
4
2
1
224
6
8
4
9
1
6
3
3
1
1
1
15
1
1
11
3
7
1
41
4
1
1
1
9
1
1
6
2
1
1
1
1
2
5
1
1
67
5
18
30
1
9
6
9
1
5
6
9
1
23
1
2
1
1
4
60
2
56
5
103
1
1
18
2
2
1
7
4
1
13
1
23
1
2
1
19
27
1
6
3
1
1
1
1
1
2
3
9
1
1
1
2
2
3
2
2
2
2
2
1
92
1
1
4
1
2
104
1
1
57
1
6
6
21
12
5
14
6
2
1
1
409
9
7
17
17
2
5
1
9
1
1
10
12
172
3
3
8
1
1
2
1
2
25
6
4
2
1
1
1
2
1
3
6
2
1
3
2
1
118
6
9
1
4
4
1
13
1
1
2
5
3
1
19
14
8
2
4
2
4
1
13
4
23
30
13
19
21
17
20
5
16
358
31
1
39
4
1
19
9
8
8
19
463
18
1
2
2
1
1
1
34
1
2
20
2
1
11
3
4
7
2
3
3
1
1
1
1
26
3
17
2
15
16
2
1
36
4
1
28
3
3
16
21
2
34
2
1
1
5
30
1
4
160
2
18
7
6
1
9
1
1
1
5
2
1
1
2
1
1
3
1
1
1
1
1
1
1
1
1
1
1
1
1
1
1
1
1
1
1
1
9
1
1
1
2
1
1
3
8
1
1
3
3
138
1
1
1
1
1
3
1
1
1
1
1
20
26
2
8
1
4
1
1
1
41
1
1
1
1
1
1
1
334
4
2
15
1
2
1
1
1
244
3
27
1
1
6
146
4
8
15
2
47
1
10
1
4
11
1
13
1
1
1
9
29
1
3
1
3
15
1
2
3
2
24
1
1
1
1
1
1
1
1
1
1
1
1
1
1
1
1
1
2
4
1
1
1
1
1
1
1
8
3
2
2
1
1
1
1
1
2
2
1
5
6
1
1
1
1
2
1
1
1
1
1
1
1
4
2
1
3
1
1
1
1
2
1
1
3
1
1
1
1
1
1
1
2
2
6
1
1
1
2
5
2
1
3
1
4
2
1
1
1
1
1
133
1
38
1
1
1
1
4
2
1
1
17
2
1
2
1
1
1
2
2
1
4
2
1
1
2
1
1
6
8
15
14
33
1
1
2
1
3
1
4
3
1
2
6
8
31
1
3
1
1
1
35
2
1
1
2
1
2
8
215
1
32
2
3
3
8
42
1
7
1
8
1
2
1
5
1
1
2
1
1
1
17
2
53
1
3
1
1
20
2
1
3
1
1
2
19
6
6
29
35
36
1
40
8
1
1
2
2
7
13
5
1
4
2
1
10
2
1
1
1
2
2
3
3
1
1
1
2
4
80
8
6
37
1
4
3
1
1
1
3
1
11
1
3
4
2
2
4
1
1
1
5
1
1
3
1
6
1
40
21
202
1
12
1
2
3
1
1
11
1
1
5
1
1
1
2
4
1
1
1
2
5
8
1
1
15
1
1
17
7
1
1
3
1
1
1
1
1
56
42
5
17
1
1
3
2
23
1
3
1
1
1
1
2
1
2
11
2
3
3
1
1
1
1
1
1
6
1
1
1
2
13
1
1
1
1
1
1
5
2
1
1
1
1
1
29
2
3
1
1
1
1
1
3
2
1
1
5
17
2
1
1
2
15
4
23
1
1
11
2
1
107
1
1
194
1
2
1
1
1
1
320
1
1
75
15
14
1
3
1
1
2
3
2
5
3
1
8
2
1
3
1
1
2
8
1
1
1
1
1
3
5
4
2
4
1
10
2
1
2
43
1
2
2
10
1
7
8
41
1
23
84
1
240
1
1
14
1
8
9
2
1
1
1
14
111
66
1
4
96
2
4
4
1
1
1
1
11
1
1
34
1
1
2
1
7
3
5
1
1
3
5
18
5
1
1
1
2
50
1
1
22
2
8
3
6
1
3
4
1
7
1
4
1
13
1
1
1
1
2
71
13
1
4
2
1
1
1
1
1
1
5
1
1
2
3
1
1
1
2
4
1
1
1
2
5
1
1
2
3
12
1
1
1
1
9
1
1
1
4
2
11
1
2
1
1
1
4
7
1
1
2
2
1
3
1
1
2
1
1
1
4
1
1
110
1
1
4
3
47
7
1
1
1
1
1
2
3
11
1
85
1
1
1
13
1
4
1
3
26
1
4
1
1
5
1
1
1
1
2
1
45
1
1
1
1
1
1
3
34
1
1
1
1
1
1
1
1
1
1
4
6
2
1
1
1
1
3
1
1
1
1
1
3
1
1
1
1
1
1
1
1
15
5
1
1
2
1
8
6
3
2
1
4
2
1
8
4
3
3
7
1
20
1
4
1
1
24
1
2
26
1
1
61
1
1
2
7
1
2
1
1
3
1
1
2
1
91
3
1
1
1
19
1
1
1
11
3
113
2
1
1
1
5
1
11
1
1
1
1
1
97
15
20
13
9
30
1
3
10
4
27
3
1
1
12
3
7
1
1
72
4
1
2
15
1
18
3
3
1
1
1
49
26
418
3
3
1
2
1
1
4
27
54
3
9
30
8
1
68
43
3
18
19
9
44
1
2
28
9
25
81
8
30
6
27
1
5
2
6
2
7
314
5
10
8
115
8
10
58
15
4
26
1
5
23
1
1
2
11
20
1
25
1
4
1
3
5
19
1
2
24
1
11
1
1
1
1
2
2
16
1
1
6
1
2
1
12
1
148
1
6
1
1
1
1
1
1
2
1
6
1
1
5
2
1
65
1
1
11
1
36
1
1
21
1
1
185
1
1
2
3
1
1
19
5
1
1
1
61
1
4
4
1
2
3
12
1
1
9
1
15
1
21
1
1
1
1
1
1
1
1
17
1
2
1
1
14
66
1
2
1
1
2
3
1
120
1
5
9
1
2
30
1
1
1
16
11
3
1
1
6
2
1
2
1
2
3
2
6
1
1
1
1
1
1
1
6
1
1
1
1
1
31
438
1
1
1
3
1
1
311
342
1
35
1
20
1
1
2
6
8
6
1
1
1
1
1
1
1
1
43
1
45
8
1
3
3
1
2
1
1
2
1
2
1
1
7
1
2
1
2
6
1
4
1
2
3
7
50
1
3
1
1
1
1
1
1
2
1
1
3
1
3
1
1
1
4
12
2
1
1
21
38
5
1
2
1
1
1
1
2
5
4
2
1
3
1
2
3
1
1
1
1
1
1
2
1
1
1
2
1
5
1
1
9
1
1
1
1
3
1
4
8
3
1
1
1
1
1
1
1
1
26
11
1
1
1
2
1
1
1
2
1
1
1
1
1
3
1
1
1
1
1
3
4
1
1
184
5
3
1
13
3
1
82
1
1
1
1
1
1
1
1
2
1
1
2
1
11
1
2
2
1
1
1
1
1
1
1
1
1
1
2
1
1
2
1
122
4
1
1
1
92
1
9
2
1
1
1
107
1
1
1
2
1
1
1
1
1
3
7
2
6
5
4
103
1
8
107
1
1
1
1
1
6
48
2
2
3
1
2
1
1
1
1
1
1
1
1
1
1
15
1
5
2
1
1
1
6
1
1
85
1
1
1
1
1
1
1
1
1
1
1
2
2
150
3
3
1
1
1
1
1
6
2
1
1
1
2
6
1
2
7
1
1
14
26
1
20
1
1
1
20
2
1
1
3
1
1
2
2
4
7
1
1
1
3
4
1
11
3
4
5
1
1
2
2
3
2
1
1
1
3
1
1
8
1
1
9
2
3
2
8
16
27
3
1
16
7
1
1
1
1
1
2
1
2
3
7
1
2
1
10
1
1
12
3
2
1
1
5
5
1
4
1
2
34
14
1
1
3
1
1
1
1
75
1
1
4
9
2
125
10
1
2
1
1
1
1
2
1
2
3
85
2
8
1
1
1
1
1
25
1
3
4
46
13
26
1
1
1
2
2
1
5
1
3
5
3
3
4
1
35
1
1
4
1
1
2
25
6
1
28
3
1
1
1
7
1
2
3
5
1
1
3
9
1
5
1
1
1
1
1
4
2
2
3
6
1
1
1
1
2
1
1
1
37
1
1
2
5
8
2
1
1
1
1
1
1
1
1
1
143
2
2
1
1
3
2
1
1
1
1
3
1
16
1
1
1
1
1
1
1
1
1
5
7
1
1
2
1
6
1
1
1
1
18
6
3
1
1
1
1
1
1
1
1
2
53
1
4
16
1
1
1
2
5
27
1
9
1
1
1
1
1
1
1
1
1
1
5
1
8
3
1
1
14
1
1
83
2
5
1
1
1
5
2
4
2
1
4
2
1
2
1
1
1
1
1
1
1
1
1
1
2
1
1
2
19
1
1
1
2
27
1
1
1
1
1
1
2
1
1
2
10
2
2
1
6
7
5
2
1
5
1
13
1
1
1
1
1
9
14
6
1
27
1
1
1
38
4
3
46
4
1
2
2
2
1
1
1
1
1
12
1
1
1
1
1
1
2
1
1
1
1
2
1
89
1
1
1
1
3
1
1
1
2
1
1
1
1
4
4
18
3
4
1
4
29
2
1
1
1
2
4
4
21
2
1
1
1
1
4
1
12
15
27
1
6
1
16
1
11
1
1
22
11
1
22
3
1
7
6
1
2
2
1
39
6
4
39
9
1
1
1
66
1
1
14
1
1
2
162
115
2
5
1
6
1
2
3
1
3
43
7
13
1
1
1
1
1
2
1
1
2
2
10
7
1
1
12
13
2
3
1
2
1
1
2
2
1
1
20
3
1
1
20
2
1
2
1
1
1
1
23
11
27
31
151
4
7
1
1
1
1
1
1
2
1
1
4
60
1
9
1
1
1
3
1
1
2
9
1
5
2
1
1
2
1
2
1
1
2
