109
70
11
2
7
143
29
364
769
28
721
20
2
29
15
40
10
87
9
5
73
7
5
22
18
198
37
217
342
30
98
100
35
13
28
3
49
29
16
21
36
102
106
1
57
4
235
136
1000
6
475
67
395
131
8
287
10
20
9
342
3
9
85
124
15
10
1000
1
80
1
1200
2
706
170
2
10
211
7
2
17
12
170
15
11
3
13
2
33
1
92
16
233
169
10
64
78
16
14
2
92
51
88
3
758
23
84
981
364
44
207
832
4
1
24
23
29
61
6
3
13
1332
76
16
96
39
2
31
245
2
49
148
6
147
244
6
26
2
6
132
36
32
21
25
868
18
1209
129
212
2
4
6
71
493
111
1
20
2
11
39
257
115
29
1210
114
25
95
5
584
1
227
2
601
237
68
36
46
85
58
84
232
13
195
82
4
69
88
150
3
267
113
314
62
225
16
1
16
218
139
59
62
155
157
24
6
22
62
64
17
17
25
211
186
21
2
12
108
110
90
22
7
655
16
1092
96
170
2
233
37
15
19
5
123
1
35
15
63
14
2
15
544
56
254
128
221
104
180
49
67
2
137
1
124
202
29
239
277
2
28
113
69
83
89
56
11
30
26
119
16
5
22
162
1
75
444
12
30
9
35
41
21
536
33
2
32
120
23
3
55
173
4
200
6
30
2
6
351
93
160
94
2
90
218
93
2
175
26
152
808
1
1
13
17
9
1
113
528
5
3
2
275
7
147
242
1329
21
4
135
71
185
2
186
12
12
9
127
26
198
3
12
117
129
83
168
24
84
622
11
30
1
10
168
4
42
7
1
10
146
52
167
68
62
18
1
1
4
4
19
85
2
6
15
1352
112
14
1
548
89
324
52
182
490
2
238
577
11
3
3
13
13
9
3
9
182
117
4
2
2
1
56
374
168
5
45
3
42
2
36
7
25
30
41
252
70
55
58
71
21
7
973
80
53
226
208
62
8
214
1
83
2
662
59
2
46
217
2
2
7
19
7
1
93
501
17
147
13
33
9
5
1
21
91
150
25
300
201
218
146
107
4
701
168
729
60
9
573
47
35
73
1
44
17
40
30
20
37
5
154
50
237
172
3
230
12
15
909
78
2
144
563
33
54
159
554
3
384
908
56
20
13
4
809
7
204
1
363
3
20
5
2
214
104
2
1
153
5
183
40
4
20
1
825
8
292
262
5
57
12
301
235
3
20
2
6
125
88
2
1
102
9
22
154
10
283
993
1
7
4
3
99
27
18
2
39
76
83
30
85
1035
22
3
69
2
97
144
3
34
210
176
45
6
20
14
1020
37
21
59
154
5
26
4
117
72
661
214
140
149
76
74
207
93
100
62
59
158
3
337
96
1069
262
16
4
169
74
17
62
14
116
192
1
199
40
1
7
179
51
467
31
189
43
88
4
83
328
65
173
9
862
461
638
74
1
9
126
87
238
631
4
9
1056
43
39
50
3
367
16
4
124
985
9
234
334
30
415
150
7
787
2
3
69
2
10
14
462
6
19
184
70
3
216
16
9
17
63
89
491
18
114
460
90
19
6
21
1113
621
2
3
104
1
1
337
263
205
2
3
1
713
12
254
1
49
138
11
2
170
20
34
3
46
82
1
50
1
226
2
45
63
592
5
35
10
46
39
2
12
65
127
2
1322
52
2
245
31
13
133
237
130
6
125
59
160
34
33
6
44
168
223
1
2
2
535
575
41
67
46
41
13
36
21
18
11
3
81
231
28
46
43
98
9
34
25
40
77
99
22
47
1
282
541
2
383
207
98
42
144
204
91
2
49
92
85
88
237
67
248
99
7
5
13
88
5
447
405
2
1
21
7
249
52
99
35
210
245
25
43
67
94
138
1
1
211
348
41
72
8
35
225
10
1
40
84
866
43
190
11
36
1326
52
17
14
174
101
129
47
553
4
241
673
6
9
30
122
1
1176
623
1
1
5
180
2
88
55
1
185
27
5
4
13
12
173
422
508
8
93
26
48
6
502
65
77
40
4
131
197
8
54
61
20
10
58
257
467
81
167
3
46
172
295
713
17
89
13
415
175
4
3
129
7
4
7
3
16
39
22
44
5
5
219
20
2
43
366
3
11
118
41
646
172
20
5
5
7
18
165
42
179
141
3
61
171
28
53
340
339
10
30
2
53
47
23
72
1
16
8
30
7
96
1
7
4
1
7
4
5
26
52
20
190
88
5
11
19
377
249
58
10
766
63
9
2
23
52
2
46
160
1
16
17
59
49
11
421
16
648
1018
1
24
553
19
200
909
140
67
608
200
10
43
585
11
5
1
50
3
29
6
2
22
1
176
212
6
42
506
62
23
234
35
7
33
135
207
5
409
172
16
6
28
2
13
545
66
32
3
92
38
30
4
262
250
13
13
51
27
12
38
18
68
25
130
533
34
775
102
196
129
6
3
132
4
2
23
32
8
69
31
56
2
89
54
8
93
174
60
305
99
555
2
27
1
2
92
315
37
3
1
243
166
6
25
8
57
9
276
1
119
40
30
62
49
1275
448
7
7
106
1
1
803
60
25
35
263
53
133
200
9
42
3
83
2
5
35
27
7
222
6
10
11
245
35
268
1342
126
231
1
68
1
5
341
16
140
283
25
2
84
18
40
1
2
20
61
46
8
514
1279
1316
2
155
9
37
5
37
33
567
23
27
87
1
205
4
26
104
527
41
2
21
153
58
4
14
7
3
61
113
4
73
26
180
341
112
25
15
15
31
271
13
37
9
13
1
104
16
1
208
61
6
27
6
31
2
245
172
156
29
1
4
146
218
20
6
4
21
4
73
2
6
56
77
140
72
1
64
282
60
6
5
66
10
206
39
5
48
3
351
38
1
32
177
198
3
22
62
29
35
3
16
2
231
184
13
1
115
1
9
2
146
50
1
89
41
95
10
73
50
47
60
1
370
5
1
2
53
4
15
261
4
15
36
24
3
2
48
2
5
59
244
6
3
17
38
15
309
43
68
