1000
324
587
428
163
13
425
1
4
8
76
2
5
386
10
30
22
46
454
1
13
4
62
133
37
21
50
630
48
4
195
17
1225
37
34
10
1235
1
614
5
200
192
66
470
397
18
97
48
73
262
32
43
1
349
135
1
20
105
17
98
221
76
133
538
270
57
4
1
1
26
125
48
7
41
303
126
197
76
7
199
88
103
43
3
215
248
73
521
46
120
427
70
2
1
7
128
12
500
43
59
151
48
269
8
70
4
43
40
129
33
11
77
24
43
331
113
175
189
45
8
8
49
232
125
141
321
1
77
138
276
1
166
8
1
139
171
44
2
140
18
102
124
30
107
482
193
100
18
100
109
29
232
28
48
755
9
189
92
711
132
195
25
134
253
41
214
90
189
61
219
76
16
124
2
2
2
437
279
35
965
28
51
15
212
241
223
266
41
438
56
926
19
2
306
22
1
239
176
457
12
742
83
1
9
23
923
21
21
61
407
770
56
1
355
147
206
27
6
478
25
64
4
1
23
22
12
415
64
498
66
269
1
15
47
100
43
98
7
30
410
3
28
31
2
44
475
53
1017
463
12
569
3
33
32
1008
74
154
66
1
25
4
58
48
17
441
278
626
34
756
18
1253
50
3
11
3
210
12
346
770
95
63
476
5
149
108
1
56
5
1
2
155
423
49
5
18
15
169
144
82
355
248
11
565
76
3
10
146
85
5
214
135
85
19
1
3
57
15
83
259
6
207
11
79
74
373
4
96
33
32
106
340
247
181
103
48
63
52
9
79
95
159
26
76
103
68
272
52
38
539
132
2
273
1237
1060
1264
39
765
654
2
141
627
31
248
5
98
272
101
18
104
1
580
42
870
241
77
260
109
228
108
91
12
15
34
282
54
303
14
26
66
49
80
3
65
97
35
1
40
146
18
6
219
19
10
99
3
13
5
48
18
736
1309
780
31
14
1
86
37
867
3
122
10
206
21
98
209
107
431
726
180
23
7
552
5
301
6
31
136
129
108
182
536
5
1
408
34
31
129
5
785
476
1011
258
17
121
90
761
87
234
2
825
129
474
170
438
3
135
314
471
221
46
24
706
417
934
122
1
2
862
7
1
56
181
1
12
29
484
6
376
4
114
138
83
1206
160
231
435
95
94
4
41
26
1078
2
92
17
165
208
132
78
228
43
69
113
88
8
138
35
136
1
342
2
1
6
95
739
169
823
223
7
1
1
94
58
4
531
26
479
533
350
92
9
58
79
36
599
168
71
225
294
82
30
420
11
136
123
1074
169
1
11
177
15
159
10
20
178
93
3
50
10
717
137
179
1212
68
48
1
93
18
203
120
74
37
409
3
35
43
1
268
227
2
170
26
214
50
54
19
641
574
272
53
660
388
16
8
11
44
459
92
55
67
86
21
29
230
28
8
31
123
14
37
873
4
42
68
30
268
103
95
144
108
38
727
1
67
245
250
42
25
51
698
37
76
203
903
1
280
309
187
166
421
54
25
227
1
50
16
15
404
4
144
1
4
35
234
1
21
104
107
3
17
734
40
431
452
6
129
148
1
38
202
17
227
586
202
188
390
301
5
204
260
20
291
182
16
38
1
42
26
375
26
337
246
324
4
29
4
3
41
199
1
33
33
700
467
489
259
590
3
5
3
396
1
935
163
1
136
9
193
751
369
100
49
166
264
5
142
29
88
89
22
93
184
36
1
52
178
129
43
1
9
778
7
1336
175
66
365
114
634
492
522
282
1
272
144
2
2
16
2
135
456
208
27
664
60
151
17
105
144
313
49
124
102
16
200
67
246
28
45
31
3
628
7
99
31
18
363
89
26
24
42
135
29
589
785
59
1
107
8
5
19
100
24
2
983
732
1054
59
27
305
775
8
7
472
246
21
15
339
3
5
196
105
90
134
49
83
3
4
15
8
104
43
16
180
409
6
4
1
29
190
25
428
67
193
83
713
53
19
194
50
715
94
31
477
362
444
25
30
43
37
2
44
50
386
27
52
402
314
18
3
11
211
289
312
4
127
71
559
6
23
377
57
62
3
1
158
42
702
58
371
435
34
21
11
77
284
216
24
35
47
437
77
730
66
1317
46
1
1
836
171
4
770
94
4
375
121
1744
620
93
397
632
724
3
25
146
43
51
85
169
43
19
32
16
6
473
8
29
561
4
31
3
1168
1
8
86
121
154
1
15
21
11
131
54
13
1
105
261
124
268
77
1035
27
31
185
65
94
147
1
1
1
1
1
1
1
109
1
1
1
1
1
212
3
73
31
2
9
1
9
29
577
3
6
144
9
5
5
1
2
477
65
16
64
70
5
93
1
1
3
11
29
1
2
5
6
1
6
3
73
1
1
7
1
17
13
1
10
1
1
1
1
143
1
1
1
2
2
29
1
364
1
3
2
1
1
1
13
5
2
1
1
1
14
769
1
28
1
1
1
2
1
1
2
721
1
2
1
6
1
2
5
4
28
20
1
3
8
2
25
14
10
1
11
28
4
1
29
33
3
1
15
3
25
40
1
1
1
3
1
58
25
1
3
1
10
87
6
1
1
2
3
48
19
2
1
1
47
1
1
5
5
1
2
1
1
9
1
1
9
5
80
1
76
73
7
5
12
17
1
3
1
5
1
1
8
1
2
1
3
37
8
6
5
1
18
1
22
1
21
170
18
4
59
198
1
37
1
29
4
133
2
7
1
217
2
3
1
2
2
1
1
342
3
1
6
1
3
1
36
1
1
30
5
1
4
3
1
23
98
1
6
2
100
49
1
17
35
9
13
3
1
2
3
1
1
28
3
1
1
1
49
1
2
2
1
1
1
1
1
1
29
1
67
16
1
3
2
37
1
1
35
1
1
4
1
21
2
5
1
9
32
1
2
1
1
1
1
1
1
1
36
152
102
1
1
1
106
1
1
2
1
3
1
57
1
1
2
3
1
1
4
4
1
2
1
9
1
1
1
1
2
4
33
235
34
136
72
36
2
1
1
1
1
1
1
1
2
1
2
1
1
2
1000
7
1
2
1
6
1
1
475
67
1
2
395
1
3
147
1
1
1
1
1
1
1
1
1
1
131
1
1
2
1
1
8
1
2
1
1
3
1
1
1
1
1
1
1
287
1
1
1
1
1
1
1
1
1
1
4
1
1
1
3
1
10
2
10
20
1
1
2
9
1
4
1
1
1
1
1
4
1
342
2
1
1
1
3
1
15
1
1
1
2
11
1
17
1
3
4
27
4
1
1
2
11
5
76
1
2
6
1
1
18
8
1
3
84
8
1
9
1
85
3
1
1
5
2
124
1
31
4
2
1
1
13
3
1
15
10
1
12
3
1
4
1
1
32
1
1
8
4
48
1
5
1000
15
1
1
1
1
1
1
1
2
9
1
1
1
1
1
1
1
2
80
1
1
3
1
15
1
1
7
4
4
1
1200
1
2
7
2
1
1
1
1
4
1
706
138
1
170
1
4
1
1
1
1
1
2
1
1
1
1
1
3
1
1
2
1
1
5
1
2
4
1
2
22
3
19
1
1
1
23
1
7
4
4
10
1
1
1
2
3
6
1
1
1
4
8
5
2
1
3
3
2
1
3
5
1
1
2
21
2
1
211
2
1
1
2
26
2
4
1
2
9
7
2
1
2
1
7
5
5
1
1
3
2
1
1
1
1
1
272
1
4
1
3
1
1
1
6
2
1
26
1
1
1
1
1
1
1
1
2
1
5
1
3
2
1
2
1
1
48
1
3
1
1
1
1
2
1
1
1
40
1
1
1
1
1
4
1
1
1
1
5
2
3
1
1
6
1
17
1
12
1
3
10
12
1
2
1
170
10
12
47
25
2
1
5
59
1
1
80
8
1
15
3
9
11
1
1
1
1
3
1
7
6
1
2
1
1
72
1
1
3
1
1
1
1
1
3
2
255
13
8
21
5
1
1
2
2
1
1
1
1
1
1
1
1
1
2
1
1
1
1
1
33
10
3
2
1
3
1
1
2
1
2
1
92
16
1
1
2
24
1
1
1
1
1
13
1
1
233
2
50
1
169
1
2
1
2
1
1
1
3
1
2
3
5
14
44
1
244
10
1
58
5
46
42
1
7
4
2
78
64
23
21
344
27
78
6
65
1
1
29
33
627
16
45
43
2
14
2
1
13
3
85
2
27
2
254
1
2
2
92
1
6
1
1
1
1
11
2
51
1
1
5
171
1
37
20
2
5
46
1
1
2
1
1
1
3
1
88
65
1
1
1
4
1
1
2
3
2
1
86
1
4
1
9
1
5
1
3
1
1
1
1
1
1
4
1
1
2
758
1
23
2
1
1
84
1
4
1
1
1
1
981
94
3
1
5
364
1
2
1
1
1
5
1
1
1
44
1
3
1
1
207
1
1
4
3
1
1
1
2
1
1
1
1
832
2
1
8
2
2
15
1
2
1
4
1
3
145
6
2
17
1
15
812
60
4
1
135
47
1
16
28
24
1
1
23
2
1
1
1
2
1
4
7
3
1
12
14
11
2
1
117
1
2
1
2
1
3
3
3
3
1
5
1
1
77
1
29
1
2
1
1
61
1
4
1
1
3
6
12
14
2
1
1
1
1
34
1
1
1
1
1
1
4
1
4
1
9
2
1
3
13
1
8
2
2
1
18
1
1332
2
76
1
14
1
2
3
2
1
12
1
2
1
1
1
1
1
3
1
15
1
16
1
1
3
2
1
1
1
2
1
1
1
1
1
1
1
3
1
1
2
1
1
1
1
96
1
1
2
1
1
1
39
1
1
1
1
1
4
1
1
1
1
2
1
1
1
1
1
1
1
1
2
1
1
2
1
1
31
1
2
2
1
1
4
7
1
2
245
1
3
9
1
1
1
1
2
2
3
2
2
2
3
1
2
2
1
2
1
1
2
2
1
1
1
1
2
1
7
49
1
1
91
1
3
1
1
1
2
148
1
1
6
147
1
28
1
1
42
3
1
1
22
244
1
1
1
1
1
1
1
4
6
1
2
6
3
1
60
1
26
29
2
55
4
1
10
4
5
2
2
1
1
2
1
1
2
4
1
6
6
1
132
1
8
4
1
1
1
1
36
3
2
1
32
21
1
1
6
25
6
1
1
28
2
2
1
3
25
26
868
86
456
18
121
5
1
1
1
1
1
1
1
1
5
1
1209
129
3
1
1
2
1
5
1
6
1
2
1
1
20
3
212
2
7
29
1
4
1
4
25
140
1
1
8
3
1
11
6
1
2
11
1
1
14
41
4
1
1
1
4
1
6
124
8
8
1
71
5
3
5
493
8
3
1
1
111
1
20
1
2
5
1
1
1
4
12
2
4
1
1
1
5
1
2
166
1
1
1
11
2
4
13
11
39
1
10
9
257
17
7
2
6
5
1
3
2
1
1
1
1
1
8
1
8
132
1
115
2
23
13
3
1
2
1
3
1
29
6
1210
4
7
1
1
1
37
1
1
2
1
2
114
8
25
5
11
1
2
12
2
4
2
1
95
13
2
5
3
2
5
4
4
4
1
584
3
1
1
3
9
1
1
9
227
1
31
1
1
2
2
5
2
2
1
3
6
4
11
1
9
8
3
601
35
138
8
26
237
68
1
3
24
3
1
1
1
1
4
1
1
1
1
1
36
1
1
1
7
1
1
46
85
5
25
9
5
155
73
1
1
1
5
1
11
1
1
58
1
1
1
1
1
1
2
5
1
1
1
1
4
24
11
2
1
1
84
1
232
4
13
1
1
1
3
1
2
13
1
5
6
2
4
3
26
4
2
1
1
1
1
1
2
1
1
1
1
2
2
1
1
1
1
195
4
1
6
1
82
1
1
1
1
1
2
1
1
1
1
1
4
1
1
4
1
69
1
1
2
1
5
88
1
1
7
1
1
1
150
1
1
1
1
1
4
1
1
3
2
1
1
3
1
1
2
2
1
6
1
1
2
1
1
267
1
2
4
3
2
1
113
1
1
1
9
314
1
1
1
1
62
1
1
2
2
225
1
4
2
2
14
1
1
2
1
1
2
1
1
2
1
1
1
1
1
1
7
5
1
2
5
1
8
7
1
1
1
1
1
2
2
16
1
2
1
5
2
10
7
1
2
1
1
1
4
1
16
14
3
9
1
1
61
1
3
1
3
1
1
1
1
3
1
11
2
2
1
1
1
42
7
3
5
1
2
1
1
1
16
4
3
3
26
1
1
1
1
5
2
2
1
131
1
3
1
1
218
2
1
139
3
1
59
62
1
1
155
1
1
1
3
1
1
5
157
1
1
1
1
1
1
24
1
1
1
1
1
2
1
1
1
25
6
22
3
1
2
1
1
3
62
1
1
1
1
1
1
2
1
2
2
23
1
4
2
3
3
64
3
1
1
1
2
38
2
8
1
54
1
2
3
19
17
3
1
17
2
1
1
2
2
1
3
3
13
66
52
25
10
2
2
24
1
6
1
10
1
1
3
2
1
1
28
211
9
1
1
186
1
21
105
1
1
473
11
5
2
1
1
1
1
1
2
4
2
3
2
81
1
1
1
1
1
1
10
2
1
1
4
1
1
1
1
1
14
1
1
2
1
2
5
1
1
1
1
1
3
2
3
1
1
1
1
1
1
4
1
1
1
12
4
1
1
1
1
1
1
1
1
2
3
201
1
1
108
32
7
6
1
4
110
1
1
90
3
22
1
2
1
3
1
1
1
1
1
1
2
1
2
1
1
1
1
4
1
1
1
1
2
2
1
1
1
1
1
1
1
1
1
3
5
2
1
4
7
1
1
1
1
2
1
1
1
655
2
3
16
8
1
1
2
1
1
3
1
2
1
6
1
8
2
3
1
2
1
1
1
1
1
1
47
1
1
1092
1
1
1
96
1
1
1
3
4
3
1
4
3
4
1
1
2
170
89
1
2
2
361
2
2
1
26
1
1
9
3
3
1
1
8
467
1
2
1
1
1
6
3
2
1
2
2
1
233
1
1
3
1
2
12
1
1
1
2
1
1
1
1
1
1
37
3
1
3
6
1
3
1
2
2
3
1
2
1
1
15
1
2
1
2
1
1
1
2
1
8
8
1
1
2
10
1
19
1
5
123
1
1
9
1
1
5
1
4
1
1
1
6
35
1
2
2
15
2
2
63
1
3
1
14
2
1
1
3
1
1
15
18
2
2
1
2
1
2
3
2
2
1
3
2
544
1
56
2
6
1
2
3
4
1
2
29
57
535
28
113
254
128
32
8
2
20
221
6
6
1
27
4
7
1
9
39
4
1
1
1
3
1
3
1
104
2
5
1
1
2
3
3
1
1
2
1
4
8
2
4
180
3
1
1
2
1
1
1
10
6
3
1
2
1
49
5
1
3
2
4
1
19
4
67
2
137
1
8
2
1
1
3
1
1
1
1
2
3
1
2
1
1
1
2
2
1
1
5
12
1
1
12
2
41
4
1
1
1
124
1
1
1
202
1
1
1
1
1
1
2
5
1
2
29
239
1
1
16
66
277
1
2
2
4
1
3
2
1
1
1
4
1
2
4
2
2
1
2
2
3
1
1
1
1
1
1
1
3
1
1
1
1
2
4
2
1
1
3
28
1
113
1
69
1
1
1
1
2
22
1
2
4
1
1
2
83
2
1
13
1
1
1
2
1
1
2
2
89
3
1
2
1
8
56
1
2
2
2
1
2
1
1
1
2
1
1
1
3
1
2
3
6
2
1
1
4
1
1
6
2
1
1
18
2
1
1
1
5
1
1
1
1
1
1
1
2
2
4
2
7
1
2
1
2
5
1
11
1
1
5
2
1
3
8
3
3
1
1
1
3
1
1
1
1
1
1
1
1
3
1
2
1
1
1
2
30
1
1
1
1
60
3
1
1
1
2
1
26
5
87
7
1
119
1
2
3
2
2
1
16
1
2
1
1
3
1
1
57
3
1
1
1
10
1
1
1
1
1
1
1
1
1
1
2
1
1
1
1
1
5
2
1
1
1
25
18
10
1
8
22
1
2
3
162
1
2
14
1
5
1
1
1
1
31
75
102
444
97
8
4
18
48
1
19
131
12
2
2
455
1
30
9
35
5
41
1
1
1
1
2
7
1
1
21
1
1
1
536
2
1
4
1
2
1
33
2
1
1
2
1
2
32
1
8
1
3
1
6
4
28
20
3
1
5
2
14
1
1
10
1
1
1
11
120
9
3
2
3
1
1
23
12
1
1
1
3
1
5
1
1
1
2
1
5
1
24
2
4
1
1
1
12
18
2
1
1
3
1
2
1
1
2
16
1
1
1
1
1
1
1
1
1
1
4
1
1
1
2
55
12
1
1
1
1
4
2
13
1
8
1
2
1
173
1
1
1
4
21
6
1
1
200
1
10
6
170
67
632
258
6
2
1
1
30
2
1
1
1
14
1
1
3
1
1
1
1
3
1
2
1
2
1
1
2
5
70
124
1
2
1
1
1
1
1
10
1
1
1
1
1
1
1
1
1
3
1
3
1
1
6
8
1
2
4
18
2
1
351
2
1
1
10
1
93
3
66
1
2
1
4
160
1
94
3
4
1
1
9
1
1
3
2
2
20
1
1
1
2
1
1
1
2
90
2
1
2
1
218
2
1
1
1
8
2
2
1
1
1
24
1
1
1
2
2
1
1
1
1
1
1
93
1
2
2
1
1
175
1
3
2
3
1
1
1
2
1
1
7
2
3
3
2
1
1
1
1
1
2
1
8
5
26
1
3
9
1
1
3
1
10
1
152
808
16
1
1
1
1
4
1
1
1
2
2
1
1
1
508
6
4
1
2
1
1
2
4
1
3
2
1
1
1
13
11
2
154
1
1
1
1
2
1
2
1
1
1
3
4
3
1
4
1
1
1
2
1
1
1
1
2
1
2
1
4
1
2
1
1
17
2
1
4
2
1
2
2
9
1
3
2
2
1
3
3
1
1
3
1
1
1
1
1
4
1
1
2
1
37
152
171
146
17
1
2
2
1
1
1
1
2
1
1
6
16
2
1
1
1
113
1
3
1
1
1
3
2
3
16
1
5
1
528
897
57
1
5
4
18
1
2
16
3
8
5
4
1
1
1
1
1
1
2
13
15
2
4
2
3
2
2
275
2
7
6
147
18
1
2
1
1
2
1
21
1
3
1
242
2
1
1
2
1
1329
37
21
2
21
1
7
38
1
1
16
1
3
1
2
2
1
11
1
2
5
2
32
4
1
9
11
10
4
1
4
2
5
13
31
14
6
97
2
21
4
2
4
21
18
29
3
1
135
71
1
8
2
185
5
2
186
12
12
9
1
4
1
127
10
3
2
2
1
2
3
46
11
26
2
5
1
1
7
2
1
1
198
2
3
13
3
12
117
10
129
1
15
83
7
1
2
5
19
4
1
10
1
4
1
1
2
1
5
15
1
1
3
1
3
168
1
1
51
1
386
25
2
2
21
2
20
3
24
2
1
3
1
6
1
1
1
2
1
1
1
1
3
1
1
1
84
2
1
1
1
1
1
2
1
1
4
3
1
1
1
622
11
4
1
1
12
5
1
1
30
1
1
1
2
2
3
1
3
1
1
2
2
2
1
4
1
5
6
2
1
10
720
1
1
2
38
1
1
168
1
1
1
1
2
1
1
1
1
1
1
4
3
1
1
3
29
2
1
2
1
1
1
18
23
1
12
1
2
1
3
42
1
1
1
7
1
72
1
2
6
1
1
5
1
1
1
2
1
1
4
1
1
1
1
1
2
5
10
146
15
1
7
9
2
4
4
5
3
1
2
1
52
1
2
1
1
1
2
1
1
1
1
1
1
2
3
2
1
1
1
1
2
7
1
9
4
167
44
68
1
1
1
1
1
16
9
2
62
1
2
2
3
1
3
1
18
1
1
5
3
1
3
2
1
1
1
1
24
1
1
1
1
1
1
1
1
1
6
2
1
1
4
1
1
4
1
3
19
2
1
1
4
85
2
1
3
3
2
2
16
1
1
19
9
2
6
1
1
1
1
15
5
1
1
1352
4
1
3
4
1
3
1
1
1
112
14
1
1
2
1
4
1
3
3
1
3
4
1
1
1
3
1
2
1
1
1
1
1
1
548
1
1
89
46
1
3
4
324
6
159
4
52
56
3
39
5
1
1
7
135
20
184
1
1
182
490
1
65
2
150
238
168
4
16
1
1
1
261
2
20
1
2
1
2
1
1
1
1
2
1
1
4
1
1
5
1
1
2
1
1
1
4
1
4
577
1
1
8
4
27
4
1
1
1
1
2
1
2
11
3
1
1
3
1
1
10
14
4
111
9
2
31
44
1
8
1
3
1
2
27
1
21
223
27
4
3
3
26
20
25
70
1
8
5
42
1
4
1
1
13
3
4
22
9
2
26
1
3
13
28
1
13
6
698
40
3
1
9
10
3
2
3
5
5
22
3
130
9
28
137
15
1
9
113
48
61
17
1
12
1
1
29
9
37
2
5
1
2
1
17
2
182
1
1
1
1
5
1
6
1
1
5
117
1
3
4
2
41
16
1
1
5
29
13
148
2
5
3
3
1
1
1
1
2
1
1
1
1
18
1
1
1
1
1
1
1
2
2
88
1
1
3
1
1
1
1
2
13
1
1
2
2
1
9
56
1
1
2
1
1
1
2
1
1
1
1
24
1
1
1
3
1
1
2
1
1
1
1
1
50
374
1
168
5
7
1
61
1
2
3
1
4
128
58
3
5
2
2
3
1
9
1
1
45
3
31
1
216
3
5
89
1
1
1
1
1
3
42
1
1
1
2
2
1
1
2
1
2
1
1
1
7
1
1
1
2
1
1
1
36
4
1
1
1
1
1
1
6
1
2
7
1
1
1
1
1
1
1
1
1
1
1
2
1
216
1
1
25
30
4
44
3
26
42
41
5
5
10
43
2
1
1
1
1
2
1
1
1
2
4
3
3
1
1
252
1
1
1
1
70
1
1
1
1
6
253
55
6
1
1
28
1
2
19
2
5
1
1
58
1
1
1
2
1
1
71
1
1
1
1
4
2
1
1
7
3
3
1
1
1
37
1
1
1
1
1
2
2
1
21
1
1
7
1
1
2
17
8
6
1
1
4
973
1
4
1
2
8
1
80
13
1
1
8
53
31
226
1
1
2
1
1
1
1
1
1
1
2
1
2
1
2
1
1
2
208
1
3
2
1
62
2
1
1
12
2
1
1
1
1
13
2
2
2
1
2
1
1
1
2
1
8
2
1
1
1
2
214
1
2
1
2
1
2
65
3
2
1
1
1
14
1
1
2
1
1
83
1
1
1
1
1
2
2
1
662
1
1
1
1
1
1
1
1
1
10
1
1
1
1
1
9
2
8
1
5
59
16
2
1
1
4
11
3
2
46
1
2
2
1
217
1
1
2
4
1
2
2
37
173
59
2
2
7
8
1
7
19
7
1
2
13
4
3
3
38
93
2
1
1
3
1
2
5
1
5
3
1
1
1
1
7
1
1
11
2
501
4
7
47
1
17
2
1
1
5
3
3
2
2
7
1
1
147
1
1
1
41
1
13
2
1
1035
1
2
1
1
1
1
33
25
9
1
1
2
1
1
6
2
15
1
1
20
7
2
1
1
2
2
2
2
7
4
58
100
1
41
2
106
116
1
1
1
1
2
10
3
5
2
1
47
1
1
1
1
1
1
2
1
1
3
1
52
21
9
1
4
2
126
1
1
2
91
7
2
150
1
1
3
2
7
4
25
300
3
1
4
23
1
2
2
15
48
1
2
1
1
201
218
1
3
1
1
2
146
1
107
4
1
1
1
4
1
1
2
1
1
1
1
1
1
3
1
1
136
1
171
2
33
701
15
19
6
25
168
1
729
4
1
1
3
1
4
2
1
60
6
9
6
3
6
1
1
1
1
2
12
1
2
1
2
573
1
47
1
1
1
35
1
1
1
1
1
1
1
2
73
103
1
1
44
71
5
1
11
17
2
2
2
1
13
40
1
1
3
1
30
1
1
2
1
22
13
11
20
2
1
2
37
7
18
1
1
20
9
1
1
1
1
1
1
5
1
2
3
1
9
1
1
14
154
1
1
11
3
50
1
1
1
13
1
1
1
1
1
1
3
1
82
1
1
1
1
1
1
1
1
1
2
1
1
1
2
2
2
1
237
4
1
11
172
1
1
1
3
1
3
1
1
4
1
1
3
1
1
1
1
1
1
230
1
1
1
1
1
1
10
1
1
1
12
6
15
1
1
1
1
1
7
6
2
3
1
1
4
3
909
1
1
1
1
1
1
1
1
19
78
2
144
14
1
563
9
1
1
1
1
9
1
1
1
1
33
54
1
2
1
6
19
159
2
2
5
2
1
1
1
7
554
1
5
7
1
1
1
1
5
3
1
1
4
1
1
11
1
1
1
3
6
1
1
1
1
1
1
1
3
1
1
1
1
384
8
908
1
1
1
1
1
1
15
8
105
2
1
2
2
18
12
1
3
56
18
3
2
7
5
4
29
1
77
19
84
3
6
16
12
4
28
1
5
49
1
5
2
1
106
1
1
1
3
2
20
1
2
1
2
3
1
6
2
13
1
1
1
1
1
1
17
4
43
1
13
10
1
1
1
1
809
3
1
10
3
7
14
8
4
3
1
1
1
13
2
1
34
1
6
16
8
1
1
1
8
3
204
1
1
1
1
17
3
1
5
1
1
1
1
1
2
119
363
3
1
2
1
1
2
35
1
1
1
1
20
1
1
1
25
17
20
5
21
2
2
1
24
5
3
1
1
1
148
5
12
124
5
2
1
1
3
23
3
655
1
1
2
1
1
6
60
214
7
11
1
1
2
1
1
2
1
1
104
2
2
1
1
1
23
1
1
1
1
8
1
1
2
1
1
153
2
5
8
9
1
1
1
3
2
4
4
1
52
5
1
42
1
2
5
1
1
35
3
183
40
1
5
2
4
4
1
4
10
2
1
5
6
3
1
1
20
12
1
1
3
1
1
2
1
1
1
5
8
1
1
1
3
1
4
825
8
4
292
1
4
2
262
6
3
1
1
5
2
2
2
57
5
1
31
1
12
1
1
1
1
3
2
1
101
16
35
1
2
301
1
7
2
1
1
3
13
1
235
1
24
3
2
1
3
1
3
1
3
1
1
1
49
20
1
2
6
11
2
6
6
1
1
25
2
15
27
1
1
125
88
1
1
4
2
2
3
1
47
1
1
1
1
5
4
1
1
1
2
3
1
1
1
1
1
1
9
1
1
1
1
1
1
20
2
3
1
1
102
1
1
1
1
2
1
3
1
117
77
1
1
1
3
9
1
22
17
1
1
1
1
1
55
1
4
1
1
1
1
1
1
7
1
5
1
35
3
1
1
3
1
4
1
1
154
1
1
1
20
10
1
1
1
2
1
283
2
1
2
2
7
5
1
1
1
2
4
3
993
18
1
7
5
133
8
1
4
578
268
12
1
12
3
152
1
1
2
3
1
2
99
1
6
27
18
4
2
4
293
51
85
21
2
1
1
12
4
8
39
1
1
1
1
11
9
76
3
20
1
1
1
1
1
1
93
1
1
1
1
83
21
30
1
1
1
3
1
85
1
1
1
1
2
1
1035
62
2
1
1
1
1
2
5
15
1
22
22
2
3
1
2
3
2
38
1
1
11
138
7
38
61
1
63
1
6
2
69
9
2
1
12
45
4
1
1
2
6
1
3
13
1
1
1
1
2
1
1
2
1
1
1
97
8
144
22
3
8
34
210
176
45
2
201
12
39
1
1
8
1
6
1
1
1
1
1
1
1
1
1
1
2
1
11
20
9
1
1
5
14
5
1
1
3
1020
8
1
2
1
37
21
1
16
1
59
4
1
2
1
8
1
1
2
1
1
2
1
1
1
1
1
2
2
2
5
4
3
1
36
1
1
1
154
2
1
1
4
1
1
1
3
3
5
46
1
1
1
6
1
1
1
1
1
5
3
1
1
1
466
1
1
1
26
1
1
10
1
1
1
4
3
1
19
1
1
1
2
117
5
3
22
1
1
1
1
20
1
1
1
1
72
10
11
1
1
1
661
19
2
4
2
5
4
12
2
27
214
1
1
2
1
140
1
1
149
1
1
1
1
5
1
23
76
8
2
2
1
1
1
74
1
1
1
207
93
8
5
3
100
1
1
1
20
3
1
2
1
1
2
3
62
7
1
59
3
22
1
39
1
1
1
1
158
22
1
1
15
1
1
1
1
1
3
1
3
1
1
17
337
1
1
1
1
9
1
1
1
2
2
1
1
2
12
1
1
1
2
1
1
1
1
1
1
6
2
96
1
1
1
29
1
1
8
13
1069
121
2
1
1
1
3
2
1
3
2
1
5
262
112
1
8
3
15
1
1
12
2
1
22
32
16
2
1
1
2
12
4
1
1
1
1
1
1
22
1
1
1
2
1
4
1
1
14
169
3
1
1
2
2
1
2
1
1
1
2
1
1
1
8
74
1
2
2
1
17
1
64
62
40
18
77
19
14
1
5
18
3
6
116
2
4
192
1
1
1
1
1
199
3
10
2
2
1
7
1
1
2
1
1
244
3
1
30
10
40
18
1
1
7
3
1
179
1
16
1
51
1
9
1
2
2
3
1
8
467
6
1
1
1
1
31
189
1
1
1
1
9
43
11
1
3
2
1
2
88
1
1
2
7
1
1
1
1
4
1
1
2
4
1
2
1
1
1
1
83
2
1
1
1
328
1
1
1
65
1
1
1
1
2
1
3
1
2
1
1
5
2
25
2
1
2
1
1
9
173
1
1
1
1
1
1
2
3
1
3
2
1
1
1
1
1
1
1
1
2
1
1
2
2
1
4
1
9
1
2
1
1
1
1
1
2
862
1
62
1
461
7
14
4
1
1
8
1
2
1
4
1
2
638
3
1
74
1
1
2
9
1
126
87
1
2
1
1
1
2
2
2
2
1
2
1
1
238
5
1
1
1
1
2
631
1
1
1
1
1
1
1
1
4
2
1
1
1
1
1
2
1
1
9
1056
1
2
3
1
2
1
4
1
1
1
1
1
1
1
2
1
2
1
1
6
1
4
24
1
105
43
1
1
39
3
1
122
1
1
1
20
5
4
1
4
3
4
2
36
2
12
6
95
3
1
2
5
6
8
5
1
1
4
3
4
17
1
6
1
50
169
4
1
1
1
1
1
1
1
1
2
5
2
1
2
3
4
6
1
1
1
5
1
3
3
9
21
3
40
1
2
4
1
1
367
2
1
2
16
7
4
1
1
1
1
15
1
4
2
1
1
124
4
985
1
1
4
19
1
13
9
2
234
1
1
1
5
1
1
1
334
1
1
7
2
7
35
1
1
1
30
5
25
11
1
5
7
415
3
1
6
150
2
1
1
9
2
2
3
7
1
1
2
2
787
8
4
2
1
9
3
19
2
3
2
1
1
1
69
1
2
3
6
8
2
10
1
1
1
1
1
4
1
1
14
8
9
462
10
15
1
4
2
1
2
2
3
6
1
2
2
4
1
1
4
1
23
4
21
12
1
1
2
2
1
1
10
418
3
7
19
2
6
1
1
24
1
7
11
279
11
1
9
7
2
2
2
116
1
9
1
2
3
1
5
28
3
6
1
2
37
10
87
1
2
1
1
184
1
70
6
1
1
3
1
1
3
6
1
16
1
1
216
1
16
1
6
9
3
173
17
8
1
63
2
2
8
20
1
1
1
3
1
89
10
4
1
1
1
1
1
2
2
491
1
1
2
3
1
5
1
1
1
1
1
1
30
18
18
1
2
2
1
1
114
4
460
90
1
19
1
16
10
4
1
2
10
1
1
1
1
1
2
3
5
1
6
3
1
21
6
1
2
5
1
2
4
2
3
1
1
2
2
1
1
3
1
1
1113
5
4
621
1
1
1
1
1
5
1
7
2
1
10
5
3
2
104
1
1
3
4
8
1
10
1
1
4
6
1
1
3
2
3
4
1
7
337
10
15
11
10
1
1
1
1
2
1
1
263
205
12
1
4
4
1
1
3
5
4
2
8
3
1
1
1
9
23
2
1
1
1
1
1
3
1
5
7
1
713
1
1
12
2
1
1
254
1
1
1
1
1
49
3
1
1
1
10
1
1
2
2
1
1
2
2
138
5
4
1
4
1
1
1
10
1
1
182
1
1
11
1
2
1
1
2
1
170
2
14
1
1
2
20
1
34
1
4
3
5
1
3
46
4
2
3
1
7
1
1
1
3
1
1
1
2
4
1
1
1
82
2
3
1
1
1
2
1
1
50
81
1
1
2
1
1
1
226
2
2
10
45
51
25
58
63
592
23
5
1
1
3
8
1
3
7
1
129
3
1
5
35
2
1
8
60
1
1
7
10
46
5
39
103
1
2
18
5
12
3
8
1
1
1
3
4
3
7
1
1
2
1
1
4
2
4
5
1
2
12
7
4
1
8
4
65
4
3
1
1
127
1
275
1
2
1
1322
1
1
2
25
28
5
1
2
1
1
1
1
2
7
52
2
2
2
3
1
1
1
2
1
1
2
245
1
20
2
13
7
9
1
1
31
8
1
13
4
2
1
133
3
1
2
22
1
1
4
1
5
5
1
1
6
237
130
11
1
299
437
48
1
1
1
1
4
2
9
1
1
5
3
22
7
11
5
4
47
1
1
4
5
3
3
1
6
125
2
10
1
59
1
4
1
1
24
12
2
3
5
21
1
160
1
1
3
1
12
18
2
1
1
2
1
138
93
34
6
48
4
42
33
5
33
1
6
24
10
4
20
44
26
1
4
1
3
22
36
168
24
1
1
1
1
13
3
1
7
1
1
1
2
2
223
1
1
2
8
2
9
3
1
1
2
2
1
1
46
3
6
2
1
1
3
19
1
18
535
1
1
1
575
1
3
1
4
3
13
1
1
1
1
1
1
41
67
1
1
26
14
13
1
1
2
4
10
5
2
1
3
1
1
2
2
6
1
46
41
11
6
1
13
1
1
5
32
1
1
97
1
5
2
1
4
1
1
6
1
15
1
1
1
16
1
1
3
1
36
21
1
1
1
1
1
18
1
1
1
1
3
11
3
81
1
4
3
1
1
1
1
231
1
1
1
1
1
1
28
2
46
43
1
2
1
1
2
1
1
1
1
1
1
1
3
15
98
2
1
2
1
1
1
9
18
5
1
6
2
2
8
1
1
1
2
1
2
15
3
1
1
34
6
44
4
2
1
1
1
3
1
25
4
1
3
27
13
40
3
3
1
77
99
1
6
4
1
12
1
1
5
2
22
3
1
47
2
5
1
1
1
1
1
2
6
13
2
1
282
4
32
541
2
2
4
20
52
1
7
1
1
1
1
7
11
383
2
11
2
49
3
2
2
2
207
1
98
2
2
1
42
1
1
1
1
3
4
1
1
1
1
144
7
7
4
1
1
4
204
42
91
2
63
3
2
2
49
2
2
6
1
1
5
3
92
9
310
6
1
85
1
4
1
1
1
1
1
88
1
1
1
1
33
1
1
1
16
2
237
6
1
1
1
67
6
3
248
99
7
26
3
1
3
6
1
2
24
3
3
9
8
2
1
1
1
7
1
1
1
2
1
1
1
1
19
2
1
4
4
5
5
11
13
17
10
5
1
88
1
1
1
4
8
3
2
9
11
1
5
1
6
447
1
20
351
2
1
1
1
4
1
1
4
1
1
1
1
1
1
1
1
1
1
1
2
405
2
1
5
1
1
7
2
17
13
2
43
2
1
1
6
1
2
1
1
1
1
1
1
21
18
1
4
76
1
1
1
7
48
39
18
11
1
249
52
1
14
1
1
99
35
5
1
210
18
2
1
32
2
10
11
9
4
10
14
3
1
2
1
8
3
1
1
1
2
25
1
124
10
2
1
1
245
16
2
6
37
1
1
3
25
1
2
1
43
67
1
8
79
1
1
1
4
1
2
1
3
20
41
94
9
1
2
1
2
138
5
1
1
3
1
1
7
1
2
1
1
2
2
1
28
211
1
1
348
1
1
10
2
2
41
11
2
1
1
3
2
2
1
1
3
72
1
1
1
1
8
4
35
3
2
1
1
2
1
225
6
10
2
1
3
1
2
1
1
1
1
42
1
1
1
1
1
4
40
3
1
38
84
4
15
6
866
3
2
2
23
631
2
29
115
1
106
2
93
91
33
2
25
5
43
1
358
1
3
5
3
1
190
1
4
1
23
13
13
1
1
1
12
2
3
5
1
3
11
29
4
620
3
7
24
1
9
4
36
9
1326
2
33
52
1
1
5
17
14
68
8
174
1
13
1
1
101
1
2
36
3
1
3
1
1
9
2
10
13
129
1
1
7
47
2
2
1
1
553
1
9
4
22
1
4
1
1
1
1
1
2
1
1
1
20
1
4
241
1
2
1
1
1
1
1
6
673
8
5
6
27
8
2
37
1
9
24
8
133
1
1
4
2
34
1
1
5
8
30
122
1
1
11
1
1
1
1
3
4
3
1
1
1
1
3
1176
1
1
1
1
623
1
1
1
1
83
5
2
12
1
1
2
1
1
1
2
4
28
1
5
2
7
1
1
2
1
2
2
1
1
1
180
1
1
2
2
1
24
1
1
23
44
1
88
1
19
1
3
4
2
55
1
2
1
1
1
1
1
1
1
1
1
1
1
1
1
11
1
1
1
29
1
1
1
1
1
1
1
1
1
1
1
1
2
1
1
1
1
3
1
1
1
1
3
2
185
27
2
2
5
1
2
1
2
1
1
1
4
1
1
13
1
12
4
1
1
1
1
2
2
173
1
36
422
1
1
1
508
1
2
1
3
8
1
1
7
1
1
1
2
1
2
1
2
93
115
26
1
5
1
5
1
3
192
1
6
1
48
2
4
1
1
1
1
2
2
6
1
59
1
2
43
1
1
502
4
6
1
1
1
2
9
65
1
77
2
3
1
1
1
1
12
1
1
1
2
3
72
8
1
2
3
1
1
1
1
1
1
1
1
3
2
5
40
312
4
131
3
4
1
1
1
197
1
3
1
3
1
1
1
1
4
1
4
1
2
1
3
1
2
7
1
1
1
1
1
1
1
3
1
1
1
1
2
1
1
1
1
4
1
1
1
1
1
1
1
3
1
1
1
1
2
1
3
2
8
1
1
31
2
1
2
2
1
1
1
1
1
3
7
2
54
1
7
1
3
2
14
1
3
13
1
4
8
9
1
1
3
61
1
28
10
4
1
1
20
3
1
14
21
2
10
58
1
1
1
1
1
18
3
1
10
11
1
1
1
2
1
1
257
1
1
467
7
1
2
1
81
1
2
1
1
1
167
188
2
1
9
3
2
6
2
28
27
46
1
172
1
1
1
3
1
4
1
1
295
55
2
11
713
14
42
61
3
12
5
8
2
9
17
21
4
17
1
91
1
89
13
3
5
2
1
4
13
415
2
3
4
57
175
22
1
1
3
2
1
2
27
2
4
24
4
18
8
7
3
4
1
6
1
1
3
59
3
5
3
1
7
4
129
1
7
1
2
1
14
127
12
1
2
10
4
1
1
4
1
4
4
1
1
2
5
3
1
2
2
7
18
1
1
12
2
2
2
1
1
1
3
1
1
2
1
4
21
5
1
1
27
1
1
16
1
6
6
112
18
11
12
1
51
2
10
20
6
39
1
6
99
1
22
44
5
19
5
1
5
3
61
99
13
11
5
4
1
2
1
17
2
4
6
1
1
5
1
1
1
3
1
105
2
216
2
8
18
20
219
2
34
1
1
1
6
20
66
1
2
1
1
43
5
6
49
4
366
37
12
3
26
2
1
1
9
3
3
1
1
3
2
12
1
11
1
118
41
1
1
1
6
646
1
1
3
1
1
4
1
18
1
172
3
20
1
8
2
2
1
4
5
3
1
1
5
94
7
5
3
2
34
18
9
8
52
165
1
2
2
2
10
1
12
5
27
38
6
3
42
1
179
1
7
8
3
141
1
3
2
1
16
2
61
1
735
4
7
6
11
1
171
2
28
13
10
53
6
18
2
2
340
1
16
1
3
1
1
1
19
1
2
1
1
1
3
4
3
4
2
1
9
1
13
1
1
1
3
21
2
339
48
17
1
1
2
1
9
23
10
99
1
6
5
1
1
4
1
10
1
1
2
30
1
5
2
8
5
1
1
1
8
1
16
1
1
8
1
6
4
1
19
4
4
3
2
11
6
1
15
7
2
1
1
1
1
1
1
1
1
1
1
4
1
53
5
1
6
1
4
1
2
1
1
2
13
3
1
8
171
1
2
3
47
1
23
1
1
19
28
72
1
1
1
2
4
2
127
1
5
2
4
1
1
1
2
1
20
1
3
314
662
3
1
109
45
3
1
2
3
1
2
3
1
1
16
85
28
4
8
52
1
25
4
1
8
7
1
6
4
9
2
16
1
21
4
9
2
6
2
4
3
208
4
71
3
8
1
5
31
2
16
2
1
1
7
4
16
1
1
2
6
7
30
92
9
4
8
19
1
14
8
75
2
3
1
12
9
31
4
3
8
6
1
64
1
14
7
2
130
2
25
1
96
1
3
7
2
1
2
1
4
2
1
26
8
298
1
3
1
1
7
1
5
5
1
1
26
1
4
1
4
1
1
1
5
1
1
5
18
26
52
11
20
1
1
2
10
3
190
5
1
1
3
1
1
88
3
4
5
1
1
2
2
3
1
1
2
119
2
11
1
1
1
5
1
1
19
1
2
1
2
3
1
5
377
20
1
2
1
1
1
4
1
5
3
2
2
5
31
2
1
3
1
7
249
5
29
7
1
1
3
3
5
2
1
98
1
1
1
1
29
1
21
4
1
1
100
4
18
11
58
3
1
10
766
1
1
1
1
73
12
32
1
63
2
16
9
3
1
2
2
1
23
2
1
2
1
1
1
1
1
2
27
52
1
1
1
1
2
2
2
7
46
35
1
5
1
2
14
1
4
160
1
1
6
6
36
19
2
1
85
1
2
58
1
1
162
1
3
8
2
2
3
4
16
56
4
1
1
2
17
10
1
2
2
1
1
1
1
8
7
1
1
3
2
1
59
19
49
11
3
1
1
1
8
4
2
8
421
4
1
13
26
2
25
4
16
1
1
648
17
1
2
27
4
2
2
2
18
2
14
35
3
1
1018
4
9
1
15
1
1
1
147
1
3
2
3
7
1
1
1
1
1
1
1
2
1
2
1
6
2
1
24
1
1
553
1
3
1
9
1
243
6
19
1
138
51
8
4
1
200
1
1
909
20
1
3
56
2
1
1
140
67
608
1
1
1
8
1
1
1
1
1
200
18
2
1
1
1
1
10
3
1
3
1
15
43
1
1
1
1
1
1
2
3
11
28
585
11
2
7
1
2
1
1
1
6
7
1
1
1
1
5
1
1
1
6
1
4
6
5
15
1
4
3
1
2
1
3
1
2
1
1
1
1
5
1
1
1
1
1
1
1
3
3
5
1
14
3
3
50
3
1
1
1
2
2
1
2
1
2
1
1
2
1
2
2
1
3
1
1
2
1
1
2
1
1
8
2
1
2
2
1
2
1
1
6
3
1
1
1
4
1
1
2
3
1
29
24
29
25
33
8
6
2
1
2
2
1
1
1
1
1
1
1
1
1
2
1
3
1
1
1
3
1
3
1
1
1
1
5
1
1
2
1
3
1
1
1
22
1
1
1
1
8
1
4
1
176
2
97
1
4
15
212
3
20
2
6
3
17
1
1
1
1
1
1
1
1
1
11
1
4
1
1
6
1
1
1
1
1
2
1
2
1
1
42
506
1
1
4
62
28
1
4
1
1
1
1
1
3
1
1
5
23
3
10
3
1
1
23
7
1
1
2
2
1
2
1
12
2
1
1
4
12
234
2
9
2
1
4
2
1
1
1
7
1
1
1
35
1
1
1
1
3
7
2
33
22
1
135
1
1
3
207
1
9
9
11
1
17
1
1
1
1
5
5
409
1
172
1
6
5
22
6
7
1
1
8
1
1
1
16
4
1
1
2
1
2
28
1
5
10
87
3
1
1
14
35
63
26
53
12
27
1
6
185
8
67
1
1
2
1
3
1
1
1
1
1
1
91
1
1
1
1
13
17
5
1
1
1
1
1
2
1
3
1
1
1
1
2
1
5
16
28
15
1
2
2
2
3
49
6
13
3
10
1
1
2
2
3
1
1
1
1
1
1
8
4
14
1
545
1
2
12
2
1
6
42
2
1
66
32
7
1
1
2
1
1
1
1
12
1
3
1
92
1
1
18
1
4
1
2
125
1
1
2
1
1
2
1
1
1
9
2
1
4
1
5
16
2
1
150
1
38
3
1
1
3
15
4
2
5
1
7
1
3
2
30
2
1
4
43
4
1
10
262
250
5
33
4
1
17
138
1
1
11
342
2
13
1
1
1
1
13
51
1
1
1
1
148
1
1
1
27
12
41
1
24
14
38
3
1
4
2
1
1
1
1
3
18
1
68
1
6
1
1
25
1
130
1
2
1
1
1
32
3
3
1
1
1
1
2
1
1
3
2
533
1
34
1
25
1
2
1
2
775
1
40
2
5
102
196
14
2
2
154
5
26
13
14
33
9
8
16
7
7
12
129
1
1
2
4
6
136
1
12
5
6
3
132
4
1
11
1
2
2
1
1
3
1
1
1
1
1
1
7
3
1
64
1
9
7
26
23
38
1
3
1
17
1
1
1
36
1
1
15
3
32
15
21
12
1
7
7
1
1
45
9
8
1
3
1
69
1
1
2
9
1
1
31
25
1
56
1
1
1
4
6
13
1
1
1
2
1
2
18
2
2
2
2
1
4
1
26
2
48
2
185
89
33
8
147
14
2
4
7
1
47
13
1
54
1
1
25
8
4
4
2
12
1
3
2
1
29
52
10
93
174
1
1
60
2
305
2
3
2
6
1
1
99
1
88
1
1
24
1
1
4
555
1
5
2
13
1
34
10
27
35
1
17
1
2
1
1
5
38
3
6
92
1
24
1
10
1
2
5
15
315
26
1
24
13
1
2
60
3
8
20
36
4
14
25
30
5
1
2
37
72
3
1
3
1
12
1
1
1
12
11
48
20
243
2
5
166
20
1
3
1
2
1
3
4
9
115
181
1
1
6
113
8
7
16
2
1
25
2
94
5
5
1
2
1
4
2
8
16
44
22
8
57
3
9
1
276
5
1
2
1
1
1
1
2
3
1
1
1
1
1
1
1
1
3
119
1
40
30
2
1
1
1
1
2
7
1
1
62
1
2
1
2
1
49
1
2
2
2
1
13
1
1
1
4
2
1
2
1
1
1
1
1
96
3
1
1
1275
1
1
1
1
1
1
448
1
1
1
1
2
25
1
23
7
2
4
3
2
2
36
4
13
1
2
13
2
7
1
13
6
7
106
1
4
5
7
1
6
1
1
1
5
26
2
803
2
1
1
10
60
1
25
1
2
1
35
1
1
1
1
1
1
1
1
2
1
3
4
1
6
1
1
1
1
1
3
1
263
1
1
1
1
2
1
5
53
3
2
13
1
1
1
1
1
133
1
2
1
1
1
200
9
2
2
1
1
1
42
1
1
1
1
1
1
4
1
1
1
1
1
2
1
1
4
3
3
1
1
2
1
1
1
1
1
3
1
1
7
2
2
1
2
4
1
1
1
1
1
1
1
1
2
1
1
1
1
1
1
1
1
14
5
3
83
1
1
1
1
34
1
5
2
1
1
2
2
1
2
3
1
1
1
5
1
5
70
35
1
4
1
1
9
1
1
1
20
16
6
2
27
35
7
2
6
13
2
1
1
45
1
5
1
2
1
8
1
1
2
1
1
6
634
1
2
2
4
222
1
112
1
11
10
3
15
1
9
6
3
151
37
5
10
9
11
1
4
2
8
245
6
1
20
1
1
35
4
2
1
3
1
8
4
11
1
2
1
1
13
1
9
10
52
9
1
1
5
4
1
1
1
1
2
1
1
1
1
1
2
1
1
1
2
1
2
2
268
1342
1
126
3
231
1
1
1
1
1
68
1
5
1
1
2
1
1
1
1
6
1
1
1
1
10
1
2
2
3
1
1
13
2
1
5
341
1
1
1
3
1
3
1
1
63
1
1
1
1
7
16
1
1
140
1
1
14
1
1
21
283
2
1
1
1
25
1
2
1
6
2
84
1
1
4
2
1
1
1
4
1
51
1
2
1
1
1
1
561
2
1
6
1
1
1
1
15
1
18
1
40
4
1
6
1
1
1
2
1
7
1
6
1
3
65
1
1
1
1
1
1
1
1
1
1
1
1
1
3
177
1
1
2
1
7
2
20
1
3
1
6
6
1
1
1
1
1
39
1
1
1
1
1
4
3
1
1
2
1
1
1
1
61
1
1
91
1
2
3
3
1
33
46
52
1
1
1
1
3
1
1
5
5
3
1
1
1
2
1
1
1
2
8
4
1
14
1
1
2
2
1
1
1
1
2
1
3
1
4
2
1
1
2
1
3
50
10
1
1
1
514
6
1
1279
34
1
7
6
19
6
9
2
6
5
1
11
1
4
1
1
1
1
1
7
1
1
12
1
6
1
1
1
1
1
90
3
1
1
10
1
1
1
2
11
1
1
1
1
1
1
1
1
7
12
4
3
1
1
9
3
2
25
20
1
3
39
1
1316
4
1
9
1
2
1
1
2
1
3
1
1
1
9
1
1
155
9
1
37
1
13
6
3
1
143
2
1
2
1
1
1
5
37
2
308
33
1
567
23
1
1
12
27
1
2
28
1
28
7
1
3
1
1
4
1
87
1
1
1
1
1
1
14
1
2
1
1
205
1
4
1
3
1
2
1
1
1
1
1
26
3
7
1
1
3
1
1
66
19
1
1
1
1
1
1
1
1
2
2
4
1
4
1
6
1
3
1
1
5
1
5
3
1
1
2
2
1
2
5
104
48
527
41
26
338
2
17
62
3
1
18
54
2
1
1
2
3
1
2
1
1
7
1
1
1
1
15
2
3
5
19
1
1
27
17
1
6
1
21
6
1
2
1
1
1
153
131
62
58
7
4
35
1
9
127
128
19
1
20
531
2
45
1
1
6
5
2
33
6
7
1
5
100
1
28
1
15
4
1
2
1
1
1
6
14
1
7
205
5
3
5
519
61
15
314
46
2
23
5
3
113
19
18
80
4
18
73
13
37
26
2
8
1
3
80
1
110
59
180
8
43
341
45
4
149
1
112
147
8
1
7
6
1
168
4
1
25
6
5
2
1
1
1
15
1
16
7
1
1
1
1
15
1
1
5
1
1
1
2
1
1
4
1
1
1
1
2
3
1
1
5
31
2
1
2
1
1
1
12
1
271
13
1
1
1
37
1
1
27
9
9
1
1
1
11
5
10
3
1
1
1
1
1
31
13
1
48
2
2
1
1
1
4
7
3
5
9
13
11
88
1
1
1
3
1
1
1
1
2
2
2
1
1
1
1
104
1
2
8
1
3
3
1
7
16
5
1
1
1
1
15
32
2
1
3
1
1
1
1
1
2
1
1
1
1
1
1
1
1
1
1
2
2
1
1
1
1
52
3
1
208
1
1
1
61
1
1
1
1
1
3
4
1
1
1
3
6
3
1
3
27
2
1
1
6
1
3
31
93
1
1
1
1
1
1
1
1
1
2
2
245
4
9
2
7
3
1
1
1
6
6
5
1
2
1
1
172
2
1
1
1
1
1
2
1
3
2
16
1
1
1
1
12
156
1
1
29
3
1
4
3
1
6
4
2
146
1
2
1
218
1
1
3
1
1
2
1
1
1
1
5
3
1
20
6
4
3
1
1
21
1
1
1
1
4
1
1
21
73
1
1
1
1
2
1
1
1
6
1
1
1
1
3
1
2
1
16
56
1
2
1
1
1
23
1
1
1
77
1
140
1
1
1
72
1
1
1
64
1
1
1
1
1
1
1
1
1
1
1
1
1
282
1
1
2
1
1
2
1
1
1
1
1
1
1
1
2
1
1
2
1
1
1
1
1
1
60
2
1
2
1
1
1
1
1
1
1
2
6
1
1
2
1
1
6
5
19
5
8
3
1
1
1
1
1
1
2
1
1
1
1
43
1
1
66
1
1
1
10
1
1
1
1
1
1
1
1
2
1
2
1
1
7
206
1
1
1
1
2
18
2
2
11
1
1
1
39
1
1
3
1
1
5
6
1
1
1
3
5
4
1
2
1
3
1
3
3
8
1
1
67
48
1
3
1
1
351
38
2
1
2
8
12
1
1
4
6
1
1
2
1
2
1
1
3
1
2
1
1
1
2
6
4
1
1
1
2
8
32
88
7
1
1
2
2
4
9
7
2
20
1
20
32
1
1
3
177
1
217
3
1
198
1
2
1
3
1
1
1
22
1
1
1
1
1
1
62
1
1
1
1
1
1
3
2
29
1
1
1
4
35
1
2
1
5
5
2
3
2
1
1
1
4
16
2
1
231
8
1
1
3
1
1
1
1
2
1
2
117
4
184
69
35
36
28
1
13
1
1
1
1
1
12
115
1
1
1
1
1
1
26
1
1
3
9
1
1
3
12
4
2
7
1
1
1
2
2
1
1
1
50
1
1
146
1
1
50
1
1
1
2
1
1
1
2
1
6
3
1
1
1
5
1
1
89
41
1
1
1
1
1
3
1
1
1
1
2
1
2
8
1
1
50
4
1
1
2
1
1
1
3
1
1
1
1
1
1
1
2
1
1
3
1
1
1
1
2
3
1
2
1
2
1
95
1
1
1
1
1
3
1
1
1
1
1
1
27
1
1
1
1
29
408
1
3
4
1
12
1
1
1
13
6
3
7
6
2
1
6
2
1
2
2
1
10
1
2
73
1
9
85
2
1
50
1
1
1
2
1
3
1
2
1
47
1
3
16
1
60
1
5
1
6
14
1
1
6
370
3
3
4
1
2
1
1
4
5
4
1
1
1
1
1
10
5
12
13
1
8
6
31
6
1
1
5
1
17
15
89
1
2
4
5
1
1
67
1
2
3
2
2
1
33
1
1
1
1
1
53
1
1
1
4
1
1
13
1
1
2
11
1
2
1
1
3
1
3
1
1
1
1
1
11
15
3
1
261
7
8
1
1
9
1
3
15
12
1
4
1
1
17
3
4
4
1
2
1
5
4
15
43
1
1
3
1
316
1
87
1
2
41
4
4
1
1
1
1
6
2
8
2
1
77
3
4
4
15
1
1
2
1
2
36
25
2
5
5
1
2
1
5
1
124
24
2
3
2
2
48
88
94
1
5
2
1
2
2
5
1
1
5
35
3
1
1
1
1
1
3
59
1
244
1
3
1
128
2
9
1
11
33
6
1
3
1
1
2
2
1
2
2
2
12
17
16
94
1
153
38
1
1
1
1
1
1
1
1
3
1
1
3
1
15
2
1
1
3
309
43
2
2
1
68
2
1
5
1
1
