1
1
1
1
1
1
1
1
1
1
1
1
212
3
73
31
2
9
1
9
29
577
3
6
144
9
5
5
1
2
477
65
16
64
5
93
1
1
3
29
1
5
6
1
6
3
73
1
1
1
17
13
1
10
1
1
1
1
1
1
1
2
2
1
1
3
2
1
1
1
13
5
2
1
1
1
14
1
1
1
1
2
1
1
2
1
2
1
6
1
2
5
4
28
1
3
8
25
14
10
1
11
28
4
1
33
3
1
3
25
1
1
1
3
1
58
25
1
3
1
6
1
1
2
3
48
19
2
1
1
47
1
1
5
5
1
2
1
1
9
1
1
80
1
76
12
17
1
3
1
5
1
1
8
1
2
1
3
37
8
6
5
1
18
1
1
21
170
4
59
1
1
29
4
133
2
7
1
2
3
1
2
2
1
1
3
1
6
1
3
1
36
1
1
5
1
4
3
1
23
1
6
2
49
1
17
9
3
1
2
3
1
1
1
1
1
1
2
2
1
1
1
1
1
1
1
67
1
3
2
37
1
1
35
1
1
4
1
2
5
1
9
32
1
2
1
1
1
1
1
1
1
152
1
1
1
1
1
2
3
1
1
1
2
3
1
1
4
1
2
1
9
1
1
1
1
2
4
33
34
72
36
2
1
1
1
1
1
1
1
2
1
2
1
1
2
7
1
2
1
1
1
1
2
1
3
147
1
1
1
1
1
1
1
1
1
1
1
1
2
1
1
1
2
1
1
3
1
1
1
1
1
1
1
1
1
1
1
1
1
1
1
1
1
4
1
1
1
3
1
2
10
1
1
2
1
4
1
1
1
1
1
4
1
2
1
1
1
3
1
15
1
1
1
2
11
1
17
1
4
27
4
1
1
2
11
5
76
1
2
6
1
1
18
8
1
3
84
8
1
1
3
1
1
5
2
1
31
4
2
1
1
13
3
1
1
12
3
1
4
1
1
32
1
1
8
4
48
1
5
15
1
1
1
1
1
1
2
9
1
1
1
1
1
1
1
2
1
1
3
1
15
1
7
4
4
1
1
2
7
1
1
1
1
4
1
138
1
1
4
1
1
1
1
1
1
1
1
1
1
3
1
1
2
1
1
5
1
2
4
1
2
22
3
19
1
1
1
23
1
7
4
4
1
1
1
2
3
6
1
1
1
4
8
5
2
1
3
3
2
1
3
5
1
1
2
21
2
1
2
1
1
2
26
2
4
1
2
9
2
1
2
1
7
5
5
1
1
3
2
1
1
1
1
1
272
1
4
1
3
1
1
1
6
2
1
26
1
1
1
1
1
1
1
1
2
1
5
1
3
2
1
1
1
48
1
3
1
1
1
1
2
1
1
1
40
1
1
1
1
1
4
1
1
1
1
5
2
3
1
1
6
1
1
1
3
10
12
1
2
1
10
12
47
25
2
1
5
59
1
1
80
8
1
3
9
1
1
1
1
3
1
7
6
1
2
1
1
72
1
1
1
1
1
1
1
3
2
255
8
21
5
1
1
2
1
1
1
1
1
1
1
1
1
2
1
1
1
1
1
10
3
2
1
3
1
1
2
1
2
1
1
2
24
1
1
1
1
1
13
1
1
2
50
1
1
2
1
2
1
1
1
3
1
2
3
5
14
44
1
244
1
58
5
46
42
1
7
4
2
78
23
21
344
27
6
65
1
1
29
33
627
45
43
2
2
1
13
3
85
2
27
2
254
1
2
1
6
1
1
1
1
11
2
1
1
5
171
1
37
20
2
5
46
1
1
2
1
1
1
3
1
65
1
1
1
4
1
1
2
2
1
86
1
4
1
9
1
5
1
3
1
1
1
1
1
1
4
1
1
2
1
2
1
1
1
4
1
1
1
1
94
3
1
5
1
2
1
1
1
5
1
1
1
1
3
1
1
1
1
4
3
1
1
1
2
1
1
1
1
2
1
8
2
2
15
1
2
1
1
3
145
6
2
17
1
15
812
60
4
1
135
47
16
28
1
1
2
1
1
1
2
1
4
7
3
1
12
14
11
2
1
117
1
2
1
2
1
3
3
3
3
1
5
1
1
77
1
1
2
1
1
1
4
1
1
3
12
14
2
1
1
1
1
34
1
1
1
1
1
1
4
1
4
1
9
2
1
1
8
2
2
1
18
1
2
1
14
1
2
3
2
1
12
1
2
1
1
1
1
1
3
1
15
1
1
1
3
2
1
1
1
2
1
1
1
1
1
1
1
3
1
1
2
1
1
1
1
1
1
2
1
1
1
1
1
1
1
1
4
1
1
1
1
2
1
1
1
1
1
1
1
1
2
1
1
1
1
1
2
2
1
1
4
7
1
2
1
3
9
1
1
1
1
2
2
3
2
2
2
3
1
2
2
1
2
1
1
2
1
1
1
1
2
1
7
1
1
91
1
3
1
1
1
2
1
1
1
28
1
1
42
3
1
1
22
1
1
1
1
1
1
1
4
1
2
6
3
1
60
1
29
2
55
4
1
10
4
5
2
2
1
1
2
1
1
4
1
6
1
1
8
4
1
1
1
1
3
2
1
1
1
6
25
6
1
1
28
2
2
1
3
26
86
456
121
5
1
1
1
1
1
1
1
1
5
1
3
1
1
2
1
5
1
6
1
2
1
1
20
3
7
29
1
4
1
25
140
1
1
8
3
1
11
6
1
2
11
1
1
14
41
4
1
1
1
4
1
124
8
8
1
5
3
5
8
3
1
1
1
2
5
1
1
1
4
12
2
4
1
1
1
5
1
166
1
1
1
2
4
13
11
1
10
9
17
7
2
6
5
1
3
2
1
1
1
1
1
8
1
8
132
1
2
23
13
3
1
2
1
3
1
6
4
7
1
1
1
37
1
1
2
1
2
8
5
11
1
2
12
2
4
2
1
13
2
5
3
2
4
4
4
1
3
1
3
9
1
1
9
1
31
1
1
2
2
5
2
1
3
6
4
11
1
9
8
3
35
138
8
26
1
3
24
3
1
1
1
1
4
1
1
1
1
1
1
1
1
7
1
1
5
25
9
5
155
73
1
1
1
5
1
11
1
1
1
1
1
1
1
1
2
5
1
1
1
1
4
24
11
2
1
1
1
4
1
1
1
3
1
2
13
1
5
6
2
4
3
26
4
2
1
1
1
1
1
2
1
1
1
1
2
2
1
1
1
1
4
1
6
1
1
1
1
1
1
2
1
1
1
1
1
1
1
4
1
1
1
2
1
5
1
1
7
1
1
1
1
1
1
1
1
4
1
1
3
2
1
1
1
1
2
2
1
6
1
1
2
1
1
1
2
4
3
2
1
1
1
1
9
1
1
1
1
1
1
2
2
1
4
2
2
14
1
1
2
1
1
2
1
1
2
1
1
1
1
1
1
7
5
1
2
5
1
8
7
1
1
1
1
1
2
2
1
2
1
5
2
10
7
1
2
1
1
1
4
1
16
14
3
9
1
1
61
3
1
3
1
1
1
1
3
1
11
2
2
1
1
1
42
7
3
5
1
2
1
1
1
4
3
3
26
1
1
1
1
5
2
2
1
131
1
3
1
1
2
1
3
1
1
1
1
1
1
3
1
1
5
1
1
1
1
1
1
1
1
1
1
1
2
1
1
1
25
3
1
2
1
1
3
1
1
1
1
1
1
2
1
2
2
23
1
4
2
3
3
3
1
1
1
2
38
2
8
1
54
1
2
3
19
3
1
2
1
1
2
2
1
3
3
13
66
52
10
2
2
24
1
6
1
10
1
1
3
2
1
1
28
9
1
1
1
105
1
1
473
11
5
2
1
1
1
1
1
4
2
3
2
81
1
1
1
1
1
1
10
2
1
1
4
1
1
1
1
1
14
1
1
2
1
2
5
1
1
1
1
1
3
2
3
1
1
1
1
1
1
4
1
1
1
4
1
1
1
1
1
1
1
1
2
3
201
1
1
32
7
6
1
4
1
1
3
1
2
1
3
1
1
1
1
1
1
2
1
2
1
1
1
1
4
1
1
1
1
2
2
1
1
1
1
1
1
1
1
1
3
5
2
1
4
1
1
1
1
2
1
1
1
2
3
8
1
1
2
1
1
3
1
2
1
6
1
8
2
3
1
2
1
1
1
1
1
1
47
1
1
1
1
1
1
1
1
3
4
3
1
4
3
4
1
1
2
89
1
2
2
361
2
2
1
26
1
1
9
3
3
1
1
8
467
1
1
1
1
6
3
2
1
2
2
1
1
1
3
1
2
12
1
1
1
2
1
1
1
1
1
1
3
1
3
6
1
3
1
2
2
3
1
2
1
1
1
2
1
2
1
1
1
2
1
8
8
1
1
2
10
1
1
1
1
9
1
1
5
1
4
1
1
6
1
2
2
2
2
1
3
1
1
1
3
1
1
18
2
2
1
2
1
2
3
2
2
1
3
2
1
2
6
1
2
3
4
1
2
29
57
535
28
113
32
8
2
20
6
6
1
27
4
7
1
9
39
4
1
1
1
3
1
3
1
2
5
1
1
2
3
3
1
1
2
1
4
8
2
4
3
1
1
2
1
1
1
10
6
3
1
2
1
5
1
3
2
4
1
19
4
1
8
2
1
1
3
1
1
1
1
2
3
1
2
1
1
1
2
2
1
1
5
12
1
1
12
2
41
4
1
1
1
1
1
1
1
1
1
1
1
2
5
1
2
1
1
16
66
1
2
2
4
1
3
1
1
1
4
1
2
4
2
2
1
2
2
3
1
1
1
1
1
1
1
3
1
1
1
1
2
4
2
1
1
3
1
1
1
1
1
1
2
22
1
2
4
1
1
2
2
1
13
1
1
1
2
1
1
2
2
3
1
2
1
8
1
2
2
2
1
2
1
1
1
2
1
1
1
3
1
2
3
6
2
1
1
4
1
1
6
2
1
1
18
2
1
1
1
5
1
1
1
1
1
1
1
2
2
4
2
7
1
2
1
2
5
1
1
1
5
2
1
3
8
3
3
1
1
1
3
1
1
1
1
1
1
1
1
3
1
2
1
1
1
2
1
1
1
1
60
3
1
1
1
2
1
5
87
7
1
1
2
3
2
2
1
1
2
1
1
3
1
1
57
3
1
1
1
10
1
1
1
1
1
1
1
1
1
1
2
1
1
1
1
1
2
1
1
1
25
18
10
1
8
1
2
3
1
2
14
1
5
1
1
1
31
102
97
8
4
18
48
1
19
131
2
2
455
1
5
1
1
1
1
2
7
1
1
1
1
1
2
1
4
1
2
1
2
1
1
2
1
1
8
1
3
1
6
4
28
20
3
1
5
2
14
1
1
10
1
1
1
11
9
3
2
3
1
1
12
1
1
1
3
1
5
1
1
1
2
1
5
1
24
2
4
1
1
1
12
18
2
1
1
1
2
1
1
2
16
1
1
1
1
1
1
1
1
1
1
4
1
1
1
2
12
1
1
1
1
4
2
13
1
8
1
2
1
1
1
1
21
6
1
1
1
10
6
170
67
632
258
2
1
1
2
1
1
1
14
1
1
3
1
1
1
1
3
1
1
2
1
1
2
5
70
124
1
2
1
1
1
1
1
10
1
1
1
1
1
1
1
1
1
3
1
3
1
1
8
1
2
4
18
2
1
2
1
1
10
1
3
66
1
2
1
4
1
3
4
1
1
9
1
1
3
2
20
1
1
1
2
1
1
1
2
2
1
2
1
2
1
1
1
8
2
2
1
1
1
24
1
1
1
2
2
1
1
1
1
1
1
1
2
1
1
1
3
2
3
1
1
1
2
1
1
7
2
3
3
2
1
1
1
1
1
2
1
8
5
1
3
9
1
1
3
1
10
1
16
1
1
1
1
4
1
1
1
2
2
1
1
1
508
6
4
1
2
1
2
4
1
3
2
1
1
11
2
154
1
1
1
1
2
1
2
1
1
1
3
4
3
1
4
1
1
1
2
1
1
1
1
2
1
2
1
4
1
2
1
1
2
1
4
2
1
2
2
1
3
2
2
1
3
3
1
1
3
1
1
1
1
1
4
1
1
2
1
37
152
171
146
17
1
2
2
1
1
1
2
1
1
6
16
2
1
1
1
1
3
1
1
1
3
2
3
16
1
5
1
897
57
1
4
18
1
2
16
8
5
4
1
1
1
1
1
1
2
13
15
2
4
2
3
2
2
6
18
1
2
1
1
2
1
21
1
3
1
2
1
1
2
1
37
2
21
1
7
38
1
1
16
1
3
1
2
2
1
11
1
2
5
2
32
4
1
9
11
10
1
4
2
5
13
31
14
6
97
2
21
4
2
4
21
18
29
3
1
1
8
2
5
1
4
1
10
3
2
2
1
2
3
46
11
2
5
1
1
7
2
1
1
2
3
13
10
1
15
7
1
2
5
19
4
1
10
1
4
1
1
2
1
5
15
1
1
3
1
3
1
1
51
1
386
25
2
2
21
2
20
3
2
1
3
1
6
1
1
1
2
1
1
1
1
3
1
1
1
2
1
1
1
1
1
2
1
1
4
3
1
1
1
4
1
1
12
5
1
1
1
1
1
2
2
3
3
1
1
2
2
2
1
4
1
5
6
2
1
720
1
1
2
38
1
1
1
1
1
1
2
1
1
1
1
1
1
3
1
1
3
29
2
1
2
1
1
1
18
23
1
12
1
2
1
3
1
1
1
1
72
1
2
6
1
1
5
1
1
1
2
1
4
1
1
1
1
1
2
5
15
1
7
9
2
4
4
5
3
1
2
1
1
2
1
1
1
2
1
1
1
1
1
1
2
3
2
1
1
1
1
2
7
1
9
4
44
1
1
1
1
1
16
9
2
1
2
2
3
1
3
1
1
1
5
3
1
3
2
1
1
1
1
24
1
1
1
1
1
1
1
6
2
1
1
1
1
1
3
2
1
1
4
2
1
3
3
2
16
1
1
19
9
2
1
1
1
1
5
1
1
4
1
3
4
1
3
1
1
1
1
2
1
4
1
3
3
1
3
4
1
1
1
3
1
2
1
1
1
1
1
1
1
1
46
1
3
4
6
159
4
56
3
39
5
1
1
7
135
20
184
1
1
1
65
150
168
4
16
1
1
1
261
2
20
1
2
1
2
1
1
1
1
2
1
1
4
1
1
5
1
1
2
1
1
1
4
1
4
1
1
8
4
27
4
1
1
1
1
2
1
2
3
1
1
3
1
1
10
14
4
111
9
2
31
44
1
8
1
3
1
2
27
1
21
223
27
4
26
20
25
70
1
8
5
42
1
4
1
1
3
4
22
9
2
26
1
3
13
28
1
6
698
40
3
1
10
3
2
5
5
22
3
130
9
28
137
15
1
113
48
61
17
1
12
1
1
29
9
37
2
5
1
2
1
17
2
1
1
1
1
5
1
6
1
1
5
1
3
41
16
1
1
5
29
13
148
2
5
3
3
1
1
1
1
2
1
1
1
1
18
1
1
1
1
1
1
1
2
88
1
3
1
1
1
1
2
13
1
1
2
2
1
9
1
1
2
1
1
1
2
1
1
1
1
24
1
1
1
3
1
1
2
1
1
1
1
1
50
1
5
7
1
61
1
2
3
1
4
128
58
3
2
2
3
1
9
1
1
31
1
216
3
5
89
1
1
1
1
1
3
1
1
1
2
1
1
2
1
2
1
1
1
7
1
1
1
2
1
1
1
4
1
1
1
1
1
1
6
1
2
1
1
1
1
1
1
1
1
1
1
1
2
1
216
1
1
4
44
3
26
42
5
5
10
43
2
1
1
1
1
2
1
1
1
2
4
3
3
1
1
1
1
1
1
1
1
1
1
6
253
6
1
1
28
1
2
19
2
5
1
1
1
1
1
2
1
1
1
1
1
1
4
2
1
1
7
3
3
1
1
1
37
1
1
1
1
1
2
2
1
1
1
1
1
2
17
8
6
1
1
4
1
4
1
2
8
1
13
1
1
8
31
1
1
2
1
1
1
1
1
1
1
2
1
2
1
2
1
1
2
1
3
2
1
2
1
1
12
2
1
1
1
1
13
2
2
2
1
2
1
1
1
2
1
2
1
1
1
2
1
2
1
2
1
2
65
3
2
1
1
1
14
1
1
2
1
1
1
1
1
1
2
1
1
1
1
1
1
1
1
1
1
10
1
1
1
1
1
9
2
8
1
5
16
1
1
4
11
3
2
1
2
2
1
1
1
4
1
2
2
37
173
59
2
8
1
7
2
13
4
3
3
38
2
1
1
3
1
2
5
1
5
3
1
1
1
1
7
1
1
11
2
4
7
47
1
2
1
1
5
3
3
2
2
7
1
1
1
1
1
41
1
2
1
1035
1
2
1
1
1
1
25
1
1
2
1
1
6
2
15
1
1
20
7
2
1
1
2
2
2
2
7
4
58
100
1
41
2
106
116
1
1
1
1
2
10
3
2
1
47
1
1
1
1
1
1
2
1
1
3
52
9
1
4
2
126
1
1
2
7
2
1
1
3
2
7
4
3
1
4
23
1
2
2
15
48
1
2
1
1
1
3
1
1
2
1
1
1
1
4
1
1
2
1
1
1
1
1
1
3
1
1
136
1
171
2
33
15
19
6
25
1
4
1
1
3
1
4
2
1
6
6
3
6
1
1
1
1
2
12
1
2
1
2
1
1
1
1
1
1
1
1
1
1
1
2
103
1
71
5
1
11
2
2
2
1
13
1
1
3
1
1
1
2
1
22
13
11
2
1
2
7
18
1
1
20
9
1
1
1
1
1
1
1
2
3
1
9
1
1
14
1
1
11
3
1
1
1
13
1
1
1
1
1
1
3
1
82
1
1
1
1
1
1
1
1
1
2
1
1
1
2
2
2
1
4
1
11
1
1
1
3
1
3
1
1
4
1
1
1
1
1
1
1
1
1
1
1
1
1
1
10
1
1
1
6
1
1
1
1
1
7
6
2
3
1
1
4
3
1
1
1
1
1
1
1
1
19
14
1
9
1
1
1
1
9
1
1
1
1
1
2
1
6
19
2
2
5
2
1
1
1
7
1
5
7
1
1
1
1
5
3
1
1
4
1
1
11
1
1
1
6
1
1
1
1
1
1
1
3
1
1
1
1
8
1
1
1
1
1
1
15
8
105
2
1
2
2
18
12
1
3
18
3
2
7
5
4
29
1
77
19
84
3
6
16
12
4
28
1
5
49
1
5
2
1
106
1
1
1
3
2
1
2
1
2
3
1
6
2
1
1
1
1
1
1
17
43
1
13
10
1
1
1
1
3
1
10
3
14
8
4
3
1
1
1
13
2
1
34
1
6
16
8
1
1
1
8
3
1
1
1
17
3
1
5
1
1
1
1
1
2
119
1
2
1
1
2
35
1
1
1
1
1
1
1
25
17
20
5
21
2
2
1
24
5
3
1
1
1
148
5
12
124
2
1
1
3
23
3
655
1
1
1
1
6
60
7
11
1
1
2
1
1
2
1
1
2
2
1
1
1
23
1
1
1
1
8
1
1
1
2
8
9
1
1
1
3
2
4
4
1
52
5
1
42
1
2
5
1
1
35
3
1
5
2
4
1
4
10
2
1
5
6
3
1
1
12
1
1
3
1
2
1
1
1
5
8
1
1
1
3
1
4
4
1
4
2
6
3
1
1
2
2
2
5
1
31
1
1
1
1
1
3
2
1
101
16
35
1
2
1
7
2
1
1
3
13
1
1
24
3
2
1
1
3
1
3
1
1
1
49
1
2
6
11
6
1
1
25
2
15
27
1
1
1
1
4
2
2
3
1
47
1
1
1
1
5
4
1
1
1
3
1
1
1
1
1
9
1
1
1
1
1
1
20
2
3
1
1
1
1
1
1
2
1
3
1
117
77
1
1
1
3
1
17
1
1
1
1
1
55
1
4
1
1
1
1
1
1
7
1
5
1
35
3
1
1
3
1
4
1
1
1
1
1
20
1
1
1
2
1
2
1
2
2
7
5
1
1
1
2
4
3
18
5
133
8
1
578
268
12
1
12
152
1
1
2
3
1
2
1
6
4
4
293
51
85
21
2
1
1
12
4
8
1
1
1
1
11
9
3
20
1
1
1
1
1
1
93
1
1
1
1
21
1
1
1
3
1
1
1
1
1
2
1
62
2
1
1
1
1
2
5
15
1
22
2
3
1
2
2
38
1
1
11
138
7
38
61
1
63
1
6
2
9
1
12
45
4
1
1
2
6
1
3
13
1
1
1
1
2
1
1
2
1
1
1
8
22
8
2
201
12
39
1
1
8
1
1
1
1
1
1
1
1
1
1
1
2
1
11
9
1
1
5
5
1
1
3
8
1
2
1
1
16
1
4
1
2
1
8
1
1
2
1
1
2
1
1
1
1
1
2
2
2
5
4
3
1
36
1
1
1
2
1
1
4
1
1
1
3
3
46
1
1
1
6
1
1
1
1
1
5
3
1
1
1
466
1
1
1
1
1
10
1
1
1
3
1
19
1
1
1
2
5
3
22
1
1
1
1
20
1
1
1
1
10
11
1
1
1
19
2
4
2
5
4
12
2
27
1
1
2
1
1
1
1
1
1
1
5
1
23
8
2
2
1
1
1
1
1
1
8
5
3
1
1
1
20
3
1
2
1
1
2
3
7
1
3
22
1
39
1
1
1
1
22
1
1
15
1
1
1
1
1
3
1
1
1
17
1
1
1
1
9
1
1
1
2
2
1
1
2
12
1
1
1
2
1
1
1
1
1
1
6
2
1
1
1
29
1
1
8
13
121
2
1
1
1
3
2
1
3
2
1
5
112
1
8
3
15
1
1
12
2
1
22
32
2
1
1
2
12
1
1
1
1
1
1
22
1
1
1
2
1
4
1
1
14
3
1
1
2
2
1
2
1
1
1
2
1
1
1
8
1
2
2
1
1
64
40
18
77
19
1
5
18
3
6
2
4
1
1
1
1
3
10
2
2
1
7
1
1
2
1
1
244
3
1
30
10
18
1
3
1
1
16
1
1
9
1
2
2
3
1
8
6
1
1
1
1
1
1
1
1
9
11
1
3
2
1
2
1
1
2
7
1
1
1
1
1
1
2
4
1
2
1
1
1
1
2
1
1
1
1
1
1
1
1
1
1
2
1
3
1
2
1
1
5
2
25
2
1
2
1
1
9
1
1
1
1
1
1
2
3
1
3
2
1
1
1
1
1
1
1
1
2
1
1
2
2
1
4
1
1
2
1
1
1
1
1
2
1
62
1
7
14
4
1
1
8
1
2
1
4
1
2
3
1
1
2
1
1
2
1
1
1
2
2
2
2
1
2
1
1
5
1
1
1
1
2
1
1
1
1
1
1
1
1
2
1
1
1
1
1
2
1
1
1
2
3
1
2
1
4
1
1
1
1
1
1
1
2
1
2
1
1
6
1
4
24
1
105
1
1
3
1
122
1
1
1
20
5
4
1
4
3
4
2
36
2
12
6
95
3
1
2
5
6
8
5
1
1
4
3
4
17
1
6
1
169
4
1
1
1
1
1
1
1
1
2
5
2
1
2
3
4
6
1
1
1
5
1
3
9
21
3
40
1
2
4
1
1
2
1
2
7
1
1
1
1
15
1
4
2
1
1
4
1
1
4
19
1
13
2
1
1
1
5
1
1
1
1
1
7
2
7
35
1
1
1
5
25
11
1
5
7
3
1
6
2
1
1
9
2
2
3
1
1
2
2
8
4
1
9
19
2
3
2
1
1
1
1
3
6
8
2
1
1
1
1
1
4
1
1
8
9
10
15
1
4
2
1
2
2
3
1
2
2
4
1
1
4
1
23
4
21
12
1
1
2
2
1
1
10
418
3
7
2
6
1
1
24
1
7
11
279
11
1
9
7
2
2
2
116
1
9
1
2
3
1
5
28
3
6
1
2
37
10
87
1
2
1
1
1
6
1
1
1
1
3
6
1
16
1
1
1
1
6
3
173
8
1
2
2
8
20
1
1
1
3
1
10
4
1
1
1
1
1
2
2
1
1
2
3
1
5
1
1
1
1
1
1
30
18
1
2
2
1
1
4
1
1
16
10
4
1
2
10
1
1
1
1
1
2
3
5
1
3
1
6
1
2
5
1
2
4
2
3
1
1
2
2
1
1
3
1
1
5
4
1
1
1
1
1
5
1
7
1
10
5
2
3
4
8
1
10
1
1
4
6
1
1
3
2
3
4
1
7
10
15
11
10
1
1
1
1
2
1
1
12
1
4
4
1
1
3
5
4
8
1
1
1
9
23
2
1
1
1
1
3
1
5
7
1
1
1
2
1
1
1
1
1
1
3
1
1
1
10
1
1
2
2
1
1
2
2
5
4
1
4
1
1
1
10
1
1
182
1
1
1
1
1
2
1
2
14
1
1
2
1
1
4
3
5
1
4
2
3
1
7
1
1
1
3
1
1
1
2
4
1
1
1
2
3
1
1
1
2
1
81
1
2
1
1
1
2
10
51
25
58
23
1
1
3
8
1
3
7
1
129
3
1
5
2
1
8
60
1
1
7
5
103
1
2
18
5
12
3
8
1
1
1
3
4
3
7
1
1
1
1
4
2
4
5
1
2
7
4
1
8
4
4
3
1
1
1
275
1
1
1
1
2
25
28
5
1
2
1
1
1
1
2
7
2
2
2
3
1
1
1
1
1
2
1
20
2
13
7
9
1
1
8
1
4
2
1
3
1
2
22
1
1
4
1
5
5
1
1
6
11
1
299
437
48
1
1
1
1
4
2
9
1
1
5
3
22
7
11
5
4
47
1
1
4
5
3
3
1
2
10
1
1
4
1
1
24
12
2
3
5
21
1
1
1
3
1
12
18
2
1
1
2
1
138
93
6
48
4
42
33
5
1
24
10
4
20
26
1
4
1
3
22
36
24
1
1
1
1
13
3
1
7
1
1
1
2
2
1
1
2
8
2
9
3
1
2
1
1
46
3
6
1
1
3
19
1
18
1
1
1
1
3
1
4
3
13
1
1
1
1
1
1
1
1
26
14
13
1
1
2
4
10
5
2
1
3
1
1
2
2
6
1
11
6
1
1
1
5
32
1
1
97
1
5
2
1
4
1
1
6
1
15
1
1
1
16
1
1
3
1
1
1
1
1
1
1
1
1
1
3
1
4
3
1
1
1
1
1
1
1
1
1
1
2
1
2
1
1
2
1
1
1
1
1
1
1
3
15
2
1
2
1
1
1
18
5
1
6
2
2
8
1
1
1
2
1
2
15
3
1
1
6
44
4
2
1
1
1
3
1
4
1
3
27
13
3
3
1
1
6
4
1
12
1
1
5
2
3
1
2
5
1
1
1
1
2
6
13
2
1
4
32
2
4
20
52
1
7
1
1
1
1
7
11
2
11
2
49
3
2
2
2
1
2
2
1
1
1
1
1
3
4
1
1
1
1
7
7
4
1
1
4
42
63
3
2
2
2
2
6
1
1
5
3
9
310
6
1
1
4
1
1
1
1
1
1
1
1
1
33
1
1
1
16
2
6
1
1
1
6
3
7
26
3
1
3
6
1
2
24
3
3
9
8
2
1
1
1
1
1
1
2
1
1
1
1
19
2
1
4
4
5
11
17
10
5
1
1
1
1
4
8
3
2
9
11
1
1
6
1
20
351
2
1
1
1
4
1
1
4
1
1
1
1
1
1
1
1
1
1
1
2
2
1
5
1
1
7
17
13
2
43
2
1
1
6
1
2
1
1
1
1
1
18
1
4
76
1
1
1
48
39
18
11
1
1
14
1
1
5
1
18
2
1
32
2
10
11
9
4
10
14
3
1
2
1
8
3
1
1
1
2
25
1
124
10
2
1
1
16
2
6
37
1
1
3
1
2
1
1
8
79
1
1
1
4
1
2
1
3
20
41
9
1
2
1
2
5
1
1
3
1
1
7
1
2
2
2
1
28
1
1
1
1
10
2
2
11
2
1
1
3
2
2
1
1
3
1
1
1
1
4
3
2
1
1
2
1
6
2
1
3
2
1
1
1
1
42
1
1
1
1
1
4
3
1
38
4
15
6
3
2
2
23
631
2
29
115
1
106
2
93
91
33
2
25
5
1
358
1
3
5
3
1
1
4
1
23
13
13
1
1
1
12
2
3
5
1
3
29
4
620
3
7
24
1
9
4
9
2
33
1
1
5
68
8
1
13
1
1
1
2
36
3
1
3
1
1
9
2
10
13
1
1
7
2
2
1
1
1
9
22
1
4
1
1
1
1
1
2
1
1
1
20
1
4
1
2
1
1
1
1
1
6
8
5
27
8
2
37
1
24
8
133
1
1
4
2
34
1
1
5
8
1
1
11
1
1
1
1
3
4
3
1
1
1
3
1
1
1
1
1
1
1
83
5
2
12
1
1
2
1
1
2
4
28
1
2
7
1
1
2
1
2
2
1
1
1
1
1
2
1
24
1
1
23
44
1
1
19
1
3
4
2
1
2
1
1
1
1
1
1
1
1
1
1
1
1
11
1
1
1
29
1
1
1
1
1
1
1
1
1
1
1
1
2
1
1
1
1
3
1
1
1
1
3
2
2
2
1
2
1
2
1
1
1
1
1
1
4
1
1
1
1
2
2
1
36
1
1
1
1
2
1
3
1
1
7
1
1
1
2
1
2
1
2
115
1
5
1
5
1
3
192
1
6
1
2
4
1
1
1
1
2
2
1
59
1
2
43
1
1
4
6
1
1
1
2
9
1
2
3
1
1
1
1
12
1
1
1
2
3
72
8
1
2
3
1
1
1
1
1
1
1
1
3
2
5
312
3
4
1
1
1
1
3
1
3
1
1
1
1
4
1
4
1
2
1
3
1
2
7
1
1
1
1
1
1
1
3
1
1
1
1
2
1
1
1
1
4
1
1
1
1
1
1
1
3
1
1
1
1
2
1
3
2
1
1
31
2
1
2
2
1
1
1
1
1
3
7
2
1
7
1
3
2
14
1
3
13
1
4
8
9
1
1
3
1
28
10
4
1
1
3
1
14
21
2
1
1
1
1
1
18
3
1
10
11
1
1
1
2
1
1
1
1
7
1
2
1
1
2
1
1
1
188
2
1
9
2
6
2
28
27
1
1
1
1
3
1
4
1
1
55
2
11
14
42
61
3
12
5
8
2
9
17
21
4
1
91
1
3
5
2
1
4
13
2
3
4
57
22
1
1
3
2
1
2
27
2
4
24
4
18
8
7
3
1
6
1
1
59
3
5
3
1
7
4
1
1
2
1
14
127
12
1
2
10
1
1
4
1
4
4
1
1
2
5
3
1
2
2
18
1
1
12
2
2
2
1
1
1
1
1
2
1
4
21
5
1
1
27
1
1
1
6
6
112
18
11
12
1
51
2
10
20
6
1
6
99
1
19
5
1
3
61
99
13
11
5
4
1
2
1
17
2
4
6
1
1
5
1
1
1
3
1
105
2
216
2
8
18
20
2
34
1
1
1
6
66
1
1
1
5
6
49
4
37
12
26
2
1
1
9
3
3
1
1
3
2
12
1
1
1
1
1
6
1
1
3
1
1
4
1
18
1
3
1
8
2
2
1
4
3
1
1
94
5
3
2
34
9
8
52
1
2
2
2
10
1
12
5
27
38
6
3
1
1
7
8
3
1
2
1
16
2
1
735
4
7
6
11
1
2
13
10
6
18
2
2
1
16
1
3
1
1
1
19
1
2
1
1
1
3
4
3
4
2
1
9
1
13
1
1
1
3
21
2
48
17
1
1
2
1
9
23
10
99
1
6
5
1
1
4
1
1
1
2
1
5
2
8
5
1
1
1
8
1
16
1
1
8
1
6
4
1
19
4
4
3
2
11
6
1
15
7
1
1
1
1
1
1
1
1
1
1
4
1
5
1
6
1
4
1
2
1
1
2
13
3
1
8
171
1
2
3
1
1
1
19
28
1
1
1
2
4
2
127
1
5
2
4
1
1
1
2
1
20
1
3
314
662
3
1
109
45
3
1
2
3
1
2
3
1
1
16
85
28
4
8
52
1
25
4
1
8
7
6
4
9
2
1
21
4
9
2
6
2
4
3
208
4
71
3
1
5
31
2
16
2
1
1
7
4
16
1
1
2
6
7
92
9
4
8
19
1
14
8
75
2
3
1
12
9
31
4
3
8
6
1
64
1
14
2
130
2
25
1
3
2
1
2
1
2
26
8
298
1
3
1
1
1
5
5
1
1
26
1
4
1
1
1
1
5
1
1
18
11
1
1
2
10
3
5
1
1
3
1
1
3
4
1
1
2
2
3
1
1
2
119
2
1
1
1
5
1
1
1
2
1
2
3
1
5
20
1
2
1
1
1
4
1
5
3
2
2
5
31
2
1
3
1
7
5
29
7
1
1
3
3
5
2
1
98
1
1
1
1
29
1
21
4
1
1
100
4
18
11
3
1
1
1
1
1
73
12
32
1
2
16
3
1
2
1
2
1
2
1
1
1
1
1
2
27
1
1
1
1
2
2
7
35
1
5
1
2
14
1
4
1
6
6
36
19
2
1
85
1
2
58
1
1
162
1
3
8
2
2
3
4
56
4
1
1
2
10
1
2
2
1
1
1
1
8
7
1
1
3
2
1
19
3
1
1
1
8
4
2
8
4
1
13
26
2
25
4
1
1
17
1
2
27
4
2
2
2
18
2
14
35
3
1
4
9
1
15
1
1
1
147
1
3
2
3
7
1
1
1
1
1
1
2
1
2
1
6
2
1
1
1
1
3
1
9
1
243
6
1
138
51
8
4
1
1
1
20
1
3
56
2
1
1
1
1
1
8
1
1
1
1
1
18
2
1
1
1
1
3
1
3
1
15
1
1
1
1
1
1
2
3
11
28
2
7
1
2
1
1
1
6
7
1
1
1
1
5
1
1
1
6
1
4
6
15
1
4
3
1
2
1
3
1
2
1
1
1
1
5
1
1
1
1
1
1
3
3
5
1
14
3
3
3
1
1
1
2
2
1
2
1
2
1
1
2
1
2
2
1
3
1
1
2
1
1
2
1
1
8
2
1
2
2
1
2
1
1
6
3
1
1
1
4
1
1
2
1
29
24
25
33
8
1
2
2
1
1
1
1
1
1
1
1
1
2
1
3
1
1
1
3
1
3
1
1
1
1
5
1
1
2
1
3
1
1
1
1
1
1
1
8
4
1
2
97
1
4
15
3
20
2
3
17
1
1
1
1
1
1
1
1
1
11
1
4
1
1
6
1
1
1
1
1
2
1
2
1
1
1
1
4
28
1
4
1
1
1
1
1
3
1
1
5
3
10
3
1
1
23
7
1
1
2
2
1
2
1
12
2
1
1
4
12
2
9
2
1
4
2
1
1
1
7
1
1
1
1
1
1
1
3
2
22
1
1
1
3
1
9
9
11
1
17
1
1
1
1
5
1
1
6
5
22
6
7
1
1
8
1
1
1
4
1
1
2
1
2
28
1
5
10
87
3
1
1
14
35
63
26
53
12
27
1
185
8
67
1
1
2
1
3
1
1
1
1
1
1
91
1
1
1
1
13
17
5
1
1
1
1
1
2
1
3
1
1
1
1
2
1
5
16
15
1
2
2
3
49
6
3
10
1
1
2
2
3
1
1
1
1
1
1
8
4
14
1
1
2
12
2
1
6
42
2
1
7
1
1
2
1
1
1
1
12
1
1
1
1
18
1
4
1
2
125
1
1
2
1
1
2
1
1
1
9
2
1
4
1
5
16
2
1
150
1
3
1
1
3
15
4
2
5
1
7
1
3
2
2
1
43
4
1
10
5
33
4
1
17
138
1
1
11
342
2
1
1
1
1
1
1
1
1
148
1
1
1
41
1
24
14
3
1
4
2
1
1
1
1
3
1
1
6
1
1
1
1
2
1
1
1
32
3
3
1
1
1
1
2
1
1
3
2
1
1
25
1
2
1
2
1
40
2
5
14
2
2
154
5
26
13
14
33
9
8
16
7
7
12
1
1
2
4
136
1
12
5
6
1
11
1
2
1
1
3
1
1
1
1
1
1
7
3
1
64
1
9
7
26
38
1
3
1
17
1
1
1
36
1
1
15
3
15
21
12
1
7
7
1
1
45
9
1
3
1
1
1
2
9
1
1
25
1
1
1
1
4
6
13
1
1
1
2
1
18
2
2
2
2
1
4
1
26
2
48
2
185
33
8
147
14
2
4
7
1
47
13
1
1
1
25
4
4
2
12
1
3
2
1
29
52
10
1
1
2
2
3
2
6
1
1
1
88
1
1
24
1
1
4
1
5
13
1
34
10
35
1
17
1
1
5
38
3
6
1
24
1
10
1
2
5
15
26
1
24
13
1
2
60
3
8
20
36
4
14
25
30
5
1
2
72
3
1
1
12
1
1
12
11
48
20
2
5
20
1
3
1
2
1
3
4
9
115
181
1
1
113
8
7
16
2
1
2
94
5
5
1
2
1
4
2
16
44
22
8
3
1
5
1
2
1
1
1
2
3
1
1
1
1
1
1
1
1
3
1
2
1
1
1
1
2
7
1
1
1
2
1
2
1
1
2
2
2
1
13
1
1
1
4
2
1
2
1
1
1
1
1
96
3
1
1
1
1
1
1
1
1
1
1
1
1
2
25
1
23
2
4
3
2
2
36
4
13
1
2
13
2
1
13
6
7
4
5
7
1
6
1
1
5
26
2
2
1
1
10
1
1
2
1
1
1
1
1
1
1
1
1
2
1
3
4
1
6
1
1
1
1
1
3
1
1
1
1
1
2
1
5
3
2
13
1
1
1
1
1
1
2
1
1
1
2
2
1
1
1
1
1
1
1
1
1
4
1
1
1
1
1
2
1
1
4
3
3
1
1
2
1
1
1
1
1
3
1
1
7
2
2
1
2
4
1
1
1
1
1
1
1
1
2
1
1
1
1
1
1
1
1
14
5
1
1
1
1
34
1
5
1
1
2
2
1
2
3
1
1
1
1
5
70
1
4
1
1
9
1
1
1
20
16
6
2
35
2
6
13
2
1
1
45
1
5
1
2
1
8
1
1
2
1
1
6
634
1
2
2
4
1
112
1
11
10
3
15
1
9
3
151
37
5
9
1
4
2
8
6
1
20
1
1
4
2
1
3
1
8
4
11
1
2
1
1
13
1
9
10
52
9
1
1
5
4
1
1
1
1
2
1
1
1
1
1
2
1
1
1
2
1
2
2
1
3
1
1
1
1
1
5
1
1
2
1
1
1
1
6
1
1
1
10
1
2
2
3
1
1
13
2
1
1
1
1
3
1
3
1
1
63
1
1
1
1
7
1
1
1
1
14
1
1
21
2
1
1
1
1
2
1
6
1
1
4
2
1
1
1
4
1
51
1
2
1
1
1
1
561
2
1
6
1
1
1
1
15
1
1
4
1
6
1
1
1
2
1
7
1
6
1
3
65
1
1
1
1
1
1
1
1
1
1
1
1
3
177
1
1
2
1
7
1
3
1
6
6
1
1
1
1
1
39
1
1
1
1
1
4
3
1
1
2
1
1
1
1
1
1
91
1
2
3
3
1
33
52
1
1
1
1
3
1
1
5
5
3
1
1
1
2
1
1
1
2
4
1
14
1
1
2
2
1
1
1
1
2
1
3
1
4
2
1
1
2
1
3
50
10
1
1
1
6
1
34
1
7
6
19
6
9
2
6
5
1
11
1
4
1
1
1
1
1
7
1
1
12
1
6
1
1
1
1
1
90
3
1
1
10
1
1
1
2
11
1
1
1
1
1
1
1
1
7
12
4
3
1
1
9
3
2
25
20
1
3
39
1
4
1
9
1
1
1
2
1
3
1
1
1
9
1
1
1
1
13
6
3
1
143
2
1
2
1
1
1
2
308
1
1
1
12
1
2
28
1
28
7
1
3
1
1
4
1
1
1
1
1
1
1
14
2
1
1
1
1
3
1
2
1
1
1
1
1
3
7
1
1
3
1
1
66
19
1
1
1
1
1
1
1
1
2
2
4
1
4
1
6
1
3
1
1
5
1
5
3
1
1
2
2
1
2
5
48
26
338
2
17
62
3
1
18
54
2
1
1
3
1
2
1
1
7
1
1
1
1
15
2
3
5
19
1
1
27
17
1
6
1
6
1
2
1
1
1
131
62
7
4
35
1
9
127
128
19
1
20
531
2
45
1
1
6
5
2
33
6
7
1
5
100
1
28
1
15
1
2
1
1
1
6
1
205
5
5
519
15
314
46
2
23
5
3
19
18
80
18
13
37
2
8
1
3
80
1
110
59
8
43
45
4
149
1
147
8
1
7
6
1
168
4
1
6
5
2
1
1
1
1
16
7
1
1
1
1
1
1
5
1
1
1
2
1
1
4
1
1
1
1
2
3
1
1
5
2
1
2
1
1
1
12
1
1
1
1
1
1
27
9
1
1
1
11
5
10
3
1
1
1
1
1
31
48
2
2
1
1
1
4
7
3
5
9
13
11
88
1
1
1
3
1
1
1
1
2
2
2
1
1
1
1
1
2
8
1
3
3
1
7
5
1
1
1
15
32
2
1
3
1
1
1
1
1
2
1
1
1
1
1
1
1
1
1
1
2
2
1
1
1
1
52
3
1
1
1
1
1
1
1
1
1
3
4
1
1
1
3
3
1
3
2
1
1
1
3
93
1
1
1
1
1
1
1
1
1
2
4
9
2
7
3
1
1
1
6
6
5
1
2
1
1
2
1
1
1
1
1
2
1
3
2
16
1
1
1
1
12
1
1
3
1
4
3
6
2
1
2
1
1
1
3
1
1
2
1
1
1
1
5
3
1
3
1
1
1
1
1
1
1
1
21
1
1
1
1
1
1
1
1
1
1
1
3
1
2
1
16
1
2
1
1
1
23
1
1
1
1
1
1
1
1
1
1
1
1
1
1
1
1
1
1
1
1
1
1
1
1
2
1
1
2
1
1
1
1
1
1
1
1
2
1
1
2
1
1
1
1
1
1
2
1
2
1
1
1
1
1
1
1
2
1
1
2
1
1
6
19
5
8
3
1
1
1
1
1
1
2
1
1
1
1
43
1
1
1
1
1
1
1
1
1
1
1
1
1
2
1
2
1
1
7
1
1
1
1
2
18
2
2
11
1
1
1
1
1
3
1
1
6
1
1
1
3
5
4
1
2
1
3
1
3
3
8
1
1
67
1
1
1
2
1
2
8
12
1
1
4
6
1
1
2
2
1
1
3
1
2
1
1
1
2
6
4
1
1
1
2
8
88
7
1
1
2
2
4
9
7
2
20
1
20
32
1
1
3
1
217
3
1
1
2
1
1
1
1
1
1
1
1
1
1
1
1
1
1
1
1
3
2
1
1
1
4
1
2
1
5
5
2
2
1
1
1
4
1
8
1
1
3
1
1
1
1
2
1
2
117
4
69
35
36
28
1
1
1
1
1
12
1
1
1
1
1
26
1
1
3
1
1
3
12
4
7
1
1
1
2
2
1
1
1
50
1
1
1
1
1
1
2
1
1
1
2
1
6
3
1
1
1
5
1
1
1
1
1
1
1
3
1
1
1
1
2
1
2
8
1
1
50
4
1
1
2
1
1
1
3
1
1
1
1
1
1
1
2
1
1
3
1
1
1
1
2
3
1
2
1
2
1
1
1
1
1
1
3
1
1
1
1
1
1
27
1
1
1
1
29
408
1
3
4
1
12
1
1
1
13
6
3
7
6
2
1
6
2
1
2
2
1
1
2
1
9
85
2
1
1
1
1
2
1
3
1
2
1
1
3
16
1
5
1
6
14
1
1
6
3
3
4
1
2
1
1
4
4
1
1
1
1
10
5
12
13
1
8
6
31
6
1
1
5
1
17
15
89
1
4
5
1
1
67
1
2
3
2
2
1
33
1
1
1
1
1
1
1
1
1
1
13
1
1
2
11
1
2
1
1
3
1
3
1
1
1
1
1
11
3
1
7
8
1
1
9
1
3
15
12
1
4
1
1
17
3
4
4
1
2
1
5
4
15
43
1
1
3
1
316
1
87
1
2
41
4
4
1
1
1
1
6
2
8
2
1
77
3
4
1
1
2
1
2
25
2
5
5
1
2
1
5
1
124
2
2
88
94
1
5
2
1
2
1
1
5
35
3
1
1
1
1
1
3
1
1
3
1
128
2
9
1
11
33
1
1
1
2
2
1
2
2
2
12
16
94
1
153
1
1
1
1
1
1
1
1
3
1
1
3
1
2
1
1
3
2
2
1
2
1
5
1
1
