10
1
1
82
4
4
24
1
13
24
13
23
6
100
9
7
27
11
1
19
6
143
6
1
11
24
1
10
56
2
41
3
21
14
11
1
4
12
20
6
21
4
10
3
3
2
1
1
19
1
7
16
45
6
3
1
1
56
1
7
2
3
1
8
1
2
84
12
3
1
2
6
1
2
29
2
2
7
9
22
8
5
5
52
1
3
3
4
14
1
2
8
13
3
5
3
2
2
1
2
4
13
10
66
3
7
2
1
1
11
7
1
4
2
11
55
6
57
2
6
23
7
1
1
2
1
9
15
8
22
6
3
2
2
31
5
10
1
2
4
12
5
10
9
21
36
10
14
42
4
1
1
35
7
1
5
10
4
4
7
61
11
1
3
28
2
3
1
9
29
13
7
12
11
6
10
16
5
1
39
11
8
5
35
105
1
32
16
11
108
6
2
4
2
6
1
3
1
3
8
1
2
3
1
15
19
2
28
4
3
9
13
3
25
3
7
4
2
8
1
1
2
2
26
2
3
2
9
2
1
22
1
2
4
3
1
8
1
2
1
1
1
1
24
6
2
7
21
1
9
1
2
9
4
23
31
1
9
10
23
3
8
13
9
40
2
30
7
34
5
6
5
113
10
1
25
2
2
17
2
1
3
3
17
1
2
98
33
4
4
1
2
10
4
2
85
5
2
5
18
16
31
2
25
8
3
65
13
3
24
28
12
10
2
14
1
4
31
2
7
2
4
1
1
1
1
29
9
1
14
2
13
15
10
7
87
3
89
10
9
1
4
2
8
1
10
9
77
2
1
2
5
26
6
2
12
3
2
2
5
4
4
49
1
41
2
8
17
2
2
19
2
12
64
1
12
1
18
5
1
5
31
12
37
15
5
19
11
22
3
68
46
2
2
11
2
71
8
74
18
7
1
3
4
2
3
5
1
4
1
1
22
1
4
17
3
22
12
70
6
2
1
40
2
4
20
18
11
8
2
2
14
3
2
6
16
8
7
15
10
4
74
22
1
1
4
2
2
1
1
12
10
6
55
3
6
7
2
11
2
109
7
1
4
2
21
54
41
2
89
3
1
19
2
1
1
9
7
4
5
36
23
3
5
1
21
6
1
4
4
24
5
3
7
2
140
84
4
112
6
12
9
3
10
2
4
3
11
4
2
1
27
7
9
2
4
24
6
1
21
3
14
14
10
1
8
11
5
56
1
26
6
20
5
59
47
18
2
4
2
5
7
7
12
11
20
1
4
3
3
82
12
1
12
2
2
1
13
3
9
47
2
2
4
4
75
23
2
5
13
3
1
2
29
7
19
18
1
31
10
9
6
1
7
2
1
1
18
5
22
76
1
1
5
34
5
61
4
2
10
1
3
6
4
28
10
95
3
21
11
10
1
46
63
2
2
2
3
27
2
1
11
34
2
5
30
30
4
55
88
6
53
21
48
6
2
19
7
10
16
1
34
5
3
2
8
26
19
63
5
4
3
13
4
7
4
9
12
5
2
59
1
4
85
71
22
1
3
1
56
5
6
2
6
4
5
7
1
92
37
9
7
3
3
42
3
9
3
13
3
5
1
4
29
9
4
9
12
11
4
19
3
2
2
8
3
20
19
3
64
2
10
1
20
1
3
14
17
2
1
5
5
14
48
3
27
1
33
43
22
5
3
3
57
35
78
1
3
8
4
2
4
13
11
22
1
3
8
11
100
1
2
54
1
12
2
14
12
1
78
41
106
8
3
7
1
104
3
2
8
54
10
8
1
1
43
4
7
1
8
3
4
30
16
17
1
4
1
8
2
7
2
1
8
5
5
1
46
6
9
2
13
1
21
6
1
6
9
15
5
25
3
22
2
8
3
2
14
7
6
3
5
11
15
3
16
1
13
3
45
1
31
25
21
3
3
4
15
82
2
16
15
9
54
6
15
8
2
6
3
9
1
14
16
7
28
42
37
6
1
11
13
5
43
5
3
143
7
3
30
7
1
2
4
2
5
1
7
6
8
1
1
2
4
60
8
2
2
12
5
5
7
29
4
1
6
42
25
19
1
2
7
34
5
8
47
2
93
2
2
5
1
8
14
113
4
35
2
4
1
60
3
11
2
1
3
5
29
9
1
13
33
16
1
1
9
6
26
3
4
6
2
56
3
15
2
2
11
17
32
1
16
51
14
29
3
4
92
1
1
2
41
1
2
4
1
16
1
9
3
1
108
33
5
1
9
2
2
9
86
22
16
2
1
3
15
18
2
16
31
4
2
59
7
3
1
2
6
8
60
2
13
50
48
31
15
22
72
64
12
1
1
23
3
3
1
2
15
3
13
44
14
12
34
4
2
4
2
8
14
68
23
9
1
33
4
6
1
4
20
5
13
3
2
4
18
4
2
3
2
8
18
11
8
36
19
8
2
4
9
6
7
8
2
50
3
1
1
14
7
7
26
4
3
64
29
32
1
4
1
2
22
1
2
1
20
1
11
56
2
1
7
1
4
4
5
4
3
2
25
20
16
1
20
4
3
13
1
49
9
3
4
90
1
10
18
23
10
10
1
35
11
2
3
1
86
1
2
19
8
54
4
33
1
10
4
2
9
3
3
125
3
7
3
2
18
34
87
1
1
5
1
2
12
52
100
3
51
1
1
30
5
1
3
1
7
29
149
14
2
5
2
59
10
2
3
17
22
1
1
22
16
3
13
8
1
6
21
108
7
1
8
4
7
1
1
19
4
3
2
5
3
3
9
2
2
21
4
15
14
4
3
20
43
2
1
4
5
41
2
4
68
5
3
13
153
47
4
19
5
2
15
3
2
1
1
31
1
1
3
2
5
1
1
1
7
1
114
1
15
44
2
42
2
5
4
26
3
3
4
11
19
1
15
23
10
2
4
1
95
2
7
13
39
4
88
4
13
6
4
3
18
2
29
4
22
10
1
12
3
26
3
10
2
2
9
8
4
1
5
41
2
6
2
3
10
14
5
55
1
28
5
24
4
1
16
8
2
2
1
75
2
3
17
7
2
35
1
2
3
39
21
3
27
3
52
14
2
8
1
12
1
5
6
11
2
3
7
24
3
13
9
11
11
11
1
1
12
2
16
7
20
111
3
6
25
2
11
2
8
1
1
68
3
4
24
14
2
6
2
78
20
1
20
2
6
11
2
2
106
20
20
76
2
18
6
10
7
5
2
2
9
43
45
1
2
8
1
7
50
1
1
58
36
2
3
3
5
3
13
2
14
1
4
9
24
1
12
4
3
12
5
62
7
94
10
4
3
3
2
2
16
71
8
30
84
2
10
6
10
16
1
14
13
1
2
95
12
2
3
9
2
3
59
1
22
2
2
132
6
2
5
1
1
9
18
2
3
14
7
15
2
1
2
6
3
34
57
1
33
52
9
16
13
20
4
15
2
46
26
92
1
7
31
1
4
1
4
79
4
2
11
3
35
1
5
47
1
2
12
16
10
46
23
75
1
75
3
22
2
2
6
19
2
2
3
11
1
57
47
18
10
12
21
4
25
1
2
30
5
1
28
46
6
2
29
13
7
23
2
20
37
24
11
22
20
10
4
1
1
12
75
2
2
11
6
4
16
25
1
5
7
7
2
12
27
1
7
1
28
4
9
2
13
1
6
2
5
4
18
10
41
4
2
2
60
32
2
3
2
2
61
7
6
10
2
2
5
1
1
1
2
21
1
1
1
21
1
2
2
21
5
10
46
7
2
36
6
12
17
20
63
1
1
49
25
6
5
1
10
13
1
1
2
2
1
6
13
5
35
11
1
56
1
8
11
1
2
13
1
3
23
1
2
1
2
6
2
2
2
12
31
72
2
27
2
1
5
9
9
9
10
8
14
70
9
8
1
6
16
1
15
7
5
13
28
1
5
7
7
10
7
1
116
107
5
7
17
7
2
8
28
2
1
2
9
6
13
3
27
5
4
44
1
2
1
1
1
5
6
4
2
2
2
3
1
12
3
5
4
2
7
12
49
16
1
42
1
15
113
29
5
32
1
22
6
70
88
20
6
2
3
8
14
2
2
7
10
20
1
14
5
5
9
4
1
8
9
3
1
31
30
29
33
3
1
15
5
5
1
3
4
19
79
91
13
26
3
4
3
1
2
64
12
1
66
9
7
1
1
23
1
1
3
4
1
27
1
3
12
3
5
2
6
25
12
17
4
46
18
6
16
2
59
14
14
1
3
8
7
104
11
3
65
89
50
13
3
1
3
14
1
12
2
4
13
3
1
13
7
13
2
6
18
24
6
1
4
2
1
1
66
43
1
1
55
67
41
1
7
4
13
2
2
1
2
9
13
1
12
4
5
2
6
2
2
4
1
3
3
7
1
1
6
4
3
40
78
6
18
7
31
3
2
4
4
5
11
36
1
1
19
2
4
47
17
7
5
134
63
2
2
4
16
7
9
13
2
7
2
6
27
9
13
27
5
2
8
17
1
27
8
2
48
14
1
14
15
42
12
43
1
1
3
3
31
2
2
14
87
1
7
5
4
62
2
8
14
6
2
4
25
21
1
3
56
4
49
78
19
14
1
2
2
1
3
1
1
2
1
7
14
6
1
2
16
7
3
13
13
61
11
14
34
2
2
7
45
2
7
137
18
4
1
1
28
11
2
60
1
44
37
22
34
47
1
1
28
54
1
2
1
2
3
8
2
19
1
5
2
33
74
19
1
2
10
9
1
22
1
49
2
2
17
53
61
9
1
5
4
47
23
83
1
19
2
6
2
9
150
9
42
5
81
5
5
75
1
28
116
1
6
3
49
1
15
4
1
1
14
10
159
9
1
4
1
1
4
4
3
6
12
1
1
116
9
2
2
1
5
4
1
6
2
1
23
1
137
10
45
6
1
22
1
1
11
4
13
1
71
1
33
19
1
2
3
25
1
72
13
7
3
7
3
11
5
2
4
21
1
1
32
27
4
21
4
30
2
1
14
69
3
1
2
4
25
16
4
18
40
1
7
53
4
4
6
1
1
2
7
2
1
2
3
4
13
12
17
1
1
14
15
11
18
5
10
29
21
22
17
5
1
7
3
11
1
14
10
4
49
62
3
