417
7
269
530
6
24
136
84
87
160
2
2
15
2
69
30
1
72
24
18
466
36
1
6
1
7
335
2
10
35
19
2
65
4
73
665
104
335
1
40
26
3
167
203
191
8
4
47
4
10
150
450
3
523
44
5
59
188
98
2
127
4
3
18
1
301
2
9
85
147
91
1
2
30
14
557
335
84
486
479
7
1
348
53
181
12
268
3
9
2
80
1
4
10
12
22
13
309
244
21
50
9
58
461
40
90
93
7
1
3
54
22
15
26
4
149
12
459
235
50
11
7
1
2
396
458
17
383
27
393
192
5
6
25
15
14
259
205
226
634
94
14
7
4
6
7
291
102
17
701
74
4
598
378
9
37
347
20
197
32
20
4
19
12
18
442
137
5
19
4
6
42
16
215
12
35
7
510
341
10
319
9
24
30
255
58
21
30
252
77
3
175
165
343
8
32
7
16
2
14
160
1
223
17
117
445
71
370
4
185
4
229
1
3
2
5
61
37
246
6
1
3
273
152
3
2
11
97
168
11
1
17
33
234
7
1
4
2
22
198
2
6
2
9
3
4
526
6
13
73
3
60
15
54
74
103
24
7
32
469
39
88
2
47
24
70
349
1
13
197
95
28
229
3
47
42
19
7
7
609
48
506
219
63
2
32
6
6
110
198
1
41
434
63
20
17
3
2
33
23
3
200
17
16
67
2
5
5
3
4
11
123
66
27
181
11
243
145
9
597
514
125
85
151
7
1
10
50
15
6
2
7
19
2
2
25
55
67
6
3
2
7
1
58
14
75
13
87
7
32
262
21
1
22
15
35
3
378
4
577
17
9
56
96
190
15
6
119
36
1
7
178
122
75
71
13
17
121
45
13
26
6
27
6
11
214
3
1
440
700
23
19
9
8
2
1
4
2
359
1
37
3
2
603
518
7
3
2
8
8
7
327
5
196
26
3
175
5
22
21
18
39
11
2
373
430
67
160
3
4
10
123
43
5
123
168
24
1
211
426
108
1
29
154
65
49
224
32
6
1
504
340
2
11
2
4
1
634
1
7
16
64
365
401
55
58
17
362
23
1
189
188
86
1
232
199
2
9
1
66
50
380
26
17
1
3
12
56
16
34
2
203
536
71
37
43
17
2
21
230
22
36
23
150
306
38
297
40
4
377
3
9
162
126
108
44
7
53
2
492
87
7
8
21
426
2
125
125
9
374
5
1
697
322
24
11
263
3
1
1
36
25
39
2
63
2
14
2
84
1
43
94
515
2
5
1
231
389
204
267
208
82
4
29
87
275
12
2
37
40
21
10
3
3
8
415
2
83
327
18
159
1
15
39
26
1
12
4
2
2
46
1
26
127
7
1
3
6
66
52
6
198
607
50
30
4
257
1
80
9
1
1
22
1
184
286
335
2
2
2
5
327
116
5
3
216
153
7
594
9
1
299
3
2
9
5
2
10
2
2
23
314
454
556
206
4
60
2
2
12
15
2
2
380
24
6
69
562
2
31
463
495
1
151
9
199
61
5
47
3
3
7
25
11
50
17
11
66
31
130
10
212
15
535
715
64
30
5
15
79
29
9
24
3
8
4
34
67
1
2
32
1
1
85
9
3
4
2
13
2
49
34
351
8
7
4
1
1
26
401
4
120
2
2
9
42
12
1
24
27
20
328
20
84
1
12
4
3
11
11
155
1
2
8
3
4
54
19
6
6
18
7
607
8
44
22
4
4
1
9
62
2
552
191
1
54
133
5
223
2
5
2
56
506
5
2
3
3
13
3
89
5
13
4
15
4
119
654
263
14
50
347
15
296
17
610
2
41
