5
75
607
20
1
387
437
83
138
38
34
213
36
47
316
358
27
144
252
788
103
96
5
1
4
7
876
48
53
134
50
143
42
313
116
140
460
1
486
3
68
1
11
4
79
2
120
14
3
24
202
25
5
4
5
79
451
2
406
58
174
4
182
1160
25
22
5
671
3
34
621
4
573
96
95
24
15
121
8
129
173
136
108
3
281
74
155
69
4
70
47
32
42
47
11
47
158
123
14
61
390
350
47
154
163
342
14
4
108
574
75
4
153
464
144
405
1
182
77
162
27
32
33
5
63
109
5
107
2
3
478
1
428
30
281
131
48
124
175
199
54
101
30
371
944
30
17
451
1140
152
580
321
38
3
52
115
130
420
484
64
400
248
14
48
722
120
2
95
243
193
1
30
401
16
2
352
97
16
3
441
10
1
93
5
62
22
92
159
114
20
712
525
25
10
143
5
18
25
110
223
34
4
292
76
219
16
46
12
113
1
283
29
41
37
26
45
2
2
4
22
4
1
120
16
14
6
126
15
94
15
382
43
73
425
66
288
15
210
42
126
57
746
500
471
26
109
393
33
3
15
19
13
353
11
127
5
187
226
19
9
628
134
44
14
5
3
87
90
98
135
3
4
1
329
49
42
1
5
47
45
185
336
81
1
30
84
49
490
125
46
44
1
42
3
65
8
86
178
39
44
93
271
70
5
40
9
4
1
34
4
6
27
32
5
54
27
362
5
846
65
101
38
24
124
236
528
258
42
12
867
143
105
118
163
196
284
32
443
106
82
63
80
51
57
4
491
53
61
27
189
123
44
54
60
7
2
416
38
2
34
9
460
122
1
180
12
45
3
627
89
82
6
194
115
211
54
39
678
716
9
11
175
20
820
2
97
8
103
45
86
2
20
507
313
1
6
10
55
11
560
24
67
50
92
367
14
425
88
1
169
7
213
199
28
3
132
69
27
142
38
11
48
38
42
254
77
359
1017
152
58
158
73
680
144
34
195
134
13
11
37
88
2
37
3
147
10
60
111
225
444
20
279
17
427
39
280
499
61
35
42
82
154
55
348
117
30
16
193
241
1
1
417
1
1
1
1
1
1
1
1
1
1
1
1
1
2
1
2
2
1
1
1
2
1
1
1
1
1
1
1
1
1
6
1
2
1
1
1
1
125
1
7
269
530
2
1
1
1
1
1
6
1
2
9
1
3
4
1
14
1
2
24
1
2
2
3
1
1
11
136
84
1
10
7
14
51
1
3
1
2
1
2
2
1
1
16
1
1
1
5
2
1
1
1
12
1
1
1
1
2
2
1
1
1
1
87
3
9
1
1
1
160
4
1
2
1
2
49
1
6
1
1
2
1
1
58
10
167
16
163
2
5
1
5
2
1
1
2
1
15
324
153
2
1
2
1
13
5
9
2
2
6
1
2
1
6
1
4
1
7
2
3
2
49
3
14
118
2
4
1
133
69
2
30
18
62
199
39
2
58
36
21
20
3
51
1
1
1
3
3
8
69
7
15
1
6
1
1
5
8
4
1
2
1
1
1
1
1
1
2
3
72
1
1
2
66
1
2
2
24
8
108
1
56
3
24
22
8
1
1
4
1
1
1
1
1
1
1
18
2
1
1
1
466
4
1
1
1
2
1
1
2
1
3
1
1
1
1
2
3
1
1
1
1
1
1
1
1
1
5
1
1
1
1
5
1
4
1
1
1
2
31
1
2
1
9
1
1
2
36
1
2
2
6
1
4
1
1
4
1
1
2
1
1
1
2
3
1
1
1
7
36
1
27
3
2
1
57
1
1
2
4
1
1
3
1
1
1
1
9
2
1
1
8
1
1
1
1
1
29
7
3
8
2
1
1
1
335
1
2
5
272
2
5
1
1
1
2
1
1
3
2
1
2
8
2
1
1
1
3
4
1
3
1
1
1
2
98
1
38
10
7
8
1
5
2
3
1
3
1
1
1
5
1
11
3
2
1
1
35
68
1
1
1
19
3
2
2
1
2
2
2
2
1
13
176
59
1
2
17
3
1
2
2
1
1
1
1
1
1
1
1
1
1
1
3
1
2
1
1
2
1
1
1
1
1
2
1
1
1
13
1
1
1
2
16
1
3
1
2
15
1
1
1
12
12
2
1
1
2
1
1
2
1
3
1
2
7
1
1
6
1
1
3
2
1
1
1
4
2
1
11
257
2
1
5
444
65
4
3
1
1
2
4
15
1
1
1
2
7
1
1
2
2
7
4
6
1
3
1
2
1
13
1
1
1
8
4
2
1
73
5
1
1
2
7
1
1
2
665
25
7
1
1
104
1
85
17
335
2
2
1
1
1
1
10
1
2
3
1
40
29
1
2
16
26
2
1
2
5
1
1
2
1
2
4
1
3
1
11
26
25
1
2
1
3
2
12
4
36
1
62
2
8
7
1
1
1
1
1
7
1
1
1
2
1
3
2
8
1
1
7
2
4
10
7
4
32
18
30
2
9
167
1
1
27
84
3
1
1
1
225
8
8
3
5
1
2
45
1
24
124
1
1
1
2
203
4
64
58
1
191
2
73
11
8
1
3
4
131
406
36
336
1
1
5
3
8
22
2
399
424
67
1
2
47
1
17
4
9
1
1
1
2
1
1
33
1
1
1
26
3
15
1
1
14
4
1
1
40
10
1
1
1
1
1
38
150
1
3
210
1
1
3
1
2
1
1
1
3
5
1
450
1
27
9
1
1
6
3
2
1
4
1
2
523
1
12
43
2
2
44
3
9
4
1
1
3
16
1
1
6
14
1
5
1
1
7
1
5
1
5
2
1
1
6
59
2
9
3
3
1
1
2
6
2
1
1
1
9
4
2
1
11
119
23
14
2
289
2
1
1
2
1
1
188
20
2
2
1
98
1
1
1
2
1
1
2
7
3
7
1
2
1
1
1
1
2
1
1
1
3
12
6
4
27
13
2
1
2
2
11
1
2
1
1
1
10
18
54
1
2
1
1
4
9
4
2
1
20
5
2
2
127
4
8
1
1
1
1
3
1
23
1
1
4
2
2
1
1
18
1
1
1
1
2
1
5
1
301
12
1
1
1
3
1
1
9
1
1
1
5
1
4
20
1
2
2
2
8
2
9
36
1
85
1
147
16
1
91
7
1
3
1
3
1
1
11
3
2
2
1
2
2
1
2
23
1
3
1
1
1
1
1
2
1
1
3
1
30
1
8
2
1
4
8
4
1
2
361
2
3
1
4
1
9
2
14
557
1
335
1
1
84
1
486
107
80
46
2
2
1
2
1
22
1
1
2
1
2
1
1
3
1
1
479
1
3
1
1
1
1
1
1
1
3
1
1
1
1
1
7
1
2
1
1
1
1
1
1
2
1
1
2
1
1
1
2
7
1
348
4
2
2
1
2
1
3
4
1
1
1
1
1
1
1
1
2
7
6
7
1
1
2
3
29
1
2
1
3
1
1
1
6
1
3
1
1
1
8
1
9
1
53
2
2
1
1
1
1
1
1
1
39
17
1
4
2
1
1
1
1
11
1
1
2
1
4
181
2
1
1
2
1
2
2
4
1
1
1
1
11
3
1
3
1
1
6
1
7
5
1
1
1
1
1
14
2
5
1
1
12
1
2
1
3
1
1
21
1
2
1
1
1
2
9
23
53
1
1
1
1
2
1
1
7
1
5
1
1
1
1
2
2
1
2
1
2
4
1
3
15
3
268
31
3
9
3
3
1
1
2
43
2
1
1
2
31
10
5
1
8
1
5
5
16
80
2
1
1
1
2
1
5
1
4
1
2
2
1
1
2
1
11
2
4
67
1
1
1
1
1
1
1
1
10
7
2
18
4
2
17
13
1
9
9
1
1
1
5
7
1
1
3
3
1
1
1
2
1
2
10
4
12
9
2
4
15
22
22
6
13
7
2
1
1
1
1
2
1
2
466
3
1
1
3
1
1
1
1
15
1
4
1
2
2
1
1
1
1
1
2
1
14
2
1
1
1
15
1
1
141
1
309
7
1
2
1
1
1
3
2
1
1
1
1
1
3
1
1
6
4
3
4
4
1
2
4
1
1
2
2
1
1
2
1
1
2
25
6
1
1
3
1
1
1
1
1
2
1
2
3
4
1
1
1
1
1
19
1
143
16
3
1
1
1
1
2
3
2
1
1
244
1
2
1
2
1
21
1
1
2
50
1
1
9
1
1
1
2
1
1
1
1
1
3
1
58
1
8
1
1
1
1
30
1
461
1
1
1
1
1
1
1
1
1
1
1
6
5
1
1
123
354
1
1
2
1
1
1
40
3
1
1
1
1
1
11
2
1
1
1
14
1
90
2
1
2
1
1
1
361
1
3
7
93
4
87
2
7
1
1
1
1
3
1
3
2
1
1
1
1
1
1
1
1
1
1
42
2
33
1
12
1
2
7
1
2
1
2
1
1
1
1
1
1
1
1
1
2
7
6
1
2
1
3
1
5
1
2
1
5
1
1
30
1
1
1
2
1
1
1
2
11
17
1
2
2
9
2
2
8
3
8
1
1
2
1
1
16
3
3
1
1
4
17
3
2
1
1
1
1
7
8
1
10
1
2
1
2
1
1
3
1
2
4
2
10
1
2
54
1
22
6
3
2
2
1
1
1
1
46
1
1
6
2
7
1
1
1
1
12
5
1
6
1
15
2
3
1
8
2
17
1
35
7
3
18
74
4
24
3
6
1
1
26
10
2
3
1
2
8
1
21
1
11
1
1
17
43
2
3
17
7
23
2
1
6
1
1
6
25
3
1
2
37
7
35
18
4
6
7
4
1
6
64
7
2
3
2
17
78
1
32
15
41
4
2
21
60
1
31
29
1
14
6
149
1
31
9
18
1
43
4
170
1
2
4
4
2
8
1
1
2
2
3
90
1
1
1
2
3
20
12
1
1
459
1
1
1
1
17
1
27
1
2
1
8
1
235
9
1
3
53
2
1
50
5
2
1
1
1
2
1
3
1
1
2
5
12
3
6
18
1
5
2
8
1
1
5
5
5
12
1
9
1
1
4
3
4
1
1
2
1
2
1
4
11
1
29
2
3
60
7
10
1
1
1
10
1
2
2
96
42
1
16
1
1
1
1
1
1
1
2
1
1
1
2
13
2
4
1
2
1
1
9
1
6
1
2
7
37
7
50
1
32
9
6
1
1
1
3
1
1
1
4
6
1
1
8
3
5
1
2
8
1
3
1
5
2
2
1
396
12
1
1
458
2
4
1
1
1
21
10
17
15
8
22
8
1
18
1
7
50
4
383
163
7
1
24
3
27
393
7
7
1
4
2
3
1
1
1
1
1
1
4
3
5
1
192
1
1
1
4
4
3
4
3
4
10
1
2
1
12
9
16
67
4
14
1
9
1
5
3
3
1
1
1
1
3
1
125
32
61
17
9
22
31
11
6
16
7
3
5
8
21
1
2
3
2
1
6
16
1
25
1
1
1
1
1
12
1
1
25
11
1
2
15
1
1
1
1
3
1
1
1
1
4
18
41
99
3
3
66
10
2
2
1
1
3
14
1
10
14
1
14
3
48
1
1
4
1
15
259
111
205
226
2
19
1
34
18
8
27
178
634
40
1
1
2
1
1
2
2
1
32
1
2
3
1
3
1
1
6
1
2
1
1
2
1
94
3
11
5
6
7
4
1
9
4
5
32
1
32
1
1
14
1
2
1
1
27
2
4
29
15
7
2
2
10
6
41
1
4
82
4
1
2
2
6
1
1
10
4
28
2
1
1
1
1
1
1
1
1
1
1
4
1
37
17
2
1
110
2
142
14
3
1
1
1
8
2
6
1
1
1
13
1
2
154
1
2
7
4
2
1
4
1
2
2
4
3
6
4
35
32
6
1
9
1
1
1
2
1
1
1
1
3
1
4
1
7
15
94
18
291
21
12
196
9
74
104
5
26
1
102
125
1
2
1
1
1
2
1
1
1
17
3
1
1
2
4
9
2
130
13
25
2
701
9
74
1
12
1
5
2
4
598
14
1
2
1
1
378
1
1
1
23
2
1
3
4
2
9
1
6
1
1
5
1
27
7
19
1
17
3
250
1
1
2
13
1
15
37
2
347
1
1
14
1
4
20
3
1
1
1
3
3
1
6
1
3
1
1
5
1
1
2
1
1
1
1
2
2
2
1
197
8
1
1
1
2
18
19
209
34
63
32
3
20
1
4
1
5
2
4
1
1
42
1
2
1
46
16
19
1
1
5
1
4
5
13
19
2
12
2
1
1
1
1
4
12
1
1
1
18
23
1
8
23
2
8
2
7
1
22
2
2
35
22
1
131
9
15
442
1
1
1
13
3
1
2
2
1
1
15
1
137
2
1
2
1
1
5
1
1
12
4
59
16
1
1
25
19
2
1
32
3
1
29
1
2
9
27
3
1
24
15
1
6
1
2
18
27
6
23
5
2
125
8
1
1
37
14
1
11
13
14
19
1
13
2
39
7
1
2
4
5
11
4
5
12
4
2
2
1
3
3
28
1
6
2
14
19
1
42
1
1
16
215
1
21
21
3
5
3
12
3
2
2
1
1
78
1
1
8
1
1
1
1
3
35
3
7
4
1
2
17
1
1
2
28
1
5
1
7
510
2
1
1
3
1
11
5
19
1
1
2
2
18
1
1
1
1
1
1
8
1
341
2
2
17
1
5
25
22
3
2
2
1
1
232
10
406
67
1
3
1
197
1
1
5
12
41
4
21
17
319
2
1
1
1
5
1
64
90
9
1
1
4
8
103
1
1
2
4
15
24
3
2
2
1
5
1
1
1
1
1
1
40
1
30
1
37
1
1
1
1
1
10
3
1
1
1
9
3
1
255
1
58
1
1
3
1
21
3
34
9
9
1
1
1
5
6
2
9
5
2
1
3
23
5
1
2
8
1
4
28
3
30
16
27
7
1
9
252
2
94
1
1
1
1
7
1
1
18
2
2
3
77
3
1
3
1
1
1
1
175
1
1
1
165
1
1
343
11
8
131
32
1
1
9
1
1
1
1
1
1
2
33
2
116
42
6
7
2
129
16
16
4
3
29
299
2
1
1
32
1
87
47
1
14
1
5
4
19
33
28
10
1
2
40
17
5
1
1
3
6
1
44
7
2
1
1
2
1
1
6
1
2
4
1
2
6
2
1
5
2
1
1
3
6
14
8
1
2
1
1
1
1
2
1
13
160
1
1
223
4
1
31
24
3
4
7
3
1
2
1
17
14
3
117
1
1
1
2
1
7
19
6
1
1
1
2
1
4
445
2
484
28
55
189
20
2
38
71
2
16
1
4
6
14
32
8
5
1
262
370
1
94
27
4
14
2
392
217
31
7
1
185
1
10
1
25
4
4
27
65
2
1
4
1
1
61
229
1
2
3
23
8
30
347
1
1
3
1
2
9
1
2
1
2
1
2
4
1
5
12
2
1
2
1
1
1
20
1
8
1
3
2
1
1
42
28
1
1
3
3
3
1
7
4
2
8
1
1
1
10
26
10
1
1
4
3
12
1
1
1
1
2
50
1
2
1
1
1
1
14
6
2
1
89
2
47
1
1
4
10
7
11
1
48
7
2
17
8
5
3
1
1
1
1
1
2
1
398
26
1
1
3
1
1
1
2
1
4
5
6
25
1
1
1
1
1
1
84
8
1
2
10
1
1
61
37
10
1
3
2
1
1
60
48
1
1
1
1
1
246
198
42
1
2
103
3
2
6
5
1
4
1
9
5
2
10
11
2
1
1
166
2
2
12
2
1
43
12
3
2
1
21
2
3
7
60
64
34
1
1
1
1
1
10
9
3
1
1
8
3
2
1
1
273
1
39
10
1
1
1
12
152
4
1
3
9
1
35
1
1
1
2
4
2
20
42
2
1
1
1
1
1
2
1
1
2
7
17
1
1
4
2
1
1
1
1
2
1
7
74
1
1
2
1
1
2
1
1
11
1
1
2
2
4
81
4
97
55
1
2
3
13
17
6
3
2
2
1
115
1
1
39
2
1
168
5
14
18
8
7
1
11
13
8
2
21
43
39
212
1
1
32
1
1
1
1
1
2
4
8
2
2
1
9
3
89
1
1
1
2
1
3
3
1
1
1
1
1
2
78
120
1
1
7
1
1
22
1
1
1
1
1
1
1
1
1
1
1
1
1
1
1
1
7
24
70
5
1
2
3
1
1
11
17
2
1
1
2
1
2
1
1
1
4
1
1
1
1
1
1
10
1
1
6
5
33
20
2
3
1
48
3
11
1
1
1
1
1
1
1
136
1
234
7
10
7
1
5
362
7
1
1
1
82
147
4
1
8
38
1
6
3
3
9
474
5
7
2
6
1
12
1
18
3
1
28
4
1
6
4
1
1
188
2
1
3
1
1
99
35
53
16
76
22
113
16
1
198
134
11
19
1
2
21
1
2
2
3
26
1
1
6
5
6
14
9
1
1
1
4
2
3
1
4
6
3
2
16
210
116
2
19
27
3
4
3
1
2
4
2
2
3
3
2
3
75
45
3
1
2
1
4
9
4
3
2
1
4
4
15
526
65
1
1
1
1
1
4
11
1
3
1
8
3
6
85
13
1
1
1
41
20
1
10
6
1
18
2
678
73
23
2
11
3
14
1
498
6
9
8
1
158
5
60
91
1
7
56
3
13
11
15
1
1
1
2
2
2
1
1
1
4
2
1
29
1
1
1
1
2
4
9
1
1
16
54
1
2
1
1
5
1
1
1
1
1
5
25
3
14
3
7
1
3
15
1
11
59
11
1
1
1
4
1
3
2
1
1
11
4
80
74
103
1
1
4
1
3
19
24
7
32
469
1
1
11
1
8
28
1
1
2
5
2
89
49
1
39
9
9
2
280
1
13
5
594
54
6
2
3
2
1
285
1
1
88
11
3
2
1
61
5
1
1
2
2
20
1
1
14
1
1
2
1
1
2
1
5
24
1
3
63
2
1
1
1
33
1
1
1
16
1
4
7
1
4
47
15
2
24
1
70
26
1
1
1
1
18
1
51
1
1
1
1
1
1
2
1
2
2
2
1
349
3
2
10
48
40
23
7
12
65
8
3
1
5
1
33
11
76
13
1
1
1
1
1
2
1
10
120
2
2
8
2
1
1
1
1
1
1
2
1
27
2
10
1
1
1
1
197
1
1
1
4
2
1
1
1
1
1
2
2
5
95
2
28
1
7
1
1
229
1
1
3
1
1
1
1
1
1
1
1
1
1
1
1
1
1
1
2
3
3
1
1
1
2
2
1
2
1
47
12
2
1
1
4
2
1
16
1
1
2
1
1
2
1
1
1
1
1
1
1
2
1
9
1
1
1
2
1
2
3
1
1
1
65
1
1
1
1
1
1
1
1
1
1
1
319
5
1
1
1
1
3
1
1
1
2
1
1
1
2
1
5
83
42
171
57
1
1
3
19
7
16
459
4
1
23
7
609
48
1
1
1
1
4
506
1
1
1
219
63
1
1
1
3
1
40
11
1
2
1
1
1
1
2
3
1
1
1
1
1
1
32
1
1
1
1
1
10
132
3
57
13
2
10
2
2
2
1
1
2
1
3
1
2
3
2
1
2
6
1
427
1
1
115
1
34
5
1
6
2
11
17
1
110
1
4
4
38
198
73
1
2
6
1
1
1
1
1
6
1
1
1
1
1
1
1
1
1
1
7
1
1
11
1
41
42
2
1
434
3
1
2
1
1
1
5
7
3
1
15
2
2
1
63
4
1
1
1
1
20
128
6
13
73
1
17
4
1
1
2
4
2
1
3
1
1
49
2
2
6
2
1
1
1
3
8
29
1
4
1
2
3
11
15
118
1
12
1
1
15
1
3
1
1
1
1
1
1
22
2
1
3
2
1
1
1
3
213
1
1
1
1
1
1
1
6
1
1
2
2
1
1
1
1
16
7
1
3
1
2
42
1
1
1
6
1
1
3
8
33
1
1
1
1
2
2
4
4
25
1
2
1
1
1
1
1
14
1
1
2
1
23
1
1
1
1
4
1
3
2
1
2
56
1
1
18
1
4
1
1
1
1
4
10
1
1
11
1
5
12
6
1
2
1
2
3
1
4
2
3
1
1
1
1
1
4
1
1
1
2
2
1
1
200
16
40
1
4
1
3
3
6
5
1
2
1
1
1
1
4
2
4
1
1
22
1
4
1
17
2
2
1
3
1
1
1
67
1
8
1
1
25
1
1
1
1
1
1
1
30
3
2
1
1
1
1
37
39
1
6
1
1
1
1
1
2
1
2
2
4
3
1
2
2
2
1
1
17
1
1
1
8
1
1
19
20
16
1
1
1
1
1
1
1
1
2
1
1
25
3
1
3
5
2
2
1
67
1
7
1
1
1
1
2
2
1
1
4
2
5
2
1
1
1
1
12
5
1
1
1
1
57
41
1
1
2
1
1
1
122
14
95
49
1
1
1
42
2
1
227
1
1
39
74
3
5
129
1
5
1
1
2
1
1
1
1
1
3
3
2
1
1
1
1
1
1
1
1
1
2
12
2
3
1
1
1
1
6
4
22
11
1
123
24
15
1
42
3
66
3
1
5
3
1
3
1
1
1
7
1
1
2
1
25
1
2
1
2
1
1
27
130
1
3
9
61
2
1
1
1
3
2
1
1
5
1
38
4
27
1
2
2
1
1
1
2
181
1
1
11
1
21
1
14
3
3
1
1
1
1
1
2
1
15
243
9
1
2
3
316
1
1
2
1
335
2
2
2
2
2
4
1
11
1
1
1
1
2
1
1
4
145
1
1
1
2
86
7
2
1
3
2
1
1
2
2
1
1
9
1
4
2
1
597
3
23
5
2
8
241
514
1
1
1
1
1
2
1
7
1
1
1
8
2
1
3
3
1
125
1
1
3
1
1
1
85
2
2
1
2
5
33
157
151
5
1
1
2
1
1
3
1
7
4
1
38
51
1
6
2
1
2
1
1
1
2
3
2
1
3
1
1
1
3
3
6
2
1
2
1
1
1
6
13
1
2
2
2
4
1
4
18
2
1
1
1
2
1
1
1
1
1
7
1
1
4
1
1
2
1
2
10
50
20
1
3
42
1
1
1
2
1
1
6
1
1
1
1
1
1
2
2
1
15
1
4
1
1
6
1
2
2
167
1
13
6
1
14
97
1
1
1
11
2
1
3
1
8
1
2
1
1
1
1
1
1
1
1
1
1
1
1
1
1
1
1
1
3
3
1
1
8
30
7
108
1
1
1
7
1
1
340
1
1
1
1
1
1
1
1
1
1
1
2
19
2
1
2
3
1
1
1
1
2
1
1
2
1
1
1
2
1
3
1
1
12
1
1
2
1
2
1
1
26
1
80
40
68
18
25
23
166
55
1
1
1
1
1
16
1
2
2
1
2
1
1
6
67
1
7
1
2
3
1
1
2
1
1
2
1
1
11
1
2
10
1
1
1
6
1
1
2
3
1
1
2
2
1
2
1
1
1
4
5
3
5
54
9
7
35
84
1
9
27
5
3
1
1
1
6
1
17
1
1
6
1
5
1
1
1
1
58
1
14
1
75
48
105
3
2
1
1
13
3
1
19
19
3
1
2
1
1
2
87
1
1
1
2
1
1
1
26
6
7
1
1
1
1
6
3
1
10
32
1
287
1
1
1
3
262
5
4
5
1
17
1
2
7
10
1
1
1
1
1
2
1
1
3
1
2
1
1
1
1
1
1
4
236
2
1
1
1
1
12
20
21
1
1
1
1
1
8
1
1
1
1
1
1
1
4
1
1
1
1
1
1
1
1
1
1
1
1
50
58
1
1
1
1
2
1
1
1
1
1
1
1
2
1
1
1
1
2
9
1
2
1
1
1
1
4
2
1
101
1
10
1
1
5
11
2
1
1
1
1
9
1
2
2
1
1
1
2
1
1
1
1
1
4
1
2
1
10
2
1
1
3
1
22
7
2
1
1
1
400
1
8
1
1
3
1
11
7
1
2
15
1
3
1
5
1
1
3
1
35
3
1
1
24
378
8
5
1
2
1
1
3
1
1
4
2
2
6
1
1
11
1
8
3
2
577
1
1
2
1
2
3
7
1
1
1
3
1
1
17
1
9
1
1
56
1
2
96
2
1
2
7
1
1
6
1
190
3
3
1
1
2
1
2
3
1
1
15
1
9
1
1
1
1
2
2
9
1
1
1
5
1
7
93
2
2
5
4
23
1
77
17
55
15
3
3
1
1
1
57
2
25
28
1
3
4
98
1
2
1
1
2
2
6
1
1
1
4
6
1
1
1
1
1
79
3
295
3
1
2
1
1
1
6
1
4
4
1
1
1
1
1
3
31
1
2
1
1
2
1
6
1
1
1
1
1
1
3
1
10
119
5
36
1
1
1
1
2
2
2
297
65
1
2
1
1
1
1
2
1
1
1
4
1
3
1
1
1
1
1
3
1
1
1
6
1
1
1
1
2
1
6
1
1
1
4
1
1
1
1
1
1
2
4
1
6
1
1
1
2
2
1
1
3
2
2
1
3
7
1
1
1
1
1
1
1
1
1
1
4
1
8
10
312
401
21
2
2
1
1
1
4
24
2
38
1
10
2
1
30
178
15
1
1
1
15
11
2
1
8
1
1
1
1
1
122
1
37
19
75
71
2
1
1
1
1
1
2
1
1
1
1
1
1
2
1
1
4
1
412
2
17
1
46
1
1
1
1
1
3
1
1
7
13
2
2
1
14
1
1
1
17
1
1
5
2
1
1
1
3
121
1
45
1
13
1
1
1
1
1
2
35
2
94
1
9
26
1
6
1
1
1
2
2
9
2
3
1
1
6
478
56
1
1
1
1
2
29
1
1
2
3
27
1
6
1
8
349
2
2
1
1
3
2
32
1
1
1
2
4
1
11
1
214
1
3
39
7
2
1
2
1
1
1
1
1
1
1
3
1
2
1
1
18
336
6
7
2
2
84
1
9
1
14
3
440
5
1
700
1
2
1
1
1
2
1
1
1
1
1
1
1
1
1
1
1
1
1
1
1
3
1
1
1
1
7
4
1
5
1
2
2
1
1
1
1
1
2
2
1
36
23
1
1
17
6
1
1
2
1
19
90
1
1
2
3
5
1
2
1
1
3
2
2
1
1
1
9
33
5
2
5
1
23
10
1
1
8
8
3
1
1
2
1
1
1
1
1
1
1
3
1
1
1
1
41
1
1
1
2
1
1
12
1
1
1
1
1
1
2
2
22
1
2
2
10
1
38
8
1
1
1
9
2
1
1
1
1
1
1
3
1
1
1
4
44
1
2
10
1
2
1
1
2
4
1
2
3
4
1
1
2
100
1
1
1
2
1
1
3
1
1
1
359
4
2
24
122
4
27
4
17
2
1
17
1
1
1
78
1
5
1
1
1
1
1
1
1
1
1
1
1
2
5
1
2
1
1
1
1
1
1
1
2
2
1
124
37
2
1
5
1
2
2
8
1
11
1
12
1
4
1
4
2
243
3
2
3
1
1
1
1
603
31
1
6
1
4
8
33
7
9
2
17
1
1
1
23
1
1
1
1
1
1
1
1
1
5
1
4
2
2
1
2
1
2
11
12
1
1
518
1
1
3
1
13
1
1
1
1
1
18
11
1
9
1
1
1
1
7
1
7
2
4
49
6
1
86
1
1
36
1
3
1
1
8
2
6
1
1
2
1
1
1
1
1
1
25
4
1
1
29
1
3
16
7
1
4
1
6
34
3
1
1
2
1
3
1
1
2
1
2
1
5
1
14
2
1
3
2
4
4
63
3
372
3
1
1
2
1
3
1
1
7
1
1
3
1
2
1
1
1
1
1
1
1
1
1
1
2
7
8
1
1
8
11
1
1
2
1
1
1
1
1
1
1
29
1
10
1
7
1
6
3
1
1
1
1
1
327
2
3
2
8
1
3
1
5
1
1
1
1
2
5
16
1
196
1
1
6
1
1
1
1
1
1
1
1
3
1
1
16
1
1
28
1
1
1
3
26
1
1
3
1
2
1
32
1
5
2
31
1
1
11
1
1
1
2
2
1
2
2
15
175
1
2
1
64
3
5
1
1
1
1
6
1
1
37
1
22
1
88
21
114
43
7
59
90
36
9
2
1
1
1
5
4
18
1
1
1
39
5
4
1
1
3
6
2
1
4
1
1
1
11
1
4
1
1
1
1
1
125
34
11
2
1
22
2
2
1
1
1
6
2
1
2
37
1
2
1
2
2
1
1
1
373
67
1
1
1
2
1
1
1
2
2
1
9
2
1
4
2
430
110
13
67
43
4
1
14
10
1
2
160
1
1
3
1
21
3
1
18
11
4
4
7
27
1
2
1
1
1
10
2
2
1
1
1
1
1
1
1
1
4
3
3
1
5
16
2
1
1
9
7
1
4
2
3
1
5
283
1
2
123
2
43
5
12
8
1
1
1
1
6
1
1
10
3
1
2
1
1
1
1
1
1
1
3
3
194
44
1
1
29
1
1
1
2
2
6
2
1
4
1
1
110
123
1
168
1
1
1
1
24
48
4
2
1
4
2
1
3
1
1
1
1
1
2
2
1
1
6
211
1
2
1
16
2
23
1
1
1
1
426
1
5
1
17
1
8
2
1
1
108
1
2
1
4
1
1
1
1
30
2
1
1
3
22
29
4
3
1
1
2
1
62
1
1
1
1
1
1
1
3
154
1
2
1
1
2
6
18
1
1
1
1
5
4
1
1
1
65
1
10
2
1
1
1
2
49
1
1
1
36
224
2
1
1
2
4
1
2
11
1
1
1
1
2
1
4
2
2
1
1
1
1
2
1
1
1
1
1
3
1
1
1
1
1
4
149
1
1
2
32
2
1
11
1
34
1
1
4
1
25
11
2
1
1
7
4
2
3
1
158
17
10
6
248
157
1
1
1
1
6
1
2
1
2
504
1
13
1
5
5
1
2
1
2
12
1
14
1
1
4
2
1
1
3
19
1
1
10
4
32
1
286
11
1
1
1
1
1
1
340
2
21
3
1
1
1
19
18
1
1
2
2
2
3
1
64
1
3
12
1
11
1
11
1
2
3
1
1
5
4
2
1
2
15
2
1
42
55
1
2
1
1
3
1
2
1
5
4
17
4
3
3
4
5
1
1
17
2
3
1
4
1
1
2
1
208
1
1
2
1
1
2
1
3
6
1
8
1
3
1
1
1
2
1
634
3
248
16
1
1
33
5
1
2
30
1
6
7
24
8
1
1
64
16
10
43
4
1
1
1
2
2
64
7
2
3
2
1
1
1
1
3
1
1
1
2
1
1
1
1
1
2
365
1
1
401
1
1
1
3
1
1
3
2
1
2
1
1
1
15
1
104
1
1
5
1
2
1
25
2
1
24
3
55
2
1
2
1
1
1
120
58
2
8
2
1
1
10
40
2
39
3
1
1
1
1
1
1
1
1
10
1
3
1
14
1
1
2
1
1
1
5
1
1
1
1
1
12
2
44
2
1
1
17
10
1
2
1
1
1
6
1
1
13
1
3
1
256
2
3
6
35
4
17
2
1
1
2
2
2
362
1
1
1
1
2
1
1
1
1
1
1
2
1
1
2
2
2
1
3
71
2
10
23
9
1
1
5
7
17
1
25
1
12
1
90
2
1
1
13
2
1
4
2
189
1
1
1
1
1
1
1
1
6
1
1
6
2
1
1
1
1
1
1
6
2
188
1
3
1
6
1
2
1
2
1
1
5
2
1
1
1
1
86
1
8
1
3
1
3
1
17
17
1
1
2
1
1
2
2
136
6
6
1
2
1
1
3
1
2
13
1
3
1
1
2
1
1
1
2
1
1
7
10
232
2
2
1
2
2
1
5
6
2
156
6
1
1
1
1
1
1
3
1
199
2
1
3
1
1
95
29
294
94
91
3
1
1
1
1
11
1
9
1
1
1
2
12
1
8
3
31
1
4
1
1
1
1
1
1
1
3
66
3
4
1
3
1
1
35
1
1
1
3
1
1
18
1
3
1
1
1
2
1
3
1
1
1
2
1
6
2
3
23
4
50
2
3
380
1
1
2
1
1
1
4
1
1
2
1
1
2
2
2
3
5
1
1
1
2
1
26
3
28
1
5
1
2
4
1
2
5
1
2
1
1
17
13
1
1
9
1
1
1
4
1
21
3
65
39
1
1
1
1
1
1
1
1
1
1
8
2
1
1
10
10
2
9
1
42
1
4
2
1
4
12
1
1
1
1
1
3
1
2
1
1
2
1
3
32
1
1
2
1
2
1
1
2
56
1
1
1
3
2
1
1
1
1
28
8
1
1
1
1
1
1
1
1
1
1
3
1
7
16
1
12
34
1
28
1
1
12
2
1
1
2
8
1
5
1
1
12
2
3
1
1
2
1
12
6
1
335
1
1
1
1
1
1
1
1
1
8
1
2
2
2
1
1
1
1
1
1
1
1
1
1
1
1
2
2
6
16
2
1
1
2
5
1
1
1
1
1
2
2
18
2
1
10
203
196
2
1
1
2
536
10
1
1
1
2
1
1
3
1
1
1
4
1
1
1
1
1
1
1
1
20
1
71
5
1
1
1
1
1
5
1
1
1
1
1
1
1
2
37
1
2
1
2
1
1
43
3
1
3
17
4
1
1
1
1
1
14
1
1
1
1
1
1
1
1
1
2
1
1
3
1
1
162
1
1
1
2
6
9
1
35
21
252
230
10
17
3
10
8
1
1
18
9
26
14
16
190
1
2
6
2
23
30
11
1
1
3
4
1
12
1
3
1
2
4
2
20
1
52
3
194
19
84
14
2
31
6
93
143
33
22
36
67
15
12
23
1
150
306
6
6
2
38
8
297
1
2
1
2
1
1
1
40
4
7
1
4
1
1
377
14
23
27
25
2
107
2
1
7
28
3
58
67
1
2
1
1
14
1
1
1
1
2
24
1
3
1
5
2
1
5
12
5
2
1
1
37
2
47
4
26
12
1
2
6
3
4
9
1
1
1
235
7
1
2
1
1
1
17
11
1
1
1
3
1
9
1
1
1
2
3
2
1
1
3
1
3
7
2
5
1
1
1
1
162
1
1
1
3
1
1
13
1
1
1
6
3
1
2
126
6
1
5
108
44
1
9
4
3
1
1
2
1
4
206
2
1
4
1
1
2
1
7
1
1
1
1
1
1
1
2
1
1
9
1
3
7
11
1
1
2
53
1
11
1
1
18
1
9
2
14
2
1
1
492
1
1
2
2
1
1
1
1
3
1
1
1
1
1
2
1
2
3
2
1
1
2
1
1
87
1
2
1
1
7
1
1
1
1
1
3
1
8
2
1
1
1
1
4
1
44
1
443
2
2
2
1
1
3
1
1
1
1
12
1
1
1
1
1
3
1
1
1
1
1
1
1
8
1
1
4
1
30
6
9
21
2
1
2
2
1
3
2
2
2
2
16
4
426
5
1
1
3
1
1
3
1
1
1
1
1
6
8
2
1
1
1
1
1
3
4
15
1
1
1
10
1
1
2
4
1
4
125
1
1
1
5
1
1
1
5
15
2
1
1
1
1
121
1
2
3
1
1
5
41
1
15
2
4
3
1
2
23
4
8
1
2
1
1
4
1
6
1
1
6
125
8
1
1
2
2
1
1
3
1
4
4
1
366
1
9
1
1
1
2
8
374
1
2
29
6
1
5
11
1
697
1
322
61
94
9
18
7
5
9
1
1
1
24
1
1
1
1
1
11
5
1
1
1
1
1
3
3
5
263
3
3
1
27
2
1
2
3
3
1
11
1
1
1
7
1
4
4
1
3
1
1
1
1
1
10
6
21
419
1
1
1
554
29
21
90
1
1
2
1
22
2
221
36
8
14
1
5
25
3
21
6
39
50
42
47
12
9
7
1
2
1
2
5
2
1
1
1
3
7
1
4
2
1
1
1
115
18
16
1
1
7
10
4
3
2
1
2
1
3
1
15
10
2
1
2
1
1
1
1
1
3
1
54
1
1
1
3
1
1
1
1
1
1
4
1
1
1
1
19
63
2
38
2
1
3
1
1
1
1
1
1
1
3
5
1
2
1
2
19
14
1
4
1
2
2
3
1
39
99
117
193
2
1
1
1
14
1
43
209
23
2
84
95
19
2
6
3
1
1
3
1
1
5
1
3
1
1
13
1
1
1
1
1
1
1
6
1
1
1
1
1
1
1
1
1
2
1
1
1
1
1
1
1
1
1
1
2
1
2
43
1
1
94
1
1
515
1
2
1
1
4
1
3
1
1
1
3
2
3
2
1
1
1
1
1
1
3
1
1
1
1
3
1
1
1
1
2
13
2
1
1
1
1
1
1
2
1
1
1
3
1
18
89
73
1
39
49
97
15
205
1
5
272
7
2
3
11
144
18
6
5
3
15
2
1
1
1
1
1
1
3
1
1
231
1
1
389
2
1
204
2
1
32
2
1
8
11
1
267
1
1
27
1
1
1
1
1
2
1
1
2
2
208
1
1
1
2
1
1
1
1
1
4
3
1
1
1
1
1
4
1
1
86
7
51
145
84
4
1
1
1
1
2
2
1
1
1
1
2
2
3
1
1
2
1
2
1
1
1
1
1
1
1
7
1
1
1
1
1
2
1
1
2
1
1
1
1
3
1
5
1
1
6
21
1
1
2
6
1
76
75
9
2
38
40
439
2
1
7
19
1
1
1
2
1
2
1
3
1
1
1
1
2
2
6
1
45
1
1
4
82
1
1
1
6
1
1
1
4
1
2
2
1
2
2
1
1
2
4
1
1
1
1
3
1
1
1
2
1
3
2
1
16
1
1
17
1
1
1
2
2
1
1
2
1
3
1
1
29
1
2
1
1
87
2
1
1
1
1
1
1
1
1
1
1
275
3
1
12
1
1
1
1
1
1
5
1
1
2
2
1
1
3
2
2
1
2
1
1
1
1
2
1
1
1
1
6
10
1
2
7
1
1
1
1
1
1
1
1
1
1
3
1
1
1
1
1
1
1
1
1
1
1
1
2
1
3
2
2
1
1
14
37
1
12
10
3
2
4
2
40
1
98
14
375
4
21
10
3
3
5
48
251
8
5
6
2
3
1
218
3
1
1
4
1
5
8
415
1
1
1
1
1
2
1
1
1
1
4
1
1
182
195
80
161
8
83
1
1
2
5
2
1
1
1
26
1
3
2
1
1
1
1
3
1
1
1
1
1
1
1
1
1
1
2
1
1
1
3
1
2
1
3
2
1
1
5
1
1
1
3
2
2
2
32
2
4
1
1
1
8
2
1
3
1
1
2
1
1
3
1
2
1
1
1
1
1
327
3
1
1
1
59
1
1
1
5
1
2
1
5
1
1
1
2
1
1
1
2
1
2
1
1
1
1
1
1
3
1
1
1
1
1
1
2
1
1
3
1
3
18
1
2
1
1
1
1
1
1
1
1
2
1
2
1
1
1
159
1
1
2
1
3
1
1
1
1
1
1
7
8
31
3
1
1
1
1
3
3
1
1
12
1
25
1
1
1
3
2
15
3
3
39
2
1
1
26
1
8
89
1
1
1
47
39
1
1
2
5
1
7
1
1
2
2
1
1
1
1
1
5
1
1
3
1
1
1
26
1
12
4
1
1
1
1
14
2
1
1
1
4
1
2
1
6
1
1
3
1
1
1
3
2
61
1
3
3
52
1
2
2
2
2
2
1
1
1
1
4
1
3
1
1
2
1
2
1
1
1
37
2
3
1
9
2
3
3
2
3
16
27
1
1
2
1
36
1
1
10
11
2
1
22
2
1
1
1
3
41
1
10
2
1
1
13
4
5
21
4
2
95
27
46
37
2
1
2
1
1
1
12
1
44
75
26
6
33
1
1
1
8
2
1
2
127
11
3
2
4
7
16
337
1
22
131
116
3
1
1
1
1
1
1
2
3
1
1
1
1
2
238
1
1
2
1
1
1
4
3
1
1
2
1
1
1
4
1
1
27
1
30
4
1
7
5
3
2
21
1
2
1
1
1
1
1
4
2
1
1
1
3
4
1
7
1
6
1
8
1
14
2
1
1
1
4
1
3
1
3
2
1
1
1
6
2
3
1
66
1
2
1
2
11
2
1
4
1
1
5
8
1
2
1
3
52
6
1
1
4
3
3
20
4
2
1
5
1
1
6
26
6
198
16
1
1
1
10
1
1
607
1
5
50
1
4
11
2
1
2
3
1
13
1
16
2
1
1
1
1
1
1
1
1
1
1
1
1
1
1
167
1
1
6
1
3
2
1
9
1
1
7
1
2
9
1
1
2
30
5
1
3
2
3
1
3
2
1
1
1
1
4
2
4
1
1
1
5
2
2
1
1
2
257
1
1
1
1
5
2
2
1
2
2
4
2
1
1
1
1
1
1
1
2
4
1
3
1
1
4
23
1
2
1
4
1
1
80
1
2
1
1
9
1
8
1
1
1
1
1
2
5
1
9
1
1
1
1
1
14
1
3
1
5
1
2
9
3
1
2
1
2
31
1
1
1
1
1
10
1
1
11
22
1
1
1
2
3
3
1
1
1
2
1
1
1
2
3
1
6
1
6
184
1
2
1
2
1
1
1
1
4
1
1
3
1
1
1
2
1
286
4
2
1
3
2
3
1
335
1
1
2
2
1
3
1
1
1
7
38
1
3
1
1
2
2
1
4
1
1
10
1
1
1
1
1
1
1
19
2
1
20
20
6
2
1
1
1
7
2
1
1
1
1
1
1
7
22
22
1
8
2
1
1
1
1
1
1
2
1
1
1
1
1
4
1
2
1
1
2
6
1
1
2
2
2
1
1
5
37
1
1
1
1
1
1
279
1
3
1
5
6
1
4
1
6
6
4
2
1
1
1
1
19
16
8
12
1
13
1
13
3
41
15
1
8
3
327
1
2
13
12
1
5
3
5
1
1
5
46
1
1
11
1
9
4
116
9
4
12
1
1
1
1
1
1
2
1
4
3
1
1
1
2
1
1
1
1
15
1
16
1
1
5
1
1
16
9
1
13
1
1
4
33
6
2
1
1
1
1
1
1
2
8
1
1
1
2
1
1
1
1
1
1
2
1
22
1
3
1
1
1
22
2
19
1
3
1
9
11
1
2
1
38
1
1
1
1
1
3
1
3
1
1
216
1
3
153
1
2
1
1
1
1
7
2
3
1
2
1
9
1
1
1
1
21
1
1
1
1
1
2
8
29
28
1
172
3
126
8
2
1
3
6
1
5
1
1
1
594
1
1
5
7
4
1
1
1
1
1
1
8
9
2
1
1
2
2
12
2
5
5
3
1
1
1
1
1
3
11
2
1
3
2
1
1
5
1
1
1
299
4
2
1
1
1
1
1
1
2
1
1
15
1
1
18
1
1
1
2
1
2
1
1
1
2
2
7
1
1
2
3
3
1
1
3
1
4
3
2
2
1
9
6
1
1
1
1
2
16
1
4
3
1
8
1
1
27
35
1
15
2
1
25
3
2
3
1
3
3
1
2
2
2
1
1
2
1
5
1
1
1
1
1
1
1
2
1
2
1
2
1
1
1
10
2
13
1
1
1
1
1
4
3
1
2
1
6
1
2
1
3
2
4
1
5
23
1
1
1
3
6
1
8
2
2
1
1
2
2
142
8
1
2
1
2
314
1
2
1
1
1
1
1
454
1
1
1
1
3
4
1
1
556
1
1
1
1
1
2
1
1
1
1
1
206
3
1
2
5
1
1
2
1
1
1
49
13
1
1
1
1
2
1
35
1
2
7
1
4
3
1
1
2
1
1
1
4
2
1
1
1
4
2
1
1
1
3
5
1
1
2
1
1
3
1
1
2
60
1
1
2
2
1
1
2
1
1
1
1
1
1
2
1
1
32
12
1
2
2
15
2
7
5
4
2
1
4
1
3
1
2
2
1
1
1
1
1
2
1
1
1
11
1
6
2
2
2
1
2
1
9
3
1
1
3
1
1
1
1
1
87
1
1
1
14
1
2
1
36
1
380
7
1
1
27
10
1
1
2
24
1
1
2
1
6
1
2
1
1
1
1
7
1
1
5
1
2
3
1
1
5
3
2
3
1
2
2
2
1
12
1
1
4
2
1
2
2
2
1
6
1
2
1
6
1
1
23
69
4
2
1
2
1
1
6
1
5
1
1
1
6
1
1
1
562
2
3
31
1
2
1
43
1
1
2
1
1
47
20
1
2
2
2
1
1
1
2
1
1
1
1
2
1
3
1
7
13
1
2
463
1
3
1
1
1
495
2
2
3
1
1
15
2
3
2
4
2
3
2
1
1
1
2
1
9
2
1
1
2
2
1
1
1
151
3
2
8
1
1
1
6
1
9
1
1
199
1
2
61
1
1
5
1
5
1
6
2
5
4
27
3
1
1
18
2
1
1
1
1
2
11
6
1
1
1
1
6
13
47
1
3
2
2
35
74
23
7
1
1
6
8
25
3
3
1
2
2
2
7
74
1
1
2
1
1
1
1
1
5
1
2
3
1
2
5
1
2
1
2
4
25
6
5
11
2
50
1
3
1
2
2
3
17
2
4
2
1
28
1
1
1
1
5
1
1
3
11
4
1
1
1
6
1
1
2
1
1
1
1
1
1
1
1
1
1
1
1
2
1
1
1
66
4
1
1
1
2
1
83
207
31
77
30
130
9
1
4
1
1
10
1
1
3
1
4
5
1
1
1
1
1
212
1
2
1
1
15
2
1
17
535
715
64
4
13
8
30
1
1
1
1
1
1
1
1
5
1
1
1
40
3
1
1
193
15
1
1
79
1
1
9
39
1
5
10
5
1
1
1
1
2
1
1
8
29
1
1
55
1
3
1
2
2
9
1
24
1
1
1
1
2
1
11
4
1
1
1
4
5
7
4
251
1
1
1
11
3
1
1
4
1
1
13
1
1
1
2
1
1
4
1
4
2
1
2
1
1
1
1
2
1
1
3
3
8
3
9
1
8
6
1
1
5
7
46
1
1
1
3
1
1
1
6
1
1
4
1
3
1
1
1
11
1
3
9
3
1
2
2
1
1
1
2
1
34
1
86
1
2
1
49
6
9
67
10
4
1
1
5
1
2
1
1
2
1
5
1
1
2
3
4
25
1
22
1
28
17
13
10
56
2
11
1
1
5
3
3
8
1
1
2
7
32
1
9
2
1
8
1
1
2
1
1
1
1
1
2
1
57
1
1
19
1
7
1
87
1
9
1
1
1
2
3
1
1
85
2
2
5
3
1
3
6
7
4
69
2
1
1
1
1
1
7
1
1
1
8
8
9
1
3
1
9
1
4
1
1
1
4
13
3
1
2
1
1
1
4
1
2
1
1
1
1
1
1
1
1
95
4
2
5
12
2
7
6
3
3
3
2
6
1
2
1
1
1
1
10
1
3
1
1
9
1
11
5
1
2
3
1
1
1
2
1
1
3
2
1
1
1
1
5
5
3
2
13
1
1
1
2
1
2
49
8
83
49
17
13
130
34
257
1
61
1
18
53
1
5
1
1
351
8
2
1
1
1
1
1
2
2
2
1
2
13
5
1
4
1
4
6
133
8
4
1
4
1
7
1
1
4
1
1
1
1
169
1
6
3
1
9
3
1
1
1
2
1
1
1
1
1
1
1
1
1
7
1
2
1
9
19
2
1
4
1
1
1
2
3
1
26
2
3
1
1
1
1
1
1
3
401
11
2
1
1
4
3
5
11
3
2
3
1
120
42
2
1
1
1
2
2
1
1
4
1
1
2
1
2
1
9
1
3
1
1
1
1
1
2
1
4
1
1
5
1
1
42
1
1
1
2
1
1
12
1
2
2
2
1
1
1
24
5
1
1
2
2
3
1
1
1
1
2
18
2
1
1
2
1
5
3
1
62
1
7
1
1
2
3
1
6
1
1
1
1
1
1
2
1
1
1
1
27
1
20
26
1
328
1
20
11
6
2
1
4
1
1
84
6
31
1
1
1
1
2
1
1
3
2
1
1
3
3
1
2
1
1
1
12
2
1
1
1
1
2
95
11
3
2
1
4
1
1
3
1
1
2
6
5
27
2
1
11
1
12
1
2
1
246
1
12
11
11
1
1
1
1
1
1
1
6
3
1
3
1
1
155
4
1
4
7
1
2
6
3
17
1
2
2
10
1
1
6
1
1
1
2
5
190
4
27
1
1
2
1
1
176
2
1
8
1
1
32
8
1
1
1
410
2
2
559
5
125
2
3
1
180
22
1
1
2
1
2
1
1
3
4
3
6
1
6
3
3
2
1
1
1
2
4
2
1
2
3
54
2
10
1
1
2
1
1
1
1
1
1
2
1
1
1
19
6
3
8
2
2
1
1
2
1
1
2
3
4
2
6
4
3
2
1
1
5
1
1
2
380
1
5
3
1
1
2
4
3
1
18
5
1
9
2
2
8
1
1
1
2
7
607
2
3
1
1
1
1
5
1
8
1
1
1
1
1
11
3
1
44
1
1
2
22
1
7
3
1
2
4
3
1
3
5
2
10
1
1
7
5
2
3
9
4
2
16
2
25
2
1
11
4
1
9
10
86
2
62
1
2
52
22
3
1
2
2
4
3
2
2
1
1
3
2
1
1
552
18
1
5
2
2
1
1
1
1
191
5
4
5
11
3
1
4
1
1
1
1
2
1
1
1
1
54
10
1
1
1
1
2
1
2
1
3
1
1
2
19
4
3
1
1
1
133
1
3
8
5
1
9
2
2
1
1
1
1
1
4
1
1
2
1
1
1
6
1
4
5
1
2
1
4
1
4
1
1
1
1
1
1
2
1
4
1
1
16
3
2
1
223
18
5
30
1
2
1
1
1
2
1
3
2
1
3
36
15
1
20
1
1
2
1
1
1
5
20
4
8
7
9
31
7
7
19
9
6
4
1
11
3
1
5
7
11
1
12
24
23
7
88
1
1
20
348
20
1
1
1
1
1
1
1
1
14
1
1
5
2
1
1
1
2
1
1
12
1
1
172
61
1
2
1
1
1
1
1
1
1
1
1
2
4
2
1
1
1
1
45
1
3
3
1
241
18
5
1
1
2
1
1
1
3
1
1
1
1
65
1
1
1
1
1
1
3
3
1
1
6
1
7
2
1
2
1
13
1
1
1
1
2
2
1
56
15
9
1
1
2
1
1
1
2
9
3
1
2
4
1
3
2
1
1
1
10
3
506
2
5
2
1
1
1
2
1
2
13
1
1
5
24
5
54
1
1
2
6
4
1
1
2
3
2
1
2
4
1
8
3
2
2
1
1
2
12
1
2
5
1
1
1
1
1
2
1
1
1
1
5
8
3
1
1
1
1
1
1
3
3
4
9
1
2
3
2
59
5
1
2
1
4
1
1
3
1
1
2
1
40
1
1
1
10
9
1
1
1
3
2
4
1
1
1
1
1
1
1
2
13
1
1
1
7
1
2
1
1
1
1
1
1
1
1
1
1
1
5
19
2
1
1
1
1
3
3
3
1
3
1
1
4
1
1
1
32
1
1
2
1
2
1
1
1
2
89
1
1
3
5
1
7
10
1
1
1
3
1
2
1
1
2
1
2
1
2
13
1
1
1
1
1
5
3
1
1
1
4
2
1
3
2
1
1
3
5
1
1
1
4
1
1
1
15
1
1
1
4
1
2
1
4
3
1
2
4
2
3
1
2
1
1
6
1
1
1
1
6
2
1
1
4
1
2
1
1
1
1
2
1
4
2
1
4
1
1
1
2
2
1
3
1
54
51
1
3
1
1
7
7
3
2
1
1
1
1
9
1
1
1
1
1
1
1
1
1
119
64
2
1
1
1
1
1
4
1
1
1
1
2
5
16
2
1
5
1
1
1
6
12
1
654
1
1
1
6
263
3
1
7
15
1
28
8
3
1
9
14
1
80
1
1
1
1
1
1
1
1
24
17
25
14
1
1
5
1
1
1
2
50
12
1
1
2
18
1
10
1
3
1
1
3
5
1
1
5
347
15
1
1
1
11
10
1
1
1
1
296
2
6
1
1
8
8
10
1
1
1
4
17
7
15
118
1
1
9
7
1
9
4
4
1
1
1
1
1
2
1
1
2
1
1
1
610
1
2
3
1
11
1
3
8
2
1
1
1
1
3
10
1
5
1
2
1
1
2
1
1
2
2
3
1
1
15
2
1
1
1
1
1
2
6
15
3
1
1
1
1
1
1
1
7
1
1
4
1
1
2
1
1
2
1
7
6
3
1
1
1
6
1
1
1
41
1
4
4
1
1
1
62
