32
13
122
5
130
11
12
23
1
1
3
30
2
102
8
1
49
31
2
3
50
6
43
209
146
8
242
49
26
68
2
50
1
8
59
2
4
91
194
38
14
147
64
164
6
297
113
12
14
78
298
64
12
26
4
25
7
131
445
30
44
15
3
100
19
3
39
5
1
5
53
4
180
148
75
16
170
44
12
53
12
153
8
110
5
16
57
72
1
42
8
20
185
8
6
2
7
343
66
1
79
15
29
2
5
31
301
105
46
54
48
14
222
3
70
7
26
7
306
3
63
57
163
92
253
37
285
2
5
40
6
138
8
333
9
96
26
3
23
2
105
14
4
8
51
106
5
32
27
52
16
5
26
2
42
3
2
1
1
7
104
47
4
18
161
1
3
1
58
13
11
3
1
227
126
16
9
7
54
5
67
4
30
84
163
300
2
8
36
8
13
238
2
204
2
10
5
2
10
31
1
2
69
4
7
16
262
15
4
2
1
122
8
3
56
12
5
74
177
3
2
232
116
11
37
20
3
106
5
27
2
164
72
1
59
2
1
19
4
12
7
62
62
51
2
4
3
25
6
1
199
27
2
6
9
6
63
8
3
23
72
14
4
24
1
12
22
9
68
1
16
4
3
1
3
6
2
4
67
11
58
3
16
1
23
2
22
14
8
31
5
5
148
3
8
6
2
2
39
5
37
50
5
4
134
15
3
28
8
28
32
15
2
26
12
145
435
2
3
162
152
2
3
1
45
28
6
74
42
234
1
1
4
2
254
55
139
45
8
44
2
6
3
70
14
39
252
3
24
158
136
5
23
139
77
4
40
366
6
6
2
33
17
26
22
18
33
23
28
10
23
25
9
1
2
246
68
9
185
2
91
6
89
20
3
9
69
287
31
10
3
2
164
12
32
12
1
3
85
164
8
14
187
44
24
7
2
13
2
7
7
46
56
12
9
41
1
2
8
264
3
6
3
34
9
15
49
21
4
43
41
23
295
8
237
46
16
259
2
216
40
4
6
178
189
106
46
53
186
23
20
1
82
73
44
12
32
32
5
9
33
2
5
6
2
46
104
1
247
10
114
3
251
10
4
1
3
21
3
5
2
31
8
37
10
3
216
57
112
135
313
9
4
23
30
3
5
39
2
1
44
26
66
24
14
5
18
1
2
63
268
64
11
45
6
72
7
29
64
5
2
71
25
157
2
29
1
63
44
10
13
276
75
50
7
10
18
2
1
1
10
17
17
2
20
154
30
10
27
16
3
99
8
112
110
24
2
4
4
2
7
7
161
24
13
7
10
300
5
4
10
2
3
75
51
2
5
3
2
161
162
8
5
11
51
19
116
2
19
1
91
42
7
1
16
6
5
88
4
3
43
38
19
153
181
2
3
1
3
7
190
33
2
1
17
64
256
83
34
1
5
126
12
2
2
4
20
359
33
13
289
93
2
11
216
17
34
38
31
4
5
69
152
5
4
78
17
60
1
14
38
12
2
17
4
6
3
45
102
1
43
56
2
5
16
26
58
52
6
5
60
9
71
14
2
1
26
3
2
11
30
9
4
141
70
71
8
4
11
4
8
10
2
2
10
194
12
1
9
81
25
12
41
11
212
2
9
29
1
3
1
75
18
38
1
229
30
30
2
22
65
31
44
10
17
1
74
139
10
4
5
39
78
3
9
63
5
138
33
4
3
12
7
7
115
4
90
11
12
15
48
46
4
77
13
3
8
19
2
28
57
6
2
4
142
17
2
391
18
199
13
107
3
3
75
1
1
9
19
126
229
4
176
1
19
13
149
2
1
88
2
37
80
1
3
2
168
12
16
92
4
183
80
267
245
7
160
17
4
132
45
4
3
18
35
1
3
36
1
3
4
1
100
125
20
70
1
11
13
13
35
4
168
5
2
48
44
10
31
7
71
2
6
3
18
10
2
6
361
41
5
19
38
3
26
28
8
64
37
32
20
276
1
70
2
268
11
6
15
22
7
10
82
254
297
53
3
3
284
350
194
2
150
30
3
15
1
80
47
282
13
2
2
11
19
4
46
46
8
56
359
145
2
2
3
92
375
44
64
4
130
151
1
14
18
393
1
19
27
168
203
15
265
10
8
211
5
3
13
2
4
2
3
4
16
24
1
201
2
6
32
7
1
124
5
2
9
68
22
202
1
2
5
1
18
43
1
31
2
14
1
27
3
80
12
98
3
3
21
36
63
3
26
24
192
87
19
21
4
45
5
9
84
8
2
2
27
79
30
112
27
7
101
67
23
102
165
4
30
2
2
1
171
2
20
130
217
5
169
6
96
2
2
18
3
57
10
2
57
23
4
375
2
63
236
312
4
5
183
4
13
46
102
1
154
2
160
9
4
43
9
18
3
10
62
1
20
1
3
2
16
226
3
49
1
124
6
11
11
2
40
19
3
4
36
170
8
37
133
2
1
128
1
31
25
18
150
4
2
10
2
37
9
52
79
238
1
54
2
1
4
428
163
16
205
61
91
9
86
205
11
229
7
10
204
10
1
40
190
144
18
4
3
14
2
5
20
43
19
6
21
53
3
267
183
89
47
181
173
20
126
2
45
3
15
13
4
28
22
16
38
5
93
136
20
2
21
58
12
2
107
2
64
14
3
256
1
13
6
91
230
2
31
71
101
2
20
33
309
99
4
79
2
10
8
140
1
9
114
143
80
11
231
1
61
21
11
1
1
1
240
2
1
117
3
2
22
8
8
2
93
4
44
8
123
1
63
76
22
25
1
