7
1
52
31
3
173
94
1
1
163
77
3
50
34
44
284
2
78
37
97
3
2
199
15
2
7
82
147
1
224
16
169
73
421
112
390
319
4
100
52
55
46
22
36
32
38
13
1
60
136
167
3
112
2
2
290
244
275
101
438
82
18
1
67
243
241
87
32
463
165
156
260
21
385
2
39
308
32
1
213
1
128
120
18
2
8
42
4
38
20
21
34
192
30
200
19
4
329
1
4
52
237
5
19
39
58
102
74
10
649
4
249
208
128
162
6
66
23
71
146
288
1
42
6
135
94
6
184
189
1
10
52
50
2
27
107
29
1
171
86
3
7
88
269
101
53
4
296
19
1
5
90
10
309
5
3
94
3
32
1
15
1
37
3
89
43
196
300
1
2
388
16
80
1
18
42
100
1
87
25
1
1
13
1
105
33
23
4
34
53
3
249
78
11
4
18
4
101
26
88
1
379
4
109
383
3
18
283
19
9
18
66
60
1
7
3
20
27
11
4
4
1
2
7
154
58
47
21
52
17
66
8
1
38
6
282
137
172
119
7
10
3
34
645
39
5
1
28
74
23
7
63
19
29
1
151
3
14
7
78
22
10
273
1
135
228
9
1
20
39
44
9
2
44
1
43
35
2
157
10
97
3
14
62
80
192
4
4
64
200
36
276
57
43
23
321
30
6
18
150
3
19
83
11
70
28
32
2
52
7
104
43
49
183
9
168
86
55
8
57
97
1
9
10
72
7
19
25
33
28
77
156
58
30
27
11
127
111
62
78
7
40
40
17
5
12
2
103
26
114
10
75
44
12
21
7
30
185
70
118
247
98
264
111
124
107
23
3
174
114
10
1
6
15
52
119
72
12
10
166
7
2
5
3
32
4
187
60
37
207
111
3
40
59
73
8
1
51
4
1
45
11
20
67
1
8
156
28
1
8
47
60
284
15
70
42
50
31
1
25
184
10
5
8
1
48
77
168
1
223
23
62
36
6
52
363
361
40
39
3
6
105
1
11
1
2
64
2
2
2
8
9
55
20
7
24
39
47
21
39
169
14
187
5
54
128
10
220
49
66
9
12
8
14
185
73
7
18
38
31
589
53
8
13
80
112
1
197
452
2
524
134
41
1
59
66
677
27
548
55
4
75
53
6
20
2
52
1
2
130
12
5
41
454
5
13
62
41
469
62
113
21
40
78
104
3
92
34
1
101
27
4
281
47
115
1
2
20
2
35
190
43
291
5
497
554
24
6
282
46
28
24
3
42
30
7
16
11
3
103
182
44
18
3
31
29
297
335
3
40
9
12
68
2
1
6
136
106
54
83
228
18
1
84
284
8
67
12
214
49
176
71
10
6
4
75
2
5
35
141
1
47
13
277
172
86
7
9
8
63
1
4
55
4
2
275
1
37
515
29
172
44
8
18
4
435
143
45
31
60
76
5
44
5
18
13
12
65
202
20
26
91
33
24
76
3
70
69
247
123
3
19
61
170
5
186
13
55
241
72
5
48
63
76
24
37
589
8
58
45
96
176
32
200
12
9
7
552
28
171
92
10
509
90
12
2
280
2
142
147
5
748
2
35
34
23
159
64
96
105
11
104
445
2
17
2
9
168
16
44
243
7
1
29
42
89
12
96
4
6
18
32
246
433
62
381
65
10
719
57
14
31
2
403
1
81
13
34
1
42
117
11
26
476
581
21
3
243
18
25
67
61
120
27
106
748
96
3
494
31
478
190
123
556
31
3
53
1
3
50
4
533
8
2
34
40
1
1
133
42
133
1
11
10
50
7
18
9
2
26
24
15
4
55
4
12
56
110
19
2
1
2
1
1
1
18
32
1
1
1
1
1
1
17
1
1
1
1
1
1
1
1
2
18
4
1
1
1
2
1
1
1
1
7
1
5
1
1
3
1
2
51
2
1
13
40
1
2
1
47
122
3
1
9
29
1
1
6
1
154
3
1
1
5
1
1
1
130
1
1
1
1
2
1
1
1
16
1
4
1
11
2
8
1
15
2
3
20
5
1
3
1
1
28
26
1
2
7
1
1
11
1
3
1
1
2
1
6
1
1
1
13
1
4
3
1
65
2
2
20
1
2
2
2
1
2
2
12
1
5
1
1
1
1
15
9
1
1
8
6
23
1
18
1
4
1
2
1
3
2
1
1
1
4
1
1
1
10
1
1
1
7
168
2
1
1
2
1
4
1
1
1
1
1
1
1
3
3
8
1
1
1
38
2
1
2
1
1
5
1
3
1
11
1
1
5
1
30
2
2
2
3
18
21
4
1
1
1
1
92
102
1
1
1
1
1
8
1
1
4
1
1
1
4
2
49
1
1
1
1
3
1
1
1
1
31
2
3
1
1
1
1
1
1
1
1
3
1
3
4
20
1
2
1
1
1
1
7
1
1
2
3
1
1
3
4
22
1
1
1
1
2
2
1
9
1
1
8
1
1
8
1
1
3
1
3
1
1
1
3
3
1
50
1
1
4
5
1
1
1
1
2
1
7
1
1
1
1
1
1
1
1
8
1
2
1
1
99
1
2
6
7
5
1
11
1
1
1
43
5
1
6
1
1
1
1
209
1
1
146
1
4
1
8
1
1
242
3
1
49
4
1
2
7
1
4
3
4
26
6
4
2
2
2
1
8
68
3
1
1
1
1
6
1
3
2
50
1
1
1
1
1
1
2
2
1
1
17
4
26
37
1
1
8
59
5
2
1
1
2
7
1
1
26
1
1
2
1
2
1
1
2
3
4
22
1
91
10
1
1
1
194
1
38
10
1
1
5
14
18
7
1
1
5
1
2
147
1
4
3
1
64
1
1
1
59
2
1
2
18
1
5
2
63
1
27
164
2
6
3
1
1
6
11
1
2
1
297
1
1
1
5
4
1
84
3
1
1
1
1
1
1
3
1
2
1
1
1
1
1
1
1
1
3
1
6
1
1
16
2
1
5
4
1
1
1
1
113
1
1
1
1
2
12
1
2
14
1
1
14
1
1
2
1
2
2
3
3
2
4
1
7
1
78
6
13
1
3
1
4
1
2
3
1
125
1
1
1
5
1
2
3
298
2
2
27
1
7
1
1
1
1
1
1
64
3
1
22
12
1
2
1
2
10
1
1
1
6
1
9
5
14
26
9
19
2
1
4
18
1
1
3
1
1
7
1
1
2
1
1
1
4
1
25
1
2
1
1
1
1
1
1
2
1
2
1
2
3
10
2
1
1
2
2
4
1
1
2
2
7
3
1
131
1
445
13
1
4
1
2
1
1
10
2
30
1
1
4
44
2
3
6
1
1
2
1
1
1
6
1
1
2
2
1
1
1
2
15
1
3
1
26
2
100
19
1
1
1
1
18
3
1
1
1
1
3
1
1
1
1
3
22
2
1
4
1
1
1
3
1
3
4
5
1
15
2
39
2
3
4
1
1
1
1
1
5
1
52
1
120
64
1
1
1
1
8
1
11
1
1
1
1
1
1
80
1
2
1
2
7
1
1
33
1
1
5
1
53
1
1
3
16
2
1
4
180
2
1
1
1
1
4
1
148
1
1
1
1
1
75
39
1
10
1
3
7
4
1
16
1
2
1
1
1
1
170
1
3
1
71
257
1
44
1
3
3
1
3
1
1
9
1
1
1
1
1
3
1
1
1
21
1
12
2
53
12
1
1
1
2
1
2
1
1
6
31
46
1
1
4
10
4
153
12
1
1
74
2
8
2
1
1
1
1
1
1
3
2
1
3
1
1
2
110
2
1
1
1
2
2
1
3
1
11
3
1
5
16
8
1
1
1
57
1
1
1
1
72
11
1
1
1
15
42
18
1
60
2
8
2
2
1
1
1
1
1
6
20
1
3
10
2
18
5
1
6
1
1
2
3
1
2
185
55
1
1
1
55
1
1
1
1
1
4
1
1
1
14
4
1
1
1
18
1
6
7
5
12
1
1
2
1
2
1
7
6
8
1
12
9
1
7
1
13
1
2
3
6
2
1
2
20
1
13
1
1
19
2
3
1
1
1
24
1
2
1
50
1
11
1
1
1
8
2
1
1
1
1
4
2
1
2
1
1
1
2
1
3
1
5
2
1
5
1
1
1
1
7
133
2
1
1
1
1
2
1
1
1
1
1
3
343
1
66
1
2
1
5
1
7
20
1
2
1
1
150
1
1
6
1
2
3
4
2
1
1
2
1
1
1
3
8
1
79
50
1
1
4
2
7
1
5
15
1
1
3
1
52
3
136
1
1
3
2
3
3
2
1
1
2
1
1
1
1
34
2
1
2
1
1
1
7
1
1
4
1
1
1
1
1
2
1
1
1
6
3
2
12
2
1
1
1
51
1
29
4
4
2
2
1
62
5
2
3
1
182
1
9
19
4
3
1
1
1
61
1
1
31
1
1
1
1
3
1
4
1
4
37
1
2
1
1
1
1
1
3
1
1
1
2
1
2
12
2
301
1
1
7
2
3
6
1
1
1
2
1
76
2
1
1
64
1
6
63
2
1
2
1
1
1
1
1
1
10
3
2
1
2
8
1
1
1
105
2
1
2
46
1
5
1
4
1
49
1
1
1
2
1
1
2
1
54
1
6
1
1
1
5
26
1
2
1
1
1
48
1
1
1
1
2
14
1
1
21
1
2
13
2
1
222
1
2
3
70
7
26
1
2
1
1
1
2
5
2
2
1
1
1
1
7
9
1
1
1
41
1
2
32
1
1
1
3
1
306
21
1
3
63
21
3
21
2
1
1
1
3
3
1
1
57
1
1
1
1
3
1
1
163
7
1
1
1
8
8
2
1
1
11
1
4
2
114
1
4
8
1
1
1
1
1
1
92
18
1
2
1
1
24
13
3
1
2
7
1
1
9
83
12
5
42
2
1
1
1
1
1
1
253
1
1
1
1
2
1
1
1
1
37
1
1
285
1
2
1
1
1
22
4
1
2
1
1
1
10
1
2
1
5
40
1
2
1
1
1
1
1
1
6
1
1
3
3
138
1
12
1
1
2
8
7
19
122
1
3
1
1
1
1
1
6
1
1
1
5
3
4
8
1
1
7
6
1
6
8
9
26
1
1
2
1
1
1
333
3
4
2
1
7
9
15
1
96
26
1
1
1
1
1
3
3
1
1
13
1
8
1
1
1
1
2
23
2
1
3
1
1
1
1
3
1
1
1
1
5
105
1
14
2
3
2
19
4
12
1
1
1
9
3
8
2
1
3
1
1
5
11
1
51
106
3
1
5
1
1
1
1
1
11
32
4
1
87
3
2
1
2
27
4
3
52
2
4
1
4
1
5
16
4
3
1
1
5
6
1
12
1
17
5
1
4
1
1
1
26
3
1
1
1
2
1
2
42
1
1
1
2
6
2
1
2
28
1
1
2
3
1
11
1
1
1
1
1
12
12
2
1
1
5
1
1
39
1
1
1
1
1
16
1
1
1
3
1
1
7
104
2
1
47
1
7
1
1
4
1
11
2
1
3
25
1
18
2
3
18
1
1
1
1
2
2
1
1
15
1
148
1
2
1
24
1
1
161
2
6
3
1
1
1
1
1
2
1
1
1
1
4
2
1
1
1
1
197
1
4
3
1
2
1
40
4
1
1
1
1
1
38
1
1
19
2
58
1
13
1
2
11
6
27
12
2
1
4
3
4
1
18
3
1
7
1
1
6
1
53
1
5
1
3
1
1
1
227
2
3
1
1
54
3
1
1
1
97
126
1
7
8
1
1
1
22
16
35
3
1
2
3
9
1
1
1
3
1
1
7
1
4
1
2
38
23
18
1
27
7
2
8
3
1
3
31
1
1
7
2
1
1
1
1
12
2
1
54
1
1
1
2
1
1
1
5
1
1
1
1
1
1
2
1
4
39
8
4
7
2
1
5
5
67
1
1
1
3
1
2
1
2
5
12
1
9
2
4
1
1
3
2
1
1
1
1
30
2
1
1
13
84
163
1
1
9
1
1
1
1
23
12
3
1
1
1
2
8
300
13
3
1
5
3
14
1
2
1
2
1
2
1
3
1
2
2
15
6
1
10
1
2
47
1
8
1
1
1
1
1
1
1
1
2
2
1
1
2
1
5
2
8
1
1
1
3
2
8
36
5
39
1
2
2
64
8
1
2
13
1
4
3
2
1
2
34
2
21
1
4
2
108
1
1
1
1
1
2
1
1
62
2
2
1
1
25
1
2
1
2
3
1
1
2
238
11
45
2
1
1
16
1
3
24
1
1
42
204
2
6
2
8
10
5
9
2
37
1
1
194
6
15
3
2
2
1
6
1
5
8
10
31
5
1
2
3
1
69
10
3
4
7
16
262
15
217
1
1
5
2
4
2
1
1
122
1
1
2
2
1
1
2
8
1
3
1
1
1
1
4
1
2
5
6
1
2
1
2
1
5
4
88
23
7
1
1
1
2
1
1
2
3
1
2
1
2
9
1
1
1
56
1
1
12
1
1
1
1
1
10
1
2
5
6
2
1
2
1
2
1
2
5
1
2
4
1
3
1
2
2
2
3
28
1
4
1
5
2
2
1
1
1
2
3
1
1
2
1
1
1
1
3
74
8
2
5
6
2
177
1
2
1
3
1
1
1
2
1
1
1
1
2
232
2
1
1
1
1
8
1
2
4
1
8
29
1
1
1
1
1
1
1
1
5
1
8
4
2
89
16
145
43
3
4
14
2
1
1
18
1
116
28
1
51
3
190
11
1
4
1
1
3
3
2
1
37
18
1
1
1
1
9
1
1
2
1
1
20
2
3
3
9
1
1
1
1
2
1
1
106
1
1
1
1
2
2
1
1
4
5
1
5
1
1
27
1
1
1
1
1
2
5
1
3
1
1
1
14
1
2
164
1
1
1
1
6
5
1
72
1
4
1
4
1
6
2
1
1
1
1
1
4
2
1
59
1
1
1
1
1
1
1
1
1
1
3
2
2
17
1
1
2
11
1
1
1
1
1
10
1
1
2
71
1
2
7
1
5
12
1
2
2
1
1
9
19
6
1
5
3
5
1
2
1
1
1
5
3
1
4
1
1
2
12
1
37
4
1
6
1
7
2
1
1
1
2
62
139
29
2
34
1
1
62
1
1
13
1
2
2
1
1
2
2
7
1
1
1
1
2
9
1
1
1
3
3
1
6
2
1
1
16
1
51
1
1
2
4
6
3
1
1
1
5
2
4
1
1
76
10
2
1
3
1
3
34
1
1
1
24
25
1
5
1
51
35
1
1
1
5
1
1
1
1
58
1
6
1
6
2
1
1
199
1
1
1
27
1
2
1
2
1
2
5
1
1
1
1
3
2
1
2
1
1
1
1
6
6
1
1
3
1
1
1
2
1
1
1
5
9
90
1
6
1
63
1
1
1
8
1
1
4
2
3
23
5
189
1
5
2
8
1
2
3
72
1
1
1
14
3
1
4
1
1
4
2
14
2
24
12
1
3
4
1
1
1
1
2
1
1
1
1
1
5
8
1
12
15
22
1
1
9
1
1
1
1
2
3
1
35
1
1
5
1
17
1
1
68
39
1
1
1
4
3
2
1
1
12
8
170
1
3
4
5
1
3
1
2
18
1
2
1
3
2
16
1
4
2
1
8
1
1
1
1
97
1
1
1
1
1
1
1
1
7
4
1
1
5
1
1
1
7
1
14
2
1
1
3
242
1
1
1
3
23
1
1
2
1
1
5
1
2
1
7
2
50
3
1
1
4
2
42
1
1
1
3
3
1
1
1
1
2
2
1
1
1
5
1
1
2
5
1
55
1
2
1
1
1
1
1
2
1
3
3
3
6
3
2
1
4
2
1
4
67
12
11
1
1
1
4
1
1
2
1
1
58
1
1
1
2
2
2
2
62
2
1
18
2
1
2
3
32
2
1
1
16
1
6
3
16
1
17
5
1
2
1
1
1
2
8
1
21
6
3
1
1
1
2
1
2
1
111
2
1
1
5
2
1
23
2
3
2
1
4
2
2
3
2
1
1
33
6
1
1
1
69
3
3
1
1
1
2
22
1
1
1
14
1
1
1
1
2
9
8
1
1
1
1
2
1
1
9
1
31
1
2
1
4
5
1
1
7
1
1
2
5
4
4
8
1
1
16
13
3
1
1
80
2
1
5
1
1
11
1
1
1
8
33
3
109
4
1
1
3
1
1
2
15
1
3
2
148
1
2
3
1
1
1
8
1
1
1
1
7
1
1
1
1
1
89
2
2
6
3
2
2
39
1
5
1
1
31
37
2
1
2
50
16
1
1
1
1
14
5
52
2
60
20
4
9
1
1
8
42
1
1
2
4
4
134
1
2
1
1
1
1
1
15
1
10
3
2
1
1
3
1
1
1
1
10
1
1
2
1
1
1
1
2
5
1
2
1
3
1
1
1
1
1
1
1
1
1
4
1
2
3
36
1
28
8
1
1
28
3
3
1
20
1
1
87
3
2
1
3
1
4
1
3
32
1
13
10
3
2
15
4
4
1
2
14
1
2
2
1
1
3
3
2
9
1
1
1
2
5
1
6
2
1
2
1
1
1
1
1
26
1
2
1
219
1
5
19
6
1
1
5
12
65
19
1
1
145
6
1
1
1
1
3
3
1
17
435
1
3
2
1
1
4
6
12
7
1
1
1
1
1
2
1
1
1
3
7
44
12
17
2
1
2
2
1
1
1
1
2
1
1
1
1
1
3
1
1
3
13
162
1
3
152
1
2
1
2
2
3
2
5
24
2
1
5
3
2
4
78
2
4
44
11
13
1
3
1
1
2
1
1
3
4
34
3
45
1
1
1
1
28
1
6
1
1
1
1
2
1
30
11
2
1
3
1
3
6
1
2
1
1
4
74
2
42
1
1
234
113
1
1
1
1
1
1
1
14
6
5
1
4
1
3
10
12
1
2
3
1
1
2
6
4
1
9
2
1
1
2
3
7
1
1
28
1
1
17
1
1
1
1
2
1
25
1
2
3
36
6
1
2
3
1
35
50
57
254
46
3
2
5
1
3
1
6
1
8
1
3
55
1
3
1
1
4
2
1
1
3
139
1
9
158
1
65
1
2
1
5
1
4
45
2
1
1
1
33
1
2
10
4
1
9
1
1
1
1
8
5
4
1
1
2
1
1
3
1
1
1
44
2
2
2
33
8
6
95
1
1
1
1
7
1
1
1
1
1
1
5
3
9
2
7
1
3
1
1
1
1
1
1
1
1
1
3
4
4
7
1
1
1
6
1
1
2
4
1
19
1
3
2
1
36
3
1
1
1
3
5
1
70
1
1
1
2
1
1
1
9
249
3
3
1
1
7
5
1
1
21
8
22
9
3
1
2
13
14
1
39
7
3
3
1
1
21
5
1
2
1
2
3
4
252
20
3
1
3
53
2
1
1
3
4
5
24
1
3
4
6
1
158
136
1
7
1
1
1
1
1
1
1
1
3
18
1
12
1
3
1
8
1
1
1
2
4
1
2
2
1
1
1
3
1
31
1
6
1
2
22
7
1
3
5
79
1
1
1
3
1
3
1
1
4
11
5
23
2
44
1
1
2
3
139
77
15
2
1
1
1
4
40
1
1
86
366
6
6
5
7
6
3
1
42
1
2
1
2
1
47
2
1
9
1
33
1
1
1
1
240
17
2
2
2
2
1
2
1
1
1
26
11
22
14
2
7
1
1
7
1
2
37
2
40
1
2
1
1
2
3
7
2
1
4
2
1
2
18
1
1
2
5
1
1
1
1
33
2
2
1
16
1
5
12
1
2
1
23
1
20
28
2
1
81
1
26
18
1
1
1
1
1
1
1
1
1
1
1
1
1
1
2
1
2
1
1
4
10
2
4
1
2
1
4
19
7
23
1
1
25
9
1
1
1
1
1
1
1
1
2
12
42
1
1
246
72
1
1
8
1
1
1
68
68
1
2
1
4
3
1
1
2
9
2
185
1
13
2
2
1
91
1
1
1
1
1
1
106
1
1
6
1
8
3
1
37
1
2
2
12
28
1
6
2
1
1
1
1
1
6
1
1
15
5
13
1
1
89
1
1
1
1
20
3
7
296
9
1
1
69
2
1
1
5
1
287
1
1
53
31
1
1
1
10
1
2
5
1
3
1
2
164
1
7
12
7
32
55
1
12
4
3
1
1
4
1
1
2
6
3
85
5
3
1
1
164
3
1
1
1
1
1
11
3
15
8
1
1
3
14
187
19
3
3
1
1
6
1
1
1
44
1
8
1
1
1
1
1
1
1
4
1
8
1
1
1
8
24
76
7
8
2
1
1
13
2
2
2
2
1
2
12
2
4
55
1
5
3
26
1
8
1
2
3
4
2
4
1
2
3
5
1
7
15
17
7
1
2
1
1
46
1
1
2
1
4
1
3
3
1
1
3
2
56
1
1
1
29
1
2
2
1
5
1
12
1
1
3
2
9
3
1
1
1
1
2
4
2
5
1
1
1
2
2
9
5
46
3
41
1
2
2
94
1
1
2
3
1
1
1
2
1
1
1
1
1
1
2
3
1
2
1
8
3
3
1
1
264
1
12
12
1
1
1
1
1
1
3
3
1
1
9
6
1
1
1
1
1
1
1
1
1
1
2
1
4
10
11
3
1
1
18
1
1
12
1
7
1
13
8
26
2
1
3
1
2
1
34
9
3
5
6
2
8
1
1
34
2
15
2
1
4
49
19
1
1
1
1
1
1
2
1
6
1
1
92
1
1
1
21
3
1
76
2
1
1
1
8
1
4
44
6
1
27
1
2
1
2
1
2
43
41
1
31
1
7
10
6
3
1
1
1
15
1
1
15
28
23
1
1
2
295
8
200
3
1
2
7
1
237
46
9
2
1
1
1
16
1
6
5
24
2
1
259
1
1
1
7
1
1
2
1
1
1
1
4
1
1
7
1
1
4
1
1
2
9
5
1
10
1
1
1
2
1
2
1
1
216
6
1
9
19
40
1
1
1
1
1
16
1
1
4
1
1
1
1
1
6
5
10
1
3
178
1
189
1
1
1
1
106
46
2
1
1
2
1
1
1
53
48
28
186
23
1
20
3
6
2
8
5
2
1
2
1
82
73
3
1
1
1
4
1
1
44
1
1
2
13
1
12
1
7
1
4
1
3
3
4
2
59
8
1
2
1
1
1
1
7
1
1
3
9
1
1
2
8
2
1
51
2
1
2
1
1
99
1
32
32
3
7
5
4
10
9
1
1
1
1
1
2
1
1
1
1
2
1
58
1
4
133
14
1
1
1
29
5
1
1
3
33
3
1
30
1
2
2
1
26
2
1
1
2
1
1
5
19
1
1
5
1
1
34
1
1
10
1
4
6
3
1
34
1
90
3
2
3
1
2
1
16
63
1
1
13
2
1
2
2
1
52
11
3
14
1
1
3
2
5
1
6
1
19
1
2
5
46
1
1
2
1
104
1
24
1
2
4
3
1
1
1
1
1
5
28
5
1
1
2
247
1
3
10
5
3
1
1
1
1
1
4
17
114
3
1
1
3
1
1
1
1
2
251
1
10
1
4
1
2
11
4
1
1
1
1
1
1
94
1
1
1
1
5
1
1
1
5
4
3
20
7
1
3
87
4
1
21
1
1
8
3
1
1
1
1
3
1
2
63
2
1
1
1
2
2
5
28
15
1
1
1
1
2
1
19
1
1
1
1
4
1
1
8
1
1
1
1
1
1
1
1
1
2
1
1
1
2
1
7
2
1
1
35
3
2
2
2
1
1
1
2
5
3
1
1
4
3
1
1
2
12
1
5
6
276
31
1
2
8
1
14
1
5
2
3
37
62
1
52
1
1
1
1
1
10
2
1
2
2
3
216
3
5
1
1
2
1
1
1
1
7
1
7
1
6
1
1
2
1
1
2
3
1
1
2
6
3
1
1
4
1
1
6
2
2
57
3
1
1
1
8
17
1
2
1
112
2
3
1
16
1
2
1
1
1
1
1
1
135
4
1
1
4
1
12
2
1
47
1
1
100
1
2
1
25
6
1
2
2
2
1
313
1
3
1
13
4
1
1
2
1
1
9
1
4
1
1
1
1
140
8
1
1
2
12
3
1
1
3
96
1
1
1
23
30
1
1
2
4
1
3
3
2
1
3
4
5
1
2
39
3
1
1
1
1
2
8
1
1
1
2
2
3
1
1
1
4
1
3
1
1
1
1
1
2
33
44
18
4
1
1
1
1
22
1
1
3
3
1
1
5
26
1
1
4
2
5
1
1
1
1
66
1
3
11
2
24
14
5
3
1
18
1
2
1
2
1
4
1
2
1
2
1
63
3
1
1
1
1
1
12
31
1
1
8
9
1
1
268
3
3
64
2
1
1
1
1
2
1
4
2
1
7
5
4
8
1
27
11
2
1
1
4
1
1
1
1
84
1
45
14
16
2
2
1
2
1
1
7
1
17
1
1
1
1
6
13
12
1
1
3
4
72
1
1
3
1
1
1
11
11
1
1
17
8
3
1
1
1
7
1
1
2
7
13
1
29
1
1
1
2
64
2
1
7
1
1
1
1
1
1
5
70
1
5
8
2
2
3
8
1
5
1
3
1
9
71
5
2
25
1
1
1
157
1
1
1
1
11
272
1
1
256
83
2
1
1
10
1
2
1
7
1
5
1
1
1
5
3
1
1
3
1
2
6
1
3
1
25
3
1
3
5
34
3
1
1
1
1
29
5
2
2
14
1
1
1
1
1
63
1
1
44
10
1
13
1
1
276
5
15
75
1
1
1
2
1
1
1
50
7
1
4
1
13
3
16
1
3
1
13
1
1
10
3
1
1
23
4
18
1
1
2
3
1
5
1
1
1
3
5
1
1
3
1
3
1
10
17
15
1
7
1
2
1
3
1
1
1
2
1
1
17
1
1
1
1
21
1
6
2
7
1
9
20
2
1
1
4
2
1
45
2
27
1
2
45
1
1
1
1
1
1
20
5
12
1
1
1
1
1
1
1
1
2
2
2
1
1
1
1
5
8
154
1
2
1
1
30
10
1
13
1
1
27
2
1
2
1
1
6
3
18
1
9
2
16
1
3
1
34
1
1
2
1
1
2
3
1
1
3
1
1
6
1
51
1
1
1
3
1
1
1
12
67
9
6
2
1
1
80
1
1
3
1
44
1
1
99
1
15
1
1
2
8
2
1
112
222
1
110
1
4
36
24
1
1
1
1
1
2
4
1
4
1
1
3
1
6
2
1
1
1
1
1
1
1
7
4
1
1
1
5
3
1
3
1
3
1
1
1
2
63
1
1
1
4
1
1
2
1
1
1
4
1
1
7
1
1
2
1
38
22
1
2
1
4
2
1
7
1
1
1
1
7
1
1
1
2
1
11
24
1
1
2
1
1
20
1
3
1
1
161
1
24
1
1
26
4
6
1
1
5
1
1
64
1
1
10
1
85
1
1
1
13
1
7
1
1
11
1
1
29
3
1
2
45
1
1
3
1
1
1
1
10
28
11
1
1
2
3
12
3
1
40
300
5
4
10
2
1
1
1
2
1
151
62
1
3
1
75
1
1
1
51
2
2
1
3
1
2
1
1
1
1
1
1
1
5
1
2
8
7
1
1
3
1
1
1
1
1
1
1
10
76
1
75
1
2
1
1
1
2
1
1
1
7
1
161
13
1
1
15
3
1
162
1
1
1
1
8
2
5
1
14
17
11
1
3
6
1
6
3
1
1
4
1
1
1
3
4
2
8
2
3
1
15
16
1
1
1
4
1
1
2
1
1
1
1
7
1
1
3
1
1
51
1
2
1
10
15
13
1
2
1
2
12
1
9
1
3
1
19
1
1
3
1
3
1
1
1
1
3
1
116
2
1
1
1
1
4
2
8
1
3
19
3
8
1
2
1
3
1
91
1
1
22
1
1
42
1
7
2
3
30
38
1
1
3
1
1
2
2
1
2
1
1
1
1
6
16
1
1
1
1
1
28
1
1
6
1
6
1
1
1
1
1
5
2
1
1
2
9
16
110
1
2
1
1
1
2
6
2
6
1
1
1
1
8
1
1
1
1
2
1
2
1
1
2
1
1
1
5
1
17
1
1
18
3
2
44
1
22
1
1
1
1
6
1
1
1
88
2
4
4
1
1
1
1
4
1
11
12
1
3
43
5
1
3
1
2
1
1
1
38
6
5
10
1
19
1
2
3
153
2
11
1
4
181
9
2
1
1
13
1
1
1
2
1
1
2
1
1
2
1
4
21
1
2
3
1
1
3
5
1
2
7
4
4
1
1
13
141
6
4
4
190
1
1
1
33
2
9
2
1
2
10
1
8
1
2
1
2
7
32
1
1
2
1
172
3
1
17
3
21
3
2
3
1
1
168
1
1
80
1
1
1
2
1
5
64
2
1
5
19
1
9
2
33
1
1
256
2
1
1
2
83
17
1
34
2
6
1
1
1
1
5
13
1
126
12
1
4
1
16
3
8
2
121
62
1
2
5
1
1
1
2
6
1
3
1
1
1
1
2
2
4
2
1
1
20
1
1
1
29
1
15
1
1
2
359
1
1
1
2
13
1
9
1
1
2
33
64
1
8
1
13
1
3
289
3
1
93
1
10
8
20
2
7
1
1
1
1
1
11
16
1
4
1
2
10
2
1
1
1
2
11
216
9
1
1
1
17
70
1
1
25
1
23
1
4
3
177
1
3
1
1
7
17
6
1
4
34
38
7
4
1
3
1
1
3
31
1
1
4
5
3
1
1
1
1
1
1
2
5
69
3
1
1
2
1
46
2
1
35
1
1
2
58
1
3
1
2
1
1
1
1
1
1
3
2
1
76
12
152
1
2
1
1
1
1
1
3
2
5
2
2
5
3
1
3
10
8
3
4
22
10
6
54
1
2
1
2
1
1
2
2
4
10
3
1
78
54
1
6
17
22
5
60
1
2
2
2
2
1
1
3
2
9
2
14
1
1
3
1
38
1
1
1
2
2
1
12
2
1
1
1
1
7
1
126
18
2
335
1
1
2
1
1
1
6
1
1
1
1
1
1
1
1
1
3
71
4
1
2
1
16
1
17
36
1
3
4
1
3
2
3
1
6
1
16
2
16
34
6
3
3
1
2
1
1
45
102
4
1
6
2
1
2
1
1
7
2
1
1
3
5
43
1
1
2
120
1
3
1
8
24
3
56
1
289
1
1
2
2
7
1
5
1
50
3
7
5
1
1
2
3
1
1
1
3
1
1
1
2
1
1
3
1
1
2
1
1
106
16
1
2
1
98
2
1
3
2
1
1
2
1
26
2
1
1
1
58
1
1
1
52
1
6
1
8
1
4
3
4
5
1
1
1
60
1
1
9
71
2
175
1
1
1
5
35
1
11
2
1
1
1
1
2
1
1
1
2
1
14
1
2
1
1
5
2
108
1
1
1
1
2
1
6
1
2
1
1
1
1
1
2
1
26
63
1
2
1
3
1
100
1
1
1
1
2
1
1
1
1
2
11
1
1
30
29
61
1
1
2
1
1
1
1
1
1
22
1
9
1
4
1
1
1
141
70
1
71
2
1
1
8
1
1
2
2
1
1
1
18
14
9
4
2
1
1
6
23
2
220
10
3
6
2
4
1
6
11
4
9
8
1
2
2
3
1
1
1
1
1
8
1
4
1
10
1
1
3
1
1
2
1
9
1
2
1
1
1
1
4
2
5
11
1
1
1
4
2
22
1
1
2
1
1
25
10
1
1
2
1
1
1
2
15
76
1
1
1
1
1
6
1
1
1
5
1
114
1
1
99
1
28
194
1
1
1
1
1
1
151
6
193
1
2
1
1
43
2
1
1
1
1
1
1
14
1
4
5
1
1
10
6
1
5
1
2
1
12
1
1
1
5
27
1
1
1
1
1
2
11
2
23
1
41
16
3
1
1
4
1
3
1
3
3
15
9
1
4
1
81
3
3
25
1
3
3
73
1
1
1
1
1
12
39
6
1
1
1
1
1
1
1
2
4
2
5
1
2
3
1
14
41
1
2
3
1
2
1
1
1
2
1
1
1
3
1
10
1
11
212
2
1
2
2
1
2
7
2
1
1
2
2
4
1
2
2
1
3
1
9
3
29
1
4
1
1
3
1
2
2
1
1
5
1
1
4
13
1
40
1
1
1
45
1
8
1
7
70
1
21
1
2
4
1
2
11
11
2
1
1
1
2
1
36
3
3
3
1
1
2
3
8
1
1
1
1
34
1
3
1
65
1
1
5
1
1
1
6
1
1
1
1
1
1
3
1
70
2
2
75
18
1
38
1
1
1
1
3
1
9
6
3
1
1
1
1
36
1
69
1
229
1
1
1
3
1
1
1
1
2
29
3
4
1
4
5
2
1
30
3
1
1
30
2
4
3
1
1
1
1
22
1
1
1
1
2
1
18
65
1
2
28
1
31
1
1
2
1
8
9
2
1
44
277
1
2
1
10
1
2
44
1
3
5
1
1
3
1
17
1
1
9
1
2
3
1
4
37
1
1
1
2
1
4
1
2
18
1
1
6
5
21
6
1
1
3
1
3
8
1
2
49
76
74
1
2
6
139
10
21
1
3
2
2
1
1
1
5
10
1
2
1
4
1
17
36
4
2
2
1
1
1
53
1
7
5
2
1
6
2
1
1
29
12
1
7
16
1
119
2
3
1
1
2
39
35
9
48
4
1
78
2
1
1
3
3
3
1
3
1
1
5
1
1
1
1
1
1
3
9
63
2
5
2
138
33
1
1
34
3
14
5
1
2
1
2
4
2
1
1
12
2
4
16
24
10
3
3
1
1
2
1
10
1
6
1
1
2
12
5
2
1
8
1
7
1
1
2
2
30
1
7
1
1
4
1
1
1
1
1
1
1
1
2
185
7
4
1
7
3
45
115
4
90
5
1
1
1
1
5
10
1
11
1
3
12
2
2
7
2
1
3
1
1
1
2
1
1
1
1
1
2
15
1
1
2
1
3
5
9
1
5
2
37
1
1
2
1
2
1
31
2
1
1
3
14
1
10
1
1
1
48
1
1
4
1
5
1
3
1
84
1
1
4
2
1
3
1
5
1
6
2
67
7
1
3
1
1
26
1
2
2
3
46
1
28
1
1
1
3
2
1
7
12
34
1
1
6
4
77
3
13
1
3
1
2
1
1
2
1
1
1
3
1
1
1
1
1
2
6
1
26
1
6
1
1
8
1
1
2
5
1
19
1
7
1
1
1
3
2
3
1
1
2
1
1
1
1
28
6
5
1
1
1
5
40
2
57
6
3
1
1
22
4
1
3
2
4
7
1
4
4
1
1
12
142
31
17
4
1
11
2
2
391
4
1
1
18
9
4
199
1
1
13
1
1
13
3
1
1
107
1
2
6
7
1
1
4
1
46
9
1
1
3
1
1
1
2
2
1
1
1
5
1
1
1
4
1
1
5
1
60
17
1
3
2
9
3
7
1
62
1
6
4
2
5
1
1
7
1
1
1
1
2
1
1
8
1
1
75
3
1
1
1
1
5
1
1
1
1
1
5
2
1
1
55
9
5
1
4
32
1
1
1
1
1
1
1
1
1
1
1
4
3
5
2
1
49
1
17
2
1
6
7
4
94
30
19
126
19
6
1
1
229
1
2
2
4
32
176
1
2
1
1
1
6
19
2
13
1
2
1
1
7
1
1
149
1
2
1
2
5
1
1
1
1
1
2
4
1
114
1
1
1
1
1
1
1
1
7
2
1
1
4
1
2
1
1
1
20
88
1
1
1
6
2
1
1
2
3
2
1
1
1
37
2
1
1
3
1
1
2
1
2
1
1
1
2
1
2
1
2
80
2
1
17
1
1
1
3
6
1
1
1
1
4
3
1
4
1
1
1
3
42
1
2
1
2
168
1
12
6
12
1
1
12
1
101
1
2
2
2
31
16
4
4
20
8
92
1
4
2
1
3
1
1
1
1
1
2
1
1
2
177
40
2
1
1
1
8
8
183
2
1
1
1
1
4
1
1
2
81
1
1
3
1
1
43
59
4
3
80
2
1
9
1
3
1
1
1
1
1
1
1
8
1
267
1
1
1
245
2
1
1
1
4
10
1
1
1
9
1
1
3
1
1
1
1
2
1
1
2
1
1
1
3
7
1
1
1
2
5
1
3
7
1
1
1
2
1
1
1
4
160
1
1
10
2
17
2
1
4
4
1
4
1
1
1
132
1
1
45
1
4
3
6
7
1
1
13
1
1
10
1
1
3
2
4
1
18
1
3
7
1
2
18
2
1
5
1
3
1
2
1
1
1
1
2
1
1
5
35
1
4
3
1
2
4
4
3
1
1
1
1
2
1
1
1
1
5
2
36
1
2
1
1
1
1
92
1
12
1
4
19
1
2
2
1
32
3
4
8
15
2
1
4
1
1
2
1
1
1
100
5
1
3
1
1
1
2
1
81
1
1
1
1
1
1
125
1
1
1
1
1
20
3
23
1
3
1
1
2
1
4
70
2
1
1
1
18
1
1
1
4
1
1
17
1
1
2
11
1
4
1
1
2
2
2
1
5
1
1
1
1
1
7
29
1
1
1
41
1
1
1
12
2
1
5
7
45
1
1
1
2
1
1
1
1
2
2
13
1
13
35
1
1
1
4
1
1
1
4
4
81
4
6
3
4
1
1
25
2
1
168
1
5
5
1
1
1
4
1
1
1
1
1
1
13
8
1
2
39
1
1
2
2
1
1
41
48
1
1
1
34
1
1
1
44
2
1
33
3
1
5
1
2
1
1
1
2
9
1
2
4
1
3
2
10
3
1
1
1
31
10
1
2
1
61
2
1
2
33
2
1
1
1
3
1
6
3
1
1
4
2
2
1
2
12
7
1
1
71
1
2
1
2
1
1
1
1
1
70
1
2
1
2
2
1
34
1
1
48
1
1
1
1
1
4
2
43
13
12
8
1
1
1
10
1
6
2
2
3
1
1
1
2
2
18
1
1
4
3
1
1
1
16
1
10
3
1
2
1
1
6
2
1
1
6
1
3
50
1
1
10
2
50
361
2
41
1
1
1
1
1
3
6
1
5
19
1
3
38
3
1
1
1
37
8
2
1
26
1
1
1
264
28
29
28
8
1
1
2
1
64
2
1
1
1
1
37
2
1
1
6
6
1
3
32
13
20
1
276
1
2
18
1
1
6
4
1
1
8
2
1
1
5
1
2
1
1
2
2
1
1
1
2
1
4
1
1
2
2
70
1
2
3
1
8
2
1
1
268
2
1
2
1
2
1
11
10
2
1
2
1
4
23
1
1
7
1
6
1
1
1
6
3
4
1
1
3
1
1
1
1
9
1
12
3
1
5
1
15
54
1
1
3
1
1
1
2
2
18
42
1
3
1
3
1
12
34
1
3
31
1
1
3
12
2
4
4
11
1
1
2
1
1
2
1
1
1
3
1
22
8
7
1
1
7
2
4
1
1
10
1
3
24
1
1
1
3
1
82
1
7
4
254
12
1
297
1
53
1
1
1
3
25
1
3
1
3
12
5
1
1
4
1
1
2
59
1
11
2
3
1
1
284
1
13
1
1
1
1
16
3
95
5
1
3
1
1
1
1
1
10
4
350
1
5
1
1
3
1
1
1
1
1
1
27
1
1
1
2
2
1
3
5
1
1
1
1
1
2
10
7
3
6
1
3
4
1
1
194
1
3
2
4
2
1
59
150
1
1
1
1
15
4
1
1
3
3
1
1
1
1
1
1
1
1
30
4
1
4
1
1
5
8
1
5
1
1
1
2
1
1
1
22
3
1
3
1
1
2
1
1
6
1
27
1
1
1
1
1
1
1
1
5
8
1
15
1
1
5
23
3
1
1
80
2
47
2
282
4
7
2
1
36
13
1
16
2
1
52
2
48
1
99
2
1
1
1
1
2
11
29
19
1
4
1
1
1
1
1
2
37
1
4
1
4
11
1
1
19
4
1
5
5
1
1
46
1
3
5
1
2
1
1
1
1
3
1
2
4
1
5
1
1
4
1
1
1
1
6
1
1
3
11
3
3
1
1
23
46
2
1
1
1
2
1
5
2
1
8
1
13
1
1
57
1
1
1
1
2
56
3
3
1
2
1
1
1
1
1
1
1
1
2
1
1
51
1
5
21
1
1
1
2
1
6
1
3
1
43
359
38
3
145
5
56
1
64
41
3
1
1
5
2
5
1
3
1
50
1
1
48
7
1
1
1
2
11
1
1
22
4
1
1
1
1
4
3
2
4
2
1
2
10
2
5
3
1
2
92
118
6
375
1
1
44
1
1
1
7
30
1
1
64
24
1
44
1
4
4
1
2
1
1
1
13
1
2
1
27
1
130
1
1
1
1
1
1
151
1
1
1
1
116
2
1
5
2
1
8
4
1
28
4
1
2
1
14
1
2
18
3
21
4
18
1
1
11
393
15
1
1
6
1
2
2
9
1
4
1
1
34
1
1
15
1
6
7
4
2
4
1
1
5
1
19
27
2
2
4
1
1
1
10
1
1
1
25
91
1
10
1
1
1
1
2
2
168
1
1
1
2
4
1
1
1
6
1
2
1
1
1
203
1
1
4
2
169
15
1
4
1
2
6
8
7
1
1
3
2
6
1
1
1
29
1
265
1
1
2
1
1
1
1
1
5
1
7
2
2
10
92
1
31
1
8
3
5
3
3
1
3
3
7
2
211
1
4
13
1
1
4
1
3
1
4
1
6
2
2
2
2
7
2
1
5
7
1
1
1
1
29
1
2
2
3
1
10
13
23
1
2
1
2
1
2
1
1
1
1
1
2
3
1
4
1
2
3
2
2
3
3
4
1
1
1
24
1
1
1
1
1
2
16
23
1
24
4
3
1
1
2
1
1
16
2
1
4
3
1
2
1
3
2
201
2
10
10
107
1
48
1
4
1
20
1
1
1
2
1
1
2
1
6
1
17
1
1
2
45
1
32
1
1
1
1
7
2
2
1
1
2
4
1
2
1
1
2
1
1
16
1
1
1
6
6
1
1
1
1
2
1
1
3
124
1
19
78
1
1
1
1
3
5
5
1
3
1
1
1
8
1
1
12
1
2
1
2
2
1
9
22
68
22
1
1
1
202
33
2
8
1
2
1
1
1
1
4
1
2
15
13
1
1
2
1
1
1
1
1
1
1
5
10
1
2
1
8
1
1
3
8
1
1
1
1
22
1
1
3
1
1
26
1
7
3
3
18
1
2
43
1
22
1
2
1
21
3
1
5
1
1
4
1
1
48
1
3
4
1
1
31
1
5
2
1
1
3
7
1
1
1
1
1
6
3
1
3
1
57
16
1
1
1
1
1
156
2
2
1
1
1
2
11
6
1
14
1
15
1
1
1
1
2
1
1
2
1
1
2
10
5
2
7
3
1
2
2
2
2
190
9
11
1
2
1
4
27
30
6
4
8
1
14
3
6
5
6
1
36
1
2
12
1
4
1
1
1
1
1
80
6
3
3
1
1
12
1
1
4
2
20
2
2
1
3
1
7
98
55
3
2
4
6
40
15
2
3
21
1
1
2
8
3
1
2
1
1
1
4
1
3
5
3
36
1
3
1
10
1
63
3
1
26
1
24
1
1
1
1
1
192
1
91
2
2
7
87
1
3
1
1
1
1
1
1
6
6
1
2
2
2
1
6
1
1
1
12
19
2
1
1
2
4
1
1
4
11
1
1
1
2
95
1
3
1
2
1
1
3
2
1
21
3
1
1
1
2
1
15
33
1
2
6
4
6
1
3
45
5
1
4
1
1
1
1
1
1
1
1
2
1
8
1
1
1
2
5
8
1
9
3
1
3
1
1
16
2
6
1
1
84
1
4
2
2
1
4
2
1
3
8
2
2
1
1
2
2
1
5
2
1
6
1
1
10
1
41
1
1
1
11
1
14
1
2
1
2
1
1
9
2
4
3
1
1
53
2
2
2
1
1
47
3
27
1
5
3
1
3
1
1
1
5
1
2
86
7
1
1
8
2
1
31
1
27
79
30
112
10
2
1
3
1
1
27
1
7
4
1
10
101
67
23
7
7
2
1
1
10
4
1
1
8
6
2
2
1
12
1
1
1
1
3
5
1
1
2
2
3
1
2
1
1
12
3
1
2
3
2
21
2
1
102
165
39
1
4
3
30
1
2
6
2
2
5
3
2
1
2
1
1
1
1
1
2
60
1
1
1
3
1
2
1
1
3
171
1
3
1
1
2
1
1
1
1
9
20
2
11
8
1
10
1
14
2
7
130
1
2
217
5
4
3
1
1
2
1
11
1
8
73
1
1
10
1
1
1
1
1
4
3
1
1
169
21
1
1
1
5
15
6
3
4
1
5
1
2
96
2
2
1
1
2
2
4
1
6
2
1
18
1
1
18
1
2
1
1
2
1
1
3
1
57
2
1
2
12
1
1
1
1
1
17
2
1
2
1
10
3
1
2
1
34
1
1
10
1
5
1
1
1
1
4
2
1
3
1
1
1
1
1
1
2
57
10
10
3
1
3
1
4
23
33
1
4
4
2
375
1
1
14
8
2
1
2
1
2
1
1
3
1
1
1
63
1
11
1
3
7
6
236
4
45
1
312
1
1
1
3
1
1
1
1
1
2
2
2
1
1
1
4
2
1
14
1
1
1
1
1
1
2
3
1
1
1
4
1
1
4
1
1
6
1
1
1
1
5
7
1
183
4
15
1
3
1
1
13
1
2
3
1
46
1
1
3
2
102
7
13
1
1
1
2
1
25
1
48
2
1
1
154
3
1
2
1
10
1
1
1
2
1
2
2
4
1
2
1
2
1
1
8
160
1
1
1
1
2
4
9
1
1
3
1
2
1
11
2
1
3
1
3
1
1
1
4
1
3
34
1
14
1
2
10
43
1
17
1
9
16
16
22
3
2
1
1
4
1
12
2
1
4
1
1
1
3
1
1
1
1
4
1
7
2
1
1
1
4
2
14
1
2
1
8
1
18
3
1
10
14
2
9
3
4
2
80
62
249
1
1
20
3
10
3
1
1
17
1
1
4
3
1
31
4
1
2
7
1
3
2
1
1
2
16
2
1
3
8
2
2
1
8
226
2
1
3
2
4
2
4
1
1
2
5
1
1
1
2
1
3
4
1
1
4
3
2
9
3
3
1
2
1
3
3
1
25
1
1
1
2
1
2
1
9
1
2
17
3
1
2
49
124
1
10
9
12
11
2
1
1
88
1
1
111
7
1
1
29
124
6
4
1
1
6
35
3
1
6
7
1
1
4
1
1
11
1
1
1
1
1
1
1
1
1
4
2
6
1
1
11
1
3
4
1
1
9
1
4
1
1
3
2
2
1
1
1
3
17
40
8
2
2
1
19
5
1
9
2
1
5
2
1
3
1
1
3
6
1
1
1
4
1
36
1
5
8
4
1
3
170
1
8
1
1
5
1
10
1
1
18
3
8
1
1
2
1
3
37
133
1
3
1
1
2
2
1
1
2
1
1
1
1
2
10
2
2
128
10
1
1
2
1
1
1
1
1
7
8
1
1
17
2
1
1
1
1
8
1
3
6
8
84
3
2
17
8
4
1
7
31
2
1
1
25
1
14
2
7
1
1
1
18
1
1
2
150
4
1
1
1
48
1
1
15
2
99
2
1
1
11
28
1
3
1
1
1
1
12
1
1
152
23
1
1
4
1
14
2
1
24
2
8
3
3
1
1
2
4
1
1
3
10
20
8
3
2
2
1
1
1
4
2
21
2
1
1
2
1
1
37
1
28
6
1
22
1
9
35
1
1
8
7
1
1
2
1
1
1
21
2
3
1
1
11
1
23
14
1
52
1
3
2
1
79
1
5
7
1
1
92
1
6
238
4
12
1
2
1
1
1
2
1
1
2
2
15
2
2
1
3
7
1
1
6
8
1
3
1
54
2
3
8
2
1
1
1
1
6
1
1
1
1
1
7
2
2
1
2
1
3
4
11
1
1
2
2
3
1
1
1
2
3
2
2
1
1
7
1
1
2
7
2
1
1
1
1
14
1
1
1
3
2
2
38
1
3
1
6
428
6
9
4
1
1
1
24
20
5
1
3
2
20
1
8
13
1
1
1
163
2
2
1
40
1
1
1
1
16
9
1
1
1
2
1
24
4
2
1
1
3
1
1
205
1
300
1
1
2
1
2
1
61
3
1
1
91
3
9
9
1
1
1
2
1
1
3
1
86
4
1
1
1
1
1
1
205
11
1
8
221
1
1
1
1
1
5
3
13
1
1
7
1
2
1
1
13
229
6
3
1
1
1
8
2
26
2
7
31
4
1
1
1
1
1
1
1
1
4
2
16
1
1
1
1
4
8
10
1
2
22
7
2
1
1
204
1
12
5
15
1
3
1
2
2
2
14
4
1
1
2
1
1
1
1
1
1
1
9
4
10
1
1
2
1
1
1
1
1
40
1
2
11
190
1
144
1
6
1
1
1
1
17
1
18
1
13
1
6
1
1
1
1
8
1
1
1
41
2
1
4
1
3
1
8
2
17
1
3
11
1
1
1
1
1
5
38
4
1
6
1
1
2
15
1
1
4
1
6
2
2
3
88
4
4
10
4
1
1
1
3
2
5
1
21
1
1
1
35
8
14
5
3
1
1
1
5
6
2
1
5
9
1
1
6
1
3
1
10
20
1
43
1
5
2
19
2
1
11
8
6
21
3
1
12
1
1
2
5
1
1
1
2
18
1
1
1
18
1
1
1
2
4
1
11
1
53
3
1
3
267
2
2
1
1
3
2
1
183
1
1
1
2
1
2
4
89
2
1
1
2
1
3
1
14
1
2
2
1
6
10
2
1
47
1
2
5
181
1
1
2
1
1
4
21
4
1
1
1
1
17
1
5
1
2
5
1
7
92
2
7
1
2
1
2
1
8
5
1
1
1
1
1
3
2
15
3
3
27
1
1
3
173
9
20
1
1
1
1
1
1
1
9
1
3
1
3
1
5
2
1
30
1
1
1
1
1
1
56
1
1
3
198
1
126
1
1
78
8
1
1
2
3
1
7
1
2
5
3
16
15
1
1
4
45
1
4
2
1
1
1
1
35
1
1
1
3
5
4
1
2
1
2
6
1
2
2
3
4
1
1
2
1
3
1
15
10
13
1
1
1
1
5
4
4
1
2
2
14
1
7
1
1
2
1
1
4
1
1
1
1
1
2
1
1
1
2
1
28
1
1
1
22
16
4
2
1
32
29
11
4
2
1
3
40
1
1
2
2
38
2
5
2
2
5
1
11
2
3
9
40
3
93
2
1
4
2
1
2
196
2
136
20
2
1
16
2
2
4
2
10
1
2
7
5
1
1
1
1
2
1
2
1
2
10
1
3
1
1
21
1
1
10
15
1
8
7
8
1
1
1
1
2
42
7
1
67
1
1
58
1
1
1
1
1
9
8
12
80
1
4
2
67
6
1
107
3
1
1
4
1
1
5
1
1
1
2
19
1
2
3
19
1
1
3
6
2
5
2
64
1
4
1
1
14
6
1
1
3
1
1
1
1
1
5
6
7
2
1
16
2
1
3
4
1
1
1
1
2
3
6
1
1
1
3
1
1
2
2
1
1
1
1
8
1
1
2
1
1
1
3
3
1
1
1
15
1
3
9
1
1
1
1
10
1
27
1
2
1
256
2
1
1
1
2
3
1
1
1
1
1
1
1
2
1
4
2
1
1
11
1
1
4
3
1
13
6
1
1
2
3
91
1
230
4
1
1
1
3
1
1
2
1
1
23
2
1
1
1
1
1
11
3
15
1
5
2
9
1
3
7
43
1
1
1
18
4
7
1
1
1
3
1
31
2
71
1
1
1
18
1
8
101
2
10
1
2
9
1
1
2
4
1
1
1
1
20
1
7
2
6
37
1
1
1
1
2
1
54
1
1
2
1
1
18
4
4
1
1
1
1
7
33
2
1
2
3
1
7
89
1
10
1
1
309
1
1
1
1
99
4
6
1
3
2
2
2
1
1
3
1
2
3
61
4
1
1
1
4
2
1
10
1
79
5
20
13
5
22
1
3
1
6
1
2
1
1
3
1
1
1
1
5
13
1
2
53
3
6
1
10
2
1
1
15
2
8
1
1
1
1
2
1
1
6
10
1
1
140
9
2
1
1
1
1
1
11
1
1
1
1
1
1
9
77
5
114
4
1
18
1
4
6
1
1
1
1
1
2
2
143
1
1
1
2
1
7
7
1
1
3
19
1
21
3
1
80
9
1
11
1
5
1
1
1
2
1
1
5
231
1
1
1
61
1
13
2
9
21
1
1
1
11
25
2
3
1
2
1
2
1
1
1
9
4
1
3
2
1
1
1
1
1
1
1
3
1
16
2
1
1
1
1
1
240
1
1
10
2
1
1
1
2
1
1
1
1
164
1
1
1
1
1
2
42
5
1
2
1
1
1
1
1
1
1
1
1
1
12
1
2
12
1
1
1
2
1
117
1
4
1
3
1
1
57
4
1
1
2
2
2
76
1
2
1
1
3
3
1
1
2
1
1
36
1
2
1
35
1
1
11
1
20
2
1
13
1
2
1
1
21
15
1
2
1
1
1
3
1
11
2
1
2
2
6
1
11
8
2
2
1
22
1
2
4
2
1
1
1
15
1
2
1
12
4
2
6
1
2
3
3
4
2
1
1
2
7
17
13
14
1
3
2
2
1
1
2
1
1
79
1
1
1
1
1
1
1
12
2
1
4
1
2
1
5
18
8
20
1
3
3
1
1
1
2
1
63
1
42
1
2
1
1
8
2
1
4
1
8
2
1
4
1
1
2
1
2
93
12
181
1
1
3
1
1
3
1
4
1
4
44
8
4
1
8
123
7
1
1
24
1
1
7
3
1
11
63
1
1
3
120
3
5
1
10
2
1
7
20
2
1
2
2
1
1
1
5
25
1
76
1
1
1
1
1
22
4
54
1
1
5
1
1
1
25
83
1
6
1
1
11
1
1
5
25
1
4
1
13
3
2
2
1
1
1
1
1
