2
32
8
53
10
2
11
58
2
19
12
18
81
48
4
13
2
4
7
19
4
1
3
2
9
1
4
4
5
4
7
23
1
4
3
1
1
7
3
3
1
49
7
1
9
1
27
8
4
9
14
47
54
4
49
2
2
23
12
2
1
32
20
21
1
4
81
2
13
2
32
12
5
5
3
46
24
9
1
2
3
4
63
3
8
3
28
18
3
8
13
20
4
1
3
7
4
5
4
2
18
66
11
35
11
51
1
3
5
4
1
24
1
2
6
20
9
2
26
10
28
15
8
4
10
36
24
2
3
2
4
3
2
1
11
2
5
2
15
32
31
1
77
1
90
3
3
9
37
25
50
3
1
1
1
68
20
2
17
2
24
26
12
40
3
83
61
4
16
1
2
47
5
1
30
6
1
4
52
1
19
96
2
25
45
37
8
64
2
12
2
3
130
44
18
4
15
10
4
1
3
6
2
1
24
16
18
1
1
1
3
5
5
6
2
5
67
2
18
44
6
10
18
1
3
8
8
2
9
2
7
17
1
12
55
17
1
3
18
2
2
6
43
2
5
1
8
3
12
7
4
3
4
7
32
1
63
13
14
59
2
6
10
9
17
1
2
3
32
99
2
26
1
22
1
1
7
13
2
2
1
7
14
3
47
14
2
1
2
37
25
11
4
22
9
6
23
1
9
39
2
27
2
39
2
1
13
4
40
5
79
5
2
11
62
2
11
2
13
18
9
10
1
14
19
49
4
1
26
1
1
8
6
1
12
2
22
66
21
8
40
1
24
1
12
30
21
2
37
2
3
1
3
1
1
20
2
2
15
3
14
4
7
8
2
3
21
62
9
12
2
36
2
29
4
3
13
2
2
4
7
16
17
10
7
1
12
51
3
2
20
2
29
7
1
3
8
1
6
40
8
60
10
36
5
3
14
24
1
1
5
8
1
108
6
1
7
5
10
5
7
8
8
2
25
5
13
1
29
3
2
13
57
2
4
3
14
1
7
2
33
2
4
1
3
1
5
6
9
18
1
8
22
1
3
140
36
30
2
3
29
1
12
3
2
78
24
10
20
1
2
3
9
4
36
14
6
5
5
2
1
3
3
11
1
2
13
1
11
6
5
3
7
3
7
2
3
6
38
2
16
1
1
3
29
48
3
16
49
16
30
34
12
8
88
5
2
16
3
3
5
2
4
2
7
6
55
5
3
3
1
22
49
3
1
29
5
8
3
1
4
14
15
4
68
25
1
2
60
3
34
30
41
9
61
4
49
1
12
7
27
1
2
5
4
2
9
2
51
3
4
41
2
1
4
9
2
1
5
66
1
3
2
16
23
3
6
5
5
1
4
1
8
2
2
1
2
11
3
1
5
33
1
12
3
10
3
1
60
58
3
2
2
2
1
7
1
11
3
11
2
2
11
34
29
10
14
4
8
4
6
15
20
7
16
50
5
1
48
7
8
8
44
8
11
2
6
4
4
2
7
11
1
4
6
4
4
2
1
5
7
1
6
5
99
6
5
2
4
2
13
19
1
5
2
7
36
7
2
27
48
56
8
3
9
10
24
5
36
9
7
3
2
47
3
1
128
2
2
23
13
8
7
1
5
18
2
23
9
5
1
5
2
5
5
41
8
1
20
11
40
5
29
1
6
3
7
1
43
12
8
5
1
3
1
15
12
8
2
20
5
3
14
111
3
2
2
3
34
1
3
2
6
38
9
4
1
3
6
47
4
12
44
6
33
4
4
9
149
12
