1
1
1
2
1
2
2
1
2
2
1
5
2
3
15
3
1
1
1
4
6
5
1
2
1
1
3
3
2
1
1
3
1
1
1
2
4
2
1
2
1
1
1
2
1
6
10
1
12
7
2
1
2
1
4
2
1
2
1
1
1
1
2
6
1
5
1
3
1
1
3
1
2
5
1
1
1
1
2
2
3
2
2
1
2
2
2
1
1
2
1
1
1
1
7
1
2
2
2
1
3
1
1
3
1
2
3
4
1
2
1
1
1
1
1
1
3
1
2
1
1
1
1
2
2
2
2
1
1
1
1
4
1
2
1
1
1
8
2
1
1
2
1
1
9
2
6
3
2
1
5
1
1
2
2
1
1
5
1
4
14
1
1
1
2
6
3
1
2
2
1
1
1
1
1
1
1
4
3
8
5
2
2
1
1
2
3
2
1
1
1
2
1
4
1
5
2
2
2
1
7
7
1
1
4
1
8
4
2
1
1
3
3
1
2
2
11
2
1
1
2
2
10
1
1
7
2
3
1
1
2
4
2
1
1
1
1
1
1
1
6
4
1
1
2
3
1
2
2
1
2
2
4
4
11
2
18
32
1
2
1
2
2
4
5
14
3
2
4
1
2
9
2
2
7
1
1
9
1
4
1
1
3
2
2
1
3
5
1
3
2
1
1
1
10
1
3
1
1
3
1
1
2
1
5
2
1
1
7
2
1
1
2
1
2
2
2
1
1
2
2
8
1
1
4
2
1
2
1
1
4
1
1
1
1
2
5
1
1
2
10
4
1
2
2
2
1
1
7
4
1
1
1
1
1
3
1
2
1
1
1
1
6
3
1
2
3
2
1
2
3
2
2
1
2
3
1
6
1
1
3
3
4
2
1
1
1
1
2
2
3
1
1
3
1
1
1
1
3
2
1
4
1
1
2
7
14
2
1
3
4
3
1
2
1
1
2
1
11
1
1
4
1
6
4
12
1
1
1
2
3
3
1
1
1
5
1
2
3
1
3
2
2
1
2
3
5
3
1
2
5
1
1
3
3
8
2
2
1
6
2
1
1
2
11
3
3
1
2
2
1
2
1
2
1
5
1
1
1
1
6
3
2
1
1
2
2
1
4
5
24
3
1
4
1
1
2
1
1
5
3
1
1
1
8
1
1
1
1
3
1
7
2
1
1
2
2
16
2
2
1
2
1
2
1
3
3
1
4
1
1
1
1
2
1
1
1
1
1
3
3
2
2
1
1
2
2
1
1
7
6
1
2
2
1
2
1
3
1
1
1
1
3
2
1
2
2
1
3
3
2
1
2
5
1
1
1
1
1
4
2
1
1
3
1
14
1
1
1
22
10
1
2
2
6
3
1
2
2
1
2
3
3
1
1
2
12
1
2
1
4
3
2
2
1
1
2
8
5
12
1
1
2
2
1
1
1
3
1
1
2
3
1
2
1
3
2
8
2
1
2
1
1
1
1
1
3
7
2
2
4
4
1
1
3
1
3
2
1
9
3
1
1
2
1
8
3
1
1
1
1
3
1
2
5
2
4
1
1
1
1
1
1
2
1
3
1
1
2
1
3
4
2
5
1
2
1
2
2
2
4
2
2
3
4
2
2
1
1
1
1
2
3
1
2
1
2
1
2
4
5
3
1
8
2
6
1
6
6
2
6
1
1
1
1
2
1
2
1
1
1
1
1
1
1
1
4
1
1
2
2
5
3
9
2
1
1
1
4
1
1
2
2
1
8
5
2
1
2
1
5
6
1
2
1
2
1
2
3
3
3
3
1
1
5
1
18
1
1
1
1
3
4
1
2
1
1
10
1
1
2
2
1
2
2
6
5
10
1
1
4
2
2
1
3
1
1
1
7
2
2
1
3
1
1
2
4
1
2
3
2
9
1
2
2
5
3
1
1
1
3
1
1
2
4
1
1
1
1
1
1
1
7
2
2
4
2
1
4
1
12
3
3
2
1
1
2
3
2
1
8
1
2
2
7
1
1
1
6
1
3
1
5
2
1
2
2
1
1
1
1
1
1
3
1
1
1
1
7
3
5
3
1
2
19
8
2
1
4
2
4
1
2
2
2
1
11
8
3
7
2
1
1
1
1
1
1
1
1
2
10
2
1
2
2
1
2
2
5
2
8
4
1
10
2
2
1
1
5
1
1
1
4
1
2
1
2
2
2
2
1
1
1
1
3
