1
3
29
1
2
10
10
18
7
2
22
2
1
4
16
7
12
4
1
2
2
6
14
18
3
1
2
4
51
5
2
1
5
6
1
4
12
1
8
4
1
2
22
4
24
1
1
4
12
4
21
6
2
4
22
3
3
1
1
7
2
16
6
4
1
10
5
10
2
9
1
2
6
13
13
19
1
5
5
1
5
1
10
15
2
32
2
28
4
8
16
6
63
22
1
2
2
19
16
2
1
29
2
1
3
3
7
6
8
6
8
1
3
4
5
1
8
1
29
1
2
10
11
1
4
1
21
19
4
2
14
1
6
3
36
8
1
16
1
4
2
21
2
11
3
2
31
3
2
12
7
1
1
1
1
2
2
17
1
20
5
10
7
1
3
1
2
8
4
3
2
5
6
1
3
2
13
3
8
1
9
1
2
3
5
1
8
2
1
2
2
2
1
1
2
6
5
1
26
6
1
8
4
2
3
7
1
16
17
4
16
1
7
16
36
9
10
4
72
6
8
4
4
14
36
9
1
6
2
2
27
9
41
2
3
6
1
1
1
28
7
5
1
3
2
4
1
4
3
2
1
1
2
35
42
6
1
1
2
6
5
2
8
3
25
3
35
2
4
1
12
8
10
1
3
1
23
2
14
3
2
8
34
7
2
35
11
22
13
1
2
4
7
5
13
81
2
8
4
1
15
2
8
3
1
1
3
9
39
5
4
1
2
2
19
8
1
8
2
1
6
1
8
56
42
1
19
15
10
8
1
2
45
1
3
15
12
2
16
3
4
5
3
2
11
1
13
16
1
1
2
11
6
4
5
1
3
25
11
1
1
1
2
4
2
28
15
1
1
10
6
3
5
1
2
2
2
36
1
3
1
13
27
6
17
2
1
4
1
1
39
4
6
7
5
1
14
1
14
35
5
2
4
2
6
1
1
2
3
2
2
8
1
26
4
1
1
9
4
1
6
2
12
5
1
8
6
1
1
6
2
1
8
2
3
1
1
2
30
4
1
10
1
17
5
15
3
9
1
2
3
1
2
1
1
2
4
3
4
1
8
3
1
61
1
1
8
4
16
3
3
10
5
10
2
2
1
4
1
30
1
1
1
2
5
7
1
2
2
5
3
1
3
12
10
1
27
3
20
1
3
1
1
68
2
2
1
2
1
9
23
3
1
17
1
1
1
11
2
2
3
15
13
4
3
1
1
1
16
36
5
6
1
3
3
13
22
7
1
1
6
60
10
1
5
28
1
9
4
13
11
28
38
2
2
5
1
3
1
3
10
1
1
2
5
3
1
2
2
17
2
24
1
12
23
2
1
1
37
4
4
1
9
2
1
1
1
8
9
6
5
10
8
4
2
6
5
11
3
1
3
3
3
1
14
4
8
2
2
2
13
81
2
1
9
49
14
6
2
1
8
3
7
7
1
6
3
4
6
1
1
2
3
4
1
4
7
5
1
4
5
8
9
3
9
14
3
43
18
36
2
17
1
1
2
4
2
4
1
43
25
3
6
5
14
3
5
1
2
24
1
14
2
12
1
1
2
1
3
10
11
11
6
1
1
19
1
2
7
24
2
2
9
5
8
12
1
1
1
2
5
2
11
4
4
1
3
3
14
7
3
1
1
4
1
34
9
2
4
8
12
7
2
1
1
7
5
1
1
1
42
19
5
2
5
2
3
4
3
23
1
5
29
1
5
1
1
3
4
31
1
22
1
3
2
4
4
1
6
1
5
5
18
4
3
5
12
3
4
2
19
1
27
1
15
2
2
5
18
6
10
1
4
1
1
1
34
6
1
2
1
1
2
1
2
1
16
1
4
1
1
37
4
17
7
3
1
10
11
7
3
8
3
2
2
3
35
16
2
3
5
43
3
1
5
4
11
1
1
16
7
2
12
5
3
24
6
2
2
9
1
11
1
3
57
1
7
2
2
6
10
1
2
6
4
2
1
1
4
7
1
3
3
6
4
1
1
3
2
8
8
33
2
2
2
6
19
2
2
1
3
1
47
1
9
2
1
1
2
54
40
35
13
50
1
1
1
1
1
22
3
18
7
37
6
1
2
2
8
2
2
3
1
6
1
2
17
4
58
2
2
8
1
4
2
9
13
1
2
13
5
12
17
1
2
1
4
2
27
11
3
11
1
1
5
12
2
2
18
1
21
14
23
2
35
1
1
13
4
3
14
2
4
22
2
7
1
1
11
2
5
3
4
6
2
10
1
13
11
3
4
7
5
3
4
6
1
2
2
3
1
10
4
7
1
2
30
6
2
4
16
3
17
2
1
9
3
5
3
1
9
3
1
1
1
4
1
10
24
8
3
13
2
2
4
3
39
2
4
4
4
6
10
10
1
1
2
5
21
9
6
4
27
1
9
17
40
1
5
1
12
2
6
3
14
1
1
2
15
32
10
2
4
3
5
2
3
5
2
3
2
6
3
3
3
7
8
2
3
5
27
1
1
38
1
9
2
3
1
2
1
5
26
9
4
26
4
8
3
20
5
3
5
17
3
2
6
10
3
1
2
4
1
9
2
2
5
1
2
4
3
6
2
4
1
24
6
4
3
4
1
7
35
10
7
1
2
4
23
2
2
22
2
1
1
1
2
39
1
1
1
45
21
10
1
1
1
7
2
4
9
2
1
9
1
11
3
1
1
1
6
1
1
1
3
3
8
2
3
2
1
6
30
1
1
1
5
7
16
32
3
3
1
13
1
4
1
4
19
16
11
3
42
6
1
21
16
14
1
1
7
4
4
1
10
53
1
26
10
2
1
2
8
1
1
6
3
1
11
1
1
9
12
8
55
2
9
39
7
9
19
2
2
3
1
1
8
1
3
2
2
7
6
5
8
7
12
8
5
17
5
2
6
15
3
2
5
14
11
4
1
1
1
31
8
2
22
2
6
1
1
2
2
1
22
10
1
8
1
4
8
1
26
4
2
7
2
25
2
4
2
1
11
3
2
9
36
6
8
1
3
2
2
13
1
8
24
4
1
8
2
1
11
26
10
14
1
2
14
7
6
11
4
19
1
5
1
13
2
33
3
3
4
3
6
4
2
8
6
2
27
1
2
12
11
9
8
3
2
3
9
2
4
13
6
2
1
5
12
2
32
33
1
5
5
12
5
5
2
1
13
18
3
1
6
9
5
13
1
2
12
10
2
8
11
4
3
4
6
1
3
5
1
13
2
10
2
11
3
17
7
3
2
2
5
1
3
2
1
2
2
6
3
1
10
16
2
1
3
5
22
1
14
1
1
23
19
4
8
1
1
7
22
1
1
9
1
1
15
8
4
3
10
15
2
33
3
1
1
34
20
4
30
5
2
11
9
45
12
2
1
2
3
1
10
32
1
1
1
1
3
1
5
5
5
15
2
10
2
4
3
10
8
1
10
5
23
2
7
1
6
13
6
2
21
11
12
1
1
2
14
22
1
2
1
10
22
40
24
2
5
1
1
19
33
1
2
1
1
9
1
17
3
2
21
4
1
2
1
9
1
12
2
3
3
2
10
1
2
13
1
1
9
2
1
3
1
3
3
2
2
2
2
10
1
8
7
4
45
1
4
3
3
2
4
11
19
5
1
8
4
3
5
9
1
8
7
1
1
9
4
33
33
1
11
1
1
1
1
4
9
1
33
13
1
16
6
1
5
27
24
2
1
2
4
2
5
3
4
2
12
3
1
9
19
9
18
1
30
4
1
6
1
4
2
2
3
2
2
1
16
2
1
2
2
2
3
1
5
5
1
4
3
1
2
1
2
46
14
2
1
5
3
16
16
2
27
1
1
1
1
2
4
3
4
7
6
2
10
4
2
17
6
2
27
1
3
18
18
10
2
7
5
4
15
3
1
16
5
1
2
4
3
17
6
3
5
2
4
4
4
1
6
2
9
1
2
3
1
2
1
2
2
4
11
2
4
1
1
1
1
3
4
2
6
4
4
9
4
3
4
2
10
12
1
1
6
7
2
13
1
2
3
8
2
2
10
36
1
25
13
2
28
2
1
3
14
1
2
28
6
5
3
1
3
9
1
9
7
2
1
16
8
10
1
35
7
36
2
8
4
14
1
8
2
3
1
1
2
29
9
43
1
14
1
11
7
3
9
13
6
1
3
26
1
8
16
1
6
5
28
1
32
16
3
1
2
1
17
4
1
4
2
1
1
3
1
3
2
6
13
9
2
14
58
1
3
1
26
9
3
1
2
1
3
1
11
7
2
2
40
1
2
3
3
1
1
16
11
3
11
9
6
19
53
1
18
6
13
16
3
6
14
33
4
3
8
56
5
1
1
4
3
3
4
1
11
41
2
1
1
3
1
3
4
3
1
1
5
14
16
3
7
1
7
20
4
11
1
2
16
4
1
6
8
3
2
4
1
1
1
8
3
4
2
2
2
3
2
3
1
1
8
22
2
2
2
1
5
7
24
1
18
13
3
1
1
12
3
13
2
6
4
33
2
2
5
23
1
1
1
4
1
2
3
1
36
2
4
1
37
5
1
18
7
2
19
2
2
4
8
1
5
1
5
3
7
3
14
13
9
4
5
6
1
3
7
3
5
5
5
12
9
14
2
3
26
11
1
18
6
3
1
14
2
5
1
5
27
