3
7
15
14
10
6
1
7
4
3
27
7
33
1
11
12
1
8
1
1
3
2
14
12
15
34
11
1
28
37
19
1
37
15
1
12
2
1
2
3
6
2
11
3
4
48
6
1
2
2
8
3
2
1
17
1
1
9
23
16
1
3
11
3
1
1
6
37
11
2
70
9
1
12
6
3
31
4
1
12
1
2
2
2
3
16
32
2
3
3
4
1
1
1
7
3
48
22
15
2
1
3
4
5
1
10
4
1
4
2
1
6
13
12
1
1
5
7
18
3
1
1
8
1
7
6
1
13
2
1
26
2
14
3
2
2
19
4
4
2
1
4
47
1
9
1
1
4
1
32
3
9
9
2
5
2
27
21
1
1
15
7
12
42
57
1
9
13
2
3
20
7
4
2
1
9
5
39
1
14
1
1
1
10
5
7
1
6
8
44
31
1
7
1
5
2
10
2
3
2
15
24
10
1
2
5
5
1
106
7
2
1
3
2
4
1
77
7
2
1
3
2
11
18
13
3
1
9
1
2
25
1
9
17
3
5
11
2
1
14
2
24
5
2
8
4
1
2
1
3
2
19
1
5
1
2
7
42
1
2
6
24
2
2
4
5
14
21
2
31
3
3
20
7
42
26
27
7
1
8
2
6
5
2
7
11
7
1
1
16
3
7
6
1
5
1
4
15
1
4
1
4
3
2
1
1
27
8
6
6
4
1
8
3
2
3
12
1
4
1
2
1
2
1
1
12
1
16
1
7
15
2
2
2
10
4
16
11
1
4
27
9
2
12
4
1
1
11
2
2
3
10
1
1
3
1
22
20
2
2
6
7
3
4
27
6
2
1
53
26
43
1
2
1
1
9
1
7
1
11
1
3
1
20
14
31
3
1
4
3
17
1
3
1
3
46
2
6
2
13
6
29
2
2
9
3
9
4
28
31
1
1
6
2
9
1
2
12
4
1
2
1
1
5
9
3
16
4
1
7
1
29
6
4
2
1
36
11
12
7
12
22
33
10
2
6
16
7
1
1
53
1
6
6
12
2
1
2
2
18
2
1
19
1
4
1
1
1
1
6
18
11
1
2
6
5
8
4
3
1
6
1
2
2
2
2
1
5
3
1
2
8
2
2
10
1
1
1
1
21
9
2
2
2
10
9
6
9
9
6
1
1
7
1
2
21
2
1
3
2
1
9
9
1
1
1
19
4
1
1
2
1
1
17
2
17
4
26
2
1
2
13
4
1
7
1
10
4
5
22
1
20
2
18
5
5
1
1
1
2
4
10
17
2
1
1
7
2
2
4
1
2
2
2
17
2
1
3
2
3
2
7
11
1
1
2
10
24
7
14
2
12
2
3
2
8
1
3
3
1
8
8
4
3
1
12
2
2
1
11
1
5
26
1
4
18
2
3
2
7
35
2
38
2
2
4
2
4
21
6
4
26
1
12
24
2
1
2
1
3
1
1
3
5
20
18
5
3
2
1
1
41
7
18
36
6
4
12
4
4
46
1
16
2
2
1
5
2
7
1
1
14
26
10
2
15
2
1
18
12
1
2
9
2
5
16
6
1
1
1
19
8
1
13
1
17
1
3
4
1
3
1
1
2
13
70
1
24
14
1
4
2
1
2
4
3
3
3
2
1
6
1
4
2
2
24
6
1
5
3
52
1
1
3
2
2
1
18
2
12
5
2
2
3
3
2
1
1
2
5
5
20
2
28
1
1
2
2
2
1
3
13
2
2
3
3
1
1
7
2
3
1
14
4
32
2
1
2
2
9
3
2
2
2
2
1
3
2
7
5
5
1
4
6
2
1
2
3
2
11
1
1
11
7
2
8
2
1
1
2
2
8
1
6
2
14
35
1
4
2
4
1
24
2
9
1
2
15
1
2
1
5
2
2
4
2
4
12
2
2
5
14
6
1
2
8
4
2
3
25
5
8
2
2
2
2
1
16
2
3
2
2
2
2
7
1
1
1
2
3
1
7
4
2
1
2
1
1
22
1
1
4
13
22
6
2
39
4
6
3
6
3
4
1
4
2
3
11
57
6
2
20
2
14
2
1
2
1
2
3
2
7
20
1
19
4
1
1
5
3
94
4
2
13
5
3
2
4
1
32
1
1
1
2
2
4
2
4
4
4
10
3
15
3
7
4
1
2
12
2
6
2
4
10
2
2
3
8
2
29
7
1
1
5
15
1
27
3
1
2
2
3
1
5
16
2
6
29
1
3
1
1
1
1
2
4
2
4
11
5
8
22
93
1
3
7
2
19
33
1
1
8
2
3
40
11
2
3
3
3
1
18
1
1
8
3
1
117
4
8
1
1
2
3
6
1
1
17
4
1
1
16
13
3
1
2
16
7
3
4
2
3
3
7
9
2
3
2
1
4
3
14
1
1
2
5
17
3
6
3
1
11
1
12
2
8
3
28
3
5
2
11
20
20
1
5
3
2
1
1
1
1
9
1
4
2
1
2
3
3
7
3
6
31
7
2
3
6
5
2
3
4
16
2
29
28
18
11
2
10
1
5
5
2
8
4
1
2
9
1
1
7
4
1
10
6
1
1
10
2
7
10
23
5
10
7
1
1
1
72
4
104
4
1
8
3
2
13
2
2
8
5
4
2
1
2
2
1
2
1
4
3
2
1
1
7
3
3
1
1
1
30
8
1
6
21
2
1
1
1
2
1
4
7
31
2
18
20
2
2
20
1
17
2
1
1
2
1
1
2
2
2
8
16
6
2
3
3
18
2
16
1
4
36
1
1
3
13
6
9
3
24
15
28
3
2
9
8
2
4
7
1
3
24
2
2
8
1
2
1
2
3
1
2
1
34
8
4
9
6
4
1
14
1
5
4
11
2
1
3
1
2
16
1
3
1
13
3
6
1
1
2
22
2
87
2
4
8
6
2
11
5
24
3
1
24
8
5
3
5
33
1
10
2
1
4
1
6
1
1
1
4
2
5
2
4
3
4
2
2
1
1
2
4
4
1
16
1
6
1
8
20
1
1
22
5
4
27
16
22
12
1
1
18
9
3
1
4
6
4
4
3
1
4
1
2
1
8
2
1
6
2
2
5
2
17
3
5
6
2
3
2
2
7
6
5
5
6
6
3
2
2
1
2
2
10
1
5
3
20
1
4
1
1
9
4
1
7
10
3
2
4
15
1
4
11
1
2
2
1
5
18
6
1
1
8
4
7
1
3
11
1
1
4
3
8
2
1
7
9
1
2
38
3
3
7
5
3
7
1
10
5
2
1
2
2
27
12
1
2
6
3
1
1
10
7
2
1
1
1
1
9
2
2
2
20
1
1
4
2
3
2
1
2
4
3
4
3
1
2
2
14
6
4
2
25
13
2
1
3
4
1
1
6
4
5
19
7
3
1
4
3
4
1
1
3
1
3
3
15
23
5
1
5
2
1
11
9
3
5
102
14
20
1
4
2
2
4
1
13
9
17
10
4
5
20
1
1
2
8
19
6
3
1
5
1
18
1
2
2
2
34
5
2
6
8
19
2
12
1
19
3
2
1
1
8
3
1
5
9
3
1
2
1
2
12
4
5
5
2
4
2
3
10
5
6
37
1
1
7
4
1
33
5
3
8
4
7
3
7
4
13
7
2
23
3
44
5
4
8
2
3
4
1
4
1
6
2
31
32
16
24
5
5
4
9
11
3
14
1
4
2
3
14
8
1
1
7
3
3
1
7
1
7
13
2
10
3
1
3
2
1
1
1
6
15
8
3
4
7
9
15
26
6
2
6
2
18
4
16
9
2
1
16
5
37
2
2
8
13
4
2
5
3
1
2
10
5
7
5
11
19
3
4
2
1
4
28
7
24
1
17
2
4
2
13
1
6
32
2
3
24
1
1
3
21
12
4
9
3
25
27
1
2
2
2
6
6
1
3
1
2
4
4
2
1
5
11
17
20
1
2
22
1
5
12
11
3
18
11
3
22
2
2
1
3
3
37
2
5
11
6
1
10
3
5
9
4
1
2
2
13
7
1
2
2
9
3
7
3
1
15
21
5
7
1
6
9
3
11
4
1
5
16
3
2
3
11
20
8
1
8
2
1
3
2
2
5
2
5
20
3
26
1
5
1
1
1
6
2
8
4
23
26
5
13
2
2
8
5
10
5
1
4
4
3
5
2
3
44
1
11
3
21
1
2
6
1
7
1
1
3
7
18
12
5
1
5
52
11
6
5
3
16
2
2
1
9
4
2
8
1
24
6
5
11
2
6
1
16
2
8
7
17
10
1
5
2
17
1
7
4
1
6
11
4
13
2
8
6
9
11
9
1
2
5
2
4
2
23
4
5
2
9
1
8
13
5
1
3
6
1
6
1
16
6
2
40
14
2
2
2
6
1
8
4
1
3
17
1
8
13
1
2
30
1
21
9
7
7
1
27
2
26
1
39
13
1
4
7
27
16
1
7
9
10
16
16
5
11
13
11
5
16
3
3
11
1
8
3
2
8
3
2
2
5
2
3
3
3
3
4
24
65
3
3
21
1
1
3
2
2
12
4
1
8
1
1
1
13
1
17
1
4
3
12
10
16
30
20
11
3
1
1
6
15
6
