2
6
23
3
3
3
6
4
4
3
7
2
12
7
1
2
7
7
4
5
8
13
15
13
4
19
38
1
18
2
5
14
3
1
13
1
1
3
10
14
1
3
1
11
33
1
22
1
13
1
3
3
1
34
1
56
10
4
3
19
1
9
2
1
9
5
3
19
35
26
2
5
1
35
12
7
23
7
4
2
1
2
15
1
26
1
2
23
4
1
11
4
4
1
15
9
30
15
2
1
18
6
4
1
3
15
2
16
8
14
2
1
2
3
8
5
15
1
10
43
6
23
9
2
1
6
5
5
4
3
3
32
1
4
2
1
1
2
1
2
84
1
8
18
4
9
8
10
15
3
1
2
2
1
3
1
11
1
3
33
1
1
32
16
8
4
2
11
48
4
4
3
5
12
2
24
1
1
33
4
7
24
1
43
1
3
19
15
8
1
11
2
15
5
3
4
3
8
21
12
2
10
2
2
11
2
93
37
2
6
2
1
4
6
1
3
6
5
7
2
2
2
5
2
6
3
1
1
1
2
10
1
7
10
2
8
1
1
2
3
31
4
2
2
2
1
2
2
2
4
2
3
2
3
1
1
2
20
1
13
20
3
2
13
1
2
2
3
1
10
2
2
4
3
1
2
6
1
4
15
2
1
3
3
1
2
1
1
4
5
1
2
5
1
2
15
12
3
17
2
15
6
2
2
1
2
5
9
21
5
2
11
4
2
2
1
9
12
16
1
2
32
8
1
3
29
13
1
13
13
2
11
21
63
2
3
5
5
3
30
25
1
5
36
1
1
4
74
15
2
2
5
5
4
2
41
11
2
13
12
54
2
21
1
1
2
9
2
11
22
1
2
2
2
1
1
2
3
1
2
16
3
6
1
5
6
86
3
6
2
1
27
1
3
2
29
2
1
3
17
2
14
1
1
3
6
9
12
4
26
7
6
39
19
13
9
64
1
1
22
8
1
4
2
2
7
2
2
2
7
17
1
4
11
14
6
2
2
10
1
4
2
25
1
3
6
1
8
9
11
1
2
8
17
1
4
7
4
6
2
4
6
3
5
24
4
33
1
16
6
1
1
1
1
2
3
30
73
3
19
6
6
2
15
2
4
4
5
34
1
3
4
3
1
3
3
13
1
2
78
4
1
1
1
3
8
9
1
3
16
1
12
13
78
7
1
24
3
7
2
16
1
1
3
13
2
4
4
85
1
3
2
1
24
9
6
72
27
2
2
2
3
4
3
2
1
2
2
7
4
8
45
4
7
18
1
10
3
6
2
2
2
3
1
3
2
20
2
2
1
2
5
1
1
1
1
6
3
9
2
6
3
3
4
4
4
57
19
4
1
3
17
4
2
7
7
1
1
2
9
1
6
58
1
8
2
7
18
3
1
18
2
13
4
18
2
3
9
6
1
5
43
3
2
2
5
3
8
4
12
1
34
1
9
3
1
1
1
5
3
1
2
4
1
7
10
1
12
2
6
3
3
1
1
4
1
1
2
2
2
1
4
3
1
1
1
8
1
7
4
11
5
5
2
9
5
2
1
4
2
16
3
2
3
2
17
7
1
1
3
2
4
12
1
10
3
1
8
1
2
1
2
1
1
13
2
4
13
3
1
2
2
12
7
2
2
3
1
1
6
4
76
4
1
6
1
2
14
22
8
1
21
3
5
7
16
3
4
80
5
1
4
1
1
2
9
33
12
11
1
1
5
8
28
6
1
4
2
3
3
12
2
15
1
1
11
2
1
1
1
1
2
13
11
2
1
8
12
1
3
16
2
4
2
1
2
53
1
5
4
1
3
2
1
2
8
1
77
17
1
6
2
33
13
6
1
1
1
1
5
1
1
8
1
11
6
8
45
5
2
1
1
7
12
3
2
3
6
8
13
1
22
2
1
1
2
1
3
1
1
10
2
3
15
2
33
3
11
2
36
1
1
2
2
9
1
2
9
12
8
9
31
2
3
9
20
2
9
1
1
1
3
1
7
1
56
3
3
2
10
1
2
13
9
2
10
15
2
10
1
2
2
3
1
1
2
2
1
2
1
14
1
1
20
6
1
1
16
1
9
14
3
1
2
12
10
4
1
1
3
2
3
1
7
41
5
2
1
3
1
6
6
4
1
39
7
1
18
6
1
14
12
3
4
3
1
4
1
5
4
1
4
1
1
2
1
2
1
3
15
4
3
33
1
1
2
1
1
3
27
2
7
1
6
12
28
6
3
3
1
6
2
17
13
2
1
2
7
5
7
2
7
7
8
8
16
3
2
1
4
7
1
1
2
4
2
2
5
17
16
6
1
2
1
3
29
1
12
38
1
2
6
2
8
7
7
4
11
6
15
3
14
5
54
2
8
8
4
2
83
35
5
2
20
1
18
2
6
20
5
15
1
1
11
2
3
14
1
2
5
9
14
14
4
2
21
2
6
3
8
2
1
2
1
2
1
21
23
1
5
10
12
1
2
3
18
1
12
1
27
18
9
7
46
8
2
2
6
4
1
2
9
3
4
20
17
2
11
2
1
3
