5
8
6
1
1
5
2
1
5
3
52
23
28
11
16
22
2
3
1
18
3
12
5
6
1
10
15
18
6
6
5
8
1
7
2
10
1
2
7
3
3
2
2
21
3
21
18
7
2
8
2
1
1
6
1
11
10
2
11
4
28
1
1
4
9
19
1
1
20
4
1
1
11
7
1
6
4
11
1
6
2
1
27
9
4
4
27
1
4
11
1
3
5
8
3
1
2
2
2
1
6
49
46
13
1
3
1
14
3
10
1
1
1
1
6
10
23
5
5
68
8
6
2
1
10
2
1
5
1
2
2
1
22
3
23
1
5
103
7
2
5
47
7
10
5
6
8
30
2
1
10
1
10
1
1
1
1
4
7
19
3
1
18
3
8
4
8
2
47
33
1
3
4
9
44
1
13
1
17
8
11
1
10
1
9
1
7
6
4
1
15
53
2
1
1
25
2
1
20
1
2
25
9
5
6
6
2
2
1
9
7
18
1
1
2
1
7
23
1
3
1
2
25
10
5
2
4
5
60
1
2
2
1
5
2
2
4
36
9
1
7
9
3
7
31
13
1
23
5
3
6
6
10
13
1
2
2
2
1
2
10
3
2
9
19
1
19
1
2
16
1
1
1
13
8
1
4
1
15
2
1
6
5
1
15
17
6
9
84
8
5
1
11
33
5
15
12
2
2
15
3
8
10
3
5
8
2
1
1
4
1
33
2
1
2
5
1
1
1
1
1
1
4
5
7
1
3
2
3
1
16
3
3
4
1
6
1
1
28
1
9
6
16
1
22
13
1
38
5
22
3
8
30
1
16
1
17
3
3
3
8
3
11
62
1
63
63
2
1
3
5
1
1
2
1
1
3
1
2
28
33
4
19
8
32
1
2
3
13
2
1
4
2
1
2
15
2
15
4
12
23
4
5
8
40
10
1
1
1
17
6
32
10
43
8
9
2
29
41
5
1
1
6
7
2
1
1
2
1
1
1
3
12
3
3
2
13
1
23
1
23
5
1
4
17
1
23
3
3
8
16
3
5
34
1
1
4
20
1
2
36
7
2
19
2
8
14
3
44
3
2
5
2
1
16
3
2
1
1
1
2
1
3
1
1
14
10
56
1
1
8
1
2
1
2
2
1
4
4
3
23
3
2
31
10
2
2
2
2
26
1
2
6
1
5
1
3
3
38
23
1
10
4
1
16
60
3
22
13
1
27
3
6
44
8
2
1
1
7
1
11
1
6
3
1
3
37
2
9
1
2
2
1
4
3
7
19
1
2
1
3
13
2
4
6
1
3
1
1
3
8
5
5
32
1
8
3
6
2
1
9
6
2
4
3
8
18
1
1
2
4
27
1
1
3
33
2
3
7
10
13
1
3
27
16
31
7
1
9
4
2
1
13
2
11
36
1
2
7
1
34
1
7
1
5
20
3
14
10
12
3
10
17
1
7
10
21
1
19
3
4
1
11
9
2
11
7
6
1
42
2
4
37
7
1
1
1
17
7
11
2
1
1
10
2
7
1
12
5
2
6
8
4
8
3
1
12
20
6
20
8
1
1
1
1
3
1
6
1
29
1
3
7
7
1
20
6
1
8
1
2
2
30
1
1
2
24
2
1
2
36
2
14
9
2
1
1
6
2
28
6
5
4
1
7
5
7
7
3
10
9
8
1
1
20
8
1
4
18
49
3
22
1
20
1
1
42
2
84
1
4
4
6
26
3
11
13
1
35
14
5
1
1
2
9
1
41
2
1
22
13
11
8
15
12
1
11
3
51
1
1
1
2
9
1
1
39
3
7
8
1
26
3
35
17
2
35
3
2
4
1
56
2
1
1
15
8
2
42
12
2
94
2
2
1
8
2
1
29
1
4
16
47
40
7
12
1
5
4
6
3
15
20
2
1
2
1
6
8
1
1
4
7
2
5
10
2
7
1
15
3
4
6
30
16
6
3
32
3
1
6
29
1
21
3
37
6
5
14
1
51
20
3
1
9
2
25
46
7
8
4
2
15
2
4
3
7
4
8
3
1
1
7
1
18
2
4
6
1
4
1
1
40
15
46
2
2
2
1
1
3
2
7
5
4
2
4
4
7
20
18
7
7
7
8
9
1
1
1
3
4
6
9
15
1
18
11
5
5
46
3
1
3
1
53
36
44
1
15
2
13
3
7
37
3
5
1
3
8
2
1
4
4
4
3
1
7
4
4
2
29
3
3
1
2
19
1
1
5
55
2
1
7
12
9
1
16
4
6
5
2
5
1
5
16
32
3
8
15
1
5
2
1
10
3
2
15
15
16
7
1
43
2
3
3
66
6
3
10
7
2
20
8
1
7
7
1
13
4
6
4
1
1
10
3
5
5
16
6
7
5
4
8
1
1
6
2
1
11
5
3
14
37
24
12
7
17
1
2
1
1
10
1
4
3
4
3
16
9
1
34
3
89
2
2
4
2
6
20
4
16
11
4
4
2
3
2
3
3
16
1
7
1
1
13
2
2
8
4
3
95
29
5
44
1
7
11
1
2
5
2
2
5
45
1
20
9
8
2
53
12
2
2
26
5
1
5
2
29
1
4
4
1
2
4
2
5
21
4
2
13
9
4
4
9
2
16
1
1
2
6
4
22
14
1
12
6
12
5
10
1
2
1
7
1
17
13
1
4
3
2
1
13
14
11
1
2
1
2
1
12
2
2
10
3
9
11
1
2
22
69
9
1
3
2
15
5
27
2
1
3
2
7
22
3
2
7
3
3
7
17
2
2
9
1
4
5
44
2
20
2
1
73
2
16
23
2
1
3
12
9
1
2
17
7
16
2
1
12
6
8
27
22
12
1
2
11
1
11
12
8
1
8
5
2
15
32
62
2
1
42
3
10
4
1
2
4
3
16
9
1
5
3
2
2
30
4
1
4
5
32
37
12
16
11
3
2
18
6
14
1
2
37
2
3
2
6
3
1
1
1
24
28
9
11
7
10
2
1
3
9
13
1
34
67
1
19
34
30
1
10
3
1
3
2
5
15
66
8
26
4
1
19
6
2
5
7
3
1
6
2
10
8
1
6
2
39
1
3
3
50
23
2
2
1
10
5
2
2
8
35
4
11
12
2
14
7
4
4
16
31
1
32
2
1
1
2
2
1
4
2
2
1
13
7
55
26
3
1
10
13
2
2
3
2
35
1
8
7
1
3
3
6
12
2
7
2
3
4
2
18
1
2
3
3
1
2
4
51
2
27
4
5
2
4
4
7
2
2
8
3
7
3
19
2
18
4
3
32
5
7
3
2
1
1
1
1
6
3
4
4
43
2
9
8
12
4
6
15
23
3
15
2
10
2
1
2
2
4
3
1
1
7
5
5
1
14
4
2
38
3
8
12
5
3
11
3
40
7
5
1
1
2
12
11
4
1
1
5
1
6
3
3
4
39
35
6
2
1
8
17
1
1
3
1
1
9
13
1
5
9
1
2
1
4
3
16
9
1
1
21
8
4
3
1
1
1
1
2
3
2
2
24
14
1
1
20
4
14
22
21
23
39
13
2
2
2
1
3
2
3
1
1
2
55
2
1
8
1
1
6
29
2
13
1
2
1
9
2
14
2
2
1
1
8
2
1
1
5
12
1
16
4
27
11
4
19
6
106
6
2
1
1
10
4
4
2
1
3
18
4
3
13
1
1
48
4
2
6
7
1
1
16
30
2
15
7
21
4
5
28
13
3
8
1
5
2
1
3
10
5
1
17
1
1
10
6
2
16
18
5
5
33
2
11
15
13
2
36
13
29
6
14
5
1
4
1
30
49
11
1
7
2
18
29
31
6
3
2
1
26
58
64
7
2
10
13
13
1
1
5
1
11
6
1
11
3
1
28
1
9
10
11
1
1
9
1
7
3
14
4
1
10
51
3
1
2
2
1
12
2
7
3
5
1
5
2
3
3
9
12
12
2
17
10
1
2
3
2
19
4
2
2
11
3
2
1
1
1
26
13
2
8
6
15
1
1
92
7
7
2
4
4
1
26
1
31
2
3
31
1
2
2
1
2
5
2
1
1
15
1
1
1
2
9
29
3
5
1
5
2
2
3
17
4
45
1
9
2
1
11
6
8
2
1
4
3
3
3
2
3
2
5
2
3
12
5
24
30
1
1
5
15
5
1
1
3
3
6
14
16
1
11
13
2
2
30
3
3
35
5
2
5
8
2
35
15
10
4
1
3
2
6
15
6
30
26
4
1
3
13
1
2
2
4
13
4
8
2
2
2
3
8
3
1
1
2
10
2
2
22
2
37
1
1
2
1
7
7
2
16
4
1
15
12
10
2
13
3
1
3
2
2
3
6
4
14
1
10
2
6
1
2
38
1
6
3
10
5
1
20
2
3
8
38
24
1
1
22
6
1
20
8
4
1
16
1
2
17
1
25
40
3
1
10
28
2
19
20
10
17
5
2
2
2
22
3
1
8
4
8
3
1
7
9
1
21
1
11
17
1
3
2
7
16
1
33
5
15
12
6
2
3
1
35
10
10
2
37
5
1
5
5
13
5
2
1
3
2
5
26
34
8
2
3
2
5
5
3
3
5
13
1
2
1
3
3
47
19
4
3
1
12
13
1
20
9
14
45
2
29
11
3
8
1
41
2
5
2
30
56
13
16
16
1
2
1
9
4
2
1
1
6
4
3
8
18
1
8
1
10
1
2
2
15
12
3
5
5
6
4
1
1
9
3
28
30
1
15
2
3
12
1
2
12
3
2
3
4
9
8
4
2
1
1
2
13
14
1
1
4
49
33
2
4
2
7
2
5
11
3
1
4
41
1
3
1
3
2
24
2
14
1
1
3
4
3
9
6
3
1
3
8
2
10
1
3
8
5
2
4
3
7
3
29
17
2
1
4
1
11
10
2
8
13
7
13
19
5
10
17
5
9
4
21
4
2
1
2
13
1
2
1
14
2
21
4
3
1
1
5
25
1
13
1
26
9
2
1
4
7
8
17
1
19
4
8
2
16
1
9
3
16
2
1
16
1
2
39
1
1
1
33
2
2
4
1
2
2
2
1
1
10
1
9
1
15
1
2
22
5
2
57
25
51
7
8
1
1
9
12
1
9
4
1
1
3
18
2
2
1
1
3
36
1
1
2
1
12
9
4
4
1
3
26
7
2
15
1
1
1
7
7
1
14
9
4
1
5
1
4
1
59
1
3
10
10
2
2
4
30
62
6
5
18
8
3
1
1
4
6
3
1
31
2
2
2
1
2
7
15
25
7
1
9
1
2
83
7
1
5
4
2
2
14
6
1
3
7
7
1
2
13
7
2
7
2
1
6
23
25
15
1
36
4
12
2
10
17
1
1
24
16
10
1
16
2
6
9
6
5
5
6
12
2
1
49
7
9
4
3
1
4
2
2
2
13
1
1
1
5
4
6
3
33
1
3
13
1
27
70
3
1
51
1
7
33
2
8
14
9
9
1
7
4
1
14
3
10
8
7
2
2
1
3
7
17
11
3
4
13
14
4
4
13
1
1
41
4
2
2
14
2
21
2
1
10
3
7
9
1
40
1
1
1
18
5
4
3
3
2
3
28
4
11
12
3
1
1
76
1
44
22
63
6
5
18
2
3
5
16
4
5
1
21
1
4
4
1
3
3
2
9
4
2
8
10
3
2
2
1
4
9
1
1
23
12
43
18
11
2
1
41
3
15
1
3
21
49
34
2
7
11
17
1
1
18
4
4
2
1
1
6
90
20
16
5
3
14
4
1
5
3
1
10
3
3
2
46
1
1
8
2
8
1
1
27
3
37
1
12
46
1
48
9
9
3
1
1
1
5
4
12
2
2
6
14
3
18
41
3
2
2
5
11
20
16
1
2
1
7
2
3
6
1
3
7
3
86
4
1
4
1
4
10
2
4
11
1
17
1
36
5
6
25
4
3
3
8
61
1
40
2
7
1
7
34
1
9
13
2
2
8
10
1
1
10
2
49
1
1
10
1
4
2
4
34
1
8
5
32
1
6
2
1
1
1
5
27
2
7
14
6
45
2
14
57
2
10
28
9
20
20
66
2
3
3
1
1
4
14
2
17
11
45
3
4
2
24
7
6
2
1
1
20
1
8
1
6
1
1
2
1
4
3
3
1
1
5
14
3
3
4
3
1
2
1
3
7
22
2
1
5
1
1
3
2
4
1
2
6
2
27
4
1
1
8
2
10
2
1
4
1
4
16
8
59
8
1
21
38
50
6
10
26
3
3
1
12
1
2
7
5
5
2
7
20
1
4
1
4
6
2
2
1
2
20
4
18
11
5
1
2
2
4
1
9
10
2
1
2
4
13
2
1
3
1
5
3
37
1
2
1
1
1
3
33
15
1
28
3
10
5
1
1
2
6
1
5
1
5
11
1
2
2
2
32
2
1
2
50
58
14
1
34
17
4
1
35
8
18
1
3
20
2
11
1
7
1
2
1
4
20
5
9
1
1
20
36
5
3
1
1
4
3
8
9
1
1
9
7
48
12
1
