2
6
45
1
1
2
9
1
5
10
1
4
3
2
1
2
3
1
5
4
9
1
1
1
9
1
1
4
3
2
2
10
13
4
1
5
8
22
6
3
33
8
1
1
4
7
10
3
2
1
1
3
2
4
3
5
12
12
2
4
6
25
4
1
1
3
1
13
1
1
2
3
19
2
3
2
1
19
2
2
1
6
9
8
1
3
19
91
2
5
2
40
1
2
5
11
6
12
11
5
3
1
2
39
2
2
2
1
1
9
4
1
2
2
5
7
4
8
6
3
1
13
4
1
1
4
8
1
1
2
19
1
4
3
3
8
5
1
22
2
8
6
11
1
2
18
4
1
3
1
2
22
15
11
1
2
5
2
2
1
12
12
1
1
34
3
1
26
2
5
103
8
4
6
1
23
27
13
2
14
1
1
1
6
6
5
5
5
3
2
2
1
3
6
5
11
7
4
4
22
4
2
1
27
8
1
1
39
2
1
10
10
1
7
2
1
3
2
2
2
2
9
28
1
1
2
1
2
2
1
9
3
1
3
6
8
9
4
4
8
6
1
4
1
3
1
6
7
15
5
1
17
1
4
9
7
15
2
18
12
1
29
17
12
68
9
2
4
13
2
5
1
9
1
15
3
10
6
16
40
1
1
4
1
1
1
1
1
2
1
2
3
4
2
1
1
21
1
6
54
15
2
29
2
4
3
37
2
26
4
1
2
3
1
3
2
21
1
2
3
3
3
12
1
8
4
4
8
25
13
1
7
1
2
3
2
1
2
22
21
3
10
2
13
2
3
17
1
3
8
1
1
1
51
2
4
8
5
29
3
1
9
1
6
1
9
9
3
7
5
1
23
1
1
33
1
1
1
5
1
1
2
2
18
1
11
8
2
2
6
2
1
1
4
1
2
2
16
5
3
20
15
1
1
2
2
2
1
1
3
1
78
9
5
1
2
5
2
4
1
3
29
8
2
3
6
1
12
14
2
2
5
2
4
2
1
1
6
8
4
1
2
4
1
1
1
2
1
17
33
1
2
4
5
1
9
28
3
1
5
3
1
5
1
18
2
2
1
43
3
2
1
3
12
13
15
5
1
1
1
4
1
1
3
1
3
39
1
4
1
3
2
4
1
2
1
87
4
1
1
4
1
16
1
5
5
1
1
2
41
16
2
2
7
2
2
40
2
1
2
4
8
6
25
5
1
4
3
1
20
6
2
2
7
2
2
27
2
3
15
16
2
8
15
6
1
2
99
3
1
11
5
1
6
1
5
1
2
2
5
1
2
13
1
9
4
1
2
21
3
2
1
1
2
1
13
47
2
2
5
1
1
9
3
3
12
4
1
1
1
2
10
1
9
30
1
5
6
4
3
10
2
2
9
24
14
1
4
2
4
25
4
6
1
3
24
29
1
5
19
4
34
1
45
1
5
4
1
2
4
1
1
1
15
12
3
4
2
3
3
14
3
32
1
5
2
2
13
5
10
17
5
4
21
24
4
2
14
3
22
13
1
1
1
2
11
1
1
2
3
5
1
1
2
15
4
1
3
1
1
86
9
2
13
19
2
11
15
1
1
13
8
3
2
2
1
9
7
1
2
2
1
2
6
2
1
1
4
14
15
4
1
2
11
1
2
1
1
1
5
3
68
56
4
4
5
4
1
3
17
2
4
9
4
2
17
1
1
24
10
43
1
17
2
1
18
1
12
5
1
1
21
6
1
14
1
2
2
3
22
2
2
4
1
2
16
1
1
3
1
1
1
2
1
2
1
1
4
1
3
1
1
9
2
6
12
21
1
1
2
6
1
1
3
2
6
8
4
2
70
14
1
34
1
2
1
2
3
2
6
1
38
30
83
2
11
20
4
20
12
3
1
2
2
1
3
4
6
2
1
2
5
3
1
1
2
10
3
5
31
9
10
4
14
2
4
1
1
15
60
20
53
1
1
7
9
1
1
13
1
3
8
7
1
61
2
18
2
60
78
9
2
3
8
13
16
29
2
1
1
2
1
2
13
19
2
7
7
3
1
2
2
5
11
1
2
4
10
5
5
9
2
17
70
1
2
5
6
8
2
3
8
2
1
4
8
16
1
1
27
5
7
15
8
6
1
3
24
2
2
14
20
2
13
2
7
5
36
2
7
1
14
1
3
3
1
1
1
3
4
10
7
1
1
1
3
1
20
1
12
8
1
4
2
3
2
1
3
4
3
13
5
68
1
13
1
6
12
5
37
3
2
5
3
2
3
21
1
1
48
3
1
1
4
8
5
2
1
5
10
1
1
1
5
1
14
1
4
74
7
8
3
5
5
1
3
1
2
1
35
90
2
3
2
20
1
2
4
16
29
3
7
2
1
4
12
5
5
4
16
4
48
6
12
1
4
7
29
2
1
5
2
1
1
4
2
1
11
11
9
1
4
25
1
1
5
24
2
3
6
1
8
8
4
2
8
1
15
3
3
8
2
4
1
1
60
4
2
1
2
2
1
4
7
3
1
3
2
12
1
3
3
1
10
4
7
2
10
1
5
1
6
2
32
1
2
1
2
1
2
9
1
2
19
6
2
2
9
5
1
54
1
2
1
8
1
1
2
11
4
1
1
17
5
4
1
7
2
2
17
4
35
1
1
1
2
1
1
3
1
3
21
1
33
7
2
3
1
6
2
40
8
2
3
1
1
2
6
1
2
7
9
4
2
2
2
4
13
1
1
2
17
29
2
7
4
3
1
8
19
3
2
10
13
3
1
32
3
16
1
1
1
1
13
2
3
1
10
1
1
1
44
4
2
7
1
4
5
1
1
1
1
1
6
2
1
1
2
2
6
2
2
6
10
1
1
6
3
4
3
2
2
3
4
2
15
5
4
7
23
1
91
2
4
1
7
2
8
5
1
6
4
9
4
2
5
5
1
2
12
1
1
46
1
1
2
4
9
13
2
3
1
2
2
7
8
12
1
12
6
5
15
3
18
11
4
3
5
6
2
3
1
32
1
42
2
1
1
6
2
4
3
1
1
1
48
1
2
6
1
1
3
6
26
2
4
3
1
1
8
11
26
26
1
1
1
14
2
7
21
3
8
7
2
24
4
3
1
1
1
19
3
14
10
1
1
4
7
43
4
12
8
2
9
2
3
8
1
27
23
5
4
1
2
4
5
19
7
1
1
1
7
8
2
1
32
2
5
11
2
2
104
6
1
3
2
6
3
1
1
1
36
7
9
32
3
2
1
4
1
3
17
3
7
1
5
9
1
2
1
4
1
3
3
19
2
3
1
2
3
2
2
4
19
1
2
8
1
1
66
4
10
19
1
1
20
2
1
2
2
1
4
5
1
2
1
54
11
4
2
35
1
3
5
2
5
27
2
7
19
4
12
2
10
11
28
7
2
10
3
1
26
16
10
10
16
18
1
1
1
2
5
26
1
1
4
7
1
4
1
2
2
3
8
11
1
3
1
1
1
5
8
1
1
14
5
2
1
27
15
2
59
1
1
3
3
10
3
3
10
1
3
1
2
6
1
7
4
3
1
64
1
10
5
35
4
16
18
18
4
7
1
8
25
10
2
2
5
10
4
2
2
6
10
42
27
17
4
7
1
8
2
1
7
30
1
2
2
23
1
11
3
11
4
19
9
2
3
1
3
21
1
1
4
3
1
6
1
1
2
3
18
18
7
14
4
1
1
5
1
2
16
7
4
2
4
7
3
3
15
2
3
2
5
3
2
21
2
2
9
21
19
7
18
2
15
1
36
16
2
2
25
3
17
51
18
5
6
2
2
1
6
20
1
16
1
2
2
2
10
1
2
7
1
1
2
15
4
4
7
56
2
3
1
3
2
1
1
6
1
26
4
1
1
6
7
4
1
1
1
1
2
5
4
15
1
8
2
12
5
60
1
1
20
8
2
6
2
39
1
25
1
45
3
5
5
2
3
1
1
1
2
2
14
2
2
2
7
4
1
16
5
5
4
22
85
3
56
36
1
3
1
1
1
1
1
1
13
1
4
11
4
1
1
1
2
2
39
14
11
3
7
11
8
2
16
6
3
2
12
4
24
1
4
9
2
1
1
3
1
23
1
2
9
3
5
2
37
11
1
1
2
1
28
14
1
1
4
2
9
10
3
1
30
3
2
26
2
14
5
2
2
13
8
3
2
1
3
6
5
19
4
6
2
1
15
5
3
2
1
4
19
1
42
4
3
3
2
2
14
3
3
1
19
3
8
2
12
42
58
9
4
2
2
2
3
23
4
6
4
29
1
6
27
2
22
1
1
1
1
8
28
3
6
3
1
6
1
8
3
3
3
27
3
1
1
12
2
1
7
7
2
9
7
1
2
8
1
1
4
3
1
37
2
22
2
11
2
3
1
4
6
2
2
2
5
4
5
1
1
2
9
2
5
1
1
3
1
7
8
29
9
2
1
25
1
2
1
12
1
2
2
6
18
6
8
1
92
3
13
1
9
30
1
2
1
5
31
1
10
7
5
19
11
3
4
1
30
3
2
1
17
6
5
1
1
2
7
2
13
1
2
3
20
1
2
3
8
1
24
1
2
1
4
16
74
8
2
12
15
4
1
1
1
19
11
21
7
5
28
3
2
6
1
2
6
1
2
1
8
3
21
3
4
2
18
4
68
4
4
3
1
23
3
1
5
1
2
12
2
1
1
3
8
6
5
2
6
3
3
1
1
2
15
2
3
7
47
4
17
3
3
7
18
6
22
1
1
1
1
76
2
19
2
17
9
14
6
1
1
3
2
2
2
1
2
1
47
6
15
2
14
2
1
2
4
1
1
9
1
2
3
2
2
3
1
2
6
2
26
1
2
2
1
6
12
2
5
8
54
2
5
1
10
3
63
3
33
32
1
24
1
3
77
3
4
6
1
6
2
6
7
1
8
34
27
6
3
2
1
1
48
2
14
4
1
2
1
2
1
8
7
3
2
1
26
5
1
3
7
11
2
2
2
1
5
35
19
3
6
50
2
7
1
5
3
21
8
17
1
2
2
7
1
5
7
2
2
1
3
21
4
1
1
25
28
19
2
15
11
2
4
4
11
2
1
3
1
8
2
17
4
12
23
1
26
2
24
17
5
11
3
1
27
1
6
14
2
4
1
5
30
7
13
3
2
3
1
2
4
3
2
1
1
2
45
1
10
3
2
11
4
1
4
29
1
13
10
4
2
2
13
4
1
2
1
2
1
12
1
1
9
2
1
5
13
10
1
2
2
1
22
1
5
13
8
1
2
1
2
1
25
1
1
1
1
4
21
1
4
25
7
5
8
2
1
10
35
10
23
49
14
3
6
1
11
2
18
2
2
3
1
3
2
1
11
4
2
4
3
4
1
1
22
30
2
6
2
1
4
3
28
4
1
1
1
1
8
15
2
6
2
2
2
4
9
2
10
4
2
15
3
1
10
2
3
8
3
1
2
1
21
1
39
4
2
1
9
1
54
3
6
7
1
2
2
63
1
4
1
3
13
5
1
2
2
7
4
9
13
13
5
2
1
2
13
31
28
72
1
20
9
1
2
5
20
1
1
2
14
9
19
7
2
3
1
6
9
7
2
2
11
21
9
9
5
1
37
2
4
2
2
11
34
2
14
3
10
1
23
3
1
1
2
1
5
5
3
3
2
36
1
1
1
10
2
12
15
2
11
5
3
15
4
4
8
3
2
4
5
1
7
12
1
1
5
32
4
57
9
3
20
5
3
2
7
2
1
6
9
2
1
1
2
1
2
1
2
2
32
2
5
3
9
1
13
9
1
27
1
5
3
2
17
4
1
3
2
6
1
14
13
10
1
10
3
28
4
17
4
47
9
1
2
1
4
16
2
6
47
13
33
1
25
6
9
8
3
2
3
3
1
1
4
6
6
31
3
2
2
17
1
1
3
4
1
27
1
2
6
2
77
3
3
4
19
1
11
1
1
5
11
1
1
2
2
5
1
2
1
9
2
21
8
35
2
8
4
7
3
1
1
6
1
2
4
11
58
1
3
4
30
3
2
1
1
9
1
16
19
5
14
5
85
1
3
6
6
5
1
3
30
8
5
4
1
10
4
10
4
2
3
1
1
5
1
9
2
10
12
1
6
2
3
6
4
45
1
2
1
12
1
3
25
3
1
40
9
2
2
1
5
1
73
3
8
1
9
3
2
1
1
4
6
80
15
32
9
1
1
2
10
1
9
2
5
17
3
1
15
2
4
2
3
11
10
3
11
8
3
3
2
5
2
4
1
1
1
5
13
9
3
5
1
12
1
2
18
30
1
1
1
3
6
21
22
41
1
1
12
4
1
30
4
3
1
2
4
16
6
6
3
1
5
3
1
3
1
1
1
3
1
1
4
1
4
1
1
6
8
1
1
5
28
4
11
3
3
2
3
2
4
8
8
5
2
2
9
17
15
5
3
35
1
2
1
1
17
8
41
1
13
1
19
5
7
3
6
4
7
2
2
1
5
5
2
1
21
1
1
1
13
2
1
8
35
1
2
1
2
10
83
10
1
5
1
2
1
30
1
1
2
2
1
1
18
5
1
5
1
1
4
1
7
3
22
1
4
4
12
2
3
4
3
41
3
2
2
25
1
5
6
5
7
1
34
7
1
12
1
1
2
2
2
1
3
4
2
7
4
1
1
3
48
5
2
3
14
1
13
4
3
8
3
2
3
1
10
10
2
3
12
5
3
5
1
2
4
4
2
5
15
2
2
90
10
1
5
8
2
2
2
8
1
3
6
24
8
1
3
1
2
10
3
31
1
1
4
1
5
5
31
8
1
21
6
4
3
2
1
1
9
1
1
3
13
16
2
2
1
15
5
1
4
3
89
1
1
9
17
3
2
1
1
3
10
6
3
2
11
5
18
12
9
103
9
12
1
3
18
8
4
1
6
1
3
24
2
11
1
3
2
1
1
5
9
1
1
2
47
3
3
1
10
1
5
1
6
5
8
1
3
20
23
5
3
2
3
2
1
1
3
2
5
5
7
2
7
2
1
45
6
3
8
9
1
3
5
5
2
4
7
1
9
9
1
3
25
1
34
4
23
3
3
74
1
1
2
4
4
2
1
5
2
1
16
15
6
1
18
28
38
1
1
1
7
2
3
19
4
20
5
7
21
1
4
1
2
6
6
1
1
1
18
4
3
10
4
9
1
3
2
33
9
10
10
1
1
41
8
4
2
8
2
3
8
1
4
14
2
2
1
1
33
3
5
1
5
50
16
4
1
4
2
2
5
3
1
1
2
2
59
28
32
1
5
1
33
2
3
5
2
46
7
1
12
1
1
2
4
9
9
1
5
16
10
2
1
64
75
9
14
4
9
2
1
10
2
51
5
3
