1
4
2
15
16
5
3
4
1
1
1
6
1
4
8
2
1
8
1
3
4
1
3
4
2
8
1
2
2
3
3
2
1
1
1
2
1
3
1
3
2
1
1
2
1
2
5
2
4
2
1
1
9
2
1
2
1
1
1
3
1
1
2
1
16
2
1
1
2
2
2
3
1
1
1
10
1
2
3
4
4
1
1
2
1
1
18
13
8
2
4
6
2
12
6
1
3
5
4
7
6
2
2
7
1
1
1
1
10
21
6
1
1
2
4
2
1
5
8
5
1
5
1
7
1
3
1
1
1
1
12
1
2
2
2
1
2
7
2
1
1
1
1
6
2
1
6
1
7
1
1
1
6
10
1
1
24
2
2
1
10
2
5
5
1
2
9
1
18
1
3
18
5
1
8
2
2
1
1
6
3
2
5
1
2
2
1
1
3
3
1
21
1
1
1
1
1
5
3
3
1
7
8
9
12
2
1
10
1
6
4
5
6
1
2
1
2
8
1
5
2
2
1
2
1
2
1
11
1
2
2
6
2
10
6
5
3
1
2
2
2
1
4
3
2
11
3
4
2
1
1
1
1
1
4
2
1
1
26
1
5
3
1
2
6
1
1
1
1
1
1
3
3
1
3
4
1
5
17
1
9
1
1
4
1
5
2
2
7
1
6
5
10
5
10
1
3
3
1
1
2
2
1
1
2
1
12
1
1
4
1
2
1
8
4
4
2
1
3
1
4
1
1
1
3
1
1
1
1
2
13
1
2
5
1
2
3
3
10
2
1
1
3
2
1
2
9
2
1
9
1
2
2
13
1
3
1
1
1
2
2
4
1
34
4
4
1
3
1
8
2
1
1
2
1
1
2
4
2
5
1
2
2
1
1
4
2
2
7
1
3
5
3
1
2
1
10
4
3
2
1
27
1
1
4
11
2
2
2
2
2
12
12
10
1
1
1
2
2
2
3
5
5
1
3
1
2
2
2
2
1
2
6
2
1
9
1
3
3
1
10
4
2
6
2
2
1
1
2
3
2
1
5
5
1
5
3
1
5
6
3
2
2
1
1
1
21
1
3
1
2
2
6
2
3
13
1
2
2
1
4
1
1
2
4
4
1
1
23
2
6
1
6
1
4
2
4
14
1
2
1
3
2
2
2
5
1
1
2
6
20
1
1
1
1
4
1
1
1
8
2
4
1
2
2
1
4
2
13
2
2
17
1
2
4
6
1
3
1
1
1
1
14
3
1
4
1
3
1
1
11
1
1
2
2
6
1
8
2
1
2
2
1
11
1
1
2
2
2
1
4
6
1
1
1
5
9
8
2
3
1
9
8
11
2
1
1
1
1
3
4
2
2
2
1
5
1
2
2
1
1
3
1
7
7
2
15
2
5
3
2
1
5
18
11
2
3
2
4
2
3
3
1
1
3
1
1
1
1
11
4
3
2
6
1
2
3
1
3
1
1
6
28
3
15
2
14
10
1
2
9
1
1
10
1
2
3
10
1
11
1
7
1
1
1
1
2
6
2
1
1
1
2
4
3
1
5
1
3
1
2
6
4
1
2
1
2
1
1
1
4
2
1
2
1
7
1
1
1
2
1
14
22
12
2
4
6
3
2
2
1
3
1
1
3
7
4
1
6
1
1
1
4
2
2
3
2
3
1
4
5
1
10
1
1
15
2
2
6
1
1
1
6
2
2
1
15
1
3
5
2
1
1
2
1
3
10
4
2
6
4
1
6
3
1
12
1
1
18
3
6
1
3
2
5
1
9
2
1
1
3
9
3
5
1
1
2
4
3
4
7
2
1
1
1
2
5
4
2
4
3
1
2
30
1
1
4
2
4
1
2
1
1
3
2
2
2
2
5
9
1
2
1
2
2
12
1
2
1
2
2
1
2
4
1
4
2
5
3
2
3
3
4
5
2
1
1
2
1
2
1
2
1
6
1
25
3
5
3
2
2
1
9
1
1
1
6
1
1
2
5
4
3
2
2
2
2
5
1
2
1
1
1
8
1
4
1
1
1
2
1
3
1
1
2
2
3
3
1
1
2
1
2
2
1
3
14
2
1
1
1
3
1
2
1
4
14
5
1
5
5
1
1
16
1
7
2
3
2
1
2
2
5
2
2
11
1
1
1
4
3
1
2
2
