5
4
29
1
5
1
7
1
5
1
1
7
6
3
2
7
2
12
16
2
1
3
47
4
2
1
3
9
2
16
9
19
4
47
5
8
1
7
4
84
8
3
28
12
12
17
11
3
1
3
5
6
2
1
1
18
1
1
1
2
43
7
6
8
5
41
6
2
9
1
13
5
4
1
3
4
11
1
2
1
13
29
1
45
4
4
3
5
1
3
2
10
2
6
10
2
26
1
53
1
1
2
10
2
1
44
2
27
2
2
7
56
2
2
6
2
3
6
1
2
23
22
3
1
2
4
2
5
2
11
2
2
1
16
2
1
9
5
127
1
10
18
18
1
7
34
17
5
9
3
2
2
28
2
7
23
22
1
98
17
17
4
1
2
1
96
11
1
1
1
15
19
11
13
2
7
1
32
1
1
2
21
22
6
1
46
5
2
1
9
10
2
4
18
27
3
6
25
3
14
9
1
63
1
2
7
85
19
7
14
27
1
3
15
14
9
81
1
5
6
32
11
81
5
2
1
1
44
1
11
6
2
30
33
2
8
1
1
19
1
9
5
41
2
4
1
27
1
4
1
6
37
28
2
1
3
6
22
2
5
33
3
8
1
5
1
1
44
86
1
36
3
2
7
1
24
13
3
3
16
9
9
19
1
6
4
2
9
4
38
31
2
3
39
20
1
96
7
2
1
14
8
5
2
3
9
7
1
1
19
5
19
1
19
12
1
8
6
4
2
24
7
1
1
3
2
11
1
1
22
74
13
4
51
4
4
8
4
29
18
15
17
24
8
3
3
9
45
35
1
1
36
15
2
12
13
6
1
14
6
3
2
4
1
45
2
17
22
1
4
12
1
2
1
23
2
9
10
4
22
3
2
19
9
33
67
10
20
1
1
1
1
1
13
12
1
43
38
2
1
17
58
42
2
1
13
3
2
3
26
5
10
6
3
1
1
42
1
10
7
2
5
1
16
11
1
4
1
26
1
34
3
1
3
2
2
7
4
4
7
1
1
2
3
1
18
10
9
1
15
4
1
15
3
5
4
10
2
58
6
1
13
2
11
10
15
18
7
6
8
1
1
115
1
1
17
10
4
12
12
40
1
5
12
3
2
9
20
2
40
35
3
3
1
2
3
18
5
7
23
48
4
3
2
2
11
1
8
4
11
2
28
20
10
94
1
2
2
1
4
12
2
2
29
2
6
6
11
1
35
4
2
1
5
1
5
2
2
8
16
10
7
5
1
9
1
1
1
11
4
9
2
1
5
5
6
37
2
7
1
2
1
47
1
1
2
3
31
2
2
7
2
3
3
7
1
3
4
1
17
57
2
2
14
3
4
22
5
31
1
2
1
22
4
18
7
32
6
9
5
1
27
5
4
2
2
19
3
26
4
12
20
1
10
17
11
1
1
3
1
3
28
1
3
2
18
101
64
122
2
3
1
4
9
15
1
4
46
111
7
6
9
1
1
1
2
9
8
7
2
21
5
2
11
2
1
1
1
45
8
8
2
5
8
49
1
23
1
29
2
19
2
2
6
2
28
3
4
7
7
7
12
3
21
4
2
2
9
28
11
1
83
2
1
38
4
3
5
1
29
22
2
1
6
12
2
3
4
1
2
65
2
2
2
8
4
3
1
16
14
1
1
37
1
2
12
1
3
3
11
1
5
3
1
10
1
1
11
71
3
2
4
11
10
10
2
27
11
3
2
4
1
4
2
1
32
7
45
1
9
1
1
2
1
1
1
9
6
8
13
5
12
27
21
4
9
3
4
1
10
4
2
1
25
9
8
1
5
2
6
10
72
22
3
5
46
7
15
2
25
1
28
4
2
71
13
2
2
1
2
15
32
1
3
1
17
17
1
6
4
1
5
1
7
1
62
6
8
8
13
1
6
1
2
2
16
50
1
20
20
1
2
9
15
2
3
19
21
3
39
16
4
7
4
12
6
13
6
3
40
2
3
1
3
3
11
8
1
2
20
14
21
87
1
3
2
8
14
1
3
15
7
5
1
12
7
4
6
2
1
2
1
14
11
1
1
6
1
6
4
9
3
21
33
1
14
14
12
1
15
4
9
18
6
3
5
18
5
25
1
11
44
37
3
10
1
5
4
1
63
2
1
9
1
2
4
1
8
1
7
10
13
8
1
2
35
3
6
3
1
9
30
9
6
3
32
2
35
8
2
23
2
2
23
3
1
10
1
2
39
4
25
4
2
28
2
3
15
1
32
9
18
5
3
4
16
4
8
11
2
3
16
1
7
3
2
1
3
7
2
1
15
5
8
1
34
7
14
12
30
39
21
2
11
7
1
7
5
10
4
1
14
5
3
2
2
1
2
1
6
42
2
2
32
5
19
4
34
2
3
1
9
1
10
64
10
1
4
3
1
20
2
7
5
2
1
27
21
7
2
20
24
1
1
4
2
14
1
2
1
6
3
4
14
12
7
9
6
5
17
12
19
43
2
1
22
10
76
1
43
97
5
16
4
7
8
9
4
3
1
3
17
3
6
2
18
11
1
11
4
29
6
2
1
10
3
4
4
2
19
2
1
1
9
2
1
42
8
7
1
1
1
1
55
2
74
3
2
1
1
1
3
128
9
11
21
9
1
1
4
4
57
7
7
18
3
88
1
6
19
4
3
8
1
26
71
20
4
1
4
3
1
90
22
3
4
15
3
4
3
4
3
2
15
16
1
1
31
6
2
18
3
4
2
1
2
1
15
2
49
1
3
55
6
2
7
5
7
34
1
16
1
5
35
2
1
15
4
1
4
1
4
7
9
3
3
5
1
13
4
22
2
1
18
1
15
11
2
1
3
26
1
3
1
27
1
6
2
24
13
1
30
21
3
4
2
1
1
17
2
1
2
4
17
2
2
2
2
1
3
2
12
4
1
5
6
9
3
2
12
11
6
2
17
4
4
1
8
18
8
3
4
15
1
2
6
6
8
2
3
1
40
2
2
9
2
2
3
16
17
3
11
4
109
6
16
2
1
2
59
5
16
9
4
1
6
2
2
10
9
3
1
10
4
6
3
2
1
2
5
9
2
3
71
5
19
2
8
3
2
5
32
2
2
18
28
2
4
7
13
2
2
4
2
8
2
1
6
25
9
1
5
3
3
2
6
6
1
33
42
8
2
1
5
30
2
11
6
11
1
3
10
5
1
6
2
2
2
2
9
16
1
8
13
12
27
6
1
29
32
38
7
25
1
1
6
1
1
8
12
2
1
1
8
6
88
1
2
1
6
9
1
7
2
1
32
4
77
15
4
14
4
1
3
1
1
26
2
14
2
1
2
1
1
3
4
3
14
10
34
17
7
2
25
14
2
10
1
2
11
18
1
4
12
7
26
41
2
2
2
8
1
3
15
102
2
1
2
1
1
1
2
1
2
2
38
14
1
16
3
4
31
3
1
6
3
4
1
54
5
9
95
14
1
3
2
9
2
60
2
2
1
2
68
2
1
5
5
23
6
3
27
24
1
3
1
2
18
5
2
9
7
18
6
2
5
4
2
19
3
9
14
99
3
3
22
20
1
11
14
2
7
18
10
1
1
2
1
4
6
9
10
2
21
1
10
32
55
22
14
15
6
9
3
8
2
1
3
42
21
5
2
22
2
3
2
4
4
6
5
3
48
7
5
9
8
4
4
2
5
28
1
1
3
3
1
2
13
4
1
21
9
4
2
2
96
15
8
2
6
2
19
24
19
3
26
2
5
2
35
17
1
6
7
2
1
3
1
4
9
35
6
9
3
7
11
1
1
1
2
19
5
6
6
4
26
14
25
12
34
3
1
64
3
3
19
1
2
4
2
2
8
5
34
1
8
2
5
78
3
7
6
1
7
18
1
1
1
4
4
7
26
11
15
62
2
28
1
5
1
7
9
2
10
1
16
2
9
3
3
1
26
14
1
1
9
1
4
3
10
3
1
2
28
30
6
7
1
39
4
7
14
3
3
2
3
3
2
7
14
4
5
12
2
2
3
2
7
84
13
7
9
35
1
26
4
1
1
2
1
4
114
34
10
3
3
1
1
1
3
2
6
2
36
30
3
3
27
3
1
1
2
1
31
6
3
4
1
6
2
6
11
40
2
8
9
5
19
1
13
5
13
2
2
11
25
3
3
16
14
37
19
2
3
1
9
16
1
1
45
8
82
7
5
2
1
6
5
4
18
45
3
2
21
3
2
4
7
7
1
2
3
16
4
2
4
40
17
49
2
3
14
1
100
5
2
4
31
12
99
10
90
7
2
4
3
2
1
3
1
3
1
10
34
5
6
7
2
4
31
18
30
12
2
2
1
2
8
1
2
15
1
3
1
5
3
3
7
1
12
78
43
3
1
2
3
12
14
2
1
9
25
2
2
2
1
1
1
11
14
2
1
11
1
1
1
8
2
9
2
16
49
3
2
4
10
3
1
4
5
5
3
3
6
3
18
1
5
1
1
29
16
9
3
7
8
6
2
1
24
24
20
12
5
3
18
8
1
1
4
1
3
1
6
5
13
99
1
3
1
6
13
5
5
4
85
8
19
2
9
1
2
4
7
14
1
1
1
21
8
1
1
7
8
2
5
18
10
1
1
2
1
34
13
4
4
7
3
2
26
24
8
15
2
5
5
2
16
3
12
4
11
2
28
2
56
15
3
39
3
27
3
2
3
1
2
1
69
5
2
4
14
3
10
28
3
2
21
20
4
5
7
5
5
9
33
10
19
4
21
59
2
22
2
2
30
13
2
21
2
1
7
2
3
3
50
1
8
116
1
36
14
3
11
3
15
13
6
3
8
1
7
14
7
2
22
11
1
1
2
1
3
1
1
4
21
3
44
23
2
15
6
1
90
13
1
18
4
1
6
3
11
9
49
3
1
19
3
1
1
1
22
67
2
5
5
3
2
2
2
2
1
1
2
5
25
69
4
1
12
3
12
56
13
4
9
31
3
1
10
7
4
11
107
83
10
6
2
9
17
18
2
1
2
9
12
8
26
21
10
1
23
11
3
6
52
23
1
4
1
1
1
3
1
6
3
6
14
10
8
20
3
7
16
3
2
1
3
2
5
7
1
1
7
1
1
1
2
6
3
1
2
15
3
20
1
4
2
2
4
3
1
1
50
6
2
2
11
2
6
9
43
16
107
1
2
1
4
18
27
3
38
7
21
4
1
18
103
3
6
1
4
7
1
14
10
3
5
25
2
14
59
6
10
2
37
5
6
1
3
2
1
1
4
10
2
1
18
11
8
3
2
9
47
29
1
29
2
3
10
2
2
2
10
3
13
2
15
14
8
6
11
2
3
1
2
1
17
33
14
2
4
79
1
2
3
3
15
26
21
14
7
4
4
46
5
9
6
26
1
2
16
8
88
20
97
3
1
2
2
4
2
4
2
12
39
2
19
7
1
6
3
2
8
1
2
34
2
2
22
48
4
1
4
5
2
65
2
5
2
1
2
1
49
1
7
12
1
27
5
1
24
44
2
24
2
5
2
12
1
1
3
3
8
5
6
1
2
16
6
15
1
7
7
3
1
1
5
12
1
1
2
22
24
1
22
3
10
1
3
70
3
2
20
1
3
2
32
3
7
17
21
6
16
7
1
16
15
9
1
3
5
1
1
1
7
4
1
10
10
1
8
1
5
10
18
8
53
6
3
102
4
21
2
5
1
13
2
4
3
3
15
7
9
1
6
1
1
9
21
74
1
4
4
11
14
7
3
37
3
2
54
41
3
31
2
15
26
8
5
6
1
2
1
10
52
17
8
1
2
13
27
5
3
4
8
2
28
15
1
9
2
