19
294
54
2
4
36
44
63
26
1
13
114
32
12
31
11
12
23
170
4
1
6
10
41
79
52
4
2
8
3
23
4
2
22
75
1
7
3
1
28
18
5
1
2
1
43
38
6
75
93
198
59
8
37
341
20
4
14
30
1
2
3
14
5
10
9
7
10
13
6
6
7
82
2
11
1
353
6
7
9
23
10
1
17
105
2
4
120
7
3
9
2
82
10
39
18
1
3
35
16
1
20
6
8
1
9
1
37
352
14
1
7
9
75
8
53
6
46
5
1
6
71
1
22
11
8
1
8
31
6
5
2
28
8
16
2
1
22
3
13
4
28
48
99
3
25
1
42
64
352
109
156
2
1
3
17
48
4
1
10
2
4
21
238
23
42
6
9
12
38
6
46
1
5
471
4
5
39
30
37
16
12
16
29
8
36
78
10
37
4
468
41
8
9
115
12
2
45
35
2
302
99
3
32
5
11
1
26
48
33
2
123
4
2
3
70
10
1
52
4
73
4
52
10
2
24
10
1
26
30
4
76
75
2
47
1
148
45
4
2
167
1
3
1
5
2
10
13
13
4
50
48
10
20
7
6
9
1
179
202
5
45
11
235
71
69
103
50
368
21
31
49
5
6
29
9
84
6
31
9
4
2
5
73
4
47
1
6
7
149
10
13
1
2
109
2
3
123
6
1
17
225
2
10
7
10
1
103
256
30
10
11
1
27
2
68
9
3
32
7
37
16
4
2
12
377
1
1
10
8
28
89
3
5
109
117
11
2
29
111
9
58
118
171
1
40
3
4
17
17
2
20
4
75
19
250
4
4
2
21
2
3
245
1
2
12
6
7
4
57
25
94
30
45
8
10
4
13
6
79
2
26
4
5
4
7
39
1
385
1
11
12
26
42
10
82
48
95
11
61
4
1
1
22
20
7
58
120
10
5
2
2
84
7
5
6
5
14
5
5
11
14
1
2
13
94
10
14
13
9
86
41
303
16
77
6
57
11
8
4
3
1
2
2
210
10
2
15
2
16
36
57
1
21
5
17
5
13
10
53
12
6
17
51
5
1
5
4
8
4
1
1
26
2
74
6
30
4
6
4
1
9
9
1
99
3
2
16
3
8
4
2
392
178
5
2
40
11
37
26
1
1
2
1
10
164
13
8
16
2
3
8
2
51
14
1
418
1
158
7
34
15
14
9
17
83
2
47
222
43
1
26
31
8
230
9
2
129
11
11
343
75
5
7
1
12
10
3
2
7
7
9
26
32
9
10
88
7
16
2
3
2
3
26
4
5
362
52
2
34
3
9
3
7
44
12
10
7
19
27
13
4
73
1
17
7
19
3
8
29
3
24
2
8
1
13
10
2
1
2
3
7
1
39
13
245
2
1
14
76
8
4
58
5
5
5
3
60
3
13
2
3
23
12
42
2
42
1
19
4
1
2
2
1
7
34
1
10
19
37
16
1
1
17
28
6
6
7
6
32
478
1
66
60
18
53
20
3
55
2
15
13
4
387
486
35
3
1
2
5
1
34
3
2
8
3
1
5
4
1
2
55
1
21
1
42
1
164
36
20
1
11
5
1
4
3
309
27
60
106
8
4
314
186
37
6
91
4
3
2
15
18
2
199
86
315
34
12
72
3
20
124
5
1
2
22
2
35
139
3
49
1
7
3
6
4
98
97
1
27
82
14
3
3
265
1
1
4
12
1
2
13
11
2
23
67
15
3
8
33
1
5
8
29
1
3
73
5
2
2
21
6
15
19
4
1
51
14
5
41
2
1
1
1
2
1
66
38
12
12
14
5
2
1
5
4
1
179
5
6
29
178
283
386
19
11
22
2
9
217
5
58
3
8
21
1
6
7
2
5
3
2
61
11
37
22
7
4
314
26
13
36
1
22
342
4
2
486
13
1
9
3
63
16
3
18
28
27
3
47
21
6
36
5
5
1
30
3
282
5
8
14
12
4
3
248
2
3
7
10
27
16
85
8
8
9
2
3
3
122
1
14
21
5
22
20
1
9
12
38
1
2
2
27
25
3
1
21
2
241
4
37
3
13
327
3
18
13
7
121
3
10
251
8
2
3
1
56
8
24
46
2
4
86
67
9
229
15
2
1
14
95
80
7
3
17
2
140
4
3
131
1
4
17
16
1
4
4
2
20
241
81
282
98
215
14
9
18
167
11
8
8
28
6
7
1
11
9
3
11
5
152
4
4
7
115
14
1
16
3
357
37
39
13
17
42
1
16
4
2
2
41
1
65
1
2
6
4
8
26
1
4
40
5
159
16
28
19
10
3
62
116
229
3
3
1
35
33
110
18
2
16
62
85
20
2
5
16
7
25
364
358
54
21
38
38
5
36
3
8
1
2
7
11
377
56
11
81
46
47
84
3
5
3
1
33
5
4
2
35
24
12
5
34
7
402
29
6
26
4
19
2
51
3
1
55
17
2
3
13
7
9
57
2
11
1
450
201
1
1
10
4
4
1
20
35
7
16
17
43
12
19
2
31
5
1
11
3
5
6
2
3
13
1
2
6
51
3
41
2
45
8
1
7
2
28
3
1
164
457
81
7
4
3
22
339
2
26
14
39
3
2
1
39
16
8
6
31
167
41
1
87
4
2
7
20
8
250
7
474
118
38
6
9
1
202
175
65
1
43
21
8
2
59
3
2
60
40
6
31
78
20
18
10
1
2
12
3
10
1
6
4
33
5
1
5
6
40
20
3
4
3
19
12
252
15
34
1
9
274
6
83
16
9
4
22
1
8
8
4
20
19
8
10
5
17
2
8
21
1
43
58
5
9
10
17
7
6
31
11
230
9
2
1
3
18
7
159
97
6
4
12
183
4
18
130
43
28
2
11
5
5
21
3
101
25
33
51
1
21
14
16
30
2
21
14
2
1
5
4
49
3
2
73
1
8
15
35
377
66
8
8
18
117
2
134
25
108
4
5
243
4
61
53
66
275
5
2
8
19
2
1
49
131
87
16
1
402
4
1
3
50
1
49
2
422
191
4
64
2
17
1
4
1
1
63
11
59
5
5
1
3
1
160
6
20
13
1
330
1
3
51
30
18
93
43
1
38
19
25
348
3
1
2
1
11
195
66
5
11
25
4
4
6
16
2
8
5
2
25
5
2
46
1
31
100
18
3
3
3
3
248
157
1
300
1
6
58
10
8
5
12
119
2
95
3
2
16
129
7
16
23
6
21
2
7
196
2
12
39
33
3
8
1
1
8
3
9
57
46
118
12
242
7
4
55
46
5
59
1
12
26
3
2
4
8
13
7
6
5
6
3
54
10
3
1
4
15
2
36
5
9
8
56
120
42
2
2
1
479
28
4
94
1
3
21
1
7
16
18
8
18
1
60
9
41
1
4
72
25
25
46
