7
2
11
2
2
8
9
5
5
9
3
2
2
5
22
2
7
26
14
2
62
4
3
23
11
3
1
5
13
16
7
3
11
13
4
2
15
29
1
14
21
5
2
5
5
13
2
29
5
4
3
37
29
13
1
3
9
7
2
1
2
3
7
47
1
1
4
1
3
28
2
2
1
5
50
9
3
1
1
52
1
2
2
1
5
2
2
1
1
2
12
5
5
40
4
22
2
13
18
5
11
1
5
13
8
15
9
3
3
6
1
4
2
7
1
11
2
10
11
1
3
2
7
2
1
2
10
19
2
113
30
11
3
1
8
110
6
8
7
23
5
15
44
6
4
9
32
1
5
25
12
1
25
9
7
8
10
31
1
10
22
3
3
1
6
3
10
2
19
5
59
4
14
6
1
14
18
2
149
1
80
65
2
15
1
4
9
2
9
2
62
1
2
1
4
2
3
10
10
14
3
2
69
1
2
6
33
16
5
4
20
2
2
4
2
7
1
43
1
1
18
4
2
3
31
4
5
10
10
3
1
2
2
25
2
1
17
18
20
1
1
4
28
1
1
2
2
1
1
6
2
4
7
1
2
1
1
25
1
49
21
2
1
1
3
4
11
3
3
27
24
2
4
42
3
15
2
2
1
12
2
2
5
19
5
6
1
9
18
1
2
42
15
93
11
25
1
1
1
1
3
24
1
1
4
13
10
1
12
6
1
11
3
6
7
2
3
1
3
3
1
4
1
10
14
3
65
1
13
10
1
1
1
5
2
21
4
2
15
2
5
4
1
59
3
2
2
1
16
2
8
5
19
16
31
1
1
10
6
26
8
33
3
48
3
11
27
3
7
1
2
11
1
5
1
19
5
1
38
9
7
5
63
10
2
4
22
1
4
6
5
2
11
3
31
1
4
9
2
118
4
7
2
2
50
1
12
2
5
1
6
2
66
15
9
3
8
95
3
4
1
3
1
1
3
3
6
37
29
7
9
6
2
1
3
7
1
15
17
1
4
3
1
2
106
11
3
7
3
6
3
6
15
1
25
2
5
79
2
28
2
2
4
2
2
9
2
1
11
4
1
15
6
2
11
4
1
3
2
1
6
1
1
63
9
5
17
15
1
3
15
1
56
1
17
53
4
2
2
2
1
58
1
7
6
1
114
2
3
5
3
1
6
21
5
16
1
1
10
5
4
6
1
3
8
18
8
14
2
6
1
9
3
2
2
1
1
2
3
7
1
1
2
2
32
6
5
10
7
1
1
2
17
31
3
3
1
5
1
1
16
2
3
34
5
1
19
2
17
18
50
15
1
8
3
2
8
8
2
1
7
1
19
99
2
2
2
4
2
7
15
5
1
1
13
1
2
46
1
1
4
4
4
1
3
2
18
13
3
2
2
43
16
6
39
15
38
1
8
1
3
7
4
2
5
2
44
4
1
4
13
2
11
1
4
2
3
4
1
5
6
8
7
19
2
2
8
1
2
6
1
2
3
5
7
11
38
4
8
28
3
2
1
