6
10
7
3
15
13
3
9
4
1
1
33
20
1
1
6
5
19
9
1
7
15
1
2
6
1
10
2
4
3
5
3
3
13
26
5
4
1
1
5
11
1
2
8
36
7
2
1
1
4
4
2
17
4
17
4
39
6
7
4
5
1
4
11
2
4
4
10
1
1
2
5
2
6
11
2
35
3
2
2
6
2
1
12
8
3
12
19
4
2
2
1
8
2
23
3
8
5
2
2
3
3
3
16
2
32
3
10
1
2
14
4
4
24
128
2
2
13
30
1
21
4
3
4
9
4
1
12
12
6
5
57
9
7
3
6
8
5
6
1
41
1
5
6
3
3
24
3
11
3
1
3
3
3
2
2
3
2
2
4
2
4
10
19
5
1
1
59
6
6
1
5
1
2
11
9
7
1
4
1
1
10
2
8
4
3
2
7
1
11
2
11
2
1
6
4
2
1
1
3
39
8
8
9
13
20
2
11
1
4
7
13
8
1
4
4
4
2
57
1
2
9
2
3
18
6
38
5
5
4
3
6
2
5
2
5
22
5
7
7
18
1
5
4
1
1
2
4
4
16
2
5
2
4
3
5
6
32
3
19
9
16
3
7
2
1
2
2
15
14
6
21
3
19
2
2
2
2
3
1
1
7
4
35
3
8
2
4
4
2
1
1
1
5
1
1
5
33
1
4
5
5
7
1
2
2
12
7
9
5
4
2
2
32
24
4
2
1
4
2
9
10
6
1
9
2
2
1
4
4
4
7
3
2
2
6
5
24
4
2
4
2
8
12
2
13
4
2
6
7
13
2
2
4
3
3
16
9
3
3
4
8
31
3
1
16
14
3
2
21
1
1
3
36
3
4
10
18
4
3
2
3
28
2
1
4
3
28
17
3
3
1
24
1
19
10
4
1
1
3
19
1
5
4
6
1
5
8
5
1
3
1
16
2
1
1
22
1
3
3
2
4
4
1
1
12
1
5
9
1
1
16
30
6
8
2
7
5
31
2
6
4
2
1
3
4
11
1
4
44
11
3
5
4
3
3
9
2
14
19
25
3
10
7
2
3
11
7
15
1
2
4
1
16
4
4
2
1
29
10
1
4
45
1
5
8
1
9
10
3
5
1
15
1
23
6
4
1
1
3
2
6
6
1
4
1
2
2
20
2
7
2
1
16
13
2
7
29
6
30
33
1
1
1
6
12
1
8
2
4
2
2
2
1
11
10
10
10
9
5
2
3
1
20
6
3
1
1
5
44
1
6
3
6
8
4
4
1
32
3
1
13
2
15
2
7
46
1
9
4
2
21
2
2
7
4
1
3
6
4
11
7
3
4
8
1
2
7
11
7
7
9
2
3
5
16
2
5
3
5
5
2
1
5
4
3
2
13
20
7
39
1
11
2
5
22
1
4
3
3
6
27
1
4
4
1
5
6
5
13
1
5
1
17
10
1
2
2
3
4
18
2
2
8
