29
2
8
7
4
1
7
1
2
21
8
1
8
6
13
3
1
9
6
3
8
12
2
14
2
1
2
6
9
11
7
101
6
1
13
1
1
8
8
17
3
5
2
29
8
1
3
21
2
2
1
2
1
1
63
3
1
3
5
1
5
22
1
18
15
4
1
1
7
13
41
2
7
6
2
12
12
1
3
17
1
3
4
35
2
2
1
60
15
18
22
4
2
2
9
50
9
1
7
3
1
1
3
16
3
3
15
21
3
7
1
5
1
13
12
1
9
4
3
3
7
37
7
1
14
43
32
8
6
28
5
1
11
59
5
9
18
68
2
1
37
8
10
32
23
3
3
3
4
6
1
1
2
1
1
1
1
2
1
3
8
2
21
15
12
1
1
1
2
6
5
83
7
2
8
23
22
3
16
77
1
3
35
18
51
3
29
1
1
83
27
1
10
1
8
3
17
53
1
1
6
3
2
1
3
2
1
2
19
15
4
5
108
4
4
6
1
1
14
1
18
15
1
4
1
1
1
1
3
42
14
29
13
33
2
3
1
41
19
9
66
2
4
14
18
3
6
68
1
2
11
43
1
7
4
2
8
1
2
4
1
2
2
1
19
2
47
7
51
2
13
4
3
5
2
4
10
5
4
4
5
5
8
11
9
2
6
3
2
10
1
1
2
6
17
22
3
1
5
24
2
1
1
1
1
1
1
4
1
11
1
14
4
28
3
1
7
2
25
1
8
2
4
1
1
10
6
43
3
19
5
35
13
12
2
2
3
1
13
1
7
1
1
2
1
1
8
1
1
4
5
2
2
2
7
2
9
1
1
3
2
1
1
1
6
1
9
10
4
2
11
9
5
1
4
1
6
1
1
1
1
2
32
6
1
3
24
5
69
10
36
6
4
18
12
1
8
44
2
1
1
1
45
1
8
1
5
5
11
2
1
22
5
2
10
39
30
27
1
2
2
55
2
1
2
2
1
2
15
2
5
29
9
2
1
1
2
3
2
1
1
2
4
4
15
19
1
4
20
2
1
5
4
15
13
1
2
10
2
3
27
17
2
3
20
4
4
2
11
18
1
14
7
2
10
4
15
2
1
1
5
2
16
11
36
2
38
8
1
35
11
4
2
1
30
41
4
1
3
1
1
1
49
11
1
1
1
7
69
3
54
21
7
1
20
1
2
2
4
2
1
2
3
1
1
2
1
10
9
72
1
21
55
13
1
14
3
1
4
49
1
4
1
16
4
1
2
2
3
2
18
2
15
2
24
1
2
1
1
7
2
8
2
28
11
3
9
1
5
21
1
2
6
6
18
40
2
18
2
13
1
11
2
1
1
1
1
50
2
2
9
11
3
3
1
1
9
1
1
1
5
11
1
21
2
5
21
85
1
3
2
1
4
3
2
29
1
24
9
4
2
1
1
9
4
1
1
1
1
1
3
12
3
4
5
4
14
1
19
1
21
16
16
31
1
16
14
16
4
6
10
15
5
7
2
3
6
13
5
6
12
3
2
2
5
1
2
6
4
5
5
8
11
15
2
6
1
2
4
2
7
1
2
1
5
36
3
2
2
2
1
3
4
3
14
3
1
15
63
4
25
14
4
4
12
1
2
2
1
3
1
1
4
3
11
1
2
4
16
2
3
47
6
5
4
9
31
4
5
21
22
17
1
2
2
1
58
2
14
2
1
12
2
2
5
1
10
31
1
1
3
8
6
1
22
4
18
17
68
2
1
1
2
3
5
3
5
2
2
1
1
1
4
2
1
5
6
4
1
4
2
35
1
10
18
13
8
2
3
1
1
16
1
3
7
2
1
3
2
12
5
2
1
1
33
15
30
26
1
10
5
10
3
1
3
31
1
61
2
2
6
2
10
2
2
3
2
33
5
1
2
6
5
5
6
3
4
3
14
15
15
13
11
12
8
23
1
3
1
2
10
1
1
11
2
16
34
2
2
5
6
1
12
1
1
1
3
13
1
8
2
20
3
60
2
3
3
20
12
6
2
1
1
8
6
18
6
38
5
7
10
8
8
6
7
8
2
7
1
2
1
1
1
12
1
1
28
1
21
2
1
3
7
11
1
1
2
2
2
6
25
1
1
2
1
2
3
1
48
4
25
12
9
4
7
2
5
3
2
19
2
2
6
3
11
2
39
3
2
10
6
3
4
1
8
3
1
2
2
19
15
1
2
1
32
8
6
6
33
29
4
2
2
1
8
3
3
4
3
11
3
1
2
1
3
6
2
1
1
12
3
9
3
8
3
10
2
1
1
15
14
3
8
3
1
15
8
11
2
2
4
1
9
1
6
2
2
15
2
13
1
2
16
1
2
4
18
1
1
1
5
2
3
3
1
13
1
3
7
2
15
5
1
1
4
25
1
4
4
2
1
5
40
4
2
2
13
13
5
1
12
6
51
2
5
3
2
12
4
5
2
20
1
7
3
8
1
17
8
1
36
2
6
1
4
1
21
2
10
17
2
5
25
5
49
2
9
21
1
1
2
10
29
1
1
10
8
3
34
2
6
1
1
3
1
3
4
1
1
8
12
11
1
1
3
7
1
5
1
23
4
11
2
2
2
9
17
2
7
1
2
1
2
3
3
12
36
13
3
21
5
32
35
20
1
5
48
4
5
26
16
2
1
23
7
5
2
8
9
3
3
11
1
45
3
2
9
1
2
12
12
11
3
4
1
1
2
9
2
1
1
2
12
4
5
3
2
1
2
13
34
11
15
2
2
7
3
19
9
2
2
49
3
12
6
3
3
1
12
1
8
4
3
8
1
1
2
1
2
2
2
2
5
1
2
1
4
7
21
2
1
8
38
2
1
7
2
3
3
2
2
5
32
10
2
1
2
6
13
1
1
1
21
2
31
3
2
13
2
2
59
2
50
51
9
1
12
6
8
20
1
13
3
5
5
1
2
3
4
3
3
6
2
4
2
3
6
7
5
5
24
2
6
5
52
10
5
2
3
2
4
13
1
1
1
16
9
18
21
9
2
4
23
3
17
1
16
1
1
8
9
11
13
9
5
9
6
24
1
1
13
21
9
2
3
21
2
7
46
6
6
3
2
2
4
21
1
31
5
10
2
2
12
7
8
1
3
2
5
2
1
2
2
4
3
1
7
1
2
3
1
14
28
19
5
4
1
4
4
4
20
2
42
6
2
3
5
5
3
3
3
9
7
1
3
14
34
59
11
8
3
20
2
7
1
4
2
3
2
5
9
4
1
1
1
5
4
3
3
1
11
1
4
9
1
1
1
1
9
1
5
11
3
6
1
4
16
1
1
8
35
5
3
3
38
1
16
6
19
8
4
22
2
6
10
1
4
12
2
1
4
2
4
10
28
1
7
3
1
4
1
18
82
3
10
17
11
1
40
8
2
5
3
5
2
1
2
1
1
23
4
10
1
4
6
1
5
8
1
3
7
7
2
7
8
3
2
19
7
9
8
4
15
14
1
1
12
2
2
5
1
3
2
23
2
1
4
5
12
35
8
12
1
6
12
4
3
16
5
7
16
1
1
52
4
2
2
7
23
1
14
1
2
5
3
1
7
4
13
7
4
1
39
1
5
4
20
17
8
49
33
15
7
20
6
45
5
16
1
5
2
19
26
53
3
6
5
54
2
3
6
2
38
1
36
14
17
11
12
2
17
23
2
4
2
13
3
10
2
2
4
1
2
4
5
4
3
2
25
1
10
4
3
20
4
3
4
12
11
10
3
4
5
7
20
4
3
5
8
62
3
2
43
6
4
16
6
2
20
3
20
6
4
1
44
22
1
11
8
39
7
88
10
