50
283
2
6
30
22
9
4
1
2
18
37
39
146
99
6
6
15
2
119
21
119
44
10
1
5
4
101
72
1
3
27
1
41
64
29
35
14
131
3
8
45
28
136
2
2
12
35
3
6
1
14
71
35
1
2
202
1
11
12
75
101
31
2
4
17
70
2
109
4
10
79
92
4
14
140
1
112
3
12
35
13
42
67
11
51
187
29
12
14
114
3
4
88
1
49
25
7
283
2
2
2
69
19
6
174
3
153
1
24
62
4
161
6
24
9
8
92
19
7
1
90
71
9
2
161
4
138
1
180
87
234
14
2
5
20
1
1
2
9
6
3
151
6
21
6
191
37
37
99
13
31
47
16
18
3
14
133
52
3
46
6
8
14
21
2
127
1
235
1
1
3
13
2
10
126
21
4
2
15
4
93
12
4
6
8
1
94
104
195
5
13
23
185
13
26
57
16
6
339
1
5
1
1
64
56
3
2
188
12
68
2
3
5
4
19
153
4
14
18
70
43
33
31
6
8
10
15
2
12
104
8
84
4
10
1
7
12
10
35
18
3
2
1
43
2
178
12
16
107
24
13
1
22
32
20
51
8
3
182
4
86
68
7
5
85
2
1
26
1
68
13
16
30
1
78
10
24
32
4
14
18
1
6
46
74
10
58
40
38
2
175
25
9
6
13
12
72
18
9
3
89
200
2
1
63
33
10
68
17
29
8
92
2
6
71
87
120
16
1
193
11
5
1
2
8
90
9
14
5
155
2
4
6
2
39
1
2
261
34
31
4
2
1
88
38
1
1
3
44
42
75
5
4
123
1
3
8
29
162
36
241
2
1
82
2
10
3
7
6
61
1
3
19
35
71
35
50
4
32
4
15
12
17
52
12
2
46
49
2
10
1
1
167
12
127
21
30
35
123
1
14
111
3
23
11
42
1
4
18
2
64
185
17
42
1
102
173
27
2
45
9
17
2
161
144
24
1
56
2
1
56
28
12
2
19
67
4
11
108
150
151
45
1
14
2
2
33
176
78
1
60
10
14
10
3
2
43
13
21
12
90
3
9
22
3
63
33
114
4
9
22
5
34
6
2
80
24
1
46
2
2
68
40
26
2
9
4
26
26
3
1
73
6
11
4
113
43
3
54
24
18
6
5
63
16
159
4
106
4
3
1
44
27
6
76
10
19
20
5
7
9
71
3
29
28
155
68
23
1
2
12
29
5
4
44
7
127
2
28
2
2
329
2
18
11
4
1
2
3
6
77
1
1
35
96
2
58
4
37
9
5
89
4
3
1
6
43
5
44
1
33
2
28
41
44
2
2
43
5
39
16
23
48
11
169
1
3
16
41
2
10
4
1
2
111
176
1
6
1
1
2
16
95
7
28
148
1
1
8
19
148
15
107
3
102
4
5
324
13
1
54
75
153
132
32
4
2
46
65
106
1
1
1
78
76
39
4
3
57
1
1
1
4
18
18
3
6
21
2
125
2
189
2
5
4
2
6
1
66
2
2
81
17
5
3
100
21
251
8
14
7
1
195
17
12
27
2
1
2
4
14
24
13
2
62
7
51
46
7
5
3
12
1
2
224
130
23
6
2
30
6
53
42
1
1
105
16
2
27
2
1
7
2
77
9
5
190
91
2
5
4
9
12
4
2
87
29
51
4
2
1
2
1
85
32
118
1
5
78
3
58
149
3
24
158
30
3
19
24
63
104
73
10
25
3
21
2
2
3
4
2
4
27
113
154
32
82
118
18
2
3
8
1
4
1
153
13
4
1
20
9
5
1
63
1
37
4
27
42
1
4
129
10
1
11
2
88
2
2
5
23
2
1
1
3
101
1
2
6
2
2
12
35
2
3
3
3
1
3
12
1
78
49
64
7
3
7
5
8
19
1
2
1
48
4
3
33
2
59
41
33
84
1
19
13
1
14
20
37
3
2
5
143
1
79
6
22
92
52
24
2
151
15
18
25
85
62
2
6
4
12
1
5
40
33
5
9
1
13
48
13
67
2
12
5
2
4
41
1
1
3
93
28
158
2
16
228
5
21
4
1
207
18
7
2
4
1
54
99
15
1
2
38
12
259
8
3
4
26
15
144
169
3
31
77
142
10
1
11
20
7
1
15
9
1
2
13
25
106
3
46
2
31
20
2
13
48
1
31
13
23
12
34
19
7
1
1
9
80
19
6
3
6
39
11
23
6
5
1
13
11
3
3
9
3
1
21
1
4
2
6
3
2
6
4
5
96
17
1
18
1
4
1
2
5
17
17
2
82
5
50
6
1
5
10
6
22
4
3
10
1
2
71
23
2
5
4
8
3
1
8
4
2
13
3
9
2
1
4
3
27
1
113
96
1
5
2
2
4
8
257
14
57
1
55
6
1
7
12
67
2
2
5
21
20
13
8
4
2
6
51
4
3
22
3
2
4
6
8
81
3
6
7
313
2
1
2
4
8
90
141
128
2
44
18
13
4
1
1
1
5
2
1
24
89
2
94
8
6
34
31
2
29
1
64
1
2
2
5
6
2
6
1
3
3
26
1
59
5
3
9
3
1
20
30
2
5
2
21
27
6
1
1
6
3
30
5
31
5
10
1
23
31
29
30
5
1
13
8
1
2
5
122
9
1
8
7
115
5
99
23
10
37
13
22
1
3
6
3
12
36
5
4
18
14
2
33
4
2
4
2
108
20
1
10
281
2
7
4
8
94
5
156
2
2
1
1
1
12
17
2
1
4
112
2
82
1
126
38
5
12
65
27
7
37
4
49
1
1
4
14
6
141
84
57
4
14
24
27
13
48
1
8
4
38
6
23
8
14
8
1
115
104
12
13
75
33
57
41
78
2
108
6
11
15
1
14
172
1
9
2
17
3
5
6
32
10
8
172
18
13
16
1
8
2
26
15
3
153
16
49
4
8
120
6
4
21
109
13
1
2
12
19
8
7
4
26
6
1
3
10
6
83
50
9
19
44
76
6
14
4
77
50
3
25
30
115
2
5
194
73
4
29
4
42
1
1
158
11
116
3
4
189
8
16
1
5
4
16
40
1
3
3
28
141
8
5
22
13
1
1
2
27
1
81
61
16
13
73
2
2
45
1
87
3
30
4
1
88
128
17
42
133
93
24
106
2
25
101
12
50
111
4
5
5
6
32
1
81
16
226
3
13
34
183
16
8
25
27
45
1
4
1
20
23
1
62
35
10
2
1
5
3
8
124
41
69
13
1
96
112
2
191
4
73
8
77
41
19
38
46
142
37
169
10
23
40
39
1
55
40
9
3
198
2
38
9
12
13
96
6
1
99
3
25
55
23
6
86
4
11
3
78
5
37
1
7
5
4
21
12
8
1
5
72
31
15
11
2
24
26
65
28
144
128
5
33
32
13
23
16
116
92
75
85
7
7
39
125
12
48
16
9
36
97
17
36
4
115
62
34
73
196
