290
7
5
159
2
19
31
41
25
16
34
1
11
85
1
28
8
10
4
8
3
1
3
3
70
1
10
17
8
27
220
12
23
131
19
48
242
1
1
5
115
19
28
22
1
98
83
79
13
1
5
12
19
2
77
7
52
96
4
211
7
1
1
36
33
308
11
31
29
7
1
44
49
96
11
2
10
15
2
12
95
10
13
112
1
12
1
45
6
5
3
82
25
2
73
17
7
13
2
57
6
10
20
41
52
17
4
69
60
195
16
10
126
48
26
6
6
7
49
12
10
18
4
7
50
221
1
2
14
3
50
17
12
13
121
86
30
1
19
196
3
12
237
116
14
97
2
88
18
1
32
15
2
3
47
1
19
156
374
3
37
8
172
24
97
4
1
46
1
125
117
4
38
2
120
11
5
74
96
28
14
308
14
92
17
86
7
20
17
47
9
7
115
80
3
5
17
10
6
28
88
8
1
27
1
18
9
35
2
48
26
106
3
1
22
56
97
110
17
235
1
9
186
13
1
28
5
1
253
55
5
39
19
2
120
32
1
1
5
1
32
1
135
1
27
9
308
23
128
13
2
30
40
2
89
39
6
117
65
1
19
161
4
46
18
2
1
19
19
7
8
47
1
1
84
62
34
93
5
1
18
31
4
5
14
1
9
4
13
8
18
48
287
2
30
1
72
19
23
326
15
19
30
10
1
22
211
3
18
36
28
38
84
49
24
12
146
15
12
41
24
1
13
2
281
17
6
12
13
14
98
4
35
3
1
14
50
17
282
9
137
281
57
8
4
14
12
248
26
16
8
33
192
2
183
4
6
3
5
6
25
50
58
125
25
58
223
2
79
15
11
3
31
300
2
347
58
92
12
12
3
2
164
4
27
1
3
67
6
142
7
131
23
2
3
11
53
11
10
1
9
44
7
7
6
1
159
39
2
10
388
285
1
1
80
52
232
215
19
279
70
3
39
61
61
2
13
526
5
19
8
24
96
41
36
2
397
6
205
10
12
317
30
3
1
93
48
1
18
27
82
132
55
24
7
340
8
1
26
4
5
18
9
24
105
47
111
32
3
26
502
1
108
3
89
12
1
102
43
9
24
3
77
25
6
1
19
8
8
1
3
56
124
4
6
3
15
1
11
14
4
3
106
18
16
156
25
260
28
8
13
1
3
1
4
1
1
13
7
13
1
16
16
1
2
53
9
13
22
45
616
26
57
27
13
17
8
1
30
285
22
53
67
334
74
54
70
3
6
5
1
58
1
5
10
3
14
40
1
9
21
20
12
24
37
60
1
114
30
2
1
15
5
1
42
286
126
2
20
3
2
9
76
234
1
62
12
15
1
5
3
8
9
5
8
35
23
8
61
31
19
35
5
1
2
5
2
2
169
19
4
73
1
152
4
7
2
2
14
2
23
107
26
8
15
136
133
10
1
27
36
1
22
4
13
3
2
297
2
1
7
1
57
26
7
4
118
10
329
28
113
23
7
21
27
1
50
74
100
5
27
15
12
51
12
141
22
24
284
1
5
86
4
38
45
74
102
32
24
221
584
82
28
20
20
2
113
75
1
81
14
10
101
323
110
22
1
63
530
10
235
12
23
15
18
83
204
28
207
61
45
52
13
1
188
1
18
26
13
7
55
7
29
3
2
98
107
10
66
1
7
13
100
21
17
111
1
21
6
292
8
5
129
21
4
175
20
49
104
8
9
1
24
28
1
11
18
22
131
19
247
17
1
6
98
75
13
1
1
24
27
11
21
21
174
44
47
29
68
7
19
2
37
1
28
25
60
26
45
15
120
2
110
3
166
22
30
262
2
335
9
65
41
11
111
114
1
55
29
245
22
9
17
12
107
15
16
5
8
21
8
17
214
5
1
17
37
3
4
1
7
7
7
2
21
4
28
1
18
3
42
23
125
2
3
11
163
20
11
9
60
26
18
6
15
54
19
32
30
18
2
41
115
282
16
16
9
8
19
4
75
2
4
72
17
34
75
224
5
1
3
51
32
165
2
30
15
10
57
5
124
127
1
17
18
53
10
161
2
1
12
20
6
7
39
77
9
76
9
19
13
31
51
59
51
28
25
56
264
2
6
40
18
11
205
3
17
10
2
116
4
1
1
3
51
20
50
7
5
26
12
45
7
36
23
1
4
70
12
1
56
28
9
2
16
2
99
209
121
3
7
48
64
21
1
38
16
353
49
60
3
12
229
18
405
389
1
30
1
6
52
18
35
17
401
19
10
228
2
14
2
4
43
112
25
18
3
1
44
52
34
144
10
1
4
1
20
26
5
11
30
15
72
59
73
6
24
8
24
1
239
17
84
37
11
245
22
10
2
3
19
3
22
36
5
5
14
56
268
121
33
1
5
82
72
5
3
1
53
1
10
18
1
3
21
1
8
36
21
89
40
8
49
75
2
1
7
145
40
10
28
3
4
51
111
217
3
103
6
7
1
7
18
3
89
13
4
8
54
80
22
33
148
11
13
110
1
6
2
20
21
275
60
96
7
29
12
83
142
30
8
3
241
28
365
2
2
6
91
6
17
1
11
3
4
1
1
2
296
57
52
1
1
1
1
1
50
1
1
1
1
1
1
1
1
1
1
1
1
1
1
1
1
1
1
1
1
283
1
1
1
1
1
1
1
1
2
6
1
1
1
1
1
1
1
1
1
30
1
1
1
1
1
1
1
1
1
1
1
1
1
1
1
1
1
1
1
1
1
1
22
1
1
1
1
1
1
1
1
1
1
1
1
1
1
1
1
1
1
2
9
1
1
4
1
1
1
1
1
1
1
2
18
37
1
1
1
1
39
146
1
1
1
1
1
1
99
1
1
1
1
6
1
1
1
1
1
1
1
1
6
1
1
1
1
1
15
1
1
2
119
21
1
1
1
1
1
1
1
1
1
1
119
44
1
1
1
1
1
10
1
1
1
1
1
2
1
1
1
1
1
1
1
1
1
1
1
1
1
1
1
1
1
1
1
1
1
1
1
1
1
1
1
1
1
5
1
1
1
4
2
1
1
1
1
1
1
1
1
1
1
1
1
1
1
1
1
1
1
1
1
1
1
1
1
1
1
1
1
1
1
1
1
1
1
1
1
1
1
1
1
101
72
1
1
1
1
1
1
1
1
1
1
1
1
1
1
1
1
1
1
1
1
3
1
2
1
1
1
27
1
1
41
1
1
1
1
1
1
1
64
1
29
1
1
1
1
1
1
1
1
1
1
1
1
1
1
1
1
1
1
1
1
1
1
35
1
14
1
1
1
1
1
1
1
1
1
1
131
2
1
1
1
1
1
2
1
1
1
1
1
1
1
1
3
1
1
1
1
1
1
1
1
1
2
8
1
1
45
1
1
1
28
1
1
1
1
1
1
1
136
1
2
1
1
1
1
1
1
1
1
1
1
1
2
1
1
1
1
1
1
1
1
2
1
1
1
1
1
1
1
1
1
12
1
1
1
35
1
1
1
3
1
1
1
1
1
1
1
1
1
1
1
1
1
1
1
1
1
1
1
1
1
1
1
6
2
1
1
1
1
1
1
14
1
1
1
1
1
1
1
1
1
71
1
1
35
1
1
1
1
1
1
1
1
1
1
1
1
1
1
1
1
2
2
1
1
2
1
202
1
1
1
1
2
2
1
1
1
1
1
1
1
1
1
1
1
1
1
1
1
1
1
1
1
1
1
1
1
1
1
1
1
1
1
1
1
1
1
1
1
1
1
1
3
1
1
1
1
1
1
1
2
1
1
1
11
1
1
1
1
12
1
1
1
1
1
1
1
1
1
1
1
1
1
1
1
1
1
75
1
1
1
1
101
1
1
31
2
2
1
1
2
1
1
1
1
1
1
1
1
1
1
1
1
1
2
1
1
1
1
2
1
1
1
1
1
2
1
1
1
1
1
1
4
17
1
1
1
1
1
1
1
1
1
1
1
1
1
1
70
1
2
1
1
109
1
1
1
1
1
1
1
1
1
1
1
4
1
1
2
1
1
1
1
1
1
1
10
3
1
79
1
1
1
1
92
1
4
1
1
1
14
1
1
1
140
1
1
1
1
1
1
1
1
1
112
3
1
1
1
12
1
1
35
1
1
1
13
1
1
1
1
1
1
1
42
1
1
1
1
1
1
1
1
1
1
1
1
1
1
1
3
1
1
1
1
1
1
1
67
1
1
1
1
1
1
1
1
1
1
1
1
1
1
1
1
1
1
1
1
1
1
1
1
1
1
1
1
1
11
1
1
1
1
1
1
1
1
51
1
2
1
1
1
1
1
187
1
29
1
1
2
1
1
12
1
14
1
1
1
1
1
1
1
1
1
2
1
1
1
1
1
1
1
114
1
1
2
1
1
1
1
3
1
1
1
1
1
1
1
1
1
1
1
1
4
1
1
1
1
1
1
1
1
88
1
1
1
1
1
1
1
1
1
1
1
1
1
1
1
1
1
1
1
1
1
1
1
1
1
1
1
1
49
25
1
1
1
1
1
7
1
1
1
1
1
1
1
1
1
1
1
1
1
1
1
1
1
1
2
1
1
1
1
1
1
1
1
1
283
1
2
2
1
1
1
1
1
2
69
2
1
1
2
1
1
1
1
1
1
1
1
1
1
1
1
2
1
1
1
2
1
2
1
1
1
1
1
1
1
1
1
1
1
2
1
1
1
1
1
1
1
1
1
1
1
1
1
1
1
1
1
19
1
1
1
2
6
1
1
174
1
1
1
1
1
1
1
1
3
1
1
153
1
2
1
1
1
1
1
1
1
1
1
1
1
1
1
1
1
1
1
1
1
1
1
1
1
1
1
1
1
1
1
1
1
1
1
1
1
24
1
1
1
1
1
1
1
1
1
1
1
1
1
1
1
1
1
1
1
1
1
1
1
1
1
2
1
1
1
1
62
1
1
1
1
3
1
4
1
1
1
3
1
1
161
1
1
1
1
1
1
1
1
1
1
1
1
1
1
1
1
1
1
1
1
1
1
1
6
3
1
1
1
1
24
1
1
1
1
1
1
1
1
1
1
1
1
1
1
1
1
1
1
1
2
1
9
1
1
2
2
1
1
1
1
1
1
1
1
1
1
2
1
1
1
1
1
1
1
1
1
8
1
2
1
1
92
1
1
1
2
1
1
1
1
19
7
1
1
1
1
2
1
1
3
1
1
1
1
2
1
1
4
1
1
1
90
71
1
2
9
1
1
1
1
1
1
1
2
1
1
161
1
1
1
4
1
138
2
1
1
1
1
1
1
1
180
1
1
1
1
1
1
1
1
1
1
1
87
1
1
1
1
1
234
1
1
1
1
1
1
1
1
1
14
2
1
1
1
2
1
1
1
2
1
1
1
1
1
1
1
1
5
1
1
1
1
1
1
1
1
1
1
1
20
1
1
1
1
1
1
1
1
1
1
1
1
1
2
1
1
2
1
9
1
1
1
6
1
1
1
1
1
3
1
1
1
1
151
6
1
1
1
1
3
1
1
1
1
1
21
1
1
2
6
1
1
1
1
1
191
1
1
37
1
1
1
1
1
1
1
1
1
1
2
1
1
1
1
1
1
1
1
1
2
37
1
1
1
1
1
99
1
1
1
1
1
1
1
1
1
1
1
13
1
1
1
1
1
1
2
1
1
31
1
1
1
47
1
16
1
1
1
1
1
1
1
1
1
1
1
1
1
1
1
1
1
3
1
1
1
1
18
1
1
1
1
1
1
1
2
1
3
2
1
1
3
1
1
1
1
1
1
1
1
1
1
14
1
1
1
133
1
1
1
1
2
1
1
1
1
2
52
1
1
1
1
1
1
1
1
1
3
46
1
1
1
1
2
1
1
1
1
6
1
1
1
2
1
1
1
1
1
1
1
2
1
1
1
2
1
8
1
1
1
2
2
1
1
1
1
1
1
1
14
1
1
1
1
1
1
1
1
2
1
1
21
2
1
1
1
2
1
1
1
1
1
1
1
1
1
3
1
1
1
1
1
1
1
1
4
1
127
1
1
1
1
1
1
1
1
1
1
1
1
1
1
1
2
1
1
235
1
1
1
1
1
1
1
1
1
2
1
1
1
1
1
1
1
1
1
1
1
1
1
1
1
1
2
1
3
1
1
1
1
1
1
1
1
1
1
1
1
2
1
1
1
1
1
1
13
1
4
1
1
1
1
1
1
1
1
1
1
2
1
1
1
10
1
1
2
1
1
4
1
126
1
1
21
1
1
1
2
1
2
1
1
1
1
1
1
1
1
1
2
4
1
1
2
1
1
1
1
1
1
1
1
1
1
1
1
1
1
2
3
1
1
1
2
2
1
1
1
1
1
1
1
1
1
1
15
1
1
1
1
1
1
2
2
4
1
93
1
1
1
1
1
1
1
2
1
12
2
2
1
1
1
1
4
2
1
4
1
2
1
1
1
1
6
1
1
8
1
1
1
1
1
1
1
1
1
2
1
1
1
1
94
1
1
1
1
104
2
195
1
2
1
1
1
1
1
2
2
1
1
1
1
1
1
1
2
1
5
1
1
1
3
4
13
1
1
2
1
1
1
1
2
1
1
23
1
1
1
185
3
1
1
1
1
1
1
1
1
1
1
1
1
1
1
1
1
1
1
1
1
1
1
1
2
1
2
1
2
1
13
26
1
57
1
1
1
2
1
1
16
1
6
1
1
1
339
1
1
1
1
2
1
1
1
1
1
1
2
1
1
1
2
1
5
1
1
1
1
1
1
1
64
1
1
1
1
1
1
1
1
1
1
1
1
1
1
1
1
1
3
1
1
1
1
2
2
1
1
2
1
2
1
1
1
2
56
3
1
1
1
2
2
1
1
1
188
2
12
1
1
1
1
2
1
1
1
1
2
1
1
1
1
68
1
1
1
1
1
1
1
1
1
1
1
2
1
1
1
2
1
1
2
3
1
1
1
1
1
1
2
1
1
1
1
1
1
5
1
2
1
1
1
4
1
19
1
1
1
1
4
1
153
1
1
1
3
1
4
1
1
3
1
14
1
1
3
1
1
1
1
1
1
2
1
1
18
1
1
70
1
1
1
1
1
1
1
43
1
33
2
1
1
3
1
1
1
1
5
2
1
1
2
1
31
1
1
1
1
1
1
6
8
10
2
2
1
1
1
2
1
4
1
1
1
1
1
1
1
1
1
1
1
4
1
1
1
1
1
1
1
1
1
1
2
1
1
1
2
2
1
2
1
15
1
1
1
1
2
1
2
2
1
1
4
1
12
2
1
1
1
2
1
104
1
1
1
1
8
1
1
1
1
1
3
1
1
1
1
1
2
1
1
1
1
1
84
1
1
1
1
3
1
2
2
1
1
1
1
1
1
1
1
1
1
1
1
1
1
2
1
1
1
4
3
10
1
1
1
1
1
2
1
1
1
1
1
1
1
1
1
1
7
1
1
12
10
1
35
1
4
1
18
1
1
1
1
1
1
1
1
1
6
1
1
1
2
1
1
1
1
1
1
2
1
2
4
1
2
1
1
2
1
1
1
1
1
1
1
3
3
1
1
1
2
1
1
1
1
1
1
1
1
1
2
1
1
1
1
1
1
1
1
1
1
1
2
3
2
1
43
1
1
1
1
1
1
1
1
1
2
1
2
1
1
1
2
1
1
1
1
1
1
178
1
12
1
1
1
16
1
1
1
1
1
1
107
1
2
1
1
1
1
1
1
1
1
24
2
1
2
1
1
1
1
1
13
1
1
1
1
1
1
1
1
22
32
1
1
1
1
20
1
1
1
2
1
1
1
1
1
1
51
1
1
1
2
2
1
1
1
1
2
1
1
1
1
8
2
1
1
1
1
1
1
1
1
1
2
2
1
1
1
1
1
1
1
1
2
1
1
1
1
1
1
1
3
1
2
2
1
1
1
2
1
1
1
1
1
182
1
1
1
1
1
4
1
1
1
86
68
1
1
1
2
1
1
1
1
1
1
4
1
7
1
1
1
5
1
1
1
1
1
1
2
1
1
1
1
85
1
1
2
1
1
1
2
1
2
1
2
1
1
1
1
1
1
1
26
2
1
1
1
1
1
1
1
1
1
2
1
1
1
1
1
1
68
1
1
1
1
1
1
1
1
4
2
1
1
1
1
1
1
13
1
1
1
1
1
1
1
2
1
1
1
1
1
16
1
1
30
1
1
1
1
1
78
1
2
1
1
1
1
1
1
1
1
4
1
1
1
1
1
1
1
2
1
1
1
1
1
1
1
2
1
10
2
1
2
1
1
1
1
1
1
1
1
1
24
32
4
14
1
1
3
1
1
1
3
1
1
1
1
1
2
1
1
1
2
1
1
1
1
2
1
1
1
1
18
1
2
3
1
5
1
1
2
1
1
1
1
6
1
3
1
2
2
1
1
1
1
1
46
1
2
1
1
1
74
1
1
10
1
1
58
1
1
2
40
1
1
1
38
1
1
1
1
2
1
1
1
2
1
8
1
1
1
1
1
1
2
1
1
1
1
2
2
1
1
1
1
2
1
1
1
2
175
25
1
1
2
1
1
1
1
1
1
1
4
9
1
1
1
1
2
1
1
6
13
1
12
1
1
3
1
1
3
1
1
3
1
1
72
1
1
1
2
18
1
1
1
1
3
1
1
1
1
1
9
1
1
1
3
1
2
1
1
1
1
3
1
1
3
1
1
1
3
1
2
3
1
1
2
1
1
1
1
1
1
89
1
5
2
1
2
1
4
1
1
1
2
1
1
1
1
1
1
1
1
1
1
3
2
1
3
1
1
1
2
1
1
1
1
1
1
1
1
1
1
1
1
1
200
1
1
1
2
1
2
1
1
4
63
1
1
1
1
3
1
1
3
33
1
1
1
1
1
1
3
1
1
1
1
2
1
1
1
1
1
1
1
5
2
10
1
2
1
1
1
1
1
1
1
6
68
1
17
1
1
29
2
1
1
1
1
8
2
1
1
1
1
1
92
5
1
1
1
2
1
1
1
2
1
2
1
2
1
6
2
1
71
1
3
4
1
1
1
2
1
87
1
1
2
2
1
1
1
2
1
1
1
1
120
1
2
4
1
16
1
1
2
1
1
1
1
1
1
2
1
193
1
1
1
2
1
1
1
1
1
8
2
1
2
1
1
1
1
11
2
1
1
1
1
1
1
1
1
5
1
1
1
1
1
1
1
2
1
1
1
1
1
1
2
1
8
2
2
1
1
1
3
2
1
1
1
1
2
1
4
90
1
1
1
9
5
2
14
1
1
1
3
1
1
1
1
1
5
1
1
2
2
1
1
2
1
1
3
1
1
5
1
1
1
1
2
1
1
1
1
1
1
3
1
1
1
3
1
6
1
2
2
2
1
1
1
1
1
2
2
1
155
1
1
1
2
2
1
1
7
1
1
1
1
1
8
1
2
1
1
1
2
1
1
1
2
1
1
7
1
1
1
1
1
1
1
1
4
1
6
1
1
1
2
3
3
1
2
1
2
2
1
1
1
5
2
1
1
1
1
2
1
1
1
2
1
1
1
39
6
1
2
1
2
1
1
3
1
2
1
1
1
2
2
1
1
1
1
2
3
1
1
1
3
1
2
2
2
2
1
1
2
1
1
1
1
1
2
1
2
2
1
1
1
2
1
1
1
2
261
34
1
3
1
2
1
1
1
4
2
1
31
5
4
2
3
1
3
1
1
1
2
1
1
1
1
1
1
1
1
1
1
5
1
1
1
88
1
1
38
3
1
1
2
1
1
1
1
3
44
42
1
1
1
1
3
1
1
1
1
1
1
1
2
2
1
1
2
4
1
75
2
1
1
1
1
1
1
1
1
5
4
1
1
1
1
2
1
1
123
1
1
2
1
2
1
1
1
1
1
1
3
1
1
2
1
1
1
3
3
2
1
2
1
8
29
3
1
6
1
1
1
1
1
1
2
1
2
1
1
1
1
2
1
1
1
2
1
2
1
1
1
1
3
1
162
1
1
2
2
2
1
1
1
1
1
1
36
2
1
1
241
1
1
1
1
2
1
1
2
1
1
1
3
1
1
1
1
1
1
2
82
2
1
3
1
2
2
1
1
6
1
1
1
5
1
2
10
1
1
1
1
1
1
1
1
3
1
1
1
1
1
7
2
1
2
2
1
1
2
2
1
1
1
6
1
1
1
61
2
1
1
1
1
1
1
1
1
1
1
1
1
1
1
1
3
1
1
2
3
1
1
1
1
1
2
3
2
1
1
1
1
1
2
1
1
5
3
1
1
3
1
1
1
1
1
1
19
1
1
1
35
1
1
1
2
71
3
1
4
1
2
1
35
2
3
1
2
1
2
1
1
1
50
1
2
1
1
1
2
1
1
1
3
1
10
1
2
1
2
1
1
1
1
1
1
1
1
4
2
1
1
1
1
1
32
4
1
2
2
15
1
3
1
3
1
2
2
1
1
1
1
4
4
1
3
1
1
1
3
2
3
1
1
2
1
1
1
2
4
12
1
1
1
1
1
17
2
1
1
1
1
1
1
2
1
1
52
1
1
1
1
1
2
3
1
1
2
2
1
1
1
1
2
12
1
2
1
1
1
46
3
1
1
1
1
3
1
1
1
1
1
1
2
49
1
2
1
1
1
1
1
3
1
1
3
1
1
10
1
1
1
1
1
1
1
1
1
2
1
167
1
2
1
2
1
12
127
1
1
1
1
1
1
4
1
1
3
21
5
1
6
2
2
1
1
30
1
1
1
2
1
5
1
4
2
1
1
1
1
1
1
2
2
2
1
1
1
1
2
35
1
2
1
1
2
4
2
1
1
1
123
1
1
3
1
1
1
1
8
1
1
1
1
1
2
2
3
4
1
1
1
1
2
4
2
1
1
1
1
2
1
1
1
2
14
1
1
1
1
1
4
1
1
2
3
2
5
1
1
111
1
1
1
4
2
1
1
1
1
1
1
2
1
1
1
3
6
3
1
1
1
1
1
2
1
1
2
3
23
4
4
11
2
2
42
2
1
1
1
1
1
1
1
1
1
4
1
1
1
1
5
1
1
1
18
3
1
1
1
1
6
2
2
1
1
1
8
1
1
1
3
1
1
1
3
1
1
2
64
1
2
1
2
1
3
2
1
185
17
1
1
1
1
1
1
1
1
3
1
42
1
1
2
1
1
2
1
2
2
1
1
6
1
4
1
1
2
1
1
1
1
102
1
1
1
3
1
1
3
173
1
1
5
1
1
1
3
2
1
1
1
27
1
1
2
45
3
2
9
2
3
1
2
1
2
17
3
1
1
1
2
2
1
1
2
1
1
1
161
1
1
2
1
4
1
2
144
24
1
1
1
1
1
1
1
3
2
1
1
1
1
1
1
1
1
1
1
1
1
2
2
2
1
1
1
56
2
3
2
1
56
1
4
1
28
1
1
12
2
1
1
1
3
6
1
1
1
2
1
1
1
1
1
1
1
1
3
1
1
1
1
1
2
1
1
1
1
2
2
1
1
2
1
1
19
1
1
1
1
1
67
1
1
1
1
3
1
1
4
4
1
1
1
1
2
2
1
1
1
1
2
4
2
1
1
2
1
1
1
4
1
1
11
1
2
1
1
108
2
2
2
2
1
2
3
3
150
1
1
1
5
2
3
151
45
1
1
2
1
1
1
14
1
2
1
2
1
2
1
2
1
1
1
2
13
1
1
2
1
2
1
1
1
1
1
1
1
1
2
1
1
1
2
1
1
1
2
2
1
1
33
1
1
176
1
2
1
1
2
1
78
1
2
5
1
2
3
2
1
1
1
1
60
1
2
1
1
1
2
1
1
2
1
2
1
1
2
1
10
1
1
1
1
1
4
1
2
1
1
3
2
6
2
1
1
1
1
2
1
1
2
14
1
1
1
1
10
1
1
5
1
4
1
2
3
2
1
1
2
1
1
5
3
1
5
1
43
3
1
13
2
1
1
2
1
2
1
5
21
1
1
1
1
2
12
4
1
2
1
1
2
90
1
3
1
1
3
9
1
1
1
1
2
1
2
1
1
1
5
3
3
1
1
1
3
1
1
1
1
22
1
1
2
3
1
2
63
2
2
1
2
4
1
1
3
3
1
1
3
33
2
2
1
1
1
1
1
6
2
114
1
2
2
3
2
4
9
5
1
1
2
1
1
2
22
1
1
5
1
1
1
1
34
1
1
1
1
1
4
2
1
1
1
1
6
1
2
1
1
3
1
1
1
2
2
1
1
2
1
1
1
2
1
1
1
1
2
1
1
80
1
1
1
1
1
2
1
1
3
1
1
1
24
1
2
3
1
3
1
2
1
1
3
1
1
1
1
1
1
1
7
2
1
1
46
3
4
3
1
4
1
1
1
3
1
2
7
2
3
1
1
1
1
1
1
1
1
1
2
68
1
40
3
1
1
1
2
26
2
1
6
1
1
1
2
2
1
1
1
2
1
1
1
1
2
1
1
1
1
1
1
1
1
1
2
4
1
2
1
3
1
4
1
2
3
2
3
2
9
1
1
2
1
4
2
1
1
2
3
1
1
26
3
4
1
2
1
1
26
1
1
1
1
2
2
1
1
3
1
1
1
1
6
1
3
1
1
6
3
1
1
1
1
5
1
1
1
73
4
1
6
2
2
3
1
1
11
1
1
1
1
1
1
1
2
1
3
1
4
2
1
1
6
2
6
3
1
2
1
1
1
1
1
1
1
1
11
1
1
2
4
2
1
2
1
1
3
1
1
2
5
3
2
3
1
4
2
6
113
43
6
1
2
10
1
3
1
3
1
54
5
4
1
1
1
1
24
2
17
1
1
1
1
1
1
18
6
1
6
2
3
2
2
1
1
4
1
1
4
1
2
1
4
1
1
5
1
1
1
1
2
63
1
2
1
1
1
3
1
16
1
1
1
11
1
1
1
1
1
2
1
1
1
1
2
1
3
1
2
1
1
1
6
1
1
159
1
4
4
106
3
2
1
1
2
1
1
1
1
1
3
1
4
1
1
2
1
3
2
3
1
1
1
44
5
1
3
1
2
8
5
3
1
1
27
1
1
1
1
1
6
76
1
1
2
1
2
1
2
1
2
1
1
1
6
2
1
1
10
3
3
1
19
1
1
1
20
5
1
1
1
1
1
4
1
3
1
4
1
1
1
8
1
5
1
7
1
1
9
1
71
1
2
1
1
2
1
1
3
1
1
1
1
29
1
28
2
1
1
4
1
6
1
3
1
1
1
1
1
1
1
1
1
155
3
2
1
1
2
1
1
3
4
1
1
2
2
1
1
4
2
1
2
68
3
2
1
3
1
4
1
3
4
1
4
1
1
1
1
4
2
1
2
1
1
23
1
1
2
1
1
1
1
1
1
1
1
1
2
2
1
1
1
2
1
1
1
1
3
3
1
1
2
3
1
1
5
1
1
1
3
1
12
1
1
1
4
5
1
4
4
1
2
1
1
2
1
3
1
1
1
1
1
5
1
1
1
1
1
29
1
1
1
1
1
2
4
1
1
1
1
1
6
2
3
1
1
1
2
1
1
1
6
1
1
2
5
4
10
1
1
1
1
1
1
3
2
1
1
44
1
7
1
1
127
2
7
1
4
1
1
1
3
1
1
1
3
1
3
1
1
2
1
1
2
2
1
1
28
1
2
3
1
1
1
2
1
1
1
1
1
1
1
1
1
1
1
1
3
1
1
2
1
1
5
3
2
4
1
1
1
1
1
329
1
3
2
2
1
1
1
1
18
1
2
1
1
1
1
1
1
5
1
2
11
2
1
1
1
3
2
2
1
2
6
1
1
1
1
1
1
4
1
2
3
2
6
2
2
2
1
2
2
5
1
3
1
1
1
2
77
2
1
1
1
1
2
1
1
2
1
1
1
1
2
3
3
4
3
3
1
1
1
35
1
1
1
1
1
1
1
5
3
5
1
1
2
3
3
1
2
1
96
2
2
5
1
2
1
1
1
7
58
2
1
4
1
3
2
2
1
6
3
1
2
2
1
1
2
3
3
1
1
1
1
1
37
1
2
1
9
1
4
4
9
5
2
1
89
4
2
3
1
1
1
2
1
1
1
2
3
1
2
1
6
2
1
2
2
4
3
1
2
1
1
1
1
1
2
10
1
1
1
1
3
1
2
2
1
1
1
1
2
3
1
2
1
5
1
1
1
2
2
2
1
1
1
1
2
4
1
1
1
1
1
1
6
43
1
3
2
1
5
44
1
6
5
3
1
1
2
1
1
1
1
1
3
1
2
6
2
1
1
1
1
5
1
1
1
2
1
1
1
4
3
1
33
1
1
2
1
28
2
5
1
1
1
41
2
2
1
3
44
2
4
1
1
2
1
43
5
1
1
39
2
7
1
2
3
16
1
3
1
5
2
1
1
1
1
1
6
2
1
1
1
2
1
1
1
6
1
1
1
2
1
4
3
4
1
1
1
1
1
2
2
1
1
23
3
4
4
2
48
11
169
3
1
1
1
1
1
1
1
2
3
2
2
2
1
16
1
41
1
1
1
1
1
7
1
1
1
1
1
2
1
2
1
10
8
1
3
1
1
1
5
1
1
1
5
3
1
6
1
5
1
2
1
2
1
3
1
2
1
1
1
3
1
1
2
1
1
1
1
1
1
1
1
5
1
5
2
1
2
1
5
1
4
1
1
8
10
4
2
2
1
4
1
2
5
1
1
1
1
2
1
1
1
1
3
1
2
1
1
1
6
1
13
2
1
1
1
1
2
1
1
2
2
2
4
1
5
2
2
2
1
1
6
1
1
1
1
2
1
1
3
7
1
1
1
2
1
3
1
1
1
1
111
1
1
1
1
1
1
2
2
3
1
11
1
1
5
3
1
4
1
1
1
1
1
1
1
176
1
1
9
3
2
4
4
3
4
1
1
1
8
1
1
1
2
1
1
1
1
2
6
1
1
3
1
1
1
2
2
1
4
1
2
1
2
8
1
4
1
2
1
3
3
3
1
2
2
2
1
2
1
1
2
1
11
3
1
4
4
2
4
16
4
1
4
5
1
4
1
1
4
1
4
3
1
95
2
1
1
1
2
1
1
4
2
2
1
3
5
1
7
28
148
1
2
1
3
2
3
1
1
1
4
1
1
2
1
1
1
8
1
1
1
3
13
1
1
19
148
2
1
1
2
2
1
1
15
2
1
1
2
107
1
3
2
1
1
2
1
2
1
3
1
4
1
3
9
1
102
1
2
4
1
1
1
3
4
4
2
1
1
3
2
1
5
2
2
7
1
1
2
5
1
324
13
1
4
1
4
6
54
1
8
2
1
75
1
153
132
1
1
2
32
2
3
1
1
8
1
1
4
8
2
4
1
4
2
1
10
36
1
6
4
5
6
10
2
1
1
1
46
2
1
2
2
1
3
3
1
5
2
6
1
1
1
1
3
1
2
3
1
2
2
1
1
1
1
1
1
1
3
1
2
1
1
1
1
2
2
4
10
1
9
3
3
2
1
1
2
3
65
7
2
1
106
1
1
1
1
4
1
1
2
7
11
1
3
1
1
3
2
1
1
10
1
1
8
2
1
1
1
1
1
1
1
1
1
1
4
1
78
76
1
6
1
1
2
2
1
1
2
1
2
1
1
2
2
2
1
1
1
3
3
3
6
1
6
1
39
7
7
4
2
1
2
1
3
6
1
1
4
14
1
1
2
6
5
3
1
2
1
1
3
1
57
3
4
5
3
1
1
2
6
1
1
1
1
1
2
1
2
8
1
1
1
1
1
3
4
2
18
6
3
2
1
1
8
18
1
6
1
1
3
1
1
4
1
3
1
4
3
1
6
1
2
21
2
2
8
11
1
2
1
3
125
2
2
1
1
2
5
4
7
1
4
1
2
1
1
1
2
1
2
1
3
2
189
2
1
2
2
3
1
1
1
1
2
1
1
1
1
1
2
2
1
5
5
1
2
4
1
1
1
2
12
3
1
1
1
3
1
1
5
1
2
1
1
1
1
1
1
4
1
1
5
1
2
2
3
2
3
3
11
1
1
1
2
1
1
1
4
1
1
4
1
1
12
9
1
1
1
2
2
1
3
2
2
2
1
2
6
2
1
6
2
1
2
1
1
1
66
2
1
2
1
2
1
1
3
13
2
2
4
10
1
1
1
2
1
2
1
2
1
1
1
3
2
1
4
1
1
1
1
3
1
3
1
81
1
1
17
1
1
2
1
2
3
5
3
1
1
1
2
1
100
1
1
1
1
11
5
1
1
1
2
1
3
1
17
1
3
1
1
2
4
2
21
5
1
1
9
251
2
7
8
5
2
3
2
4
1
5
2
1
4
7
14
2
2
14
1
1
2
1
4
7
1
1
1
3
4
2
195
3
3
3
14
1
17
1
1
1
1
3
2
1
3
1
1
1
2
8
4
12
1
1
2
1
1
2
6
1
1
27
1
1
1
4
2
3
2
1
1
2
1
2
7
1
1
1
1
4
1
4
1
4
1
2
1
2
6
1
1
1
1
1
1
5
1
2
1
1
1
1
6
4
4
2
5
1
4
1
1
3
3
1
2
1
1
2
1
5
1
2
1
2
1
1
1
4
2
14
2
1
2
9
5
1
4
4
24
8
13
1
5
7
1
10
1
3
2
7
10
1
1
4
3
2
1
1
4
1
1
2
1
62
1
24
4
3
5
1
2
2
2
1
1
4
2
8
2
7
1
1
2
1
9
4
3
1
3
1
51
1
1
1
4
1
11
1
1
1
1
1
2
2
3
6
2
1
1
1
1
46
1
1
26
2
1
3
2
1
1
7
3
2
4
3
2
1
7
5
3
1
2
6
1
12
1
1
2
1
1
1
1
10
1
1
1
1
1
2
1
3
3
2
1
4
1
1
4
1
2
2
1
1
5
2
3
1
5
1
4
1
1
1
1
1
1
1
1
1
2
2
6
224
130
1
1
23
1
3
6
2
2
1
1
1
3
1
1
6
1
6
7
10
30
6
1
3
53
2
4
2
1
42
3
3
1
2
4
3
1
1
1
1
1
1
2
1
1
105
1
1
1
7
10
16
5
2
2
27
2
1
3
1
1
4
1
3
1
1
1
1
1
3
1
7
4
2
77
6
2
1
1
3
1
1
9
1
1
1
1
1
1
2
1
2
6
3
1
1
1
5
4
1
2
1
4
1
5
3
190
1
3
91
1
3
1
2
2
1
4
2
8
2
2
1
1
1
4
2
3
5
1
1
2
6
1
1
4
1
9
1
1
1
1
3
1
3
3
7
16
10
1
7
1
2
1
2
2
1
1
12
1
4
1
3
1
3
1
4
10
1
4
4
2
1
2
3
1
1
1
1
1
13
1
2
1
5
87
5
4
1
1
29
1
51
1
7
1
12
1
1
2
1
1
2
1
4
10
2
1
1
3
1
1
2
2
2
1
6
4
2
2
1
7
2
1
3
4
1
5
4
2
1
1
1
5
1
2
3
1
1
1
2
1
1
1
1
1
1
7
1
4
5
2
1
4
3
85
1
1
32
118
4
1
2
2
2
9
9
1
5
78
5
1
1
4
6
3
3
1
1
1
1
1
1
1
1
1
1
1
5
11
1
1
2
5
1
1
2
2
1
1
3
3
1
5
3
2
1
1
1
1
15
58
2
5
1
2
1
1
2
3
2
2
149
1
5
5
1
3
3
1
3
1
24
5
1
2
5
1
3
1
1
2
1
1
10
3
1
158
1
1
30
3
1
2
1
1
1
4
1
2
2
2
3
5
2
3
1
1
2
19
2
24
3
63
3
5
8
1
104
3
1
73
10
3
25
2
6
4
2
1
1
3
2
1
2
3
1
1
3
21
2
10
2
1
3
1
3
13
5
6
2
2
1
1
3
3
1
1
3
3
1
8
1
1
1
1
1
4
1
2
8
1
2
2
3
10
1
2
3
2
1
1
6
4
1
27
1
113
5
1
10
7
14
3
11
2
154
1
2
1
1
1
1
1
10
3
2
12
32
1
2
5
3
1
1
1
5
3
3
82
1
1
2
16
1
3
118
2
2
2
2
1
2
1
1
2
1
1
6
18
3
1
1
2
1
1
1
4
1
1
3
1
1
2
1
1
4
9
13
1
3
1
1
8
1
3
1
1
1
1
2
4
4
4
1
8
3
6
2
7
1
1
1
2
6
2
153
2
1
1
1
13
4
4
2
1
1
1
1
1
9
1
20
1
5
1
2
12
9
3
4
2
1
2
8
8
1
5
5
6
1
1
2
2
4
2
2
1
1
3
1
2
1
1
15
12
4
6
1
1
5
1
63
4
1
1
1
1
4
3
4
1
1
1
1
37
1
1
2
2
4
2
3
1
1
1
1
2
27
4
1
3
1
2
6
1
3
1
1
1
1
1
2
1
1
2
1
1
1
4
1
42
1
1
7
2
2
1
4
3
2
5
1
1
1
1
4
4
4
3
6
1
1
1
2
10
1
1
2
12
1
1
3
129
12
2
10
1
2
11
1
2
2
10
2
1
1
2
1
88
1
1
2
1
1
2
5
2
3
1
1
11
1
1
1
3
2
23
2
1
1
1
2
3
2
1
1
1
4
2
1
6
1
3
6
1
1
2
3
1
1
1
1
5
4
3
1
5
1
1
7
1
101
5
1
1
2
2
2
1
9
1
1
1
6
1
2
1
3
7
5
2
3
1
1
1
8
1
4
2
1
2
3
1
9
1
1
1
1
5
6
21
6
8
3
1
1
1
4
8
9
7
2
1
6
1
3
12
1
21
3
1
1
1
1
1
5
7
4
1
9
1
1
2
7
3
2
1
1
9
1
3
1
7
1
4
1
9
2
1
2
12
4
1
1
1
1
1
1
9
1
1
1
1
3
1
2
35
1
2
2
1
5
14
2
6
3
14
6
1
8
1
1
1
1
2
2
2
13
1
1
12
2
7
1
3
2
1
2
1
2
5
10
1
1
2
3
8
3
3
1
1
1
3
6
15
1
5
3
1
1
3
1
4
1
12
24
1
4
1
3
5
14
2
1
1
6
1
7
3
3
7
1
3
3
1
6
4
1
6
2
1
3
9
3
3
2
20
1
1
3
1
78
49
1
2
3
1
3
1
2
11
1
64
1
1
1
6
1
2
1
1
4
6
3
40
1
9
1
3
1
9
3
7
11
1
3
3
1
1
11
10
1
3
6
7
7
10
1
5
16
1
8
1
2
10
4
2
2
2
2
17
19
1
16
1
1
4
3
1
10
1
2
4
7
3
1
1
7
1
1
1
6
3
48
9
2
6
2
35
1
4
1
1
2
5
1
3
6
1
1
1
3
3
1
1
2
1
3
2
8
4
7
3
4
1
2
1
33
2
6
4
2
2
1
2
1
3
7
7
1
2
1
6
5
2
59
1
1
1
3
30
2
14
6
2
41
2
12
2
11
33
1
1
11
18
1
1
1
2
2
1
1
84
2
1
25
2
2
1
20
1
1
1
1
1
1
19
10
2
1
1
6
1
1
1
4
4
1
4
3
1
2
13
9
1
1
1
2
1
2
1
4
1
14
6
1
1
20
1
4
18
2
3
16
1
22
1
1
37
2
5
1
1
2
5
1
3
1
1
5
4
2
2
5
2
143
1
1
3
1
79
3
1
3
18
1
2
1
6
22
3
1
1
2
4
3
10
1
1
92
1
1
3
2
1
5
1
52
2
44
1
1
1
24
2
7
8
3
4
2
1
1
3
2
1
9
1
1
3
6
3
1
2
151
1
3
1
1
1
1
2
5
2
1
2
16
1
7
10
2
1
4
2
23
1
2
15
11
2
2
3
6
11
3
3
18
2
2
5
3
1
8
2
1
3
25
16
85
16
1
2
1
10
1
5
62
6
1
11
12
2
2
1
5
1
2
1
5
3
2
1
13
6
1
2
32
4
1
1
3
12
3
5
1
1
2
1
5
1
4
1
4
5
2
16
12
1
16
1
3
4
2
1
2
1
4
40
2
1
4
2
1
1
3
1
1
33
1
5
1
5
29
1
2
1
1
1
1
3
1
2
4
3
9
1
3
5
1
2
2
1
1
1
3
1
2
5
34
1
1
3
1
11
4
15
2
1
1
1
13
5
48
1
22
13
6
2
2
67
2
27
23
1
1
12
2
6
20
5
7
3
7
1
5
2
3
7
5
1
1
2
2
1
22
3
3
2
5
1
2
2
16
4
1
2
15
15
41
1
1
1
1
1
23
2
1
8
1
1
1
21
4
4
1
9
1
3
3
4
93
1
3
6
1
1
26
3
11
6
1
16
1
2
28
4
3
20
1
8
3
5
2
1
1
2
20
158
2
2
1
1
1
6
6
1
3
1
9
1
1
1
6
3
1
1
5
7
1
3
4
1
2
10
1
2
16
1
2
2
5
2
228
5
4
11
3
2
8
21
6
22
21
4
5
19
1
7
12
1
2
1
3
2
1
1
1
207
24
5
1
3
1
42
9
4
1
3
9
3
1
1
4
14
7
15
9
52
7
1
11
1
3
1
7
2
18
4
4
1
3
2
1
2
3
7
2
5
1
1
2
2
5
4
11
3
3
1
1
2
1
4
2
2
1
43
1
3
1
1
1
5
7
1
3
5
4
54
1
6
4
99
2
3
5
2
15
12
3
2
24
17
4
1
8
4
1
1
2
2
38
1
12
4
1
259
1
8
1
1
1
3
2
8
4
7
6
26
1
15
144
169
3
1
5
2
4
31
4
3
1
3
2
4
1
1
1
5
2
13
8
1
2
2
77
1
1
2
142
1
1
1
5
34
10
1
2
16
3
11
20
2
3
1
3
7
1
7
9
1
1
1
2
4
1
18
12
1
1
2
1
2
6
5
1
15
5
1
9
7
1
1
10
1
2
1
13
25
2
2
18
5
1
3
1
106
3
3
26
1
2
46
15
48
2
2
11
3
5
26
15
2
2
4
12
31
2
1
1
2
1
15
20
4
17
2
1
2
1
3
13
13
11
1
1
5
1
5
2
1
48
1
22
3
3
1
20
6
1
4
6
6
12
16
14
4
1
3
2
1
7
3
1
2
1
20
2
3
1
4
31
1
4
7
1
10
13
18
15
1
9
1
2
1
1
31
5
1
23
1
1
8
1
2
1
3
3
2
2
1
1
4
1
7
2
1
2
1
4
2
12
10
4
1
11
4
1
2
11
2
16
3
4
3
19
12
1
3
1
34
19
1
30
5
1
7
1
3
1
14
2
1
3
1
5
1
8
4
7
2
2
1
1
8
5
2
6
1
1
1
2
13
2
2
1
2
2
1
17
1
5
11
2
1
1
1
1
6
17
2
1
1
9
6
9
3
12
1
80
3
5
19
1
3
4
2
5
35
17
5
2
6
1
1
1
14
2
3
3
1
1
1
1
20
1
4
14
2
27
1
2
4
1
6
39
1
2
7
1
3
10
10
3
1
11
1
23
7
2
10
1
1
7
6
3
2
5
5
3
5
13
1
2
13
1
1
8
5
1
14
1
1
30
2
5
2
1
1
24
8
22
36
11
2
1
5
7
3
3
1
3
1
3
10
1
1
1
3
3
2
9
2
2
11
4
1
10
4
3
1
1
3
6
1
1
14
4
42
5
21
1
4
5
5
11
6
2
1
20
4
1
2
6
5
4
1
1
20
10
4
2
3
7
10
1
1
2
1
4
2
6
1
3
2
15
7
22
1
2
5
6
4
23
12
2
1
3
5
1
2
1
1
1
5
96
17
1
2
4
1
18
10
1
1
1
4
2
4
1
1
2
12
2
6
5
7
2
14
10
1
3
17
15
17
5
5
4
21
2
1
2
76
4
11
2
1
2
15
3
1
1
3
12
9
12
1
82
2
1
2
1
3
5
2
1
1
5
6
50
1
1
8
18
6
5
2
1
31
2
1
4
1
6
5
3
1
2
10
6
1
2
6
26
1
1
5
1
1
1
1
3
1
1
1
22
8
4
3
9
44
3
12
2
16
1
1
3
3
3
11
5
22
1
2
4
1
3
46
34
6
1
10
1
1
34
4
1
6
29
3
2
3
49
2
5
4
3
3
13
6
71
3
3
6
3
2
10
23
24
2
10
2
5
1
8
48
6
5
4
5
1
1
1
1
11
20
1
2
6
5
2
9
8
3
21
5
1
2
8
1
2
5
7
3
2
2
4
7
1
2
22
2
4
3
1
1
1
4
4
4
8
2
18
21
1
6
3
13
4
12
1
1
20
3
6
11
6
2
1
15
7
2
19
1
9
6
1
2
3
1
38
3
17
4
1
25
9
2
3
14
27
1
1
1
50
3
3
11
1
1
4
1
2
5
2
7
13
1
5
4
1
113
5
4
1
45
11
96
2
1
66
1
4
2
4
5
1
6
5
3
1
1
2
1
1
1
8
6
5
5
3
2
2
1
5
11
3
1
9
1
3
7
1
7
2
2
6
4
3
4
1
2
5
74
7
4
1
8
1
1
8
6
1
50
20
3
3
7
20
1
257
1
1
1
17
4
14
19
2
2
5
1
8
1
1
2
1
1
16
9
1
5
1
33
1
10
1
57
3
19
1
10
15
1
4
24
19
15
6
7
1
3
19
1
1
4
16
55
1
9
1
1
1
9
6
1
91
2
15
7
10
2
1
13
1
21
15
7
12
1
3
67
1
4
51
21
1
1
7
1
1
1
8
8
2
1
14
1
20
8
2
39
1
7
1
27
1
27
2
5
50
21
1
1
2
21
4
1
31
1
20
2
2
1
13
8
1
3
1
8
2
4
11
4
1
1
25
10
3
46
2
4
6
51
53
12
7
1
29
7
10
18
2
10
8
6
13
31
4
6
14
2
10
2
4
5
1
1
2
3
6
3
12
1
26
5
3
12
22
3
7
13
4
3
3
4
6
2
12
1
69
30
1
12
1
2
5
9
1
16
19
1
1
1
2
4
6
3
15
1
9
4
16
1
1
5
4
21
1
17
1
4
2
6
1
8
1
3
81
1
1
3
12
13
1
5
5
35
1
2
6
6
1
6
11
1
9
7
4
2
73
1
19
313
9
2
1
4
1
6
3
2
9
1
2
24
20
1
2
2
5
13
15
5
4
5
7
4
17
44
3
4
1
8
90
2
11
1
141
2
3
31
1
1
128
15
16
1
2
2
1
3
2
3
16
7
17
2
8
3
44
3
62
8
18
7
3
5
16
13
4
1
1
1
8
42
1
8
1
1
5
2
99
1
4
6
1
2
36
2
3
24
1
21
2
11
10
6
89
1
31
1
1
6
22
2
45
4
18
2
6
9
12
23
3
2
3
1
2
2
1
6
5
94
8
4
6
11
1
12
7
9
7
8
3
4
6
1
7
2
2
3
34
8
1
31
2
104
17
20
1
10
29
4
1
23
6
19
4
30
9
1
68
9
64
16
1
1
1
48
2
2
14
24
33
2
17
2
5
6
6
4
2
12
21
3
13
4
4
1
13
6
2
6
4
1
3
3
3
7
3
2
3
1
12
26
4
7
30
1
1
1
59
3
6
2
1
5
1
4
2
3
1
3
1
7
9
2
3
2
4
5
1
4
42
7
32
1
4
4
1
1
9
4
18
1
1
41
3
3
15
20
30
1
2
26
5
1
2
35
2
27
11
2
20
21
1
17
1
2
27
26
9
18
11
7
1
15
3
23
6
1
23
17
28
1
111
1
6
1
43
16
3
5
11
3
5
10
37
3
4
5
2
3
30
7
27
4
1
2
50
6
29
5
5
49
92
44
11
17
5
9
22
45
4
3
5
20
2
1
38
1
10
31
5
10
8
1
4
1
23
1
1
44
31
2
5
3
55
6
5
26
8
29
2
30
6
2
29
3
5
16
1
13
8
1
1
2
17
1
2
10
1
2
5
11
42
6
10
5
5
1
18
7
7
2
25
1
26
14
9
7
122
6
4
6
1
21
3
1
2
4
5
1
25
14
9
1
3
4
8
19
2
7
115
9
25
5
4
5
99
22
1
1
11
23
2
7
6
10
56
12
2
2
2
10
16
1
37
5
1
31
1
3
9
13
22
1
1
1
7
1
3
6
2
1
6
1
4
2
1
4
1
3
152
22
4
10
4
39
72
9
40
3
25
156
8
5
1
7
12
5
36
6
9
1
1
1
1
71
20
9
5
4
11
53
8
8
18
2
1
1
9
1
2
95
14
57
6
2
17
2
28
1
4
33
4
9
2
2
4
6
1
1
3
2
6
108
20
39
49
1
1
10
4
24
7
3
6
3
8
281
1
21
38
31
1
3
6
1
15
22
2
79
7
3
6
3
1
5
9
4
8
28
1
19
8
21
2
8
8
22
94
14
3
5
27
5
80
1
6
87
1
156
2
44
3
2
1
16
1
48
31
2
22
2
56
3
16
1
1
8
4
1
1
5
12
16
19
1
25
17
2
1
1
3
4
112
1
8
1
56
5
3
4
1
38
2
3
82
1
126
1
3
38
6
1
2
5
4
12
5
2
61
65
16
27
7
2
6
1
19
17
5
1
37
3
15
32
4
4
29
49
2
1
34
6
12
3
34
27
8
1
1
11
2
4
14
43
22
2
6
2
6
141
14
9
16
3
1
84
1
57
6
19
1
3
1
4
7
1
14
24
2
27
1
62
3
5
16
64
1
13
50
17
8
3
4
13
77
13
48
9
8
17
2
3
1
7
8
2
45
3
1
7
2
6
3
75
1
8
4
7
22
8
2
5
3
3
38
4
10
4
4
6
1
1
15
2
1
5
6
2
1
23
1
15
8
16
1
14
8
1
1
11
3
2
1
1
115
34
105
104
91
1
12
13
57
32
4
24
7
61
75
8
33
21
57
1
3
1
29
1
40
41
17
1
7
8
9
2
87
6
78
5
37
4
22
1
1
2
1
28
2
8
108
6
1
2
2
1
9
43
6
1
1
11
1
15
7
1
1
31
14
172
1
5
1
4
9
2
2
2
17
3
24
3
37
4
10
29
45
8
2
1
65
22
11
24
47
5
1
23
6
1
1
5
32
1
10
5
6
9
8
1
25
3
172
1
18
1
13
1
3
1
9
1
1
3
8
97
1
2
21
16
4
16
2
100
5
50
50
1
5
4
5
1
2
8
14
2
71
12
8
2
5
3
26
19
52
15
1
8
8
10
3
153
1
16
49
76
49
1
3
4
2
15
1
3
38
1
2
24
8
8
120
9
7
5
18
2
19
18
12
6
12
3
1
4
21
1
18
1
109
1
8
2
1
3
3
13
1
1
7
7
2
17
4
19
12
11
27
8
1
1
19
30
7
1
21
1
1
8
72
7
1
5
4
16
2
8
5
2
5
2
26
3
1
1
14
23
3
6
6
28
7
1
23
40
93
11
1
10
14
1
12
15
7
3
40
1
12
1
10
3
6
3
19
3
2
83
50
6
13
2
48
6
1
11
15
16
9
3
19
44
76
13
10
69
3
20
4
6
7
26
14
10
17
4
2
16
4
1
2
14
3
24
9
4
5
1
84
26
1
19
77
3
12
50
21
10
64
3
6
25
1
7
30
2
3
8
1
6
20
115
3
32
8
91
16
1
4
1
36
1
17
7
4
1
2
87
10
3
62
71
11
5
194
73
46
17
75
2
6
4
29
3
4
67
11
1
5
4
10
6
23
42
8
1
1
1
16
1
30
1
1
24
41
2
1
19
3
2
58
3
9
1
8
120
3
1
25
5
1
158
51
3
1
19
2
113
32
1
11
5
1
8
1
116
1
3
4
189
23
8
13
2
21
36
2
81
6
6
25
9
1
17
28
3
16
1
1
1
19
5
7
8
4
1
1
19
61
16
40
5
1
10
13
4
3
11
1
1
1
11
3
3
28
141
1
8
1
2
5
22
37
13
19
30
1
1
1
26
3
6
16
4
12
61
38
16
8
10
15
9
21
2
1
9
1
27
17
6
12
1
5
28
1
35
1
1
11
81
4
5
9
61
106
9
8
4
16
12
52
26
1
1
13
73
2
38
4
2
3
5
6
2
11
48
9
15
17
54
2
77
13
10
1
29
193
1
45
54
1
1
11
3
2
87
4
10
1
3
37
6
103
3
90
23
2
2
10
30
4
10
1
7
17
1
7
1
1
88
38
2
10
128
9
1
1
72
17
15
42
13
133
69
3
36
34
20
2
6
93
5
18
8
22
7
24
27
2
106
6
56
10
2
25
24
3
1
101
5
1
4
12
69
119
38
19
7
1
1
1
19
4
5
18
9
24
48
45
1
6
3
23
50
1
111
3
5
4
1
1
5
9
5
2
72
6
6
1
11
4
7
1
3
3
32
4
6
3
13
1
81
12
2
1
19
8
16
226
5
81
18
2
10
1
3
1
4
1
1
4
4
13
1
15
13
1
2
36
7
13
21
34
183
17
53
16
10
16
3
1
8
25
21
27
62
45
54
41
68
3
6
5
1
6
1
4
1
3
9
20
1
9
19
20
11
23
12
3
1
11
30
2
1
15
4
1
42
7
22
2
20
1
2
9
11
62
1
35
10
15
1
5
2
8
4
3
8
33
23
2
1
31
5
26
3
1
2
4
2
2
67
8
4
49
1
124
4
7
2
2
10
2
22
12
26
1
15
119
21
10
1
25
35
1
19
1
13
3
1
41
2
1
4
1
52
3
7
4
32
7
69
9
94
11
13
1
22
1
44
11
96
5
9
14
12
50
11
112
19
2
191
1
1
83
1
4
29
73
8
32
15
77
67
67
13
19
14
2
98
41
1
19
10
10
38
50
46
15
1
18
142
10
107
12
23
15
17
37
169
10
105
55
23
40
13
1
72
1
14
26
6
7
39
7
29
3
2
1
19
10
55
1
2
13
40
9
17
7
1
21
3
198
8
5
29
17
4
2
6
38
9
8
9
1
22
12
1
11
12
13
96
6
131
16
1
6
99
68
11
1
1
3
8
11
21
20
25
44
12
29
66
7
7
2
37
1
15
25
55
23
45
14
56
2
75
3
6
9
7
86
2
125
9
4
11
11
51
3
1
53
6
78
22
7
8
4
105
15
16
5
5
17
5
2
37
5
1
7
1
3
4
1
6
7
5
2
21
4
1
1
17
3
21
12
124
2
3
11
155
18
3
7
2
21
2
6
15
19
19
32
8
18
2
41
114
173
12
1
9
8
16
4
75
2
4
70
5
34
72
39
5
1
3
51
31
165
2
15
15
11
57
2
2
118
1
17
18
24
10
147
2
1
4
16
4
7
26
77
9
65
9
19
11
28
51
59
45
17
25
56
144
2
6
40
16
11
128
3
16
7
2
107
4
1
1
2
50
5
49
7
5
26
7
32
7
36
23
1
4
33
12
1
32
28
9
2
4
1
98
13
118
3
7
46
16
21
1
23
16
116
49
60
3
12
229
13
92
75
1
30
1
6
52
18
35
17
85
19
10
228
2
13
2
4
43
109
25
18
3
1
44
52
29
144
10
1
4
1
7
7
5
11
30
4
72
54
73
6
23
8
24
1
39
17
84
37
11
125
22
10
2
3
19
3
20
36
5
5
12
48
268
121
16
1
5
9
72
5
3
1
53
1
10
10
1
3
21
1
8
36
21
89
40
8
49
36
2
1
7
145
40
10
28
3
4
51
101
97
3
103
6
7
1
7
17
3
89
13
4
8
54
36
22
33
148
11
13
110
1
6
2
4
21
115
60
62
7
29
12
34
142
30
8
3
73
28
196
2
2
6
91
6
17
1
11
3
4
1
1
2
296
57
52
