17
45
18
9
2
78
4
123
378
301
7
6
74
224
1
14
1
12
4
239
54
209
17
209
153
23
1
2
308
34
8
81
17
1
18
21
11
186
1
1
58
1
239
30
109
12
2
458
282
46
151
9
3
5
171
95
9
5
26
38
43
210
20
12
157
10
3
1
7
16
6
91
37
56
585
3
4
91
86
1
238
132
20
6
19
70
99
1
113
303
15
244
7
1
362
417
1
36
10
64
1
111
11
403
394
14
27
84
46
41
97
49
108
65
117
1
16
817
363
27
65
5
187
39
3
320
10
201
125
147
28
27
2
4
133
192
138
3
11
17
153
260
66
27
81
332
66
38
17
355
389
269
27
5
27
79
22
20
13
21
596
81
12
182
122
20
40
111
31
28
74
2
1
19
130
33
5
67
459
45
9
6
122
2
31
35
68
100
6
15
16
5
1
3
2
243
258
9
270
129
142
99
407
233
61
484
48
10
53
1
15
15
45
305
432
324
50
107
139
1
1
9
58
8
11
17
24
140
144
321
268
20
62
24
2
393
90
35
75
60
47
63
3
16
9
19
92
1
605
23
203
63
40
670
331
26
2
46
16
409
33
3
44
1
154
8
39
37
31
1
2
6
15
1
13
13
31
1
19
8
8
40
214
29
12
221
16
170
16
15
74
6
80
9
53
23
3
4
10
16
6
3
10
15
3
96
251
55
16
43
349
84
65
17
18
34
38
122
216
6
13
19
6
87
2
407
180
15
466
492
27
5
5
60
315
20
1
77
56
81
94
8
27
35
43
34
27
231
27
6
395
1
79
64
5
1
4
6
322
8
27
90
126
3
7
12
9
4
6
1
19
3
11
1
11
4
62
2
76
39
2
24
33
25
5
4
5
34
419
2
96
40
38
4
21
458
23
8
5
277
2
23
455
2
408
97
1
29
22
13
8
117
80
2
74
3
112
17
54
31
4
3
47
16
15
46
9
53
78
116
14
45
72
151
46
46
30
73
8
2
20
405
59
4
122
149
69
114
1
20
55
1
69
31
8
5
11
49
5
104
2
2
23
1
353
11
597
15
34
50
5
111
67
45
31
2
1
23
11
197
403
12
618
18
31
3
28
22
106
197
86
146
50
252
6
16
21
94
2
56
31
1
2
30
186
4
2
157
22
16
3
22
10
1
54
5
3
320
87
182
70
69
525
337
4
10
64
4
1
18
35
20
23
1
323
34
22
1
5
51
39
1
18
7
57
35
26
45
4
2
2
22
4
1
120
6
15
5
358
15
59
29
71
42
23
11
64
54
1
1
31
17
19
227
167
344
26
146
54
59
19
15
9
37
160
11
306
4
11
68
20
9
331
25
10
14
5
3
5
18
2
149
2
4
1
34
49
31
1
5
19
21
62
176
1
20
260
68
29
184
66
239
32
1
11
3
1
8
59
15
25
28
23
103
25
5
42
41
22
1
26
4
2
99
41
2
10
29
260
7
503
11
59
33
10
34
66
390
120
43
1
516
53
18
37
2
103
166
80
377
76
24
68
582
40
56
7
507
27
17
14
85
7
43
86
37
15
2
10
2
2
3
9
94
139
1
195
7
10
3
473
89
20
6
148
53
222
43
47
158
353
9
11
25
20
423
2
8
5
88
22
89
1
16
352
320
1
5
8
3
3
226
1
54
44
7
202
10
256
49
1
6
5
15
41
12
3
94
33
27
103
38
1
7
38
34
30
58
413
167
64
58
83
61
480
5
2
22
10
5
11
146
10
17
10
3
20
8
54
2
62
295
37
68
17
412
39
56
298
40
35
19
118
156
170
189
23
49
65
79
148
1
1
1
1
1
1
27
1
1
1
1
1
1
1
1
1
2
1
1
136
1
1
195
2
1
1
1
1
1
1
1
1
1
6
1
2
1
1
1
1
18
1
1
1
1
2
1
1
1
1
1
10
3
5
6
1
3
2
1
5
1
2
4
1
2
1
3
1
1
11
1
1
1
1
4
3
441
1
3
1
2
1
2
2
2
1
17
1
1
1
5
1
1
1
1
13
1
1
1
1
2
2
1
25
1
1
1
3
9
1
1
8
1
4
1
2
1
1
49
1
6
1
1
2
1
1
49
6
163
7
144
2
5
1
6
1
1
1
6
1
58
145
138
2
1
111
1
13
5
1
4
2
5
1
2
1
6
1
3
1
7
2
129
2
64
2
14
15
2
4
1
128
52
2
30
20
58
43
36
2
21
32
19
11
3
50
1
1
1
3
3
11
64
26
8
2
5
1
3
5
9
3
1
2
1
1
1
1
1
1
2
3
1
1
1
2
67
1
2
2
1
3
70
1
46
3
10
16
7
1
1
4
1
1
1
8
1
1
1
3
2
1
1
1
3
5
1
1
1
314
1
1
2
1
3
1
1
1
1
2
3
1
1
1
1
1
1
1
1
1
3
1
1
1
1
1
1
4
6
1
1
2
21
1
3
144
9
1
1
2
13
1
2
2
6
1
4
1
1
1
1
1
2
1
1
1
43
5
1
1
1
1
28
1
25
3
2
1
19
1
1
1
6
1
1
3
1
1
48
1
6
2
1
1
8
1
1
1
3
1
27
1
14
7
2
1
1
1
10
1
11
1
20
2
5
1
1
1
2
1
8
3
2
1
2
3
2
1
1
1
2
4
1
3
1
1
1
2
76
1
37
2
7
8
1
5
2
3
1
3
1
1
1
4
1
1
3
2
1
1
1
64
1
1
1
17
3
1
2
1
2
2
2
2
1
336
66
59
225
2
18
3
1
2
2
1
25
1
1
1
21
1
1
1
151
1
3
1
2
1
1
2
1
1
1
1
1
2
1
1
1
7
1
1
1
2
13
1
1
1
361
10
1
1
11
12
9
2
1
1
3
1
1
2
1
3
1
2
5
1
1
3
1
1
4
2
1
1
1
4
2
1
11
10
3
1
5
99
4
4
2
1
1
2
4
3
1
1
1
2
7
1
1
2
2
7
5
6
1
3
1
2
16
15
1
1
1
8
4
2
1
1
5
1
1
2
7
1
1
2
5
7
6
2
1
1
45
81
10
1
2
2
1
1
1
1
10
1
2
3
1
12
5
1
2
15
4
2
1
2
5
1
1
2
4
1
7
1
3
1
2
20
1
19
2
1
1
2
10
4
25
1
4
2
8
7
1
1
1
1
1
7
324
1
1
2
1
3
2
7
1
1
7
2
4
9
7
4
19
18
16
2
22
8
1
1
28
61
3
1
1
1
62
8
8
3
5
1
2
26
1
15
27
2
1
1
2
4
5
49
58
1
20
1
61
2
29
1
3
8
10
256
37
42
7
1
5
3
7
10
1
262
86
117
12
2
25
1
17
3
27
5
1
1
2
1
1
32
139
1
1
16
3
15
1
1
2
1
1
1
7
10
1
1
1
1
36
24
56
1
3
246
1
1
2
1
2
1
1
1
2
5
1
1
1
420
9
1
1
1
3
5
2
4
1
2
1
1
12
33
2
2
26
3
7
4
1
1
3
16
1
62
6
14
1
5
1
1
17
1
4
1
331
2
1
1
3
2
2
9
3
3
1
1
2
6
2
1
1
1
9
127
2
1
10
101
39
4
2
27
2
1
1
1
1
1
25
20
160
1
1
60
1
1
21
2
1
1
2
3
3
1
1
2
1
2
1
1
2
1
1
1
3
14
6
4
41
8
2
1
2
2
11
1
2
1
1
1
10
17
25
1
2
1
1
4
9
4
8
1
14
4
1
2
1
8
2
1
1
1
1
2
2
26
1
1
4
2
2
1
1
7
1
1
1
1
2
1
6
1
5
12
1
5
1
3
1
1
2
1
1
1
4
1
4
20
1
2
2
2
7
2
35
31
1
18
1
1
16
1
1
7
2
1
1
3
1
1
13
2
2
2
1
2
2
3
2
23
1
3
1
1
1
1
1
1
1
1
3
21
24
1
1
2
1
4
8
4
1
2
143
2
3
1
4
1
9
2
1
12
1
3
1
1
8
1
16
101
61
45
2
2
97
2
1
11
18
1
2
4
2
6
1
3
1
1
1
1
3
1
7
1
1
1
1
1
3
1
1
1
59
1
6
12
2
1
1
1
1
1
1
2
1
1
2
1
1
1
2
4
1
2
4
2
2
1
2
1
3
3
1
1
1
1
1
1
1
1
1
2
1
7
1
1
2
2
28
1
2
1
3
1
1
1
363
1
10
1
1
1
7
1
2
1
53
2
2
1
1
1
1
1
297
1
37
86
1
4
2
1
1
1
1
14
1
1
2
1
1
4
3
1
1
2
1
2
2
3
2
1
1
1
11
3
1
3
1
1
6
1
2
7
1
1
1
1
1
13
1
5
3
1
1
1
2
1
3
1
1
19
1
3
1
1
2
2
9
18
34
1
12
1
1
2
4
1
8
18
8
1
1
1
12
2
2
1
2
1
2
2
1
2
15
3
9
17
3
10
3
1
1
1
2
53
3
1
1
2
24
9
5
1
3
1
5
6
16
8
3
1
1
1
2
1
4
1
102
1
2
2
1
1
1
1
11
2
3
52
1
1
1
1
1
1
1
1
10
5
2
34
15
1
17
13
1
9
5
1
1
1
3
4
1
1
3
3
1
1
1
1
1
2
1
4
4
9
1
4
15
16
4
9
29
5
2
1
1
1
1
2
1
2
183
3
1
1
3
1
1
1
1
15
16
6
1
1
2
1
1
1
1
1
168
1
5
2
1
1
1
29
1
1
42
1
242
7
1
2
1
1
1
3
2
1
1
10
1
1
3
1
1
6
4
3
4
4
1
2
2
1
1
9
2
1
1
2
1
1
2
7
5
24
1
3
1
21
1
1
1
2
1
2
3
2
1
1
1
1
1
17
1
101
16
3
1
113
1
1
2
3
2
1
147
1
1
2
1
2
1
2
1
1
2
34
1
41
1
41
1
5
2
1
1
1
1
1
2
1
58
1
8
1
1
1
1
30
1
1
1
1
1
1
1
1
1
1
1
1
1
3
3
1
1
94
193
1
242
2
1
5
1
1
3
1
1
1
1
1
11
2
1
1
1
8
1
18
2
1
2
1
1
1
50
1
1
7
1
4
85
2
38
1
1
1
1
3
1
47
2
1
1
1
1
3
1
1
1
1
1
39
1
65
1
12
1
2
5
1
2
1
2
1
1
1
1
1
1
1
1
171
1
7
6
1
2
1
1
1
5
1
2
1
36
1
1
30
1
1
1
2
1
1
1
2
9
17
1
2
2
6
2
2
9
3
8
1
1
2
1
1
16
9
3
1
1
4
17
6
2
1
1
1
1
7
8
1
3
1
2
1
22
1
1
13
1
2
4
2
4
1
2
62
1
4
6
3
2
2
1
2
1
1
21
1
1
6
2
20
1
2
1
1
11
5
2
11
1
24
2
3
1
8
2
17
1
34
6
3
20
66
2
15
3
6
107
1
5
10
2
3
4
2
8
1
1
1
9
1
1
234
1
2
3
17
11
23
1
10
4
1
1
6
25
3
1
1
37
5
23
5
4
6
6
17
1
4
65
7
3
2
2
15
14
1
25
13
34
4
2
30
69
1
31
29
1
12
6
15
1
25
9
17
1
42
4
43
370
2
1
4
4
8
1
1
1
2
51
10
1
1
1
2
3
20
7
1
1
1
1
1
147
1
11
1
25
1
2
1
28
1
1
6
1
3
5
2
1
59
5
1
30
1
1
2
327
3
1
3
2
5
12
3
7
18
1
5
2
8
1
1
4
9
5
1
2
12
1
1
4
3
4
1
1
2
10
3
1
5
1
16
24
2
3
60
7
3
1
1
1
7
1
2
2
70
11
1
10
1
3
1
1
1
1
8
2
1
1
1
2
13
2
4
1
2
1
57
9
1
6
1
2
3
50
1
46
1
11
8
6
1
1
1
3
1
1
79
4
3
1
4
10
3
5
7
2
8
1
3
1
1
2
3
1
170
12
1
1
3
2
4
1
1
1
15
1
3
15
5
18
8
1
18
1
7
51
5
1
2
1
1
15
3
27
4
7
7
10
38
2
2
1
3
2
1
1
1
4
3
5
1
5
1
1
1
4
4
3
5
3
4
8
1
2
1
8
9
10
10
4
14
1
8
89
7
3
3
1
1
65
1
27
1
30
31
61
4
8
22
31
11
6
12
3
3
3
8
21
1
2
3
4
1
6
41
1
4
2
1
1
1
1
12
1
1
439
5
1
2
15
1
1
1
139
3
1
1
1
1
1
18
38
32
1
3
58
12
2
2
1
1
5
2
1
10
15
1
8
1
15
1
1
5
1
14
1
118
19
1
2
9
1
32
415
8
10
15
18
21
1
1
2
1
1
2
2
1
29
1
2
3
1
3
1
1
4
1
2
1
1
2
1
1
137
11
5
1
62
4
1
9
4
5
30
1
6
1
159
5
1
3
1
1
14
2
4
3
15
7
1
2
10
32
29
1
1
20
4
1
2
2
6
1
1
11
2
23
201
1
1
1
1
1
1
1
1
1
1
22
1
36
38
2
1
83
1
87
3
1
1
1
1
1
2
5
1
1
7
14
1
3
156
1
2
2
4
1
1
3
1
2
77
5
3
7
3
35
32
6
1
9
1
1
1
2
1
1
1
1
2
1
4
1
36
15
75
19
1
22
12
14
4
32
103
5
25
1
62
66
1
2
1
1
1
2
1
1
1
33
5
1
2
2
4
5
2
24
2
25
2
15
10
1
1
3
1
5
2
46
56
14
1
2
1
17
1
1
1
1
22
2
1
5
4
2
7
40
84
1
35
3
1
17
7
17
1
15
2
76
1
1
2
14
1
15
37
2
12
1
1
13
1
2
3
3
1
1
1
3
3
1
6
1
23
1
1
5
299
1
2
1
1
1
1
1
2
2
11
3
8
1
11
1
2
18
19
23
29
60
6
3
17
1
1
1
5
2
16
1
1
42
1
2
1
46
16
19
2
1
5
1
3
6
4
11
1
11
1
1
1
1
1
4
63
1
1
1
37
11
1
4
86
2
7
2
15
67
19
2
2
35
21
1
75
9
8
1
1
1
1
2
3
1
2
2
1
1
7
1
50
2
38
2
1
1
1
1
1
12
4
33
10
1
1
26
5
2
1
30
3
1
11
4
2
9
4
3
1
19
2
1
6
1
2
16
27
2
16
5
2
12
6
1
1
8
13
1
14
1
11
16
1
13
1
39
4
1
2
2
5
5
14
5
12
5
5
2
1
1
3
13
1
26
2
14
7
1
14
1
1
41
4
1
21
12
208
5
4
1
3
2
2
1
1
53
1
1
2
1
1
1
1
3
1
3
1
4
1
2
7
1
1
1
13
1
4
1
7
8
2
2
1
3
1
9
31
19
1
1
2
2
15
1
1
1
1
1
1
8
1
22
2
2
15
1
4
13
21
3
2
2
9
1
110
28
17
31
1
3
1
41
9
1
4
5
48
1
21
17
10
2
1
1
1
6
1
2
4
9
1
2
5
3
210
1
9
1
2
12
1
3
2
2
1
5
1
1
2
15
1
1
39
1
1
1
37
1
1
1
1
15
2
3
1
1
2
7
3
1
188
1
1
1
1
3
1
1
3
31
9
11
1
1
1
5
6
1
7
5
5
13
3
13
5
1
2
8
1
5
40
4
1
11
13
12
1
37
1
2
76
1
1
1
1
7
1
1
16
2
2
3
1
4
1
3
191
1
1
1
2
1
1
1
1
1
1
56
4
13
45
15
1
1
9
19
1
1
1
1
1
2
32
1
119
42
7
8
2
1
2
25
3
3
17
16
1
1
1
31
1
64
50
1
40
1
5
4
19
29
28
10
1
4
40
1
5
1
1
3
2
1
42
7
1
1
1
2
1
1
6
1
2
2
1
3
6
2
1
1
2
1
1
3
6
1
2
1
2
1
1
1
1
2
1
12
81
37
1
1
4
1
6
1
3
4
7
2
1
2
1
27
14
3
30
1
1
1
2
1
21
4
6
1
1
25
2
1
4
1
2
164
6
170
85
37
2
38
2
17
65
1
6
7
9
52
7
5
1
304
1
1
81
10
60
14
9
252
1
21
7
1
2
1
8
1
25
4
4
24
33
2
234
4
1
1
6
3
1
2
3
23
8
49
189
1
1
3
1
2
10
2
2
1
2
1
2
4
1
5
12
2
1
4
1
1
1
19
1
8
19
3
106
1
1
38
5
1
1
3
10
3
1
7
4
2
8
1
1
13
1
59
8
1
1
4
3
12
2
1
1
1
2
28
1
5
1
1
1
1
5
6
2
1
89
1
34
1
1
4
338
7
18
1
23
6
1
14
7
12
3
1
1
1
1
1
63
1
202
26
1
1
2
2
1
1
3
1
4
3
6
21
1
1
1
1
1
1
81
8
1
1
9
1
1
1
5
10
1
3
3
1
1
54
7
14
1
17
1
1
3
41
34
1
2
87
3
1
8
5
1
4
21
5
5
2
4
11
2
1
1
6
2
2
5
2
1
43
7
3
2
1
21
1
3
7
36
54
2
1
1
1
1
1
10
3
4
1
1
24
7
2
1
453
2
1
44
8
1
1
1
12
3
4
1
1
9
1
35
1
1
1
1
186
4
19
19
2
1
1
1
1
1
2
1
1
48
7
14
1
1
4
13
1
1
1
1
2
1
3
181
37
1
2
1
27
2
1
1
16
15
1
2
2
4
13
4
6
9
1
2
3
13
17
6
3
2
2
1
20
1
1
8
30
1
400
2
14
18
8
12
1
55
58
8
1
19
33
38
197
1
1
26
1
1
1
1
1
2
4
9
2
3
1
9
5
57
1
1
1
2
1
3
3
1
3
1
1
1
2
3
9
1
1
6
1
1
17
1
1
143
1
1
1
1
1
1
1
1
1
1
1
1
1
5
15
59
5
18
2
3
1
1
3
1
2
1
1
2
1
60
1
1
1
4
1
1
1
8
1
26
13
1
1
6
5
29
11
2
3
1
43
3
11
1
1
1
1
1
1
1
4
1
90
7
8
64
1
5
47
7
1
1
1
118
20
3
1
8
2
12
5
3
3
8
351
5
23
3
6
39
9
1
18
3
1
12
4
1
11
27
1
1
15
10
1
4
1
1
95
33
84
15
40
15
4
16
27
128
10
11
7
1
1
18
1
1
2
3
6
1
3
9
9
6
14
5
1
2
1
5
3
3
1
2
4
3
2
17
174
17
2
19
25
3
4
3
1
1
4
2
2
10
3
2
3
75
22
3
1
2
1
4
12
4
3
2
1
1
4
15
162
66
1
1
1
1
1
4
15
1
2
1
2
3
10
49
13
1
23
1
26
17
1
2
6
1
8
2
77
58
7
2
9
3
4
1
298
5
5
5
1
58
5
60
7
1
5
53
3
55
8
11
1
1
1
2
2
2
1
1
1
4
1
1
7
1
1
1
3
2
3
9
1
1
16
1
1
2
1
1
4
1
1
12
1
1
4
25
3
14
6
6
1
1
13
1
11
13
4
70
1
1
4
1
3
2
1
1
17
2
117
113
29
1
1
4
1
4
4
18
2
23
22
1
1
10
1
5
12
1
1
2
5
2
89
35
1
9
9
11
2
54
1
5
5
23
43
6
2
2
2
1
219
1
1
312
3
3
2
1
40
1
1
1
273
1
20
1
1
7
1
1
2
6
1
2
19
4
8
1
3
49
2
1
8
1
28
1
1
1
16
1
4
6
1
6
16
17
2
15
1
1
24
1
1
1
1
18
1
40
4
1
1
1
1
1
3
1
108
2
2
1
58
3
2
10
48
1
21
7
9
48
8
3
1
2
1
45
12
41
13
1
1
1
1
1
2
1
2
18
20
2
3
2
1
1
177
1
1
16
2
1
27
2
10
1
1
1
1
1
1
1
1
4
2
1
115
1
1
1
2
2
4
1
2
28
2
6
1
11
1
1
1
1
1
1
2
1
1
1
3
1
1
1
1
11
1
1
1
2
3
3
1
1
1
5
2
53
2
1
56
12
2
1
4
1
2
1
18
1
1
2
1
1
2
1
1
1
40
1
1
1
2
1
9
1
7
1
2
1
2
3
1
1
1
63
1
1
1
1
1
1
1
1
1
1
1
42
5
1
1
1
1
3
1
1
1
2
1
1
1
2
1
5
74
27
92
56
1
1
2
86
7
12
124
1
1
6
5
49
30
1
1
1
1
4
142
1
1
1
1
1
1
1
1
199
2
35
1
1
2
1
1
1
1
3
3
1
1
1
1
1
1
9
1
1
1
1
1
4
125
3
55
3
1
11
1
2
2
1
1
2
1
5
1
1
3
5
1
18
23
1
412
1
1
12
1
26
5
1
4
2
10
17
1
16
1
4
4
38
131
87
1
53
5
1
67
1
1
1
6
4
101
1
1
1
1
1
1
1
51
3
358
1
5
2
39
36
2
1
1
3
1
2
1
1
1
2
7
3
1
13
2
1
1
39
12
1
1
1
1
1
70
3
12
76
1
19
1
1
1
2
4
2
1
2
1
1
27
2
2
6
2
1
1
1
3
8
13
1
5
1
2
3
11
14
34
1
12
1
1
14
1
3
1
1
1
168
1
1
21
2
1
3
2
1
1
1
3
77
1
1
1
1
1
1
2
6
1
1
2
2
1
1
1
6
3
7
1
330
1
2
39
1
1
1
1
1
1
3
8
2
1
1
1
1
2
2
3
4
25
1
2
1
1
76
1
1
3
1
1
2
1
1
1
1
1
1
3
1
3
2
1
2
279
1
1
18
1
4
1
1
1
1
38
10
1
1
12
1
5
12
5
1
2
16
2
3
1
4
2
417
1
1
1
1
1
4
1
10
399
1
2
1
1
1
15
10
1
2
1
3
4
5
276
1
2
1
1
1
1
4
1
4
1
7
7
1
4
1
17
2
32
1
3
1
1
1
52
14
6
22
1
27
1
1
1
4
1
1
1
28
2
2
1
1
1
1
21
32
1
6
1
1
1
1
1
18
1
2
2
2
3
1
2
1
2
1
1
1
1
1
1
8
1
1
63
9
7
2
1
1
1
1
1
1
1
2
1
1
25
3
1
3
6
2
2
1
1
1
8
1
1
1
9
1
2
1
1
4
2
5
9
1
1
1
1
12
23
1
1
1
1
56
4
1
1
2
1
1
1
38
13
6
38
1
1
1
42
2
1
13
1
1
7
49
5
2
129
1
5
1
1
2
1
1
1
1
1
3
4
2
3
1
1
1
1
1
1
1
1
2
9
2
3
1
1
1
1
4
58
118
13
5
10
10
19
83
38
3
8
27
1
5
3
1
3
1
1
1
7
1
4
2
1
25
1
2
1
2
1
1
27
43
1
2
9
50
2
1
1
1
3
2
1
1
3
2
49
4
20
1
2
2
1
1
1
2
2
1
1
5
1
18
1
14
3
3
1
7
1
1
1
2
1
14
176
8
1
2
3
183
1
1
2
1
6
2
2
2
1
2
2
1
11
1
1
1
1
2
1
1
4
2
1
1
1
2
7
7
2
1
3
1
1
1
2
2
1
1
6
1
4
2
1
1
3
19
3
1
21
12
150
1
1
1
1
1
2
1
4
1
1
1
7
2
1
1
3
1
3
1
1
3
1
1
1
1
2
2
1
2
5
11
121
245
5
1
1
2
1
1
3
1
8
4
1
38
15
1
6
2
1
2
1
1
1
2
3
2
1
2
1
1
1
3
2
4
2
1
3
233
1
1
6
6
1
2
2
9
4
3
4
18
2
1
1
1
1
17
1
1
1
1
7
12
1
4
1
1
2
1
2
1
74
12
1
1
29
1
57
1
2
1
1
6
1
1
1
1
1
1
2
1
1
2
1
3
1
1
5
1
2
2
12
1
1
6
1
14
1
393
1
1
11
2
1
2
2
5
1
2
1
1
1
13
1
1
1
1
1
1
1
1
1
1
1
1
1
3
3
1
1
8
26
5
144
1
1
1
7
1
1
22
1
1
1
1
1
1
1
1
1
1
1
2
23
2
1
2
3
1
1
4
1
2
1
7
2
186
1
1
3
1
3
1
1
12
1
1
22
1
2
1
1
21
1
10
34
66
23
43
24
35
12
77
1
1
1
1
15
1
2
2
1
2
1
1
6
33
65
6
1
2
3
1
1
2
1
1
3
114
1
13
1
2
6
1
1
2
6
1
1
2
4
1
1
1
2
1
2
1
1
30
4
5
3
3
52
9
14
29
64
1
13
12
15
3
1
1
1
6
1
18
9
1
3
1
5
1
1
1
1
98
23
25
1
1
15
64
3
2
1
1
1
124
1
19
8
4
1
1
1
1
1
40
1
1
1
2
1
1
1
26
5
6
1
2
1
1
6
3
1
10
50
1
14
1
1
1
3
1
5
4
5
1
5
21
2
7
9
1
1
1
5
8
2
1
1
2
1
2
421
1
1
1
1
1
15
8
2
1
1
1
1
12
20
22
1
40
1
1
1
8
1
1
1
1
1
1
1
4
1
1
1
1
1
1
1
1
1
1
1
1
28
63
1
1
1
1
2
1
1
1
1
1
1
1
2
1
1
1
1
2
7
1
2
1
1
1
1
1
2
1
45
1
10
1
1
5
9
2
1
1
1
1
8
1
2
1
1
1
1
1
1
1
1
1
1
4
1
2
1
9
1
1
1
1
1
16
7
4
1
1
1
45
1
8
1
1
3
1
2
7
47
2
1
1
3
1
5
1
1
3
1
1
3
1
3
10
1
7
3
1
2
1
1
3
1
1
17
2
2
6
1
5
11
1
3
3
2
399
1
1
2
27
2
3
7
1
1
27
3
2
1
1
1
1
1
1
50
1
1
6
2
1
2
7
1
1
6
1
1
3
70
1
1
2
1
2
3
1
1
3
1
24
1
1
1
1
2
2
8
1
1
1
5
16
139
359
2
1
4
4
22
1
73
17
3
3
3
3
1
1
1
16
2
21
3
1
3
4
2
1
35
1
1
2
2
6
1
1
33
3
6
1
1
1
1
1
64
4
160
3
1
2
1
326
1
6
1
4
4
1
1
1
1
1
3
17
1
2
1
1
2
1
12
1
63
47
1
1
1
3
1
10
5
4
36
2
1
1
339
2
2
1
109
1
1
2
1
1
1
1
2
1
1
1
4
1
3
1
1
1
1
1
3
1
1
1
7
1
1
1
198
1
1
2
1
1
1
2
1
3
90
1
1
1
2
4
226
6
1
1
1
2
2
1
1
3
2
2
1
3
8
1
1
1
1
1
1
1
1
4
1
4
1
1
6
102
11
6
2
2
1
1
1
4
23
2
36
1
10
2
1
30
4
15
1
1
1
7
1
2
1
8
1
1
1
1
1
1
1
29
13
59
11
2
1
1
1
1
2
2
1
1
1
1
1
1
2
1
1
4
1
75
2
14
1
39
1
1
1
1
1
4
1
1
7
1
2
2
1
21
1
1
1
8
1
1
5
2
1
1
59
3
1
1
277
1
18
1
1
1
1
1
2
19
2
27
1
3
1
1
4
1
1
1
2
2
8
2
3
1
1
27
15
1
1
1
1
1
2
9
1
1
2
3
1
1
9
1
4
34
2
2
1
1
3
2
31
1
1
1
2
4
1
11
1
17
172
3
38
3
2
1
2
1
59
1
1
1
1
1
1
1
2
1
1
18
71
3
7
2
2
57
1
9
1
5
3
1
5
1
14
1
2
2
1
1
2
1
1
1
1
1
6
1
2
1
1
1
33
1
1
1
3
1
2
1
1
6
4
1
1
1
2
2
1
1
1
1
1
2
2
1
34
4
1
1
17
4
1
1
2
1
15
91
1
1
2
3
5
1
2
1
1
3
2
2
1
5
1
1
29
5
2
5
1
20
10
1
1
8
9
3
1
1
2
1
1
1
1
1
1
1
3
1
1
1
1
9
1
1
1
2
1
1
25
1
1
1
1
1
1
2
2
13
1
2
2
10
1
33
8
1
1
2
5
2
34
1
1
1
5
2
2
1
1
1
1
40
1
2
9
1
1
1
1
2
1
1
2
13
4
1
1
2
78
1
2
1
2
1
1
3
1
2
1
24
4
2
21
130
4
21
4
2
2
1
16
1
1
1
86
1
4
1
1
240
1
1
1
1
1
2
1
1
2
1
1
2
1
1
1
1
1
1
1
2
2
1
18
1
5
1
5
1
1
2
3
1
11
1
12
1
4
1
3
2
131
1
1
3
1
1
1
1
44
31
1
10
1
4
8
32
3
3
2
1
1
1
1
22
1
1
1
1
1
1
1
33
1
3
1
4
2
2
88
2
1
2
5
11
1
1
1
1
1
3
1
6
1
1
1
1
1
12
11
1
9
1
1
1
1
7
1
9
2
4
48
6
1
24
4
1
20
1
3
1
1
8
2
10
1
1
2
1
1
1
1
90
1
10
3
1
1
26
1
7
6
5
1
4
1
6
21
3
1
3
2
26
3
1
1
2
1
32
1
37
1
3
2
1
3
2
5
4
51
12
159
3
1
1
2
1
3
1
1
7
1
1
3
1
2
1
1
37
1
3
1
1
1
1
1
2
7
4
1
1
1
11
1
1
1
1
1
1
1
1
1
1
23
1
9
1
1
1
6
2
1
1
1
1
1
1
2
3
1
8
1
2
1
6
178
1
1
1
2
5
15
1
6
1
1
5
3
1
1
1
1
1
1
1
2
1
1
18
1
1
28
1
1
1
3
2
1
1
3
1
2
1
31
1
6
2
29
1
1
11
1
1
1
2
2
1
4
2
10
13
1
2
1
58
2
16
1
1
1
2
1
44
1
9
1
3
1
19
26
74
9
6
5
64
28
10
2
3
1
1
5
4
33
1
1
1
23
13
4
1
1
3
432
2
1
4
1
34
80
11
1
1
1
1
2
1
1
13
205
11
1
1
3
2
2
1
1
1
6
2
1
4
37
1
2
1
2
2
4
1
1
2
229
1
1
1
2
1
1
1
2
2
1
10
2
1
1
4
66
5
13
1
43
4
136
22
11
1
2
2
1
2
1
1
20
1
1
18
11
6
4
6
99
1
1
1
1
1
48
1
2
176
1
1
1
1
1
1
1
3
2
1
1
4
17
1
1
1
9
2
1
4
2
3
1
2
66
1
2
11
28
16
9
12
8
1
1
1
1
5
1
1
5
3
1
2
1
1
1
1
1
1
1
3
5
19
40
1
1
25
1
1
1
24
2
5
41
1
4
2
1
7
355
1
19
1
1
1
1
1
43
5
2
212
2
3
1
3
1
1
1
1
1
1
2
9
1
3
1
1
2
1
16
1
9
1
1
1
11
240
1
5
1
1
1
8
2
1
1
2
1
2
1
4
1
1
1
58
19
2
1
1
3
8
1
4
6
1
1
1
1
61
1
1
245
1
1
1
28
3
1
1
2
1
1
2
6
17
1
384
1
1
5
3
3
1
1
3
1
10
2
1
11
1
2
2
1
1
1
34
1
2
1
1
2
4
2
2
51
1
1
1
205
2
1
4
3
2
1
1
1
1
7
1
1
1
1
1
3
1
1
1
1
1
4
107
1
1
2
6
2
1
9
1
34
1
1
4
1
10
1
2
42
1
6
3
2
3
1
122
6
2
3
32
26
2
1
1
1
6
1
2
1
2
1
1
4
1
5
5
1
2
1
1
12
1
13
1
1
4
1
1
1
3
1
1
1
26
4
17
1
50
10
1
1
1
1
1
1
21
2
21
4
1
33
1
20
18
1
9
1
2
2
4
1
50
1
3
10
1
11
1
14
1
1
3
1
1
5
2
2
1
2
11
2
1
42
33
1
2
1
1
3
1
2
1
2
4
6
1
3
3
4
5
1
1
4
326
2
394
4
1
54
2
1
17
1
1
2
1
1
417
1
3
7
1
5
1
3
1
1
1
2
3
1
3
70
12
1
1
31
5
3
1
17
1
4
1
13
9
1
1
32
15
62
21
1
1
1
1
2
2
64
1
2
2
2
1
1
1
1
3
1
1
1
2
1
1
1
1
1
2
1
1
1
1
1
1
1
3
1
20
3
2
1
2
1
1
1
14
1
64
1
1
5
32
2
1
16
2
1
29
3
1
2
1
2
1
1
28
13
68
1
8
1
1
1
8
15
2
2
3
1
1
1
6
1
1
1
1
10
1
1
1
5
1
1
2
1
1
1
5
1
1
1
1
1
10
2
53
2
163
1
1
9
1
2
1
1
1
6
1
40
9
1
3
1
1
2
3
3
14
4
82
2
1
1
2
2
2
1
1
1
1
1
2
1
1
1
1
1
1
2
1
1
2
2
2
1
3
29
1
8
191
9
1
1
6
7
1
231
244
1
12
17
5
1
1
1
13
2
1
4
98
35
49
1
1
1
1
5
1
1
5
1
1
2
2
1
1
1
1
1
1
5
2
1
1
3
1
8
1
2
1
2
1
1
5
2
1
1
1
116
1
10
8
1
3
1
3
1
21
15
1
1
1
1
1
2
2
5
5
3
1
2
1
160
4
1
2
13
1
3
1
1
1
1
1
1
2
1
1
2
10
165
2
2
1
2
2
1
6
5
2
168
6
1
1
1
1
1
1
3
1
5
2
1
3
1
1
13
30
79
70
72
1
1
2
1
1
3
1
1
1
1
1
2
12
1
8
3
29
1
1
1
1
1
1
1
1
1
2
13
3
4
1
3
1
1
35
1
1
1
1
1
1
18
1
3
1
1
1
2
1
4
1
1
1
2
1
6
2
3
1
7
18
2
3
2
1
1
2
1
1
1
4
1
1
2
1
1
2
2
450
3
5
1
1
1
2
3
1
3
30
1
5
1
2
3
1
2
3
1
2
1
1
9
12
1
1
49
1
1
216
4
1
16
5
10
21
1
1
1
1
1
1
1
1
1
6
8
2
1
1
3
10
2
12
1
29
1
4
16
1
4
1
1
1
1
1
1
3
8
1
1
1
2
1
2
41
1
2
2
1
2
1
1
2
1
5
3
8
3
2
52
1
1
1
24
8
1
1
1
1
1
12
19
1
1
1
4
1
7
1
1
43
21
1
27
1
1
12
11
1
1
2
8
1
4
1
1
12
2
3
1
10
2
1
1
6
1
374
1
1
1
1
1
1
1
1
1
8
1
2
2
2
1
1
1
1
1
1
1
1
1
1
1
1
2
17
6
16
2
1
1
2
4
1
1
1
1
1
2
2
18
2
1
10
2
103
1
1
1
2
167
10
1
1
1
2
1
1
3
1
1
1
3
1
1
1
1
1
1
1
1
13
11
103
4
1
1
1
1
1
5
1
1
37
1
1
1
1
2
10
1
2
1
2
1
1
1
3
3
1
9
4
1
1
1
1
1
49
1
1
1
1
1
1
1
1
1
2
1
1
17
1
1
4
446
1
1
31
6
9
1
34
7
217
1
11
15
36
10
50
1
90
12
5
22
15
4
78
1
2
3
2
23
15
11
1
1
3
4
1
12
1
3
1
1
4
2
19
1
27
2
64
17
21
14
1
29
4
29
23
4
10
42
8
11
6
15
1
1
82
8
1
3
4
14
239
1
2
1
2
1
1
1
63
4
7
1
4
1
1
13
14
1
19
28
2
88
2
1
1
26
8
29
26
1
2
1
1
12
1
1
24
47
2
24
1
3
18
5
2
1
5
12
144
2
1
7
34
2
47
4
2
12
1
2
11
3
2
8
1
1
1
4
1
1
1
1
1
73
17
6
1
1
1
3
1
10
1
1
1
5
3
2
1
1
4
25
3
7
2
6
1
1
1
1
1
1
96
1
3
1
65
12
1
1
1
6
3
1
4
5
6
1
5
2
1
24
6
4
3
17
1
2
1
4
40
2
1
9
1
2
2
1
7
1
1
1
1
1
1
1
2
1
1
9
1
3
3
11
1
1
2
1
1
10
1
1
146
1
5
1
5
1
1
1
307
1
1
2
2
1
1
1
1
3
1
2
1
1
1
2
1
2
1
2
2
1
2
1
1
85
1
2
1
1
1
1
1
1
1
1
3
1
11
2
10
1
1
1
2
1
43
1
295
2
2
2
1
1
3
1
1
1
1
12
1
1
6
1
1
3
361
1
1
1
1
1
1
21
1
1
1
1
16
3
8
10
13
1
2
2
1
419
2
2
2
2
15
18
4
3
1
1
3
1
1
3
1
1
1
1
1
6
8
2
1
1
1
1
1
3
5
6
1
1
1
10
1
1
2
5
1
4
11
1
19
1
5
1
1
1
5
15
2
1
1
1
1
94
1
5
3
1
1
29
27
9
15
2
3
3
1
2
13
4
7
2
3
15
1
4
1
6
1
1
6
8
8
1
1
2
1
1
1
2
1
4
5
1
29
1
1
1
1
1
1
7
2
1
1
26
5
1
5
3
49
11
2
19
2
91
9
17
1
4
8
1
1
1
1
1
1
1
1
1
1
159
1
1
1
1
1
2
3
6
12
2
3
1
27
2
1
1
3
2
1
8
1
1
1
7
7
4
4
1
3
1
1
1
1
1
10
5
14
77
1
1
1
261
28
12
34
2
1
2
14
14
2
56
27
7
1
1
5
43
18
9
5
17
37
40
46
1
9
4
1
2
1
2
5
8
1
1
1
3
4
1
4
129
1
1
1
114
297
15
1
1
6
11
4
4
2
1
2
1
2
1
8
6
2
1
2
1
1
1
1
1
3
1
2
1
1
1
2
1
1
1
1
1
1
4
1
1
1
9
33
58
2
14
2
3
2
1
1
1
1
1
1
1
3
5
1
2
1
2
4
20
1
4
1
2
2
3
1
39
133
23
79
2
1
1
1
1
1
40
22
21
2
78
79
1
33
4
1
1
1
3
1
1
5
1
3
1
1
7
4
1
1
1
1
1
1
6
1
1
1
1
1
1
1
1
1
2
1
1
1
1
1
1
1
1
1
1
2
1
2
26
1
4
1
1
1
2
1
2
1
449
3
1
3
1
1
1
3
2
2
4
1
1
1
1
1
1
3
1
1
1
1
3
1
1
1
1
2
13
2
1
1
1
1
1
1
2
1
1
1
3
1
15
49
70
1
32
48
97
15
77
1
2
58
309
2
3
8
42
6
2
1
3
1
2
1
1
1
26
1
21
3
1
1
1
1
1
25
12
1
1
37
1
30
2
1
7
11
1
1
1
1
25
1
1
1
1
1
2
1
1
2
2
1
1
1
1
2
1
1
1
1
1
1
188
1
1
1
1
33
4
1
1
88
7
48
70
217
4
1
1
1
1
20
2
1
1
1
1
2
75
3
1
1
2
1
2
1
1
1
1
1
1
1
6
1
1
1
2
1
2
1
1
9
190
1
1
1
3
1
5
1
1
2
21
1
1
2
11
159
69
26
9
2
35
27
185
2
1
5
21
1
1
1
2
1
2
419
16
1
1
1
1
2
2
5
1
29
1
1
141
2
1
1
1
6
1
1
1
4
2
1
2
1
2
2
1
1
3
1
1
1
1
1
3
1
1
1
2
1
3
2
1
93
115
11
14
1
1
1
2
1
1
1
2
1
3
1
1
75
1
1
1
1
1
2
142
1
1
1
1
1
1
1
1
1
1
2
1
3
1
1
1
1
1
1
1
1
1
2
2
1
1
2
2
7
4
2
1
1
1
1
332
1
1
1
1
6
59
1
2
7
1
2
1
1
1
1
1
1
1
1
3
7
1
1
1
1
14
2
1
1
1
1
1
2
1
4
2
1
1
1
4
1
41
11
2
3
2
4
2
34
1
41
115
186
4
15
1
71
1
4
5
173
31
5
6
2
3
1
24
3
1
1
5
1
3
9
1
1
1
1
1
1
2
1
1
1
1
4
1
1
110
188
281
16
1
69
1
1
2
5
2
1
1
1
5
3
3
2
1
1
1
1
3
1
1
1
1
102
1
1
1
1
1
2
1
1
2
3
1
2
1
3
1
20
1
6
1
1
1
3
2
2
2
152
2
4
1
1
1
6
2
1
3
1
1
2
1
1
3
25
2
1
1
1
1
1
2
3
1
1
104
29
1
1
1
5
1
2
1
5
84
1
1
2
1
1
1
2
1
2
1
1
1
1
1
1
1
1
1
1
1
1
1
2
1
1
3
46
2
19
1
2
1
1
1
1
1
1
1
1
2
1
2
1
1
1
1
1
1
2
1
3
1
1
1
1
1
1
200
10
23
132
1
1
1
1
3
2
1
1
1
1
22
1
1
334
3
2
24
3
3
84
2
1
1
1
1
8
24
1
1
269
30
37
1
1
2
5
1
1
1
1
2
11
1
1
1
1
1
5
1
1
3
1
1
1
25
1
1
4
1
1
1
1
14
2
1
2
1
5
1
2
1
6
1
1
3
1
1
1
3
2
11
1
5
3
13
1
1
2
2
11
2
1
1
1
1
8
1
2
1
1
2
1
2
1
1
1
8
1
3
1
8
2
3
3
2
3
6
21
1
15
2
1
30
1
1
7
7
2
1
22
2
1
1
1
3
40
1
10
2
1
1
12
4
4
5
3
2
30
19
7
4
2
1
2
1
1
1
11
1
45
68
3
5
38
1
1
1
8
2
1
2
19
1
3
2
1
12
12
120
1
10
81
102
118
1
1
1
1
1
1
2
4
1
1
1
1
2
41
1
1
2
1
1
1
4
3
1
1
2
1
1
46
4
1
1
39
1
29
4
1
7
5
38
2
21
1
2
1
1
1
1
1
314
3
1
1
1
2
3
1
7
1
7
1
8
1
14
2
1
1
1
6
1
3
1
3
2
1
1
1
5
3
3
1
7
4
2
4
2
11
2
1
1
1
1
4
3
1
1
1
3
3
6
1
1
4
1
3
20
4
2
5
5
1
1
5
26
6
21
4
1
1
1
8
1
1
1
1
1
1
1
4
9
2
1
2
2
1
11
1
6
2
1
1
1
1
1
1
1
1
1
1
1
1
1
1
391
1
1
6
1
276
304
1
6
1
1
7
1
2
9
1
1
2
1
1
1
3
2
3
1
3
2
1
1
1
1
3
2
4
1
1
1
5
2
2
1
1
2
2
1
1
7
2
5
2
2
1
2
2
4
2
2
1
1
1
1
1
1
5
27
1
3
1
1
3
16
1
3
1
4
1
1
1
1
2
1
1
9
1
19
1
1
1
1
290
2
6
1
4
1
1
1
1
1
14
5
3
1
4
1
2
7
1
1
1
1
2
7
1
1
1
1
1
10
1
1
9
42
1
1
1
1
3
3
1
7
1
2
1
78
1
2
2
1
2
1
6
2
1
2
1
2
1
1
1
1
13
1
1
4
1
1
1
2
1
1
4
2
1
3
2
3
17
323
1
1
13
2
60
3
1
1
1
7
37
1
3
1
1
2
2
1
4
1
1
10
1
1
1
1
1
1
1
7
2
1
6
15
1
1
1
1
1
6
2
1
1
1
1
1
1
7
14
12
1
8
2
1
1
1
1
21
1
2
1
1
1
258
1
4
1
2
2
87
6
6
1
1
2
2
2
1
1
5
10
1
1
1
1
1
1
68
1
3
1
5
5
1
4
1
6
6
20
2
1
1
1
1
14
13
8
10
1
13
5
12
2
41
63
1
6
4
1
1
2
139
14
1
3
4
5
1
1
5
8
1
1
6
1
2
4
3
2
4
9
421
1
1
1
1
1
2
1
4
3
1
1
1
2
1
1
1
1
14
1
16
1
1
5
1
83
9
9
141
13
1
1
4
32
4
2
1
8
1
1
1
1
2
8
1
1
1
2
1
1
1
1
1
1
2
1
21
1
19
1
1
1
22
144
18
1
1
1
2
5
1
1
1
38
1
1
7
27
1
3
1
24
1
1
8
1
3
2
1
2
57
1
2
1
1
2
5
1
2
1
8
1
1
1
2
20
366
1
1
1
1
14
8
21
32
1
15
3
269
8
2
1
3
6
1
7
1
1
1
2
1
1
6
36
4
1
1
1
1
1
1
1
9
2
1
1
2
2
10
2
1
5
3
27
30
1
1
1
3
11
2
1
3
2
1
1
3
1
1
1
1
3
2
1
1
103
1
1
1
2
1
1
10
1
1
1
1
1
1
2
1
2
1
1
1
2
2
7
1
1
14
2
3
2
1
3
1
4
1
3
2
1
40
6
1
1
1
7
2
16
1
4
3
1
16
1
1
13
33
1
13
5
2
15
3
2
3
1
3
3
2
1
2
1
1
52
2
1
2
1
1
1
1
1
1
1
2
412
1
1
2
1
1
1
70
2
11
1
1
3
1
1
4
54
1
2
1
5
1
2
1
3
2
4
1
5
191
1
1
2
3
6
1
8
2
2
1
1
2
2
111
8
1
2
1
2
1
23
2
1
1
1
1
1
1
1
1
1
1
3
4
1
1
9
1
1
1
1
1
2
1
1
1
1
2
1
3
1
2
5
1
1
2
1
1
1
37
8
1
1
1
1
2
2
3
1
2
6
1
3
3
1
13
2
1
1
1
6
2
1
1
1
4
2
1
1
1
3
5
1
1
1
1
2
3
1
1
2
28
38
1
2
3
1
1
2
1
1
1
1
1
1
2
1
1
5
1
1
2
2
19
4
14
5
1
2
1
4
1
3
1
2
2
1
1
1
1
1
2
1
1
1
147
1
11
16
2
11
1
2
1
9
2
1
1
3
1
1
1
1
8
5
30
1
1
4
1
2
1
37
1
1
5
1
1
6
10
1
1
2
12
1
1
2
1
5
1
2
1
1
1
1
5
1
1
5
1
2
2
1
1
5
2
2
3
1
2
2
2
1
12
1
1
4
2
1
2
2
1
1
6
1
2
13
16
1
90
21
20
4
1
113
2
33
1
5
1
5
1
1
1
1
1
1
1
378
2
3
31
1
2
1
40
1
27
2
1
1
19
18
1
2
2
2
1
81
1
2
1
4
1
52
2
1
3
1
9
14
1
2
2
1
3
1
1
87
1
2
2
3
1
1
14
2
3
2
2
2
4
2
1
1
1
1
1
9
2
1
1
2
2
7
1
1
1
3
2
383
1
1
1
3
1
8
1
1
1
1
2
1
1
1
5
1
5
1
4
2
5
1
26
3
1
1
18
2
1
1
1
1
396
11
6
1
1
1
1
6
13
47
2
18
1
7
12
388
22
7
1
1
5
8
20
6
3
1
3
2
4
6
30
1
1
2
1
1
1
1
1
5
1
2
3
1
2
5
1
2
1
2
4
1
6
5
1
2
50
1
5
1
290
2
3
36
2
4
2
1
3
1
1
1
1
6
1
1
3
29
4
1
6
1
6
1
1
2
1
1
1
1
1
1
1
1
1
1
1
1
1
1
1
1
1
4
1
1
1
2
1
16
31
1
10
34
1
8
1
3
1
1
1
1
1
3
1
4
5
1
1
1
1
1
2
1
2
1
1
1
20
1
16
3
1
82
4
12
10
10
1
1
1
1
1
1
1
1
1
1
1
1
15
3
1
1
8
2
1
1
55
1
1
9
22
146
5
10
4
1
1
1
1
2
1
1
1
20
1
172
242
161
3
1
2
2
1
1
1
174
1
1
1
2
1
10
6
1
1
1
4
5
7
61
26
1
1
1
8
3
1
1
4
1
1
9
1
1
1
2
1
1
4
1
1
2
1
2
1
1
1
1
2
1
48
3
4
8
3
9
1
4
6
1
1
8
6
45
1
1
1
3
1
1
1
6
1
1
7
94
3
1
1
1
11
1
3
9
3
1
3
2
1
1
1
2
1
2
1
31
1
2
1
46
6
9
1
10
3
1
1
5
1
2
1
1
2
1
6
1
1
1
4
3
17
1
22
1
28
8
6
10
38
2
11
1
1
5
2
3
8
1
1
3
151
1
1
217
2
1
2
1
1
2
1
1
1
55
1
1
4
57
2
1
14
1
4
1
18
100
10
1
1
1
2
3
1
1
1
2
3
1
5
1
3
5
7
4
67
2
1
1
1
1
1
7
1
1
1
8
9
4
1
3
4
1
1
191
1
1
1
4
13
3
1
2
1
1
1
2
1
2
1
1
1
1
1
1
1
1
96
17
2
5
12
2
5
8
3
3
2
2
7
1
2
6
1
1
1
10
1
3
1
1
3
16
11
5
1
4
2
1
1
1
2
1
1
3
2
1
1
1
1
5
4
2
2
24
1
1
1
2
1
2
36
18
86
18
17
13
117
4
42
1
8
1
6
13
1
5
1
1
125
8
2
1
1
1
1
1
2
2
1
1
2
14
5
1
3
1
4
6
19
37
4
66
4
1
7
1
1
9
1
1
1
1
168
1
6
3
1
9
4
1
1
1
2
1
1
1
1
1
1
1
1
1
7
1
2
1
6
15
2
1
4
1
1
1
2
2
1
9
5
3
1
1
1
1
1
1
3
1
7
2
1
1
13
4
5
8
3
2
3
1
1
25
3
1
1
1
1
8
1
1
1
1
1
28
1
2
1
11
1
3
1
1
1
1
1
2
1
5
1
1
3
1
1
1
1
1
1
2
1
1
3
1
3
2
2
63
1
1
18
5
1
1
2
2
3
83
1
1
1
2
18
2
1
1
7
1
4
3
8
51
1
7
1
1
1
2
152
6
1
1
1
1
70
3
2
1
1
1
1
2
1
8
1
1
44
1
23
6
6
2
1
1
1
1
1
3
31
1
1
1
1
2
1
73
3
2
1
1
1
3
1
2
1
1
1
18
2
1
1
1
2
2
31
11
3
2
1
13
1
1
5
1
60
64
6
5
14
2
1
2
1
12
2
2
1
219
1
12
79
1
1
1
1
1
1
18
1
43
3
1
2
1
1
387
2
1
4
7
1
2
6
1
13
1
2
2
8
1
1
10
1
1
1
1
5
187
2
26
1
1
3
1
1
165
2
1
9
1
1
6
7
3
1
1
113
2
1
267
5
14
2
3
1
5
8
1
1
2
1
7
1
1
3
4
4
6
1
6
1
2
2
1
1
1
66
4
2
1
2
3
1
14
8
1
1
1
1
1
48
1
1
1
2
3
1
1
1
1
3
8
2
2
1
1
2
87
1
2
3
4
1
1
4
1
2
1
1
2
1
1
2
357
1
64
1
1
1
2
4
2
1
1
1
1
69
2
2
8
39
1
1
2
8
2
1
3
1
1
1
1
3
1
11
1
1
1
1
1
11
1
1
1
1
1
1
4
2
2
1
1
2
1
3
1
3
9
2
10
1
4
1
1
2
8
9
4
2
10
2
25
2
1
1
15
19
2
10
2
1
56
1
21
29
9
37
1
2
2
3
3
2
2
200
1
3
1
1
1
1
18
1
5
2
2
1
1
1
1
13
5
4
5
9
3
1
4
2
1
1
1
2
1
1
1
1
53
10
1
1
1
1
2
1
2
1
201
1
1
2
19
4
3
1
1
1
5
1
3
4
5
1
3
2
2
1
8
1
1
1
4
1
1
2
1
1
1
6
176
4
4
1
2
1
5
17
2
1
1
1
1
1
140
2
1
4
1
1
16
3
2
1
23
22
5
30
1
2
1
1
11
2
1
3
2
1
3
35
15
1
20
1
1
2
3
1
1
4
13
4
5
7
6
15
5
8
1
9
1
4
1
4
3
1
5
7
11
1
12
23
20
1
10
1
1
16
154
20
2
1
1
1
1
1
1
1
10
1
1
4
2
3
1
3
2
1
1
12
1
1
143
4
1
2
1
1
1
1
1
1
1
1
1
2
4
2
1
1
1
1
1
1
3
3
9
148
18
1
1
1
20
1
1
1
2
84
1
12
1
2
55
1
1
1
1
1
3
3
1
1
2
1
7
2
1
2
1
9
1
1
1
1
1
2
1
5
6
9
1
1
2
1
1
1
2
6
3
1
3
1
1
3
2
1
1
1
7
3
1
2
5
2
1
1
1
2
1
2
9
1
1
5
26
5
16
1
1
2
6
4
1
1
2
3
2
1
2
4
1
8
10
3
2
1
1
5
12
1
2
4
1
1
1
11
1
2
1
1
1
1
6
5
3
1
1
1
1
1
1
4
4
4
9
1
50
3
2
46
5
1
1
168
4
1
1
3
1
40
2
1
40
1
1
1
10
8
1
1
1
3
2
4
2
1
1
1
1
124
1
1
1
1
1
1
23
1
2
1
1
1
1
1
1
280
1
1
1
1
5
8
2
1
1
1
2
3
3
3
1
3
1
1
4
1
1
1
32
1
1
2
1
2
1
1
1
2
1
1
1
3
1
1
7
6
1
1
1
3
1
2
1
1
2
1
2
1
2
13
1
1
1
1
1
3
87
1
1
1
6
74
1
3
2
1
12
3
5
1
1
1
5
1
1
1
2
1
1
1
5
1
2
9
4
3
1
2
3
2
2
1
1
1
1
6
1
1
1
395
6
2
1
1
4
1
2
1
1
1
1
2
1
4
2
1
4
1
1
1
2
2
1
3
1
54
2
1
3
81
1
7
7
3
2
1
1
1
1
9
2
1
1
1
1
1
1
1
1
24
99
2
1
1
1
1
1
4
1
1
1
1
2
5
13
2
1
5
1
1
1
2
61
1
6
1
263
1
6
1
1
1
7
15
1
22
9
3
1
2
14
1
262
1
1
2
1
1
1
1
1
23
7
21
30
1
1
5
1
1
1
2
18
11
1
1
2
12
1
10
1
3
1
1
2
3
1
373
5
1
17
1
1
1
11
7
1
1
1
2
1
2
7
1
1
8
8
10
1
1
1
5
1
7
10
159
1
1
7
2
1
1
4
124
1
1
1
1
1
2
1
1
2
1
1
1
1
1
2
3
1
8
1
4
8
2
1
1
2
1
3
1
1
3
1
1
1
1
2
1
1
2
2
3
1
1
7
2
1
1
1
1
1
1
6
15
3
1
1
1
1
1
1
1
7
1
1
4
1
1
2
1
1
2
1
7
6
2
56
1
1
8
213
1
1
2
193
4
4
1
1
1
68
