1
1
23
8
5
30
1
1
28
2
1
99
3
104
2
17
12
7
42
10
11
1
15
35
11
12
6
1
285
22
12
35
19
21
5
169
2
5
4
3
35
22
13
18
12
6
2
2
22
9
26
26
8
9
20
199
1
168
4
6
84
41
248
1
35
52
37
5
110
14
26
1
9
2
3
2
29
203
2
1
1
15
203
3
48
41
2
3
7
3
2
21
4
25
293
2
7
28
57
41
14
1
2
31
32
3
5
97
107
9
2
1
13
55
216
20
3
102
24
33
9
7
13
15
10
49
33
2
5
2
1
10
10
60
9
1
4
10
15
4
2
11
1
52
91
1
7
1
76
15
126
3
10
4
8
3
24
26
4
66
2
259
21
46
1
40
13
287
18
47
11
41
22
8
8
35
3
31
48
3
4
43
65
162
10
17
17
25
3
48
42
3
26
2
156
16
14
46
13
12
186
3
6
2
26
6
37
181
2
2
46
31
24
21
11
47
10
23
31
3
11
10
3
9
10
126
20
48
5
26
57
2
10
13
30
4
7
11
5
10
5
3
1
11
38
9
2
29
3
1
56
16
81
82
15
203
50
7
137
3
2
2
4
1
5
23
24
38
1
6
10
17
18
12
1
12
60
10
2
48
13
43
5
4
227
2
29
7
3
1
3
1
7
41
75
8
48
1
4
20
2
2
2
9
7
129
16
17
16
4
13
49
70
122
16
86
5
3
7
12
13
5
2
13
33
13
10
1
44
5
1
2
3
189
68
1
5
3
2
1
1
2
71
5
2
45
4
2
33
7
5
7
114
41
1
8
68
17
53
143
2
71
1
3
1
3
1
21
1
39
57
2
2
11
163
6
34
209
24
63
19
1
34
5
7
21
1
3
1
4
2
5
1
2
27
3
2
95
9
35
51
1
3
73
9
13
57
8
22
1
8
9
215
2
3
5
2
5
2
3
20
142
26
93
86
18
26
3
29
55
54
1
11
25
15
3
1
11
1
12
8
25
6
34
4
8
15
168
15
7
2
16
4
8
28
1
1
148
26
30
2
17
25
1
21
1
53
37
5
1
78
5
5
3
15
12
230
17
2
2
3
7
38
262
58
2
24
6
9
26
2
164
14
114
21
22
31
12
2
11
4
2
22
4
1
161
277
24
3
3
4
34
6
1
17
34
43
1
1
350
2
32
5
1
3
164
56
1
2
71
42
318
8
2
161
8
2
18
8
208
1
7
18
66
1
18
7
2
8
21
2
22
8
3
16
2
154
3
2
2
160
1
37
16
6
52
4
11
13
14
55
6
9
72
4
62
23
85
144
11
26
18
25
6
14
9
48
2
194
202
1
11
1
2
3
4
2
16
45
37
5
4
87
128
3
167
28
25
5
54
16
43
1
146
1
8
8
2
2
28
25
2
4
160
28
3
62
219
106
13
74
3
3
34
4
3
3
7
51
2
9
2
5
32
62
174
10
8
6
1
9
13
2
1
13
2
31
53
4
80
10
28
174
47
328
149
1
20
1
1
5
54
13
21
4
82
281
2
2
1
21
2
3
30
14
61
8
12
6
109
30
1
2
3
1
9
3
2
63
57
11
48
5
1
148
32
11
1
2
19
20
39
2
23
39
6
9
22
6
25
87
12
2
1
5
1
2
9
7
7
14
149
48
95
1
17
4
38
99
9
3
2
11
55
14
6
1
164
69
166
2
2
44
120
1
6
2
1
61
2
4
2
52
2
7
1
9
24
37
3
6
25
18
16
70
137
2
49
25
1
101
3
2
14
112
12
6
41
29
22
2
10
31
2
15
1
2
5
6
1
2
269
13
7
28
10
199
1
106
3
4
11
172
38
4
62
14
105
4
7
3
3
100
1
12
6
13
2
23
5
4
2
12
11
17
12
41
2
17
3
61
1
124
20
5
12
4
11
6
5
72
57
1
56
40
12
39
9
4
17
6
1
8
1
23
56
30
16
8
8
1
18
16
84
18
1
37
18
2
1
7
212
2
15
1
13
85
9
87
10
142
11
21
115
100
90
15
24
4
4
2
20
45
1
35
2
2
1
1
2
8
5
8
46
18
3
1
16
4
1
34
14
25
71
3
4
4
19
227
13
7
21
156
109
51
15
55
11
8
4
7
14
16
17
16
7
2
4
12
11
29
25
11
13
59
4
9
1
20
1
13
9
4
10
3
18
47
4
174
29
2
183
3
23
12
132
17
44
28
237
46
1
30
48
18
137
6
17
6
23
153
10
1
2
22
2
10
6
4
61
152
20
17
329
136
283
342
7
50
2
1
7
198
4
140
5
11
7
5
226
34
16
16
156
8
8
14
1
27
5
66
1
54
1
2
11
2
87
1
42
25
13
43
3
74
58
95
305
31
2
2
1
1
6
2
170
26
23
23
190
23
9
20
2
59
86
1
1
19
7
7
11
13
5
292
106
7
67
11
1
22
7
1
1
92
3
1
1
220
3
21
47
5
6
2
36
130
1
3
37
11
13
40
54
50
2
5
14
20
34
38
1
1
10
6
33
56
3
3
9
33
2
22
4
30
11
17
10
8
150
4
5
4
3
2
138
161
1
1
14
1
6
31
3
13
5
40
25
45
5
6
1
20
2
112
315
17
12
159
79
2
4
8
1
116
4
3
3
39
23
14
6
3
10
9
2
7
18
9
2
31
7
1
147
47
28
37
118
255
60
22
35
100
42
3
13
8
4
113
7
44
10
18
1
2
28
19
64
1
141
19
14
5
29
5
13
1
1
1
3
3
41
1
21
4
2
73
9
34
26
42
1
1
1
2
31
38
6
73
320
23
28
2
3
20
62
9
16
2
4
53
17
30
8
2
51
2
2
18
2
5
151
28
1
9
23
1
39
13
100
3
3
167
1
71
3
9
64
3
1
21
3
25
18
1
118
5
1
1
1
1
109
30
51
2
4
9
19
327
3
39
4
18
14
3
24
30
85
15
2
2
13
9
10
36
6
225
5
46
56
4
31
1
27
20
29
127
7
125
2
1
4
7
217
11
7
1
6
12
3
15
90
8
3
6
34
7
16
4
69
7
27
1
22
7
3
324
14
34
239
22
14
7
57
4
1
32
4
1
3
31
79
2
98
2
8
117
13
19
37
19
2
27
61
7
7
227
1
117
2
16
8
94
2
174
4
15
64
21
11
2
7
2
36
53
4
44
33
33
72
3
105
64
9
155
3
191
51
9
5
56
1
2
2
7
5
5
3
13
3
4
1
2
25
1
9
4
1
2
32
1
289
94
3
2
1
102
1
46
5
333
26
14
67
58
4
3
26
24
15
1
41
5
21
2
30
12
6
85
34
30
29
9
1
8
9
112
8
110
47
63
7
40
1
172
6
2
17
9
126
303
2
1
7
1
36
4
11
4
7
4
6
2
2
50
4
60
5
51
1
16
54
11
3
19
14
14
197
1
5
101
2
2
15
7
8
1
20
1
34
93
5
1
4
2
19
58
21
1
12
4
6
19
6
3
15
5
73
6
26
1
10
10
21
1
7
2
5
106
11
85
2
11
126
2
26
4
10
25
47
2
5
102
285
4
2
90
3
17
3
145
7
35
11
234
40
9
47
36
185
1
6
3
15
22
2
6
18
3
118
41
68
10
230
7
9
3
12
4
300
18
22
138
2
5
48
60
1
15
5
111
5
31
12
1
1
17
10
1
2
66
188
13
4
5
13
2
10
36
1
24
25
5
8
119
60
1
25
7
35
17
3
10
23
8
1
23
4
20
1
13
3
2
45
1
6
9
14
136
7
49
84
11
15
21
12
112
2
46
18
27
18
2
26
90
15
13
1
3
233
9
65
1
3
12
13
5
4
5
1
1
14
10
11
23
4
176
36
2
2
173
2
42
44
16
149
79
37
2
2
1
173
27
23
235
26
1
2
25
5
3
59
1
3
3
1
52
2
77
23
19
3
12
21
49
11
19
7
2
4
95
1
9
2
8
2
66
2
4
278
1
125
3
35
1
4
20
4
11
77
12
127
1
1
1
155
13
10
362
32
29
16
22
117
3
7
53
151
6
5
7
78
27
43
3
1
23
23
2
34
21
8
35
2
2
71
1
5
19
46
2
31
15
38
1
179
60
31
187
2
13
31
10
1
39
12
8
133
187
9
1
2
52
2
172
24
20
1
144
36
212
34
8
11
6
131
2
10
12
15
2
285
63
13
14
5
7
7
1
13
13
12
2
203
34
1
76
1
2
181
20
1
48
2
3
29
6
1
1
40
6
17
2
1
7
14
291
2
11
2
15
16
175
2
2
1
75
35
2
6
2
4
114
61
1
31
5
37
4
12
5
6
17
51
8
3
6
30
43
109
48
33
13
18
4
176
2
3
5
18
305
53
9
39
81
12
31
42
37
2
34
16
26
91
2
1
4
171
8
1
13
4
43
1
25
15
12
14
1
3
23
110
60
4
1
77
13
14
3
20
123
2
1
21
20
2
21
4
3
16
1
9
105
2
1
