2
80
174
32
42
2
6
111
15
12
6
2
5
3
27
2
4
44
3
1
6
5
2
4
1
8
126
6
6
1
11
2
46
15
2
20
52
4
2
25
15
13
3
2
2
5
12
18
1
3
107
10
9
2
34
2
152
4
33
2
54
1
6
1
17
16
4
57
10
120
34
1
91
4
3
14
4
51
31
10
8
35
2
4
107
4
8
36
19
2
10
6
16
1
32
9
1
23
7
2
4
10
7
11
3
1
9
11
218
58
54
7
116
18
3
30
14
1
36
7
1
18
14
129
29
4
163
2
164
3
118
12
13
8
4
2
32
49
4
146
3
101
2
8
3
29
40
113
1
4
46
5
100
34
1
2
17
49
1
106
44
2
1
31
25
1
1
3
19
2
1
50
2
2
13
46
87
12
5
8
2
8
109
9
2
75
33
1
3
70
15
2
20
2
3
1
7
12
20
1
5
4
1
41
1
1
2
84
25
2
9
1
8
2
18
6
1
2
1
26
3
4
5
23
38
2
1
2
2
2
5
1
36
2
23
1
20
2
2
11
19
5
1
107
3
17
18
3
2
3
1
2
2
5
1
6
5
10
1
2
110
2
10
3
3
1
69
27
9
10
2
1
4
1
8
45
2
2
1
2
24
3
15
8
22
2
3
1
4
10
5
55
1
5
137
4
60
7
3
30
6
3
134
8
5
30
3
6
6
4
18
2
4
1
29
4
2
2
2
189
3
4
3
2
15
9
5
10
2
1
1
1
1
3
115
15
5
2
5
4
15
3
131
2
12
19
3
3
3
2
2
2
2
42
2
1
2
1
3
1
46
2
2
1
173
83
14
1
7
1
25
29
54
7
3
3
4
2
8
5
2
7
15
3
63
1
2
2
6
1
14
6
1
13
1
12
9
18
73
4
124
4
3
1
5
12
3
6
4
1
152
7
22
16
7
2
3
1
21
89
5
5
2
43
13
2
2
5
11
2
7
49
1
33
110
1
14
8
7
5
31
37
8
6
27
35
6
3
1
2
1
5
3
29
5
3
2
2
8
27
28
7
4
17
1
2
15
2
12
3
4
164
2
1
2
2
20
2
15
2
4
29
9
3
11
12
1
2
13
2
4
6
2
8
1
12
8
2
30
17
1
1
5
11
12
5
5
2
17
2
2
10
10
1
4
5
4
7
4
1
25
6
4
25
2
5
5
2
3
5
2
31
2
23
4
9
7
1
53
1
3
2
81
12
3
11
3
9
1
1
1
9
3
2
2
6
9
6
1
1
4
4
2
14
5
4
2
1
1
5
7
16
6
3
7
8
9
3
2
101
2
68
3
13
8
27
168
47
16
6
33
3
4
33
53
3
5
4
36
21
16
3
2
10
17
1
6
18
2
1
7
5
1
9
4
1
35
103
3
19
1
24
32
1
20
25
19
16
49
11
9
100
8
22
7
1
10
39
1
32
18
13
13
2
1
1
2
17
1
40
10
31
6
5
10
2
26
1
11
11
50
2
19
3
38
40
22
14
2
10
13
18
22
3
3
7
19
10
19
45
39
31
1
42
15
18
1
3
5
29
1
1
7
20
1
1
181
5
13
3
11
3
1
32
10
1
10
2
16
3
42
18
4
5
36
18
8
1
5
2
32
2
5
11
4
3
2
17
11
4
3
10
20
2
7
50
6
9
22
9
1
5
8
2
8
6
15
23
1
6
8
17
21
11
1
4
22
10
2
5
2
6
3
25
10
26
27
37
7
29
3
4
3
15
2
16
16
132
18
22
33
2
6
33
2
79
89
24
4
4
5
1
5
17
4
1
10
8
23
1
4
2
18
16
15
14
34
45
22
45
7
8
2
179
6
9
1
1
25
6
55
1
120
14
1
11
3
8
3
18
2
42
36
12
1
6
16
1
8
12
3
151
91
16
35
2
7
35
40
110
15
4
18
26
14
9
138
29
3
21
2
6
17
12
12
4
16
10
33
5
9
8
12
6
88
5
41
40
117
2
16
14
10
16
83
9
2
61
11
28
22
6
50
35
27
65
