17
4
2
139
2
12
69
24
39
5
1
106
19
5
5
5
5
30
1
7
4
1
27
10
5
2
13
2
6
14
3
9
4
43
17
8
4
35
13
12
1
1
1
3
2
1
21
4
4
23
2
1
20
128
1
3
1
5
6
2
26
4
5
47
10
3
3
1
19
5
2
2
3
18
67
1
1
31
10
111
1
2
129
6
54
13
97
4
9
3
89
12
20
44
2
1
47
27
6
1
4
6
64
1
51
11
9
8
16
1
1
1
68
114
3
42
13
9
40
13
1
14
6
6
3
90
2
2
28
1
1
18
13
25
32
1
36
31
3
2
29
79
30
17
7
1
1
3
120
22
10
29
30
52
1
7
105
24
3
1
1
33
11
1
4
2
4
5
1
1
15
3
78
51
2
7
2
2
26
1
4
4
2
2
2
6
10
21
4
18
131
1
37
5
1
81
12
27
1
33
29
4
1
16
1
8
19
58
19
28
31
61
3
2
3
7
3
16
17
45
1
12
57
2
5
71
79
27
3
4
7
2
2
26
51
5
4
2
67
1
1
27
4
3
2
12
7
1
1
1
1
2
197
1
95
1
19
11
8
1
2
10
3
10
1
112
9
2
1
1
1
18
1
3
1
1
87
5
139
5
3
4
1
3
42
185
1
32
5
19
21
34
8
1
1
52
11
10
3
8
1
1
2
12
1
3
4
2
84
39
1
12
18
5
7
6
1
48
12
1
14
18
2
60
1
13
3
80
18
3
43
4
2
2
4
68
62
47
14
2
10
54
71
6
9
34
130
5
15
1
1
11
7
3
2
1
1
1
4
7
3
2
3
2
6
3
1
2
31
24
6
1
8
3
2
11
37
3
28
135
3
80
11
9
7
94
5
40
12
3
3
26
2
171
8
1
3
7
36
1
2
2
2
281
4
6
89
71
2
1
25
19
9
88
3
3
3
8
6
71
12
12
2
1
16
2
8
72
2
1
1
30
11
1
21
8
3
2
1
6
8
21
8
2
10
118
8
2
3
12
18
16
1
3
2
121
46
1
1
4
13
110
20
2
5
1
24
38
49
3
22
245
1
5
12
3
43
3
37
1
20
1
13
66
26
5
2
1
2
1
7
12
45
8
45
5
24
39
8
1
15
84
1
9
13
13
38
10
192
3
4
10
9
2
2
7
23
27
26
12
5
1
252
2
54
6
2
253
27
3
57
7
15
5
18
10
200
3
11
34
43
72
4
10
57
218
5
27
23
1
3
28
38
107
22
3
69
23
2
3
10
1
15
20
4
10
32
4
1
1
2
36
2
2
4
2
18
4
60
22
91
10
3
2
7
47
11
4
3
8
31
68
68
21
15
8
4
26
180
7
9
2
127
2
17
2
2
3
3
2
6
77
71
13
2
5
4
6
20
91
7
1
40
9
2
18
2
5
2
9
8
1
26
5
7
13
28
1
10
1
25
4
3
1
1
8
3
2
3
1
32
2
22
78
4
15
74
3
3
3
17
15
22
1
14
13
2
1
17
14
16
5
6
5
1
112
1
2
3
1
40
1
3
45
39
8
232
2
10
7
2
1
6
16
4
9
7
55
1
82
42
5
5
119
3
17
2
41
2
4
1
10
4
9
1
7
96
26
64
44
12
3
10
10
5
13
7
57
10
13
10
85
1
17
1
2
8
19
6
24
4
4
27
18
24
1
2
4
4
30
1
50
63
2
2
1
27
30
2
9
8
2
7
1
34
8
34
246
10
40
107
1
1
66
7
24
42
165
2
12
2
46
27
13
8
1
1
21
5
14
3
9
32
14
118
1
21
7
19
58
2
5
9
9
1
94
6
8
13
35
1
5
123
7
5
64
3
3
7
5
75
2
2
4
94
9
1
4
43
7
5
2
4
3
4
3
87
13
5
28
3
5
12
73
52
1
19
11
4
2
226
56
23
6
2
1
5
10
2
18
1
35
33
141
26
13
37
38
4
2
4
30
37
23
14
50
22
8
126
76
13
2
5
16
10
30
2
2
1
2
1
1
2
4
3
78
58
1
52
13
2
22
1
4
10
48
18
16
2
10
5
24
42
34
2
5
4
54
85
2
2
36
12
19
5
8
4
5
104
13
106
24
8
68
34
36
7
5
13
3
2
14
5
196
35
48
4
25
2
11
91
1
1
6
2
239
3
9
5
4
43
11
7
36
13
9
1
1
48
5
12
31
20
28
22
18
17
15
3
18
159
80
5
31
23
1
13
5
6
2
2
3
2
31
7
1
3
6
15
4
1
1
94
3
57
1
97
28
3
16
1
147
1
137
2
2
2
88
36
54
60
2
22
1
88
2
3
11
8
75
1
6
17
1
41
10
8
78
8
68
45
19
19
4
21
4
104
1
7
1
54
2
4
39
1
4
101
2
26
9
4
11
8
28
4
1
67
11
72
20
12
39
1
3
23
46
32
88
23
3
5
6
2
5
5
1
8
24
55
27
6
1
59
4
1
5
2
8
48
2
12
2
1
136
122
58
7
111
2
20
102
29
7
2
2
19
3
11
5
6
2
2
28
14
13
6
10
2
2
64
2
23
3
1
3
73
1
3
1
40
11
2
1
31
8
38
4
121
3
1
20
22
2
3
17
5
4
5
3
20
1
22
2
7
2
10
2
4
14
53
6
6
8
4
3
12
55
21
11
1
35
57
47
20
2
42
5
20
15
44
7
10
4
7
4
4
4
1
6
30
38
7
1
1
45
21
128
53
5
11
7
69
3
17
4
43
10
12
16
6
37
11
78
19
27
22
2
5
80
5
2
10
86
3
6
42
3
18
4
73
4
8
2
6
40
46
2
1
6
2
5
9
1
11
2
2
2
64
18
52
7
54
8
29
2
12
30
1
39
2
1
1
3
2
1
8
29
6
237
37
2
68
2
10
12
9
7
46
12
68
6
51
3
1
43
35
252
23
3
1
12
6
13
9
53
14
6
103
12
54
2
75
1
39
18
1
14
1
72
37
20
9
3
1
13
1
76
4
8
89
1
1
41
3
1
1
2
68
7
11
4
2
88
20
3
3
42
17
10
6
3
9
2
2
3
31
11
23
2
32
4
5
103
6
2
32
1
2
5
46
40
22
2
3
61
6
19
8
2
1
4
2
10
1
5
18
2
1
16
5
6
97
34
12
39
7
6
25
7
1
1
2
1
5
2
4
16
2
15
1
19
1
29
6
9
2
26
52
8
1
2
8
2
11
9
7
3
44
2
6
39
31
4
6
26
15
8
1
5
2
43
37
4
48
1
2
1
3
95
5
7
8
53
96
2
49
11
7
1
39
2
1
4
13
68
34
21
40
3
1
24
16
13
54
8
6
1
1
13
96
1
2
1
11
13
5
8
3
2
12
3
10
23
1
2
38
12
5
2
2
1
3
19
8
32
3
84
2
93
22
1
3
1
42
52
7
4
24
30
20
13
14
5
1
29
5
6
19
6
13
2
3
46
2
161
34
3
2
2
24
2
9
4
3
111
2
77
6
29
18
12
1
2
18
1
10
1
3
43
36
11
127
7
2
1
59
49
9
153
2
12
6
2
4
1
6
5
1
4
8
10
4
19
8
24
1
1
6
45
2
3
11
23
2
69
8
2
5
2
68
12
23
4
3
10
36
13
1
22
20
29
46
1
15
11
2
9
89
2
22
2
4
54
24
2
57
1
7
1
9
3
52
1
14
39
7
15
72
4
2
3
40
2
36
4
13
23
83
2
81
1
1
3
6
17
21
23
9
1
3
117
14
6
112
35
6
8
103
9
15
40
170
19
2
2
4
2
16
6
18
14
1
18
11
4
2
43
2
9
3
59
2
15
10
3
113
72
103
33
4
18
3
1
1
2
17
69
1
28
25
13
14
11
3
38
4
6
3
9
46
3
4
98
77
1
204
1
18
1
13
52
13
15
90
1
4
1
14
3
13
1
1
2
5
36
7
4
6
5
7
1
6
15
23
1
121
48
1
1
10
9
7
1
4
1
106
2
6
34
32
80
16
4
12
56
2
35
3
1
34
6
103
14
1
11
16
26
9
1
119
5
56
100
6
1
1
1
172
7
7
7
4
1
3
19
1
106
84
41
7
15
39
14
4
2
68
2
23
13
56
74
2
11
5
7
2
3
49
23
36
8
20
10
39
3
55
4
2
3
9
24
3
13
1
1
20
4
15
4
4
247
6
3
6
