1
2
2
3
3
3
8
13
4
17
7
13
2
2
2
3
30
2
22
4
37
58
3
4
5
4
21
32
22
1
33
1
8
2
1
1
1
4
1
4
2
5
1
12
5
1
1
12
14
1
10
1
16
3
3
20
5
11
1
1
2
5
2
1
46
6
1
49
1
2
24
7
2
21
1
1
1
75
51
13
7
5
2
7
5
5
2
1
4
4
23
3
3
148
3
7
1
1
53
6
2
1
2
5
5
4
3
1
16
3
1
9
5
12
3
11
7
17
1
1
3
3
7
23
7
7
3
10
1
2
23
2
4
1
7
3
1
3
2
3
23
1
1
3
89
2
7
7
12
1
7
3
3
2
2
1
1
20
3
1
16
5
3
1
8
2
1
1
1
11
4
8
3
8
1
24
14
2
4
1
1
36
1
19
3
1
4
29
5
29
1
3
1
1
3
4
3
6
11
1
16
4
1
1
1
8
2
6
1
5
10
2
33
3
5
4
2
3
1
9
1
2
11
10
1
31
3
9
2
1
1
11
4
1
55
3
5
3
1
1
3
12
33
100
3
1
6
5
4
9
14
1
1
5
12
3
3
2
18
2
12
110
2
10
1
23
62
8
5
3
2
2
4
3
2
6
4
3
2
5
7
4
40
1
37
2
2
3
2
6
9
1
3
1
1
1
1
1
68
14
2
6
4
1
2
34
6
3
4
21
2
1
4
10
5
1
2
13
29
3
4
2
8
3
14
1
3
33
1
6
2
6
7
7
2
4
2
13
1
84
2
2
3
6
5
1
11
1
15
8
6
17
6
10
48
2
5
1
12
1
4
1
3
5
6
5
72
30
21
18
2
2
12
4
84
6
5
12
2
2
9
1
13
2
1
1
6
1
1
85
19
4
22
6
1
1
53
119
142
8
48
4
20
3
3
6
58
10
2
2
22
13
3
2
3
3
4
1
1
3
3
1
26
3
4
2
6
4
13
4
1
5
3
15
1
9
14
5
2
1
20
2
1
3
3
3
2
3
1
1
2
20
4
2
44
10
10
2
1
1
1
4
2
2
4
2
4
3
7
22
5
43
1
1
2
6
1
44
27
2
5
2
2
1
4
21
6
4
9
14
22
7
4
21
1
13
23
6
94
36
6
11
22
2
15
8
1
5
12
3
7
3
10
45
2
3
10
5
12
12
94
26
7
3
13
1
1
2
2
14
28
32
2
22
1
3
4
10
15
2
1
84
1
8
11
6
25
14
1
1
1
13
5
1
33
41
19
6
5
1
2
2
147
1
2
2
6
12
1
1
2
3
15
2
6
35
3
1
19
7
2
5
3
1
3
6
13
2
1
6
29
1
1
11
3
1
27
34
21
1
12
5
2
1
2
10
1
6
1
12
4
1
10
34
17
9
3
1
1
5
2
1
8
2
5
2
1
2
4
1
5
2
1
1
2
3
1
3
1
3
2
3
1
3
5
48
7
1
2
4
10
3
6
2
1
1
7
3
24
8
23
15
1
10
2
1
5
2
1
2
10
2
21
3
1
1
6
10
2
2
1
3
1
5
12
2
42
1
5
1
1
21
9
5
4
4
2
3
5
1
2
5
18
16
1
1
1
18
3
1
3
1
2
8
1
1
11
10
1
2
12
4
28
3
3
17
13
2
15
3
12
3
66
2
20
2
80
6
2
2
4
2
2
5
1
1
7
1
7
3
6
2
11
23
1
48
2
23
2
2
18
1
1
29
2
4
3
2
1
2
5
1
2
5
68
19
5
2
65
4
3
1
1
3
10
1
32
19
6
4
1
25
4
3
1
7
8
1
5
5
4
10
2
1
1
2
12
6
23
5
5
2
1
1
5
1
3
3
10
1
2
1
69
5
10
3
1
3
41
1
8
5
3
2
3
1
9
2
8
2
3
2
1
13
8
3
2
2
1
3
4
28
147
5
1
3
2
42
4
16
30
32
2
8
2
3
17
5
1
4
2
5
10
4
3
4
3
22
10
1
5
87
3
1
2
4
5
1
12
3
11
9
6
4
2
2
5
15
40
66
14
22
18
1
20
17
1
6
9
8
1
1
28
1
13
2
4
2
1
1
11
1
2
32
1
3
2
1
2
4
20
2
12
1
15
7
31
4
2
6
19
31
2
4
36
1
1
2
4
2
3
6
1
28
1
71
1
1
2
17
2
3
27
1
23
1
3
3
16
4
2
2
1
18
1
6
1
31
2
1
2
8
1
3
1
1
1
5
1
1
9
2
2
66
1
1
2
9
6
4
7
7
5
5
1
13
1
6
7
3
11
1
5
39
2
11
2
3
7
2
6
30
7
2
1
9
2
4
11
17
107
26
3
2
15
2
1
13
144
13
1
3
9
2
5
3
2
2
2
12
13
7
5
1
3
4
1
4
1
10
10
7
10
7
16
2
3
1
2
14
3
2
10
3
6
2
6
88
12
