2
7
22
5
5
35
5
1
21
14
36
1
29
26
1
1
5
1
4
1
4
22
9
1
2
6
46
4
1
6
4
5
10
2
25
6
2
4
1
22
18
5
9
1
15
22
1
7
4
15
3
9
1
3
3
11
4
2
15
4
22
2
18
2
5
1
2
25
23
33
4
14
2
1
6
1
4
8
3
5
2
1
7
3
38
39
1
6
5
9
1
28
1
2
1
2
26
12
1
2
1
4
42
7
12
5
1
5
1
13
5
41
22
3
3
1
8
22
71
66
14
2
4
3
14
21
3
40
3
9
9
8
4
7
3
1
18
1
43
3
1
4
7
57
2
2
10
1
3
35
26
1
1
2
14
5
2
43
1
7
4
2
22
3
20
33
2
2
3
3
20
8
2
14
49
2
8
2
1
1
1
7
7
14
55
32
1
16
12
1
5
40
13
57
4
7
8
4
2
11
5
3
48
3
1
9
1
10
2
2
3
2
9
50
23
1
17
14
14
1
25
1
2
2
2
2
24
30
11
27
8
3
8
4
1
1
3
14
4
8
13
2
9
5
6
2
1
2
3
1
1
4
1
15
9
1
4
7
1
11
2
1
4
2
25
50
9
6
2
10
3
23
2
56
2
14
1
7
22
6
1
2
2
4
3
4
7
5
2
9
2
1
3
1
7
7
11
1
1
12
2
4
31
3
2
4
11
3
5
7
33
45
32
2
2
1
3
1
3
6
1
11
2
2
1
5
59
8
66
63
1
12
8
2
1
1
12
6
4
2
21
2
1
1
1
5
3
4
2
2
4
24
27
1
20
10
1
20
2
3
8
5
12
9
1
22
26
11
1
1
4
13
1
28
19
6
25
18
6
2
3
2
18
2
11
11
1
37
15
3
3
3
28
8
4
1
1
2
35
70
2
45
10
1
5
9
2
1
4
8
5
68
1
1
1
38
8
2
1
3
2
1
49
1
12
50
2
1
2
3
9
38
8
9
7
1
1
17
2
2
5
1
30
1
2
1
6
3
12
15
4
1
16
1
1
23
9
2
1
1
5
19
2
3
4
21
2
53
1
1
1
5
20
61
2
6
1
1
17
2
2
2
2
2
3
32
25
20
3
3
4
4
2
15
5
2
3
1
8
14
12
1
2
5
10
19
6
1
3
2
3
2
8
2
17
1
4
1
17
4
1
30
2
7
33
1
11
18
3
2
5
2
2
1
2
5
3
8
12
5
1
15
7
4
31
36
1
2
21
4
2
2
2
5
3
15
2
7
2
2
2
9
3
2
23
35
5
2
4
2
12
10
1
18
28
4
2
1
5
1
29
40
4
5
18
16
3
1
15
2
21
1
1
4
2
8
2
2
4
1
2
2
23
8
2
1
7
3
2
1
2
45
4
1
5
24
10
35
8
5
1
6
2
1
3
2
78
6
1
21
1
1
3
2
4
3
5
5
35
1
1
2
9
54
28
4
2
7
3
8
3
2
6
4
2
4
1
6
3
3
16
1
1
1
11
1
1
20
15
72
45
1
17
8
1
1
5
1
1
1
1
6
1
1
5
3
4
3
2
5
1
35
2
3
3
58
13
23
1
66
1
16
1
2
1
2
7
5
2
6
28
3
7
1
2
32
3
1
2
3
1
2
77
12
1
1
69
6
81
1
2
56
13
19
1
3
3
2
4
2
1
2
2
12
1
2
8
3
2
1
44
4
1
5
1
4
1
51
1
1
12
2
46
3
2
35
3
1
15
1
16
2
9
1
1
4
9
18
7
7
4
6
21
1
2
16
5
1
43
8
1
40
1
4
1
3
27
3
5
1
5
3
36
1
24
2
6
10
1
6
62
4
3
1
7
12
3
1
2
3
3
3
17
2
2
23
4
7
18
3
39
5
19
2
1
11
2
2
2
3
14
2
14
4
3
1
4
19
16
2
1
16
2
1
1
13
9
4
11
3
67
1
17
6
18
2
1
3
2
1
34
3
11
2
2
1
3
1
5
1
5
3
5
1
12
7
1
2
1
2
1
5
1
1
1
2
16
14
9
3
4
1
2
3
2
1
42
35
2
2
2
3
6
5
1
7
3
12
2
9
1
2
13
19
2
3
24
1
1
5
1
4
50
1
11
4
1
3
7
4
1
2
3
2
3
36
2
5
22
9
35
1
3
1
5
26
54
9
9
2
5
7
3
1
2
2
3
5
2
12
54
2
2
42
1
8
2
2
2
17
23
10
3
11
96
1
3
1
2
2
2
18
8
2
7
3
4
7
21
2
6
38
1
5
1
2
16
2
5
5
6
11
6
2
8
1
1
11
9
17
8
9
5
2
2
2
4
74
7
3
75
1
4
3
4
2
15
3
2
4
4
3
6
2
4
1
1
1
4
1
30
1
2
43
4
8
23
1
2
30
3
4
1
1
1
7
2
1
10
1
3
8
1
4
5
11
4
6
2
39
1
38
31
7
3
1
9
42
14
2
2
2
3
2
5
2
1
18
3
2
15
6
1
7
1
3
12
2
4
3
3
1
4
7
9
2
2
3
1
5
1
2
3
2
7
5
2
24
1
11
3
11
14
10
35
3
30
5
2
3
1
2
2
15
7
2
12
4
4
1
2
15
8
2
28
16
2
6
2
8
7
49
3
38
2
1
3
17
6
6
2
26
1
3
4
3
1
2
3
3
2
2
2
7
12
18
7
1
2
2
10
13
2
11
4
7
4
6
3
65
1
1
4
3
82
18
9
3
1
5
14
3
4
20
2
10
1
2
4
10
6
26
5
2
1
2
2
1
33
5
2
48
14
2
20
16
9
10
4
3
2
2
39
7
1
3
58
54
10
4
26
1
20
7
3
2
2
20
3
10
2
15
3
1
1
1
92
21
26
8
6
4
1
2
29
9
8
12
2
60
1
2
2
5
1
2
2
9
2
1
3
5
23
1
38
1
1
4
1
1
6
4
3
51
3
6
53
3
3
10
6
2
5
1
12
10
4
5
12
8
2
4
3
4
15
51
2
2
3
7
3
3
2
10
1
3
12
5
55
14
1
1
3
4
2
3
1
5
1
3
1
5
3
1
1
1
12
8
50
1
1
1
6
25
12
1
1
2
12
11
2
1
5
1
4
8
4
1
1
5
6
13
2
27
6
3
1
4
2
1
1
8
1
2
2
4
6
6
6
9
1
16
9
4
3
1
2
6
1
4
1
17
2
12
29
2
1
4
10
3
20
5
1
2
49
14
2
15
9
22
3
2
1
27
70
2
2
8
8
6
5
2
1
5
1
15
1
2
3
23
2
6
6
2
16
24
19
5
12
1
9
3
1
6
2
2
3
12
1
2
8
3
8
8
6
1
11
3
3
8
4
1
6
1
27
1
2
2
7
1
2
9
2
7
2
2
4
1
12
11
1
2
1
2
1
4
15
6
1
7
4
12
13
7
1
1
33
4
1
1
11
1
8
1
2
30
1
26
16
19
1
1
10
8
1
1
2
18
12
1
3
2
4
8
1
13
3
23
1
3
4
7
5
1
18
13
6
22
37
5
11
1
1
5
7
19
15
5
1
5
12
5
41
10
1
5
21
4
6
9
6
4
2
17
5
41
6
2
2
2
1
9
4
5
7
33
10
7
32
4
13
7
1
1
3
13
18
7
12
2
3
6
8
5
3
3
55
13
1
2
2
10
2
3
60
23
1
2
3
14
2
3
20
14
19
20
35
10
9
25
9
2
1
5
1
2
5
2
25
24
1
2
2
66
3
2
73
8
39
8
2
8
29
29
9
1
3
2
4
5
12
2
2
2
4
31
2
11
9
17
5
2
5
38
2
1
26
1
3
49
2
53
1
1
8
6
3
1
2
6
2
3
2
8
10
1
3
1
17
2
2
26
2
16
17
1
19
1
8
19
2
4
30
2
21
24
32
2
5
1
11
29
18
1
3
7
13
1
1
1
4
1
13
1
1
5
2
13
4
11
3
2
4
14
1
2
1
1
6
4
24
25
8
3
3
11
2
45
1
1
11
1
7
1
3
2
3
2
24
5
5
5
9
2
15
9
1
1
14
3
2
21
12
15
2
34
11
17
12
4
4
12
7
1
1
1
1
20
5
62
6
8
4
6
2
1
1
28
1
3
7
11
9
1
27
6
2
2
7
1
2
1
2
2
11
2
1
5
9
1
21
3
4
5
1
8
3
14
3
4
11
9
8
9
17
1
30
7
3
4
4
3
5
5
1
4
18
11
14
11
1
1
9
14
2
1
4
4
1
4
8
72
4
29
3
9
10
7
1
1
4
8
24
5
4
5
5
3
2
7
2
4
4
3
5
3
2
5
7
1
2
1
33
6
3
14
11
7
1
11
24
1
3
5
47
9
25
52
7
1
6
1
36
7
1
1
19
3
1
9
38
4
2
7
8
1
2
10
8
5
13
1
5
23
4
7
6
3
3
1
28
20
38
1
1
6
7
13
8
14
11
1
7
3
5
1
4
36
6
4
4
44
46
10
1
8
9
8
1
2
2
4
14
7
1
4
11
24
22
11
35
3
5
4
8
6
38
8
9
34
2
5
3
25
6
15
4
1
12
7
20
30
1
2
3
2
3
5
12
12
38
14
27
2
3
28
4
28
4
19
4
4
1
7
10
1
10
35
21
2
6
14
2
8
6
3
14
3
12
1
3
20
23
1
5
2
8
1
4
4
24
18
5
2
21
2
1
33
9
5
12
5
1
2
5
63
2
8
1
2
4
1
2
35
4
29
2
8
19
6
6
7
3
6
68
27
7
2
28
2
17
3
31
30
23
2
1
21
15
50
3
44
3
6
9
25
16
27
3
7
4
9
4
20
6
1
8
1
9
45
4
14
15
5
27
1
1
1
1
26
27
1
4
41
1
1
7
4
1
38
1
4
16
66
2
15
1
6
1
1
7
7
3
6
5
27
4
