2
19
2
233
7
15
30
18
3
133
18
1
18
5
43
150
77
140
11
126
19
16
77
31
34
7
60
74
152
3
30
52
66
85
118
105
102
2
9
7
17
6
9
208
69
140
16
43
92
144
13
242
77
1
2
4
18
21
1
56
195
232
1
29
61
19
38
7
7
50
2
13
6
5
3
31
2
2
38
59
39
1
325
38
24
149
38
119
15
1
1
64
62
157
157
42
25
40
100
66
4
2
2
200
14
5
26
4
32
51
1
9
16
105
26
1
1
81
5
99
85
60
16
47
9
1
51
3
74
141
33
64
77
5
15
125
55
8
2
8
1
8
17
60
7
53
76
41
2
184
45
68
287
79
21
3
2
14
20
75
17
113
3
8
62
6
2
1
88
183
36
17
1
106
31
31
21
7
240
20
16
8
1
2
9
36
1
113
216
34
5
102
50
19
12
62
6
133
1
26
1
1
10
1
117
8
30
18
21
158
2
71
6
12
1
31
196
37
29
72
93
44
62
8
146
15
6
10
1
12
143
10
96
43
17
82
3
37
7
122
8
29
92
7
13
45
2
2
2
58
57
3
116
1
112
178
74
2
107
9
44
14
9
20
3
96
11
4
9
184
2
18
45
1
41
3
60
58
7
32
5
50
42
175
38
4
71
23
29
6
31
122
41
27
43
101
6
39
2
8
17
3
346
141
2
1
3
3
133
34
2
147
2
6
31
12
8
2
156
41
39
4
1
4
2
4
1
135
10
18
81
11
5
29
11
4
2
18
29
2
42
54
67
29
8
33
12
3
14
5
10
5
1
139
2
31
39
3
56
219
68
242
3
81
4
1
16
55
65
3
5
21
2
34
6
9
3
11
45
3
52
3
80
4
41
34
38
2
48
1
50
65
17
100
7
100
1
7
10
1
60
250
21
233
1
70
6
353
71
26
128
129
12
289
9
69
66
40
2
140
4
32
3
44
2
22
70
25
2
7
1
220
24
7
53
131
125
115
3
6
7
1
10
78
2
34
7
26
61
3
2
1
4
7
146
29
22
122
1
20
3
47
8
145
1
14
144
89
61
10
33
1
4
58
100
92
3
11
2
128
9
4
30
27
2
109
221
27
45
1
1
43
25
134
134
16
7
13
54
2
1
1
1
6
1
1
17
44
1
11
3
89
3
2
9
1
8
95
3
32
314
12
112
280
388
97
2
11
50
1
26
234
13
2
1
38
18
25
217
35
20
11
29
6
2
4
55
1
222
20
181
15
135
15
319
2
35
225
137
6
33
23
32
2
131
3
52
85
32
1
2
25
60
2
4
1
44
26
1
6
8
4
79
46
59
417
32
5
20
16
69
4
46
27
14
1
68
1
99
19
3
24
113
1
18
370
2
2
91
5
4
49
31
209
57
2
37
148
10
29
61
67
2
2
2
279
1
80
290
33
102
30
18
214
68
1
36
26
87
70
108
12
14
82
19
7
22
68
64
60
10
69
2
1
54
54
33
5
153
2
27
2
34
62
10
160
46
4
81
254
10
41
17
290
2
11
6
7
26
3
20
6
17
28
64
17
2
311
26
1
116
8
2
67
80
192
5
11
47
2
105
48
48
119
87
3
3
2
16
48
235
14
197
1
14
12
2
27
13
161
136
81
1
142
2
19
53
2
12
3
2
5
1
4
173
18
109
115
328
15
1
107
5
9
4
7
1
11
17
2
8
1
16
1
13
96
155
2
16
17
71
9
1
1
107
6
6
66
32
16
4
8
42
4
1
3
2
96
19
1
6
8
6
4
5
15
11
152
15
6
34
23
2
4
98
1
7
86
22
7
15
35
12
62
20
30
4
8
24
10
22
69
2
1
75
9
49
44
2
48
179
7
336
2
1
5
8
18
18
6
67
2
28
8
287
1
54
2
2
1
118
105
183
4
2
15
25
2
37
16
1
67
3
194
115
3
1
52
356
2
1
3
67
47
90
21
2
3
1
1
2
13
145
7
163
1
49
26
5
1
19
1
20
13
6
6
2
138
34
5
2
2
149
44
20
3
1
3
1
41
8
190
125
1
43
8
84
1
1
53
5
12
33
77
1
65
7
30
7
2
1
1
2
13
4
14
184
35
25
27
219
20
127
67
2
51
2
22
2
7
3
3
29
12
15
29
91
5
45
24
16
11
5
116
2
3
2
1
156
70
4
1
5
4
17
68
155
3
24
33
21
30
2
5
30
11
4
243
1
2
2
8
20
12
8
69
8
19
2
2
5
1
10
2
2
3
18
67
1
12
8
69
132
60
38
23
2
121
29
12
8
93
13
3
1
6
3
17
4
15
263
11
32
25
4
2
2
118
44
3
2
2
2
3
4
3
4
14
3
15
1
15
12
243
1
5
137
5
2
13
16
1
61
12
1
1
8
92
99
6
10
32
71
4
4
62
13
1
19
1
3
1
2
73
31
3
50
4
26
26
10
2
2
5
4
4
54
230
5
13
3
80
21
3
17
10
1
4
3
1
17
48
6
17
92
1
138
131
25
1
20
29
6
158
169
345
231
2
4
13
5
41
117
13
157
9
3
26
12
37
1
2
63
41
3
126
29
8
88
14
8
2
44
43
2
4
6
5
16
37
43
8
72
8
4
26
85
3
46
241
7
2
26
5
11
55
123
115
1
1
5
111
15
8
135
92
6
80
21
117
39
102
2
27
1
22
13
117
72
2
72
9
2
24
46
3
2
11
66
7
10
85
5
1
242
49
28
48
2
81
2
84
19
76
64
3
51
15
3
145
4
1
9
2
1
23
14
2
3
75
65
13
162
15
64
49
16
121
100
1
83
11
4
6
32
5
6
2
4
69
40
1
2
3
13
13
20
1
3
61
2
2
2
5
14
1
3
53
31
20
187
18
83
4
18
33
27
7
60
24
35
7
69
7
39
29
109
3
49
31
94
22
30
30
6
2
1
9
1
48
261
95
86
25
1
74
12
23
26
20
35
1
2
9
17
76
41
2
22
48
54
10
2
4
14
26
5
18
87
1
27
91
69
92
5
29
64
8
8
104
4
97
79
9
20
58
1
6
9
1
7
12
22
243
109
1
23
7
79
23
5
5
16
361
2
83
9
124
2
23
3
198
22
6
120
16
68
75
18
99
18
10
126
19
1
85
38
6
23
3
68
7
25
27
100
8
126
12
42
25
101
13
2
7
2
4
17
2
161
98
6
93
4
185
2
2
3
28
34
51
6
149
107
191
3
114
9
1
116
9
193
19
37
226
212
57
29
2
25
285
134
13
254
2
13
6
31
24
41
2
42
5
80
3
4
6
22
24
26
1
4
2
8
284
4
28
12
9
2
112
5
116
2
166
20
9
38
101
15
6
9
17
4
2
153
14
21
5
53
78
81
57
6
16
66
19
23
104
41
4
2
18
1
14
38
92
25
4
63
282
5
12
2
16
1
55
18
16
11
32
1
5
3
2
106
13
91
33
10
6
6
59
1
113
4
1
31
164
70
66
2
4
11
51
15
5
18
2
23
11
47
40
10
10
1
43
19
13
24
3
39
2
8
18
53
31
31
6
3
3
18
192
95
75
80
1
6
18
3
3
13
16
10
6
1
36
60
5
5
77
2
7
28
8
11
12
6
130
101
9
30
1
28
43
104
12
2
23
11
60
1
18
27
116
14
44
11
130
44
13
1
92
24
12
58
6
37
94
33
54
33
19
32
63
124
21
36
12
1
216
14
2
44
53
19
3
62
35
8
5
30
2
124
29
4
74
75
64
11
54
215
5
53
121
63
2
42
35
62
146
63
107
22
55
44
87
106
26
70
2
7
10
133
141
12
27
238
7
56
58
22
41
20
