23
19
1
13
2
18
1
3
7
9
24
9
20
2
19
3
4
8
3
4
14
2
2
44
1
12
42
1
4
7
20
4
29
8
1
1
7
7
10
2
1
7
2
4
1
11
14
32
6
6
6
1
4
2
3
44
7
17
3
1
1
5
3
3
1
1
4
52
22
5
4
2
75
4
2
3
15
12
86
4
4
7
13
8
9
6
3
3
3
3
3
14
3
3
3
22
23
10
1
37
1
12
8
3
4
1
5
19
4
19
1
2
6
16
1
10
13
9
1
35
8
6
1
2
5
5
3
7
15
5
2
23
13
32
1
13
6
2
7
2
3
16
4
4
7
1
1
32
32
35
3
1
19
1
7
3
4
70
8
8
64
6
16
5
1
1
2
6
36
1
44
8
1
1
8
3
58
5
13
45
2
2
10
6
2
3
8
1
2
121
4
2
11
17
1
11
5
3
2
12
92
1
1
9
1
2
56
56
2
68
10
1
71
31
34
2
7
6
1
2
3
16
9
3
9
18
3
13
116
1
3
63
2
21
1
2
5
33
55
2
1
5
2
1
20
35
3
6
5
1
49
9
33
17
50
3
3
69
2
124
11
6
5
4
1
89
4
7
7
84
2
2
7
4
2
7
5
10
2
32
6
1
19
2
2
23
2
5
9
11
3
176
2
1
12
2
13
4
18
67
24
9
2
11
3
1
12
1
2
2
2
9
4
42
1
20
7
2
1
9
5
1
13
8
45
24
13
15
19
16
1
77
3
11
1
18
3
17
32
20
89
5
4
7
111
3
1
4
3
4
5
2
1
3
4
10
1
1
1
11
3
2
4
2
33
2
9
45
20
7
1
2
29
4
70
2
2
61
2
18
22
6
1
57
8
1
11
1
2
3
81
5
34
1
1
14
4
2
103
1
2
7
1
9
3
24
105
4
2
13
2
6
23
8
10
2
5
6
21
9
37
9
14
16
2
63
1
13
2
17
2
19
50
1
3
35
5
1
3
10
1
14
1
2
16
3
5
1
2
2
3
10
56
7
12
25
10
3
12
8
9
8
21
40
35
13
79
2
1
9
3
6
7
8
1
21
1
4
10
5
5
5
6
2
1
39
18
3
1
54
28
8
1
1
9
24
2
6
34
1
1
12
11
1
13
2
25
9
2
37
95
27
1
8
13
108
3
3
28
25
101
5
53
6
8
4
6
14
45
55
6
5
3
10
6
7
1
11
22
72
1
1
1
8
19
2
9
29
9
11
178
20
7
33
22
17
7
36
2
95
33
7
2
7
1
83
4
31
1
4
5
1
49
24
7
11
1
10
1
5
3
2
2
3
2
8
71
1
31
5
19
10
18
1
2
29
68
3
7
10
4
7
7
97
2
4
6
17
7
15
1
23
1
18
6
54
15
1
19
1
25
4
7
26
3
127
5
3
3
9
1
3
2
36
1
8
73
8
1
1
16
8
48
19
11
13
3
4
2
1
1
42
3
9
44
1
23
2
5
5
7
94
13
120
115
10
2
3
2
22
46
1
1
6
2
3
2
2
17
2
1
41
13
1
39
15
2
84
2
11
1
64
1
17
1
1
1
3
5
69
6
2
62
9
1
41
10
2
11
5
11
5
73
4
59
95
23
6
12
119
37
78
1
20
23
6
20
10
4
9
13
3
1
10
20
3
12
1
79
9
1
3
1
12
102
1
90
32
5
7
1
23
4
17
2
8
56
1
1
2
1
1
6
3
28
35
3
3
16
31
38
4
59
25
16
1
2
2
179
10
2
11
5
4
1
29
26
20
14
21
1
17
10
2
9
112
13
20
4
12
20
1
2
1
6
3
2
24
10
15
34
8
141
5
7
8
24
12
3
2
2
12
5
1
3
5
2
1
7
7
2
17
57
3
8
2
4
2
13
3
8
6
1
8
1
5
2
1
35
23
1
2
4
3
81
12
1
11
17
3
11
6
142
3
5
14
1
1
3
1
7
62
124
90
6
15
105
7
53
7
4
26
4
5
63
7
23
15
2
6
107
2
89
10
1
1
4
34
2
25
2
9
3
1
98
1
28
15
4
8
25
15
1
26
6
4
9
3
73
1
11
73
44
43
5
2
7
14
2
44
5
5
7
1
9
4
4
8
20
92
55
1
4
4
3
20
1
1
12
45
12
28
3
1
2
1
16
6
4
3
8
1
15
3
2
1
2
1
10
14
2
21
13
14
6
12
3
2
2
28
8
1
78
5
14
1
6
9
4
3
92
2
28
56
14
134
1
3
18
2
48
3
4
5
5
13
3
1
85
19
1
1
19
30
19
1
1
9
2
2
33
5
3
45
34
2
1
3
10
4
1
73
2
4
18
16
19
7
28
1
45
3
13
10
12
48
9
2
3
8
16
15
1
4
1
50
56
4
1
1
3
3
11
4
2
10
55
2
11
2
5
1
24
2
3
9
1
2
5
1
2
3
1
14
5
5
28
35
7
39
3
32
39
2
2
16
1
13
15
5
1
4
71
53
4
3
2
4
3
6
11
1
5
23
2
31
3
2
125
48
10
7
1
10
2
175
5
1
1
22
42
74
22
18
7
1
1
1
2
12
2
118
3
14
20
2
6
1
20
4
1
2
1
2
10
10
13
38
19
3
19
21
8
26
2
5
47
1
2
5
4
3
1
2
9
2
1
6
32
20
5
3
5
1
40
60
1
5
95
76
4
66
6
2
35
1
10
43
5
14
15
2
7
7
58
3
1
1
1
2
11
42
14
1
2
2
2
19
1
1
1
1
2
7
5
8
4
1
2
1
48
22
13
11
4
14
1
46
37
1
74
11
16
1
8
1
4
38
3
9
11
4
39
1
4
74
7
5
21
10
63
2
16
6
13
1
1
3
36
11
45
2
26
1
2
7
26
1
1
17
21
14
1
4
10
1
33
43
16
17
2
2
1
11
3
2
1
2
1
105
2
4
8
157
2
15
1
3
2
4
2
2
1
4
19
9
2
4
1
4
44
45
29
3
3
3
6
64
2
1
4
4
53
20
3
5
1
7
14
5
18
8
1
66
3
7
26
6
7
1
14
1
1
3
9
28
36
6
2
7
2
1
12
26
2
6
2
21
4
11
2
15
4
8
5
4
2
2
19
54
1
4
6
6
8
69
2
1
72
2
6
1
1
2
100
14
16
6
7
1
5
3
12
3
13
7
20
105
4
7
4
24
1
3
4
15
79
3
52
8
2
13
4
2
26
14
17
2
21
9
1
9
1
22
4
1
3
11
11
1
17
2
1
3
36
33
4
2
1
22
2
6
10
2
14
2
19
2
3
6
5
3
84
4
26
2
48
2
3
3
77
12
4
1
2
3
2
2
3
12
17
1
172
1
2
1
1
6
9
9
3
55
10
1
1
13
2
2
1
7
34
6
7
15
7
1
6
12
95
70
36
3
5
3
2
2
86
41
1
44
12
5
96
24
1
6
6
19
3
26
44
20
6
6
22
12
8
13
2
11
14
8
10
22
10
34
12
8
74
3
20
18
7
1
7
2
73
43
2
39
5
2
2
5
37
9
3
11
4
4
3
4
3
7
10
1
12
21
15
35
18
4
27
1
22
2
7
1
8
9
21
1
2
60
20
4
2
3
2
1
15
29
40
10
3
1
1
1
9
5
1
33
20
55
3
3
1
2
28
2
9
2
13
3
8
4
10
8
2
2
5
10
7
27
4
17
9
13
1
5
1
6
90
2
2
2
8
3
1
21
15
4
2
2
15
7
6
3
2
3
4
4
1
6
29
3
3
9
29
6
4
1
11
9
133
158
4
5
22
35
1
2
6
12
1
1
15
5
5
2
8
3
41
1
39
22
8
1
11
22
4
14
21
4
17
3
8
38
49
11
9
32
8
3
11
21
3
91
2
29
3
1
2
28
1
15
10
1
33
3
3
4
3
2
1
1
70
12
8
34
48
2
2
30
3
15
5
11
2
3
1
5
48
2
35
1
8
10
1
1
1
15
5
1
2
52
1
3
2
72
20
14
106
31
1
2
19
29
36
23
2
1
1
1
10
1
1
1
5
30
11
4
5
5
3
4
3
6
1
3
10
1
6
12
33
1
2
4
10
1
3
5
1
6
2
3
1
2
14
4
2
13
2
1
9
94
2
1
6
142
7
28
37
3
56
12
1
2
72
91
7
3
1
7
4
30
6
2
14
3
1
5
13
26
6
3
5
5
5
3
26
5
1
2
8
2
3
14
7
1
10
14
2
3
55
66
3
11
40
7
3
2
2
27
14
19
2
9
6
3
4
10
104
4
67
2
3
5
4
29
1
23
12
4
72
9
1
16
25
45
21
88
2
6
2
8
9
17
1
7
52
2
4
2
3
40
58
32
29
2
7
8
1
45
1
2
3
2
1
19
7
8
23
2
29
130
17
46
2
2
5
3
8
2
1
8
2
3
2
16
13
12
3
3
9
31
6
51
131
1
9
1
1
1
37
6
1
1
4
90
35
4
15
1
28
96
66
27
2
6
3
1
7
58
1
65
12
25
17
46
1
1
6
3
3
2
20
5
33
17
3
53
10
54
18
30
5
17
3
8
2
5
18
36
4
2
7
12
4
11
2
6
13
3
25
150
2
1
17
4
2
16
3
13
7
4
55
11
6
88
12
18
21
10
1
4
2
2
2
107
8
1
61
29
42
1
7
3
2
2
11
71
6
19
35
23
1
5
2
26
1
6
42
2
1
1
8
2
7
4
6
59
3
84
1
2
10
1
15
5
1
11
2
2
3
47
25
1
4
6
26
31
2
2
2
6
2
3
3
10
9
19
6
1
1
18
38
5
2
6
4
5
2
1
11
3
1
2
12
10
1
5
13
3
12
1
8
3
1
1
4
18
2
3
7
7
4
5
11
56
5
2
2
22
25
4
3
118
11
1
8
41
20
1
2
7
6
6
82
11
2
19
2
1
6
3
3
11
5
11
2
5
29
47
11
3
1
2
1
4
1
1
21
1
6
20
14
2
16
4
67
9
9
2
9
13
13
1
8
15
4
1
3
1
2
1
22
5
25
16
2
4
3
1
1
39
23
7
22
71
107
4
12
3
3
27
5
15
2
9
11
102
29
7
8
1
7
7
5
13
4
1
