1
9
25
1
32
7
9
1
2
3
2
1
33
10
1
7
11
25
3
60
1
2
72
191
78
2
1
8
33
2
8
23
4
19
1
24
17
25
1
11
40
6
1
1
10
194
6
1
4
2
1
8
5
66
21
4
1
2
3
14
29
6
2
7
26
24
7
18
5
29
13
22
142
1
37
66
57
5
39
6
15
1
5
4
18
1
2
1
31
2
3
8
14
3
6
18
3
112
2
14
2
3
5
11
8
64
2
1
42
20
2
4
3
1
6
6
12
2
16
6
2
89
2
7
2
3
20
3
10
1
6
49
8
2
1
1
2
43
7
2
5
2
1
3
4
21
24
26
2
40
9
21
17
7
7
1
3
26
1
3
2
7
3
1
1
3
1
14
2
38
1
5
2
14
8
2
1
9
21
39
8
3
5
1
3
1
41
6
1
22
6
61
5
10
12
3
31
25
2
25
1
82
7
23
2
31
7
6
10
15
2
1
14
64
3
74
19
2
5
4
20
118
12
20
1
3
53
26
2
39
17
2
1
11
1
1
2
40
3
10
1
52
30
10
2
9
33
1
14
3
64
11
31
6
1
14
15
9
3
2
3
6
5
6
8
1
25
3
5
45
6
110
2
12
17
28
23
2
2
2
11
8
19
14
1
2
3
58
158
6
4
4
1
4
2
8
3
2
7
1
44
3
6
15
14
1
3
4
1
67
6
52
5
8
3
4
9
166
1
3
6
4
142
8
2
2
4
1
17
1
2
9
9
13
1
23
1
29
50
7
6
34
13
3
214
3
2
1
2
81
2
37
39
1
1
5
12
8
1
3
1
56
2
2
10
1
10
5
3
21
13
2
15
13
15
52
3
22
19
2
10
111
1
7
1
39
3
21
3
3
1
13
5
1
43
4
3
14
3
1
2
1
1
7
3
2
10
3
3
32
1
37
2
2
2
22
4
3
1
1
10
3
15
8
3
16
3
21
13
10
17
26
1
10
8
5
3
3
46
2
1
2
4
84
23
2
10
6
1
14
1
6
14
8
53
30
23
1
4
1
1
1
30
16
3
12
17
14
71
4
10
10
2
14
4
5
2
141
9
3
1
5
7
3
2
12
10
2
1
56
1
11
6
1
53
16
4
9
16
1
23
2
9
8
2
2
3
1
37
25
52
49
70
1
2
6
1
5
26
8
5
2
40
222
13
8
2
3
5
51
23
37
22
5
3
10
5
28
62
21
45
50
31
3
1
4
6
18
4
1
1
4
14
10
87
4
2
1
3
5
2
8
9
6
2
3
18
167
1
165
50
16
98
3
89
3
2
4
3
2
26
13
3
1
4
251
4
26
1
5
3
2
35
24
27
38
2
19
14
1
1
1
3
1
5
26
4
2
38
22
23
19
3
10
2
2
16
2
21
3
9
15
11
1
1
4
10
2
3
28
45
5
19
1
1
24
12
6
2
4
2
1
4
31
1
30
14
81
2
25
6
1
12
10
41
7
22
70
14
3
3
27
4
1
27
1
24
2
8
24
1
13
5
6
18
4
27
16
6
5
6
4
2
10
16
2
30
1
51
61
2
1
7
9
7
1
8
21
23
2
1
2
2
2
12
2
3
11
3
2
1
22
13
50
15
20
4
9
3
15
24
5
10
5
3
1
13
26
35
11
2
45
9
3
5
7
20
117
9
31
11
28
37
33
2
7
1
1
4
8
3
1
1
1
2
1
6
4
2
30
145
1
27
22
4
28
69
5
3
5
4
5
3
15
11
3
1
29
1
2
9
1
262
50
7
33
74
4
5
2
2
2
19
3
1
1
3
2
2
1
58
1
2
8
54
1
1
6
2
2
3
2
4
2
1
4
2
31
8
17
14
1
2
8
27
1
48
8
234
13
117
4
66
2
9
4
3
7
1
6
29
1
9
2
3
26
2
5
2
26
3
10
51
4
4
20
2
4
1
5
2
5
24
1
2
10
20
1
6
2
6
1
21
36
1
10
28
3
6
1
2
3
9
1
5
46
1
12
7
9
78
8
2
5
11
2
2
5
1
7
11
2
49
163
2
13
57
8
21
1
223
95
1
21
4
39
8
15
4
13
2
1
226
3
13
1
1
1
83
19
2
1
5
2
4
45
2
2
22
84
3
24
4
1
6
15
5
4
1
21
75
11
6
1
9
5
16
16
1
8
17
1
1
6
1
4
1
7
63
11
116
2
2
12
29
4
1
14
7
16
2
2
3
7
1
8
1
9
6
52
3
2
38
25
1
1
4
2
13
14
37
4
1
4
29
2
1
22
9
3
19
30
6
3
4
66
1
1
1
42
2
13
4
6
1
5
52
1
1
1
2
37
8
139
1
25
20
73
20
4
66
1
3
1
26
12
52
4
9
31
21
43
4
6
12
3
7
1
27
1
4
16
11
3
96
3
2
45
4
2
53
66
59
92
4
4
1
28
26
4
5
22
15
21
211
24
1
9
60
12
13
9
33
24
2
2
6
86
4
11
4
32
3
1
3
1
1
6
2
3
2
1
14
1
1
13
3
10
3
9
106
3
3
2
2
244
3
1
44
12
1
1
160
1
10
13
1
14
1
13
2
22
12
4
1
39
4
32
8
153
7
12
17
3
10
2
11
1
6
18
1
8
2
2
1
6
17
3
1
18
80
1
1
9
1
16
17
9
4
5
2
2
2
36
2
3
41
2
1
2
27
14
2
19
2
5
1
39
1
3
1
2
27
32
49
8
11
1
9
44
7
1
4
1
2
3
7
4
31
6
32
4
2
1
24
21
1
1
1
35
3
1
1
3
11
1
9
11
2
1
46
15
3
1
1
2
1
4
1
19
3
4
1
2
2
15
7
197
2
17
2
2
35
35
2
2
27
2
36
3
2
35
175
34
1
7
12
7
5
45
28
12
1
5
7
7
2
2
15
10
1
2
8
41
8
4
1
11
17
9
3
13
1
2
2
2
1
21
3
3
5
1
4
1
3
5
51
2
11
7
12
12
3
1
5
2
27
98
12
15
38
1
6
25
11
5
8
26
24
7
14
14
92
14
2
30
1
38
4
2
39
1
9
28
7
46
2
13
2
2
1
4
6
5
4
6
2
1
24
25
1
3
21
5
1
1
8
8
51
2
60
240
9
2
132
1
6
1
2
17
1
64
36
23
1
2
165
19
15
12
28
43
16
3
13
1
3
4
37
3
30
2
4
21
7
1
42
80
1
1
4
53
13
7
14
26
2
1
1
7
3
12
2
3
5
1
1
8
14
19
40
10
2
1
14
1
8
2
12
42
2
28
3
5
15
200
13
8
6
133
7
217
21
5
3
2
2
5
51
2
1
4
2
1
4
2
15
2
2
48
1
9
1
19
8
14
7
2
1
9
1
1
9
22
49
6
9
1
1
4
191
53
10
1
1
1
12
14
1
1
9
23
10
1
4
1
1
3
21
28
39
5
1
1
1
23
1
19
1
7
8
16
11
5
26
5
3
42
5
82
10
1
15
1
23
1
15
39
2
8
1
5
10
49
9
2
6
2
3
24
117
1
5
3
9
1
62
4
1
7
14
3
2
13
2
32
1
1
1
27
78
42
1
18
2
30
6
3
2
143
2
8
8
2
21
33
224
2
67
8
1
23
11
1
2
19
1
1
3
7
5
4
1
1
6
2
3
10
3
3
14
13
2
11
1
48
1
1
9
9
1
16
26
202
1
19
15
9
3
5
29
10
18
12
71
24
5
3
21
1
52
27
1
6
1
1
2
2
1
1
3
9
4
22
119
14
6
1
1
29
117
7
2
8
15
108
74
52
72
2
11
5
1
196
3
21
14
1
5
1
1
2
9
13
2
24
1
3
3
50
4
111
1
1
5
3
1
3
2
1
1
5
4
4
11
3
7
12
3
6
1
3
3
2
19
17
3
5
5
42
1
6
14
2
1
11
84
1
1
5
1
26
3
12
15
5
11
3
15
131
2
10
132
2
9
1
1
1
20
10
2
3
1
159
1
8
2
1
15
1
12
1
25
2
2
9
6
13
24
9
2
3
4
12
1
2
7
24
2
4
10
1
3
4
7
1
2
10
14
19
5
5
4
225
3
1
39
9
4
19
105
19
8
43
105
45
3
16
1
115
2
14
10
1
210
20
7
6
49
3
16
42
1
5
2
1
5
25
9
3
6
2
16
6
1
3
15
29
1
23
2
42
1
2
14
3
12
2
2
4
17
7
33
5
10
7
4
2
11
7
33
48
5
8
2
1
7
27
1
2
3
3
3
6
3
27
95
4
5
24
2
21
37
1
7
41
10
17
2
38
2
5
12
4
7
1
7
2
4
1
1
11
2
21
8
5
20
34
1
3
30
30
2
47
13
5
2
3
18
3
2
7
12
2
1
9
1
50
12
32
6
129
5
9
35
25
7
15
79
71
1
3
12
52
3
3
79
4
2
15
6
2
7
18
5
147
6
2
3
5
10
3
4
12
51
6
2
3
5
3
4
1
2
9
2
2
5
8
18
24
19
6
2
25
23
9
24
15
6
5
26
1
64
3
1
6
8
4
2
4
1
8
5
123
8
111
28
10
7
11
1
45
9
52
11
5
3
175
1
1
4
37
20
3
12
2
1
6
5
58
9
2
48
1
1
1
13
13
2
2
41
6
1
3
1
2
6
1
24
1
3
7
13
10
2
1
17
1
6
44
5
2
2
1
1
20
3
2
206
20
15
16
5
2
1
5
7
1
12
49
2
1
24
18
172
8
22
5
19
10
105
33
7
1
8
1
2
3
1
3
18
6
2
1
3
1
14
17
2
1
47
32
1
1
35
5
63
2
1
1
3
8
15
53
22
9
1
194
1
1
97
4
3
1
1
5
19
8
13
23
1
11
21
47
10
1
2
1
4
2
6
1
16
4
29
3
1
34
6
2
2
26
11
2
69
18
19
9
6
2
9
8
2
30
4
5
6
19
34
23
6
2
6
10
2
11
5
15
6
39
1
35
7
11
7
37
43
30
1
1
25
2
2
2
137
33
2
31
109
12
10
38
5
22
23
5
2
3
5
13
8
2
15
6
7
2
3
7
2
3
2
3
1
3
6
28
10
39
1
13
7
4
2
2
2
73
10
4
1
5
136
55
6
1
20
1
13
19
5
38
4
2
7
6
101
1
23
1
3
3
1
9
11
8
3
12
28
3
1
4
1
11
16
11
47
33
1
2
154
3
1
14
7
2
3
1
6
1
42
8
3
2
21
25
14
71
8
2
18
32
1
20
5
112
9
2
3
3
11
9
25
1
1
22
69
7
6
1
1
121
3
107
2
7
1
2
9
1
3
1
20
11
72
4
5
47
2
6
176
4
27
1
4
2
1
16
6
24
3
2
1
4
2
2
4
3
17
1
10
30
260
3
28
5
18
74
68
5
13
1
2
5
6
2
5
1
2
3
7
19
4
1
162
2
2
36
3
2
4
15
1
1
16
52
20
196
1
5
9
1
10
11
2
6
4
49
14
27
9
8
17
1
12
2
5
2
1
21
113
1
1
4
20
6
1
1
6
5
1
28
1
8
1
1
11
2
6
2
1
7
10
148
32
21
1
3
1
109
11
2
1
20
3
10
10
7
183
2
10
72
8
2
1
1
39
60
5
1
25
15
13
1
1
22
14
9
66
13
2
3
11
15
2
33
7
4
1
2
112
2
23
3
3
1
16
6
5
3
21
34
4
11
4
13
30
6
1
3
5
6
3
2
25
40
7
11
9
3
7
3
9
5
28
18
3
8
1
13
74
8
41
18
4
1
6
1
8
21
27
5
5
10
6
16
2
64
6
1
1
2
3
3
10
50
113
11
2
16
26
4
35
2
12
4
4
2
4
3
4
3
15
20
2
3
14
3
2
1
2
28
18
5
4
9
1
7
2
1
1
1
6
3
88
17
15
3
1
1
3
1
18
3
1
16
1
3
12
7
2
1
2
187
13
33
1
18
22
8
1
40
2
22
14
8
1
