12
2
3
3
4
1
5
3
13
4
16
4
3
9
1
9
5
5
4
5
1
25
12
4
20
3
2
1
1
5
33
2
9
9
12
3
24
2
15
5
12
29
1
2
1
2
8
2
6
3
1
2
1
1
20
2
17
9
14
102
1
1
1
1
6
1
1
7
3
18
2
24
9
4
4
10
4
1
1
11
1
1
35
1
2
36
3
1
41
10
1
5
8
1
1
8
2
2
6
6
14
16
1
4
1
2
1
28
1
5
10
2
2
1
1
5
2
2
32
2
2
35
1
1
1
2
8
2
3
1
4
2
2
2
1
2
2
12
1
5
1
14
1
3
32
3
27
1
2
5
25
10
1
1
1
10
1
5
10
1
1
50
2
1
8
6
2
11
2
2
4
1
1
2
2
2
3
6
3
8
5
1
1
5
1
2
2
2
5
5
2
1
1
1
15
2
19
1
7
18
4
1
22
4
1
2
4
1
11
7
3
20
2
57
6
5
1
4
14
1
4
13
6
1
5
10
1
1
2
9
21
3
1
9
15
25
8
1
1
2
6
1
4
2
1
1
3
1
19
1
3
22
4
6
2
5
1
2
1
7
6
8
37
5
7
4
3
4
1
1
2
2
4
1
1
5
1
1
11
12
13
1
3
1
2
9
3
4
1
1
2
1
3
10
3
1
11
1
5
1
1
3
1
26
2
2
2
13
2
9
7
1
36
2
3
3
1
1
2
9
1
2
1
1
23
22
7
2
1
2
1
21
1
28
1
3
14
1
1
23
1
18
2
82
2
2
1
11
1
1
1
2
9
3
16
3
86
1
6
6
2
12
101
12
2
1
20
3
7
3
47
10
7
5
1
5
1
82
1
14
9
1
2
2
17
6
2
37
1
4
1
2
6
1
1
3
1
4
4
2
3
8
1
8
1
13
2
9
1
3
12
6
10
8
7
1
4
2
2
29
35
1
3
2
1
2
20
2
3
3
2
5
2
8
17
8
10
8
1
24
2
1
4
1
11
3
113
1
1
2
2
60
13
2
1
3
2
13
24
1
17
1
5
1
2
4
19
3
25
3
23
2
1
3
2
4
3
1
1
2
1
4
2
1
7
3
1
1
44
1
9
4
4
7
1
3
24
1
4
2
2
2
1
9
2
2
3
1
1
14
9
24
3
4
3
7
1
23
5
1
2
1
1
2
34
26
1
1
2
47
6
5
1
3
11
1
24
3
1
25
1
28
1
45
3
1
2
4
1
1
2
4
6
8
4
1
8
5
3
32
1
2
1
1
8
12
7
4
8
1
20
2
1
1
8
4
10
1
3
1
2
2
7
1
4
2
2
5
8
4
1
2
28
3
1
15
1
2
1
6
1
1
6
4
114
1
1
15
10
13
2
2
9
3
1
1
2
2
2
2
1
6
7
2
1
2
8
4
10
1
2
1
7
1
10
10
2
7
1
1
18
16
6
2
1
3
2
2
1
4
2
9
17
2
1
3
2
25
2
11
1
26
1
1
1
1
27
1
44
6
2
2
1
3
3
55
2
1
2
2
12
1
2
4
3
2
3
1
1
8
1
1
7
2
2
2
6
2
2
10
1
2
1
3
5
1
2
6
1
27
3
1
4
2
3
4
2
2
1
2
6
45
1
3
1
1
2
4
1
1
11
3
1
7
2
1
2
3
1
4
4
2
18
1
7
18
2
3
3
20
22
74
4
3
3
13
1
3
29
2
2
10
1
1
1
13
10
1
2
2
1
22
1
10
7
3
2
5
1
7
1
2
2
1
1
1
1
1
4
1
2
1
2
6
1
5
6
10
5
4
1
8
5
2
2
2
1
2
2
1
5
3
2
2
1
4
38
47
11
14
2
1
4
3
1
1
1
2
19
3
3
1
7
5
2
17
1
6
2
3
2
5
1
3
2
2
1
6
1
2
2
4
2
1
1
2
14
11
5
8
1
7
6
1
2
3
5
2
6
5
8
33
1
2
6
2
3
88
12
2
7
2
3
28
29
1
2
7
1
4
9
9
1
19
2
2
2
11
4
31
13
14
2
1
2
8
1
3
1
2
1
5
8
2
3
13
1
1
1
1
1
5
4
30
8
1
1
1
7
1
1
23
1
1
3
3
2
1
6
2
2
4
1
3
2
1
1
13
1
3
5
1
2
9
4
2
1
1
3
1
1
1
2
6
7
12
1
3
1
1
6
8
3
2
1
3
1
8
3
1
1
24
1
6
5
2
2
4
8
19
9
1
1
1
2
5
3
2
1
5
4
1
39
2
1
1
5
2
1
8
4
2
2
10
1
4
9
1
2
2
7
1
1
2
3
4
2
2
5
2
1
2
1
3
2
2
6
3
2
4
25
11
14
11
6
1
2
4
1
1
3
3
6
2
1
10
12
1
4
1
2
7
2
5
8
8
1
4
2
3
3
4
1
1
2
7
2
2
25
1
1
3
4
6
3
4
1
6
12
2
1
3
4
1
2
9
8
5
1
8
3
2
59
3
3
35
1
3
2
1
1
2
2
2
3
1
41
1
2
1
6
3
2
2
1
1
1
12
90
5
1
2
4
2
5
1
9
3
4
3
2
1
1
43
1
4
1
2
2
3
2
2
1
3
6
6
7
4
29
11
1
6
3
2
1
3
4
6
1
23
3
2
1
5
6
1
2
2
12
8
11
7
4
41
2
3
1
7
5
2
2
1
1
5
1
2
36
8
1
2
2
4
4
3
1
2
1
3
22
1
1
1
1
1
6
1
6
2
3
2
5
1
3
2
8
15
13
4
5
1
1
6
8
5
5
39
1
6
2
2
3
3
2
5
1
2
6
2
10
12
1
1
2
1
1
9
1
2
3
2
4
3
2
1
1
4
1
9
1
1
84
3
4
1
1
1
6
11
2
3
2
9
1
1
5
1
2
2
1
5
1
3
1
2
7
5
15
1
2
1
1
2
1
1
1
2
4
11
14
2
2
37
1
13
3
2
18
32
1
43
16
42
3
3
2
13
3
1
32
2
4
4
1
1
1
1
3
12
1
6
5
19
1
3
1
2
3
1
1
4
4
5
2
19
1
8
5
2
3
6
4
2
1
4
15
4
2
2
6
3
1
5
7
13
5
2
1
21
7
1
4
1
3
1
17
9
2
27
75
1
1
3
1
2
3
10
3
10
1
2
6
2
1
4
31
3
15
2
8
6
1
1
1
3
3
27
5
4
12
22
5
10
14
4
1
11
3
1
10
2
15
1
11
3
1
3
4
2
1
11
8
7
4
11
7
1
3
5
3
1
1
4
2
1
3
1
5
19
7
2
4
1
19
8
2
31
3
2
1
35
1
4
1
41
2
11
2
2
14
1
2
2
2
1
1
2
11
15
1
1
1
1
8
8
4
11
5
3
1
2
3
1
3
1
1
3
5
18
4
1
5
11
1
3
2
1
9
7
1
1
1
2
1
26
2
2
6
2
2
7
1
1
1
5
2
2
4
1
3
14
1
3
4
1
20
2
11
1
21
6
3
1
1
6
3
6
9
5
1
3
2
15
9
2
5
2
1
27
5
1
6
2
7
1
6
3
3
6
1
2
1
4
2
2
3
30
1
1
1
8
1
1
3
5
4
1
26
2
3
4
1
3
6
1
2
11
8
1
7
7
3
7
6
3
2
6
2
23
6
1
3
2
1
3
2
3
3
18
6
1
1
3
4
6
1
13
2
1
3
1
2
5
2
5
7
6
2
1
6
4
2
12
1
1
15
7
2
2
2
9
16
2
8
39
7
3
2
56
5
8
7
2
9
1
5
20
7
15
3
1
3
1
3
2
1
3
1
2
1
1
13
1
10
8
2
5
18
5
1
15
1
4
1
16
4
2
1
2
1
4
1
7
1
1
16
10
11
2
2
4
3
6
3
10
17
1
3
2
2
4
2
9
3
13
19
1
1
1
1
3
5
1
1
1
6
21
1
2
3
8
2
1
1
17
45
6
2
2
4
12
8
3
3
1
11
9
10
2
5
1
5
1
1
7
1
7
8
18
2
1
1
3
1
4
2
5
16
2
26
12
1
59
2
2
5
3
14
11
1
17
16
3
3
7
2
7
4
3
11
1
23
2
17
4
1
9
4
2
2
14
3
23
10
8
1
6
15
5
1
6
1
1
17
33
5
18
7
7
10
12
19
3
1
4
4
1
6
2
17
19
2
2
1
7
2
6
5
3
8
18
1
7
5
1
10
1
4
8
1
11
8
2
3
12
6
3
20
28
10
1
2
4
6
15
6
1
2
2
4
25
3
8
3
1
3
6
1
1
2
11
14
3
13
2
12
26
8
3
3
8
