1
1074
2
1210
59
541
27
16
2
170
361
353
23
164
953
315
6
400
84
1198
80
1476
20
84
3
23
497
107
91
493
4
83
3
487
15
4
320
18
350
6
127
25
20
40
191
36
270
95
194
158
289
583
10
4
1
521
1
315
570
823
32
29
701
7
708
61
1086
4
49
156
3
113
519
12
39
39
37
186
166
559
450
71
15
27
571
341
1357
197
369
389
64
529
70
3
174
156
244
4
330
353
523
32
149
180
9
110
401
213
1
172
44
13
63
350
5
427
13
646
163
106
1
141
207
567
15
31
2
6
108
2
98
7
2
107
63
207
40
70
33
15
203
6
6
58
519
104
840
2
549
193
293
1141
529
269
11
31
345
383
199
568
489
63
282
132
1683
16
7
298
4
10
624
124
82
245
3
56
68
2
193
79
1
42
34
29
29
525
3
285
3
152
262
163
88
21
47
86
495
9
13
2
583
59
362
18
1484
22
164
8
13
923
396
110
158
180
1503
507
292
18
32
183
89
1
772
279
481
353
9
181
429
10
21
1
958
569
42
332
517
130
129
525
123
1
111
638
175
27
450
485
432
232
332
3
8
1
88
1
22
36
4
447
452
566
25
48
2
414
13
63
6
95
487
86
14
957
110
1
124
557
280
11
347
1724
5
346
3
79
3
832
10
509
349
35
159
12
24
7
159
4
113
31
63
3
697
32
412
336
719
617
132
503
139
315
7
100
9
429
290
2
391
417
30
29
104
1197
258
4
2
99
168
3
172
46
1
494
39
506
529
108
6
69
14
117
