3
1
5
1
1
6
1
2
6
23
1
1
2
1
2
1
1
1
1
1
1
1
1
10
1
1
233
1
1
1
1
1
2
4
1
12
1
1
2
24
3
1
3
3
728
1
2
1
260
2
27
2
2
1
3
2
15
28
8
1
1
1
1
2
1
1
1
1
1
1
1
1
124
1
1
3
24
2
3
1
2
1
164
1
746
25
7
1
2
1
1
714
5
1
7
1
1
1
3
1
20
1
1
7
1
5
1
1
1
6
2
9
5
1
8
3
2
20
1
189
2
1
3
1
2
5
4
9
2
1
1
6
25
1
1
2
51
983
6
1
2
1
2
1
2
1
1
10
1
5
1
1
3
1
1
357
1
2
1
4
4
1
3
1
1
3
1
1
1
1
1
1
1
2
1
2
25
1
1
24
1
1
8
8
6
2
1
3
1
2
1
1
5
1
1
5
1
1
62
3
4
8
1
1
1
2
1
2
1
1
4
1
1
1
2
1
1
2
1
7
2
10
2
2
4
1
4
1
1
1
1
3
1
1
2
2
2
2
1
2
1
1
1
1
23
1
3
2
3
1
4
1
1
1
1
1
1
1
9
1
2
1
4
1
1
1
1
1
3
13
11
1
1
5
1
1
7
7
1
4
1
5
1
1
1
16
5
1
3
1
1
1
598
1
1
2
1
1
2
10
2
221
1
1
1
2
2
42
22
1
1
4
1
6
1
1
2
1
29
1
6
1
1
2
14
4
2
1
1
4
1
1
5
1
1
28
1
3
2
1
1
6
18
5
1
6
13
1
4
5
1
2
2
2
1
1
3
2
1
2
1
7
1
16
1
3
8
1
65
1
2
33
39
1
1
1
3
3
33
2
1
1
3
3
10
848
1
4
3
3
2
1
1
1
2
1
1
3
2
1
12
1
1
1
1
2
10
69
1
293
5
2
1
1
1
2
3
1
1
30
1
7
2
1
5
1
1
1
1
1
4
2
1
1
1
1
33
2
4
45
4
1
2
8
1
23
1
9
1
105
1
4
54
11
36
14
1
2
1
1
1
1
3
25
1
1
3
1
1
5
1
1
3
2
2
1
3
1
1
1
1
1
3
1
7
3
2
1
6
1
1
1
1
2
2
1
1
1
2
1
1
1
1
83
6
29
1
1
1
1
1
13
1
1
1
7
2
3
5
1
5
2
111
1
14
1
15
2
4
1
6
1
1
93
1
1
2
39
3
1
1
1
1
2
1
1
257
1
1
2
1
1
5
1
16
4
605
25
2
1
2
3
4
1
1
1
1
2
25
13
845
2
3
4
3
4
4
11
2
5
1
1
7
1
2
1
1
2
11
1
583
16
1
1
1
1
1
1
1
1
1
1
3
4
1
2
15
1
1
2
1
3
1
1
1
35
1
4
127
37
14
1
1
1
1
2
1
1
1
55
2
1
2
1
6
1
1
1
1
1
2
1
4
1
1
2
1
1
1
1
1
1
2
1
128
130
1
1
2
1
1
16
2
6
1
1
1
1
3
1
10
1
3
5
11
4
1
141
1
8
3
33
1
1
33
5
1
10
2
2
7
1
7
20
1
1
1
1
1
5
195
49
474
5
1
1
1
1
2
3
19
71
1
2
1
1
1
100
1
1
4
24
3
1
7
3
1
6
3
2
1
1
2
7
1
27
110
1
1
4
1
1
1
1
1
2
1
23
1
1
2
3
1
1
16
1
4
167
1
1
1
1
1
1
1
1
1
1
1
34
104
28
1
14
1
2
28
2
12
2
1
6
1
3
1
1
1
1
1
1
3
6
1
2
4
523
1
1
3
240
3
1
116
208
231
1
1
11
2
12
1
1
1
1
15
9
1
1
1
1
1
4
1
1
53
1
1
1
4
14
2
5
2
1
1
1
1
1
1
2
1
2
1
1
2
27
1
1
1
67
1
1
1
1
1
1
1
1
1
1
35
1
42
9
8
1
5
1
1
1
1
2
2
12
1
1
1
1
221
2
1
1
1
2
1
1
1
2
4
1
1
1
25
13
1
1
1
2
1
1
3
2
1
20
1
1
1
23
1
4
2
2
4
1
5
1
1
2
3
1
20
2
1
2
2
6
1
7
2
10
7
2
250
1
3
1
2
1
14
1
31
8
37
1
1
3
2
1
1
1
1
4
4
1
1
3
1
1
2
1
1
8
2
296
1
1
6
1
3
1
6
1
1
2
1
1
2
1
1
1
1
60
4
1
1
1
1
5
1
3
5
51
1
15
2
2
1
1
1
1
6
4
1
19
1
1
4
1
39
1
4
2
1
2
7
5
2
1
1
2
1
1
1
1
1
6
6
1
1
1
1
5
1
4
1
1
3
2
4
6
3
24
2
1
1
7
14
4
9
2
1
1
1
1
1
2
3
4
19
2
4
2
1
1
1
1
4
1
6
1
19
1
192
1
1
1
5
18
4
21
4
1
4
1
4
1
16
1
20
1
2
1
133
1
1
3
1
65
1
25
1
2
1
1
53
7
9
16
1
2
2
1
1
1
1
1
1
1
10
1
3
1
1
1
2
1
5
3
2
1
2
5
3
2
2
2
43
1
5
1
1
17
3
1
1
62
16
8
4
55
1
1
19
1
1
4
2
10
4
1
1
4
1
1
1
1
2
1
1
1
423
1
2
3
24
2
1
1
2
1
7
1
1
1
4
1
7
1
1
23
1
1
5
1
1
3
9
3
1
1
14
1
5
5
1
1
12
1
1
3
2
31
1
1
6
1
3
9
11
1
139
9
1
2
1
2
3
2
1
1
6
1
1
10
1
6
2
2
1
268
7
2
21
5
2
1
50
1
1
1
1
1
1
36
3
1
1
2
1
1
11
1
2
1
23
1
1
1
6
8
1
32
61
1
1
1
14
7
3
3
1
3
1
2
2
436
1
34
25
6
1
2
24
6
1
1
4
3
1
1
2
2
1
6
1
1
2
2
122
894
7
472
1
26
3
1
3
2
2
2
2
2
1
11
3
1
5
2
1
2
2
6
1
1
1
1
1
1
1
1
1
1
1
3
4
2
8
3
1
1
24
2
1
1
3
1
1
196
1
48
1
1
1
2
1
53
5
1
1
4
1
1
1
1
1
52
3
1
1
8
5
5
1
1
1
1
17
1
8
33
20
9
4
1
1
1
1
39
1
1
1
3
3
13
19
6
1
105
1
1
1
1
1
2
122
1
2
1
12
1
11
4
10
1
1
1
1
1
1
1
1
2
1
2
1
3
1
1
3
31
2
1
1
1
1
3
48
11
2
1
3
1
177
2
1
1
1
1
22
1
1
1
2
1
8
1
1
10
1
2
49
1
4
1
92
16
1
1
12
1
1
87
7
10
1
1
3
35
21
4
1
1
1
1
2
1
4
1
1
25
1
1
1
1
2
4
2
2
1
8
49
1
1
1
3
1
1
16
34
19
1
13
7
1
1
1
1
1
1
3
1
15
3
5
6
8
1
9
1
1
18
4
5
3
11
3
6
2
1
1
20
1
15
2
1
3
1
14
1
1
1
9
1
1
229
13
2
3
17
1
1
6
1
1
6
1
1
9
5
1
128
1
1
1
1
1
1
5
4
6
3
2
1
1
2
107
1
25
5
64
4
1
17
1
1
126
3
1
144
2
1
1
2
5
1
1
2
145
1
1
4
12
73
1
1
1
1
6
9
157
14
1
1
486
2
5
1
1
1
1
1
8
11
1
196
1
5
1
1
19
2
6
1
3
8
2
108
16
2
2
1
1
697
3
1
2
35
1
2
3
17
176
7
1
1
1
1
6
1
8
1
3
1
1
2
22
3
1
1
44
2
1
1
4
1
2
2
1
1
62
1
1
44
4
9
1
1
1
7
1
1
1
1
1
1
1
2
1
1
1
2
6
2
1
1
1
1
2
86
27
3
1
16
1
1
42
1
1
1
1
1
1
1
1
1
1
1
2
2
1
3
1
1
32
4
2
1
1
1
3
7
2
18
6
1
5
1
1
2
1
1
1
87
118
1
1
1
3
3
8
1
1
7
14
13
59
143
1
27
1
8
52
1
3
2
13
11
3
43
4
11
1
1
5
1
1
2
1
1
1
1
38
1
8
82
1
1
1
7
90
2
1
1
1
19
1
1
4
20
1
12
2
60
1
4
1
1
2
47
2
2
4
1
298
1
165
1
21
1
17
3
1
1
1
8
176
1
1
8
1
1
5
1
41
1
1
15
1
6
1
1
2
1
6
46
1
8
35
2
69
4
6
194
1
326
238
1
6
1
1
2
633
1
2
235
1
2
3
8
302
2
1
82
7
1
1
2
10
8
4
1
1
77
1
8
30
1
13
19
252
1
2
1
1
1
2
24
1
1
1
6
1
2
2
1
1
2
2
1
1
6
1
1
198
1
2
4
1
1
127
1
1
7
6
27
167
28
1
1
2
2
35
1
4
1
1
1
1
1
1
1
1
1
1
1
3
1
1
1
1
1
4
1
3
608
5
1
1
1
1
11
1
1
2
2
1
4
1
1
1
5
1
1
8
1
19
4
2
1
10
2
3
3
1
1
2
1
1
1
1
1
1
7
1
2
9
1
1
4
5
1
1
1
1
9
6
1
1
1
1
3
1
1
1
19
2
7
893
1
2
18
1
2
205
6
1
2
1
1
2
1
1
1
2
2
1
5
21
1
62
87
7
1
1
1
1
4
2
22
7
1
5
1
252
2
1
35
1
3
1
19
1
1
274
2
1
1
2
2
43
1
1
1
1
1
1
1
180
1
54
1
2
2
1
1
1
1
154
1
6
3
1
21
3
2
1
30
1
1
2
75
1
155
1
2
1
1
9
1
18
1
1
3
1
4
2
1
1
1
1
1
1
2
34
1
1
5
3
1
8
3
3
1
1
1
1
3
1
17
12
1
1
1
1
4
1
2
2
1
1
1
1
1
1
1
1
6
1
1
1
1
5
1
1
1
11
1
37
1
415
8
1
8
1
4
19
1
4
3
1
1
1
82
4
4
1
5
1
3
2
3
1
1
2
2
7
1
1
2
1
3
8
48
1
1
10
1
2
43
1
2
2
3
1
122
106
332
1
5
1
25
1
2
1
1
4
1
1
1
4
3
1
1
1
5
615
1
8
2
23
51
1
1
4
1
2
1
18
1
1
3
1
2
2
1
2
1
2
273
13
1
74
14
16
16
1
1
1
2
1
2
1
37
1
1
4
1
17
50
1
1
2
4
1
1
1
46
1
33
1
1
1
9
1
1
1
31
1
1
32
50
1
1
1
4
4
1
1
1
1
5
1
1
5
1
1
1
49
2
1
1
4
4
1
1
1
1
1
2
1
1
1
12
6
2
1
1
1
3
1
11
1
1
8
1
1
2
18
308
1
2
1
1
107
62
1
1
1
1
2
1
4
7
4
2
2
2
1
1
3
1
107
64
7
3
1
3
1
14
4
1
2
1
1
4
1
5
1
1
1
1
1
1
18
2
1
1
1
1
3
1
6
1
3
15
1
7
1
1
1
21
3
1
1
8
2
8
1
5
1
4
40
1
2
1
1
5
3
9
1
13
1
1
1
2
1
41
3
1
1
24
2
1
2
18
1
1
1
1
1
2
7
1
11
1
1
1
5
1
1
9
336
1
77
3
2
1
4
517
1
2
1
2
58
1
1
2
1
1
1
3
2
7
2
16
303
7
1
1
13
1
1
235
3
1
1
1
6
1
1
1
2
1
1
1
1
1
1
1
2
1
1
23
1
2
2
1
1
1
1
1
1
1
1
1
1
3
90
2
1
1
1
25
40
16
13
3
6
4
4
5
1
10
1
40
1
35
5
1
32
1
33
1
2
2
1
2
5
343
1
1
7
1
15
2
3
14
245
115
3
1
1
1
9
5
1
273
1
1
1
1
2
1
1
4
1
349
2
1
1
66
1
8
2
3
1
1
2
1
7
16
1
4
1
3
18
52
2
16
1
3
1
1
1
5
14
1
1
3
1
1
3
3
1
261
5
1
2
1
1
1
70
2
1
16
3
1
3
2
2
1
2
1
1
2
1
7
42
11
4
14
2
1
1
1
4
1
1
3
88
2
3
1
5
1
61
375
1
1
3
1
3
4
1
2
1
1
2
8
11
1
1
1
2
1
1
1
1
12
9
1
1
1
1
1
45
5
1
3
1
1
3
84
3
1
1
1
51
342
1
4
2
3
2
1
3
35
1
2
1
468
3
88
31
101
1
1
2
39
6
3
30
75
2
165
1
1
1
2
1
1
1
58
1
2
16
1
1
1
16
1
1
1
1
4
1
1
1
2
1
1
2
17
2
1
5
5
4
1
6
4
1
12
21
1
1
6
1
1
11
217
1
1
24
4
3
12
7
1
1
25
2
8
3
1
3
2
1
1
3
1
4
3
8
6
1
5
1
9
114
1
170
1
2
1
1
6
510
1
1
2
1
1
1
4
5
1
32
1
1
1
1
1
2
1
1
1
2
1
3
16
1
4
15
2
1
1
3
483
10
1
1
1
10
18
3
4
4
2
1
5
1
6
1
1
1
1
7
5
1
11
1
1
51
1
1
2
1
1
2
1
40
2
1
20
2
2
1
1
2
1
14
1
3
1
1
1
35
1
3
1
1
1
13
16
1
8
23
1
1
3
1
12
1
2
3
3
234
6
2
4
1
2
1
5
1
66
1
5
1
1
1
1
1
1
1
1
1
1
11
1
1
2
5
1
1
1
1
1
3
3
1
87
2
1
1
2
25
1
4
2
3
1
4
17
1
1
1
1
2
4
182
3
3
2
1
13
1
3
2
1
1
2
1
1
1
1
2
1
1
25
1
129
9
1
1
1
2
1
14
29
1
1
1
1
10
1
1
1
4
2
1
4
1
34
1
2
4
1
190
11
199
1
2
1
3
1
2
1
1
1
1
4
8
1
1
1
4
1
1
3
1
1
1
65
36
1
5
283
8
4
1
1
1
3
3
1
8
1
2
1
3
1
2
39
2
1
71
1
2
4
1
25
2
1
1
3
1
1
1
14
1
1
1
1
3
1
2
2
16
2
17
1
1
1
2
1
1
1
1
10
7
278
1
7
3
1
1
4
1
1
1
10
1
4
1
2
3
2
36
2
1
1
2
1
3
2
5
10
6
1
2
1
5
3
1
8
1
1
8
7
1
26
1
18
3
2
1
1
2
14
354
12
5
1
1
3
1
7
3
1
16
1
1
3
8
2
2
1
43
1
1
2
1
1
1
1
1
1
2
19
2
69
5
372
1
764
2
445
1
5
2
1
1
1
3
3
3
11
1
1
6
7
3
3
1
1
1
276
2
4
21
1
2
1
1
2
1
2
1
1
5
2
1
1
1
1
1
1
1
1
23
1
7
1
2
10
5
1
1
24
13
1
1
1
2
1
1
1
3
1
3
2
2
5
1
1
1
1
2
12
78
2
2
1
1
1
4
10
1
1
41
9
1
4
2
11
3
2
5
20
1
1
1
18
12
3
139
1
1
1
1
1
3
7
4
4
2
1
7
1
2
1
1
1
32
8
1
17
3
2
4
1
258
16
31
3
389
1
3
1
9
3
1
2
5
1
1
1
1
1
11
2
1
1
1
35
2
1
6
18
13
1
2
1
26
22
2
7
1
2
16
1
1
9
1
1
5
4
2
1
4
16
12
1
1
1
1
1
2
2
1
3
35
1
5
1
7
15
1
1
10
1
1
3
13
4
1
1
2
1
1
1
1
16
1
1
1
2
1
1
17
1
39
1
1
54
1
1
1
1
1
1
120
2
1
1
2
1
1
1
4
1
2
1
1
548
15
1
1
1
1
1
1
1
5
418
1
1
3
1
5
1
1
1
1
2
320
1
1
1
1
5
2
1
2
1
1
4
1
10
376
1
1
6
1
1
1
15
9
233
1
1
1
371
1
1
1
1
1
1
38
63
2
4
1
2
2
1
1
1
1
1
2
1
275
1
46
128
84
54
101
1
507
3
1
1
1
11
3
1
3
2
1
2
1
1
1
3
60
1
1
1
1
11
1
4
58
2
1
1
1
4
12
1
55
2
1
1
4
1
1
1
2
1
2
1
2
6
2
1
570
1
4
1
1
1
2
1
62
2
2
1
1
66
1
2
2
27
54
1
1
4
3
4
3
570
1
2
21
21
1
1
2
1
3
1
8
5
1
1
5
7
2
13
16
2
1
1
2
1
1
4
2
3
14
1
63
1
29
427
5
1
3
1
53
5
1
4
42
1
5
1
1
1
1
1
1
2
2
1
2
13
168
1
2
6
1
3
6
1
14
1
1
2
1
1
1
2
1
5
1
3
337
8
1
1
1
1
1
1
1
1
1
3
1
2
1
2
7
1
1
2
1
1
4
1
21
1
2
3
2
1
3
1
1
1
1
8
5
1
2
9
1
2
2
2
1
1
1
1
1
1
1
7
2
1
1
32
121
1
21
7
1
2
22
1
1
1
11
1
1064
1
1
1
4
1
1
38
3
1
1
159
51
3
1
4
1
69
1
2
1
6
1
1
1
1
1
3
2
2
77
1
68
1
2
111
18
1
20
2
16
1
8
1
1
1
1
322
3
1
74
664
1
13
1
1
3
4
1
10
18
1
1
5
78
1
2
87
1
4
1
1
666
1
4
34
30
1
1
2
2
100
25
2
1
1
2
1
3
194
2
1
1
2
5
1264
1
5
1
4
1
5
70
1
31
82
2
1
1
3
1
16
16
2
5
22
1
1
1
1
1
1
4
66
3
1
3
1
1
1
3
2
1
2
2
2
1
3
11
7
1
2
3
2
1
1
21
1
4
7
1
2
1
1
1
2
5
1
3
9
1
2
2
1
2
1
1
2
1
1
1
3
2
1
1
1
12
64
1
1
147
1
1
4
6
11
6
14
1
1
5
1
2
2
2
1
1
1
4
5
1
1
1
2
1
1
1
2
2
2
4
1
2
3
1
92
2
1
1
1
34
1
1
5
2
1
1
1
1
44
13
1
2
417
3
1
1
5
1
46
1
1
1
1
1
122
1
20
2
1
1
1
1
1
1
1
1
2
2
1
1
1
20
81
2
2
1
1
6
1
1
2
1
1
1
36
2
1
7
1
139
1
1
1
5
7
1
2
28
1
1
90
1
1
8
1
20
6
1
3
20
1
1
8
4
15
3
1
1
1
3
1
501
75
1
3
2
2
1
9
60
1
238
8
1
3
1
1
11
3
1
1
10
1
1
2
1
1
6
1
1
5
1
1
151
9
1
1
3
1
1
5
1
1
1
2
1
1
1
1
1
1
3
152
473
1
1
11
1
1
2
2
12
1
1
1
2
1
2
1
1
1
1
5
11
5
1
4
1
2
101
13
2
2
19
1
1
1
2
2
1
1
2
1
1
2
1
4
25
10
59
1
1
3
1
2
92
4
2
2
1
1
5
1
28
2
1
4
4
2
1
1
1
21
58
7
2
3
1
7
6
3
307
2
1
5
1
3
7
1
36
1
17
1
4
1
1
1
1
1
1
1
2
1
8
1
1
5
1
11
3
1
1
2
1
3
1
1
1
1
1
2
2
1
4
7
2
3
4
2
631
2
4
1
4
1
10
1
1
1
1
10
1
123
1
1
2
1
1
61
1
5
1
2
28
1
20
1
2
1
4
4
1
3
23
2
2
3
25
4
2
10
1
1
1
4
1
1
1
3
7
4
1
1
1
1
2
2
2
1
1
1
1
37
13
3
1
1
54
5
1
1
3
1
1
1
1
1
1
1
1
24
3
4
1
1
18
1
2
1
5
66
1
1
1
351
1
1
1
3
1
2
1
8
3
1
1
1
1
1
2
1
4
1
3
1
1
1
1
93
17
1
1
10
4
5
2
1
2
3
1
2
1
1
1
1
1
10
212
1
1
1
3
2
7
1
1
2
1
2
9
1
1
2
36
1
3
16
2
1
8
1
1
1
3
2
5
60
2
1
3
1
13
6
1
20
27
2
1
1
1
8
5
5
2
4
1
3
1
2
1
1
125
1
3
1
1
1
1
2
1
2
1
5
27
7
38
2
1
4
1
2
1
1
1
35
1
3
1
1
1
1
18
1
1
1
1
1
30
671
1
4
130
4
2
1
1
1
109
1
1
1
1
1
8
10
4
4
1
1
1
1
6
1
14
6
1
1
1
26
1
1
1
1
150
1
454
10
9
3
2
7
2
1
36
4
3
27
1
2
1
2
2
45
3
1
1
4
2
1
1
1
1
1
1
1
1
299
4
2
1
17
1
1
1
7
1
1
11
1
1
2
1
1
1
1
1
4
1
1
1
1
1
14
4
1
6
4
1
1
2
447
1
14
2
1
1
87
2
1
1
90
1
1
11
2
15
2
1
3
15
20
1
2
85
1
2
1
1
1
1
1
2
1
1
1
1
13
1
2
6
4
1
6
1
6
1
1
1
9
2
11
5
6
2
1
1
2
25
2
1
15
1
359
2
2
2
1
1
1
1
3
1
1
2
1
2
1
3
51
1
1
5
3
1
4
1
2
89
1
3
1
1
1
4
1
3
1
45
1
3
6
4
1
1
26
2
1
4
1
179
1
4
17
1
20
1
2
1
18
2
1
1
5
2
9
40
1
2
1
1
1
4
1
2
1
1
15
9
2
1
2
1
2
1
2
8
1
2
1
12
3
1
2
2
1
1
2
4
8
5
1
1
1
5
1
10
1
1
1
4
4
36
1
6
3
1
1
1
1
1
1
1
29
1
1
5
1
7
1
1
3
2
1
3
2
1
1
1
1
3
39
1
1
1
1
3
7
3
1
1
3
4
1
1
10
1
2
1
1
1
1
6
1
2
1
1
1
4
4
2
2
1
1
2
1
2
1
7
1
2
3
2
3
3
5
1
2
1
1
1
13
1
270
1
1
1
1
1
1
1
3
1
3
1
76
9
1
1
1
1
1
2
5
1
1
1
1
1
1
5
1
3
2
2
1
2
1
1
2
40
2
34
1
15
39
1
1
2
1
1
1
1
2
2
1
1
1
1
2
2
3
1
3
1
10
1
1
2
6
1
3
1
10
15
2
22
1
2
1
2
26
1
4
1
28
2
1
1
8
23
1
2
3
1
1
1
1
2
1
3
2
1
2
2
1
205
2
12
369
1
1
1
1
1
2
1
1
1
1
49
5
37
6
1
1
3
1
9
1
2
1
1
3
82
1
1
1
35
1
1
18
1
2
2
1
30
1
23
1
1
2
11
1
5
406
3
1
283
1
1
1
1
1
3
1
1
17
3
1
1
46
1
2
1
2
3
1
1
4
2
2
7
90
1
1
10
436
1
1
97
4
1
1
4
1
1
1
1
1
1
8
1
1
1
1
1
1
1
22
7
1
1
5
1
17
3
1
1
218
4
1
4
1
2
1
55
1
1
1
3
94
3
1
1
3
2
1
2
5
1
1
1
148
1
1
8
12
2
1
1
28
1
13
2
1
25
1
1
1
1
2
1
2
1
2
1
1
1
1
9
79
1
1
1
2
1
2
9
2
1
1
3
1
2
3
1
1
9
1
1
2
1
1
2
1
1
1
1
1
81
1
1
1
1
11
1
3
1
16
4
1
2
1
3
1
2
1
9
4
17
1
1
1
1
9
1
28
1
1
1
2
1
1
1
1
1
1
1
20
1
1
1
1
1
1
1
137
11
1
4
3
12
43
2
1
1
2
8
7
1
1
2
10
340
157
3
1
1
1
2
1
1
36
1
162
1
1
2
1
2
1
1
5
3
1
1
2
1
1
1
1
2
1
3
8
1
3
31
10
1
2
1
1
2
4
2
1
25
1
2
9
1
1
7
2
1
1
1
1
1
10
1
3
2
1
1
1
1
1
1
1
12
23
1
2
1
1
28
2
1
1
1
3
1
1
1
1
1
271
1
1
1
15
1
6
1
1
2
9
1
2
1
1
7
3
2
1
2
17
5
1
3
6
3
4
1
222
53
58
4
1
1
3
9
1
17
2
23
1
1
3
1
1
1
1
2
1
1
32
12
1
2
1
2
4
1
2
1
5
1
5
25
1
1
36
1
1
504
1
1
1
1
1
16
1
17
1
124
1
40
56
1
13
13
6
7
3
1
377
1
1
47
1
4
2
2
4
1
2
1
1
22
1
1
54
1
1
1
174
4
66
1
259
73
3
2
1
11
1
2
4
1
1
2
1
1
4
1
5
1
1
4
5
36
1
1
1
12
3
10
3
2
9
63
119
1
1
1
1
1
4
1
1
30
2
19
4
1
1
1
5
1
2
1
8
1
21
1
20
3
2
2
1
3
1
1
29
175
1
2
1
1
1
1
1
1
1
11
16
1
10
1
2
1
9
189
2
1
5
1
6
1
9
1
3
1
1
6
6
2
1
2
4
43
12
1
1
9
1
3
23
1
11
5
96
13
5
1
1
1
1
3
1
1
135
3
1
1
1
12
1
1
249
7
7
4
3
1
1
1
404
1
2
2
1
1
3
1
1
1
2
4
1
3
1
1
1
2
2
4
1
1
2
1
4
5
4
3
4
1
4
24
1
15
15
1
2
1
1
1
1
1
14
3
543
8
1
1
305
19
7
1
3
15
1
1
5
1
1
8
2
3
1
3
3
3
46
2
1
1
1
2
1
1
1
11
2
1
13
1
2
1
1
2
14
1
35
417
1
1
1
22
1
1
1
5
2
5
1
6
1
1
2
2
12
5
12
5
8
6
1
14
1
1
6
4
11
1
1
2
1
1
1
490
3
2
5
7
125
12
1
1
1
1
2
1
1
2
23
127
1
1
1
2
2
1
4
1
1
1
16
10
1
38
1
48
8
6
2
297
135
2
3
1
208
1
4
1
7
1
1
23
1
4
134
7
3
5
1
9
1
1
1
1
1
1
4
2
1
1
1
1
1
28
48
1
120
1
1
7
1
2
5
1
1
2
2
1
3
1
2
5
1
2
16
1
1
6
2
36
1
1
1
1
1
1
1
2
1
1
169
1
1
3
22
1
19
1
2
1
1
363
1
55
1
1
1
1
3
1
1
1
1
3
4
1
90
1
1
1
15
4
1
18
1
5
1
5
1
1
1
1
2
1
6
1
1
1
1
410
1
8
1
1
11
4
1
3
18
2
1
1
1
1
3
2
1
3
1
1
8
7
1
4
1
1
3
1
2
1
148
1
33
7
1
1
1
1
3
155
157
1
1
1
1
3
409
1
2
1
1
4
1
2
515
5
3
1
19
2
1
25
3
23
1
2
60
1
2
1
1
77
1
14
4
18
37
1
1
2
1
1
1
4
2
6
1
1
1
1
7
5
2
358
1
3
1
2
1
1
3
360
22
4
1
2
3
1
1
1
2
1
1
2
5
14
80
1
1
1
1
2
1
89
34
8
1
1
10
1
2
1
1
1
1
4
1
11
11
1
1
46
1
1
1
1
1
1
7
2
59
1
2
1
2
1
1
1
1
1
1
6
6
2
4
1
1
1
97
1
1
1
15
6
1
38
1
20
3
2
107
1
1
1
6
5
1
13
1
6
1
2
17
1
1
1
1
1
6
17
3
1
1
9
1
31
1
6
2
18
175
1
5
2
74
1
7
1
1
1
27
11
1
1
1
1
1
1
1
1
1
1
1
3
1
1
1
2
2
42
1
2
2
1
1
4
1
1
1
1
1
1
1
1
2
1
18
4
1
1
1
1
1
1
53
5
1
1
1
1
1
2
1
1
1
1
1
1
3
1
1
6
1
5
5
1
3
2
2
1
5
2
6
1
147
1
6
2
166
1
1
1
6
67
1
3
1
1
1
10
23
2
47
1
1
1
1
2
1
56
3
1
89
1
1
1
5
1
2
1
4
1
13
2
2
1
1
2
1
16
1
1
7
6
4
1
1
1
2
1
1
113
2
1
7
1
31
1
1
1
1
2
1
13
2
1
1
117
1
1
317
1
6
1
1
1
1
1
1
13
7
1
2
117
25
8
1
1
6
13
3
1
10
5
1
1
5
1
2
1
1
1
1
1
5
1
1
4
26
1
1
241
1
28
32
1
3
1
1
2
1
26
3
1
2
15
1
43
4
1
1
3
237
1
3
2
1
7
1
1
3
3
1
2
4
1
1
1
1
1
3
1
47
6
1
47
1
3
2
11
291
9
1
5
2
2
1
16
22
1
3
354
17
1
7
37
2
1
3
2
3
108
1
2
1
1
2
2
1
1
1
2
1
6
2
1
3
3
59
1
6
58
2
1
1
2
1
4
1
1
2
10
136
1
3
91
1
83
27
1
6
1
1
12
23
2
8
4
1
31
1
8
13
2
3
3
2
1
5
1
16
1
2
1
14
2
1
2
7
1
2
2
1
1
26
1
32
434
6
1
1
1
1
1
1
2
3
45
8
57
1
1
1
6
137
6
1
1
3
5
2
4
1
270
1
1
2
1
3
1
1
4
1
1207
1
1
1
3
30
9
1
1
1
1
3
1
1
4
1
1
1
7
2
84
1
3
1
1
14
1
18
3
1
1
1
1
2
4
1
1
1
1
2
7
1
1
1
2
1
2
1
2
1
10
1
1
1
1
2
1
1
11
1
10
2
7
1
10
2
92
1
1
1
3
3
1
1
1
29
1
118
1
1
2
1
5
1
1
1
1
3
2
1
1
1
1
41
6
2
1
2
2
4
2
784
129
1
1
1
1
10
1
1
1
4
52
2
3
869
1
1
2
2
1
1
85
13
1
51
3
1
45
1
1
17
1
14
53
4
1
1
1
1
2
1
1
1
1
1
1
2
1
1
1
1
1
3
1
2
1
1
1
1
1
1
2
1
1
1
1
3
1
1
1
1
2
2
9
2
7
1
1
2
4
3
1
7
1
5
79
2
1
2
1
1
11
1
1
5
2
3
1
1
1
206
7
1
1
1
1
1
2
5
1
8
5
1
2
1
10
1
1
1
1
1
2
1108
1
1
25
2
4
1
1
1
1
2
1
1
1
2
1
2
2
1
1
1
38
3
1
1
34
2
1
3
1
3
1
1
1
1
4
1
1
79
10
2
1
1
3
1
1
1
1
2
2
4
1
1
6
9
1
1
14
1
2
1
2
1
1
1
2
1
2
2
1
2
1
1
42
1
30
1
1
1
1
1
1
4
1
6
1
1
1
1
1
1
5
11
1
2
1
14
192
1
1
3
1
1
14
8
2
1
22
8
1
1
1
5
13
1
5
4
1
4
8
1
1
1
1
9
2
1
1
12
1
3
5
1
4
1
1
6
3
350
11
1
1
106
332
2
1
9
1
277
2
2
94
2
1
1
15
2
81
1
1
1
1
1
3
2
3
3
2
1
1
3
1
16
2
1
1
13
12
1
3
2
7
1
1
1
1
1
1
1
2
1
1
1
3
1
2
7
2
1
3
2
88
1
2
2
1
11
1
1
1
1
1
2
2
1
7
1
1
3
1
1
2
8
6
2
1
3
2
3
1
1
2
83
1
1
2
2
4
39
9
2
1
1
1
7
3
1
1
1
1
30
1
2
1
1
1
1
38
92
1
1
6
1
13
1
1
1
1
1
2
2
1
1
2
1
517
1
2
5
1
1
4
1
1
4
21
3
6
14
1
1
2
4
6
1
1
1
1
27
1
1
1
2
1
1
3
25
1
1
2
1
1
1
1
1
1
3
8
6
17
1
2
1
2
1
1
3
1
1
2
4
1
1
12
1
1
1
182
1
1
2
1
1
1
1
1
1
1
1
70
1
1
20
13
343
1
2
6
1
2
1
231
1
1
1
1
9
1
6
5
3
1
10
1
1
4
4
1
1
1
1
1
2
1
2
1
1
1
1
1
1
10
1
1
1
6
1
3
1
1
2
1
1
7
20
4
2
1
1
1
1
1
2
1
1
4
1
13
1
1
1
47
1
1
1
45
1
1
2
1
14
1
28
1
6
12
1
1
1
26
901
1
6
1
1
1
1
1
1
1
2
1
1
1
1
3
2
1
1
1
1
12
4
1
1
1
1
1
2
1
3
1
1
4
5
1
16
1
1
1
566
2
1
2
691
1
1
1
1
3
2
1
1
1
1
18
4
2
1
1
4
1
1
5
1
1
2
1
4
1
8
1
6
1
1
3
1
1
1
5
1
1
1
1
10
1
1
1
309
73
1
1
2
1
1
1
2
1
1
5
1
1
6
1
1
1
4
2
7
10
3
1
2
2
3
96
3
1
1
22
1
5
137
3
2
9
1
111
3
1
1
3
235
1
1
1
2
57
2
34
5
3
3
16
6
1
1
46
1
1
1
1
9
2
2
1
1
1
1
5
1
3
1
1
1
1
17
3
1
42
1
1
4
1
2
3
2
103
3
1
3
1
4
1
3
1
7
1
1
1
2
1
1
1
2
2
3
2
2
3
14
1
283
284
3
1
1
1
1
1
1
13
1
1
1
1
1
90
2
3
1
1
1
26
1
1
27
1
11
1
2
13
1
1
101
1
1
3
1
2
1
1
1
5
1
1
1
1
92
1
2
3
1
3
14
1
3
1
2
2
5
2
1
3
3
11
1
2
1
2
5
1
5
1
2
202
1
1
9
4
32
1
2
1
1
1
1
1
1
2
1
1
4
1
1
11
53
41
2
2
1
4
1
1
1
70
1
1
5
8
3
2
1
14
1
1
1
1
1
1
2
1
1
6
1
1
1
2
5
7
2
1
37
15
3
1
2
1
239
43
1
30
1
55
1
109
1
6
4
1
1
2
1
2
2
1
2
1
2
50
4
1
1
1
1
1
10
20
10
1
8
4
1
1
16
5
3
2
1
16
1
1
5
9
14
1
1
5
29
5
1
1
3
1
1
36
344
18
1
1
1
1
2
57
4
1
103
3
1
4
14
1
2
12
1
8
1
1
2
1
1
1
1
9
5
1120
21
1
1
1
1
41
9
2
1
4
1
6
2
3
2
1
31
144
1
1
1
1
1
1
2
2
1
1
12
448
347
1
2
16
1
1
1
1
1
1
1
3
10
1
1
1
7
2
44
1
45
9
5
2
1
276
2
226
4
1
1
1
4
1
1
3
1
387
6
1
1
7
1
1
1
6
1
43
1
1
4
32
1
1
10
1
1
8
1
1
11
6
1
2
6
4
1
1
13
1
18
1
2
1
3
1
1
54
2
1
2
1
33
1
1
9
2
1
1
2
2
12
1
1
1
1
1
2
1
1
1
2
1
11
1
5
65
4
1
98
1
45
19
10
246
1
2
1
1
1
13
1
1
6
10
1
5
1
12
1
1
1
1
4
5
5
3
1
1
7
1
1
1
1
1
2
7
1
6
5
5
1
1
6
1
1
33
1
1
4
2
807
1
1
1
1
2
1
1
1
16
2
1
32
338
28
12
7
1
1
24
1
8
5
4
1
33
1
1
3
1
2
33
1
15
6
1
11
1
271
4
1
1
1
3
1
5
72
1
5
11
2
1
8
1
5
83
2
8
2
7
3
1
5
2
1012
1
18
52
2
1
1
1
1
4
1
1
3
1
1
1
7
4
5
1
1
46
1
1
1
2
2
2
2
32
3
1
1
2
9
2
2
7
6
38
2
2
1
1
5
1
13
3
2
1
5
28
1
5
1
1
4
15
1
1
1
1
1
1
1
2
55
43
2
1
1
33
1
1
6
70
1
2
1
1
1
1
7
1
2
1
2
1
3
1
6
5
47
524
115
1
658
1
1
2
1
46
2
1
1
1
1
874
10
2
84
392
1
1
15
3
1
1
29
6
51
40
1
5
2
20
7
1
1
1
1
3
1
1
1
1
3
1
79
35
3
1
1
2
1
1
2
8
36
1
1
9
160
1
5
1
1
16
1
1
83
1
1
1
1
2
10
1
1
17
1
3
7
1
1
1
1
1
11
49
1
2
1
1
1
4
5
2
15
15
4
3
1
2
1
1
9
1
48
2
119
1
21
2
1
1
3
2
10
12
2
2
24
1
2
1
2
2
1
1
2
6
1
2
23
1
2
2
4
54
1
1
1
1
2
685
1
3
1
2
32
15
2
1
11
1
28
1
1
1
2
3
1
1
1
2
1
1
1
10
3
8
85
1
4
2
2
2
1
1
10
71
1
2
1
1
1
1
62
12
1
4
1
2
6
84
1
1
1
1
2
8
2
84
2
1
1
1
1
1
31
1
3
3
68
3
2
1
2
1
8
4
1
2
2
3
71
41
96
1
53
4
3
1
1
6
3
1
1
1
1
1
1
7
1
1
26
1
2
2
2
1
1
3
1
2
1
3
1
9
392
16
5
3
9
1
1
1
1
1
1
1
2
1
9
2
8
2
4
1
322
2
1
3
9
2
1
1
2
2
3
1
1
1
3
1
3
10
2
4
3
1
2
4
27
1
1
1
1
1
8
1
1
3
91
1
6
3
1
1
7
1
1
3
534
1
4
1
16
1
1
313
1
1
1
5
3
159
5
1
1
1
2
1
32
1
2
3
2
5
2
2
1
1
1
1
1
22
1
3
1
189
4
9
1
4
2
3
19
7
1
3
48
616
1
1
1
1
8
1012
3
2
1
1
3
23
1
1
7
1
7
1
2
17
1
1
74
47
255
1
1
4
27
4
3
2
586
2
1
1
1
1
1
1
5
56
550
1
1
1
1
1
1
5
1
3
1
1
2
2
1
1
14
4
2
1
58
10
3
1
2
5
1
140
1
1
3
188
1
4
1
9
10
1
1
13
1
78
1
21
1
11
8
1
9
1
10
2
1
7
1
28
1
2
1
1
1
2
1
1
1
3
3
3
1
9
11
3
9
2
2
1
1
13
46
64
1
2
1
2
383
1
2
1
1
1
2
72
3
12
1
1
1
31
1
1
1
1
2
2
7
3
42
3
2
2
1
1
117
3
3
3
1
3
4
1
35
1
1
4
6
1
45
1
1
6
1
4
3
1
531
1
1
18
2
1
13
14
1
1
1
2
3
1
1
1
1
5
3
1
1
89
9
1
1
1
25
1
1
1
9
66
27
2
25
1
1
3
4
1
8
1
86
4
3
1
1
3
9
45
1
1
140
1
1
1
1
1
1
205
1
1
365
1
6
1
1
1
1
2
3
4
3
1
2
2
1
8
1
1
4
2
9
1
45
3
1
2
4
274
1
14
1
3
1
6
6
1
1
1
6
567
1
1
10
495
1
11
2
1
4
2
1
1
1
1
12
1
1
6
6
1
3
1
14
1
5
2
1
19
2
26
1
1
5
20
1
26
2
10
20
1
1
1
1
1
1
1
1
12
1
1
5
1
6
1
1
1
2
2
1
1
1
8
6
3
7
1
51
50
1
1
1
7
1
1
218
3
1
1
2
8
1
3
6
1
2
2
1
1
2
1
2
1
2
1
1
2
1
1
1
1
1
1
4
1
1
1
5
6
1
1
1
46
1
1
4
3
4
2
2
21
1
1
1
2
320
7
1
1
28
1
1
20
1
2
2
4
1
1
180
7
1
42
1
1
2
1
1
31
1
2
1
1
15
2
1
2
2
1
1
2
1
34
3
1
1
59
1
1
3
2
2
1
1
1
1
2
1
1
1
3
1
3
2
1
4
1
1
2
1
1
23
5
1
3
3
18
1
8
17
28
1
5
3
3
2
74
5
3
1
3
1
4
1
1
4
1
39
2
1
1
21
3
5
3
2
1
1
1
1
1
1
3
2
1
6
2
2
25
44
6
5
1
18
39
5
38
15
2
2
4
3
1
4
1
6
3
1
1
1
1
6
442
1
1
11
1
1
1
1
2
2
4
6
4
526
13
1
1
5
5
8
3
1
3
1
1
1
1
11
1
1
2
6
12
1
2
1
2
1
44
2
1
1
1
1
1
1
1
1
2
93
3
1
2
6
1
6
1
1
1
64
5
1
1
1
9
1
1
1
460
1
1
1
1
3
1
1
2
3
8
1
1
2
1
1
1
1
256
1
1
49
8
2
1
5
1
56
29
353
34
2
2
1
1
1
1
1
1
18
1
1
4
2
2
1
20
26
3
2
1
1
1
7
1
1
5
1
1
1
32
1
1
1
1
2
1
1
1
68
1
3
3
2
1
3
1
1
1
2
1
1
2
2
2
1
1
1
1
1
1
44
2
1
1
1
1
2
1
3
1
1
1
15
2
1
22
170
9
1
5
1
1
1
1
1
4
1
1
119
3
1
2
259
1
14
1
2
1
57
1
224
2
1
1
1
1
3
4
1
59
26
1
6
4
2
1
1
1
2
7
1
5
1
1
1
2
1
1
4
1
2
71
95
1
1
1
1
11
1
1
1
2
1
2
2
2
1
3
16
5
2
16
1
4
1
1
4
1
3
7
1
39
1
2
5
1
1
1
15
1
1
1
2
3
2
2
1
1
1
1
1
1
1
1
1
21
26
1
3
1
2
83
1
12
1
7
1
15
92
1
29
1
3
1
1
39
1
1
22
1
1
1
1
2
1
1
8
3
2
1
7
2
229
5
1
1
1
1
1
14
2
7
1
1
1
7
5
3
2
2
91
1
2
1
12
1
5
1
1
1
1
2
3
1
1
5
1
3
9
3
3
4
9
1
1
3
3
38
4
1
1
3
1
1
40
7
1
1
1
1
1
1
20
4
1
2
1
19
22
5
1
5
7
2
25
1
1
1
184
2
3
50
33
3
1
38
2
3
1
1
7
1
7
3
2
2
2
1
7
20
1
2
22
4
1
1
1
2
1
1
9
1
1
1
5
1
1
12
11
1
2
1
1
6
2
6
1
3
3
1
10
1
1
1
10
2
146
1
1
1
1
15
2
6
5
1
1
1
2
6
1
1
2
66
3
1
1
1
7
1
2
1
1
9
1
62
907
1
44
1
1
5
1
1
1
1
21
34
1
1
1
7
1
13
1
2
1
7
5
4
1
1
2
1
1
1
2
10
12
2
3
3
1
1
1
1
1
1
1
1
4
1
11
67
1
1
1
3
1
1
1
1
87
1
2
8
11
1
1
1
4
2
3
1
4
1
1
1
3
1
1
10
8
26
1
3
34
2
2
1
2
46
4
1
1
11
1
5
6
3
72
2
1
1
16
3
1
4
3
1
1
23
4
1
309
3
5
2
3
1
5
1
1
4
1
8
8
2
2
1
4
2
2
1
3
3
35
1
1
46
1
1
1
1
1
1
73
2
2
2
1
1
1
12
1
91
73
4
2
35
1
2
3
1
2
1
1
5
2
3
14
1
1
1
1
2
4
43
109
1
1
1
4
1
6
1
21
1
1
2
37
2
1
4
2
6
1
1
1
1
2
2
1
5
2
13
3
2
2
1
1
2
4
1
1
1
9
4
1
1
1
2
6
1
1
1
1
1
44
3
1
1
2
1
486
2
1
6
2
37
1
5
2
1
1
6
1
1
1
1
1
3
3
10
5
109
2
4
5
1
4
3
3
1
1
2
3
1
2
2
1
1
2
7
8
1
35
1
565
1
4
1
1
2
3
2
8
1
1
1
2
3
8
2
224
7
1
1
1
1
1
2
2
1
1
1
4
2
2
1
1
1
6
1
7
1
2
1
2
4
2
1
2
7
2
2
1
3
4
1
3
1
1
1
31
1
730
1
2
2
3
1
1
7
3
124
2
1
1
3
1
1
1
1
46
1
2
7
1
1
1
2
2
1
1
1
2
1
23
1
2
1
42
6
2
1
1
1
1
1
1
2
4
1
117
403
4
2
1
1
1
2
1
1
1
5
1
1
5
1
1
1
1
1
1
1
30
1
6
179
1
6
2
2
3
1
28
1
2
1
1
1
2
1
1
1
2
1
1
1
1
1
1
1
5
1
1
409
1
1
1
1
3
1
1
1
1
1
2
365
1
1
18
1
3
11
6
1
11
1
3
1
5
23
73
1
1
1
1
15
1
50
1
1
1
4
1
3
1
38
1
4
1
1
3
1
1
15
2
2
39
13
2
2
2
1
1
1
1
3
1
1
1
11
1
367
10
1
1
2
37
28
1
1
6
3
1
1
1
1
4
1
9
2
1
8
1
18
1
1
1
1
2
1
1
11
1
1
49
1
7
1
6
80
5
1
1
1
24
15
19
1
3
13
1
4
1
1
5
1
1
1
7
1
4
2
1
9
1
6
47
2
1
1
3
2
1
116
1
2
3
2
1
1
2
1
2
1
1
3
1
4
16
1
4
1
4
1
1
1
1
1
2
1
3
1
2
3
1
2
1
3
7
2
8
31
1
2
15
1
3
1
2
2
2
1
3
3
1
1
1
1
363
1
1
1
3
3
2
4
9
23
1
1
1
3
1
1
1
1
1
1
2
2
1
1
7
1
1
3
47
5
1
2
4
4
1
3
1
1
1
9
1
1
27
1
95
4
187
1
1
5
1
1
1
1
3
1
9
1
5
1
3
2
29
1
15
1
1
179
3
1
2
3
2
1
2
3
1
1
14
3
1
1
1
2
1
1
3
8
1
1
1
129
1
3
2
8
2
9
3
1
4
5
174
1
1
8
3
1
1
1
2
1
3
1
26
11
216
5
2
4
85
1
8
2
1
1
4
1
23
1
1
1
2
9
13
5
8
1
4
23
3
7
1
1
1
2
1
42
2
7
5
13
12
11
3
4
1
22
1
2
1
58
1
1
1
1
1
1
3
22
1
1
1
4
1
1
2
77
9
4
156
1
3
12
3
1
19
34
2
5
8
1
6
1
8
1
2
1
2
2
1
1
1
2
7
3
2
1
1
58
1
4
1
1
3
1
1
2
2
1
1
2
1
2
3
1
10
1
1
8
2
3
8
1
1
2
1
1
44
14
76
1
1
2
129
1
2
1
1
1
1
1
22
3
1
1
1
1
3
1
1
1
9
1
2
1
10
1
204
2
1
1
10
1
1
2
2
1
1
5
1
3
2
6
1
22
2
1
1
1
4
1
1
3
4
5
3
1
1
3
2
2
1
2
10
1
1
3
1
1
1
5
2
10
1
1
2
1
1
11
1
2
1
1
3
2
1
6
1
3
4
1
240
3
41
1
4
2
74
91
1
3
16
2
2
1
2
6
1
1
1
2
1
14
12
1
1
32
75
1
1
1
1
5
2
3
1
1
1
4
23
1
1
2
1
9
2
1
1
1
1
3
1
7
1
2
1
34
2
18
2
154
1
16
3
9
173
1
4
1
1
1
12
1
11
3
3
1
10
1
1
1
1
1
3
4
8
3
11
8
2
2
4
1
3
1
1
1
1
1
3
3
13
4
1
5
14
1
1
2
2
11
822
4
1
5
4
6
1
1
2
3
2
1
1
3
23
8
1
1
6
3
2
6
5
1
1
2
1
1
2
7
6
11
4
1
4
2
1
1
2
1
1
1
4
10
14
3
2
2
47
1
15
1
4
3
5
2
1
11
1
2
1
1
1
1
1
2
1
1
14
1
2
1
1
1
4
205
10
11
1
1
3
2
1
17
1
1
8
1
1
3
144
2
6
1
1
1
1
1
22
4
5
2
1
3
4
1
1
1
2
1
1
3
66
3
8
1
29
4
2
5
2
1
1
1
1
2
15
4
6
1
1
1
1
2
2
7
1
13
1
1
1
60
1
1
1
5
3
1
2
1
1
3
2
1
2
1
1
1
1
4
1
1
3
5
3
2
1
3
1
22
29
2
3
1
1
1
1
7
1
3
47
88
1
1
1
3
36
1
1
1
5
7
1
25
2
1
1
1
1
1
1
1
1
3
1
1
1
1
2
1
2
1
2
504
1
2
2
1
3
5
338
4
2
1
1
3
1
1
1
1
3
2
1
2
8
1
9
1
1
1
1
2
1
1
1
7
3
19
1
1
14
2
1
1
1
100
1
3
1
1
1
1
2
9
1
2
1
29
72
4
2
1
1
1
3
2
162
1
19
16
13
3
1
1
25
66
5
1
4
1
4
4
1
2
1
4
1
2
483
1
1
10
4
1
1
1
1
1
1
1
1
1
21
20
11
1
5
6
1
67
1
1
1
4
1
1
1
1
5
4
204
56
5
1
450
1
1
1
1
2
1
1
4
1
1
1
3
1
1
2
33
5
20
106
1
1
1
69
9
1
1
6
2
1
4
2
1
9
92
1
1
2
1
2
4
7
7
16
1
2
10
95
1
2
1
1
1
1
1
12
1
2
1
1
1
2
2
1
1
1
1
1
3
13
2
1
2
4
1
30
5
2
3
3
7
700
1
4
2
10
1
5
1
160
1
2
8
1
1
29
1
1
3
1
2
2
1
6
1
1
151
1
1
1
8
3
1
1
1
2
1
3
252
1
4
1
1
1
1
1
1
3
3
2
1
22
2
1
2
7
1
1
1
3
