5
1
2
1
7
7
7
1
5
1
24
5
2
8
2
1
1
6
2
1
40
13
8
3
16
17
1
2
10
3
25
5
4
75
36
3
8
3
7
78
18
6
6
27
1
3
1
24
6
67
31
10
29
18
33
16
1
2
6
1
2
6
3
3
2
7
5
6
11
11
1
1
4
6
13
4
21
3
43
3
11
2
18
15
8
6
1
1
5
4
1
11
25
2
8
4
2
2
2
1
117
8
2
6
11
2
8
3
19
32
1
2
4
5
3
1
1
7
23
1
3
5
20
3
1
3
5
1
5
1
3
22
1
31
11
2
14
64
2
1
5
18
2
69
4
3
1
10
7
46
2
1
1
4
3
6
58
3
1
3
11
57
1
24
1
27
4
1
3
1
7
2
2
14
5
30
1
3
10
8
7
5
4
1
8
3
6
4
3
1
3
5
1
4
60
1
15
6
3
2
39
2
19
2
17
5
6
21
9
1
3
15
11
4
5
7
3
3
7
2
2
7
27
39
4
21
2
1
9
1
3
3
6
10
4
6
1
28
7
32
4
56
7
24
48
62
1
3
2
1
2
2
19
2
4
5
15
2
1
7
2
6
6
7
17
4
3
8
1
1
7
5
1
1
2
3
1
7
6
34
1
7
18
15
1
2
5
16
30
15
1
10
20
1
3
1
8
2
3
4
1
3
4
28
5
8
9
3
8
5
2
32
76
9
1
14
1
2
1
1
4
2
2
3
11
2
2
5
12
88
3
1
3
2
10
23
18
9
1
4
6
4
4
1
27
13
2
1
1
2
18
12
22
2
8
11
3
7
5
2
25
12
4
3
7
4
2
8
5
1
1
19
5
15
2
4
2
6
18
21
1
3
12
1
9
1
7
5
1
1
51
3
12
1
1
1
3
12
11
1
3
2
12
7
3
5
5
2
2
1
68
2
1
18
1
2
1
4
22
38
24
11
1
4
18
5
1
15
1
15
6
9
12
3
2
2
1
8
1
1
30
1
5
11
13
4
11
1
5
11
3
1
2
10
2
2
5
3
2
6
6
4
3
22
16
9
1
1
4
3
4
2
23
4
53
1
71
1
3
9
2
2
15
19
3
5
2
35
8
6
6
13
10
21
6
3
29
15
10
8
2
8
13
2
1
4
11
2
3
5
15
11
2
1
1
5
4
2
3
4
3
2
7
8
1
1
2
2
1
8
1
6
3
6
23
2
1
14
3
3
1
5
4
3
1
9
4
44
8
9
4
19
5
1
3
13
49
30
8
2
2
1
27
1
1
7
14
8
2
1
2
10
1
2
25
1
6
1
1
21
5
12
1
2
9
4
18
13
2
17
11
3
7
14
1
42
13
2
1
1
2
1
30
9
2
15
9
14
6
5
28
2
32
28
2
3
14
5
88
26
1
1
1
1
14
23
1
18
1
3
15
2
2
3
2
10
1
1
29
2
2
2
7
4
2
10
9
8
2
4
2
8
2
2
7
16
12
11
1
4
11
2
1
2
2
54
6
7
3
6
4
23
1
25
4
3
3
3
1
4
16
7
5
4
1
1
1
7
1
44
12
2
8
2
2
2
8
40
5
1
32
7
3
7
13
43
1
110
2
54
15
28
13
7
41
5
14
10
11
10
1
2
2
61
6
2
22
36
39
23
12
2
1
14
3
12
13
36
2
1
2
1
29
2
1
1
36
10
12
55
4
23
4
2
7
9
6
35
3
10
2
3
25
4
13
2
5
39
44
1
23
12
2
5
1
3
2
6
2
1
4
9
23
25
1
2
4
1
1
72
12
69
24
9
3
7
42
13
2
5
1
1
1
5
26
6
4
17
1
3
2
3
1
2
1
2
2
3
26
52
4
19
13
4
1
51
22
2
6
32
4
2
8
2
21
6
4
2
25
58
2
6
9
22
1
5
110
7
1
4
21
2
6
2
7
28
4
1
1
3
8
52
7
1
1
2
3
45
1
12
9
31
4
8
7
6
17
15
13
1
15
1
37
1
5
2
11
1
1
2
1
1
1
4
2
19
19
6
5
15
36
3
20
3
6
7
1
13
2
4
13
12
20
1
3
1
7
3
9
9
2
3
1
2
3
78
1
1
2
1
28
2
3
5
52
2
5
19
4
2
54
1
1
3
14
5
2
1
5
7
3
8
3
3
10
19
3
3
4
14
32
2
7
6
1
10
7
4
3
124
4
4
1
1
4
3
44
1
1
1
3
4
2
14
7
4
2
1
26
2
2
3
60
4
28
7
19
7
2
3
2
1
1
1
6
1
11
1
47
17
7
17
6
7
1
5
14
4
5
2
3
1
6
88
9
1
5
2
13
1
17
9
2
2
2
1
6
3
2
2
1
1
10
41
4
3
6
28
12
4
2
10
1
3
4
3
6
2
5
1
5
7
25
17
1
7
35
3
14
1
25
1
2
31
10
6
2
3
1
1
2
7
5
6
1
8
3
7
4
2
2
1
18
10
6
6
2
2
1
25
1
1
32
26
29
44
18
1
1
1
33
31
1
2
2
2
1
4
2
2
14
4
4
1
3
2
2
1
1
2
2
4
4
7
6
6
14
7
90
21
1
20
15
13
4
7
6
15
12
4
2
17
17
30
9
11
9
7
20
7
2
14
11
2
2
2
3
6
8
1
27
2
9
17
2
6
2
5
4
2
12
46
1
1
10
10
3
4
1
2
3
1
9
1
3
1
13
6
7
20
22
4
1
2
3
5
3
1
1
6
1
15
2
3
119
2
2
2
1
33
2
2
15
4
5
2
1
5
2
7
1
10
3
1
2
1
6
4
16
24
2
24
33
19
2
18
4
15
11
10
51
17
15
6
6
7
2
5
24
4
2
17
6
2
2
4
2
18
16
12
4
3
63
45
1
65
14
9
7
16
2
3
2
25
7
6
1
1
18
12
1
8
1
4
7
1
2
2
33
42
41
2
4
13
1
2
3
7
3
13
38
16
4
1
2
21
3
5
3
2
1
1
21
1
1
42
3
23
6
2
7
12
16
25
2
22
33
34
7
5
2
1
4
12
1
4
5
3
15
7
31
13
18
15
1
2
1
4
25
3
12
8
2
4
56
2
1
48
7
6
25
19
1
1
2
7
23
1
55
3
1
8
3
2
4
4
2
4
2
4
2
11
1
6
1
21
4
2
8
5
11
1
2
12
14
13
15
2
2
2
24
20
15
16
92
9
3
8
10
1
1
1
1
4
13
9
1
1
4
5
24
5
9
31
2
5
1
51
17
9
1
1
4
11
8
9
6
1
1
3
2
7
8
27
1
9
9
6
21
1
14
2
3
3
94
48
4
55
3
11
5
2
5
22
23
1
1
1
2
3
16
1
1
9
2
4
29
1
1
8
16
2
50
75
1
