55
7
22
30
200
1
2
19
3
13
2
10
2
13
1
11
7
23
4
13
2
15
8
3
4
6
3
2
49
127
44
6
13
39
13
47
2
20
5
5
1
4
24
1
5
5
12
10
3
31
4
27
9
5
32
2
18
22
11
4
13
27
1
14
10
6
3
134
3
191
2
4
22
2
1
20
15
20
5
25
2
4
2
4
10
2
15
12
1
2
1
2
5
7
4
2
3
91
1
100
66
3
78
3
5
3
14
10
14
2
4
7
78
84
3
4
1
1
5
5
14
11
2
4
56
35
1
58
30
1
2
4
5
4
33
4
56
2
1
2
1
22
2
1
5
19
1
3
6
1
13
2
2
1
2
4
10
1
152
12
57
8
10
33
11
1
1
5
40
16
12
2
4
1
11
2
1
3
15
33
1
4
9
3
2
3
3
55
24
7
2
2
7
3
16
23
2
50
1
40
4
2
47
5
55
3
1
2
36
2
1
32
2
5
12
17
6
4
6
2
1
1
2
78
157
19
9
1
5
2
2
24
19
2
1
1
2
14
15
15
1
12
1
17
21
11
1
3
11
1
1
30
11
9
6
1
5
13
80
9
19
1
2
2
7
2
1
5
35
1
1
1
3
14
2
3
1
148
3
5
4
1
4
1
2
2
68
3
44
32
1
7
104
1
18
3
16
1
3
10
2
14
24
26
172
1
4
2
1
5
9
87
15
5
4
69
3
2
3
16
12
13
1
37
6
36
3
150
2
10
7
2
1
3
91
1
6
6
77
1
14
3
21
31
5
4
139
7
5
1
1
1
2
13
2
1
3
3
2
1
7
114
8
12
2
7
2
9
4
11
1
21
8
39
19
9
9
2
35
2
146
1
7
1
1
46
16
3
12
27
12
99
1
2
57
7
7
2
12
112
23
6
7
1
5
42
17
1
8
12
13
8
3
22
6
4
9
16
11
2
3
148
1
79
15
1
102
5
2
7
17
40
2
2
99
4
6
24
1
61
8
3
47
5
105
11
2
7
15
92
3
68
6
2
10
3
3
12
1
16
4
1
10
18
13
6
6
5
38
90
3
1
4
137
1
30
5
4
6
2
6
2
67
4
20
153
1
4
4
1
6
3
1
18
1
21
51
12
4
9
4
10
9
17
28
3
11
2
1
28
9
2
2
4
2
96
80
2
9
15
40
5
37
1
4
59
24
23
2
2
153
11
1
1
7
3
6
6
2
2
5
2
12
39
148
4
3
11
9
2
2
150
2
17
4
4
14
9
5
33
9
81
8
2
2
10
3
8
5
16
52
65
1
1
22
1
25
1
9
27
14
10
3
1
32
7
24
5
8
1
10
27
3
1
2
20
4
9
22
7
1
7
28
3
13
5
2
27
10
136
40
13
5
30
10
1
4
143
3
28
5
28
23
24
7
1
3
7
99
19
1
4
3
3
4
1
18
25
21
1
1
2
1
153
3
6
4
1
7
2
2
2
7
6
17
6
2
13
75
3
20
10
10
3
8
20
15
17
3
8
47
14
1
3
11
1
125
112
2
18
2
17
3
18
2
5
5
34
2
