1
2
3
1
2
2
1
3
1
1
3
2
2
1
1
1
3
1
2
1
1
6
1
2
2
2
2
3
4
1
1
2
1
6
1
4
1
3
1
4
1
5
1
4
1
13
1
10
2
2
3
2
19
1
4
1
1
1
32
6
2
3
3
6
1
2
1
1
2
2
1
11
1
3
1
1
1
1
2
1
1
2
16
3
7
2
4
2
1
5
12
9
1
6
5
3
29
3
1
3
2
2
1
2
1
2
1
1
4
2
2
3
1
7
1
1
1
2
9
2
1
1
4
4
1
3
1
1
2
4
4
2
23
6
1
3
5
5
1
7
3
5
2
1
1
4
1
1
3
3
2
1
7
9
1
1
2
3
4
1
8
3
1
2
3
3
4
1
8
5
1
3
2
1
5
7
1
7
1
3
1
3
4
1
2
6
7
2
4
2
2
1
2
1
1
3
2
1
3
2
1
1
2
1
2
2
11
3
7
2
1
4
5
3
11
1
2
1
4
1
4
1
8
1
1
1
4
2
3
4
2
2
2
4
9
1
3
2
2
3
2
7
1
1
2
1
1
2
1
3
2
1
2
3
1
3
2
2
1
2
2
1
5
1
8
1
1
2
2
2
1
2
4
3
2
12
2
4
2
2
1
12
1
5
6
1
3
1
1
13
2
3
2
4
3
2
2
29
5
9
1
3
4
1
1
1
10
3
1
7
2
11
1
3
1
4
1
1
6
1
1
1
5
1
1
1
2
14
1
3
1
4
4
10
1
1
1
2
5
4
3
13
1
1
3
1
1
5
1
1
20
1
2
2
1
3
4
1
2
2
1
1
2
2
1
3
1
1
1
1
4
2
1
2
2
1
4
1
1
2
3
2
2
1
11
5
6
1
1
3
1
10
1
1
1
2
2
1
5
2
1
8
3
1
2
1
3
2
2
1
2
1
1
3
1
4
3
5
7
2
1
2
2
2
2
10
25
2
6
3
4
1
1
5
4
1
1
2
6
22
1
1
3
1
1
1
2
3
6
2
2
6
1
4
1
2
1
1
5
4
3
1
4
2
1
2
3
4
6
1
8
9
8
1
1
3
4
2
1
1
2
3
2
1
3
1
1
6
2
1
3
1
3
6
3
5
1
2
6
5
1
1
6
2
4
3
2
3
1
4
1
2
1
1
1
1
2
2
1
1
4
1
3
8
2
4
4
3
1
1
1
3
1
1
2
2
1
1
2
4
1
1
1
4
4
1
5
6
3
1
2
2
10
11
30
2
1
2
1
2
2
1
1
1
6
1
1
5
2
1
1
1
1
5
2
2
3
6
1
2
27
2
3
3
1
2
1
1
6
4
2
10
3
5
1
15
1
2
19
9
1
2
14
1
25
3
1
3
1
1
2
6
8
2
1
2
2
3
3
1
6
3
1
2
1
3
3
10
3
1
1
2
1
3
1
1
7
2
2
10
2
2
3
1
8
6
2
8
2
1
1
3
3
6
2
2
1
2
4
1
1
3
1
2
1
1
1
1
1
25
1
3
2
2
2
5
2
18
2
2
3
14
4
2
1
10
1
6
2
10
2
3
4
2
1
1
3
1
1
2
1
9
1
3
6
4
10
1
3
2
1
1
1
1
2
5
1
3
12
3
1
1
8
3
2
1
3
3
1
6
1
9
4
3
5
1
3
8
3
1
5
1
1
2
1
6
1
2
4
8
2
2
2
2
1
1
6
1
1
7
1
4
1
14
6
13
1
1
1
1
2
3
1
3
2
1
1
1
5
1
4
5
2
2
2
1
1
1
1
4
2
1
1
9
1
2
1
4
17
1
24
4
10
1
3
1
1
3
1
1
4
4
1
2
1
3
3
2
3
2
1
2
2
1
1
1
2
1
1
6
1
1
4
1
1
3
1
1
1
2
1
6
13
2
3
4
1
1
2
1
1
6
3
2
3
4
1
1
1
1
1
2
3
7
1
1
11
2
13
1
1
1
3
3
13
3
1
3
1
28
2
4
1
2
2
2
12
4
3
7
1
1
5
4
5
1
2
2
1
23
2
1
3
3
6
7
2
5
1
10
1
6
1
2
4
5
1
2
1
1
1
1
1
1
1
1
1
1
4
1
1
1
9
2
17
3
2
2
1
4
1
1
5
1
2
3
4
1
4
1
4
1
4
2
1
4
11
1
1
3
4
5
2
3
4
1
5
1
2
2
1
5
7
1
1
2
1
1
5
1
2
3
1
2
1
1
1
3
1
1
3
1
2
1
3
1
2
2
2
1
1
3
3
3
1
1
2
1
2
14
1
1
7
1
5
1
1
2
4
3
12
2
1
1
1
2
1
5
1
3
4
8
3
1
1
1
2
1
1
3
3
1
2
1
2
1
3
4
2
4
1
1
5
1
1
1
2
1
5
1
2
1
14
8
1
2
1
2
2
2
3
1
7
1
3
1
3
5
1
2
6
3
1
2
2
1
3
2
2
2
9
2
1
3
2
1
1
1
3
1
3
2
2
11
8
2
4
5
8
4
1
2
1
2
1
2
2
1
3
2
2
2
1
20
1
4
7
2
4
1
1
2
7
1
13
10
4
1
1
1
1
10
2
1
1
2
1
1
1
2
7
2
1
2
6
3
1
3
1
1
1
2
1
2
2
5
1
1
2
2
2
2
3
1
4
1
1
3
2
1
3
1
5
