11
7
1
1
4
3
32
1
13
1
2
1
3
6
7
1
4
1
1
4
2
2
32
3
5
1
2
6
3
1
1
14
4
2
1
3
3
2
1
3
1
4
3
5
1
1
36
27
2
20
1
13
1
2
6
2
7
3
1
2
2
6
20
2
1
1
3
3
2
21
5
4
2
1
18
15
3
2
9
1
5
1
1
3
1
6
7
4
3
32
1
3
2
3
3
10
34
1
1
14
31
1
3
3
2
4
1
4
3
29
9
1
4
1
4
2
1
1
7
3
13
1
4
5
2
6
3
1
8
1
23
8
16
2
3
4
2
6
4
2
10
4
8
4
19
5
1
2
4
2
1
13
25
1
6
2
5
11
1
25
7
1
1
1
5
4
16
2
1
6
6
2
1
1
17
3
1
21
4
7
3
3
3
2
3
10
10
1
1
2
4
16
3
2
1
2
11
3
1
21
3
2
4
7
2
4
1
1
5
1
42
6
2
3
11
3
4
1
13
2
6
4
1
4
6
2
36
1
1
2
10
16
2
7
5
5
26
1
9
2
1
1
2
1
20
1
5
24
6
28
15
1
2
1
2
22
22
3
4
2
1
4
10
2
15
2
1
8
3
1
1
4
13
1
6
3
6
61
1
3
4
2
6
5
2
1
21
6
1
17
13
1
5
6
15
1
6
1
3
3
12
49
3
79
5
1
5
3
1
5
37
16
8
4
40
8
59
4
2
8
2
10
1
13
5
4
8
3
3
1
3
12
13
20
1
2
6
2
31
2
11
2
10
3
2
2
10
4
11
1
1
34
10
9
13
1
3
5
2
15
49
2
85
1
13
1
2
2
4
6
11
1
6
10
16
9
15
2
66
1
1
2
10
1
5
6
24
1
1
1
5
23
5
1
1
1
1
1
1
3
22
2
13
5
1
1
1
1
1
5
1
6
54
9
6
2
6
13
4
3
1
1
1
2
1
29
1
6
2
1
3
1
4
1
5
1
1
1
6
1
2
1
23
12
4
3
7
1
1
4
8
2
7
11
1
2
2
1
7
2
17
9
4
5
1
15
3
2
12
5
14
1
2
33
10
6
9
1
20
2
2
2
12
22
3
6
1
13
1
2
1
4
4
6
79
1
9
1
11
1
5
23
2
7
1
2
39
23
9
4
39
6
1
7
2
6
1
9
1
1
1
2
6
5
1
1
14
1
5
14
5
1
10
1
2
14
1
20
2
4
13
2
6
11
2
3
4
12
1
1
25
4
4
4
2
33
4
16
18
1
17
3
2
1
23
1
4
2
1
3
1
2
2
4
7
2
7
3
25
1
1
5
4
59
1
1
3
1
11
25
3
5
1
4
3
23
12
1
6
6
9
4
4
5
1
15
2
2
1
3
6
4
10
1
2
37
12
4
1
16
15
1
2
61
1
18
2
2
7
7
1
1
3
4
1
6
1
1
17
1
39
1
2
4
2
1
7
2
6
3
17
1
3
3
2
5
5
13
10
9
11
2
9
1
4
1
2
19
2
2
2
4
3
1
2
2
8
1
5
19
1
21
2
3
17
1
4
5
4
1
6
4
9
10
1
6
1
3
8
10
15
53
1
15
7
1
2
3
13
2
1
2
14
2
1
11
18
4
2
1
13
17
7
7
5
23
2
1
3
3
1
3
3
1
1
4
3
10
2
1
2
3
1
1
2
5
4
10
2
1
2
24
1
3
1
2
2
1
2
1
17
7
16
28
1
9
1
8
11
2
1
5
7
31
1
3
15
3
3
1
20
2
11
2
2
6
12
4
2
7
2
5
4
2
10
2
4
15
1
3
1
1
2
33
3
1
2
1
5
2
4
4
3
1
3
1
4
4
1
2
11
2
1
10
2
87
3
7
14
4
1
2
39
3
1
2
1
1
3
1
15
1
17
2
13
1
4
8
10
6
2
5
2
1
5
1
2
1
1
3
1
4
8
5
2
1
4
4
4
1
9
8
1
6
1
10
2
7
1
5
1
7
2
37
3
1
7
5
2
2
4
1
3
11
15
9
2
8
2
5
2
1
5
140
8
5
2
48
22
1
4
1
2
25
1
5
2
23
3
5
24
78
2
9
3
4
64
1
11
12
4
14
12
2
6
9
32
1
2
2
1
1
4
2
1
6
25
1
12
2
2
11
1
23
5
2
1
6
6
3
7
3
3
14
1
3
13
1
1
2
2
40
10
1
16
30
10
3
1
21
2
3
2
14
22
13
12
21
1
13
2
4
1
2
11
26
8
3
1
7
3
1
3
1
2
2
6
3
5
5
26
1
22
1
23
15
6
4
1
1
5
1
3
1
13
7
1
19
7
5
3
7
2
3
1
5
2
7
10
8
4
8
3
1
6
5
12
1
2
26
3
1
1
4
15
4
17
2
14
24
1
2
3
4
15
9
3
2
4
2
15
2
2
11
1
1
4
3
5
1
3
4
1
2
1
3
1
2
82
1
14
4
1
1
7
1
3
1
1
2
5
2
15
2
2
1
7
6
3
1
16
5
2
3
1
1
7
3
6
1
2
2
1
1
3
4
6
5
1
47
5
5
1
3
20
1
12
1
2
2
2
5
2
6
1
12
14
14
1
16
1
8
2
2
2
25
1
1
9
9
2
2
2
3
3
3
3
129
12
6
1
2
28
2
2
38
3
15
20
2
2
1
10
3
4
4
7
30
1
2
11
158
2
1
4
1
3
1
3
29
37
3
1
2
3
4
4
2
7
2
9
2
17
3
1
3
1
6
2
3
2
3
3
3
5
1
6
17
4
2
15
2
4
14
7
4
3
4
11
9
2
1
7
6
4
7
26
16
1
22
9
5
2
25
19
1
2
2
8
10
3
30
13
1
2
1
1
6
8
7
6
3
1
3
1
5
6
1
4
7
1
14
25
1
6
1
5
2
1
4
2
1
4
1
3
1
12
1
2
1
6
1
6
2
3
1
2
8
2
1
40
8
2
1
9
1
12
8
5
1
1
20
15
2
7
2
21
1
2
1
9
1
1
2
1
19
41
1
2
1
18
2
4
2
1
1
1
33
2
24
4
23
1
2
2
4
1
1
1
3
17
3
11
3
3
16
13
2
4
13
18
1
1
9
2
4
1
1
12
7
7
6
6
37
13
9
5
1
3
12
3
2
36
5
1
4
1
1
2
20
4
10
5
7
10
1
1
5
1
5
20
1
1
11
5
3
1
3
10
1
11
10
4
13
4
5
1
1
5
22
16
2
1
4
1
17
1
1
3
6
20
21
5
14
15
30
3
1
14
21
36
1
1
2
2
9
2
1
2
1
8
162
5
4
4
1
21
4
9
3
4
18
4
1
1
3
1
1
31
1
1
11
3
2
1
1
1
8
1
2
1
8
2
14
10
1
1
1
1
23
6
13
2
5
5
7
1
56
1
6
5
2
31
4
2
2
17
4
15
4
34
4
1
1
1
7
8
2
2
3
20
1
40
2
11
1
17
1
123
17
2
9
13
1
6
13
1
15
19
59
9
2
12
10
2
8
17
7
7
61
2
2
1
1
5
3
6
6
27
5
1
4
1
8
2
3
2
5
4
3
3
1
6
16
1
82
27
1
18
2
35
9
1
16
3
1
1
2
3
11
6
1
5
11
2
2
32
6
17
10
10
1
2
2
19
9
4
4
8
13
3
1
2
1
2
3
9
24
40
1
20
3
9
2
9
3
21
6
2
1
11
35
4
2
10
12
1
1
3
1
2
1
5
2
11
1
1
2
4
13
17
1
2
1
1
24
3
23
4
1
1
7
1
20
1
7
2
1
3
6
12
5
2
2
5
24
1
4
52
8
76
12
29
4
7
19
1
1
2
4
2
1
6
8
1
11
2
5
1
2
6
3
7
5
84
3
11
11
1
9
7
2
16
9
3
11
4
2
6
2
10
2
10
1
1
6
1
1
32
2
2
7
12
1
7
1
4
12
17
2
3
4
3
3
6
2
1
3
1
1
1
10
1
2
5
26
7
9
15
3
39
3
8
16
1
18
3
3
1
62
1
8
3
4
15
2
1
3
1
1
1
1
1
2
2
4
4
3
6
14
48
4
1
2
7
2
1
1
2
5
12
2
4
5
15
1
8
2
28
2
2
1
2
7
2
4
2
4
1
3
1
2
7
1
1
14
1
15
5
24
21
1
7
2
9
1
4
37
1
12
3
3
21
7
6
4
2
46
5
1
10
1
3
21
3
1
1
3
1
1
2
2
1
2
1
10
18
2
2
14
7
2
28
1
2
1
1
19
2
12
1
2
13
5
1
3
1
8
4
3
5
11
2
3
18
166
1
1
1
2
1
3
2
44
2
34
1
4
70
3
1
13
18
16
11
7
4
1
3
1
5
2
7
108
50
5
9
6
1
1
9
4
2
2
11
4
99
1
1
3
2
2
10
1
2
7
9
6
2
5
10
2
7
3
10
1
22
11
2
26
3
1
6
3
181
2
76
4
2
4
2
31
22
3
1
1
4
19
2
1
2
8
21
2
10
1
2
3
1
19
16
2
16
1
12
9
6
19
1
7
2
1
8
7
2
26
1
2
1
1
4
13
1
25
11
1
7
6
1
11
78
3
11
1
7
1
16
1
24
2
6
1
12
1
3
3
2
4
1
1
1
4
3
3
10
2
1
1
6
8
7
2
1
1
9
2
7
10
2
3
3
2
7
5
6
3
5
11
1
6
5
11
8
22
3
14
1
1
4
1
8
3
5
19
26
3
1
2
21
4
3
6
1
1
2
12
3
3
4
5
3
4
2
6
5
1
11
1
1
2
21
2
1
15
72
37
2
1
3
11
4
2
7
1
4
2
13
2
4
1
2
17
54
1
9
2
1
3
1
11
2
1
54
7
13
19
1
3
1
4
2
4
13
2
1
24
1
1
2
2
22
6
2
38
21
2
6
4
3
2
12
1
5
1
2
2
3
3
24
2
2
2
125
2
1
3
3
47
7
6
8
2
6
2
19
12
25
2
17
1
6
1
5
3
4
68
6
1
1
6
7
2
2
4
2
4
1
5
21
22
1
4
1
5
4
10
20
1
3
11
22
10
4
14
4
11
3
1
1
9
2
2
4
2
70
2
4
5
1
2
2
1
11
27
2
1
2
1
2
6
1
10
15
1
21
7
1
4
4
69
3
6
5
1
2
17
6
1
5
1
22
5
1
1
8
10
1
1
1
1
4
3
1
6
4
1
3
1
8
1
21
4
6
2
2
4
8
4
3
14
4
27
1
4
2
1
1
12
1
3
3
2
1
2
7
1
1
1
1
1
3
1
1
2
4
2
6
1
2
69
15
31
3
39
13
5
10
1
41
1
2
21
3
4
11
14
6
5
1
3
6
30
12
2
23
13
1
2
7
2
15
1
11
10
3
2
4
4
1
5
2
4
1
1
11
2
2
1
1
19
5
4
89
1
3
3
2
1
8
9
1
14
2
2
6
9
4
1
6
2
2
5
1
5
2
2
2
1
2
4
43
10
3
42
3
1
12
3
12
2
2
1
5
6
2
1
8
2
3
3
5
1
64
2
31
18
2
8
2
1
7
1
2
1
1
8
17
4
1
12
6
2
8
10
3
5
12
13
7
73
4
1
3
1
9
1
2
9
104
1
10
11
2
7
2
4
4
184
3
1
1
1
2
21
1
15
2
1
2
2
14
4
3
1
3
11
2
9
2
4
2
4
10
1
4
4
2
2
8
6
6
29
8
3
9
2
1
35
1
25
2
1
1
21
1
3
59
3
17
1
4
1
61
8
3
2
49
9
2
32
21
3
3
1
2
2
6
6
31
2
5
2
11
10
2
9
5
8
6
1
5
3
2
3
1
2
4
1
18
1
29
12
1
5
3
12
3
1
3
3
4
10
29
17
5
2
14
2
110
68
1
1
1
7
5
1
1
1
35
12
4
12
13
12
1
19
1
2
5
52
2
1
1
1
2
6
14
2
2
6
5
26
2
2
10
1
10
17
3
3
3
3
18
6
17
17
9
2
1
6
1
4
18
87
2
13
1
4
1
3
6
4
20
1
1
4
19
37
13
66
4
18
1
4
8
4
1
6
1
1
1
4
4
1
31
5
2
1
4
71
2
9
7
6
1
4
1
1
25
1
27
2
2
1
10
5
2
3
1
5
2
1
16
3
2
6
8
3
4
4
2
2
4
2
17
4
1
4
3
24
4
1
5
1
1
3
21
4
4
2
30
1
2
5
1
6
6
1
9
4
44
7
2
2
1
2
12
33
1
13
18
19
1
5
1
5
1
1
5
5
2
1
38
16
18
1
14
1
1
13
1
2
33
16
1
1
3
8
5
1
6
2
3
3
18
1
1
2
1
2
18
11
18
3
33
4
5
2
25
3
1
4
4
25
3
32
2
2
15
1
30
41
7
1
1
4
3
4
14
2
10
13
7
1
18
1
1
11
8
2
37
1
2
1
9
29
1
1
2
5
6
3
5
3
3
2
3
6
1
2
2
4
1
2
1
2
6
4
4
1
2
25
1
3
2
13
3
7
3
5
1
6
5
1
8
5
2
6
2
4
2
3
5
160
19
10
2
2
1
28
12
88
1
10
2
5
2
2
3
5
11
1
11
3
3
1
6
3
1
3
4
2
9
4
87
5
21
4
23
7
7
17
8
2
5
2
1
8
1
19
2
2
1
7
2
14
5
4
29
13
1
4
4
2
36
1
2
4
2
14
34
1
46
4
8
6
1
15
6
1
3
1
10
8
1
2
3
2
2
7
10
5
1
6
10
9
1
3
28
16
10
14
2
1
11
2
7
5
14
1
3
1
3
3
1
1
5
5
1
4
3
4
1
7
4
1
2
17
20
1
1
1
28
2
3
1
3
2
11
2
2
8
6
2
38
1
15
4
2
48
19
5
19
1
6
5
1
12
1
11
52
1
10
6
1
26
8
2
2
4
1
7
1
1
7
1
1
1
14
3
1
2
4
2
1
3
1
3
1
1
2
1
1
1
1
1
1
11
3
7
1
1
7
9
3
4
2
19
2
2
25
3
79
4
10
3
2
1
6
5
1
1
2
9
3
1
6
1
3
3
13
7
2
4
1
2
19
1
2
8
29
2
2
1
5
1
3
1
16
14
3
1
3
2
1
7
3
1
31
7
14
118
1
4
3
6
8
17
3
7
1
1
3
7
28
6
28
6
1
2
2
7
7
1
2
1
1
27
10
1
37
5
1
178
2
8
2
5
4
4
2
1
29
1
7
2
18
1
3
1
1
5
1
1
3
1
4
8
8
3
7
50
31
1
22
6
1
16
1
38
3
9
2
4
8
4
4
1
58
2
7
34
12
3
3
3
33
8
3
1
1
11
1
3
9
2
4
1
9
1
2
6
2
1
1
4
1
1
10
3
1
1
1
1
6
1
14
11
2
2
8
1
22
2
1
2
1
1
1
2
3
21
4
1
1
13
5
1
3
10
21
2
2
2
16
3
62
15
7
1
1
1
2
5
4
16
7
5
18
1
77
1
2
6
3
7
3
3
5
3
1
8
1
2
2
3
35
9
20
27
15
5
1
4
1
28
8
1
2
4
1
7
2
1
58
23
8
14
31
28
9
1
7
1
3
2
3
5
3
16
4
5
1
3
22
1
20
11
3
2
4
1
3
2
1
5
11
1
9
14
1
19
1
2
14
1
7
4
21
4
16
10
7
4
2
3
1
13
1
46
1
1
2
1
1
1
1
1
1
9
10
18
1
4
5
1
2
2
34
8
1
4
2
9
1
1
5
6
12
7
1
5
35
2
8
3
1
1
9
2
3
8
1
44
8
22
1
6
2
1
2
4
9
11
4
15
1
4
2
36
3
1
23
9
1
4
8
11
8
3
2
9
7
1
1
1
3
11
1
1
1
42
11
9
5
3
2
1
6
3
3
1
1
10
4
17
1
19
11
39
3
22
1
2
1
2
8
3
16
17
1
18
3
2
4
1
1
2
1
1
5
12
4
12
18
23
