6
1
34
48
1
11
44
1
1
138
1
7
16
21
57
37
2
1
3
147
31
3
1
1
1
14
7
15
16
13
1
1
4
14
6
3
5
1
3
42
14
11
1
6
32
3
3
43
13
3
57
1
1
9
14
24
32
3
1
3
16
6
7
16
2
8
25
1
8
1
3
9
10
5
5
25
1
5
3
26
58
7
12
40
50
4
24
7
9
12
1
1
6
2
8
6
68
12
16
1
2
3
10
1
11
6
2
1
41
56
7
4
86
7
3
2
37
2
2
1
1
1
3
14
9
3
16
33
12
3
2
2
10
7
1
3
2
106
9
8
9
43
3
2
2
7
2
2
28
10
30
40
4
1
7
5
2
2
2
16
2
9
1
22
15
5
13
1
1
4
2
3
1
2
1
3
1
5
1
3
1
28
5
2
3
1
9
1
2
6
1
1
3
1
5
5
11
10
19
2
23
2
1
5
85
30
1
1
1
1
1
2
8
3
4
2
4
9
3
1
1
1
52
27
2
2
20
1
20
68
24
3
14
1
3
1
2
7
1
26
4
2
4
116
3
2
2
3
2
40
2
2
1
24
2
6
1
1
68
1
1
8
3
2
3
6
6
69
4
5
5
21
75
2
2
2
4
4
6
1
2
3
1
1
16
13
5
6
21
1
5
4
2
2
10
6
1
6
2
2
3
5
59
123
5
2
15
3
8
17
3
2
3
16
12
1
11
43
1
2
170
19
2
48
6
5
5
8
2
8
5
3
3
2
22
15
5
119
2
1
2
9
17
54
1
96
45
3
3
1
11
6
3
1
2
3
37
32
4
2
6
1
2
7
12
1
2
3
6
2
3
17
24
46
7
3
4
7
20
3
1
2
5
8
3
4
6
7
42
8
1
2
1
3
12
2
27
1
25
8
2
35
3
9
5
1
5
8
11
7
10
6
6
24
1
5
6
4
2
25
5
11
15
3
8
2
1
2
2
7
4
3
12
13
19
5
3
5
4
1
2
8
4
4
2
5
7
2
4
4
8
5
2
6
2
5
5
32
1
1
1
6
14
2
10
2
21
3
2
7
2
6
126
1
61
3
4
3
17
8
18
17
2
13
6
8
12
86
4
5
2
2
12
1
3
10
1
5
2
8
1
8
4
29
1
4
1
18
3
2
4
1
3
1
7
1
2
14
6
14
6
34
37
2
7
2
2
1
16
41
1
18
4
35
6
3
3
2
2
2
48
12
1
19
4
1
5
3
2
33
18
9
4
34
23
22
4
41
1
4
7
2
1
7
7
17
8
6
6
1
1
11
7
46
17
3
4
4
2
8
1
2
5
6
14
1
3
3
18
1
1
106
12
3
13
3
87
7
10
7
21
1
21
182
11
2
3
5
32
1
11
2
15
53
1
2
14
10
1
1
7
3
29
4
8
12
2
3
9
3
13
2
30
10
31
34
93
24
5
8
4
16
1
3
33
6
8
30
17
6
3
11
10
52
46
1
26
26
27
23
5
38
8
4
1
19
10
45
21
40
2
8
15
18
31
2
42
22
2
12
6
6
17
2
1
2
7
8
1
6
4
3
1
14
6
18
34
41
9
16
4
3
1
22
7
16
10
20
1
13
3
25
18
