1
3
5
1
4
13
1
1
18
1
9
18
2
2
105
5
4
22
1
89
15
5
1
22
7
1
1
7
13
3
2
2
1
4
19
21
18
2
6
8
118
3
16
3
19
11
1
3
3
13
3
3
8
2
4
2
2
1
10
10
1
17
7
23
7
2
57
11
2
2
4
11
1
4
2
7
16
3
2
1
2
18
1
2
3
10
7
12
37
3
23
13
12
5
6
6
36
29
39
1
9
5
3
34
2
1
4
3
14
5
5
5
10
3
2
2
2
3
1
18
1
21
8
1
1
13
8
25
51
3
24
1
6
6
10
10
4
1
15
4
5
5
4
2
2
2
5
17
1
1
23
4
4
4
1
3
1
2
3
2
18
2
2
20
1
6
1
13
2
2
2
3
1
7
1
6
8
7
19
5
1
2
9
1
1
2
2
5
2
8
3
5
2
1
14
1
85
5
13
20
11
7
2
1
2
3
13
19
1
1
9
5
6
3
1
3
11
2
18
1
10
36
14
2
3
6
1
19
2
7
1
10
16
3
5
10
1
3
10
1
5
5
4
2
32
1
37
1
11
4
1
10
2
12
2
2
4
2
1
6
2
10
2
5
3
2
4
3
2
3
11
1
4
75
1
6
9
3
12
8
2
12
8
2
4
46
15
2
2
1
1
3
1
30
3
3
3
2
2
20
1
3
4
2
4
3
5
1
2
4
1
1
13
7
6
2
3
1
3
1
13
24
4
58
5
24
4
1
3
3
7
1
8
6
27
6
1
1
2
67
24
20
7
3
2
1
8
5
20
2
2
4
3
1
30
2
1
2
3
4
1
20
1
3
6
2
3
2
1
10
1
2
10
3
2
5
2
6
5
40
9
2
2
6
31
11
2
1
4
2
63
10
1
5
1
105
2
7
5
1
2
2
9
2
5
14
3
5
11
84
3
2
1
11
4
3
15
28
2
93
40
1
15
2
3
1
4
4
10
1
2
9
3
10
3
2
1
6
55
5
7
2
2
13
7
1
2
12
21
1
12
1
1
5
8
12
29
1
1
17
7
3
2
1
7
1
39
12
3
3
1
3
1
21
9
63
2
3
4
1
1
29
12
34
8
17
51
1
1
3
9
71
17
15
6
15
6
4
2
1
4
9
1
89
4
3
75
16
2
2
51
9
2
12
1
1
1
2
1
1
1
20
7
6
22
4
2
4
1
1
7
7
21
12
4
18
66
4
1
2
16
2
8
2
2
1
41
6
5
3
2
25
8
1
16
17
2
6
18
3
5
4
7
11
1
19
3
2
29
2
7
5
24
63
66
4
4
9
10
12
36
18
12
49
3
4
1
5
3
12
111
8
28
4
4
1
10
5
8
4
4
2
3
2
2
12
2
2
41
1
9
6
13
2
6
2
3
31
4
3
14
2
2
4
1
1
3
45
1
3
2
7
1
2
2
6
5
23
4
80
5
31
2
21
7
2
14
20
26
3
29
2
9
16
4
14
6
14
10
1
4
54
2
36
14
2
3
1
1
1
2
7
1
11
7
16
22
7
4
1
2
16
10
4
5
2
6
2
1
8
9
2
1
2
7
2
7
14
2
69
2
12
2
18
1
1
11
13
14
1
5
3
2
3
14
77
4
11
3
8
2
2
3
6
27
21
53
2
1
4
1
3
1
2
1
2
6
2
27
2
11
8
1
6
2
16
8
1
1
5
3
2
7
26
2
2
1
4
65
2
2
2
1
9
6
3
7
6
3
36
3
3
7
55
4
12
1
1
2
23
7
1
3
2
3
3
13
8
2
4
63
1
16
7
1
23
8
3
25
6
1
1
10
10
2
3
1
49
11
1
2
2
3
2
2
6
1
2
2
3
4
10
43
1
4
2
5
1
3
10
9
2
3
6
7
1
7
2
6
3
37
2
5
10
6
2
1
42
7
3
22
4
7
51
1
2
6
11
48
1
1
15
6
5
5
1
13
3
1
13
6
1
1
2
3
2
4
13
9
1
4
1
37
2
3
1
7
1
3
3
1
4
5
1
57
1
25
27
1
8
3
4
6
8
77
2
13
2
2
52
7
97
14
26
2
18
5
1
1
8
25
2
3
15
16
3
6
1
2
14
1
4
16
12
1
1
1
4
1
17
1
7
16
4
6
1
2
21
1
4
7
3
2
5
9
15
2
1
6
1
30
5
54
2
8
13
3
9
4
19
1
10
6
4
1
25
25
4
3
5
1
9
4
27
5
5
2
2
5
3
86
3
71
2
1
4
1
1
3
1
4
1
4
4
33
1
4
37
14
1
3
2
4
11
18
3
9
3
22
1
18
12
4
2
6
5
2
2
48
5
11
8
1
24
5
28
3
3
2
25
1
5
30
10
33
2
1
5
34
5
19
38
3
2
35
6
18
65
1
25
6
20
8
25
8
5
28
5
3
1
2
1
6
2
4
4
15
10
1
2
2
26
129
41
3
1
26
2
1
1
3
12
24
33
13
1
3
3
2
4
3
3
1
3
4
5
3
8
80
6
21
6
1
1
3
2
4
38
1
2
3
20
2
2
29
6
2
4
3
63
4
3
3
2
1
17
7
1
1
3
2
11
5
50
3
2
20
21
6
2
10
2
2
3
5
2
5
16
1
12
3
1
5
10
8
2
2
1
14
6
12
1
4
4
6
2
1
24
2
27
13
35
2
6
14
1
2
23
41
1
3
1
1
1
24
18
2
19
2
11
34
6
22
1
2
1
34
2
1
4
6
1
1
2
15
6
1
9
1
12
10
29
15
11
5
11
1
3
1
22
2
37
5
18
11
3
2
4
3
1
10
6
2
4
34
28
5
1
11
50
12
2
31
2
1
6
3
2
14
1
14
1
7
34
1
4
21
20
1
9
11
1
1
1
1
7
12
6
10
2
1
2
4
2
1
1
1
40
11
11
2
2
8
1
1
2
10
10
2
1
29
4
9
5
2
3
5
3
12
3
2
34
25
7
1
13
2
1
2
18
28
2
1
1
21
2
1
1
10
2
7
4
1
4
4
1
20
3
1
1
2
22
2
8
2
10
3
4
2
14
3
8
12
2
10
4
10
28
35
2
10
1
57
6
2
1
1
6
3
38
4
10
4
30
2
26
5
1
3
8
1
1
1
2
18
8
2
2
3
9
26
1
8
2
1
2
1
1
7
4
26
1
1
2
11
3
9
2
5
2
14
38
2
25
8
2
4
1
1
3
2
4
2
1
9
6
1
3
9
22
4
2
1
2
4
30
1
7
2
15
10
3
2
1
1
15
2
2
4
5
4
59
53
7
5
2
8
48
2
12
3
1
13
3
6
26
3
3
9
8
16
3
7
2
1
5
26
5
2
12
2
1
5
7
3
1
4
18
8
4
5
1
3
61
10
13
18
12
29
26
22
30
15
3
7
2
23
2
1
1
10
1
8
18
3
3
2
8
1
1
2
16
2
1
31
5
9
36
2
11
3
2
11
4
1
1
5
2
9
5
12
1
1
32
2
7
26
2
93
1
2
3
8
4
27
4
1
3
2
4
1
3
1
3
15
3
1
1
39
13
1
1
4
25
1
2
2
7
15
7
3
4
3
5
1
2
3
2
5
21
3
3
35
10
1
11
1
1
7
1
13
3
1
3
71
3
2
1
3
14
1
7
2
8
1
17
60
6
10
6
6
1
6
12
7
13
1
21
2
1
5
6
6
2
1
1
10
1
10
2
1
31
6
27
3
5
3
2
3
7
16
20
10
1
4
63
1
14
14
3
2
55
18
2
1
5
40
32
1
18
30
1
2
3
4
43
27
9
1
1
1
51
5
7
12
7
3
5
3
19
3
19
95
2
1
1
8
13
1
2
9
9
3
8
3
8
16
1
16
1
9
2
10
4
18
34
26
6
12
54
1
12
34
4
1
3
1
2
1
1
52
1
32
3
1
4
1
3
2
6
8
14
29
5
8
8
2
2
6
2
11
1
14
31
1
2
2
33
3
17
3
1
2
1
22
4
9
9
13
1
4
1
8
1
4
22
12
1
26
1
130
68
5
15
8
1
19
9
13
1
7
20
1
4
5
5
3
1
6
11
17
11
6
1
5
23
1
3
30
2
9
1
7
9
2
3
17
2
7
2
1
5
3
9
3
1
8
1
1
10
11
3
23
24
5
1
9
4
3
1
58
2
2
5
13
21
1
1
1
1
1
59
2
2
3
10
3
3
7
5
3
2
8
3
1
2
2
1
3
2
13
28
43
5
2
16
12
7
1
1
3
3
2
6
98
2
16
1
8
4
47
2
14
1
1
4
26
1
24
5
3
7
4
4
5
3
6
1
15
1
19
7
1
1
2
10
3
7
2
1
63
2
1
2
2
2
36
6
2
3
2
18
2
13
17
3
1
20
1
11
1
4
11
3
37
5
3
1
5
12
13
37
27
1
1
4
4
1
4
6
3
55
40
1
8
29
1
2
1
15
2
16
3
1
7
2
3
3
9
8
1
17
3
1
1
1
3
3
3
4
1
18
14
1
1
4
7
48
17
5
26
2
28
8
63
2
8
15
13
5
2
2
21
10
11
19
18
1
15
1
10
2
2
4
1
14
4
1
2
8
3
1
34
1
10
5
2
2
1
11
2
3
1
14
2
14
4
4
1
17
3
23
15
1
24
1
1
13
2
38
71
1
63
1
19
7
16
2
1
11
70
1
2
7
5
1
5
3
13
10
4
25
12
53
3
2
2
1
1
14
6
1
18
20
3
26
1
26
4
1
2
2
2
3
4
7
54
50
8
10
3
4
7
4
2
8
4
1
2
2
41
1
1
2
1
1
1
1
3
39
4
2
