37
1211
18
14
102
254
53
2
3
58
157
3
10
8
2
4
5
4
1
719
5
2
14
200
5
74
72
1
77
91
69
28
19
76
812
81
19
405
312
1193
2
9
286
199
640
45
3
1
162
30
4
529
1
500
21
31
60
4
1
31
95
100
2
3
60
25
1554
385
13
26
15
3
6
92
41
24
69
5
3
1
2
86
134
112
40
37
51
2
2
22
66
47
5
68
1065
177
4
88
3
11
973
849
3
30
5
2
130
719
785
5
8
30
136
80
584
1
4
7
762
4
10
3
48
13
3
534
47
101
197
2
32
276
71
234
160
23
500
7
292
6
5
101
3
69
804
4
83
60
1
11
13
23
5
33
585
74
70
3
147
7
595
2
4
2
1225
18
1100
74
4
35
240
13
153
6
198
84
23
69
4
2
3
204
11
1
329
7
2
227
27
300
17
1
140
16
9
50
2
25
7
4
3
6
34
79
191
4
41
247
1026
28
4
161
13
110
1482
636
28
206
197
4
34
702
184
3
28
29
10
1
31
1
57
133
60
34
9
3
1048
5
1348
40
1086
157
521
299
93
1563
4
79
1531
1324
11
134
795
25
16
1264
4
62
9
1388
438
18
57
131
6
44
90
1117
2
76
27
1
52
2
158
2
129
32
13
8
54
2
2
1
3
487
118
22
764
311
817
229
1338
23
7
274
147
4
21
8
12
19
391
55
11
1188
163
1
1
216
4
331
231
12
230
171
22
153
104
116
297
2
9
228
23
1
1
3
209
24
220
2
28
39
73
816
14
750
272
33
882
5
29
1423
30
2
223
4
235
10
7
7
8
101
73
28
7
232
294
5
89
29
48
464
139
80
163
199
11
19
152
943
4
114
2
1
92
608
363
108
2
1
266
51
1315
84
553
4
62
1
152
143
6
3
44
8
54
2
17
234
2
301
42
5
8
16
16
22
96
2
5
112
201
558
111
25
528
3
157
101
862
4
102
2
79
2
60
27
20
109
31
140
388
1
2
17
14
201
86
2
19
2
68
87
45
84
71
4
5
11
22
1
254
640
58
256
134
120
9
3
102
3
51
98
5
18
1
10
5
13
191
8
79
2
183
29
467
4
9
435
10
397
1
31
74
100
2
16
1243
1
241
3
9
47
4
114
45
123
42
112
449
3
76
5
17
8
41
593
19
4
3
196
46
3
26
199
16
1
272
144
68
694
5
128
4
520
53
152
1249
10
154
51
66
33
37
170
2
2
12
264
8
239
32
32
29
3
55
345
5
61
56
81
5
8
266
99
161
65
998
1099
376
12
5
25
145
9
30
30
308
388
99
21
52
1
42
200
6
6
4
5
418
1
5
275
73
16
23
24
75
2
251
24
66
17
18
2
25
989
145
43
552
562
279
359
9
616
1
50
111
4
8
90
6
6
1551
173
412
16
19
138
100
29
26
4
17
116
4
1557
393
57
67
60
886
82
343
58
2
4
156
177
42
356
266
153
594
49
1
7
188
94
888
15
335
50
207
268
1372
31
17
50
2
16
5
43
829
49
100
2
374
341
18
3
96
5
1
175
170
111
1
37
1
