6
435
123
402
153
131
316
10
160
159
366
588
49
172
1
147
453
410
208
77
199
4
19
85
217
207
102
78
253
264
8
27
103
259
789
231
79
20
252
48
151
39
397
198
1
172
1040
287
1507
177
540
136
467
2
583
565
67
64
166
377
19
342
319
998
782
16
1957
19
386
26
271
11
141
2
147
79
218
789
12
204
94
18
924
316
619
63
142
57
29
834
66
71
170
468
22
124
22
13
6
318
342
18
74
3
85
310
20
8
387
512
5
28
1
222
181
50
152
106
48
460
12
8
170
43
7
122
68
4
3
13
132
178
232
2
17
6
139
471
510
4
98
2
282
392
42
10
368
65
68
66
1046
42
344
50
57
298
8
45
10
388
81
141
4
3
17
6
102
42
1
10
142
2
564
81
103
240
192
624
29
240
4
53
28
180
81
29
514
119
353
182
99
21
2
54
16
163
308
5
54
369
36
506
25
33
107
26
60
16
763
50
50
9
34
758
600
25
92
4
343
2
229
188
114
5
28
79
177
335
481
177
5
267
213
6
52
41
84
4
7
1184
62
148
4
85
99
179
20
1656
176
31
18
54
1574
1
316
99
581
10
72
7
1
542
17
185
58
2
101
308
1
1
144
644
9
11
63
15
178
9
55
501
78
148
1
373
27
231
16
3
918
20
28
41
93
47
2
23
62
782
177
41
744
33
758
219
1213
10
21
10
20
379
12
412
56
18
90
95
12
266
1
34
1504
96
17
40
21
88
37
725
15
31
8
24
30
44
63
455
335
115
448
439
255
37
47
186
206
18
234
1
129
228
51
269
709
981
112
3
57
702
137
41
134
19
23
74
136
2
89
32
285
74
1158
18
1563
5
1417
16
13
25
3
149
219
142
13
28
67
154
326
165
66
64
129
170
615
27
737
6
19
31
9
147
39
14
134
173
160
225
720
570
40
571
51
464
193
37
22
156
6
79
29
34
846
5
111
48
182
36
6
24
127
94
96
728
58
64
44
9
67
88
87
38
3
134
3
136
667
68
225
40
128
116
405
22
20
28
107
79
2
886
43
3
53
45
82
2
24
201
1
1
1
1
1
1
1
1
1
1
1
1
1
5
37
46
15
2
1
1
7
2
11
2
25
75
15
1
1
1211
1
696
2
1
24
2
6
144
10
1
1
19
80
7
6
17
42
28
3
1
85
1
1
1
1
1
1
2
6
1
2
5
11
8
1
1
1
1
1
18
1
1
14
3
1
1
1
1
2
102
1
1
1
1
1
254
1
1
2
1
2
4
1
1
1
16
1
6
1
1
2
1
2
447
53
2
21
4
10
2
1
1
5
8
5
4
1
3
1
2
22
1
2
9
5
6
1
1
2
1
1
7
8
9
12
1
1
5
16
1
2
1
2
6
7
2
1
2
51
1
3
12
3
1
2
5
5
8
1
1
1
1
22
1
39
1
9
2
3
2
1
5
1
722
3
1
3
5
1
3
1
221
3
67
6
4
8
3
7
3
19
3
2
2
18
45
1
14
5
58
1
31
2
2
5
1
1
1
1
1
3
1
1
2
157
1
1
1
3
1
4
1
5
1
256
1
2
1
2
3
1
1
1
2
1
1
4
2
8
13
24
14
1
1
6
1
133
4
1
3
1
1
1
1
1
1
1
2
1
1
1
3
1
1
3
34
17
3
16
1
1
1
3
2
1
10
1
10
1
1
2
8
32
2
2
1
1
1
1
4
1
4
2
5
4
1
5
1
4
1
2
1
17
1
1
2
1
5
3
1
5
1
1
8
2
6
1
4
719
1
7
1
4
5
29
46
13
1
1
52
35
1
3
1
1
1
1
2
1
1
2
1
1
1
1
2
3
22
1
1
1
2
1
3
1
1
3
1
1
201
1
1
1
1
1
1
1
1
2
1
1
1
1
1
1
1
14
1
200
1
5
1
1
1
1
1
4
1
3
1
1
1
1
74
5
2
1
5
1
1
1
4
1
71
55
1
1
6
1
1
1
4
2
1
1
1
1
1
72
1
4
1
2
2
3
1
1
1
2
1
1
1
2
77
1
2
1
22
1
5
1
2
91
1
1
2
113
3
1
13
1
1
1
1
69
1
4
1
119
28
2
142
1
1
6
29
1
1
1
1
1
3
19
22
2
44
76
76
1
1
4
1
1
1
1
1
1
1
3
1
1
12
6
450
2
6
812
2
81
1
1
1
1
1
1
1
2
1
1
1
1
1
1
19
1
1
1
1
1
2
1
4
9
2
2
7
2
1
5
1
1
1
1
1
1
9
1
6
3
4
6
1
3
2
1
1
1
4
1
405
1
1
3
1
312
1
2
4
2
1
1
2
3
3
1
1
1
47
6
105
1
2
1
3
1
15
1193
6
1
2
1
1
11
4
1
5
2
1
1
2
7
1
5
1
1
4
1
1
2
1
1
2
7
1
9
1
9
1
1
2
98
1
1
9
8
3
10
2
3
2
1
1
1
2
1
4
1
1
286
2
1
2
1
362
1
7
1
2
2
1
2
1
1
7
3
1
1
1
1
199
1
640
1
6
2
35
1
1
4
3
1
1
2
2
1
3
1
1
1
3
1
1
3
1
2
2
1
3
1
5
1
2
45
1
1
3
6
1
1
1
16
3
6
3
20
1
1
1
1
1
3
7
1
14
8
3
5
3
1
38
27
2
52
23
3
1
5
7
4
1
1
1
2
1
1
1
162
3
1
1
1
1
2
1
1
1
2
14
1
1
1
1
4
81
1
1
2
2
50
5
6
3
7
1
1
1
1
1
2
1
1
2
1
1
1
1
1
7
2
2
3
9
1
30
1
1
1
1
1
4
7
1
5
3
26
1
1
5
2
1
12
1
4
11
2
38
1
1
1
1
2
2
1
1
1
1
1
4
5
1
1
41
714
300
202
6
165
1
160
20
311
117
561
284
20
74
122
90
299
23
12
58
524
85
2
41
8
69
16
52
690
32
6
3
1
5
10
2
670
9
4
26
1
1
1
57
529
1
1
3
1
1
10
16
18
10
3
3
6
3
2
1
16
13
13
1
1
2
1
1
1
1
1
1
14
1
1
1
1
1
2
2
1
1
2
136
1
2
1
1
8
2
1
2
1
1
3
1
1
1
1
1
1
4
1
1
704
2
1
1
1
1
1
1
1
1
1
1
45
1
1
2
1
2
1
3
1
1
8
1
1
2
13
1
1
1
1
3
1
1
500
1
1
1
1
1
1
1
1
1
1
1
2
1
44
1
2
2
1
1
12
1
1
8
6
1
137
1
41
21
31
1
1
15
19
3
60
4
1
2
1
1
3
1
1
1
1
1
2
1
4
1
163
1
1
1
5
1
1
1
1
11
1
1
31
2
1
1
2
2
4
27
1
26
1
1
4
3
1
1
4
2
2
3
8
70
26
3
1
1
1
5
12
1
1
1
1
1
1
5
1
48
5
1
1
1
2
1
1
95
1
1
2
4
2
1
1
1
1
1
3
1
1
1
3
3
1
1
1
1
2
11
1
1
1
12
1
2
100
2
2
1
1
1
1
1
1
1
1
1
1
1
1
1
1
1
1
1
10
1
1
1
2
1
1
1
2
1
1
1
2
1
1
1
2
1
1
1
1
9
2
2
1
1
1
1
1
3
1
1
1
1
2
1
1
1
1
3
11
1
2
4
1
5
7
1
3
1
6
1
1
1
1
1
2
1
60
2
1
2
1
2
1
1
1
1
1
1
1
2
1
1
1
1
1
2
1
1
224
1
1
1
1
1
1
3
5
1
2
1
1
35
1
3
25
469
1
4
42
26
1
1
1
1
1
3
1
2
5
1
2
1
1
1
157
1
2
1
31
126
4
1
4
5
9
1
1
1
1
3
1
2
11
1554
4
1
2
1
3
1
2
1
2
2
1
1
6
385
620
36
13
1
1
1
13
11
24
2
1
1
11
1
1
5
2
45
3
14
57
6
26
15
1
1
1
2
1
2
1
1
142
2
5
13
1
1
1
5
7
2
1
1
4
1
24
21
3
1
30
1
1
80
1
2
1
2
2
6
1
1
92
1
8
1
1
8
3
100
2
1
12
6
2
2
4
1
110
1
38
11
2
1
41
4
1
8
4
29
5
2
1
1
1
2
8
7
1
18
1
1
2
1
1
1
4
1
77
1
1
1
168
24
1
1
69
2
2
13
5
2
19
1
12
3
19
2
3
13
4
5
1
1
1
3
1
1
1
1
4
2
43
1
3
12
1
15
1
4
4
2
1
2
5
1
1
1
1
2
2
1
1
1
2
1
1
3
16
14
94
11
9
1
63
1
38
1
2
1
1
195
86
4
1
2
4
134
1
2
7
1
1
2
2
1
5
70
1
1
38
1
5
16
1
1
18
11
1
112
1
2
1
40
2
2
54
1
6
1
8
5
1
1
3
1
5
16
6
13
2
1
2
1
1
1
1
37
1
1
1
1
1
1
3
11
2
1
57
61
51
13
3
12
3
146
1
1
1
6
2
1
2
4
1
1
1
6
1
1
3
3
1
1
1
1
1
4
2
3
1
2
1
1
2
1
1
1
1
1
2
1
2
2
1
1
1
1
1
1
1
2
1
3
3
1
1
1
1
1
1
2
1
1
1
2
1
1
5
1
3
2
1
1
1
5
3
2
1
1
6
1
3
1
1
1
5
1
1
1
4
1
1
4
1
2
12
1
2
1
4
17
2
1
1
2
1
17
1
1
1
7
1
1
1
5
2
2
1
6
1
5
1
2
1
3
1
1
1
8
4
1
1
3
1
1
4
6
1
1
1
1
2
2
1
1
1
1
1
1
1
4
1
4
2
1
1
1
1
22
2
66
2
1
1
3
2
1
1
7
1
1
1
1
1
2
3
47
1
11
11
1
1
1
2
3
2
1
15
1
5
1
1
1
8
1
3
1
1
1
1
1
1
8
3
7
8
4
5
16
13
2
1
1
1
1
1
1
1
2
5
1
2
4
1
2
8
18
1
1
3
1
1
2
1
1
1
1
1
68
15
1
1
1
1
2
1
2
405
2
1
1
1065
2
1
3
1
1
1
1
7
4
1
2
1
1
1
1
1
1
1
1
177
1
1
1
1
1
1
1
1
1
1
1
4
1
1
4
99
129
1
1
1
1
2
3
10
1
2
5
2
1
1
1
1
1
1
1
8
1
1
4
1
38
6
3
88
1
1
4
34
1
2
1
1
1
1
3
73
139
3
1
85
11
1
1
1
1
973
4
2
5
23
849
1
15
1
1
24
2
1
2
4
5
2
1
18
1
3
119
1
57
4
2
1
4
1
107
1
3
64
7
1
1
1
1
2
1
1
1
1
1
1
1
30
3
1
3
1
2
6
115
2
1
1
5
1
1
1
1
1
315
7
5
1
6
3
3
3
1
1
2
1
1
1
1
1
1
1
1
1
1
7
1
1
1
887
1
8
2
1
1
1
1
1
1
2
4
37
2
2
1
77
8
1
2
193
1
1
1
51
1
1
1
3
1
1
2
1
130
1
1
1
2
1
4
6
1
1
6
1
2
2
1
1
1
2
3
1
5
1
2
1
1
1
4
1
1
1
2
1
719
1
1
2
1
1
1
2
1
1
1
6
1
1
785
2
1
3
1
3
1
1
1
2
1
3
3
12
2
1
1
1
2
1
1
1
60
2
1
2
1
8
1
1
1
3
1
2
1
2
5
2
1
7
1
5
1
2
5
2
2
2
149
3
1
1
87
8
1
340
1
4
1
2
12
44
225
2
3
1
1
1
1
1
4
1
1
1
1
2
1
14
4
9
2
1
3
4
2
1
2
1
1
1
1
1
2
1
7
1
4
1
1
1
2
4
1
1
2
1
4
1
1
1
7
1
1
1
2
1
8
2
1
3
1
1
8
2
4
1
8
1
3
1
1
1
7
1
3
30
1
1
1
1
1
1
136
1
6
2
3
3
4
1
80
3
1
3
1
3
1
1
13
10
29
1
2
2
3
3
1
584
3
1
1
1
1
1
2
1
1
42
6
1
3
1
2
4
7
15
2
2
1
762
8
1
13
3
1
9
1
4
2
3
1
5
43
3
9
1
1
1
1
1
5
5
10
3
1
4
2
6
31
1
22
1
1
2
1
1
5
7
3
1
1
1
1
1
3
7
65
1
1
1
1
1
1
2
18
1
2
2
1
2
2
1
21
3
9
2
7
1
2
1
23
1
1
2
1
1
14
7
10
2
1
5
2
1
2
2
17
15
3
1
48
3
1
2
1
215
1
1
1
1
1
1
1
1
1
1
1
1
4
2
3
1
1
5
1
127
1
1
2
1
1
2
5
2
1
1
1
1
2
1
2
1
2
13
4
1
1
1
2
4
2
1
1
1
1
1
2
3
1
5
1
9
1
1
2
1
1
1
1
6
1
9
1
1
2
2
2
10
1
1
2
1
1
1
2
3
3
1
1
1
1
1
1
2
1
1
1
4
2
1
2
2
1
6
7
1
2
1
1
534
3
1
1
1
1
1
1
2
1
2
1
1
3
4
1
9
1
1
1
17
1
3
1
1
1
1
1
47
101
1
8
1
4
3
1
2
1
5
2
1
6
3
1
2
1
1
10
2
2
1
1
1
2
1
1
2
2
4
197
1
1
1
1
1
1
1
1
1
1
14
7
5
4
3
1
5
1
118
36
1
1
10
1
3
10
13
5
1
1
1
1
1
2
1
1
1
7
12
2
1
2
4
1
1
5
5
1
1
1
1
1
1
1
1
1
1
2
1
1
1
1
1
2
4
1
1
1
16
2
1
1
32
1
1
4
26
1
3
1
2
7
3
1
4
6
11
3
1
4
1
1
6
55
1
28
12
276
907
34
26
4
62
70
4
71
234
19
25
127
14
1
1
160
1
1
1
2
1
1
3
1
1
1
3
5
308
2
1
2
11
1
1
23
11
1
3
1
18
1
1
9
1
2
2
1
9
1
21
6
1
3
1
1
2
1
21
1
1
1
3
1
2
3
1
2
500
1
1
1
3
13
2
10
4
2
1
1
1
3
5
1
1
9
17
1
5
7
2
3
161
1
1
1
1
2
1
1
9
2
4
1
3
8
1
1
1
1
1
2
1
6
2
292
82
1
3
17
1
9
6
2
5
101
2
3
9
2
1
1
1
3
4
1
6
15
3
23
3
1
2
8
2
68
69
34
61
11
1
1
1
2
1
2
9
1
5
1
1
1
3
1
1
1
2
1
1
804
1
1
1
2
1
4
8
1
2
1
1
1
1
1
1
1
1
1
1
1
1
2
2
2
1
1
2
83
2
3
3
1
6
18
1
1
9
1
5
2
1
4
5
1
1
2
1
15
3
1
1
1
60
2
1
1
1
2
3
2
2
1
3
1
1
2
1
4
15
1
1
1
1
1
2
1
1
1
1
1
1
1
1
1
1
2
1
1
9
1
1
11
2
1
3
1
13
23
2
4
1
1
1
40
1
1
22
1
2
9
1
3
1
1
1
1
1
8
3
1
1
1
1
1
1
1
1
3
1
3
4
2
2
4
1
1
1
1
1
1
5
1
4
199
5
1
1
1
3
1
1
1
1
33
50
1
1
972
1
1
1
1
2
3
1
1
1
3
585
1
1
1
1
1
1
68
1
1
1
1
2
1
1
1
1
1
3
10
2
1
6
1
1
1
1
1
74
1
1
1
1
2
1
1
1
8
1
1
3
1
2
2
1
2
1
1
2
1
5
1
1
5
4
1
1
1
1
1
2
1
1
4
1
1
2
1
1
8
5
25
13
784
1
4
1
1
14
3
1
1
3
1
66
19
1
1
3
1
1
1
1
1
70
1
1
1
1
1
17
3
20
1
3
219
147
25
7
1
1
25
1
3
595
2
1
3
1
1
1
1
1
1
36
3
3
5
1
1
2
16
3
1
4
2
3
4
65
2
14
1
149
4
2
2
1
1
4
1
5
1
1
4
1
23
20
17
6
1
2
28
11
1
1225
5
5
2
1
1
1
1
2
1
1
1
1
1
2
1
1
1
2
1
6
25
3
1
4
2
5
2
29
54
6
2
1
5
17
2
3
1
4
4
2
4
1
8
1
3
12
400
28
3
1
2
4
1
2
1
16
1
1
1
3
24
18
18
8
7
40
168
1
21
1
1
1
3
1
22
4
1100
49
8
1
18
9
11
1
74
1
2
1
7
2
5
1
11
4
1
6
35
133
3
1
18
1
1
1
77
1
3
24
2
16
3
2
1
10
21
5
17
240
7
2
1
1
2
1
1
1
1
1
1
2
1
1
1
1
1
3
1
3
1
1
1
3
1
2
1
1
3
2
1
3
1
2
1
1
1
2
1
2
2
2
1
13
1
43
1
1
2
2
1
2
1
1
3
1
1
1
1
4
1
6
3
14
1
1
1
8
1
1
3
5
1
1
1
2
1
1
1
72
1
153
1
1
2
8
1
1
1
3
4
1
1
6
8
1
1
153
1
2
27
18
7
1
1
1
1
1
198
1
1
1
1
1
3
2
1
6
2
2
5
1
1
2
84
1
1
6
1
23
1
29
9
1
13
6
3
1
4
2
3
5
6
69
2
2
1
1
1
1
3
3
194
2
1
1
1
1
1
1
1
1
3
1
113
1
4
3
208
4
4
2
1
1
1
1
2
522
3
1
1
1
2
1
3
1
1
1
1
1
1
4
1
1
1
1
2
1
1
21
1
1
1
2
2
1
3
1
8
1
2
2
1
1
2
2
4
1
2
2
204
11
66
14
1
1
1
3
19
1
1
212
4
2
2
1
1
1
1
8
1
1
80
1
1
8
1
6
2
1
3
1
1
1
1
1
1
1
1
1
4
1
1
2
1
1
1
1
25
2
2
3
2
1
1
1
2
1
4
2
1
1
3
7
1
1
3
329
169
12
214
29
17
19
8
18
3
43
2
2
7
2
507
47
1
1
13
59
2
13
4
4
8
1
11
24
6
1
1
73
4
10
1
227
1
27
1
3
1
1
5
1
1
1
1
1
1
1
1
1
1
2
1
1
6
1
8
1
1
9
2
53
1
2
1
1
7
3
16
1
1
1
1
2
9
1
1
3
5
1
6
1
24
1
300
59
1
2
29
10
1
17
2
27
46
5
16
5
16
3
15
56
1
9
55
1
140
62
15
17
1
24
3
4
16
2
16
131
9
9
1
49
50
8
102
110
2
20
20
10
8
4
2
40
1
9
9
25
27
2
4
84
13
3
2
2
3
14
7
1
43
4
1
36
6
1
1
4
5
2
4
7
18
378
1
1
15
12
7
1
8
1
4
49
27
1
56
28
72
1
3
17
1
1
1
14
3
162
6
24
16
1
1
2
1
2
1
2
1
1
30
3
1
1
1
1
1
1
1
5
1
3
34
1
1
2
1
2
1
79
3
4
3
1
1
1
4
2
4
1
1
1
1
4
1
1
1
1
191
1
1
1
1
1
1
1
2
1
1
1
1
27
1
4
5
4
54
1
41
3
1
1
11
172
247
2
1
8
1
1
18
6
1
1
1026
3
28
1
6
63
6
4
62
2
2
1
1
1
1
1
1
1
4
1
1
2
1
1
1
1
1
1
1
8
1
1
1
1
1
11
1
153
2
1
161
2
1
4
3
1
1
1
7
1
13
1
1
1
1
1
1
1
6
115
2
1
6
1
1
312
3
4
20
15
141
30
1
1
1
74
110
2
1
3
3
1
1
1
2
1
1482
1
4
1
1
1
1
1
1
2
1
23
2
1
1
1
17
22
12
2
37
2
13
1
1
6
2
1
1
1
636
1
1
1
1
1
1
37
1
1
1
1
1
44
1
11
28
1
1
1
1
1
7
2
1
1
1
2
1
206
1
1
2
1
1
2
197
56
5
7
2
1
1
1
1
1
4
1
1
5
1
66
1
1
1
1
1
1
1
1
1
1
1
1
1
1
1
1
1
1
1
1
1
1
1
1
5
1
1
5
2
1
2
1
2
1
9
2
1
2
1
1
1
1
1
1
1
1
1
2
1
1
1
1
1
2
1
1
1
1
2
1
1
22
34
2
12
1
1
3
3
2
3
1
1
1
1
2
1
1
1
1
1
1
1
702
1
1
1
1
1
1
1
1
1
3
1
2
8
1
1
2
1
1
3
1
1
1
184
10
3
1
2
1
1
2
1
1
1
1
14
2
1
3
1
3
1
1
2
9
129
1
21
14
17
1
3
1
28
6
29
5
1
10
1
31
11
10
1
1
1
1
1
1
39
15
1
9
1
1
1
1
1
10
6
2
1
3
17
1
2
2
68
1
6
9
1
23
2
1
57
38
8
1
3
1
1
1
2
1
1
1
1
49
3
1
1
2
2
1
1
13
2
6
1
4
1
1
1
1
133
5
60
3
2
60
52
2
2
2
1
4
1
2
7
14
17
6
21
5
9
42
6
1
1
1
1
1
1
1
1
1
84
72
2
1
1
6
34
1
1
4
22
34
49
1
20
37
4
9
1375
1
1
2
1
1
2
3
1
1
4
2
8
8
23
10
3
2
19
47
1
1
7
64
11
1
1
1
1
1
1
5
2
1
1
1
3
3
6
1
1
10
1048
4
5
1
2
1
3
2
1
1
1
1
1
2
22
1
1
41
1
1
36
316
1
5
2
3
5
1
3
2
1
6
141
1348
1
19
4
1
90
9
40
1
1
4
1086
1
1
1
2
1
2
1
1
1
2
1
1
1
2
1
2
1
1
157
1
1
3
521
2
299
7
78
93
1
1563
2
1
1
1
1
1
1
1
1
1
1
1
2
1
2
2
37
17
3
41
11
1
1
3
18
5
1
1
1
37
2
2
1
4
1
1
1
1
2
7
1
1
1
2
79
1
1
263
1
1
15
1
2
1
8
2
1
1
1
1
1
1
1
6
1
1
1
1
1
2
2
2
2
2
1
1531
1
1
1
1
1
1
1
5
116
1
1
1
1
4
3
1
1324
1
2
3
1
1
1
1
2
1
1
1
42
1
1
2
1
1
1
48
1
2
1
1
6
1
3
1
1
1
1
1
1
2
1
1
2
2
2
1
11
3
1
1
1
1
9
1
14
3
5
8
6
1
3
2
1
2
1
1
32
1
28
3
1
134
1
1
7
1
10
1
2
795
1
1
1
25
1
1
2
86
16
6
6
1
1
9
2
1
20
1
1
10
1
1
1
1
1
1
1
52
1
1
6
5
1
1264
5
15
2
1
2
1
2
6
1
1
1
2
1
23
1
70
1
1210
1
1
1
17
4
10
4
10
4
2
3
11
15
1
4
48
1
43
5
4
1
576
92
8
6
3
9
1
32
1
1
1
6
48
1
1
4
4
1
62
2
58
1
4
4
9
1
1
1
1388
1
6
3
1
1
11
1
2
20
1
10
1
1
1
438
3
1
1
9
2
36
33
10
7
1
15
1
1
18
5
1
2
7
7
2
1
1
2
68
3
1
57
4
11
11
6
1
1
11
25
6
1
1
1
1
2
163
131
1
17
1
6
7
2
20
4
1
6
1
2
2
1
7
71
112
1
2
10
6
6
3
3
1
4
1
1
6
1
12
2
2
886
6
1
1
8
47
6
44
1
1
2
1
1
7
36
5
13
2
1
15
1
22
1
1
1
1
3
1
1
1
1
2
30
1
1
1
90
5
1
1
1
2
8
1
2
1
3
61
1
1117
4
4
2
4
1
1
2
1
2
76
76
1
4
2
5
27
1
18
6
1
8
40
26
45
37
10
31
14
1
26
10
1
3
1
1
6
1
2
3
102
4
5
2
3
1
1
8
41
1
7
1
1
95
1
20
1
1
52
1
7
66
1
1
1
1
2
4
3
1
1
2
2
129
1
7
1
1
1
1
17
158
1
3
1
4
1
1
16
6
3
1
1
1
4
3
2
1
1
2
2
3
1
2
1
1
1
1
5
1
1
6
2
8
16
12
504
1
1
129
1
1
4
4
678
499
1
1
1
1
1
1
7
1
4
3
13
9
1
1
1
1
23
1
1
8
1
1
285
1
2
1
1
2
2
32
1
1
1
1
1
1
1
2
1
1
1
1
2
1
1
2
1
1
4
2
31
34
1
1
1
2
1
1
1
32
2
3
1
1
3
2
3
10
1
1
2
13
1
4
9
8
60
2
73
1
24
1
1
1
18
1
2
1
1
2
1
54
1
2
1
1
1
1
6
1
2
1
1
1
1
1
2
2
7
1
1
2
98
5
212
6
49
23
3
35
4
18
1
3
4
1
15
1
2
1
4
5
66
2
2
13
201
18
3
2
1
1
135
270
4
1
2
2
12
5
1
16
8
1
2
1
2
2
3
43
5
10
1
1
1
1
2
2
1
1
1
3
1
3
487
5
1
1
2
1
2
1
1
1
2
118
1
22
5
1
1
1
1
1
5
3
4
1
1
764
4
1
3
3
311
1
1
1
817
1
39
23
3
127
1
12
1
229
2
32
1
7
13
6
1
1
1
1
1
2
2
4
3
2
3
1
1338
8
2
1
2
1
4
1
1
2
1
6
3
3
1
7
23
1
1
8
30
3
1
1
7
1
1
1
1
1
1
1
7
1
1
1
2
2
1
2
16
3
4
1
1
1
1
1
1
1
1
1
7
1
1
91
100
3
14
2
274
16
1
3
2
1
7
1
1
6
1
1
18
1
13
4
3
2
1
2
9
1
8
2
41
1
1
2
1
3
1
1
6
1
1
1
1
1
5
5
1
3
1
1
1
1
3
1
1
5
147
1
1
3
51
1
1
1
1
1
1
23
1
1
2
1
1
11
58
1
1
1
1
19
1
10
2
1
7
2
1
4
1
1
2
4
1
14
2
1
1
1
7
4
7
1
1
1
1
12
1
8
21
13
1
1
2
12
1
1
1
2
1
1
1
1
1
4
12
30
1
1
16
1
1
2
1
1
1
4
5
8
58
1
2
2
1
1
8
5
1
1
1
1
12
22
1
21
14
7
1
1
5
1
10
1
1
3
2
19
1
1
2
1
1
2
1
1
1
1
16
1
3
1
2
9
1
1
3
1
1
1
2
1
6
1
1
1
3
1
1
2
1
1
1
1
2
1
1
12
1
1
1
1
1
1
1
1
3
3
2
582
2
1
4
3
1
19
1
4
391
10
28
1
2
8
48
10
39
3
1
7
1
42
1
11
3
1
1
1
1
1
1
1
3
3
1
1
1
128
1
1
1
4
1
1
1
2
55
1
5
1
1
1
1
2
11
1
1
1188
1
1
1
1
1
1
1
1
1
1
1
1
3
2
24
5
84
4
5
2
44
5
17
8
163
1
1
70
1
42
1
1
34
4
1
3
1
5
5
4
1
1
3
1
7
216
4
1
2
2
1
19
6
331
4
5
231
1
5
4
1
12
230
10
4
171
6
1
1
1
1
1
1
5
1
1
2
22
1
1
1
1
2
1
1
8
3
1
1
1
1
1
1
4
1
1
1
1
1
1
2
1
1
3
2
1
1
2
1
1
1
1
1
1
5
2
1
1
153
1
1
1
104
2
11
1
1
1
7
3
1
1
1
5
3
1
1
1
1
4
1
2
1
1
2
1
1
1
2
1
2
1
1
1
1
116
2
3
3
1
1
1
297
1
2
1
1
2
3
1
8
1
2
2
1
1
1
1
1
230
4
1
9
1
228
1
2
3
1
2
1
23
1
4
1
1
2
2
1
1
1
5
1
1
1
1
1
4
1
6
4
1
2
30
2
1
1
1
2
1
1
1
1
1
1
5
1
1
1
1
2
1
1
1
1
1
1
3
1
1
1
1
1
1
1
1
1
2
2
1
1
1
1
1
2
1
1
1
1
2
10
1
1
2
1
3
2
11
27
5
3
1
1
1
1
3
1
1
57
1
1
4
1
9
1
2
2
1
1
209
3
6
7
12
1
1
2
11
1
10
2
2
1
2
24
21
3
10
220
3
1
2
1
1
1
1
1
1
1
1
28
2
7
1
19
1
39
51
9
1
1
1
5
8
1
22
1
165
2
124
4
7
3
1
3
73
1
1
21
3
1
1
1
1
3
2
2
1
2
1
1
1
3
1
1
4
1
7
5
1
3
11
1
2
1
4
2
1
6
1
1
4
34
2
243
1
15
6
13
1
2
21
26
5
1
3
2
4
10
2
1
816
2
2
7
1
3
1
2
1
2
1
4
2
2
4
1
1
1
2
2
5
8
16
3
2
2
6
5
1
15
1
1
2
1
1
1
1
1
1
4
35
28
3
2
1
17
2
4
27
14
1
4
2
1
2
3
4
2
1
2
750
7
4
1
6
1
1
2
128
7
4
6
3
1
3
2
18
6
3
1
9
2
1
1
272
6
4
1
211
1
1
1
4
3
16
1
1
42
1
1
1
1
2
1
43
155
1
2
50
4
9
20
8
1
2
2
1
1
11
1
2
33
1
7
1
1
882
17
4
3
4
3
4
1
14
1
2
85
1
15
4
237
1
71
1
1
750
24
5
1
1
11
2
1
2
2
1
1
1
2
1
16
2
28
3
1
1
2
1
1
1
1
1
7
1
1
53
9
97
3
2
3
3
5
1
1
1
2
1
4
29
2
42
1
1
3
2
6
2
3
1
1
3
1423
1
2
1
5
1
2
1
1
3
2
1
2
7
1
1
1
4
12
12
1
7
4
1
1
5
113
34
1
1
2
1
1
1
6
639
10
21
1
6
1
1
1
1
1
1
1
9
1
6
30
10
2
8
4
1
99
1
36
39
1
1
7
14
7
3
13
1
58
19
1
14
1
9
1
11
732
9
4
5
57
6
4
4
1
1
1
2
3
1
3
4
15
3
3
223
1
1
7
1
1
1
1
5
1
1
1
3
1
1
1
1
1
1
1
3
3
1
2
1
2
1
1
2
1
1
1
2
1
1
2
3
3
1
1
1
2
8
1
1
1
1
1
99
8
1
1
1
1
1
1
6
1
1
12
92
2
2
1
1
2
2
1
3
2
2
1
1
1
2
1
4
1
1
1
2
1
2
2
3
1
1
88
235
1
1
3
1
8
1
1
10
5
1
7
1
4
5
1
1
1
1
1
7
7
170
2
6
18
7
6
3
1
1
3
1
2
17
15
3
2
2
1
25
4
15
12
2
7
1
1
8
2
12
5
33
5
101
210
73
1
1
1
17
1
2
2
1
1
1
1
1
2
1
3
28
1
1
1
1
5
1
1
1
11
8
1
5
1
395
1
4
5
3
1
3
7
11
40
1
1
2
2
1
4
16
18
5
1
1
1
1
1
1
1
1
12
1
232
1
3
1
1
1
1
294
1
1
1
1
1
104
3
5
1
1
89
2
1
7
2
1
139
134
1
9
1
4
19
29
1
4
2
1
1
1
1
1
13
1
12
1
8
121
130
1
1
1
24
1
23
2
26
48
1
2
3
60
2
1
12
20
28
33
2
1
6
1
3
1
1
116
1
12
1
27
1
1
1
1
366
1
5
17
1
12
2
1
9
1
1
2
39
464
9
1
139
1
7
80
28
12
67
3
33
4
2
13
1
1
1
5
1
13
1
5
12
1
3
1
3
13
10
1
73
4
9
1
1
1
1
163
1
2
1
199
2
1
2
1
3
3
23
5
11
1
26
1
2
2
2
1
114
1
4
19
1
1
1
1
2
38
37
3
1
1
3
2
1
1
152
6
28
1
1
4
1
1
1
1
12
1
3
1
5
943
1
4
1
1
1
7
1
1
3
1
1
1
2
4
1
41
1
2
1
1
1
1
9
1
1
1
5
2
54
114
1
2
4
1
1
1
3
2
3
2
2
11
2
1
1
1
1
1
12
1
1
1
1
5
1
1
1
32
2
19
2
1
1
12
1
3
1
1
1
1
1
1
1
2
1
92
1
1
1
1
4
3
1
1
1
1
1
1
1
1
1
608
1
1
1
1
2
1
1
1
1
1
1
4
1
363
2
1
3
15
1
10
6
1
1
93
1
20
1
1
3
106
1
1
1
1
1
1
1
1
1
2
10
6
5
108
3
3
1
5
2
1
2
1
35
1
3
1
1
21
2
2
1
1
2
2
11
1
1
1
1
10
2
5
4
3
24
2
15
65
3
1
9
2
42
3
7
1
1
3
1
4
2
1
1
4
2
20
1
13
5
20
1
10
1
1
8
2
1
1
1
1
2
7
1
19
266
1
12
1
1
15
51
1
1
5
955
201
1
7
8
17
6
1
19
1315
2
1
1
1
84
5
57
41
270
11
5
1
553
2
1
2
1
1
1
4
1
1
1
1
21
1
1
1
259
2
107
5
1
1
1
21
1
4
3
2
1
96
1
62
7
1
1
1
411
2
10
152
2
1
1
1
143
2
1
1
1
6
7
3
1
4
2
2
2
1
3
31
5
1
37
4
2
1
2
4
1
4
4
7
291
2
1
18
21
1
2
3
3
44
1
8
50
1
4
1
1
4
2
1
7
2
1
2
1
1
1
54
1
1
1
2
1
1
4
1
8
1
1
13
14
39
29
6
4
5
1
2
1
1
1
1
1
1
1
1
3
2
18
16
2
2
23
17
2
476
5
125
1
2
234
1
2
1
4
1
1
2
1
2
9
1
163
2
1
189
49
17
4
5
1
1
2
249
1
1
49
55
28
1
1
2
1
301
1
292
73
2
1
42
5
8
1
3
24
14
1
1
1
1
1
1
2
1
1
16
1
1
1
1
1
1
29
1
1
16
22
2
96
1
3
1
1
1
2
20
1
1
1
1
1
1
4
1
2
2
3
1
3
1
1
1
2
2
1
4
1
2
2
2
8
5
1
1
1
1
1
1
1
1
1
4
1
1
224
5
87
3
1
6
5
3
2
99
18
3
2
1
8
1
1
2
1
2
1
154
1
1
1
1
1
138
1
1
2
112
4
1
88
201
1
1
9
1
6
46
1
2
8
1
2
1
79
51
19
1
558
3
109
2
56
3
1
1
5
1
42
111
1
1
1
26
7
2
1
1
1
1
4
2
1
1
1
3
3
5
25
7
3
15
14
1
528
9
1
1
3
6
9
4
157
3
101
40
2
1
1
10
1
27
2
1
1
225
2
1
2
1
1
1
7
1
4
1
1
1
3
2
2
2
862
1
1
5
21
4
7
4
1
2
6
1
3
1
1
1
102
89
25
8
32
20
1
15
3
1
1
4
1
43
1
1
4
2
7
3
5
11
105
79
2
100
161
4
310
64
18
2
1
8
9
5
2
41
1
1
1
3
4
1
1
60
3
8
1
1
1
1
1
1
1
1
27
1
1
1
1
1
1
3
28
1
2
2
1
4
1
1
2
1
5
2
1
243
7
1
9
1
3
20
1
2
1
5
109
1
1
1
1
2
1
5
3
1
5
1
1
2
31
28
1
140
8
1
388
1
9
1
1
1
1
1
1
1
2
1
1
1
1
3
1
1
1
1
3
1
1
4
1
1
1
666
1
1
1
2
1
7
2
1
1
1
3
6
1
1
17
1
1
4
11
4
1
1
2
2
2
1
1
1
1
4
1
1
2
1
8
10
1
2
1
1
1
2
1
3
22
17
1
1
1
1
14
1
1
5
42
201
1
1
1
1
2
111
1
3
1
1
86
45
8
10
2
1
48
1
7
17
1
1
1
5
1
1
1
2
2
1
1
1
20
1
49
1
3
1
1
3
19
43
5
1
1
1
6
1
1
1
1
2
68
12
2
2
1
91
1
87
1
1
2
67
3
45
1
1
1
1
2
1
1
1
1
1
2
84
5
7
1476
6
71
1
2
3
1
2
2
1
1
1
1
3
4
2
2
5
1
7
1
1
3
2
2
1
1
1
2
1
1
1
1
1
1
1
3
1
1
2
1
1
9
1
5
1
1
2
1
1
1
2
3
1
1
1
1
1
4
1
1
11
2
1
45
8
1
2
2
1
2
2
2
1
10
7
1
1
1
3
1
1
25
31
1
3
4
1
2
16
4
1
7
2
2
2
8
12
4
11
22
25
25
1
38
5
2
3
32
1
1
2
2
1
1
1
1
5
6
219
1
1
1
1
1
2
254
1
1
3
1
23
1
1
9
3
5
1
2
7
1
1
1
37
273
1
1
3
85
1
1
1
1
1
1
1
33
1
18
2
1
6
22
640
20
6
19
8
2
1
1
3
17
27
10
1
58
4
22
1
12
1
122
4
1
256
1
8
7
74
6
2
1
4
20
1
6
10
134
120
3
2
25
71
2
2
14
1
5
1
15
28
77
3
9
1
2
5
52
3
6
2
3
3
2
1
1
41
70
1
1
3
106
31
1
1
1
6
2
1
1
1
1
1
2
1
8
3
2
1
7
1
1
3
2
1
1
2
3
2
2
17
1
5
1
1
7
1
2
112
2
5
1
29
10
1
102
2
2
4
3
21
1
154
1
31
2
1
2
1
30
1
11
1
4
4
4
1
150
38
12
2
5
87
6
1
13
2
1
51
2
21
1
1
98
19
1
8
2
1
1
1
7
1
10
5
74
1
1
18
1
52
13
10
1
2
5
1
1
6
2
4
1
1
7
5
2
9
12
37
32
16
1
10
2
4
10
5
19
2
1
16
8
2
4
3
92
3
13
191
2
1
22
8
1
2
1
8
1
79
20
18
55
1
139
28
6
83
12
2
1
1
1
2
1
1
1
1
454
454
1
1
1
89
1
29
27
246
2
2
1
7
1
1
66
3
3
10
12
1
1
3
18
7
4
22
1
5
2
8
1
1
1
10
183
130
1
2
4
25
13
11
1
16
9
29
12
1
6
2
6
6
1
600
4
467
1
1
8
24
2
1
1
1
1
1
1
2
5
24
6
1
5
8
3
2
1
1
22
41
96
3
2
283
1
4
1
1
1
1
3
2
1
9
1
5
4
3
1
1
435
4
1
1
5
1
4
3
1
10
1
4
1
10
6
23
4
1
119
1
2
1
4
3
5
6
4
1
5
25
1
55
1
1
1
11
1
1
397
3
1
1
1
1
2
1
1
1
2
22
1
3
1
11
1
14
1
1
31
3
7
1
1
1
4
74
1
3
3
3
1
100
1
3
1
3
3
5
37
46
7
1
8
4
1
1
2
2
4
2
1
2
16
564
1
2
46
1
9
2
1
8
4
3
1243
1
5
1
59
241
3
30
5
9
1
16
4
4
47
5
3
44
1
1
7
7
2
4
114
1
5
5
5
1
1
3
6
3
1
1
1
48
1
1
2
45
10
47
1
16
10
3
6
4
1
2
2
1
1
1
10
9
1
36
113
1
1
2
3
1
8
1
1
3
1
1
1
3
32
1
26
1
3
1
2
38
12
1
42
11
2
1
1
1
2
1
3
1
15
14
25
12
17
2
7
6
22
1
21
2
2
1
4
4
2
2
1
2
1
1
1
7
12
3
25
1
1
1
17
11
1
1
1
3
1
123
1
1
11
4
4
42
2
2
14
1
1
1
112
2
6
1
1
1
1
1
449
1
13
29
1
1
1
1
1
1
7
3
125
1
14
3
1
7
1
7
8
2
5
1
39
1
1
1
1
4
23
1
1
2
1
2
1
2
2
1
11
2
56
4
1
1
2
3
1
1
12
1
16
70
4
2
13
4
2
1
76
2
1
1
5
7
66
1
37
97
113
17
96
1
1
7
240
1
1
3
1
4
1
3
1
5
5
8
1
31
1
4
2
7
1
1
8
1
2
1
9
17
2
1
4
2
1
3
2
1
1
1
5
8
40
1
4
1
1
1
19
1
1
1
3
41
1
593
2
1
1
19
10
35
4
3
2
3
22
1
1
1
2
1
1
2
8
1
7
4
3
1
1
2
1
5
1
1
6
2
196
1
1
1
1
1
7
5
15
6
7
2
10
4
1
1
5
1
2
24
2
10
1
3
59
1
2
2
69
6
23
1
1
3
2
30
1
1
1
46
1
13
1
1
2
1
1
1
1
1
1
23
6
1
1
3
1
1
2
1
1
1
1
1
2
1
5
1
117
4
1
2
25
13
3
26
1
2
5
1
1
42
1
10
55
1
4
3
11
1
1
199
1
1
6
4
1
1
16
1
2
50
1
1
1
1
2
1
1
1
5
1
272
1
3
1
1
1
2
1
2
1
9
1
1
2
7
11
1
1
2
144
16
1
1
1
1
1
1
9
1
1
3
1
1
4
2
3
1
1
1
1
12
1
3
1
68
1
2
1
1
1
6
694
1
1
5
8
1
1
1
1
2
1
1
3
2
1
1
1
1
27
1
1
2
1
2
2
2
3
5
1
1
1
2
9
4
1
2
3
1
1
1
2
1
2
1
2
5
3
1
1
1
6
128
1
2
2
2
2
2
1
1
1
9
19
9
3
3
9
4
1
2
5
4
1
1
2
1
1
2
1
2
1
1
1
9
1
3
1
1
2
2
1
1
1
1
1
1
3
1
1
1
2
1
1
1
1
520
1
1
7
1
9
2
1
2
19
1
11
3
53
4
152
11
28
1
1
2
1
1
1
1
1
1
1
1
7
1
1
1
1
10
1
1
1
1
2
5
2
1
1
1
1
1
1
1
1
1
1249
1
4
2
1
1
1
8
9
10
2
1
1
2
1
2
3
3
3
1
2
2
24
24
154
1
3
12
1
1
1
6
6
1
2
22
1
1
3
51
1
2
1
1
15
1
2
2
1
6
1
1
66
33
3
18
1
1
6
1
1
1
1
2
1
1
4
1
39
1
4
1
37
1
1
1
1
1
2
3
6
1
1
1
31
170
2
1
1
7
1
1
11
1
1
4
1
33
1
1
96
84
1
1
1
2
9
858
27
8
49
75
17
306
82
14
37
1
1
2
3
6
2
1
1
2
1
3
31
1
1
10
1
7
18
1
1
1
1
1
1
3
1
1
1
1
6
91
4
1
30
21
1
1
1
3
2
3
2
11
32
24
1
1
1
1
41
1
4
6
1
3
1
3
1
19
1
1
2
1
1
21
1
1
1
2
12
1
1
1
48
2
2
1
4
1
264
8
1
24
2
1
1
1
1
239
1
2
10
1
1
10
12
1
1
1
2
1
1
1
1
2
1
1
6
1
20
1
103
3
3
3
148
67
1
1
96
57
13
3
1
31
1
1
1
1
2
13
1
4
54
17
1
2
1
36
5
1
22
32
28
16
2
12
26
78
1
2
1
1
32
1
1
29
1
2
1
4
20
1
1
1
1
2
4
15
6
1
2
3
1
4
1
55
1
1
1
1
1
1
1
1
15
3
1
1
1
2
1
16
20
2
1
202
6
8
2
2
345
1
1
1
1
2
1
50
1
2
1
5
1
5
3
5
61
4
3
91
30
56
3
18
4
512
239
1
81
2
5
19
9
1
27
164
1
1
10
2
5
5
192
24
1
23
8
1
1
1
1
8
1
1
6
5
5
1
1
1
2
1
5
1
1
1
2
19
11
1
8
6
34
100
3
266
2
1
4
12
1
8
3
5
4
19
1
99
124
11
14
1
161
1
3
4
1
18
1
2
3
1
1
20
2
4
9
44
65
6
5
6
1
7
9
1
2
1
6
81
1
1
998
8
1
1
1099
1
1
2
4
1
376
3
2
38
54
4
2
27
3
43
13
12
1
1
2
1
39
107
1
17
1
1
26
1
108
5
78
8
1
19
12
1
10
11
25
145
1
7
1
1
18
150
110
1
2
1
1
1
1
2
97
3
1
103
1
9
28
1
1
2
75
17
2
38
3
23
31
1
2
1
1
9
1
4
24
2
13
13
36
6
9
1
7
1
14
286
30
3
8
6
2
362
42
45
1
30
6
1
93
3
264
109
284
308
5
8
11
3
2
2
1
3
1
388
2
68
10
6
1
1
4
9
87
2
3
99
1
10
12
13
28
32
28
6
1
1
13
53
21
52
719
1
1
18
13
15
4
6
1
2
18
6
16
1
3
134
1
12
9
7
1
1
1
1
1
3
1
1
2
1
1
1
1
1
1
1
2
1
1
1
1
1
1
1
3
1
1
1
1
1
1
4
2
1
1
1
1
1
2
1
47
1
1
1
1
1
1
1
1
1
8
2
2
1
1
2
2
420
42
200
4
1
2
14
1
2
2
3
6
1
3
1
3
2
1
1
17
6
1
6
1
1
1
21
6
3
1
9
6
5
6
78
3
8
1
1
2
16
3
8
5
1
1
18
1
14
2
3
16
40
14
5
8
1
6
1
2
1
1
1
1
1
1
1
4
1
1
1
1
1
7
1
3
5
1
1
2
1
2
1
2
2
2
3
2
2
1
1
4
1
1
3
2
1
9
3
2
2
1
1
1
1
2
1
1
1
1
1
3
5
1
2
5
1
1
1
1
1
2
1
1
2
1
3
1
1
418
1
1
4
1
2
1
2
1
1
1
2
1
1
1
1
1
2
2
1
1
11
2
1
1
1
1
1
1
1
1
1
1
1
1
2
1
1
8
5
1
1
1
16
1
1
1
1
6
45
275
52
4
1
1
1
1
1
1
5
6
2
1
6
2
6
1
1
2
6
73
89
1
1
1
2
16
72
16
10
3
23
80
4
24
1
8
29
6
1
3
1
1
1
1
1
1
1
1
1
60
75
3
2
1
1
2
1
1
1
1
2
5
14
60
178
5
17
4
32
251
24
34
5
1
2
1
4
3
1
1
6
2
66
1
5
2
7
1
1
12
10
3
7
2
3
1
1
9
3
73
24
17
1
1
7
1
2
1
1
1
6
1
1
1
1
3
2
18
1
15
2
1
1
8
2
5
1
23
2
1
1
1
1
25
1
1
1
175
1
1
1
1
989
1
1
18
1
1
1
1
8
2
12
2
4
1
1
2
2
3
1
1
1
2
2
1
1
16
4
1
1
1
1
2
1
155
60
1
1
1
1
1
2
1
1
12
1
7
5
1
3
1
1
1
2
2
1
1
2
3
5
1
1
1
2
1
1
145
3
1
1
1
1
5
67
2
1
1
5
1
1
1
1
6
1
2
14
5
1
3
1
1
1
8
43
2
1
4
1
1
81
1
1
3
1
1
2
1
1
1
1
2
2
1
3
8
1
4
2
1
1
1
1
2
5
2
18
1
1
1
2
3
1
62
2
1
2
1
1
1
1
552
2
1
1
2
2
18
1
1
9
2
39
2
457
1
1
12
1
37
1
1
1
1
1
1
1
5
3
562
1
1
1
6
1
1
1
8
1
1
6
1
1
1
1
1
1
1
2
1
2
1
2
1
1
43
8
1
1
2
194
279
7
1
1
1
24
8
1
1
5
359
4
20
1
9
2
10
1
14
6
3
1
18
2
1
1
1
1
3
3
3
229
11
1
1
1
1
2
2
75
75
1
1
2
1
1
1
2
5
1
616
1
1
2
1
2
1
9
6
1
1
1
1
2
18
2
1
4
1
3
32
1
13
2
1
12
3
2
1
1
1
1
5
1
1
1
3
3
1
1
1
1
246
1
1
11
4
1
50
1
2
1
1
1
2
1
2
1
24
1
1
1
1
111
7
16
29
4
3
48
1
112
10
1
6
1
1
2
1
1
2
3
2
1
1
1
5
11
1
1
5
1
7
1
1
1
1
1
1
1
1
1
1
2
13
75
1
1
9
11
2
75
1
7
6
2
2
1
1
1
1
2
1
1
1
1
19
2
2
3
1
5
1
1
4
1
1
8
12
1
7
2
1
1
2
15
1
7
7
1
1
130
8
1
1
22
1
1
1
1
1
1
2
1
90
1
29
1
1
7
8
6
4
5
2
7
8
3
6
1
3
2
1
1
1
1
1551
1
1
28
7
1
28
40
99
8
5
26
19
6
3
1
43
8
4
5
3
1
37
2
5
1
173
5
5
16
1
2
29
1
40
2
10
7
2
56
1
1
2
1
421
412
35
9
16
12
1
74
8
286
1
19
138
4
2
234
28
100
2
13
49
36
100
10
83
15
2
35
9
17
170
2
4
29
26
23
114
4
22
17
3
116
42
73
3
4
1
23
6
1
3
1
6
77
47
2
1
1
3
10
8
1
1
1
1
1
1
1
8
1
1
1
1557
1
1
9
1
1
393
1
2
1
1
1
1
1
1
3
4
1
6
1
7
1
1
1
1
12
2
2
1
2
57
3
1
115
1
1
13
1
1
1
1
3
1
1
67
9
1
9
77
2
60
1
40
4
4
1
886
5
82
343
3
49
1
1
1
1
1
1
1
1
1
1
1
1
1
1
1
9
1
3
28
1
8
1
1
1
58
2
1
2
1
1
1
29
3
1
1
1
1
1
3
1
1
1
1
1
1
1
1
1
1
1
1
2
1
1
1
1
1
3
20
2
1
1
1
1
1
1
1
1
1
1
1
5
1
1
1
1
5
1
1
1
6
1
1
1
2
1
1
1
3
1
1
1
1
1
1
1
1
1
1
1
7
2
1
1
3
26
1
1
2
10
3
2
2
1
3
1
4
1
156
1
1
1
3
1
1
89
2
18
1
3
1
1
8
3
1
1
182
1
2
177
2
1
1
1
6
2
1
1
1
1
2
1
1
2
1
1
1
42
6
1
2
1
1
1
4
356
4
1
1
1
1
1
1
2
266
1
4
153
4
1
1
1
1
1
1
2
2
10
594
2
1
2
2
1
3
1
106
5
2
1
2
1
1
5
1
49
2
1
8
1
1
1
1
3
1
1
1
5
2
1
1
1
3
1
1
1
1
2
1
1
1
2
1
1
1
3
3
1
2
1
1
1
1
1
1
1
1
1
1
2
1
1
3
1
1
2
1
1
1
1
1
2
2
1
1
1
1
2
1
1
1
1
1
1
2
2
7
1
1
3
1
1
1
1
1
1
188
1
1
3
94
182
3
1
1
1
1
1
1
2
1
1
1
1
888
1
2
1
1
1
1
1
1
2
2
1
1
1
1
5
2
2
1
1
1
1
1
1
2
1
1
1
3
2
1
3
2
2
5
8
2
1
1
1
1
1
2
2
1
1
39
85
1
44
1
1
1
29
1
2
1
1
1
1
2
5
8
1
7
1
1
1
1
1
2
1
3
6
1
1
1
9
9
2
1
1
9
4
1
14
1
3
1
1
1
1
1
2
1
15
1
7
7
2
2
1
3
1
48
1
17
335
2
50
3
92
1
1
1
1
5
4
1
1
13
5
50
1
2
1
1
2
4
207
2
1
1
1
1
9
28
1
2
1
21
1
1
3
1
1
1
1
2
1
1
1
3
33
1
268
1
1
1
1
1
1
1
1
50
5
1
2
1
10
36
1
1
1
1
2
3
1
73
113
5
1
1
1
1
1
1
1
1
1
10
3
50
51
1
1
3
1
34
1
2
1372
2
1
1
2
23
1
2
1
1
1
1
1
28
1
3
1
24
2
1
1
4
2
1
1
1
102
1
1
13
2
1
1
2
1
1
2
2
1
1
1
1
1
1
1
1
4
123
1
1
1
1
1
1
7
2
1
1
1
8
2
1
31
1
1
7
6
2
1
2
2
1
5
1
1
2
1
1
1
1
1
1
1
1
3
1
1
1
1
1
1
3
1
1
1
1
37
17
2
7
12
1
1
1
1
1
6
2
3
1
21
8
1
7
1
1
1
17
1
1
50
2
1
1
15
123
1
1
12
1
1
1
2
1
1
4
2
1
1
1
7
3
1
1
1
2
1
3
3
1
3
6
3
16
1
1
1
1
2
3
1
1
1
5
1
15
2
24
6
10
1
2
1
28
5
1
3
5
1
1
2
1
3
1
8
5
2
43
1
1
3
829
17
1
1
9
1
1
2
1
2
1
7
22
2
2
1
49
3
1
3
2
2
2
100
1
1
1
1
1
1
1
1
1
1
2
29
5
1
1
1
1
8
16
4
10
82
2
11
31
1
6
1
1
1
96
13
1
1
1
374
17
9
2
16
1
3
1
7
1
83
1
74
341
1
106
8
1
1
1
1
1
48
5
4
1
2
243
5
2
2
3
1
1
5
1
2
1
2
2
5
1
1
2
1
13
59
7
18
2
44
3
1
18
1
24
96
1
1
1
6
1
19
1
5
2
1
5
1
1
4
5
1
1
1
1
3
2
1
3
1
2
1
1
1
3
30
2
5
3
175
1
1
2
170
1
13
527
117
3
1
111
3
1
1
1
2
1
1
1
28
1
1
1
1
1
1
1
1
2
6
37
1
1
1
1
1
1
1
1
1
1
1
