1
1
1
1
1
1
1
1
1
1
1
1
1
5
46
15
2
1
1
7
2
11
2
25
75
15
1
1
1
696
2
1
24
2
6
144
10
1
1
19
80
7
6
17
42
28
3
1
85
1
1
1
1
1
1
2
6
1
2
5
11
8
1
1
1
1
1
1
1
3
1
1
1
1
2
1
1
1
1
1
1
1
2
1
2
4
1
1
1
16
1
6
1
1
2
1
2
447
2
21
4
10
2
1
1
5
8
5
4
1
3
1
2
22
1
2
9
5
6
1
1
2
1
1
7
8
9
12
1
1
5
16
1
2
1
2
6
7
2
1
2
51
1
3
12
3
1
2
5
5
8
1
1
1
1
22
1
39
1
9
2
3
1
5
1
722
3
1
5
1
3
1
221
3
67
6
4
8
3
7
3
19
3
2
2
18
45
1
14
5
1
31
2
2
5
1
1
1
1
1
3
1
1
2
1
1
1
3
1
4
1
5
1
256
1
2
1
2
3
1
1
1
2
1
1
4
2
8
13
24
14
1
1
6
1
133
4
1
3
1
1
1
1
1
1
1
2
1
1
1
3
1
1
3
34
17
3
16
1
1
1
2
1
10
1
1
1
2
32
2
1
1
1
1
1
4
2
1
5
1
4
1
2
1
17
1
2
1
5
3
1
5
1
1
8
2
6
1
4
1
7
1
4
29
46
13
1
1
52
35
1
3
1
1
1
1
1
1
2
1
1
1
1
2
3
22
1
1
1
2
1
3
1
1
3
1
1
201
1
1
1
1
1
1
1
1
2
1
1
1
1
1
1
1
1
1
1
1
1
1
1
4
1
3
1
1
1
1
5
2
1
5
1
1
1
4
1
71
55
1
1
6
1
1
1
4
2
1
1
1
1
1
1
4
1
2
2
3
1
1
2
1
1
1
2
1
2
1
22
1
5
1
2
1
1
2
113
3
1
13
1
1
1
1
1
4
1
119
2
142
1
1
6
29
1
1
1
1
1
3
22
2
44
76
1
1
4
1
1
1
1
1
1
1
3
1
1
12
6
450
2
6
2
1
1
1
1
1
1
1
2
1
1
1
1
1
1
1
1
1
1
1
2
1
4
9
2
2
7
2
1
5
1
1
1
1
1
1
9
1
6
3
4
6
1
3
2
1
1
1
4
1
1
1
3
1
1
2
4
2
1
1
2
3
3
1
1
1
47
6
105
1
2
1
3
1
15
6
1
2
1
1
11
4
1
5
2
1
1
2
7
1
5
1
1
4
1
1
2
1
1
7
1
1
9
1
1
2
98
1
1
9
8
3
10
2
3
2
1
1
1
2
1
4
1
1
2
1
2
1
362
1
7
1
2
2
1
2
1
1
7
3
1
1
1
1
1
1
6
2
35
1
1
4
3
1
1
2
2
1
3
1
1
1
3
1
1
3
1
2
2
1
3
1
5
1
2
1
1
6
1
1
1
16
3
6
3
20
1
1
1
1
1
3
7
14
8
3
5
3
1
38
27
2
52
23
3
1
5
7
4
1
1
1
2
1
1
1
3
1
1
1
1
2
1
1
1
2
14
1
1
1
1
4
81
1
1
2
2
50
5
6
3
7
1
1
1
1
1
2
1
1
2
1
1
1
1
1
7
2
2
3
9
1
1
1
1
1
1
4
7
1
5
3
26
1
1
5
2
1
12
1
11
2
38
1
1
1
1
2
2
1
1
1
1
1
4
5
1
1
41
714
300
202
6
165
1
160
20
311
117
561
284
20
74
122
90
299
23
12
58
524
85
2
41
8
69
16
52
690
32
6
3
1
5
10
2
670
9
4
26
1
1
1
57
1
1
3
1
1
10
16
18
10
3
3
6
3
2
1
16
13
13
1
1
2
1
1
1
1
1
1
14
1
1
1
1
2
2
1
1
2
136
1
2
1
1
8
2
1
2
1
1
3
1
1
1
1
1
1
4
1
1
704
2
1
1
1
1
1
1
1
1
1
1
45
1
1
2
1
2
1
3
1
1
8
1
1
2
13
1
1
1
1
3
1
1
1
1
1
1
1
1
1
1
1
1
1
2
1
44
1
2
2
1
1
12
1
1
8
6
1
137
1
41
1
1
15
19
3
1
2
1
1
3
1
1
1
1
1
2
1
4
1
163
1
1
1
5
1
1
1
1
11
1
2
1
1
2
2
4
27
1
26
1
1
4
3
1
1
4
2
2
3
8
70
26
3
1
1
1
5
12
1
1
1
1
1
1
5
1
48
5
1
1
1
2
1
1
1
1
2
4
2
1
1
1
1
1
3
1
1
1
3
3
1
1
1
1
2
11
1
1
1
12
1
2
2
2
1
1
1
1
1
1
1
1
1
1
1
1
1
1
1
1
1
10
1
1
1
2
1
1
1
2
1
1
1
2
1
1
1
2
1
1
1
1
9
2
2
1
1
1
1
1
3
1
1
1
1
2
1
1
1
1
3
11
1
4
1
5
7
1
1
6
1
1
1
1
1
2
1
2
1
2
1
2
1
1
1
1
1
1
1
2
1
1
1
1
1
2
1
1
224
1
1
1
1
1
1
3
5
1
2
1
1
35
1
3
469
1
4
42
26
1
1
1
1
1
3
1
2
5
1
2
1
1
1
157
1
2
1
31
126
4
1
4
5
9
1
1
1
1
3
1
2
11
4
1
2
1
3
1
2
1
2
2
1
1
6
620
36
1
1
1
13
11
24
2
1
1
11
1
1
5
2
45
3
14
57
6
1
1
1
2
1
2
1
1
142
2
5
13
1
1
1
5
7
2
1
1
4
1
24
21
1
30
1
1
80
1
2
1
2
2
1
1
1
8
1
1
8
3
100
2
1
12
6
2
2
4
1
110
1
38
11
2
1
4
1
8
4
29
5
2
1
1
1
2
8
7
1
18
1
1
2
1
1
1
4
1
77
1
1
1
168
1
1
2
2
13
2
19
1
12
3
19
2
3
13
4
5
1
1
1
1
1
1
1
4
2
43
1
3
12
1
15
4
4
2
1
2
5
1
1
1
1
2
2
1
1
1
1
1
3
16
14
94
11
9
1
63
1
38
1
2
1
1
195
4
1
2
4
1
2
7
1
1
2
2
1
5
70
1
1
38
1
5
16
1
1
18
11
1
1
2
1
2
2
54
1
6
1
8
5
1
1
3
1
5
16
6
13
2
1
2
1
1
1
1
1
1
1
1
1
1
3
11
2
1
57
61
13
3
12
3
146
1
1
1
6
2
1
2
4
1
1
1
6
1
1
3
3
1
1
1
1
1
4
2
3
1
1
1
2
1
1
1
1
1
2
1
2
2
1
1
1
1
1
1
1
2
1
3
3
1
1
1
1
1
1
2
1
1
1
2
1
1
5
1
3
2
1
1
1
5
3
2
1
1
6
1
3
1
1
1
5
1
1
1
4
1
1
4
1
2
12
1
2
1
4
17
2
1
1
2
1
17
1
1
1
7
1
1
1
5
2
2
1
6
1
5
1
2
1
3
1
1
1
8
4
1
1
3
1
1
4
6
1
1
1
1
2
1
1
1
1
1
1
1
4
1
4
2
1
1
1
1
2
2
1
1
3
2
1
1
7
1
1
1
1
1
2
3
1
11
11
1
1
1
2
3
2
1
15
1
1
1
1
8
1
3
1
1
1
1
1
1
8
3
7
8
4
5
16
13
2
1
1
1
1
1
1
1
2
5
1
2
4
1
2
8
18
1
1
3
1
1
2
1
1
1
1
1
15
1
1
1
1
2
1
2
405
2
1
1
2
1
3
1
1
1
1
7
4
1
2
1
1
1
1
1
1
1
1
1
1
1
1
1
1
1
1
1
1
1
1
1
4
99
129
1
1
1
1
2
3
10
1
2
5
2
1
1
1
1
1
1
1
8
1
1
4
1
38
6
3
1
1
4
34
1
2
1
1
1
1
73
139
3
1
85
1
1
1
1
4
2
5
23
1
15
1
1
24
2
1
2
4
5
2
1
18
1
3
119
1
57
4
2
1
4
1
107
1
64
7
1
1
1
1
2
1
1
1
1
1
1
1
3
1
3
1
2
6
115
2
1
1
1
1
1
1
1
315
7
5
1
6
3
3
3
1
1
2
1
1
1
1
1
1
1
1
1
1
7
1
1
1
887
1
8
2
1
1
1
1
1
1
4
37
2
2
1
77
8
1
2
193
1
1
1
51
1
1
1
3
1
1
2
1
1
1
1
2
1
4
6
1
1
6
1
2
2
1
1
1
2
3
1
5
1
2
1
1
1
4
1
1
1
2
1
1
1
2
1
1
1
2
1
1
1
6
1
1
2
1
3
1
3
1
1
1
2
1
3
3
12
2
1
1
1
2
1
1
1
60
2
1
2
1
8
1
1
1
3
1
2
1
2
2
1
7
1
5
1
2
5
2
2
2
149
3
1
1
87
8
1
340
1
4
1
2
12
44
225
2
3
1
1
1
1
1
4
1
1
1
1
2
1
14
4
9
2
1
3
4
2
1
2
1
1
1
1
1
2
1
7
1
4
1
1
1
2
4
1
1
2
1
4
1
1
1
7
1
1
1
2
1
8
2
1
3
1
1
8
2
4
1
1
3
1
1
1
7
1
3
1
1
1
1
1
1
1
6
2
3
3
4
1
3
1
3
1
3
1
1
13
10
29
1
2
2
3
3
1
3
1
1
1
1
2
1
1
42
6
1
3
1
2
15
2
2
1
8
1
13
3
1
9
1
2
3
1
5
43
3
9
1
1
1
1
1
5
5
3
1
4
2
6
31
1
22
1
1
2
1
1
5
7
3
1
1
1
1
1
3
7
65
1
1
1
1
1
1
2
18
1
2
2
1
2
2
1
21
3
9
2
7
1
2
1
23
1
1
2
1
1
14
7
10
2
1
5
2
1
2
2
17
15
1
3
1
2
1
215
1
1
1
1
1
1
1
1
1
1
1
1
4
2
3
1
1
5
1
127
1
1
2
1
1
2
5
2
1
1
1
1
2
1
2
1
2
4
1
1
1
2
4
2
1
1
1
1
1
2
1
5
1
9
1
1
2
1
1
1
1
6
1
9
1
1
2
2
2
10
1
1
2
1
1
1
2
3
3
1
1
1
1
1
1
2
1
1
1
4
2
1
2
2
1
6
7
1
2
1
1
3
1
1
1
1
1
1
2
1
2
1
1
3
4
1
9
1
1
1
17
1
3
1
1
1
1
1
1
8
1
4
3
1
2
1
5
2
1
6
3
1
2
1
1
10
2
2
1
1
1
2
1
1
2
2
4
1
1
1
1
1
1
1
1
1
1
14
7
5
4
3
1
5
1
118
36
1
1
10
1
3
10
13
5
1
1
1
1
1
1
1
1
7
12
2
1
2
4
1
1
5
5
1
1
1
1
1
1
1
1
1
1
2
1
1
1
1
1
2
4
1
1
1
16
2
1
1
1
1
4
26
1
3
1
2
7
3
1
4
6
11
3
1
4
1
1
6
55
1
28
12
907
34
26
4
62
70
4
19
25
127
14
1
1
1
1
1
2
1
1
3
1
1
1
3
5
308
2
1
2
11
1
1
11
1
3
1
18
1
1
9
1
2
2
1
9
1
21
6
1
3
1
1
2
1
21
1
1
1
3
1
2
3
1
2
1
1
1
3
13
2
10
4
2
1
1
1
3
5
1
1
9
17
1
5
2
3
161
1
1
1
1
2
1
1
9
2
4
1
3
8
1
1
1
1
1
2
1
6
2
82
1
3
17
1
9
2
2
3
9
2
1
1
1
3
4
1
6
15
3
23
1
2
8
2
68
34
61
11
1
1
1
2
1
2
9
1
5
1
1
1
3
1
1
1
2
1
1
1
1
1
2
1
8
1
2
1
1
1
1
1
1
1
1
1
1
1
1
2
2
2
1
1
2
2
3
3
1
6
18
1
1
9
1
5
2
1
4
5
1
1
2
1
15
3
1
1
1
2
1
1
1
2
3
2
2
1
3
1
2
1
4
15
1
1
1
1
1
2
1
1
1
1
1
1
1
1
1
1
2
1
1
9
1
1
2
1
3
1
2
4
1
1
1
40
1
1
22
1
2
9
1
3
1
1
1
1
1
8
3
1
1
1
1
1
1
1
1
3
1
3
4
2
2
4
1
1
1
1
1
1
1
4
199
5
1
1
1
3
1
1
1
1
50
1
1
972
1
1
1
1
2
3
1
1
1
3
1
1
1
1
1
1
68
1
1
1
1
2
1
1
1
1
1
3
10
2
1
6
1
1
1
1
1
1
1
1
1
2
1
1
1
8
1
1
3
1
2
2
1
2
1
1
2
1
5
1
1
5
4
1
1
1
1
1
2
1
1
4
1
1
2
1
1
8
5
25
13
784
1
4
1
1
14
3
1
1
3
1
66
19
1
1
3
1
1
1
1
1
1
1
1
1
1
17
20
1
3
219
25
1
1
25
1
3
2
1
3
1
1
1
1
1
1
36
3
3
5
1
1
16
3
1
2
3
4
65
14
1
149
4
2
2
1
1
4
1
5
1
1
4
1
23
20
17
6
1
2
28
11
1
5
5
2
1
1
1
1
2
1
1
1
1
1
2
1
1
1
2
1
6
25
3
1
4
2
5
2
29
54
6
2
1
5
17
2
3
1
4
4
2
4
1
8
1
3
12
400
28
3
1
2
4
1
2
1
16
1
1
1
3
24
18
8
7
40
168
1
21
1
1
1
3
1
22
4
49
8
1
18
9
11
1
1
2
1
7
2
5
1
11
1
6
133
3
1
18
1
1
1
77
1
3
24
2
16
3
2
1
10
21
5
17
7
2
1
1
2
1
1
1
1
1
1
2
1
1
1
1
1
3
1
3
1
1
1
3
1
2
1
1
3
2
1
3
1
2
1
1
1
2
1
2
2
2
1
1
43
1
1
2
2
1
2
1
1
3
1
1
1
1
4
1
6
3
14
1
1
1
8
1
1
3
5
1
1
1
2
1
1
1
72
1
1
1
2
8
1
1
1
3
4
1
1
8
1
1
153
1
2
27
18
7
1
1
1
1
1
1
1
1
1
1
3
2
1
6
2
2
5
1
1
2
1
1
6
1
1
29
9
1
13
6
3
1
4
2
3
5
6
2
2
1
1
1
1
3
3
194
2
1
1
1
1
1
1
1
1
3
1
113
1
4
3
208
4
2
1
1
1
1
2
522
3
1
1
1
1
3
1
1
1
1
1
1
4
1
1
1
1
2
1
1
21
1
1
1
2
2
1
1
8
1
2
2
1
1
2
2
4
1
2
2
66
14
1
1
1
3
19
1
1
212
4
2
2
1
1
1
1
8
1
1
80
1
1
8
1
6
2
1
3
1
1
1
1
1
1
1
1
1
4
1
1
2
1
1
1
1
25
2
2
3
2
1
1
1
2
1
4
2
1
1
3
7
1
3
169
12
214
29
17
19
8
18
3
43
2
2
507
47
1
1
13
59
2
13
4
4
8
1
11
24
6
1
1
73
4
10
1
1
1
3
1
1
5
1
1
1
1
1
1
1
1
1
1
2
1
1
6
1
8
1
1
9
2
53
1
2
1
1
7
3
16
1
1
1
1
2
9
1
1
3
5
1
6
1
24
1
59
1
2
29
10
1
2
27
46
5
16
5
16
3
15
56
1
9
55
62
15
17
1
24
3
4
16
2
131
9
1
49
8
102
110
20
20
10
8
4
2
40
1
9
9
27
2
4
84
13
3
2
2
3
14
1
43
4
1
36
6
1
1
4
5
2
7
18
378
1
1
15
12
7
1
8
1
4
49
27
1
56
28
72
1
3
17
1
1
1
14
162
24
16
1
1
2
1
2
1
2
1
1
30
3
1
1
1
1
1
1
1
5
1
3
1
1
2
1
2
1
3
4
3
1
1
1
4
2
4
1
1
1
1
4
1
1
1
1
1
1
1
1
1
1
1
2
1
1
1
1
27
1
4
5
54
1
3
1
1
11
172
2
1
8
1
1
18
6
1
1
3
1
6
63
6
4
62
2
2
1
1
1
1
1
1
1
1
1
2
1
1
1
1
1
1
1
8
1
1
1
1
1
11
1
153
2
1
2
1
4
3
1
1
1
7
1
1
1
1
1
1
1
1
6
115
2
1
6
1
1
312
3
4
20
15
141
30
1
1
1
74
2
1
3
3
1
1
1
2
1
1
4
1
1
1
1
1
1
2
1
23
2
1
1
1
17
22
12
2
37
2
13
1
1
6
2
1
1
1
1
1
1
1
1
1
37
1
1
1
1
1
44
1
11
1
1
1
1
1
7
2
1
1
1
2
1
1
1
2
1
1
2
56
5
7
2
1
1
1
1
1
1
1
5
1
66
1
1
1
1
1
1
1
1
1
1
1
1
1
1
1
1
1
1
1
1
1
1
1
1
5
1
1
5
2
1
2
1
2
1
9
2
1
2
1
1
1
1
1
1
1
1
1
2
1
1
1
1
1
2
1
1
1
1
2
1
1
22
2
12
1
1
3
3
2
3
1
1
1
1
2
1
1
1
1
1
1
1
1
1
1
1
1
1
1
1
1
3
1
2
8
1
1
2
1
1
3
1
1
1
10
3
1
2
1
1
2
1
1
1
1
14
2
1
1
3
1
1
2
9
129
1
21
14
17
1
3
1
6
5
1
11
10
1
1
1
1
1
1
39
15
1
9
1
1
1
1
10
6
2
1
3
17
1
2
2
68
1
6
9
1
23
2
1
38
8
1
3
1
1
1
2
1
1
1
1
49
3
1
1
2
2
1
1
13
2
6
1
4
1
1
1
1
5
60
3
2
52
2
2
2
1
4
1
2
7
14
17
6
21
5
9
42
6
1
1
1
1
1
1
1
1
1
84
72
2
1
1
6
1
1
4
22
34
49
1
20
37
4
1375
1
1
2
1
1
2
3
1
1
4
2
8
8
23
10
3
2
19
47
1
1
7
64
11
1
1
1
1
1
1
5
2
1
1
1
3
6
1
1
10
4
5
1
2
1
3
2
1
1
1
1
1
2
22
1
1
41
1
1
36
316
1
2
3
5
1
3
2
1
6
141
1
19
4
1
90
9
1
1
4
1
1
1
2
1
2
1
1
1
2
1
1
1
2
1
2
1
1
1
1
3
2
7
78
1
2
1
1
1
1
1
1
1
1
1
1
1
2
1
2
2
37
17
3
41
11
1
1
3
18
5
1
1
1
37
2
2
1
1
1
1
1
2
7
1
1
1
2
1
1
263
1
1
15
1
2
1
8
2
1
1
1
1
1
1
1
6
1
1
1
1
1
2
2
2
2
2
1
1
1
1
1
1
1
1
5
116
1
1
1
1
4
3
1
1
2
3
1
1
1
1
2
1
1
1
42
1
1
2
1
1
1
48
1
2
1
1
6
1
3
1
1
1
1
1
1
2
1
1
2
2
2
1
3
1
1
1
1
9
1
14
3
5
8
6
1
3
2
1
2
1
1
32
1
28
3
1
1
1
7
1
10
1
2
1
1
1
1
1
2
86
6
6
1
1
9
2
1
20
1
1
10
1
1
1
1
1
1
1
52
1
1
6
5
1
5
15
2
1
2
1
2
6
1
1
1
2
1
23
1
70
1
1210
1
1
1
17
10
4
10
4
2
3
11
15
1
4
48
1
43
5
4
1
576
92
8
6
3
9
1
32
1
1
1
6
48
1
1
4
4
1
2
58
1
4
4
1
1
1
1
6
3
1
1
11
1
2
20
1
10
1
1
1
3
1
1
9
2
36
33
10
7
1
15
1
1
5
1
2
7
7
2
1
1
2
68
3
1
4
11
11
6
1
1
11
25
6
1
1
1
1
2
163
1
17
1
6
7
2
20
4
1
1
2
2
1
7
71
112
1
2
10
6
6
3
3
1
4
1
1
6
1
12
2
2
886
6
1
1
8
47
6
1
1
2
1
1
7
36
5
13
2
1
15
1
22
1
1
1
1
3
1
1
1
1
2
30
1
1
1
5
1
1
1
2
8
1
2
1
3
61
1
4
4
2
4
1
1
1
2
76
1
4
2
5
1
18
6
1
8
40
26
45
37
10
31
14
1
26
10
1
3
1
1
6
1
2
3
102
4
5
2
3
1
1
8
41
1
7
1
95
1
20
1
1
1
7
66
1
1
1
1
4
3
1
1
2
2
129
1
7
1
1
1
1
17
1
3
1
4
1
1
16
6
3
1
1
1
4
3
2
1
1
2
3
1
2
1
1
1
1
5
1
1
6
2
8
16
12
504
1
1
1
1
4
4
678
499
1
1
1
1
1
1
7
1
4
3
13
9
1
1
1
1
23
1
1
8
1
1
285
1
2
1
1
2
2
1
1
1
1
1
1
1
2
1
1
1
1
2
1
1
2
1
1
4
2
31
34
1
1
1
2
1
1
1
32
2
3
1
1
3
2
3
10
1
1
2
1
4
9
60
2
73
1
24
1
1
1
18
1
2
1
1
2
1
1
2
1
1
1
1
6
1
2
1
1
1
1
1
7
1
1
2
98
5
212
6
49
23
3
35
4
18
1
3
4
1
15
1
2
1
4
5
66
2
2
13
201
18
3
2
1
1
135
270
4
1
2
2
12
5
1
16
8
2
1
2
2
3
43
5
10
1
1
1
1
2
2
1
1
1
3
1
5
1
1
2
1
2
1
1
1
2
1
5
1
1
1
1
1
5
3
4
1
1
4
1
3
3
1
1
1
1
39
23
3
127
1
12
1
2
32
1
7
13
6
1
1
1
1
1
2
2
4
3
2
3
1
8
2
1
2
1
4
1
1
2
1
6
3
3
1
7
1
1
8
30
3
1
1
1
1
1
1
1
1
1
7
1
1
1
2
2
1
2
16
3
4
1
1
1
1
1
1
1
1
1
7
1
1
91
100
3
14
2
16
1
3
2
1
7
1
1
6
1
1
18
1
13
4
3
2
1
2
9
1
8
2
41
1
1
2
1
3
1
1
6
1
1
1
1
1
5
5
1
3
1
1
1
1
3
1
1
5
1
1
3
51
1
1
1
1
1
1
23
1
1
2
1
1
11
58
1
1
1
1
19
1
10
2
1
7
2
1
1
1
2
4
1
14
2
1
1
1
7
4
7
1
1
1
1
12
1
8
13
1
1
2
12
1
1
1
2
1
1
1
1
1
4
12
30
1
1
16
1
1
2
1
1
1
4
5
58
1
2
2
1
1
8
5
1
1
1
1
22
1
21
14
7
1
1
5
1
10
1
1
3
2
19
1
1
2
1
1
2
1
1
1
1
16
1
3
1
2
9
1
1
3
1
1
1
2
1
6
1
1
1
3
1
1
2
1
1
1
1
2
1
1
12
1
1
1
1
1
1
1
1
3
3
2
582
2
1
4
3
1
1
4
10
28
1
2
8
48
10
39
3
1
7
1
42
1
11
3
1
1
1
1
1
1
1
3
3
1
1
1
128
1
1
1
4
1
1
1
2
1
5
1
1
1
1
2
1
1
1
1
1
1
1
1
1
1
1
1
1
1
3
2
24
5
84
4
5
2
44
5
17
8
1
1
70
1
42
1
1
34
4
1
3
1
5
5
4
1
3
7
1
2
2
1
19
6
4
5
1
5
4
1
10
4
6
1
1
1
1
1
1
5
1
1
2
1
1
1
1
2
1
1
8
3
1
1
1
1
1
1
4
1
1
1
1
1
1
2
1
1
3
2
1
1
2
1
1
1
1
1
1
5
2
1
1
1
1
1
2
11
1
1
1
7
3
1
1
1
5
3
1
1
1
1
4
1
2
1
1
2
1
1
1
2
1
2
1
1
1
1
2
3
3
1
1
1
1
2
1
1
3
1
8
1
2
2
1
1
1
1
1
230
4
1
1
1
2
3
1
2
1
1
4
1
1
2
2
1
1
1
5
1
1
1
1
1
4
6
4
1
2
30
2
1
1
2
1
1
1
1
1
1
5
1
1
1
1
2
1
1
1
1
1
1
3
1
1
1
1
1
1
1
1
1
2
2
1
1
1
1
1
2
1
1
1
1
2
10
1
1
2
1
3
2
11
27
5
1
1
1
1
3
1
1
57
1
1
4
1
9
1
2
2
1
1
3
6
7
12
1
1
2
11
1
10
2
2
1
2
21
3
10
3
1
1
1
1
1
1
1
1
1
2
7
1
19
1
51
9
1
1
1
5
8
1
22
1
165
2
124
4
7
3
1
3
1
1
21
3
1
1
1
1
3
2
2
1
2
1
1
1
3
1
1
4
1
7
5
1
3
11
1
2
1
4
2
1
6
1
1
4
34
2
243
1
15
6
13
1
2
21
26
5
1
3
2
4
10
2
1
2
2
7
1
3
1
2
1
2
1
4
2
2
4
1
1
1
2
2
5
8
16
3
2
2
6
5
1
15
1
1
2
1
1
1
1
1
1
4
35
28
3
2
1
17
2
4
27
1
4
2
1
2
3
4
2
1
2
7
4
1
6
1
1
2
128
7
4
6
3
1
3
2
18
6
3
1
9
2
1
1
6
4
1
211
1
1
1
4
3
16
1
1
42
1
1
1
1
2
1
43
155
1
2
50
4
9
20
8
1
2
2
1
1
11
1
2
1
7
1
1
17
4
3
4
3
4
1
14
1
2
85
1
15
4
237
1
71
1
1
750
24
1
1
11
2
1
2
2
1
1
1
2
1
16
2
28
3
1
1
2
1
1
1
1
1
7
1
1
53
9
97
3
2
3
3
5
1
1
1
2
1
4
2
42
1
1
3
2
6
2
3
1
1
3
1
2
1
5
1
2
1
1
3
2
1
2
7
1
1
1
4
12
12
1
7
4
1
1
5
113
34
1
1
2
1
1
1
6
639
10
21
1
6
1
1
1
1
1
1
1
9
1
6
10
2
8
4
1
99
1
36
39
1
1
7
14
7
3
13
1
58
19
1
14
1
9
1
11
732
9
4
5
57
6
4
4
1
1
1
3
1
3
4
15
3
3
1
1
7
1
1
1
1
5
1
1
1
3
1
1
1
1
1
1
1
3
3
1
2
1
2
1
1
2
1
1
1
2
1
1
2
3
3
1
1
1
2
8
1
1
1
1
1
99
8
1
1
1
1
1
1
6
1
1
12
92
2
2
1
1
2
2
1
3
2
2
1
1
1
2
1
1
1
1
2
1
2
2
3
1
1
88
1
1
3
1
8
1
1
5
1
7
1
4
5
1
1
1
1
1
7
170
2
6
18
7
6
3
1
1
3
1
2
17
15
3
2
2
1
25
4
15
12
2
1
1
2
12
5
33
5
210
1
1
1
17
1
2
2
1
1
1
1
1
2
1
3
1
1
1
1
5
1
1
1
11
8
1
5
1
395
1
4
5
3
1
3
11
40
1
1
2
2
1
4
16
18
5
1
1
1
1
1
1
1
1
12
1
1
3
1
1
1
1
1
1
1
1
1
104
3
1
1
2
1
7
2
1
139
134
1
9
1
4
19
1
4
2
1
1
1
1
1
13
1
12
1
8
121
130
1
1
1
24
1
23
2
26
1
2
3
60
2
1
12
20
28
33
2
1
6
1
3
1
1
116
1
12
1
27
1
1
1
1
366
1
5
17
1
12
2
1
9
1
1
2
39
9
1
1
7
28
12
67
3
33
4
2
13
1
1
1
5
1
13
1
5
12
1
3
1
3
13
10
1
73
4
9
1
1
1
1
1
2
1
2
1
2
1
3
3
23
5
1
26
1
2
2
2
1
114
1
4
1
1
1
1
2
38
37
3
1
1
3
2
1
1
6
28
1
1
4
1
1
1
1
12
1
3
1
5
1
1
1
1
7
1
1
3
1
1
1
2
4
1
41
1
2
1
1
1
1
9
1
1
1
5
2
54
1
2
4
1
1
1
3
3
2
2
11
2
1
1
1
1
1
12
1
1
1
1
5
1
1
32
2
19
2
1
1
12
1
3
1
1
1
1
1
1
1
2
1
1
1
1
1
4
3
1
1
1
1
1
1
1
1
1
1
1
1
1
2
1
1
1
1
1
1
4
1
2
1
3
15
1
10
6
1
1
93
1
20
1
1
3
106
1
1
1
1
1
1
1
1
1
2
10
6
5
3
3
1
5
1
2
1
35
1
3
1
1
21
2
2
1
1
2
2
11
1
1
1
1
10
2
5
4
3
24
2
15
65
3
1
9
2
42
3
7
1
1
3
1
4
2
1
4
2
20
1
13
5
20
1
10
1
1
8
2
1
1
1
1
2
7
1
19
1
12
1
1
15
1
1
5
955
201
1
7
8
17
6
1
19
2
1
1
1
5
57
41
270
11
5
1
2
1
2
1
1
1
1
1
1
1
21
1
1
1
259
2
107
5
1
1
1
21
1
4
3
2
1
96
1
7
1
1
411
2
10
2
1
1
1
2
1
1
1
7
3
1
4
2
2
2
1
3
31
5
1
37
4
2
1
2
4
1
4
4
7
291
2
1
18
21
1
2
3
1
50
1
4
1
1
4
2
1
7
2
1
2
1
1
1
1
1
1
2
1
1
4
1
8
1
1
13
14
39
29
6
4
5
1
2
1
1
1
1
1
1
1
1
3
2
18
16
2
23
2
476
5
125
1
2
1
2
1
4
1
1
2
1
2
9
1
163
2
1
189
49
17
4
5
1
1
249
1
1
49
55
28
1
1
2
1
1
292
73
2
1
1
3
24
14
1
1
1
1
1
1
2
1
1
1
1
1
1
1
1
29
1
1
2
1
3
1
1
1
2
20
1
1
1
1
1
1
4
1
2
2
3
1
3
1
1
1
2
1
4
1
2
2
2
8
5
1
1
1
1
1
1
1
1
1
4
1
1
224
87
3
1
6
5
3
2
99
18
3
2
1
8
1
1
2
1
2
1
154
1
1
1
1
1
138
1
1
2
4
1
88
1
1
9
1
6
46
1
2
8
1
2
1
79
51
19
1
3
109
2
56
3
1
1
5
1
42
1
1
1
26
7
2
1
1
1
1
4
2
1
1
1
3
3
5
7
3
15
14
1
9
1
1
6
9
4
3
40
2
1
1
10
1
27
2
1
1
225
2
1
2
1
1
1
7
1
4
1
1
1
3
2
2
2
1
1
5
21
4
7
1
2
6
1
3
1
1
1
89
25
8
32
20
1
15
3
1
1
4
1
43
1
1
4
7
3
5
11
105
2
100
161
4
310
64
18
2
1
8
9
5
41
1
1
1
3
4
1
1
3
8
1
1
1
1
1
1
1
1
1
1
1
1
1
1
3
28
1
2
2
1
4
1
1
2
1
5
2
1
243
7
1
9
1
3
1
2
1
5
1
1
1
1
2
1
5
3
1
5
1
1
2
28
1
8
1
1
9
1
1
1
1
1
1
1
2
1
1
1
1
3
1
1
1
1
3
1
1
4
1
1
1
666
1
1
1
2
1
7
2
1
1
1
3
6
1
1
17
1
1
4
11
4
1
1
2
2
2
1
1
1
4
1
1
1
8
10
1
2
1
1
1
2
1
3
22
1
1
1
1
1
1
5
42
1
1
1
1
2
111
1
3
1
1
45
8
10
2
1
48
1
7
17
1
1
1
5
1
1
1
2
1
1
1
20
1
49
1
3
1
1
3
43
5
1
1
1
6
1
1
1
1
12
2
2
1
91
1
1
1
2
67
3
1
1
1
1
2
1
1
1
1
1
2
5
7
1476
6
1
2
3
1
2
2
1
1
1
1
3
2
2
1
7
1
1
3
2
2
1
1
1
2
1
1
1
1
1
1
1
3
1
1
2
1
1
9
1
5
1
1
2
1
1
1
2
3
1
1
1
1
1
4
1
1
2
1
45
8
1
2
2
1
2
2
2
1
10
7
1
1
1
3
1
1
25
31
1
3
4
1
2
16
4
1
7
2
2
2
8
12
4
11
25
25
1
38
5
2
3
32
1
1
2
2
1
1
1
5
6
219
1
1
1
1
1
2
1
1
3
1
23
1
1
9
3
5
1
2
7
1
1
1
37
273
1
1
3
85
1
1
1
1
1
1
1
33
1
18
2
1
6
22
20
6
19
8
2
1
1
3
17
27
10
1
4
22
1
12
1
122
4
1
1
8
7
74
6
2
1
4
20
1
6
10
3
2
25
71
2
2
14
1
5
1
15
28
77
3
1
2
5
52
6
2
3
3
2
1
1
41
70
1
1
3
106
31
1
1
1
6
2
1
1
1
1
1
2
1
8
3
2
1
7
1
1
3
2
1
1
2
3
2
2
17
1
5
1
1
7
1
2
112
2
5
1
29
10
1
2
2
4
21
1
154
1
31
2
1
2
1
30
1
11
1
4
4
4
1
150
38
12
2
5
87
6
1
13
2
1
2
21
1
1
19
1
8
2
1
1
1
7
1
10
74
1
1
52
13
1
2
5
1
1
6
2
4
1
1
7
5
2
9
12
37
32
16
1
10
2
4
10
19
2
1
16
8
2
4
3
92
3
2
1
22
1
2
1
8
1
20
18
55
1
139
28
6
83
12
2
1
1
1
2
1
1
1
1
454
454
1
1
1
89
1
29
27
246
2
1
7
1
1
66
3
3
10
12
1
1
3
18
7
4
22
1
5
2
8
1
1
1
10
130
1
2
4
25
13
11
1
16
9
12
1
6
2
6
6
1
600
4
1
1
8
24
2
1
1
1
1
1
1
2
5
24
6
1
5
8
3
2
1
1
22
41
96
3
2
283
1
1
1
1
1
3
2
1
1
5
4
3
1
1
4
1
1
5
1
4
3
1
10
1
4
1
6
23
4
1
119
1
2
1
4
3
5
6
4
1
5
25
1
55
1
1
1
11
1
1
3
1
1
1
1
2
1
1
1
2
22
1
3
1
11
1
14
1
3
7
1
1
1
4
1
3
3
3
1
1
3
1
3
3
5
37
46
7
1
8
4
1
1
2
2
4
2
1
564
1
2
46
1
9
2
1
8
4
3
1
5
59
30
5
1
16
4
4
5
3
44
1
1
7
7
2
1
5
5
5
1
1
3
6
3
1
1
1
48
1
1
2
10
47
1
16
10
3
6
4
1
2
2
1
1
1
10
9
1
36
113
1
1
2
3
1
8
1
1
3
1
1
1
3
32
1
26
1
3
1
2
38
12
1
42
11
2
1
1
1
2
1
3
1
15
14
25
12
17
2
7
6
22
1
21
2
2
1
4
4
2
2
1
2
1
1
1
7
12
3
25
1
1
1
17
11
1
1
1
3
1
1
1
11
4
4
2
2
14
1
1
1
2
6
1
1
1
1
1
1
13
29
1
1
1
1
1
1
7
125
1
14
3
1
7
1
7
8
2
5
1
39
1
1
1
1
4
23
1
1
2
1
2
1
2
2
1
11
2
56
4
1
1
2
3
1
1
12
1
16
70
4
2
13
4
2
1
2
1
1
5
7
66
1
37
97
113
17
96
1
1
7
240
1
1
3
1
4
1
3
1
5
8
1
31
1
4
2
7
1
1
8
1
2
1
9
2
1
4
2
1
3
2
1
1
1
5
40
1
4
1
1
1
19
1
1
1
3
1
2
1
1
10
35
4
3
2
3
22
1
1
1
2
1
1
2
8
1
7
1
1
2
1
5
1
1
6
2
1
1
1
1
1
7
5
15
6
7
2
10
4
1
1
5
1
2
24
2
10
1
3
59
1
2
2
69
6
23
1
1
3
2
30
1
1
1
1
13
1
1
2
1
1
1
1
1
1
23
6
1
1
1
1
2
1
1
1
1
1
2
1
5
1
117
4
1
2
25
13
3
1
2
5
1
1
42
1
10
55
1
4
3
11
1
1
1
1
6
4
1
1
1
2
50
1
1
1
1
2
1
1
1
5
1
3
1
1
1
2
1
2
1
9
1
1
2
7
11
1
1
2
16
1
1
1
1
1
1
9
1
1
3
1
1
4
2
3
1
1
1
1
12
1
3
1
1
2
1
1
1
6
1
1
8
1
1
1
1
2
1
1
3
2
1
1
1
1
27
1
1
2
1
2
2
2
3
5
1
1
1
2
9
4
1
2
3
1
1
1
2
1
2
1
2
5
3
1
1
1
6
1
2
2
2
2
2
1
1
1
9
19
9
3
3
9
4
1
2
5
1
1
2
1
1
2
1
2
1
1
1
9
1
3
1
1
2
2
1
1
1
1
1
1
3
1
1
1
2
1
1
1
1
1
1
7
1
9
2
1
2
19
1
11
3
4
11
28
1
1
2
1
1
1
1
1
1
1
1
7
1
1
1
1
10
1
1
1
1
2
5
2
1
1
1
1
1
1
1
1
1
1
4
2
1
1
1
8
9
2
1
1
2
1
2
3
3
3
1
2
2
24
24
1
3
12
1
1
1
6
6
1
2
22
1
1
3
1
2
1
1
15
1
2
2
1
6
1
1
3
18
1
1
6
1
1
1
1
2
1
1
4
1
39
1
4
1
1
1
1
1
1
2
3
6
1
1
1
31
2
1
1
7
1
1
11
1
1
4
1
33
1
1
96
84
1
1
1
2
9
858
27
8
49
75
17
306
82
14
37
1
1
2
3
6
2
1
1
1
3
31
1
1
10
1
7
18
1
1
1
1
1
1
3
1
1
1
1
6
91
4
1
30
21
1
1
1
3
2
3
11
32
24
1
1
1
1
41
1
4
6
1
3
1
3
1
19
1
1
2
1
1
21
1
1
1
2
1
1
1
48
2
2
1
4
1
1
24
2
1
1
1
1
1
2
10
1
1
10
12
1
1
1
2
1
1
1
1
2
1
1
6
1
20
1
103
3
3
3
148
67
1
1
96
57
13
3
1
31
1
1
1
1
2
13
1
4
54
17
1
2
1
36
5
1
22
28
16
2
12
26
78
1
2
1
1
1
1
1
2
1
4
20
1
1
1
1
2
4
15
6
1
2
1
4
1
1
1
1
1
1
1
1
1
15
3
1
1
1
2
1
16
20
2
1
202
6
8
2
2
1
1
1
1
2
1
50
1
2
1
5
1
3
5
4
3
91
30
3
18
4
512
239
1
2
5
19
9
1
27
164
1
1
10
2
5
192
24
1
23
8
1
1
1
1
8
1
1
6
5
5
1
1
1
2
1
5
1
1
1
2
19
11
1
6
34
100
3
2
1
4
12
1
8
3
5
4
19
1
124
11
14
1
1
3
4
1
18
1
2
3
1
1
20
2
4
9
44
6
5
6
1
7
9
1
2
1
6
81
1
1
8
1
1
1
1
2
4
1
3
2
38
54
4
2
27
3
43
13
1
1
2
1
39
107
1
17
1
1
26
1
108
78
8
1
19
12
1
10
11
1
7
1
1
18
150
110
1
2
1
1
1
1
2
97
3
1
103
1
28
1
1
2
75
17
2
38
3
23
31
1
2
1
1
9
1
4
24
2
13
13
36
6
9
1
7
1
14
286
3
8
6
2
362
42
45
1
6
1
93
3
264
109
284
5
8
11
3
2
2
1
3
1
2
68
10
6
1
1
4
9
87
2
3
1
10
12
13
28
32
28
6
1
1
13
53
719
1
1
18
13
15
4
6
1
2
18
6
16
1
3
134
1
12
9
7
1
1
1
1
3
1
1
2
1
1
1
1
1
1
1
2
1
1
1
1
1
1
1
3
1
1
1
1
1
1
4
2
1
1
1
1
1
2
1
47
1
1
1
1
1
1
1
1
1
8
2
2
1
1
2
2
420
4
1
2
14
1
2
2
3
1
3
1
3
2
1
1
17
6
1
6
1
1
1
21
3
1
9
6
5
6
78
3
8
1
1
2
16
3
8
5
1
1
18
1
14
2
3
16
40
14
5
8
1
6
1
2
1
1
1
1
1
1
1
1
1
1
1
1
7
1
3
5
1
1
2
1
2
1
2
2
2
3
2
2
1
1
4
1
1
3
2
1
9
3
2
2
1
1
1
1
2
1
1
1
1
1
3
5
1
2
1
1
1
1
1
2
1
1
2
1
3
1
1
1
1
4
1
2
1
2
1
1
2
1
1
1
1
1
2
2
1
1
11
2
1
1
1
1
1
1
1
1
1
1
1
1
2
1
1
8
1
1
1
16
1
1
1
1
6
45
52
4
1
1
1
1
1
1
5
6
2
1
6
2
6
1
1
2
6
89
1
1
1
2
72
16
10
3
80
4
1
8
29
6
1
3
1
1
1
1
1
1
1
1
1
60
3
2
1
1
1
1
1
1
2
5
14
60
178
5
17
4
32
34
5
1
2
1
4
3
1
1
6
2
1
5
2
7
1
1
12
10
3
7
2
3
1
1
9
3
73
24
1
1
7
1
2
1
1
1
6
1
1
1
1
3
2
1
15
1
1
8
2
5
1
23
2
1
1
1
1
1
1
1
175
1
1
1
1
1
1
18
1
1
1
1
8
2
12
2
4
1
1
2
2
3
1
1
1
2
2
1
1
16
4
1
1
1
1
2
1
155
60
1
1
1
1
1
2
1
1
12
1
7
5
1
3
1
1
1
2
2
1
1
2
3
5
1
1
1
2
1
1
3
1
1
1
1
5
67
2
1
1
5
1
1
1
1
6
1
2
14
5
1
3
1
1
1
8
2
1
4
1
1
81
1
1
3
1
1
2
1
1
1
1
2
2
1
3
8
1
4
2
1
1
1
1
2
5
2
18
1
1
1
2
3
1
62
2
1
2
1
1
1
1
2
1
1
2
2
18
1
1
9
2
39
2
457
1
1
12
1
37
1
1
1
1
1
1
1
5
3
1
1
1
6
1
1
1
8
1
1
6
1
1
1
1
1
1
1
2
1
2
1
2
1
1
43
8
1
1
2
194
7
1
1
1
24
8
1
1
5
4
20
1
2
10
1
14
6
3
1
18
2
1
1
1
1
3
3
3
229
11
1
1
1
1
2
2
75
75
1
1
2
1
1
1
2
5
1
1
1
2
1
2
1
9
6
1
1
1
1
2
18
2
4
1
3
32
1
13
2
1
12
3
2
1
1
1
1
5
1
1
1
3
3
1
1
1
1
246
1
1
11
4
1
1
2
1
1
1
2
1
2
1
24
1
1
1
1
7
16
29
3
48
1
112
10
1
6
1
1
2
1
1
2
3
2
1
1
1
5
11
1
1
5
1
7
1
1
1
1
1
1
1
1
1
1
2
13
75
1
1
9
11
2
75
1
7
6
2
2
1
1
1
1
2
1
1
1
1
19
2
2
3
1
5
1
1
4
1
1
12
1
7
2
1
1
2
15
1
7
7
1
1
130
8
1
1
22
1
1
1
1
1
1
2
1
1
29
1
1
7
8
4
5
2
7
8
3
1
3
2
1
1
1
1
1
1
28
7
1
28
40
99
8
5
26
19
6
3
1
43
8
4
5
3
1
37
2
5
1
5
5
16
1
2
29
1
40
2
10
7
2
56
1
1
2
1
421
35
9
12
1
74
8
286
1
4
2
234
28
100
2
13
49
36
10
83
15
2
35
9
17
170
2
4
23
114
22
3
42
73
3
1
23
6
1
3
1
6
77
47
2
1
1
3
10
8
1
1
1
1
1
1
1
8
1
1
1
1
1
9
1
1
1
2
1
1
1
1
1
1
3
4
1
6
1
7
1
1
1
1
12
2
2
1
2
3
1
115
1
1
13
1
1
1
1
3
1
1
9
1
9
77
2
1
40
4
4
1
5
3
49
1
1
1
1
1
1
1
1
1
1
1
1
1
1
1
9
1
3
28
1
8
1
1
1
2
1
2
1
1
1
29
3
1
1
1
1
1
3
1
1
1
1
1
1
1
1
1
1
1
1
2
1
1
1
1
1
3
20
2
1
1
1
1
1
1
1
1
1
1
1
5
1
1
1
1
5
1
1
1
6
1
1
1
2
1
1
1
3
1
1
1
1
1
1
1
1
1
1
1
7
2
1
1
3
26
1
1
2
10
3
2
1
3
1
1
1
1
1
3
1
1
89
2
18
1
3
1
1
8
3
1
1
182
1
2
2
1
1
1
6
2
1
1
1
1
2
1
1
2
1
1
1
6
1
2
1
1
1
4
4
1
1
1
1
1
1
2
1
4
4
1
1
1
1
1
1
2
2
10
2
1
2
2
1
3
1
106
5
2
1
2
1
1
5
1
2
1
8
1
1
1
1
3
1
1
5
2
1
1
1
3
1
1
1
1
2
1
1
1
2
1
1
1
3
3
1
2
1
1
1
1
1
1
1
1
1
1
2
1
1
3
1
1
2
1
1
1
1
1
2
2
1
1
1
1
2
1
1
1
1
1
1
2
2
1
1
3
1
1
1
1
1
1
1
1
3
182
3
1
1
1
1
1
1
2
1
1
1
1
1
2
1
1
1
1
1
1
2
2
1
1
1
1
5
2
2
1
1
1
1
1
1
2
1
1
1
3
2
1
3
2
2
5
8
2
1
1
1
1
1
2
2
1
1
39
85
1
44
1
1
1
29
1
2
1
1
1
1
2
5
8
1
7
1
1
1
1
1
2
1
3
6
1
1
1
9
9
2
1
1
9
4
1
14
1
3
1
1
1
1
1
2
1
1
7
7
2
2
1
3
1
48
1
17
2
50
3
92
1
1
1
1
5
4
1
1
13
5
1
2
1
1
2
4
2
1
1
1
1
9
28
1
2
1
21
1
1
3
1
1
1
1
2
1
1
1
3
33
1
1
1
1
1
1
1
1
1
50
5
1
2
1
10
36
1
1
1
1
2
3
1
73
113
5
1
1
1
1
1
1
1
1
1
10
3
50
51
1
1
3
1
34
1
2
2
1
1
2
23
1
2
1
1
1
1
1
28
1
3
1
24
2
1
1
4
2
1
1
1
102
1
1
13
2
1
1
2
1
1
2
2
1
1
1
1
1
1
1
1
4
123
1
1
1
1
1
1
7
2
1
1
1
8
2
1
1
1
7
6
2
1
2
2
1
5
1
1
2
1
1
1
1
1
1
1
1
3
1
1
1
1
1
1
3
1
1
1
1
37
17
2
7
12
1
1
1
1
1
6
2
3
1
21
8
1
7
1
1
1
1
1
2
1
1
15
123
1
1
12
1
1
1
2
1
1
4
1
1
1
7
3
1
1
1
2
1
3
3
1
3
6
3
1
1
1
1
2
3
1
1
1
5
1
15
2
24
6
10
1
2
1
28
5
1
3
1
1
2
1
3
1
8
5
2
1
1
3
17
1
1
9
1
1
2
1
2
1
7
22
2
2
1
3
1
3
2
2
2
1
1
1
1
1
1
1
1
1
1
2
29
5
1
1
1
1
8
16
4
10
82
11
31
1
6
1
1
1
96
13
1
1
1
17
9
2
16
1
3
1
7
1
83
1
74
1
106
8
1
1
1
1
1
48
5
4
1
2
243
5
2
2
3
1
1
5
1
2
1
2
2
5
1
1
2
1
13
59
7
2
44
1
18
1
24
1
1
1
6
1
19
1
5
2
1
1
1
4
5
1
1
1
1
3
2
1
3
2
1
1
1
3
30
2
5
3
1
1
2
1
13
527
117
3
1
3
1
1
1
2
1
1
1
28
1
1
1
1
1
1
1
2
6
1
1
1
1
1
1
1
1
1
1
