4
14
4
1
5
1
2
2
5
1
9
2
1
3
1
5
1
7
8
7
4
3
2
24
1
2
1
3
1
2
5
1
3
1
2
1
1
6
1
5
1
1
1
2
2
2
1
22
2
1
1
5
1
3
7
9
3
3
2
20
8
1
3
1
1
5
2
1
13
1
1
2
4
8
1
4
3
4
3
1
2
4
2
3
1
12
1
2
2
7
1
1
3
4
1
3
2
17
1
5
2
1
2
1
11
1
4
15
1
1
3
1
1
2
1
3
1
2
3
5
3
2
3
7
1
2
2
1
2
8
15
1
1
6
3
1
2
2
1
1
1
2
9
9
1
2
1
1
2
14
1
2
2
2
22
14
1
1
2
3
1
4
1
5
3
1
1
1
1
3
3
9
2
1
1
5
14
1
1
2
2
1
1
3
5
1
2
1
1
2
4
1
9
1
2
3
1
9
2
11
1
2
2
1
3
1
11
14
1
1
7
2
6
3
1
6
7
1
1
2
2
1
5
1
2
10
1
5
2
3
1
2
7
2
2
2
1
1
2
1
3
1
2
1
1
1
4
5
2
3
1
1
2
2
2
4
5
1
2
6
2
4
1
1
1
2
2
1
3
4
1
2
1
2
4
1
2
2
4
7
4
8
1
1
1
4
4
2
2
2
1
1
2
4
1
5
2
2
2
4
1
2
1
1
3
2
1
18
3
5
3
2
3
1
1
1
1
13
1
2
11
1
1
7
1
3
2
1
6
3
1
15
1
1
2
2
1
8
1
2
1
1
12
6
1
1
1
9
1
5
1
1
3
4
4
2
1
2
6
1
33
1
2
1
1
2
2
2
2
1
1
5
3
6
1
2
1
2
1
1
1
2
3
5
17
1
2
19
1
1
11
1
1
1
1
1
3
2
3
1
3
1
4
1
2
2
1
6
3
1
1
2
9
2
3
1
2
1
4
1
2
2
1
2
1
1
3
1
2
6
3
2
4
3
1
1
1
6
1
3
1
1
2
1
6
3
6
1
1
2
1
2
3
1
1
1
1
2
3
1
1
1
2
2
4
2
15
3
18
2
3
7
1
24
5
1
1
3
7
4
2
1
4
1
4
7
3
7
1
1
2
3
2
6
3
14
7
1
3
9
1
1
3
4
1
2
1
1
2
1
3
1
5
11
3
3
3
1
1
1
2
3
7
2
1
1
9
1
1
1
1
1
1
2
1
7
1
1
3
2
8
1
3
1
1
2
10
1
2
2
1
2
1
7
1
1
3
1
1
2
2
8
2
1
2
3
4
1
1
5
3
1
1
1
1
1
3
2
1
1
1
3
1
7
2
2
2
1
2
1
1
2
9
1
2
2
15
6
2
1
1
1
1
2
1
1
2
2
1
9
1
1
1
4
1
3
2
1
1
3
1
16
6
2
1
7
6
4
8
5
3
4
9
1
1
1
1
1
9
2
5
1
2
4
1
1
2
2
1
1
1
1
1
1
3
3
17
2
2
2
2
2
1
3
4
7
1
2
3
3
2
1
2
1
2
4
1
2
1
3
4
2
1
9
8
2
2
2
4
1
5
8
6
1
2
1
2
1
3
9
5
3
4
1
1
4
2
1
2
3
1
2
8
4
1
1
8
2
1
3
10
1
4
5
1
1
3
4
2
3
4
1
1
9
5
10
1
10
2
12
8
2
3
2
2
1
1
1
3
1
9
3
4
1
4
7
1
3
1
2
4
2
7
4
1
2
8
3
2
1
3
12
2
1
1
3
1
1
1
1
8
1
17
1
2
6
3
11
1
3
1
2
1
3
2
5
3
2
5
1
7
8
6
2
3
2
2
1
1
1
2
6
22
1
1
5
3
3
1
2
1
7
12
1
5
2
2
1
11
2
1
1
6
4
2
1
6
6
2
1
2
2
2
1
1
1
5
3
1
5
1
2
1
3
6
7
1
2
4
17
3
2
18
1
2
1
11
1
6
1
1
1
3
2
3
1
1
2
20
8
6
3
3
1
1
3
2
1
7
2
1
1
11
3
9
2
2
6
1
14
4
1
4
3
3
1
13
1
3
9
2
1
2
3
2
2
6
6
5
3
2
5
1
2
1
1
3
2
2
1
1
5
1
1
6
1
1
1
10
4
2
3
1
6
26
2
4
1
2
4
1
10
2
1
6
2
21
4
1
15
3
2
2
1
21
1
