4
23
1
1
1
1
10
15
16
17
47
4
1
7
3
2
5
5
7
11
4
3
3
1
6
9
3
2
16
1
1
9
6
7
1
5
1
1
1
1
2
2
4
27
1
6
1
12
1
1
3
2
3
2
2
1
2
6
2
6
1
1
1
8
2
2
2
6
12
7
3
5
1
2
1
2
4
16
6
1
2
2
6
5
2
1
1
2
27
10
2
1
6
3
4
13
10
5
9
1
7
1
23
10
2
5
7
3
2
2
1
2
2
1
3
2
2
5
1
31
2
2
2
12
3
1
1
3
2
1
1
9
1
1
2
2
15
2
2
1
1
23
3
5
4
1
2
24
5
1
5
2
3
7
3
3
4
1
3
15
3
1
4
6
3
5
1
6
1
1
9
20
4
4
1
5
5
4
1
2
8
3
9
2
20
2
20
1
1
1
7
8
4
4
2
2
1
3
1
5
3
1
3
5
3
4
1
3
1
1
33
3
2
1
4
19
7
2
10
4
1
2
2
22
1
1
1
1
2
1
14
4
7
1
5
1
1
7
2
1
2
7
1
1
3
2
1
4
1
2
1
2
9
1
3
2
17
1
1
12
1
1
1
2
16
1
6
5
4
1
10
7
2
1
11
25
2
2
1
4
5
3
3
1
5
1
1
2
4
2
1
1
3
1
1
4
1
1
1
4
1
3
5
2
4
8
6
6
2
13
9
3
4
1
1
6
5
5
6
15
1
2
1
1
2
1
4
4
2
5
1
19
6
1
1
3
1
12
1
14
1
2
2
3
1
1
2
10
7
18
15
6
2
1
2
2
1
6
2
1
2
1
2
1
2
3
3
5
19
1
2
12
2
3
3
6
1
2
14
9
1
1
10
5
1
4
6
1
32
2
3
1
2
1
4
3
12
2
5
1
3
7
2
1
3
1
2
1
1
2
1
9
12
2
1
2
1
18
2
2
3
8
2
18
2
1
2
6
1
2
5
13
7
3
1
1
1
14
12
1
2
6
5
2
2
2
3
2
4
1
1
1
2
1
2
1
1
1
1
1
5
10
1
1
2
4
2
2
4
2
4
18
16
1
1
2
1
3
1
1
3
7
3
2
2
2
1
1
1
1
4
4
2
8
3
3
1
1
3
1
2
4
1
4
1
3
2
2
3
1
1
49
1
1
9
4
1
1
2
1
1
1
2
4
5
1
2
11
2
1
1
2
4
2
2
4
2
3
2
3
2
8
3
1
5
2
4
2
2
1
1
2
13
2
28
13
1
2
18
1
2
1
1
2
2
9
2
2
3
3
6
2
2
14
1
9
6
3
1
1
4
2
4
1
2
2
2
2
4
2
2
6
1
11
4
1
1
4
1
1
2
1
2
6
2
3
1
6
1
1
5
4
4
2
2
3
2
1
7
5
2
7
15
2
2
6
15
1
3
2
3
2
1
10
3
1
1
3
13
3
1
1
3
26
1
2
1
1
1
4
1
2
2
1
3
1
30
1
3
1
1
1
1
2
1
14
1
1
2
1
2
2
6
6
2
2
2
5
2
2
9
4
1
1
4
4
12
1
1
1
2
1
4
2
4
1
5
6
1
1
6
1
2
3
14
1
4
3
4
3
4
2
1
5
1
3
8
14
6
1
13
2
5
4
3
1
2
2
3
1
2
2
2
22
6
2
2
1
6
1
4
3
4
1
5
2
2
5
1
7
1
1
3
3
26
1
1
11
10
1
4
1
1
4
9
1
10
3
3
4
1
8
3
11
1
2
8
4
1
1
2
9
8
1
13
1
11
6
4
1
10
1
2
1
9
5
1
2
5
2
1
10
3
7
2
2
9
3
1
4
11
3
4
3
1
2
2
8
6
8
1
5
3
2
25
1
3
1
2
1
15
2
1
11
3
6
15
1
2
2
2
5
2
2
5
9
3
8
1
3
16
1
2
3
2
1
6
2
7
12
4
2
7
1
2
1
11
4
3
2
7
1
3
2
1
3
1
18
1
1
2
6
1
2
1
3
7
5
2
4
4
24
2
11
4
4
12
3
1
2
3
1
5
10
5
2
4
9
6
1
2
1
2
1
7
2
11
7
1
1
2
2
6
1
5
1
5
6
3
4
1
2
1
2
1
1
4
2
2
1
7
7
3
2
1
5
1
7
1
1
5
49
2
5
2
3
1
4
5
5
1
1
3
5
1
1
9
6
2
3
2
4
19
4
2
30
8
2
1
2
10
3
1
4
3
4
11
4
2
2
1
2
7
33
1
4
4
1
1
5
2
2
6
7
5
4
6
4
2
1
5
2
2
2
1
6
10
1
2
1
1
37
10
2
2
6
7
13
7
4
1
2
1
1
15
2
7
5
6
2
1
1
1
2
11
1
3
5
3
2
7
1
2
3
1
1
1
3
4
1
3
8
1
1
3
6
1
1
3
2
5
2
1
15
1
3
1
1
2
4
1
10
1
9
9
2
9
2
2
13
15
1
13
20
14
1
4
10
17
7
3
1
1
2
8
5
3
5
10
1
5
10
15
1
17
11
21
1
8
1
5
3
3
5
10
2
2
19
1
2
1
9
7
2
1
1
15
4
4
3
9
2
1
4
4
4
9
3
14
8
1
13
1
2
8
7
4
8
6
2
6
4
6
4
21
3
2
10
3
1
15
2
