13
1
1
6
3
3
24
8
4
2
3
7
1
1
56
1
5
2
5
2
1
1
1
2
17
1
5
4
5
4
2
3
1
1
11
1
13
12
1
13
3
6
6
3
2
5
14
12
4
4
3
11
2
4
2
2
3
4
1
1
8
6
5
12
1
1
2
22
19
3
2
5
1
1
1
1
1
5
3
2
3
1
2
2
3
1
2
3
3
23
11
1
3
2
2
3
2
5
68
11
23
6
2
19
1
4
2
2
1
2
1
33
2
4
11
6
1
1
10
6
1
15
2
1
4
1
1
4
1
3
7
1
8
2
2
16
1
2
3
2
6
11
2
3
1
4
1
1
2
2
2
2
1
1
2
3
1
2
15
10
3
3
5
10
1
1
1
1
7
2
8
1
1
1
1
25
1
9
25
3
2
3
1
7
3
6
2
9
2
2
1
11
1
6
1
8
8
10
4
3
1
3
1
3
3
6
1
7
9
5
4
1
1
161
15
13
1
1
19
1
2
9
10
2
3
166
4
2
2
1
1
14
4
3
5
5
3
15
13
4
6
3
10
4
14
1
1
34
4
1
7
2
18
1
21
2
3
2
18
9
1
8
12
7
11
1
2
2
5
1
5
5
3
3
3
3
5
1
1
2
1
1
8
1
2
1
4
9
1
7
2
1
8
1
1
18
1
4
3
5
1
1
1
2
5
6
2
1
3
10
1
19
2
1
1
11
1
11
1
6
1
23
6
3
3
16
3
1
1
8
54
34
5
4
5
1
1
1
2
2
3
2
12
3
16
2
1
5
3
1
3
2
5
2
7
1
15
1
3
3
3
5
8
8
72
4
4
12
1
12
3
1
8
2
1
1
6
4
8
2
2
8
1
8
2
19
1
4
2
5
3
2
6
1
4
2
2
1
3
8
8
1
13
3
1
6
4
2
2
46
2
3
2
4
3
3
1
14
5
1
22
4
3
3
3
1
1
1
1
1
13
6
7
1
1
2
1
23
1
1
1
6
18
2
2
1
6
23
4
4
6
2
17
3
1
6
2
2
20
2
1
5
6
8
1
8
2
13
6
17
11
7
2
1
1
1
1
18
13
2
1
8
5
1
2
1
3
1
13
2
4
10
1
1
7
11
3
2
7
6
1
2
2
11
5
1
10
4
3
2
4
5
9
2
7
17
22
4
2
1
1
3
1
11
162
12
10
1
2
4
20
11
3
4
14
17
7
1
4
8
2
1
3
1
11
2
1
1
1
1
1
5
4
4
11
4
22
3
11
2
5
1
2
5
17
1
5
3
12
2
1
3
1
1
3
12
2
2
1
2
19
1
2
3
7
1
1
94
1
1
8
5
10
5
1
7
141
3
5
27
2
1
2
1
1
3
1
1
1
5
19
2
1
4
1
2
4
20
5
2
1
3
4
2
30
11
4
3
8
1
2
12
4
1
9
3
5
4
14
8
10
17
1
1
6
1
1
5
6
4
5
1
3
2
7
2
10
2
2
4
1
39
2
7
1
11
10
11
4
6
31
2
3
1
2
5
1
3
8
1
4
9
2
9
1
3
3
1
1
1
2
1
6
5
10
1
1
18
4
4
1
5
1
2
4
3
7
1
1
6
4
2
1
1
3
2
3
1
6
6
1
5
7
9
1
1
2
2
18
4
1
2
3
31
4
5
2
1
2
1
5
3
1
12
11
1
4
10
1
35
9
2
37
2
1
22
8
1
5
2
1
5
3
1
10
2
3
4
1
7
4
1
3
8
1
8
5
11
1
1
3
2
4
8
6
2
13
1
4
2
2
1
7
2
7
5
3
6
11
17
1
4
5
6
1
3
7
7
8
6
1
17
12
3
12
4
1
9
5
31
1
12
1
5
5
3
1
9
2
10
5
2
1
1
21
8
11
19
12
9
4
2
1
5
5
1
3
4
4
6
2
4
3
3
1
11
86
1
13
12
2
8
10
12
3
1
5
1
2
2
1
3
14
4
2
2
12
1
2
9
6
1
3
2
2
2
1
10
3
1
8
5
1
3
1
2
4
3
4
1
2
12
9
99
3
12
1
2
12
4
4
3
3
1
8
3
3
5
4
1
1
2
1
1
5
1
2
1
13
2
14
14
4
1
1
1
1
3
9
1
7
6
5
2
5
1
7
6
1
1
1
7
1
4
26
20
1
8
2
3
4
3
1
5
1
14
1
4
1
4
2
1
11
4
11
22
2
5
5
1
2
1
16
1
2
1
25
1
3
1
3
5
58
1
2
1
15
3
7
3
22
1
1
4
1
9
2
4
51
12
3
6
1
1
1
1
1
6
11
3
3
13
12
1
9
2
4
9
1
1
1
1
1
3
7
8
9
1
1
7
1
1
3
9
9
2
3
1
6
16
13
2
11
11
1
2
32
2
3
1
6
21
1
3
2
5
3
3
5
13
10
5
2
2
7
2
2
3
1
1
10
4
5
1
2
11
16
2
6
1
4
4
1
3
1
1
17
26
2
2
5
4
1
16
9
12
1
1
1
3
4
1
12
2
8
1
3
8
1
1
16
1
3
1
7
1
5
4
3
5
2
5
9
2
3
7
1
3
1
1
2
5
2
3
3
1
3
7
1
4
12
3
10
10
10
1
2
1
13
3
1
2
14
1
12
9
1
1
2
2
8
1
33
3
6
3
19
3
2
1
2
5
4
10
1
7
3
1
9
3
10
8
5
9
5
2
1
3
2
18
11
1
2
4
3
2
2
8
3
1
5
3
2
2
3
1
11
2
3
1
8
2
2
47
3
9
1
6
1
7
6
2
1
2
12
17
5
18
5
16
5
1
2
6
2
5
1
1
1
23
2
3
10
8
12
3
15
1
10
12
1
2
1
13
2
1
5
111
4
8
1
9
7
2
6
1
2
16
1
2
3
1
1
1
11
6
2
2
2
7
5
32
1
6
2
2
140
1
3
1
4
2
1
2
7
1
3
1
22
19
2
4
3
15
2
7
5
2
9
2
5
1
6
2
11
1
7
2
1
14
4
45
29
12
4
2
3
6
3
1
7
54
106
3
1
1
1
1
35
3
5
1
13
5
2
15
10
3
6
2
1
2
2
3
1
3
12
7
7
3
2
11
2
1
1
4
29
19
1
5
2
7
8
7
1
9
19
1
7
3
1
5
7
5
8
4
2
7
10
5
1
1
5
11
1
6
1
1
1
2
2
4
1
1
2
1
2
4
1
2
2
7
1
8
5
1
5
1
9
2
2
27
10
13
26
2
5
3
1
2
1
3
2
9
15
1
1
3
5
2
1
4
17
1
4
1
3
5
2
13
2
2
7
1
2
2
2
1
2
2
1
16
2
6
1
2
7
13
1
2
1
7
1
1
1
1
2
10
5
17
5
1
3
3
15
8
12
5
1
2
1
1
5
1
2
1
5
2
2
12
2
2
34
4
1
10
1
4
13
5
2
8
12
1
2
1
2
1
13
1
6
1
1
2
1
5
10
7
2
2
21
2
1
3
2
2
4
3
14
1
12
1
1
25
14
2
17
2
1
1
2
4
2
1
2
6
2
7
7
3
3
2
2
4
10
1
3
1
4
3
1
1
1
3
2
1
2
3
2
1
19
2
1
3
8
4
2
1
2
6
1
13
1
18
7
24
1
3
1
1
2
17
3
5
6
1
5
1
3
1
2
12
2
2
28
1
2
2
7
4
2
36
2
1
4
1
1
9
8
3
1
2
2
3
1
1
4
6
5
2
8
1
4
2
7
1
8
16
2
5
6
8
2
6
1
6
20
12
11
6
5
3
3
14
7
3
3
9
2
7
6
1
6
3
2
15
6
18
4
1
41
1
3
3
3
1
3
1
7
3
1
5
8
1
2
2
1
5
5
24
5
30
12
2
4
9
1
21
1
1
1
6
3
36
4
30
1
2
8
11
1
2
1
3
3
36
3
1
2
3
1
4
15
12
4
11
3
1
5
1
6
3
28
1
1
1
1
2
3
2
4
2
3
1
1
1
5
2
4
1
1
4
2
6
12
12
1
1
3
5
2
1
2
8
2
5
1
1
4
1
76
3
4
3
7
6
5
1
1
10
2
6
57
2
4
1
2
19
1
1
8
23
3
7
26
2
4
11
1
8
1
1
5
43
1
4
34
12
1
31
18
4
18
1
4
12
13
22
2
3
1
22
12
5
1
1
1
2
3
1
8
3
76
10
7
1
2
41
1
12
2
1
2
2
5
1
3
5
4
11
1
8
1
5
15
2
8
3
1
7
3
9
1
6
5
1
3
1
2
2
3
3
1
27
3
1
1
10
2
1
7
1
4
6
1
1
2
5
24
1
4
2
2
2
10
27
4
2
10
8
5
12
1
2
4
1
1
7
1
6
18
3
2
1
2
11
2
5
1
1
1
5
1
1
2
4
1
1
15
4
2
8
4
5
1
28
2
10
2
33
2
2
1
6
1
7
6
1
32
2
2
1
2
9
4
1
15
2
4
2
7
1
14
5
4
25
2
3
1
1
2
5
1
2
6
1
1
4
23
1
4
4
2
6
1
2
2
8
2
2
3
5
1
4
3
9
5
2
2
2
4
27
16
2
2
1
2
6
1
1
1
1
3
2
3
2
1
1
1
2
3
12
3
12
19
1
2
11
1
4
2
3
16
6
14
1
2
7
5
1
1
1
2
13
1
2
2
4
1
28
5
11
7
2
21
1
2
3
1
2
1
20
13
1
50
2
3
2
1
16
2
1
1
3
2
19
2
1
4
2
4
3
7
1
2
2
4
1
9
2
1
1
2
1
2
2
24
7
2
2
4
2
1
1
2
2
2
2
7
1
1
1
3
1
1
22
2
3
1
1
17
8
4
1
2
5
163
3
13
9
58
10
5
5
2
4
1
3
1
9
2
3
6
5
7
2
3
1
3
7
15
4
8
8
2
8
6
2
1
3
4
1
1
1
19
1
2
4
1
14
3
3
1
2
2
3
1
1
1
4
9
4
2
1
24
3
1
1
30
3
3
1
3
1
67
1
1
1
22
6
2
2
5
1
1
12
1
6
2
12
1
1
8
3
16
8
6
6
7
1
3
6
4
3
1
8
2
14
3
5
3
1
1
3
5
1
24
2
1
1
13
1
1
1
1
3
6
2
5
3
10
4
2
9
1
1
27
5
1
8
1
1
2
6
3
2
4
1
6
2
3
2
1
3
2
1
2
1
10
14
3
1
3
4
2
1
1
2
5
8
12
1
8
1
17
1
16
4
14
15
1
1
1
16
2
2
41
2
2
5
3
2
2
4
1
34
4
17
5
1
5
7
23
6
7
2
3
1
12
11
1
3
14
8
18
1
1
19
1
3
1
6
10
3
1
2
4
2
5
1
11
4
1
1
1
1
9
1
2
2
13
15
7
11
6
2
2
1
61
9
30
2
8
3
1
50
5
2
2
1
3
2
8
1
8
12
4
1
11
19
1
2
1
4
16
8
6
2
8
1
1
2
2
1
7
6
2
1
5
2
1
8
1
5
5
3
17
1
14
4
2
2
52
15
1
14
4
1
2
4
2
7
2
2
2
2
20
1
12
10
1
17
3
2
8
3
29
2
5
3
1
3
17
1
2
5
12
4
1
1
2
1
5
4
1
16
4
1
8
33
1
5
8
2
2
4
1
1
1
8
1
2
1
2
2
1
4
10
6
17
1
20
7
2
1
4
1
7
15
1
1
1
5
2
10
2
2
15
3
1
4
2
5
1
5
1
2
8
1
7
1
5
2
24
7
30
24
5
3
4
5
3
1
1
10
1
3
2
3
1
2
1
4
1
1
2
2
6
1
2
1
2
1
19
4
3
1
12
1
6
4
1
1
9
1
1
13
4
5
6
5
2
5
1
2
2
1
6
2
1
1
1
1
2
1
1
1
7
5
15
4
1
2
21
3
3
23
1
4
3
26
5
1
15
8
7
9
3
2
10
2
1
1
2
3
6
15
27
2
13
6
2
6
5
2
1
2
1
2
1
1
2
6
2
9
28
1
7
2
1
14
12
5
3
4
1
4
4
1
3
2
1
6
1
4
1
1
1
2
1
8
1
1
1
1
2
13
4
3
6
1
1
1
17
3
2
2
17
4
1
3
6
7
5
2
1
1
1
4
1
2
3
3
44
1
6
6
1
5
2
9
5
1
2
3
2
1
5
2
2
2
8
2
10
3
1
12
1
30
35
2
1
6
1
5
2
4
38
2
3
4
4
5
1
1
7
1
7
5
1
10
3
19
2
14
9
2
2
5
1
1
11
6
15
50
2
1
1
3
2
8
2
4
2
5
11
1
2
2
4
1
10
1
15
1
41
9
2
1
2
2
6
2
1
1
4
2
6
2
2
8
2
1
1
2
5
15
2
2
8
5
3
7
1
10
1
2
2
10
11
7
1
3
3
2
16
5
1
25
1
22
3
12
6
1
4
1
3
3
1
8
9
2
4
3
1
2
5
1
16
2
5
1
4
15
1
18
25
3
3
10
4
1
8
3
3
25
4
1
5
7
22
12
2
2
1
4
1
4
7
5
2
1
6
2
1
2
5
2
2
24
2
3
2
3
1
5
7
7
1
8
1
3
1
1
3
1
1
1
1
2
5
18
1
2
9
3
8
54
2
6
1
2
3
4
3
6
2
2
1
1
17
1
2
1
61
4
2
13
2
3
2
6
3
3
1
2
1
2
7
7
1
2
1
1
6
4
9
1
2
7
1
3
1
3
19
10
1
15
9
4
2
1
4
11
1
1
5
1
6
3
2
6
6
5
8
1
6
4
6
9
1
7
6
1
15
2
6
1
4
15
2
1
1
1
9
4
3
1
3
2
31
1
2
3
1
2
11
2
1
1
2
6
10
2
10
6
8
3
11
3
1
2
2
1
1
22
3
6
27
4
15
1
2
4
3
15
5
3
4
11
1
9
1
1
19
120
13
2
4
59
4
1
4
3
14
4
1
1
11
3
7
1
2
7
8
1
3
2
1
1
3
1
14
3
1
4
13
14
56
2
4
1
16
8
47
2
4
4
1
1
6
4
16
6
25
1
1
9
1
1
2
5
7
30
1
3
3
4
1
4
1
17
1
9
3
1
4
1
1
1
6
11
2
1
1
2
24
142
27
1
2
2
3
4
5
5
2
2
2
7
2
11
21
3
1
1
2
1
1
6
1
2
10
8
2
10
2
4
11
6
1
4
10
2
3
4
22
9
1
13
3
8
5
8
22
1
2
2
3
2
14
2
1
1
1
2
6
4
1
1
2
14
3
1
1
1
1
5
1
4
7
12
43
5
32
4
1
7
2
3
9
4
6
28
3
1
1
1
1
5
3
3
11
1
3
1
28
2
1
5
1
3
1
6
3
2
2
1
1
4
1
3
3
3
5
4
1
7
9
8
14
2
8
4
12
4
1
3
1
2
19
1
19
2
1
2
1
9
1
2
2
1
1
2
95
3
15
15
4
1
6
1
4
11
1
1
1
9
1
3
1
1
1
6
1
5
9
2
1
2
1
2
1
3
3
11
2
1
2
14
2
8
2
18
1
1
1
6
4
1
1
2
1
1
11
1
40
6
2
1
1
2
2
8
5
13
1
2
3
4
1
6
1
3
3
1
2
9
1
1
4
6
2
2
4
7
1
2
2
1
2
2
1
3
2
1
10
7
9
4
2
2
1
14
1
12
1
4
1
2
1
3
12
4
7
9
4
7
10
11
5
3
1
11
23
2
11
2
2
1
10
3
1
2
4
3
4
6
1
102
2
1
2
2
11
2
4
14
1
2
13
2
1
11
4
1
1
9
3
1
4
3
1
3
1
3
1
8
4
1
2
8
16
3
4
2
1
1
1
1
8
1
9
5
1
29
1
6
21
10
9
12
6
2
15
3
2
2
2
9
1
10
3
1
3
1
1
3
5
6
1
1
1
2
5
1
4
1
8
5
5
2
13
1
7
12
1
2
6
18
9
1
7
19
1
1
4
2
4
12
2
2
1
1
2
2
1
3
1
4
3
8
4
16
8
145
9
1
11
1
24
1
1
10
10
1
20
1
13
1
4
1
1
4
10
7
13
6
3
2
1
2
13
64
27
1
2
4
8
3
2
2
4
11
30
16
28
1
1
2
1
1
8
17
1
6
2
3
11
1
1
3
4
2
4
6
3
1
7
2
59
2
7
3
2
1
3
17
5
20
1
6
1
47
5
2
1
5
1
1
1
2
1
1
2
1
8
3
5
18
5
1
11
2
11
2
8
1
3
1
2
5
1
4
4
2
14
1
2
11
2
4
13
3
11
16
19
1
7
6
2
1
16
10
23
4
1
1
2
1
8
2
26
2
19
2
4
1
1
1
2
8
1
1
5
1
49
1
2
13
1
2
10
14
3
6
3
1
19
16
7
1
4
7
2
3
23
5
1
1
1
2
1
1
4
4
5
2
3
6
3
4
4
6
16
3
2
3
1
15
5
12
4
1
24
4
1
7
2
1
2
8
1
1
8
4
2
10
1
6
12
4
1
5
5
12
1
1
1
48
2
3
1
6
4
18
3
7
1
1
1
4
6
5
12
1
2
31
6
1
4
2
2
1
1
2
1
2
1
4
12
1
2
1
10
1
23
7
1
1
1
4
9
8
2
1
8
3
1
4
3
5
12
3
3
13
1
3
25
2
29
1
1
2
3
7
2
26
2
1
1
3
3
7
1
1
1
6
4
1
2
2
4
10
18
7
2
