8
3
1
4
1
1
1
11
6
1
4
1
2
1
1
1
4
1
1
5
4
3
1
2
1
10
7
1
1
4
1
7
1
3
1
3
2
2
2
3
1
5
2
1
2
2
4
1
6
1
3
4
1
2
1
10
4
2
11
17
1
2
3
4
4
1
2
1
1
11
2
3
22
3
1
1
1
4
5
5
5
1
1
15
1
6
2
2
1
1
1
1
1
1
2
3
6
1
1
1
2
1
4
1
16
1
2
8
3
1
5
3
2
10
5
8
3
1
2
6
2
1
2
2
1
1
1
1
1
7
1
2
5
1
3
2
1
2
3
1
2
5
2
6
1
2
1
1
2
1
1
1
9
1
2
16
5
11
1
1
4
2
4
1
1
2
1
1
3
1
10
2
1
2
8
7
1
2
2
3
13
1
1
1
1
1
1
1
1
1
4
1
1
1
2
1
1
2
2
2
2
2
2
1
2
1
1
5
2
1
1
6
1
3
4
2
1
6
1
3
2
1
2
1
5
1
2
2
1
1
1
1
2
1
3
1
1
9
1
1
5
2
2
6
2
1
3
3
1
4
6
1
2
4
5
1
3
5
3
1
2
1
5
2
3
8
5
5
6
3
2
3
3
2
6
4
1
1
6
3
1
1
1
2
1
1
3
1
6
3
1
1
2
2
3
1
4
5
9
1
10
1
1
11
1
5
1
2
2
2
1
2
1
1
4
1
1
6
1
4
6
5
1
3
5
2
1
2
3
6
2
1
2
3
2
1
1
8
3
3
1
1
7
1
1
2
1
3
1
3
1
10
7
1
3
1
2
3
2
2
3
2
1
2
4
7
1
3
1
15
2
4
1
2
3
1
3
4
17
1
2
1
1
1
2
10
3
11
2
3
8
1
5
4
5
2
12
9
2
8
1
2
1
1
1
5
11
1
3
1
2
1
