1084
1482
3166
8
1213
1863
146
2
4408
64
3
8
756
3
19
40
301
91
2609
3048
97
78
2
37
756
4690
1337
440
607
328
14
1524
3849
914
1105
1574
851
211
1102
3
1001
276
1916
2162
4657
25
2713
4
2135
2392
67
1832
3418
917
1492
23
444
690
4365
1828
374
21
1883
767
1591
1377
450
2077
1949
264
3620
1700
4751
1581
715
493
4
945
4692
752
37
3579
1409
4874
85
1515
1569
413
2274
1921
2888
39
318
1287
2
2148
74
4706
47
12
1128
384
2826
1375
555
42
3599
3015
985
1196
1473
21
9
1500
3622
3121
1069
512
1596
2
1074
828
52
2055
55
1596
12
28
4586
2132
1544
1266
1169
1505
1481
1
1976
29
9
4476
1852
114
855
4733
117
65
37
4729
15
7
696
1875
4034
1310
994
3660
3323
4984
3840
3062
653
4
4412
2035
666
925
1771
1300
2328
2650
95
1614
4538
1146
47
97
37
61
619
1360
7
12
1195
332
4009
1486
99
1938
5
3862
535
156
2151
4762
2140
2359
2152
1943
4750
14
25
588
38
621
2427
2
518
3180
89
985
5006
1
122
29
1209
360
5
367
2068
3
2731
281
2548
1929
13
4
762
1324
725
4177
500
112
4894
77
734
13
1889
2955
1102
110
2389
5
1499
3529
1929
3431
2822
252
20
2
61
3
2721
547
4
39
698
2
18
3014
81
1976
3
3127
1611
1027
2993
3958
1390
214
1
2745
4
801
1195
18
3962
625
718
659
104
2
2614
1026
1434
1690
4038
131
20
225
678
4977
3278
3345
754
2064
225
345
2
457
4
658
84
343
2968
127
982
26
1716
151
16
448
1390
14
1963
639
798
869
4966
1012
102
3580
4152
4558
673
25
11
1665
4557
11
4
46
25
192
2531
306
7
21
40
1905
1356
14
725
52
134
1018
4728
1
4161
1584
1474
155
1265
1303
2992
847
2232
3822
608
6
3217
4772
18
2
3316
200
857
160
2216
1237
261
4
2227
2285
1019
1945
2361
655
227
4374
1292
1
418
25
2
944
2221
4664
220
1310
894
3
1167
4
1371
4321
1753
18
208
1656
4
2302
102
190
1856
3850
13
9
3168
1908
798
60
113
4694
200
79
81
3193
2
179
4066
1831
2747
1892
4423
1
1434
7
1108
1173
4972
4493
2325
2348
1
1438
5
1403
2453
536
12
3954
1953
348
5
617
743
4690
4250
12
53
510
10
885
13
3435
1072
559
635
181
2582
31
194
2
783
2174
72
1382
569
15
329
334
2316
1463
1685
60
1
15
8
1263
73
3321
81
2545
1560
2
1755
216
982
1202
71
1309
289
123
8
68
83
1894
33
1179
24
197
3687
939
2617
1
4262
4623
2
681
2522
1008
3909
4735
10
3386
2448
2617
1941
2274
4180
4527
4341
4042
2736
2171
792
34
898
2668
164
2098
773
3703
150
2433
151
10
3373
756
10
48
1612
1287
761
514
1259
1798
4526
6
2307
1989
325
1652
304
4384
734
978
3069
1744
424
218
209
2420
3
4
1690
49
4038
847
3397
15
1193
213
3
128
23
675
975
3418
1473
9
115
1089
4886
2102
992
24
4882
11
151
173
2
157
2848
1780
2274
2736
2085
286
1
93
172
4327
1120
1543
5
2814
45
10
524
2085
2089
1546
894
13
19
71
3
31
2384
55
26
1943
3234
1561
4141
55
4372
4122
484
103
4970
2328
2826
5
997
1278
991
3483
2194
2
1702
3
3012
498
160
44
925
647
66
1
1
1106
194
219
3241
335
28
1273
834
2072
248
62
161
1798
2621
2779
7
224
2055
2379
1192
365
125
284
1967
1091
5
2701
2179
1044
973
726
2666
346
3450
7
9
779
89
38
1094
2107
3
1865
1494
350
1507
3571
1
12
647
1651
5
4390
175
444
2582
1147
1090
3
472
1052
1124
3461
4
1376
1274
2
741
3330
608
635
1971
2
782
4205
266
3490
735
958
228
646
891
450
3
1405
328
4045
63
3123
148
204
3
3968
527
14
1366
616
317
1491
4586
3171
1341
1869
20
1190
4935
1
3204
478
4368
354
65
1888
3599
