3136
679
1019
5
2825
22
1985
4531
4
2606
340
1461
157
411
754
1884
316
19
730
524
1421
4615
472
374
309
3878
120
1113
309
2098
131
4
124
313
777
1202
1890
242
615
488
1728
2294
1483
12
358
889
27
108
2171
108
1907
119
210
680
2447
1367
65
138
20
792
2850
159
1078
286
3016
53
710
2455
1542
639
1
856
22
563
1213
373
314
1844
983
31
2811
67
171
1072
1657
385
104
112
58
2787
118
1998
987
2929
37
182
10
80
2
1340
195
410
55
874
136
1588
403
964
421
904
3
44
1330
51
1163
3233
3
33
1186
24
771
496
60
2149
639
237
2143
28
2340
9
97
1682
439
105
1186
414
186
930
518
836
29
1905
2674
126
64
984
560
2412
2910
999
1418
2069
4145
1114
2697
2101
27
293
1287
654
1486
2947
2695
3388
4298
2669
4667
3
2517
890
924
852
681
161
2383
2903
10
1278
591
5
3248
505
983
21
1136
165
269
4000
13
3024
2320
3309
4273
1275
200
584
3188
83
56
530
934
112
4454
298
407
177
108
322
4415
1057
54
1772
1375
1431
188
1
406
255
851
1334
2126
636
247
854
1
609
133
2904
2777
1557
444
3243
2844
199
7
2639
88
118
16
3561
3175
3014
2748
125
903
1035
3109
3026
597
1812
1003
1120
3020
83
662
2549
439
1150
1388
3381
1732
54
3969
10
1414
1142
4667
2954
3172
4913
4843
916
526
172
948
1128
1755
848
4228
1211
504
1268
193
99
1696
41
3800
52
3220
157
592
2024
50
3498
117
9
388
683
2584
1332
60
4410
4327
4129
3535
73
1285
137
1080
122
108
9
504
1797
3005
3093
3113
1022
2623
2491
12
305
1149
1168
1278
2138
124
2685
137
2878
1801
362
104
1118
877
544
113
29
670
1105
238
805
693
51
1030
17
1581
292
1400
2457
668
111
618
4986
2900
3801
2249
2053
697
252
1099
2538
140
2301
2728
1047
320
18
1357
791
3401
1536
14
508
1465
3820
41
1956
1398
2426
5
530
2570
965
486
816
4424
3709
5201
1294
486
2129
467
1074
3481
76
1482
1957
1300
1363
34
33
1022
1495
642
17
1619
34
615
993
183
149
384
410
137
924
723
798
1875
1746
599
229
367
170
244
3381
2314
60
488
1389
2244
10
4548
66
3686
1
1836
5009
2193
57
37
4134
2
206
48
822
2838
4
4625
4531
88
1031
1033
28
34
6
2302
288
906
104
193
5
1086
3155
2592
4847
1786
23
1505
669
7
2482
1176
388
2382
251
1326
742
20
106
780
377
3418
282
177
1168
3310
331
87
1238
167
424
191
16
215
130
282
192
17
122
4007
1317
3800
3247
17
643
1197
432
2508
663
4517
3506
153
2939
57
10
1907
3124
3772
3849
6
2924
3312
3956
1760
10
2327
1836
3400
2043
2046
295
715
818
42
2154
2624
4063
2736
905
1196
2436
95
552
1510
2239
4932
4749
26
1674
222
1749
884
692
1457
254
832
730
3362
13
918
2869
981
4272
10
2630
26
1163
4235
2207
346
3313
1798
1356
614
1570
3705
2597
832
2474
427
1270
1
355
2024
1574
179
922
4517
3240
3473
47
2911
2358
225
937
1781
4598
1580
1789
33
705
1324
11
75
164
466
4225
2839
117
663
1215
382
1322
3432
1282
1334
919
2650
627
807
3305
60
2018
1949
1891
1794
527
274
5
1377
121
9
2338
3683
4202
821
19
1480
3088
26
1841
263
2633
3644
844
2692
1049
2029
315
1152
3518
1611
2354
53
567
1
1
1
1
1
5
21
10
5
1084
1
1
1
1
2
1
1
1
13
1
1
2
1
1
48
4
1
1
2
1
2
1482
1
1
8
1
7
3
1
1
1
3
244
1
15
2
1329
2
1
1
601
1
94
1
1
5
1
3
2
1
7
1
1
4
1
2
1
1
1
1
1
3
2
1
6
38
1
12
21
3
6
1
1
1
1
44
4
11
1
2
2
17
5
1
28
130
1
2
2
1
1
5
3
9
18
1
1
2
1
2
1
1
2
1
2
1
1
29
9
10
60
1
2239
8
7
16
1
2
1
3
2
2
1
3166
3
8
1
8
1
1213
10
2
2
16
7
10
1
14
1
1
3
1863
6
6
3
1
1
3
3
1
2
1
3
10
1
146
1
1
1
1
1
2
1
4408
1
1
1
1
1
2
4
1
1
17
1
1
7
22
3
2
1
1
1
1
1
1
86
1
1
12
29
64
3
5
46
22
342
16
1
1
3852
8
2
1
8
2
1
7
1
2
2
1
11
1
756
3
28
1
1
1
2
1
2
2
3
1
34
1
19
1
1
1
1
1
1
1
1
2
1
40
1
21
2
1
1
3
1
1
40
3
1
5
112
29
1
1
1
60
301
1
1
1
1
4
16
51
1
2
78
1
1
1
1
1
1
1
1
1
1
3
22
1
1
1
1
1
1
12
1
1
1
1
1
4
91
2
301
1
4
1
1
1
2
4
1
1
1
1
2609
1
3048
2
1
11
1
2
1
15
2
69
1
1
1
1
31
1
1
1
1
1
71
14
1
1
1
1
2
97
1
1
2
1
1
78
6
1
20
8
14
1
1
3
2
1
1
1
8
1
1
6
1
12
2
9
37
1
630
26
1
1
1
12
1
756
1481
1
1
1
2
1
1
199
1
2
4690
16
4
1
1
1
1
1
1
1
6
12
1
4
28
1337
1
2
4
7
189
5
1
3
18
2
1
1
2
2
6
49
1
7
12
1
4
1
1
1
440
1
10
1
1
662
1
5
1
1
1
1
5
4
1
7
1800
8
1
2
4
1
1
2
1
15
1
2
1
22
1
1
1
607
2
328
1
1
2
5
1339
4
2
3
1
33
2
1
1
2
1
1
1
2
5
1
1
1
1
2
14
2
3
1
1524
2
1
1
1
19
2
3849
2
1
143
1
1
1
1
1
1
20
3
164
6
1
1
1
1
1
2
1
1
11
1
5
1
1
1
7
584
7
3
1
4
1
3
4
914
1105
16
1574
4
851
5
30
1
211
3
1
1
1
5
1
2072
5
2
1
1102
4
2
3
41
3
66
13
1
1
17
1
2
2
1
1
107
1
27
78
7
26
2
11
1
1
6
2
5
1
3
1
1
67
1
1
1
2
1
4
1
6
4122
29
2
3
2
1
2
2
1
1
1
1
3
2
2
7
23
1
1
1
1001
13
13
2
276
1
31
5
1
197
1
13
9
2
1
1
4
1
1
31
1
101
1
1
7
2
2
1
1
1
2
2
2
4
3
6
1916
1
1
4
1
16
1
1
1
1
1
16
70
4
1
1
1
1
1
1
164
3
1
1
1
1
1
3
2
2
2
1
3
1
1
11
2
2
1
277
1
2
38
11
1
76
1
1
1
1
3
37
1
1
2162
8
1
1
5
4
117
3
1
4657
1
1
25
1
23
1
1
2
1
1
6
25
1
1
4
9
2
1
3
2713
1
4
1
1
2
1
1
1
9
4
1
11
130
480
2135
1
1
1
2392
6
2
1
4
1
1
1
3
8
2
7
9
1
1
67
1
1
1
3
3
1
1
1
1
2
1
9
1832
3418
17
42
2
3
24
1
2
2
1
14
1
2
1
1
1
2
1
1
2
1
1
1
1
1
1
52
22
1
1
22
290
1
1
21
84
9
1
1
7
917
1
3
1
1
1
224
4
6
2
1
1
1492
1
1
1
660
1
23
3
1
2
444
2
690
7
3
1
2
2
1
1
5
5
2
1
3
21
266
4
1
1
941
1
1
2
5
12
1
1
1
1
7
1
19
4
3
6
134
1
4365
1
1
1
1
1
17
320
1
1
1
194
114
6
1
1
1828
1
1
1
1
8
2788
2
1
5
4
149
5
1
1
1
6
3
1
18
8
56
2
1
1
3
7
374
2
3
8
22
6
1
1
1
1
1
3
4
1
3
1
1
21
10
3
1883
3
1
1
1
19
1
5
2
1
1
1
2
8
3
5
1
1
1
43
1
1
1
211
1
1
2
1
1
3
1
3
1
2
2
12
3
40
1
1
2
767
4
2
2
1
7
1591
2
3
1
1377
1
6
1
4159
11
450
1
1
1
2
5
3
1
7
1
1
2
1
2077
1
1
1949
2
4
7
22
4
1
6
4
144
1
1
1
70
264
1
1
1
3
2
2
3
1
1
1
3620
4
15
2
1
1
22
2
1
1
7
8
2
1
2
1
79
1
57
1
1
1
2
4
1
2
1
1
2
1
9
2
2
6
2
1
8
6
2
1
1
1
1
1
1
299
1
2
1
3
2
1
1
7
1
1
1
1
4
2
1
250
1
4
1
1
1
1
1
1030
4
3
1
1
6
1
1371
1700
1
1
2
1
4
11
2
4
1
3
1
1
1
9
1
1
8
2
25
1
4
1
1
1
1
1
2
1
1
8
2
2
2
1
2
3
1
5
1
1
2
1
1
3
1
2
1
12
1
2
5
328
1
1
15
1
1
6
1
6
1
1
1
1
1
3
2
1
1
6
2
2
1
62
3
4751
1
176
1
2
3
1
1
1300
2
2
1
1
1
17
1
1
148
2
1
1
1
1
1
35
8
1581
715
1
493
7
4
1
2
1
3
321
1
1
7
2
945
4692
1
24
1
2
38
1
35
2
2
1
1
1
1
1
2
752
2
37
1
1
1
6
1
25
2
1
1
151
2
1
4
1
1
15
15
3
1
4
1
3
3
21
2
579
1
1
1
1
1
1
3
1
67
3
1
1
3579
1
4
2
1409
3
1
1
1
16
2
2
2
1
128
1
3
2
17
48
59
15
1
2
6
5
2
1
1
515
1
7
1
1
1
2
4874
4
1
85
1
1
17
27
154
1
3129
5
25
1
1
2
1
2
2
2
3
2
1
14
1
1
1
1
2
1
1
3
3
2
3
5
1
18
1
1
1
1515
1
3
3
1
40
1
4
1
2
4
2
1
21
1
2
2
1
1
1
1
1569
3
14
413
1
1
2
12
1
11
584
2274
8
1
1
1
2
1
242
4
1
7
3
3
1921
1
4
1
1
121
1
5
29
14
79
2
2
2888
1
1
1
1
1
2
1
3
14
108
2
1
1
1
39
1
1
1
5
17
7
2
1
21
1
3
1
1
1
2
1
1
1
1
3
1
4
2
2
2
1
2
3
1
138
1
1
2
1
1
5
5
2
12
16
1
1
34
12
2
1
1
1
1
1
42
1
1
1
32
32
1
195
6
2
1
1
1
18
2
1
2
14
1
1
1
83
7
5
1
145
2
1
1
9
9
605
19
2
1
2
1
4
11
1
1
2
3
27
50
13
1
2
1
4
1
1
2
1
21
2
1
57
1
1
1
5
17
5
1
1
537
1
1
318
8
1
56
6
1
1
1
3
2
1287
1
1
1
1
5
1
9
1
9
1
13
1
3
2
3
10
2
2
1
1
2148
1
3
6
1
28
1
1
1
1
74
10
1
2
44
1
288
8
2
5
1
10
1
4706
4
1
1
47
12
11
315
1
2
1
98
1
1
1
1
156
1
1
1
1
1
2
1
1128
6
4
1
29
16
2
13
384
2826
314
1
26
8
2
1
1
71
2
3
1
1
2
5
1
1
1
17
22
331
4
1
1
1
81
10
237
6
1
1
363
1
1
1
1
321
2
1
1
3
1
1
220
1
292
1
2
10
1
1
1
1
1
1
327
3
1
2
1
1
13
5
1
10
5
1
3
15
1
44
44
1
4
1
9
1
1
1
1
18
1
2
8
6
1
1
29
1
36
28
2
8
1
1
60
3
1
6
8
1
1
1
2
3
1
2
1
1
7
1
1375
1
1
2
27
5
29
1
2
1
1
1
1
2
1
1
2
5
217
2
1
33
1
1
1
2
1
1
1
1
1
1
1
1
5
8
1
1
7
1
4
1
15
14
1
3
1
555
1
1
1
2
1
17
1
1
1
3
42
1
3
2
304
43
3599
13
3
4
1
5
3015
1
3
1
2
2
13
10
1
1
1
11
1
1
1
1
5
731
1
112
6
985
8
1
5
59
1
1
1
1
1
1
1
1
1
25
1
6
56
1
2
1
55
103
3
1196
1
1
161
1
67
1
19
8
1
22
1
8
1
1
4
1473
21
9
4
5
1500
3622
20
1
10
1
1
8
19
1
1
5
1
4
3
1
1
17
1
1
6
1
3121
2
1069
512
1
1
1
1
16
1
146
22
62
1
33
1596
2
2
9
3
6
938
118
1164
1074
1
1
1
1
11
1
23
1
5
12
37
2
1
2
1
6
1
2
4
2
2
1
6
1
3
2
1
1
4
1
2
8
4
14
77
8
1
2
1
1
1
1
2
2
1
1
1
1
12
1
1
1
2
2
1
2
1
2
8
7
1
1
3
5
828
37
1
1
1
52
5
2055
77
5
1
2
1
3
8
157
1
8
1
1
1
2
533
1
1
1
1
1
1
16
1
1
1
1
1
1
1
55
4561
2
4
1
1
3
3
2
2
2
1
2
1
1
1
1
2
4
302
1
18
1
1
2
2
3
2
1
3
2
1
1
1
1
1
1
4
6
1
1596
1
57
1
162
9
3
26
1
5
3
1
1
1
12
28
13
1
1
1
3
1
1
2
4586
1
4
1131
1
2
1
2
2
25
1
2132
1
1
2
1
1
2
1544
6
1
11
91
23
146
8
69
9
8
1
3
16
9
1
1
7
9
1
1
18
6
1
3
91
2
3
3
28
1
1
63
6
1
1
121
3
1
2
1
4
2
1
1266
16
1
1169
27
1
1
2
7
1
1
1505
33
2
1
2
1
1481
1
1
1
33
4
2
2
2
1
5
1
2
1
2
1
1
4
1
1
1
1
1
4
1976
2
1
1
1
1
1
4
1
1
6
9
29
1
3
17
3
9
1
2
1
1
5
114
2
1
1
1
2
1
1
2
1
1
1
1
4476
1
1
2
379
14
1
1
1852
1
6
1
1
1
3
1
40
2
47
5
1
155
114
4
4
855
2
5
2
1
5
153
90
1
1
4
3
1
4733
6
1
1
2
2
22
1
5
1
3
117
1
1
20
1
1
1
24
15
5
9
16
6
274
29
6
348
1
1
1
1649
4
5
29
1
65
37
1
1
1
1
2572
2
1
1
1
3
47
2
3
1
1
1
1
36
4
1
2
1
1
4729
1
1
1
1
1
2
2
1
4
4
37
15
1
2
130
1
231
1
1
2
5
15
1
2
2
5
1
1
7
1
67
97
2
1
696
2
3
1
1
1
12
1
1
1
3
1
39
1
1
1
8
1
1
17
452
1
1
1
1875
2
1
1
4
2
1
1
2
4
4034
1
1310
65
6
2
1
82
2
3
994
2
3
1
3
1
1
2
5
1
9
1
3
3660
1
1
47
2
2
3
8
3
2
2
463
1
10
3323
4984
5
17
1
4
1
1
1
3840
4
1
1
10
1
1
1
1
1
1
1
4
75
1
1
6
1
1
1
1
1
1
2
3
1
94
1
5
675
1
1
4
3
3062
23
4
653
1
1
1
17
4
2
1
3
23
1
7
17
3
1
1
4412
1
3
10
1
1
14
5
1
269
1
3517
1
3
16
16
13
101
13
9
1
1
1
1
1
1
6
1
1
45
4
1
1
24
1
1
1
4
1
1
4
1
10
1
2
1
2
1
2
31
600
1
9
1
4
1
1
34
1
1
1
1
1
2
1
1
2
1
2
1
1
1
2035
4
666
1
1
1
1
1
25
10
925
1
5
2
1
1
3
1
1
1771
1
25
1
4
1
1
3
1
1
231
1
2
1
1
1
1
1
1
2
1
1300
3
1
48
2328
12
9
2
1
1
2650
3
2
5
2
3
2
5
1
1
1
1
95
6
1
1
1
1
25
1
5
2
1
992
1
2
1
1
21
1614
1
4538
1
1
41
1
34
5
1146
47
2
13
97
1
1
37
7
1
2
2
1
3
1
6
37
1
1
1
75
1
61
2
1
1
619
4
3
6
1
1
1
1
7
2
3
1
1
18
96
1
22
1
41
2
1
1
3
1
15
4
1
375
1
112
1
44
1
4
1
1
639
2
1
1
1
2
1
35
5
12
2
1
1
3
3
3
1
1360
1
1
1
5
1
14
1
65
7
1
11
2
1
9
1
4
1
1
24
36
2
1
1
8
1
1511
96
30
1
7
1
6
2
1
1
1
12
1
15
2
233
1
1
1
1195
1
332
1
1
4009
1486
3
9
1
1
3
1
32
980
30
1
9
2
99
1
57
3
1
1
2
64
4
1
29
2
66
1
3
1
7
1
3
1
24
2
2338
3
313
38
1
1
2
117
3
1
7
7
7
185
1
10
1
2
1
1
1938
19
13
3
1
2
1
1
1
6
8
1
1
1
1
1
1
2
1
1
1
2
2
1
5
1
3
2
1
1
2
1
5
2
3862
7
7
1
1
5
26
1
1
5
36
535
5
2
2
1
18
1
85
94
156
2
1
1
1
5
1
3
1
2
1
2151
8
1
3
1
1
134
1
738
4762
1
1
2
1
1
2140
1
66
1
1
1
1
1
1
82
3
1
1
1
4
3
1
1
18
1
6
2
30
1
2863
3
4
1
1
1
14
169
2359
1
1
3
3
18
1
39
1
1
8
2
1
4
11
4
2
1
4
387
1
233
2
1
8
12
1
1
2
1
1
1
48
14
8
11
7
2152
1
1
1
1
1
1
4
1
1
1
3
1
1
18
1
1
1943
332
3
2
1
1
1
3
1
1
4750
1
2
3
10
9
1
1
33
1
2
3
1
3
196
4
4
1
1
1
1
1
1
1
1
1
2
7
46
1
1
1
1
154
1
9
1
1
1
1
1
1
1
2
3
2
3
4
12
81
2
8
1
1
1
1
1
1
1
1
3
1
1
488
1
3
1
1
14
273
7
2
2
52
1
1
25
3
1
1
6
588
2
1
1
1
5
300
9
1
54
2
1
5
1
1
147
3
3
1
2
1
1
3
4
1
1
9
9
1
15
38
1
1
2
2
68
38
202
1
20
2
1
1
1
11
1
6
1
2
4
1
2
2
8
1
1
1
1
1
1
107
7
1
2
49
12
4
2
1
2
621
1
2
1
3
1
4
1
1
1
2
2
2
1
91
1
1
1
1
14
1
2
1
2
1
1
1
138
2427
1
1
1
1
1
1
8
6
454
10
2
3
1
1
34
1
2
1
2
1
1
1
1
3640
1
2
1
7
518
1
1
1
1
4
1
1
1
1
1
1
2
9
2
1
2
1
2
1
2
2
5
6
4
1
1
37
1
1
1
1
1
34
2
8
3
9
7
5
3
2
2
1
2
1
6
1
1
3
3
1
3
149
3
227
6
4
1
16
1
3180
1
2
29
2
3
1
1
1945
89
2
985
5006
1
1
17
1
12
1
2
2
1948
1
1444
122
2
1
29
2
1
4
9
24
44
6
25
1
3
10
15
1
1
3
1
1209
1
2
202
1
4
4
1
2
1
1
1
360
5
5
1
1
1
367
1
1
1
2
10
1
6
1
3
7
1
1
1
2
203
2
1
1
1
4
2
1
1
1
9
1
2
4
16
1
1
1
203
79
108
30
1
2068
2
1
3
100
1
1
1
13
1
6
3
661
1
1
1
143
1
1
3
21
1
17
1
1
10
1
1
1
1
1
1
84
1
2
1
1
1
2
1
1
1
1
2513
90
6
20
2
7
1
3
1
8
1
13
1
9
1
1
3
2
6
3
4
2
1
1
1
1
1
2
2
1
1
14
14
1
1
2
2
35
3
1
1
2731
1
281
2
12
2548
1
5
1929
98
1
1
8
7
4
21
2
1
1
10
9
1
1
1
1
6
13
2
3
2
4
1
1
1
1
48
18
4
1
6
1
7
2
1
177
1
3
762
7
1
5
1
4
3
3
2
4
1
1
1324
125
725
1
1
4177
1
1
1
1
2
2
8
110
25
2
1
4
1
1
1
30
1
2
9
3
277
2
1
1
1
1
2
1
6
500
4
112
4894
77
2
1
32
734
1
1
1
2
4
7
607
1
5
1
1
1
3
1
1
1
1
1
1
13
1889
1
1
1
1
1
1
2
116
7
1
1
2
1
2955
6
1
1
6
2
1102
110
1
23
35
140
3
1
1
14
1
1
63
3
1
5
2
3
2
188
17
2
2389
46
1
107
3
1
1
1
349
4
1
1
1
1
2
5
2
1
3
9
2
1
1
1
1
3
2
3
1
4
1
1
1
7
4
1499
6
2
1
1
1
1
4
3529
1
1
2
1
1929
7
3431
1
390
2
24
1
1
1
1
8
15
3
13
5
4
6
2
1
1
2
3
10
2822
1
1
2
1
1
252
1
18
12
2
7
46
1
3
1
10
7
1
1
1
1
1
1
621
2
350
2
1
2
1
20
2
1
1
1
1
45
1
1
14
4
1
1
1
4743
8
1
1
156
1
3
2
1
2
61
1
1
1
1
2
1
4
4
3
1
1
3
1
2
23
3
44
1
1
1
1
1
89
3
1
13
1
4
6
54
1
1
1
1
1
2
5
1
1
35
1
2
1
4
4
1
1
7
3
1
167
1
32
1
1
6
14
1
1
7
2
1
1
2721
7
1
2
8
547
1
1
1
1
3
1
2
1
1
1
1
3
2
2
4
4
39
17
5
1
1
11
1
1
1
5
6
698
1
1
280
1
3
1
6
1
1
2
157
2
2
1
1
30
743
3
1
1
17
1
1
1
5
1
6
1
1
9
1
1
18
1
94
16
1
7
7
11
3014
189
1
2
2
81
20
1
1
129
594
1
34
1976
1
1
5
1
3
48
1
3127
9
27
1
11
6
1
9
1
1
1
10
1
1611
118
29
1
1
1
2
26
1027
1
1
35
5
3
1
3
1
1
2993
1
1
826
3958
2
1390
17
1
1
50
1
2
160
214
1
1
1
2
4
4
5
1
4
1
15
1
1
1
1
1
4
2
21
15
28
1
1
1
1
1
1
2
2
4
2
1
4
1
1
1
1
1
1
1
1
3
1
14
2745
1
1
1
1
1
2
20
1
1
4
1
2
2
1
2
1
1
1
7
1
1
2
1
1
1
1
12
250
801
1
5
1
1
1
4
2
89
52
1195
4
5
1
5
1
1
18
1
1
1
1
1
3962
3
1
22
1
1
9
8
1
3
4
1
19
1
625
161
3
4
1
1
718
3
1
1
6
3
2
659
6
1
106
57
1
104
27
1
1
1
2
1
32
1
1
1
2
1
37
2
8
2
1
3
1
2
1
6
1
2
1
4
8
1
9
1
4
11
2614
2
25
2
1706
1
1
1
15
20
1
1
4
1
1
19
1
236
24
1026
2
1
1
1
1
567
2
2
109
1
1
4
1
14
1434
1
4
1
1
1
43
67
31
3
1
3
1
1690
1
960
1
2
13
8
4
1
2
8
1
1
1
2
3
1
2
2
1
1
2
4
4038
3
8
1
1
131
1
1
2
20
1
1
225
4
1
1
10
3
1
5
1
1
2
1
2
5
678
1
2
1
3
7
694
6
1
7
1
20
1
126
1
1
1
2
1
1
4977
1
7
1
3
10
1
1
1
1
1
3
38
16
10
1
5
1
5
1
1
1
1
1
2
4
1
1
2
1
4
3
267
1
1
2
25
2
1
3278
1
3345
21
1
2
1
1
1
754
1
1
3588
1
1
1
1
1
1
15
207
2
1
1
1
56
1
12
11
1
1
33
1
1
3
5
2
1
1
1
3
1
1
1
1
1
3
2064
225
4
1
1
3
1
3
1
4
2
1
2
1
1
1
2
1
67
2
2027
345
1
1
1
1
14
1
1
2
1
40
1
4
2
3
1
2
1
2
1
2
1
1
457
4
3
1
225
1
1
39
2
5
2
1
8
62
2
80
1
1
1
1
1
1
6
1
1
19
29
2
3
2
4
1
1
5
3
2
1
1
2
3
1
658
3
1
3
2
5
3126
1
1
1
1
1
22
4
9
3
1
101
1
4
1
1
84
2
1
1
2
1
3
1
1
33
2
2
2
1
1
1
1
12
1
1
37
1
1
1
236
2
1
1
1
1
4
1
8
1
1
1
1
343
1
1
2968
4
1
1
127
982
2
1
1
186
1
1
5
1
9
3
1
1
3
244
1
1
26
2
1716
2
2
8
14
1
1
4
1
1
4
2
3
2
1
46
2
1
1
1
151
60
18
16
1
14
1
1
10
1
1
1
448
1
1
1390
58
1
6
1
1
57
1
63
1
4
1
1
14
12
1
1963
1
2
1
1
4
1
2
2
415
639
798
1
1
1
1
1
1
6
2
49
4
869
103
10
2
1
1
4
3
14
1
14
1
1
4966
3
1
1
44
1
1
1
1
4
1
1005
6
1012
3
6
1
1
2
1
9
26
1
1
1
1
2
2
8
4
6
1
5
1
1
102
1
2
1
2
2
1
11
1
1
1
1
3580
1
819
1
3
4152
1
1
17
1
1
88
1
48
1
1
4558
2
2
14
9
2
4
1
673
125
1
1
19
3
2
1
17
25
5
1
481
1
2
1
4
2
10
1
1
10
1
3
1
1
1
1
2
2
2
1
1
8
1
1
1
1
1
2
6
16
1
6
1
1
1
1
39
3
11
4
3
5
12
2
1
1
10
1
1
1
1
5
1
1
1
3
26
1
1
6
1
22
1
1
10
2
1
1
11
1
1
1
1
1
3
4
1
30
6
8
2
1
1
1
1
1
2
1665
1
1
8
15
1
1
1
1
6
20
1
2
4
1
123
3
1
5
1
1
2
1
2
1
1
4557
1
1
2
1
6
1
1
1
13
1
1
1
2
142
1
2
1
15
1
6
1
6
1
1
1
1
40
1
2
1
1
1
54
2
2
32
1
2
4
1
23
16
3
11
3
3
5
1
18
1
1
5
4
1
1
3
4
46
112
1
1
1
1
8
1
2
1
2
1
1
1
6
5
1
1
1
32
25
2
18
1
3
3
1
28
1
7
1
12
1
5
1
2
192
1
1
9
7
60
1
1
9
1
1
3
1
5
1
2
95
2531
306
8
4
7
1
47
1
2
1
3
21
7
1
3
1
2
1
4
40
1
3
1
1
25
1
1
1905
9
2
5
1
2
9
1
1
3
2
1
1
2
1
1
2
1
1
1
1
21
1
1
2
1
1
7
1
1356
375
14
1
1
2
1
17
15
7
1
1
1
725
1
9
1
17
2
1
1
1
2
1
1
4
1
4
2
1
11
2
1
52
3
1
1
30
30
3
3
1
1
1
1
4
1
1
1
7
1
2
1
1
6
477
134
1
1
1
6
1
1
1
2
1
1
1
3
10
6
1
1
4
1
1
3
15
1
1
1
4
1
4
1018
1
1
1
3
8
2
4
1
1
1
1
4728
1
2
18
1
2
1
1
1
53
1
7
46
1
1
4161
1
2
1
3
4
1
1
1
1
3735
2
67
1584
1
3
4
1
15
5
45
1
1
3
18
2
495
2
1
2
1
1
1
1
2
1
3
7
4
1
1
8
823
1
1
1
1
45
1
3
228
1474
15
1
1
6
6
1
1
1868
95
1
357
3
1
1
2
1
155
35
1
50
32
1
1
1
36
1
1265
1
1303
1
2
3
9
1
2
6
1
3
2992
1
1
8
18
1
2
15
2
1
1
32
847
2232
1
3
1
1
2
5
13
1
5
2
2
1
1
1
2
1
1
1
18
65
14
1
1
1
2026
1
1
3822
8
5
2
7
1
1
1
608
6
3217
75
1
2
2
2
16
1
1
1
19
5
1
1
4772
18
2
2
1
15
1
12
1
1
2
1
3
1
2
1
1
1
1
1
61
1
1
1
3316
4
9
1
1
1
5
4
9
3
1
1
3
1
200
4
1
1
2
6
1
1
5
1
1
1
5
1
1
1
1
1
5
857
3
1
57
3
1
1
1
1
3
2
32
2
1
2
3
5
1
5
1
20
1
2
2
1
5
1
3
5
9
1
2
48
1
2
1
1
2
2
1
160
1
2216
1
39
1
1
1
1
1
263
4
1
1
14
191
60
1
1
1
5
10
14
3
1
27
3
198
53
1
3
1
1
2
2
11
10
33
55
1
1
1
1
2
1
2
7
2
2
1
1237
261
1
4
2
1
1
42
13
3
1
496
2227
1
1
1
2
2285
1
1
4
13
2
1
1
33
1
2
1
1
1
1019
1
1945
2
19
173
2361
1
1
2
1
7
1
1
2
1
1
1
164
603
513
1
2
1
1
9
7
10
127
655
227
1
1
1
1
2
5
1
1
1
2
1
80
4374
1
1
3
1
1
99
1
1
1
1
1
1
45
1
1
1
12
1
1
1
1292
30
2
23
2
1
15
3
1
57
1
1
2
1
1
7
418
1
2
1
1
1
6
94
1
1
25
29
3180
2
1
1
1
14
1
3
4
1
1
182
5
1
25
1
1
1
1
1
12
28
2
1
4
17
2
14
2
127
1
944
2
2221
1
27
180
1
36
1
1
1
2
1
1
6
1
10
1
1
1
7
1
1
1
20
1
1
1
66
13
1
3
2
1
3
1
2
1
3
4
2
1
1
7
1
5
4664
2
1
1
57
1
1
1
85
9
5
3
6
1
78
3
1
2
1
1
4
1
1
2
8
1
5
1
2
220
1
2
3
1
1
1310
19
1
123
4
7
1
1
1
8
6
1
1
894
28
1
4
1
1
1
1
1
1
1
1
332
1
317
1
1
15
21
5
1
1
23
2
5
1
5
3
1198
1
4
2
1
277
11
3
1167
2
1
4
1
20
1
1
1
1
7
1
1
4
1
1371
1
3
1
1
1
1
1
1
1
164
1
3
5
3
1
17
1
1
85
9
1
2
3
1
2
40
125
1
2
1
1
1
1
1
1
1
6
33
1
141
26
1
1
1
2
1
1
3
12
1
1
2
1
1
4321
4
1
8
2
9
3
1
441
2
2
1
2
1
1
6
4
40
2520
1
1
1
96
1
56
2
1
5
1
1
31
2
2
7
1753
1
1
1
1
2
18
2
208
6
1656
1
1
2
1
10
13
1
14
1
1
1
1
2
1
1
30
12
1
230
2
1
2
1
6
2
33
1
12
1
5
1
1
1
3
2
5
3
1
4
23
1
3
2
1
14
4
4
2
1
1
3
2302
1
156
1
239
102
17
217
11
1
1
1
190
1
1
11
1
1
2
1
2
1
1
1856
4
9
1
108
1
1
2
15
1
1
78
463
11
9
1
9
340
3850
1
1
13
1
1
7
1
1
1
5
1
191
3
1
1
1
1
1
2
1
2
1
1
1
1
1
9
1
1
1
1
1
1
10
1
2517
1
1
10
1
192
1
1
5
1
1
1
2
52
2
1
1
1
2
8
1
2
1
10
1
8
1
80
1
95
1
1
1
6
2
2
114
3168
1
101
5
1908
115
4
8
1
798
60
2
4
1
1
1
1
1
1
1
1
1
3
51
1
2
1
2
1
35
20
151
1
9
2
1
1
22
59
6
1
1
2
1
2
1
1
1
1
38
1
37
1
1
5
9
1
7
13
1
1
1
3
1
1
5
1
113
1
1489
1
2
2
2
2
1
1
1
2
1
1
51
32
1
4694
5
1
1
1
28
8
1
1
1
1
1
151
2
1
1
1
26
1
1
750
13
48
1
3
1
1
1
14
4
49
1
2
1
2
22
1
1
1
2
66
200
1
1
1
2
1
1
1
1
1
4
1
6
1
30
2
1
2
1
79
31
2
12
1
6
3
2
3
1
8
9
9
6
4
2
13
1
2
46
2
1
81
1
5
53
17
3193
1
1
1
1
1
1
30
19
10
2
1
2
1
2
1
1
1
5
3
7
1
1
3
1
2
8
1
2
179
1
1
1
1
3
1
1
1
1
1
373
4
16
1
4066
1
1
1
5
5
1
1
1
1831
294
1
1
1
1
7
1
14
2
52
57
4
55
1
1
2
56
1
3
1904
1
1
1
35
17
11
1
2
2
2747
1
25
4
2
8
26
1
9
1
26
1
4
3
1
1
2
25
1892
8
1
1
1
5
1
204
4423
1
1
1
1
1
1
1
1
1434
6
1
2
2
2
8
460
1
2
1
1
1
7
1
1
1
1
1
1
15
1
11
1
95
1
2
1
1
1
1
6
28
5
1
2
2
3
4
9
1
3
2
6
1
68
25
4
5
1
1
1
1
9
3
1
10
1
3
7
1
2
1
6
707
1
2
14
1
7
2
2
2
456
1
12
2
1
1
1
7
63
110
1
1
1
1108
2
2
43
56
1
151
3
1
1
1
16
2
2
4
4
1
1
8
1
28
2
1
15
1
1
1
5
40
2
1
1
1
1
1
2
1173
2
4
4
757
2
10
4972
2
1
1
1
2
5
64
1
1
53
4
1
1
1
157
1
1
2
4493
1
1
285
18
1
2
19
5
2325
2
1
3
1
7
2
53
3
1
1
1
1
1
3
1
1
2348
1
20
9
1
1
1
1
3
75
20
1
7
6
1
1
2
1
2
1
5
6
1
2
685
17
1
8
1
1
1
1
20
2
368
20
1
2
1
1438
13
2
5
20
1
1
1
1
2
1
1
1
1
4
2
11
8
1403
5
1
1
1
1
94
147
1
1
7
1
2
9
69
1
3
787
533
1
9
4
1
1
212
6
1
2
2
1
1
1
1
1
2453
1
2
1
1
7
3
1
4
1
1
1
8
27
6
1
2
1
1
34
1
1
1
71
536
1
57
17
1
103
12
1
3
1
1
7
3954
2
4
1
1
4
1
4
17
3
1
3
1
34
24
1
58
3
1
1
8
1
1
3
5
1
1
16
1
3
762
1953
3
72
348
24
8
1
4
1
3
1
1
265
5
2
1
2
4
5
72
1
3
1
2
2
1
26
1
4
1
1
1
1
1
1
1
134
1
249
1
1
1
1
617
743
2
1
1
1
4690
2
1
2
1
1
1
1
1
153
8
4250
1
1
1
12
6
37
3
1
1
1
1
1
1
3
1
1
2
2
2
1
33
2
2
53
7
1
2
1
1
1
1
1
1
510
4
2
17
2
22
1
1
5
10
1
1
1
430
1
1
4
1
2
2
1068
1
885
7
207
24
1
11
4
1
3
2
1
1
6
1
12
1
6
1
1
1
3
27
1
8
1
2
1
1
1
1
3
223
1
1
4
1
21
2
1
1
1
30
1
1
25
1
3
3
2
1
2
13
29
2
1
40
10
1
6
3435
1
108
1
1072
5
1
1
559
1
2
1
1
1
6
1
1
15
6
1
701
1
635
2
1
4
1
8
13
14
4
2
1
6
1
1
181
4
7
1
1
1
8
2582
44
4
1
1
1
2
35
8
1
31
29
2
194
14
2
1
2
120
2
1
30
2
1
20
29
4
5
8
1
2
1
7
5
15
1
1
2
1
1
1
4
1
2
1
1
1
2
2
6
1
1
3
4
1
2
617
4
4
17
7
2
1
6
42
4
18
2
1
47
1
2
1
3
1
1
1
1
3
5
1
1
51
1
2
3
1
2740
5
1
7
1
6
64
1
1
783
1
15
4
1
1
2
3
1
3
2
2174
2
2
1
1
72
1
1
1
1
9
1
2
14
1
4
1
1
2
1382
1
2
1
2
417
1
12
1
7
8
1
2
1
3
1
1
2
1
2
1
1
3
1
1
1
43
1
14
163
1
1
7
5
1
1227
2
569
1
23
1
2
1
1
1
8
2
11
15
1
329
11
1
1
1
1
2
1
1
1
6
1
1
1
1
1
48
5
2
1
236
9
3
1
334
3635
11
1
1
2
434
1
1
73
1
1
1
2316
1
16
2
1
1
30
1
2
2
1
4
1
1
1
1
1
182
14
1
1
1463
3
7
1
1
1
98
2
1
1
2
1
1
104
1
6
1
1
1
2
1
14
1
3
1
1
2
14
2
1
1
4
20
1
1
1
1
14
1
5
4
1
4
1
6
9
1
2
1685
1
60
1
1
1
1
1
1
2
1
653
1
4
6
1
3
1
76
3
1
1
1
1
8
4
1
7
1
3
256
1
2
2
1
2
1
277
45
32
2
15
1
61
2
1
1
1
1
1
1
2
8
1
1263
2792
1
2
9
1
1
8
73
2
2
1
1
2
10
1
1
1
17
1
4
1
1
1
1312
1
3
1
1
1
5
1
12
1
1
14
3
1
2
1
5
1
1
3321
2
1
89
1
1
1
1
3
1
1
1
4
1
26
4
1
2
1
1
3
4
1
4
1
1
1
81
1
2
1
1
1
1899
1
1
1
1
219
1
1
1
1
1
1
2545
1
1
29
1
8
3
1560
2
1
1
1
1
2
24
2
1
16
2
1
1
1
2
1
4
1
1
1
1
1
7
1
1
1
2
1
1
1
4
12
2
1
22
12
8
2
1755
1
1
34
216
1
1
1
1
2
2
10
1
1
1
13
2
17
1
42
1
1
1
1
22
6
1
1
12
9
1
2
5
3
982
1
1202
1
6
1
1
3
1
1
3
1
1
1
71
1
2
1
1
2
9
1
1
1309
2
1
1
1
289
1
1
1
123
2
1
3
32
1
3
1
8
1
47
17
68
6
83
1
1
1
1
1894
1
1
1
1
1
2
3
1
1
1
33
1
3
1
1
1
2
2
1
5
1179
7
1
1
1
1
24
197
1
7
23
1
2
3687
200
1
1
3
253
1442
1
1
1
1
3
2
1
1
3
16
8
8
1
67
1
1
1
1
1
12
5
939
9
10
1
5
50
9
1
1
1
1
2617
6
2
6
1
1
86
1
14
1
2
36
1
1
5
1
4
1
9
25
362
1
25
19
1
1
143
1
1
2
1
4262
1
2
1
3
4
4
6
2
1
10
1
2
1
4623
1
1
10
1
2
1
1
3
1
1
19
2
2
1
1
1
1
1
3
322
1
1
1
14
3
1
2
1
6
32
129
3
2
3
2
3
271
1
372
681
11
1
1
1
1
7
1
2
1
1
1
1
1
2973
2
4
1
3
2
2
1
1
1
1
1
2
2522
2
2
1
1
14
2
1
1
31
2
1
3
1
2
1
2
5
1008
3909
1
3
2
1
1
6
4
10
1
1
1
2
1
1
3
1
2
1
1
5
1
1
1
1
1
1
57
1
1
3
1
6
1
3
1
1
1
1
1
1
2
7
1
3
4735
4
3
10
23
3
1
1
1
2
1
3386
2
1
1
1
6
112
2448
3
1
2617
2
1
1
1
1
1
2
1
1
6
4
2
2
1
4
7
57
3
2
43
7
1
1
1
2601
43
1
9
10
12
1
6
1
2
2
53
1941
1
15
2
2274
1
1
1
2
4
1
7
1
1
6
1
130
4
27
9
2
37
1
1
1
64
4180
3
1
1
10
4527
1
2
2
1
2
4341
78
4042
3
2
1
1
1
16
1
1
1
1
44
1
2
2736
3
1
1
18
9
1
3
5
1
2
3
1
2171
1
1
1
1
1
1
1
5
792
34
1
3
1
1
2
8
1
1
3
59
2
1
1
1
1
1
3
898
2
1
1
2
1
1
1
1
1
2
1
16
58
2
1
134
11
1
1
1
1
1
1
3
183
1
4
1
1
1
13
2668
2
1
1
5
1
1
1
194
8
164
1
2
34
1
2
1
1
2
76
9
1
2098
1
1
1
1
3
20
25
1
1
2
3
1
16
2
1
1
2
2
1
3
1
2
13
1
1
2
20
1
1
1
5
2
2
1
1
1
1
1
1
1
40
3
2
2
3
2
1
3
2
3
56
1
1
1
1
3
1
6
2
2
2
1
2
1
12
23
773
1
12
4
3
1
36
130
3703
1
1
1
4
753
1
1
15
150
30
2433
1
12
2
1
1
2
151
34
1
1
1
1
1
7
1
2
1
1
1
1
1
11
1
7
22
1
1
10
1
2
28
1
1
6
1
136
1
1
1
1
1
1
1
1
7
37
1
17
1
10
67
12
3
1
3373
221
756
1
5
1
4
22
4
2
537
1
3
6
1
10
198
1
1
1
48
3
3
29
1
2
19
1612
21
71
6
1
1
1
1
1287
3
761
1412
514
3
1
10
65
1
3
3
1259
1
33
1798
1
1
1
1
1
1
1
2
1
1
1
1
3
26
4
4526
1
3
1
3
120
1
3
1
6
8
1
1
1
6
7
10
2
2
2
3
1
5
1
3
4
1
3
8
3
1
5
2
1
2
86
2307
1
4
1
1
1
1
3
1
1
1
3
2
8
2
1
1
5
1
1
1
32
1989
1
8
325
1
3
1
1652
3
1
1
3
18
1
53
17
72
304
2354
1
115
34
4
1
1
43
4384
8
1
4
2
734
2
1
3505
56
2
1
5
4
20
978
1
5
3069
1
26
1
1
13
36
1744
1
1
1
1
424
2
4
1
3
1
2
144
1
218
1
1
1
1
1
1
5
70
1
6
10
9
1
209
2420
13
11
7
1
1
247
1
11
1
1
2
3
1
3705
4
133
4
4
28
1
2
1
3
1
1690
49
2
1
2
1
3
5
1
2
114
71
1
2
1
19
2
1
4
3
97
19
4038
1
21
35
4
2
1
2
1
847
12
1
1
1
11
1
3397
20
1
1
15
2
23
1
1
2
11
1
144
2
1
83
1
1
1
1
1
196
2
1
1
1
28
259
1
1
3
1
1
2
1
3
1
1
1
1
1
1
1
1
1
1
1
1
7
1193
213
1
3
1
1
4
1
4
1
1
1
1
5
1
2
3
2
1
1
4
1
456
1
1
151
1
1
1
7
69
1
1
2
1
1
1
1
4
1
14
5
2
3
154
1
1
2
3
2
3
2
3
2
8
32
3
2
2
128
5
1
1
122
1
1
5
2
1
1
1
5
1
2
1
1
15
13
23
1
675
10
1
2
1
975
578
6
43
3418
139
2
3
2
18
1
1
2
1
1
1473
1
2
2
2
1
2
35
2
9
115
7
1
4
1089
2
1
1046
1
4886
1
1
2
14
102
57
1
1
5
3
1
1
1
1
1
28
2102
1
2
1
1
6
3
1
2
9
1
1
7
30
1
29
1
2
992
62
2
21
1
4
2
24
14
1
633
1
1
4882
1
1
4
3
1
1
1
1
2
91
2
3
3
3
7
2
1
1
1
2
2
1
2
4
3
11
1
1
66
15
15
1
1
1
1
1
10
1
2
28
4
60
1
2
1
4
9
607
1
151
1
10
1
1
1
1
16
1
1
1
1
1
14
5
173
42
2
157
1
1
2
144
1
4
6
1
3
2
1
1
1
1
1
17
2680
1
1
1
1
1
1
2
2
1
2
2
16
1
1
1
94
2848
1
1
1
3
1780
1
1
7
1
120
2
1
1
217
2274
10
2
22
1
1
1
38
16
2736
1
2085
1
22
1
1
1
1
2
286
4
1
4
1
2
1
2
1
1
3
1
5
1
1
1
3
1
1
14
3
1
2
2
2
1
1
6
19
307
1
93
1
1
5
2
4
1
1
1
24
3
7
172
1
1
60
1
4327
1
1
1
1
2
1
9
1
1
15
2
1
1
1120
13
236
1
1
2
1543
195
1
1
1
1
22
1
16
8
3
5
1
1
2
2
3
1
1
783
2
1
1
1
1
4
3
1
1
1
1
31
9
2814
2
2
23
1
1
1
7
1
2
1
1
1
1
3
50
2
24
1
1
10
3
2
1
6
1
1
4
2
25
8
1
3
3
1
6
50
1
31
137
2
57
3
12
45
3
9
2
13
1
5
1
4
1
1
2
1
1
1
10
10
2
1
11
2
1
1
1
7
1
1
2
1
1
1
1
7
1
47
1
1
1
524
3
8
227
5
1
2
11
464
1
20
1
3055
1
71
1
1
3
1
10
4
1
1
36
1
1
8
1
15
2085
1
1
2
1
26
446
1
1
3
8
2
1
5
1
2089
1
6
1
35
1
5
5
1
1546
5
1
1
4
2
1
1
2
2
2
1
26
1
1
4
1
1
894
1
2
4
1
1601
3
11
2
1
1
3
7
1
2
2
1
32
1
1
2
1
1
3
5
1
5
1
1
2
1
27
1
12
1
5
1
13
1
19
2
1
2
1
7
1
14
3
1
4
10
1
1
13
71
1
143
3
3
5
2
142
1
5
1
1
3
16
1
3
115
3
2
3
30
26
1
31
2384
2
718
1
2
37
1
1
3
55
5
193
2
1
3
4
43
1
26
1943
1
1
11
10
1
3
2
1
1
11
193
1
2
1
4
1
3
1
1
3
2
41
1
5
1
18
1
3
52
1
57
1
1
3
3234
2
2
1
1
1
90
23
3
3
112
2
2
1
1
1
1
83
58
1
1
3
1
2
1
1
2
1
13
1
1
1
7
13
1
1
1
19
2
1
1
1
1
1
1
1
3
2
3
10
15
4
2
3
2
208
7
5
2
1
3
63
12
1
8
2
9
1
1
1
9
1
1
217
1
1
5
1
1
5
1
3
36
1
1
2
1561
4141
8
1
1
1
55
1
2
26
4
1
1
2
1
1
4
5
1
3
7
1
1
11
4372
1
1
1
11
4
1
1
1
1
2
1
3
3
2
301
9
7
1
10
2
2
1
1
1
49
2
1
1
1
80
176
1
10
1
161
2
2
4122
31
2
1
1
1
7
1
3
1
1
1
2
1
1
298
4
484
103
1
1
7
1
1
25
1
4532
2
1
7
3
5
4
1
1
2
34
1
1
7
1
3
1
5
17
1
1
2
1
1
2
1
1
1
8
1
4970
2
1
8
1
1
1
2
1
1
2328
4
1
1
2
1
1
1
1
5
2826
1
5
1
2
1
1
1
1
2
9
1
1
1
18
1
1
1
1
1
1
1
1
1
2
1
24
1
1
76
3
3
2
2
10
3
1
1
3
1
33
997
7
1278
4
1
1
7
2
991
5
3
1
11
3
2
1
1
1
1
115
3483
1
1
2
2194
1
1
2
1
2
3
2
1
1
1
4
2
1
1
4
1
1
2
1
1
83
7
1
1
3
5
4
3
2
1
1
1
1
4
1
1
1702
8
1
1
6
15
12
1
1
16
1
1
3
6
6
3
14
13
5
3
1
3
4
2
1
1
1
1
1
1
1
1
4
2
1
1
5
3012
71
12
1
1
2
5
3
102
498
3
1
1
3
2
8
2
13
1
1
3
1
95
160
30
1
77
1
2
1
44
1
3
1
22
3
1
2
1
4
1
16
2
1
1
467
925
7
25
2
1
2
1
1
1
1
1
1
3
1
25
2
1
1
6
1
2
2
4
1
2
3
3
1
1
3
1
647
3
2
1
1
82
1
1
1
1
32
4
66
1
7
1
1
1
109
1
2
1
1
1
4
1
8
4
7
22
1
20
1
1
1
5
1
7
1
3
1106
1
25
14
1
2
2
1
1
1
6
1
1
1
1
1
1
1
3
1
194
6
5
4
1
1
14
5
1
2
1
3
2
1
2
1
1
1
5
1
1
2
1
1
1
1
1
2
2
18
1
11
9
1
4
1
1
2
1
21
1
1
4
1
1
10
7
2
1
5
1
1
1
1
1
2
1
3
2600
1
1
1
1
1
1
2
2
2
4
1
15
219
1
6
1
1
35
3
1
1
1
99
14
1
1
1
1
2
11
2
2
1
1
11
2
1
1
3
3241
1
1
1
1
3
1
9
2
3
2
1
2
1
3
2
1
1
1
1
65
1
1
1
1
3
5
1
1
335
2
1
7
1
1
94
28
2
1273
1
11
1
2
2
1
1
1
2
1
16
1
12
1
2
2
106
2
1
1
1
1
1
1
1
3
1
4
59
1
184
1
1
1
17
72
1
3
1
1
1
1
16
27
6
34
1
1
1
9
2
1
1
2
76
3
1
20
21
1
2
5
27
5
1
1268
834
16
1
2072
13
4
1
1
1
3
1
37
1
10
1
2
1
1
3
2
170
11
5
248
177
3
235
1
1
2
1
1
1
1
1
1
1
7
1
1
1
62
16
12
161
4
1
1
1
1
1
1
1
1
3
3
1
1
1
1
3
4
8
1
1798
2
1
1
8
1
1
1
2621
66
6
9
3
1
2
2779
1
3
2
1
15
15
1
6
12
1
2
1
1
1
2
5
8
2
1
1
2
2
43
7
1
7
1
21
1
1
38
1
1
2
3
1
1
1
1
1
4
7
1
28
1
4
1
2
1
1
1
1
1
2
4
1
1
1
3
2
1
2
1
1
2
6
9
2
4
1
1
1
1
3
52
2
1
1
1
3
1
8
13
12
1
1
2
15
1
1
6
1
2
2
224
1
1
1
1
2055
1
2
2
1
10
2
4
1
58
196
2379
2
1
1192
12
2
1
1
365
1
3
2
6
1
1
431
1
5
1
1
2
2
2
3
1
1
254
21
1
125
3
1
1
2
2
23
1
284
3
1
1
1
1
1967
1
22
1
1
1
3
1
3
1
1
68
1
1
2
2
1
3
1091
5
5
1
2701
2179
1
2
1
1044
1
13
1
1
1
1
2
5
9
973
1
1
8
1
1
1
1
92
3
844
726
1
1
1
6
1
2666
2
2
1
1
346
1
10
18
16
1
1
1
1
1
1
2
1
13
3
1
29
4
3
1
3
3
1
1
1
1
2
2
1
1
1
70
1
1
1
2
5
1
1
3450
3
1
2
1
70
2
2
1
1
18
1
7
1
26
1
1
1
1
1
2
97
7
1
2
8
35
1
1
48
1
4
575
31
7
2
827
2
1
1
7
2
3
1
1
12
204
1
56
3
1
1
15
9
1
290
1
18
5
5
1
1
1
1
1
23
7
3
1
9
8
1
2
779
1
2
1
1
15
1
1
385
1
89
1
6
8
3
1
38
2
3
1
50
1
15
6
1
2
1094
1
1
1
1
2
5
1
5
1
2
2
1
1
1
74
11
1
1
6
1
1
288
1
1
25
1
5
2
1
2107
1
1
1
5
1
2
1
1
1
1
3
1
1
1
1
1
2
1
1
3
1
3
2
7
1
1
1
2148
1
3
3
3
2
56
2
3
1
2
3
1
1
3
1
5
1
1
1865
1
1
7
4
2
4
2
1
136
286
1
1
1
1
29
1
3
1
2
1
1494
1
1
1
2
350
1
1507
116
16
1
16
1
3
1
4
1
1
1
17
1
1
14
1
4
10
1
1
21
20
1
2
1
1
7
3571
2
1
3
1
2
3
30
1
1
1
1
13
2
1
1
2
1
1
2
2
3
1
2
2
1
2
1
3
8
1
4
1
1
1
1
1
16
1
1
2
4
1
1
1
2
1
8
16
1
1
48
1
1
1
1
1
1
2
1
32
14
24
3
2
1
83
2
1
2
1
1
2
23
200
12
8
5
17
1
4
1
25
1
1
5
2
2
1
1
2
1
647
7
6
2
10
5
15
1
4
2
1
5
9
5
1
1651
5
41
1
1
2
1
1
11
6
5
4
1
2
1
1
1
29
361
3
1
780
1
4390
1
4
1
29
10
221
1
175
1
3
3
444
17
1
1
12
3
13
9
2582
2
1
2
1
1
1147
1
2
1
1
1
1090
1
1
1
1
1
15
1
4
4
1484
2
1
2
2
1
3
3
1
1
15
1
4
1
2
1
1
1
40
22
1
65
1
2
4
3
29
1
36
17
3
1
1
472
44
52
1
2
1
1052
2
1
1
1
1
1
1
1
27
3
19
1
1
1
7
1
2
3
2
1
1
1124
3461
1
1
29
1
2
1
6
1
1
9
2
1
3
29
4
2
1
1
3
1
9
1
2
23
3
1376
1
1
1
2
1
19
1
1
1
10
2
2
1
2
3
1
135
1
1
2
2
1
31
1
9
2
1
36
1
3
1
1
1
34
139
1
2
1274
1
1
2
1
2
1
1
1
1
1
3
3
1
741
1
96
43
2
2
2
3
9
1
1
2
2
4
11
247
1
2
9
1
1
9
10
1
1
1
1
94
33
2
2
1
1
1
1
3330
155
2
35
1
5
1
1
6
168
1
3
2
608
4
34
1
4
1
3
2
1
1
1
4
1
635
1
1971
32
2
1
1
1
1
4
2
1
2
1
1
1
1
2
33
11
1
16
3
130
94
1
2
1
1
782
948
2
1
1
10
4205
1
266
2
18
2
1
1
1
9
1
1
1
12
3490
2
735
958
4
2
1
1
1
3
1
1
1
2
6
1
3525
2
4
10
2
1
1
3
1
1
55
30
5
25
1
25
65
2
10
1
4
4
5
8
9
228
1
3
2
6
646
1
1
1
10
1
1
1
1
891
2
2
3
10
4
7
1
1
15
4
2
8
1
71
1
2
1
450
1
60
1
1
1
2
1
4
40
3
12
52
2
1
10
12
1
3
1
8
1
1
6
130
2
14
5
148
2
8
1
6
24
15
2
1
12
18
37
2
1
1
1
1
1
1
9
2
8
1
3
1
2
2
1
2
1
3
65
1
2
1
1
6
28
4
1
1
2
5
1
5
1
1
6
2
165
1
1
3
1
63
31
3
1405
1
2
1
1
13
1
734
493
7
1
5
8
6
3
85
1
1
1
3
22
2
82
2
328
1
1
1
1
2
2
1
1
1
2
1
1
2
1
1
1
2
10
1
1
3
4045
2
16
70
1
1
5
2
1
1
63
3123
1
1
3
3
1
1
1
148
2
1
1
2
12
204
1
1
9
5
1
1
3
41
3968
2
1
527
14
4
317
1
1
1
1
2
1
1
1
1
1
6
3
2
1366
1
62
1
1
19
1
1046
1
3
3
2
1
616
1
1
317
6
5
2
1
4
1
4
23
38
1491
2
4586
3
4
1
1
5
2
1
5
3171
2
1
4
1
1
1
55
8
1
1
1
2
1
4
4
1
1
1
7
7
1
2
52
1341
4
5
157
1
1
1
1
1
1
1869
1
1
7
1
1
1
1
3
1
1
102
1
68
20
1
2
1
41
1
1
50
1
6
1
1
3
1
1
216
58
1190
16
1
7
5
1
5
4935
1
1
1
17
4
1
1
1
1
1
2
1
2
1
17
1
1
3
1
2
7
1
1
1
1
4
3204
31
3
3
1
18
23
1
646
2
10
1
1
1
478
1
1
11
4368
4
1
28
1
32
2
1
33
1157
5
1
2
2
1
1
1
1
3
1
3
2
1
6
1
354
3
4
4
1
1
3
65
1
1
6
668
1
9
1
1
8
1
1
2
14
1888
4
2
1
4
1
7
5
2
1
1
3599
