1
4
23
1
8
3
2
3
6
3
4
3
2
17
2
58
2
2
1
3
3
11
2
5
2
21
5
2
13
7
5
27
1
5
7
7
2
4
9
1
4
5
6
3
1
8
2
4
3
30
3
19
18
13
29
1
77
15
24
28
5
2
23
21
1
5
1
3
44
10
1
1
5
2
4
6
1
67
2
6
24
5
1
6
2
1
1
3
2
10
1
10
4
1
7
125
1
1
2
6
7
1
16
2
3
19
5
5
4
16
4
66
9
4
3
1
1
3
4
14
2
11
1
2
1
18
8
2
22
36
10
2
3
22
2
2
7
1
10
1
65
5
29
37
12
20
2
2
15
3
3
7
2
2
1
1
1
2
7
59
8
8
1
22
3
112
88
9
27
3
66
1
3
2
3
1
25
3
45
1
10
1
117
3
7
4
1
5
2
2
11
6
13
1
4
125
1
13
1
1
1
1
10
1
5
2
1
31
1
10
74
15
3
2
1
11
97
3
3
1
56
2
13
119
14
2
8
4
9
1
1
9
11
11
29
7
27
5
1
19
1
6
14
4
3
1
59
15
2
1
9
1
21
16
2
1
3
1
2
1
38
1
3
2
52
1
3
1
42
6
3
3
1
4
16
6
1
2
1
28
5
3
1
2
4
12
3
11
37
13
24
1
4
1
5
9
41
3
15
6
24
74
13
59
4
1
1
6
1
2
12
10
22
2
17
1
3
1
21
11
1
2
4
26
35
42
3
1
9
4
7
32
3
9
1
4
4
18
1
2
17
6
31
2
1
2
4
12
1
2
2
108
8
1
46
1
3
2
5
6
11
13
6
69
16
122
99
11
3
19
25
75
2
2
57
2
3
1
1
3
4
2
51
1
1
32
4
10
6
2
2
6
7
46
2
16
19
3
2
11
2
1
9
3
5
3
5
13
98
12
9
6
1
7
10
7
4
2
3
2
40
9
3
69
2
2
4
6
19
77
4
4
58
12
16
17
2
4
12
1
7
2
1
9
49
21
34
8
28
2
1
19
1
30
16
80
1
49
1
22
1
5
16
3
20
1
2
85
8
4
6
1
1
10
7
55
15
23
1
2
4
1
3
4
1
5
11
4
6
23
27
20
14
3
7
4
2
28
1
1
55
3
23
23
13
9
6
10
2
36
67
72
1
1
1
6
2
18
1
1
4
60
7
9
29
6
10
24
2
17
1
9
2
1
1
3
7
18
5
29
8
5
12
1
2
58
3
2
9
18
2
4
6
2
14
2
42
63
13
2
5
2
1
4
2
5
6
10
5
4
7
4
27
2
40
45
3
1
23
1
21
16
25
1
101
11
2
1
68
31
12
6
2
8
5
1
11
2
4
85
5
8
13
2
81
2
6
6
19
19
14
1
9
3
4
2
63
12
1
2
3
2
3
2
2
9
14
8
1
4
1
1
1
1
23
3
3
7
2
36
39
2
64
4
2
1
3
8
7
69
5
5
3
2
2
1
30
2
5
13
16
2
2
2
44
11
1
10
1
1
10
6
3
33
7
1
2
12
7
2
36
7
4
4
2
5
12
16
27
9
11
5
6
5
5
3
4
3
9
1
6
6
2
5
5
2
24
3
28
22
2
2
3
1
16
18
27
9
27
5
2
10
13
2
55
1
1
7
16
3
1
3
22
3
10
18
4
1
2
1
50
1
5
1
6
98
1
35
3
18
1
40
5
2
6
2
3
9
2
4
13
4
2
9
2
7
28
27
1
1
23
35
1
1
22
30
17
2
3
5
15
11
30
34
1
7
7
2
12
6
5
11
1
5
2
10
9
7
2
2
1
1
17
11
35
2
2
3
28
100
2
1
2
10
11
2
1
3
48
2
1
12
19
3
49
26
2
13
7
5
167
17
11
14
1
5
27
10
1
3
27
2
6
32
1
4
1
16
2
32
2
1
18
16
5
1
105
40
13
11
84
6
4
2
1
6
18
15
67
6
1
14
18
3
7
6
103
1
2
14
11
12
6
22
1
21
13
2
6
4
46
81
14
7
1
2
3
1
3
4
1
13
3
10
2
2
1
6
1
3
18
3
5
10
3
18
39
94
2
4
2
9
3
7
15
4
5
17
3
6
4
2
1
18
8
2
12
18
6
5
3
15
2
30
2
42
11
8
9
7
1
10
2
6
9
4
4
15
3
9
2
2
15
59
3
19
15
2
1
9
86
3
2
4
19
5
3
38
3
6
9
94
1
2
3
1
1
3
10
3
1
4
5
2
1
14
3
85
13
67
13
3
1
9
6
74
70
24
117
7
9
1
1
2
10
13
24
7
3
12
1
4
4
1
2
1
2
1
1
27
3
22
2
14
41
1
4
14
27
1
3
1
1
2
5
1
1
170
2
2
3
64
1
10
8
12
5
1
8
1
6
2
3
10
11
1
17
1
12
4
1
1
1
8
11
55
4
2
1
3
17
2
2
2
21
1
3
2
39
17
3
2
2
3
2
47
5
6
6
9
3
14
114
1
14
60
15
4
1
18
5
12
1
25
1
6
1
13
20
4
11
1
5
3
6
1
6
18
43
1
1
2
23
2
22
1
2
4
1
1
96
3
4
2
81
3
2
2
23
2
4
7
10
7
1
2
3
2
1
1
2
1
6
2
41
4
1
5
8
3
53
1
4
1
109
5
11
14
35
4
3
6
3
3
3
1
104
6
1
66
5
34
7
47
14
28
3
11
4
2
2
3
4
8
2
36
1
17
5
3
22
1
27
5
3
16
14
2
139
10
33
6
2
2
10
22
12
7
11
4
7
61
9
21
16
5
2
19
7
6
7
3
3
77
7
3
7
1
1
2
4
3
1
2
3
7
2
70
10
7
36
3
1
14
3
11
9
1
41
3
3
1
2
3
4
9
29
9
3
3
26
18
1
3
2
6
7
4
2
10
1
1
30
1
13
4
28
53
5
35
21
4
4
22
1
6
5
14
2
3
55
78
7
2
1
1
12
27
24
3
2
14
12
7
1
4
2
3
1
2
1
18
1
3
2
50
4
2
5
4
5
2
2
54
1
2
6
15
2
15
4
41
6
5
2
3
1
6
2
13
1
11
52
2
26
4
6
29
2
26
3
1
3
54
2
1
8
10
84
13
4
1
2
2
15
9
4
5
30
28
5
1
1
2
1
6
1
8
4
1
15
13
2
2
12
1
2
8
51
24
2
3
1
14
2
8
14
1
2
4
67
4
73
1
8
7
3
3
3
2
48
6
1
17
11
1
3
11
6
13
14
7
2
3
4
44
1
1
1
11
4
10
2
2
35
3
1
11
6
4
4
21
10
6
24
1
28
40
5
15
1
6
3
22
2
11
27
4
10
1
1
1
11
5
2
3
21
1
93
14
2
2
5
5
10
1
4
116
1
2
1
2
2
85
15
4
67
2
10
1
5
23
10
3
47
60
2
34
47
25
4
12
2
11
133
16
2
11
1
26
16
2
2
2
1
10
3
1
16
2
3
4
1
5
15
4
7
13
1
13
79
12
2
20
9
6
2
3
8
4
1
1
3
10
19
5
4
1
15
7
1
5
1
7
38
2
36
2
25
1
3
3
2
4
3
8
13
4
2
12
36
48
11
1
14
1
10
1
1
20
4
13
47
21
2
5
2
6
107
26
20
67
4
8
3
3
3
39
35
7
24
48
8
6
2
9
2
37
92
4
21
92
3
5
5
9
1
88
1
17
1
3
26
1
24
19
1
16
15
19
28
3
12
27
1
7
16
1
59
6
11
12
57
5
11
17
1
2
10
2
20
8
2
10
1
28
6
2
19
6
1
25
101
15
9
2
1
17
3
8
89
19
96
17
1
2
8
3
75
2
3
24
2
1
2
2
4
1
89
18
14
1
34
4
1
28
1
1
4
30
1
6
2
8
8
11
5
1
5
7
2
1
2
22
1
21
11
45
76
