4
24
35
4
5
23
7
4
22
2
1
8
14
20
2
1
54
1
39
1
1
1
4
12
15
2
1
5
1
26
12
120
9
3
6
23
1
1
32
5
1
1
1
27
1
34
2
48
4
3
2
2
1
9
18
2
12
7
3
2
3
5
2
14
4
2
3
14
12
2
2
23
8
38
44
2
53
8
1
3
6
2
158
5
5
2
4
17
15
3
2
89
1
3
85
128
37
1
2
3
37
1
59
19
6
3
1
5
2
63
17
2
17
2
2
3
9
1
20
7
2
12
41
1
2
4
10
1
2
1
83
1
124
1
8
4
1
1
2
2
4
66
6
7
20
12
2
2
1
20
2
8
2
3
1
7
1
8
32
2
2
10
83
1
2
4
27
2
1
3
8
2
11
2
18
1
40
1
44
15
42
1
1
4
32
1
1
11
14
7
48
1
3
27
35
2
2
3
8
2
64
4
44
3
27
1
21
2
3
4
15
1
30
4
1
32
1
2
10
1
4
2
2
21
52
4
1
1
1
97
24
66
1
3
1
3
1
44
12
2
10
1
2
4
1
1
7
4
1
1
14
1
5
21
24
4
36
4
1
2
1
34
1
2
3
1
59
47
22
6
3
1
53
31
12
25
2
3
6
176
3
4
1
1
3
1
1
2
1
2
6
23
38
2
1
2
11
1
8
1
20
1
31
46
3
5
17
12
3
10
7
28
3
2
3
5
27
13
2
1
7
12
2
5
1
5
18
2
80
2
7
10
2
1
18
6
3
1
35
1
1
2
1
16
33
70
6
77
2
4
4
14
13
7
1
2
2
6
2
94
19
52
4
1
6
11
5
11
17
1
4
2
20
5
1
2
7
23
1
30
4
13
3
6
3
42
3
7
4
3
2
3
8
23
2
34
11
1
1
12
14
30
11
12
2
3
7
2
1
71
1
1
17
38
10
34
13
1
9
2
22
31
3
1
11
15
7
1
4
1
1
18
33
1
8
3
1
38
35
1
25
15
22
1
70
1
1
117
9
46
40
3
3
9
3
3
10
3
1
2
6
4
9
2
4
3
8
1
2
1
1
14
3
13
3
1
5
4
8
12
1
2
12
54
2
12
2
8
2
1
14
2
1
3
6
4
1
8
47
5
1
29
14
2
7
6
43
8
53
31
2
75
1
1
12
118
24
1
3
56
21
7
26
3
23
1
37
33
3
2
3
5
5
18
15
1
10
2
5
32
1
13
20
3
2
8
4
60
104
2
12
11
16
2
11
2
5
22
15
1
16
27
10
7
1
2
28
2
6
1
92
1
1
3
4
2
34
12
5
1
8
5
2
1
25
2
5
2
2
2
3
13
2
1
33
31
4
2
5
14
8
7
46
3
3
1
24
6
2
5
3
2
1
2
5
3
3
21
9
13
15
8
4
2
1
1
1
2
1
39
21
31
1
14
70
2
18
9
1
1
1
5
3
6
1
1
23
2
54
8
1
19
2
48
1
1
1
146
18
1
59
2
5
1
8
2
2
4
2
2
29
3
14
25
4
1
1
106
2
1
4
4
52
40
4
27
1
1
2
3
2
2
1
2
2
10
2
2
46
3
3
4
1
18
40
1
22
2
1
1
1
5
1
3
4
1
87
3
20
12
2
46
19
74
9
5
5
3
2
3
13
2
38
42
15
2
11
33
21
7
4
11
75
3
6
1
10
1
15
5
3
33
2
30
1
14
27
45
6
3
4
2
2
11
7
3
5
6
15
1
2
2
2
2
15
3
66
1
5
3
6
1
50
12
5
2
4
19
2
31
5
2
8
12
15
1
3
8
11
91
1
14
13
2
7
3
34
2
69
13
3
69
5
13
14
5
30
19
1
3
3
1
2
56
2
1
7
1
93
2
11
1
3
20
1
31
2
12
1
22
2
23
8
3
22
2
1
3
13
1
5
2
2
9
22
31
36
71
12
6
2
16
36
2
7
3
1
3
1
13
2
4
22
2
8
44
1
21
1
19
11
9
5
3
12
1
1
4
1
1
34
5
28
6
31
5
51
19
17
10
38
3
4
12
2
3
3
3
3
6
3
6
2
23
34
2
8
5
7
3
34
1
13
8
11
3
1
1
2
16
49
2
10
5
2
6
2
3
9
2
17
12
8
13
2
1
2
28
5
18
131
1
6
3
10
33
29
2
67
44
2
1
91
5
4
3
5
2
1
26
3
4
16
7
1
2
17
3
1
1
2
2
5
1
9
3
26
13
9
2
48
2
2
5
5
12
1
6
4
1
1
2
14
1
16
2
39
67
24
5
1
4
7
1
4
11
31
1
14
11
11
4
16
3
6
4
3
15
1
21
1
18
1
56
27
1
69
5
2
13
60
11
33
11
2
1
6
23
2
6
8
1
3
4
3
3
96
44
2
3
5
29
1
23
2
90
3
2
12
22
1
1
7
2
1
4
1
23
4
2
7
9
1
3
2
3
1
4
9
6
2
5
11
1
2
2
2
5
7
1
7
6
31
7
9
36
1
2
1
17
1
22
1
6
1
1
34
1
33
28
1
2
20
4
16
12
5
2
3
1
1
3
3
2
1
3
70
8
1
5
1
12
50
4
9
8
7
57
2
40
15
6
5
8
6
3
5
20
2
23
9
18
14
1
24
3
1
1
1
6
47
4
3
13
12
3
1
3
3
2
16
34
39
1
10
20
3
41
9
125
4
2
1
3
1
1
2
63
5
187
152
2
2
39
4
24
35
4
4
22
3
51
7
153
12
11
23
2
1
40
1
11
6
3
2
20
7
19
7
77
2
17
10
2
51
13
3
4
1
1
4
9
1
25
2
2
5
30
29
3
2
16
3
31
1
2
12
1
1
4
2
4
26
5
2
37
2
1
1
7
1
13
7
5
19
6
28
27
9
19
25
2
2
43
2
1
4
17
9
1
10
12
18
39
22
23
10
1
2
25
1
1
2
2
3
2
1
3
1
5
8
1
1
2
2
53
1
7
5
1
4
23
5
18
2
1
17
2
1
3
4
6
2
7
9
25
95
9
3
3
16
32
1
8
19
17
40
5
26
33
2
25
1
9
2
9
1
10
44
1
7
2
20
164
51
1
37
2
1
13
2
12
10
3
21
7
4
112
1
23
23
10
8
1
16
5
44
27
1
1
1
1
17
6
7
3
4
1
3
16
4
3
1
28
9
23
19
9
11
24
2
6
5
1
37
9
8
5
2
2
7
2
62
12
9
2
6
7
7
1
2
3
1
2
23
17
11
11
1
2
4
2
1
13
8
2
4
4
21
3
1
6
3
1
4
2
35
3
3
1
3
2
3
15
13
6
2
1
5
21
2
16
6
31
3
9
14
2
22
9
10
2
75
14
23
6
4
3
1
13
1
16
3
1
5
2
1
12
2
2
13
3
25
13
6
1
4
6
5
38
1
27
2
2
1
17
1
1
122
2
14
2
9
5
6
9
2
14
18
7
4
5
49
1
16
3
2
11
1
1
1
2
9
1
1
44
2
7
2
14
12
1
10
27
65
5
13
3
7
1
1
3
2
3
1
47
2
79
9
10
2
26
31
2
3
39
103
2
2
24
2
24
92
1
46
6
1
11
24
2
1
10
2
5
1
4
8
14
30
13
1
1
1
30
26
3
2
4
20
2
9
2
2
30
20
18
27
14
1
10
10
11
1
2
11
16
33
15
4
4
1
174
1
2
9
2
4
3
15
92
3
8
31
4
48
5
2
15
17
1
38
1
8
129
5
7
5
9
10
7
2
5
1
92
2
18
71
14
42
124
1
1
12
4
14
27
1
13
5
1
5
1
1
6
11
2
7
1
1
4
18
3
49
41
10
144
4
1
3
10
3
2
2
5
5
1
86
4
1
3
4
10
2
2
4
16
2
