1
3
1
10
42
108
4
24
2
17
6
25
13
3
26
2
1
2
5
3
13
2
3
1
1
5
44
7
87
17
28
21
3
41
28
90
31
3
2
52
8
47
28
7
15
12
7
8
7
9
3
2
2
1
8
2
11
205
1
69
5
7
2
9
23
171
10
3
13
10
26
16
8
2
6
3
5
40
1
5
8
7
1
19
2
29
1
3
1
27
3
28
16
8
12
46
20
25
45
1
8
33
21
3
2
16
2
15
9
8
31
2
5
22
20
2
1
2
1
1
1
25
6
127
9
28
12
5
2
36
20
2
5
72
10
49
35
185
28
44
9
33
14
36
1
43
3
34
5
3
1
13
31
7
1
22
34
27
5
1
1
10
21
2
11
28
3
3
11
38
11
37
31
3
4
19
1
44
130
4
3
18
1
37
2
2
16
23
5
10
34
15
2
1
9
1
1
3
51
3
3
1
49
22
67
2
2
13
5
14
24
1
21
2
3
1
45
4
113
1
9
1
1
4
4
40
57
2
14
1
1
21
1
15
15
17
10
1
24
127
107
2
2
4
1
5
1
2
46
3
5
1
14
8
18
106
16
11
36
5
3
34
34
13
2
37
7
6
12
38
6
116
2
36
25
1
1
19
2
1
9
3
19
85
17
48
8
7
1
1
30
2
2
1
9
26
34
32
4
2
20
4
69
9
2
14
3
88
22
4
5
7
2
129
4
1
7
34
21
1
1
4
12
11
17
15
8
2
37
11
2
28
8
3
1
6
20
1
17
8
4
14
19
7
18
68
20
10
29
3
2
16
12
1
25
4
3
43
21
2
18
36
2
7
2
2
5
57
145
5
1
16
50
26
3
5
2
4
3
3
5
3
10
54
5
13
2
21
2
2
2
2
14
2
11
10
11
1
35
3
2
2
56
7
2
38
20
77
19
1
10
4
2
3
10
9
3
1
4
37
2
3
1
2
4
13
13
1
11
19
57
85
26
2
1
17
22
3
2
70
3
3
17
8
1
1
2
5
10
113
157
6
1
21
25
1
1
3
6
27
22
51
7
30
15
1
1
3
3
25
3
38
3
14
1
2
47
8
4
3
4
14
1
43
144
14
2
7
111
6
2
8
22
12
2
20
8
7
3
53
1
19
6
2
15
29
1
87
2
13
42
2
1
8
2
16
20
1
9
1
4
73
63
5
1
5
7
11
3
4
4
21
14
37
5
27
2
2
19
6
6
7
9
10
64
7
2
1
1
1
3
1
89
35
13
20
5
6
15
12
2
3
10
19
47
3
21
68
14
7
2
28
7
35
4
1
6
35
24
2
3
21
15
2
70
45
16
3
10
2
1
1
24
2
132
41
1
2
1
19
5
15
3
13
105
1
6
25
14
5
32
2
9
18
2
5
3
18
9
22
31
1
4
9
13
31
2
4
3
56
6
3
9
3
104
3
10
55
3
5
84
6
6
21
39
16
12
30
8
9
44
1
2
26
10
1
10
2
4
24
40
8
3
1
22
63
29
29
7
1
1
54
4
1
2
29
1
14
4
1
2
2
2
15
23
13
1
12
124
30
3
1
38
14
60
3
131
7
1
2
9
17
17
4
2
4
1
19
1
3
1
7
17
118
2
2
7
1
5
1
4
60
10
3
2
30
2
18
4
32
22
26
23
2
15
4
10
2
8
2
18
27
100
1
5
3
4
1
14
39
1
2
35
33
19
4
48
1
1
2
3
20
36
1
2
10
27
30
2
8
51
23
9
6
2
5
2
18
3
1
1
8
10
2
2
93
17
4
3
2
18
19
2
2
4
15
3
8
35
8
53
3
10
6
1
29
6
24
2
4
2
5
1
21
30
46
40
17
4
7
6
7
155
6
2
9
11
3
3
125
17
55
9
2
9
8
143
1
29
14
3
1
3
6
10
4
13
1
11
3
1
2
1
43
1
3
21
24
1
1
50
2
53
52
1
1
4
36
7
5
12
1
15
28
78
18
7
18
13
1
35
2
13
2
25
8
20
46
9
2
1
1
17
6
2
3
1
7
5
2
16
103
1
32
36
25
8
6
10
12
9
1
16
25
3
64
4
2
3
3
8
1
14
36
4
3
2
23
4
5
1
16
1
2
1
55
20
2
27
3
5
5
7
3
6
18
6
151
2
1
35
9
2
12
20
6
5
27
3
2
68
2
2
3
16
52
1
4
2
123
17
1
24
3
4
26
2
2
38
2
21
3
2
11
2
19
2
41
30
114
2
14
33
5
48
22
3
46
41
2
49
11
19
18
20
20
10
34
3
3
4
17
1
77
19
6
46
2
2
88
12
152
7
3
1
18
14
1
2
2
31
3
9
2
1
23
20
38
1
1
3
1
20
7
3
7
5
5
9
2
2
13
6
18
2
1
3
2
16
2
17
82
6
17
2
3
1
2
10
5
33
2
24
19
36
21
4
6
17
7
66
2
2
50
2
33
16
1
7
2
26
21
5
64
4
1
2
1
8
7
15
28
5
6
1
3
2
11
24
13
34
8
2
1
6
2
4
73
8
54
40
12
2
1
32
6
37
61
20
3
18
34
3
13
2
3
13
141
61
78
11
4
7
68
5
4
16
8
1
3
1
2
11
11
22
2
18
17
1
11
34
1
23
19
23
21
42
7
20
1
1
6
39
2
6
6
34
4
9
1
4
2
4
1
2
51
7
8
36
1
1
38
88
1
31
15
7
7
38
29
22
7
14
2
2
3
49
16
32
1
85
6
24
15
2
1
6
5
31
15
3
2
26
5
57
10
2
1
34
3
4
63
27
9
3
11
5
7
3
8
36
6
41
1
13
2
1
2
173
4
30
45
3
11
18
22
13
7
4
1
4
22
12
35
3
24
11
2
115
5
10
7
5
10
38
1
1
80
41
41
18
22
15
13
14
1
6
2
3
2
9
35
30
5
103
1
7
10
10
3
1
1
53
10
1
157
40
31
15
35
12
5
40
8
30
46
7
20
5
1
1
5
29
21
2
5
42
30
50
2
137
4
4
6
1
33
3
4
9
6
13
36
7
1
1
33
9
6
7
4
2
1
4
1
2
73
1
1
35
6
1
1
7
26
2
23
13
3
41
18
1
3
32
10
12
111
68
12
1
6
5
23
2
20
132
2
28
11
5
1
11
5
2
14
3
3
3
34
37
5
2
34
3
16
97
2
16
11
7
26
62
50
32
18
1
5
2
8
6
14
1
2
1
1
3
6
7
31
2
3
66
4
1
7
9
13
37
7
6
4
1
35
17
1
2
10
1
3
114
14
18
1
1
55
41
95
169
2
132
10
27
2
2
1
122
1
4
2
5
3
8
2
2
6
8
14
2
9
21
10
6
6
61
25
58
2
59
9
20
4
3
1
34
8
49
132
4
2
31
1
22
35
45
8
5
36
3
3
13
32
12
23
9
25
99
7
1
1
5
11
100
3
6
33
3
4
3
4
2
11
3
3
9
24
49
1
15
10
40
141
4
1
4
5
17
14
20
4
8
10
10
65
17
8
14
11
5
3
22
1
26
2
1
9
7
29
21
7
11
2
1
9
18
26
2
11
2
13
2
25
3
62
50
125
1
12
1
3
5
27
18
1
23
1
1
23
1
3
15
2
22
14
16
30
14
30
5
2
134
2
1
1
86
7
27
8
4
107
13
3
5
2
2
8
3
2
1
1
23
14
17
18
15
43
16
27
12
81
111
13
23
5
23
11
2
3
31
3
1
1
2
4
21
98
1
2
33
48
12
1
1
3
30
5
3
11
12
1
28
1
20
9
3
7
49
9
1
2
15
7
1
100
9
30
2
9
7
5
11
83
1
13
1
5
2
5
2
10
8
22
2
17
4
1
3
8
3
1
11
13
36
1
18
36
34
4
2
21
3
1
12
76
1
4
8
2
2
10
16
4
4
4
50
5
1
1
3
46
2
3
3
13
3
1
4
6
2
2
2
12
5
16
11
2
2
2
19
4
7
2
6
43
3
2
5
68
38
1
1
57
6
8
1
7
4
26
10
106
5
5
112
12
1
1
1
2
7
42
1
6
22
15
2
107
106
12
6
1
25
1
3
2
2
79
56
3
12
37
21
13
2
7
23
1
1
46
1
2
31
2
15
4
1
1
2
3
1
8
24
19
77
2
8
2
70
65
5
35
34
1
2
5
1
1
106
24
55
14
39
1
31
3
7
1
2
12
41
4
2
86
1
2
8
5
6
1
4
22
17
12
32
4
4
8
1
2
17
2
3
2
9
2
5
1
2
8
1
9
90
1
11
2
1
3
1
3
13
1
3
35
7
1
15
98
32
25
3
30
13
2
9
2
4
11
6
2
2
35
2
2
20
23
33
2
8
74
18
6
2
145
30
133
1
4
2
2
40
26
9
55
77
3
7
1
3
2
12
17
6
13
11
30
3
1
27
50
12
3
2
5
1
17
2
12
7
1
30
157
2
16
2
1
9
42
6
4
1
9
11
30
44
161
196
29
3
46
3
9
44
10
2
3
13
10
9
2
25
19
27
36
21
8
1
4
18
23
3
3
9
84
3
1
35
67
1
7
2
2
16
8
4
17
4
2
159
4
5
1
188
2
2
32
37
14
85
48
14
20
25
12
19
11
2
5
4
11
19
7
43
2
31
60
65
13
41
6
39
26
6
27
39
4
4
5
11
5
11
11
2
1
2
2
5
1
1
57
6
16
1
11
4
17
24
4
8
10
9
6
28
1
19
4
2
3
22
24
4
2
8
1
12
8
59
3
4
11
9
4
15
5
1
117
7
1
3
13
18
38
42
1
3
23
4
14
1
9
3
1
13
52
1
22
10
22
9
7
49
2
2
34
2
52
8
4
5
2
9
1
10
2
2
6
5
37
5
20
10
9
9
1
2
50
8
3
1
52
17
12
7
9
41
9
9
10
1
1
1
3
39
32
39
10
18
5
18
1
2
5
1
137
1
87
13
36
2
1
7
2
31
9
16
2
2
1
5
31
159
22
5
29
1
2
10
25
1
5
2
48
1
3
1
4
2
140
17
7
5
27
17
6
2
24
1
3
8
9
4
17
6
5
2
9
4
7
2
10
45
4
68
1
39
9
10
26
2
1
4
85
2
26
2
128
5
11
49
1
20
2
2
6
11
4
1
2
40
13
34
36
8
3
1
88
89
17
26
1
1
4
93
3
3
1
3
1
6
11
6
4
22
10
1
16
9
80
19
9
10
64
42
3
137
1
8
8
4
1
15
3
6
1
3
50
1
2
8
4
3
11
6
29
3
43
1
67
1
16
17
74
14
87
37
2
2
2
3
17
47
3
1
2
33
122
1
8
3
36
5
16
4
181
27
5
2
2
5
16
2
51
1
1
1
1
2
19
23
