7
4
1
3
9
18
3
2
3
2
1
4
5
4
1
1
3
18
2
13
30
8
6
2
2
1
15
4
3
2
1
2
7
1
8
1
21
1
1
3
1
1
7
1
20
1
1
3
1
1
6
1
6
12
5
2
3
19
1
1
13
9
43
18
7
2
3
67
2
1
14
2
1
1
2
1
1
3
1
10
3
1
1
23
3
2
2
23
2
2
1
1
6
3
5
3
1
7
1
1
1
2
2
2
6
21
7
6
7
18
1
3
7
6
3
8
10
11
2
4
1
1
1
3
4
1
6
2
10
11
2
4
5
1
1
3
6
11
1
29
4
31
2
17
13
2
11
3
2
8
10
12
2
3
1
4
2
11
2
9
9
14
8
1
4
3
3
32
1
1
5
9
16
1
6
4
1
2
1
9
4
6
2
56
2
45
1
1
3
2
31
9
4
7
5
15
8
17
16
2
8
2
5
4
9
1
17
3
7
8
1
2
1
15
1
11
4
2
1
1
1
37
1
1
12
1
6
12
2
4
1
6
1
3
2
1
2
3
2
3
10
6
1
4
1
2
1
4
2
2
18
3
33
1
20
3
3
1
2
7
2
1
8
2
7
4
3
22
2
1
7
2
2
4
13
28
19
2
1
4
2
1
8
1
2
5
1
1
10
2
7
2
2
16
2
19
2
7
2
1
1
7
3
12
4
8
11
2
8
73
19
8
1
2
6
29
1
8
1
1
47
1
11
1
6
6
6
4
64
9
1
1
3
17
7
14
3
8
2
2
2
1
1
1
10
11
1
2
1
24
2
9
1
3
7
1
7
9
8
9
14
2
2
1
1
1
53
29
1
7
5
3
1
2
2
5
3
9
11
3
4
15
11
1
3
2
1
2
1
4
2
4
3
1
22
1
1
1
10
2
19
4
4
4
20
2
2
3
1
10
2
4
5
8
1
31
2
2
4
4
1
6
6
14
5
2
1
1
6
3
1
1
10
1
1
2
2
13
15
7
2
5
2
3
1
3
8
2
1
8
3
6
6
2
3
3
5
4
1
9
2
9
9
1
8
2
5
13
4
1
2
1
3
4
1
3
13
3
1
1
2
1
5
8
8
6
2
17
1
3
3
1
1
2
1
1
4
4
17
33
1
31
1
1
2
13
12
5
3
4
10
1
2
7
2
1
1
6
7
19
1
41
1
2
10
1
2
5
1
2
4
1
2
22
1
17
1
8
10
2
10
8
7
3
6
52
9
6
17
2
3
3
1
2
8
22
2
1
1
1
6
4
5
1
9
2
3
2
8
1
4
2
9
1
13
1
2
1
5
30
23
1
48
1
2
3
1
2
1
1
2
1
5
8
7
11
1
1
7
1
4
8
4
1
1
1
7
5
19
2
1
2
2
5
1
2
6
10
1
1
2
18
1
7
9
11
2
1
7
9
18
4
1
2
1
2
3
24
5
3
1
1
18
2
12
1
13
10
4
1
9
13
1
1
1
2
1
1
1
4
8
16
7
3
2
5
3
1
3
4
11
22
1
9
1
1
4
1
14
3
2
13
2
1
2
1
7
2
1
5
3
2
5
4
2
10
1
12
2
1
3
17
17
4
1
1
4
2
3
1
7
1
15
4
2
8
2
13
7
9
1
3
10
1
2
2
10
4
3
17
7
3
11
9
9
1
3
7
4
1
4
2
12
25
3
3
13
4
19
4
3
1
1
25
1
1
2
4
2
11
2
8
1
2
7
2
2
1
17
1
21
6
3
1
2
14
9
1
1
5
5
3
2
2
15
4
3
2
18
1
1
2
3
1
2
1
2
3
1
3
2
6
2
2
4
11
1
3
2
1
1
14
15
3
3
1
3
2
1
15
3
2
2
3
1
3
6
1
1
9
2
10
2
2
4
21
67
1
8
1
5
3
3
5
1
7
1
30
1
1
30
6
2
1
2
2
14
2
2
11
17
2
6
5
3
1
7
1
1
1
1
8
2
16
2
29
5
1
1
26
3
1
1
1
42
2
2
1
4
1
2
21
20
6
5
3
2
3
4
1
1
6
1
1
7
1
34
3
1
33
2
4
1
7
21
13
33
4
1
3
1
26
3
1
1
29
1
1
28
1
4
4
8
35
8
3
7
15
32
1
8
6
1
18
15
14
1
1
1
1
8
3
1
39
7
20
1
7
1
16
8
1
5
12
7
1
1
7
3
12
13
1
1
9
8
2
24
8
14
1
6
6
7
4
1
1
7
40
1
8
3
2
15
14
3
3
1
12
1
1
1
6
26
16
6
3
1
5
1
3
5
1
2
2
4
7
4
2
1
1
13
2
15
10
2
12
3
17
1
1
7
5
16
16
9
1
6
1
1
1
1
2
5
36
10
2
4
2
7
1
31
2
1
2
1
3
1
3
6
21
4
9
4
2
4
7
1
1
2
13
25
13
16
21
2
4
3
6
2
6
3
12
2
2
15
1
16
17
10
3
13
1
3
1
3
2
1
6
26
1
5
1
1
2
1
1
8
10
1
3
10
1
6
2
4
21
9
9
2
1
3
23
3
3
1
3
4
1
1
1
2
4
13
5
2
7
1
1
17
13
4
4
1
2
2
2
1
27
10
8
2
1
3
9
10
1
1
25
14
2
1
1
1
4
6
1
6
4
3
2
10
1
2
3
1
1
43
8
2
3
2
6
3
31
3
11
2
6
30
4
1
26
10
2
3
3
8
20
9
1
2
2
2
27
3
10
1
3
14
1
5
4
1
2
3
1
3
16
2
1
3
8
10
12
2
4
3
3
5
2
2
11
13
15
5
1
2
4
6
5
4
4
3
18
2
6
1
15
14
3
9
3
4
2
21
1
2
6
1
19
12
2
6
1
6
1
1
1
1
1
3
24
1
22
3
4
2
7
2
2
4
1
5
4
1
1
5
1
1
16
2
2
3
4
7
4
42
4
13
1
7
1
1
2
11
7
14
11
4
4
4
2
8
3
1
1
1
4
6
1
3
2
2
1
1
3
2
45
4
7
1
1
2
1
15
2
5
15
2
3
21
9
52
4
1
2
8
25
6
17
14
12
1
6
6
15
1
2
1
6
4
6
1
2
32
1
13
1
3
1
21
9
13
1
3
2
2
7
5
1
1
2
8
1
14
22
5
15
1
5
8
1
20
9
21
1
6
1
34
5
9
1
2
1
1
2
26
8
3
2
2
15
43
1
16
4
11
1
4
2
5
3
1
2
22
22
7
1
46
3
18
1
2
17
2
2
4
1
8
1
6
2
17
1
1
4
2
1
5
14
4
3
4
3
1
1
3
25
2
6
2
2
7
8
11
9
5
1
1
1
8
2
2
7
17
4
2
2
8
5
5
9
4
1
4
1
12
2
2
17
4
1
1
12
12
1
1
1
3
6
18
1
2
7
1
5
29
6
3
6
1
4
5
5
2
1
2
18
5
4
1
1
6
11
12
3
4
2
2
1
1
12
2
2
21
9
33
1
6
6
2
10
3
2
1
13
3
1
3
4
7
3
14
3
1
16
5
10
2
4
1
2
2
2
1
2
1
10
3
1
1
1
2
2
1
29
1
13
25
1
9
1
11
1
3
24
3
2
1
3
1
1
4
3
5
2
1
11
3
1
19
4
10
8
11
11
1
16
12
7
7
6
13
25
12
5
7
8
9
1
1
6
12
11
23
2
28
26
40
8
5
20
1
3
1
2
5
10
1
3
8
2
3
1
1
2
5
1
1
9
2
3
1
11
1
1
1
9
1
2
2
4
3
32
1
1
10
10
18
1
9
3
8
39
9
7
7
15
12
21
4
1
2
52
36
25
2
4
1
2
1
2
2
2
2
47
1
15
1
1
4
1
6
37
2
3
4
4
1
2
11
1
1
5
10
3
1
1
1
14
1
7
1
5
6
1
2
3
1
1
1
30
2
1
60
5
2
9
1
1
1
1
11
2
2
2
1
1
6
2
8
10
8
2
1
17
1
2
3
2
4
2
5
5
7
1
2
4
55
2
2
2
14
6
5
1
2
1
2
2
5
2
2
2
3
18
2
1
2
2
21
3
8
3
6
27
6
2
2
1
6
1
10
3
2
56
13
1
1
2
3
1
3
2
17
1
2
4
8
13
2
1
2
15
1
4
17
27
1
2
7
5
2
1
1
5
1
43
1
2
18
2
3
2
1
2
3
7
2
2
2
1
8
2
1
1
4
8
3
2
1
8
2
6
31
2
1
2
13
24
14
5
2
4
1
7
1
2
3
2
10
7
1
1
14
1
12
1
1
20
1
2
2
1
1
5
8
17
14
1
1
3
1
1
1
2
19
1
1
2
19
2
1
7
7
12
2
1
16
45
2
4
5
16
2
5
2
10
4
2
1
2
21
2
3
1
2
62
1
2
3
2
2
1
2
3
1
8
5
30
12
21
2
1
2
5
2
1
20
1
1
4
6
1
5
35
1
2
3
3
11
5
3
49
7
2
19
1
4
1
1
19
4
5
7
11
16
2
1
6
2
4
14
3
7
2
5
1
1
1
1
1
7
4
4
10
14
15
1
1
1
1
1
1
12
2
1
1
2
4
3
1
32
8
11
27
1
1
4
3
1
9
8
1
1
1
3
4
64
5
2
5
2
22
9
4
29
1
3
1
10
2
2
8
1
1
1
1
1
1
1
5
5
2
1
2
14
1
25
2
4
1
10
12
2
2
8
11
2
23
1
7
16
2
2
2
1
20
1
11
6
1
2
1
15
1
4
33
5
1
4
14
1
1
1
3
4
16
2
20
3
27
2
2
1
2
6
11
1
2
1
1
1
3
5
13
1
6
2
1
4
9
3
1
1
1
4
1
35
23
2
40
3
16
76
8
10
5
6
1
1
1
1
6
5
1
2
5
1
3
3
2
54
2
4
1
30
2
1
4
4
1
5
2
2
2
1
3
2
13
1
3
4
6
1
7
30
10
2
6
2
4
1
1
5
5
1
2
2
11
1
13
4
3
2
9
1
9
1
3
17
8
3
7
1
1
12
22
1
3
1
4
3
5
1
3
3
2
1
1
1
1
3
2
3
2
1
4
2
8
38
7
2
12
5
2
19
1
4
1
1
1
1
2
1
10
5
7
3
15
11
8
5
4
3
1
5
1
2
7
13
13
1
1
9
1
2
1
7
3
8
9
1
2
2
7
2
4
1
1
2
1
5
3
7
2
1
33
1
1
4
2
7
15
1
3
18
1
1
27
3
10
9
13
1
2
4
1
2
10
9
15
1
1
3
2
20
2
4
3
18
2
1
1
1
2
13
2
9
2
3
2
7
19
9
2
21
5
1
17
1
7
12
26
1
1
2
5
2
17
9
3
1
11
10
1
2
1
1
6
1
1
4
14
29
5
13
1
5
2
1
1
1
4
8
14
2
1
1
3
11
6
1
20
5
1
5
2
3
1
8
5
1
2
6
1
34
10
5
5
17
1
11
1
1
6
1
17
1
2
4
11
1
1
2
1
1
7
2
26
3
2
7
2
2
6
10
1
4
4
5
2
3
2
3
1
35
5
6
1
11
34
1
1
18
22
17
33
5
3
1
1
1
2
13
7
1
1
1
5
1
9
1
17
5
8
27
1
1
1
24
3
17
2
8
10
7
9
4
23
3
28
1
13
1
1
1
3
13
1
5
27
3
3
2
6
2
1
4
10
2
1
6
3
2
26
20
2
9
5
1
1
3
6
1
10
1
1
2
3
2
14
4
1
3
32
9
6
31
2
2
2
5
1
3
1
2
1
5
4
1
5
1
1
1
2
1
3
6
1
1
6
1
4
1
11
1
27
13
14
6
5
4
1
2
2
1
2
1
1
6
19
1
2
27
24
1
9
1
16
1
1
3
20
6
8
5
1
1
2
58
1
11
20
1
11
1
7
1
4
15
20
2
9
5
37
39
1
9
2
1
2
19
1
40
1
4
1
2
5
1
11
4
3
2
2
2
3
3
1
3
1
1
1
3
2
1
1
3
17
40
16
28
6
7
9
5
6
4
1
1
1
5
1
1
2
37
1
3
1
1
1
1
10
4
4
3
1
1
17
1
2
1
6
10
6
2
2
12
1
1
37
5
5
1
46
1
64
1
4
2
17
9
1
11
5
2
2
12
3
16
4
2
1
2
4
1
5
19
7
4
2
14
4
2
1
3
24
19
1
1
3
3
2
1
11
52
5
2
3
7
3
1
1
13
3
10
2
9
1
5
2
1
3
1
1
12
2
3
1
4
7
