2
10
14
117
2
17
5
13
2
1
142
26
2
1
5
5
6
3
8
2
6
1
1
13
3
2
3
2
2
7
107
2
10
1
69
11
1
7
5
4
1
11
14
4
72
3
23
1
13
3
2
4
53
30
5
2
1
2
2
3
1
3
2
34
14
1
3
2
5
3
2
24
1
2
2
4
2
101
1
14
10
139
2
3
26
3
2
4
3
2
37
7
9
3
14
38
8
6
3
13
2
1
1
3
2
40
2
12
11
9
12
11
2
5
18
1
2
16
4
5
8
23
25
1
3
11
6
1
38
13
3
4
130
122
2
8
4
38
5
12
23
63
3
4
6
17
24
50
2
7
3
2
16
2
14
1
14
1
9
3
40
1
15
6
15
7
5
1
5
1
2
4
11
6
14
3
112
1
8
2
23
29
2
2
3
27
1
23
65
20
12
5
1
4
23
2
5
5
16
38
10
4
61
58
1
4
91
8
2
2
1
2
5
1
65
8
3
10
11
7
18
1
27
3
12
19
11
3
18
2
3
5
2
18
10
2
4
3
16
16
107
3
2
6
21
1
1
34
49
6
1
5
3
1
5
31
22
23
2
30
100
28
40
4
24
5
9
2
27
19
7
1
164
2
2
78
73
14
12
16
2
3
51
11
2
12
13
12
9
1
6
8
10
10
35
2
1
7
2
32
2
23
17
31
3
4
9
26
1
2
23
4
1
6
85
4
2
1
4
5
2
1
5
5
4
2
1
4
1
127
17
4
15
5
2
11
4
33
16
1
5
2
16
43
14
58
4
8
1
2
7
1
1
17
27
114
24
32
9
3
1
2
3
22
46
24
6
5
4
1
2
7
2
2
6
1
1
26
2
7
2
7
62
1
10
2
2
3
3
4
22
48
17
6
49
3
14
56
3
327
7
4
34
1
57
16
7
5
2
4
2
14
5
3
10
7
5
60
3
1
4
54
2
5
35
22
7
2
7
8
2
9
2
11
13
14
7
12
49
2
14
61
4
4
94
5
13
3
4
3
110
4
2
102
1
1
107
33
3
3
29
3
46
1
10
79
11
6
12
6
8
9
6
2
4
2
2
13
22
13
1
2
7
24
36
4
1
5
6
33
7
36
94
309
3
2
9
35
5
5
6
1
2
21
5
12
4
1
3
5
20
3
1
1
2
2
1
2
3
59
6
6
5
10
2
15
8
44
5
10
6
6
64
3
2
8
2
11
1
7
2
1
10
83
1
1
8
11
6
14
4
32
1
4
5
41
20
9
2
2
39
6
10
12
1
66
6
4
1
20
47
53
3
1
25
2
44
4
12
2
2
66
2
4
1
2
2
31
4
4
2
8
15
22
70
13
147
25
29
2
27
2
2
15
3
1
14
4
11
6
5
15
37
10
3
2
3
6
4
11
2
18
37
18
3
31
7
16
4
74
12
10
2
24
13
2
37
7
2
1
8
1
16
1
32
14
2
2
1
8
22
2
11
2
6
23
8
2
4
5
2
1
1
2
23
20
8
2
44
1
2
2
3
1
4
2
2
2
10
2
4
114
2
13
2
6
10
19
1
2
59
95
2
3
2
2
4
43
3
3
2
4
2
2
6
2
8
20
29
1
3
3
74
3
8
8
97
23
60
5
1
1
14
3
2
5
2
2
20
7
2
5
1
15
2
1
9
6
4
12
41
4
40
10
1
7
17
1
2
10
25
11
3
88
10
17
3
8
10
2
3
4
12
3
21
43
60
6
1
2
3
19
6
2
3
14
29
32
3
5
7
18
11
2
4
30
28
9
4
289
57
7
52
34
26
34
3
43
3
13
7
4
3
3
4
3
6
2
3
26
5
9
2
5
2
2
45
22
4
3
6
3
1
1
2
10
17
1
1
1
3
1
4
1
1
14
6
10
62
3
268
1
1
5
1
3
2
5
1
