3
1
2
1
3
1
3
2
2
1
1
4
3
2
3
10
2
14
2
4
5
3
3
2
2
1
2
1
1
4
1
5
4
2
2
1
2
8
1
1
3
5
16
15
2
2
2
40
6
15
1
4
13
1
2
3
6
1
2
5
1
3
2
3
1
3
1
3
1
11
4
1
1
5
2
1
6
2
3
1
15
3
1
2
12
3
7
2
2
1
14
1
1
10
1
3
1
3
1
16
1
4
6
1
5
1
3
1
6
4
10
6
5
6
3
2
5
1
6
3
11
2
22
2
3
1
5
1
22
3
1
6
1
1
7
8
1
8
6
2
5
4
3
8
3
1
1
2
1
10
1
1
1
2
1
1
1
2
1
6
2
1
1
1
5
2
1
5
1
1
2
1
1
2
1
2
2
4
1
8
2
1
1
8
1
1
12
1
3
1
1
1
33
4
1
1
10
2
1
1
3
1
1
13
4
3
2
3
11
1
1
25
2
1
10
2
3
1
9
12
15
1
1
4
1
1
1
2
1
9
3
5
3
2
2
1
2
1
3
1
1
1
3
1
1
3
4
4
5
1
3
1
3
4
17
3
3
8
1
1
7
10
3
24
1
2
1
3
6
2
2
2
4
2
1
4
2
1
2
6
1
15
2
2
2
1
1
7
1
2
4
2
1
7
1
2
1
1
2
2
1
4
6
2
5
2
1
5
8
9
10
2
1
1
10
3
1
2
1
1
2
5
2
3
1
2
3
2
1
3
3
3
3
3
8
1
2
5
1
1
1
3
1
7
1
2
3
4
3
1
5
4
2
1
4
4
2
2
4
12
2
1
1
4
1
1
9
8
4
2
10
1
8
3
2
3
1
2
1
2
3
2
2
3
