22
1
4
3
1
5
13
6
3
15
8
4
30
4
4
24
10
20
8
2
1
1
2
1
3
2
9
18
15
46
1
3
2
9
3
1
2
5
1
2
37
55
5
1
6
84
3
1
2
1
1
41
7
1
2
2
4
88
13
1
2
8
12
2
4
2
1
12
9
4
3
29
1
3
2
6
20
24
4
22
48
1
67
9
16
1
57
124
2
5
4
5
2
2
4
1
4
24
151
8
13
109
11
1
6
1
1
3
50
1
13
30
1
1
7
2
4
2
11
15
1
4
13
2
2
1
2
1
12
29
37
7
43
2
4
11
33
3
18
120
2
4
1
21
16
17
1
5
1
8
25
1
92
48
25
6
29
9
1
7
9
19
17
7
9
7
6
5
1
6
26
1
4
3
11
2
61
2
6
10
4
25
2
60
15
74
3
12
1
2
156
62
7
14
16
1
2
1
5
4
1
3
2
36
20
1
52
1
7
1
53
23
23
2
3
21
45
13
5
2
3
4
9
15
16
9
5
11
1
25
6
11
8
4
1
5
2
2
23
1
4
3
22
6
3
3
4
1
16
31
1
2
3
172
1
1
62
2
13
3
3
2
2
31
55
26
1
29
7
2
7
2
153
2
7
40
2
1
1
28
17
1
32
5
6
3
6
1
48
2
7
16
13
3
5
7
12
10
9
2
37
21
38
3
9
3
3
4
20
4
4
18
9
2
16
3
2
2
7
20
61
4
2
26
18
1
2
7
1
12
3
1
22
43
19
32
7
5
14
110
39
20
1
26
7
4
4
91
4
1
33
3
3
11
43
6
3
2
14
113
13
174
2
20
2
5
1
1
59
13
1
32
3
2
30
2
8
26
35
2
3
11
23
2
1
61
7
148
20
5
4
2
1
4
9
11
46
1
61
1
13
32
45
2
14
1
30
105
8
2
3
5
34
4
87
5
1
52
73
5
12
31
5
2
1
2
7
47
5
1
4
10
2
29
3
52
8
1
2
19
6
3
51
2
1
5
11
34
15
4
1
22
43
2
10
7
6
27
152
2
25
26
33
4
24
1
4
41
1
2
2
25
3
7
20
9
17
2
49
1
18
15
5
2
27
10
142
2
5
6
2
2
3
4
61
11
143
6
18
20
6
24
34
3
23
1
2
35
20
17
6
10
15
2
6
1
11
8
5
1
3
1
4
3
1
3
7
3
5
3
2
3
12
2
12
21
14
22
3
2
20
14
1
4
1
6
2
1
3
6
12
39
36
5
2
26
29
16
5
7
73
2
6
3
8
12
2
3
15
3
2
5
7
34
12
2
7
17
11
53
40
2
4
5
38
2
14
2
48
11
2
11
61
37
5
5
6
1
1
2
4
285
5
3
2
5
5
2
7
1
21
101
6
7
27
26
67
11
2
7
1
8
117
134
1
23
2
4
112
4
1
44
4
3
8
3
13
3
2
3
2
19
8
84
21
6
1
29
27
30
4
45
6
3
2
3
1
4
56
4
2
9
24
2
109
6
1
11
3
9
1
3
3
1
19
1
7
1
4
6
6
21
8
1
3
51
1
3
5
57
2
5
1
22
14
26
2
17
1
5
1
2
1
1
4
24
5
1
3
8
11
11
5
26
15
34
27
8
173
1
11
1
1
2
38
7
7
32
3
6
5
28
1
24
65
35
39
2
2
3
2
100
45
101
1
38
232
1
4
58
97
2
3
6
1
1
1
2
6
13
4
30
2
18
4
10
8
5
4
2
9
23
5
2
2
1
36
73
5
3
19
1
2
12
2
1
1
1
16
24
23
10
1
82
3
6
4
5
25
55
2
19
35
6
52
2
5
2
1
1
2
1
3
1
11
8
3
3
16
1
43
4
3
4
60
15
12
2
1
16
5
31
10
70
14
70
11
22
57
5
34
2
2
16
2
2
2
54
99
6
12
2
1
158
2
8
14
5
40
5
4
1
2
18
4
3
4
2
13
4
2
4
15
36
4
97
3
38
23
101
8
1
31
4
3
20
3
1
62
2
5
10
3
1
17
4
3
43
4
3
12
1
46
4
13
5
10
46
1
6
2
1
28
35
6
2
4
19
1
20
17
7
2
1
2
1
19
1
35
6
1
4
3
13
13
5
2
7
16
5
9
1
3
1
5
6
6
1
4
1
4
7
18
3
1
3
17
28
20
8
1
114
2
31
1
1
11
2
5
5
7
4
138
14
10
8
1
9
2
2
46
4
5
1
2
2
10
9
1
13
3
6
4
3
2
8
20
25
2
6
53
99
1
59
2
4
2
4
62
38
32
5
2
20
1
8
15
11
2
46
14
8
2
3
2
3
64
35
8
1
18
27
37
106
1
40
53
1
5
1
4
11
2
10
2
1
1
4
7
1
35
9
3
39
3
6
21
2
2
4
2
1
3
13
8
118
142
2
172
13
8
1
1
7
22
63
1
2
1
12
7
4
36
19
14
3
2
7
1
2
3
14
2
2
66
2
32
10
7
6
9
1
2
4
9
48
16
17
2
161
1
1
2
30
41
3
1
2
13
9
4
21
7
2
2
8
47
74
4
2
12
1
22
13
1
17
7
2
38
2
28
12
1
2
16
8
3
99
2
1
1
23
2
6
1
22
1
4
3
3
2
3
6
8
2
12
21
8
28
4
28
10
6
8
11
2
4
4
24
2
7
3
10
2
7
3
31
9
3
280
123
2
34
34
2
45
1
1
5
1
4
1
71
51
1
6
9
6
6
1
1
1
51
35
9
3
81
6
34
3
1
2
9
4
5
15
42
46
18
17
5
28
6
1
2
9
37
56
2
13
5
18
13
5
2
4
1
23
2
2
5
2
3
2
43
2
18
25
2
179
2
1
11
4
1
2
2
7
6
4
63
86
2
9
1
3
1
53
20
60
8
1
12
12
10
7
3
1
3
47
10
3
33
1
1
90
37
1
12
51
6
8
75
24
4
74
26
13
109
4
7
2
51
198
21
23
4
33
77
5
7
1
46
2
6
2
10
2
133
7
2
5
13
295
1
4
9
43
1
4
4
22
2
2
3
177
13
14
1
10
16
38
45
8
25
3
15
3
5
2
3
22
2
6
1
38
38
8
11
10
184
34
2
16
3
3
50
1
6
18
10
15
49
1
49
2
5
1
39
3
3
4
3
8
155
54
23
1
6
5
4
4
24
14
2
3
14
150
12
8
46
4
27
20
2
60
51
18
87
4
1
2
1
2
1
21
19
13
2
