1
1
4
2
3
6
1
3
1
1
1
1
1
1
1
3
1
1
4
2
1
2
2
2
1
2
2
1
2
4
1
3
2
1
3
4
1
1
2
2
2
4
1
1
4
3
2
1
1
5
6
1
2
2
1
4
4
2
5
1
2
1
1
1
1
1
12
2
1
1
2
1
1
1
1
2
1
2
1
2
3
1
3
2
2
3
1
3
2
2
2
4
3
2
2
2
1
1
2
1
2
2
2
2
2
1
3
2
1
2
4
1
2
4
8
1
1
1
1
1
4
1
1
1
8
1
2
2
5
1
2
2
1
1
10
1
3
1
1
1
1
1
1
10
1
3
4
2
1
1
1
9
1
2
2
1
1
1
1
4
3
1
2
2
2
1
1
2
1
1
5
2
1
6
1
2
10
5
2
1
2
1
1
1
2
2
2
3
1
2
2
1
3
1
2
1
3
1
1
2
2
1
2
12
1
3
1
1
3
1
2
2
1
2
10
1
1
2
3
2
1
1
1
1
1
13
5
2
3
1
2
1
1
1
3
3
5
2
1
6
1
2
7
3
2
3
2
2
6
2
1
2
1
1
4
1
3
2
1
2
2
1
4
1
1
2
2
2
2
1
2
1
1
4
1
1
2
1
1
1
1
1
1
3
1
1
1
6
2
6
1
1
5
2
10
2
2
1
1
2
2
2
1
2
1
3
2
1
1
1
1
2
10
2
8
5
2
2
4
1
2
1
1
2
5
2
1
1
2
1
1
2
1
1
1
5
1
3
1
1
1
2
4
1
2
2
1
8
2
1
3
1
1
1
6
5
1
2
2
1
1
4
3
1
1
1
3
1
1
1
1
2
2
1
1
2
1
2
4
2
2
1
1
1
3
4
24
2
2
2
1
1
1
1
2
14
1
1
2
5
1
2
1
8
2
2
2
4
2
3
1
9
2
2
1
1
1
2
1
1
4
2
1
1
5
1
1
1
2
9
2
2
1
3
5
2
1
5
4
1
3
2
2
1
1
2
1
2
22
6
1
1
1
1
2
1
3
10
1
2
2
2
2
1
1
2
2
1
2
12
1
5
2
2
2
5
3
5
5
1
2
3
8
4
3
1
1
3
2
1
1
1
6
1
1
1
1
3
5
2
4
2
1
2
1
2
1
3
1
3
2
1
6
1
1
2
1
1
1
2
1
3
1
4
12
1
1
2
1
4
1
2
2
1
4
5
3
2
1
2
2
2
6
11
2
1
1
2
1
3
1
3
1
4
1
1
1
1
1
2
1
2
11
1
1
1
2
1
3
1
2
1
3
4
15
1
1
1
4
18
2
1
1
4
2
1
3
1
1
1
1
1
6
4
5
3
2
1
1
7
1
2
1
1
2
2
3
2
1
3
2
2
6
1
4
1
3
2
1
1
1
1
1
3
2
3
1
2
5
2
1
5
2
4
2
1
1
2
1
6
4
2
1
2
2
6
7
3
1
1
1
3
1
8
11
5
1
1
1
1
1
2
5
1
1
1
7
1
2
1
8
2
5
9
6
1
3
1
4
1
1
1
5
7
1
1
1
1
4
1
2
1
1
4
2
1
2
2
2
2
1
1
1
