1
9
1
7
3
1
1
4
1
12
1
3
1
1
2
1
3
4
2
1
1
3
1
3
1
1
3
14
3
8
1
3
1
1
1
1
2
4
2
1
1
5
1
1
1
1
7
1
2
1
1
2
3
1
1
1
1
2
4
8
1
1
2
1
1
1
2
2
1
1
6
1
5
1
2
1
2
1
2
2
2
1
1
2
1
1
4
3
1
3
1
1
2
1
1
1
2
1
2
5
1
4
9
3
1
1
1
3
1
1
1
4
2
1
3
1
1
12
2
2
2
2
9
2
3
1
4
3
2
2
7
5
2
1
3
3
1
2
1
1
1
3
1
1
1
2
1
2
8
9
7
1
2
1
2
3
1
2
2
2
3
3
1
3
6
3
1
1
1
2
2
1
1
3
1
5
1
1
1
1
2
1
5
4
2
3
2
1
1
2
1
1
1
4
6
2
2
1
1
1
2
6
1
2
2
1
1
1
3
2
1
4
2
2
2
3
1
5
2
1
1
1
3
1
1
2
1
1
2
1
1
3
2
1
2
1
1
1
2
2
1
11
1
2
3
1
3
1
1
6
2
1
2
1
5
1
1
1
1
1
1
1
17
1
1
3
1
2
2
2
3
1
1
1
5
1
1
1
3
1
4
3
1
2
1
2
1
1
2
1
2
1
1
1
6
1
1
3
3
2
1
2
2
3
5
1
1
1
2
2
3
10
1
4
2
2
1
1
1
1
1
1
1
1
1
1
1
2
2
1
3
7
10
8
1
1
1
2
1
1
2
12
1
2
10
2
1
2
1
1
7
1
1
7
1
1
5
2
6
7
1
1
2
1
1
1
1
1
2
2
2
1
1
2
1
1
6
1
2
1
1
7
1
2
3
1
1
1
8
2
2
1
1
1
2
2
1
1
1
1
1
1
1
14
5
1
17
2
3
1
1
1
1
1
1
2
1
1
1
1
10
2
5
1
1
1
1
6
3
3
2
2
1
4
2
1
1
3
1
2
1
2
1
1
3
5
5
1
1
1
2
2
2
1
1
1
1
4
3
2
10
1
1
1
2
1
1
4
2
2
1
3
1
1
2
1
5
1
4
4
3
2
3
1
2
1
1
3
1
3
4
6
1
1
9
3
2
11
1
1
2
1
2
1
3
2
4
2
7
2
3
1
3
4
2
2
1
4
4
1
2
5
1
2
2
1
1
3
2
2
4
2
1
1
1
1
3
3
2
1
7
1
14
1
2
1
2
1
2
7
2
3
2
1
1
1
6
8
2
3
1
1
1
1
7
5
4
1
1
4
16
4
2
2
1
2
2
1
2
1
1
4
2
11
1
2
6
1
1
5
6
1
1
1
5
2
5
2
1
12
3
3
1
2
1
3
5
6
3
2
1
11
7
3
4
5
3
6
6
1
3
3
11
1
3
1
2
3
3
1
1
11
3
2
3
4
1
1
1
6
2
11
1
6
1
3
8
11
8
7
3
1
5
3
1
1
1
2
4
1
