1
2
14
2
132
16
6
19
30
1
10
3
6
19
56
5
9
6
18
2
5
5
1
5
7
7
2
2
26
3
77
47
7
94
2
22
3
24
6
8
2
142
11
1
32
39
3
4
4
5
5
1
1
7
60
21
11
7
14
1
2
16
2
13
14
1
5
21
12
3
2
11
15
4
2
1
4
18
1
1
2
15
1
18
2
16
1
8
15
1
16
1
7
1
16
4
1
8
129
5
20
7
1
3
3
9
4
6
70
11
48
2
9
13
45
20
4
42
5
6
119
6
7
2
13
29
20
3
22
10
16
6
2
2
3
20
14
2
26
3
15
8
15
12
87
4
1
11
9
1
5
14
17
15
3
2
59
11
5
142
2
21
5
12
8
157
5
4
48
9
22
1
19
29
3
1
8
26
14
11
1
1
2
50
1
16
11
8
10
9
11
152
2
5
7
57
12
2
5
6
15
22
2
1
9
15
67
11
63
4
3
16
17
20
19
13
4
6
9
3
1
7
2
10
7
10
3
2
10
5
40
18
1
3
18
3
20
1
2
43
47
76
1
6
2
14
3
3
1
4
50
22
1
4
1
41
4
22
3
6
253
30
1
3
4
19
155
3
1
23
17
12
3
3
4
19
1
6
35
17
2
25
25
18
6
13
5
1
10
57
1
118
32
23
6
8
29
2
1
2
38
145
1
24
1
5
4
157
35
1
1
2
11
2
2
3
16
87
148
2
19
57
5
8
10
6
126
2
10
2
3
7
3
18
8
34
20
2
2
1
91
122
6
10
44
67
12
2
5
4
24
14
10
7
78
8
53
4
13
7
9
7
17
1
7
3
11
16
21
1
13
69
3
9
13
19
11
2
1
16
2
49
15
5
4
8
5
7
2
2
1
5
3
5
1
6
4
5
11
1
8
3
3
8
7
115
4
5
1
7
8
7
66
1
10
14
56
12
58
5
11
2
3
32
9
14
2
25
4
9
23
3
15
3
29
13
41
32
21
2
60
30
3
45
2
1
86
3
33
17
4
84
7
7
4
9
7
8
7
30
20
27
17
27
3
2
1
21
34
3
21
2
15
15
12
3
28
1
10
19
6
2
44
50
21
8
134
3
1
2
35
5
2
10
26
5
6
3
1
46
25
5
1
12
14
12
1
5
52
29
4
4
4
4
13
8
1
23
15
11
4
3
2
18
1
17
27
154
7
1
17
6
12
3
22
15
70
60
58
60
12
3
7
101
19
18
1
9
29
37
5
4
22
5
2
1
25
8
2
5
2
61
3
1
7
15
3
7
14
3
2
8
5
38
25
2
1
3
4
1
11
5
27
109
124
2
2
57
4
2
73
2
27
71
22
15
2
26
4
2
3
13
4
104
9
9
5
5
1
8
15
40
31
2
2
9
14
3
22
4
10
1
4
12
3
2
164
2
15
33
2
2
3
10
111
2
12
18
2
22
66
2
11
3
2
8
2
19
3
1
3
4
2
134
29
6
1
2
127
4
56
21
2
77
10
3
25
8
21
4
2
37
4
6
1
2
1
2
34
7
14
3
2
7
2
2
1
38
9
3
3
3
20
62
2
1
148
30
2
32
14
83
5
9
14
14
4
52
3
1
1
28
28
1
93
1
21
29
17
1
2
4
28
5
