13
3
2
17
1
1
1
1
5
2
5
2
1
12
2
1
1
4
1
2
2
4
1
5
3
2
11
1
3
5
2
2
1
9
2
1
1
2
2
5
3
2
4
7
25
1
1
1
2
1
2
2
15
2
1
1
6
1
1
4
10
2
2
2
11
1
1
1
2
2
2
2
3
1
1
1
2
1
26
4
5
5
1
1
9
20
3
1
1
5
1
1
3
14
3
1
10
7
1
4
1
1
3
5
21
13
4
1
3
36
2
2
2
1
12
3
1
3
8
1
6
1
4
1
1
3
1
1
10
2
3
2
6
1
1
1
1
1
6
1
1
1
4
1
1
1
1
14
1
2
2
1
2
1
4
1
2
1
7
3
1
1
38
1
2
8
6
4
2
25
2
4
1
1
1
4
13
1
1
7
2
1
7
2
1
2
1
2
1
1
3
2
1
1
3
1
5
2
2
15
1
11
9
6
1
1
1
3
11
4
4
1
1
5
1
1
2
10
3
5
3
2
4
1
7
10
1
2
4
1
2
3
3
7
4
3
1
1
1
1
2
2
1
2
1
1
2
16
5
8
1
1
2
10
13
2
1
2
4
7
1
1
2
7
1
1
25
1
2
3
12
2
3
3
3
1
1
1
2
5
1
2
4
2
3
7
6
1
4
1
2
4
21
1
4
4
5
2
1
21
2
2
4
2
1
1
6
6
1
1
1
1
2
4
2
1
2
3
1
1
2
5
11
3
3
2
8
11
3
15
1
4
3
2
4
10
5
1
5
1
8
5
7
2
1
7
3
1
11
4
2
3
9
1
1
2
3
1
6
3
3
6
2
5
1
3
13
2
