6
1
2
1
5
4
2
38
12
2
1
2
7
1
4
1
3
24
20
22
2
2
1
1
3
18
3
4
1
7
65
19
1
3
5
1
15
3
1
1
1
3
10
29
20
2
27
26
4
3
7
5
7
15
1
55
18
4
18
18
56
8
2
41
5
70
2
2
2
42
16
6
16
12
5
11
1
3
7
17
1
3
8
2
2
1
5
23
18
9
1
2
3
5
1
16
22
2
1
5
1
26
1
11
3
43
5
2
4
4
1
14
1
2
1
19
5
4
1
5
12
25
20
18
4
1
1
15
1
9
6
2
4
15
2
5
37
6
116
1
13
6
1
1
3
2
1
3
1
1
1
2
11
7
47
16
3
4
1
1
2
4
1
4
12
2
35
1
12
34
1
4
3
1
5
1
7
31
3
9
2
2
25
8
3
1
63
1
32
8
1
2
1
3
1
19
6
1
2
33
2
1
5
12
14
2
8
1
44
2
9
3
3
1
34
6
2
6
7
1
4
3
9
12
21
12
114
10
4
12
10
1
3
3
1
1
3
9
8
2
24
8
1
1
3
4
2
24
30
8
8
5
4
2
39
1
4
25
5
1
1
3
1
3
3
1
4
6
1
1
8
1
1
6
14
32
6
11
7
1
10
1
4
5
2
17
46
4
3
1
4
1
18
10
3
7
1
3
8
2
1
24
1
1
1
1
1
5
19
1
8
14
12
3
56
4
12
24
52
8
8
6
5
2
4
1
1
2
1
2
1
5
2
3
31
6
10
1
24
7
7
5
2
2
22
7
5
1
23
2
44
9
3
1
8
11
21
1
4
5
9
2
1
19
2
7
1
1
2
1
1
1
16
3
1
1
2
25
1
14
1
1
1
1
1
10
21
2
3
5
24
39
2
5
3
9
1
1
4
1
4
13
16
28
22
15
33
1
1
2
1
21
4
16
9
17
1
18
6
1
29
7
2
1
4
41
2
4
2
5
1
5
6
9
2
3
5
3
48
1
13
10
2
2
11
23
2
1
2
9
6
1
1
12
2
1
2
1
15
5
5
1
1
9
1
14
3
8
2
1
6
2
11
1
15
6
1
1
8
2
1
14
4
1
4
7
1
10
4
2
26
2
5
4
6
14
2
19
2
1
25
9
1
1
9
2
24
1
1
18
1
1
6
24
1
1
35
1
3
20
5
5
7
5
2
19
9
51
1
18
14
1
35
8
1
3
1
15
3
3
5
7
21
1
4
2
2
1
2
9
2
1
89
84
15
6
13
7
2
5
43
8
16
1
6
21
1
1
6
69
2
30
2
2
2
1
46
11
2
39
9
4
12
28
3
1
14
8
1
1
1
1
4
3
2
1
8
4
1
7
2
5
1
11
2
4
3
5
1
3
18
6
8
13
3
2
1
3
5
25
2
3
5
1
15
2
22
12
2
1
2
5
2
2
6
8
4
4
19
1
13
2
3
17
8
26
1
1
11
27
10
2
1
8
2
47
2
6
1
2
2
1
16
1
1
1
2
4
2
1
8
5
2
2
1
5
1
7
2
9
12
19
51
1
3
122
14
9
16
5
3
25
62
9
21
1
3
3
2
21
17
31
1
5
17
3
1
1
2
12
1
4
1
1
2
1
15
7
6
6
3
1
1
3
2
8
1
4
4
9
4
4
1
1
4
2
15
4
19
9
9
19
1
2
40
1
5
2
1
1
1
1
1
2
14
4
9
2
2
1
22
3
1
2
19
1
4
9
1
4
6
15
2
2
8
6
10
1
1
13
3
18
1
1
3
1
5
1
3
4
23
5
2
5
9
4
3
1
5
2
1
11
5
20
5
1
2
10
4
7
4
1
12
22
6
1
2
4
3
1
1
1
1
2
2
1
2
13
4
23
1
2
3
1
1
2
2
4
8
1
4
1
1
31
1
1
1
2
16
3
3
4
2
6
16
12
4
19
17
1
1
20
2
1
4
2
51
2
2
1
26
3
16
1
69
11
1
1
26
18
12
1
3
1
1
2
1
1
1
2
3
3
9
3
1
21
1
4
1
14
2
7
6
1
2
5
22
3
6
2
6
2
40
10
5
3
19
3
32
7
1
16
1
1
1
10
5
33
1
2
2
1
2
1
2
1
3
2
9
3
31
1
1
1
8
1
2
11
3
20
5
5
2
5
1
1
2
2
1
1
14
121
2
1
13
1
1
3
5
1
1
3
1
10
16
8
23
1
21
1
11
25
1
1
2
4
3
8
2
2
12
4
17
1
5
2
45
1
1
2
5
2
15
1
2
2
8
6
3
3
8
2
2
3
2
4
3
27
5
2
1
9
1
11
2
2
6
2
4
3
1
3
1
59
3
7
2
1
5
6
2
5
36
44
14
10
1
6
1
12
30
6
10
5
4
1
7
1
9
2
5
19
68
2
2
9
3
5
2
36
15
1
1
2
1
1
2
2
2
6
2
1
1
2
1
1
1
16
9
1
16
2
1
2
3
6
1
1
2
10
10
2
1
1
2
7
1
1
1
11
1
1
17
3
7
4
1
6
16
3
4
2
2
2
13
6
2
18
1
4
32
2
51
1
11
1
9
1
2
25
8
2
2
2
1
15
1
1
26
7
2
12
10
3
1
1
2
1
2
12
2
16
23
19
2
29
6
6
7
1
1
19
1
2
14
2
1
2
3
26
6
2
5
25
1
3
6
3
2
40
12
1
1
2
4
8
5
1
82
2
6
7
2
54
6
17
2
1
5
2
10
5
13
3
9
9
1
1
7
2
1
6
1
12
1
11
1
17
1
10
7
1
1
7
4
4
7
7
1
6
4
15
13
13
6
5
1
25
1
2
2
1
11
5
2
1
4
4
7
8
2
20
1
7
3
3
47
1
9
2
1
35
7
16
2
2
9
1
2
10
2
7
10
1
4
21
1
4
2
3
1
34
7
40
10
1
10
9
6
6
2
31
9
13
1
1
1
5
18
3
1
2
3
2
2
4
9
4
16
1
2
4
63
1
2
3
1
1
29
2
30
22
2
4
2
23
32
2
2
16
8
1
2
1
5
3
1
10
1
2
1
2
2
22
4
5
2
7
1
6
2
11
2
3
1
4
3
1
2
1
6
5
2
19
11
42
1
1
2
4
1
7
3
3
1
1
7
2
1
29
1
14
11
1
14
4
1
6
2
6
1
4
18
1
1
2
3
8
2
3
3
24
10
1
2
2
3
1
2
1
3
1
46
2
16
1
1
30
1
1
2
2
3
1
5
4
14
1
2
1
1
4
2
20
3
3
2
1
3
20
7
1
1
2
16
5
1
1
26
6
31
4
33
14
5
11
1
11
2
6
2
4
4
1
1
1
1
3
2
1
3
2
2
4
4
2
25
3
27
7
2
23
8
7
1
2
1
3
1
1
3
8
16
1
7
2
3
5
1
6
1
32
1
2
3
68
4
3
15
12
3
1
56
4
16
24
1
3
3
14
20
1
4
4
2
1
5
1
1
5
4
7
15
1
3
4
1
10
3
2
1
8
4
1
6
1
15
60
3
1
1
1
1
4
1
2
2
1
7
2
66
13
2
11
1
2
21
37
1
5
14
1
20
6
1
4
1
9
1
11
6
8
1
1
1
17
4
12
3
14
4
14
2
4
24
28
35
7
7
12
1
1
2
16
10
1
1
5
16
2
1
12
2
2
5
2
1
18
2
1
1
1
4
1
13
3
6
1
13
1
2
4
2
1
2
23
1
27
35
2
1
3
6
1
2
3
3
5
2
7
5
9
7
2
2
2
4
28
4
2
1
13
1
2
31
2
1
19
5
4
2
5
6
3
11
27
21
13
4
2
5
32
4
15
10
1
4
9
6
2
32
1
2
48
2
8
7
4
6
1
2
1
38
4
17
1
2
6
34
4
3
3
1
3
34
8
9
18
10
1
17
10
3
4
1
1
12
2
1
3
1
1
6
2
1
21
7
2
5
2
17
2
1
1
1
4
1
1
13
3
12
3
3
5
9
15
6
7
27
37
1
4
4
6
4
10
32
15
9
1
1
4
1
3
3
2
2
1
4
2
1
51
12
1
2
6
1
31
30
8
1
12
1
1
19
3
40
1
11
5
3
1
1
4
1
4
13
2
1
2
10
2
5
18
3
2
1
1
5
2
5
1
1
2
8
1
2
14
1
1
10
2
4
6
21
7
7
4
2
5
2
1
1
1
2
4
5
7
3
6
4
8
7
19
1
6
32
23
1
13
2
3
2
1
41
10
1
1
2
1
2
14
1
1
14
40
1
12
51
2
1
6
14
2
4
1
2
5
1
2
7
4
5
3
5
44
3
4
2
2
2
4
2
22
5
1
2
9
1
1
1
2
27
9
16
2
1
2
1
1
3
10
17
1
1
4
6
3
3
1
7
6
5
12
1
18
11
4
4
5
8
14
1
1
14
1
4
6
4
33
17
1
2
1
2
15
3
1
3
1
1
32
13
7
4
1
1
14
64
1
1
1
5
18
1
2
6
24
2
2
5
4
4
3
8
1
6
3
2
7
1
6
2
7
3
2
16
2
24
5
3
2
2
10
4
2
25
6
2
20
2
2
5
15
5
18
9
1
1
52
1
1
1
4
1
1
41
3
4
19
1
1
2
1
1
1
3
36
1
1
5
1
1
5
3
1
1
6
1
5
4
2
3
5
1
6
2
2
13
4
20
3
2
1
10
3
7
2
1
1
2
4
4
15
9
1
3
8
7
5
48
23
14
2
8
8
2
5
7
2
14
1
1
3
1
2
4
1
4
4
5
13
2
2
15
4
17
9
15
2
14
3
1
2
4
23
2
3
3
5
1
11
2
2
28
1
1
1
3
10
2
32
2
19
1
1
1
14
12
1
2
2
8
2
8
2
1
7
3
2
19
14
5
1
9
1
30
1
12
39
4
3
7
7
10
1
10
6
3
3
3
4
18
1
1
9
37
33
3
1
1
2
2
5
21
2
12
1
1
3
7
2
73
2
18
4
3
23
8
2
1
2
3
1
6
2
1
7
2
9
4
3
2
4
1
25
31
4
8
19
2
17
7
12
9
2
3
2
14
3
2
20
9
3
5
6
24
2
22
5
1
2
8
5
20
2
8
15
13
6
2
6
2
37
5
3
18
2
4
33
1
4
6
13
2
20
1
2
1
1
1
9
2
9
1
1
1
2
4
1
4
1
4
1
7
1
3
3
1
12
4
1
7
5
1
6
8
14
2
1
5
5
1
11
8
1
6
3
6
2
1
18
2
8
6
2
3
35
3
3
5
2
16
3
1
7
54
2
16
1
2
7
2
2
1
12
2
18
6
3
5
7
5
17
32
2
25
1
1
1
1
2
1
11
1
1
7
2
1
3
1
13
6
1
1
1
9
7
3
2
4
19
3
14
1
36
1
46
1
7
9
1
59
17
1
1
3
5
1
3
1
1
2
3
3
14
5
1
1
7
5
9
19
2
14
5
6
13
3
25
2
12
1
2
2
9
12
18
11
1
1
1
1
1
43
3
1
3
1
3
10
6
3
21
3
3
2
4
3
9
6
5
3
1
20
1
24
1
6
5
42
18
2
1
2
2
2
1
2
4
2
2
1
4
10
2
4
1
4
3
2
1
1
1
2
1
3
4
1
1
6
2
1
1
1
2
15
3
12
2
1
4
5
2
4
2
5
34
19
1
13
2
6
1
27
3
5
1
2
11
1
40
3
2
3
3
3
4
7
29
2
43
5
12
4
9
2
12
10
6
3
18
1
8
3
8
2
4
6
2
49
5
8
2
2
10
6
14
4
3
1
1
1
4
1
9
24
3
3
1
1
1
6
1
5
2
59
2
1
2
1
3
3
2
27
2
2
1
4
6
6
3
1
12
1
4
2
4
2
1
2
19
4
1
15
21
3
47
4
1
8
1
3
6
2
10
1
5
2
24
2
3
61
8
2
3
13
1
2
1
4
4
7
2
1
3
10
4
2
2
2
7
1
1
7
4
2
19
62
11
1
3
1
2
3
4
1
8
1
1
3
4
17
8
35
3
11
6
1
5
69
1
2
3
2
24
3
2
10
10
1
1
2
5
2
1
1
1
1
8
4
4
1
7
1
19
7
7
4
1
12
2
2
7
2
26
20
1
1
2
1
1
7
3
4
3
1
3
1
12
3
28
1
3
8
2
1
1
5
15
2
1
3
2
14
1
4
1
14
31
8
10
1
64
2
7
1
2
15
4
11
38
1
7
25
3
5
4
1
26
1
9
1
1
75
1
2
4
2
1
24
1
1
3
14
5
7
1
2
4
2
2
3
6
3
1
4
3
2
3
1
3
5
33
2
5
2
2
2
2
1
3
1
4
1
3
3
11
4
1
22
2
3
20
1
3
2
1
1
3
1
3
1
2
36
18
10
6
6
15
10
5
9
8
14
2
4
1
2
1
2
16
4
16
1
10
1
8
15
3
1
14
2
2
3
2
20
6
2
20
4
4
6
1
2
8
2
17
1
2
2
1
3
10
1
1
1
1
2
12
56
11
1
5
19
12
1
7
1
1
4
7
100
10
7
14
9
2
6
13
1
4
4
3
1
21
2
8
1
1
42
10
4
2
3
5
6
31
1
10
5
1
2
33
3
7
19
2
2
1
1
2
42
1
10
1
2
5
1
2
1
5
1
6
7
1
1
5
1
2
4
11
1
1
5
13
1
6
3
4
2
4
2
8
1
8
2
1
2
2
70
28
2
11
9
4
3
12
11
6
17
1
1
4
5
6
14
1
9
2
1
32
67
13
3
1
4
9
2
1
1
1
2
2
1
4
2
1
2
1
2
12
2
1
4
12
1
7
6
4
7
5
4
1
4
4
2
8
2
1
24
2
2
57
29
2
2
6
6
3
1
1
2
3
3
1
1
1
2
2
2
7
1
21
4
34
3
2
1
1
1
10
3
1
21
49
1
15
2
12
10
2
38
1
2
26
34
2
5
12
10
2
3
6
2
1
2
1
1
2
1
3
2
18
2
1
2
1
11
1
24
6
2
1
1
8
29
4
1
3
4
1
3
2
2
1
1
5
40
2
8
1
4
1
1
33
4
2
6
21
2
3
3
2
8
3
5
24
5
1
3
1
1
2
15
2
1
3
3
3
2
8
4
1
18
5
13
1
2
5
4
2
22
6
9
4
1
1
24
2
1
2
2
4
5
1
2
8
5
3
33
1
3
1
12
2
2
1
8
7
42
1
12
1
9
1
18
5
5
1
3
3
2
2
36
1
2
31
2
5
2
1
3
3
2
1
5
5
4
8
1
30
1
16
1
8
3
6
1
5
11
9
4
33
3
1
2
27
4
4
1
26
3
5
1
3
1
1
1
4
17
22
8
17
3
2
8
4
4
7
27
8
14
1
11
1
3
8
1
1
14
8
16
1
9
7
20
1
15
2
8
1
5
6
3
5
54
4
1
7
1
7
4
9
2
1
1
2
2
7
11
8
2
2
22
72
2
6
2
1
2
20
2
43
1
2
6
5
8
3
9
2
2
1
4
22
13
22
3
4
8
26
11
4
4
4
2
22
14
1
16
3
4
7
2
1
9
1
2
1
1
1
4
9
4
1
9
1
4
1
15
1
3
24
8
1
3
2
18
2
2
2
6
5
9
2
5
2
4
2
2
16
3
10
3
8
6
7
29
31
7
19
7
2
1
4
1
12
3
7
1
9
3
9
8
2
14
19
4
2
1
3
9
5
19
2
3
11
3
6
4
12
3
3
7
2
1
1
6
1
1
1
6
2
3
5
2
33
8
1
1
2
1
20
56
24
13
4
13
2
1
3
1
14
2
2
22
2
7
2
43
2
1
2
2
3
6
20
4
4
3
1
15
1
4
2
2
6
3
2
9
7
5
2
1
2
9
18
3
2
3
5
10
20
23
2
7
2
20
1
7
2
1
5
6
6
2
2
5
13
4
4
33
1
10
41
40
10
12
10
14
2
17
6
15
21
4
16
39
2
3
33
