1
1
1
1
1
1
4
17
1
1
1
1
1
26
32
17
4
1
8
7
2
34
114
15
2
78
3
2
7
10
326
277
65
1
25
1
3
40
5
6
1
111
15
3
16
11
5
19
5
1
2
12
1
1
259
1
5
2
8
8
1
1
1
3
2
9
74
8
4
10
10
78
1
6
3
5
2
1
1
3
1
1
4
1
1
66
1
5
1
1
4
2
1
1
3
2
1
5
1
6
1
3
2
121
18
53
1
2
3
2
1
4
1
21
15
1
1
3
1
2
32
1
5
71
4
84
1
1
1
1
1
6
4
11
40
1
7
47
2
2
1
1
2
8
13
1
1
1
5
1
5
1
1
2
1
2
1
1
1
8
2
1
7
3
13
14
40
14
3
1
1
4
1
2
3
1
5
1
1
1
2
79
19
1
1
21
6
1
7
2
1
3
1
1
15
4
1
21
8
31
1
10
1
3
8
1
1
1
1
1
1
4
19
1
6
1
1
1
1
1
5
1
1
1
39
1
1
1
35
1
102
13
2
2
5
154
3
16
33
4
5
1
1
2
3
1
4
2
3
17
1
1
17
316
573
2
1
2
1
27
1
1
17
7
4
3
9
2
2
3
17
2
1
1
5
1
1
1
1
1
1
1
47
1
1
1
4
1
2
84
1
2
14
18
4
3
1
1
4
3
143
1
57
7
663
1
16
1
7
2
5
1
8
2
3
3
7
2
1
1
3
1
2
2
72
14
1
3
1
5
77
83
1
1
1
1
226
1
12
1
1
1
1
1
67
1
1
2
1
1
1
1
1
5
1
1
2
1
1
68
1
1
1
1
2
1
3
1
1
31
1
1
1
1
1
1
37
10
153
1
1
2
1
2
1
1
1
1
1
2
1
1
1
1
1
1
1
1
2
1
2
1
1
1
1
1
1
3
1
1
4
5
1
1
1
1
2
2
2
1
2
1
4
1
1
2
2
1
1
1
15
2
1
1
2
7
1
7
1
19
3
6
12
1
1
10
1
35
1
1
2
1
1
170
4
1
2
1
4
4
1
277
1
1
2
4
1
1
2
1
1
6
9
12
2
1
48
1
1
37
2
105
10
1
1
1
6
1
22
1
2
2
5
16
1
9
1
3
209
1
1
1
1
2
1
1
4
1
63
1
1
14
1
1
1
1
1
1
3
1
5
5
1
1
5
3
2
1
1
3
3
1
1
2
2
1
1
4
2
4
6
1
3
2
1
1
2
2
1
8
1
1
1
1
1
1
1
1
1
1
1
1
8
6
1
1
6
20
30
6
118
82
37
10
2
1
1
3
1
1
1
1
1
1
2
2
2
1
2
1
1
1
2
9
1
2
1
1
3
2
1
1
18
1
3
50
2
1
1
1
13
1
1
1
1
34
1
2
1
1
9
1
1
1
1
1
4
1
2
2
108
1
1
19
1
3
1
3
2
2
1
10
1
6
30
1
2
1
2
1
1
1
1
1
1
1
1
1
1
1
1
1
1
128
2
1
2
1
5
2
1
1
1
2
1
170
1
2
1
1
5
1
1
1
1
2
2
2
1
1
1
1
6
2
142
1
1
2
1
1
1
1
3
1
1
6
6
1
1
7
20
1
1
1
11
2
24
20
2
1
1
1
2
1
12
4
1
8
1
2
2
2
5
2
1
3
4
1
4
1
1
95
6
11
5
1
2
1
8
4
1
1
1
1
46
184
3
2
1
2
1
4
86
1
1
1
2
1
9
1
82
1
1
2
1
2
1
1
1
1
2
1
1
4
5
1
3
1
4
1
6
1
1
3
1
68
1
4
1
1
1
1
7
6
2
1
1
2
2
1
2
13
62
5
61
7
29
4
5
4
330
51
288
2
35
123
76
3
34
24
108
1
206
28
103
2
54
51
333
12
101
17
2
5
1
13
5
2
119
19
4
29
1
3
1
107
25
1
1
1
158
1
12
12
1
1
1
2
6
1
10
11
15
37
13
1
1
2
1
79
3
8
2
7
15
2
66
1
5
1
1
1
2
2
1
70
1
1
2
5
1
1
1
2
1
41
1
1
1
1
1
1
1
5
1
16
167
1
80
2
1
1
1
1
1
1
1
1
25
3
1
1
1
1
179
1
1
1
13
1
7
1
4
1
5
6
1
1
1
1
1
241
14
29
1
1
3
1
111
95
60
1
1
1
3
1
3
1
4
1
3
4
1
1
1
2
18
1
66
4
1
1
1
8
2
4
127
107
1
34
1
1
1
1
1
3
2
1
2
1
2
1
33
1
2
2
3
7
1
1
2
1
1
2
2
1
1
1
1
1
1
6
1
27
19
1
1
7
3
7
5
1
2
12
6
12
2
10
5
1
4
2
1
33
2
13
5
20
1
5
2
3
1
7
221
54
4
1
393
1
1
1
1
1
1
1
1
1
1
2
1
7
1
2
1
2
1
1
44
1
6
1
1
31
4
2
1
2
6
1
3
2
455
1
1
1
69
1
19
3
1
2
119
1
1
2
7
13
1
1
1
2
17
7
2
1
2
1
52
1
1
1
1
1
1
154
1
1
1
3
7
1
1
1
1
1
1
1
1
1
1
1
1
1
1
1
4
1
2
1
8
8
2
1
4
1
1
1
2
1
1
1
2
2
1
7
2
1
1
1
1
1
1
1
1
3
13
1
1
1
1
1
1
1
4
1
1
1
3
1
1
4
1
1
1
2
1
23
1
46
1
1
1
1
30
50
1
1
13
23
1
1
1
1
1
1
4
1
1
1
1
3
7
1
7
1
1
117
4
1
25
2
58
1
103
1
1
1
1
2
1
1
2
6
1
3
1
2
2
2
1
1
3
1
1
1
1
3
200
7
2
1
1
1
92
1
2
1
1
39
1
1
1
2
6
13
35
12
1
25
45
8
1
1
1
1
1
1
1
1
6
1
3
5
6
1
1
1
2
1
1
34
11
1
4
4
2
6
4
1
2
6
1
13
2
1
160
3
4
1
5
1
1
1
1
1
4
17
3
2
1
1
11
2
5
3
7
2
40
17
1
1
2
4
1
4
1
1
20
1
3
1
3
1
2
1
2
7
1
1
1
2
1
1
3
1
4
52
2
3
2
66
120
1
520
9
1
14
1
2
4
19
34
3
6
2
6
5
1
1
1
1
6
2
1
1
1
215
1
9
1
1
9
13
2
3
17
1
1
5
1
1
3
25
1
4
1
5
1
1
1
3
4
2
3
1
1
4
16
2
10
1
47
1
29
2
2
1
1
21
1
1
1
2
1
3
1
3
1
22
5
9
47
1
2
5
1
9
49
8
5
1
1
1
1
14
1
1
1
60
1
3
2
1
16
1
3
3
1
1
26
2
2
1
1
1
2
4
1
345
33
119
437
71
290
1
27
57
1
1
6
6
1
3
69
1
65
1
7
3
1
2
22
98
1
2
1
6
1
1
3
1
1
9
1
10
32
4
1
1
1
127
218
1
88
1
1
5
1
5
1
45
64
1
8
1
1
1
1
1
3
1
1
13
1
1
1
1
1
5
12
1
5
1
1
1
1
3
1
74
1
1
1
3
2
3
1
1
2
2
4
1
1
1
1
1
1
18
3
1
1
1
1
10
1
1
1
7
1
1
1
1
1
3
1
8
1
4
1
1
2
1
1
1
2
3
2
1
1
1
6
1
1
1
1
1
1
2
2
1
1
1
1
1
1
1
1
5
2
1
2
2
1
2
1
1
1
1
1
2
1
1
2
2
1
1
1
2
1
1
1
1
1
2
1
1
8
2
1
1
1
1
1
1
3
2
1
1
3
2
1
1
1
2
3
1
1
2
2
1
1
5
1
3
1
15
1
1
1
1
2
1
15
1
1
1
1
2
1
1
8
1
2
1
1
1
6
51
15
1
1
1
18
1
7
1
1
2
1
1
2
1
1
1
1
11
1
1
1
1
1
2
2
5
1
5
1
187
1
2
1
1
2
1
1
1
32
1
1
1
1
1
1
2
3
1
1
1
1
1
1
1
4
3
1
1
1
1
3
1
2
1
1
2
2
13
2
1
1
1
1
76
2
3
1
1
85
6
1
1
6
1
3
1
2
1
2
1
1
21
1
1
1
1
1
4
3
1
4
7
1
77
1
11
9
2
1
1
12
1
1
3
13
1
1
1
25
4
4
2
42
4
1
2
1
2
1
1
1
1
89
41
1
27
1
2
37
1
67
32
1
4
2
6
1
1
2
2
43
47
1
78
9
3
4
1
42
81
47
2
2
102
14
89
8
62
1
3
2
1
11
2
4
2
3
1
1
1
2
4
2
1
113
5
1
1
1
428
1
14
1
1
1
3
1
4
1
3
1
2
10
1
1
1
1
1
1
2
1
1
1
1
1
5
25
1
6
1
4
143
69
1
1
1
1
20
20
1
1
1
3
4
6
4
4
1
1
3
18
1
1
1
1
2
1
1
99
6
1
1
2
1
1
1
4
3
1
1
2
1
1
1
1
1
1
1
1
1
1
2
1
1
3
1
2
1
2
10
1
3
2
1
1
1
1
1
1
1
1
1
2
1
1
1
1
2
149
72
1
54
1
116
1
1
4
1
1
1
2
1
1
2
1
1
1
11
1
2
4
101
1
1
1
1
1
1
1
1
1
1
1
5
10
1
1
1
1
8
3
2
11
1
1
1
2
6
1
2
87
3
1
1
1
84
25
161
1
2
1
1
1
1
2
1
1
1
1
1
3
1
1
1
7
10
1
1
1
2
1
2
1
1
1
1
1
6
1
1
1
13
1
1
2
1
1
1
1
1
1
3
2
3
1
3
1
1
44
1
3
3
10
3
1
1
4
1
4
1
12
2
2
1
2
1
4
3
3
2
1
1
1
1
1
1
3
1
1
1
1
2
1
1
1
2
1
1
1
2
2
1
1
1
26
1
2
2
1
1
2
2
1
2
1
1
1
1
3
2
4
1
5
1
1
2
7
3
9
14
17
1
1
1
16
7
1
5
2
3
4
1
4
1
6
1
11
44
2
1
1
1
1
1
4
8
1
8
3
7
1
2
1
2
1
1
1
4
4
1
2
1
2
4
1
2
1
55
42
1
3
1
1
10
1
2
2
1
1
2
4
1
2
12
2
1
1
1
1
1
1
1
1
37
1
3
1
2
1
1
1
2
3
1
1
1
2
1
1
1
1
2
4
159
4
13
2
2
4
1
127
1
1
2
2
1
1
89
1
1
1
4
1
1
1
1
2
1
2
1
174
2
1
16
1
1
1
1
1
1
7
1
3
2
1
1
1
3
4
2
1
2
1
3
1
1
1
1
7
1
1
2
2
1
1
1
1
1
404
1
1
1
4
1
3
1
2
2
1
1
1
1
7
1
1
1
2
1
6
1
1
2
1
1
5
3
1
1
4
5
2
1
3
2
1
1
2
1
3
1
2
1
2
1
1
1
1
1
1
2
80
3
1
3
1
1
1
1
2
5
1
1
1
16
43
2
2
1
1
65
3
1
2
1
2
3
1
1
1
2
1
1
1
5
1
2
3
1
1
2
3
1
1
1
1
1
2
2
1
1
1
4
2
1
1
1
3
1
1
5
4
2
1
1
11
1
1
1
3
5
1
1
5
2
5
2
2
2
1
7
18
38
1
1
62
1
1
1
3
1
1
2
1
1
1
2
7
7
2
7
1
1
1
2
1
1
1
232
1
3
1
124
1
1
2
23
1
3
3
1
1
1
13
2
1
4
39
1
4
4
2
3
1
1
1
7
1
4
2
6
1
3
1
1
1
1
1
16
1
10
1
31
4
14
21
15
7
4
4
1
14
1
3
30
30
1
2
21
4
1
2
1
64
1
8
1
52
1
5
13
295
1
1
1
1
4
1
13
2
1
2
6
1
1
2
2
2
1
6
1
2
11
2
14
2
1
1
7
3
1
8
1
1
1
2
4
10
2
1
1
1
1
22
7
1
1
4
3
1
1
4
1
1
1
5
3
1
3
1
6
10
2
1
2
5
1
1
1
1
1
1
1
1
3
1
2
8
1
1
1
1
2
1
1
1
1
5
1
1
2
2
2
3
2
1
12
23
2
10
2
1
1
2
1
1
2
5
1
9
2
2
1
1
1
1
4
2
14
17
323
92
4
1
2
1
1
14
1
1
1
4
2
2
4
5
3
1
1
1
1
1
1
1
1
1
1
1
32
30
1
1
3
1
1
1
1
1
1
1
1
1
2
1
1
1
5
2
4
1
1
4
4
1
1
2
45
2
1
1
1
2
2
1
1
1
1
1
159
2
2
1
3
1
3
1
1
1
2
488
1
4
1
1
1
1
1
1
1
1
1
4
1
2
1
1
12
1
1
2
1
1
1
68
1
1
1
2
2
1
6
2
1
1
1
2
2
1
29
1
1
1
1
1
1
1
1
1
2
1
1
1
4
1
2
1
1
54
367
1
2
5
1
1
3
1
1
1
19
1
1
1
1
1
6
1
2
1
3
1
1
97
1
1
1
1
16
1
1
5
1
1
1
1
15
1
1
2
3
2
24
1
1
1
1
1
1
2
1
1
1
3
1
1
1
2
7
1
13
1
1
2
2
1
1
2
2
3
2
12
2
1
3
3
2
1
6
1
3
1
3
1
1
2
4
3
1
1
1
1
1
2
1
1
1
1
1
1
2
2
2
1
1
2
1
1
3
1
1
1
1
1
1
4
1
1
1
1
1
1
31
83
6
3
4
1
1
1
1
1
1
1
1
1
1
54
6
2
1
1
1
1
1
1
1
1
1
1
2
1
7
2
1
3
6
38
2
2
4
9
1
1
4
53
5
13
8
1
1
1
2
1
1
3
32
3
1
2
1
2
2
1
2
2
3
13
1
4
14
12
1
1
1
1
51
1
2
1
1
1
1
2
1
1
1
12
2
16
1
3
1
1
15
2
1
1
1
2
1
2
2
1
1
1
3
1
1
4
1
2
1
10
56
1
1
14
10
3
2
1
1
2
20
11
1
2
1
10
2
11
1
1
6
1
1
2
1
1
1
1
5
1
2
1
1
26
1
1
1
1
1
5
3
1
1
1
3
8
10
1
3
10
13
1
3
1
3
2
2
1
1
5
1
2
38
1
1
1
2
6
6
1
5
9
1
1
1
1
4
1
1
6
1
1
1
2
8
1
4
3
3
1
1
31
2
26
20
2
1
2
3
2
1
1
3
2
1
1
1
1
2
1
1
1
1
1
1
2
1
1
1
2
1
1
1
1
1
1
4
3
1
1
1
1
3
5
1
1
1
1
1
1
1
1
1
1
5
1
1
1
1
1
1
3
1
2
1
1
1
3
1
1
1
1
2
1
7
71
2
2
2
10
1
4
2
2
1
1
42
1
1
7
2
2
1
1
1
1
2
1
1
1
1
1
3
1
1
70
19
2
1
1
1
1
35
1
3
1
1
1
1
1
2
5
1
1
1
1
3
1
5
4
1
1
2
1
1
1
2
1
1
1
1
1
1
7
15
2
2
14
1
1
5
1
1
2
7
17
1
2
1
1
1
1
1
2
4
1
1
1
2
1
1
1
1
6
1
1
3
1
25
3
5
16
1
2
1
2
11
1
1
32
19
56
1
4
1
1
5
1
1
3
4
2
2
3
1
1
1
1
1
1
8
1
1
1
1
1
1
1
4
1
1
1
1
1
1
5
6
4
2
1
1
50
10
1
1
2
1
1
1
2
17
1
1
1
2
1
2
1
1
1
1
2
1
1
2
1
1
2
3
1
1
1
1
1
1
1
1
1
1
1
1
1
2
2
2
1
1
1
2
1
36
1
1
1
6
1
1
1
1
2
1
1
1
1
1
1
20
19
1
4
11
1
1
8
1
2
7
1
2
1
2
1
9
5
13
281
1
1
4
4
1
36
1
9
3
34
4
11
21
1
1
26
2
6
1
20
1
5
1
121
1
1
2
2
1
1
2
1
1
1
1
1
1
1
1
1
1
1
7
1
1
3
1
95
1
1
2
1
1
3
2
9
1
3
4
2
2
1
1
3
6
3
6
2
3
5
56
4
1
17
1
30
6
9
1
2
96
4
7
74
11
26
29
48
1
10
121
17
5
15
13
3
1
2
5
2
5
12
20
1
17
24
138
3
1
1
11
2
3
1
6
11
9
5
1
3
1
28
1
2
6
7
8
3
1
6
1
19
1
9
20
1
15
13
1
3
1
1
3
1
1
2
1
3
9
76
2
3
5
1
16
35
1
1
2
39
2
3
10
1
64
4
1
2
2
1
24
2
32
125
9
17
39
1
1
1
101
1
97
1
1
4
1
1
2
1
6
1
47
2
2
1
12
13
2
1
1
1
1
1
1
1
2
1
1
2
2
1
1
1
2
1
1
15
1
1
1
1
1
1
1
1
5
1
94
1
1
1
1
1
2
1
1
1
1
1
6
5
14
6
8
1
4
1
58
19
69
2
7
28
1
1
22
1
7
1
1
8
65
1
3
32
1
2
120
1
1
1
14
9
1
2
1
8
79
1
1
1
2
1
1
1
1
2
1
3
1
2
1
1
1
1
1
240
1
1
1
1
1
1
6
2
1
1
12
1
2
1
1
2
1
1
1
1
20
16
1
1
51
1
1
13
1
1
17
1
4
23
1
3
5
6
127
8
1
1
1
3
1
1
2
1
1
1
1
1
1
1
1
1
1
1
1
4
1
4
1
1
1
26
1
4
57
1
2
2
2
28
5
3
1
2
1
2
1
1
5
1
1
247
30
1
29
1
1
1
1
3
4
1
1
1
1
1
1
1
2
5
1
1
1
1
1
2
1
1
1
1
3
31
43
6
3
1
1
14
1
3
1
1
1
2
8
41
1
1
4
30
1
5
122
105
1
1
3
1
2
1
1
2
1
1
1
1
1
2
1
1
2
1
1
2
3
2
1
1
2
1
1
3
479
1
2
22
4
2
1
1
1
1
1
1
1
1
2
1
1
1
1
1
1
1
1
7
1
4
1
1
101
1
30
1
3
2
11
1
2
1
1
2
6
1
1
180
1
1
4
2
1
1
1
1
1
1
1
3
1
1
1
1
1
1
5
2
1
2
2
19
2
1
40
1
2
1
1
15
2
2
1
10
3
1
23
2
2
7
1
4
4
1
1
1
5
1
9
1
3
5
54
1
54
14
2
2
1
46
5
1
39
6
1
1
1
17
1
1
22
1
1
18
1
1
1
1
1
1
1
2
1
1
4
13
3
2
6
191
1
3
1
26
1
1
2
1
26
1
5
2
1
367
2
1
1
1
1
3
9
1
258
1
2
1
1
4
23
2
1
1
4
9
1
9
1
3
8
2
2
9
6
1
1
1
1
1
1
4
9
11
7
9
3
3
1
5
13
1
5
3
6
2
1
1
1
2
11
7
8
42
1
8
1
1
1
1
8
23
9
2
2
11
5
1
73
1
2
1
1
1
1
1
1
2
3
1
3
1
4
1
6
1
1
9
2
1
2
1
1
1
1
1
1
1
1
5
2
16
1
2
1
2
1
1
1
1
1
3
1
1
1
1
6
1
2
1
2
1
1
1
60
1
12
42
34
3
1
21
3
3
14
3
4
2
3
1
1
3
15
2
1
2
2
1
30
2
2
2
1
1
1
2
1
1
2
2
3
1
2
2
57
1
1
1
1
1
130
1
1
2
100
8
1
5
21
2
22
3
1
1
5
5
4
1
4
2
3
1
1
4
1
1
10
1
1
2
1
3
20
1
1
16
1
1
1
2
32
1
1
2
1
1
1
1
134
1
1
1
5
1
1
11
1
1
1
20
1
1
2
1
1
1
1
1
1
23
1
45
1
115
2
1
1
1
265
1
4
1
1
2
1
1
1
1
1
1
8
24
1
1
1
18
1
1
1
1
1
1
1
3
32
1
2
3
2
1
1
1
2
1
1
1
1
1
24
10
1
3
1
1
20
2
3
1
1
1
1
1
4
1
1
1
1
2
2
2
2
1
1
2
1
1
1
1
1
1
1
1
1
1
1
50
2
1
6
3
11
37
2
19
7
1
1
4
1
67
2
1
306
3
1
1
1
18
1
4
1
4
1
21
1
1
1
9
7
4
6
47
2
1
2
15
7
4
1
1
1
1
1
1
1
1
1
1
24
1
18
3
1
1
1
3
1
1
1
1
1
1
9
1
1
1
142
1
5
1
12
1
9
1
9
1
5
3
18
26
5
4
5
3
1
1
7
3
8
2
2
11
1
1
58
1
1
2
4
2
2
24
1
2
1
1
9
1
1
3
2
1
4
2
1
46
5
1
1
1
1
1
1
1
43
2
1
63
1
1
8
1
13
6
1
1
1
1
4
4
1
4
1
38
5
4
3
1
1
1
2
1
1
1
4
3
1
11
3
1
1
1
4
1
1
1
7
1
6
6
1
1
2
1
2
1
1
1
2
365
3
1
1
1
1
69
1
1
1
3
204
1
2
2
1
2
1
23
4
1
1
2
1
1
1
4
2
2
1
87
3
29
1
2
23
3
1
1
2
2
1
4
1
1
1
272
1
21
11
2
1
3
1
13
1
1
1
1
1
1
2
1
1
7
1
1
26
392
1
3
1
5
1
1
16
1
1
4
1
1
38
34
1
1
1
1
1
1
2
141
16
2
1
22
1
19
1
1
123
60
3
1
5
1
1
58
2
2
22
3
12
11
1
1
1
1
10
31
1
1
1
1
5
1
1
4
1
1
1
3
1
6
1
1
1
3
1
6
5
10
1
1
1
1
30
1
18
1
1
8
1
1
1
1
1
1
1
3
1
4
1
256
1
18
4
2
3
6
7
1
1
1
1
1
1
2
1
7
2
1
27
1
2
3
3
1
3
4
1
1
3
1
1
1
1
2
1
1
1
1
1
14
3
1
284
3
1
59
41
1
14
1
1
1
2
3
2
14
13
1
378
1
1
1
1
6
2
1
2
5
1
6
2
1
1
1
1
2
1
2
1
1
1
1
1
1
9
3
1
1
2
1
1
1
3
1
1
1
1
1
6
4
1
1
1
2
1
1
68
3
1
1
1
1
7
7
2
6
1
1
1
1
1
1
1
91
1
7
1
48
1
1
1
24
1
1
5
4
1
1
6
3
1
1
1
1
1
18
2
1
1
1
1
1
2
1
1
1
1
1
13
27
1
10
1
8
28
3
1
3
4
43
2
14
2
8
2
1
1
90
22
2
24
1
4
5
72
3
1
1
6
22
30
15
2
2
1
15
3
2
2
4
1
1
1
4
1
1
10
2
1
1
3
1
2
1
2
315
1
1
1
5
2
4
1
5
3
1
1
1
35
2
1
1
11
1
1
11
1
38
1
11
1
6
6
3
1
12
10
1
5
2
1
2
1
8
2
34
2
3
11
1
17
6
1
7
16
2
4
13
5
23
1
3
1
1
1
1
10
2
1
7
15
6
3
1
14
2
1
2
1
1
1
1
1
1
1
1
8
1
2
1
1
1
6
5
28
1
2
1
1
1
1
1
1
1
1
1
3
1
1
10
9
1
13
5
2
2
1
1
5
33
8
1
5
1
1
5
1
4
4
3
2
1
54
2
5
2
3
1
4
5
1
1
3
1
1
1
3
3
2
1
8
1
1
3
7
4
16
4
1
1
1
1
1
1
2
1
1
1
1
2
1
5
1
3
1
1
1
1
1
7
2
2
4
1
10
1
4
5
1
1
1
1
1
1
38
1
4
7
7
1
3
6
1
1
1
1
7
1
1
2
1
4
1
1
28
1
1
2
3
1
3
5
4
1
1
8
2
5
3
1
11
33
2
1
4
1
50
8
2
1
61
1
1
5
1
1
1
1
3
1
1
7
2
5
1
1
1
1
1
314
5
1
3
227
28
4
1
1
22
2
3
17
1
513
1
1
2
1
1
2
3
3
10
7
1
1
16
1
1
3
1
3
4
1
1
8
1
1
292
1
3
1
1
1
4
3
5
1
23
1
1
1
1
1
1
1
1
6
1
1
1
1
1
1
3
1
1
1
1
1
3
1
1
1
42
1
1
2
22
1
1
1
1
1
262
3
2
1
1
1
1
1
4
2
6
63
4
6
1
3
4
6
1
1
10
1
13
1
13
2
3
1
1
1
1
1
1
6
2
1
2
2
8
1
1
417
1
2
1
1
42
126
3
5
1
1
1
1
2
1
1
1
101
1
1
1
35
6
1
1
7
1
1
2
1
22
2
1
22
28
4
2
11
1
11
2
4
1
1
2
10
1
1
1
1
1
1
6
14
2
4
1
6
1
8
1
1
1
9
18
2
3
1
1
49
1
8
4
1
1
1
2
5
1
1
2
16
1
1
1
1
3
2
1
8
1
2
1
1
1
1
3
3
1
1
1
2
1
7
1
1
1
4
1
1
3
1
3
1
1
3
1
1
2
3
2
5
2
366
2
2
40
1
1
1
2
1
11
1
6
1
1
1
153
4
1
1
3
1
1
1
1
1
94
1
2
1
1
1
1
2
1
1
1
17
1
1
89
1
13
1
2
1
1
2
1
1
1
42
2
3
1
5
6
2
3
2
1
1
1
1
1
1
40
1
37
1
137
527
1
1
1
69
2
23
6
2
22
1
1
4
6
2
2
1
1
1
1
2
1
1
2
1
69
2
1
3
1
1
1
130
1
2
1
1
2
10
2
1
1
2
1
1
1
1
1
1
6
1
438
3
1
3
5
1
3
1
5
1
1
1
1
2
134
75
60
1
41
2
2
11
1
1
1
3
1
1
1
7
1
1
1
2
3
1
2
318
1
1
1
3
56
1
64
29
1
1
2
1
1
2
46
3
1
2
2
1
1
2
1
1
1
1
3
1
2
2
15
1
1
1
5
74
1
1
1
2
1
1
2
6
6
1
1
19
1
1
1
1
1
2
17
3
3
3
1
1
2
3
22
31
2
2
1
22
12
1
4
3
1
24
23
37
2
13
8
3
4
12
1
3
3
2
1
1
1
37
1
1
1
1
1
1
1
5
1
8
1
1
1
1
8
1
1
6
2
1
1
5
9
4
1
5
1
1
6
2
7
2
2
2
2
7
3
4
1
6
5
1
1
1
7
3
1
8
1
1
4
1
1
3
3
1
4
270
8
1
12
1
4
1
10
1
3
8
5
1
3
1
2
1
5
2
1
1
1
1
1
1
1
1
1
1
1
2
9
3
4
1
1
1
7
11
1
6
5
3
1
1
1
3
4
1
2
1
3
1
121
1
6
1
1
292
5
1
4
3
2
1
2
2
1
3
1
97
4
1
1
1
38
1
2
1
2
3
1
3
14
3
2
2
22
1
2
2
4
4
2
2
1
2
2
4
1
2
2
1
1
1
1
1
1
3
1
2
1
1
20
2
1
1
3
29
6
1
5
11
3
1
3
15
12
1
24
1
74
2
38
1
1
2
2
1
1
1
2
1
88
19
4
1
1
8
1
8
4
5
59
1
7
1
1
1
1
5
1
1
1
5
1
3
32
6
1
2
12
2
2
1
3
1
2
1
1
4
1
31
1
2
2
1
1
1
10
1
1
2
1
6
12
6
1
1
2
1
1
1
1
2
2
1
1
3
1
1
1
13
1
2
2
1
2
8
7
1
1
1
9
90
3
2
1
69
6
3
11
9
2
2
6
7
1
9
1
1
1
1
4
1
1
49
1
3
10
2
13
1
1
1
2
9
1
8
8
8
5
1
3
4
1
1
1
1
18
1
1
12
17
1
1
1
7
1
1
8
2
1
1
1
62
2
7
1
1
1
1
1
1
1
13
1
1
1
2
1
3
2
1
2
1
8
2
44
1
1
2
1
3
1
1
2
2
4
1
1
2
1
4
5
1
2
1
20
2
1
1
1
1
3
1
125
17
1
1
2
1
2
1
1
1
1
2
32
1
2
3
1
23
1
5
2
2
1
1
1
1
2
1
1
1
1
1
1
1
1
1
1
32
1
44
34
1
2
1
1
1
6
1
1
1
3
1
1
7
1
1
1
1
1
1
1
16
14
2
5
78
15
25
1
2
2
2
3
1
9
6
3
1
1
1
1
2
1
2
6
30
1
2
42
1
1
3
5
2
1
21
23
1
1
1
1
1
1
1
1
1
1
34
1
2
2
1
1
2
2
1
1
3
2
2
1
2
5
2
1
2
5
2
4
1
2
1
2
9
8
83
1
1
1
2
1
2
2
12
1
3
122
20
1
1
1
1
1
9
1
1
1
2
8
1
4
1
1
1
2
2
2
1
16
1
8
1
2
1
2
1
3
1
2
1
8
1
38
1
1
12
3
3
1
1
5
1
1
2
2
6
3
5
1
3
35
33
2
6
4
2
1
1
1
3
4
1
1
1
4
3
1
2
60
4
3
12
2
1
1
1
1
12
1
1
10
1
4
1
1
1
2
85
6
1
5
2
1
1
1
5
1
2
2
4
31
1
1
2
1
3
1
13
5
2
7
11
8
16
7
2
36
65
28
1
2
2
4
79
3
9
1
1
5
1
20
3
1
1
2
1
2
1
1
3
4
1
1
1
1
1
3
19
1
3
4
10
10
3
1
1
3
1
1
11
1
1
3
8
2
4
7
2
58
1
4
2
2
6
2
1
1
3
3
3
1
1
1
32
1
1
152
7
1
1
6
11
2
1
12
3
2
5
12
1
1
2
2
1
2
1
1
1
1
1
10
2
1
1
3
1
2
1
3
1
28
3
4
1
1
2
1
1
1
6
1
1
2
1
3
2
4
2
1
4
1
1
13
1
1
1
20
7
1
1
31
2
1
1
1
1
2
4
1
5
1
1
2
2
1
1
1
1
1
2
1
1
1
1
2
2
1
1
2
1
1
1
1
1
3
2
9
1
1
1
1
1
1
1
5
1
1
5
1
5
1
1
5
1
1
7
1
3
12
1
1
1
2
1
192
1
2
1
1
1
1
2
7
1
2
2
3
5
42
4
1
1
4
3
1
1
1
63
3
2
1
3
10
29
1
1
1
20
1
4
1
1
1
1
1
2
1
1
1
4
2
6
3
1
1
58
1
9
7
5
21
2
2
1
10
2
13
15
1
1
1
7
13
3
2
4
1
1
1
2
1
3
1
1
3
2
1
1
5
2
2
1
4
2
17
8
1
1
1
3
71
2
2
11
33
10
1
1
1
10
1
1
1
3
516
10
23
2
4
1
3
1
1
2
178
137
1
2
1
2
1
1
17
24
7
1
5
44
79
2
2
12
2
1
8
2
1
45
3
1
11
1
2
1
2
1
1
14
4
14
2
6
2
1
1
1
17
2
1
2
3
1
1
2
4
17
1
1
1
1
1
1
2
62
15
4
2
1
1
1
7
2
4
9
3
1
5
4
1
6
3
1
3
1
1
2
1
1
1
1
6
1
1
1
1
2
1
10
1
1
2
1
1
1
1
1
1
1
1
1
3
1
2
1
51
9
2
37
1
1
3
1
1
2
8
1
1
1
1
1
1
3
13
3
1
1
6
7
9
22
1
4
2
1
1
2
3
1
82
3
1
2
1
1
105
42
1
143
1
1
1
1
4
1
4
1
1
454
1
2
8
21
1
75
1
1
1
2
180
4
1
1
2
6
1
1
8
72
2
1
1
1
1
1
1
1
1
1
15
1
1
1
1
1
46
2
1
3
1
23
1
128
2
1
1
1
1
1
1
2
3
1
1
2
1
6
1
4
1
1
1
1
4
1
2
5
1
1
1
3
5
5
3
2
3
1
1
1
2
1
1
1
1
2
1
1
1
4
3
58
3
2
38
3
2
1
5
14
6
3
1
1
2
2
6
1
5
1
9
1
3
1
1
1
21
1
1
1
8
4
1
22
2
1
1
38
1
13
81
1
10
4
1
18
11
13
28
94
1
12
6
7
1
41
1
1
5
1
1
162
3
17
1
15
26
2
2
1
1
2
2
1
2
1
1
1
2
2
4
1
3
3
2
2
3
6
9
2
1
8
2
1
4
1
7
2
18
5
2
1
44
2
13
29
2
3
1
1
10
3
1
1
1
1
2
1
14
1
4
1
2
7
7
1
1
1
5
1
1
5
1
1
1
10
2
2
1
1
1
134
2
6
1
10
294
1
4
1
8
1
1
1
1
1
8
5
2
3
2
9
9
1
22
2
1
8
2
2
35
2
19
1
5
10
1
1
81
1
1
1
1
2
3
1
1
5
2
1
1
1
1
3
3
1
3
2
1
2
2
1
3
1
2
1
1
1
1
274
12
2
1
1
1
3
114
2
13
9
3
2
1
4
1
1
1
1
8
8
2
36
1
1
1
1
10
1
2
4
6
256
1
1
20
1
1
2
1
11
1
28
1
1
1
102
1
1
1
1
1
55
1
1
3
1
3
1
3
1
1
3
1
1
1
1
44
1
1
2
1
321
4
5
3
1
16
1
1
1
3
6
4
34
2
6
1
7
1
1
1
1
1
1
1
2
1
1
1
2
2
10
1
1
2
1
2
10
1
1
2
15
2
541
1
1
1
1
1
1
1
112
2
1
1
1
1
1
20
1
1
1
1
1
18
4
2
3
2
16
2
1
124
1
7
1
2
1
7
1
1
1
1
1
4
13
1
34
1
2
2
2
7
2
11
1
1
1
3
1
1
2
2
1
6
1
1
3
2
1
39
1
1
1
5
5
8
4
1
1
1
1
1
1
1
2
1
1
1
1
2
3
10
44
62
1
6
1
1
4
1
7
1
4
1
2
1
1
2
1
1
1
4
1
1
1
2
1
1
1
1
1
1
2
2
1
1
1
1
1
1
1
1
1
2
4
1
30
1
1
1
1
1
1
1
4
2
1
1
1
1
1
1
1
1
2
1
13
4
1
1
1
1
4
1
1
1
1
1
2
1
1
15
1
5
5
1
69
1
3
10
1
3
4
1
3
1
2
1
1
1
3
1
2
1
11
1
4
1
2
1
6
10
5
20
3
2
10
1
9
6
2
102
2
1
1
1
1
1
1
1
4
4
1
20
2
1
4
1
5
1
1
15
7
1
1
1
186
1
3
9
6
2
1
2
1
1
1
1
5
17
1
1
21
4
8
1
1
2
2
1
2
2
1
2
6
5
34
21
4
1
3
7
2
1
7
1
67
1
4
9
2
3
10
5
1
1
20
16
8
4
1
1
3
8
1
1
3
19
3
2
3
1
3
2
3
2
2
1
6
1
5
12
1
2
1
3
6
1
1
2
2
4
1
3
5
2
1
1
4
1
4
1
1
2
1
1
1
6
2
2
1
3
1
1
3
22
1
2
2
1
11
3
1
4
1
5
1
10
1
67
1
6
1
12
5
11
1
251
1
30
4
13
2
13
2
10
1
48
12
3
1
1
33
3
1
10
1
1
1
4
9
1
2
1
50
14
5
1
125
2
1
1
2
11
15
3
3
3
1
1
6
1
2
38
21
1
14
2
2
39
19
4
2
57
14
25
1
10
1
9
1
14
2
3
1
12
1
1
9
2
1
7
4
1
4
1
2
1
2
6
1
5
1
5
6
1
2
50
3
1
54
2
1
1
2
1
1
9
3
1
2
1
1
35
8
1
41
6
1
92
14
1
1
1
1
4
1
1
58
245
201
8
1
9
7
24
3
5
1
27
20
1
8
12
1
1
4
3
3
36
4
20
8
4
9
2
5
30
9
2
3
7
1
1
4
13
1
2
1
66
1
8
1
1
123
1
10
30
1
1
1
13
1
10
2
9
2
1
1
2
2
1
15
1
1
2
58
1
9
73
47
11
1
1
10
2
1
2
1
1
7
13
32
6
86
5
33
3
1
1
1
3
2
2
3
1
1
8
1
2
4
1
1
1
1
5
169
3
1
4
1
2
4
9
1
1
2
1
1
1
1
1
14
2
3
13
1
2
2
3
1
1
67
11
1
2
10
1
1
13
51
1
3
1
1
151
1
1
3
1
1
3
3
1
2
4
1
1
1
1
1
5
1
3
1
1
1
5
1
7
1
1
5
1
3
1
15
3
1
13
1
20
5
1
1
2
2
1
3
2
3
3
1
3
8
1
19
1
1
11
6
2
1
2
14
1
10
4
1
1
2
5
1
10
2
20
19
18
5
7
1
4
21
17
2
2
3
3
7
2
1
2
1
1
2
1
6
10
3
2
1
1
2
7
1
2
2
1
6
6
1
1
27
5
18
14
1
2
2
19
8
2
25
1
3
1
11
1
2
1
8
1
221
2
1
13
1
8
17
6
4
4
6
1
2
1
1
35
1
1
1
1
5
2
3
6
1
1
47
3
6
3
1
6
15
3
2
2
15
1
2
4
1
1
1
6
1
2
10
2
8
3
1
1
6
1
6
10
1
1
5
1
2
1
13
2
1
6
1
1
2
2
1
39
314
1
2
1
11
1
1
1
4
1
1
1
1
2
1
1
5
10
1
1
1
1
1
3
1
4
13
1
1
1
1
1
3
3
13
3
5
4
1
1
2
1
1
1
17
1
2
17
1
7
1
2
1
1
2
3
71
1
1
1
1
2
1
1
1
1
5
3
6
1
11
1
1
1
1
2
1
1
1
1
1
34
9
1
2
24
40
5
3
1
34
2
2
5
2
2
1
2
1
1
1
59
2
11
2
1
1
1
10
1
4
1
1
3
4
3
1
1
3
1
2
1
1
22
1
3
5
3
1
1
1
29
1
1
22
1
1
110
1
3
1
7
1
1
2
23
5
1
6
8
5
8
3
2
1
1
1
2
1
1
1
1
2
2
1
8
1
3
1
2
1
2
2
3
1
1
3
1
3
1
1
3
11
3
1
1
1
1
2
1
1
1
1
1
2
3
2
4
2
1
1
7
2
7
12
3
3
1
4
6
1
1
1
2
1
1
1
1
1
100
2
1
16
1
1
14
1
3
3
20
2
1
1
1
64
16
1
8
1
1
15
1
40
1
1
2
3
6
3
64
4
1
1
37
1
10
2
2
13
1
1
1
22
2
4
2
2
1
7
1
1
1
1
213
2
202
1
1
1
503
1
1
1
1
1
10
54
1
1
1
1
1
1
1
3
1
5
2
1
1
1
4
77
1
2
1
2
2
1
24
20
1
1
3
2
1
10
24
1
6
1
1
1
1
1
2
23
1
3
1
1
3
2
1
2
1
1
3
1
1
1
1
1
2
1
2
1
2
1
1
5
1
1
4
1
6
1
2
1
1
1
1
1
1
5
1
1
4
3
1
2
1
4
1
1
1
2
1
1
1
3
1
1
2
1
6
1
1
4
1
4
1
1
1
1
2
2
1
7
14
6
2
2
2
2
6
1
1
1
1
1
3
1
1
2
1
1
1
1
1
1
2
2
2
1
2
2
1
1
2
1
1
1
1
2
1
1
2
1
1
2
1
308
1
1
1
4
4
2
1
7
1
3
1
4
3
3
11
7
6
1
8
1
1
1
1
1
1
1
1
1
2
1
1
1
2
2
1
1
1
2
252
1
1
1
1
1
1
1
1
1
1
1
5
4
1
74
1
4
3
3
1
3
3
1
3
5
1
1
1
5
1
2
2
1
1
1
1
1
1
36
1
1
1
1
2
1
3
1
1
1
2
1
1
2
2
5
9
1
1
2
1
8
3
1
1
80
8
2
1
1
2
2
1
2
2
1
1
5
2
1
2
1
1
8
1
1
5
1
1
1
3
1
1
3
3
2
2
1
1
1
2
2
1
1
3
1
1
3
1
72
1
2
14
91
1
167
1
21
6
174
1
3
130
30
9
70
110
4
1
3
2
1
1
1
3
5
42
1
1
2
17
2
41
1
2
2
5
1
1
3
12
1
3
6
1
5
2
280
2
6
1
3
13
18
2
7
1
1
1
8
2
2
13
7
3
16
19
17
16
1
7
2
1
1
1
1
1
5
5
2
1
2
1
1
1
6
1
9
21
9
1
1
8
1
1
1
2
1
1
1
1
4
1
134
1
1
1
1
1
1
43
10
1
1
57
63
1
1
1
4
1
1
1
1
1
45
1
1
12
11
27
2
1
1
9
9
1
211
2
9
3
1
1
8
3
1
1
1
1
52
1
2
5
3
31
13
45
16
4
1
1
4
117
4
3
1
5
1
2
1
1
1
1
1
2
1
1
8
35
46
8
1
1
1
1
3
6
13
1
19
2
1
1
9
1
99
1
23
1
2
2
1
2
192
3
17
1
1
2
1
289
1
4
8
241
2
5
9
2
1
1
1
1
1
1
1
1
2
2
1
1
3
66
4
1
2
1
11
1
16
1
2
7
5
63
37
1
5
4
5
123
17
14
17
16
9
1
1
59
2
1
2
13
12
2
2
5
3
13
228
1
1
1
27
3
7
3
1
2
1
8
2
1
1
1
14
1
13
13
3
1
1
6
6
2
2
1
17
8
4
1
8
2
3
1
9
1
7
8
1
10
1
15
1
3
18
1
6
1
2
1
11
1
1
1
3
1
4
36
2
5
5
1
2
2
1
13
3
9
3
2
1
2
1
1
1
13
1
1
1
1
1
1
1
2
14
1
3
1
6
1
9
127
2
1
10
1
1
4
14
1
139
1
1
2
159
6
1
2
32
1
4
1
3
81
1
3
56
8
56
1
2
1
37
1
31
10
2
1
1
1
1
102
5
1
51
1
1
1
1
3
1
3
41
2
75
2
3
6
1
13
1
1
14
1
8
1
4
8
3
6
16
2
7
4
1
11
5
24
1
6
5
1
12
42
5
1
85
1
3
24
42
1
4
4
60
10
5
1
1
1
3
111
1
1
4
2
1
22
6
3
17
1
6
10
1
113
3
1
20
57
51
4
2
35
43
2
249
1
8
45
23
19
1
1
3
1
6
12
1
2
2
26
1
6
14
26
6
6
18
1
3
1
6
1
1
1
1
2
1
1
3
1
2
1
1
1
384
2
1
1
1
1
1
1
4
1
1
48
1
1
1
6
3
1
1
126
2
6
1
1
21
7
14
1
2
1
1
1
1
1
6
2
1
1
1
1
1
2
41
32
20
3
1
5
1
1
1
1
1
1
1
2
2
1
1
5
1
1
1
1
3
2
1
1
1
72
18
1
2
5
8
1
2
10
6
2
1
15
17
7
8
1
3
1
3
1
4
1
2
2
2
7
4
1
1
4
1
1
3
1
1
1
1
1
1
12
37
1
1
1
46
1
3
2
1
2
1
1
1
1
2
1
1
1
1
2
1
19
3
1
1
1
1
2
43
21
2
1
1
1
1
1
1
1
1
1
1
1
1
6
2
1
1
41
2
1
1
1
1
1
1
3
2
2
1
1
1
102
3
1
1
2
2
1
1
1
1
1
1
1
4
1
1
3
2
1
1
2
1
1
2
2
12
2
1
1
1
1
43
1
1
2
1
1
1
3
1
2
7
1
3
1
1
1
1
8
3
2
2
1
1
1
1
1
1
1
3
1
1
2
2
5
3
11
3
3
1
1
2
1
1
1
1
1
8
4
61
9
11
4
2
5
4
2
17
28
3
4
1
1
17
1
29
1
1
1
1
102
2
1
1
2
1
1
1
45
1
4
2
2
12
18
54
12
2
2
4
2
6
23
16
1
1
30
3
1
11
1
1
7
1
1
1
1
4
1
2
1
7
1
1
5
1
1
4
8
1
3
1
1
2
1
1
1
1
1
1
1
5
2
1
7
6
1
1
5
2
1
1
1
1
2
14
1
113
12
7
2
1
2
1
9
3
1
2
2
1
2
1
1
1
1
2
2
1
1
1
14
3
1
1
1
1
1
1
4
1
53
8
1
1
1
1
1
4
1
1
3
1
1
1
1
1
61
60
1
7
1
1
436
2
1
1
45
1
2
3
2
1
1
1
2
1
1
1
1
40
2
1
1
1
1
3
1
1
1
2
1
1
153
1
2
39
1
1
1
2
1
1
45
2
2
1
1
3
36
1
1
1
1
2
2
1
1
1
1
1
1
13
27
1
3
1
1
3
57
75
1
1
1
1
3
1
2
2
1
1
1
1
4
2
1
2
1
5
17
1
1
1
6
1
39
1
318
1
1
1
1
1
5
9
1
1
2
1
3
3
1
6
38
1
3
7
63
1
13
1
39
2
1
1
1
1
1
1
1
9
1
18
1
14
7
1
1
1
6
8
7
3
5
8
1
1
2
1
368
1
1
1
1
5
4
2
2
1
1
1
1
3
3
1
2
360
1
8
1
1
1
1
1
1
1
3
1
2
3
2
1
1
4
5
75
1
1
87
1
1
1
1
1
47
2
1
3
1
633
1
1
231
5
1
2
1
2
1
12
1
3
1
1
1
1
24
1
1
2
2
6
1
1
1
1
1
2
4
8
30
2
2
5
4
2
1
1
6
1
2
1
1
1
1
1
1
1
1
2
1
1
1
3
1
96
1
3
79
2
1
1
1
3
1
1
1
166
1
21
4
6
1
1
1
4
1
5
5
7
1
1
10
1
15
78
1
1
1
1
3
1
1
1
1
28
1
2
1
3
2
1
1
1
2
2
1
21
46
150
1
62
3
1
504
1
1
6
1
1
1
1
3
1
2
1
2
1
1
1
1
1
1
6
1
1
1
89
3
7
1
3
2
1
4
2
1
1
3
9
1
2
5
7
3
1
2
42
7
2
78
50
5
4
11
2
1
1
11
1
3
2
23
2
1
1
1
1
3
14
1
1
16
3
4
3
2
4
1
4
1
15
1
4
1
2
22
1
1
1
91
1
25
1
4
2
2
5
11
2
1
3
150
25
1
1
43
17
47
2
1
18
1
1
2
122
10
1
1
13
1
3
1
29
2
31
1
1
6
1
1
1
3
2
34
1
65
4
4
1
1
33
5
9
100
32
11
3
43
12
12
7
2
98
7
90
48
9
8
1
1
6
2
24
42
7
14
240
8
18
16
11
1
39
6
4
1
7
42
1
1
22
3
3
3
2
1
17
1
1
1
1
144
3
1
5
1
1
7
2
19
11
1
1
1
1
1
1
2
1
1
1
68
1
1
1
5
3
1
4
1
6
61
4
1
21
1
1
2
1
5
1
5
26
1
8
1
2
8
1
2
1
2
1
1
1
4
2
2
1
8
1
1
2
1
2
1
18
1
1
2
36
2
18
5
1
1
1
1
1
15
1
1
1
1
2
21
1
442
1
1
1
1
2
1
2
1
6
2
1
1
1
2
2
1
1
1
2
15
4
1
1
1
1
3
1
1
1
1
1
1
1
1
253
410
263
1
1
1
1
1
27
300
1
11
1
1
1
1
1
109
1
2
1
1
1
1
2
3
11
1
1
2
5
2
1
1
1
1
1
1
1
1
1
1
10
1
1
1
1
1
54
1
1
1
5
1
1
7
1
1
1
1
5
3
9
1
2
33
3
5
9
1
1
1
1
43
1
1
1
336
1
3
1
185
1
1
3
1
1
1
622
1
14
8
58
1
1
1
1
1
3
5
30
1
1
1
2
1
1
1
1
1
1
336
1
1
4
1
1
2
1
2
2
1
141
1
1
2
1
1
2
1
11
117
6
1
1
2
1
2
2
3
1
6
10
1
1
1
1
1
1
1
18
1
1
2
2
1
1
10
3
2
1
1
1
1
1
1
1
3
3
3
30
47
1
1
1
1
1
1
1
1
4
1
1
1
1
1
1
1
1
1
1
1
1
1
190
1
1
1
1
40
1
4
1
1
1
1
5
4
2
1
6
1
118
30
78
2
1
1
1
1
1
1
1
1
14
1
313
12
2
1
48
2
1
6
1
1
1
1
1
2
1
1
1
1
1
53
1
1
1
1
8
1
40
1
1
1
1
1
1
1
1
1
1
1
1
1
1
1
1
352
1
1
1
1
1
1
6
1
1
1
1
1
2
3
100
1
3
1
1
1
1
1
3
3
33
24
2
5
4
7
5
3
1
1
31
252
2
18
19
1
3
22
2
1
1
4
1
1
1
1
1
42
1
3
1
7
2
1
5
1
1
1
2
1
1
1
1
1
47
29
6
1
5
4
8
19
1
1
5
2
1
6
3
54
1
2
4
2
1
1
1
1
34
3
1
17
1
1
1
93
1
1
3
1
5
1
1
1
1
3
23
1
11
1
1
1
1
3
1
1
50
1
1
7
135
1
1
1
6
5
1
7
1
1
1
52
3
1
2
1
4
22
1
1
1
1
1
1
1
1
1
1
52
2
21
3
1
34
10
1
1
1
1
1
1
3
16
30
11
41
132
1
1
1
1
1
1
9
29
35
4
36
1
1
1
1
3
22
1
3
4
72
100
2
29
1
1
1
1
1
2
2
1
2
4
384
9
4
1
4
1
1
2
1
1
9
2
1
2
3
5
1
1
1
2
2
1
1
2
1
1
7
1
1
1
2
1
1
1
1
1
2
1
5
8
5
1
1
3
1
2
1
1
1
3
2
1
1
1
1
1
1
1
2
1
1
1
4
1
9
1
1
1
1
65
259
1
1
1
2
26
241
5
1
1
6
22
1
6
5
1
2
1
1
1
91
11
1
2
9
4
1
2
1
1
1
1
1
23
1
10
1
1
1
61
1
1
1
1
1
1
1
1
1
1
28
1
1
2
3
1
1
5
1
1
1
2
40
151
2
9
2
1
1
1
4
1
1
1
2
5
2
1
2
1
1
5
1
2
4
1
1
2
7
2
1
1
1
1
2
28
10
2
10
1
1
2
1
1
1
1
9
1
7
17
1
2
58
12
1
2
2
1
1
20
6
1
1
2
1
2
1
3
4
1
7
1
58
1
61
1
1
1
1
1
7
5
135
6
1
1
1
1
1
18
88
4
1
16
3
1
1
1
1
18
6
7
3
1
4
2
13
1
5
12
1
1
1
1
2
1
4
1
1
12
3
1
4
1
1
1
7
3
2
1
2
9
1
2
4
64
1
1
1
1
1
11
1
1
1
1
1
1
1
2
1
7
5
1
7
1
1
2
1
19
1
1
1
1
1
2
8
1
2
3
24
8
1
1
2
1
1
1
1
1
3
1
1
1
9
2
4
2
2
1
5
1
3
8
1
1
1
1
1
5
23
1
2
18
7
1
4
3
1
1
2
1
1
3
2
1
1
2
1
2
1
1
2
2
1
1
107
2
1
2
36
4
1
1
1
2
175
