6
1
1
1
1
4
1
1
1
2
1
4
2
1
1
5
2
3
1
2
1
15
7
1
2
1
1
7
2
1
3
3
3
1
4
1
3
6
2
19
3
1
1
2
3
1
1
1
2
4
3
8
6
3
9
2
3
3
3
1
1
2
1
4
9
3
3
2
2
1
2
1
1
3
2
1
3
17
1
2
8
1
1
3
2
1
2
2
2
1
2
5
2
2
2
2
2
1
8
7
1
5
1
2
1
1
2
1
1
2
4
1
6
1
2
1
1
6
1
3
2
2
3
4
1
1
1
1
2
2
1
2
2
1
2
1
6
2
1
2
1
1
1
1
2
1
2
8
7
1
3
1
2
4
1
2
3
1
4
2
1
6
6
3
3
3
5
1
2
1
1
11
3
3
1
3
1
1
1
3
1
5
2
3
6
3
2
1
2
3
1
2
1
1
1
3
1
8
1
2
3
1
1
8
1
2
2
1
1
1
12
7
2
1
1
1
5
1
8
1
8
3
1
1
1
2
2
2
1
3
3
8
1
1
2
4
5
2
1
2
12
1
6
5
1
2
5
1
2
1
2
1
1
7
2
1
1
2
2
4
3
2
4
1
3
1
1
1
6
2
2
9
2
1
2
1
2
5
1
2
2
3
2
3
2
1
1
4
1
14
2
7
1
4
6
2
2
1
4
5
3
4
12
1
1
2
1
1
5
3
8
8
9
1
1
7
9
2
2
1
3
4
1
3
1
1
3
1
3
2
2
1
1
2
1
2
2
3
1
9
3
1
22
1
2
2
1
1
2
7
1
2
2
1
6
6
1
4
3
1
3
12
1
2
2
5
1
3
3
4
2
2
1
1
4
8
1
1
1
6
2
2
1
1
1
1
2
5
1
7
1
4
4
2
1
4
3
4
8
8
2
2
1
1
6
1
5
2
1
2
2
2
6
1
1
2
8
6
10
1
5
9
10
2
3
1
3
1
3
2
3
2
