7
6
17
7
6
4
38
5
1
4
2
1
1
3
2
2
9
6
22
1
1
24
8
1
2
25
3
3
17
3
7
1
2
2
9
2
8
2
1
4
11
18
6
2
1
31
5
8
10
6
10
1
5
8
1
2
18
3
3
7
1
3
8
3
3
11
8
31
1
4
15
11
5
42
4
4
34
4
4
11
40
3
3
30
2
6
5
2
4
17
3
6
1
10
1
5
1
27
9
3
8
1
2
7
17
1
8
6
3
2
3
2
11
2
1
3
1
44
1
6
2
8
14
6
71
3
1
22
1
4
2
1
3
1
1
12
4
40
1
1
2
2
13
2
5
1
8
2
3
4
1
8
1
1
3
10
1
58
1
13
3
1
1
3
5
25
1
6
7
2
5
15
22
11
1
10
4
1
29
22
8
16
47
5
3
2
71
7
3
1
1
5
3
12
2
2
3
2
1
31
1
3
2
1
17
6
8
4
8
8
9
2
2
6
25
1
1
1
3
2
1
2
11
3
12
1
42
8
10
5
2
1
5
9
1
2
3
8
2
1
7
4
2
19
9
3
57
1
7
8
4
6
16
4
2
1
17
16
2
2
2
3
2
1
8
17
1
4
1
7
4
2
14
2
1
61
1
59
20
1
3
9
3
1
32
6
1
1
36
19
8
4
1
1
2
15
3
80
29
17
1
4
6
3
4
6
16
1
1
1
7
3
1
8
5
17
10
4
42
2
1
8
7
13
1
2
1
8
11
1
4
29
20
8
1
6
6
4
1
2
2
32
1
3
2
11
3
8
5
2
12
1
2
1
12
8
9
8
1
2
2
2
10
4
5
1
3
6
3
24
2
1
2
8
4
19
2
2
3
32
1
2
4
21
6
8
1
67
8
2
1
6
1
12
56
7
2
4
61
1
1
15
2
9
5
2
13
3
1
46
5
1
3
2
1
67
1
4
30
2
3
4
4
3
5
13
17
1
3
4
2
5
19
17
23
16
1
2
2
6
7
1
35
1
2
33
1
1
27
1
6
13
11
1
1
31
24
9
16
3
1
2
9
5
8
2
1
1
3
1
4
4
8
5
4
1
2
17
1
3
1
5
5
3
1
6
12
1
4
11
2
24
44
12
2
1
5
2
2
2
1
8
2
3
40
1
3
2
1
3
6
2
6
3
4
1
41
2
15
9
2
8
1
2
28
2
3
1
5
1
9
1
2
8
3
4
14
1
55
2
1
2
35
13
3
2
97
12
17
11
1
5
32
8
5
41
3
1
9
1
8
8
5
7
10
24
6
24
6
1
2
20
1
1
1
21
15
13
4
6
17
39
4
1
1
11
2
9
1
3
19
1
1
30
3
14
6
1
1
10
3
19
7
3
7
7
1
2
1
32
2
52
19
2
1
2
3
1
2
2
7
1
2
21
72
1
2
10
13
3
5
42
5
2
2
15
9
4
2
2
1
10
3
20
15
1
2
1
2
9
3
3
2
5
4
34
12
2
6
5
18
1
2
1
1
1
2
53
12
6
13
1
5
1
1
6
3
3
4
1
6
1
2
14
7
2
41
19
5
15
1
16
4
65
2
2
14
2
1
2
6
4
2
28
1
5
5
4
2
5
12
7
25
4
1
25
2
2
2
2
8
28
53
2
44
2
2
1
21
2
7
2
55
13
3
1
1
2
1
2
2
6
3
31
8
10
9
2
2
7
3
1
3
1
29
6
1
5
1
6
8
4
23
2
26
2
3
1
54
1
1
12
3
22
25
5
5
1
1
3
34
3
80
1
5
1
1
3
1
1
8
2
10
1
17
2
51
8
1
1
4
6
10
13
12
7
1
35
7
8
12
22
5
2
10
6
2
2
18
3
20
2
5
3
2
3
1
2
77
2
9
2
1
1
2
11
37
2
23
11
22
2
3
4
16
1
3
2
1
1
1
1
17
12
1
1
5
4
3
5
3
2
1
5
6
1
5
124
3
36
4
1
2
7
12
2
12
14
5
3
2
2
3
12
9
1
2
11
42
5
6
3
2
1
8
1
14
3
40
2
39
8
19
6
1
5
1
14
6
1
3
3
1
3
8
7
1
1
8
1
1
3
16
1
11
28
1
7
3
3
15
73
3
8
5
11
3
7
5
2
4
15
1
1
25
6
8
2
8
1
2
4
45
30
3
5
15
1
1
30
2
6
1
2
19
1
3
5
9
2
24
2
2
67
73
2
13
11
1
15
6
4
14
2
1
5
9
5
7
4
2
5
1
6
2
11
1
2
3
19
4
2
5
39
2
1
2
1
5
3
7
1
2
1
1
2
1
15
1
7
22
12
3
13
4
2
1
6
3
4
2
6
20
1
20
14
3
1
6
47
3
21
16
6
1
38
22
5
3
6
1
20
22
6
1
13
1
1
1
22
29
14
5
14
3
21
2
3
35
3
2
12
3
2
8
1
2
2
2
21
6
53
3
3
1
1
8
3
51
1
3
20
4
1
4
2
1
5
3
3
3
10
1
3
3
3
1
2
1
2
23
1
30
3
9
2
3
19
1
1
25
2
7
1
10
1
2
1
3
1
21
12
1
47
1
1
3
1
1
1
4
3
3
2
2
2
1
32
1
8
1
16
1
1
3
9
9
26
2
5
11
4
2
4
2
1
16
2
1
14
3
1
33
1
4
1
2
8
15
4
10
1
1
6
1
3
12
1
2
8
2
5
3
35
26
2
3
2
15
1
5
17
5
2
4
1
7
3
17
8
2
3
2
11
2
3
1
2
19
4
3
52
8
2
1
1
10
17
1
10
5
3
5
2
33
5
1
21
1
35
6
2
1
1
2
1
1
1
1
3
1
1
2
10
9
26
4
3
21
10
12
2
2
1
10
2
14
1
9
1
1
2
5
2
18
2
7
47
3
1
2
19
1
45
1
1
2
1
8
16
11
12
1
26
2
1
18
16
6
2
23
36
1
1
56
3
25
4
2
1
2
42
1
1
2
24
2
13
5
8
2
2
1
1
10
1
5
3
3
7
6
2
1
15
1
7
3
39
8
1
8
1
3
27
4
12
2
1
1
1
4
6
5
8
8
1
5
17
36
1
6
36
16
6
2
2
5
4
2
1
60
5
4
10
45
20
26
1
1
12
1
1
2
1
15
4
3
1
4
7
14
9
8
14
1
2
7
1
3
1
16
7
3
6
5
9
29
15
21
1
3
20
5
1
28
3
21
1
2
2
2
24
1
8
19
3
3
1
2
6
1
2
2
10
2
11
2
4
3
4
9
3
2
57
1
5
2
7
3
18
11
8
58
2
9
1
13
4
1
21
1
18
4
7
7
9
69
10
23
2
14
1
5
1
1
10
79
19
5
7
2
3
2
3
3
2
9
1
4
6
3
2
4
14
1
18
3
21
5
31
8
46
2
2
8
3
14
3
2
1
5
9
12
3
3
46
31
1
1
1
15
2
4
1
4
1
32
28
5
9
24
1
2
2
4
1
30
4
3
7
12
2
1
31
1
1
15
2
2
3
12
1
1
5
2
5
3
5
7
13
2
1
1
2
3
5
7
2
3
3
27
3
3
2
25
12
1
6
11
7
2
2
6
1
2
4
1
12
27
6
2
1
5
13
2
2
3
10
1
3
59
89
10
57
20
3
1
1
1
48
3
2
1
6
49
9
1
2
4
46
6
3
2
35
4
1
1
1
11
5
48
5
10
1
2
2
1
2
2
2
1
1
3
4
2
19
2
2
1
3
3
1
8
9
5
9
8
4
6
4
1
5
2
5
2
5
36
9
1
6
10
1
1
23
24
5
1
13
23
2
4
1
8
14
2
4
7
6
1
1
2
13
1
1
2
3
4
2
10
4
4
32
34
19
1
68
2
1
9
2
15
2
1
1
22
1
1
5
4
2
23
4
1
14
7
1
1
5
1
15
9
1
3
1
5
12
2
1
8
1
1
3
1
1
4
2
1
13
4
20
1
2
2
31
2
1
18
6
10
6
3
7
1
6
2
2
4
3
1
2
5
2
27
1
2
1
3
2
2
1
5
6
2
15
42
2
8
1
1
2
9
2
4
71
5
1
40
1
50
6
1
3
2
1
59
5
1
5
3
10
3
6
5
3
7
1
14
3
1
10
2
13
6
10
1
25
1
1
1
2
6
3
1
1
1
84
13
3
4
87
1
1
48
15
2
1
2
1
6
2
25
3
2
10
2
7
2
1
2
15
3
3
8
3
31
2
1
8
14
53
14
2
6
3
1
24
22
46
80
1
1
20
8
16
14
13
2
2
34
5
3
27
1
4
1
3
2
3
5
1
1
9
2
38
37
38
12
2
2
5
18
2
22
4
3
5
5
3
14
10
1
3
2
29
2
1
4
7
30
2
15
8
3
6
5
2
2
8
2
8
2
38
14
4
1
4
1
1
2
5
4
1
1
1
4
25
4
7
39
1
7
1
4
56
18
2
1
15
9
54
2
2
3
1
14
2
15
12
1
3
12
5
3
43
2
45
8
9
8
30
1
13
17
32
4
1
1
21
22
2
15
3
1
12
1
5
4
4
2
2
11
1
2
2
49
11
26
4
13
6
12
25
1
2
16
4
1
2
1
21
1
4
1
6
1
3
36
28
2
2
1
62
2
8
7
2
2
1
1
17
13
1
11
18
3
10
2
18
2
1
3
6
9
1
2
10
11
13
6
1
1
27
1
39
8
7
7
2
1
3
16
2
7
11
2
3
2
8
2
5
3
2
7
13
1
2
18
6
9
54
1
1
1
1
1
29
2
5
5
1
32
27
31
2
3
1
1
3
10
18
3
1
1
1
3
21
2
1
69
31
14
4
1
7
38
6
3
1
48
1
31
3
2
2
24
14
31
50
21
6
8
1
28
2
3
12
1
2
49
2
2
7
1
1
1
13
14
6
6
3
27
7
14
17
1
12
27
35
1
2
3
2
2
30
63
1
1
1
16
3
8
2
30
31
1
1
17
1
2
4
6
31
6
1
1
1
3
12
19
1
2
1
2
12
1
11
4
68
4
1
12
5
2
1
1
32
1
2
1
15
2
2
6
1
1
1
1
3
1
14
1
1
11
3
53
7
5
2
12
19
8
7
30
72
5
3
1
2
4
2
1
4
4
72
2
12
1
5
11
6
38
71
12
2
7
5
9
22
14
3
2
1
2
44
1
10
9
3
10
1
4
2
1
8
4
4
2
12
1
1
18
3
7
1
1
3
2
1
5
3
2
1
17
13
15
74
7
16
1
6
5
4
2
31
32
12
13
1
2
3
9
2
7
9
1
31
2
5
7
1
3
2
10
1
15
1
1
1
10
20
22
7
1
1
20
2
3
18
1
14
16
4
6
4
7
29
3
2
18
54
2
3
4
1
39
7
2
1
3
1
43
1
8
6
12
4
6
1
29
15
4
2
3
2
3
5
1
2
2
6
6
18
22
7
9
2
3
12
65
2
43
12
41
2
4
2
41
10
24
1
6
1
5
7
3
3
1
1
2
15
7
14
2
1
1
21
23
5
7
27
15
9
2
5
10
5
4
33
4
2
4
13
1
9
15
6
11
7
2
2
7
8
3
1
3
6
17
1
22
5
40
11
1
47
3
10
3
2
11
3
50
41
13
1
12
10
2
2
2
1
3
2
2
1
30
5
3
3
23
1
6
1
7
23
4
8
4
7
1
3
1
41
1
1
8
7
9
4
10
7
3
53
1
11
13
1
18
1
8
4
14
4
27
5
1
15
2
8
2
1
1
7
9
3
6
17
18
11
2
29
9
3
80
5
2
3
4
5
2
7
7
3
1
2
3
2
2
18
1
9
2
2
7
34
5
2
4
6
4
4
4
17
1
6
3
11
1
7
44
6
5
2
1
6
4
3
11
4
6
21
34
2
3
3
3
4
12
6
52
2
4
15
9
4
3
27
1
24
6
2
1
3
24
19
3
14
3
29
1
2
49
2
5
24
5
1
2
3
12
3
22
4
2
10
45
5
11
1
11
2
5
1
1
3
6
1
21
8
4
1
2
45
6
11
1
1
14
1
66
4
35
7
13
11
27
10
2
11
9
1
10
1
1
26
54
2
6
20
17
5
3
2
1
6
5
2
2
4
2
1
6
5
1
8
7
12
1
5
32
24
4
1
29
1
10
64
1
2
6
40
1
17
2
2
27
11
26
16
1
14
13
8
7
5
2
3
2
5
4
50
5
6
3
11
2
2
1
2
5
2
1
3
8
8
4
1
3
4
15
3
2
2
17
1
1
26
8
1
2
9
2
1
5
9
46
20
2
3
1
4
20
2
2
4
51
3
2
5
3
38
61
1
39
2
1
5
1
1
2
1
1
1
58
1
93
15
16
6
1
2
4
3
1
3
2
8
3
1
6
29
2
2
4
2
2
26
5
5
20
2
2
2
1
14
5
2
5
1
1
20
1
15
44
3
2
13
1
2
