66
1
8
263
25
16
373
262
1
10
101
6
414
148
151
120
233
21
67
763
342
209
90
1
60
637
56
261
25
5
10
62
480
198
41
614
97
5
26
78
332
65
163
3
324
8
792
26
61
8
8
699
18
31
55
81
2
4
153
326
101
148
59
7
120
315
373
118
457
173
21
38
62
25
820
61
276
13
324
15
40
4
24
71
493
3
727
16
40
44
289
564
2
156
9
272
79
487
13
57
224
5
383
74
3
78
1
997
349
226
10
136
61
34
1
2
20
186
181
301
1
25
31
14
21
92
141
80
307
229
113
207
109
385
60
17
4
2
68
557
3
938
13
13
90
1
1
105
42
3
25
168
7
22
31
10
3
25
6
18
120
123
125
6
3
44
88
37
2
63
4
147
98
364
69
70
195
176
39
29
24
41
54
223
57
13
4
16
5
238
141
132
43
1
9
36
11
343
60
41
8
246
17
22
6
71
134
5
56
1
21
17
30
16
256
6
13
13
203
28
376
26
145
502
2
36
37
4
46
220
2
76
7
26
142
17
6
84
36
258
552
80
115
1
29
70
34
71
37
19
65
277
352
208
46
369
106
230
89
27
7
23
69
758
19
2
345
173
596
17
146
18
40
447
64
87
48
53
712
36
359
257
54
261
121
619
14
28
188
27
510
116
990
1
200
277
3
34
32
260
1
15
126
113
72
31
76
53
1003
1
145
5
23
8
1
11
111
239
619
733
28
137
53
88
50
171
1
2
31
775
191
4
773
137
6
74
2
41
30
18
90
73
94
10
457
248
49
112
26
973
361
790
34
191
34
258
46
9
204
1
66
12
12
88
450
20
490
146
50
44
38
27
711
599
13
50
238
190
666
6
37
103
6
79
2
12
3
62
46
257
47
8
466
3
140
57
5
478
1
588
117
47
73
53
209
4
46
152
4
145
72
11
378
31
48
109
130
2
25
8
158
1
42
100
28
174
126
101
3
30
516
48
1050
118
806
6
34
426
7
10
25
12
37
617
466
7
3
20
182
9
272
73
352
3
911
1
575
1
219
82
215
12
641
140
81
234
1
71
67
1
1
1
1
1
1
1
1
1
1
1
1
1
1
1
1
1
1
1
1
1
1
1
1
1
1
1
1
1
1
1
1
1
1
1
1
1
1
1
1
1
1
1
1
1
1
1
1
1
1
1
1
1
90
1
1
1
1
1
1
1
1
1
1
1
1
1
1
1
1
1
1
1
1
1
1
1
222
1
1
1
1
1
1
1
1
1
1
1
1
1
1
1
1
1
1
1
1
1
496
1
1
1
1
1
1
89
1
1
1
1
1
1
1
1
1
1
1
1
1
1
1
1
1
1
1
1
1
1
1
1
1
1
1
1
1
1
1
1
1
1
1
1
1
1
1
1
1
1
1
1
1
1
1
1
1
1
1
1
1
1
1
1
1
1
1
2
1
1
1
1
1
1
1
1
1
1
1
1
1
1
1
1
1
1
1
1
1
1
1
1
1
1
1
1
1
1
1
1
1
1
1
1
1
1
1
1
1
1
1
1
1
1
1
1
1
1
1
1
1
1
1
1
1
1
1
1
1
1
1
1
1
1
1
1
1
1
1
1
1
1
22
1
1
1
1
1
1
1
1
1
1
1
1
1
1
1
1
1
2
1
1
1
1
1
1
1
1
37
1
1
1
1
1
1
1
1
1
1
1
1
1
1
1
1
1
1
1
1
1
1
1
1
1
1
1
1
638
1
1
1
1
1
1
1
1
1
1
1
1
4
1
1
1
1
1
1
1
1
2
1
1
1
1
1
1
1
1
1
1
1
1
1
1
1
1
1
1
89
1
1
1
1
1
1
1
1
1
1
1
53
1
1
1
1
1
1
1
1
1
1
1
1
1
1
1
1
1
1
1
1
1
1
1
1
1
1
2
1
1
1
1
1
1
1
1
1
1
1
1
1
1
1
1
1
1
1
1
1
1
1
1
1
1
1
1
1
1
1
1
1
1
1
1
1
425
1
1
1
1
1
1
1
1
1
1
1
1
1
1
1
1
1
1
1
1
1
1
1
1
1
1
1
1
1
1
1
1
1
1
1
1
1
1
1
1
1
1
1
1
1
1
2
1
1
419
1
1
1
1
1
2
1
3
39
1
1
1
1
1
1
1
1
1
1
1
1
1
1
1
1
1
1
1
2
1
1
1
2
1
1
1
1
1
1
1
1
1
1
2
1
1
1
1
1
1
86
3
1
1
1
1
83
1
1
1
1
1
1
1
5
13
1
1
1
1
1
1
1
1
1
1
1
1
1
1
1
1
1
380
67
1
1
1
1
1
2
1
1
1
1
1
1
1
2
2
1
1
1
1
2
1
1
1
1
1
1
1
1
1
1
1
1
1
1
1
1
2
1
2
1
1
1
1
1
1
1
1
1
1
1
1
1
1
1
1
1
2
1
1
2
1
1
1
1
1
1
2
1
1
2
1
1
1
1
1
1
1
1
1
1
1
1
2
1
1
1
1
1
1
1
1
1
1
1
1
1
1
1
1
1
1
1
1
1
1
1
2
1
1
1
1
1
1
1
1
1
1
1
1
1
1
1
1
1
1
92
1
1
1
1
1
1
1
1
1
1
1
1
1
1
1
1
1
1
1
10
1
9
1
1
1
1
1
1
1
1
1
2
1
1
1
1
1
2
1
1
1
1
1
1
1
1
439
1
190
1
1
1
1
1
54
1
1
1
1
1
1
1
1
1
1
1
1
1
1
2
1
2
1
1
1
1
1
1
1
1
1
1
1
1
1
1
1
1
2
1
1
1
1
1
1
1
1
2
1
1
1
1
1
3
1
1
1
2
2
1
1
1
1
1
1
1
1
1
1
1
1
1
1
1
1
1
1
1
2
1
1
1
2
2
65
1
18
1
1
112
1
250
2
1
1
1
1
1
2
1
1
2
1
1
1
1
1
1
1
1
1
1
1
2
2
1
1
1
1
1
1
1
1
1
1
1
1
1
1
1
145
1
1
1
1
1
1
2
1
1
1
1
1
1
1
1
1
1
1
2
1
1
1
1
1
1
1
1
1
1
1
1
1
1
1
1
1
1
1
1
1
1
1
2
1
1
1
1
130
1
1
1
2
1
1
1
1
1
1
1
1
461
1
1
1
1
1
1
1
1
1
1
2
1
1
1
1
1
6
202
1
1
1
1
1
2
1
1
1
1
1
1
2
1
1
8
1
1
1
1
1
1
1
1
1
1
1
1
1
1
218
174
1
2
1
1
1
1
1
1
1
1
1
1
1
1
1
1
1
1
1
2
2
457
1
1
1
1
1
1
1
1
1
1
1
1
1
1
1
1
299
1
1
1
1
1
1
1
1
1
1
1
1
1
1
1
1
1
1
1
1
163
1
1
2
1
1
1
1
1
1
1
1
2
1
1
1
1
1
3
1
1
1
1
1
1
1
1
1
1
1
1
1
1
1
1
1
1
1
1
1
96
1
1
2
1
1
1
1
3
1
1
1
1
2
1
1
1
1
1
1
1
1
1
1
1
1
1
1
1
1
1
1
1
1
1
2
1
1
1
1
1
2
1
1
1
1
1
1
1
2
1
1
1
2
1
1
1
1
1
1
1
1
9
1
1
1
1
3
1
1
1
1
1
1
1
1
1
2
1
1
2
1
2
7
1
3
1
1
1
1
1
57
1
1
1
3
1
1
1
2
1
1
1
1
1
1
1
1
1
1
1
1
1
1
1
1
1
1
1
1
1
1
1
1
1
1
1
1
1
1
1
1
1
1
1
1
2
1
1
590
3
1
1
1
1
1
1
6
2
1
1
1
1
1
1
1
1
2
1
1
1
2
1
2
1
1
1
1
1
1
1
2
1
1
1
1
1
1
1
1
1
1
1
1
2
1
1
1
1
1
1
1
1
1
1
1
1
1
2
1
1
1
3
2
1
1
2
1
14
1
1
1
1
1
2
1
1
1
1
1
1
35
1
1
1
1
1
1
1
1
1
1
1
1
1
1
2
1
1
1
1
1
1
1
2
1
1
1
2
1
1
2
2
1
2
1
1
2
1
1
1
1
2
2
1
1
1
1
1
1
248
1
1
1
1
1
1
1
1
1
1
2
210
1
1
1
1
1
1
1
1
1
1
1
1
1
1
2
1
1
2
1
1
2
1
1
2
2
1
2
3
1
1
1
2
1
1
2
1
1
1
1
2
1
1
1
2
1
1
1
2
1
1
1
1
1
1
1
1
3
1
1
12
1
1
2
1
1
1
1
1
2
451
2
4
1
1
1
348
1
1
1
1
1
1
2
1
1
1
1
1
1
1
1
1
1
1
1
1
1
1
1
1
1
65
76
4
1
1
1
2
2
1
2
1
1
2
1
2
1
2
1
1
1
68
1
1
1
1
1
2
1
1
1
2
1
1
1
1
1
1
1
1
1
1
1
11
1
1
1
1
1
1
1
1
1
1
1
1
1
1
1
1
1
1
1
1
6
1
1
1
1
1
1
2
1
1
1
1
1
1
1
1
1
1
1
1
1
1
1
1
1
1
1
1
1
1
1
2
1
1
1
1
1
1
1
1
1
1
1
4
1
26
1
1
23
1
1
1
1
1
1
1
1
1
194
1
1
1
2
1
1
1
1
1
1
1
1
2
1
1
1
1
2
1
1
1
1
1
1
1
5
7
482
1
2
1
1
2
1
1
2
4
1
1
1
1
1
1
1
1
1
1
1
1
1
1
1
1
1
1
1
1
2
1
1
1
1
1
1
507
2
2
3
2
2
1
3
1
214
1
2
1
2
1
1
5
1
1
1
1
1
1
1
1
1
1
1
1
1
1
1
2
1
1
1
1
1
1
1
1
1
1
1
1
1
1
1
1
1
1
1
2
1
1
1
1
1
1
462
4
1
1
1
1
1
1
70
1
1
1
1
2
1
1
1
2
1
1
2
1
1
1
1
3
1
1
1
1
90
1
1
1
1
1
1
2
1
1
1
1
1
1
1
1
1
1
1
55
1
1
1
1
1
1
1
1
1
11
1
1
1
1
1
1
1
1
1
1
1
1
1
1
1
1
2
1
1
1
1
1
1
1
1
4
1
1
1
1
1
1
2
2
1
1
1
1
2
1
1
1
1
1
1
1
1
15
1
1
31
1
1
1
12
1
1
1
1
2
2
1
1
1
1
1
11
1
1
1
1
1
3
1
2
1
1
1
1
1
1
2
2
1
1
1
2
1
1
2
1
1
4
1
2
1
3
1
1
383
1
1
2
1
2
2
1
2
1
1
2
1
1
1
1
375
1
1
1
1
1
1
1
1
1
1
1
1
2
1
2
1
1
1
1
1
1
1
1
1
1
2
1
48
1
1
1
1
1
1
1
3
1
2
1
1
1
2
1
1
1
1
1
1
2
1
1
75
1
1
1
1
1
1
1
1
2
1
1
2
1
2
1
2
3
2
1
1
1
1
2
1
1
3
1
1
1
1
1
1
1
1
1
1
1
1
3
2
2
1
1
1
1
1
1
1
1
2
1
1
2
1
1
1
1
1
1
1
2
1
271
1
1
1
1
1
1
1
1
637
1
1
1
1
2
1
1
1
2
1
1
1
1
1
1
1
6
1
1
1
2
1
1
1
1
1
1
1
1
607
1
1
1
1
1
1
1
2
1
2
1
1
1
1
1
2
3
1
1
1
1
1
1
1
1
1
2
3
1
1
1
1
1
1
1
1
2
1
40
1
2
1
2
1
1
1
1
3
1
1
1
1
1
1
1
6
1
1
1
1
1
1
1
1
1
1
1
1
1
3
1
119
1
269
1
1
1
1
1
1
1
2
1
1
1
1
1
1
2
6
3
1
1
1
1
2
1
1
2
1
1
1
1
1
1
2
1
5
4
1
2
1
2
1
1
1
1
1
1
1
1
1
3
6
1
1
1
1
1
1
1
1
1
1
2
1
3
1
1
1
3
1
1
1
1
3
1
1
1
1
1
1
2
1
1
1
2
1
1
1
1
3
1
1
1
1
2
1
1
2
1
2
2
1
1
1
59
1
1
1
3
1
1
1
2
1
1
1
1
1
1
1
1
1
1
1
1
1
1
1
1
1
1
1
1
2
1
1
1
1
1
3
2
1
1
1
1
3
1
1
2
1
1
1
1
1
2
3
1
1
1
1
22
1
1
2
1
1
1
4
1
2
1
1
2
1
1
1
1
1
1
1
1
3
3
2
2
1
1
1
1
1
1
1
1
1
1
3
1
3
1
2
2
1
1
1
1
1
1
1
1
2
1
1
1
1
1
1
382
1
1
1
1
1
1
1
1
2
1
1
1
2
1
1
1
1
1
5
1
1
1
2
1
1
1
1
2
2
2
1
2
1
1
1
2
2
1
1
2
1
1
1
1
148
3
1
2
17
2
1
1
2
1
1
2
1
1
3
1
1
1
1
1
1
2
2
1
1
1
1
1
1
2
2
1
1
1
1
36
1
115
1
1
1
2
1
1
2
1
1
1
2
2
244
1
1
2
1
1
1
1
1
1
1
1
1
1
1
1
1
1
1
2
2
1
1
1
1
1
294
1
1
1
1
1
1
1
1
1
1
1
1
2
33
2
1
1
2
1
3
1
2
1
1
1
1
1
1
1
1
1
1
1
1
1
1
1
1
1
1
2
1
1
1
1
2
1
1
1
1
1
1
1
1
1
1
1
2
1
1
2
1
1
1
1
1
1
1
1
1
1
1
1
1
1
1
1
2
1
1
3
18
2
1
1
1
1
3
20
1
1
2
1
1
1
1
1
1
1
1
1
1
1
1
1
1
3
2
1
1
1
1
1
1
2
1
1
1
1
1
1
4
244
1
1
1
1
1
1
2
1
289
1
2
1
2
1
1
1
2
1
1
218
2
1
3
1
2
445
1
1
2
1
1
2
2
1
1
2
1
1
1
1
2
1
1
1
1
1
1
1
1
1
2
1
1
1
1
1
2
1
1
1
4
1
1
1
1
1
1
1
1
1
6
1
1
1
1
1
1
1
20
1
2
1
1
7
1
1
1
1
2
1
1
1
1
2
2
1
2
1
1
1
1
1
5
2
1
1
20
1
2
1
4
1
3
1
1
1
1
1
1
1
2
1
1
2
1
2
1
3
3
1
1
1
1
2
1
1
2
1
1
6
1
2
1
1
2
5
1
1
4
1
1
1
3
1
1
1
1
329
234
6
1
1
1
2
1
2
2
1
1
2
1
2
59
2
1
1
1
1
1
539
1
1
1
76
2
2
1
2
1
4
1
4
1
112
1
2
1
2
373
1
1
2
1
374
1
3
1
1
2
1
1
1
3
1
1
1
1
1
2
1
2
1
1
1
1
1
2
1
3
1
1
2
1
1
1
1
1
2
5
1
1
1
1
1
1
1
1
1
1
1
1
2
1
2
1
2
1
2
1
1
2
1
1
2
1
1
1
2
2
1
2
3
1
1
1
1
1
1
1
1
1
1
2
1
1
1
1
1
1
1
1
21
2
2
1
1
1
1
1
1
2
50
4
1
1
1
1
1
1
1
1
1
1
1
1
1
1
1
1
1
1
1
1
1
1
1
1
1
1
1
1
1
1
1
30
1
8
1
1
1
1
3
1
1
1
1
1
1
1
1
2
1
2
1
1
1
2
2
2
1
1
1
1
14
1
1
1
1
1
1
1
1
1
2
1
1
5
1
1
1
1
1
2
1
399
1
2
1
1
3
1
1
5
3
1
113
1
1
1
1
2
13
1
1
154
1
1
1
2
1
1
1
2
1
2
1
2
1
3
1
1
1
1
1
6
2
1
2
2
1
1
3
1
2
2
1
4
1
1
2
1
1
2
4
1
1
2
3
1
1
316
1
2
1
2
1
3
90
1
1
1
1
1
1
3
11
1
1
1
1
1
5
2
2
1
1
1
1
2
1
3
1
2
1
1
1
1
1
2
5
3
3
1
1
2
1
404
1
1
1
1
1
1
1
1
1
1
1
1
2
3
1
1
2
1
2
1
1
1
1
1
1
1
2
1
1
50
1
1
1
11
1
1
1
1
1
1
1
3
1
1
1
1
1
1
1
1
1
1
2
1
1
1
2
1
1
1
2
1
2
4
1
1
1
1
1
1
1
1
1
1
1
1
2
1
2
30
3
1
2
1
1
1
1
145
1
1
1
1
1
1
1
6
2
2
1
1
1
3
2
1
1
1
1
1
1
1
2
1
1
1
1
1
1
1
1
1
3
1
1
6
1
1
1
4
1
1
402
2
551
1
2
5
4
1
1
1
1
1
2
1
3
1
2
1
3
1
1
1
1
2
1
1
1
1
2
1
1
1
1
1
1
1
1
1
1
1
1
5
3
1
1
1
2
3
1
2
1
1
1
1
2
2
1
1
1
2
3
1
1
2
1
1
1
1
1
1
2
1
1
1
1
2
1
1
1
2
1
1
2
289
2
2
1
1
1
1
4
1
1
1
2
1
1
1
1
1
1
1
1
1
1
1
1
3
1
2
3
2
526
1
3
1
1
1
1
2
1
1
1
1
1
1
1
2
1
1
1
1
1
1
1
1
2
1
2
1
1
3
1
1
1
1
1
2
1
2
1
5
1
1
5
1
3
1
1
2
2
2
1
1
1
1
1
3
1
1
1
1
1
1
1
2
7
1
490
1
1
2
2
1
2
1
1
1
2
3
1
1
1
1
1
2
1
1
1
1
2
1
1
1
1
1
1
3
1
2
1
1
1
1
13
1
2
2
1
114
1
2
3
1
1
1
1
1
2
1
5
1
34
1
1
1
2
1
2
1
1
2
1
2
2
2
2
1
1
1
1
1
1
1
1
1
1
2
1
3
2
2
1
1
2
1
2
1
2
1
1
1
4
2
1
1
1
1
1
1
2
1
1
1
1
1
2
1
1
1
1
1
1
2
51
1
76
1
1
3
2
1
1
1
5
1
1
2
2
1
4
1
2
1
2
1
1
1
2
2
1
1
2
3
2
1
3
1
1
3
5
2
2
5
4
1
1
1
2
1
2
1
1
2
1
1
2
1
2
1
1
1
2
2
1
1
1
1
1
1
1
1
5
1
2
3
1
1
1
1
1
2
7
1
1
3
1
4
1
1
1
1
1
1
3
338
1
1
1
158
1
2
1
7
1
1
1
1
1
2
1
1
1
1
1
1
2
1
289
2
4
1
1
4
4
2
1
1
1
1
4
2
2
1
1
1
2
1
1
2
2
1
1
18
1
1
2
1
4
1
1
5
1
2
3
1
1
1
1
1
2
1
1
1
1
1
1
2
1
1
2
1
1
4
2
1
1
1
1
1
1
1
47
4
1
3
10
437
1
1
1
2
1
1
1
1
1
1
1
2
2
1
1
1
1
1
1
1
2
4
1
1
1
7
1
2
1
2
2
1
1
1
1
1
1
1
1
4
2
2
1
1
2
2
1
1
1
3
1
1
1
1
1
1
6
1
2
6
1
2
2
1
1
1
254
1
2
1
2
1
3
4
1
1
1
3
1
1
1
3
1
1
1
1
1
1
1
1
2
4
1
1
1
401
4
1
1
1
1
1
1
2
3
2
1
2
1
1
1
4
2
1
1
4
1
2
1
1
1
1
1
1
1
2
1
1
1
1
2
5
3
1
1
1
1
1
1
1
1
2
7
1
1
3
1
1
1
1
1
1
287
1
1
6
3
2
1
1
1
1
1
1
1
1
2
1
1
1
1
7
3
2
1
1
1
1
1
1
3
1
1
1
3
3
1
1
2
2
1
5
1
8
2
2
1
3
2
1
2
1
1
1
1
3
1
4
5
1
1
2
1
4
3
1
2
3
1
1
1
1
1
1
1
1
3
1
7
2
1
3
1
1
3
2
1
5
1
1
1
1
1
1
1
1
1
1
1
1
1
2
1
3
6
2
1
1
2
5
2
1
2
1
2
1
1
1
1
1
2
1
1
1
1
1
1
1
1
1
2
4
3
2
1
2
1
1
4
1
20
1
1
3
2
1
1
1
1
1
1
1
1
1
4
1
2
1
1
1
1
1
1
1
1
2
1
1
1
1
3
1
4
1
1
3
1
4
1
1
4
1
1
1
1
1
5
5
9
1
4
6
1
1
1
1
2
1
1
2
1
1
2
2
1
1
1
2
2
1
2
2
1
5
4
1
1
2
6
1
1
1
3
1
1
2
1
3
1
2
2
1
1
3
1
2
2
1
1
1
1
2
2
1
1
1
1
8
2
1
1
1
1
3
1
1
1
1
1
1
1
1
1
89
1
1
1
6
1
2
2
2
1
1
1
1
2
86
380
1
1
2
1
1
1
1
2
1
9
1
1
3
1
2
2
2
1
1
2
4
1
1
5
1
1
1
3
1
4
2
1
3
1
1
1
2
1
1
5
1
1
274
1
1
1
1
1
2
3
3
2
1
2
1
1
1
1
2
1
1
1
1
2
1
3
1
1
2
1
4
1
1
3
1
2
2
4
1
2
1
2
1
1
1
3
2
2
1
2
1
1
1
2
3
2
1
1
1
2
1
8
1
212
1
1
1
4
1
1
1
1
5
1
1
1
1
3
291
510
1
3
2
2
1
3
1
2
1
50
2
1
1
1
1
2
1
2
4
1
1
3
1
3
1
4
1
1
1
1
1
2
3
1
4
2
1
5
1
2
1
1
27
351
1
3
1
2
1
1
1
1
3
1
1
1
2
1
1
1
2
2
5
1
3
1
2
1
2
1
2
1
2
2
2
1
9
1
2
1
1
1
1
2
1
1
1
2
1
2
3
1
1
1
2
1
1
1
3
2
1
1
1
2
1
2
3
3
1
2
1
2
1
4
1
1
1
1
1
1
1
1
2
2
2
2
2
1
1
2
1
1
2
1
2
1
3
1
2
1
2
1
1
1
1
2
3
1
2
3
1
1
1
1
1
4
3
4
1
3
2
1
3
1
3
1
2
3
3
2
1
1
1
4
1
4
1
1
1
1
1
1
4
1
1
1
1
1
2
2
1
1
4
1
1
2
1
2
1
52
1
1
2
1
1
1
2
1
1
1
1
1
1
1
3
2
2
1
3
1
1
3
3
10
1
2
1
1
2
1
1
5
4
1
6
1
1
1
1
2
3
1
1
1
2
1
1
2
1
3
1
1
1
1
1
1
1
1
1
2
1
1
1
1
7
1
1
3
4
2
1
2
1
3
1
3
2
1
2
1
4
2
1
2
1
1
1
5
1
1
1
1
1
1
1
1
3
1
2
1
1
1
2
4
1
1
1
2
2
2
1
1
1
1
1
2
2
2
1
1
2
3
1
1
1
2
4
1
3
6
1
3
1
1
1
3
3
33
3
1
1
1
2
4
1
1
1
1
2
1
3
3
5
3
1
1
4
2
1
1
2
5
1
1
4
1
1
1
1
1
1
2
1
8
1
2
1
2
1
1
3
1
1
1
3
2
1
4
1
2
2
1
3
1
1
2
1
1
1
1
1
5
1
1
1
1
1
2
1
1
1
1
1
2
11
6
1
1
1
2
3
6
1
4
2
2
1
1
1
1
2
1
1
1
1
1
1
515
4
1
3
4
2
39
4
2
1
2
1
1
1
1
1
1
2
2
4
1
1
2
1
5
1
2
7
1
2
2
2
2
1
1
1
2
2
1
1
1
7
1
1
3
1
1
292
3
1
1
2
1
12
1
1
1
1
6
1
1
3
1
5
2
1
1
1
1
1
2
5
1
1
2
1
1
1
1
1
1
1
1
1
1
7
1
1
1
2
1
2
1
1
1
1
3
1
1
3
1
8
1
1
1
1
3
1
1
3
2
1
1
1
6
3
2
188
1
2
5
1
4
1
9
1
1
1
1
1
2
1
1
1
1
4
1
1
2
1
2
2
2
1
5
1
1
1
2
329
4
1
3
2
1
1
1
1
4
1
1
1
2
1
13
2
1
1
1
1
5
1
3
1
1
2
2
1
1
2
3
1
2
3
2
3
1
1
1
2
2
3
1
1
1
3
4
1
1
837
1
1
4
1
2
1
2
1
1
1
5
3
1
1
2
1
1
1
2
2
1
2
2
5
1
1
1
1
1
1
2
2
4
3
1
2
1
1
5
18
1
1
2
4
2
1
1
2
2
222
2
1
2
1
1
1
2
5
1
1
1
2
1
1
1
1
1
2
72
1
1
1
2
1
5
2
2
1
1
6
1
1
3
2
2
2
2
1
1
2
2
1
4
1
1
1
1
90
1
2
2
6
3
2
3
1
1
2
1
4
1
1
1
1
7
1
2
1
1
1
1
1
2
1
1
449
2
1
2
2
4
5
1
1
4
5
1
1
1
1
1
1
10
2
1
1
1
2
1
10
2
1
1
1
1
1
1
1
3
1
2
1
1
3
2
1
1
1
5
2
1
6
1
2
7
1
3
1
1
532
1
2
3
2
1
8
1
1
1
9
5
1
1
2
3
1
1
1
2
1
1
4
1
1
3
2
2
1
4
8
2
4
2
1
2
1
2
1
1
1
1
1
1
1
1
2
3
1
1
1
1
4
1
2
1
1
2
2
2
1
1
3
1
7
1
2
2
1
531
124
1
187
1
7
1
1
3
1
1
1
1
2
1
1
2
2
2
36
11
2
1
5
1
1
1
2
1
2
1
1
1
6
1
1
2
1
1
1
2
1
1
8
1
8
1
7
2
4
1
2
1
1
5
1
1
3
1
1
1
1
1
2
1
1
4
9
2
1
1
254
3
1
1
1
1
3
1
298
4
3
1
3
1
1
4
1
3
3
10
2
2
2
8
1
2
5
1
6
2
17
1
1
1
2
1
4
2
2
1
1
3
25
2
2
1
3
1
217
1
6
1
2
1
1
1
1
5
1
2
2
3
1
2
1
1
1
1
1
2
2
1
2
1
3
1
18
1
1
3
1
1
3
7
2
1
1
4
1
1
2
1
2
1
1
2
1
1
1
1
1
1
1
1
1
1
1
1
2
2
5
1
1
3
1
1
1
2
1
1
3
2
1
4
1
2
1
2
6
1
1
1
1
1
1
5
2
1
5
2
118
1
1
2
1
2
2
2
6
1
1
4
2
4
6
1
2
3
1
6
1
3
2
6
1
2
2
1
1
1
1
1
1
1
4
1
1
3
1
1
1
1
1
1
4
4
3
1
1
2
1
8
6
1
1
7
7
1
3
3
2
1
8
1
1
1
2
3
1
1
4
1
2
1
13
2
1
3
1
7
2
1
1
4
2
1
1
1
2
27
6
1
4
5
1
3
1
2
2
1
2
2
1
3
1
2
2
1
25
2
1
2
2
3
2
1
1
2
1
1
1
1
1
1
1
2
1
1
1
1
2
3
1
1
1
1
36
3
7
1
2
1
1
1
1
3
1
1
3
3
1
3
1
1
3
1
3
1
4
3
3
22
2
5
1
3
8
3
2
1
3
2
2
1
3
6
7
4
2
1
6
552
4
1
5
1
2
1
1
6
1
1
3
1
1
2
6
1
7
1
3
1
2
1
3
2
1
1
81
1
1
2
1
1
3
1
2
1
3
1
1
11
1
1
2
2
11
1
1
4
1
3
1
1
7
1
2
5
3
2
1
1
1
1
4
6
1
2
1
1
12
1
2
1
1
10
4
1
1
3
1
1
3
4
2
1
1
5
11
2
1
1
1
1
2
2
8
1
5
2
2
25
1
1
1
3
1
1
2
1
1
2
2
2
1
136
5
1
7
4
1
2
1
1
1
2
2
1
1
2
6
12
78
1
1
3
2
3
3
1
2
1
4
3
2
3
2
3
2
4
1
2
1
2
3
1
2
1
1
1
1
1
1
10
2
2
3
4
5
1
6
1
1
1
1
8
1
4
2
1
6
1
3
1
3
1
4
2
5
9
1
1
4
2
1
1
2
171
1
5
8
3
1
1
4
3
2
1
1
4
3
1
3
5
7
2
1
1
1
4
425
3
3
6
4
3
1
1
1
1
10
1
1
168
1
2
5
4
1
2
1
3
1
4
5
2
1
183
2
4
1
1
1
1
1
1
4
5
1
2
1
2
1
1
3
2
1
1
2
1
79
7
1
5
1
39
2
1
1
2
8
2
1
1
2
1
1
2
6
1
2
3
5
2
2
7
2
3
1
4
1
1
1
34
5
1
1
4
6
2
1
1
6
2
1
2
12
1
3
1
2
6
1
1
3
5
1
2
1
1
1
3
1
6
1
1
2
3
238
9
5
14
2
2
1
5
1
5
4
3
6
7
2
2
1
1
2
5
3
1
2
11
2
2
1
1
1
2
3
3
2
4
1
1
4
1
9
2
5
2
1
1
13
6
1
1
4
1
4
1
4
2
8
1
2
4
3
19
1
29
37
1
2
1
1
1
2
1
2
1
8
10
3
1
6
3
1
6
1
2
1
3
7
3
14
4
2
3
5
1
3
1
2
4
4
1
1
1
5
1
7
3
10
1
1
2
6
2
3
1
1
12
1
3
4
2
1
1
6
2
1
1
1
2
1
4
6
1
1
2
1
3
2
1
1
1
1
2
5
2
6
2
8
3
1
3
1
1
10
1
3
4
3
1
7
1
1
3
14
1
4
7
1
9
1
4
2
4
1
1
1
1
4
3
6
2
3
1
1
2
1
2
1
1
3
1
12
37
1
1
1
3
1
1
1
4
1
1
1
5
2
1
1
5
4
1
2
3
6
1
3
1
1
4
1
240
3
12
113
1
2
1
3
2
16
1
3
1
2
1
1
1
4
3
11
2
1
4
2
2
4
1
2
2
1
1
2
9
1
1
54
8
1
6
8
2
1
7
8
1
1
1
1
1
1
2
1
7
10
10
2
6
1
2
1
2
1
5
2
4
2
8
3
504
2
2
1
2
3
1
1
1
4
1
3
14
1
6
11
213
1
6
1
4
1
1
6
1
11
5
3
69
5
4
4
6
1
1
5
1
1
2
52
1
1
11
2
1
1
1
1
2
2
2
2
1
2
1
2
2
1
1
3
5
1
1
7
1
4
3
1
5
1
4
1
13
2
19
5
2
2
1
5
1
1
1
4
1
1
1
3
1
1
1
1
1
2
2
1
2
2
1
2
1
609
3
1
2
1
1
2
1
2
2
3
5
2
17
1
10
1
13
7
2
1
1
6
1
1
3
1
2
1
1
1
4
1
1
1
1
2
1
1
1
1
2
3
2
18
1
7
1
1
2
38
1
1
1
1
1
3
3
2
2
1
9
1
1
2
7
5
1
217
1
1
1
431
3
1
1
1
2
15
1
3
2
5
3
9
1
30
1
2
1
2
12
1
1
392
5
1
230
22
6
2
4
1
1
1
2
12
1
2
1
3
1
7
2
1
2
1
4
1
376
5
1
9
3
1
2
5
3
1
3
2
7
1
5
4
4
15
2
1
1
2
1
1
1
17
1
1
1
1
9
1
5
2
2
1
3
3
1
4
6
2
1
4
2
2
3
2
1
8
2
1
1
5
1
2
2
578
1
1
2
14
1
1
1
1
2
1
2
3
2
1
2
2
2
13
2
6
2
5
5
2
2
4
1
2
1
6
1
2
1
5
2
1
5
5
2
1
6
5
7
1
2
2
1
2
2
4
1
1
1
10
2
4
1
2
2
3
4
1
5
15
177
1
1
2
2
3
2
1
1
69
1
4
5
1
1
1
2
5
3
2
1
3
1
2
5
15
11
2
5
1
2
9
5
2
4
3
8
1
2
1
3
7
3
2
1
2
3
3
2
1
4
2
9
1
3
1
2
2
7
5
6
8
2
1
8
2
5
2
1
2
10
1
1
1
1
3
8
1
5
1
177
3
2
1
4
4
7
10
5
1
8
3
10
2
2
3
4
2
7
1
2
3
2
3
4
3
1
5
1
3
1
1
4
4
2
3
6
2
2
1
2
1
2
9
1
31
1
2
1
2
4
1
2
6
1
4
3
15
4
1
10
1
4
13
11
1
3
7
3
4
2
2
369
1
2
1
1
2
3
1
2
4
16
2
3
2
5
1
19
12
1
1
56
3
1
1
5
3
2
1
2
1
2
1
1
2
7
4
2
1
1
3
1
1
9
1
4
1
1
2
6
3
8
2
2
2
3
1
1
2
35
2
1
4
5
5
1
3
3
5
2
1
1
1
1
17
2
1
1
1
1
1
1
4
1
5
1
3
1
1
7
5
7
2
12
272
1
2
7
2
6
5
1
1
1
1
3
2
1
1
1
1
27
5
1
1
8
8
4
3
1
1
2
1
7
1
7
131
82
1
4
3
3
1
5
4
14
1
4
2
191
1
10
17
5
1
1
1
1
8
2
1
1
4
2
2
1
1
1
1
4
1
3
1
3
6
1
1
4
2
4
5
9
1
1
12
1
38
1
2
1
1
13
1
8
4
6
1
1
1
4
1
1
1
1
8
2
9
8
2
10
9
2
1
2
10
1
10
1
9
2
2
236
2
5
2
1
1
1
3
2
3
1
2
1
1
3
1
1
2
1
1
3
1
6
5
4
22
11
3
1
1
2
1
1
2
2
1
4
6
2
20
1
3
2
2
1
1
2
6
1
14
2
3
1
14
7
1
2
1
8
1
4
2
12
2
1
3
2
1
4
1
4
3
1
2
10
4
11
1
2
1
4
5
94
3
1
1
20
10
3
5
6
6
15
1
1
3
5
2
1
1
1
1
1
3
3
1
1
1
4
1
1
3
2
11
6
7
1
5
1
5
1
1
9
4
2
1
5
3
4
2
9
1
2
1
1
1
5
1
2
1
6
1
1
1
28
3
3
6
3
2
5
6
1
7
4
1
377
1
2
1
8
1
8
2
321
2
20
1
3
4
2
3
1
1
5
6
9
2
1
2
3
5
3
1
12
1
1
2
5
5
3
7
2
10
1
2
3
1
10
1
1
2
3
2
9
3
1
2
3
16
6
251
34
4
1
8
1
1
3
2
3
1
1
1
2
1
2
3
2
1
1
4
1
3
5
1
6
1
2
2
4
2
1
187
5
3
2
11
10
1
1
1
5
2
2
2
2
13
1
1
1
1
6
3
1
3
1
3
2
3
2
1
7
1
3
2
1
3
3
7
1
1
1
1
2
1
5
8
1
1
2
1
7
3
3
1
8
2
5
1
8
1
1
1
3
1
1
3
4
2
5
14
6
1
2
11
1
1
8
3
5
5
11
5
1
2
22
13
11
4
2
1
15
5
4
1
1
1
1
1
2
4
3
1
6
1
2
341
4
7
3
369
1
2
1
2
1
20
1
445
12
2
8
3
4
10
7
1
1
5
1
1
4
4
1
12
4
8
1
1
2
15
2
2
1
1
1
1
1
16
1
271
2
48
1
9
6
1
8
1
1
2
5
1
2
3
9
1
1
4
1
2
4
13
4
9
1
9
3
3
3
1
1
1
1
1
1
2
13
1
1
3
1
4
6
1
5
36
1
5
17
1
1
2
1
5
1
1
16
20
2
2
4
1
7
1
1
1
1
1
2
21
4
12
5
4
2
1
4
4
1
1
4
3
1
1
9
1
6
1
2
5
13
9
1
1
5
1
1
1
1
1
134
3
1
4
1
1
2
2
1
4
1
1
1
7
1
8
6
5
1
2
13
1
2
1
9
2
5
1
2
12
5
467
112
1
25
1
4
2
3
2
6
6
9
3
2
6
3
1
2
2
4
1
5
2
2
24
6
8
3
1
10
5
20
37
4
1
3
1
1
9
1
1
1
1
1
1
1
1
4
1
1
1
20
1
1
21
1
2
2
2
1
2
601
12
2
1
1
2
1
1
3
5
5
6
5
3
1
1
2
2
4
2
2
7
8
1
8
5
2
2
9
3
2
3
1
1
3
15
2
23
1
11
3
4
5
2
2
3
1
8
1
5
12
4
1
7
1
5
1
5
2
7
1
1
11
1
48
1
1
1
1
19
2
1
7
4
2
6
3
1
13
2
6
4
3
3
99
4
4
3
5
14
8
3
1
1
3
6
4
6
1
2
1
2
2
445
3
6
3
5
4
1
3
1
1
2
1
1
3
40
10
5
9
16
8
1
2
3
1
1
9
1
11
10
2
7
1
6
14
4
1
2
1
2
1
3
3
1
4
6
5
1
1
312
2
1
25
11
1
4
7
2
4
20
1
6
3
1
3
1
3
6
3
3
2
1
1
1
2
1
1
5
3
6
1
1
1
24
11
17
1
2
4
1
1
1
6
5
8
2
1
4
11
1
25
5
1
7
3
2
1
170
1
1
4
35
6
1
3
8
1
6
10
3
31
1
1
2
7
3
19
1
1
21
2
1
4
2
5
1
2
1
2
2
8
2
1
2
1
1
2
3
1
2
1
5
13
389
1
2
1
11
7
80
11
2
2
2
2
8
4
1
6
10
3
1
2
8
22
10
12
2
8
3
1
7
3
5
2
5
10
1
1
3
4
15
3
27
2
6
11
1
1
8
2
1
2
5
18
9
14
20
1
11
27
4
10
2
3
2
4
2
1
1
6
1
2
1
35
5
29
5
180
4
9
4
19
157
1
14
7
2
5
1
4
2
1
1
6
9
3
21
8
21
11
1
13
4
3
1
45
7
2
1
1
6
9
4
7
3
2
6
24
2
8
12
4
9
3
4
3
22
1
4
6
140
20
7
10
5
2
18
1
6
1
17
1
1
661
2
1
2
9
1
1
6
16
1
3
1
3
21
4
1
16
1
10
4
24
2
10
1
1
3
22
3
1
16
6
2
7
7
21
4
15
22
2
6
1
12
22
3
1
1
21
12
1
11
1
2
1
4
11
2
23
1
1
4
1
1
20
1
2
5
3
14
5
1
1
2
3
9
1
4
1
5
1
27
8
13
3
2
19
3
1
1
2
10
1
3
1
1
4
7
1
4
2
38
1
3
1
2
4
5
2
13
1
2
559
3
1
1
2
2
32
20
1
8
7
3
1
3
4
7
3
12
8
8
4
4
1
1
2
23
2
5
2
1
4
5
3
2
8
4
5
1
11
5
2
2
11
3
7
31
2
1
5
24
415
1
2
1
5
1
4
5
26
9
44
39
227
1
4
12
3
7
1
22
86
3
2
17
1
1
18
2
13
3
2
11
10
7
1
2
2
21
19
158
2
11
12
6
1
1
1
3
1
4
22
4
1
6
13
2
3
12
25
26
9
2
1
17
17
4
2
2
3
13
1
8
1
5
2
1
6
5
1
7
25
1
1
17
2
5
38
2
6
21
4
6
1
1
5
4
47
3
24
10
1
2
1
1
48
24
28
2
2
70
27
3
5
4
11
9
1
1
1
1
4
4
9
38
2
2
1
2
1
6
2
1
37
3
3
20
1
2
8
1
5
1
1
10
4
1
2
6
31
3
161
6
1
4
6
1
2
1
11
6
4
11
5
1
2
13
4
3
13
1
56
2
1
2
1
1
18
1
1
335
2
2
17
8
3
38
1
6
1
1
1
7
30
7
2
3
2
36
1
1
9
8
1
11
2
1
1
5
1
30
1
1
5
4
2
5
3
1
2
1
1
26
3
6
1
8
14
5
4
6
5
5
5
1
2
2
3
1
14
1
9
2
16
1
37
1
3
16
13
2
164
67
3
2
6
9
2
4
1
2
6
3
2
4
3
1
2
27
16
1
2
2
13
1
4
2
18
2
6
8
1
3
1
11
16
1
1
15
23
3
4
7
2
6
9
2
184
1
1
15
1
27
2
9
3
11
4
2
1
3
6
4
2
3
6
4
14
36
1
3
1
1
1
125
1
14
65
1
3
5
2
2
1
4
2
4
2
10
6
2
4
4
1
5
56
2
7
1
34
3
10
5
2
2
1
5
3
9
1
2
1
3
35
4
1
4
4
31
9
3
3
3
12
1
2
1
2
8
24
15
2
27
1
4
2
16
3
2
1
2
25
5
23
28
4
29
2
1
403
10
1
7
1
2
7
1
6
1
6
3
7
10
6
1
4
1
3
2
1
68
3
10
1
1
5
1
1
5
6
1
6
1
2
2
2
25
193
5
78
1
2
4
17
1
47
1
7
4
4
13
144
4
4
1
1
4
1
1
6
1
2
16
605
17
9
2
1
1
16
1
1
1
17
1
3
1
3
15
14
1
1
36
2
1
13
1
3
3
1
5
8
34
5
1
2
1
1
30
56
1
341
259
11
12
27
8
3
21
7
5
21
7
1
9
7
5
30
2
3
4
1
4
1
18
2
20
1
482
25
1
1
2
1
29
3
5
1
1
2
29
2
5
1
1
5
20
4
9
1
40
10
5
2
1
11
7
7
7
12
2
1
6
2
8
1
2
7
22
5
2
6
3
4
1
2
20
4
8
1
17
17
3
2
15
10
4
241
5
6
7
1
2
4
2
8
1
10
1
1
1
13
14
11
4
2
1
10
8
24
9
11
13
3
7
1
8
2
2
1
1
5
3
1
22
20
10
1
37
2
7
8
9
2
16
51
6
9
2
3
2
3
1
5
12
186
1
4
4
2
2
8
35
7
57
1
1
6
13
2
12
2
4
2
1
5
21
7
4
9
12
16
1
1
1
7
1
2
6
3
1
16
22
70
43
1
3
6
3
1
8
7
1
36
1
4
3
12
4
1
3
23
5
2
12
10
2
4
1
7
2
7
3
1
4
3
5
5
1
24
1
1
1
1
25
19
1
1
13
5
25
2
3
2
10
622
3
4
17
45
1
19
4
10
1
1
18
7
3
1
1
14
2
1
2
1
1
1
5
1
1
1
27
57
5
4
35
1
11
1
3
1
7
7
12
3
2
8
7
29
1
81
6
46
22
1
19
2
2
24
6
1
10
19
7
25
4
6
1
5
2
6
2
13
1
10
1
11
1
6
2
2
8
13
143
21
43
28
5
10
1
14
4
7
3
26
49
1
2
1
1
47
2
19
48
4
9
18
5
42
10
76
1
1
1
1
39
3
2
1
7
2
2
1
1
192
29
1
1
1
22
1
1
1
1
6
4
1
8
43
5
17
1
2
1
19
24
18
4
4
52
16
11
1
6
2
29
1
1
5
6
2
7
2
22
19
1
17
1
7
2
1
2
2
4
13
3
3
6
9
5
2
8
18
42
1
1
2
46
8
5
1
2
4
2
5
33
20
1
5
1
5
22
2
1
6
28
18
36
2
3
2
12
32
1
6
65
2
46
2
1
43
1
4
34
26
23
1
1
278
7
41
3
5
16
6
36
36
24
3
2
2
34
3
1
5
2
1
1
4
1
3
2
1
12
14
1
1
1
3
2
44
38
1
1
33
17
74
1
30
5
1
35
2
3
1
1
8
4
9
20
1
7
1
126
1
3
1
15
13
53
3
3
4
1
1
24
1
1
58
4
10
16
3
26
5
1
12
6
4
3
29
2
1
2
2
25
4
4
6
1
16
15
2
9
13
17
1
1
1
1
3
9
43
29
16
2
1
30
4
9
2
17
1
69
1
2
12
1
1
5
94
6
1
9
6
13
1
2
3
51
20
3
3
36
11
4
1
21
23
2
10
15
11
68
1
6
4
5
1
3
11
44
98
8
2
1
1
5
1
98
1
1
1
2
2
4
10
1
5
1
16
7
20
1
9
80
8
39
14
4
1
2
1
66
1
1
13
13
802
3
1
21
3
1
1
1
2
22
24
34
39
1
5
3
15
9
11
2
11
9
11
9
2
2
2
16
1
3
5
3
12
1
1
31
5
3
3
26
31
21
8
2
1
55
11
11
8
18
14
1
4
24
43
20
4
3
59
48
27
27
3
1
53
20
5
4
26
140
22
1
5
3
1
4
4
18
1
2
17
15
28
12
1
6
46
2
25
9
2
1
65
1
26
14
15
2
4
9
7
2
1
72
1
23
1
13
5
21
2
5
2
1
1
75
30
1
4
12
7
1
12
76
298
92
22
89
6
76
2
2
1
6
15
1
35
1
77
45
5
2
1
1
106
2
12
9
11
15
8
2
9
1
8
32
18
1
3
4
5
2
2
9
7
51
1
8
4
1
3
18
3
138
2
22
5
451
42
1
1
2
7
1
130
4
7
10
1
6
2
6
1
1
1
29
339
3
1
47
8
10
15
10
2
1
12
28
6
9
25
1
12
22
1
10
23
3
4
51
4
10
18
4
32
14
17
2
7
51
9
12
3
5
403
6
32
32
6
6
3
4
16
4
45
3
24
4
3
12
8
5
2
18
18
1
1
26
1
10
25
3
12
50
2
7
64
18
4
3
26
6
3
15
2
8
40
12
1
1
4
23
15
25
14
1
5
1
5
12
11
3
52
8
82
16
1
1
51
7
2
1
4
2
9
3
3
1
1
3
3
1
44
59
28
11
1
7
105
61
23
3
4
11
5
6
14
8
6
1
622
2
14
6
205
15
7
5
14
5
128
1
7
15
7
42
6
7
14
5
3
20
1
2
4
1
29
24
2
45
64
2
16
37
15
8
8
8
7
19
3
89
12
29
1
6
55
32
1
5
41
2
13
58
1
2
14
2
6
4
12
53
1
13
7
27
6
8
63
1
2
10
92
25
1
1
20
4
1
2
1
31
1
12
2
17
5
12
65
204
14
80
2
1
1
1
2
19
4
27
34
10
64
3
68
5
34
1
4
1
12
6
9
1
28
34
217
60
4
9
10
22
2
3
3
11
4
1
24
2
1
11
14
21
42
228
9
6
52
12
1
2
34
7
3
18
24
1
28
33
39
1
11
8
9
2
110
1
19
30
49
62
6
15
56
4
15
2
5
9
12
538
26
9
17
83
1
27
7
1
20
13
2
10
34
1
9
33
1
5
17
6
8
8
89
1
3
32
1
17
54
21
7
5
1
3
5
6
3
2
18
3
37
18
4
3
22
8
4
32
1
7
10
79
4
45
1
6
1
33
1
1
193
12
48
6
11
1
134
7
6
35
22
43
1
1
15
2
3
38
1
7
70
3
13
3
16
3
16
13
16
34
1
2
6
82
7
9
7
192
11
30
1
1
1
2
2
81
7
3
48
1
40
167
3
598
3
5
10
15
18
17
37
11
62
29
15
18
1
5
21
12
11
2
9
48
79
2
1
56
2
9
2
53
49
2
7
45
32
2
1
3
12
60
2
4
47
8
8
13
153
1
4
90
14
18
2
14
14
1
7
20
24
37
36
45
37
43
75
10
4
58
5
10
37
21
1
24
2
20
1
9
30
9
2
1
1
214
22
147
1
22
3
5
1
6
3
4
1
2
31
222
26
102
7
2
16
8
1
4
5
19
93
15
42
5
11
69
8
52
1
10
44
4
1
3
9
2
7
2
80
63
26
4
2
149
8
105
31
1
3
3
19
61
22
60
7
3
32
12
23
4
5
2
1
13
187
12
5
11
1
4
3
1
321
4
41
377
82
36
16
10
16
10
130
1
12
1
39
12
21
6
8
1
108
6
21
1
1
9
15
1
7
19
5
1
2
18
7
3
3
3
1
4
185
2
6
53
4
1
9
8
1
14
32
1
5
1
76
8
9
8
45
10
4
3
20
5
88
15
59
396
1
126
151
1
1
1
78
19
8
416
24
2
133
1
258
100
1
2
184
365
269
11
13
1
1
30
4
1
472
4
3
1
16
4
14
34
33
1
32
54
3
8
3
5
10
53
15
13
72
3
17
2
88
8
473
19
87
69
340
3
18
9
1
134
7
3
8
1
42
16
16
4
32
13
3
18
212
7
2
1
1
2
43
2
35
1
3
48
158
11
1
2
2
71
195
9
18
7
7
45
10
1
30
53
18
37
517
1
6
9
18
165
6
58
1
13
3
3
15
271
367
19
2
307
13
12
71
109
4
1
10
31
24
23
418
11
8
1
184
1
18
2
177
6
2
8
29
4
82
72
31
148
18
35
10
251
1
6
18
8
13
86
2
28
6
117
1
3
2
4
2
3
478
5
129
1
164
10
15
23
224
3
22
2
6
60
40
12
3
16
24
3
14
10
4
59
2
6
3
22
2
56
2
11
148
4
4
3
3
18
24
34
3
16
5
769
117
97
15
13
64
19
18
4
19
9
8
9
23
2
19
1
1
6
2
1
41
1
23
207
150
36
1
15
2
17
13
198
6
13
2
81
3
11
13
4
17
5
114
138
346
87
7
373
3
3
29
6
8
45
1
5
1
9
19
6
3
184
155
27
50
45
43
73
320
7
1
15
58
5
6
1
7
5
3
105
129
17
6
1
1
35
10
27
5
16
34
6
32
171
1
6
36
46
2
39
5
2
6
76
77
164
3
4
6
3
8
7
3
453
4
1
6
386
467
420
2
69
3
1
12
184
35
22
22
13
7
2
63
11
6
14
15
256
4
3
18
397
3
3
37
46
1
206
8
64
12
13
17
46
14
18
50
45
2
25
25
23
5
8
1
139
10
1
5
4
40
30
8
44
2
32
1
3
76
26
34
16
9
11
2
47
4
2
98
4
24
39
28
6
33
112
77
63
345
102
31
1
78
3
1
2
2
228
100
400
48
69
4
10
12
83
396
23
3
4
3
4
404
12
52
16
3
244
218
13
315
146
1
301
1
57
4
67
2
35
26
97
15
53
127
67
2
52
44
8
2
9
4
179
1
99
2
27
19
7
20
2
24
3
21
8
13
1
3
19
360
3
43
9
452
358
41
9
251
82
65
287
99
22
7
8
6
20
14
5
121
53
12
10
26
251
4
1
5
136
7
1
4
5
198
91
95
8
15
40
89
5
39
8
8
200
7
125
13
39
6
2
476
3
62
88
6
301
40
1
3
17
202
4
72
214
4
41
6
14
103
70
8
45
162
11
40
1
11
7
303
49
4
137
35
100
23
23
10
28
17
13
22
225
17
10
45
3
25
3
214
73
75
25
10
1
94
19
2
9
458
83
56
18
72
1
38
194
4
256
151
300
19
259
62
7
1
1
14
93
5
22
312
30
12
8
33
225
18
35
13
171
146
16
7
1
1
44
39
151
11
14
14
65
11
6
76
56
8
14
97
5
8
165
583
9
18
17
8
56
9
6
12
118
20
3
1
27
69
20
9
1
4
14
20
34
2
34
40
106
15
22
21
31
59
9
5
57
3
22
99
63
106
99
64
5
4
10
92
66
1
7
202
4
1
25
141
1
10
5
6
36
139
66
39
113
11
14
240
164
93
83
1
45
127
35
176
15
5
10
55
297
15
19
103
60
5
12
7
187
21
375
2
262
8
357
25
29
5
8
61
18
30
53
16
2
4
28
25
23
53
50
7
54
139
274
45
124
28
18
13
49
17
292
53
219
5
246
15
19
4
24
71
436
3
213
16
40
18
92
36
1
78
9
152
52
368
1
57
26
5
93
49
3
74
1
468
261
30
10
4
41
33
1
2
8
32
55
205
1
38
25
2
6
71
14
10
232
31
22
10
103
274
60
17
3
2
66
47
3
263
13
13
84
1
1
59
3
3
24
138
7
22
31
10
2
3
1
17
114
63
123
2
3
40
58
35
2
17
4
117
6
335
8
16
85
89
2
26
19
27
53
194
54
13
2
13
5
225
63
102
3
1
9
33
9
245
59
41
4
241
16
21
6
71
73
5
13
1
21
8
8
16
2
4
13
13
5
28
251
26
55
2
2
36
37
3
44
177
2
22
7
25
142
16
6
24
36
67
527
69
53
1
3
49
34
8
35
16
39
143
162
208
46
75
7
164
86
27
3
23
18
731
19
2
268
21
524
4
138
18
31
388
35
16
47
6
652
36
283
187
54
23
67
95
12
28
151
25
267
33
627
1
195
203
3
34
26
195
1
14
40
91
43
18
16
53
626
1
122
5
23
6
1
11
111
145
559
356
13
66
29
69
50
170
1
2
26
396
120
4
768
131
6
23
2
41
27
18
90
70
87
9
63
244
17
22
26
539
290
756
27
14
32
258
46
9
204
1
66
12
12
88
136
15
476
13
48
32
38
27
706
118
13
49
171
65
647
6
2
103
6
79
2
12
3
54
44
235
33
8
314
3
82
54
5
339
1
587
113
44
9
53
83
4
46
43
4
45
72
11
256
29
48
38
125
2
25
5
158
1
42
88
28
21
121
21
3
30
122
48
569
118
324
6
34
306
7
10
25
12
37
82
466
7
3
20
144
9
272
73
352
3
420
1
575
1
219
82
215
12
641
140
81
234
1
71
67
