4
7
6
9
15
9
2
11
49
6
42
65
2
1
61
3
14
2
9
1
7
18
2
7
7
25
52
5
3
155
10
43
53
37
44
11
3
46
2
23
258
2
36
6
3
1
40
18
2
175
18
20
138
36
243
14
1
8
3
7
4
75
7
6
5
3
28
35
3
2
44
5
17
9
15
11
3
11
2
24
9
23
32
2
41
8
34
26
199
2
2
1
14
137
4
37
18
32
19
21
9
45
43
268
7
2
30
46
30
37
2
2
13
39
1
1
3
33
135
11
2
46
3
47
47
11
6
59
160
10
15
117
1
20
4
51
1
10
8
6
42
13
1
24
6
4
98
4
2
46
1
42
2
6
1
282
1
1
6
2
69
7
1
57
38
81
2
25
1
1
17
62
42
97
279
7
1
16
1
5
1
2
2
2
14
57
34
18
2
10
4
32
53
3
4
47
2
1
76
3
138
46
36
48
2
270
2
67
37
10
10
2
33
3
7
191
5
6
5
20
4
5
4
3
14
49
3
9
24
1
8
21
3
6
56
11
3
3
2
4
2
2
34
9
69
27
1
14
16
17
246
13
5
72
2
23
7
3
5
4
16
17
1
6
1
32
209
7
25
47
5
1
22
5
2
3
14
2
3
12
2
35
35
29
9
32
5
22
25
105
9
23
11
1
5
9
6
149
7
16
6
32
22
2
3
67
6
60
3
1
2
10
63
17
3
6
8
8
58
225
1
172
8
19
29
4
40
3
2
6
8
1
2
13
14
1
37
5
11
6
10
65
3
19
5
17
4
13
3
77
11
1
5
8
10
111
9
18
6
15
4
3
7
3
33
1
57
1
9
6
15
4
40
17
82
8
6
189
2
3
34
14
269
21
9
43
26
12
60
3
3
1
3
5
35
3
9
4
