2
6
23
3
6
6
2
3
14
1
3
2
21
1
4
3
24
7
1
1
1
3
11
1
3
45
2
2
1
6
3
1
43
2
4
37
1
6
1
1
7
1
23
9
3
6
1
4
1
20
3
8
3
10
5
21
5
9
3
6
1
10
1
1
3
1
3
25
5
2
36
1
3
6
1
9
4
2
8
4
2
3
2
9
2
2
8
1
4
1
3
1
2
2
22
2
1
1
1
2
2
8
13
2
11
6
4
8
11
7
34
4
2
11
2
3
1
6
1
1
3
5
3
53
13
2
2
9
6
19
22
2
4
6
8
4
4
10
1
20
3
30
1
3
5
8
3
3
2
8
5
4
5
1
1
1
3
3
10
6
2
2
2
6
22
51
2
5
67
9
24
2
2
2
1
19
3
2
20
29
1
7
7
3
1
5
8
3
1
1
2
2
5
1
1
11
6
1
2
7
2
10
12
19
13
35
1
9
2
7
5
1
4
1
1
3
2
2
2
6
5
2
42
6
8
31
1
7
2
2
3
1
26
11
12
1
2
33
2
1
15
10
47
1
22
28
1
1
6
2
45
3
14
11
1
11
2
2
2
10
28
45
9
4
1
1
3
7
8
10
7
1
1
13
3
8
2
3
22
5
1
5
2
2
2
2
4
2
3
3
5
2
2
28
4
30
6
6
7
1
1
12
47
4
1
1
1
1
3
3
6
9
3
5
1
3
1
2
2
1
8
4
2
39
2
4
1
4
17
5
1
3
7
3
14
8
5
1
3
20
1
4
2
1
6
29
1
3
3
5
1
1
1
1
2
1
1
7
6
2
5
16
2
5
4
7
1
1
4
6
2
6
3
2
2
6
6
1
1
5
4
4
5
1
1
9
5
11
7
4
6
17
4
5
5
1
3
1
2
33
5
1
5
2
9
48
4
2
1
3
29
1
1
4
25
5
10
1
36
2
3
2
6
5
9
24
1
19
1
4
11
1
17
3
1
3
1
1
3
9
13
1
2
2
5
1
12
3
6
1
21
1
4
1
22
1
13
2
44
1
1
27
14
10
4
2
3
1
1
4
4
23
18
13
1
1
3
1
1
3
2
9
4
11
11
9
65
2
7
12
6
14
1
8
1
5
1
1
1
1
1
3
3
2
15
8
1
7
21
5
1
3
5
28
2
2
2
3
1
1
1
9
80
5
3
3
1
7
14
1
1
1
10
1
15
3
11
5
2
11
2
6
1
3
1
1
1
3
4
19
1
2
28
51
1
6
1
11
3
2
87
2
4
1
15
51
7
1
5
3
18
35
6
1
3
1
1
5
10
11
8
7
28
16
1
5
14
1
2
1
1
2
3
1
1
1
3
27
64
1
1
3
3
1
15
12
9
6
15
3
2
1
8
16
11
5
13
14
18
26
2
2
5
2
6
21
1
7
16
3
9
2
2
10
13
2
37
1
38
13
12
25
36
1
34
20
3
2
20
24
1
11
7
3
4
4
1
4
4
1
4
7
25
2
25
19
2
2
21
17
1
1
1
3
1
16
1
3
3
18
14
3
1
1
3
1
19
5
14
4
13
64
3
4
8
2
2
1
1
52
7
4
43
2
1
1
13
3
7
8
2
4
5
2
15
2
1
1
12
1
5
35
1
2
8
2
15
1
4
3
12
11
25
8
3
11
2
6
3
34
30
2
32
28
2
1
111
1
24
4
7
2
2
6
16
1
12
1
3
5
13
7
1
1
4
39
1
3
2
5
2
34
1
6
21
15
22
3
3
6
6
10
3
2
22
6
6
5
3
4
2
7
2
2
1
9
1
12
28
2
1
3
2
48
2
63
11
4
49
7
1
1
17
2
5
1
3
3
1
10
5
2
1
4
20
3
2
8
2
3
2
7
1
29
4
6
5
25
1
1
2
5
2
3
6
20
20
8
6
7
68
31
1
1
21
4
15
1
58
1
4
1
4
15
3
4
6
1
9
1
17
4
10
1
2
5
4
1
13
1
3
63
9
1
25
4
2
11
1
2
1
5
2
2
3
1
17
4
16
3
1
5
4
4
3
2
10
1
30
1
1
5
3
6
2
31
7
8
8
2
24
2
4
2
19
1
1
1
4
66
7
15
7
16
9
6
26
4
1
83
5
1
1
1
45
11
2
2
1
1
10
14
10
3
7
6
4
6
1
13
7
1
1
1
11
3
1
13
2
4
1
18
2
12
2
10
11
1
1
14
8
2
6
3
13
2
7
20
1
1
1
6
4
3
20
3
18
17
14
19
4
2
2
10
3
57
4
1
13
2
21
6
9
18
1
16
3
8
7
2
1
1
1
5
39
1
2
1
3
2
2
4
2
1
3
8
10
6
2
4
1
16
1
2
17
29
42
2
4
8
6
8
5
3
1
32
2
6
1
2
12
39
4
24
3
10
21
53
2
3
3
3
9
1
6
2
15
1
3
3
25
8
1
1
12
1
1
3
1
1
4
4
45
11
8
31
28
1
10
6
20
1
3
15
3
2
15
13
1
4
2
5
13
7
8
11
2
7
7
9
6
4
4
1
12
8
5
12
4
4
1
2
3
2
4
3
2
10
27
8
2
3
2
1
3
21
2
4
26
16
1
3
1
6
15
2
18
6
1
17
2
8
81
6
14
6
3
2
4
1
5
4
2
1
3
4
9
3
3
8
10
2
18
2
4
23
8
25
2
1
2
1
1
2
3
17
1
4
40
1
3
4
9
1
3
1
6
5
28
9
2
22
2
7
1
9
14
2
1
3
2
2
1
1
2
1
14
16
3
1
41
5
2
2
2
3
3
26
2
7
18
4
1
1
1
18
6
5
6
32
1
1
36
4
5
5
1
5
1
1
2
2
2
1
1
30
2
1
1
2
11
1
17
1
4
2
20
3
39
9
1
8
1
2
1
2
4
10
9
10
1
1
33
9
6
29
4
4
1
1
3
4
14
8
2
36
2
8
2
1
9
8
3
5
6
7
2
15
15
4
1
4
2
8
14
1
1
3
5
3
1
21
3
34
3
2
1
1
2
18
3
15
3
17
1
7
1
2
8
18
6
1
2
27
2
14
3
2
3
1
4
2
1
10
5
5
2
1
12
2
1
4
2
2
5
1
7
8
1
1
3
9
1
32
1
9
20
1
13
7
1
5
1
3
3
7
8
29
5
1
1
1
16
2
3
13
2
1
14
2
6
1
5
15
6
16
3
4
22
1
1
5
13
2
1
6
1
3
6
4
1
3
61
1
1
5
2
1
3
16
2
3
7
7
3
3
6
9
1
2
4
5
11
1
2
9
7
2
3
4
2
3
20
3
19
6
5
4
2
24
3
2
25
1
2
6
5
2
1
3
1
1
2
13
8
4
4
9
1
11
2
3
2
9
4
30
1
3
1
2
3
1
2
1
8
8
1
6
3
29
48
9
117
1
1
9
5
7
12
1
8
1
1
4
8
2
8
1
4
3
2
4
9
3
42
53
2
11
1
1
6
5
1
3
31
6
55
2
11
6
2
6
16
1
14
5
11
1
12
4
1
7
1
3
3
1
33
2
8
1
2
2
9
2
2
3
4
8
1
1
1
2
38
19
2
1
11
1
2
3
7
23
2
1
16
35
3
2
1
9
5
1
11
25
1
1
7
1
1
2
2
2
4
1
5
7
3
2
2
2
1
4
2
7
23
13
5
3
1
1
17
2
4
21
3
2
14
16
1
4
6
6
1
1
4
5
25
31
4
11
8
5
7
2
1
2
1
23
1
2
2
2
3
1
3
35
5
2
1
3
1
1
4
6
11
42
29
1
3
20
1
1
14
6
2
13
4
1
4
2
34
1
2
2
24
7
26
2
32
12
3
9
19
4
6
2
2
7
8
4
1
2
3
1
2
2
7
3
2
6
1
16
3
1
6
10
1
2
2
2
2
9
13
3
30
1
1
1
15
12
2
10
1
6
25
1
4
4
4
17
1
4
18
9
2
2
2
3
4
9
11
2
2
7
1
15
2
2
1
2
30
3
2
4
1
1
13
24
28
8
8
5
2
3
48
40
3
6
5
2
4
7
2
12
1
1
2
2
3
3
2
4
6
1
3
26
52
7
7
4
2
22
1
4
2
1
3
6
9
24
22
1
6
1
4
2
2
1
1
4
24
1
3
8
7
11
6
2
6
1
24
2
3
7
14
19
2
1
5
2
1
1
2
1
3
1
18
8
4
18
1
12
13
1
5
2
3
2
2
9
28
1
1
16
12
2
2
1
23
3
3
7
23
11
1
2
5
50
3
3
1
3
2
1
1
2
1
10
1
25
2
2
14
10
8
1
3
64
35
9
2
3
7
5
2
14
2
19
36
1
8
8
2
1
5
1
2
4
31
30
4
3
5
9
1
1
3
9
3
13
15
32
3
3
18
7
3
16
10
7
1
3
38
2
6
1
35
17
3
25
1
5
4
12
1
2
25
1
1
1
2
8
13
11
6
3
2
6
2
2
11
1
1
2
15
4
5
11
8
1
1
3
1
9
1
2
4
1
64
1
3
1
1
5
9
1
17
7
3
1
3
9
22
1
3
2
2
3
9
3
46
6
4
17
1
2
22
3
1
10
3
4
1
9
18
25
2
65
6
1
4
24
2
6
3
3
2
6
4
5
1
1
1
12
3
3
6
10
14
6
1
3
1
2
22
3
7
1
2
20
1
2
38
3
70
8
1
18
1
1
23
4
2
7
1
2
21
8
4
1
1
29
2
3
1
6
3
4
1
9
1
3
10
18
13
2
14
4
3
2
4
2
2
5
3
5
3
11
10
26
15
1
3
32
4
3
2
3
37
2
15
1
1
34
37
11
5
8
2
4
26
1
1
1
5
5
2
1
3
4
20
1
5
4
2
26
5
5
2
4
9
4
1
1
2
4
5
1
2
2
4
14
10
39
1
19
4
15
9
1
3
2
1
1
40
18
6
2
2
4
52
6
4
96
8
12
8
3
4
1
3
6
1
1
2
1
118
23
3
58
13
5
3
5
31
18
8
23
2
10
1
13
31
25
1
4
1
35
2
9
3
1
1
1
2
1
19
2
6
1
3
3
13
2
10
7
1
5
5
1
30
10
12
1
6
1
10
3
2
8
7
13
1
1
2
1
2
3
2
2
4
23
2
7
9
2
5
2
1
7
18
17
1
11
2
23
4
2
6
2
4
16
3
3
1
1
13
1
5
1
1
2
2
5
3
2
1
2
1
1
4
48
9
6
6
1
28
4
1
2
12
2
2
36
18
3
2
16
2
2
9
9
2
1
39
1
12
2
5
12
4
14
2
23
5
25
5
1
6
12
1
2
36
20
27
3
2
1
2
7
2
1
7
8
2
2
1
2
11
1
1
2
5
15
5
6
2
2
3
2
10
1
8
8
13
3
22
1
2
1
1
1
5
1
12
30
10
16
3
11
4
4
2
3
1
60
1
3
14
5
13
2
7
5
1
4
2
38
1
15
1
5
1
7
1
1
16
10
5
2
4
26
55
3
1
1
6
7
2
2
1
14
1
6
2
2
8
3
8
1
12
4
2
1
24
2
2
17
8
1
3
1
4
13
25
10
6
13
30
5
2
3
1
1
8
1
2
2
2
13
