1
1
31
6
2
4
1
41
9
1
8
7
1
1
2
14
7
5
16
2
4
3
22
1
2
12
5
16
2
5
1
38
46
1
1
1
2
54
1
1
1
1
2
1
5
8
1
10
1
5
25
1
2
4
6
2
11
1
1
13
1
3
7
5
2
3
1
2
16
1
6
1
3
1
1
11
3
3
6
7
17
3
11
1
64
1
1
61
2
5
5
47
23
16
1
6
7
7
1
2
2
4
6
9
12
4
4
2
17
10
1
2
15
16
4
1
2
1
2
19
33
2
1
3
2
5
2
2
2
19
22
29
3
1
3
2
2
13
5
4
7
1
4
3
3
3
4
4
5
2
2
5
1
1
1
11
2
4
14
5
3
3
6
1
5
2
11
7
2
1
1
3
2
12
13
52
3
2
3
1
1
4
1
2
10
3
1
4
2
1
3
2
2
52
3
19
1
2
6
7
6
2
24
1
5
12
3
37
20
4
17
4
2
1
3
3
1
7
1
32
5
7
8
7
3
6
12
2
2
2
3
1
16
1
17
2
1
4
2
2
5
11
3
2
8
2
1
2
14
2
4
3
2
1
3
9
2
1
20
7
3
1
1
17
4
65
3
3
1
1
3
2
16
11
7
2
41
1
3
1
4
1
1
3
1
2
15
1
2
4
1
52
7
1
1
1
1
1
6
10
2
1
3
3
2
2
2
5
6
7
3
1
2
3
5
11
4
4
1
1
12
2
10
4
1
13
19
1
11
2
1
2
1
2
16
5
11
2
44
5
3
2
1
1
2
36
10
12
6
2
23
23
1
2
8
1
3
7
1
1
35
3
2
8
1
30
1
17
28
1
3
2
2
2
1
2
1
1
22
19
1
5
2
1
1
7
12
2
1
1
3
4
1
4
16
33
25
3
1
28
1
3
2
3
4
3
4
3
1
32
46
1
8
1
4
1
5
1
8
1
10
2
5
31
1
1
1
1
10
2
3
1
2
2
33
1
8
2
2
23
27
2
1
2
1
2
1
1
53
13
2
2
4
9
40
2
1
7
1
11
49
1
2
5
3
4
4
3
6
1
45
2
3
42
1
5
3
1
3
4
2
11
39
29
1
1
3
8
13
4
19
4
1
8
3
1
2
11
8
1
1
1
4
1
36
15
30
1
27
3
3
3
10
10
2
4
2
2
3
1
3
3
1
8
1
3
1
9
1
2
21
1
11
1
1
2
3
1
1
23
2
4
6
21
5
2
2
3
2
2
12
2
1
7
1
1
5
5
2
1
3
4
4
2
6
23
4
8
10
3
3
1
1
7
1
15
1
2
2
3
1
1
7
2
9
2
2
40
19
1
1
9
15
4
1
10
6
2
2
2
4
2
3
23
4
21
24
7
13
49
1
3
3
1
1
1
3
13
6
8
2
1
6
3
1
1
3
2
1
2
25
14
8
1
12
3
3
1
2
3
11
1
6
4
2
2
2
11
2
2
4
5
2
3
5
19
8
11
4
2
13
12
3
26
1
7
48
1
6
6
20
1
62
4
21
60
2
6
1
1
17
1
2
7
1
11
9
2
33
2
2
9
9
15
4
11
16
3
5
6
3
3
3
18
11
5
5
1
36
21
10
4
3
1
1
1
2
3
3
1
3
1
4
22
6
5
21
1
5
4
4
2
2
6
2
25
6
2
1
2
1
12
4
1
24
1
10
1
2
12
2
5
5
3
1
1
3
2
28
3
15
60
1
2
6
1
2
10
5
1
1
2
1
1
3
9
6
8
53
3
7
1
1
1
5
1
14
2
1
20
7
5
12
1
5
2
2
4
1
1
2
3
4
32
3
1
4
5
13
1
5
1
22
1
6
3
2
8
5
4
2
2
2
1
11
15
1
2
5
4
5
2
10
22
1
26
49
2
3
27
15
2
3
3
1
12
4
7
6
3
2
3
1
2
31
1
3
2
49
6
8
1
2
2
17
18
2
1
5
1
3
1
16
1
1
2
10
1
2
3
4
12
3
1
1
17
1
3
17
20
11
2
3
1
5
1
8
2
11
2
3
10
2
7
3
5
2
2
6
2
1
3
2
3
1
2
7
14
1
5
1
3
2
2
4
4
2
1
3
21
11
1
16
2
6
17
5
2
4
6
3
6
1
18
44
1
8
11
2
3
9
8
7
5
1
1
1
1
11
1
1
4
4
2
3
1
1
2
2
2
3
18
7
1
2
3
4
2
31
6
4
15
3
10
9
3
2
2
2
16
6
4
3
2
1
3
1
1
20
5
2
26
7
6
4
4
5
2
1
5
1
9
2
4
2
4
2
1
2
1
5
17
16
2
2
9
2
2
1
2
1
2
1
5
1
5
1
1
5
3
3
4
38
2
1
2
9
1
1
1
1
7
21
2
15
19
2
1
2
3
2
7
10
2
42
5
11
5
4
18
6
2
2
31
14
6
7
3
11
2
4
14
11
1
10
16
1
38
8
7
3
2
1
2
4
8
2
4
2
2
1
22
12
1
30
3
3
2
1
6
5
1
29
10
34
1
4
4
2
10
1
4
1
1
2
1
1
6
1
34
2
20
7
5
2
7
21
10
1
3
2
5
2
1
2
2
2
1
1
15
13
5
1
11
1
2
1
7
2
1
1
24
8
1
11
2
1
1
25
2
6
3
19
2
20
6
1
3
16
3
2
12
8
6
3
28
1
1
1
3
21
24
2
2
25
26
1
4
1
13
1
1
1
19
1
1
6
13
5
1
3
10
1
7
5
4
1
1
6
2
3
2
3
10
31
6
2
1
15
3
2
16
3
6
3
3
21
1
17
2
2
13
1
1
1
8
1
7
3
2
10
16
1
5
7
2
1
19
1
9
5
1
1
17
3
3
20
1
14
1
2
2
5
2
1
24
3
3
5
1
2
3
10
2
1
3
44
2
4
5
4
2
1
2
1
1
1
6
2
3
1
4
14
2
3
4
3
3
4
4
6
5
2
1
3
3
3
11
22
6
3
8
2
2
1
26
1
7
2
1
39
7
1
25
2
1
4
1
31
1
2
13
5
2
8
2
16
3
4
2
1
2
1
1
1
9
4
1
1
2
1
9
4
9
8
4
4
6
3
7
2
11
1
9
1
16
1
16
20
1
2
1
26
3
6
1
2
22
12
2
24
14
1
11
3
17
3
1
1
11
1
1
3
1
1
1
2
7
48
1
2
4
4
2
3
8
3
5
3
1
1
1
10
5
1
1
1
5
6
2
24
5
6
24
15
4
2
2
5
8
3
15
2
2
1
2
7
1
2
3
1
20
4
5
6
14
4
3
8
10
1
12
3
1
2
4
36
5
7
1
2
6
2
4
4
3
4
10
4
7
5
2
1
33
44
1
2
3
2
20
3
6
1
5
1
13
11
2
3
12
1
4
2
9
9
71
1
3
3
1
7
1
8
1
11
2
1
2
5
1
6
2
12
1
12
8
6
49
1
1
8
10
1
2
2
2
3
3
4
2
12
19
2
4
5
5
19
2
8
4
15
10
1
2
1
6
4
29
14
4
4
1
2
14
2
8
1
1
7
10
2
1
12
5
4
1
2
10
4
5
3
1
3
4
12
2
1
45
4
6
2
1
1
2
6
15
11
38
2
4
2
8
5
18
9
1
21
26
1
2
2
2
9
3
1
11
1
3
1
1
29
1
7
30
1
3
1
13
3
7
7
1
3
4
2
6
1
8
6
4
3
3
7
1
3
39
1
1
35
7
2
8
2
2
27
1
16
18
4
1
3
5
2
1
4
1
1
4
2
17
3
3
1
13
4
1
4
15
2
3
39
17
12
1
3
4
2
29
3
1
1
6
54
1
2
2
4
3
2
11
4
1
19
1
11
8
3
2
6
2
19
33
17
3
8
4
11
8
11
14
4
34
5
1
6
2
1
3
2
3
2
11
2
18
1
4
2
2
2
1
11
5
24
2
1
1
2
1
2
4
1
29
1
1
5
10
6
4
7
6
1
2
3
2
18
2
13
32
12
4
14
1
2
6
24
1
1
2
2
1
2
4
1
1
8
4
3
3
1
3
1
2
37
1
5
2
4
2
1
1
5
6
1
20
1
2
17
1
8
10
17
2
1
1
6
2
1
3
4
2
35
1
24
3
1
1
1
19
1
1
1
2
2
2
1
1
2
4
4
1
6
4
2
1
3
1
1
1
2
10
3
46
3
1
1
12
7
1
41
3
1
16
15
7
31
1
2
1
3
1
1
2
14
3
1
1
2
3
4
7
5
4
3
1
1
2
36
8
9
20
1
3
1
1
16
7
9
9
36
1
1
2
18
1
13
2
1
3
14
1
7
2
2
1
25
1
7
2
1
5
6
1
3
4
17
6
1
6
11
2
1
2
6
8
6
6
8
2
39
2
1
1
1
7
2
4
4
1
3
3
2
36
10
1
1
8
9
1
2
2
35
7
11
9
4
3
36
3
1
4
3
1
31
4
1
2
2
12
2
4
8
21
14
15
3
6
2
4
2
1
7
1
4
19
21
2
2
1
5
2
1
13
8
3
1
1
1
1
4
9
2
13
3
2
16
5
1
1
10
3
1
3
4
2
17
1
2
2
17
32
1
2
2
1
1
10
17
1
2
1
21
21
5
1
12
18
2
1
42
1
14
3
1
2
1
9
12
1
1
3
10
5
1
7
1
2
5
14
4
1
1
4
2
4
1
3
1
5
7
1
3
5
1
14
1
1
3
33
4
40
9
2
1
3
7
4
4
6
1
2
4
3
5
8
13
2
3
3
1
1
8
6
5
4
2
3
21
1
2
7
14
11
32
1
3
14
4
26
7
7
14
1
9
10
2
1
48
1
62
9
2
1
4
18
6
3
1
86
5
4
9
6
46
3
12
35
3
9
49
4
2
2
1
4
2
18
19
3
4
21
1
1
2
2
1
23
4
7
1
1
1
1
1
1
1
6
2
15
2
23
2
1
8
3
4
2
1
6
2
15
1
18
1
4
20
2
26
4
11
6
1
6
4
20
13
1
6
3
1
15
4
2
5
19
2
21
5
2
2
3
2
2
33
3
7
4
17
13
1
1
1
2
4
1
8
4
3
4
1
6
4
2
70
10
1
15
2
1
2
5
8
2
1
2
1
2
4
2
1
4
1
5
30
3
2
19
1
3
2
1
3
7
8
1
3
1
1
50
2
1
1
33
4
2
5
21
21
6
2
33
23
7
49
18
6
10
2
1
1
2
6
2
4
4
4
1
18
4
1
1
6
1
2
4
5
30
7
1
3
17
1
1
2
2
5
3
9
8
2
3
3
3
12
7
16
6
1
11
4
2
5
6
15
10
8
4
2
1
2
1
19
4
4
8
13
8
2
