2
16
22
6
5
4
3
6
2
5
7
5
8
19
11
3
1
15
34
7
4
7
7
13
17
53
5
121
58
1
18
1
11
9
3
3
1
37
19
30
4
2
8
7
2
1
2
20
22
38
12
10
8
3
63
6
88
31
5
10
4
16
30
1
8
42
52
174
1
12
1
3
56
3
7
2
2
5
3
10
3
2
11
2
1
2
18
22
1
5
11
8
5
22
2
22
2
3
3
7
2
25
21
1
11
6
29
1
15
1
219
3
2
1
63
14
1
9
5
8
28
1
3
2
29
29
1
134
8
177
10
56
9
2
3
27
1
4
13
1
114
18
50
45
63
1
19
185
57
1
4
3
2
30
7
37
2
6
5
8
21
43
3
45
1
13
9
67
8
28
7
6
57
2
5
1
36
2
6
8
20
1
193
1
12
50
22
2
1
13
196
1
3
18
81
35
1
169
36
27
19
135
13
16
2
2
3
53
7
11
7
2
2
38
78
62
2
4
107
64
18
7
3
2
7
1
133
1
49
9
4
1
2
2
33
3
8
1
9
3
11
5
16
2
18
5
1
2
3
100
36
15
1
6
1
1
23
37
1
4
135
2
42
8
27
2
121
2
11
24
8
20
4
7
22
3
21
2
29
28
1
2
4
26
3
64
1
23
120
41
4
60
7
2
3
1
10
1
26
2
2
2
75
6
30
3
4
2
1
25
55
104
34
19
1
3
11
10
6
4
112
26
2
7
3
22
5
3
6
6
3
3
43
3
29
194
3
2
2
5
2
1
1
11
9
2
3
4
2
112
2
19
2
20
2
3
2
9
54
39
2
2
25
3
14
8
9
22
2
28
2
16
1
16
5
2
5
2
1
1
8
3
2
64
26
18
2
1
18
26
1
165
3
3
2
1
9
6
3
5
11
2
44
158
2
40
33
43
19
24
20
2
5
4
139
107
3
17
1
20
6
18
4
1
30
2
2
60
50
5
1
94
15
68
23
5
1
4
1
150
2
3
2
6
119
1
1
1
59
3
9
3
35
4
5
9
2
3
14
36
59
3
5
14
12
1
4
25
1
2
107
1
1
2
84
28
12
1
2
2
45
25
20
23
34
17
2
120
21
20
40
1
3
51
7
3
3
7
18
14
22
3
1
4
2
2
2
14
13
1
21
14
10
2
52
6
1
6
1
139
3
25
34
11
40
3
81
8
1
6
1
3
6
2
3
23
2
4
1
2
2
1
11
3
2
76
2
95
2
4
12
2
3
14
5
3
2
22
67
1
10
124
1
9
84
1
120
9
158
1
44
1
6
1
138
4
12
90
9
10
1
1
46
1
2
6
134
2
88
4
16
5
5
4
2
2
3
2
3
97
3
6
1
25
1
18
34
2
1
42
5
27
4
17
21
3
3
2
220
6
1
2
2
2
17
41
47
44
7
3
2
11
35
2
3
1
27
5
8
10
4
4
21
4
11
196
1
1
4
46
4
76
2
23
2
3
3
3
1
25
92
2
3
1
2
1
9
36
2
3
3
6
16
2
5
2
2
41
6
2
46
3
2
2
1
2
2
1
23
13
2
6
54
3
80
2
3
31
1
13
148
4
149
4
6
9
6
3
4
7
5
4
2
2
7
14
98
6
1
4
2
5
2
7
16
2
3
1
2
2
1
1
97
5
2
8
7
2
4
3
3
2
3
2
5
4
1
3
1
2
5
45
1
3
3
18
2
5
1
12
4
6
4
46
3
9
2
10
4
12
15
44
10
3
8
1
39
3
7
3
10
5
1
3
5
61
2
6
3
3
16
1
29
1
4
8
2
22
1
7
12
150
10
1
1
13
220
45
35
7
6
5
4
13
4
39
4
41
2
3
5
2
6
2
1
6
4
25
1
5
1
8
4
4
2
2
1
36
3
1
44
2
1
3
13
20
8
14
1
1
6
4
4
1
13
8
11
8
2
2
49
18
3
2
35
2
1
17
8
6
18
43
6
10
103
28
15
1
1
5
5
1
13
2
17
4
6
3
23
2
12
2
16
3
31
2
11
4
2
1
1
1
5
35
2
2
4
1
2
5
2
4
2
12
6
218
15
10
3
1
3
5
37
5
20
9
7
3
4
3
1
19
5
85
6
42
3
29
5
1
23
5
1
2
5
1
1
1
13
11
8
11
3
7
2
1
17
15
7
5
2
20
9
1
2
2
1
1
34
29
7
8
6
1
17
2
6
3
201
5
13
3
8
6
8
5
2
14
77
6
2
2
13
2
31
3
1
9
53
1
137
10
4
7
1
9
1
59
13
2
1
2
3
1
3
7
42
1
1
5
13
208
2
3
6
12
2
6
1
2
5
2
4
8
14
2
3
8
1
14
6
1
3
40
1
10
22
6
131
2
15
6
66
1
2
7
9
3
4
26
13
21
2
1
1
3
1
18
13
6
11
1
52
22
10
23
43
4
6
26
2
14
7
1
11
3
2
3
28
8
5
83
5
2
4
6
4
20
2
2
3
1
46
16
15
2
2
1
4
2
5
9
2
12
3
55
8
1
4
2
2
11
1
2
5
13
8
3
16
9
11
1
44
6
25
5
11
8
1
3
33
2
3
2
4
1
11
4
17
11
4
1
2
5
14
8
3
2
33
70
3
1
4
12
15
5
2
2
5
7
12
18
13
5
1
16
2
22
15
17
5
1
2
1
4
1
8
8
6
47
9
64
1
11
2
1
3
8
4
5
1
16
3
19
5
15
35
6
2
31
1
42
7
27
1
2
8
1
150
3
4
14
1
1
18
1
19
14
31
1
16
1
33
1
9
2
37
3
95
20
1
2
4
1
2
6
29
2
2
34
47
10
30
1
8
3
22
2
10
16
4
1
1
19
12
59
12
36
1
33
2
17
6
7
38
30
3
21
3
4
8
54
12
4
6
2
55
3
1
4
3
4
1
4
6
5
12
34
5
1
23
30
3
18
39
11
9
4
2
15
11
73
5
3
4
22
24
1
15
1
37
20
5
9
2
1
6
7
82
7
56
8
15
4
4
5
32
5
7
2
7
14
5
6
6
201
48
7
8
20
5
14
2
3
12
6
8
14
20
8
9
6
5
28
13
8
13
32
2
13
52
15
14
1
7
27
14
6
1
12
3
36
3
4
5
28
11
8
5
46
4
3
18
6
7
1
48
2
68
181
29
10
37
3
22
24
59
10
6
