19
9
24
1
8
6
12
11
238
4
7
150
1
3
2
28
4
4
2
20
9
18
5
233
2
2
4
11
14
72
2
2
97
3
3
2
31
28
22
20
3
2
18
63
54
3
4
5
3
5
95
5
9
36
59
9
1
1
14
2
24
9
4
22
4
25
1
1
43
23
17
1
29
35
3
32
15
7
3
18
2
2
37
2
5
2
33
6
5
3
1
1
4
3
28
6
1
3
2
10
7
4
61
1
6
44
64
6
3
11
1
28
15
18
3
1
1
3
15
1
49
1
4
1
24
15
68
2
1
4
2
1
9
10
27
7
13
2
1
7
4
1
1
11
2
1
7
35
1
1
5
5
4
4
2
2
1
12
11
3
24
4
5
55
2
1
1
22
6
50
13
4
4
21
1
2
2
34
12
47
3
3
6
28
7
31
1
15
9
20
2
14
2
2
2
2
2
2
323
1
3
6
2
10
60
10
12
2
10
95
55
5
17
3
19
1
6
2
1
14
15
16
1
5
21
2
2
55
16
156
4
2
4
3
21
4
3
10
3
13
12
19
1
9
254
2
47
1
8
1
1
7
5
6
12
22
23
2
3
31
187
8
15
11
10
18
15
5
3
16
5
6
20
2
33
54
78
7
82
1
123
1
3
5
15
3
29
2
6
2
12
4
6
9
5
14
2
1
1
7
35
23
1
1
4
1
11
3
12
2
1
1
8
1
7
1
14
4
71
3
2
5
348
2
9
10
18
4
5
15
8
4
6
38
8
250
1
44
2
21
9
10
2
22
2
2
1
12
70
13
9
4
101
6
1
1
29
1
1
1
12
2
5
10
13
21
61
9
16
19
4
1
57
7
58
15
63
2
4
2
26
4
52
2
4
2
36
55
10
4
1
2
41
80
95
2
124
2
3
23
1
10
14
16
47
102
40
45
5
26
2
47
17
50
29
35
1
2
1
4
2
51
2
3
4
38
75
16
2
8
29
5
46
39
1
2
10
8
1
24
22
9
1
20
3
8
1
1
1
25
2
14
42
43
19
2
2
2
8
34
5
1
1
28
2
13
1
32
15
3
7
19
7
13
13
2
3
6
16
5
1
73
6
2
8
3
1
18
5
39
1
23
5
1
27
12
1
2
1
13
5
10
2
2
18
3
2
4
25
2
263
3
19
9
120
47
2
1
19
3
2
100
5
130
1
83
66
8
1
4
50
15
41
2
1
1
62
62
19
174
20
97
2
17
1
45
5
2
8
1
6
64
20
6
1
1
42
20
28
2
3
9
52
25
2
2
1
8
3
2
1
100
1
1
5
43
3
15
32
13
2
9
3
3
14
2
21
2
281
8
1
13
4
10
5
17
3
57
1
3
3
2
14
53
7
1
1
17
52
11
3
24
3
1
2
1
1
45
6
1
1
1
21
7
111
20
2
4
11
2
5
1
10
1
3
38
1
4
3
2
5
36
7
1
104
51
4
2
3
8
14
8
8
1
57
4
3
1
29
1
161
12
1
8
27
2
3
1
32
7
31
7
13
5
3
39
3
2
17
8
4
2
17
2
10
1
2
1
4
4
16
14
31
5
56
25
9
14
17
5
15
13
2
1
174
15
21
18
8
10
9
14
5
6
20
13
81
1
2
11
25
1
6
2
1
2
5
7
5
13
6
12
29
55
12
7
6
10
3
4
10
1
1
33
1
1
3
9
6
2
1
2
2
4
1
2
15
2
6
2
17
2
27
1
2
23
2
31
50
2
10
5
54
38
4
2
2
12
3
15
2
4
1
5
26
96
104
2
1
24
13
2
13
1
6
5
3
2
24
98
25
9
6
3
11
2
1
52
21
2
16
5
38
57
1
1
18
10
7
23
7
3
1
2
2
2
1
7
2
3
21
4
27
70
60
32
1
67
4
2
5
40
18
2
1
7
2
2
13
4
25
1
32
1
6
9
2
5
1
2
2
29
3
18
5
51
4
74
1
23
1
1
45
2
21
3
33
14
54
37
110
1
1
1
26
61
16
1
1
19
35
6
50
29
4
2
5
22
29
17
8
4
5
7
87
2
72
3
3
1
2
1
5
2
10
4
6
3
1
17
2
3
2
3
2
4
9
10
4
9
8
1
37
36
7
19
13
16
56
1
2
24
7
33
24
1
59
6
19
6
17
10
1
9
59
22
1
1
15
1
8
2
3
31
3
1
1
1
1
6
42
9
2
11
8
4
1
1
2
2
2
9
2
28
58
13
10
20
6
85
12
2
11
2
25
17
3
8
27
20
1
30
2
188
8
32
2
8
71
1
4
3
29
2
2
34
2
2
2
22
4
3
21
17
2
7
2
26
1
27
4
18
5
2
39
38
1
13
5
9
14
57
1
13
2
10
12
1
1
1
42
2
1
36
3
2
15
7
3
4
4
1
4
2
3
25
15
9
76
19
6
6
2
1
62
7
6
1
20
28
5
5
2
6
222
39
13
2
5
16
4
17
10
33
12
1
39
1
108
27
19
80
1
1
36
4
6
6
13
1
3
15
6
1
4
26
4
3
14
27
6
1
11
1
3
28
5
3
2
35
2
13
48
78
27
25
12
29
6
44
1
1
12
1
10
63
19
4
15
9
2
7
99
9
1
33
4
49
5
1
42
40
2
23
87
3
77
2
11
4
8
33
12
5
3
4
2
48
1
22
220
2
119
5
19
2
35
56
13
31
6
45
5
62
8
1
27
47
5
1
22
21
18
1
1
19
4
1
11
2
2
27
3
1
5
42
3
4
12
23
5
6
326
3
4
19
54
2
20
1
9
1
4
83
2
37
1
2
7
3
12
12
19
28
37
76
1
25
1
2
1
10
1
1
5
2
2
27
158
77
339
24
36
3
13
23
49
2
11
19
19
20
2
1
11
10
4
12
2
30
1
1
12
12
258
3
2
12
2
3
13
7
6
16
3
4
2
8
22
6
2
45
1
5
1
49
14
8
18
4
12
2
13
1
5
2
35
52
10
2
14
5
44
86
9
21
2
14
39
11
3
2
19
1
3
2
1
22
33
57
4
2
1
6
9
10
23
24
51
21
11
2
4
2
2
12
138
14
1
4
25
4
36
2
15
34
3
4
4
8
1
2
2
6
10
1
130
8
1
5
25
3
5
78
3
4
2
1
1
4
1
18
6
3
4
2
8
47
12
3
12
6
2
4
2
1
7
19
46
1
4
45
1
1
3
2
17
210
2
17
7
2
22
6
4
6
1
1
18
3
1
8
2
4
2
3
3
2
14
2
1
21
2
6
2
19
15
9
10
4
6
3
31
32
3
1
13
2
2
5
1
2
2
7
1
31
52
11
4
43
1
1
7
2
2
2
7
9
1
16
34
38
2
3
1
11
4
63
7
3
4
50
25
29
7
4
21
25
1
1
3
1
5
49
1
1
3
3
42
7
4
2
1
4
1
2
21
5
11
5
21
7
1
2
3
7
2
13
6
1
5
98
8
1
3
1
3
3
10
2
5
7
19
18
15
25
5
16
3
2
3
28
46
38
40
27
2
37
1
45
2
9
5
1
1
3
3
7
278
27
3
1
1
13
2
1
6
3
13
18
24
29
1
10
1
4
29
2
2
11
2
2
10
3
1
2
25
3
1
1
7
1
24
6
1
3
3
13
1
2
3
1
14
2
2
2
5
1
4
11
14
11
3
4
4
1
25
8
7
6
3
1
48
156
2
1
3
4
2
2
2
6
178
227
137
8
11
38
87
12
254
34
47
1
4
8
2
23
3
36
5
62
26
22
1
12
26
3
11
1
53
47
3
17
2
4
48
1
199
6
7
9
44
3
21
9
4
2
1
4
1
7
36
45
3
81
2
8
13
5
6
1
1
1
16
6
11
23
1
1
2
12
23
5
20
30
7
1
25
14
1
57
64
76
1
2
7
1
2
17
9
2
3
1
22
10
1
71
1
7
7
4
48
2
10
5
24
28
3
216
210
2
9
45
1
5
6
3
2
2
5
2
24
1
3
49
1
58
2
1
4
6
5
35
1
3
51
18
4
2
6
43
20
1
7
15
37
2
4
40
3
1
17
1
17
3
5
7
4
9
2
24
4
14
97
48
105
1
12
10
16
2
6
1
1
1
8
10
16
1
1
59
1
3
2
7
7
12
5
30
13
27
1
2
4
43
32
8
2
1
2
5
22
14
6
12
4
29
4
83
40
41
83
2
8
20
3
2
14
73
10
65
2
15
3
33
41
2
13
1
1
1
21
14
12
1
4
18
2
4
46
299
2
21
3
13
15
4
4
2
2
12
8
4
66
2
4
17
9
2
18
3
37
15
4
1
1
9
12
77
1
192
8
16
42
3
3
2
3
1
25
1
7
46
5
1
31
8
2
7
4
19
1
1
8
13
3
12
2
2
2
1
9
2
2
1
7
7
2
20
3
9
3
25
5
9
4
53
15
1
2
10
270
10
1
63
10
1
16
4
7
8
31
7
6
1
1
5
2
59
3
4
4
7
1
17
13
1
16
4
19
20
9
15
3
9
29
1
1
3
116
13
11
1
1
4
43
4
14
2
3
12
1
21
6
6
1
13
40
148
10
72
1
3
1
8
59
7
2
60
17
1
26
39
46
23
20
66
32
8
14
12
11
2
2
14
3
1
4
8
6
3
5
9
46
9
1
1
2
24
56
2
7
2
2
4
10
2
20
17
11
15
5
18
4
22
3
12
8
1
2
3
47
4
6
36
1
2
58
2
1
23
92
41
26
7
17
26
2
1
50
5
15
14
2
37
25
1
7
1
2
1
3
12
8
1
37
3
197
6
4
5
13
1
4
13
6
1
35
12
28
5
18
5
61
1
4
30
1
9
24
3
4
2
9
5
3
20
96
2
1
29
1
33
3
8
5
10
25
19
7
10
22
15
3
1
33
2
16
19
1
5
22
1
1
26
2
3
15
4
1
3
4
8
1
3
39
5
10
3
2
1
6
1
4
9
13
4
34
103
3
4
2
1
2
5
8
19
1
3
5
1
36
14
1
1
13
14
1
7
24
19
5
5
3
8
1
60
4
16
6
7
30
1
3
50
1
12
36
46
2
12
19
2
1
154
2
1
2
8
12
1
9
2
2
52
15
5
1
152
34
14
10
53
75
12
3
3
20
9
2
5
13
12
17
8
2
5
76
90
1
1
1
4
3
8
7
2
14
5
2
1
24
43
1
1
1
2
3
45
3
14
21
15
2
8
15
1
14
1
3
1
2
6
1
5
14
5
1
8
3
2
3
40
47
9
15
13
9
2
19
3
3
68
3
47
8
1
5
33
1
3
9
4
79
6
2
32
5
53
7
69
6
1
3
2
1
45
10
21
1
7
1
3
54
10
23
14
7
2
8
10
11
90
10
13
8
2
1
16
24
1
221
1
1
1
55
4
11
2
2
1
6
4
6
7
5
13
34
189
47
1
2
7
1
1
8
6
16
1
69
6
5
1
15
10
15
29
16
2
4
9
4
3
45
40
3
72
15
4
9
3
8
2
8
1
67
5
12
1
2
7
5
2
2
5
17
2
1
6
1
3
9
2
8
6
55
39
1
7
10
17
1
4
27
1
3
8
15
8
12
14
200
31
23
8
2
7
36
1
27
24
28
4
1
1
4
31
26
2
29
4
5
26
9
3
42
2
46
1
1
9
10
7
8
6
1
2
1
2
1
1
1
1
1
30
4
11
17
1
7
8
5
14
5
33
19
2
28
45
3
16
1
3
47
2
9
2
2
2
27
2
111
1
1
1
1
11
1
2
59
1
4
17
4
3
1
16
1
11
1
2
15
2
7
1
1
1
13
9
1
8
11
1
4
1
27
43
2
3
37
1
5
3
23
29
3
12
11
40
32
18
1
18
96
19
26
5
1
2
3
1
35
7
132
1
8
4
19
3
