10
26
140
18
73
130
9
20
57
34
64
116
160
19
19
1
690
20
150
6
5
113
3
304
89
26
34
94
12
23
26
186
5
483
14
500
10
1
11
15
185
15
40
12
205
5
49
233
125
214
33
83
10
21
193
44
439
82
205
63
191
2
9
46
6
39
9
5
4
718
135
14
3
3
1
3
2
31
1
64
13
32
76
56
62
172
154
235
43
53
195
4
4
28
2
5
6
1
11
128
54
5
31
63
172
37
7
14
1
76
37
3
20
2
38
144
59
3
1
172
12
10
38
33
62
21
12
141
6
5
3
8
199
1
1
2
6
7
35
10
34
184
9
2
10
13
22
17
55
219
44
1
165
28
4
1
2
4
217
31
2
4
3
12
166
4
8
18
58
5
512
316
137
136
10
195
15
12
115
58
13
267
10
25
42
32
3
23
70
15
53
112
11
25
9
21
18
79
1
36
6
7
15
4
202
183
1
12
38
116
51
209
11
17
18
9
50
11
25
113
30
13
420
29
36
1
49
2
13
10
189
1
128
77
47
9
210
66
150
84
6
4
216
302
79
26
2
7
33
32
8
6
7
9
11
288
27
143
126
6
6
209
3
2
4
29
10
14
9
2
6
53
5
121
80
1
84
34
44
15
106
10
7
3
312
65
10
9
427
73
1
129
18
3
3
4
70
206
287
49
46
47
10
23
8
43
51
55
10
5
1
1
1
1
1
1
1
1
1
1
1
1
1
1
1
1
1
1
1
1
1
1
1
1
1
1
1
1
1
1
1
1
1
1
1
1
1
1
1
1
1
1
1
1
1
1
1
1
1
1
1
1
1
1
1
1
1
1
1
1
1
1
1
1
1
1
1
4
1
1
1
1
1
1
1
1
1
1
1
1
1
1
1
1
1
1
1
1
1
1
1
1
1
1
1
1
1
1
1
1
1
1
1
1
1
1
1
1
1
1
1
1
1
1
1
1
1
1
1
1
1
1
101
1
1
1
1
1
1
1
1
1
1
1
1
1
1
1
1
1
1
1
1
1
1
2
1
1
1
1
1
1
1
1
1
1
1
1
1
1
1
1
1
1
1
1
17
1
1
1
1
1
1
1
1
1
1
1
1
1
1
1
1
1
1
1
1
1
1
1
1
1
1
1
1
1
1
1
1
1
1
1
1
1
1
1
1
1
1
1
1
1
1
1
1
1
1
2
1
1
1
1
1
1
1
1
1
1
9
1
1
1
1
1
1
1
1
2
1
1
1
1
1
1
1
1
1
1
1
1
1
1
1
2
1
1
1
1
1
1
1
1
1
1
1
1
1
1
1
1
1
1
1
1
1
1
1
1
1
1
1
1
1
1
1
1
1
1
1
1
1
1
1
1
1
1
1
1
1
1
1
1
1
1
1
1
1
93
1
1
58
1
1
1
1
1
1
1
1
1
1
1
1
1
1
1
1
1
2
1
1
1
1
1
1
1
1
1
1
1
1
1
1
1
1
1
1
1
1
1
1
1
1
8
2
1
1
1
1
1
1
1
1
1
1
1
1
1
1
1
13
1
1
1
1
1
1
1
2
1
1
1
1
1
1
1
25
1
1
2
1
1
1
1
1
1
2
1
1
1
1
1
1
1
1
1
1
1
1
1
1
1
1
1
1
1
1
1
1
1
1
2
1
1
1
1
1
1
1
1
1
1
1
1
1
1
1
2
1
1
1
1
1
1
1
1
1
1
1
1
1
1
1
1
1
1
1
1
1
1
1
1
1
1
1
1
1
1
1
1
1
1
1
1
1
2
1
1
1
1
1
1
1
1
1
459
1
1
1
1
1
1
1
67
1
1
1
1
1
1
1
1
1
1
1
1
1
1
1
1
1
1
1
1
1
1
1
1
1
1
1
1
1
56
1
1
1
1
1
27
1
1
1
2
1
1
1
1
1
23
1
1
1
1
1
1
2
1
1
1
1
1
1
1
5
1
1
1
1
1
1
1
1
1
1
1
1
1
1
1
1
150
1
1
1
127
1
2
1
1
10
1
1
1
1
1
1
1
1
2
1
1
1
1
1
1
1
2
2
1
1
2
1
1
1
1
1
1
2
1
1
2
20
1
1
1
1
1
1
1
1
1
1
1
1
1
1
1
1
1
1
1
6
1
2
1
2
1
1
1
1
1
1
1
2
1
1
1
1
1
1
1
1
1
1
1
1
4
1
1
1
1
1
1
1
1
1
2
1
1
1
1
1
1
2
1
1
1
1
1
1
139
1
1
1
1
1
1
1
1
1
1
1
1
1
1
1
1
1
1
1
1
1
1
1
1
1
1
1
1
1
2
1
1
1
1
1
1
2
2
1
2
1
1
1
1
1
1
1
1
1
1
1
1
1
1
1
1
2
1
1
1
1
1
1
1
123
1
1
1
1
1
1
1
2
1
1
1
1
1
1
1
1
1
1
1
1
1
1
33
1
1
1
1
1
1
1
1
1
1
2
1
1
1
1
1
1
1
1
1
1
1
1
1
1
1
1
1
186
1
1
1
1
1
1
1
1
1
2
1
1
2
1
1
1
1
1
1
1
1
1
1
1
1
1
1
1
1
1
1
1
1
1
1
1
1
1
1
1
2
2
1
1
2
1
1
1
1
1
1
1
1
2
1
2
1
1
1
1
1
1
1
1
1
1
1
1
1
1
1
3
1
1
1
1
1
1
1
1
1
1
1
1
1
1
1
1
1
1
1
1
1
1
1
1
1
1
1
1
1
1
1
5
1
5
1
1
1
1
1
1
1
2
1
1
1
1
1
1
1
2
1
1
1
1
1
2
1
2
1
1
1
1
1
1
1
1
1
2
1
1
1
1
1
1
1
2
3
18
1
1
1
1
1
1
1
1
1
1
1
1
1
1
2
1
1
1
1
1
1
2
2
1
1
1
1
1
4
1
1
2
1
1
1
1
1
1
1
1
1
1
1
1
1
1
1
1
1
1
1
3
1
2
1
1
1
1
1
1
1
1
1
1
1
1
2
1
1
1
1
1
1
1
11
1
1
1
1
1
1
2
1
1
1
1
2
1
1
1
1
1
1
1
2
1
1
1
1
1
1
1
3
1
1
1
1
1
1
1
1
1
2
1
2
1
1
1
2
25
1
1
1
1
2
2
1
2
1
1
1
1
1
1
1
1
1
2
1
1
1
1
2
1
1
1
1
1
179
1
1
1
1
1
1
2
1
1
1
1
1
1
1
2
1
1
1
1
1
2
1
1
1
1
1
1
1
1
1
1
1
1
1
2
1
1
2
1
1
1
1
1
1
1
1
1
1
1
1
1
1
1
1
2
2
1
1
2
1
1
1
1
1
1
1
59
1
1
2
1
1
1
1
1
1
2
1
1
1
11
1
1
1
1
1
1
1
1
1
1
1
1
2
1
1
1
1
2
1
1
1
2
1
1
1
1
1
1
1
1
1
1
1
1
1
1
1
2
1
1
1
2
2
2
2
1
1
1
3
1
1
1
1
1
1
1
1
1
1
1
2
1
1
1
1
2
1
1
1
1
1
2
1
1
1
1
1
1
1
1
1
1
1
1
1
1
1
1
1
1
1
1
1
1
1
2
1
1
1
1
1
1
1
1
1
3
2
1
1
1
1
2
1
1
2
1
1
1
1
1
1
1
1
1
1
1
4
1
2
1
1
1
49
1
2
1
1
1
1
1
1
2
1
1
2
1
1
1
1
1
1
2
2
1
1
1
2
3
1
1
1
1
1
1
1
1
1
108
1
2
1
1
1
80
1
1
2
1
1
1
1
1
1
1
1
1
1
1
1
1
1
2
1
1
1
1
1
1
1
1
1
1
1
1
1
1
1
1
2
1
1
1
2
1
1
1
69
1
2
3
1
2
1
1
1
1
2
1
1
2
1
1
1
1
1
1
1
1
1
1
27
1
1
3
1
1
1
1
1
1
2
2
1
1
1
1
1
1
1
1
1
4
1
1
1
1
1
1
1
1
1
1
1
1
1
1
1
2
1
1
1
1
1
1
1
1
1
1
1
1
1
1
1
1
1
2
2
1
1
1
1
1
1
1
1
1
1
1
9
1
1
2
1
1
1
1
1
1
46
1
1
1
1
2
1
1
1
1
1
1
1
1
1
1
1
1
2
3
2
1
2
1
1
1
1
1
2
1
1
1
1
1
2
1
1
1
3
64
1
1
1
1
1
1
1
1
1
1
1
1
1
1
1
142
1
1
1
1
1
2
1
1
1
1
39
1
1
1
1
1
2
2
1
1
1
1
1
1
1
1
1
1
1
1
1
1
1
1
1
1
1
1
1
1
1
1
1
4
1
1
1
1
1
1
1
1
1
2
2
1
2
1
1
1
1
1
2
6
1
1
1
1
1
1
1
1
1
1
2
1
1
1
1
1
1
1
1
1
1
1
1
1
2
1
1
2
1
2
1
1
1
1
1
2
1
1
1
1
3
1
1
1
1
1
1
1
1
7
2
1
1
45
1
1
2
1
1
1
1
2
1
3
2
1
2
1
1
1
1
1
1
1
1
1
2
1
1
1
1
1
1
1
3
37
1
1
1
1
1
1
1
1
1
1
1
1
1
1
1
1
1
1
2
1
1
2
1
1
2
1
1
2
1
1
1
1
1
1
1
1
1
1
2
1
1
1
1
19
1
1
1
1
1
1
1
1
1
1
1
2
1
1
1
1
1
7
1
1
1
1
1
2
1
1
1
1
1
2
1
1
1
1
1
1
1
2
1
2
1
1
1
2
91
1
1
1
1
1
2
2
1
1
1
1
1
1
1
1
1
1
1
1
1
1
1
1
1
1
1
1
1
3
1
1
1
1
1
1
1
1
1
1
1
1
1
2
2
1
2
1
1
1
1
1
1
1
1
1
5
1
1
2
1
1
1
2
1
1
1
1
1
1
2
1
1
1
1
1
1
2
2
1
1
1
1
2
1
1
1
2
1
1
1
1
1
1
1
2
1
1
1
1
1
1
1
1
1
1
1
1
1
111
2
1
1
1
1
1
2
2
1
1
1
1
1
1
1
1
1
1
1
50
1
1
1
1
1
1
1
1
1
2
2
1
1
1
1
1
3
1
1
1
1
2
1
2
1
3
1
1
3
1
10
1
1
1
1
2
1
1
1
1
1
1
1
2
1
1
2
3
1
2
1
1
1
1
1
1
1
1
1
1
1
1
1
1
1
1
2
1
1
1
1
1
1
2
2
1
1
1
1
2
1
1
1
1
1
1
1
1
1
1
1
1
1
1
1
1
1
1
1
1
3
1
1
1
1
1
1
1
1
1
1
2
1
1
1
1
1
1
1
4
1
1
1
1
1
1
3
1
1
1
1
1
1
1
1
1
1
1
1
1
1
1
1
2
1
1
1
1
1
1
1
1
1
1
1
2
1
1
1
1
1
1
82
1
1
1
1
1
2
1
1
1
1
1
1
1
1
1
1
1
1
1
1
1
1
1
1
1
1
1
2
1
1
3
1
1
4
1
1
1
1
1
1
2
1
1
1
1
1
3
1
1
1
1
5
1
1
1
1
1
1
1
3
1
1
1
1
1
1
1
1
1
1
1
2
1
2
1
1
1
1
1
1
1
1
1
1
1
1
1
26
2
1
1
1
1
1
1
2
1
1
1
1
1
1
1
2
1
1
2
2
1
1
1
1
1
2
1
1
2
1
67
1
2
1
1
1
2
1
1
1
1
2
1
2
1
1
1
1
4
1
1
2
1
3
1
1
1
23
1
1
1
1
1
1
2
1
1
2
1
2
1
1
1
2
1
2
1
1
1
1
1
1
1
1
2
2
1
1
1
1
1
1
1
1
1
53
2
1
1
1
2
1
1
1
1
1
1
1
3
1
1
1
1
1
1
1
1
1
1
1
3
1
1
1
1
1
1
1
1
1
1
1
1
1
1
1
1
2
1
1
1
1
1
2
1
1
1
1
1
2
2
1
1
1
2
1
1
1
1
1
1
1
1
1
1
1
1
1
1
1
1
1
22
2
1
1
3
1
1
1
1
2
2
1
1
1
2
1
1
2
2
1
1
1
1
3
1
1
1
1
1
1
1
1
1
1
1
1
1
1
1
1
1
1
1
1
1
1
1
1
1
1
3
2
1
1
1
2
1
1
1
1
1
1
1
1
1
1
1
1
1
1
1
1
1
1
1
4
1
1
2
56
1
1
1
1
1
1
1
1
2
1
1
1
2
1
3
2
1
1
1
1
1
1
1
1
1
1
1
1
1
1
2
42
1
2
3
2
1
2
1
1
2
1
1
1
1
1
1
1
1
1
1
1
1
1
1
1
2
1
4
2
1
2
1
2
1
1
1
1
3
2
4
1
1
1
1
2
1
1
1
1
1
2
1
1
1
1
2
2
1
1
1
1
3
1
1
1
1
1
1
2
1
2
1
1
1
2
1
1
2
1
3
1
1
3
1
1
2
1
1
1
2
1
2
1
1
1
1
1
1
1
1
1
1
1
2
1
1
1
2
1
1
1
1
1
1
1
1
1
1
1
1
1
1
1
1
1
1
1
1
1
1
1
1
1
2
1
2
46
1
1
1
1
1
1
5
1
4
1
1
1
1
1
2
1
2
1
1
1
1
1
2
2
1
1
1
1
2
1
3
2
1
3
73
1
1
2
2
1
1
1
1
2
1
1
1
1
1
1
1
1
1
1
1
1
3
1
1
6
1
2
1
1
1
1
1
1
1
1
2
3
1
1
1
1
1
1
1
1
1
1
1
2
2
2
1
1
1
1
1
1
1
1
2
1
1
4
1
1
1
1
1
1
1
1
1
1
1
1
3
1
1
1
2
1
2
1
1
1
1
1
1
1
1
1
1
1
1
1
1
2
1
1
1
1
3
1
1
2
1
1
1
3
1
1
1
1
1
8
1
2
1
1
1
1
2
1
1
1
1
3
1
2
2
1
1
1
1
1
1
1
1
1
1
1
3
1
1
1
1
2
1
1
2
1
1
1
1
1
1
1
1
1
1
1
2
1
1
1
1
3
1
1
3
2
1
1
1
1
1
1
1
1
1
2
1
1
1
1
1
1
2
1
2
1
1
1
1
1
1
2
2
2
4
1
3
1
3
1
1
1
1
1
2
1
1
2
1
1
5
1
1
2
1
1
1
7
2
1
1
1
1
2
1
2
1
1
5
1
1
1
1
2
1
1
1
1
9
1
1
2
1
3
1
1
2
6
1
1
1
1
1
1
2
1
1
1
1
1
34
2
4
1
1
2
1
1
1
1
2
1
1
2
1
1
1
1
1
1
1
1
1
1
1
1
1
1
1
1
1
2
1
3
2
2
1
1
2
1
5
1
1
1
1
1
1
1
1
2
1
1
1
11
2
1
1
1
1
1
1
1
1
1
3
1
4
2
1
137
1
2
1
1
1
1
1
2
1
1
90
1
1
1
1
1
7
1
1
1
1
1
1
1
1
1
1
1
1
2
1
2
1
1
1
1
1
1
1
2
1
1
3
1
1
1
2
1
4
4
2
2
1
2
1
1
2
1
3
2
1
1
1
1
2
1
1
2
1
1
5
2
1
2
1
1
1
1
1
1
4
1
1
3
1
1
1
1
1
4
1
2
1
1
1
2
1
1
1
2
1
10
1
1
1
1
1
3
1
2
1
4
1
2
1
3
1
3
4
1
4
1
1
2
1
1
1
2
2
1
1
1
2
1
1
1
1
3
2
1
1
1
1
1
1
1
1
1
1
1
1
1
1
2
2
1
1
1
1
3
3
1
2
1
2
3
1
124
2
1
1
1
1
1
1
1
1
1
1
1
1
1
3
1
1
4
1
1
3
4
1
1
2
1
1
1
3
1
1
1
1
1
1
1
1
2
1
2
1
4
1
2
1
1
1
3
1
1
2
2
1
1
1
3
3
1
2
1
1
1
2
1
1
2
6
1
1
1
1
1
1
1
1
2
1
1
2
3
1
1
3
2
1
1
1
1
2
1
1
63
3
2
1
2
1
1
2
1
2
1
1
1
1
3
1
2
1
1
1
3
1
1
2
1
2
3
1
2
1
1
1
1
1
1
2
1
1
1
1
3
1
3
1
1
1
1
1
2
3
1
354
1
1
1
2
1
1
3
1
1
195
1
3
1
1
1
2
1
1
2
24
1
1
1
1
1
1
1
1
1
1
1
1
1
2
1
2
2
1
1
1
2
1
3
1
1
1
1
1
1
4
1
2
2
1
1
1
1
1
1
1
1
1
2
1
1
2
1
1
1
2
1
1
1
1
1
2
3
4
2
2
1
1
2
2
1
1
3
1
1
2
4
2
1
1
1
2
1
1
1
4
1
1
3
3
1
2
2
2
1
1
1
1
1
48
1
1
1
1
1
2
2
164
1
1
1
2
1
1
2
10
1
2
1
1
1
1
1
1
4
1
1
1
1
2
1
4
1
3
1
2
2
1
1
1
2
2
1
4
1
1
1
1
3
1
1
1
3
1
1
1
1
1
5
2
1
5
1
1
1
1
1
2
3
1
2
1
1
2
5
2
1
1
1
2
1
1
1
1
1
5
1
1
1
3
1
6
1
3
1
1
2
1
1
2
1
4
2
2
1
2
1
2
3
2
7
1
1
1
1
1
3
1
1
1
1
3
1
2
1
1
1
3
1
2
1
1
1
1
1
1
2
1
3
1
3
1
1
1
2
1
1
1
2
2
1
4
32
1
2
1
3
1
1
1
1
3
1
2
1
1
1
1
352
3
2
2
2
1
12
1
3
1
4
1
1
3
1
1
1
2
2
1
2
4
4
1
2
1
1
1
1
1
2
1
1
1
1
1
4
6
1
1
1
2
1
1
5
1
2
2
3
1
1
1
1
3
2
1
2
1
2
1
3
1
2
7
1
2
1
1
1
2
1
1
2
1
2
2
1
1
1
1
1
2
6
1
2
1
1
1
1
3
2
1
2
3
1
1
1
1
1
4
3
1
1
2
1
2
1
2
1
1
1
3
1
2
1
1
1
1
1
1
6
2
1
1
1
2
1
1
1
1
1
1
2
1
1
1
3
1
2
1
2
1
3
1
2
1
1
5
2
4
1
3
3
1
1
1
1
1
1
2
110
1
2
1
2
1
1
1
1
1
1
3
1
4
1
1
4
5
2
1
2
1
1
1
1
2
3
3
1
1
2
1
1
4
5
1
1
1
1
1
2
1
2
2
1
2
2
1
2
5
2
1
1
1
1
1
1
1
1
1
1
1
1
1
1
30
1
21
1
2
2
1
1
1
1
1
2
7
1
1
1
2
1
3
1
1
5
1
1
1
1
5
1
1
1
2
1
1
1
1
1
1
2
1
1
1
1
2
1
2
1
1
2
1
3
1
1
1
1
1
1
1
6
2
1
1
1
1
1
1
2
1
1
1
3
2
3
1
58
1
1
1
3
2
1
1
3
1
1
2
1
1
2
1
1
1
1
1
1
3
1
1
33
1
1
1
1
1
2
1
1
1
1
1
1
1
2
1
1
1
1
1
1
1
1
1
1
7
2
1
2
4
1
1
2
1
3
2
2
1
2
1
1
1
1
1
1
1
1
1
1
1
1
7
1
1
1
1
1
1
1
1
3
2
4
1
1
1
1
1
2
2
1
188
1
1
1
4
3
1
1
2
1
2
5
1
1
1
1
1
3
1
1
1
1
1
1
2
1
3
1
1
1
1
2
2
2
1
1
1
1
2
1
1
1
1
1
2
2
1
1
1
1
1
2
2
2
1
1
1
1
2
1
1
1
407
1
1
1
2
2
6
2
1
1
1
1
4
2
1
1
1
1
1
1
2
3
1
5
1
1
1
2
1
3
1
1
1
1
1
1
1
1
1
1
2
1
1
1
1
1
1
1
1
1
1
1
6
1
1
1
1
4
3
2
2
1
1
1
1
1
2
1
1
4
1
3
1
1
1
1
1
1
1
5
1
4
1
1
4
1
1
1
2
1
1
1
1
1
1
1
1
1
1
3
23
1
1
1
1
1
2
1
1
1
1
1
1
1
1
2
1
3
1
8
1
1
5
1
1
1
2
1
1
123
1
1
1
1
1
1
1
1
1
2
1
3
3
1
2
5
1
61
1
4
1
1
1
1
1
3
4
5
1
1
1
1
1
2
1
1
1
1
1
9
2
20
1
1
3
1
1
1
1
1
1
1
1
1
1
1
1
1
2
1
2
1
3
1
1
1
1
1
1
5
1
1
1
4
2
1
1
8
1
2
1
1
2
1
1
1
1
1
1
1
4
2
2
1
1
1
1
2
2
3
1
1
1
1
1
2
1
2
1
6
1
1
1
2
1
2
1
2
1
1
3
1
2
1
1
1
1
1
4
1
2
1
1
1
2
2
1
1
1
6
1
1
4
1
1
1
1
1
5
2
1
1
3
1
1
1
1
1
3
2
1
1
1
1
1
1
2
1
2
1
1
1
2
1
1
1
1
1
1
1
1
1
34
1
1
1
1
2
1
1
2
2
2
1
2
1
6
2
217
3
3
1
1
1
1
1
2
1
1
1
3
4
1
1
3
1
1
1
1
1
1
4
1
5
1
1
1
1
1
3
2
1
1
2
1
1
1
1
1
1
2
1
2
3
2
1
1
6
2
5
2
1
1
1
3
1
1
6
2
1
1
1
1
1
1
1
11
1
1
2
3
1
1
5
1
1
1
1
1
1
1
1
1
1
1
1
2
2
2
1
3
1
2
1
2
2
1
2
1
1
1
1
3
3
7
7
6
1
3
1
4
1
4
1
6
2
3
1
1
3
5
2
1
7
3
13
2
1
1
1
1
4
1
1
1
1
2
1
1
1
1
1
3
1
1
1
1
1
1
1
3
1
1
5
1
1
1
3
1
1
1
6
1
2
1
2
1
5
1
1
1
1
1
1
3
2
4
2
5
1
1
2
1
2
5
3
1
1
4
1
1
1
1
1
2
1
3
3
1
3
1
1
1
1
1
4
1
1
1
1
4
2
1
3
1
3
1
1
1
2
1
1
1
3
1
2
1
3
1
1
3
1
1
4
2
1
2
1
1
1
1
1
1
1
1
1
6
1
1
1
2
1
1
2
1
2
1
1
4
1
1
2
2
1
9
1
1
1
1
1
1
1
3
1
1
2
7
3
1
1
1
1
3
1
2
2
1
1
1
1
2
1
1
2
1
2
1
1
1
1
2
1
1
1
10
1
2
1
3
5
1
5
1
1
1
2
1
1
1
2
1
1
1
1
1
2
2
3
1
1
2
1
1
1
1
3
1
1
1
2
3
2
1
1
2
5
2
2
1
1
1
194
3
1
9
1
1
1
3
2
1
1
2
7
1
1
2
1
2
5
7
3
6
4
5
1
3
3
2
1
1
1
1
1
1
1
1
1
1
4
1
1
1
1
1
1
1
3
1
1
1
1
1
13
1
3
3
1
2
1
1
2
1
1
1
1
1
1
1
1
1
1
5
1
1
1
1
1
2
1
2
1
1
1
4
3
1
8
1
1
1
4
2
2
2
3
1
1
1
2
1
3
1
1
1
2
2
1
12
1
1
1
2
1
1
1
3
5
2
1
1
1
1
3
1
4
2
1
1
1
1
1
1
4
4
2
2
2
1
2
1
3
34
2
1
2
1
1
1
1
1
91
252
1
2
1
2
86
2
1
1
1
1
2
2
1
1
1
4
2
4
10
1
1
1
1
3
1
1
1
2
1
1
2
2
3
3
1
1
1
1
1
1
2
1
1
2
1
2
1
1
158
1
2
4
2
2
1
5
3
1
4
1
1
3
1
1
1
1
1
1
3
1
1
3
1
1
2
1
1
1
1
1
1
1
2
5
1
1
2
1
1
7
2
1
2
2
4
3
1
1
1
2
1
3
2
3
2
1
1
1
1
1
1
2
1
3
1
2
1
1
5
1
4
1
1
1
1
32
1
2
1
1
1
1
1
4
1
1
1
1
1
4
1
2
1
2
1
6
1
1
1
2
1
1
2
1
3
4
1
2
4
1
1
1
1
1
1
1
1
3
1
1
1
3
1
2
1
1
5
4
1
1
1
1
1
1
4
3
1
1
1
1
4
1
1
6
1
1
1
3
2
1
1
3
2
1
1
4
1
3
2
1
1
1
1
1
1
1
2
8
3
2
1
2
2
1
3
1
3
1
1
2
1
4
3
2
1
1
1
1
1
3
203
2
2
1
1
1
1
10
2
2
1
9
1
1
2
1
1
1
8
1
108
3
13
3
6
1
2
2
1
1
1
4
4
1
1
2
3
2
2
1
3
1
3
1
3
1
1
1
6
1
4
1
4
1
2
1
1
1
1
10
1
4
1
1
1
1
1
3
2
1
1
1
3
1
1
2
1
1
1
2
1
1
1
1
2
2
1
3
3
3
2
1
1
1
3
3
4
1
1
2
1
2
1
1
2
1
2
2
3
4
3
4
1
4
1
1
4
1
6
333
12
1
1
1
1
4
1
3
1
1
9
1
4
2
2
1
2
15
3
3
1
19
1
8
2
2
2
1
2
1
4
1
2
2
2
3
3
1
2
1
1
6
6
1
2
2
3
1
1
2
6
2
1
1
1
3
1
1
1
1
1
2
6
7
1
6
2
1
1
2
4
1
2
3
2
1
2
1
3
1
1
3
16
2
1
2
2
2
1
6
1
2
2
2
6
1
3
16
2
1
3
3
1
3
1
1
3
123
1
2
1
1
1
1
1
1
3
1
2
1
1
3
7
1
6
3
1
1
1
1
1
1
1
3
1
13
2
2
1
3
1
1
2
3
1
1
1
3
1
1
7
1
1
4
4
1
6
2
2
1
2
7
1
1
6
4
2
4
2
2
2
1
2
3
1
1
1
3
1
2
1
4
2
7
1
2
2
1
5
1
2
3
1
1
2
1
1
2
1
1
5
2
1
2
1
1
1
1
1
1
4
16
4
5
1
2
1
1
2
2
1
1
1
2
4
1
1
1
1
1
2
1
3
4
1
5
3
2
1
1
1
1
2
3
4
2
2
1
2
1
3
3
2
2
2
1
1
2
1
6
9
1
2
3
3
2
1
1
1
29
2
2
5
2
1
1
1
1
498
3
3
2
3
1
2
1
1
3
1
1
2
2
2
4
2
2
1
1
1
2
3
2
1
2
2
2
2
2
1
5
1
3
7
1
1
3
1
2
2
1
1
4
1
4
2
2
1
1
4
3
2
3
2
1
2
4
1
8
1
1
1
1
1
2
2
1
2
1
1
5
2
82
1
3
1
3
1
1
5
1
1
6
3
1
1
1
2
2
1
1
1
1
2
1
1
1
5
1
3
3
3
3
1
3
1
3
2
5
1
1
1
3
4
6
1
1
1
1
2
1
1
1
1
5
2
1
2
3
1
1
2
1
1
10
9
1
5
2
2
1
4
3
1
1
1
1
1
3
1
1
1
2
1
1
1
2
2
1
1
1
1
4
3
2
1
1
2
2
1
2
1
1
2
2
16
3
1
1
1
1
6
1
2
1
3
2
1
5
2
32
4
7
1
1
2
2
1
1
1
6
8
1
6
7
1
2
1
2
2
1
1
2
2
2
2
1
1
1
1
1
1
1
1
24
1
1
1
1
1
1
2
106
2
1
1
1
2
1
1
1
2
1
5
1
1
1
1
28
1
1
3
6
7
9
1
4
1
1
3
1
1
6
4
1
1
2
2
2
1
1
2
1
5
1
1
1
1
3
7
2
1
2
1
1
1
2
2
1
2
4
1
1
4
1
1
2
3
1
6
3
1
2
2
5
2
1
1
1
1
12
8
7
1
3
1
3
1
1
1
2
5
3
8
1
3
3
1
1
2
1
2
2
4
3
3
1
1
1
1
1
1
25
3
3
3
1
3
1
1
4
1
1
1
2
1
5
1
3
1
1
1
1
3
1
1
3
1
1
1
9
1
1
2
1
11
2
1
1
2
1
1
1
4
2
1
1
1
1
1
2
3
3
4
1
1
1
1
1
11
4
1
9
2
1
130
5
1
1
1
1
2
1
1
6
4
2
3
1
1
1
5
1
3
1
3
6
8
2
6
1
2
2
4
1
3
2
2
1
1
1
18
2
4
3
1
2
6
1
1
7
1
1
1
1
2
1
1
1
2
1
2
34
1
1
1
1
6
1
1
5
1
5
1
2
4
1
1
2
3
4
7
1
4
4
1
3
2
2
3
2
3
3
4
1
1
3
2
1
2
1
1
2
1
5
3
3
3
8
1
1
2
2
1
1
1
1
2
2
1
4
7
3
2
5
1
5
2
3
4
1
1
3
6
9
1
1
8
1
1
1
1
1
3
1
2
3
2
2
2
1
1
8
3
3
5
1
2
6
1
2
41
1
7
1
2
5
2
3
2
1
3
1
3
3
1
2
1
1
1
5
2
1
3
4
2
9
3
1
4
2
1
1
2
4
3
4
5
1
1
1
4
11
1
1
1
1
1
1
1
2
1
1
2
3
1
3
1
5
1
5
4
1
3
2
1
74
5
1
7
1
2
1
1
3
1
1
1
1
1
5
28
1
4
1
9
7
1
4
2
10
1
4
9
2
2
3
107
3
1
4
1
1
4
1
1
1
1
3
1
1
2
6
8
1
1
2
1
1
1
1
1
3
1
1
1
1
1
2
2
2
6
1
7
3
1
1
1
1
1
4
1
3
2
1
6
1
1
4
1
1
1
1
2
1
1
1
1
7
8
2
2
3
2
1
4
2
3
2
1
3
1
1
3
3
2
1
5
9
1
5
3
1
1
5
5
1
1
4
5
4
7
2
2
2
6
3
3
2
2
1
27
4
5
4
2
1
5
4
1
1
4
6
1
5
1
3
2
11
7
1
1
1
1
1
1
2
2
2
1
1
1
1
1
1
1
1
3
2
4
1
9
4
1
1
5
5
1
1
9
1
3
1
1
1
1
1
1
1
1
1
5
2
4
5
10
1
11
1
1
5
1
1
1
3
1
1
1
3
4
2
7
3
2
8
1
1
2
3
2
1
3
2
1
5
1
1
3
1
4
4
5
6
3
1
2
1
1
1
1
1
332
1
1
1
1
1
4
3
4
4
3
1
1
1
1
1
7
7
1
3
1
7
1
1
1
3
4
1
2
1
1
1
1
1
1
2
5
11
4
5
1
2
8
1
3
2
3
1
8
1
2
15
1
9
2
1
1
1
2
2
1
8
1
1
188
2
13
12
1
105
1
1
7
4
1
1
2
6
1
2
9
11
1
1
73
13
2
3
3
4
1
3
7
5
6
16
6
1
2
1
4
1
1
1
2
3
1
1
1
1
3
4
3
2
1
1
1
1
1
1
1
2
3
2
1
1
1
9
1
4
1
3
1
2
1
3
1
1
2
1
2
1
9
4
2
1
4
1
2
1
12
1
1
1
1
1
8
3
1
1
1
2
1
3
2
2
1
3
1
1
1
1
13
6
6
4
4
7
3
13
1
12
7
3
1
3
8
1
6
3
3
1
4
3
2
3
1
1
7
11
5
5
6
4
2
1
1
2
8
1
1
1
1
1
1
2
1
2
3
4
1
2
1
2
2
2
1
1
1
1
1
8
8
3
2
2
2
1
3
2
1
72
1
5
1
1
2
1
1
2
2
1
2
1
1
2
1
1
8
1
2
2
1
1
1
1
1
1
3
3
10
1
1
2
1
2
2
6
2
2
1
2
1
1
3
2
1
3
1
11
1
1
2
8
2
4
1
1
2
10
9
2
11
3
8
9
4
2
5
8
1
3
1
1
4
2
1
4
7
1
1
2
5
1
5
5
2
1
17
6
1
6
10
2
6
1
1
2
2
2
1
6
4
1
8
1
1
1
1
3
1
2
1
2
2
1
2
2
1
2
1
1
1
1
7
4
8
17
1
1
1
12
2
3
4
1
2
3
1
10
2
1
4
5
1
1
7
4
2
2
4
1
1
5
1
1
1
1
1
1
1
1
3
3
1
1
4
4
10
4
2
1
1
1
2
16
2
1
2
5
9
1
1
1
2
4
2
9
8
1
6
1
1
1
1
1
6
2
1
1
1
9
4
1
3
7
2
2
1
3
2
3
6
26
2
3
1
8
1
1
1
1
2
1
3
1
1
3
2
1
3
2
3
5
6
10
8
1
1
1
10
1
1
1
3
29
2
1
1
5
1
1
5
22
1
2
1
7
2
2
3
3
2
5
1
1
1
1
3
1
2
6
2
1
1
22
1
1
2
1
2
5
1
1
4
2
2
2
6
4
3
2
6
4
2
2
2
2
10
4
3
2
1
1
7
1
1
2
4
1
1
1
3
2
1
64
1
2
1
1
2
3
3
2
3
1
2
1
1
1
4
4
1
1
3
2
8
2
1
2
3
1
5
6
4
2
1
1
2
9
2
1
9
3
2
3
5
1
8
3
1
1
1
3
2
7
2
7
1
1
4
1
1
1
1
1
2
6
7
2
1
3
1
2
1
15
3
1
2
4
17
1
7
3
1
10
2
1
1
6
2
1
4
1
3
2
3
1
1
2
1
7
4
10
2
3
4
12
1
1
1
1
1
1
2
1
2
4
7
6
2
3
1
2
1
4
67
1
1
7
5
2
8
2
3
12
2
6
5
1
4
3
4
4
3
1
8
5
5
5
10
11
3
1
4
1
1
3
1
1
4
7
1
1
1
1
2
13
2
6
4
5
3
1
1
12
2
1
3
2
2
2
1
1
11
1
5
31
1
2
1
1
2
2
1
1
1
2
3
3
2
1
1
2
1
1
7
4
4
1
3
1
1
3
5
1
3
1
1
1
1
3
2
8
2
2
3
4
2
4
2
1
1
1
1
1
1
1
1
1
6
4
1
10
2
1
5
4
1
12
4
2
2
6
1
1
4
2
2
2
19
3
1
2
3
1
1
1
1
1
3
2
4
1
2
1
1
4
6
2
6
1
1
1
7
4
1
1
1
1
3
8
1
1
6
1
1
1
3
1
2
4
1
1
1
1
6
23
1
10
4
1
2
2
2
17
1
3
1
12
2
1
2
1
1
2
5
1
5
3
1
2
1
4
4
3
3
1
24
15
1
1
5
1
1
3
6
2
1
2
1
8
2
1
22
1
1
1
1
1
3
1
1
2
3
9
1
5
6
7
2
2
1
2
1
32
1
5
3
5
4
1
2
2
1
3
2
2
1
1
1
1
1
3
9
1
23
4
2
1
17
1
6
1
5
1
1
2
3
25
2
3
1
2
1
1
1
1
1
1
2
2
7
1
3
17
1
4
7
1
5
1
10
4
1
1
4
2
4
5
5
2
1
6
1
7
1
1
11
2
3
11
2
13
1
1
1
2
1
1
3
2
1
6
1
3
1
2
3
3
1
2
2
1
10
2
1
51
9
5
2
5
6
17
3
2
3
6
2
3
1
1
6
1
4
3
11
1
3
2
1
1
1
1
1
3
13
3
13
4
3
1
6
1
1
23
195
6
2
4
12
6
12
6
8
1
1
3
2
1
1
7
3
19
8
3
3
3
2
1
3
1
1
1
4
11
2
4
2
20
11
2
3
4
2
1
1
117
1
1
5
1
1
1
11
1
1
4
1
3
5
1
3
2
3
6
1
1
2
2
1
12
1
4
1
2
18
1
1
2
7
6
5
2
2
1
2
2
8
11
1
1
5
5
2
4
3
7
1
2
1
7
265
14
2
6
6
4
3
2
2
5
5
13
1
6
2
1
2
2
6
3
5
2
3
3
1
2
1
5
4
3
22
7
1
2
1
3
1
15
1
1
3
1
1
1
3
3
1
1
7
2
2
3
7
1
6
3
3
2
1
1
9
7
9
2
1
1
15
1
1
1
6
5
1
3
14
2
6
5
1
34
1
1
1
4
1
3
4
2
4
1
1
8
1
1
4
1
11
1
1
1
1
8
1
1
1
2
1
1
12
1
1
1
1
5
1
6
1
1
1
1
8
28
3
2
1
1
10
14
4
1
1
22
1
2
1
1
2
1
4
1
10
1
1
2
1
2
1
9
1
2
1
1
4
1
3
3
4
19
3
1
12
3
1
9
3
4
1
1
4
16
2
7
3
3
1
15
1
9
1
1
8
4
4
5
6
2
2
3
2
354
3
1
2
7
1
2
35
1
3
1
6
2
4
6
4
1
9
2
2
13
2
13
2
1
3
13
7
13
2
9
7
1
9
21
4
1
4
1
8
31
4
7
1
1
5
2
7
1
2
3
4
3
2
2
1
9
1
5
6
1
2
2
9
3
4
1
8
1
1
8
1
2
6
3
2
1
1
3
26
5
2
1
17
6
17
9
7
1
2
1
6
1
1
27
3
7
2
1
1
7
1
2
5
10
1
1
2
1
2
14
8
1
2
1
1
5
1
2
3
11
1
9
17
27
28
2
6
4
9
10
1
1
10
2
8
1
1
1
20
1
5
4
1
1
1
2
1
22
1
1
3
3
2
2
1
26
3
1
4
1
1
3
2
4
2
2
9
1
5
4
2
1
1
1
11
1
15
6
4
3
1
1
3
6
3
2
2
1
27
10
1
5
6
1
2
18
7
4
3
5
4
1
6
14
12
7
3
6
2
1
4
2
1
3
28
1
2
10
40
2
11
1
5
4
1
3
2
2
4
23
5
5
17
1
1
4
1
42
2
2
1
1
6
8
2
3
4
2
1
2
2
1
7
3
10
7
5
1
13
14
1
4
1
1
3
1
4
1
2
3
5
3
4
2
3
1
18
28
1
2
2
3
1
1
1
1
2
5
10
3
4
1
2
10
2
1
1
1
11
4
3
17
6
2
3
1
1
2
5
1
9
1
2
18
1
5
5
2
4
4
2
19
1
11
16
2
2
12
2
2
1
2
2
5
5
14
47
5
11
2
16
20
2
2
41
31
1
9
2
11
2
2
1
4
9
1
1
7
6
2
1
1
1
6
1
1
2
2
17
4
3
3
5
1
2
6
1
1
11
4
2
1
30
1
1
10
2
1
2
2
2
6
2
4
3
7
10
1
2
1
3
1
1
1
8
3
1
1
2
2
1
1
5
1
1
11
2
2
8
1
3
1
1
11
9
1
3
5
6
6
33
15
1
2
3
1
23
1
6
9
3
1
1
1
5
27
4
1
2
16
1
5
6
9
4
24
1
2
1
1
6
8
16
7
4
2
4
1
1
9
8
3
1
15
1
1
3
7
3
22
1
1
2
1
1
6
1
2
2
2
1
1
5
1
4
5
1
2
1
33
7
4
4
3
7
1
3
1
1
2
9
1
9
18
6
4
1
1
2
3
10
3
2
1
3
8
1
5
5
149
1
36
1
1
1
3
1
12
5
1
4
1
11
1
50
2
2
12
1
1
77
5
1
1
5
15
12
1
4
4
2
2
1
5
4
1
5
1
11
13
12
4
1
6
1
8
1
1
1
3
30
1
9
4
1
3
3
3
2
2
3
3
17
1
2
5
2
1
2
1
8
2
6
2
16
1
3
21
18
4
12
1
9
4
4
3
2
1
1
4
10
2
1
13
5
1
11
1
5
3
10
8
1
11
1
2
2
2
1
1
1
1
1
2
3
2
1
3
6
1
2
30
3
3
1
1
16
2
65
1
1
1
1
13
35
1
1
31
2
3
3
21
1
1
9
1
1
1
3
5
9
7
1
2
1
1
6
10
2
1
1
1
1
2
10
1
8
10
14
1
6
6
1
7
2
19
2
3
2
1
2
21
5
8
8
2
1
3
38
1
14
1
78
1
5
7
6
1
9
1
1
1
5
10
1
17
14
1
7
7
3
8
3
2
5
7
3
5
7
6
1
18
10
2
1
26
1
5
14
8
1
1
1
6
45
3
1
3
1
1
9
2
1
1
3
5
1
12
5
1
1
1
1
3
1
11
3
11
10
3
18
1
1
5
2
1
9
15
3
4
13
5
5
5
24
7
16
5
15
8
1
1
3
2
15
19
30
13
1
5
4
7
1
1
27
1
12
6
2
1
32
14
96
2
1
2
24
1
1
10
1
4
16
6
11
1
3
1
1
1
2
3
29
1
6
1
1
5
4
8
12
29
5
3
1
14
1
16
6
6
1
4
1
1
1
20
3
2
1
7
1
1
16
6
5
5
2
5
10
1
1
1
1
13
11
2
4
4
1
3
5
2
5
7
11
91
3
8
1
2
4
1
1
1
15
4
2
12
5
7
1
1
1
7
5
33
2
1
91
5
6
1
3
15
2
1
18
2
4
1
3
1
3
1
4
18
25
1
1
1
1
1
44
2
13
2
5
1
1
10
30
7
16
12
5
4
7
11
4
5
4
9
52
2
6
2
5
209
3
2
2
10
2
6
2
1
10
1
8
1
2
6
18
3
2
7
3
1
12
6
11
7
1
6
88
86
3
8
1
3
1
2
13
30
3
3
15
3
13
2
2
5
9
1
1
11
1
3
5
3
4
3
1
5
4
31
3
9
11
10
1
4
3
3
19
10
3
17
57
4
13
19
1
3
5
4
1
4
1
4
1
1
1
8
5
3
4
1
1
6
2
1
5
6
1
3
15
1
21
1
5
35
3
3
24
8
2
5
6
3
2
8
6
6
6
6
1
25
1
6
19
1
5
35
14
16
10
8
5
1
4
14
4
3
16
5
2
5
1
1
106
18
2
19
9
6
1
81
1
4
5
2
2
8
5
1
1
158
1
7
1
3
3
3
1
1
15
2
2
1
1
15
10
1
19
2
2
1
1
9
1
6
86
1
1
2
8
2
4
66
7
3
3
1
1
9
8
24
6
13
1
5
28
4
4
1
42
1
2
3
7
2
7
3
40
2
1
3
9
2
4
6
16
6
3
1
7
74
1
1
4
3
1
1
9
1
3
61
9
1
12
16
1
1
10
16
7
1
16
37
2
1
2
1
7
1
14
1
25
17
2
1
1
6
6
1
1
2
26
1
1
1
5
6
14
8
7
8
1
39
4
1
2
9
4
3
1
3
15
3
1
1
1
19
8
7
3
10
1
1
5
7
3
1
5
5
6
5
1
1
4
7
1
2
5
10
13
2
10
21
3
7
18
1
3
1
1
3
2
1
1
2
1
2
12
20
1
18
1
8
25
2
5
3
34
1
7
9
1
29
1
3
2
2
3
1
33
2
10
4
5
16
3
1
12
36
2
1
13
1
1
3
16
1
3
19
5
3
15
2
2
5
9
5
5
7
4
7
1
1
1
13
40
3
2
1
6
2
23
6
2
16
2
2
15
9
25
10
5
3
13
1
1
37
15
2
4
1
6
17
17
1
15
4
1
1
10
8
6
36
1
4
1
69
7
1
1
1
1
5
9
101
44
3
7
4
1
1
11
5
13
15
18
2
8
10
6
1
1
68
1
7
11
3
1
5
3
22
5
1
12
7
9
4
1
1
2
12
47
5
10
22
13
5
1
1
1
8
1
7
2
19
1
8
70
18
4
7
10
9
1
8
3
2
2
2
8
2
5
9
1
20
1
2
1
1
6
8
1
5
1
2
6
1
3
1
5
30
1
1
1
9
26
2
11
5
1
6
3
6
1
26
35
3
1
6
1
3
1
23
1
3
10
25
4
29
6
8
13
13
37
10
2
8
21
3
3
6
25
3
8
7
23
15
1
5
7
4
3
6
1
6
24
11
5
10
9
16
7
4
1
21
2
15
2
3
3
2
1
2
1
8
21
9
3
61
1
1
8
2
4
5
9
2
6
19
1
7
3
41
16
4
1
1
48
4
18
3
3
1
3
16
3
2
2
20
13
6
10
21
164
16
4
7
1
47
5
32
1
1
5
5
4
29
1
13
24
4
22
12
2
3
7
4
29
6
1
1
1
1
4
2
1
4
2
8
1
5
3
3
10
1
14
23
31
8
22
2
1
12
6
36
1
20
6
2
11
8
14
29
3
4
11
1
1
1
4
9
14
3
4
19
5
5
116
22
6
18
1
5
54
5
17
51
2
8
10
1
5
1
46
33
79
12
31
2
16
3
14
4
3
2
9
1
9
5
3
1
4
29
2
14
7
15
10
1
5
35
4
2
7
2
3
2
90
3
43
31
6
1
2
1
9
2
11
20
1
22
4
1
2
7
1
23
1
3
11
1
21
2
3
1
1
11
21
29
2
2
8
17
23
10
1
16
4
1
19
12
16
3
8
3
5
1
4
1
15
3
11
51
22
3
1
3
4
3
2
1
6
28
2
16
1
1
15
6
1
62
40
10
42
3
3
1
1
6
31
1
3
2
17
1
1
1
2
9
2
5
17
7
1
3
18
6
3
6
18
2
4
31
1
7
1
4
25
4
43
6
1
1
8
4
6
3
7
15
25
10
5
11
24
1
5
6
3
4
5
1
1
28
9
3
14
24
5
35
6
18
16
1
1
40
1
86
33
18
2
2
6
4
2
1
1
2
17
19
21
6
6
37
3
16
1
38
1
20
5
2
1
9
21
5
2
10
2
3
28
2
7
23
1
1
12
5
33
4
23
1
24
2
1
5
2
46
71
1
10
1
76
2
4
39
26
25
4
13
29
2
15
17
68
6
1
4
4
1
13
4
30
2
4
335
3
79
1
5
6
20
19
1
7
47
1
4
2
7
2
9
2
27
3
2
13
1
3
5
4
2
15
2
42
141
1
8
2
1
8
2
1
7
17
32
1
7
3
1
3
9
5
7
9
3
6
51
9
4
27
7
4
5
2
3
49
1
31
14
1
16
2
42
13
7
1
1
1
18
47
2
1
5
1
54
27
6
49
1
1
3
1
4
2
9
14
1
4
6
6
128
1
1
13
11
5
39
62
7
24
96
40
25
26
6
7
4
2
7
2
8
22
2
5
2
40
7
24
1
5
29
2
1
1
8
2
7
1
1
35
15
5
3
15
7
32
15
11
6
6
1
9
2
2
25
1
1
1
1
22
4
1
1
5
23
10
56
4
29
12
3
25
13
1
65
4
23
9
31
3
2
3
1
1
2
5
1
19
163
3
31
1
1
39
58
72
21
16
13
6
4
5
17
22
24
25
19
32
31
9
8
25
26
1
20
1
3
24
4
6
8
21
64
1
11
30
63
2
1
3
6
46
8
3
34
4
5
22
1
3
3
3
4
21
7
16
1
1
31
34
1
5
10
15
1
3
10
23
37
9
201
15
11
72
1
14
6
1
1
2
1
6
1
9
7
23
25
5
2
15
20
30
1
1
18
6
29
43
28
1
5
4
11
15
17
24
1
41
91
1
85
1
24
1
1
1
31
10
58
4
22
1
1
4
13
22
2
4
3
54
1
14
6
1
4
1
51
6
24
65
2
3
56
4
6
2
4
18
1
2
1
48
4
46
2
19
14
43
5
7
4
22
17
1
28
5
1
32
1
2
2
33
38
43
24
27
29
202
6
6
14
1
7
64
123
6
1
5
34
1
41
58
24
3
8
11
11
1
28
13
30
50
1
11
12
33
5
45
1
96
4
7
10
3
7
7
100
11
8
2
15
60
20
39
30
138
72
27
10
3
4
3
1
2
22
1
8
3
56
11
97
4
29
82
1
73
11
4
3
18
25
1
41
1
64
1
6
9
44
1
1
1
2
28
3
4
25
14
52
2
129
50
8
5
2
31
30
30
20
15
1
3
29
4
7
2
10
4
83
3
23
23
19
2
39
2
2
43
7
9
9
11
3
2
107
3
13
1
7
18
34
7
16
15
76
4
1
3
56
9
10
22
4
1
2
1
7
2
13
139
8
11
19
25
8
8
5
38
41
45
1
3
1
1
7
21
106
4
39
36
58
2
4
5
7
3
28
5
5
95
5
51
38
1
8
2
12
6
143
23
24
1
37
12
46
34
141
8
4
5
4
10
14
3
1
5
9
76
5
2
68
7
2
71
5
6
10
16
1
21
85
31
27
1
10
47
73
3
4
32
2
1
17
64
8
3
3
3
4
8
40
37
4
1
3
5
5
60
5
1
2
7
12
1
9
17
2
3
80
8
15
39
10
79
21
4
122
5
5
10
1
43
1
15
3
5
2
5
1
11
12
4
1
41
4
4
36
3
8
4
31
11
2
88
6
1
20
10
2
21
5
35
1
50
131
1
3
27
61
8
18
50
14
6
3
13
16
97
108
1
147
27
66
45
27
17
47
7
8
41
18
49
6
25
91
9
52
14
37
2
3
8
1
4
17
22
22
20
7
1
16
7
15
1
11
14
30
6
47
33
7
54
24
26
68
186
4
2
21
67
13
8
54
2
1
1
26
2
72
7
2
5
9
4
2
14
29
17
12
8
3
120
2
3
33
33
2
24
4
3
2
7
22
8
86
27
21
9
3
249
64
1
14
1
2
3
28
13
156
26
13
20
4
29
26
37
21
12
157
5
1
1
27
33
90
12
102
12
28
19
72
3
19
16
1
6
3
70
16
45
1
71
19
2
1
1
42
39
21
1
70
12
2
2
4
5
45
343
12
10
43
29
5
62
6
19
42
78
13
215
6
153
12
1
6
7
9
9
43
3
5
50
7
12
2
23
10
117
2
1
5
278
313
3
2
49
13
19
130
8
1
3
24
145
12
3
19
221
19
1
29
5
5
15
221
8
85
12
8
45
54
4
1
7
15
4
4
107
145
16
6
6
2
47
3
4
19
1
61
23
128
1
10
21
21
10
41
68
3
8
88
5
18
1
24
4
267
134
2
151
52
1
3
32
9
6
9
83
24
2
10
4
30
18
2
59
7
26
79
4
108
23
72
48
2
15
15
67
184
10
48
25
9
3
190
55
5
118
3
1
4
6
368
3
441
4
9
82
16
4
196
10
7
1
9
27
54
1
7
52
22
61
49
1
1
14
26
14
33
57
1
7
109
11
51
1
36
1
12
80
51
94
19
42
32
40
174
4
2
20
2
57
2
3
2
5
93
116
190
2
69
2
93
181
1
10
20
15
15
50
5
29
2
117
59
147
44
5
131
21
2
6
6
344
85
78
121
102
1
96
4
7
52
2
2
28
2
25
21
1
49
63
12
6
6
40
59
9
480
84
20
27
210
89
5
18
9
28
140
143
8
4
9
22
12
495
1
144
31
1
56
271
5
5
6
9
6
10
1
23
169
117
42
35
28
1
1
15
88
6
23
54
18
5
62
6
7
9
4
7
103
123
19
19
1
135
9
101
6
5
107
3
271
77
26
23
94
12
21
26
180
5
471
11
4
9
1
9
3
53
15
34
12
71
5
17
144
96
208
28
3
10
21
27
44
425
53
167
32
4
2
9
46
6
26
9
5
4
161
16
14
2
2
1
1
2
20
1
64
13
15
76
56
48
165
136
161
43
53
192
4
4
11
2
5
6
1
11
50
50
4
31
62
156
26
7
14
1
76
37
3
14
2
33
126
31
1
1
172
5
10
38
12
54
21
12
141
6
5
3
8
140
1
1
2
6
7
33
8
31
162
4
2
8
13
4
17
51
200
44
1
52
28
4
1
2
4
55
30
1
4
3
12
111
2
8
18
58
5
512
261
117
136
10
183
15
11
105
56
12
265
10
20
42
32
2
23
46
15
53
111
11
25
9
19
16
76
1
36
6
7
15
4
139
172
1
8
15
112
28
46
11
17
18
9
22
11
25
86
30
13
85
29
8
1
23
2
13
10
9
1
121
76
4
9
38
28
131
84
6
4
216
301
79
10
2
7
33
32
8
6
7
9
11
114
27
135
125
6
6
15
3
2
3
29
10
14
9
2
6
53
5
115
80
1
84
15
44
12
106
10
4
3
130
65
10
9
68
73
1
129
2
3
3
4
70
205
287
49
46
47
10
23
8
43
51
55
10
5
