8
6
1
13
1
6
2
1
5
1
11
3
5
2
2
8
5
1
1
2
1
2
2
17
1
3
4
6
5
4
4
1
1
12
1
4
6
13
13
3
2
15
1
1
3
1
3
5
3
1
1
2
19
1
15
1
16
15
2
9
15
1
14
1
1
2
2
1
1
5
22
2
3
3
41
13
1
31
5
15
2
5
2
2
13
3
2
1
6
4
1
18
31
1
3
3
2
2
6
1
9
2
1
5
4
1
6
6
18
16
4
1
3
7
1
1
2
3
3
33
5
3
3
7
3
1
2
8
3
2
3
22
7
10
11
1
2
1
1
2
4
5
1
3
1
6
16
30
2
4
11
5
7
5
11
1
1
2
17
2
2
15
24
2
5
1
5
2
13
5
1
2
5
3
2
6
15
1
1
1
2
10
9
15
2
1
5
2
14
2
3
20
1
1
2
1
6
26
2
3
16
1
1
1
9
8
37
6
9
2
5
2
2
2
19
6
4
9
3
6
1
20
2
8
8
18
1
2
6
3
4
21
5
8
1
3
62
2
1
5
3
11
2
6
7
4
2
2
20
14
1
14
2
1
2
29
4
1
1
1
4
5
30
18
1
7
1
19
2
4
1
6
2
3
13
2
7
1
1
2
1
2
5
39
1
1
2
1
3
5
4
4
58
1
10
15
5
4
4
1
2
3
2
2
9
2
7
1
4
6
1
15
3
10
1
1
7
4
2
2
5
2
3
3
1
2
5
3
9
8
4
2
5
58
36
1
12
7
3
2
7
13
10
5
8
1
2
22
4
1
5
3
22
6
3
5
4
2
1
4
5
1
12
5
4
3
2
3
2
3
10
3
6
4
1
6
10
12
1
2
2
1
2
9
1
14
6
3
6
11
2
24
36
2
2
8
4
1
1
14
1
38
1
1
27
4
11
1
1
3
57
2
13
6
3
1
1
10
2
4
1
2
1
19
2
8
4
8
1
3
1
5
2
5
9
1
3
1
13
17
2
2
3
1
11
10
7
9
1
1
1
27
2
2
17
1
1
16
2
4
3
3
2
11
8
2
3
1
1
2
4
19
34
1
1
23
9
1
3
19
4
8
4
6
4
1
9
3
1
10
33
1
8
2
3
1
7
1
9
1
1
2
1
3
3
3
12
1
3
2
2
1
31
9
13
10
6
1
2
5
4
40
1
7
3
8
1
1
1
1
10
2
1
2
1
4
5
1
6
1
4
3
1
2
4
3
4
2
3
4
4
1
55
2
3
2
26
1
2
10
3
5
1
21
1
1
3
1
2
9
38
17
2
1
9
24
13
2
2
32
16
73
1
8
1
8
2
2
1
1
30
7
1
4
2
11
1
5
2
3
1
2
10
2
1
7
1
1
5
1
1
6
6
17
3
16
2
6
1
8
2
25
1
1
3
6
5
2
1
13
9
2
3
1
1
1
33
2
5
4
3
1
5
1
6
1
1
3
2
2
1
6
2
2
1
2
6
3
15
6
2
3
1
3
1
13
1
7
2
11
5
17
108
2
2
23
4
3
9
6
1
3
1
3
2
15
3
1
7
6
1
15
3
2
1
10
1
8
2
4
1
9
9
2
3
27
2
4
1
1
8
1
1
7
5
2
1
2
1
10
16
6
1
3
2
17
9
3
7
1
2
3
1
3
1
2
15
8
6
14
6
4
10
2
7
15
10
2
14
3
26
12
21
41
1
1
7
7
2
12
1
1
8
1
6
19
4
7
2
1
1
4
8
2
5
19
2
1
7
3
2
12
5
2
3
29
2
1
2
2
1
2
1
5
3
1
2
19
2
3
12
2
1
8
26
2
3
3
3
2
2
6
1
20
4
31
6
14
7
1
11
16
6
12
3
2
2
9
3
19
1
16
2
8
3
1
2
13
1
30
2
1
42
2
2
1
3
3
56
1
6
3
4
14
4
2
10
6
2
3
1
9
4
1
5
4
1
8
7
5
1
1
1
18
3
1
4
1
3
27
16
2
1
1
4
3
4
4
1
1
10
1
20
1
22
26
2
1
3
4
5
2
2
1
1
8
12
16
4
5
13
6
25
3
11
7
2
3
6
7
10
1
1
1
2
11
10
12
5
30
3
15
6
9
1
3
2
6
9
2
5
4
12
3
3
1
18
1
5
33
2
26
2
16
1
3
1
4
5
1
2
82
29
4
3
5
15
1
1
5
9
1
1
2
2
6
8
3
28
8
1
1
11
66
2
9
33
1
1
5
3
5
2
1
3
14
1
2
1
1
10
2
2
2
8
7
5
17
49
2
1
5
3
2
2
5
1
1
13
1
1
1
1
10
3
2
1
4
2
41
14
1
8
7
1
3
12
2
1
1
2
5
1
1
3
3
3
1
1
2
1
2
4
1
2
4
37
1
4
18
3
12
2
8
11
11
10
1
2
9
1
1
5
6
5
2
3
1
5
8
2
14
3
3
3
3
3
7
6
1
1
2
1
5
2
1
2
2
2
3
6
1
1
2
3
6
1
4
1
1
4
25
15
2
4
5
3
2
4
6
7
4
1
3
2
4
1
3
1
7
1
2
1
1
16
2
7
6
2
1
1
23
1
88
1
31
19
1
1
1
2
4
1
23
1
3
2
2
1
9
3
1
4
3
40
1
1
1
2
7
1
2
2
49
9
1
1
3
2
18
1
1
2
18
2
1
16
1
1
10
3
4
1
1
10
12
1
4
7
1
1
10
2
17
3
3
3
21
4
4
6
1
3
2
1
45
4
8
2
1
11
3
2
3
1
2
3
10
9
2
2
6
1
16
3
3
1
6
3
1
2
1
1
2
22
10
2
1
1
3
2
2
1
12
1
2
1
3
3
4
20
1
1
7
6
3
8
26
10
2
2
10
1
2
6
1
2
15
31
1
13
2
2
2
5
3
4
4
10
1
13
10
2
4
3
11
1
1
1
1
3
10
2
1
1
16
8
7
1
18
7
4
27
2
25
2
2
1
2
1
12
17
1
3
6
25
3
1
3
55
41
3
13
1
2
10
1
3
27
1
13
22
12
10
4
33
2
2
4
42
9
7
4
2
14
2
2
3
2
8
2
1
2
2
2
5
1
25
6
2
75
8
6
4
1
5
4
14
2
1
21
2
7
2
2
18
2
3
1
24
8
6
1
2
2
10
2
1
3
86
3
1
20
3
1
1
2
3
11
7
2
5
2
8
14
2
1
12
2
16
5
1
18
4
4
16
4
6
17
2
3
22
3
3
17
2
11
7
1
5
1
2
7
1
8
26
7
14
10
2
3
2
1
15
39
5
2
2
2
2
15
1
16
6
5
13
27
2
1
18
78
24
5
3
8
12
3
2
9
3
4
3
12
1
2
8
3
18
2
1
1
4
3
4
2
1
1
12
1
1
1
4
2
1
68
1
9
4
2
4
9
3
14
4
2
14
1
1
1
15
3
2
15
6
12
1
4
1
3
3
2
12
10
2
22
2
19
1
12
3
1
2
24
2
1
14
13
1
4
1
2
1
9
14
14
13
1
5
1
4
3
2
2
3
19
2
12
1
2
2
3
1
3
9
35
2
14
1
18
3
8
8
21
1
1
1
39
38
3
11
1
2
1
16
1
11
1
2
2
7
27
12
18
2
12
3
9
3
2
2
2
15
7
5
8
1
1
1
2
1
1
1
4
1
11
7
3
1
41
11
1
14
3
2
1
1
2
12
10
1
8
2
1
1
2
1
2
35
6
1
2
2
10
1
1
2
9
3
1
25
2
2
7
2
12
1
16
3
1
16
2
13
5
1
6
2
1
1
1
8
7
7
6
1
1
4
6
1
3
23
22
8
1
2
1
1
11
4
1
24
1
5
8
1
1
9
4
1
6
2
1
6
6
34
2
4
1
10
1
1
22
4
2
1
18
1
1
61
5
2
1
2
1
3
30
18
23
9
9
1
12
12
2
1
5
5
7
3
1
1
13
11
1
8
14
1
3
11
6
1
8
4
4
2
5
1
15
1
1
1
8
1
3
4
8
1
1
1
1
4
15
6
1
4
11
11
8
19
1
3
4
2
33
4
2
1
1
1
31
3
4
29
1
1
6
4
16
3
2
2
12
2
1
3
3
12
11
2
4
4
15
31
1
17
27
3
11
4
10
12
2
2
3
1
9
10
10
22
1
1
20
1
4
8
2
2
2
19
4
4
3
2
2
29
15
1
6
3
19
2
1
2
5
2
8
4
2
2
19
11
6
1
18
2
8
2
1
3
3
4
7
13
1
1
4
2
1
2
10
11
4
5
12
1
9
1
12
3
2
1
30
3
1
1
6
18
11
3
1
15
13
22
14
1
4
10
2
1
7
5
6
2
2
1
20
3
8
9
1
2
29
7
2
2
15
4
4
10
5
30
6
10
3
3
2
22
2
45
1
6
1
5
1
1
3
5
2
3
1
26
4
3
2
60
14
6
2
28
1
2
9
5
6
35
38
1
79
16
4
1
6
1
2
2
2
1
3
3
3
13
2
1
8
57
1
4
5
6
7
4
1
7
6
5
2
2
7
1
2
9
27
3
9
2
8
1
1
12
1
11
1
3
6
12
8
12
1
3
3
1
5
2
2
1
6
16
12
1
5
17
1
2
2
2
1
3
2
4
11
28
6
1
4
1
2
3
7
1
7
3
13
2
102
1
1
13
11
4
7
1
27
4
2
12
4
1
1
9
1
2
5
2
18
3
1
49
3
9
13
28
2
1
2
4
2
6
9
2
8
1
1
9
2
1
1
24
31
2
1
1
14
1
38
4
1
2
2
12
9
3
1
8
3
4
3
3
2
1
2
1
3
4
6
1
2
1
43
2
1
1
3
1
1
3
9
16
2
3
2
8
7
7
4
27
2
2
4
2
2
1
9
6
2
16
2
6
2
63
2
7
35
28
8
3
2
1
1
1
1
1
6
5
2
4
6
10
2
2
1
2
3
10
9
7
2
1
9
4
10
1
78
2
2
1
6
3
3
17
1
3
7
10
5
4
34
1
9
20
3
1
1
8
24
4
5
1
5
39
4
4
1
2
1
2
1
8
1
8
4
18
1
19
11
12
15
1
4
5
16
3
2
2
17
8
1
22
1
2
4
2
2
3
1
14
1
4
1
17
1
3
2
3
3
1
2
3
12
4
2
15
9
4
13
1
14
9
23
3
2
5
10
1
2
8
1
1
54
2
2
15
2
19
1
14
6
1
1
6
3
2
4
3
4
7
2
1
2
11
3
1
4
3
7
6
3
2
2
1
2
7
4
3
1
3
1
19
1
11
11
4
3
8
4
4
4
2
3
2
2
1
5
9
1
2
4
2
3
3
20
1
10
3
2
6
2
3
24
2
6
3
3
2
6
5
5
2
1
9
1
17
9
1
1
3
5
14
6
6
17
2
1
5
38
1
17
3
6
4
3
2
2
2
7
1
3
25
13
10
3
2
13
1
2
1
2
25
6
1
27
4
5
2
1
7
7
5
8
10
1
12
18
4
33
3
4
3
2
82
4
2
4
1
46
2
7
1
2
7
3
26
1
2
1
1
2
41
14
10
1
12
2
18
2
9
5
6
2
6
4
1
13
20
1
11
1
1
25
1
32
3
1
1
1
1
13
1
3
2
5
1
1
1
3
16
9
2
2
4
1
3
12
6
22
2
4
10
6
6
5
5
3
11
3
1
3
2
6
11
1
2
1
40
5
4
38
1
3
5
8
8
1
6
7
2
9
2
3
14
4
1
1
1
4
2
8
5
2
11
11
1
2
1
4
5
1
4
2
5
1
5
14
1
4
11
21
2
3
5
2
6
16
1
27
1
4
2
1
11
15
13
31
1
23
1
2
6
1
7
6
31
3
4
11
9
1
5
3
43
2
3
1
31
21
6
13
19
1
2
1
2
9
6
2
1
1
1
6
2
1
1
2
18
1
5
1
1
17
2
2
5
2
4
6
2
1
7
1
3
4
5
1
8
13
11
3
3
6
2
2
1
8
2
2
1
6
3
14
2
2
4
1
1
8
74
3
9
1
14
1
7
5
3
31
4
2
7
2
14
2
13
7
27
1
5
4
12
11
1
35
2
5
6
1
2
7
6
1
17
16
8
2
1
4
2
1
12
2
1
2
6
2
2
4
7
1
13
8
2
3
3
6
1
2
2
8
22
4
12
2
1
1
3
5
1
2
5
3
4
2
7
1
4
7
14
4
6
2
7
24
5
2
1
2
1
3
6
16
33
10
5
1
1
1
1
1
7
4
2
