10
1
10
3
6
27
2
9
2
2
128
136
15
5
104
3
44
1
1
5
1
3
1
16
13
41
2
2
4
49
3
2
11
15
8
3
3
7
85
3
41
1
9
3
6
3
5
7
6
5
15
6
1
1
2
9
9
86
50
1
13
3
5
138
44
7
2
17
166
61
4
12
2
5
5
1
17
4
57
23
4
21
1
13
2
5
1
5
44
284
1
2
158
275
19
33
3
1
2
8
29
45
7
7
7
4
227
2
25
27
5
8
31
17
5
10
1
27
117
5
8
15
48
10
3
1
39
3
5
2
1
8
4
6
3
7
19
1
2
1
7
2
2
2
3
2
63
244
50
12
1
6
9
269
20
20
3
39
1
3
3
4
19
2
3
2
3
7
7
19
95
5
7
7
8
3
52
161
2
2
3
1
1
2
11
13
12
3
3
91
15
9
3
1
1
2
27
20
10
31
4
3
29
2
44
115
5
3
15
1
10
1
3
1
8
10
15
7
3
9
2
2
77
37
23
9
6
2
1
17
12
1
13
34
39
71
1
66
29
4
1
5
3
3
2
75
20
9
16
23
2
2
1
11
8
1
2
16
2
2
13
3
40
5
22
1
1
2
3
2
41
9
3
2
7
4
5
11
12
44
13
1
29
3
8
2
6
19
197
8
20
384
1
363
14
16
3
2
6
3
95
2
26
22
1
5
17
1
1
11
4
25
31
15
4
1
1
9
16
24
15
6
166
3
21
34
13
1
1
75
1
66
6
28
8
1
11
41
6
8
19
2
9
9
5
16
2
10
54
7
10
28
4
20
4
2
22
1
1
10
3
35
10
74
11
44
3
2
6
2
4
6
7
7
25
6
2
2
3
3
1
20
25
3
4
34
19
13
14
27
381
2
8
51
11
30
8
8
19
19
30
18
8
2
13
2
2
20
1
5
37
15
22
51
2
27
8
14
5
53
13
21
2
9
9
5
7
22
1
3
3
30
10
3
5
52
1
2
135
289
12
15
6
1
5
2
12
1
4
3
1
8
1
155
9
5
7
2
112
63
7
3
4
1
7
3
1
2
34
2
2
109
2
4
20
7
8
17
17
1
86
2
8
1
9
5
25
1
27
2
11
10
1
2
2
7
8
1
253
1
10
21
54
1
3
3
20
176
11
1
5
13
3
1
161
5
10
52
5
2
24
1
13
1
16
32
4
6
8
17
14
10
13
189
4
3
5
3
1
21
2
11
26
19
9
2
71
9
2
49
2
21
38
2
148
62
3
21
11
309
2
7
36
104
27
1
24
2
105
9
1
97
15
28
15
2
9
2
420
21
1
22
5
56
1
6
9
1
59
3
1
4
6
3
7
5
2
4
7
1
7
4
16
7
1
1
3
17
6
22
6
26
8
6
24
4
110
3
4
11
1
3
28
45
5
19
9
14
408
14
1
1
6
15
3
1
1
2
2
1
6
18
6
1
1
1
12
21
7
3
4
3
25
1
1
97
5
12
23
182
14
7
45
2
80
21
5
5
7
3
1
4
6
15
1
102
33
16
12
6
4
11
1
41
17
5
2
3
1
2
18
2
9
10
1
2
2
2
9
16
3
1
59
7
8
4
19
1
2
2
11
22
2
3
1
4
10
2
27
1
27
19
10
4
8
2
1
2
2
36
16
111
1
2
2
41
45
9
1
44
3
20
16
30
4
10
5
6
21
32
2
30
2
18
17
3
10
2
6
1
4
19
10
2
2
8
1
20
7
3
7
3
2
4
2
5
1
12
3
38
8
3
10
1
92
401
42
19
3
7
4
1
14
7
30
10
3
1
8
4
8
50
5
3
3
114
4
54
2
6
3
153
5
32
8
1
17
11
2
4
12
29
45
409
215
13
9
25
4
1
3
2
33
44
2
4
25
10
25
22
3
81
2
51
10
2
15
1
6
3
4
2
27
1
281
3
22
3
11
7
10
2
6
256
65
19
1
3
2
7
26
49
14
18
72
20
31
6
1
1
22
29
1
113
21
1
2
1
11
1
1
27
9
2
10
6
5
18
2
14
4
11
2
40
13
6
6
21
20
3
3
1
1
1
1
1
1
6
3
2
11
15
57
5
16
2
22
8
3
21
10
1
1
10
18
9
14
4
10
8
3
386
1
2
2
6
2
342
7
5
16
2
1
5
1
3
12
2
23
9
42
8
5
4
19
11
1
4
2
10
2
3
5
24
7
39
5
11
29
3
1
15
21
33
168
27
26
19
20
2
41
79
125
23
2
5
361
81
27
15
22
1
156
5
399
59
3
92
6
5
1
2
2
18
16
4
13
36
52
7
121
146
5
95
13
1
2
47
1
11
11
7
17
28
2
392
8
3
7
3
3
37
4
47
7
13
6
4
7
3
35
2
2
5
48
25
13
279
34
117
6
5
1
38
22
14
31
1
5
4
66
30
12
17
10
2
8
193
2
9
1
16
66
1
2
2
14
14
6
28
2
65
14
42
1
26
2
1
16
2
1
1
1
6
14
1
6
2
60
70
13
8
8
39
22
398
4
1
6
72
2
1
5
13
4
2
2
11
4
3
2
6
38
33
2
13
35
4
56
3
1
221
52
2
2
1
2
48
6
18
12
5
4
28
8
2
8
6
8
33
6
19
10
17
8
26
3
39
5
16
3
4
27
28
2
89
8
3
20
2
3
2
1
178
95
19
2
1
32
10
1
2
1
5
5
4
2
2
1
1
109
2
9
14
22
17
11
17
20
2
1
12
1
11
2
1
63
24
27
10
14
15
2
2
34
27
1
29
12
9
3
4
2
1
19
2
4
3
1
2
4
37
2
2
17
3
104
33
1
5
4
6
23
33
1
9
6
275
1
26
34
2
118
11
4
1
9
1
3
1
58
4
20
2
1
8
9
10
1
2
11
39
2
8
1
43
6
32
6
5
5
31
26
7
4
19
2
106
3
1
7
5
2
1
8
6
2
12
10
2
2
2
265
23
1
2
65
2
3
101
32
21
2
12
4
25
2
27
20
10
8
21
23
6
1
1
26
1
2
24
2
9
6
4
8
62
47
3
33
8
2
64
31
2
24
5
99
1
9
58
2
308
55
102
31
21
76
17
19
4
13
7
3
1
14
3
3
9
2
60
16
4
77
5
37
1
21
8
11
3
1
3
72
12
30
9
2
14
10
1
4
8
2
2
11
1
44
1
1
2
4
14
2
2
125
3
5
15
31
2
1
2
51
34
3
15
1
12
4
6
13
2
5
1
2
8
1
22
20
30
15
67
82
23
6
2
2
26
7
1
3
15
24
3
4
10
19
6
47
11
37
2
2
3
3
7
14
6
4
2
1
6
2
1
1
2
76
10
5
11
89
2
5
26
13
1
15
333
21
1
2
26
66
14
5
3
2
81
2
4
2
6
3
1
7
25
34
1
2
1
41
38
23
51
4
2
1
67
3
1
2
6
2
1
2
2
10
22
26
5
10
2
17
1
2
3
10
17
5
8
7
2
2
291
12
181
5
1
36
4
69
67
2
16
5
2
226
3
3
3
4
1
41
14
12
103
7
10
391
7
1
3
1
150
12
20
3
63
17
1
1
4
6
5
11
1
2
1
2
1
251
1
237
23
43
9
11
18
109
1
2
98
53
1
2
8
2
19
7
17
21
1
45
181
113
2
2
16
1
28
3
7
184
3
24
3
4
1
98
10
6
18
1
1
14
20
174
40
2
7
1
7
3
20
1
2
7
10
145
3
32
1
8
12
24
1
2
1
1
18
2
10
145
5
2
5
6
16
26
2
8
5
61
58
156
2
5
1
22
27
2
30
85
14
26
14
5
48
2
19
1
16
3
26
1
1
306
2
17
42
36
1
1
1
9
1
10
15
3
2
2
5
8
386
1
3
2
16
17
38
11
25
170
1
1
24
4
12
4
2
2
58
150
4
10
2
411
16
3
8
1
35
73
13
13
3
46
4
7
2
3
4
2
51
3
2
19
2
8
9
5
45
11
3
6
1
1
11
1
2
169
1
48
3
3
22
4
6
11
2
4
2
8
1
8
47
18
1
414
2
12
35
6
11
3
2
54
40
1
6
2
3
191
35
2
10
27
3
4
1
8
48
11
8
7
16
58
1
1
117
2
2
8
1
21
2
4
8
14
15
1
29
3
6
1
3
11
5
43
2
1
96
2
35
4
4
7
4
72
2
291
7
8
1
14
18
2
8
33
7
6
13
55
2
33
6
14
3
1
2
1
66
3
12
4
66
11
4
40
7
4
3
6
3
9
4
2
8
9
2
1
2
2
18
5
58
1
1
43
1
2
2
130
22
14
2
1
28
4
79
1
2
3
16
3
25
166
1
10
3
12
33
20
4
20
4
2
2
4
12
38
3
7
14
7
5
1
1
17
6
4
2
10
4
10
1
18
