1
30
20
6
2
2
11
1
1
2
2
3
4
4
6
2
1
22
7
3
1
4
2
2
1
2
1
3
1
6
1
2
2
2
4
2
29
5
1
2
3
3
1
1
2
1
5
6
3
8
1
6
5
1
1
1
2
1
14
3
1
4
1
31
9
15
1
1
2
1
3
27
12
1
2
2
4
3
4
2
8
2
2
17
10
3
1
1
2
1
1
1
7
4
1
3
1
6
4
1
10
5
16
3
14
4
6
1
7
13
3
5
1
3
7
2
1
4
2
1
9
2
4
3
4
1
1
1
1
39
1
3
2
1
2
7
20
5
1
4
16
1
2
3
1
3
2
1
39
8
4
1
1
1
1
31
12
9
14
13
4
1
5
2
1
2
6
2
1
3
5
2
10
11
1
5
1
6
1
3
3
8
6
2
3
8
6
2
7
8
1
4
5
1
7
2
11
2
14
1
3
8
3
1
1
5
8
3
16
6
1
2
2
3
1
2
4
1
14
9
2
2
8
11
3
3
34
1
16
1
2
16
2
1
9
2
4
3
1
2
3
1
6
1
2
18
2
2
1
3
6
6
1
13
1
1
7
3
1
1
3
12
2
1
5
1
1
1
1
72
10
33
1
59
2
2
2
3
10
1
41
15
4
1
2
6
4
3
1
3
3
9
2
2
17
21
5
4
12
6
1
7
3
11
17
4
16
20
18
11
66
7
8
1
5
10
2
1
2
1
5
2
20
3
2
3
15
1
2
4
1
1
2
6
56
10
23
1
1
3
10
11
3
13
10
6
8
1
3
37
8
1
1
1
6
6
19
3
13
5
17
1
1
2
3
1
3
2
23
4
1
3
15
1
2
2
2
4
3
2
2
22
1
2
3
2
3
14
23
19
5
1
2
44
3
7
2
6
1
1
13
18
5
2
3
3
24
7
3
1
2
4
5
2
2
4
4
3
1
2
5
1
5
7
3
6
8
1
4
1
52
6
2
1
2
7
8
2
3
1
3
29
2
2
4
4
18
1
9
23
3
14
17
3
62
2
10
82
1
5
4
2
3
9
15
5
1
11
12
3
1
1
1
2
2
3
2
27
4
1
1
7
2
2
3
5
1
1
2
24
13
4
7
23
3
1
1
2
1
9
1
5
33
1
20
1
13
23
1
38
1
1
5
5
38
3
11
2
4
9
5
2
2
8
4
2
4
2
4
3
4
3
3
7
32
2
2
1
3
2
12
8
2
3
1
29
5
1
3
2
8
5
2
8
6
1
1
9
2
3
7
1
7
1
1
3
6
5
3
6
2
2
14
1
4
2
3
1
7
3
4
1
2
2
1
6
1
3
19
10
1
2
5
1
2
2
2
18
4
2
9
3
2
2
5
3
41
16
4
3
2
5
2
1
29
1
11
3
1
3
2
4
11
7
2
1
33
7
4
1
2
5
4
1
2
3
2
12
1
13
4
1
2
5
3
9
4
8
6
3
1
10
2
8
3
1
3
1
6
1
1
5
1
10
9
5
7
1
3
1
5
2
3
2
2
2
5
3
3
1
2
1
1
1
2
7
12
1
1
7
1
14
1
1
1
16
1
2
1
12
6
3
22
12
1
3
1
2
10
26
1
24
2
43
20
2
6
3
2
1
32
2
4
1
10
2
17
2
2
2
1
1
22
5
1
6
4
8
12
4
2
11
2
17
2
22
3
3
1
1
2
2
5
1
3
9
6
4
14
6
5
5
7
5
1
2
7
30
2
7
32
7
2
1
4
31
2
1
1
6
2
9
10
2
20
4
4
3
19
12
10
3
5
13
3
2
1
3
7
3
3
1
11
2
1
6
3
1
3
1
1
9
2
6
10
1
2
1
1
4
1
1
7
2
2
1
4
7
2
1
8
9
1
4
29
35
11
16
1
1
1
3
14
34
1
1
10
1
6
23
2
3
4
1
6
1
2
5
1
1
4
6
1
1
3
2
1
8
2
1
1
3
1
1
3
1
25
3
1
47
8
1
3
1
2
4
1
3
3
22
1
7
1
4
1
5
3
2
1
3
1
1
2
9
7
6
7
4
2
3
5
5
2
15
29
4
8
11
3
3
2
15
3
4
1
3
1
6
1
5
1
17
3
13
1
3
1
15
3
4
6
1
1
3
1
4
9
2
8
1
5
5
1
8
2
1
1
9
4
2
8
5
1
8
4
1
4
28
1
2
1
4
2
21
5
20
1
1
3
1
2
6
3
5
18
2
5
1
8
7
1
2
15
1
1
3
2
6
1
5
8
3
1
30
2
4
5
2
1
15
15
6
1
1
30
2
1
1
38
5
1
3
12
3
3
4
3
2
8
1
49
3
5
2
2
1
2
19
3
1
2
1
1
2
2
3
17
1
2
24
1
5
1
1
29
14
8
2
6
21
1
2
5
2
1
1
2
1
2
38
4
6
28
4
1
6
9
45
4
1
2
9
4
36
27
4
6
2
11
4
2
5
1
18
5
18
5
2
2
2
2
3
80
1
11
7
1
2
1
17
1
6
1
3
31
1
1
77
2
1
2
41
1
7
33
3
13
4
3
6
4
2
3
3
7
3
2
3
1
7
22
2
1
12
2
10
12
4
79
1
7
29
7
1
5
14
3
3
10
3
6
7
29
10
1
4
1
1
10
2
1
8
1
1
4
1
1
1
10
2
8
24
1
5
2
3
3
3
1
7
2
2
3
6
2
1
3
1
2
2
1
1
62
4
2
1
1
6
5
28
1
6
24
6
4
1
1
1
17
2
4
1
18
20
1
1
4
14
12
3
4
3
1
2
1
5
1
1
3
1
16
9
2
2
4
9
1
12
1
1
2
5
6
1
3
9
32
1
1
7
2
1
27
6
1
6
1
1
39
8
17
1
1
8
10
1
22
1
2
1
1
1
2
3
4
3
1
2
11
3
35
1
3
1
4
9
3
16
1
3
1
2
2
2
23
2
25
6
1
4
4
1
1
4
8
7
7
1
1
1
9
1
14
19
3
19
20
7
7
1
1
3
2
3
11
1
13
1
2
15
2
3
2
13
14
8
1
5
5
21
2
1
6
2
3
2
1
3
3
2
5
7
1
2
1
13
2
7
5
35
15
5
2
12
1
2
1
9
3
1
34
1
32
2
23
2
5
25
1
4
2
2
1
13
6
32
1
2
5
1
22
1
2
6
2
4
1
3
37
5
19
1
1
7
12
1
2
6
1
1
9
22
37
5
35
37
3
25
2
2
1
1
6
1
1
2
2
14
26
2
3
1
7
4
2
1
6
3
5
1
1
9
4
11
1
13
1
2
3
3
4
4
4
8
12
3
11
2
32
14
4
4
5
3
14
1
2
3
1
3
2
13
20
3
4
1
2
2
1
8
2
30
2
6
2
2
9
2
1
4
4
4
1
6
4
3
8
1
13
7
9
4
9
33
5
3
8
4
23
1
2
31
1
2
3
2
2
1
1
1
1
1
2
2
5
2
8
34
66
1
6
4
2
1
2
1
9
4
12
1
1
2
1
6
1
2
3
2
4
2
3
18
1
2
4
2
2
2
6
7
4
1
25
4
16
6
7
2
4
1
1
1
1
2
10
9
1
1
5
1
4
16
34
3
2
1
3
1
1
2
2
5
2
2
2
13
6
3
8
8
6
39
2
3
2
6
11
11
2
5
1
23
4
1
6
2
2
2
5
6
1
2
1
2
7
18
1
3
4
22
21
12
6
21
8
1
1
1
1
5
12
1
1
2
4
5
1
3
2
1
1
4
3
1
8
3
1
1
3
26
7
16
1
1
10
3
6
1
1
2
8
14
6
17
2
11
1
5
1
3
1
1
11
57
9
4
21
2
1
12
6
5
1
9
3
3
15
2
2
4
16
1
1
19
1
7
1
3
8
7
1
5
2
2
3
1
4
1
12
3
2
44
2
3
1
1
2
2
8
7
5
1
31
43
7
3
3
1
8
13
3
27
2
2
1
11
1
3
6
1
12
6
4
12
6
1
1
3
1
2
2
8
2
7
13
15
2
16
2
11
28
1
2
6
1
1
2
1
21
6
17
12
4
16
3
3
15
21
2
48
17
9
6
4
2
1
2
2
5
2
1
19
34
2
1
3
1
1
2
5
1
1
2
7
12
2
1
1
3
6
7
8
5
17
22
7
1
3
17
2
7
8
2
1
8
2
1
1
23
2
2
5
10
2
1
1
6
1
1
4
3
2
1
5
3
4
3
18
2
2
7
3
1
2
1
1
5
2
8
4
4
11
2
20
4
2
4
3
1
3
1
1
10
5
4
1
3
3
11
3
3
27
6
3
6
1
3
4
1
8
1
3
3
2
1
5
1
17
14
5
6
21
1
19
2
3
23
1
1
6
29
8
7
3
2
10
4
1
2
7
1
1
7
2
2
2
1
2
7
2
2
10
5
1
85
11
2
76
5
4
1
1
1
2
42
3
3
11
5
19
30
2
3
1
1
52
2
1
11
26
8
8
2
9
1
2
2
3
3
28
1
2
15
2
1
11
4
2
3
5
1
2
10
2
9
6
9
4
1
4
8
5
1
2
1
5
2
4
10
3
1
1
1
3
2
2
23
1
2
5
6
40
6
6
2
7
2
2
27
2
1
2
2
8
1
1
2
1
1
1
2
1
14
2
59
8
1
2
4
10
1
1
1
17
2
3
1
1
21
9
15
9
3
3
4
2
9
5
4
3
2
3
2
10
4
12
2
2
6
2
1
2
3
3
2
1
3
4
3
1
12
3
3
1
6
6
1
3
2
8
1
1
1
13
4
2
1
18
36
4
16
5
2
2
43
1
3
1
1
2
6
1
3
4
8
8
2
10
4
14
38
3
1
21
35
1
1
2
1
1
1
45
2
5
1
22
1
9
3
1
1
5
1
2
6
1
1
1
2
2
2
7
31
9
3
6
9
38
1
6
12
4
7
4
19
1
2
5
2
12
15
1
1
2
1
3
33
1
2
7
4
1
2
1
2
5
3
1
1
1
1
3
4
3
7
23
31
51
3
9
4
6
1
2
31
7
1
2
10
18
2
2
2
1
26
11
1
6
1
20
4
3
25
3
43
3
1
2
1
1
5
1
3
2
1
3
12
1
1
2
3
4
6
4
3
3
1
13
1
10
1
3
1
7
1
22
42
1
1
2
2
4
3
2
1
16
1
1
1
6
1
1
3
1
21
5
1
6
5
2
3
1
1
22
9
3
34
1
33
8
8
2
7
4
2
4
51
6
2
1
30
6
12
10
3
1
5
2
8
12
4
5
47
7
1
9
3
5
2
1
1
1
1
5
2
2
3
5
3
1
3
2
55
10
8
1
6
33
3
2
11
1
1
6
1
1
2
5
4
3
2
2
1
3
8
2
3
1
11
4
7
1
2
2
53
1
7
