11
15
13
2
145
7
2
23
13
7
8
3
196
11
2
6
10
27
44
2
10
56
7
2
2
12
22
12
2
22
20
149
34
52
2
7
5
7
6
37
4
87
136
137
3
5
21
4
5
5
2
24
24
169
1
12
1
27
105
2
14
80
11
6
1
35
58
27
18
1
12
61
166
1
2
9
30
16
41
4
53
7
5
2
55
21
39
11
4
30
35
2
2
2
131
8
15
13
28
1
15
8
48
13
6
5
1
59
12
7
7
17
2
51
238
3
47
136
5
2
72
1
4
255
4
25
11
68
3
144
37
24
6
2
1
55
1
4
27
1
4
3
16
7
30
61
7
3
19
36
39
7
217
19
63
12
8
92
80
3
6
2
13
37
8
2
2
2
19
38
110
28
1
8
5
31
16
30
1
7
3
14
1
7
101
3
5
7
278
6
50
130
5
34
5
1
6
12
2
13
32
3
15
14
7
2
2
1
2
2
3
139
1
9
54
22
1
24
6
19
43
7
17
1
8
2
195
3
3
4
12
26
33
22
11
71
2
3
15
67
11
3
16
34
32
16
85
6
45
37
13
2
5
3
17
32
5
63
2
1
58
5
133
2
4
21
20
17
32
16
22
1
2
3
17
14
191
6
1
10
80
5
16
3
27
4
4
11
7
6
4
22
6
2
3
2
2
1
3
145
4
14
2
3
77
88
13
89
10
34
1
19
1
4
104
3
203
1
21
102
35
10
10
201
1
28
3
9
9
2
7
3
15
2
2
21
25
2
9
4
173
2
4
25
42
42
1
17
19
1
11
2
11
8
6
6
10
2
3
12
75
