4
3
5
4
1
6
7
5
2
6
24
10
5
1
15
2
5
40
2
15
1
1
1
6
5
11
1
3
1
1
5
4
15
2
29
9
1
2
24
4
4
2
12
1
9
2
1
9
7
66
15
1
7
3
1
1
1
32
2
1
84
3
25
7
2
1
10
2
6
12
5
8
1
9
2
27
11
31
7
8
22
1
1
3
8
21
27
11
4
63
2
11
5
4
9
10
1
2
5
9
10
6
2
24
1
24
2
21
1
4
1
1
10
2
8
8
9
22
4
1
1
1
40
1
7
13
1
9
46
2
5
2
20
3
14
6
5
8
24
2
5
6
2
5
1
2
3
37
1
2
3
3
2
2
16
2
1
1
1
6
5
10
1
3
3
1
1
13
7
2
19
8
16
1
1
1
1
1
1
23
3
31
14
1
12
10
2
8
6
5
1
2
22
2
1
5
10
1
34
1
2
5
2
13
9
3
61
2
31
2
2
2
1
1
12
2
35
9
41
1
7
1
4
1
8
3
1
3
6
6
31
9
1
2
3
1
17
12
8
10
2
2
26
3
3
1
4
11
4
4
5
1
50
1
13
3
1
2
6
42
1
13
2
4
41
2
2
15
19
8
14
1
1
2
13
2
12
33
2
3
29
6
4
3
21
2
16
3
1
29
2
1
1
56
4
1
3
6
3
1
7
19
28
4
1
5
3
1
1
32
1
1
19
1
2
5
2
1
88
6
1
11
2
4
1
34
13
2
9
2
4
7
10
1
16
2
2
18
3
1
2
5
1
20
1
6
1
4
4
10
3
1
1
8
1
1
1
1
2
1
1
9
6
1
3
8
19
16
5
9
11
3
3
1
5
4
7
14
8
37
5
1
32
12
1
2
26
32
3
6
25
3
12
7
79
27
3
1
1
16
22
10
33
1
3
24
62
11
6
22
1
4
11
15
1
15
7
2
4
12
4
17
11
5
1
43
2
3
7
2
1
24
3
2
2
5
13
2
1
21
1
2
2
10
24
2
24
2
3
1
4
4
1
5
1
25
2
2
1
1
2
1
19
11
1
1
6
6
12
42
1
1
1
1
5
7
1
4
1
1
8
16
12
11
17
1
2
1
9
2
1
7
1
1
8
1
2
5
2
2
3
9
15
1
5
2
7
3
17
2
26
2
11
13
2
1
1
3
1
1
2
2
4
22
5
3
6
7
1
7
2
14
1
21
9
8
1
13
1
7
6
6
1
4
2
2
2
1
2
2
1
2
13
1
1
1
1
17
1
12
25
1
18
2
19
1
7
10
36
5
3
1
5
1
10
1
2
5
17
9
5
36
5
17
16
49
36
5
5
1
4
1
3
4
1
52
9
1
2
4
2
17
1
2
2
17
26
27
11
1
1
11
9
7
34
9
1
24
19
15
26
4
16
6
7
1
11
2
3
8
3
3
30
9
76
1
33
2
31
16
3
2
3
3
1
10
2
15
7
1
1
2
10
1
7
2
3
38
3
35
2
2
2
3
3
9
5
1
1
1
9
2
1
3
13
2
3
6
4
2
3
12
1
12
28
1
15
2
18
1
28
9
15
2
27
100
1
1
19
3
5
1
3
20
1
1
14
4
4
1
3
18
16
1
1
19
7
1
18
1
21
2
8
2
25
2
2
16
3
3
10
24
8
19
2
2
1
2
3
6
1
1
2
20
10
1
1
3
2
1
2
2
1
3
3
7
6
6
1
1
1
9
24
6
1
29
13
2
5
1
6
2
1
11
5
4
2
3
3
2
25
12
10
9
4
8
19
2
2
1
1
2
1
20
30
3
4
12
6
4
2
1
12
1
2
17
6
1
1
1
14
70
1
5
16
2
11
7
2
4
2
2
3
2
2
22
22
1
9
55
2
2
4
3
1
2
13
10
4
2
1
42
2
2
18
13
5
1
5
4
1
2
2
1
3
7
3
16
4
1
2
27
1
18
25
2
1
1
6
5
2
2
1
10
19
4
8
25
1
1
1
4
1
24
1
1
1
4
5
3
1
3
2
1
7
2
21
7
18
14
2
1
2
7
26
11
8
11
4
22
2
1
1
2
1
1
13
13
2
1
1
3
1
1
3
6
4
2
12
1
2
2
12
1
15
1
6
1
16
2
5
2
20
18
1
2
4
2
5
7
2
2
1
2
10
2
3
77
1
14
10
7
6
13
6
4
3
1
4
7
1
6
6
2
17
1
3
5
8
2
12
10
2
2
9
15
1
2
2
6
47
23
2
1
3
4
1
1
2
3
1
1
2
3
4
6
30
19
5
1
6
1
62
3
1
2
1
7
1
13
2
23
8
6
2
2
2
15
6
2
22
1
20
19
1
18
18
8
2
1
2
3
11
8
2
1
2
6
2
1
2
2
5
2
3
1
1
6
11
14
10
7
2
1
19
1
18
3
1
16
7
2
2
2
3
5
3
39
8
6
5
14
1
8
7
2
17
1
2
2
1
17
27
1
8
3
8
1
2
24
2
8
1
2
7
25
34
14
8
2
3
2
44
22
18
13
7
2
1
15
6
4
4
8
5
4
21
9
2
16
7
21
2
5
1
4
5
2
2
2
1
1
2
1
22
2
2
78
6
3
2
1
2
4
3
3
1
1
58
31
2
37
1
4
33
15
4
2
6
4
18
1
1
2
2
1
1
1
3
1
1
1
1
1
1
10
1
1
1
3
13
1
4
3
21
63
21
3
10
36
3
2
4
1
2
1
2
5
4
2
20
6
13
3
2
1
3
1
1
2
15
17
2
6
11
4
33
10
9
2
3
2
2
1
2
12
3
5
36
4
2
3
3
4
1
40
8
6
3
1
1
2
5
2
3
4
33
1
1
1
1
2
16
1
1
8
4
1
2
3
5
1
12
3
1
2
3
1
16
2
10
5
1
3
2
2
1
1
9
1
1
6
10
10
5
18
2
4
1
1
23
26
1
7
39
2
2
2
1
2
3
1
2
5
9
2
6
2
2
3
2
1
11
2
6
6
1
15
38
3
1
1
9
2
12
2
6
3
13
6
2
2
21
5
25
7
1
2
8
1
1
34
2
6
2
7
2
1
1
4
2
3
1
3
13
4
3
7
16
1
37
4
17
3
2
3
2
2
3
1
22
2
5
38
2
2
17
4
1
2
3
2
3
1
14
5
22
2
9
2
15
10
1
10
5
1
72
19
1
14
1
3
27
1
8
4
15
7
93
12
2
1
29
1
1
19
3
20
106
1
28
1
1
4
4
3
31
5
11
1
6
2
5
1
1
13
2
14
1
3
15
4
12
1
8
5
33
1
2
7
4
51
6
3
7
3
2
1
1
2
1
7
2
2
4
2
3
5
3
5
4
1
41
1
17
1
3
3
2
2
1
3
1
1
22
8
2
3
1
1
1
1
4
1
5
1
1
3
1
3
4
6
17
5
3
3
40
1
1
4
3
17
10
1
1
1
1
4
1
2
1
2
3
6
3
7
14
16
6
24
2
20
1
1
4
1
2
2
1
10
18
3
2
3
12
31
4
12
27
4
5
8
1
51
2
22
2
1
4
19
1
21
1
7
5
2
3
2
3
3
3
1
6
2
1
1
3
6
1
2
2
4
3
1
26
60
6
17
3
1
2
3
4
15
1
1
1
4
4
2
4
13
2
1
12
17
7
2
1
1
1
6
1
10
4
3
7
1
1
8
3
1
1
3
1
2
1
21
1
6
1
11
1
3
3
3
4
4
1
34
12
5
4
15
15
25
24
7
1
2
2
6
21
26
3
4
6
3
4
8
2
13
1
6
14
2
33
19
20
27
4
7
1
1
4
1
1
15
5
2
1
2
1
6
1
2
6
3
17
3
8
3
16
8
7
1
21
5
20
9
2
8
4
3
4
37
2
5
7
3
2
3
8
2
10
5
1
3
5
9
49
2
5
2
42
8
3
1
5
1
58
2
1
2
12
13
4
17
1
32
1
18
6
5
3
2
1
8
1
8
1
2
1
2
2
7
2
4
1
5
7
3
5
8
5
1
6
2
49
1
2
2
2
1
1
1
3
10
3
1
9
1
15
6
12
33
11
10
1
4
3
8
4
1
1
3
5
8
4
3
16
3
1
1
3
5
1
1
2
18
11
38
25
1
1
6
8
2
2
14
2
4
4
4
3
1
4
1
2
2
3
4
9
1
32
1
1
23
4
7
1
10
6
1
26
2
1
40
9
2
14
26
1
3
22
5
6
1
15
7
5
32
5
4
1
5
5
8
4
6
2
14
4
15
4
2
3
2
3
8
2
2
28
11
1
13
7
2
22
6
23
8
3
1
3
8
9
3
9
5
5
2
8
2
1
1
3
10
1
2
12
16
43
3
4
98
13
3
8
1
2
2
2
9
1
3
3
15
16
1
21
9
3
7
1
1
1
8
39
2
1
5
1
1
10
11
29
2
6
2
6
3
57
11
7
2
2
1
4
4
5
1
2
5
1
3
1
2
24
1
6
2
7
4
10
1
8
3
4
1
9
2
3
11
1
3
4
2
6
2
4
1
2
1
16
14
6
5
2
6
1
1
1
1
2
2
4
13
2
3
1
33
10
1
7
10
36
2
1
10
18
1
16
9
6
4
2
3
1
29
1
4
3
1
1
3
2
4
25
24
4
19
1
4
45
1
4
4
5
13
16
1
5
23
4
1
3
2
2
6
1
4
14
12
2
1
7
8
1
6
1
3
30
4
2
7
8
4
8
2
18
4
14
6
1
8
1
8
1
2
2
2
2
14
3
4
7
1
17
14
1
1
74
1
1
3
8
1
4
14
1
7
3
3
1
5
3
1
2
7
13
1
4
10
6
6
3
2
7
2
4
3
2
6
1
1
11
19
2
4
3
5
1
4
9
6
1
24
1
3
10
4
6
19
4
6
22
2
3
6
3
1
1
5
1
19
4
8
2
2
1
2
1
46
17
5
1
1
3
4
1
2
4
30
13
11
27
1
2
1
2
15
24
4
3
1
1
2
24
7
10
70
1
2
2
1
1
1
1
2
33
21
7
1
22
45
4
7
2
1
29
1
2
3
13
4
3
2
3
12
31
44
1
3
7
5
6
1
5
5
1
16
5
1
17
3
12
1
28
6
2
2
1
4
4
11
6
5
18
1
7
20
1
2
10
20
1
5
1
21
2
5
11
1
9
21
4
10
3
1
2
33
14
1
8
33
1
1
3
3
1
3
5
7
2
2
8
3
3
2
4
2
4
5
1
7
12
31
8
10
4
7
14
5
18
2
5
1
1
17
28
12
3
2
13
1
2
9
2
6
1
3
2
1
2
3
1
18
1
4
1
1
4
2
2
3
1
1
42
21
10
2
9
1
3
10
3
8
8
13
2
3
1
1
2
2
8
1
1
43
6
3
10
1
13
1
1
1
8
4
12
17
6
10
4
3
1
17
5
2
2
1
5
9
4
12
2
11
1
4
7
14
1
7
7
15
2
1
61
2
1
6
7
21
1
7
8
4
2
5
8
1
6
1
18
1
3
21
3
6
3
1
4
7
8
2
3
