28
2
2
3
87
2
12
1
113
2
51
7
4
3
5
1
1
2
10
21
4
4
8
19
1
2
4
1
26
81
6
2
4
1
1
7
88
2
14
4
126
122
5
2
2
14
1
16
3
3
24
14
6
107
43
2
35
6
4
5
2
1
5
29
68
7
9
16
123
2
1
7
3
1
4
12
1
8
41
90
66
3
66
9
4
20
42
3
118
19
5
2
13
2
3
13
7
2
1
2
13
5
1
2
14
7
4
1
1
11
4
1
2
4
1
38
5
1
15
5
2
5
22
38
118
1
101
14
3
2
1
7
2
2
20
1
3
103
6
64
8
89
104
2
6
4
4
114
146
1
125
2
27
132
47
22
9
61
8
4
36
3
9
5
6
7
35
65
7
2
5
1
1
65
1
68
1
9
14
4
74
3
3
8
3
4
6
78
125
9
2
28
1
10
1
9
5
41
11
2
9
19
1
6
4
43
17
3
16
12
8
1
12
12
3
48
11
37
3
2
5
30
81
5
3
1
5
5
1
13
2
1
144
1
1
11
2
131
5
41
6
1
1
9
3
11
2
117
11
3
3
16
44
4
4
23
4
6
1
2
16
5
7
23
5
21
78
29
5
17
12
75
11
1
3
12
4
6
19
88
4
3
1
1
1
6
1
1
9
77
2
14
2
3
1
1
14
15
37
3
72
1
28
14
2
1
4
41
1
9
4
13
4
37
16
18
1
1
51
3
4
27
1
1
5
4
139
1
45
3
12
5
1
79
6
1
10
1
30
8
2
9
68
27
3
13
60
3
13
20
6
1
10
86
3
15
3
1
1
10
7
1
7
17
18
29
6
4
2
59
36
3
28
2
36
4
5
82
26
4
9
2
6
2
3
1
15
134
15
22
12
3
2
2
22
2
38
3
8
7
2
15
172
6
7
24
71
2
10
31
6
5
1
2
110
7
25
3
1
70
6
82
1
95
2
5
8
5
111
5
55
2
1
1
3
1
56
5
5
188
72
8
76
1
3
3
1
119
7
2
2
1
3
4
3
35
2
2
2
2
7
1
8
10
2
1
51
2
21
5
5
17
4
4
19
1
23
5
1
5
2
46
20
6
2
1
8
14
15
18
1
4
3
1
1
9
4
69
1
64
8
4
13
15
2
3
21
88
1
8
2
4
12
8
8
1
20
16
13
7
32
3
8
1
3
26
25
1
1
6
6
20
28
13
35
31
27
20
4
7
2
4
88
5
3
1
6
3
19
1
1
1
14
2
3
64
16
2
40
18
56
33
3
30
11
8
80
16
2
23
121
45
5
48
7
4
43
3
14
6
31
3
1
2
14
10
2
4
8
2
45
26
1
30
2
5
20
8
2
1
2
12
9
21
6
16
7
2
6
123
2
6
1
118
3
1
97
4
2
2
3
1
46
44
1
4
2
105
2
2
3
5
17
59
2
23
3
2
3
2
2
4
103
1
68
3
15
6
28
4
6
23
6
1
71
15
1
4
69
31
1
7
1
20
42
4
86
56
4
5
27
65
2
2
3
46
1
1
2
1
7
15
1
55
4
2
35
2
1
10
7
8
9
11
10
3
2
55
25
48
2
3
89
3
41
5
4
1
28
5
4
48
3
2
125
93
2
1
1
4
7
24
27
2
1
2
1
143
6
24
4
3
2
10
2
1
27
1
1
19
6
40
1
12
83
16
1
24
1
119
11
11
82
6
123
3
2
23
6
8
3
1
82
26
1
14
35
23
10
12
23
1
3
113
2
43
26
1
32
17
5
3
4
11
57
1
3
2
11
1
1
8
7
3
47
75
5
4
7
62
6
19
12
197
13
4
17
4
111
4
42
41
5
10
1
1
1
133
1
26
36
26
214
11
2
1
6
5
2
17
4
1
139
2
2
1
1
108
11
1
5
2
54
81
4
2
8
1
32
3
1
26
99
11
63
3
1
6
4
91
3
14
28
3
5
5
45
5
4
2
6
1
1
10
1
7
12
1
1
5
1
11
17
24
11
6
9
1
5
1
2
10
9
18
14
68
11
27
132
14
71
12
3
111
1
4
3
85
2
12
1
18
1
11
39
35
1
1
36
13
1
16
80
62
48
2
2
1
13
2
1
31
50
8
1
1
2
12
9
6
1
47
19
2
41
3
3
11
4
31
11
2
12
13
1
25
4
11
2
28
6
8
137
4
35
7
2
7
1
1
7
10
17
1
5
14
10
1
32
4
6
1
2
1
57
2
3
1
2
14
2
15
1
81
2
23
8
3
6
1
1
1
7
6
7
1
2
2
24
47
70
8
2
107
9
2
25
78
30
100
4
2
12
14
32
6
1
2
9
32
2
2
116
6
1
4
7
28
3
4
5
1
66
9
1
110
14
17
2
8
36
5
2
22
8
5
13
2
2
48
1
3
141
145
36
7
22
27
6
43
34
7
127
4
4
30
34
7
1
3
1
1
2
2
31
1
1
4
1
1
9
2
6
1
2
13
1
18
5
2
24
4
2
8
101
5
1
5
1
84
2
3
5
5
8
1
4
44
22
3
6
2
2
3
6
156
23
4
20
2
2
32
33
2
55
20
2
52
159
61
3
22
1
5
1
1
13
5
103
3
1
27
5
5
1
6
1
14
34
26
40
7
3
2
1
5
2
16
13
1
17
3
2
10
1
3
3
15
62
28
1
3
1
3
35
5
20
3
1
1
1
24
4
14
69
1
60
4
6
5
1
2
2
5
3
1
61
2
10
2
6
21
3
1
3
3
3
1
2
22
7
13
2
1
5
46
18
38
80
1
1
4
5
24
24
38
55
2
137
4
3
4
2
10
13
28
2
9
1
8
1
6
44
7
1
16
18
11
100
100
32
11
1
2
1
5
45
5
2
50
1
2
4
6
8
12
3
62
40
1
92
41
4
2
3
3
1
1
1
44
2
1
26
30
3
5
12
3
1
30
1
9
1
13
6
1
5
6
10
34
2
2
1
25
2
121
70
2
37
2
2
23
3
2
2
37
57
2
23
5
2
3
3
1
1
21
14
44
1
4
13
1
1
4
2
3
1
1
2
54
7
15
