1
4
9
2
4
6
3
2
1
2
1
3
1
2
7
1
2
2
1
1
5
2
4
1
2
2
1
3
3
3
1
3
2
3
2
7
2
4
4
3
11
1
1
2
2
1
1
1
3
1
10
3
1
1
9
3
1
2
1
2
1
2
4
2
2
1
3
1
1
3
1
3
1
3
2
2
5
2
1
1
1
1
3
2
3
2
1
1
1
2
2
2
1
5
2
2
7
1
1
2
1
1
13
6
1
2
1
3
1
4
1
1
9
4
7
1
2
2
1
4
3
2
5
3
2
2
1
32
4
2
2
2
1
6
2
6
4
2
2
1
1
1
1
3
4
3
4
4
7
1
3
6
2
1
2
2
1
2
1
3
1
3
1
1
1
2
1
1
1
3
2
1
4
2
1
3
2
1
1
3
9
1
14
2
1
1
2
1
2
1
1
2
1
1
1
5
7
2
1
1
2
1
16
1
2
2
1
1
3
1
1
1
1
3
2
2
5
1
1
2
3
1
1
9
3
1
17
1
7
5
1
3
2
3
7
4
2
3
3
1
1
1
3
7
1
1
4
1
1
6
3
1
2
1
4
3
1
1
1
2
1
1
1
3
1
1
1
1
1
2
2
2
1
6
2
3
1
1
1
7
1
2
2
2
1
1
5
4
1
1
2
2
1
1
2
1
5
5
1
2
1
3
2
1
6
2
1
3
1
1
2
19
1
2
1
1
2
9
2
3
1
2
5
2
2
2
3
2
2
1
2
1
2
1
9
1
3
6
3
2
1
7
1
8
2
1
3
4
4
2
1
6
1
2
1
5
3
1
3
2
3
2
1
1
1
10
3
1
1
1
2
1
2
2
1
2
3
1
5
2
1
1
3
1
14
1
3
1
4
1
9
3
1
2
2
3
1
4
1
16
2
2
7
1
2
1
2
1
2
6
1
4
2
2
2
6
2
5
1
1
4
1
6
2
13
1
1
15
1
4
1
2
1
3
4
5
2
1
1
2
1
3
7
1
3
1
1
1
2
4
6
2
2
4
1
1
2
1
3
3
12
1
3
17
1
2
1
1
1
2
1
3
2
1
1
1
1
1
3
12
1
2
2
3
7
2
3
2
4
3
5
4
12
1
2
2
12
3
1
6
2
2
1
3
1
1
7
3
2
1
5
2
2
4
2
1
5
2
9
2
1
3
7
2
13
3
2
1
1
2
1
1
2
1
2
2
2
2
2
1
6
13
1
2
1
3
1
2
3
4
1
5
7
1
4
5
1
1
1
8
1
5
2
2
1
1
1
2
5
1
3
3
2
5
2
2
15
7
1
3
4
2
5
1
2
3
3
1
5
1
3
11
1
2
3
2
1
1
1
1
6
1
2
19
3
2
1
1
2
1
2
3
3
4
1
5
11
2
5
3
1
2
7
9
1
9
1
5
3
5
3
1
2
1
1
2
8
4
1
3
2
1
2
2
1
2
2
4
7
18
1
1
1
2
1
4
2
7
2
1
5
1
2
2
2
2
19
1
3
3
2
1
6
1
1
1
1
8
6
3
2
1
4
2
1
2
1
3
3
2
1
2
1
1
1
4
1
3
9
1
2
1
4
5
1
7
1
2
2
2
5
2
2
9
1
2
2
6
2
2
1
2
1
1
4
3
1
1
7
1
1
1
2
2
5
2
2
1
1
1
2
1
1
5
17
3
1
2
5
16
1
2
3
1
1
2
1
2
2
5
1
1
8
2
7
1
6
2
1
3
9
7
1
1
1
2
