9
3
3
4
1
1
2
1
2
1
3
2
3
9
61
2
2
1
1
23
5
1
4
7
1
1
1
1
3
4
1
1
4
1
5
17
3
8
2
1
2
8
3
6
6
2
4
1
1
4
2
2
5
3
5
2
11
1
8
7
1
1
2
15
4
1
2
1
11
8
2
4
1
2
5
1
2
2
3
1
4
2
2
1
7
2
3
8
5
11
1
7
5
2
1
2
2
11
1
6
5
9
4
1
3
1
2
1
7
5
2
2
13
1
2
1
13
3
2
2
7
1
1
2
10
2
2
7
2
2
1
1
1
2
2
1
4
2
1
2
1
1
1
4
10
1
2
3
3
1
1
4
1
1
3
1
1
1
1
4
1
1
5
1
11
2
1
2
1
3
11
4
1
1
3
5
1
4
4
1
5
1
1
2
3
1
2
1
2
1
1
1
1
4
8
2
3
1
1
5
3
2
6
2
5
3
1
1
1
1
1
3
3
3
2
5
1
12
1
4
1
2
1
14
1
1
2
1
6
1
5
24
16
1
5
2
2
9
2
1
1
1
1
2
3
2
1
7
1
2
2
1
2
2
2
1
5
2
1
17
2
5
1
3
1
1
1
1
8
11
1
5
2
4
6
1
7
1
2
2
3
2
1
1
3
2
2
2
5
2
2
1
3
2
6
3
1
5
1
2
9
10
1
2
1
3
5
1
8
1
1
2
2
1
23
1
2
3
1
2
1
10
7
3
1
4
1
7
2
2
2
5
7
3
7
3
57
1
2
1
3
2
2
12
7
2
6
2
14
2
1
2
6
9
4
1
7
12
1
3
21
1
4
1
1
12
1
5
2
3
7
1
1
3
6
1
1
12
2
4
2
1
3
1
1
3
2
2
2
2
6
17
1
1
4
1
3
6
19
1
5
2
2
2
2
3
1
9
13
2
6
1
3
10
1
7
6
2
2
1
1
13
5
7
2
3
3
