41
8
7
1
4
28
1
17
3
53
3
9
22
1
15
8
2
3
1
17
2
3
5
5
2
2
11
10
1
15
2
9
2
12
3
1
16
24
2
1
2
5
1
2
2
2
2
2
2
27
4
1
15
12
1
1
1
6
6
1
2
1
1
27
36
2
15
20
3
9
9
3
2
1
3
3
1
20
53
1
2
4
4
3
15
7
1
5
8
20
2
6
1
16
1
1
1
10
1
1
1
2
11
8
9
1
2
1
3
50
3
1
35
5
1
2
1
1
16
4
13
14
1
1
3
1
4
8
2
6
4
11
1
3
2
2
10
3
2
4
5
3
1
1
8
11
2
2
5
6
18
7
6
69
1
2
54
1
4
7
1
7
5
33
7
4
2
2
3
8
21
3
1
23
4
3
2
2
3
18
2
6
1
2
2
2
1
4
1
4
3
1
10
3
4
4
1
7
4
11
4
4
2
1
20
2
1
38
3
3
11
2
6
1
3
1
2
3
1
10
9
11
1
2
11
12
3
2
6
1
8
66
2
2
6
3
17
1
1
21
8
1
4
3
1
3
5
2
33
2
4
11
9
2
6
2
7
1
1
2
1
6
2
1
1
41
19
11
3
30
3
15
9
2
1
10
3
1
3
2
2
1
6
2
5
1
2
6
3
5
10
1
7
2
3
4
2
2
2
1
2
1
3
25
2
4
1
2
2
1
3
5
1
3
8
3
1
6
4
2
1
1
11
2
5
7
13
1
1
6
4
1
1
1
5
2
4
1
5
3
7
1
4
9
8
7
6
29
2
12
1
1
4
6
7
2
34
3
3
2
1
18
2
1
5
10
2
1
1
1
5
13
9
12
1
2
6
2
2
36
4
3
16
1
2
43
4
3
9
1
4
6
2
8
1
14
3
1
4
10
1
12
8
3
1
3
16
3
1
3
2
2
2
16
45
2
11
2
2
4
1
3
6
12
3
1
9
31
3
2
2
2
2
10
19
1
2
2
2
14
5
6
1
2
2
1
2
3
4
7
28
9
2
2
1
4
1
1
3
17
2
1
2
10
6
36
7
2
3
5
6
2
1
4
55
1
1
1
20
8
29
2
6
12
6
6
4
13
2
3
3
1
27
18
2
17
8
5
1
1
1
12
2
2
2
3
1
1
3
2
1
8
3
1
1
8
49
2
45
3
12
31
1
7
3
7
2
4
1
2
2
19
1
5
1
2
2
14
2
1
1
1
2
32
2
1
2
3
10
8
1
3
2
24
1
6
21
2
14
1
2
3
2
1
2
11
3
4
4
3
20
9
2
6
16
4
12
46
2
5
4
6
2
4
7
1
1
10
1
2
1
3
3
1
3
4
1
2
2
2
26
4
4
13
4
1
1
4
6
1
1
1
2
12
1
9
1
1
1
2
3
2
6
9
1
3
3
3
3
3
1
4
21
7
4
28
2
1
5
20
21
1
4
10
10
2
3
1
2
7
1
5
4
3
64
9
2
1
1
9
10
1
2
1
3
2
31
2
2
20
20
1
1
1
16
2
3
2
1
5
7
3
3
1
5
6
7
7
1
6
2
14
1
1
18
5
6
2
4
30
1
2
1
22
7
4
19
1
1
6
3
8
2
12
7
4
1
6
2
1
2
2
2
4
1
11
10
3
10
2
8
8
10
1
1
5
4
2
2
20
1
2
8
1
4
21
1
1
13
11
4
1
3
2
42
1
58
11
5
2
1
1
1
2
4
1
31
4
1
3
2
7
1
1
2
26
3
1
16
15
1
5
17
2
8
1
2
15
1
3
5
2
5
2
2
4
4
1
1
2
2
1
12
2
24
1
12
9
7
10
1
1
10
1
8
4
56
1
19
9
2
1
4
3
1
1
1
1
1
1
3
1
4
14
1
4
6
4
4
1
1
2
11
7
5
6
6
10
2
6
2
3
3
2
2
1
48
3
4
3
31
5
3
4
1
1
12
5
3
2
2
1
2
11
2
2
6
6
1
14
2
1
1
21
2
2
3
1
2
2
1
5
14
11
5
5
13
15
2
1
1
4
20
2
18
1
6
11
2
1
2
1
7
24
4
22
2
6
2
1
2
6
1
2
3
2
4
1
1
1
12
4
1
1
1
5
13
8
45
12
2
2
4
2
2
10
10
2
1
4
2
11
5
1
1
3
3
4
1
3
2
1
4
5
5
1
3
1
4
1
1
1
5
7
1
10
3
1
11
2
34
2
13
1
1
3
26
4
15
1
6
1
2
1
1
1
6
2
1
6
33
9
2
2
2
46
8
6
3
1
1
2
2
14
1
32
6
1
1
8
2
3
1
7
51
19
7
3
1
4
5
44
2
1
9
2
2
7
2
16
18
27
2
3
17
1
1
4
1
13
1
6
2
4
1
37
5
1
1
3
9
2
2
1
1
3
3
1
1
3
1
14
8
1
17
4
3
22
2
2
1
5
14
1
2
1
4
4
26
8
1
3
16
1
8
2
2
1
2
18
2
1
2
6
1
1
2
1
1
3
2
1
1
2
18
5
10
2
26
2
1
1
4
13
2
45
3
4
6
4
2
14
4
19
9
5
1
2
26
3
3
1
2
17
3
7
2
2
5
39
3
16
1
1
8
1
14
15
5
10
49
17
8
1
10
3
11
2
2
3
7
8
7
34
1
2
2
2
2
3
1
5
3
4
1
9
2
2
8
1
2
6
1
4
20
3
1
27
2
10
1
1
8
13
2
1
17
1
18
1
1
18
2
7
18
1
16
1
2
5
6
1
11
3
4
1
1
5
5
4
1
1
2
1
15
30
19
1
5
4
2
14
1
1
1
2
1
2
2
4
5
3
1
3
13
4
2
1
4
10
4
2
1
2
2
3
2
11
1
1
22
2
4
1
2
4
2
1
14
2
3
4
16
4
2
5
12
3
1
2
3
1
5
2
1
3
2
2
1
21
2
1
1
17
2
3
7
3
6
4
1
1
1
1
1
16
2
7
2
3
3
42
3
6
3
6
1
16
1
5
4
11
2
7
3
4
1
2
5
2
3
16
1
3
2
8
2
1
9
19
3
2
1
2
7
1
1
1
2
7
2
2
5
15
12
27
1
10
3
3
1
1
1
2
1
12
1
3
2
14
17
8
5
6
7
2
5
1
1
8
4
2
1
1
2
1
2
2
3
1
3
4
1
4
1
5
6
2
2
3
13
9
1
4
39
4
14
2
10
3
1
5
2
2
4
10
3
3
36
2
9
1
28
3
1
3
3
1
2
11
4
1
5
2
6
10
2
1
5
4
2
3
1
3
2
4
1
42
2
2
4
7
7
2
1
63
3
11
8
1
5
2
2
4
2
5
6
17
64
4
1
1
3
13
2
2
1
9
2
7
1
16
3
2
3
28
11
1
17
2
2
28
1
45
6
3
47
9
1
3
8
1
1
8
4
34
7
3
3
3
3
