9
4
6
10
5
1
6
5
9
7
6
5
2
4
1
4
1
3
2
2
5
2
1
5
3
18
2
1
2
1
8
1
9
1
6
2
15
1
11
4
11
1
2
3
2
3
1
2
3
2
1
17
2
5
3
4
2
11
4
1
67
28
15
3
2
1
5
15
3
12
2
1
2
10
5
1
4
1
5
3
4
5
5
3
1
3
6
12
3
3
3
5
1
41
2
5
2
2
7
5
7
1
4
1
2
3
6
3
18
27
1
7
1
1
2
1
5
1
1
2
7
3
2
5
3
1
2
1
4
2
1
4
7
1
2
2
1
31
1
3
3
9
2
29
10
1
24
2
2
14
3
6
3
20
4
6
5
1
34
3
3
1
12
3
3
2
1
2
3
5
7
3
2
1
2
4
4
30
2
1
37
18
11
2
2
4
3
11
14
2
3
2
18
6
2
2
1
2
5
2
3
1
7
2
7
6
31
7
14
15
10
2
7
2
3
6
2
11
3
3
4
2
1
1
8
2
9
5
14
9
1
12
1
3
4
5
3
5
1
4
2
2
4
38
2
15
3
2
8
1
2
2
2
16
4
3
11
2
3
5
2
1
29
4
1
2
3
2
2
13
7
5
11
3
19
2
2
2
11
2
10
8
3
1
6
2
15
18
2
2
1
3
69
1
20
3
33
12
1
18
3
1
1
2
6
1
8
4
5
2
3
1
2
2
6
19
7
4
10
2
2
8
1
1
10
20
4
3
1
1
9
5
16
6
1
2
2
1
3
21
1
5
1
2
1
2
1
1
4
3
3
2
1
3
12
5
7
5
8
2
2
2
2
5
1
4
2
1
13
15
1
1
4
7
4
2
4
33
3
13
26
2
2
1
5
1
2
5
2
2
23
1
3
22
4
1
2
32
1
1
2
4
1
1
13
1
1
2
2
1
9
4
1
8
10
2
5
26
1
2
2
9
8
11
22
13
5
2
1
1
4
4
1
11
3
18
5
1
1
1
2
2
4
3
6
1
9
1
5
22
1
10
2
2
1
1
8
4
23
2
1
7
2
3
3
7
1
17
1
2
1
3
26
3
16
15
1
7
2
2
7
1
2
1
3
10
8
1
1
3
1
12
1
5
2
2
4
2
22
3
7
3
2
6
8
2
2
2
2
2
15
2
11
1
8
6
2
3
12
21
1
2
9
14
3
4
2
2
3
1
3
3
14
2
16
19
1
2
11
11
2
4
11
4
3
1
13
31
2
3
10
3
12
2
2
8
2
1
4
5
1
18
2
6
8
2
3
2
3
1
3
2
24
1
4
1
4
1
1
34
17
5
2
11
2
8
2
3
5
5
2
1
5
2
85
5
6
3
9
1
1
2
6
2
20
2
2
14
26
2
8
5
16
10
31
7
1
1
5
5
1
14
4
4
3
3
8
13
2
10
2
2
1
3
3
1
3
13
4
2
7
3
2
5
10
3
2
2
5
3
9
4
2
53
1
10
18
4
1
1
1
1
2
15
5
2
20
1
6
3
4
4
1
3
4
