11
1
1
4
6
1
4
3
4
4
2
3
1
1
3
1
13
1
2
8
2
4
1
2
4
12
4
1
20
7
1
11
3
1
15
10
46
9
9
5
48
1
3
9
3
2
2
2
12
37
7
1
3
3
7
2
3
1
4
1
1
2
1
4
1
16
5
1
3
4
1
1
1
1
15
43
2
41
3
11
1
1
1
2
1
5
8
9
1
18
17
2
4
4
3
1
1
4
8
2
5
1
10
10
4
5
12
40
10
5
10
17
8
34
26
3
12
2
2
3
3
5
2
11
1
1
13
4
7
1
10
5
1
41
17
1
13
3
2
2
1
7
9
11
1
8
16
1
5
6
35
30
5
2
3
3
1
2
6
3
71
13
6
17
3
2
2
1
10
1
3
34
3
1
12
3
2
1
2
5
3
8
3
9
8
2
21
1
1
3
1
1
1
1
5
1
9
2
7
7
3
1
1
2
2
5
7
2
2
6
3
13
2
2
1
3
2
44
4
1
1
21
1
5
2
16
14
3
5
8
1
4
3
4
3
21
9
3
1
14
5
3
1
9
2
6
1
1
3
1
1
3
1
3
3
14
1
18
7
1
1
2
1
2
4
4
6
2
1
1
2
3
1
5
4
5
4
2
1
2
1
2
5
1
2
2
10
1
1
9
8
8
2
10
6
4
1
1
1
5
2
4
6
1
6
1
2
17
8
1
16
1
4
1
4
2
13
34
1
1
2
1
3
14
1
1
2
1
2
3
2
1
3
16
61
7
2
1
10
13
1
6
4
7
1
12
1
19
2
1
12
2
7
21
3
1
3
2
4
5
20
4
4
13
4
55
5
32
28
6
4
13
24
2
19
2
1
3
1
3
14
39
8
19
29
2
2
8
7
6
12
1
2
3
8
33
7
5
6
7
6
2
6
13
1
1
6
3
4
2
2
1
1
8
6
11
2
5
1
17
1
1
2
29
2
6
1
2
11
1
59
1
2
19
6
2
1
38
1
1
1
7
4
12
13
1
2
7
3
12
19
3
3
2
3
1
1
5
14
12
2
48
2
1
1
1
17
1
2
34
5
19
7
8
2
47
1
1
4
1
5
3
3
1
1
4
12
2
1
1
4
1
3
2
1
11
1
2
7
20
14
1
1
1
31
5
1
25
1
38
14
4
3
1
14
2
1
6
37
2
16
2
5
1
1
47
9
1
4
1
8
2
1
6
8
1
3
53
1
1
3
6
2
12
39
11
1
3
3
3
4
5
6
2
4
9
30
7
3
5
1
27
2
20
2
10
2
2
1
2
28
1
3
3
7
1
1
7
1
1
9
5
2
38
1
6
5
17
2
1
28
23
3
3
1
5
1
7
14
11
47
4
34
1
3
6
1
65
4
24
1
7
1
3
1
1
8
1
4
7
13
1
5
8
12
5
3
2
1
1
15
1
3
1
5
13
17
3
10
1
16
3
8
3
7
8
22
1
6
2
18
11
8
3
4
1
3
8
2
1
1
32
7
1
3
2
4
12
1
1
7
3
2
1
3
4
1
1
8
5
3
6
2
1
1
3
21
5
1
2
2
2
10
4
3
6
2
1
6
3
4
11
2
4
2
1
28
2
11
1
1
26
3
2
4
1
9
2
10
1
8
2
4
4
2
16
1
1
7
2
2
2
35
1
1
7
3
1
63
5
1
2
6
7
5
2
1
3
2
3
3
3
24
5
17
1
1
21
6
29
2
3
10
8
1
9
25
2
6
13
1
3
22
5
2
4
3
44
4
1
1
2
3
1
10
4
1
16
7
2
16
5
1
55
1
1
2
3
4
8
6
3
3
2
3
2
40
5
1
1
5
3
5
1
7
1
1
1
5
10
3
1
2
4
1
2
13
6
1
5
2
4
1
8
1
1
8
47
9
8
7
15
1
3
24
3
1
3
3
4
2
9
1
22
1
39
2
3
2
1
1
1
1
3
5
6
8
5
30
2
2
9
12
1
7
12
5
1
5
1
2
5
3
1
14
4
1
1
2
17
1
17
2
2
1
3
1
4
2
2
3
1
3
3
32
1
2
4
1
2
1
4
8
2
4
8
1
2
8
2
1
2
8
3
7
40
2
2
28
1
3
3
13
5
4
1
6
1
7
1
3
1
1
8
1
7
17
1
1
6
2
1
1
26
3
60
21
2
22
1
7
4
4
2
4
1
16
1
1
2
16
3
4
4
5
6
37
6
12
10
2
2
47
3
2
14
2
2
14
17
2
6
1
27
3
3
1
4
27
3
2
3
1
14
2
2
3
4
38
2
10
6
2
4
1
5
1
3
1
1
1
1
2
4
1
13
1
1
15
1
24
3
4
4
2
8
2
2
1
17
2
6
19
1
20
37
1
2
1
1
4
7
1
55
8
1
2
5
13
5
2
1
3
20
1
7
1
1
3
20
33
2
1
2
23
2
3
2
3
1
1
3
1
1
20
20
3
10
2
22
6
2
7
1
9
1
9
2
2
1
5
2
1
4
1
15
23
1
1
16
1
24
9
2
1
7
9
2
30
1
39
5
2
2
3
2
6
14
4
9
5
3
1
2
1
1
1
4
1
5
11
1
7
3
1
7
5
6
3
1
1
9
6
2
3
17
1
2
4
44
16
11
1
2
3
4
2
1
11
2
5
1
4
4
16
4
2
6
1
2
3
3
7
6
18
2
1
5
5
18
2
4
1
2
2
1
14
8
1
10
7
4
5
1
1
2
1
12
25
10
3
1
1
2
9
2
2
2
9
2
51
23
20
4
3
12
5
15
20
4
13
35
3
20
4
11
1
1
2
10
14
4
38
4
5
19
7
2
18
1
19
5
2
9
6
6
10
2
8
3
7
1
1
1
25
1
2
1
20
1
2
16
1
3
3
5
1
2
2
12
1
5
16
1
4
2
2
2
1
27
7
9
40
1
15
5
2
31
2
1
10
15
1
1
2
2
6
1
5
33
2
10
1
20
1
10
1
5
1
10
39
3
1
21
1
2
2
10
6
1
35
2
2
2
6
1
2
5
3
6
2
2
10
6
3
13
2
4
13
36
1
6
15
43
3
1
12
6
3
1
2
1
1
3
2
6
5
1
2
7
13
1
7
31
1
32
1
2
3
1
4
20
1
4
1
3
3
22
2
2
14
6
3
4
10
2
1
23
5
1
1
2
4
2
2
36
7
3
7
7
15
14
2
1
2
1
3
1
1
2
8
2
4
1
5
5
2
1
2
5
1
1
4
2
2
3
1
4
3
18
2
5
1
4
11
3
3
1
2
5
1
12
2
2
30
2
2
8
4
21
3
1
2
5
1
16
6
5
12
10
1
5
7
1
2
8
3
1
3
1
2
1
2
2
7
30
2
1
9
20
5
1
1
3
1
2
4
25
33
3
18
26
12
3
1
1
2
80
1
7
2
30
2
9
8
10
1
4
3
5
1
16
3
3
2
3
3
2
52
2
1
8
10
1
7
3
8
10
5
1
1
4
4
1
12
15
2
6
4
3
4
7
2
7
6
7
1
1
18
33
13
4
1
2
16
1
17
1
7
1
1
3
1
15
2
6
2
5
39
1
1
1
7
5
4
4
5
3
1
6
8
1
10
11
2
2
3
5
1
3
1
2
6
1
2
7
22
1
2
1
5
2
10
2
3
1
1
1
13
11
14
1
5
3
38
1
7
1
3
6
2
6
5
13
1
1
3
33
2
3
2
5
2
4
34
1
4
4
37
29
2
19
2
1
3
2
7
2
2
10
2
2
3
1
11
12
1
1
5
13
4
3
1
1
2
56
60
1
27
11
2
2
30
27
5
4
4
1
2
2
3
1
1
27
2
1
20
6
1
1
1
3
1
21
1
29
2
2
1
2
9
2
3
5
1
7
2
4
3
12
3
2
2
7
1
6
2
16
1
1
3
1
3
3
2
1
2
22
1
4
3
9
15
3
4
2
6
8
1
2
5
14
1
9
1
13
20
2
3
2
1
1
3
1
1
2
2
24
4
1
13
3
19
6
8
1
7
8
2
2
3
5
1
1
2
3
1
7
49
1
1
1
12
30
4
1
8
13
1
1
5
2
1
14
1
2
2
2
4
3
1
4
1
5
2
2
3
10
1
2
3
10
4
7
1
39
7
13
2
1
4
20
13
2
9
2
2
14
3
1
4
5
16
12
1
2
7
16
2
28
5
5
5
6
10
1
2
2
6
3
2
3
10
18
76
16
3
8
5
1
4
31
2
1
5
2
8
3
2
2
6
2
1
4
2
20
2
4
1
2
9
1
1
8
1
11
8
2
6
18
37
8
3
12
4
12
20
1
1
4
2
2
11
1
5
1
10
1
67
3
1
1
41
1
13
3
5
1
1
25
12
3
1
22
1
4
1
2
10
2
7
1
10
1
2
5
2
43
1
1
2
14
3
3
1
1
1
16
3
2
9
14
1
1
2
1
15
31
2
1
1
10
3
2
3
8
9
1
8
2
1
1
2
19
17
2
3
3
10
2
26
6
21
4
2
1
3
2
4
1
37
2
1
1
3
3
2
3
3
19
8
2
4
7
4
18
4
1
19
1
6
3
1
10
6
1
1
2
2
5
4
1
1
5
6
5
4
2
13
2
1
1
1
2
6
3
25
35
3
11
6
2
3
23
1
1
3
8
2
1
16
2
16
2
4
1
21
2
1
21
1
14
16
5
6
1
14
6
1
5
4
14
3
23
1
10
4
2
1
1
2
2
1
6
37
4
6
8
7
7
6
1
2
6
1
3
4
18
6
2
2
43
20
23
8
27
10
2
3
4
4
19
1
26
2
19
1
1
1
17
7
4
58
1
8
2
1
4
5
2
1
10
3
1
25
3
11
25
15
1
2
2
1
1
3
3
5
5
19
6
4
5
3
6
10
2
1
6
2
2
2
34
1
1
4
1
20
4
2
1
23
5
5
8
3
3
4
1
1
10
2
11
3
2
14
5
1
7
8
5
9
8
1
41
2
3
2
2
1
2
75
2
6
1
3
