22
15
25
18
15
24
5
1
4
9
3
4
16
3
3
2
43
3
4
5
6
2
3
5
2
9
2
1
6
19
15
4
3
1
17
3
39
2
3
19
1
5
4
12
15
2
8
2
5
19
20
13
1
19
6
6
9
18
1
4
1
78
6
1
2
1
7
1
5
3
1
1
10
15
6
37
4
1
106
34
1
6
43
4
5
2
2
6
1
3
10
6
10
2
1
1
6
1
1
8
2
2
1
1
4
7
1
5
10
4
2
2
5
1
24
12
17
34
2
31
2
3
6
1
3
13
15
24
2
4
2
1
3
5
9
2
3
1
3
1
2
3
1
2
3
3
1
2
79
2
3
1
2
10
4
37
13
1
1
1
18
1
53
1
6
29
2
8
17
14
2
1
27
4
18
1
1
7
3
7
1
7
1
2
4
1
4
26
6
12
3
2
10
2
5
2
2
4
2
3
13
3
1
2
31
1
1
2
3
2
1
3
2
12
4
8
6
1
1
2
15
39
3
23
5
1
7
1
1
2
1
10
2
6
3
1
5
6
8
20
4
18
43
2
26
11
2
2
1
20
8
4
1
1
9
19
46
3
1
2
1
19
2
5
1
1
4
4
2
2
30
2
10
3
16
1
32
1
3
5
2
8
12
22
22
6
7
3
1
62
16
20
4
1
1
2
1
1
1
4
1
5
7
1
1
1
3
3
2
1
1
4
1
5
5
3
5
4
13
29
3
1
9
13
3
2
1
1
3
8
1
1
1
1
10
6
24
3
11
2
5
2
1
2
3
4
10
23
2
1
2
49
3
1
1
33
13
12
10
2
1
4
3
4
3
4
1
5
2
70
1
6
2
1
2
2
2
8
8
1
1
7
6
2
1
1
2
2
3
2
7
5
3
1
10
1
1
1
1
1
5
2
7
2
3
2
8
3
2
1
4
1
1
2
10
2
7
15
6
5
7
2
2
4
1
16
4
2
3
1
74
10
9
3
1
15
2
79
2
1
2
5
24
8
5
2
1
1
1
3
2
2
12
4
2
85
2
3
1
4
16
22
2
2
5
1
19
6
2
1
7
1
3
1
5
1
1
4
4
2
12
10
3
6
2
1
2
17
12
2
5
7
1
12
1
2
10
2
18
43
2
2
3
35
20
1
2
3
5
9
3
4
3
14
14
15
4
2
6
1
2
2
8
2
27
4
1
7
10
2
4
12
6
4
1
2
12
5
8
8
3
8
23
6
10
41
1
6
4
13
2
1
15
2
1
4
9
3
5
3
14
24
4
5
5
4
2
14
10
28
5
3
7
2
5
25
3
6
8
9
2
6
2
1
2
1
1
2
25
2
3
1
3
2
4
59
50
2
6
2
2
1
10
10
34
3
1
2
3
15
8
2
1
2
2
30
1
68
11
1
1
2
2
2
1
1
1
3
4
17
1
33
1
5
49
3
2
4
5
10
4
2
6
6
6
6
9
14
10
2
1
23
5
3
12
4
1
2
2
6
3
5
38
1
1
8
1
1
5
2
9
18
1
14
3
1
5
1
9
6
23
2
5
10
1
1
9
1
3
6
18
1
1
1
3
1
2
28
3
7
1
1
4
4
1
7
9
1
3
24
3
2
3
9
2
1
3
8
1
37
2
13
1
2
9
3
12
3
1
21
2
23
2
2
1
4
2
4
11
1
2
19
1
3
10
2
14
2
2
1
6
3
2
58
27
2
1
5
9
1
6
20
10
2
10
1
2
37
1
2
1
1
1
2
9
50
2
3
1
13
6
27
8
79
3
7
1
6
13
12
5
5
7
1
2
2
4
2
1
19
3
2
2
16
8
1
3
8
4
1
8
2
2
5
2
5
1
2
2
8
3
9
4
1
2
1
1
7
3
1
3
34
3
32
25
5
6
1
4
10
1
2
1
1
2
5
1
10
1
20
6
3
2
1
1
5
3
3
2
2
1
1
5
3
1
14
11
3
4
4
1
5
1
1
1
13
24
3
2
2
2
11
2
1
1
17
10
20
1
4
2
4
1
2
15
2
1
1
1
1
2
9
4
2
5
2
3
8
19
2
9
2
74
9
3
8
3
4
1
6
7
2
8
4
2
1
9
1
3
3
16
4
2
4
23
2
3
13
3
2
17
2
1
3
2
2
11
15
1
7
16
5
2
1
2
1
22
12
11
5
2
2
4
4
4
2
2
9
4
3
1
6
50
26
1
3
4
6
5
1
1
2
5
7
8
5
1
2
1
1
2
28
6
8
3
3
1
1
23
2
2
9
1
22
16
16
2
7
22
29
5
3
15
2
3
5
4
3
1
8
4
1
3
1
2
1
6
2
1
1
12
13
5
7
4
1
1
5
2
3
7
1
5
3
1
1
1
2
7
21
31
1
2
23
62
1
6
1
1
1
9
8
2
1
3
1
5
4
1
1
11
40
4
140
3
3
3
12
1
7
1
6
4
15
3
19
14
1
1
3
4
51
7
4
5
1
5
1
21
5
4
2
2
1
10
3
5
5
1
3
2
3
6
31
6
19
1
2
1
123
1
26
6
5
1
1
1
11
1
6
14
4
2
10
16
4
3
1
1
2
1
29
8
2
4
5
7
2
7
10
9
15
5
4
4
3
4
2
2
1
1
4
3
2
3
2
1
1
3
1
6
2
2
4
87
2
8
3
13
4
9
4
1
1
1
6
5
24
2
4
1
4
2
1
1
2
1
13
2
26
1
7
34
4
2
4
4
2
2
3
6
3
1
1
6
1
12
13
3
6
3
1
1
12
17
17
1
1
5
2
1
45
1
2
36
2
6
1
2
1
2
3
3
5
6
5
6
5
16
1
2
1
1
12
1
4
2
17
7
7
3
3
4
4
1
11
4
3
2
16
4
1
1
3
1
2
2
12
1
1
11
1
2
5
3
7
2
8
1
22
2
2
2
3
12
1
66
3
16
3
3
15
6
2
15
9
4
4
6
11
9
35
4
25
2
3
6
4
2
4
1
2
3
38
15
7
9
23
1
1
1
2
5
7
2
4
12
2
2
1
2
1
2
18
13
3
1
1
1
3
2
2
1
2
16
9
2
3
21
2
1
2
5
2
1
17
38
11
11
5
26
2
6
2
10
4
2
14
3
30
7
1
4
28
2
1
1
10
2
2
4
1
35
10
20
3
56
2
8
8
2
6
12
2
3
16
1
1
1
15
4
1
1
1
18
2
2
8
1
4
1
1
2
1
1
1
10
16
38
1
7
30
6
6
4
2
9
1
6
17
3
1
14
2
3
4
1
2
2
8
5
21
12
2
3
2
12
8
18
1
1
12
26
6
2
22
8
3
12
14
1
24
9
6
3
12
1
114
5
2
7
4
1
2
5
3
21
32
13
6
13
13
2
2
1
20
10
2
4
6
1
11
11
4
7
6
1
6
17
14
4
8
27
1
23
2
1
2
16
1
1
14
15
1
1
5
2
1
2
1
1
2
6
6
1
1
1
5
1
28
22
16
13
1
4
5
3
5
13
8
1
4
2
4
4
4
94
25
1
3
5
18
6
2
6
2
5
22
3
7
4
1
1
4
20
13
3
19
1
3
23
2
2
22
8
27
1
2
12
2
5
2
9
9
2
5
9
1
1
