22
1
88
27
3
4
12
90
1
5
1
15
5
6
182
3
2
4
1
93
2
13
20
8
12
8
31
1
35
1
12
7
9
29
310
24
17
23
35
46
23
3
182
3
5
73
17
45
44
4
2
2
45
20
19
11
9
100
156
224
5
45
3
6
68
77
1
1
8
1
82
35
2
2
24
2
3
26
8
154
17
2
1
1
15
24
247
9
7
228
33
3
2
8
7
112
53
1
5
8
6
11
1
30
16
8
62
21
1
20
10
4
7
4
108
9
1
58
209
23
4
8
20
18
44
2
23
25
8
3
4
56
10
10
1
3
15
66
41
7
2
33
1
126
11
1
3
1
34
1
70
42
85
2
75
2
102
11
21
3
6
1
1
209
29
4
3
5
1
4
89
5
1
8
21
7
5
8
9
44
47
16
61
1
13
1
3
15
1
39
59
16
257
6
1
25
41
11
37
25
85
33
13
3
11
15
38
85
41
4
3
11
2
2
3
16
7
1
54
2
148
6
10
13
52
3
53
5
30
114
2
1
1
2
39
18
256
63
96
23
3
3
2
47
3
55
5
2
197
5
25
2
70
34
1
15
1
9
31
2
5
10
5
2
7
33
1
55
5
13
32
2
1
13
3
6
28
25
85
156
1
1
2
48
2
5
42
20
8
1
1
2
9
7
1
18
2
52
28
15
12
1
15
2
50
61
9
6
1
3
1
15
1
23
7
1
2
1
12
84
4
1
1
59
49
11
3
9
33
109
59
7
2
16
8
3
2
14
13
31
1
2
9
42
39
7
169
8
15
49
49
1
73
130
3
14
3
35
151
10
11
9
1
12
4
17
2
3
12
1
8
7
6
17
20
1
15
13
71
7
52
54
128
4
15
11
13
9
10
4
4
9
106
67
5
219
1
3
4
23
1
50
61
19
60
18
17
23
60
3
2
20
2
9
17
71
20
1
5
59
7
47
78
20
9
9
2
4
3
3
128
1
3
1
5
2
55
16
6
8
8
51
27
16
16
2
39
6
2
13
12
69
36
115
4
100
2
1
1
110
11
2
12
28
2
1
47
22
60
28
12
1
114
21
185
4
56
2
67
4
4
8
4
59
48
2
48
21
24
24
11
16
4
30
2
21
15
1
21
1
9
36
7
2
18
4
2
141
95
1
13
145
4
33
27
73
106
7
24
6
30
26
7
1
43
69
1
23
2
10
1
199
4
176
37
1
2
201
6
40
2
9
15
60
2
32
4
4
119
2
10
47
6
12
4
14
42
34
8
3
2
3
9
20
47
4
1
26
30
69
3
9
26
6
16
29
2
4
22
14
56
114
1
5
3
343
24
2
1
23
13
1
118
6
17
6
53
2
7
3
5
54
2
5
4
2
2
2
3
49
92
1
16
108
2
12
4
13
14
21
11
2
103
7
4
13
8
145
1
1
295
1
138
39
3
9
93
204
3
21
52
169
24
2
7
22
10
2
105
58
16
7
9
228
4
6
25
28
12
5
13
5
20
7
11
16
56
46
1
79
1
1
1
52
42
129
134
67
2
52
22
8
26
2
10
184
2
30
15
254
2
1
11
34
179
1
7
49
23
64
29
2
5
71
17
51
6
79
167
75
1
136
92
3
26
4
8
204
1
6
99
6
1
31
7
71
18
70
9
13
12
28
12
56
22
1
46
1
4
3
2
5
232
30
66
1
2
260
2
7
1
2
15
3
5
64
6
27
1
4
1
25
46
51
2
17
21
37
39
6
2
2
21
8
72
13
2
12
11
1
2
1
28
8
19
89
15
8
39
6
53
6
35
109
13
28
2
11
57
5
109
7
2
35
11
1
3
3
42
31
24
9
71
1
12
2
68
1
4
8
39
3
90
1
30
13
4
8
10
1
3
11
13
8
27
1
265
3
1
21
5
55
1
3
10
89
19
10
57
218
99
19
93
65
72
15
46
26
177
9
26
16
3
150
127
1
1
9
5
11
72
16
12
125
43
6
2
24
2
8
61
17
6
7
18
233
9
18
7
5
18
6
5
25
6
45
2
38
163
7
4
2
1
15
2
4
27
62
18
27
40
1
13
1
12
5
32
2
4
1
2
97
1
13
1
6
7
26
5
1
1
31
162
31
7
1
24
8
2
51
52
26
4
23
8
14
224
70
5
9
167
38
56
10
35
1
4
73
3
284
110
2
16
24
12
1
2
11
84
45
34
2
8
64
2
65
27
76
283
1
91
17
34
31
42
1
1
3
5
2
6
11
1
4
15
77
75
26
31
5
15
208
2
4
3
40
5
230
4
82
5
68
4
2
41
2
3
2
12
3
22
2
28
9
6
4
12
33
2
7
1
120
5
1
5
1
5
13
2
2
46
3
1
7
46
1
5
89
3
8
2
60
2
45
2
1
2
4
1
2
71
287
14
17
46
4
3
21
8
9
3
2
12
5
1
6
18
1
22
5
3
217
2
15
121
13
28
11
49
84
30
1
52
29
62
2
13
14
4
107
76
6
8
2
22
6
109
45
30
46
25
3
1
255
183
31
5
7
7
33
11
2
16
2
14
5
5
8
1
23
2
2
5
16
16
15
13
44
1
12
8
3
5
20
35
10
17
48
5
2
6
38
28
2
2
21
27
1
51
1
24
1
8
1
32
2
2
14
8
32
7
13
7
10
1
2
9
6
27
29
2
17
31
4
4
40
13
233
5
136
20
1
1
55
7
49
17
15
58
2
50
33
16
2
52
21
1
125
304
5
2
19
7
4
1
13
6
130
27
3
97
1
228
2
49
1
30
37
14
20
8
41
58
13
10
2
21
61
2
3
42
5
4
2
2
14
7
6
10
28
1
50
3
5
7
6
1
8
5
2
13
5
7
14
1
12
15
1
27
2
25
2
31
26
2
5
3
19
12
7
7
169
11
2
33
21
69
10
7
32
2
60
10
2
3
3
78
5
67
15
3
4
8
2
41
47
74
51
5
27
2
85
51
1
8
8
3
9
1
61
16
14
2
36
16
1
75
5
61
81
2
5
9
1
23
14
150
13
113
15
37
10
39
8
9
1
36
118
5
8
3
1
2
89
19
11
4
5
74
2
3
9
25
7
161
36
16
1
62
1
57
1
1
76
2
1
22
43
20
2
27
35
1
2
12
3
63
19
14
33
109
5
5
14
3
1
42
7
41
112
11
17
11
7
1
11
25
2
17
1
1
42
14
23
146
18
18
6
1
1
77
115
1
2
26
3
38
16
95
1
3
5
4
60
46
10
31
12
2
4
36
9
69
9
9
5
26
12
5
113
31
4
2
3
5
48
41
33
8
4
6
4
168
46
2
19
2
2
38
1
24
4
125
14
1
3
314
2
2
36
60
14
7
10
13
7
3
4
100
1
3
2
3
3
44
53
48
28
52
83
4
202
11
13
1
30
2
43
6
3
36
32
285
7
8
120
4
16
1
5
6
4
103
2
5
1
1
11
73
15
1
14
78
1
77
60
40
91
22
1
132
2
2
3
1
17
19
1
81
21
18
3
15
19
8
58
50
5
144
8
67
27
33
4
9
2
12
46
3
7
107
95
2
13
36
5
22
23
1
2
6
2
23
40
2
18
83
1
26
3
15
2
2
10
102
4
1
1
13
50
246
25
69
1
1
8
69
26
2
5
6
28
65
25
2
22
8
310
138
2
181
258
161
79
30
46
24
16
65
11
2
4
3
7
17
10
1
6
7
7
10
37
4
14
6
141
21
32
5
11
5
142
43
1
27
1
165
181
2
8
2
14
2
7
2
18
1
23
36
14
14
61
1
147
5
104
3
73
12
20
16
15
11
9
7
8
1
95
39
30
10
8
2
5
37
2
2
161
27
68
27
3
3
162
91
6
17
68
2
14
1
22
4
3
55
3
139
17
7
29
4
31
33
30
35
3
2
4
98
16
4
38
45
112
5
24
8
2
10
1
260
3
166
11
19
4
21
85
5
53
4
2
10
19
78
225
30
3
3
5
3
67
7
99
1
4
6
23
69
14
6
1
2
3
3
2
39
3
8
33
100
1
1
42
6
1
1
10
6
112
3
39
42
68
33
50
1
6
29
20
1
1
1
218
1
3
24
37
3
2
5
1
24
14
5
243
3
32
14
20
22
190
6
23
21
10
50
128
31
6
57
1
15
1
3
3
2
31
173
4
7
2
29
7
32
18
13
1
8
13
1
4
2
5
2
1
3
1
34
13
210
53
3
8
299
1
73
22
2
1
2
13
4
120
8
168
29
3
10
4
23
104
11
1
31
4
2
16
75
6
154
9
28
31
1
27
15
338
107
14
1
19
3
1
1
2
63
4
183
147
26
5
31
17
3
1
11
3
2
17
2
10
44
26
1
10
117
24
6
35
3
3
51
2
5
21
15
3
4
1
24
5
4
32
148
46
3
20
16
2
1
93
2
65
43
19
23
85
8
2
16
4
6
6
1
3
72
3
18
108
12
308
13
109
96
151
9
2
27
3
6
13
1
23
4
3
5
6
1
36
1
98
9
