1
2
3
10
6
4
14
32
16
3
2
2
2
6
3
3
9
8
1
2
2
2
2
1
11
1
5
1
8
1
19
6
3
5
1
6
2
3
5
4
8
1
2
2
4
2
1
1
9
1
1
8
1
10
2
1
29
1
1
3
4
1
1
9
4
12
1
1
1
7
5
2
2
2
4
15
1
1
9
2
1
10
5
2
1
3
1
4
2
1
1
4
3
7
2
10
1
20
2
9
1
4
4
28
6
6
2
6
3
1
14
4
1
3
3
6
10
3
3
12
4
13
1
4
10
3
3
8
6
1
3
1
6
5
15
1
1
3
1
7
9
1
1
2
1
2
5
1
1
2
9
2
5
5
1
1
2
1
1
1
1
2
7
4
2
4
9
8
2
5
2
3
2
7
2
1
3
13
11
4
31
3
9
3
18
4
2
6
1
2
3
1
3
1
1
2
5
14
2
1
2
4
2
1
3
8
1
1
1
1
3
9
24
3
3
2
1
3
2
1
2
1
4
1
1
9
1
4
3
2
3
3
1
1
3
1
1
1
1
2
1
9
1
4
1
10
4
1
2
2
2
4
2
7
1
1
2
10
1
2
1
2
2
1
1
3
3
5
5
1
1
2
2
2
1
19
28
31
3
1
1
4
1
11
1
4
16
1
16
12
1
2
3
2
3
1
2
2
2
1
4
4
3
3
1
4
1
4
1
1
1
2
1
3
11
6
2
3
5
3
2
1
2
3
4
2
2
4
2
6
2
4
2
1
5
3
2
4
4
2
1
2
1
3
1
4
5
1
1
34
1
3
5
1
1
6
2
9
10
4
1
1
2
1
7
1
10
1
4
1
6
17
2
1
1
7
4
1
2
1
3
2
1
2
1
3
1
6
8
4
2
19
4
1
2
1
1
10
3
5
2
1
4
2
6
2
1
1
1
1
11
2
3
2
5
2
4
2
3
2
1
21
11
16
1
1
3
2
1
1
10
1
1
2
1
2
13
2
13
4
3
1
6
1
1
2
3
2
2
12
5
1
1
1
2
17
1
1
16
7
2
2
16
17
10
7
2
3
9
17
15
6
1
1
2
2
6
4
8
11
2
36
1
4
1
1
1
1
2
1
2
1
3
2
1
6
2
29
4
2
1
5
12
2
1
2
1
1
3
2
1
7
11
1
1
1
1
17
1
2
1
10
3
1
3
2
6
6
5
7
4
1
2
2
1
4
3
1
2
8
6
1
1
1
2
2
6
2
2
2
5
36
1
3
2
2
1
1
4
1
9
2
11
6
4
1
5
6
1
16
3
4
1
1
2
2
4
4
4
12
3
1
1
7
6
1
24
3
22
3
4
5
1
1
6
24
1
7
1
2
1
1
2
3
7
3
5
2
1
1
1
3
1
1
2
4
1
2
4
2
3
1
1
4
28
3
1
4
2
7
1
1
26
4
3
2
2
1
2
2
1
2
4
5
2
1
3
2
5
9
5
3
1
1
3
2
2
8
1
39
5
12
1
8
5
4
7
8
3
1
1
3
1
2
2
1
4
2
1
14
9
3
2
3
7
1
14
1
2
1
30
2
1
2
3
3
2
2
5
2
1
2
1
1
1
8
5
5
4
5
1
2
2
1
1
9
8
12
3
9
5
2
20
1
6
5
7
8
1
9
12
15
3
3
1
4
3
3
1
5
6
2
1
15
1
1
3
15
2
5
1
4
2
1
1
7
1
5
21
2
1
3
2
11
1
1
4
2
2
2
3
1
6
1
3
1
3
1
2
1
2
5
3
4
23
7
8
1
2
10
10
2
1
1
11
8
2
1
4
1
1
3
11
2
3
15
1
5
8
8
1
4
4
6
2
2
4
3
2
1
5
1
1
4
2
7
1
1
1
4
2
5
3
2
4
3
4
1
7
8
3
4
1
1
5
6
1
1
16
1
1
1
7
9
1
2
3
2
2
5
4
1
1
29
17
2
1
1
1
2
2
1
7
3
1
2
17
2
6
22
12
7
2
6
1
10
1
1
2
1
18
8
2
1
1
2
2
28
2
10
3
2
1
2
4
30
4
1
1
2
8
2
15
2
2
1
3
8
1
6
1
1
1
3
2
2
4
3
1
2
1
12
1
2
1
9
4
2
2
16
19
3
5
4
3
1
4
2
1
1
10
3
1
6
12
4
1
4
2
1
12
3
1
14
1
9
11
3
4
3
9
15
2
1
2
10
1
1
6
10
1
3
2
2
2
1
1
3
7
18
1
2
1
1
4
1
1
14
19
2
19
12
4
4
3
16
4
1
3
2
3
2
12
2
1
2
2
1
1
4
2
2
13
2
1
6
6
1
2
1
4
12
2
1
1
3
2
2
2
2
1
9
2
12
7
3
1
4
6
19
2
3
6
1
2
4
1
2
2
1
8
9
1
4
2
2
3
3
2
2
1
5
1
3
2
3
2
3
1
4
27
1
6
4
1
1
2
1
4
8
7
7
2
1
3
2
1
4
6
2
3
1
2
19
1
1
13
1
1
3
2
3
2
7
1
4
2
1
2
1
5
1
2
3
1
2
3
5
6
9
3
6
13
3
1
3
1
1
1
2
1
2
7
2
1
2
7
9
2
18
4
1
2
1
5
6
3
2
1
2
1
1
11
1
1
2
2
7
4
1
4
8
3
3
3
1
3
3
3
2
8
1
11
5
2
4
11
3
5
12
6
3
2
4
2
3
2
9
16
13
1
1
2
1
2
2
1
8
2
1
1
1
1
10
6
1
59
27
2
1
4
4
1
2
2
2
3
5
12
4
2
1
9
1
1
2
1
4
1
18
4
1
1
7
2
5
3
1
3
1
2
15
1
4
4
1
1
4
3
7
1
2
3
6
1
3
1
1
5
2
10
10
3
1
1
2
5
7
1
2
1
8
4
1
1
3
9
3
1
1
2
8
4
4
16
14
16
3
2
8
4
1
9
3
2
16
6
16
3
5
1
1
14
1
2
3
21
1
4
3
3
2
1
10
2
4
1
3
12
6
2
1
1
1
7
2
2
3
4
21
1
13
9
4
2
1
3
6
7
8
1
1
4
3
9
3
5
4
2
1
1
7
2
24
6
21
2
9
1
24
24
16
2
2
8
10
1
30
1
7
17
1
1
2
3
1
1
1
1
1
3
1
1
1
2
10
33
1
2
4
3
1
1
3
5
1
1
22
1
6
1
2
1
4
2
6
3
1
2
1
4
3
3
2
1
16
8
1
3
1
5
6
8
1
1
2
1
1
6
2
3
3
3
1
3
6
11
1
1
6
8
2
2
8
5
4
2
1
5
1
11
1
6
1
4
1
1
2
1
6
11
5
2
2
1
3
1
3
34
9
5
13
5
15
1
9
7
2
3
1
1
6
2
4
2
1
6
7
6
1
2
1
1
3
2
1
4
1
4
2
6
2
1
5
2
4
4
1
3
4
11
6
1
3
1
1
1
2
1
2
2
6
5
1
2
10
6
1
2
2
2
2
1
13
4
1
1
1
1
3
2
1
4
5
1
9
4
2
1
11
1
14
1
4
1
2
1
1
1
9
2
7
1
3
8
3
2
4
1
2
9
10
2
2
3
1
4
