3
11
2
3
9
1
2
9
2
3
2
3
1
2
17
6
1
5
1
8
33
14
1
21
31
7
9
15
1
2
19
3
4
4
14
8
1
6
22
1
3
3
3
1
12
26
17
3
16
3
5
4
6
2
5
9
1
27
3
3
21
1
40
2
7
4
5
4
5
1
13
30
13
2
6
23
166
4
2
27
1
1
2
4
34
6
7
33
3
7
2
1
1
14
3
3
95
4
24
2
1
19
30
3
2
5
1
6
21
6
3
24
1
6
5
1
5
1
2
3
2
8
1
3
53
2
1
8
3
1
1
2
99
5
1
1
29
1
9
2
2
2
2
2
1
24
1
7
20
4
9
9
2
3
4
66
10
8
5
7
1
37
24
5
14
3
1
1
18
9
4
2
11
2
57
1
1
142
1
24
48
1
1
2
58
8
6
4
8
5
14
2
2
56
1
10
2
9
14
24
1
13
1
2
5
1
1
3
1
2
5
20
1
9
22
2
1
16
3
16
14
3
23
6
1
15
2
1
1
3
13
1
3
2
2
2
2
1
14
7
4
162
21
3
16
1
8
5
37
3
14
12
16
7
46
11
4
2
1
19
1
7
19
4
13
4
2
34
65
11
11
3
15
6
4
4
2
2
8
55
12
4
1
20
23
44
1
1
26
1
2
3
6
14
5
41
2
6
1
1
7
49
9
1
4
2
6
16
2
4
24
2
6
14
5
21
1
22
12
1
7
110
1
51
1
4
1
2
3
5
7
5
2
21
6
1
1
2
1
1
12
6
7
8
8
4
6
5
2
1
1
3
4
2
15
3
2
69
31
2
2
3
2
1
9
67
2
10
2
2
15
37
1
16
1
2
1
18
3
11
1
46
1
3
1
1
1
7
2
4
29
5
4
6
53
8
1
6
7
71
18
3
62
13
9
3
7
13
9
16
20
10
4
7
33
4
33
1
23
5
1
1
12
4
2
8
4
7
1
20
2
18
5
1
2
1
14
1
5
33
61
8
47
36
3
2
8
1
16
13
41
4
10
8
9
32
4
70
7
1
48
15
1
8
1
1
3
24
13
41
4
95
60
2
2
26
6
5
24
1
3
1
2
7
9
22
1
10
8
5
1
14
2
16
4
15
6
11
9
5
3
3
1
1
15
6
15
6
31
2
27
1
1
3
22
2
1
8
7
1
4
5
11
4
13
1
10
6
5
14
22
1
1
18
4
5
16
39
20
3
1
11
9
2
1
18
1
1
36
3
19
5
19
11
1
8
2
1
2
25
1
18
9
15
30
5
2
12
4
8
2
2
5
31
8
1
3
3
13
5
7
1
6
3
28
1
7
19
3
6
16
2
2
2
36
2
1
10
8
1
62
16
4
1
49
18
20
18
3
5
17
1
2
2
2
2
1
1
16
16
43
4
8
2
5
8
2
2
12
1
3
7
2
1
13
1
29
58
10
2
4
4
2
1
11
4
12
9
1
6
8
117
12
6
1
6
7
1
2
7
67
6
1
1
6
11
23
2
14
4
8
2
19
7
10
8
6
5
5
2
29
1
10
2
18
1
16
3
1
2
28
1
2
24
3
13
44
10
1
7
23
35
5
2
7
1
2
1
1
26
3
3
2
1
37
2
30
21
2
9
1
1
5
6
1
8
3
2
12
2
2
1
29
6
11
1
4
1
62
3
1
3
5
4
9
2
2
36
5
2
2
2
1
39
8
6
2
1
4
3
30
4
1
1
1
1
3
6
6
7
2
7
22
1
1
4
1
7
2
2
4
10
19
2
26
3
3
5
2
4
34
23
2
70
5
2
13
1
12
4
2
2
10
1
2
8
22
17
5
7
1
1
6
1
4
4
21
1
9
2
7
8
8
1
12
1
11
5
2
34
2
1
6
1
2
20
3
7
2
7
33
7
29
1
3
19
18
1
5
12
4
1
13
5
1
2
2
2
2
19
5
15
49
1
3
3
4
18
13
17
8
18
10
2
4
18
22
4
21
4
9
3
2
12
51
2
10
13
59
9
14
5
5
40
3
22
4
1
5
1
3
12
3
67
72
2
40
1
1
6
17
1
13
1
34
1
1
12
3
1
3
1
5
6
1
14
3
1
6
25
12
1
2
1
1
3
3
6
9
1
4
9
6
1
1
25
1
73
15
2
3
1
1
7
1
1
2
63
1
7
1
6
1
4
3
9
5
59
1
12
1
7
3
14
30
9
13
5
1
8
3
13
2
2
1
26
51
12
2
1
2
1
12
1
1
1
7
7
1
59
10
1
1
4
4
1
4
15
9
6
3
2
1
29
31
1
7
50
17
19
19
6
3
2
2
160
8
34
4
2
1
9
5
2
1
34
3
1
11
3
12
4
3
47
6
8
21
2
3
10
12
1
1
1
1
46
10
3
36
15
3
8
5
6
5
12
2
3
1
4
7
2
5
30
10
5
10
6
18
4
21
9
6
1
2
11
8
3
4
6
2
5
2
98
2
25
2
3
9
23
1
19
1
2
24
61
2
5
2
2
3
2
1
1
1
13
5
1
5
8
26
3
4
15
1
1
3
3
3
1
2
40
27
2
19
3
1
2
7
7
1
72
13
2
4
8
18
15
2
3
1
12
5
2
2
2
6
3
1
27
8
2
3
6
40
8
28
9
5
3
8
21
21
12
39
19
24
6
1
5
2
1
2
8
7
1
1
10
19
4
1
4
8
1
4
2
5
2
2
1
32
2
1
4
4
19
12
1
11
3
11
10
2
1
5
12
18
1
3
2
5
8
31
1
3
10
4
5
2
3
2
1
11
10
2
3
28
1
5
13
1
9
2
3
8
1
2
1
6
39
2
2
1
17
11
2
4
1
1
4
1
1
3
5
7
1
1
6
22
15
5
2
10
1
20
1
5
2
9
1
7
59
14
11
2
7
2
1
14
8
2
12
6
20
5
13
3
1
6
5
3
2
1
2
3
54
1
2
5
3
1
1
29
1
1
30
30
10
2
2
4
16
2
8
9
1
2
1
49
1
5
5
1
5
30
4
5
19
2
10
6
39
43
5
7
2
2
7
7
5
2
7
5
4
13
7
145
18
29
3
7
1
4
2
15
6
6
3
2
1
4
1
6
1
29
3
137
3
1
6
8
26
3
2
31
22
17
3
1
4
52
13
1
3
1
4
5
46
135
24
1
4
5
1
2
2
3
12
5
2
2
1
4
6
20
2
2
5
5
11
2
4
3
4
8
5
12
6
5
24
14
19
2
21
4
1
46
3
37
2
1
4
2
4
27
1
4
19
4
14
32
18
11
46
4
1
6
1
7
2
10
26
11
17
2
1
35
12
2
76
3
11
46
6
1
67
4
2
4
37
1
4
5
2
93
11
7
27
3
5
1
3
4
1
1
7
1
2
24
5
6
27
2
6
49
1
15
23
2
1
1
1
1
16
32
2
13
59
1
2
2
1
3
4
3
1
1
8
50
3
1
2
12
3
1
1
1
9
14
3
2
9
9
5
40
10
2
6
11
4
9
5
166
9
3
40
12
14
12
12
3
6
8
4
4
28
19
12
35
1
2
6
24
3
11
17
2
4
3
1
1
1
32
4
2
1
3
50
1
5
1
28
1
3
2
1
18
44
5
10
99
182
104
7
3
2
11
5
3
58
4
40
3
5
33
1
20
1
1
4
54
2
6
5
13
1
3
1
4
2
19
47
2
2
6
16
8
8
42
2
8
17
39
2
22
23
1
3
1
1
1
61
2
44
25
1
19
8
28
5
19
5
8
1
11
1
3
1
1
1
1
19
13
1
5
2
5
1
8
3
5
6
17
1
1
6
4
1
1
5
3
15
1
1
1
4
3
2
12
10
7
6
1
30
9
15
24
18
21
3
3
2
3
10
3
1
2
15
2
6
1
2
2
1
2
2
13
7
1
1
3
2
2
2
3
1
23
83
1
2
4
21
50
2
5
1
1
43
3
8
10
3
6
4
1
21
2
5
6
16
4
2
126
4
5
21
2
7
34
1
1
1
1
22
19
32
1
26
65
18
1
31
1
39
14
3
5
5
3
2
6
3
45
1
5
1
47
48
1
3
22
2
27
2
6
2
11
14
14
2
22
12
2
1
4
2
15
68
2
20
2
3
1
7
19
4
6
2
2
32
4
50
18
8
11
1
23
53
26
5
12
2
11
51
1
11
4
5
6
9
22
3
5
4
28
10
34
7
10
25
5
16
1
4
3
16
3
47
2
2
21
3
1
24
5
6
1
4
2
16
24
5
1
5
4
1
1
9
1
26
2
3
4
1
2
2
2
2
8
7
8
39
3
2
1
1
48
1
2
7
1
1
5
1
1
4
1
14
2
1
2
52
11
35
3
2
1
11
6
1
16
1
8
31
8
6
26
1
5
2
1
4
1
4
34
32
20
13
2
4
9
20
8
34
2
5
1
1
4
1
15
2
24
5
6
9
5
10
2
1
3
2
1
1
11
21
23
2
15
7
3
3
26
4
21
1
10
4
19
5
144
2
3
2
5
2
3
4
2
6
1
3
16
4
6
3
1
5
24
2
12
59
11
4
31
21
42
16
41
6
6
1
23
1
9
2
12
3
1
14
1
2
1
22
3
1
18
3
16
3
6
1
5
28
14
14
6
8
1
10
1
5
14
11
11
3
5
6
3
52
1
4
31
12
2
2
2
4
3
33
17
2
4
5
1
9
48
1
7
1
1
6
22
6
2
1
6
2
5
16
4
3
17
2
20
4
5
17
4
3
13
8
8
1
1
1
3
3
1
2
1
2
2
5
2
28
4
9
3
3
2
1
2
42
2
31
28
2
6
1
21
44
68
1
2
2
1
12
1
18
2
4
10
4
4
4
22
1
3
61
2
1
18
3
1
33
7
72
17
3
2
6
9
28
2
17
2
1
3
35
17
8
8
110
4
1
4
11
3
3
6
10
3
7
2
1
41
1
6
3
69
3
12
4
2
5
34
10
11
66
14
6
26
6
27
2
66
15
25
5
12
14
6
41
63
4
15
14
1
9
4
1
16
20
2
2
1
13
5
6
36
2
1
4
1
4
1
11
1
2
2
9
4
13
14
32
8
43
2
20
66
10
11
2
170
4
1
2
4
2
9
7
4
8
3
6
12
29
3
18
2
9
14
1
12
23
4
53
9
2
7
5
12
4
2
10
8
2
13
3
20
4
1
13
1
5
19
2
5
3
2
1
42
2
10
11
1
11
4
17
5
25
5
1
9
50
2
21
21
4
10
18
2
12
1
5
13
9
1
4
1
3
29
50
6
12
2
2
5
4
1
16
23
35
30
1
1
2
23
20
6
32
2
2
56
8
2
21
6
66
1
35
9
2
4
2
6
12
4
1
7
1
71
24
11
8
3
12
4
8
12
15
13
13
11
24
4
1
4
4
26
10
16
22
23
1
3
1
4
29
6
38
21
14
19
7
2
3
2
11
1
3
4
4
11
3
3
17
3
12
3
20
3
13
8
3
4
1
2
2
2
23
9
1
4
1
5
12
21
3
5
10
2
1
4
7
21
14
1
1
8
13
13
1
22
11
3
1
1
2
3
2
8
4
1
21
1
19
9
22
2
19
4
1
21
49
11
1
24
2
14
4
8
1
2
1
1
4
3
1
14
3
4
6
2
3
1
20
1
3
2
5
9
6
60
3
1
1
3
3
2
13
12
11
7
8
2
6
1
12
1
2
4
3
1
1
26
3
1
2
1
58
17
27
4
22
13
20
16
25
6
2
2
2
4
18
16
67
4
5
3
1
1
97
20
6
2
6
90
3
25
1
1
48
1
9
7
4
4
9
5
1
9
14
2
19
1
1
3
1
9
2
3
6
22
8
32
15
7
3
1
1
6
11
4
10
23
5
8
15
2
1
1
6
3
2
16
48
3
1
6
4
3
3
1
10
3
1
2
59
3
7
7
12
1
26
1
10
7
2
1
3
5
4
6
4
1
21
51
8
2
4
1
24
11
3
3
5
24
2
42
6
2
2
5
3
6
29
6
7
3
2
3
2
2
74
2
5
1
12
8
8
1
47
5
16
1
2
6
1
3
31
2
2
29
2
1
1
11
33
67
1
20
15
8
6
5
1
1
4
9
6
2
1
4
12
19
2
8
1
3
1
2
49
1
1
12
27
2
24
2
6
5
1
10
26
1
9
2
29
2
38
9
4
28
3
3
2
1
2
68
4
8
3
15
7
15
9
2
7
8
10
6
21
9
3
2
32
3
10
2
2
2
38
19
7
2
1
8
3
1
14
65
2
8
4
6
4
7
7
2
77
17
5
46
19
14
1
8
34
46
2
8
5
18
11
12
47
29
2
1
11
1
5
38
1
2
14
4
27
1
16
1
1
3
2
5
2
28
22
10
1
1
4
4
19
16
7
17
4
2
2
14
15
6
1
2
1
30
3
9
1
12
3
6
1
2
8
1
9
84
3
5
7
17
46
19
7
1
2
6
1
52
1
3
2
10
4
13
7
25
12
1
44
80
17
2
5
1
1
8
4
4
3
7
1
1
4
1
36
2
12
2
4
4
10
1
9
1
9
7
1
6
1
6
2
18
4
1
1
5
4
11
14
24
3
2
4
16
1
2
1
9
2
2
7
4
11
28
1
45
4
28
21
8
3
18
8
14
5
12
3
1
44
2
16
4
4
21
5
12
2
3
12
3
7
22
1
3
2
1
1
19
2
10
11
7
4
2
3
1
1
1
1
1
1
12
2
