15
21
15
2
4
11
3
155
1
14
2
9
29
5
1
111
7
157
60
2
3
1
13
3
17
3
13
2
34
34
4
52
4
7
3
6
2
11
1
2
1
2
1
7
1
1
32
4
4
78
3
2
1
2
2
3
83
6
5
2
54
21
6
20
2
5
44
5
17
70
6
3
31
6
1
26
2
2
23
31
5
1
5
1
4
2
1
7
3
7
3
9
20
9
14
3
5
12
4
1
4
1
1
3
1
11
2
1
35
1
1
1
27
26
11
3
2
1
34
42
11
8
5
1
2
1
3
44
1
18
2
2
3
4
13
3
7
2
57
3
1
3
23
26
16
54
9
15
10
24
110
5
4
4
6
29
33
3
13
12
55
21
43
47
6
45
6
9
2
2
4
3
11
182
12
17
8
2
14
24
18
3
31
3
7
10
48
7
54
16
14
4
2
1
9
15
24
81
16
6
1
265
1
1
17
3
2
2
5
3
1
1
37
89
13
32
3
4
14
3
28
8
28
36
4
15
82
3
3
20
6
12
1
197
2
4
40
2
77
1
3
12
8
6
4
2
2
2
6
4
15
5
3
8
2
70
1
1
1
1
13
23
9
158
7
2
5
9
1
10
1
26
1
53
10
5
3
5
2
226
12
4
4
30
2
151
27
37
1
3
11
14
6
1
40
5
7
4
2
2
4
6
5
12
8
30
6
3
2
15
6
15
12
2
13
9
349
13
11
2
2
8
5
46
1
2
2
21
67
4
3
2
4
3
1
19
2
6
1
4
51
41
114
2
11
6
15
74
8
4
10
1
2
3
38
63
1
55
208
10
10
27
5
11
35
1
3
2
3
1
10
1
2
153
86
51
11
14
4
53
1
7
18
23
13
1
32
42
2
6
5
5
63
2
85
4
9
1
1
13
3
8
6
26
2
3
45
4
19
3
1
24
1
1
1
2
47
22
9
19
17
51
4
8
2
18
4
2
4
1
7
3
19
15
63
22
4
1
1
28
1
34
3
1
11
7
25
3
1
1
4
15
1
127
6
3
1
1
14
11
69
1
104
2
3
2
2
1
10
2
11
1
27
2
4
2
3
26
1
7
9
3
2
67
2
36
2
5
13
11
2
4
27
126
3
5
21
4
20
6
25
4
31
43
2
3
9
16
2
40
27
2
179
17
2
5
16
1
21
11
117
2
5
1
1
44
5
17
46
2
1
1
11
3
13
17
18
3
41
3
1
5
1
2
23
10
2
5
3
73
2
2
12
1
1
66
17
9
22
1
5
43
68
4
3
1
5
1
2
11
2
6
2
21
95
4
2
4
151
2
8
7
19
17
4
1
3
6
85
7
1
1
1
1
1
1
1
21
50
1
4
2
1
5
45
51
1
3
7
4
2
38
1
1
18
1
21
4
3
19
174
2
1
39
3
14
1
10
20
2
4
1
3
1
2
2
7
3
16
17
92
2
9
1
2
1
2
9
1
9
1
4
1
3
3
6
100
5
5
18
1
179
13
25
2
14
2
5
6
69
2
11
10
24
50
4
3
16
4
25
4
2
4
55
16
3
2
1
5
66
20
1
27
1
5
11
1
85
2
45
47
3
1
12
2
24
2
4
2
1
2
3
14
4
2
4
14
7
16
1
2
2
1
16
33
5
7
7
3
3
2
174
2
1
6
15
15
3
2
2
4
3
1
4
2
2
3
9
143
25
8
100
2
7
20
2
6
2
31
2
3
56
1
28
56
7
1
4
47
15
1
2
24
3
4
14
33
1
3
265
1
1
7
38
1
16
1
18
8
2
4
45
33
27
45
18
9
6
2
5
5
1
3
12
5
1
53
5
2
10
23
2
1
1
3
13
8
12
3
15
4
1
1
5
13
8
23
10
18
6
2
34
2
8
49
11
5
43
5
5
2
3
11
6
2
327
1
8
4
19
1
27
3
2
5
2
7
2
4
24
6
1
42
21
4
2
55
5
8
8
1
6
5
16
16
22
4
11
9
83
5
21
2
145
2
293
4
12
11
35
16
6
1
2
332
19
21
8
4
2
7
2
44
32
2
100
43
1
8
34
34
4
33
4
1
19
23
2
6
2
47
1
45
12
6
1
1
38
1
45
1
36
5
2
25
2
10
3
5
24
14
6
3
5
4
45
3
77
15
8
1
5
15
22
58
3
158
7
21
114
1
75
41
3
39
1
3
2
267
4
1
14
1
1
17
5
1
4
1
3
12
4
1
2
16
70
74
2
3
5
14
3
4
7
2
4
10
10
33
1
13
3
31
6
4
1
12
15
1
75
2
9
3
9
110
183
3
3
3
5
5
1
3
4
2
1
6
42
2
2
5
5
6
14
30
5
12
3
5
19
1
5
5
22
8
20
3
12
7
29
2
2
8
2
8
1
25
18
1
22
12
37
4
6
4
3
2
1
8
1
1
9
14
2
2
233
28
6
46
5
2
81
2
1
41
5
2
16
2
6
1
60
1
6
59
18
40
151
28
5
2
19
2
4
1
38
1
36
1
26
28
1
108
6
35
3
3
2
6
6
20
7
5
2
5
23
9
124
2
25
18
2
5
57
2
16
2
5
115
132
2
5
43
3
6
23
11
7
19
1
18
1
1
10
4
1
2
16
14
4
49
12
9
1
11
1
19
9
6
4
6
15
33
3
2
9
3
3
50
1
5
6
1
20
6
42
2
2
19
9
17
2
1
4
10
48
26
4
32
3
25
2
15
1
10
69
2
5
3
1
3
48
5
2
35
4
221
20
5
50
6
16
1
36
5
3
9
27
19
4
9
2
2
47
1
143
28
2
22
3
54
3
16
5
1
49
304
17
5
3
2
14
12
7
1
3
1
10
14
2
16
2
1
98
2
5
9
1
1
32
2
7
22
83
6
7
1
4
2
2
5
37
23
1
2
119
13
2
1
50
6
19
9
3
52
4
1
31
1
7
84
17
14
21
252
8
2
95
4
52
19
4
2
9
11
2
13
1
6
36
6
6
4
6
3
28
13
93
50
13
2
30
17
3
23
2
1
1
18
1
4
2
9
8
2
1
19
2
152
4
3
1
10
135
2
6
3
32
44
1
171
3
3
10
3
9
50
1
3
82
46
2
13
1
7
3
4
23
2
4
3
4
1
5
12
2
1
2
44
10
1
19
21
51
23
1
7
1
1
26
2
215
335
1
2
2
45
3
6
6
23
7
13
59
1
8
39
133
1
2
14
4
3
2
1
1
1
2
14
82
10
3
10
48
2
26
22
1
5
1
2
14
13
7
31
2
6
2
23
234
28
24
5
7
8
2
1
2
21
8
27
2
22
1
34
29
2
14
182
1
8
10
2
12
4
55
10
2
2
71
5
6
3
8
17
3
3
3
10
2
1
73
38
8
8
1
1
4
9
40
4
6
6
3
32
11
3
1
11
36
1
1
62
1
3
5
16
4
19
42
8
69
15
2
42
1
1
4
20
2
10
6
31
2
12
2
9
5
3
12
29
3
3
33
56
50
1
38
16
2
9
6
22
4
16
4
12
2
2
3
1
2
22
2
7
3
1
24
28
9
30
4
3
5
2
14
2
1
144
2
3
1
7
201
1
3
1
14
4
3
161
12
10
15
20
5
3
9
52
6
183
1
14
6
2
3
20
8
3
6
3
36
5
9
12
62
6
1
5
2
1
23
10
2
2
3
4
24
9
2
1
16
54
1
2
2
1
239
10
2
2
1
9
163
25
2
68
7
2
25
7
2
52
3
4
112
118
25
6
2
1
3
2
6
26
15
32
1
1
8
1
1
50
1
4
4
4
1
2
31
11
6
23
25
86
29
2
7
18
7
8
2
83
3
2
2
2
31
1
4
1
14
15
1
1
11
13
6
42
104
43
1
215
8
12
40
3
27
1
13
1
3
1
13
4
127
6
16
1
34
1
3
5
1
3
6
1
10
2
2
9
6
1
2
2
9
12
5
1
10
3
1
7
2
5
3
3
2
6
3
14
23
1
1
30
3
3
3
2
10
1
4
11
4
22
1
1
1
1
8
14
46
3
7
33
12
1
2
9
2
11
37
1
40
16
12
1
5
4
2
6
2
2
2
1
27
5
9
8
96
1
3
3
3
1
3
6
5
6
43
2
1
10
2
16
49
1
45
36
2
1
20
17
159
6
5
7
9
3
2
2
72
2
66
31
338
2
38
1
2
1
5
2
7
12
1
7
8
123
2
1
80
12
42
2
2
1
1
15
2
49
2
1
1
23
20
1
5
29
1
12
2
2
8
25
2
62
197
3
5
3
6
1
2
1
8
6
1
17
19
2
3
1
15
2
1
5
23
65
17
1
1
2
1
1
18
5
57
1
44
1
7
2
11
2
4
27
47
2
6
3
3
6
51
10
21
40
10
2
1
2
1
1
1
8
2
3
3
107
10
1
2
6
13
4
3
34
13
5
4
63
1
11
3
10
20
112
2
11
18
20
6
4
7
44
36
55
167
3
7
3
5
6
1
175
34
5
22
4
1
1
1
36
1
2
1
25
2
76
24
1
7
6
5
20
2
2
11
11
10
6
49
13
5
58
1
36
2
51
2
1
147
2
1
1
1
2
197
1
31
3
2
2
3
16
51
2
74
32
3
7
3
16
2
7
55
3
17
10
10
3
29
2
4
4
4
3
6
12
1
2
10
45
1
5
13
11
6
17
79
1
2
5
2
182
9
3
3
65
9
10
169
1
89
23
23
139
1
3
24
4
1
25
2
46
14
5
62
36
42
7
1
2
48
47
1
2
1
2
25
12
3
8
4
8
21
7
23
5
2
18
1
8
2
12
3
4
4
5
1
7
20
9
5
14
1
3
4
10
8
7
3
5
1
39
3
3
41
6
1
7
1
7
21
20
20
34
11
8
1
6
3
5
14
22
26
1
2
24
3
6
4
2
12
4
1
11
2
5
10
1
13
2
1
133
5
4
8
6
4
3
9
24
6
18
8
47
8
18
4
2
3
9
6
6
3
145
67
1
3
2
8
2
2
30
8
1
5
4
9
1
2
1
2
2
9
1
150
6
11
4
14
3
2
5
8
1
5
9
3
3
16
1
157
1
11
3
7
21
2
4
73
5
3
5
50
2
3
10
4
2
1
32
11
13
131
50
1
4
1
2
10
8
30
5
6
2
13
1
3
93
11
4
11
3
41
3
1
4
1
42
7
4
1
3
3
1
3
29
2
2
4
1
8
1
16
7
18
8
4
5
1
5
1
11
8
91
18
21
73
20
4
7
1
1
25
25
1
9
1
27
31
2
30
12
31
3
2
3
20
5
40
1
1
2
6
8
62
1
2
2
1
5
2
29
2
13
1
10
27
11
1
15
3
1
18
2
164
1
4
13
1
5
1
1
20
2
5
347
5
2
44
4
25
13
4
5
10
8
5
7
2
1
2
2
1
7
24
1
1
2
16
1
1
2
1
9
2
29
50
5
22
14
2
6
1
1
10
12
60
16
2
110
6
5
7
1
1
1
1
1
3
3
128
4
1
4
42
1
5
2
1
1
3
16
18
20
1
4
1
9
7
61
39
1
4
8
2
25
1
13
1
6
3
9
7
4
35
2
1
10
2
2
1
1
1
6
19
124
15
1
12
54
1
2
2
23
11
51
1
3
3
2
1
7
5
1
34
7
3
1
3
164
22
30
12
12
51
7
7
5
1
1
3
2
27
10
2
13
8
9
2
2
6
6
1
13
3
28
1
9
5
351
12
9
10
41
198
12
5
2
1
3
15
12
2
1
2
5
1
1
1
6
10
6
10
2
22
164
22
134
5
4
29
1
48
2
7
15
20
2
4
166
48
1
3
2
32
5
4
9
44
1
34
1
29
7
1
38
15
2
2
22
6
2
11
4
4
6
3
5
15
1
1
2
2
15
2
4
49
23
12
1
4
2
8
4
3
17
5
32
9
1
4
5
6
2
6
2
1
33
7
2
13
5
1
13
16
17
2
2
2
3
3
1
2
22
