52
122
25
32
1
316
701
477
12
41
14
488
1
33
29
22
15
289
171
162
418
46
9
23
3
1
14
1
1147
12
24
47
161
163
1
7
121
11
15
21
5
750
39
9
73
464
658
1215
48
6
120
280
360
113
74
97
9
5
6
84
767
84
4
13
15
8
21
832
6
29
103
86
120
2
484
310
56
26
217
342
871
649
269
42
428
129
768
6
2
4
186
5
35
1028
997
17
13
32
87
460
2
69
14
723
105
55
246
69
31
197
2
104
2
400
2
36
2
64
96
3
22
99
1252
77
248
19
4
70
12
16
19
20
13
3
1
6
3
5
14
5
18
101
88
23
9
28
81
146
1
7
31
130
71
248
735
5
3
94
6
1190
43
256
1
5
143
108
5
1
475
1
23
1043
1
826
2
173
14
294
9
624
4
27
185
398
633
449
1
13
4
5
2
71
2
1229
651
920
602
65
67
4
1
835
287
6
1
150
10
50
250
750
187
651
927
64
81
9
125
113
2
6
28
17
174
10
1269
36
16
681
4
2
12
5
8
540
6
3
816
397
503
8
1
58
1
1
2
162
11
300
68
3
70
10
199
5
521
1
2
6
40
423
1
313
131
122
12
7
737
57
1
38
620
2
1
130
2
1105
6
88
4
62
9
9
323
26
10
28
154
16
974
279
8
893
475
1
1
66
3
6
40
1
284
4
13
93
106
18
2
344
8
53
4
20
307
791
19
343
198
600
19
344
71
23
3
2
105
46
13
123
451
1
1145
91
34
48
1
595
7
756
78
566
37
30
3
3
2
155
188
324
427
86
883
2
318
15
222
4
16
479
19
25
21
21
802
101
1
245
28
20
3
314
92
8
13
18
11
20
4
281
150
9
1
55
967
110
2
9
993
209
41
8
9
20
15
25
256
237
92
63
30
325
24
1046
2
2
1
7
7
5
1186
325
261
39
2
445
2
20
19
1099
168
22
232
24
8
31
159
29
746
314
1079
67
31
10
57
632
16
63
207
768
776
54
3
521
32
2
7
8
96
40
14
16
1
20
1
301
10
61
4
47
276
14
25
74
42
1
18
5
25
353
3
104
47
7
582
27
50
11
841
1249
907
3
28
400
3
275
27
581
36
18
63
225
1278
10
66
9
711
9
4
408
8
4
227
75
70
556
38
4
293
11
8
402
372
28
970
19
7
479
136
90
7
155
24
813
291
16
23
170
13
29
19
60
3
2
740
2
15
2
5
71
26
1
16
10
7
676
44
13
21
6
434
108
806
234
355
985
10
1
837
66
2
446
15
70
60
1
210
109
29
200
87
13
4
72
234
708
11
9
36
2
3
36
43
578
38
80
8
1
18
22
1
299
13
8
621
449
22
8
275
768
16
30
3
20
40
5
1117
39
4
28
3
3
21
66
31
2
294
2
7
217
11
4
30
1067
1
11
458
148
251
79
833
20
25
22
596
786
54
197
333
3
129
175
49
235
9
9
17
6
126
1137
19
6
39
28
1
186
8
712
49
321
54
158
8
4
58
6
2
5
149
3
1
8
2
62
225
764
35
150
148
67
6
2
7
268
11
105
2
2
1277
15
308
305
45
6
40
12
1006
289
959
2
101
868
85
4
2
33
469
69
264
65
167
1
367
452
5
11
286
12
164
59
144
578
2
5
409
7
14
1156
23
1
572
412
156
4
296
64
2
5
25
102
7
7
64
145
3
3
59
17
725
973
9
1
24
5
71
321
59
485
649
1
374
5
2
22
1
64
63
107
213
5
1087
1176
30
112
39
7
17
115
1
108
152
17
844
7
165
12
2
8
646
75
169
6
37
6
3
56
388
260
24
91
13
301
7
226
83
124
1
4
2
191
16
4
24
6
102
22
928
67
296
661
18
3
124
585
107
2
98
536
31
92
161
1
1004
13
8
1
55
39
114
20
20
13
8
44
88
127
64
115
815
101
6
49
2
15
55
23
28
767
4
20
246
6
20
10
79
58
79
25
863
62
85
21
8
1
3
7
213
342
531
40
1
5
769
140
84
1114
96
19
18
22
19
12
3
412
40
58
172
28
35
58
3
134
19
2
30
811
1
202
2
2
2
4
20
7
98
97
1082
33
8
361
19
11
2
6
12
60
6
2
109
839
817
256
1
6
26
64
11
23
498
182
19
7
10
1261
27
4
1
2
262
53
19
6
113
1292
353
3
10
35
164
26
4
209
48
15
7
9
6
24
17
847
3
838
191
12
404
2
6
284
27
47
4
11
598
8
65
120
15
328
365
93
17
222
62
78
174
2
156
60
268
35
30
13
3
1
5
17
12
2
13
68
17
623
63
823
5
2
108
6
29
925
842
428
2
5
593
481
78
2
19
494
118
418
1
188
20
69
1
28
29
1
1
197
30
31
2
15
2
2
248
74
430
6
78
2
2
9
2
31
12
72
95
2
4
2
7
15
2
116
41
9
36
5
15
2
769
70
61
9
2
6
2
20
194
31
6
2
30
23
11
4
12
45
38
5
5
251
30
1
10
113
12
101
3
1
563
2
24
17
10
179
842
19
613
17
1
139
6
4
5
50
2
66
18
42
86
57
369
1
44
41
592
34
193
2
47
32
1064
6
515
60
103
9
1096
630
26
107
272
33
403
491
6
1
4
171
5
29
301
143
4
10
123
8
15
56
141
7
22
714
1
5
4
705
549
44
11
298
846
253
199
1200
31
97
1174
4
59
118
919
48
1
1
267
3
2
629
3
2
101
222
6
57
71
30
38
1
2
131
27
4
587
951
27
92
26
82
17
28
9
240
122
2
8
946
561
155
297
13
2
3
2
7
29
286
18
1196
27
105
257
789
1
55
695
31
145
62
8
45
139
521
32
45
77
182
5
32
73
37
18
56
454
41
19
568
6
13
734
709
713
3
15
72
196
28
2
3
7
45
21
22
728
627
1228
