2
18
8
41
9
194
65
328
9
24
45
2
1
9
415
158
60
25
88
55
8
326
13
124
40
84
12
61
53
4
483
424
396
10
26
49
290
9
175
1
183
24
86
3
6
38
58
230
61
10
23
100
3
24
266
299
4
244
91
8
29
77
32
5
115
422
17
413
35
16
82
18
4
109
7
2
117
32
4
160
47
480
18
423
69
15
45
2
79
1
50
2
288
5
96
9
6
5
224
24
4
1
1
3
61
59
29
126
68
5
22
179
337
6
4
219
501
46
34
18
209
213
198
88
41
10
23
62
444
9
1
32
500
19
12
8
570
89
181
6
97
152
1
163
9
83
490
44
27
5
76
5
30
79
298
30
15
48
173
346
24
489
94
167
269
41
79
22
194
5
1
1
23
350
2
42
29
8
51
203
75
67
136
17
511
33
34
42
246
28
15
242
44
2
8
5
5
46
1
358
6
20
164
72
43
393
9
4
4
169
608
252
313
98
4
17
341
292
3
190
573
140
22
30
74
9
9
514
56
108
388
1
39
28
23
67
128
331
41
17
22
312
18
233
43
13
7
334
185
216
3
3
8
5
392
53
15
151
64
99
604
303
7
123
99
17
9
325
15
36
16
15
180
13
20
19
1
135
87
2
3
170
8
25
109
182
30
39
182
21
127
24
12
321
23
1
334
349
19
110
28
679
1
183
91
6
665
301
906
1
104
47
51
153
32
403
410
21
504
204
209
2
17
58
487
253
430
211
82
1
118
13
17
73
2
244
61
1
447
107
6
190
107
314
13
4
4
13
26
82
15
18
3
70
319
3
13
150
228
62
31
185
217
9
163
117
342
76
2
21
150
60
390
454
255
1
110
14
94
43
383
121
50
267
22
14
31
317
94
3
260
4
135
69
81
1
135
76
385
23
92
30
213
4
7
110
5
146
442
3
8
112
726
35
8
29
31
479
92
211
2
22
170
23
115
8
74
174
212
270
58
1
7
28
6
9
313
122
146
87
54
8
45
118
148
113
94
133
130
88
4
37
20
9
101
44
10
36
107
217
12
123
4
6
9
297
501
41
13
6
11
49
1
260
114
3
7
166
2
126
134
97
4
78
226
37
208
59
310
93
20
79
241
13
256
3
156
17
49
244
13
46
6
47
1
102
56
7
112
16
482
26
279
48
82
219
17
391
77
38
60
72
7
485
320
3
1
44
238
208
50
222
298
7
71
1
171
50
8
7
10
58
2
22
294
127
28
287
16
60
59
236
13
179
65
273
4
148
28
40
34
1
6
68
5
136
206
8
31
346
14
50
329
14
20
14
89
2
452
26
160
286
67
89
23
109
40
23
172
114
19
331
1
41
164
232
12
63
13
220
138
12
198
25
7
309
17
85
109
280
100
317
525
87
9
81
123
12
261
2
55
357
16
70
231
60
21
294
4
153
2
9
160
471
413
26
2
19
85
66
572
240
131
11
23
44
250
100
347
414
37
18
44
657
296
128
83
40
115
145
383
135
2
18
13
107
54
230
55
340
470
35
272
28
37
41
19
56
197
71
38
735
109
18
60
6
378
3
158
179
91
853
7
423
12
37
4
4
103
28
5
7
46
15
52
163
41
742
199
57
2
1036
76
9
20
35
71
21
96
1
1
47
8
31
35
4
5
7
284
79
5
43
337
72
79
11
3
25
134
692
10
32
1
1
253
45
204
11
13
51
3
70
2
84
265
1
5
184
52
45
93
116
377
384
508
390
146
21
610
2
1
19
24
98
18
192
30
129
7
181
123
114
49
36
22
506
66
212
128
267
50
380
39
149
1
94
148
156
159
133
30
12
332
4
131
7
252
1
337
7
22
14
3
126
22
211
7
35
48
32
42
9
11
182
291
202
57
53
417
70
20
2
131
144
32
11
396
90
140
21
13
18
267
53
425
46
289
146
96
78
127
33
70
127
133
63
209
42
2
177
142
4
390
58
504
52
27
167
21
51
115
60
266
590
57
1
483
38
246
43
25
113
32
10
240
30
10
7
358
52
89
10
261
111
12
3
46
10
200
59
55
201
167
720
83
6
540
11
86
284
140
69
291
19
56
24
495
56
15
9
1
268
342
9
353
515
490
14
42
466
42
202
17
602
90
15
27
52
865
1
99
108
382
225
28
145
89
34
13
104
161
514
419
1245
68
267
313
124
62
17
19
27
360
45
6
22
35
20
243
8
17
664
1138
1
1
1
1
1
1
1
1
1
1
1
1
1
1
2
52
2
3
1
12
40
143
56
122
40
386
1
1
2
25
1
32
17
2
17
1
3
78
316
1
1
7
29
4
38
2
6
19
10
4
406
1
2
1
1
3
1
6
2
701
2
1
477
5
1
1
1
1
1
1
2
1
1
12
3
2
1
1
97
3
2
1
1
1
2
41
3
1
1
1
1
1
1
1
1
9
1
21
2
1
2
1
2
14
111
488
55
8
13
15
9
4
4
4
2
4
1
1
2
7
1
15
14
33
51
14
1
3
1
29
1
3
31
15
1
1
1
14
1
1
4
1
10
22
15
3
1
1
289
2
1
7
1
1
2
2
2
4
1
1
1
1
96
1
8
28
67
5
3
3
1
10
2
32
5
2
10
1
1
1
1
99
451
424
4
9
1
1
5
6
7
31
5
171
406
23
162
418
3
93
14
46
9
2
9
1
1
1
1
1
5
3
1
3
3
1
2
1
8
1
81
23
2
1
215
3
3
2
1
1
1
1
2
1
1
5
6
2
14
62
1
2
1147
1
1
1
33
6
1
37
4
1
1
1
1
1
1
1
1
1
1
12
1
1
4
4
29
42
1
36
1
1
17
1
2
33
1
1
1
1
24
1
2
1
1
1
1
1
1
9
1
19
1
47
161
1
2
1
10
2
1
4
4
17
1
163
1
1
1
3
8
1
1
3
17
26
5
14
1
1
15
1
1
9
1
9
27
1
50
4
7
1
1
1
1
1
2
1
1
1
1
1
1
1
1
1
1
1
3
1
1
1
1
121
11
1
1
1
1
1138
1
1
2
1
1
1
1
1
1
1
1
1
1
1
2
15
1
1
1
1
1
8
1
21
1
1
1
1
2
1
1
2
1
1
2
2
1
2
3
1
5
1
3
11
750
1
1
3
1
39
9
88
1
1
1
1
1
1
1
1
4
1
73
3
1
10
1
1
1
1
4
1
464
1
1
75
2
6
3
658
9
14
3
1
1215
12
11
4
38
10
1
48
2
1
3
2
6
1
14
27
1
21
120
1
1
7
1
2
1
1
2
10
2
36
25
4
12
16
1
19
2
1
6
2
2
1
1
1
24
1
2
280
2
360
1
113
3
6
74
1
1
1
1
2
1
2
1
1
1
1
1
1
1
1
1
97
1
1
17
1
1
3
6
6
7
1
1
5
9
2
6
1
1
3
4
8
1
23
2
14
3
4
5
8
5
3
1
6
1
26
4
3
1
1
1
84
3
1
767
1
1
3
2
3
1
1
1
1
19
125
1
1
84
2
1
17
1
2
21
1
5
1
5
1
1
1
2
8
4
1
5
2
3
7
1
3
1
3
1
1
1
3
25
5
1
24
4
2
1
5
4
1
1
1
2
25
13
2
2
1
1
9
1
1
5
95
2
5
15
1
1
1
1
17
8
21
1
4
2
1
1
1
2
16
1
1
1
1
1
1
3
1
1
2
1
3
832
1
1
2
1
1
2
4
1
4
2
2
6
2
1
1
1
1
44
29
1
1
1
1
1
1
1
2
1
5
2
3
1
103
3
1
2
2
5
1
2
2
86
1
1
1
34
13
18
120
2
4
1
2
54
4
69
484
18
3
52
11
4
2
4
1
1
1
1
1
2
310
56
6
1
2
7
1
1
26
2
1
1
1
217
1
3
342
871
1
1
1
21
1
11
39
1
1
1
1
1
1
1
1
3
5
1
649
2
2
269
42
23
1
1
5
1
7
3
1
1
1
3
2
1
3
428
1
1
1
4
4
1
2
1
3
1
1
1
129
1
1
1
768
1
1
2
2
1
2
2
2
6
1
2
1
19
7
2
1
12
202
4
141
51
4
476
15
67
197
34
7
110
113
140
1
1
58
1
138
47
200
4
2
448
186
11
9
1
3
18
2
7
5
3
35
1
2
1
54
1
1
1
1
1
1
1
1028
3
1
2
997
17
3
84
20
7
1
13
2
1
1
4
1
1
1
1
1
5
2
167
1
5
1
1
8
1
32
1
161
5
4
1
1
7
1
1
1
1
1
87
1
3
460
1
2
2
5
1
1
99
8
1
1
1
1
1
1
2
1
1
16
145
2
1
1
8
1
1
1
1
1
69
1
1
1
14
1
2
1
1
18
1
1
1
1
1
1
723
1
1
2
105
1
1
1
1
1
1
1
2
1
3
1
1
1
1
6
31
4
55
1
2
1
66
246
2
3
1
6
69
7
6
69
1
40
31
6
1
3
2
1
1
1
4
3
38
3
4
2
1
197
1
1
3
6
1
2
1
2
1
2
1
1
1
55
1
1
2
1
2
42
1
4
7
1
1
2
2
132
50
1
2
1
3
10
38
1
1
1
2
1
1
5
1
104
1
4
1
1
1
1
1
19
1
1
2
8
1
1
2
1
1
1
1
2
2
1
1
2
1
1
1
1
1
8
400
5
1
4
2
1
7
1
2
1
1
2
1
1
1
1
1
1
1
1
2
1
2
4
1
1
1
1
1
1
1
2
1
2
1
1
1
2
2
1
1
1
1
36
1
1
1
1
3
1
2
1
2
2
2
1
1
1
1
1
1
5
64
1
16
2
1
1
96
6
1
1
3
1
2
1
22
1
1
2
1
3
2
2
1
1
1
5
1
1
99
1
1
1
39
2
1
2
1
1
1
1
1
1
1
1
336
1
1
1
1
1
1
15
16
1252
9
1
1
1
1
2
77
1
1
248
11
19
3
1
1
1
20
2
1
3
1
4
1
1
3
1
1
2
1
1
33
70
17
1
26
33
19
2
1
2
12
1
3
1
3
4
1
2
1
1
3
1
1
1
4
1
8
1
2
47
6
16
2
1
1
2
19
1
4
1
38
26
20
1
2
1
13
23
74
3
5
292
6
14
1
1
1
6
1
1
4
1
7
1
1
6
1
6
3
1
6
19
1
3
36
7
5
3
5
10
22
9
4
11
1
14
1
1
53
18
2
1
3
8
1
42
5
6
5
14
6
28
107
2
5
4
3
1
4
6
7
2
4
8
5
18
1
1
6
13
11
1
5
1
8
2
101
1
2
8
9
1
1
1
12
2
1
1
3
1
88
2
280
3
1
1
1
5
41
10
1
1
3
3
2
20
1
12
1
23
90
2
9
2
7
1
1
2
1
28
1
1
117
2
6
1
11
5
11
3
6
3
1
2
2
1
81
2
6
1
146
1
1
25
1
1
17
1
2
1
12
2
1
17
1
2
29
4
1
4
1
96
1
1
1
1
1
22
1
7
9
1
2
15
1
1
1
2
2
40
31
11
11
2
2
1
49
5
1
1
1
2
1
2
1
2
154
3
2
130
3
2
4
2
2
14
50
7
1
30
6
1
1
1
1
1
1
71
1
1
2
248
1
1
2
1
5
10
735
1
4
1
18
5
295
3
2
1
2
24
1
4
1
9
1
1
2
7
1
1
94
1
12
1
1
2
1
2
1
19
1
1
6
1190
1
1
43
1
1
1
256
1
3
1
5
1
1
1
1
3
1
4
5
1
4
1
1
2
1
1
143
1
1
1
1
1
1
1
1
6
2
1
1
1
1
1
1
1
1
1
108
2
1
3
1
5
5
1
1
1
5
1
9
2
1
4
1
1
2
1
1
1
1
1
1
1
475
8
3
1
1
1
1
9
4
1
4
1
1
1
6
1
1
3
1
1
23
1043
1
7
1
4
4
19
1
1
1
2
1
826
1
1
2
1
1
1
1
1
1
173
2
2
8
1
1
2
1
4
6
2
3
1
2
3
2
1
14
2
1
294
1
7
3
9
7
1
5
2
2
11
1
2
1
624
1
1
4
1
2
1
7
1
2
2
94
27
6
1
5
1
1
15
4
5
185
398
633
1
449
31
10
4
2
2
1
1
2
5
1
1
3
8
1
1
2
1
67
1
2
1
6
1
1
2
2
1
11
1
1
53
45
1
2
2
1
2
1
1
124
1
13
1
1
1
2
4
5
2
1
2
9
2
1
1
2
71
2
1
2
2
1
1
2
1
1
1
1
1
2
1
1229
1
651
1
1
920
1
602
438
9
1
1
4
3
3
1
1
1
10
3
1
1
2
2
2
2
1
1
65
3
1
1
67
89
39
4
1
835
1
1
48
4
1
1
3
1
287
141
2
170
4
6
6
12
1
1
3
1
2
1
1
1
420
1
1
8
2
1
26
1
11
1
2
1
1
19
150
1
1
9
1
45
1
1
1
1
1
27
1
1
99
2
43
1
1
1
1
1
1
1
1
1
2
1
69
1
1
1
1
1
1
1
1
1
1
3
1
1
10
1
50
5
6
4
1
2
1
2
1
1
1
3
9
4
3
250
1
1
3
1
1
1
750
187
1
1
45
1
3
14
651
1
1
1
1
1
3
2
1
2
1
3
21
927
1
6
9
3
1
1
56
1
4
2
2
2
1
4
1
13
64
1
81
1
2
1
1
1
9
1
1
1
125
1
1
1
113
2
2
1
1
1
1
6
3
1
4
1
1
3
3
2
2
1
1
28
1
1
1
2
1
1
2
1
4
1
2
2
1
1
3
1
2
17
2
8
1
1
8
1
1
1
1
1
2
1
1
13
174
1
4
1
1
2
2
2
2
1
34
1
2
1
1
2
1
10
1
1
1
95
1
2
1269
10
6
1
1
145
1
9
36
1
7
1
2
16
14
291
1
1
2
7
1
2
681
1
1
1
1
1
1
1
1
2
1
9
1
3
3
1
1
3
2
1
1
3
4
8
1
1
1
1
2
2
1
4
1
2
8
1
1
5
3
1
1
9
2
2
1
2
1
12
1
1
1
1
8
1
1
1
2
4
1
9
38
3
1
2
1
2
1
1
1
1
1
1
7
1
1
1
1
8
2
5
1
3
2
8
1
1
2
2
1
5
1
10
540
2
1
1
2
3
19
2
1
36
1
1
1
1
2
5
76
6
3
7
6
4
1
70
28
1
2
4
135
39
3
2
3
1
31
1
7
6
1
1
3
1
2
1
2
1
1
1
15
816
9
38
1
2
3
1
3
1
1
20
2
1
4
397
32
4
3
1
1
1
1
1
3
3
1
503
2
1
1
3
1
1
1
2
1
3
1
5
1
4
1
8
1
5
5
7
1
1
2
1
5
1
4
1
2
1
3
2
3
3
1
3
1
2
8
6
6
58
4
2
7
1
1
1
22
1
1
1
1
2
1
1
1
3
1
1
1
1
1
2
2
1
4
8
239
1
2
1
4
2
3
1
1
1
1
1
2
1
3
2
1
1
1
1
1
1
1
1
1
1
2
1
1
2
1
1
1
1
2
1
1
1
1
2
1
1
162
1
1
11
2
2
3
2
6
9
1
15
1
1
1
300
1
1
2
1
1
1
2
68
1
1
3
3
3
1
2
2
1
70
10
2
1
1
1
2
1
1
1
1
199
1
4
1
1
5
521
1
1
3
1
2
1
1
4
1
1
1
377
1
1
1
3
7
1
1
1
1
6
1
1
2
1
6
40
2
6
1
3
423
1
1
1
1
1
1
5
8
2
1
4
1
1
1
1
1
4
313
1
1
2
1
1
5
131
2
2
3
1
3
3
2
1
14
2
1
122
5
2
1
1
5
1
35
14
4
1
1
36
2
1
1
4
5
12
69
3
2
2
9
2
7
1
6
3
1
1
1
1
1
1
2
1
1
737
1
1
1
1
1
57
1
1
1
1
1
38
1
11
5
6
4
1
1
14
5
1
620
1
2
36
10
13
1
1
130
2
2
4
11
1
181
4
1105
1
59
10
91
19
29
6
108
57
1
107
7
7
88
2
2
2
170
1
1
1
1
30
1
1
1
1
1
4
1
62
1
1
2
5
1
1
1
1
1
9
1
9
3
2
9
323
3
11
1
3
7
26
10
36
1
1
6
4
10
1
2
1
1
28
1
2
1
3
2
2
2
154
11
1
1
1
1
3
3
1
2
1
2
2
1
4
16
2
974
279
2
1
12
32
3
8
893
1
1
5
2
4
1
1
1
2
1
1
14
2
1
1
9
2
475
4
1
20
1
1
55
1
1
1
66
16
15
2
1
3
1
13
1
2
6
1
4
1
2
1
28
1
2
1
1
3
36
24
490
40
15
1
1
1
3
3
1
3
1
284
1
1
1
1
4
1
1
1
1
1
1
1
3
1
1
1
9
13
93
2
1
1
3
2
2
8
106
1
1
1
1
1
1
3
4
3
8
1
1
18
1
4
1
1
19
1
1
1
1
2
1
1
56
344
4
1
116
2
1
1
1
1
3
3
1
7
1
1
1
1
1
3
8
1
125
6
1
1
2
3
1
1
53
1
2
2
3
3
3
1
1
1
2
1
1
1
1
2
1
8
2
1
3
3
2
1
1
1
4
1
5
1
1
4
1
1
2
12
2
1
1
20
2
1
1
3
2
1
4
6
1
1
1
1
1
12
1
1
1
1
1
5
6
2
1
3
1
1
1
1
307
1
1
1
108
2
1
12
791
19
1
2
1
1
343
139
1
1
203
3
4
1
1
1
2
1
1
1
1
2
4
1
1
2
9
1
198
1
1
11
1
1
1
1
1
1
1
1
2
600
1
19
1
1
5
1
1
3
1
344
1
71
23
3
2
1
1
1
1
1
1
1
1
1
3
2
1
1
1
5
1
2
1
1
2
1
1
1
1
1
1
2
1
1
1
1
105
1
6
9
24
56
32
1
1
1
2
3
1
1
2
1
1
4
1
1
1
46
1
13
1
4
1
1
1
123
1
1
16
3
16
451
5
34
7
2
1
1
20
5
1
35
1
3
1
1
1
1
1
1
1
3
1
2
2
1
13
3
2
1
23
11
3
1145
1
9
25
91
4
7
1
8
34
7
11
1
1
1
5
48
1
1
8
1
1
4
33
2
1
2
3
4
1
4
2
1
2
1
1
1
22
1
1
2
1
1
1
2
1
9
1
1
2
9
2
1
1
1
1
3
1
2
10
5
3
3
270
16
1
2
7
2
11
1
1
3
3
14
2
595
8
11
2
1
7
1
1
2
1
7
2
1
1
1
8
3
20
1
19
110
27
756
14
1
1
3
3
1
9
2
4
5
4
78
1
566
2
5
23
1
1
2
143
1
1
1
27
1
1
37
2
51
2
1
4
1
1
1
38
1
2
1
9
23
30
7
1
8
6
1
4
10
7
2
1
1
1
2
2
1
1
1
1
2
1
2
1
3
1
1
7
1
1
1
1
2
3
1
1
1
2
2
1
1
1
2
1
1
1
3
2
1
2
1
2
2
1
3
3
1
2
1
4
1
2
1
2
2
1
155
1
3
1
188
2
68
1
2
8
324
1
1
1
2
3
1
1
1
1
2
1
4
1
1
2
1
1
1
2
2
3
5
1
1
5
1
2
2
1
136
1
1
2
1
232
1
2
1
1
1
2
1
8
2
1
2
4
5
1
4
1
1
2
1
2
1
2
1
3
3
1
2
427
201
86
1
5
2
4
3
14
1
1
1
1
60
1
2
1
883
1
1
6
2
126
2
2
2
3
1
1
1
318
15
2
1
13
1
222
4
111
4
9
1
1
1
1
1
2
164
1
1
16
1
2
2
1
4
1
1
479
1
5
1
4
4
1
1
1
1
1
3
2
1
1
1
4
1
19
25
1
21
1
1
1
1
4
1
4
3
1
166
21
1
6
2
802
1
1
1
2
1
4
202
4
1
7
1
1
1
3
101
1
1
1
4
1
16
1
9
1
1
2
1
1
1
1
1
1
245
1
1
28
1
2
2
1
1
2
2
1
1
1
1
20
1
1
2
2
1
1
1
1
2
3
4
314
1
92
1
8
2
2
6
13
86
18
3
11
11
1
1
1
65
1
78
1
1
9
7
1
6
25
119
1
19
3
138
39
1
1
352
1
20
1
1
1
1
1
1
1
1
3
1
1
1
4
1
2
1
3
1
1
1
1
2
13
1
1
3
7
4
1
19
11
1
281
1
3
1
4
2
1
2
1
8
16
1
3
6
150
16
30
9
31
3
1
298
90
55
3
967
5
110
1
3
55
2
1
15
1
16
7
2
12
26
9
4
2
1
10
368
1
18
13
7
12
1
993
34
12
194
21
5
8
2
209
41
143
11
2
8
8
20
8
1
1
76
22
8
4
21
87
1
48
9
20
2
13
1
15
1
4
13
1
1
3
2
1
30
1
25
11
6
54
256
1
4
1
237
2
1
1
1
3
92
2
63
30
6
16
137
53
9
325
1
14
13
286
20
1
3
4
1
1
1
1
2
1
1
1
1
3
1
1
24
1
1
1
1
1
10
2
5
1046
5
2
1
8
1
2
1
2
2
1
1
3
1
1
1
1
1
1
1
1
1
1
1
1
1
22
1
7
1
1
1
2
2
1
1
1
1
2
15
7
348
9
2
8
3
98
5
7
1186
2
7
325
2
4
347
1
1
1
2
14
1
1
42
36
33
44
13
13
1
30
1
1
1
1
1
261
1
1
1
325
2
1
1
1
1
1
2
1
1
1
1
1
1
1
39
1
1
1
34
1
1
1
1
1
49
2
5
1
1
2
1
1
1
1
1
1
1
1
445
2
146
1
2
20
1
1
25
14
1
19
30
4
5
2
12
2
372
9
86
1
1099
2
1
1
1
168
1
5
1
22
2
232
1
1
1
24
1
1
45
1
1
1
1
1
6
81
1
1
10
28
8
1
19
5
1
1
31
1
1
1
1
1
1
1
11
1
1
1
1
1
102
1
4
1
1
1
1
159
1
1
29
746
1
1
1
1
1
2
1
1
1
314
2
1
39
3
29
3
1
5
4
1
1
1
1
2
25
1
8
1
1
4
1079
1
1
3
1
1
3
1
1
1
1
1
3
1
1
12
1
1
1
1
1
1
2
1
10
4
4
1
67
1
1
1
5
1
4
1
1
1
1
31
5
1
1
1
1
10
2
2
1
3
2
1
1
2
2
57
9
632
3
1
1
36
1
2
1
1
1
16
1
3
1
1
1
1
1
1
1
1
1
3
63
1
1
207
1
1
1
1
1
1
3
6
1
2
1
1
3
2
1
768
15
1
776
6
10
20
1
1
8
1
54
3
3
1
1
1
1
11
3
1
30
2
3
1
4
18
7
111
521
2
8
32
5
3
129
2
1
7
3
54
6
1
13
1
1
1
8
96
1
4
6
1
14
19
1
1
1
1
1
1
1
40
19
2
11
3
3
14
1
1
7
16
1
1
1
1
1
1
1
3
1
1
1
1
1
1
20
1
5
35
1
1
1
1
1
1
1
42
44
1
1
1
8
1
1
5
1
2
7
10
1
10
1
1
2
2
1
1
2
1
10
5
3
19
301
3
10
2
3
1
2
1
3
61
2
1
1
14
1
2
1
1
3
1
5
1
6
3
4
47
8
276
14
25
1
74
1
2
1
3
14
7
12
2
1
4
1
1
5
5
3
2
2
23
1
1
1
10
36
42
1
1
1
1
1
1
4
1
1
4
3
1
3
1
1
4
3
1
1
1
2
1
1
1
1
1
2
3
1
1
1
2
1
18
26
30
2
5
11
55
25
17
1
3
16
1
2
1
353
49
1
1
11
3
104
47
1
198
4
1
1
1
1
1
1
7
1
1
1
1
1
1
1
1
1
1
1
1
1
1
3
1
4
3
9
7
1
31
582
2
11
27
16
5
1
2
1
10
1
1
1
1
2
5
1
50
1
1
6
17
1
294
1
11
3
841
1249
1
907
1
274
15
1
1
1
1
1
1
1
1
1
7
1
3
28
2
45
1
1
3
1
1
2
1
1
400
2
3
1
4
1
1
1
1
1
566
1
1
1
2
1
1
1
2
2
1
1
3
1
1
1
1
275
1
1
6
269
1
7
1
1
8
1
1
1
1
1
1
1
3
1
1
1
27
1
1
581
1
1
1
1
2
1
1
1
2
1
1
1
1
36
1
1
1
1
1
2
2
1
18
2
1
1
1
2
1
1
1
1
1
3
1
10
4
7
84
1
5
21
2
1
2
1
1
4
1
89
6
1
18
1
1
1
3
2
16
11
63
1
225
1
1
1278
1
14
15
10
8
1
1
1
1
66
8
2
1
8
3
2
1
9
711
9
1
2
4
1
1
10
1
1
1
3
1
408
3
1
8
1
13
1
1
2
1
1
1
1
1
1
52
6
4
1
80
5
5
4
9
14
227
75
16
1
1
11
5
1
22
1
17
1
398
14
4
11
70
556
4
3
1
1
7
2
38
2
2
4
2
1
293
1
22
1
1
7
1
4
1
1
1
1
11
2
8
1
3
1
4
6
9
5
1
1
402
1
1
5
372
2
1
28
970
1
1
19
3
2
2
17
2
1
7
6
14
13
2
1
1
6
2
1
1
4
1
1
11
2
4
4
479
136
1
1
1
1
1
90
17
1
7
1
2
25
1
52
1
1
1
1
2
2
2
1
235
155
24
1
5
1
1
11
813
27
1
1
4
291
6
33
6
45
6
16
1
23
1
4
2
11
1
2
1
1
170
1
3
1
22
1
1
11
9
13
1
29
1
1
1
1
1
57
1
1
7
1
1
1
2
8
1
1
1
7
30
2
1
6
19
186
1
1
3
5
6
2
1
1
7
8
60
78
1
21
2
7
36
3
2
1
1
2
3
740
3
1
157
2
15
1
1
2
5
71
5
26
2
8
1
1
16
10
10
6
3
3
7
6
3
10
1
676
3
1
19
4
11
6
1
1
44
5
20
2
23
1
1
40
1
1
2
1
4
2
150
1
1
1
1
13
1
2
10
2
4
38
21
1
1
26
1
1
1
1
1
1
1
1
1
1
3
1
4
1
2
6
1
1
2
1
1
2
1
2
1
12
2
16
6
434
1
2
1
1
2
19
466
1
108
1
806
1
1
3
1
1
1
40
6
1
234
1
1
1
1
2
1
2
1
1
1
1
1
1
6
1
29
1
2
1
3
1
3
2
15
2
1
1
1
1
1
1
1
3
1
5
1
1
8
3
1
1
1
13
1
355
985
2
1
1
2
1
4
10
2
1
2
1
1
3
2
98
1
91
1
67
1
3
837
1
1
28
66
3
1
4
6
3
88
2
5
1
4
1
446
63
2
1
1
1
2
1
15
1
2
1
70
1
10
60
32
28
8
18
2
2
14
34
143
7
1
1
9
20
1
210
1
2
24
1
40
1
13
42
15
3
1
2
174
109
5
101
1
2
1
29
6
3
200
13
1
87
2
4
20
1
13
8
4
2
1
5
2
1
12
1
1
1
1
4
1
2
7
2
1
2
1
7
72
2
1
1
33
1
234
3
1
1
1
1
1
1
1
12
2
3
17
1
708
1
2
3
2
1
1
1
1
8
6
11
16
6
80
9
1
1
6
36
2
3
2
36
43
2
1
1
3
1
1
55
1
1
1
27
39
1
2
8
1
8
1
3
2
1
5
2
1
2
6
1
79
1
12
7
26
1
2
8
1
1
1
578
1
1
1
2
1
38
2
7
1
1
80
8
1
4
1
4
38
1
1
1
1
4
3
25
12
59
1
28
1
18
1
12
61
1
22
1
1
1
1
3
1
1
1
2
1
1
16
4
9
299
1
2
20
53
2
1
1
1
1
1
1
1
1
1
1
1
1
1
6
10
2
4
1
1
13
1
1
1
3
1
1
1
1
1
1
2
1
1
1
2
1
1
8
1
2
621
13
4
449
27
1
22
1
1
2
6
8
1
2
1
4
1
4
275
2
1
1
1
3
3
1
2
768
47
4
33
4
11
1
3
1
1
367
1
13
4
1
5
34
1
1
26
16
1
4
2
4
3
1
3
9
1
1
30
1
1
2
1
1
1
1
24
6
3
1
1
1
20
1
1
1
1
3
1
2
2
1
40
3
1
68
2
1
12
7
5
1
1
3
3
9
1
1117
3
1
1
1
1
1
1
1
39
8
10
4
3
13
1
1
1
4
2
1
1
1
1
2
1
4
1
28
1
1
1
1
1
1
1
1
1
1
2
1
3
1
1
68
1
1
1
2
11
514
1
1
1
3
1
3
21
3
1
66
31
8
2
1
87
2
379
1
2
14
294
2
2
8
1
1
1
1
1
2
1
1
2
1
1
1
1
3
1
1
1
1
8
3
1
7
25
3
11
1
1
1
1
217
1
1
11
2
1
2
1
1
1
1
1
20
1
1
2
2
4
2
276
17
30
5
1067
1
2
15
1
1
3
1
4
13
2
5
1
7
3
2
1
3
2
1
1
19
1
1
1
9
1
6
75
8
1
1
1
19
1
4
1
40
2
11
1
15
1
458
9
1
4
1
1
1
8
1
2
148
1
2
1
1
1
17
1
1
251
1
1
1
79
1
1
3
1
22
1
1
5
3
10
1
1
1
1
5
1
1
1
1
1
1
2
2
1
2
2
1
1
1
1
1
1
1
1
1
1
833
1
1
11
1
20
25
3
1
1
1
1
1
1
1
22
1
1
1
1
5
3
1
1
1
1
1
1
1
3
2
1
1
596
1
1
1
3
1
1
1
1
2
4
1
1
786
54
1
1
1
197
1
2
1
333
1
2
97
3
1
1
1
5
1
4
1
3
5
1
129
1
13
1
1
175
5
1
6
1
1
1
1
1
1
2
1
1
1
1
2
1
1
1
8
2
1
3
49
3
1
1
1
2
235
9
1
9
1
17
1
1
2
1
1
1
1
1
1
1
2
1
1
1
1
2
1
1
1
3
2
2
6
1
2
1
1
1
2
1
1
1
1
7
1
1
1
126
1
92
1
1
1137
19
2
1
34
18
1
42
1
2
2
2
5
3
1
1
638
2
1
10
4
6
1
4
13
7
1
9
1
1
2
7
1
2
3
2
2
3
21
6
1
1
1
1
1
2
1
1
1
6
16
3
39
1
218
3
28
1
1
4
1
2
2
2
200
1
31
1
2
1
3
1
3
186
1
5
2
8
1
1
1
1
5
712
1
1
5
1
1
2
1
1
1
49
17
6
1
4
8
4
1
1
321
54
22
1
1
158
1
42
1
17
2
3
8
1
6
1
15
2
4
8
58
3
3
1
1
1
6
2
2
9
3
2
7
7
3
2
5
1
3
6
4
149
2
3
1
17
4
1
1
2
15
2
8
8
20
4
1
2
1
5
1
3
6
2
1
4
1
2
62
10
225
4
2
1
6
6
4
3
1
1
764
2
3
2
1
2
1
1
1
1
1
1
7
7
35
6
1
7
24
1
2
1
8
18
1
5
150
148
1
67
1
1
1
1
35
6
2
1
22
1
2
5
1
157
9
1
1
19
3
1
8
67
4
1
21
3
7
1
7
1
1
1
1
268
4
5
6
2
1
5
1
1
3
114
5
11
105
3
14
4
31
6
1
16
1
2
16
97
2
22
1277
5
15
35
1
15
2
2
1
226
1
11
1
1
1
1
1
3
308
2
1
1
1
11
1
1
1
2
1
2
1
1
305
45
6
1
3
3
3
2
1
6
1
40
12
6
1
22
731
1006
1
6
1
6
7
1
1
1
289
5
3
2
1
1
2
3
959
1
2
2
1
2
4
1
101
3
868
1
85
4
6
1
5
6
1
2
1
2
1
2
2
3
1
1
33
1
2
1
7
2
1
1
1
469
1
1
2
7
2
2
69
1
33
1
11
30
1
18
2
43
264
8
3
1
2
65
38
21
2
1
2
9
2
5
4
167
5
3
8
47
1
1
2
1
1
1
1
367
1
452
7
10
5
31
1
1
5
1
1
1
2
11
2
286
3
2
3
12
1
1
40
164
1
1
4
5
1
59
144
6
5
578
2
1
5
1
1
1
409
7
1
2
1
1
1
1
1
1
1
14
1156
1
8
10
2
1
2
1
1
23
2
1
2
43
54
1
1
1
1
1
20
2
1
6
1
1
2
2
1
1
3
1
3
572
5
1
1
1
1
1
4
28
1
1
1
2
1
3
82
1
6
1
1
1
1
412
1
3
1
156
5
2
2
1
14
2
73
17
1
16
1
1
41
1
1
6
165
11
1
1
1
2
8
1
4
10
3
4
4
13
1
3
3
1
2
1
20
3
200
4
2
20
5
1
1
5
1
296
1
1
1
1
1
1
1
64
2
1
2
5
1
4
1
11
25
5
3
102
62
6
6
1
2
1
1
215
18
7
1
1
9
2
1
1
7
60
21
3
1
1
1
3
1
1
2
24
2
1
2
3
2
2
1
1
1
1
64
5
2
2
40
2
21
2
1
2
1
1
1
12
50
145
3
1
4
1
1
3
13
1
2
1
1
1
1
3
3
1
2
1
1
1
48
513
37
4
1
21
3
1
4
23
14
2
15
59
7
3
1
23
45
5
13
9
1
2
17
1
3
1
5
2
3
1
13
5
2
1
1
71
3
1
4
1
8
725
1
1
2
3
973
1
9
7
2
4
4
10
265
2
1
42
25
21
1
5
9
1
1
1
16
3
18
1
3
12
2
5
1
6
2
24
2
28
1
1
1
5
1
1
3
1
3
1
1
1
3
6
1
3
2
5
71
2
321
1
3
7
2
5
1
59
485
1
2
1
1
649
1
1
92
1
1
18
1
2
2
1
1
84
1
26
1
1
1
1
374
1
1
2
1
7
59
11
5
1
4
2
2
1
6
1
1
3
14
1
1
1
4
1
23
22
4
2
1
2
49
2
9
17
1
1
1
20
21
64
1
5
1
1
63
2
1
1
5
1
2
2
1
1
1
4
5
9
1
1
1
1
150
4
1
4
12
3
1
3
107
1
1
8
1
1
1
1
2
1
2
1
1
1
1
1
2
3
1
1
213
1
1
2
2
1
1
1
1
1
1
1
3
4
1
1
1
1
2
1
37
13
2
7
7
1
2
5
8
1087
1
1
4
2
25
6
3
1
3
1176
183
2
1
1
2
1
1
1
30
1
1
1
112
1
328
2
22
1
39
2
1
1
1
16
7
1
3
1
1
7
17
1
3
10
1
4
1
1
1
1
3
115
1
1
1
16
22
1
75
1
3
1
1
19
2
1
5
1
1
1
1
30
4
1
1
2
1
4
1
1
108
1
1
1
1
2
1
152
1
1
1
1
3
3
1
1
7
2
4
1
2
106
1
10
2
38
3
8
5
2
12
1
5
6
61
2
2
3
1
1
42
19
17
9
1
1
81
28
3
1
1
1
1
1
1
12
1
844
1
2
1
1
1
7
1
43
165
1
2
2
12
1
2
51
18
1
7
6
3
1
5
3
1
264
1
33
5
16
1
1
5
1
7
1
2
8
2
1
5
2
1
16
8
2
1
8
18
1
2
11
3
1
646
9
3
11
36
75
7
10
1
5
6
7
3
1
3
3
3
2
1
11
1
1
1
1
7
1
1
2
2
1
1
1
1
2
1
1
1
3
1
1
4
6
1
5
1
1
2
1
22
6
11
213
14
1
1
1
1
8
169
1
1
1
1
2
1
13
1
6
3
3
1
37
6
46
4
7
1
1
3
6
4
10
1
2
1
25
4
5
1
3
1
1
10
16
2
1
5
1
3
1
56
2
1
35
1
34
4
388
2
1
260
2
1
16
1
1
1
4
24
1
1
12
91
2
1
2
2
1
2
4
1
1
9
28
1
1
1
1
1
2
1
1
22
23
3
97
13
5
1
2
1
3
1
2
1
1
301
7
1
3
1
1
1
1
1
1
1
1
1
1
2
1
4
2
2
1
1
2
1
1
2
2
1
2
2
6
226
1
13
1
1
18
1
226
1
2
5
1
2
3
1
83
57
6
124
2
3
1
3
1
1
1
254
1
1
1
1
1
45
1
1
1
50
4
2
330
1
191
9
22
2
61
30
1
142
54
1
16
4
24
39
1
3
14
2
4
1
3
1
1
46
2
2
10
6
2
1
2
1
7
8
1
1
102
1
2
1
1
6
2
18
10
9
30
2
14
24
1
2
22
2
7
1
1
1
1
4
2
928
67
44
296
1
2
35
2
1
4
1
1
11
2
2
1
1
2
1
3
4
661
1
8
6
18
3
1
1
1
1
1
3
1
8
14
1
124
2
3
585
107
1
1
1
1
78
9
1
141
161
1
1
1
1
1
6
2
2
2
98
1
1
536
3
35
31
14
15
8
31
12
2
31
36
15
4
1
2
3
1
1
151
1
1
1
1
1
2
92
7
3
6
1
2
1
1
1
161
1
3
1
1
2
1
2
1004
1
1
1
4
4
1
1
7
7
13
1
1
8
2
1
8
7
1
1
1
17
1
1
16
1
47
1
1
1
1
1
1
2
8
1
1
1
4
1
1
1
175
1
1
2
1
245
1
55
1
4
2
1
1
1
1
1
1
1
1
2
1
2
2
1
1
2
2
1
1
1
39
114
20
2
1
1
1
20
1
1
2
1
2
4
13
1
1
1
8
1
1
90
1
3
1
1
1
1
1
2
44
3
1
1
1
2
1
25
2
3
88
127
1
1
2
4
1
8
1
1
1
1
64
2
3
1
7
75
3
1
7
1
1
1
99
1
3
1
2
33
115
3
4
815
1
4
1
1
2
6
3
1
1
3
2
1
101
1
1
3
8
1
2
1
4
1
1
1
6
6
5
2
1
1
36
14
4
12
1
1
4
1
5
2
3
49
1
1
1
1
9
2
15
12
1
55
6
3
1
1
1
1
1
1
1
16
1
1
3
23
202
1
1
4
3
2
28
1
1
2
1
767
1
1
1
2
1
4
1
1
1
1
2
1
1
9
2
20
1
1
1
1
1
1
2
1
1
1
246
1
4
1
2
25
1
1
1
1
2
1
1
9
5
1
1
1
1
1
1
1
1
3
6
243
2
2
1
1
3
3
1
20
1
10
3
2
5
79
58
1
1
6
10
2
8
2
4
1
2
1
3
3
2
1
1
11
22
1
1
1
1
1
1
45
1
1
1
4
1
58
3
57
1
9
79
4
17
25
1234
1
1
1
1
1
1
1
1
1
6
1
4
1
1
2
1
2
1
863
8
62
1
1
4
49
1
1
5
7
1
6
1
1
1
1
1
5
1
2
1
24
3
2
85
6
2
6
4
45
19
2
1
12
5
1
3
21
51
13
10
8
1
27
3
2
4
1
176
1
1
7
17
1
1
1
4
1
3
4
9
1
1
12
7
5
65
3
1
1
4
1
1
20
4
2
1
4
3
15
213
6
1
3
1
3
342
6
2
152
6
24
1
188
1
1
2
1
3
1
1
1
5
1
1
1
1
6
1
1
4
1
1
3
29
1
1
1
531
40
1
1
66
5
4
1
2
11
1
769
2
2
140
1
84
1
3
281
1114
3
96
112
24
123
1
19
12
4
2
18
1
8
11
22
6
44
3
2
3
13
17
2
1
1
23
39
6
5
3
1
5
1
99
22
7
28
8
1
2
40
1
1
1
1
108
36
2
5
1
1
7
19
19
25
5
1
1
3
3
1
17
10
12
1
16
1
6
18
13
3
1
8
412
2
1
3
8
1
5
4
5
2
3
1
2
1
1
78
40
3
1
1
1
2
3
1
1
58
5
2
2
3
44
1
172
13
7
9
28
13
1
2
2
6
1
2
1
1
2
15
7
2
2
2
64
160
1
1
2
203
35
3
87
1
1
2
2
5
1
81
29
6
1
9
13
1
16
3
58
6
6
2
1
2
66
3
3
4
271
5
1
10
3
1
134
5
19
45
14
2
11
1
1
1
4
3
3
1
1
1
67
1
2
1
1
1
3
30
811
88
6
6
1
2
3
1
1
1
1
1
23
8
4
202
2
2
1
1
6
2
3
30
2
4
1
1
8
6
1
5
1
2
3
1
1
266
2
5
1
1
3
2
1
3
6
4
1
6
7
2
1
1
2
1
10
2
5
3
4
2
108
1
11
5
9
1
5
1
1
1
2
1
20
1
1
10
1
1
2
8
8
3
1
4
8
1
1
7
4
2
98
26
97
1
5
15
1082
3
33
1
3
4
13
1
1
8
5
1
1
9
166
1
3
1
7
4
2
11
1
4
1
1
361
589
19
40
1
385
2
13
1
1
1
4
1
6
4
2
3
4
10
1
33
11
2
5
4
3
2
4
2
37
19
2
4
4
2
15
25
10
6
2
12
12
3
3
1
1
6
8
3
10
60
4
6
2
1
3
2
3
3
2
109
13
839
10
2
5
1
2
15
2
1
26
1
111
817
1
256
24
1
1
1
1
6
4
29
6
26
4
65
1
5
8
2
64
20
2
1
11
1
1
4
1
3
3
1
2
23
26
3
13
19
1
6
2
6
28
1
7
7
1
6
1
67
3
498
1
6
3
1
6
1
182
1
19
5
1
2
7
22
2
1
3
1
1
10
2
1
37
2
3
2
1
1
10
1
16
1
1
6
1261
1
1
1
1
1
1
1
4
9
1
4
1
3
1
1
27
14
4
1
1
4
2
1
1
2
2
4
6
2
262
7
1
53
1
14
1
1
19
6
88
4
113
1292
3
1
1
353
6
1
1
1
3
1
1
1
3
1
2
29
3
4
11
13
2
1
2
11
2
1
1
1
2
10
2
2
1
35
4
4
3
5
1
1
164
1
1
3
3
20
1
1
1
66
7
83
11
2
26
4
1
1
1
1
5
25
85
1
4
3
1
2
3
1
3
209
2
1
4
2
48
1
1
1
1
3
65
1
1
3
13
1
1
4
1
15
3
327
22
35
57
25
1
3
1
1
1
1
4
1
1
1
7
1
1
4
1
1
1
1
2
15
1
1
1
1
1
1
10
1
1
27
40
34
2
9
6
2
16
1
5
1
9
4
1
7
2
2
6
5
15
100
8
24
40
3
1
17
847
3
10
838
1
1
3
14
1
1
1
1
1
1
1
2
1
2
1
321
8
1
1
1
2
2
191
1
1
1
1
1
1
12
13
1
4
404
2
13
6
3
3
13
1
284
1
2
11
32
1
1
24
1
1
1
105
1
1
2
1
1
1
1
1
1
1
2
4
375
1
1
1
1
1
1
1
1
8
40
1
1
2
1
1
1
10
1
1
1
2
2
1
5
5
44
1
2
32
1
27
6
5
1
1
1
1
15
1
47
24
5
4
1
1
2
1
2
4
1
15
1
1
11
1
1
2
1
1
1
1
2
1
1
3
3
2
9
1
598
8
3
2
1
1
1
1
1
1
18
1
1
1
1
1
1
1
2
2
1
6
2
1
2
1
1
1
1
2
8
5
1
4
1
4
1
2
2
65
1
2
1
1
120
1
1
1
1
1
2
1
1
84
425
16
59
1
15
12
87
5
1
7
328
1
1
1
1
1
3
2
1
1
2
10
1
1
2
1
3
4
9
1
365
5
3
2
4
1
1
1
93
17
1
2
1
1
1
1
1
3
5
2
1
3
222
1
1
68
54
62
115
48
32
1
5
78
1
2
1
174
2
1
1
2
2
1
1
1
1
2
156
1
1
1
1
1
6
60
268
1
1
1
1
1
4
35
12
1
2
1
2
2
9
30
1
2
1
1
1
4
16
2
1
1
13
3
1
1
12
3
1
1
2
1
1
2
1
1
3
9
2
24
1
5
2
2
1
7
2
1
17
1
2
1
1
1
1
1
2
43
12
15
32
1
6
2
1
1
2
1
1
2
6
1
8
1
1
2
2
1
3
2
1
3
1
2
27
3
1
27
1
1
1
13
1
3
1
1
1
3
1
1
1
6
68
1
5
17
1
1
1
2
16
8
623
16
17
275
3
118
8
108
63
1
823
1
1
1
3
1
1
1
1
1
97
3
1
4
5
5
2
1
1
1
108
1
1
3
6
90
1
1
1
2
7
1
9
1
31
1
3
8
29
8
925
3
3
2
1
18
1
1
1
3
4
2
842
6
1
1
1
10
2
1
1
6
18
1
7
2
1
4
17
2
1
1
118
3
1
1
6
1
1
428
1
6
1
1
2
1
2
1
3
6
20
1
1
11
5
1
2
1
593
1
1
1
1
2
1
1
125
1
4
481
3
1
2
6
5
19
1
2
38
14
1
4
6
9
1
78
6
1
2
2
3
3
19
16
1
3
2
1
8
11
1
37
55
478
2
11
1
19
1
2
1
2
1
5
1
1
494
1
1
1
3
118
418
1
1
42
4
63
4
2
188
22
1
5
2
1
1
1
1
4
1
20
2
1
126
1
69
11
2
1
1
7
1
1
28
8
2
1
1
1
1
1
3
1
1
14
1
3
4
29
1
8
1
1
1
3
1
1
1
89
48
23
9
57
88
2
233
1
1
1
8
4
34
1
42
115
15
197
261
1
2
30
11
55
20
1
9
26
5
2
20
39
1
31
1
2
2
1
15
1
3
2
2
1
1
2
1
49
1
33
6
49
3
5
45
104
5
2
2
1
3
6
4
248
1
7
1
74
34
1
430
1
2
11
1
3
6
4
13
337
5
3
1
1
1
5
8
18
2
1
3
18
1
3
5
1
1
4
11
9
1
2
1
4
1
1
57
1
1
78
1
1
2
1
2
9
19
11
8
2
2
18
256
6
2
7
2
1
31
12
1
248
1
1
72
111
7
137
23
3
1
1
2
12
2
3
15
1
8
1
1
1
2
95
2
11
9
3
2
1
1
1
14
7
1
4
2
1
25
1
1
1
86
36
23
7
2
1
125
1
1
3
24
7
1
16
1
21
266
6
27
125
1
2
5
1
268
23
119
15
9
3
4
30
1
2
1
84
3
4
1
7
2
116
19
1
78
14
38
1
1
41
1
73
1
2
2
30
6
1
20
27
1
63
9
36
2
7
1
8
19
4
231
10
156
2
1
1
1
5
2
41
673
4
1
68
21
17
15
32
2
26
10
769
21
4
4
76
6
18
11
4
2
1
1
3
1
7
1
1
70
1
1
18
1
1
1
1
1
1
1
1
1
1
1
6
1
1
1
1
1
1
1
1
1
1
1
1
1
2
1
1
2
1
61
1
1
3
1
1
1
1
2
1
1
2
1
1
3
18
5
52
3
3
2
2
3
1
1
3
1
3
2
1
1
1
45
1
98
5
13
4
2
9
1
23
17
6
1
1
18
5
2
10
4
18
1
3
1
231
2
2
1
1
3
1
1
4
1
2
4
1
2
21
1
3
10
2
1
1
1
1
1
1
1
1
1
1
1
1
2
1
2
6
2
6
23
1
5
1
1
2
1
1
6
20
194
2
1
1
1
1
1
1
12
1
48
3
2
1
1
2
1
1
1
1
1
1
1
1
9
31
1
1
1
1
1
1
1
1
6
1
3
1
3
1
1
2
1
1
1
2
2
1
3
5
1
1
1
2
2
1
1
2
1
1
1
30
1
2
5
1
1
1
1
1
1
1
1
23
1
1
1
1
1
1
11
2
1
4
11
5
1
1
1
1
2
129
4
7
1
11
1
3
1
1
1
4
1
1
7
1
4
12
2
6
45
1
38
20
2
1
1
14
1
10
8
4
1
17
32
2
3
5
6
1
58
1
1
4
1
1
1
2
1
1
2
1
84
4
2
2
2
1
5
1
251
4
4
14
13
30
2
18
18
28
5
1
1
6
1
15
2
4
7
1
8
4
9
2
1
3
1
7
1
1
1
1
1
8
14
14
2
1
1
1
1
3
1
5
17
10
1
1
2
1
1
1
2
2
1
1
1
15
1
1
1
1
1
15
113
1
8
5
1
2
2
31
10
8
2
1
1
12
1
1
2
1
1
1
1
1
1
1
1
1
101
1
3
2
7
1
1
1
1
1
7
5
563
2
1
1
3
1
1
1
24
1
1
17
1
1
1
1
3
61
1
1
1
4
10
5
2
1
163
1
5
1
3
1
1
1
4
1
1
1
1
2
2
1
1
1
179
2
842
2
169
2
1
19
1
1
613
225
1
2
1
1
1
1
1
16
17
1
1
3
1
1
1
1
1
139
3
22
1
6
6
2
3
1
1
1
4
3
1
1
1
1
1
2
2
3
1
1
226
9
5
1
1
4
4
1
50
4
1
2
1
1
1
1
1
1
21
1
1
2
1
1
15
66
2
2
2
1
2
54
18
1
1
2
16
11
1
1
3
1
85
1
35
1
1
1
1
1
1
1
222
26
42
1
1
86
1
1
1
1
1
3
8
2
8
12
1
1
1
57
369
1
1
1
2
1
12
1
1
4
1
1
4
90
24
1
1
1
1
25
44
1
1
4
2
41
1
7
28
1
592
7
34
1
193
1
57
1
1
1
1
1
1
1
2
19
2
47
1
1
1
1
2
13
32
1
1064
6
2
1
7
2
3
1
1
1
5
1
1
2
1
18
5
2
2
1
1
1
21
515
6
3
2
39
4
60
1
1
3
103
1
1
1
4
1
1
9
1
1
1
2
1
1
4
1
1
5
1
4
16
17
3
10
5
6
1
1
1
1
2
9
1
1
1
1096
33
2
1
1
1
17
29
2
10
1
630
1
26
2
2
1
2
2
107
1
1
2
1
1
1
3
272
1
2
1
2
6
1
1
33
1
2
1
1
1
1
403
1
1
11
1
1
3
1
1
1
1
5
1
1
1
1
1
1
1
2
1
1
2
1
103
1
3
4
1
1
1
2
1
1
1
1
6
1
38
3
2
491
2
2
14
1
5
6
15
3
3
1
6
62
1
2
2
1
1
1
5
4
1
184
2
2
171
1
9
1
1
18
163
6
3
5
27
1
5
1
29
3
301
5
2
1
1
2
36
8
143
104
12
104
3
2
8
134
3
1
2
2
14
9
1
1
1
1
1
3
19
4
3
3
1
1
5
1
68
10
2
3
6
7
2
11
3
1
27
30
21
123
199
4
1
10
16
70
54
8
7
15
1
1
36
8
215
341
4
6
56
46
15
9
1
21
141
1
151
7
18
11
35
3
14
1
65
1
11
10
37
14
7
40
1
6
22
714
2
1
2
2
39
6
1
2
1
9
4
1
1
1
1
1
2
12
5
1
1
4
1
2
705
1
1
2
1
1
1
1
2
2
1
1
1
1
1
549
54
2
10
1
1
44
1
11
1
1
1
1
27
63
5
1
1
298
4
6
18
1
12
846
1
253
1
18
15
4
29
1
1
199
39
1
1
25
3
8
1200
8
3
10
31
1
1
2
1
1
1
1
1
1
97
1
2
1
1
3
12
1
55
2
4
1174
4
2
8
3
1
1
1
1
2
3
59
1
1
1
1
1
1
118
1
1
1
1
1
2
1
1
1
1
1
2
3
1
1
1
3
18
21
1
919
5
1
1
1
1
1
1
1
1
1
1
1
1
1
2
18
1
1
2
2
1
1
1
48
1
1
1
142
1
2
1
1
1
1
1
1
1
1
2
2
1
1
1
3
2
1
2
2
1
1
9
3
6
13
1
4
1
1
1
1
2
2
1
1
19
267
4
1
1
1
1
1
1
1
1
18
3
1
7
1
2
1
1
5
1
1
2
1
1
1
1
1
1
629
1
1
1
4
1
1
1
1
1
1
1
1
1
1
1
1
1
1
1
3
1
2
46
1
1
1
1
1
1
1
2
1
52
1
2
1
3
1
1
5
1
198
1
2
3
1
2
1
16
1
1
3
1
1
1
3
1
1
1
2
1
29
25
1
1
2
1
1
1
1
2
1
2
1
101
1
1
1
1
1
1
1
2
1
1
1
222
1
2
2
1
1
1
1
6
1
1
17
1
1
1
1
3
1
1
1
57
4
1
71
1
4
2
1
30
38
1
1
48
11
178
1
1
38
1
1
4
1
1
1
2
1
3
1
2
1
202
1
4
1
1
1
1
1
1
1
1
1
1
1
1
1
1
1
2
2
131
1
1
27
1
1
1
2
3
2
2
9
1
1
1
2
1
1
4
1
2
1
1
2
1
2
1
4
1
1
1
1
4
3
1
1
1
1
2
57
3
1
13
1
1
1
13
1
587
1
951
2
2
1
5
1
75
2
7
1
1
10
2
27
1
1
1
92
2
26
2
1
1
82
1
1
17
5
17
14
35
2
1
1
1
28
9
10
4
66
3
4
1
1
240
1
1
15
1
24
1
1
5
1
162
1
1
1
2
6
1
5
2
8
1
1
6
14
1
1
2
1
2
2
1
1
2
7
3
72
2
122
2
13
5
1
8
1
1
946
1
1
2
1
1
1
1
561
1
1
1
1
1
1
1
1
1
155
13
4
3
15
36
2
1
1
1
1
1
297
1
25
6
3
1
1
1
1
1
11
2
2
7
29
1
11
13
2
2
9
3
10
1
3
2
7
1
1
1
2
29
1
1
6
2
2
1
9
31
1
286
18
1
25
1
18
1
1
1196
1
6
1
1
1
1
1
1
27
1
1
1
1
1
105
1
1
257
1
5
1
1
9
1
1
1
1
1
1
7
21
4
2
1
1
789
1
1
1
1
3
2
1
1
2
2
1
1
1
1
1
32
1
55
1
4
1
695
1
1
1
1
1
1
1
1
31
1
1
1
1
21
2
145
3
2
1
2
1
62
1
17
10
1
4
3
14
1
8
1
1
1
1
8
45
139
2
521
32
4
25
1
45
4
1
1
1
1
1
1
1
77
1
1
1
2
4
182
1
4
5
1
1
32
1
8
2
2
3
1
1
1
2
1
1
2
1
1
1
2
1
73
23
2
1
3
5
1
37
22
8
1
1
1
1
3
7
18
4
8
5
1
56
4
1
454
1
5
1
12
6
28
41
1
1
1
3
19
1
1
17
1
9
2
1
16
1
2
1
1
568
6
13
1
1
1
1
1
1
1
5
21
5
1
4
2
3
1
3
4
117
4
1
14
4
36
734
709
2
22
14
713
2
1
1
1
7
8
3
15
72
2
1
6
2
4
1
21
1
1
15
1
1
3
8
2
1
196
1
25
1
4
197
1
1
4
86
1
1
1
1
4
1
1
28
2
1
2
2
1
15
4
129
6
2
3
2
2
25
2
663
1
3
6
1
1
1
2
1
2
1
7
30
1
1
1
2
1
2
1
10
2
3
3
2
6
3
5
8
77
9
2
1
55
2
1
1
1
1
3
1
16
45
50
8
21
22
50
1
1
1
2
2
1
5
4
1
1
1
2
1
4
1
1
22
3
728
2
11
1
2
1
13
2
627
1
1
1228
