1
1
1
1
1
1
1
1
1
1
1
1
1
1
2
2
3
1
12
40
143
56
40
386
1
1
2
1
17
2
17
3
78
1
1
7
29
4
38
2
6
19
10
4
406
1
2
1
1
3
1
6
2
2
1
5
1
1
1
1
1
1
2
1
1
3
2
1
1
97
3
2
1
1
1
2
3
1
1
1
1
1
1
1
1
9
1
21
2
1
2
1
2
111
55
8
13
15
9
4
4
4
2
4
1
1
2
7
15
14
51
14
1
3
1
1
3
31
15
1
1
1
14
1
1
4
1
10
3
1
1
2
1
7
1
1
2
2
2
4
1
1
1
1
96
1
8
28
67
5
3
3
1
10
2
32
5
2
10
1
1
1
1
99
451
424
4
9
1
1
5
6
7
31
5
406
23
3
93
14
2
9
1
1
1
1
1
5
3
1
3
3
1
2
1
8
1
81
2
1
215
3
2
1
1
1
2
1
1
5
6
2
62
2
1
1
1
33
6
1
37
4
1
1
1
1
1
1
1
1
1
1
1
1
4
4
29
42
1
36
1
1
17
1
2
33
1
1
1
1
1
2
1
1
1
1
1
1
9
1
19
1
1
2
1
10
2
1
4
4
17
1
1
1
1
3
8
1
1
3
17
26
5
14
1
1
15
1
1
9
9
27
1
50
4
1
1
1
1
1
2
1
1
1
1
1
1
1
1
1
1
1
3
1
1
1
1
1
1
1
1
1138
1
1
2
1
1
1
1
1
1
1
1
1
1
1
2
1
1
1
1
1
8
1
1
1
1
1
2
1
1
2
1
1
2
2
1
2
3
1
1
3
11
1
1
3
1
88
1
1
1
1
1
1
1
1
4
1
3
1
10
1
1
1
1
4
1
1
1
75
2
6
3
9
14
3
1
12
11
4
38
10
1
2
1
3
2
1
14
27
1
21
1
1
7
1
2
1
1
2
10
2
36
25
4
12
16
1
19
2
1
6
2
2
1
1
1
24
1
2
2
1
3
6
1
1
1
1
2
1
2
1
1
1
1
1
1
1
1
1
1
1
17
1
1
3
6
6
7
1
1
5
2
6
1
1
3
4
8
1
23
2
14
3
4
8
5
3
1
1
26
4
3
1
1
1
3
1
1
1
3
2
3
1
1
1
1
19
125
1
1
2
1
17
1
2
21
1
5
1
5
1
1
1
2
8
4
1
5
2
3
7
1
3
1
3
1
1
1
3
25
5
1
24
4
2
1
5
1
1
1
2
25
2
2
1
1
9
1
1
5
95
2
5
1
1
1
1
17
1
4
2
1
1
1
2
16
1
1
1
1
1
1
3
1
1
2
1
3
1
1
2
1
1
2
4
1
4
2
2
2
1
1
1
1
44
1
1
1
1
1
1
1
2
1
5
2
3
1
3
1
2
2
5
1
2
2
1
1
1
34
13
18
2
4
1
54
4
69
18
3
52
11
4
2
4
1
1
1
1
1
2
6
1
2
7
1
1
2
1
1
1
1
3
1
1
1
21
1
11
39
1
1
1
1
1
1
1
1
3
5
1
2
2
23
1
1
5
1
7
3
1
1
1
3
2
1
3
1
1
1
4
4
1
2
1
3
1
1
1
1
1
1
1
1
2
2
1
2
2
2
1
2
1
19
7
1
12
202
141
51
4
476
15
67
197
34
7
110
113
140
1
1
58
1
138
47
200
4
2
448
11
9
1
3
18
2
7
3
1
2
1
54
1
1
1
1
1
1
1
3
1
2
3
84
20
7
1
2
1
1
4
1
1
1
1
1
5
2
167
1
5
1
1
8
1
1
161
5
4
1
1
7
1
1
1
1
1
1
3
1
2
2
5
1
1
99
8
1
1
1
1
1
1
1
1
16
145
2
1
1
8
1
1
1
1
1
1
1
1
1
2
1
1
18
1
1
1
1
1
1
1
1
2
1
1
1
1
1
1
1
2
1
3
1
1
1
1
6
31
4
1
2
1
66
2
3
1
6
69
7
6
1
40
6
1
3
2
1
1
1
4
3
38
3
4
2
1
1
1
3
6
1
2
1
2
1
2
1
1
1
55
1
1
2
1
2
42
1
4
7
1
1
2
2
132
50
1
1
3
10
38
1
1
1
2
1
1
5
1
1
4
1
1
1
1
1
19
1
1
2
8
1
1
1
1
1
1
2
2
1
1
2
1
1
1
1
1
8
5
1
4
1
7
1
2
1
1
2
1
1
1
1
1
1
1
1
2
1
2
4
1
1
1
1
1
1
1
2
1
2
1
1
1
2
2
1
1
1
1
1
1
1
1
3
1
2
1
2
2
1
1
1
1
1
1
5
1
16
2
1
1
6
1
1
1
2
1
1
1
2
1
3
2
2
1
1
1
5
1
1
1
1
1
39
2
1
2
1
1
1
1
1
1
1
1
336
1
1
1
1
1
1
15
16
9
1
1
1
1
2
1
1
11
3
1
1
1
20
2
1
3
1
1
1
3
1
1
2
1
1
33
17
1
26
33
19
2
1
2
1
3
1
3
4
1
2
1
1
3
1
1
1
4
1
8
1
2
47
6
2
1
1
2
1
4
1
38
26
1
2
1
23
74
5
292
6
14
1
1
1
6
1
1
4
1
7
1
1
6
3
1
6
19
1
3
36
7
5
5
10
22
9
4
11
1
14
1
1
53
18
2
1
3
8
1
42
5
6
6
28
107
2
5
4
3
1
4
6
7
2
4
8
1
1
6
13
11
1
5
1
8
2
1
2
8
9
1
1
1
12
2
1
1
3
1
2
280
3
1
1
1
5
41
10
1
1
3
3
2
20
1
12
1
90
2
2
7
1
1
2
1
1
1
117
2
6
1
11
5
11
3
6
3
1
2
2
1
2
6
1
1
1
25
1
1
17
1
2
1
12
2
17
1
2
29
4
1
4
1
96
1
1
1
1
1
22
1
9
1
2
15
1
1
1
2
2
40
11
11
2
2
1
49
5
1
1
1
2
1
2
1
2
154
3
2
3
2
4
2
2
14
50
7
1
30
6
1
1
1
1
1
1
1
1
2
1
1
2
1
5
10
1
4
1
18
295
2
1
2
24
1
4
1
9
1
1
2
7
1
1
1
12
1
1
2
1
2
1
19
1
1
1
1
1
1
1
1
3
1
5
1
1
1
3
1
4
1
4
1
1
2
1
1
1
1
1
1
1
1
1
1
6
2
1
1
1
1
1
1
1
1
1
2
1
3
1
5
1
1
1
5
9
2
1
4
1
1
2
1
1
1
1
1
1
1
8
3
1
1
1
1
9
4
1
4
1
1
6
1
1
3
1
1
1
7
1
4
4
19
1
1
2
1
1
1
1
1
1
1
1
1
2
2
8
1
1
2
1
4
6
2
3
1
2
3
2
1
2
1
1
7
3
7
1
5
2
2
11
1
2
1
1
1
1
2
1
7
1
2
2
94
6
1
5
1
1
15
4
5
1
31
10
4
2
2
1
1
2
5
1
1
3
8
1
1
2
1
67
1
2
1
6
1
1
2
2
1
11
1
1
53
45
1
2
2
1
2
1
124
1
1
1
1
2
2
1
9
2
1
1
2
2
1
2
1
1
2
1
1
1
1
1
2
1
1
1
1
1
438
9
1
1
4
3
3
1
1
1
10
3
1
1
2
2
2
2
1
1
3
1
1
89
39
1
1
48
4
1
1
3
1
141
2
170
4
6
12
1
1
3
1
2
1
1
420
1
1
8
2
1
26
1
11
1
2
1
1
19
1
1
9
1
45
1
1
1
1
1
27
1
1
99
2
43
1
1
1
1
1
1
1
1
1
2
1
69
1
1
1
1
1
1
1
1
1
1
3
1
1
1
5
6
4
1
2
1
2
1
1
1
3
9
4
3
1
1
3
1
1
1
1
1
45
1
3
14
1
1
1
1
1
3
2
1
2
1
3
21
1
6
9
3
1
1
56
1
4
2
2
2
1
4
1
13
1
1
2
1
1
1
1
1
1
1
1
1
2
1
1
1
1
3
1
4
1
1
3
3
2
2
1
1
1
1
1
2
1
1
2
1
4
1
2
2
1
1
3
1
2
2
8
1
1
8
1
1
1
1
1
2
1
1
13
1
4
1
1
2
2
2
2
1
34
1
2
1
1
2
1
1
1
1
95
1
2
10
6
1
1
145
1
9
1
7
1
2
14
291
1
1
2
7
1
2
1
1
1
1
1
1
1
1
2
1
9
1
3
3
1
1
3
2
1
1
3
4
8
1
1
1
1
2
2
1
1
2
8
1
1
5
3
1
1
9
2
1
2
1
1
1
1
1
8
1
1
1
2
4
1
9
38
3
1
2
1
2
1
1
1
1
1
1
7
1
1
1
1
8
2
1
3
2
1
1
2
2
1
5
1
10
2
1
1
2
3
19
2
1
36
1
1
1
1
2
5
76
3
7
6
4
1
70
28
1
2
4
135
39
2
3
1
31
1
7
6
1
1
3
1
2
1
2
1
1
1
15
9
38
1
2
3
1
3
1
1
20
2
1
4
32
4
3
1
1
1
1
1
3
3
1
2
1
1
3
1
1
1
2
1
3
1
5
1
4
1
1
5
5
7
1
1
2
1
5
1
4
1
2
3
2
3
3
1
3
1
2
8
6
6
4
2
7
1
1
1
22
1
1
1
1
2
1
1
1
3
1
1
1
1
2
2
1
4
8
239
1
2
1
4
2
3
1
1
1
1
1
2
1
3
2
1
1
1
1
1
1
1
1
1
2
1
1
2
1
1
1
1
2
1
1
1
1
1
1
1
1
2
2
3
2
6
9
1
15
1
1
1
1
1
2
1
1
1
2
1
1
3
3
1
2
2
1
2
1
1
1
2
1
1
1
1
1
4
1
1
1
1
3
1
2
1
1
4
1
1
1
377
1
1
1
3
7
1
1
1
6
1
1
1
2
6
1
3
1
1
1
1
1
5
8
2
1
4
1
1
1
1
1
4
1
1
2
1
1
5
2
2
3
1
3
3
2
1
14
2
1
5
2
1
1
5
1
35
14
4
1
1
36
2
1
1
4
5
69
3
2
2
9
2
1
6
3
1
1
1
1
1
1
2
1
1
1
1
1
1
1
1
1
1
1
1
11
5
6
4
1
1
14
5
1
1
36
10
13
1
2
4
11
1
181
4
1
59
10
91
19
29
108
57
1
107
7
7
2
2
2
170
1
1
1
1
30
1
1
1
1
1
1
1
1
2
5
1
1
1
1
1
9
1
3
2
3
11
1
3
7
10
36
1
1
6
4
1
2
1
1
1
2
1
3
2
2
2
11
1
1
1
1
3
3
1
2
1
2
2
1
4
2
2
1
12
32
3
1
1
5
2
4
1
1
1
2
1
1
14
2
1
1
9
2
4
1
20
1
55
1
1
16
15
2
1
1
13
1
2
1
4
1
2
1
28
1
2
1
1
3
36
24
490
15
1
1
3
3
1
3
1
1
1
1
1
1
1
1
1
1
1
1
3
1
1
1
9
2
1
1
3
2
2
8
1
1
1
1
1
1
3
4
3
8
1
1
1
4
1
1
19
1
1
1
1
1
1
56
4
1
116
2
1
1
1
1
3
3
1
7
1
1
1
1
1
3
1
125
6
1
1
2
3
1
1
1
2
2
3
3
3
1
1
1
2
1
1
1
1
2
1
8
2
1
3
3
2
1
1
1
4
1
5
1
1
1
1
2
12
2
1
1
2
1
1
3
2
1
4
6
1
1
1
1
1
12
1
1
1
1
1
5
6
2
1
3
1
1
1
1
1
1
1
108
2
1
12
1
2
1
1
139
1
1
203
3
4
1
1
1
2
1
1
1
1
2
4
1
1
2
9
1
1
1
11
1
1
1
1
1
1
1
1
2
1
1
1
5
1
1
3
1
1
3
2
1
1
1
1
1
1
1
1
1
2
1
1
1
5
1
1
1
2
1
1
1
1
1
1
2
1
1
1
1
1
6
9
24
56
32
1
1
1
2
3
1
1
2
1
1
4
1
1
1
1
1
4
1
1
1
1
1
16
3
16
5
34
7
2
1
1
20
5
1
35
1
3
1
1
1
1
1
1
1
3
2
2
1
13
3
2
1
23
11
3
1
9
25
4
7
1
8
7
11
1
1
1
5
1
1
8
1
4
33
2
1
2
3
4
1
4
2
1
2
1
1
1
22
1
1
2
1
1
1
2
1
9
1
1
2
9
2
1
1
1
1
3
1
2
10
5
3
3
270
16
1
2
7
2
11
1
1
3
3
14
2
8
11
2
1
1
1
2
1
7
2
1
1
1
8
3
20
1
19
110
27
14
1
1
3
3
1
9
2
4
5
4
1
2
5
23
1
1
2
143
1
1
1
27
1
1
2
51
2
1
4
1
1
1
38
1
2
1
9
23
7
1
8
6
1
4
10
7
2
1
1
1
2
2
1
1
1
1
2
1
2
1
1
1
7
1
1
1
1
2
1
1
1
2
2
1
1
1
2
1
1
1
3
1
2
1
2
2
1
3
3
1
2
1
4
1
2
1
2
2
1
1
3
1
2
68
1
2
8
1
1
1
2
3
1
1
1
1
2
1
4
1
1
2
1
1
1
2
2
3
5
1
1
5
1
2
2
1
136
1
1
2
1
232
1
2
1
1
1
2
1
8
2
1
2
4
5
1
4
1
1
2
1
2
1
2
1
3
3
1
2
201
1
5
2
4
3
14
1
1
1
1
60
1
2
1
1
1
6
2
126
2
2
3
1
1
1
2
1
13
1
4
111
9
1
1
1
1
1
2
164
1
1
1
2
2
1
4
1
1
1
5
1
4
4
1
1
1
1
1
3
2
1
1
1
4
1
1
1
1
1
1
4
1
4
3
1
166
1
6
2
1
1
1
2
1
4
202
4
1
7
1
1
1
3
1
1
4
1
16
1
9
1
1
2
1
1
1
1
1
1
1
1
1
2
2
1
1
2
2
1
1
1
1
1
1
2
2
1
1
1
1
2
4
1
1
2
2
6
86
3
11
1
1
1
65
1
78
1
1
9
7
1
6
25
119
1
19
3
138
39
1
1
352
1
1
1
1
1
1
1
1
1
3
1
1
1
1
2
1
3
1
1
1
1
2
13
1
1
3
7
4
1
19
11
1
1
3
1
4
2
1
2
1
8
16
1
3
6
16
30
31
3
298
90
3
5
1
3
55
1
15
1
16
7
2
12
26
4
2
1
10
368
1
18
13
7
12
1
34
12
194
21
5
8
2
143
11
2
8
20
8
1
1
76
22
8
4
21
87
1
48
2
13
1
1
4
13
1
1
3
2
1
30
1
11
6
54
1
4
1
2
1
1
1
3
2
6
16
137
53
9
1
14
13
286
20
1
3
4
1
1
1
1
2
1
1
1
1
3
1
1
1
1
1
1
1
10
2
5
5
2
1
8
1
2
1
1
1
3
1
1
1
1
1
1
1
1
1
1
1
1
22
1
1
1
1
2
2
1
1
1
1
2
15
348
9
2
8
3
98
7
2
7
2
4
347
1
1
1
2
14
1
1
42
36
33
44
13
13
1
30
1
1
1
1
1
1
1
1
325
2
1
1
1
1
1
2
1
1
1
1
1
1
1
1
1
1
34
1
1
1
1
1
49
5
1
1
2
1
1
1
1
1
1
1
1
146
1
2
1
1
25
14
1
30
4
5
2
12
2
372
9
86
1
2
1
1
1
1
5
1
2
1
1
1
1
1
45
1
1
1
1
1
6
81
1
1
10
28
1
19
5
1
1
1
1
1
1
1
1
1
11
1
1
1
1
1
102
1
4
1
1
1
1
1
1
1
1
1
1
1
2
1
1
1
2
1
39
3
29
3
1
5
4
1
1
1
1
2
25
1
8
1
1
4
1
1
3
1
1
3
1
1
1
1
1
3
1
1
12
1
1
1
1
1
1
2
1
10
4
4
1
1
1
1
5
1
4
1
1
1
1
5
1
1
1
1
2
2
1
3
2
1
1
2
2
9
3
1
1
36
1
2
1
1
1
1
3
1
1
1
1
1
1
1
1
1
3
1
1
1
1
1
1
1
1
3
6
1
2
1
1
3
2
1
15
1
6
10
20
1
1
8
1
3
1
1
1
1
11
3
1
30
2
3
1
4
18
7
111
2
8
5
3
129
1
3
54
6
1
13
1
1
1
1
4
6
1
14
19
1
1
1
1
1
1
1
19
2
11
3
3
1
1
7
1
1
1
1
1
1
3
1
1
1
1
1
1
1
5
35
1
1
1
1
1
1
1
42
44
1
1
1
8
1
1
5
1
2
7
10
10
1
1
2
2
1
1
2
1
10
5
3
19
3
2
3
1
2
1
3
2
1
1
14
1
2
1
1
3
1
5
1
6
3
8
1
1
2
1
3
14
7
12
2
1
4
1
1
5
5
3
2
2
23
1
1
1
10
36
1
1
1
1
1
1
4
1
4
3
1
3
1
1
4
3
1
1
1
2
1
1
1
1
1
2
3
1
1
1
2
1
26
30
2
11
55
17
1
3
16
1
2
1
49
1
1
11
1
198
4
1
1
1
1
1
1
1
1
1
1
1
1
1
1
1
1
1
1
1
1
3
1
4
3
9
7
1
31
2
11
16
5
1
2
1
10
1
1
1
1
2
5
1
1
1
6
17
1
294
1
3
1
1
274
15
1
1
1
1
1
1
1
1
1
7
1
2
45
1
1
3
1
1
2
1
1
2
1
4
1
1
1
1
1
566
1
1
1
2
1
1
1
2
2
1
1
3
1
1
1
1
1
1
6
269
1
7
1
1
8
1
1
1
1
1
1
1
3
1
1
1
1
1
1
1
1
1
2
1
1
1
2
1
1
1
1
1
1
1
1
1
2
2
1
18
2
1
1
1
2
1
1
1
1
1
3
1
10
4
7
84
1
5
21
2
1
2
1
1
4
1
89
6
1
1
1
1
3
2
16
11
1
1
1
1
14
15
8
1
1
1
1
8
2
1
8
3
2
1
1
2
1
1
10
1
1
1
3
1
3
1
1
13
1
1
2
1
1
1
1
1
1
52
6
4
1
80
5
5
9
14
16
1
1
11
5
1
22
1
17
1
398
14
4
11
4
3
1
1
7
2
2
2
2
1
1
22
1
1
7
1
4
1
1
1
1
2
1
3
1
4
6
9
5
1
1
1
1
5
2
1
1
1
3
2
2
17
2
1
6
14
13
2
1
1
6
2
1
1
4
1
1
11
2
4
4
1
1
1
1
1
17
1
1
2
25
1
52
1
1
1
1
2
2
2
1
235
1
5
1
1
11
27
1
1
4
6
33
6
45
6
1
1
4
2
11
1
2
1
1
1
3
1
22
1
1
11
9
1
1
1
1
1
1
57
1
1
7
1
1
1
2
8
1
1
1
7
30
2
1
6
186
1
1
3
5
6
2
1
1
7
8
78
1
21
2
7
36
1
1
2
3
3
1
157
1
1
5
2
8
1
10
6
3
3
6
3
10
1
3
1
19
4
11
6
1
1
5
20
2
23
1
1
40
1
1
2
1
4
2
150
1
1
1
1
1
2
10
2
4
38
1
1
26
1
1
1
1
1
1
1
1
1
1
3
1
4
1
2
6
1
1
2
1
1
2
1
2
1
12
2
16
1
2
1
1
2
19
466
1
1
1
1
3
1
1
1
40
6
1
1
1
1
1
2
1
2
1
1
1
1
1
1
6
1
29
1
2
1
3
1
3
2
15
2
1
1
1
1
1
1
1
3
1
5
1
1
8
3
1
1
1
13
1
2
1
1
2
1
4
2
1
2
1
3
2
98
1
91
1
67
1
3
1
1
28
3
1
4
6
3
88
5
1
4
1
63
2
1
1
1
2
1
1
2
1
1
10
32
28
8
18
2
2
14
34
143
7
1
9
20
1
1
2
24
1
40
1
13
42
15
3
1
2
174
5
101
1
2
1
6
3
13
1
2
4
20
1
8
2
1
5
2
1
12
1
1
1
1
4
1
2
7
2
1
2
1
7
2
1
1
33
1
3
1
1
1
1
1
1
1
12
2
3
17
1
1
2
3
2
1
1
1
1
8
6
16
6
80
1
1
6
2
2
1
1
3
1
1
55
1
1
1
27
39
1
2
8
1
8
1
3
2
1
5
2
1
2
6
1
79
1
12
7
26
1
2
8
1
1
1
1
1
1
2
1
2
7
1
1
1
4
1
4
38
1
1
1
1
4
3
25
12
59
28
1
1
12
61
1
1
1
1
3
1
1
1
2
1
1
16
4
9
1
2
20
53
2
1
1
1
1
1
1
1
1
1
1
1
1
1
6
10
2
4
1
1
1
1
1
3
1
1
1
1
1
1
2
1
1
1
2
1
1
1
2
13
4
27
1
1
1
2
6
1
2
1
4
1
4
2
1
1
1
3
3
1
2
47
4
33
4
11
1
3
1
1
367
1
13
4
1
5
34
1
1
26
1
4
2
4
3
1
3
9
1
1
1
1
2
1
1
1
1
24
6
1
1
1
1
1
1
1
3
1
2
2
1
3
1
68
2
1
12
7
1
1
3
3
9
1
3
1
1
1
1
1
1
1
8
10
3
13
1
1
1
4
2
1
1
1
1
2
1
4
1
1
1
1
1
1
1
1
1
1
1
2
1
3
1
1
68
1
1
1
2
11
514
1
1
1
1
3
1
8
2
1
87
379
1
2
14
2
8
1
1
1
1
1
2
1
1
2
1
1
1
1
3
1
1
1
1
8
3
1
25
3
11
1
1
1
1
1
1
2
1
2
1
1
1
1
1
20
1
1
2
2
2
276
17
5
1
2
15
1
1
3
1
4
13
2
5
1
7
3
2
1
3
2
1
19
1
1
1
9
1
6
75
8
1
1
1
19
1
4
1
40
2
1
15
1
9
1
4
1
1
1
8
1
2
1
2
1
1
1
17
1
1
1
1
1
1
1
3
1
22
1
1
5
3
10
1
1
1
1
5
1
1
1
1
1
1
2
2
1
2
2
1
1
1
1
1
1
1
1
1
1
1
1
11
1
3
1
1
1
1
1
1
1
1
1
1
1
5
3
1
1
1
1
1
1
1
3
2
1
1
1
1
1
3
1
1
1
1
2
4
1
1
1
1
1
1
2
1
1
2
97
3
1
1
1
5
1
4
1
5
1
1
13
1
1
5
1
6
1
1
1
1
1
1
2
1
1
1
1
2
1
1
1
8
2
1
3
3
1
1
1
2
1
1
1
1
2
1
1
1
1
1
1
1
2
1
1
1
1
2
1
1
1
3
2
2
1
2
1
1
1
2
1
1
1
1
7
1
1
1
1
92
1
1
2
1
34
18
1
42
1
2
2
2
5
3
1
1
638
2
1
10
4
1
4
13
7
1
9
1
1
2
7
1
2
3
2
2
3
21
6
1
1
1
1
1
2
1
1
1
6
16
3
1
218
3
1
1
4
1
2
2
2
200
1
31
1
2
3
1
3
1
5
2
1
1
1
1
5
1
1
5
1
1
2
1
1
1
17
6
1
4
8
4
1
1
22
1
1
1
42
1
17
2
3
1
6
1
15
2
8
3
3
1
1
1
2
2
9
3
7
7
3
2
1
3
6
4
2
1
17
4
1
2
15
2
8
20
4
1
2
1
5
1
3
6
2
1
4
1
10
4
2
1
6
6
4
3
1
1
2
3
2
1
2
1
1
1
1
1
1
7
7
6
1
7
24
1
2
1
8
18
1
5
1
1
1
1
1
35
2
1
22
1
5
1
157
9
1
1
19
3
1
8
67
4
1
21
3
7
1
1
1
1
1
4
5
6
2
1
5
1
1
3
114
5
3
14
4
31
6
1
16
1
16
97
22
5
15
35
1
2
2
1
226
1
11
1
1
1
1
1
3
2
1
1
1
11
1
1
1
2
1
2
1
1
1
3
3
3
2
1
6
1
6
1
22
731
1
6
1
6
7
1
1
1
5
3
2
1
1
2
3
1
2
2
1
4
1
3
1
6
1
5
6
1
1
2
1
2
2
3
1
1
1
2
1
7
2
1
1
1
1
1
2
7
2
2
1
33
1
11
30
1
18
2
43
8
3
1
2
38
21
2
1
2
9
2
5
4
5
3
8
47
1
1
2
1
1
1
1
7
10
5
31
1
1
1
1
1
2
2
3
2
3
1
1
40
1
1
4
5
1
6
5
1
1
1
1
1
2
1
1
1
1
1
1
1
1
8
10
2
1
2
1
1
2
1
2
43
54
1
1
1
1
20
2
1
6
1
1
2
2
1
1
3
1
3
5
1
1
1
1
1
4
28
1
1
1
2
1
3
82
1
6
1
1
1
1
1
3
1
5
2
2
1
14
2
73
17
1
16
1
1
41
1
1
6
165
11
1
1
1
2
8
1
4
10
3
4
13
1
3
3
1
2
1
20
3
200
4
2
20
5
1
1
5
1
1
1
1
1
1
1
1
2
1
1
4
1
11
5
3
62
6
6
1
2
1
1
215
18
1
1
9
2
1
1
60
21
3
1
1
1
3
1
1
2
24
2
1
2
3
2
2
1
1
1
1
5
2
2
40
2
21
2
1
2
1
1
1
12
50
3
1
4
1
1
3
13
1
2
1
1
1
1
3
1
2
1
1
1
48
513
37
4
1
21
1
4
23
14
2
15
7
3
1
23
45
5
13
9
1
2
1
3
1
5
2
3
1
13
5
2
1
1
71
3
1
4
1
8
1
1
2
3
1
7
2
4
4
10
265
2
1
42
25
21
1
5
9
1
1
16
3
18
1
3
12
2
5
1
6
2
2
28
1
1
1
5
1
1
3
1
3
1
1
1
3
6
1
3
2
2
1
3
7
2
5
1
1
2
1
1
1
1
92
1
1
18
1
2
2
1
1
84
26
1
1
1
1
1
1
2
1
7
59
11
1
4
2
1
6
1
1
3
14
1
1
1
4
1
23
4
2
1
2
49
2
9
17
1
1
20
21
1
5
1
1
2
1
1
5
1
2
2
1
1
1
4
5
9
1
1
1
1
150
4
1
4
12
3
1
3
1
1
8
1
1
1
1
2
1
2
1
1
1
1
1
2
3
1
1
1
1
2
2
1
1
1
1
1
1
1
3
4
1
1
1
1
2
1
37
13
2
7
7
1
2
8
1
1
4
2
25
6
3
1
3
183
2
1
1
2
1
1
1
1
1
1
1
328
2
22
1
2
1
1
1
16
1
3
1
1
7
1
3
10
1
4
1
1
1
1
3
1
1
1
16
22
1
75
1
3
1
1
19
2
1
5
1
1
1
1
30
4
1
1
2
1
4
1
1
1
1
1
2
1
1
1
1
1
3
3
1
1
7
2
4
1
2
106
1
10
2
38
3
8
5
2
12
1
5
6
61
2
2
3
1
1
42
19
9
1
1
81
28
3
1
1
1
1
1
1
12
1
1
2
1
1
1
1
43
1
2
2
1
51
18
1
7
6
3
1
5
3
1
264
1
33
5
16
1
1
5
1
7
1
2
8
2
1
5
2
1
16
8
2
1
18
1
2
11
3
1
9
3
11
36
7
10
1
5
6
7
3
1
3
3
3
2
1
11
1
1
1
1
7
1
1
2
2
1
1
1
1
2
1
1
1
3
1
1
4
6
1
5
1
1
2
1
22
6
11
213
14
1
1
1
1
8
1
1
1
1
2
1
13
1
3
3
1
46
4
7
1
1
3
6
4
10
1
2
1
25
4
5
1
1
1
10
16
2
1
5
1
3
1
2
1
35
1
34
4
2
1
2
1
16
1
1
1
4
1
1
12
2
1
2
2
1
2
4
1
1
9
28
1
1
1
1
1
2
1
1
22
23
3
97
5
1
2
1
3
1
2
1
1
1
3
1
1
1
1
1
1
1
1
1
1
2
1
4
2
2
1
1
2
1
1
2
2
1
2
2
6
1
13
1
1
18
1
226
1
2
5
1
2
3
1
57
6
2
3
1
3
1
1
1
254
1
1
1
1
1
45
1
1
50
330
1
9
22
2
61
30
1
142
54
1
39
1
3
14
2
4
1
3
1
1
46
2
2
10
2
1
2
1
7
8
1
1
1
2
1
1
6
2
18
10
9
30
2
14
24
1
2
2
7
1
1
1
1
4
2
44
1
2
35
2
1
4
1
1
11
2
2
1
1
2
1
3
4
1
8
6
3
1
1
1
1
1
1
8
14
1
2
3
1
1
1
1
78
9
1
141
161
1
1
1
1
1
6
2
2
1
1
3
35
31
14
15
8
12
2
31
36
15
4
1
2
3
1
1
151
1
1
1
1
1
2
7
3
6
1
2
1
1
1
1
3
1
2
1
2
1
1
1
4
4
1
1
7
7
1
1
8
2
1
7
1
1
1
17
1
1
16
1
47
1
1
1
1
1
1
2
8
1
1
1
4
1
1
1
175
1
2
1
245
1
1
4
2
1
1
1
1
1
1
1
1
2
1
2
2
1
1
2
2
1
1
1
2
1
1
1
1
1
2
1
2
4
1
1
1
1
1
90
1
3
1
1
1
1
1
2
3
1
1
1
2
1
25
2
3
1
1
2
4
1
8
1
1
1
1
2
3
1
7
75
3
1
7
1
1
1
99
1
3
1
2
33
3
4
1
4
1
1
2
6
3
1
1
3
2
1
1
1
3
8
1
2
1
4
1
1
1
6
5
2
1
1
36
14
4
12
1
1
4
1
5
2
3
1
1
1
1
9
12
1
6
3
1
1
1
1
1
1
1
16
1
1
3
202
1
1
4
3
2
1
1
2
1
1
1
1
2
1
1
1
1
1
2
1
1
9
2
1
1
1
1
1
1
2
1
1
1
1
4
1
2
25
1
1
1
1
2
1
1
9
5
1
1
1
1
1
1
1
1
3
243
2
2
1
1
3
3
1
1
3
2
5
1
1
6
10
2
8
2
4
1
2
1
3
3
2
1
1
11
22
1
1
1
1
1
1
45
1
1
1
4
1
58
3
57
1
9
4
17
1234
1
1
1
1
1
1
1
1
1
6
1
4
1
1
2
1
2
1
8
1
1
4
49
1
1
5
7
1
6
1
1
1
1
1
5
1
2
1
24
3
2
6
2
6
4
45
19
2
1
12
5
1
3
51
13
10
1
27
3
2
4
1
176
1
1
7
17
1
1
4
1
4
9
1
1
12
5
65
3
1
1
4
1
1
20
4
2
1
4
3
15
6
1
3
1
3
6
2
152
6
24
1
188
1
1
2
1
3
1
1
1
5
1
1
1
1
6
1
1
4
1
1
3
29
1
1
1
1
66
4
1
2
11
1
2
2
1
1
3
281
3
112
24
123
1
12
4
2
1
8
11
22
6
44
3
2
3
13
17
2
1
1
23
39
6
5
3
1
5
1
99
7
28
8
1
2
40
1
1
1
1
108
36
2
5
1
1
7
19
25
5
1
1
3
3
1
17
10
1
16
1
6
18
13
1
8
2
1
3
8
1
5
4
5
2
3
1
2
1
1
78
3
1
1
1
2
3
1
1
5
2
2
3
44
1
13
7
9
13
1
2
2
6
1
2
1
1
2
15
7
2
2
2
64
160
1
1
2
203
3
87
1
1
2
2
5
1
81
29
6
1
9
13
1
16
3
6
6
2
1
2
66
3
4
271
5
1
10
3
1
5
45
14
11
1
1
1
4
3
3
1
1
1
67
1
2
1
1
1
3
88
6
6
1
2
3
1
1
1
1
23
8
4
2
2
1
1
6
2
3
30
4
1
1
8
6
1
5
1
2
3
1
1
266
2
5
1
1
3
1
3
6
4
1
6
7
1
1
2
1
10
2
5
3
2
108
1
11
5
9
1
5
1
1
1
2
1
1
1
10
1
1
2
8
8
3
1
4
8
1
1
4
2
26
1
5
15
3
1
3
4
13
1
1
5
1
1
9
166
1
3
1
7
4
2
11
1
4
1
1
589
40
1
385
2
13
1
1
1
4
1
6
4
2
3
4
10
1
33
2
5
4
3
2
4
37
19
2
4
4
2
15
25
10
2
12
3
3
1
1
6
8
3
10
4
2
1
3
3
3
2
13
10
2
5
1
2
15
2
1
26
1
111
1
24
1
1
1
4
29
6
4
65
1
5
8
2
20
2
1
1
1
4
1
3
3
1
2
26
3
13
19
1
6
2
6
28
1
7
7
1
6
1
67
3
1
6
3
1
6
1
1
5
1
2
22
2
1
3
1
1
10
2
1
37
2
3
2
1
1
1
16
1
1
6
1
1
1
1
1
1
1
4
9
1
4
1
3
1
1
14
1
4
2
1
1
2
4
6
2
7
1
1
14
1
1
88
4
3
1
1
6
1
1
1
3
1
1
1
1
2
29
3
4
11
13
2
1
2
11
2
1
1
1
2
2
2
1
4
4
3
5
1
1
1
1
3
3
20
1
1
1
66
7
83
11
2
1
1
1
1
5
25
85
1
4
3
1
2
3
1
3
2
1
4
2
1
1
1
1
3
65
1
1
3
13
1
1
4
1
3
327
22
35
57
25
1
3
1
1
1
1
4
1
1
1
1
1
4
1
1
1
1
2
15
1
1
1
1
1
1
10
1
1
27
40
34
2
2
16
1
5
1
9
4
1
7
2
2
6
5
15
100
8
40
3
1
10
1
1
3
14
1
1
1
1
1
1
1
2
1
2
1
321
8
1
1
1
2
2
1
1
1
1
1
1
13
1
4
13
3
3
13
1
1
2
11
32
1
1
24
1
1
1
105
1
1
2
1
1
1
1
1
1
1
2
4
375
1
1
1
1
1
1
1
1
8
40
1
1
2
1
1
1
10
1
1
1
2
2
1
5
5
44
1
2
32
1
6
5
1
1
1
1
15
1
24
5
1
1
2
1
2
4
1
15
1
1
1
1
2
1
1
1
1
2
1
1
3
3
2
9
1
8
3
2
1
1
1
1
1
1
18
1
1
1
1
1
1
1
2
2
1
6
2
1
2
1
1
1
1
2
5
1
4
1
4
1
2
2
1
2
1
1
1
1
1
1
1
2
1
1
84
425
16
59
1
12
87
5
1
7
1
1
1
1
1
3
2
1
1
2
10
1
1
2
1
3
4
9
1
5
3
2
4
1
1
1
1
2
1
1
1
1
1
3
5
2
1
3
1
1
68
54
115
48
32
1
5
1
2
1
2
1
1
2
1
1
1
1
2
1
1
1
1
1
6
1
1
1
1
1
4
12
1
2
1
2
2
9
1
2
1
1
1
4
16
2
1
1
1
1
12
3
1
2
1
1
2
1
1
3
9
2
24
1
2
2
1
7
2
1
1
2
1
1
1
1
1
2
43
15
32
1
6
1
1
2
1
1
2
6
1
8
1
1
2
2
1
3
2
1
3
1
2
27
3
1
27
1
1
1
1
3
1
1
1
3
1
1
1
6
1
5
1
1
1
2
16
8
16
17
275
3
118
8
108
1
1
1
1
3
1
1
1
1
1
97
3
1
4
5
1
1
1
1
1
3
90
1
1
1
2
7
1
9
1
31
1
3
8
8
3
3
2
1
18
1
1
1
3
4
2
6
1
1
1
10
2
1
1
6
18
1
7
2
1
4
17
2
1
1
118
3
1
1
6
1
1
1
6
1
1
1
2
1
3
6
20
1
1
11
1
2
1
1
1
1
1
2
1
1
125
1
4
3
1
2
6
5
19
1
2
38
14
1
4
6
9
1
6
1
2
3
3
19
16
1
3
2
1
8
11
1
37
55
478
2
11
1
1
2
1
2
1
5
1
1
1
1
1
3
1
42
4
63
4
2
22
1
5
2
1
1
1
1
4
1
2
1
126
1
11
2
1
1
7
1
8
2
1
1
1
1
1
3
1
1
14
1
3
4
1
8
1
1
3
1
1
1
89
48
23
9
57
88
2
233
1
1
8
4
34
1
42
115
15
261
1
2
11
55
20
1
9
26
5
2
20
39
1
1
2
1
1
3
2
1
1
1
49
1
33
6
49
3
5
45
104
5
2
2
1
3
6
4
1
7
1
34
1
1
2
11
1
3
4
13
337
5
3
1
1
1
5
8
18
2
1
3
18
1
3
5
1
1
4
11
9
1
2
1
4
1
1
57
1
1
1
1
1
19
11
8
2
2
18
256
6
2
7
1
1
248
1
1
111
7
137
23
3
1
1
2
12
2
3
15
1
8
1
1
1
2
11
9
3
2
1
1
1
14
7
1
1
25
1
1
1
86
36
23
7
2
1
125
1
1
3
24
1
16
1
21
266
6
27
125
1
2
5
1
268
23
119
9
3
4
30
1
1
84
3
4
1
7
2
19
1
78
14
38
1
1
1
73
1
2
2
30
6
1
20
27
1
63
2
7
1
8
19
4
231
10
156
2
1
1
1
2
41
673
4
1
68
21
17
32
26
10
21
4
4
76
6
18
11
4
2
1
1
3
1
7
1
1
1
1
18
1
1
1
1
1
1
1
1
1
1
1
6
1
1
1
1
1
1
1
1
1
1
1
1
1
2
1
1
2
1
1
1
3
1
1
1
1
2
1
1
2
1
1
3
18
5
52
3
3
2
2
3
1
1
3
1
3
2
1
1
1
45
1
98
5
13
4
2
1
23
17
6
1
1
18
5
2
10
4
18
1
3
1
231
2
2
1
1
3
1
1
4
1
2
4
1
21
1
3
10
2
1
1
1
1
1
1
1
1
1
1
1
1
2
1
2
2
6
23
1
5
1
1
1
1
6
2
1
1
1
1
1
1
12
1
48
3
2
1
1
2
1
1
1
1
1
1
1
1
9
1
1
1
1
1
1
1
1
1
3
1
3
1
1
2
1
1
1
2
1
3
5
1
1
1
2
2
1
1
2
1
1
1
1
2
5
1
1
1
1
1
1
1
1
1
1
1
1
1
1
11
2
1
4
11
5
1
1
1
1
2
129
4
7
1
1
3
1
1
1
1
1
7
1
4
2
6
1
20
2
1
1
14
1
10
8
4
1
17
32
2
3
6
1
58
1
1
4
1
1
1
2
1
1
2
1
84
4
2
2
2
1
1
4
4
14
13
2
18
18
28
5
1
1
6
1
15
2
4
7
1
8
4
9
2
1
3
1
7
1
1
1
1
1
8
14
14
2
1
1
1
1
3
5
17
1
1
2
1
1
1
2
2
1
1
1
15
1
1
1
1
1
15
1
8
5
1
2
2
31
10
8
2
1
1
1
1
2
1
1
1
1
1
1
1
1
1
1
2
7
1
1
1
1
7
5
1
1
3
1
1
1
1
1
1
1
1
1
3
61
1
1
1
4
5
2
1
163
1
5
1
3
1
1
1
4
1
1
1
1
2
2
1
1
1
2
2
169
2
1
1
1
225
1
2
1
1
1
1
1
16
1
1
3
1
1
1
1
3
22
1
6
2
3
1
1
1
3
1
1
1
1
1
2
2
3
1
1
226
9
1
1
4
4
1
4
1
1
1
1
1
1
1
21
1
1
2
1
1
15
2
2
2
1
2
54
1
1
2
16
11
1
1
3
1
85
1
35
1
1
1
1
1
1
1
222
26
1
1
1
1
1
1
1
3
8
2
8
12
1
1
1
1
1
1
2
1
12
1
1
4
1
1
4
90
24
1
1
1
25
1
1
4
2
1
7
28
1
7
1
1
57
1
1
1
1
1
1
1
2
19
1
1
1
1
2
13
1
2
1
7
2
3
1
1
1
5
1
1
2
1
18
5
2
2
1
1
1
21
6
3
2
39
4
1
1
3
1
1
1
4
1
1
9
1
1
1
2
1
1
4
1
1
5
1
4
16
17
3
10
5
6
1
1
1
1
2
1
1
1
33
2
1
1
1
17
29
2
10
1
1
2
2
1
2
2
1
1
2
1
1
1
3
1
2
1
2
6
1
1
1
2
1
1
1
1
1
1
11
1
1
3
1
1
1
1
5
1
1
1
1
1
1
1
2
1
1
2
1
103
1
3
4
1
1
1
2
1
1
1
1
6
1
38
3
2
2
2
14
1
5
6
15
3
3
1
62
1
2
2
1
1
5
1
184
2
2
1
9
1
1
18
163
6
3
27
1
5
1
3
5
2
1
1
2
36
8
104
12
104
3
2
8
134
3
1
2
2
14
9
1
1
1
1
1
3
19
3
3
1
1
5
1
68
2
3
6
7
2
11
3
1
27
30
21
199
4
1
10
16
70
54
7
1
1
36
8
215
341
4
6
46
15
9
1
21
1
151
7
18
11
35
3
14
1
65
1
11
10
37
14
40
1
6
2
1
2
2
39
6
1
2
9
4
1
1
1
1
1
2
12
1
1
1
2
1
1
2
1
1
1
1
2
2
1
1
1
1
1
54
2
10
1
1
1
1
1
1
1
27
63
5
1
1
4
6
18
1
12
1
1
18
15
4
29
1
1
39
1
1
25
3
8
8
3
10
1
1
2
1
1
1
1
1
1
1
2
1
1
3
12
1
55
2
4
2
8
3
1
1
1
1
2
3
1
1
1
1
1
1
1
1
1
1
1
2
1
1
1
1
1
2
3
1
1
1
3
18
21
1
5
1
1
1
1
1
1
1
1
1
1
1
1
1
2
18
1
1
2
2
1
1
1
1
1
1
142
1
2
1
1
1
1
1
1
1
1
2
2
1
1
1
3
2
1
2
2
1
9
3
6
13
1
4
1
1
1
2
2
1
1
19
4
1
1
1
1
1
1
1
1
18
1
7
1
2
1
1
5
1
1
1
1
1
1
1
1
1
1
1
4
1
1
1
1
1
1
1
1
1
1
1
1
1
1
1
3
1
2
46
1
1
1
1
1
1
1
2
1
52
1
2
1
1
1
5
1
198
1
2
3
1
2
1
16
1
1
3
1
1
1
3
1
1
1
2
1
29
25
1
1
2
1
1
1
1
2
1
1
1
1
1
1
1
1
1
2
1
1
1
1
2
2
1
1
1
1
1
1
17
1
1
1
1
3
1
1
1
4
1
1
4
2
1
1
1
48
11
178
1
38
1
1
4
1
1
1
2
1
3
1
2
1
202
1
4
1
1
1
1
1
1
1
1
1
1
1
1
1
1
1
2
1
1
1
1
1
2
3
2
2
9
1
1
1
2
1
1
4
1
2
1
1
2
1
2
1
1
1
1
1
4
3
1
1
1
1
2
57
3
1
13
1
1
1
13
1
1
2
2
1
5
1
75
2
7
1
1
10
2
1
1
1
2
2
1
1
1
1
17
5
14
35
2
1
1
1
10
4
66
3
4
1
1
1
1
15
1
24
1
1
5
1
162
1
1
1
2
6
1
5
2
8
1
1
6
14
1
1
2
1
2
2
1
1
2
7
3
72
2
13
5
1
1
1
1
1
2
1
1
1
1
1
1
1
1
1
1
1
1
1
13
4
3
15
36
2
1
1
1
1
1
1
25
6
3
1
1
1
1
1
11
2
2
7
29
1
11
2
9
10
1
3
1
1
1
2
1
1
6
2
2
1
9
31
1
18
1
25
1
1
1
1
6
1
1
1
1
1
1
1
1
1
1
1
1
1
1
5
1
1
9
1
1
1
1
1
1
7
21
4
2
1
1
1
1
1
1
3
2
1
2
2
1
1
1
1
1
32
1
1
4
1
1
1
1
1
1
1
1
1
1
1
1
1
21
2
3
2
1
2
1
1
17
10
1
4
3
14
1
1
1
1
1
8
2
4
25
1
4
1
1
1
1
1
1
1
1
1
1
2
4
1
4
1
1
1
8
2
2
3
1
1
1
2
1
1
2
1
1
1
2
1
23
2
1
3
5
1
22
8
1
1
1
1
3
7
4
8
5
1
4
1
1
5
1
12
6
28
1
1
1
3
1
1
17
1
9
2
1
16
1
2
1
1
1
1
1
1
1
1
1
5
21
5
1
4
2
3
1
3
4
117
4
1
14
4
36
2
22
14
2
1
1
1
7
8
2
1
6
2
4
1
21
1
1
15
1
1
3
8
2
1
1
25
1
4
197
1
1
4
86
1
1
1
1
4
1
1
2
1
2
1
15
4
129
6
2
2
2
25
2
663
1
3
6
1
1
1
2
1
2
1
30
1
1
1
2
1
2
1
10
2
3
3
2
6
3
5
8
77
9
2
1
55
2
1
1
1
1
3
1
16
50
8
50
1
1
1
2
2
1
5
4
1
1
1
2
1
4
1
1
22
3
2
11
1
2
1
13
2
1
1
