89
189
141
191
81
125
377
32
3
191
3
9
2
100
24
135
3
1
5
42
21
17
411
2
174
90
36
12
35
320
16
23
26
313
2
80
141
2
4
30
5
109
425
46
18
6
3
40
30
94
15
89
3
66
4
30
440
70
91
292
398
1
38
191
59
4
47
8
394
2
183
498
154
5
219
2
145
424
364
2
72
13
2
112
194
330
5
3
230
12
8
450
369
6
2
110
2
2
39
16
69
16
20
20
35
427
5
104
9
44
4
4
3
11
16
4
15
2
28
22
6
35
142
2
4
10
452
7
74
363
2
1
212
4
3
6
10
2
57
76
60
341
2
298
44
3
16
89
170
26
217
64
252
64
15
55
13
38
67
360
45
99
25
2
74
60
68
4
141
21
2
27
17
14
69
3
5
2
117
3
2
192
372
357
119
6
10
2
241
341
34
19
252
30
9
6
8
2
97
10
9
12
1
45
5
7
184
14
2
7
2
338
2
127
38
39
40
56
384
20
244
9
50
91
71
22
2
14
35
1
1
109
145
2
14
21
14
13
119
599
26
39
129
204
179
3
3
273
35
208
217
15
5
9
4
4
65
118
54
378
22
326
2
43
16
9
3
22
12
243
4
44
60
3
18
1
178
5
3
11
11
406
1
10
119
23
12
1
13
19
194
414
112
168
1
311
35
574
20
5
46
10
29
10
481
4
18
21
2
8
2
24
45
27
10
399
48
94
372
173
26
8
25
17
180
5
3
41
1
55
92
8
1
2
3
424
12
47
32
6
3
55
64
330
104
17
89
61
9
19
149
3
5
223
10
2
13
73
10
35
13
2
50
5
347
13
8
1
21
4
17
2
19
1
217
4
18
24
6
8
14
108
4
34
8
196
12
10
4
3
57
72
210
384
42
37
8
159
9
11
3
16
8
10
2
6
3
11
100
304
6
30
45
2
6
10
26
1
4
468
16
32
2
4
96
3
54
219
192
69
103
76
1
3
2
30
34
47
208
349
5
407
12
80
243
246
4
20
1
119
9
6
6
28
46
1
42
11
59
95
10
18
28
159
3
2
51
36
56
52
16
3
6
2
51
109
74
122
17
12
70
10
317
57
35
2
26
175
2
4
35
276
2
170
294
10
10
90
3
367
29
257
12
22
63
218
55
29
55
55
3
134
456
3
5
224
2
24
397
58
5
286
28
28
19
17
48
489
56
21
3
8
9
190
144
7
188
6
4
5
29
87
9
53
4
2
15
5
77
15
532
32
2
310
24
6
9
5
10
3
6
14
59
17
407
1
1
2
30
130
2
3
39
3
7
16
25
2
36
40
156
22
42
146
65
8
6
25
16
109
57
44
47
120
23
8
102
30
77
43
235
56
4
52
35
60
59
59
138
56
19
7
4
2
28
62
177
294
15
7
13
12
4
1
51
15
206
33
1
1
13
4
488
86
288
14
22
197
15
35
17
2
3
234
8
335
39
3
15
5
31
1
408
423
6
59
220
6
329
66
7
2
69
474
9
1
37
19
153
100
81
70
8
379
17
46
35
5
18
274
121
14
64
2
23
41
11
4
96
77
39
49
13
22
6
81
2
408
76
19
4
5
12
1
17
19
3
274
20
31
18
377
11
21
160
9
2
10
119
3
14
15
20
35
46
62
47
68
40
21
26
7
3
45
8
2
5
27
225
4
8
3
26
234
41
176
2
4
31
318
198
32
50
11
13
15
8
116
53
118
93
30
35
4
145
58
439
55
18
2
5
4
91
18
17
45
80
4
257
1
53
4
25
22
28
324
1
91
14
32
13
50
25
17
445
58
1
119
1
43
102
76
13
97
73
133
3
2
2
17
3
194
52
14
3
55
296
2
4
324
201
2
1
76
444
50
295
1
8
112
222
22
119
4
1
1
42
8
31
3
2
8
151
218
1
40
31
5
53
86
55
6
26
21
228
7
3
16
37
8
452
25
127
57
60
360
3
70
