223
3
199
146
110
45
63
67
656
9
54
503
21
856
660
6
438
599
100
72
3
56
863
136
105
53
655
40
65
1
527
8
93
28
697
1
100
30
22
9
44
34
6
108
56
527
1
361
3
1019
95
73
10
135
246
595
636
11
16
28
94
263
427
5
3
71
9
1
327
270
112
19
3
105
28
8
128
1
90
16
10
54
12
48
7
159
73
125
10
5
569
17
13
19
1
4
74
185
376
55
2
51
11
163
436
536
212
658
173
22
96
1
222
17
23
296
7
564
86
23
94
12
99
214
45
7
17
149
378
26
4
87
57
80
4
64
108
72
11
152
43
216
33
155
677
735
11
55
37
358
7
685
2
6
20
14
14
620
41
2
22
186
66
326
105
65
38
60
45
175
174
17
3
507
793
44
128
23
110
13
123
6
87
4
24
717
493
3
160
13
7
2
67
83
16
17
105
1
75
28
87
11
23
98
273
280
114
117
277
20
51
56
242
70
103
84
188
4
6
39
259
30
160
50
22
7
548
71
41
14
316
12
1
32
299
12
98
172
94
133
1
127
278
7
364
34
98
36
270
43
67
399
90
51
139
63
526
3
351
74
357
21
10
11
2
331
499
119
21
10
92
28
40
44
44
10
70
494
240
193
25
333
57
5
43
187
61
637
53
442
231
49
6
46
4
6
209
42
2
679
43
23
87
9
3
124
19
2
16
56
1
83
17
396
51
651
392
175
167
9
496
147
2
17
245
45
120
12
1
3
1
378
91
917
49
364
506
109
545
4
19
182
54
8
1070
397
156
17
35
142
185
176
516
75
7
30
19
75
139
14
847
101
57
20
58
21
455
38
33
554
9
151
453
360
6
55
5
45
59
5
69
82
7
128
10
44
2
372
764
30
60
34
451
13
7
42
180
91
44
25
44
23
99
4
32
7
470
333
23
5
10
7
314
14
57
262
18
51
2
333
467
99
2
44
11
367
42
124
9
134
97
960
193
252
12
6
14
179
44
52
43
126
88
3
3
77
812
57
232
20
89
302
1
13
8
3
26
92
66
67
96
267
13
27
16
101
20
15
48
1
1
1
1
1
89
1
1
1
1
1
1
1
8
210
7
2
11
1
189
28
10
235
2
9
21
3
235
107
1
1
25
20
3
5
1
10
44
305
1
5
12
3
38
141
42
388
26
107
1
191
1
1
2
1
1
3
4
2
2
2
15
2
5
1
1
1
1
1
355
81
1
1
1
3
2
1
1
1
125
1
1
1
1
1
17
2
1
1
1
2
2
1
1
1
5
1
44
1
1
1
1
2
70
1
1
377
3
5
1
32
3
2
20
23
3
1
2
2
2
27
9
191
6
1
28
1
2
3
1
1
4
15
9
6
1
1
25
3
1
6
1
1
7
7
2
1
1
49
3
4
4
5
1
1
9
5
4
1
1
2
2
4
1
42
2
12
100
1
4
1
24
1
2
1
3
18
1
3
1
2
155
36
24
15
336
6
11
7
2
216
13
135
3
86
207
1
1
21
4
1
3
2
1
2
1
1
1
1
1
1
1
1
2
4
5
1
1
1
1
42
1
2
1
150
1
2
2
21
12
1
1
1
1
1
17
1
4
35
30
8
3
2
12
411
1
2
1
5
13
1
1
1
1
1
1
1
174
2
1
1
1
1
1
34
4
1
90
36
12
1
1
23
1
1
1
1
1
1
1
2
6
35
1
2
1
1
1
1
33
1
1
1
21
6
1
1
1
5
1
1
4
3
2
1
1
2
1
1
1
320
4
24
14
16
23
1
3
4
1
1
1
1
14
162
7
2
1
20
1
5
1
1
1
1
1
1
1
1
1
5
1
2
1
1
1
2
1
1
1
1
1
1
4
1
1
3
26
1
48
1
1
1
1
1
1
4
1
1
1
1
1
1
1
1
1
1
313
1
1
1
1
1
1
1
2
1
1
1
2
1
2
2
1
1
1
4
1
1
1
1
1
1
1
2
3
1
8
2
2
1
80
1
1
1
2
1
1
1
1
4
1
1
1
3
2
1
1
3
1
1
141
1
1
1
2
1
6
2
20
21
2
3
1
1
1
52
2
1
4
2
1
1
1
30
13
9
1
104
1
1
5
2
1
4
121
2
2
2
1
1
28
1
9
6
199
39
17
1
1
2
2
74
1
1
2
1
2
8
2
1
1
1
109
1
1
4
18
2
1
1
1
1
1
2
1
4
1
1
1
1
1
425
1
1
1
1
3
1
3
1
1
1
14
1
1
1
7
46
2
3
18
1
2
2
1
5
1
52
3
3
1
4
1
1
14
1
3
1
5
1
1
1
1
1
1
1
1
1
4
1
2
1
1
1
3
11
2
2
145
1
1
1
1
1
4
1
51
6
1
3
3
2
1
2
1
1
2
1
2
1
1
2
2
1
2
1
2
18
1
1
1
17
12
1
16
1
3
3
3
17
1
1
1
3
2
5
3
1
1
4
1
1
2
1
40
2
1
14
30
94
1
1
12
2
3
5
7
2
15
1
12
1
1
89
1
1
1
1
1
1
2
1
1
1
3
1
1
1
1
1
1
4
93
1
1
5
1
1
2
66
6
4
1
12
1
1
1
1
1
3
1
1
1
1
1
2
2
1
1
23
17
11
4
32
1
2
4
1
1
3
1
29
24
30
6
17
2
440
1
19
1
3
70
3
1
229
91
1
1
2
2
1
1
1
1
1
1
1
2
3
2
1
4
1
2
1
1
1
1
1
1
3
3
4
1
42
2
207
1
2
13
1
2
1
1
1
1
3
1
1
1
1
1
1
2
2
35
2
2
1
2
1
1
3
4
1
1
1
1
3
1
1
1
292
44
1
1
1
398
6
1
1
10
1
3
6
1
1
1
1
1
1
1
1
1
1
5
10
3
1
4
5
17
1
2
60
38
191
6
4
43
290
28
43
59
150
167
30
445
9
6
133
1
1
4
64
4
45
2
47
227
165
1
1
53
4
4
105
1
14
261
1
2
4
6
1
2
1
1
1
1
10
14
4
5
2
4
9
1
17
4
7
8
4
1
1
1
1
1
3
6
1
1
18
1
69
1
2
1
1
2
1
1
2
394
1
1
1
2
4
2
1
1
1
1
1
183
2
4
1
4
498
1
1
1
19
3
1
3
154
1
1
1
1
1
1
7
1
4
1
3
1
1
1
5
1
2
1
1
1
1
1
1
9
1
1
23
1
2
3
1
1
1
1
1
1
1
1
1
1
1
1
2
1
23
1
219
1
5
2
1
1
3
17
3
1
1
2
51
145
4
1
12
1
1
424
1
4
8
1
198
13
1
2
364
1
1
1
1
1
1
3
1
4
1
2
1
1
1
1
3
72
1
4
1
2
1
3
2
2
150
1
7
13
1
1
2
6
5
1
3
1
11
1
2
1
4
1
3
112
3
2
1
2
1
21
1
1
2
1
2
1
1
1
1
2
1
1
1
2
1
194
1
2
1
1
1
1
1
3
1
1
1
1
1
1
1
2
1
1
1
1
1
2
1
1
1
1
3
1
1
1
1
1
2
1
2
1
1
1
1
1
1
1
1
1
1
4
1
2
1
1
1
1
1
1
5
1
330
1
1
1
1
1
1
1
1
1
1
1
5
1
1
1
3
7
2
1
1
3
1
230
1
1
1
3
1
7
1
1
2
1
3
2
1
1
2
3
1
1
1
4
2
2
1
1
1
4
1
1
1
1
1
2
1
2
1
1
5
1
1
1
12
9
1
1
1
8
1
1
1
1
1
1
450
2
1
1
1
1
4
369
1
35
57
2
1
10
11
1
1
1
1
5
6
1
13
1
2
3
1
2
1
110
1
4
32
12
23
10
2
60
1
22
1
1
3
1
1
1
1
1
5
1
1
1
1
9
2
1
4
2
1
1
1
39
1
16
61
69
1
1
1
6
7
11
2
16
14
25
2
3
2
2
381
16
20
41
17
426
1
20
1
7
1
1
1
1
35
15
1
1
1
6
6
1
2
1
6
1
22
2
10
2
6
1
427
26
14
1
2
5
6
7
1
104
59
1
1
16
2
1
5
2
4
4
47
1
9
44
4
1
3
6
6
15
2
94
8
6
1
1
23
3
16
3
28
3
9
1
1
10
6
1
4
8
4
2
2
1
1
8
6
10
3
1
1
2
1
485
9
1
2
1
2
3
1
16
11
3
5
39
2
5
4
10
4
28
6
1
16
1
1
3
1
1
1
11
4
17
5
1
3
5
4
1
21
15
2
1
1
14
9
2
1
21
2
1
1
1
4
1
1
28
1
1
1
12
14
1
9
1
1
30
1
1
1
2
3
5
1
3
1
2
7
1
4
81
1
2
4
1
5
4
11
1
22
2
40
2
3
6
35
8
13
1
1
2
142
2
1
1
10
4
3
5
4
11
7
3
5
1
2
1
6
11
5
1
1
2
1
5
1
1
1
1
1
1
1
1
1
4
4
11
2
2
10
2
18
2
3
7
6
2
4
1
452
1
3
3
9
1
1
2
1
1
2
1
1
1
1
2
1
1
3
17
7
1
1
1
2
1
3
1
1
2
1
1
1
2
1
1
1
1
2
1
2
7
74
3
2
18
1
5
1
1
1
1
1
1
1
1
1
1
1
1
3
1
363
1
1
1
3
1
1
1
1
1
2
4
2
1
2
1
1
1
1
2
4
1
6
2
3
3
1
4
1
1
6
1
2
1
1
1
1
3
1
1
1
2
1
1
5
212
1
1
1
1
1
1
2
3
1
1
1
1
3
1
2
5
2
3
5
1
1
4
1
1
1
2
2
2
4
12
4
3
3
4
1
2
2
2
2
1
4
6
1
1
1
1
1
1
17
3
1
2
2
3
1
1
1
1
2
2
11
3
3
128
1
1
1
2
4
1
1
1
2
9
1
1
2
11
1
1
1
1
5
1
1
3
9
2
6
10
2
3
59
5
1
3
3
4
1
2
3
1
1
2
1
2
2
1
1
57
42
1
1
1
1
1
1
4
1
2
76
60
2
6
1
1
1
1
2
1
3
13
1
1
1
1
2
1
6
2
3
341
1
15
3
1
1
1
2
2
1
1
1
1
1
2
1
1
2
2
1
1
1
1
1
2
1
1
2
1
2
298
13
5
8
1
1
1
1
1
1
1
1
1
1
1
1
1
3
1
2
16
4
1
44
2
88
67
2
3
4
1
2
2
1
1
1
1
1
2
16
2
319
3
4
2
89
1
1
2
170
6
1
1
14
26
102
1
7
217
2
214
2
16
4
4
3
2
10
6
1
1
8
2
5
1
1
1
1
1
92
1
1
14
4
14
1
1
1
1
1
1
5
1
1
1
1
6
1
2
2
1
2
5
19
1
3
1
1
2
1
2
1
2
1
3
64
2
6
8
1
4
2
2
2
3
4
1
2
1
1
9
1
4
1
7
1
252
1
63
3
2
1
3
1
1
4
1
1
8
1
18
1
4
5
1
10
1
15
231
1
1
1
14
6
1
2
1
2
2
2
1
3
1
1
1
2
1
1
8
1
1
1
1
64
1
1
1
5
1
1
1
1
1
2
1
2
4
1
1
1
1
15
11
1
2
2
1
1
2
1
1
1
1
3
2
1
2
2
1
1
1
1
1
1
1
1
2
2
3
1
55
2
2
2
4
2
1
1
2
34
2
13
1
1
1
1
1
1
1
1
6
1
38
1
3
2
5
2
2
1
67
360
1
1
4
7
2
7
1
45
1
4
61
2
3
99
2
349
44
23
1
1
1
2
2
1
3
1
25
1
1
1
1
2
2
6
1
9
1
74
1
1
60
1
1
1
1
1
12
6
1
3
1
2
5
2
1
1
4
4
7
3
1
2
1
1
5
1
2
1
68
1
1
2
8
1
4
3
10
2
1
1
141
4
2
2
7
1
5
1
1
3
1
1
1
1
1
2
7
21
1
9
1
1
1
1
1
4
2
7
1
4
2
1
3
1
27
3
2
4
1
2
13
1
3
2
2
27
1
1
1
1
1
1
1
3
2
3
2
17
76
10
14
42
21
2
14
14
3
7
1
2
4
1
2
2
1
1
1
3
3
1
1
1
1
2
69
5
1
1
1
1
1
8
11
5
3
2
6
5
1
6
3
3
6
1
1
1
2
1
1
5
11
6
1
1
1
2
4
2
1
4
1
2
1
1
5
1
1
5
2
1
2
39
1
31
2
22
1
1
1
1
2
1
4
5
4
7
1
3
1
1
1
2
5
4
2
8
3
1
5
1
14
4
2
2
1
1
1
1
2
1
1
5
4
1
1
2
2
1
1
1
7
6
1
1
2
1
2
1
6
1
1
1
1
2
1
6
4
1
1
1
1
1
1
1
1
2
2
1
1
2
1
1
2
3
1
3
6
1
1
3
2
1
1
1
1
3
15
1
2
1
2
10
1
1
1
1
1
1
2
1
4
7
117
1
1
1
3
1
1
1
1
3
4
3
1
2
6
4
1
1
1
2
1
3
2
1
2
1
3
1
1
9
7
2
2
2
1
5
1
1
1
1
2
1
192
3
1
1
5
1
1
372
1
2
1
6
1
1
1
2
8
357
1
2
2
1
3
1
1
1
2
2
1
4
1
2
5
1
1
1
2
2
9
1
1
1
1
1
1
2
1
2
1
2
32
1
2
1
6
2
2
2
2
1
13
3
17
4
1
4
1
119
1
1
4
3
1
2
1
2
1
5
1
1
1
2
5
1
1
6
1
1
1
1
2
1
1
1
1
1
1
2
2
1
1
2
1
1
1
1
1
1
331
10
3
4
2
5
1
1
1
6
1
2
3
25
2
21
9
1
241
2
1
2
3
16
1
1
2
42
7
57
2
341
1
287
68
34
174
19
76
3
6
64
252
1
5
30
2
1
1
2
9
1
1
3
1
6
3
5
3
1
8
1
3
1
1
8
1
5
1
1
2
2
1
2
1
1
1
1
4
22
32
2
8
1
1
20
2
2
1
3
1
1
2
97
1
2
1
1
1
1
37
1
1
1
3
10
1
1
1
1
2
1
1
1
1
1
1
19
6
1
1
16
9
3
2
2
3
4
1
6
1
1
23
1
2
1
1
2
1
1
4
3
3
1
1
1
2
14
58
20
1
1
1
2
12
19
1
1
59
1
1
2
1
4
1
1
1
12
1
13
45
1
1
1
1
5
7
2
349
7
1
1
2
1
1
2
1
1
184
5
7
2
5
1
1
1
3
1
2
4
4
1
1
1
1
14
45
1
3
3
3
3
1
1
1
2
1
1
4
1
1
2
3
5
1
5
1
3
1
9
4
3
1
7
2
1
1
1
4
1
2
1
7
1
1
285
2
1
1
1
7
1
1
1
1
1
1
1
2
1
7
1
1
16
1
1
1
1
4
1
2
1
2
1
2
2
1
1
1
2
1
1
1
1
1
5
2
4
1
1
1
1
1
1
1
1
338
3
2
1
1
2
3
2
1
1
24
1
1
4
1
1
127
1
1
1
1
1
1
1
2
3
1
1
1
38
1
1
1
1
2
39
9
1
5
1
1
1
2
2
2
1
3
140
1
1
1
3
2
1
1
1
2
3
36
1
3
41
1
1
2
3
1
2
1
1
2
3
5
2
2
1
1
3
1
232
3
1
11
2
2
1
2
40
2
1
3
12
5
1
1
1
56
1
1
1
1
1
1
1
1
1
384
1
1
2
1
2
1
1
20
1
1
1
1
1
1
1
3
1
5
1
1
4
1
1
1
244
2
1
1
1
2
1
1
1
1
9
9
6
1
15
2
4
2
1
2
1
4
1
1
2
119
50
1
91
1
1
1
1
1
2
1
1
1
1
4
11
1
4
7
17
3
128
1
71
13
15
1
1
8
22
2
4
1
3
1
1
1
1
2
1
12
2
7
20
1
1
4
1
1
1
6
16
3
2
3
1
14
1
60
5
3
8
1
1
1
1
2
3
1
1
179
2
137
15
2
1
1
5
1
1
1
1
2
3
1
2
1
4
2
1
4
1
14
3
1
4
3
6
1
1
1
15
35
1
8
4
2
57
1
7
3
1
1
18
9
2
5
1
5
1
22
1
3
2
3
5
1
143
1
10
1
55
2
1
1
3
9
1
1
1
1
20
3
109
1
7
145
74
1
1
2
1
1
2
2
7
1
2
26
14
1
22
2
1
2
31
3
21
19
14
16
2
1
21
1
1
7
2
11
1
1
16
1
1
1
13
1
3
68
11
21
119
1
1
2
1
1
1
2
3
1
1
1
1
1
1
2
2
1
1
1
1
1
1
1
1
2
3
3
1
1
2
2
4
1
1
1
1
2
4
2
1
1
2
1
1
1
1
1
2
3
3
1
1
16
3
1
1
1
1
1
1
1
1
5
1
1
1
4
2
7
1
31
1
1
3
161
2
599
3
6
1
1
1
1
1
26
1
39
1
2
3
3
1
2
6
129
1
204
1
1
4
15
179
3
1
14
2
2
38
1
43
1
1
1
1
1
102
1
1
3
3
1
1
2
2
8
1
5
3
1
1
1
273
1
1
1
2
1
1
207
7
2
7
1
7
1
3
2
1
1
2
4
1
2
1
3
1
1
1
2
35
2
1
1
1
1
1
1
1
208
3
1
26
2
4
1
217
15
1
1
1
1
1
1
1
5
1
1
1
1
1
1
1
1
2
1
1
1
2
1
4
1
1
2
1
9
4
3
1
1
1
1
1
2
3
2
1
2
1
1
1
3
9
22
7
1
1
93
197
1
4
9
1
2
1
2
4
2
1
13
3
1
4
2
5
7
4
2
1
1
37
5
1
3
1
5
1
2
4
1
2
1
1
1
1
1
2
1
1
1
1
3
1
1
1
1
65
2
1
1
2
1
1
2
2
1
1
3
1
1
2
1
28
3
1
3
118
26
4
6
38
3
10
12
4
8
2
4
54
2
8
378
1
1
9
1
3
2
33
214
1
17
23
47
112
1
1
66
3
14
1
1
1
2
1
1
1
1
1
22
1
1
2
1
1
2
2
1
1
1
2
1
4
1
2
326
3
9
1
27
2
1
1
1
43
1
8
13
1
3
1
1
1
1
4
1
35
16
22
8
48
290
312
36
1
9
31
1
14
366
2
13
1
1
2
10
20
1
3
9
2
1
88
2
26
35
10
22
1
75
4
12
11
5
1
3
1
74
1
89
4
1
183
11
132
10
2
40
7
243
5
1
1
239
8
4
4
56
1
44
4
6
27
6
4
158
3
2
6
60
1
9
8
1
1
1
1
3
3
3
25
322
1
3
8
11
1
1
1
1
8
29
6
18
3
2
1
57
2
1
1
1
1
1
87
17
1
1
6
1
1
178
1
1
1
1
1
1
1
1
1
1
1
1
1
1
1
16
5
1
1
1
4
2
1
1
1
7
1
12
2
2
2
2
1
3
7
1
1
1
1
14
1
1
1
1
1
1
1
1
1
1
1
1
1
1
1
1
1
2
3
5
56
3
6
7
153
1
34
11
9
5
109
5
10
19
3
2
1
3
13
2
1
14
74
1
1
9
1
3
1
1
1
5
1
1
4
2
1
1
2
1
1
2
1
3
1
2
2
7
1
13
1
2
1
1
1
4
1
53
5
1
1
1
1
11
3
3
1
1
1
11
1
1
1
406
1
1
1
1
1
1
1
3
43
1
1
4
1
1
8
373
10
33
1
1
1
417
119
13
1
1
4
1
1
1
1
1
4
1
7
1
2
1
1
2
1
1
1
17
2
1
1
23
60
12
3
2
48
1
12
2
9
85
1
2
1
1
1
1
3
2
1
1
1
496
1
3
1
1
1
2
1
24
1
1
4
1
1
1
13
1
1
1
1
1
2
1
1
1
1
1
1
2
1
1
8
27
33
2
1
5
13
1
1
1
1
8
1
60
1
19
1
3
1
11
2
1
1
1
2
1
2
194
4
2
8
1
1
1
1
1
1
414
1
1
1
112
1
1
1
168
1
1
2
1
1
8
1
1
6
1
1
1
1
1
311
1
1
1
3
2
2
2
3
1
35
1
1
1
2
15
1
1
1
1
1
3
1
1
16
1
1
1
1
1
1
1
1
1
574
1
4
3
1
1
1
1
2
1
1
2
1
20
1
1
1
2
1
2
4
5
1
2
2
2
44
4
22
1
2
17
1
1
1
22
2
1
1
9
5
1
1
4
6
1
5
1
17
12
8
1
15
14
77
1
14
29
10
1
3
1
32
9
4
1
1
1
1
46
1
1
1
1
1
5
11
1
1
1
1
1
4
5
4
4
2
9
1
30
1
1
2
4
1
1
1
6
4
1
135
1
1
1
2
1
1
1
1
2
1
2
13
1
1
2
1
2
2
2
1
70
2
3
10
29
1
1
3
3
10
10
1
6
481
1
1
8
1
1
1
13
4
52
4
2
1
4
18
21
29
3
1
2
2
2
1
1
2
2
5
5
1
1
1
3
1
2
1
3
2
45
8
2
7
1
2
1
45
1
2
1
2
13
1
1
6
11
2
1
3
1
1
2
1
1
3
21
1
1
5
2
9
1
1
1
1
1
1
2
1
1
1
8
1
1
1
2
3
1
1
2
7
2
1
1
4
1
1
1
1
1
1
1
24
1
28
57
31
8
24
3
5
3
5
1
7
1
1
1
1
1
150
1
1
11
3
1
12
1
45
1
1
1
1
2
3
2
28
1
6
1
2
1
1
2
1
1
3
1
1
1
1
10
1
8
1
1
12
11
4
17
3
2
19
6
2
11
1
2
1
1
1
2
2
1
6
1
2
1
3
27
10
5
8
145
1
1
1
3
2
1
1
6
8
1
1
3
1
1
1
1
1
1
6
28
2
399
1
2
1
1
36
2
3
4
48
94
1
4
63
1
1
372
1
2
3
1
132
1
9
2
1
1
1
1
3
1
1
1
1
9
1
1
2
1
1
2
4
1
2
1
2
1
2
3
1
1
1
1
2
2
173
1
1
1
1
1
26
12
8
1
1
1
2
1
1
1
2
1
3
25
2
8
1
17
1
1
1
1
2
2
2
1
1
1
1
2
1
1
1
1
1
180
1
69
1
4
16
5
2
1
5
2
4
1
1
1
1
2
1
1
17
3
1
3
1
2
4
1
5
12
1
1
1
1
1
2
7
3
26
41
1
1
1
2
1
5
1
1
3
1
1
1
1
1
2
1
3
1
2
55
2
1
1
1
6
1
1
1
1
3
2
1
1
1
1
1
2
1
1
1
17
7
7
1
92
11
8
4
1
2
2
4
16
3
1
424
12
1
267
150
1
1
3
24
14
14
2
47
2
93
1
1
9
1
40
1
1
3
1
1
32
10
6
1
3
3
1
2
1
2
1
1
30
1
1
1
1
2
12
18
4
34
8
1
2
1
5
5
2
3
3
88
2
8
1
1
1
2
2
9
5
1
5
3
5
1
1
1
3
116
1
55
1
5
5
64
2
1
1
7
1
2
1
1
1
2
1
330
6
1
104
1
17
1
1
1
4
2
1
1
1
1
1
1
89
164
14
1
6
2
5
1
2
3
4
1
1
61
1
9
5
67
96
19
1
149
3
1
1
5
4
2
1
1
1
3
31
11
1
11
1
1
1
223
2
1
1
1
1
1
1
2
3
1
10
1
1
1
1
7
1
1
17
14
2
1
1
1
1
10
1
1
1
1
4
1
1
1
2
38
2
13
1
3
2
1
31
15
1
10
13
13
1
45
6
13
56
16
138
73
1
1
3
1
1
1
1
31
1
1
1
8
1
1
5
13
1
2
2
10
1
1
2
1
2
13
8
2
35
1
1
7
1
1
2
1
1
1
1
1
4
13
2
1
22
1
4
1
1
1
2
1
4
3
15
6
16
2
1
6
1
12
1
1
1
3
5
7
1
1
50
1
2
2
2
1
5
1
18
1
1
2
1
2
1
4
3
21
2
1
3
1
2
8
1
1
2
1
1
1
2
1
1
20
7
5
4
2
20
1
2
2
1
49
1
1
4
4
1
5
1
1
1
2
2
2
347
1
1
1
13
1
3
1
1
8
2
3
1
1
1
1
1
1
1
5
1
93
4
1
1
1
1
103
2
1
12
2
1
2
1
1
10
14
1
1
1
1
1
2
2
1
1
21
4
17
2
19
2
1
1
5
1
1
1
1
1
2
39
1
5
1
1
11
1
3
1
1
1
1
1
2
3
1
1
1
5
2
12
217
2
3
2
7
1
17
2
5
4
1
1
6
1
15
1
2
18
24
8
3
15
5
5
13
6
2
3
1
28
30
8
14
2
1
1
18
5
133
1
2
1
1
20
108
2
1
118
4
1
1
2
4
2
2
5
1
1
1
9
2
1
1
1
2
1
4
1
1
1
1
1
1
4
1
4
32
1
1
1
9
1
1
34
2
3
12
8
3
1
2
1
1
1
42
196
1
1
5
12
12
3
10
28
6
1
4
3
1
1
35
4
40
1
1
1
1
1
2
1
1
1
1
1
1
3
6
1
2
1
2
2
2
1
1
4
2
1
1
1
1
4
3
57
2
72
1
210
5
1
1
1
1
384
1
1
1
1
1
1
5
1
1
1
1
1
3
1
42
9
12
1
2
1
2
1
3
37
10
1
2
3
15
3
1
11
1
1
1
1
1
2
1
8
3
2
159
1
9
7
3
2
1
31
1
2
3
1
11
1
1
1
3
2
1
3
1
1
1
1
1
1
23
4
1
2
4
1
1
1
1
4
1
1
2
1
1
1
16
1
1
1
1
1
1
7
2
1
6
1
1
8
193
2
1
10
1
93
2
5
1
1
5
2
1
6
1
3
2
1
1
13
4
1
1
2
22
8
12
3
11
1
21
4
4
1
5
43
3
1
1
100
1
1
304
1
1
3
1
6
1
7
1
2
1
2
3
1
1
1
1
1
3
1
7
2
2
3
1
30
2
1
1
1
1
1
1
4
1
1
30
5
1
21
2
45
1
2
1
1
1
4
1
3
1
1
5
1
1
1
1
2
2
1
1
14
6
2
4
28
1
1
1
28
1
1
1
1
2
25
1
5
1
1
1
1
1
2
2
2
1
1
1
6
1
1
2
1
1
10
1
1
5
6
7
57
1
2
1
1
1
1
1
1
1
1
26
1
48
1
29
192
3
1
1
1
1
1
5
1
4
1
1
1
1
5
1
468
3
1
1
1
1
1
1
2
1
1
10
1
1
1
2
5
2
1
1
1
3
1
4
1
1
1
1
1
1
1
5
10
1
1
1
1
1
1
141
3
16
32
113
18
1
44
6
4
2
2
2
4
1
24
1
4
1
3
124
3
3
10
1
4
2
2
1
2
1
1
1
105
1
3
1
1
1
14
8
96
1
1
1
2
2
2
3
1
1
8
8
1
1
4
1
1
3
15
1
1
1
2
1
3
4
2
1
1
3
4
2
3
1
1
1
9
1
1
2
1
2
1
1
1
1
2
9
2
54
1
3
1
1
2
2
1
1
2
1
1
15
2
1
1
1
1
1
1
1
1
2
1
3
1
2
1
1
1
1
2
1
1
1
1
1
1
219
1
6
1
1
192
1
2
3
1
1
4
1
1
1
1
3
2
1
1
2
2
1
1
69
1
2
103
3
1
1
1
1
1
1
1
1
1
2
76
1
1
1
1
5
1
6
21
6
3
1
4
1
2
1
1
2
9
1
1
1
1
1
1
3
1
1
1
1
1
1
1
1
15
1
2
1
1
1
1
9
1
1
1
1
1
1
3
1
1
13
1
1
5
1
2
1
1
1
1
1
1
1
1
1
1
1
1
2
1
1
1
3
2
1
1
1
1
1
1
1
1
1
1
1
9
1
2
3
3
10
1
1
1
3
2
1
71
164
1
2
1
6
1
2
30
1
1
1
8
5
1
17
1
1
1
5
2
34
22
3
1
1
3
9
47
6
8
2
1
208
349
1
1
1
1
2
1
1
2
1
4
1
16
5
5
5
31
2
1
8
407
31
1
2
3
1
6
12
80
1
2
2
1
2
1
1
1
1
243
2
1
1
1
1
1
3
1
246
1
2
2
3
2
1
1
4
1
4
1
4
5
1
7
1
6
1
9
2
1
1
1
2
2
4
2
4
1
1
12
1
20
3
1
6
2
2
7
3
2
1
4
1
1
1
1
5
1
1
3
6
1
2
4
6
119
8
1
3
1
13
180
3
7
1
2
6
47
1
9
5
2
4
1
1
6
1
1
1
4
1
6
8
10
4
2
12
2
6
6
7
11
6
6
1
2
1
1
2
10
2
1
2
6
1
2
1
22
2
297
25
2
28
38
1
1
2
46
3
1
1
10
1
1
2
7
42
1
2
134
42
1
3
17
5
15
3
5
24
7
3
2
11
1
5
8
10
11
2
1
3
59
95
12
2
1
1
1
8
6
4
16
1
1
42
1
1
1
10
4
18
5
19
2
1
25
6
21
2
1
10
16
145
1
1
1
1
28
9
1
1
2
1
4
164
2
4
1
1
1
1
1
9
1
3
1
1
2
9
1
1
2
3
2
3
1
1
159
3
2
3
2
2
2
4
1
1
2
37
1
69
51
21
33
1
1
1
4
1
36
2
1
1
14
3
14
1
3
2
1
2
1
8
1
4
4
1
3
4
1
1
4
1
51
16
1
1
1
3
72
23
1
1
3
1
1
1
1
2
1
1
4
1
1
2
11
1
1
1
1
9
1
2
9
1
4
6
4
6
1
56
1
2
1
52
1
16
2
1
1
2
15
3
8
1
3
15
1
3
16
91
2
1
49
1
1
1
1
4
3
1
3
12
2
1
3
13
5
68
8
7
1
1
1
1
1
2
1
2
2
1
4
10
6
1
16
1
2
4
63
2
1
2
1
3
1
1
3
1
2
2
1
1
1
1
1
1
5
2
1
11
5
51
1
109
4
2
74
2
1
1
1
1
3
1
1
1
7
24
1
1
1
1
4
1
3
1
2
15
1
1
1
1
2
1
2
2
1
1
3
1
1
1
1
1
2
43
1
1
1
1
2
7
138
2
2
1
5
2
1
247
1
2
2
1
1
1
1
33
67
1
37
9
2
45
1
1
17
3
12
2
16
122
1
1
2
2
6
1
2
1
1
6
1
3
6
4
8
1
33
2
76
17
154
1
1
3
1
5
1
1
4
1
1
3
1
1
1
1
1
12
1
6
70
2
1
8
2
1
3
1
10
1
45
6
2
1
2
1
1
5
2
8
1
3
1
2
10
1
1
16
16
1
1
1
1
1
1
1
1
3
1
1
4
20
1
2
8
1
3
6
1
1
1
3
5
13
43
1
1
1
1
1
3
2
42
91
341
1
1
1
4
1
2
11
1
1
1
3
1
2
1
3
3
1
317
6
2
99
3
1
1
16
1
1
1
2
5
1
2
5
57
17
2
14
3
20
1
9
1
3
1
1
2
5
35
1
27
1
6
1
3
1
1
48
9
2
10
2
1
1
1
18
1
10
2
21
1
15
1
12
3
26
9
36
9
74
175
9
58
13
3
1
1
1
2
2
2
1
2
7
3
4
2
5
18
9
1
35
276
3
1
1
2
1
1
1
2
1
1
2
1
1
2
9
1
3
1
5
14
5
1
1
1
4
1
69
1
1
2
4
1
3
1
1
26
102
6
7
1
2
2
170
1
61
4
7
1
1
2
1
1
1
1
8
1
1
1
53
8
2
20
1
7
2
22
1
1
1
4
1
1
1
1
1
2
1
3
7
1
2
1
2
25
4
2
1
29
294
7
1
1
1
1
10
8
10
2
90
1
1
14
2
1
1
1
2
3
2
1
367
1
1
26
1
1
2
8
7
6
1
2
1
1
10
1
1
1
1
1
1
1
1
1
1
1
1
1
3
1
2
3
3
29
2
1
1
1
1
1
1
1
257
5
4
1
1
1
1
2
1
1
49
1
5
1
2
6
1
2
1
1
7
2
3
149
1
6
1
2
10
78
1
2
1
2
1
2
2
69
1
3
5
2
2
10
2
3
3
5
7
1
2
2
12
23
2
1
1
12
10
3
22
4
5
2
1
1
63
1
1
3
3
7
4
1
1
4
7
10
1
3
1
1
4
1
2
6
2
218
1
1
2
6
1
2
2
2
6
1
6
16
5
1
1
3
1
2
1
1
1
1
1
2
1
3
3
1
1
1
4
1
36
1
2
55
29
12
9
23
2
34
6
2
3
15
2
55
1
1
1
11
46
39
56
1
1
55
2
2
1
1
1
1
2
3
4
1
134
1
12
1
1
1
2
1
10
2
2
1
1
456
1
16
2
3
2
245
1
21
3
5
11
1
3
1
13
2
5
1
3
1
1
43
1
1
1
4
1
1
1
3
328
1
1
2
1
13
1
2
24
3
76
2
2
2
1
1
1
5
13
7
14
27
5
1
8
224
1
1
1
1
57
1
1
1
3
1
2
1
2
2
1
1
2
1
1
1
1
2
2
1
1
1
1
1
2
1
1
1
2
9
256
1
1
11
2
1
1
5
5
4
1
1
1
2
4
1
5
1
1
1
2
15
17
114
10
11
40
2
1
2
1
4
1
1
1
1
29
1
5
1
24
397
1
58
251
5
3
1
2
5
2
286
1
3
1
4
2
1
1
1
1
19
1
51
40
1
1
1
28
15
3
2
19
34
1
3
1
1
3
1
1
1
1
25
28
1
4
1
1
1
2
1
1
23
3
5
5
1
1
1
2
1
2
2
4
1
5
1
1
7
3
1
1
2
2
1
6
1
1
2
1
1
2
4
3
1
1
2
1
1
1
1
1
1
4
2
2
1
2
1
3
3
6
1
28
29
3
9
1
9
2
1
48
19
17
4
1
48
2
1
1
2
1
489
1
1
1
1
3
70
1
1
1
38
298
13
190
2
3
6
25
1
12
54
1
19
11
2
11
56
21
75
3
1
7
4
72
1
33
1
8
1
1
4
1
2
1
2
1
9
1
1
1
190
144
2
1
1
1
1
5
4
1
333
2
7
2
3
2
4
188
8
3
1
27
8
1
1
1
2
3
2
6
2
1
40
1
3
9
6
4
12
3
6
1
1
3
2
1
3
19
12
1
1
9
1
4
1
7
1
1
1
1
5
3
1
1
1
1
1
1
1
1
1
1
8
1
8
3
81
4
19
1
1
4
2
1
4
1
113
12
32
57
1
8
5
3
6
30
29
3
1
6
327
53
13
2
9
1
5
35
73
1
87
4
1
1
1
1
3
2
5
1
1
3
2
9
2
1
1
2
1
2
1
1
1
1
26
3
53
3
1
1
16
1
2
2
2
1
3
4
2
25
3
2
1
4
2
15
1
1
8
1
1
1
1
10
1
9
2
1
1
34
13
1
3
1
209
2
1
3
1
4
18
4
1
1
1
1
1
2
1
1
1
1
1
1
3
1
1
1
5
2
1
2
1
1
1
77
15
1
1
1
2
1
532
1
1
1
1
2
1
1
1
44
15
2
1
32
1
1
1
1
2
4
1
1
1
1
4
1
1
2
1
1
2
1
1
1
3
7
2
1
1
1
1
310
1
2
2
24
1
1
2
6
1
1
1
1
1
4
6
1
1
1
1
9
161
3
2
1
1
41
1
2
5
2
1
1
1
2
2
2
3
2
1
3
1
23
1
17
1
2
34
1
6
1
3
10
3
1
26
3
2
17
1
1
1
4
3
3
6
14
4
1
1
1
3
1
59
6
1
1
1
1
1
1
1
2
1
1
1
4
1
1
36
55
334
1
1
1
15
1
1
2
1
17
1
1
1
2
1
1
1
1
1
2
1
1
3
1
1
6
2
2
1
1
407
1
1
1
4
1
1
1
1
1
1
1
2
5
2
1
1
1
5
4
1
1
1
2
1
2
1
1
1
3
1
1
1
16
6
1
2
20
1
2
1
1
1
16
1
1
1
1
82
1
1
1
6
25
17
60
2
49
10
7
4
5
6
1
4
17
1
2
1
4
1
8
1
48
9
2
24
1
1
9
3
7
9
2
1
2
9
3
20
1
1
2
1
1
2
1
1
1
1
1
2
1
2
1
3
5
2
30
7
3
1
1
4
29
130
2
3
3
1
6
1
1
1
1
1
22
1
5
6
1
1
14
5
2
1
2
2
1
15
11
2
4
3
2
6
63
8
7
6
1
4
8
3
154
39
22
30
7
3
1
2
21
1
29
119
8
2
2
1
7
7
12
4
2
88
6
7
3
5
4
8
25
1
11
4
1
16
42
1
2
5
2
3
25
1
1
34
70
7
5
13
7
3
1
2
5
5
1
2
2
11
1
1
1
1
28
1
2
2
1
1
8
2
1
3
2
5
2
3
3
2
1
12
1
1
2
1
12
41
2
36
1
22
2
1
40
156
2
22
6
38
50
4
22
57
10
2
25
2
15
9
58
46
27
9
15
6
3
42
9
146
22
28
46
7
5
9
7
65
4
9
8
6
25
3
2
6
11
5
1
1
64
34
26
2
16
109
12
57
19
10
4
44
1
1
2
16
5
3
1
47
120
7
23
1
4
8
4
16
2
102
17
79
2
15
1
2
1
1
1
6
14
2
27
1
271
8
9
1
4
1
1
5
9
5
1
6
1
4
53
30
53
1
11
2
4
17
13
5
4
1
2
13
16
1
1
1
57
77
43
7
2
235
56
3
4
2
478
1
1
2
1
3
31
8
1
25
5
34
52
9
3
35
28
4
1
23
1
60
6
3
3
7
1
1
1
108
12
12
47
4
1
22
7
76
4
29
28
59
24
2
18
59
3
1
1
2
32
9
5
11
1
1
1
4
1
57
20
1
10
1
7
3
2
2
1
1
20
74
1
2
33
3
8
1
1
1
2
1
82
1
14
9
1
1
4
1
1
1
1
2
1
4
51
2
138
1
4
1
20
1
3
56
1
1
5
1
19
1
5
7
2
1
1
4
16
10
26
68
1
11
6
1
1
2
1
1
2
1
1
1
4
1
2
1
13
2
3
1
7
1
1
2
1
2
1
4
1
11
7
93
1
2
2
86
1
1
1
4
2
28
1
1
20
7
1
1
5
62
6
1
17
177
1
1
4
3
1
1
1
2
294
10
44
1
21
8
2
1
1
9
7
3
1
2
1
15
24
29
4
3
14
13
28
1
13
7
1
1
1
7
5
5
17
12
1
6
1
13
12
26
9
1
19
4
4
1
27
3
5
1
2
1
1
1
2
6
6
51
151
4
10
2
15
9
6
37
11
206
1
5
11
1
3
6
2
2
3
13
44
1
25
1
2
20
33
4
6
2
5
31
9
6
8
70
63
1
1
1
24
2
3
2
3
2
13
1
1
1
2
4
9
49
1
8
35
1
1
10
1
1
3
1
37
3
1
2
1
14
1
3
13
1
6
21
1
2
1
42
1
1
5
5
1
1
1
1
4
11
1
488
1
1
1
1
1
3
1
3
20
2
1
1
1
1
4
1
11
4
5
1
2
1
1
1
6
22
86
1
1
5
7
1
288
2
2
1
7
1
130
1
1
1
3
1
8
1
1
2
51
1
1
1
1
1
14
1
22
1
1
1
1
5
197
5
2
1
1
21
1
15
35
27
1
1
1
8
16
17
1
1
124
3
2
43
11
2
4
2
2
18
7
1
10
5
1
1
1
9
1
1
1
3
1
44
234
3
2
5
11
1
3
2
3
34
8
1
1
1
1
42
1
1
1
8
2
17
1
6
86
1
2
335
39
3
39
1
1
109
2
4
2
1
1
1
2
40
65
1
3
1
1
13
84
1
1
1
2
1
3
3
4
1
4
1
12
1
2
4
2
4
15
1
5
2
1
6
9
4
1
8
3
3
1
2
4
4
19
8
1
1
4
46
1
5
28
4
1
28
31
6
3
12
1
2
1
2
6
27
10
1
3
1
1
18
1
9
1
1
1
2
1
1
1
1
1
4
2
408
2
1
1
1
1
1
1
2
1
1
423
1
6
1
5
4
1
1
52
1
5
20
1
1
1
1
1
7
1
5
4
1
1
2
21
1
1
1
1
1
1
1
1
1
1
1
1
14
1
1
1
1
2
1
1
59
2
23
2
1
1
1
1
1
2
1
4
1
2
8
1
1
1
25
1
6
1
1
10
10
2
1
1
1
1
220
1
4
14
3
3
1
5
6
1
1
1
1
20
8
1
7
1
3
2
2
2
3
329
1
2
3
1
1
1
66
1
3
1
1
2
1
2
1
2
1
1
1
1
1
1
1
1
1
2
3
1
1
1
1
1
6
1
1
1
1
6
2
2
1
2
6
2
2
1
4
3
2
3
1
1
1
1
2
2
1
1
3
1
3
44
25
1
16
1
1
3
1
9
1
1
4
1
1
1
1
1
6
5
7
1
1
6
3
1
5
1
1
1
4
1
1
2
1
1
1
2
1
2
2
1
1
1
2
2
2
1
1
2
1
1
2
3
5
5
18
6
19
16
12
3
17
8
2
1
69
1
1
1
3
1
1
2
28
1
474
1
2
3
1
1
1
1
1
4
1
1
1
2
2
11
1
1
1
494
5
1
3
1
1
1
2
2
1
1
4
1
2
2
1
1
3
10
38
51
1
1
5
1
1
3
1
1
1
1
1
1
3
2
1
112
1
1
2
1
1
9
1
1
218
1
1
2
1
2
1
1
1
1
8
17
2
1
1
1
1
1
1
1
1
2
2
1
2
1
3
1
4
1
15
1
1
2
2
1
1
37
1
3
1
1
2
1
1
1
1
1
1
1
1
1
1
165
2
2
4
86
1
1
1
1
2
19
6
49
8
153
6
14
101
100
81
70
14
3
1
3
2
2
1
1
1
2
71
3
1
4
4
5
1
1
1
14
1
1
1
14
1
6
8
2
1
1
2
1
379
17
46
11
1
1
1
1
4
12
35
79
1
5
1
1
18
2
11
1
1
3
6
1
10
74
12
1
1
1
274
14
4
1
1
5
30
2
1
1
44
25
1
1
1
1
1
23
1
1
1
1
1
3
1
1
25
8
9
1
1
121
21
1
1
1
1
1
1
1
1
3
1
1
6
1
2
3
9
1
19
1
14
1
1
1
64
2
1
15
15
3
6
2
3
1
1
1
3
5
1
1
1
43
1
6
1
2
2
11
9
99
1
1
4
11
1
1
1
1
1
1
1
1
1
1
1
1
32
1
1
1
1
46
1
3
23
4
13
35
1
19
1
1
2
1
1
1
1
4
1
1
41
1
1
7
3
1
1
1
1
1
1
3
1
1
1
1
1
1
13
1
1
1
1
2
24
1
2
1
1
2
1
1
1
5
65
11
4
18
1
19
15
4
4
30
4
7
14
96
7
18
4
28
1
6
3
3
1
1
1
26
2
1
14
77
7
1
321
39
1
1
1
9
1
1
6
2
1
1
1
1
2
6
1
1
49
22
36
377
13
9
6
23
1
1
6
9
1
22
4
2
1
1
5
6
2
26
5
2
1
2
16
2
2
1
5
10
1
19
1
32
1
2
3
85
24
1
3
1
1
1
1
1
1
2
6
38
1
1
1
2
2
3
2
2
2
2
2
1
28
1
1
4
1
1
81
1
2
37
1
7
8
408
12
76
14
29
2
1
1
2
9
19
21
17
2
3
1
69
1
1
21
4
284
6
4
27
1
1
2
249
5
25
17
4
2
1
1
1
12
1
3
52
2
1
10
2
1
2
11
11
1
12
4
1
19
1
1
2
4
3
1
18
28
16
11
1
1
6
6
24
4
24
33
17
19
27
28
20
3
274
20
91
1
158
5
40
31
18
12
46
21
1
21
1
2
2
1
1
1
18
1
2
19
2
377
11
21
14
21
2
60
3
1
1
1
1
53
3
160
1
16
16
2
1
216
9
2
51
10
2
1
31
2
34
2
1
1
10
36
1
119
4
8
20
12
33
1
8
1
1
1
5
2
2
1
2
1
1
1
2
1
1
1
1
1
3
1
1
1
1
1
9
1
1
1
1
1
1
1
9
1
1
1
2
1
1
3
1
1
1
3
21
1
1
1
1
1
1
3
1
1
1
1
1
2
428
2
139
2
3
1
1
1
2
1
1
1
1
1
1
1
1
3
2
157
1
2
1
1
1
1
4
29
1
1
6
1
14
8
3
2
50
1
10
1
6
11
1
13
2
1
1
9
2
3
3
5
2
15
1
2
3
2
2
1
1
1
1
1
1
1
1
15
1
1
1
1
1
1
1
1
5
3
2
1
1
1
1
1
1
4
3
2
2
20
1
1
1
1
2
2
1
7
6
1
1
1
1
2
1
1
1
1
1
1
1
4
3
1
3
1
2
1
1
1
1
1
2
1
1
1
1
1
1
1
2
3
6
1
1
1
8
3
2
1
3
1
4
2
1
1
1
1
1
5
35
46
1
1
1
1
1
2
1
1
1
2
62
2
1
1
1
3
47
1
4
2
1
1
2
1
2
128
34
68
40
2
1
1
2
1
3
1
4
3
1
21
4
8
31
1
4
1
1
1
57
2
1
1
2
1
2
7
46
1
26
2
9
3
5
42
1
7
1
7
1
2
1
4
1
1
2
1
1
1
3
2
1
2
3
1
1
45
2
1
3
1
1
8
23
8
6
33
41
56
3
63
8
1
1
2
2
2
21
5
1
5
2
1
10
3
1
2
1
2
2
2
7
1
1
1
1
4
8
9
6
42
1
4
3
1
1
1
3
1
11
1
3
12
2
2
5
1
1
1
5
27
1
3
1
1
1
35
225
2
1
1
1
2
3
1
1
20
1
1
7
1
1
1
2
4
8
1
1
2
5
22
1
1
20
1
1
2
3
1
1
3
1
3
1
26
1
1
1
5
12
1
1
4
2
55
2
3
1
1
1
1
3
1
2
11
2
3
5
1
1
1
1
1
1
7
1
1
1
2
3
1
1
1
1
1
1
5
2
1
2
1
234
5
52
2
3
3
1
1
1
41
176
2
1
1
4
2
2
2
1
2
4
5
31
1
1
11
2
1
318
1
1
1
1
2
1
1
1
1
1
1
1
1
198
44
1
3
1
1
2
3
2
7
3
1
5
3
1
3
1
2
2
124
32
1
1
1
1
5
9
4
1
6
1
18
2
1
2
1
1
2
50
14
11
27
1
11
1
10
1
1
1
1
1
1
1
9
9
2
1
1
1
14
1
1
1
6
6
2
4
4
1
1
1
1
1
1
1
2
1
1
2
1
13
3
11
1
1
3
5
71
5
1
1
1
2
22
2
1
23
2
8
6
5
1
3
4
6
7
1
4
1
13
1
1
1
1
2
1
1
1
19
2
1
1
1
1
1
1
6
1
1
2
4
1
1
15
1
4
1
1
1
2
5
1
1
2
3
2
1
1
1
1
2
1
1
1
4
8
12
116
2
1
1
1
4
7
1
1
53
2
1
3
1
1
2
1
1
2
1
1
1
21
1
1
101
3
1
118
93
2
30
1
1
2
3
11
1
285
1
1
2
35
1
1
4
9
34
1
145
1
1
7
1
1
1
1
2
1
1
1
1
1
1
1
1
3
58
1
1
439
1
1
1
1
1
1
1
4
4
2
1
1
1
1
13
1
1
1
1
1
55
1
1
1
1
1
1
1
1
1
1
1
1
2
1
18
6
3
2
1
4
2
1
8
4
3
3
5
1
28
1
65
1
31
22
1
3
27
5
1
4
1
1
2
8
1
2
1
1
3
1
1
2
1
95
91
1
1
1
18
1
1
1
12
1
101
2
1
1
2
5
1
8
6
1
1
1
1
114
17
52
18
20
55
45
7
14
71
28
6
80
17
40
3
3
1
1
4
4
1
3
17
5
44
257
2
1
6
1
89
1
53
5
3
1
2
1
1
5
201
230
4
17
41
4
1
26
47
1
25
45
22
257
1
66
19
10
28
86
324
30
6
31
1
15
1
25
29
7
91
45
189
10
11
19
14
75
284
32
13
3
5
50
43
70
4
6
25
1
1
1
4
1
4
5
1
1
2
35
1
17
1
1
1
1
2
2
17
1
2
6
1
2
1
445
1
1
1
1
1
1
2
1
1
1
2
1
6
1
1
4
2
2
1
1
1
17
1
6
1
1
58
1
3
297
1
1
4
4
1
1
2
5
1
1
1
27
1
119
7
1
2
1
12
1
1
53
22
1
1
21
1
1
1
1
1
1
1
1
43
1
2
1
1
102
76
13
2
1
1
2
3
1
48
1
6
1
1
2
1
1
1
3
17
97
3
1
1
1
2
1
1
1
2
1
2
6
1
1
1
1
1
1
1
1
1
1
1
1
1
156
73
1
1
1
3
1
1
1
1
1
1
133
3
1
1
2
1
8
6
1
1
1
9
1
1
1
1
1
1
1
10
1
1
3
1
2
1
1
2
2
1
1
1
9
1
2
2
2
5
1
6
1
2
3
8
2
1
3
1
1
1
1
1
17
2
1
1
10
1
3
1
1
1
3
11
2
1
1
194
31
52
1
2
1
1
1
3
2
14
4
2
1
3
1
3
1
1
1
1
1
1
55
3
1
1
1
2
1
2
1
1
1
1
1
1
1
3
1
4
296
7
1
1
1
1
1
1
1
1
42
11
1
1
1
2
1
1
1
2
1
1
1
1
1
3
2
1
1
1
1
3
4
1
1
1
5
2
1
4
4
1
1
2
1
1
1
1
324
1
1
3
1
1
2
1
1
1
2
3
1
1
201
1
1
1
1
1
1
1
2
1
1
2
1
22
4
1
1
1
2
1
1
2
2
1
1
1
1
1
1
2
1
1
1
1
1
4
230
3
1
5
4
1
1
1
2
1
2
1
1
1
1
338
76
2
3
1
2
1
1
1
1
1
1
1
1
1
1
1
1
1
2
1
1
1
1
1
1
1
1
1
1
1
1
2
1
1
1
444
1
2
2
1
3
3
1
1
1
1
1
5
2
1
1
1
2
6
1
2
7
1
1
50
88
1
22
295
1
1
11
2
1
1
4
1
1
2
4
6
53
1
1
1
3
1
1
11
3
4
5
1
1
2
6
3
2
1
1
1
3
1
13
8
1
1
9
2
3
2
8
16
47
3
19
19
2
1
112
222
1
3
22
1
2
3
7
1
119
1
1
1
1
1
4
2
1
2
15
63
1
4
1
2
1
3
1
1
3
1
1
1
6
310
1
1
1
4
2
1
12
2
2
1
1
1
42
2
1
4
4
1
1
1
1
1
1
1
1
1
1
8
4
31
3
27
1
1
1
2
1
1
5
1
2
5
3
3
4
1
1
1
1
6
1
1
2
8
6
1
177
3
1
1
1
9
1
3
3
2
1
1
151
29
1
5
1
218
1
1
1
9
4
2
1
6
1
1
1
1
5
1
1
1
38
1
1
2
5
4
2
1
1
1
1
1
1
1
2
1
1
2
4
1
1
232
2
1
1
1
1
1
1
40
1
1
1
1
1
1
1
1
1
9
7
31
1
3
5
1
1
1
1
1
18
1
3
4
1
1
1
1
1
1
1
2
1
1
4
16
1
1
1
2
4
226
1
1
1
1
4
1
53
86
3
1
1
1
6
1
1
5
1
1
1
1
1
266
2
4
1
1
1
8
2
4
1
1
4
2
1
2
1
1
55
1
1
1
1
1
1
1
1
1
1
10
56
1
1
1
2
1
1
1
1
1
1
1
2
2
1
3
10
3
2
1
7
5
7
2
1
16
3
13
1
1
1
1
10
6
26
4
1
27
2
1
1
21
4
6
46
4
1
2
4
11
1
1
1
1
1
18
1
1
1
1
1
1
2
1
1
1
1
2
1
1
1
1
1
1
3
1
228
1
3
1
1
1
1
4
7
18
3
4
1
4
23
45
1
1
1
2
4
4
21
2
1
1
1
1
4
1
23
48
3
1
9
1
16
1
86
1
1
46
13
1
4
5
1
1
6
1
2
2
1
43
3
4
37
9
1
5
3
5
1
1
15
1
1
2
1
1
1
4
4
6
1
1
4
1
3
43
11
15
1
1
1
1
2
2
1
1
2
2
8
7
1
1
12
14
452
3
1
2
1
1
2
2
1
1
20
3
1
1
8
2
1
25
1
1
1
127
24
11
57
60
360
4
40
1
5
1
1
1
1
2
1
1
4
1
1
1
1
1
1
3
1
1
2
6
1
15
2
1
1
2
1
1
1
70
2
