1
1
47
2
11
250
30
59
151
58
39
119
176
140
85
110
23
18
643
63
42
36
74
40
28
23
2
134
26
91
3
168
104
61
159
1
73
143
79
389
2
1
6
12
3
54
246
33
40
183
1
11
78
5
9
77
15
50
59
10
2
25
51
6
10
264
308
43
14
207
103
39
85
11
2
9
50
14
89
14
24
29
12
705
12
9
364
35
95
15
10
1
19
157
1
28
2
93
12
39
101
111
523
1
97
60
4
1
337
2
124
66
550
182
226
2
377
4
46
184
116
36
22
6
109
4
129
11
7
40
268
2
440
186
42
55
21
1
17
31
2
103
132
14
96
4
11
30
16
10
39
5
19
49
37
11
17
47
5
28
1
140
69
469
5
656
1
13
25
107
158
2
630
26
22
195
1
18
20
27
9
132
27
15
494
15
55
20
36
368
2
37
109
161
3
98
77
25
7
2
33
160
196
36
233
42
46
202
167
5
216
45
6
19
103
59
296
240
7
520
571
4
125
16
3
1
55
2
486
4
4
469
470
9
28
100
10
31
202
59
71
8
152
53
23
84
3
269
296
7
1
281
33
516
6
240
16
283
298
73
9
3
54
2
57
2
77
21
56
91
274
28
87
75
67
92
45
6
172
3
48
5
2
186
3
21
1
176
21
80
48
146
298
11
98
327
12
18
81
33
21
54
66
54
183
632
575
72
25
43
1
4
13
70
152
37
5
12
71
16
87
6
322
37
216
27
413
14
3
3
717
9
3
15
5
26
3
174
68
26
70
3
4
28
25
36
12
36
4
34
3
208
47
3
3
5
79
8
13
3
2
295
14
7
40
2
27
4
25
26
5
3
97
95
2
56
33
73
19
19
1
1
92
15
12
19
15
12
21
1
54
176
12
189
35
83
300
23
510
11
28
1
20
623
25
218
5
16
503
28
7
19
57
3
258
47
6
3
23
125
31
4
32
7
15
108
395
55
18
22
367
1
4
19
235
23
21
92
31
1
24
14
3
71
19
6
3
36
66
6
30
15
20
35
44
1
52
31
49
23
4
162
134
222
30
1
1
7
67
1
338
20
33
7
5
121
8
36
9
21
7
636
43
18
749
447
94
19
50
1
430
1
18
31
1
36
29
481
35
7
3
25
120
18
1
440
22
79
333
19
5
110
2
268
130
33
107
119
39
117
143
121
43
92
49
20
20
11
172
1
390
538
83
51
19
46
127
191
78
70
256
53
8
6
26
1
91
244
20
1
13
152
124
28
40
152
8
3
102
22
69
75
274
633
404
2
32
8
49
7
382
3
211
1
4
1
1
1
380
9
26
68
370
26
7
114
86
8
217
2
37
2
2
4
501
18
7
114
181
58
104
10
14
2
608
34
449
6
15
4
101
175
2
279
45
161
47
24
16
26
296
3
82
4
148
191
24
145
10
96
76
13
165
5
4
20
13
18
427
348
313
1
51
30
5
25
29
472
4
24
51
138
20
10
74
65
32
59
52
1
512
59
4
116
317
23
667
18
136
115
88
7
20
69
599
2
1
144
7
5
3
110
1
78
3
271
12
131
145
16
2
23
21
62
2
328
5
41
6
64
3
1
1
8
10
65
33
167
10
67
92
58
88
8
3
7
571
26
53
181
18
93
246
21
6
47
5
1
1
39
239
62
4
65
64
33
2
19
136
1
1
14
11
228
2
222
276
277
33
23
402
3
41
11
41
67
85
2
75
86
75
200
34
6
1
94
16
112
37
2
94
763
4
7
289
111
62
273
68
33
1
286
13
5
2
12
1
78
34
56
201
3
43
107
3
1
8
35
46
1
1
1
1
1
1
1
1
1
1
1
1
1
1
1
1
1
2
1
1
1
1
2
2
1
1
9
1
2
1
1
1
1
1
1
2
7
1
1
1
282
1
1
1
1
14
7
1
1
1
1
2
3
4
6
5
4
2
9
1
1
1
1
1
1
1
1
1
3
2
192
1
1
6
6
1
21
5
1
1
1
1
3
7
1
1
2
3
10
1
5
16
1
1
1
6
2
1
1
1
2
3
1
4
1
1
4
8
21
3
726
252
3
1
1
2
1
32
18
2
60
1
1
1
1
1
7
128
6
8
36
1
4
7
6
3
1
1
1
1
23
4
8
1
1
7
1
2
3
28
4
1
7
1
16
1
1
1
3
1
2
1
1
4
16
2
4
2
12
18
1
10
1
31
23
14
3
27
18
73
1
73
3
45
4
7
1
1
1
12
17
2
1
20
7
6
3
1
1
23
2
27
1
2
1
2
1
1
9
1
10
1
1
1
1
2
1
1
1
10
1
2
55
1
148
11
11
4
2
80
1
4
1
56
1
1
1
2
3
2
1
1
1
1
21
25
1
3
1
1
6
27
9
1
1
1
1
1
1
1
1
2
1
1
1
3
1
2
2
4
1
1
1
2
1
1
1
1
1
21
1
1
1
1
12
1
3
1
1
1
7
3
6
5
23
1
55
1
4
1
2
1
1
1
1
2
1
1
4
1
1
1
1
2
2
1
1
1
189
1
1
18
6
1
7
1
1
1
1
99
1
1
16
2
1
1
3
2
3
1
2
1
1
6
2
7
1
17
12
1
1
6
23
1
12
1
1
1
2
1
1
9
1
2
1
1
1
1
2
1
1
1
1
6
1
1
1
1
83
2
58
1
11
1
2
1
15
1
2
3
5
1
3
1
7
49
4
5
2
2
3
245
2
1
2
3
1
16
11
1
2
4
2
1
1
1
4
7
1
1
48
6
3
4
6
8
1
1
3
1
1
1
2
1
1
1
3
1
1
1
1
1
1
1
1
2
4
1
1
1
1
4
3
2
1
1
26
166
1
2
1
2
1
1
1
1
1
1
1
1
2
8
2
3
1
2
8
1
2
1
1
1
1
3
3
2
1
1
1
18
20
100
7
79
4
1
1
4
1
5
1
1
4
3
1
1
1
1
1
3
2
1
5
3
2
1
2
1
1
7
2
14
1
4
3
10
3
2
1
5
2
1
5
1
2
8
2
1
1
1
6
13
5
2
1
26
19
10
80
1
1
2
115
1
1
1
7
2
1
1
1
2
11
1
1
28
8
1
1
1
5
1
170
1
1
5
2
1
1
14
35
5
32
26
1
8
12
4
5
30
1
1
4
3
1
5
1
1
2
1
2
2
1
1
3
1
5
1
4
159
2
2
1
29
119
11
119
61
59
12
15
1
1
99
20
2
3
1
1
1
7
2
68
2
1
76
1
1
3
2
3
3
7
12
1
30
11
5
1
19
86
3
94
5
200
7
3
1
10
35
12
2
13
2
1
42
16
15
2
10
3
4
50
5
1
2
58
1
13
20
25
3
1
1
1
1
2
27
1
1
8
5
1
3
1
1
10
13
1
1
111
7
4
4
1
1
3
248
3
1
2
1
1
5
1
1
1
1
2
1
4
1
1
2
2
153
18
1
5
1
1
1
1
1
1
106
5
4
1
2
1
1
3
45
1
20
1
2
2
35
1
1
17
1
4
1
1
1
4
1
3
1
3
1
186
1
1
1
2
2
18
11
2
7
1
122
23
3
9
9
3
1
2
1
199
2
4
6
2
62
7
3
1
2
5
1
5
1
1
1
7
32
3
1
2
1
1
5
5
4
1
61
1
1
38
3
1
1
1
2
1
1
3
3
5
7
8
1
26
3
6
6
3
1
6
1
1
1
5
12
7
1
6
16
1
1
3
1
5
1
4
1
1
1
10
3
1
1
1
1
1
13
1
16
1
4
2
2
1
2
1
1
1
1
1
6
1
1
2
10
2
1
2
65
1
9
1
1
4
1
2
2
1
1
6
1
1
6
4
12
112
13
167
8
1
4
8
2
1
5
1
7
1
4
69
1
103
2
8
3
1
2
2
83
8
3
1
1
13
1
1
1
1
1
1
2
1
1
9
1
1
2
1
3
1
2
2
1
1
1
112
1
1
2
20
1
1
1
1
1
1
26
23
1
5
1
2
23
7
7
1
1
1
1
1
13
1
1
2
2
3
1
1
5
2
1
1
1
1
1
1
1
1
1
1
1
1
1
1
1
2
3
23
4
1
1
2
1
1
1
1
1
1
1
1
1
1
11
2
1
4
2
4
1
6
1
4
1
1
3
1
11
1
1
259
1
2
9
1
19
1
22
3
2
1
2
2
3
1
1
2
4
5
1
1
4
2
1
2
1
2
1
5
2
6
1
1
1
1
3
2
1
6
2
37
1
1
1
1
1
3
1
10
1
1
3
72
2
4
7
5
1
1
1
1
3
1
1
2
1
6
1
3
1
1
2
1
1
13
1
1
2
120
1
3
1
2
5
3
3
4
3
4
1
1
1
2
1
1
15
23
1
1
1
1
1
1
5
10
1
1
1
1
3
3
1
2
4
21
1
1
1
1
8
53
2
1
3
1
1
1
1
3
7
1
2
2
2
1
2
1
1
2
2
7
1
1
1
3
3
2
1
1
1
32
1
1
3
3
1
1
1
1
1
3
1
3
8
1
1
1
62
1
9
2
1
2
46
5
3
1
157
2
1
24
3
10
1
8
14
6
1
14
2
1
10
18
1
1
8
1
4
1
1
1
1
1
1
1
2
1
14
19
282
9
4
11
27
7
1
10
2
1
18
70
42
1
1
1
2
1
4
2
1
9
3
4
13
1
1
1
92
2
5
1
3
1
1
4
1
1
3
2
1
1
17
3
1
64
22
3
4
396
1
1
1
5
2
1
1
2
68
1
1
5
1
1
1
1
1
1
1
1
2
1
1
1
1
10
1
1
1
1
1
15
3
1
185
1
1
2
1
1
1
1
2
1
1
2
2
2
1
1
1
1
1
1
1
1
8
10
31
1
1
1
1
1
1
1
1
1
1
204
2
1
4
1
1
50
13
1
2
1
97
2
1
34
1
3
1
1
1
2
24
1
1
2
1
1
120
1
1
77
9
1
2
1
1
1
1
2
1
1
2
1
1
1
179
1
7
1
2
10
1
3
1
1
3
1
1
1
1
2
1
1
4
1
1
13
1
1
2
1
11
1
20
2
1
1
1
299
66
55
2
10
16
1
1
4
5
17
1
5
1
1
1
1
1
1
1
3
1
2
2
1
4
3
1
1
7
1
5
1
2
1
1
1
1
1
1
1
1
1
1
1
1
2
1
1
4
2
1
2
9
556
192
1
8
2
8
1
120
5
1
1
4
1
1
1
1
1
1
3
1
1
2
1
1
1
2
1
1
1
11
2
1
1
1
2
3
8
4
1
1
6
1
1
7
1
3
1
1
3
1
1
1
2
7
2
1
2
2
1
2
3
2
121
1
1
1
1
3
1
6
5
1
2
1
2
2
2
3
1
1
2
2
1
8
1
2
9
1
1
5
37
3
1
1
1
7
2
2
7
3
33
1
1
8
4
1
7
28
2
35
1
1
3
2
14
2
1
1
1
2
84
65
2
35
59
19
1
15
4
2
15
2
1
79
1
2
1
5
14
14
5
165
1
247
9
16
1
4
12
2
19
40
17
1
57
35
6
2
1
1
7
22
2
2
1
5
4
1
128
1
3
2
1
4
1
3
2
3
22
5
2
3
1
12
1
5
34
23
3
2
36
8
23
12
5
2
2
4
2
9
7
1
2
2
257
1
1
24
8
1
1
1
1
1
3
1
1
5
1
2
3
40
1
23
9
37
1
1
2
6
757
31
4
5
1
1
14
2
146
92
2
11
1
2
159
1
16
18
1
1
40
1
3
3
3
33
36
3
6
52
4
7
1
2
1
1
30
2
1
3
4
3
1
1
2
62
1
2
25
1
5
1
2
1
1
1
1
1
1
16
1
1
1
7
3
1
2
6
2
1
2
1
10
1
1
1
1
1
32
13
32
1
5
5
264
1
1
1
4
1
1
1
4
1
1
24
10
4
1
2
1
25
55
15
1
1
3
19
1
5
1
4
751
3
73
1
4
1
1
1
70
4
1
19
44
1
1
2
1
2
1
2
6
38
1
2
25
15
4
3
4
1
6
6
10
1
4
21
1
1
1
3
1
1
1
7
1
2
2
1
4
1
8
1
3
1
2
28
8
29
1
228
2
2
1
1
3
1
1
6
88
1
3
5
14
4
23
60
5
48
11
2
74
1
2
4
34
57
1
10
6
64
9
2
1
1
13
1
1
1
2
4
12
212
1
1
1
1
1
1
1
15
1
163
7
1
1
3
1
4
1
2
1
1
2
2
1
5
3
1
1
4
2
3
4
1
2
13
1
3
29
1
1
32
1
5
1
1
3
1
48
11
1
2
2
15
1
1
2
107
12
1
3
11
1
1
1
1
1
5
1
1
1
3
99
1
1
1
1
1
5
3
3
4
7
1
1
2
76
2
5
4
104
14
8
1
9
1
2
1
15
1
1
1
2
1
4
11
7
1
16
13
1
1
10
3
2
2
102
2
1
3
2
1
1
4
2
1
1
5
1
2
16
6
1
1
5
2
1
3
1
1
30
19
3
14
1
2
1
24
43
33
11
1
1
1
2
5
1
1
10
2
21
10
3
2
3
10
1
1
1
1
1
7
1
1
1
5
4
9
1
25
2
3
4
7
1
1
1
4
1
1
32
2
1
9
1
2
6
63
1
34
62
7
16
1
1
11
7
9
16
152
58
15
1
3
1
1
1
6
1
1
1
68
27
1
1
13
1
10
5
22
26
1
14
2
2
3
14
111
1
1
4
6
4
23
1
17
1
1
3
1
9
2
1
6
1
7
1
2
1
1
1
1
1
2
16
4
1
6
2
20
9
6
2
1
1
35
1
1
157
1
10
3
2
1
1
11
50
6
4
95
1
3
1
1
1
2
1
1
1
22
5
1
1
1
5
1
1
5
81
2
1
2
8
1
53
1
1
24
1
1
58
45
4
162
3
1
8
14
131
1
2
7
1
1
1
2
1
47
1
1
6
2
1
1
8
12
3
7
2
3
2
1
7
2
1
118
2
1
1
1
8
4
1
2
1
3
3
1
3
3
7
1
3
1
25
50
4
10
1
1
1
1
2
2
2
2
19
5
1
7
2
1
1
1
1
74
1
3
3
13
10
16
1
1
1
3
15
2
5
21
7
12
3
2
4
1
8
8
9
1
2
2
5
1
2
2
10
15
6
3
9
2
3
2
22
188
1
30
1
2
6
9
3
7
1
46
1
1
1
4
2
3
6
22
23
1
1
131
2
4
5
2
1
25
3
5
2
12
7
1
1
3
1
1
4
1
3
5
62
4
14
1
15
3
2
1
5
4
2
1
114
1
1
1
1
7
6
26
1
4
3
13
1
2
3
2
1
5
2
1
2
2
2
8
5
9
24
3
1
3
2
2
1
6
6
2
1
1
1
1
1
1
10
6
1
4
2
17
2
11
10
38
22
4
4
7
17
12
14
51
1
9
30
8
1
1
2
4
1
1
107
4
11
1
1
4
40
5
1
108
19
5
1
1
1
10
4
1
1
2
2
1
2
8
1
1
1
4
1
2
4
1
1
1
18
1
1
1
9
1
11
1
17
1
3
1
2
3
1
13
1
1
1
2
1
1
1
1
27
1
1
1
3
1
1
7
1
1
4
1
1
7
27
2
3
1
9
3
1
1
1
519
1
2
1
2
3
20
1
4
2
3
36
1
7
2
1
1
1
1
25
2
4
1
1
2
2
5
2
2
8
1
1
1
2
2
1
14
2
1
22
7
13
12
1
50
11
1
1
1
7
4
1
2
1
1
86
19
8
18
23
29
296
1
73
3
7
133
1
2
14
2
1
12
63
315
1
1
4
3
1
7
3
17
1
10
1
1
1
26
1
16
3
294
1
2
7
5
1
123
1
29
1
1
2
48
1
1
1
2
2
184
4
4
1
10
9
6
2
4
2
2
2
1
1
1
1
27
89
33
1
3
1
1
1
16
1
3
1
2
1
1
1
2
19
1
1
1
1
4
342
1
1
8
3
1
1
7
1
3
1
1
1
3
3
43
5
1
1
41
273
760
8
1
1
1
8
2
1
1
2
20
1
2
5
12
25
19
239
7
174
265
11
3
2
1
13
11
4
2
1
29
89
2
7
57
4
1
11
1
1
2
3
26
19
1
107
1
7
2
1
13
10
2
1
2
1
3
5
8
16
1
5
1
116
2
1
1
1
39
1
1
11
1
1
2
42
1
16
1
4
20
2
5
1
5
2
3
1
1
1
1
7
24
36
32
1
1
1
1
4
9
5
6
1
21
2
3
3
1
1
1
1
20
1
1
4
4
1
1
1
1
1
1
4
3
4
7
10
28
3
1
3
4
1
3
4
1
3
2
1
777
1
1
1
10
6
3
1
1
1
1
6
3
3
1
1
1
1
2
2
5
1
1
3
1
1
1
2
1
1
2
3
7
1
62
3
1
24
2
2
2
2
11
11
3
25
26
1
17
1
1
21
4
1
8
1
2
1
92
2
4
1
1
1
9
48
9
28
102
282
4
4
1
3
2
37
2
78
62
1
1
18
1
1
3
2
4
1
2
6
6
192
145
18
2
18
1
29
7
251
2
1
1
1
1
1
1
1
22
60
1
1
1
1
1
90
56
56
17
1
1
1
1
1
1
1
1
1
1
4
1
1
12
1
1
1
1
1
2
1
6
5
94
1
1
1
2
1
1
1
3
2
1
1
2
1
13
2
1
44
4
15
2
1
8
1
1
1
1
1
14
2
1
66
1
2
22
7
20
3
2
56
1
24
53
26
68
3
45
12
20
1
1
28
1
2
1
1
1
1
2
1
1
2
1
3
114
2
3
1
1
1
1
13
1
1
1
2
1
3
3
390
289
1
117
8
1
22
7
40
1
1
1
1
2
15
3
1
1
9
1
1
1
1
5
1
14
6
1
1
4
2
8
5
18
1
1
1
1
1
1
232
1
1
1
1
1
34
1
1
1
1
1
1
1
3
1
47
37
1
1
1
2
45
2
1
1
6
2
1
1
2
18
1
37
11
5
75
9
2
22
1
1
1
1
144
289
2
1
66
45
5
5
4
2
3
61
3
6
1
1
3
10
5
1
11
2
217
1
1
2
7
11
1
10
2
7
8
1
2
101
3
26
65
17
11
64
79
6
116
16
1
3
1
13
59
10
3
2
2
2
3
1
2
3
10
1
12
2
8
115
92
1
432
1
2
4
2
4
5
88
53
1
3
8
1
1
3
5
1
1
1
3
5
2
1
5
1
48
1
1
4
1
5
48
1
1
5
3
2
3
90
13
20
4
1
1
43
2
1
1
21
6
5
10
3
3
310
29
1
4
30
7
5
8
6
5
1
6
5
34
64
5
5
3
19
20
8
1
1
3
143
1
75
1
162
65
25
44
68
3
12
1
15
7
1
1
1
1
2
23
1
1
1
1
1
20
181
2
2
5
1
3
6
1
1
5
3
2
3
3
1
3
2
20
2
1
1
1
1
2
2
7
1
1
1
3
1
3
2
264
53
3
1
3
3
7
55
1
2
123
8
17
54
8
2
67
2
10
4
47
1
6
40
93
1
1
1
36
4
13
1
2
8
1
1
61
4
1
2
2
71
1
12
1
112
14
6
65
1
82
1
2
2
39
1
1
21
1
41
10
4
78
4
11
1
4
2
1
12
3
240
1
3
2
1
3
4
2
1
3
2
2
35
48
1
4
1
3
6
1
1
6
1
1
3
95
1
1
2
1
2
1
1
5
1
1
1
1
1
164
20
1
1
9
1
1
1
4
1
99
1
1
1
8
5
43
3
36
3
3
2
11
39
1
3
1
2
1
18
14
12
1
1
1
1
1
2
2
12
2
10
1
1
3
6
1
1
1
4
2
2
7
1
1
2
27
4
1
1
1
1
1
1
2
1
1
1
23
2
3
1
2
2
63
4
1
1
3
2
1
1
1
3
1
267
1
1
1
3
87
25
1
1
1
7
1
2
22
1
1
1
1
1
2
2
1
1
2
1
1
1
2
2
7
1
1
1
6
1
13
1
16
2
1
1
6
1
1
2
1
69
1
1
5
2
1
2
6
1
2
2
1
1
1
1
1
2
1
2
1
1
1
1
1
1
1
1
1
322
1
1
1
6
1
2
1
1
1
7
1
6
1
3
190
28
14
4
19
9
9
4
7
18
48
4
3
12
1
1
30
14
188
18
1
2
1
3
5
1
1
1
1
1
1
1
1
1
1
1
2
1
2
1
1
1
1
4
6
1
93
1
2
6
1
1
2
1
1
2
10
3
43
36
18
30
76
1
10
1
3
1
2
1
1
3
1
2
15
1
2
4
6
5
5
1
1
8
1
25
14
1
25
1
4
7
1
4
1
1
432
23
167
67
3
1
1
1
2
15
1
2
3
1
1
1
7
2
1
1
1
1
1
1
1
1
1
74
8
3
1
1
1
54
3
4
1
3
45
7
1
1
1
19
32
2
1
6
21
2
1
1
180
13
230
3
71
122
25
2
4
1
1
1
2
2
1
1
1
7
1
2
1
4
1
2
1
1
1
1
7
313
1
88
2
1
1
2
1
6
15
1
1
9
9
1
1
1
34
1
1
2
1
297
1
2
2
1
7
1
1
4
3
2
1
1
2
2
1
3
1
2
2
1
1
2
1
1
148
1
2
1
1
1
3
54
1
668
1
1
27
216
2
2
1
1
1
1
1
2
1
12
16
1
1
2
3
1
6
4
13
1
1
5
2
5
3
1
6
2
7
1
2
1
1
100
3
9
2
4
1
2
3
5
1
2
1
3
2
6
14
2
10
1
3
1
3
1
2
2
1
2
1
54
1
3
1
1
1
2
1
7
1
2
1
4
1
1
1
14
1
3
1
1
7
2
1
2
1
1
3
2
1
1
3
2
1
2
10
1
3
1
22
1
2
3
2
1
1
1
15
1
2
1
3
66
1
1
1
1
1
1
80
2
1
1
1
1
2
1
12
24
11
1
1
2
1
1
1
1
1
1
1
3
1
1
3
3
1
1
497
1
1
5
1
1
1
114
24
21
8
1
1
1
6
1
1
1
2
1
1
50
14
1
1
3
79
3
7
1
9
3
2
4
1
1
1
76
2
1
12
6
2
1
3
1
1
1
1
106
34
1
1
3
12
30
2
3
1
1
1
2
17
7
17
55
222
1
1
1
14
4
4
11
1
2
26
54
9
8
6
4
1
1
2
1
2
1
111
1
2
5
4
1
1
1
1
3
4
1
2
1
1
1
13
1
2
3
2
1
7
3
87
6
21
43
51
18
48
1
1
1
1
4
1
1
2
1
1
2
1
1
5
1
2
2
1
18
1
1
3
3
9
2
16
24
247
6
15
2
2
15
2
1
2
1
2
4
2
2
26
6
1
1
1
1
6
6
1
16
1
1
1
12
1
143
1
3
1
1
1
1
2
1
1
18
1
18
1
7
30
1
1
10
1
3
2
1
78
1
2
1
4
2
7
1
3
2
1
1
4
1
1
2
1
5
1
1
4
1
280
11
1
1
1
1
1
1
8
4
1
18
168
4
2
2
1
1
2
3
2
3
3
3
329
1
1
2
1
1
7
4
94
1
1
1
2
1
9
2
4
1
1
3
2
16
4
33
1
1
1
3
1
1
33
21
20
18
18
1
108
1
9
1
16
1
1
1
1
30
11
5
1
10
5
2
730
11
1
8
4
2
1
1
2
66
1
4
86
1
5
2
3
5
1
6
1
19
1
1
3
6
1
3
2
3
10
185
2
1
1
5
11
1
1
1
14
1
1
1
4
1
3
1
1
4
11
1
6
2
1
63
1
1
1
1
1
1
6
1
1
2
1
1
311
1
1
1
2
190
1
4
2
1
2
39
12
1
37
1
4
6
185
1
1
2
57
1
1
1
1
5
1
1
1
1
1
1
1
1
1
1
1
1
2
3
1
1
1
3
4
1
1
4
1
5
2
2
58
1
1
7
1
1
1
24
3
2
1
1
2
1
4
1
1
1
1
1
625
1
1
1
1
1
1
1
2
6
5
1
1
1
1
1
1
1
3
1
1
1
1
1
9
1
1
1
1
14
1
60
1
15
24
7
6
21
7
5
1
1
3
1
37
1
3
1
1
2
2
1
1
4
7
3
3
1
1
2
1
1
1
1
1
1
1
2
4
1
1
1
1
1
2
2
1
2
1
1
1
1
1
1
1
1
1
5
17
3
5
1
1
30
32
21
41
25
35
24
38
15
1
54
1
1
1
9
2
1
2
1
1
9
8
1
1
1
1
1
63
1
1
49
8
4
1
1
1
3
5
7
3
2
1
2
1
1
14
11
1
1
3
15
1
5
4
6
35
1
1
1
2
1
7
4
1
24
13
1
252
1
1
1
10
1
1
1
1
22
1
1
1
1
1
6
1
533
2
1
1
1
1
2
2
1
1
1
1
5
1
1
10
58
2
3
1
1
2
1
12
5
1
1
1
1
1
1
1
1
1
1
1
2
1
1
1
2
1
1
1
1
1
1
13
1
1
1
8
8
1
1
2
1
2
1
1
1
1
3
1
1
1
1
1
1
1
1
1
1
1
1
2
1
1
2
1
1
3
8
29
34
2
1
108
1
1
1
1
1
2
1
1
1
252
1
1
6
4
1
1
2
1
9
1
4
1
8
2
1
1
3
3
18
21
3
1
18
1
31
1
1
1
2
38
2
20
13
1
1
1
1
1
26
1
1
215
1
1
1
1
1
7
4
1
6
1
18
3
1
1
3
2
1
2
1
10
7
1
1
1
4
2
1
2
2
3
1
66
3
1
1
1
1
1
1
9
1
1
54
1
11
3
1
1
3
2
29
21
1
4
3
5
1
1
1
1
1
1
1
1
5
1
1
1
1
1
67
1
2
1
2
1
1
4
4
103
17
4
3
1
1
1
36
1
64
3
15
13
16
2
1
1
16
1
1
1
1
6
69
1
210
68
2
1
7
118
1
1
1
1
6
1
8
1
1
1
1
3
1
1
1
219
3
3
23
2
2
1
1
1
2
2
1
16
688
1
6
1
2
1
1
14
12
1
1
1
1
1
1
1
2
4
1
1
1
2
3
1
22
1
2
8
2
1
1
1
1
3
1
1
99
2
3
1
1
3
11
1
1
2
2
49
6
1
1
1
1
1
1
8
1
4
1
1
1
1
3
1
1
99
11
6
1
1
1
1
1
1
1
1
1
2
1
189
1
1
1
1
1
3
1
2
4
6
1
1
2
92
1
1
3
1
1
1
1
1
1
2
18
1
67
11
1
58
19
18
2
2
1
1
205
4
1
2
1
1
1
2
16
1
7
1
1
5
8
369
1
1
1
2
2
3
2
2
92
1
4
30
1
22
10
10
2
1
1
1
1
1
1
1
1
1
2
1
1
1
2
1
15
8
46
82
37
1
1
96
1
1
2
1
1
1
1
1
6
25
107
4
1
2
8
2
1
10
5
1
2
1
2
5
1
1
3
3
1
1
1
1
1
1
15
3
100
1
1
1
2
2
2
5
2
4
2
8
2
1
3
1
16
36
1
6
1
1
1
1
11
1
1
1
1
10
1
17
1
1
107
1
1
211
1
1
1
3
2
1
3
1
115
1
110
1
90
3
5
12
2
1
1
5
13
1
1
1
1
1
1
6
3
2
2
24
1
7
4
3
5
5
1
1
1
8
4
2
1
1
13
2
1
3
61
1
90
2
1
1
7
1
1
1
1
9
2
1
3
1
4
1
1
3
3
291
1
1
7
1
16
10
276
1
6
1
2
1
18
1
1
1
2
7
3
1
1
1
9
1
116
2
1
27
7
1
1
4
1
1
1
1
1
1
2
1
1
1
1
4
1
1
1
1
1
1
2
1
4
1
18
34
1
1
45
1
1
4
2
1
1
6
1
3
1
1
3
1
300
1
1
2
1
1
1
3
1
1
1
1
1
2
1
11
3
67
1
7
4
2
75
1
1
1
1
1
18
5
1
32
1
2
11
5
264
1
1
1
5
2
1
2
1
14
2
1
35
1
1
1
1
1
1
4
1
32
1
1
2
1
1
1
1
1
53
4
76
297
13
25
4
4
8
30
39
12
1
18
72
1
23
14
3
1
1
1
3
10
1
1
51
1
14
1
1
3
1
1
8
1
1
1
1
1
1
1
1
1
24
13
1
1
1
3
3
1
2
24
1
1
1
28
3
1
1
5
1
22
3
4
3
2
8
1
3
2
2
5
1
1
3
8
8
69
34
1
37
1
1
1
3
2
1
1
7
12
1
1
1
533
44
1
1
1
7
1
2
1
1
4
27
1
1
1
1
1
198
1
71
1
13
1
1
1
1
1
62
1
2
2
1
1
1
2
4
1
1
11
63
1
7
1
1
25
1
2
2
1
3
17
4
1
1
4
4
232
1
1
4
1
7
18
1
1
1
1
1
12
11
1
1
7
2
12
19
2
2
34
6
1
1
1
1
1
1
1
58
6
2
2
2
1
8
1
30
9
323
10
4
1
1
7
1
9
1
1
1
1
2
1
1
1
1
1
1
1
1
1
5
1
1
1
21
2
11
1
1
1
5
1
2
1
1
1
1
108
4
12
1
580
1
6
8
4
1
2
13
1
1
1
1
2
5
1
12
1
4
1
1
2
2
1
1
1
2
16
5
6
1
17
2
1
1
1
1
1
3
1
1
1
2
2
2
1
2
6
1
3
1
1
1
1
2
1
1
8
1
1
1
215
6
1
1
38
1
1
17
1
1
5
1
1
1
5
1
37
2
1
3
10
23
17
1
1
2
29
39
3
1
2
6
2
4
49
31
6
19
88
73
25
3
22
1
1
1
1
1
13
10
3
45
1
1
1
1
1
1
1
1
7
2
3
1
2
1
1
1
1
2
1
1
1
3
1
177
9
14
2
3
4
25
34
1
1
1
2
1
2
7
12
17
1
1
1
1
1
1
1
2
68
1
1
16
133
1
1
3
2
1
72
1
188
2
1
18
3
62
1
30
5
1
1
10
7
17
3
1
2
1
1
1
3
6
5
2
1
4
1
28
1
62
17
1
1
2
15
40
4
1
1
2
3
1
1
1
1
42
3
8
1
1
3
13
3
1
1
2
2
1
2
2
1
19
26
1
1
145
2
1
2
2
30
31
1
1
1
6
1
1
5
1
2
3
1
2
1
1
1
3
1
5
5
6
69
7
1
14
1
1
1
16
1
2
2
1
4
1
1
24
1
4
1
1
1
14
1
1
1
48
1
1
2
2
1
1
1
2
18
1
13
2
1
1
2
1
1
2
1
11
1
34
331
1
2
9
1
37
1
1
1
15
1
1
1
1
1
1
2
2
1
1
1
5
3
6
2
2
2
1
1
34
1
2
1
2
1
1
21
1
1
103
1
1
1
1
1
1
1
1
3
1
1
1
2
1
2
1
3
1
1
7
1
1
1
15
30
29
5
17
9
1
2
1
1
1
1
1
2
1
1
2
3
2
370
3
65
1
9
1
1
1
1
2
26
10
2
15
1
1
24
1
1
5
8
5
1
1
1
1
1
2
24
4
7
1
1
11
1
1
1
9
6
24
2
1
2
1
2
6
2
1
14
2
1
1
2
41
9
11
1
22
1
3
1
605
3
1
1
2
7
2
2
1
41
1
2
1
1
13
1
146
2
1
1
1
1
8
2
262
1
1
1
1
7
3
5
1
9
1
2
1
1
1
1
1
7
1
6
1
109
1
3
1
158
1
111
1
2
1
3
5
1
317
1
1
4
19
26
1
16
1
2
10
1
1
7
17
1
1
2
2
8
5
5
16
99
2
2
1
5
2
1
1
2
4
9
15
1
140
7
5
1
7
1
25
3
3
4
10
193
8
1
1
1
3
6
5
1
4
1
2
3
3
12
1
1
8
1
4
1
421
1
1
12
24
46
23
1
5
12
2
12
34
23
11
11
5
2
158
21
43
22
42
2
1
1
1
2
316
1
2
6
30
3
3
1
1
1
1
2
1
1
241
1
2
8
2
1
1
1
1
1
1
9
1
1
3
1
1
1
3
1
173
1
2
1
1
1
89
1
1
1
1
6
9
33
1
1
218
2
1
1
1
1
1
1
2
52
161
4
3
2
70
18
1
2
11
5
32
1
2
1
2
16
1
255
2
2
1
1
2
7
1
36
4
1
1
2
1
2
1
1
2
1
9
1
6
2
4
2
1
115
1
1
1
4
2
16
1
1
4
1
33
1
21
89
2
8
24
3
40
36
3
1
1
1
2
1
1
3
2
4
1
1
1
5
9
1
1
1
1
1
2
7
20
1
1
10
1
1
3
1
1
2
2
10
5
1
6
1
6
26
1
1
4
1
1
1
2
1
1
8
1
1
3
1
2
1
1
2
7
1
1
253
1
1
1
1
6
1
2
1
2
2
4
1
1
1
1
4
1
1
4
1
4
3
1
1
1
10
1
1
7
1
1
1
2
2
1
1
1
1
4
5
4
1
6
6
47
15
1
1
2
2
74
1
4
1
1
1
1
1
9
1
1
1
3
2
2
2
10
1
1
1
1
2
9
1
11
2
1
2
16
1
1
1
1
1
1
1
4
6
1
2
3
1
1
16
101
309
23
49
15
1
1
1
1
1
1
1
13
1
5
1
2
1
7
3
19
1
1
7
2
1
4
1
1
1
1
10
1
6
1
7
5
1
34
1
1
1
1
146
2
1
1
3
2
4
1
1
1
3
5
1
8
27
1
34
28
17
1
3
3
2
1
1
1
1
2
1
3
1
3
1
75
2
1
1
1
1
4
1
51
8
1
3
3
1
1
1
5
3
28
1
1
4
11
6
2
1
3
2
63
2
44
1
2
1
1
1
2
10
1
3
45
32
10
2
1
1
3
1
1
2
1
1
2
22
1
1
1
1
14
24
1
1
39
36
1
4
1
1
2
2
4
1
1
3
20
1
1
1
2
1
2
1
18
1
1
10
3
1
1
1
1
1
5
1
4
53
1
16
5
2
1
1
2
4
1
170
1
3
1
70
1
1
1
1
5
5
1
15
35
28
46
4
1
1
4
21
2
1
1
96
2
226
1
1
2
1
5
3
1
1
1
13
2
12
85
2
1
2
1
1
5
1
1
3
4
1
2
2
1
2
12
1
2
2
4
1
202
1
1
2
1
15
1
3
2
1
1
1
1
5
2
7
1
1
1
1
1
12
1
1
2
7
327
3
3
20
7
2
2
3
2
1
19
1
1
1
267
3
1
1
1
1
10
2
1
1
1
11
14
7
1
1
1
1
1
1
1
3
1
1
23
1
2
1
1
1
1
1
4
1
1
3
1
1
109
1
51
6
1
1
1
1
2
1
3
1
1
1
1
1
1
1
1
1
1
1
1
1
2
1
12
1
5
1
3
20
2
2
6
32
3
1
11
17
6
18
82
1
1
1
4
24
5
13
2
11
1
1
1
2
1
79
12
1
1
1
1
30
17
2
3
2
4
9
9
1
6
87
24
1
12
15
24
15
10
5
3
2
5
40
3
21
4
1
164
8
52
8
5
9
2
12
25
1
28
1
2
2
1
1
21
1
2
1
3
2
1
5
3
1
44
8
41
3
3
3
4
3
2
9
61
29
1
1
1
1
2
1
2
3
1
1
1
19
3
4
1
1
4
4
3
15
1
1
7
1
16
2
10
2
5
3
2
1
1
3
1
1
1
124
2
3
1
5
1
1
6
1
1
1
1
3
1
1
1
2
1
1
2
1
101
1
1
1
4
2
1
3
2
1
2
36
3
1
126
1
21
4
1
29
1
1
2
5
15
2
1
3
6
1
12
2
1
1
2
1
8
456
1
1
1
64
1
1
2
2
1
1
3
1
1
1
3
1
3
1
1
1
3
1
3
9
1
1
23
37
1
1
17
2
6
9
1
1
2
1
4
16
9
1
1
1
10
1
2
3
5
3
4
1
2
2
1
134
1
50
2
1
1
2
2
1
1
1
19
1
1
1
1
3
16
1
1
3
1
5
2
3
3
1
1
1
1
8
1
1
1
1
2
1
33
1
1
1
2
225
2
3
2
79
4
30
13
61
1
8
4
1
2
1
6
1
1
1
1
2
49
1
1
1
3
4
13
5
13
1
2
1
1
3
7
1
2
1
31
10
11
3
2
1
2
2
1
1
1
1
5
2
2
34
1
2
1
2
1
6
4
3
14
8
2
1
1
2
1
1
49
1
1
40
3
1
1
1
9
59
1
1
5
1
2
1
1
6
4
211
3
25
10
1
1
170
1
25
3
1
3
11
1
2
2
2
1
1
1
378
1
1
1
1
81
1
4
11
1
1
145
3
6
161
5
1
14
1
22
2
80
1
79
1
1
3
1
10
3
1
2
10
3
1
8
1
5
19
5
6
2
3
1
25
8
24
7
281
8
7
1
1
1
2
2
3
1
1
1
1
2
1
1
1
1
2
5
52
2
1
277
11
23
1
1
1
2
2
1
1
7
1
1
1
15
1
1
104
1
2
1
1
20
3
758
1
1
20
6
9
96
4
83
16
2
1
3
59
1
92
2
6
46
105
101
24
269
8
12
1
27
1
4
44
2
117
6
3
1
2
10
2
1
1
2
10
5
2
1
1
531
2
1
3
27
94
1
3
26
1
1
26
1
1
1
2
13
1
1
3
2
136
1
1
8
1
1
2
1
5
47
82
1
1
19
1
1
1
1
1
1
1
1
1
1
3
34
88
16
3
1
1
4
3
2
1
1
1
1
2
2
3
1
5
1
1
4
46
1
2
1
2
1
1
1
2
21
3
35
2
1
1
73
1
1
70
9
34
23
18
41
4
20
3
1
1
1
4
1
11
1
1
2
1
1
3
6
1
1
11
1
1
1
1
1
1
1
1
5
2
1
1
1
1
1
1
1
5
1
1
310
1
1
1
1
1
4
14
1
1
1
1
1
1
1
2
1
1
3
1
2
2
1
1
1
442
1
1
2
1
1
48
1
1
1
1
1
1
1
9
1
1
2
1
1
3
1
2
2
49
9
9
1
1
188
1
1
2
1
10
1
39
104
51
64
3
1
1
5
1
27
5
25
1
8
35
15
5
32
274
20
2
1
1
1
1
1
1
1
1
3
1
3
1
1
1
1
1
1
1
39
3
1
11
3
1
1
1
2
14
1
1
2
1
1
1
2
1
1
1
3
1
1
2
1
2
2
1
1
1
12
1
1
1
1
1
1
1
1
1
1
26
3
1
7
2
3
1
1
1
5
1
1
3
1
1
1
1
79
1
1
1
15
1
70
1
1
1
1
1
1
1
1
4
2
1
1
6
1
2
1
1
1
1
1
1
1
6
60
4
1
11
1
1
2
5
392
16
5
64
9
43
19
22
1
1
61
3
1
1
2
1
1
1
1
5
4
1
1
8
1
1
2
1
1
3
1
13
1
1
1
4
1
1
2
3
12
1
1
2
1
2
1
3
2
2
1
20
1
1
1
1
1
1
1
1
1
2
1
2
2
1
1
30
13
15
4
1
1
1
1
1
21
1
2
1
1
577
1
1
1
1
1
180
2
1
1
1
16
1
3
1
1
2
1
1
1
1
2
1
1
1
1
8
5
2
42
2
1
1
83
1
1
1
1
2
1
1
1
1
47
2
4
1
1
45
1
1
1
1
1
1
1
1
1
2
332
2
1
1
1
1
4
1
1
25
4
1
4
159
1
1
2
1
1
1
1
1
1
3
1
1
2
7
3
6
59
24
4
5
21
16
9
57
9
12
28
15
39
15
1
1
5
1
1
1
2
71
6
1
1
2
4
6
2
2
1
1
9
3
2
1
3
3
1
1
2
1
24
1
2
2
109
35
39
2
12
197
1
20
2
1
1
4
1
1
2
2
1
1
1
1
2
5
1
1
1
2
1
1
1
1
1
1
1
1
1
1
1
1
1
1
1
1
1
1
1
1
1
1
2
1
2
1
30
2
6
1
3
1
2
3
2
1
1
1
1
1
1
1
2
1
1
1
2
1
1
2
3
1
3
1
2
2
2
1
1
3
2
1
1
4
1
1
1
1
1
1
1
1
1
5
1
19
1
1
1
1
3
1
2
1
1
1
1
3
2
2
51
3
2
1
3
1
1
1
2
1
1
1
1
1
177
1
1
1
1
1
1
2
1
1
3
1
1
1
1
15
54
47
3
2
3
2
3
1
1
2
4
3
1
4
1
2
1
124
1
6
1
1
47
1
25
3
5
27
20
25
1
1
1
1
4
5
19
3
1
11
2
1
2
1
3
1
1
1
1
1
2
1
1
5
1
1
1
8
1
6
3
3
1
1
257
125
1
1
1
627
37
9
2
1
32
2
1
1
1
1
189
1
7
1
1
5
6
22
1
1
1
1
1
1
1
1
1
1
2
1
1
1
5
18
1
3
3
1
3
16
1
2
1
2
2
1
1
8
17
7
113
1
1
1
1
222
1
1
1
1
2
1
5
1
1
1
1
6
13
1
1
1
1
1
27
1
25
7
56
5
23
3
165
7
1
2
39
1
2
1
6
38
40
10
16
136
1
1
1
1
43
21
1
1
2
3
18
180
23
34
8
22
111
142
37
31
118
1
229
1
2
2
1
1
6
3
2
1
1
1
20
1
2
2
1
1
4
1
3
1
2
5
38
1
2
1
1
1
1
1
2
5
2
10
1
1
1
1
1
1
2
1
2
1
3
4
1
3
1
3
42
1
1
16
2
1
88
4
1
3
65
1
3
1
14
1
1
1
1
2
1
1
1
20
261
1
1
9
22
7
20
1
3
4
1
1
2
5
1
1
30
1
8
1
1
1
13
1
3
1
2
1
7
5
1
3
8
21
2
2
22
1
8
2
1
1
12
1
36
1
2
20
1
2
1
7
12
1
1
1
2
7
2
3
2
1
1
1
1
1
1
1
1
1
1
1
8
1
1
6
1
338
1
1
1
1
1
3
1
5
1
4
1
1
1
1
5
1
1
1
1
1
1
1
43
3
11
1
1
1
1
1
1
1
1
151
1
1
1
1
5
1
1
1
20
291
1
3
1
2
1
2
3
1
2
2
3
2
1
1
3
5
2
1
49
1
5
10
1
8
1
24
1
1
7
1
58
1
1
1
1
2
1
1
1
1
1
256
1
4
8
1
28
1
595
1
1
1
1
2
2
3
3
1
184
6
2
1
1
1
118
780
2
1
1
1
1
1
1
6
1
631
1
4
38
1
113
7
1
3
2
1
3
3
2
37
3
1
3
1
2
8
1
2
2
1
1
1
1
24
5
2
16
15
1
1
3
1
6
7
1
2
153
11
4
9
1
1
1
1
1
2
2
1
1
1
2
6
2
2
1
1
2
1
1
2
3
1
1
2
5
1
1
1
3
2
3
19
1
9
3
3
9
54
1
3
14
3
10
1
1
1
1
2
10
1
12
35
7
3
1
1
3
3
3
49
5
1
2
10
1
3
4
5
1
1
6
1
85
30
1
1
1
1
53
3
45
6
4
3
2
1
136
4
1
63
7
1
1
3
3
3
1
1
2
7
1
1
1
1
1
1
5
21
5
1
1
1
2
1
13
7
5
4
2
2
1
1
1
1
1
4
5
4
10
1
1
2
4
1
2
1
2
4
1
1
9
132
32
2
1
1
1
1
3
1
3
3
4
1
1
1
1
1
1
1
1
1
5
4
1
1
3
1
1
1
15
1
1
1
23
1
1
1
1
206
1
1
1
1
1
8
1
1
1
1
6
1
1
26
15
44
49
4
1
3
8
1
1
31
1
9
8
12
1
4
1
9
6
1
1
1
13
2
7
1
8
1
1
1
115
1
1
2
241
1
5
1
50
2
1
1
1
1
5
1
2
3
1
1
1
1
3
9
2
1
1
6
1
16
1
14
2
6
2
6
6
5
2
1
4
3
2
86
1
1
2
2
21
1
1
288
4
1
5
1
1
2
1
1
1
2
1
1
1
4
1
2
11
34
1
6
12
11
6
2
1
1
1
3
2
1
4
6
4
2
1
1
1
2
1
69
1
1
2
1
3
1
4
1
3
1
1
3
6
54
2
2
1
129
1
1
2
1
10
1
1
3
1
2
2
1
1
7
3
1
1
1
1
1
5
2
1
1
1
461
1
1
1
1
2
3
1
22
5
17
1
35
1
4
1
45
20
2
1
6
1
4
1
2
1
1
1
1
4
2
2
16
5
1
1
3
2
1
1
1
2
1
1
1
1
3
1
4
6
5
1
1
1
11
1
1
1
1
1
3
1
2
1
1
2
3
7
1
4
2
3
2
2
1
1
1
3
1
1
8
1
1
13
99
4
1
1
2
1
1
1
2
1
3
1
2
237
1
1
2
9
1
1
1
4
4
7
1
2
1
7
3
2
4
5
20
1
1
2
2
2
1
2
1
8
3
3
2
1
2
3
1
1
1
10
1
5
1
4
1
2
1
2
1
8
3
1
1
2
1
25
1
1
2
1
1
2
1
1
1
1
1
1
1
1
1
1
1
1
2
1
1
1
2
276
1
4
1
3
1
1
2
1
7
1
1
1
1
1
1
1
1
1
23
1
24
1
3
1
10
5
1
2
1
1
1
1
2
1
2
2
1
10
2
1
2
5
5
4
131
1
2
1
1
27
17
9
1
12
35
1
1
1
12
1
2
33
1
2
1
2
1
7
1
1
4
1
236
1
1
1
1
1
2
1
1
1
1
1
2
1
3
1
3
1
4
1
1
1
1
21
9
2
1
14
1
1
1
1
1
5
2
4
1
1
1
4
3
1
3
3
1
1
6
1
1
2
5
1
1
8
21
13
11
1
1
1
1
6
1
1
2
1
1
1
5
1
1
8
1
4
8
1
1
143
15
1
1
2
1
1
17
9
1
1
1
1
1
1
1
2
1
17
1
2
1
1
2
12
2
8
4
2
1
4
9
1
1
2
51
26
3
1
1
1
4
6
1
1
1
3
7
3
1
3
1
2
2
16
1
1
4
2
4
1
3
6
1
1
2
1
4
1
2
6
1
28
1
4
1
3
6
2
1
1
3
2
3
2
1
1
1
3
1
9
1
1
1
5
1
1
4
5
2
6
1
14
1
5
4
1
3
26
6
8
11
2
27
2
4
8
1
2
16
12
11
3
1
25
47
48
9
11
9
40
401
1
1
6
1
1
1
4
1
1
1
1
1
1
4
39
3
1
5
1
1
1
1
1
1
187
2
1
16
2
5
1
1
21
1
3
2
1
1
1
3
1
1
1
3
12
2
1
6
16
1
2
7
2
1
1
1
1
1
1
1
1
58
3
2
1
1
45
1
1
1
1
1
1
17
2
9
44
64
173
11
46
3
1
1
1
216
1
1
1
3
1
1
2
1
5
1
1
3
42
3
1
577
3
2
1
1
2
1
4
1
7
60
296
5
1
2
231
1
3
1
36
1
1
1
1
1
1
29
1
1
3
1
21
9
1
1
1
1
1
10
1
2
1
1
7
1
2
1
1
1
2
11
5
1
1
215
38
5
1
1
3
1
1
1
1
3
1
1
1
1
3
2
1
4
2
5
22
74
1
25
1
1
1
8
1
1
1
1
1
206
1
1
1
3
1
1
24
4
1
5
2
5
1
2
1
2
104
1
1
1
2
7
1
4
9
1
153
21
1
2
2
4
312
165
1
1
2
1
1
6
2
2
1
10
1
2
1
2
3
5
1
16
10
29
44
1
1
1
1
1
1
1
9
2
1
2
4
1
1
6
8
5
2
3
2
1
2
8
2
1
2
1
2
4
3
1
4
1
2
12
1
3
1
14
6
2
9
1
1
2
1
4
18
15
123
1
1
1
1
1
2
2
3
8
1
12
1
1
9
1
1
1
1
6
1
1
9
1
7
3
1
1
1
6
5
2
1
1
4
1
1
3
1
3
2
174
5
1
6
1
2
1
5
6
2
1
1
1
316
70
2
1
4
2
1
1
4
4
1
1
19
2
4
10
1
3
1
2
16
5
15
1
4
1
22
1
1
1
1
2
1
94
1
7
1
226
18
1
1
17
2
8
1
21
2
1
6
2
1
1
1
1
1
1
6
1
1
36
1
1
1
2
2
217
44
2
1
1
1
2
1
6
1
1
1
2
1
5
2
1
530
3
2
1
3
1
1
1
205
11
4
1
73
32
24
2
1
101
18
12
67
46
1
1
1
1
1
1
1
1
9
7
1
1
1
5
1
1
2
1
1
15
1
4
1
1
1
15
1
1
1
2
2
2
1
6
1
1
1
2
1
5
3
57
2
3
1
2
3
4
5
8
1
1
1
1
1
3
1
1
1
3
1
1
4
1
1
2
2
1
12
3
1
2
1
215
12
2
15
1
1
2
2
2
7
2
2
4
3
6
5
12
1
3
12
1
9
1
7
1
5
1
1
1
1
4
1
6
10
1
2
1
9
1
4
1
1
2
3
4
1
1
5
3
1
1
5
3
1
38
471
1
1
1
1
1
2
1
1
10
13
1
3
1
122
1
1
55
4
1
1
3
1
2
2
1
2
1
1
12
2
2
1
3
1
1
6
1
44
12
4
1
2
6
1
46
6
2
1
4
1
2
7
1
3
1
1
1
1
1
21
62
2
13
10
3
49
1
7
1
5
1
1
2
10
4
74
8
1
5
1
4
1
2
5
1
2
37
10
3
3
88
1
2
4
4
1
6
2
2
8
10
5
2
3
1
10
3
2
4
2
2
2
1
8
271
1
1
17
4
14
8
3
1
2
1
1
11
1
181
1
1
1
1
1
3
8
4
1
4
3
1
16
1
1
2
1
13
2
1
4
1
1
3
1
6
7
1
41
2
1
1
1
10
12
14
2
1
2
212
70
1
104
3
2
13
3
4
1
1
3
1
1
65
1
1
157
9
4
16
9
1
112
83
1
85
3
1
1
3
4
4
1
9
1
2
1
1
1
1
3
35
1
1
2
1
2
1
4
4
3
2
2
1
1
2
1
1
1
1
1
1
329
1
1
2
1
1
2
3
1
1
158
1
1
2
1
3
5
1
2
1
1
1
1
1
6
1
1
1
2
1
7
1
12
1
3
1
4
1
1
1
2
1
1
1
2
1
1
1
2
1
1
1
2
2
1
1
1
1
1
1
1
1
1
26
1
86
138
1
1
1
1
7
2
3
23
1
1
11
11
2
3
3
1
2
1
1
2
4
1
3
1
1
3
1
65
5
7
12
1
1
1
1
4
4
1
11
1
2
26
4
19
2
2
114
7
1
1
1
2
2
1
2
2
12
1
1
6
1
1
1
1
1
1
7
10
6
2
1
1
1
2
1
1
6
1
1
1
1
1
1
1
1
1
1
4
3
1
2
5
2
2
4
1
1
72
3
10
1
3
1
1
1
3
1
3
11
56
1
21
3
1
1
1
1
1
25
5
2
1
1
1
3
1
4
6
18
1
1
2
1
226
3
2
1
2
3
15
2
4
1
110
1
4
2
1
1
1
1
37
3
8
1
431
1
2
12
1
1
2
1
10
40
1
5
1
44
38
1
5
1
1
1
1
4
6
61
1
39
12
1
2
23
3
3
3
1
6
2
30
1
1
17
6
1
2
4
4
1
94
1
1
93
64
49
1
1
1
1
1
12
1
1
33
2
1
10
5
1
1
1
7
1
1
3
2
2
1
35
1
1
1
1
1
1
5
129
13
1
5
2
3
1
6
1
1
1
3
1
2
3
2
46
4
1
2
1
2
5
2
1
1
3
1
9
45
15
2
22
1
1
1
1
3
1
1
1
12
1
16
1
1
3
8
31
1
1
14
1
4
6
1
7
9
56
1
43
1
1
1
1
1
1
2
2
2
13
1
10
1
22
1
4
7
3
1
4
1
1
1
12
1
1
1
13
4
1
1
2
1
1
11
12
1
4
2
3
4
1
1
1
1
1
7
16
1
3
9
6
3
1
7
4
1
1
1
20
1
1
3
1
1
4
4
5
14
3
6
3
1
1
1
1
1
4
2
3
5
5
19
1
1
1
2
5
12
1
1
9
1
1
3
7
1
1
1
1
60
1
1
109
2
53
1
61
1
1
1
1
1
1
1
1
1
1
1
1
1
33
1
1
1
3
7
1
1
2
1
1
1
1
1
2
1
1
1
9
10
1
1
1
15
16
6
1
1
1
1
6
1
6
1
24
2
1
1
2
1
1
1
1
5
3
1
4
2
2
1
1
21
4
14
1
2
1
2
2
1
1
2
3
1
1
24
2
1
1
1
3
1
2
1
4
1
1
239
1
10
1
5
1
3
1
1
3
1
7
2
1
1
1
4
36
6
1
1
4
1
5
1
1
1
1
7
1
2
7
7
2
1
11
11
1
11
1
1
1
1
1
3
5
2
1
1
1
17
1
2
12
1
2
1
2
1
1
3
1
1
3
3
8
3
1
3
87
1
2
1
8
1
1
2
1
1
35
1
2
1
1
1
1
2
3
10
4
5
1
1
1
1
1
2
1
1
1
1
1
1
3
1
8
1
1
1
1
1
1
11
1
2
1
1
1
7
1
5
1
1
28
6
11
1
2
8
31
5
1
7
2
3
2
1
1
1
1
1
2
7
7
1
1
1
11
1
2
1
7
2
4
1
9
4
12
11
1
1
5
47
1
1
1
1
1
15
1
2
1
2
252
1
28
1
1
1
1
1
1
5
11
2
23
1
4
1
1
1
2
3
3
5
8
1
6
3
1
6
1
1
1
1
2
3
1
3
1
1
3
1
17
1
4
1
8
2
1
1
1
1
1
35
2
1
1
3
62
1
2
1
3
1
1
5
8
2
1
2
1
1
1
1
1
2
1
1
3
1
1
1
1
6
15
1
2
1
2
1
1
5
3
4
1
1
1
2
2
25
1
1
1
1
1
1
64
1
1
1
8
1
1
3
6
4
4
1
1
1
1
88
