16
10
1
1
8
2
27
1
9
2
4
2
1
1
4
14
8
2
1
1
1
5
2
9
2
24
4
7
1
2
3
2
2
7
7
39
3
13
4
1
7
4
21
12
3
2
13
1
1
1
1
1
22
1
3
12
30
1
3
25
4
37
22
11
15
9
33
3
1
3
17
3
1
1
28
7
1
6
14
2
12
3
5
2
18
12
7
51
4
1
4
28
5
5
5
2
6
5
3
11
1
1
16
2
2
27
5
2
1
5
1
4
18
1
1
1
52
10
8
2
1
1
1
2
20
28
6
6
7
41
1
32
3
2
3
5
1
3
2
1
1
11
4
1
2
1
9
47
1
4
5
5
1
5
15
1
5
1
1
1
4
3
2
1
1
13
6
1
34
5
2
32
5
1
1
22
6
5
4
13
15
1
6
4
2
8
55
1
1
8
3
1
10
1
1
4
1
1
1
6
2
4
43
9
6
8
4
8
6
3
7
1
25
1
2
3
4
5
1
11
3
2
21
1
1
14
1
3
1
3
1
1
10
1
1
2
19
1
14
6
5
2
6
1
3
7
2
2
5
2
1
1
7
1
14
4
30
2
2
1
17
5
3
7
1
1
27
2
1
1
1
1
12
1
2
1
5
2
16
6
1
5
1
12
5
1
3
4
9
1
2
2
1
1
7
43
1
23
1
8
1
6
5
2
5
3
4
1
2
3
9
5
1
40
6
3
7
29
16
1
8
2
13
1
5
3
4
2
6
2
1
1
2
2
2
19
1
16
5
19
41
2
9
4
8
5
10
5
2
2
30
4
2
2
2
2
2
3
6
7
8
3
5
1
5
5
1
35
3
2
16
12
1
41
3
1
3
4
1
17
1
3
14
1
1
3
13
1
1
3
2
1
14
24
3
3
4
2
15
3
23
5
15
1
1
6
10
39
1
1
33
6
3
6
2
2
2
2
6
1
2
1
13
2
13
21
2
4
1
3
1
14
2
6
1
3
23
2
2
3
7
3
9
5
28
20
3
2
13
2
1
34
4
2
19
5
15
2
2
1
6
16
1
1
6
6
1
20
2
1
1
1
2
1
4
1
1
2
14
1
38
1
3
2
1
2
11
2
2
8
54
2
1
1
3
3
10
1
5
2
2
3
2
2
7
2
2
5
1
2
7
10
1
1
2
8
1
5
5
2
1
1
12
2
1
11
23
2
8
9
7
1
1
2
3
3
15
22
1
1
1
6
1
2
7
2
24
7
1
2
4
17
1
2
1
11
5
4
73
3
11
4
1
25
4
2
16
2
10
13
1
2
2
5
6
2
6
3
2
3
1
31
27
6
2
10
1
14
3
3
1
14
4
7
2
1
29
2
9
2
6
5
21
2
21
13
7
6
1
1
1
1
37
5
3
1
9
2
24
2
2
1
1
28
8
6
4
1
1
1
6
1
15
20
15
67
3
2
4
10
3
1
16
1
4
2
12
5
2
5
5
1
33
13
2
3
6
6
1
3
2
2
10
2
2
3
6
1
4
9
3
15
6
2
1
10
36
1
6
2
3
1
1
7
2
1
5
2
3
5
55
1
6
2
8
2
24
1
3
3
1
2
1
3
16
2
38
3
5
46
40
2
10
2
3
35
2
1
2
23
7
1
2
21
1
45
2
4
13
26
3
1
1
10
2
6
1
11
1
8
23
3
2
1
2
1
3
27
4
15
4
3
4
1
1
1
1
1
2
21
2
9
1
1
2
9
2
5
2
11
7
41
1
1
1
1
2
2
4
5
1
9
3
5
2
1
10
18
13
3
3
4
6
3
22
2
3
2
1
1
40
8
28
2
1
3
3
1
1
1
15
2
28
2
1
2
10
10
1
4
1
7
2
8
1
7
3
1
15
1
1
3
7
3
1
2
1
2
12
2
30
5
1
6
1
2
1
2
1
3
4
2
3
2
4
5
1
2
55
1
32
1
2
2
48
3
2
2
1
2
9
14
1
2
2
11
3
2
2
11
7
3
8
1
10
32
4
1
1
11
5
3
6
3
1
1
2
1
2
1
7
1
6
1
1
2
1
1
2
7
15
3
2
2
5
2
3
2
2
3
33
2
1
4
1
2
11
3
30
7
2
7
4
1
11
10
5
5
75
1
2
1
2
3
3
33
9
3
2
2
2
11
1
2
10
16
10
2
2
2
14
4
1
2
1
1
25
3
2
6
3
2
1
1
4
1
1
14
2
53
30
3
2
29
6
1
2
2
2
25
9
5
1
2
2
2
4
1
3
29
18
3
16
7
2
4
1
2
1
2
9
1
2
2
14
2
2
6
1
1
3
14
1
1
36
20
3
1
35
4
3
6
2
38
40
2
3
2
11
6
3
6
1
7
5
2
6
1
1
4
1
1
15
2
2
9
1
8
2
1
5
3
1
2
2
2
3
3
5
5
15
2
2
19
3
6
1
2
1
11
7
38
7
3
1
1
5
1
2
2
1
2
5
8
1
8
14
10
6
4
1
2
2
1
2
12
1
8
2
9
1
1
1
8
4
3
1
16
2
12
9
1
4
60
2
2
1
2
4
4
6
1
26
3
8
7
11
3
2
1
1
1
3
1
1
3
6
1
7
1
1
7
2
3
33
2
7
5
3
1
3
1
1
1
6
4
12
24
4
4
3
2
1
11
3
2
12
7
2
2
1
3
7
3
54
4
1
8
2
3
3
5
20
2
9
2
1
2
24
1
4
4
2
20
2
2
1
3
1
5
1
6
2
1
2
2
5
3
2
2
1
3
9
1
1
2
5
1
13
1
11
7
3
5
4
11
22
2
7
5
3
25
1
11
1
1
3
11
5
4
2
4
31
2
10
1
7
2
25
3
64
1
4
1
4
1
1
3
3
1
2
9
3
2
1
8
3
1
5
1
3
32
1
7
5
5
6
6
63
2
7
10
1
1
2
3
5
1
2
16
1
6
2
1
2
18
1
2
2
10
1
1
5
3
2
9
1
1
8
2
2
10
3
10
4
3
1
10
3
31
48
27
5
3
10
1
3
2
13
20
6
2
2
1
1
1
2
4
2
15
6
27
2
1
52
1
1
1
19
11
1
6
1
2
3
1
7
11
9
5
25
2
6
2
3
3
1
3
9
1
2
5
1
1
2
15
8
2
3
2
3
21
1
5
4
6
5
7
2
42
4
1
8
6
1
2
10
19
2
1
5
2
1
11
1
4
2
16
5
5
1
1
12
3
14
2
5
2
1
2
9
5
2
17
1
14
2
5
33
1
2
4
1
8
3
2
2
1
14
6
2
24
1
2
4
1
2
4
21
8
5
2
3
72
2
3
3
3
3
2
4
7
1
1
2
14
6
7
3
1
3
13
5
12
4
1
8
4
2
3
3
2
1
8
1
2
4
2
3
1
1
3
3
4
16
26
2
1
15
7
2
4
4
32
11
2
20
2
5
9
2
3
21
6
5
2
2
9
2
7
3
5
25
1
2
3
2
18
4
1
1
6
4
6
3
1
4
5
2
2
2
48
3
22
2
2
1
80
2
1
2
2
1
2
1
3
1
22
11
4
1
2
33
3
1
4
1
2
3
9
2
2
1
4
2
3
5
1
2
1
1
8
1
4
6
1
2
1
2
12
2
3
61
8
9
8
5
1
1
1
4
92
3
31
2
2
1
3
2
2
6
1
3
6
1
9
10
8
1
8
1
1
16
2
2
4
2
4
3
1
6
1
1
1
2
1
1
2
3
1
73
3
2
4
7
5
2
1
2
2
5
1
5
2
1
2
4
1
2
5
4
3
1
7
3
1
2
1
2
2
39
1
4
2
1
3
20
1
11
4
5
2
1
1
6
6
7
2
26
2
1
1
3
30
1
6
11
5
14
8
4
4
8
1
8
4
1
1
9
3
5
12
10
10
13
3
2
4
14
4
9
2
5
1
1
1
2
2
1
6
2
3
4
10
1
1
5
2
6
6
1
4
5
6
3
1
1
4
1
32
1
5
2
12
2
4
1
2
10
3
7
3
1
1
3
10
2
2
1
1
6
1
1
21
5
2
7
2
2
2
1
1
3
4
2
2
5
6
2
1
2
2
6
20
1
1
1
1
1
4
15
2
1
1
3
7
7
16
2
13
5
3
6
1
4
13
6
1
2
1
29
3
6
1
6
5
4
4
4
4
41
4
13
2
3
6
4
15
3
1
5
1
1
17
3
2
1
29
7
4
5
7
3
5
11
3
1
14
1
5
4
2
2
1
8
1
5
5
33
6
20
1
1
3
8
4
2
2
3
11
5
4
7
8
2
2
2
1
2
4
2
20
1
1
3
13
26
6
5
1
3
5
5
4
26
18
24
1
3
2
6
8
1
3
20
2
4
3
7
2
6
2
1
5
8
40
1
5
29
7
27
1
7
1
1
1
3
1
6
2
3
1
3
16
5
1
7
7
1
2
2
7
8
5
9
1
2
1
1
8
1
2
3
16
1
7
4
14
4
11
1
4
1
3
17
2
1
2
3
1
4
1
1
3
1
7
12
2
21
3
4
15
2
2
1
16
13
2
10
4
5
3
1
2
3
22
4
11
1
4
11
1
2
6
7
66
10
2
3
9
3
1
16
1
3
1
3
1
7
4
5
1
6
1
2
1
12
1
2
1
1
13
2
3
3
4
1
5
1
11
2
3
14
4
5
5
6
1
7
6
1
2
5
1
67
2
4
5
6
1
3
1
4
4
1
1
1
1
9
23
6
4
1
4
3
1
3
9
8
5
4
54
15
1
5
20
3
22
7
4
7
5
3
2
1
30
2
5
8
1
17
1
7
2
2
3
11
2
6
4
3
1
27
21
10
7
4
4
1
8
2
3
2
8
2
15
1
2
5
7
5
14
5
3
30
3
6
3
9
1
6
10
12
8
9
1
12
2
1
1
5
1
9
19
2
3
16
5
2
1
3
1
10
10
8
6
18
3
6
60
3
5
17
2
1
8
8
9
1
4
13
43
14
1
9
12
2
2
8
2
1
1
2
1
3
1
2
1
3
18
2
8
15
11
6
34
60
3
26
4
2
26
1
3
2
3
1
4
2
3
8
7
2
14
1
1
12
5
5
7
4
19
2
