1
16
4
27
1
2
6
8
5
114
1
49
15
37
14
4
11
1
7
1
1
6
1
2
4
2
15
48
2
3
8
22
12
10
1
5
2
69
1
1
22
1
3
6
37
3
3
59
31
2
3
2
21
3
2
2
2
13
5
7
1
7
3
8
35
56
11
11
57
1
7
11
1
4
2
2
4
7
2
1
2
12
2
13
20
2
6
2
7
3
8
1
4
9
1
1
7
39
3
31
8
2
11
1
57
15
3
14
24
3
5
5
3
7
1
2
1
14
1
5
28
15
1
1
31
19
54
3
2
49
18
4
1
17
6
6
18
42
44
1
3
16
1
1
6
1
1
2
9
1
56
3
10
3
1
3
2
1
4
1
4
1
1
19
2
2
1
1
1
2
45
40
5
21
4
1
5
2
25
1
5
1
2
9
45
3
4
1
1
12
34
1
2
3
1
16
10
50
1
6
4
2
1
5
42
9
2
3
2
2
1
4
4
2
1
22
4
6
8
12
5
3
3
44
1
24
39
3
5
1
22
2
2
1
1
4
4
1
25
25
16
1
5
11
17
8
1
52
9
32
10
1
5
2
8
3
2
19
2
5
2
2
44
1
1
2
6
18
3
4
3
17
28
1
3
5
4
97
3
4
2
10
9
2
2
2
3
14
9
8
1
28
1
1
13
3
1
6
43
3
1
12
5
10
8
4
2
1
3
33
1
2
2
59
5
7
27
5
52
10
3
2
85
7
3
1
18
1
31
2
2
8
27
14
15
18
3
1
2
1
8
18
1
3
2
18
6
7
2
6
7
5
22
9
3
3
1
1
27
2
11
18
25
9
8
1
2
10
49
5
1
1
12
2
3
14
2
5
1
6
37
1
3
3
1
3
11
16
2
18
7
2
4
4
2
1
3
2
41
2
7
1
8
4
7
3
1
8
2
37
77
8
2
1
12
2
2
5
9
19
7
2
1
1
7
2
1
1
21
3
15
1
2
5
18
28
3
3
7
2
1
6
9
3
1
8
1
1
14
37
2
5
3
2
3
2
38
9
27
12
7
4
3
34
25
2
2
8
4
4
2
12
9
26
14
6
3
13
65
1
7
1
5
1
5
8
8
53
5
20
27
4
46
1
26
2
8
19
3
4
2
1
1
2
36
18
2
6
8
3
1
2
3
1
3
5
6
3
1
44
12
3
3
2
4
4
12
3
1
3
17
20
1
12
9
7
9
3
42
3
1
1
12
3
8
4
4
6
24
10
14
9
20
4
16
25
22
61
43
2
8
14
1
6
1
1
2
1
9
22
1
1
30
3
3
4
8
2
6
8
9
1
45
3
9
9
6
33
2
2
1
24
2
1
1
1
11
14
2
4
2
1
1
7
3
3
5
1
1
40
2
3
19
10
4
19
3
1
38
1
33
1
1
3
72
4
4
1
19
2
9
2
9
30
10
15
3
2
2
1
3
8
2
2
29
2
8
7
11
2
10
14
2
3
2
120
1
1
51
3
3
3
38
42
2
1
2
2
42
2
5
6
3
7
1
7
4
63
4
3
1
9
19
19
7
5
8
8
2
2
1
52
5
6
33
1
9
1
2
24
3
12
9
26
2
1
3
35
5
4
3
2
3
2
7
3
9
7
4
3
3
1
2
1
12
15
12
1
31
8
20
2
1
1
81
5
47
3
8
20
1
4
1
2
1
2
13
34
27
9
11
2
4
1
4
15
6
1
7
2
2
2
2
6
5
1
5
14
14
45
45
5
2
3
2
3
5
7
1
2
33
15
18
2
53
1
2
4
34
12
10
12
2
12
2
3
13
61
20
2
4
2
3
28
24
5
2
17
15
1
5
7
3
11
1
6
1
9
4
1
4
2
1
2
1
69
10
22
11
27
1
6
3
7
1
3
9
10
2
10
2
23
1
1
8
10
24
8
6
6
17
2
1
1
1
35
13
5
39
59
46
19
10
2
2
1
17
19
1
2
1
3
2
8
12
9
24
2
9
2
2
7
14
11
1
1
4
21
11
3
26
10
14
16
4
1
13
11
10
2
11
7
1
5
2
3
47
3
6
1
1
12
1
16
2
30
1
14
3
24
2
1
1
1
11
38
1
2
3
4
20
1
4
2
11
24
16
1
4
3
3
1
33
3
27
5
3
1
39
8
1
2
1
5
9
2
3
26
3
3
2
3
2
8
13
1
2
1
8
34
4
44
1
2
3
4
2
22
5
4
3
10
44
2
4
1
13
1
65
5
3
3
8
4
7
4
2
1
19
5
18
5
7
1
16
1
2
10
1
2
2
5
2
4
3
2
1
3
6
2
1
82
35
2
49
2
6
28
9
4
23
7
4
2
1
2
65
15
18
11
2
1
1
2
1
2
18
16
2
3
1
6
5
2
3
7
1
2
1
55
60
3
7
9
5
2
6
6
4
1
3
38
10
14
2
4
3
9
4
2
3
2
1
2
1
12
1
10
1
17
8
4
53
2
5
54
33
14
1
7
17
11
3
1
11
17
71
16
9
3
27
4
5
10
2
42
2
22
2
8
33
1
31
3
55
23
19
6
7
2
28
3
18
35
1
1
1
2
3
3
39
1
2
23
4
1
18
8
2
2
1
6
1
8
39
3
1
1
3
24
44
4
8
3
13
7
3
30
1
16
4
3
30
4
6
29
5
2
43
2
5
16
5
1
6
14
2
9
24
1
1
66
9
4
84
4
3
43
6
2
2
1
1
2
3
7
6
12
45
4
8
1
67
1
15
3
25
2
2
2
3
2
6
3
4
5
23
1
2
3
5
3
6
24
6
1
41
11
47
27
13
2
3
3
8
2
20
1
6
1
5
3
1
14
1
1
3
2
32
6
3
63
1
17
10
2
35
31
4
12
3
11
13
7
10
55
3
15
7
3
2
1
2
15
3
5
4
2
9
14
2
55
3
4
5
11
4
1
13
10
23
1
1
9
4
1
4
2
10
2
2
24
1
12
25
2
19
37
10
3
1
8
3
20
7
1
2
1
3
1
3
11
20
4
4
17
2
1
3
1
3
2
13
13
4
5
2
2
3
21
4
2
2
1
58
2
11
5
19
32
14
40
41
3
6
2
4
7
37
14
40
1
66
1
4
2
34
5
1
1
6
1
1
2
3
11
7
2
5
16
17
9
3
2
1
1
7
4
4
1
2
5
20
6
3
11
2
2
8
3
4
4
31
3
3
94
5
7
5
10
28
2
8
21
4
2
2
4
8
1
1
7
16
3
9
1
41
5
1
23
8
1
8
2
1
8
1
1
24
5
7
12
33
19
2
3
72
1
46
6
6
7
1
4
2
2
35
4
3
1
3
14
6
3
4
24
9
3
3
1
11
4
3
1
9
3
9
2
11
1
2
5
3
1
14
4
6
5
1
5
17
2
11
25
5
1
11
23
3
12
2
21
4
4
16
5
12
3
1
11
9
16
