22
86
6
4
22
13
10
13
93
2
3
30
37
1
1
4
3
1
1
43
22
29
5
6
19
100
9
13
6
1
14
4
18
2
18
1
7
62
1
3
10
3
37
17
3
19
13
2
24
1
35
1
30
1
1
36
15
3
7
17
25
48
6
6
8
2
3
46
12
25
7
3
1
1
9
1
3
36
3
2
10
35
31
2
54
33
5
4
9
5
1
2
21
3
10
1
9
2
7
1
4
3
3
10
1
9
5
2
3
9
5
5
15
36
6
2
41
25
1
1
5
71
13
1
25
19
8
6
11
4
2
1
51
2
62
14
3
1
2
24
7
24
45
3
4
3
14
4
8
40
23
2
35
11
1
4
1
3
14
20
3
7
49
23
1
9
1
1
1
1
5
1
1
1
2
2
2
3
1
3
3
5
1
1
8
2
1
2
1
4
19
9
105
1
5
14
18
2
9
9
73
6
85
84
3
2
1
2
4
15
12
3
17
4
2
21
3
4
4
38
3
14
2
8
42
8
1
36
50
1
4
6
10
3
2
12
42
1
14
2
8
2
6
6
1
9
2
6
7
31
3
2
1
28
3
50
3
1
36
1
2
5
5
5
3
1
55
6
3
1
5
7
7
7
6
49
1
9
6
1
5
1
1
7
4
2
1
17
1
8
13
6
1
6
2
4
39
5
1
2
2
69
1
25
4
4
1
2
1
1
3
1
1
7
34
17
11
2
1
31
3
23
2
10
3
9
6
4
62
24
5
3
14
2
13
21
3
4
5
4
3
45
3
2
9
2
2
1
3
4
24
5
2
1
3
2
1
28
2
2
5
1
4
3
25
12
1
2
1
3
1
5
4
5
7
2
1
4
1
3
66
1
21
2
3
9
11
3
44
2
95
13
1
5
3
34
6
94
8
8
15
7
3
5
1
1
2
29
2
3
5
8
2
12
40
1
1
1
1
29
42
11
2
4
8
23
4
9
3
37
1
19
14
1
4
3
1
4
35
1
42
1
4
2
23
1
4
12
1
2
3
4
4
9
7
7
13
1
42
1
1
6
4
2
22
8
38
2
2
13
6
10
2
21
2
53
5
13
2
3
14
1
3
14
6
4
74
10
9
2
3
10
3
1
10
28
4
18
24
19
10
1
5
1
10
1
45
2
1
14
1
1
1
1
3
3
2
1
1
1
6
6
2
25
12
7
11
2
3
3
4
8
8
1
3
9
1
16
23
20
12
2
2
11
2
10
18
5
6
27
1
2
2
1
12
11
2
13
17
7
17
2
2
15
9
39
13
1
46
2
2
4
9
9
10
2
19
2
54
3
2
1
77
144
2
5
20
62
18
2
11
5
2
35
3
9
4
2
2
54
22
13
9
24
1
19
5
2
2
1
1
1
1
3
3
2
1
2
3
3
10
30
5
14
5
5
6
16
14
10
1
4
2
3
3
4
1
98
8
26
4
37
92
1
5
1
18
52
20
5
101
4
67
2
3
2
1
3
29
3
6
3
19
2
29
2
2
7
3
2
2
2
43
6
1
19
2
9
2
4
8
2
10
3
5
75
87
4
95
16
2
4
8
27
3
41
1
24
17
9
32
6
24
6
2
1
7
3
3
2
6
1
3
46
2
2
1
30
13
20
23
32
1
1
5
18
9
11
1
10
4
6
29
53
2
41
8
8
15
15
4
16
16
49
2
22
2
136
32
3
5
1
3
1
2
8
3
1
7
18
3
2
1
56
3
13
4
3
1
3
8
7
8
26
4
17
169
7
28
18
9
1
3
1
5
54
34
4
14
2
37
1
13
11
6
1
4
54
16
1
17
24
1
1
1
2
1
9
12
9
8
4
11
14
2
28
3
5
13
7
1
11
3
7
49
5
1
7
4
33
2
3
2
3
2
28
2
3
31
1
3
40
10
12
3
4
3
1
2
4
23
3
1
60
1
2
21
59
1
2
2
3
4
7
1
11
3
3
2
9
42
1
6
2
20
2
5
18
8
1
8
2
13
1
11
1
6
2
7
27
2
1
9
103
1
8
1
1
5
15
1
1
140
7
6
1
9
33
5
34
13
1
17
6
51
3
1
7
2
2
3
13
3
5
14
3
19
5
3
11
2
34
2
2
3
21
9
69
5
2
2
4
1
2
2
56
39
3
2
14
31
1
3
34
50
28
4
13
1
19
3
2
3
1
5
38
17
17
11
24
3
3
1
4
52
4
5
4
44
1
12
5
4
4
4
1
8
73
2
2
3
18
2
4
19
2
4
11
1
2
2
3
8
5
3
9
1
1
1
5
1
160
3
35
6
13
10
2
15
4
17
28
3
4
2
51
3
1
15
2
9
2
17
41
5
40
4
1
6
6
3
5
77
1
51
28
13
101
25
2
34
2
3
28
6
21
6
1
1
58
1
20
2
55
2
1
1
16
4
19
1
18
35
2
15
1
1
1
22
14
10
11
22
65
32
1
1
5
5
4
2
7
2
1
2
15
22
28
1
3
25
4
17
4
39
5
14
10
3
11
2
21
16
11
43
1
10
3
4
3
2
30
97
1
5
1
3
5
7
1
40
18
21
9
6
1
1
4
13
1
17
46
86
20
3
1
23
32
19
1
1
1
47
1
3
29
4
4
1
