35
2
2
1
12
2
1
50
16
4
38
16
1
46
1
1
29
4
28
3
3
5
27
28
31
53
3
55
9
1
28
6
6
10
1
38
19
2
9
14
4
1
2
1
16
1
18
2
1
23
1
11
13
1
112
4
1
1
8
1
2
6
35
3
5
1
1
27
43
3
22
6
21
9
23
3
17
1
59
39
3
26
43
3
2
2
15
21
2
12
1
1
1
5
1
21
4
1
12
15
24
7
25
52
5
5
1
2
6
4
8
2
1
6
1
6
8
21
5
7
8
30
1
24
3
1
5
16
13
2
3
5
2
6
36
4
2
2
39
6
23
28
39
4
40
5
2
2
17
1
3
48
1
2
60
2
17
2
1
34
1
5
9
1
1
43
23
21
21
1
8
2
18
4
6
2
17
5
34
1
11
8
66
11
1
2
4
3
22
2
8
4
1
51
11
2
2
32
2
21
2
2
6
2
3
63
8
9
65
2
4
2
39
51
1
1
10
5
34
3
3
1
1
4
18
1
1
3
26
5
2
16
3
5
15
2
2
49
31
1
1
1
11
11
5
2
31
7
34
5
2
8
5
1
1
3
2
2
7
3
6
1
112
1
15
1
5
1
6
7
1
2
1
3
1
19
42
8
1
21
1
9
1
34
8
2
1
2
72
1
3
1
37
30
2
4
2
1
32
1
3
4
7
1
18
22
4
18
10
7
4
1
11
4
2
2
1
4
20
6
12
3
23
4
5
17
21
6
2
1
6
5
4
3
1
16
5
3
1
2
25
6
17
6
8
2
17
27
5
5
1
11
1
37
54
16
2
3
41
2
16
5
10
12
3
4
1
1
2
1
8
1
6
2
2
7
3
24
1
2
3
6
8
2
73
8
3
1
19
4
3
3
2
3
1
2
8
23
10
8
6
8
10
2
1
1
15
29
8
10
3
1
2
1
15
10
20
18
3
14
1
1
19
3
1
3
3
17
1
3
6
11
7
5
78
4
1
7
13
2
24
1
1
1
1
2
5
34
4
40
2
1
2
5
34
9
16
1
2
17
31
27
6
3
16
2
5
19
1
2
5
1
1
35
2
2
1
2
20
3
1
35
3
4
6
1
20
8
2
1
58
4
52
2
1
2
80
81
2
2
2
15
1
2
22
11
1
2
24
1
12
2
15
6
5
5
9
5
22
24
20
2
1
2
4
2
7
13
1
3
16
1
16
3
5
1
16
12
6
1
2
67
9
1
61
26
10
5
3
8
9
14
3
66
8
7
1
6
17
2
20
3
2
2
2
2
2
3
3
2
3
3
18
28
2
1
20
47
12
36
3
12
8
3
1
2
2
26
1
5
1
1
12
1
7
16
2
5
10
3
4
21
2
2
3
4
19
15
13
2
6
12
3
1
1
11
8
8
19
51
2
3
1
2
20
2
1
9
12
2
2
10
2
17
1
2
2
3
7
5
9
1
12
1
11
9
1
3
1
1
10
8
56
90
3
5
43
1
8
1
1
4
12
7
28
2
2
2
1
11
2
42
2
2
6
2
1
4
1
1
3
1
9
14
1
2
4
2
3
2
2
1
2
7
2
21
16
3
1
2
2
3
2
2
4
2
4
4
9
3
1
3
1
6
4
2
3
23
5
3
1
1
1
9
3
6
10
4
2
15
8
3
18
18
3
3
6
4
28
1
2
10
17
17
2
1
1
1
1
1
16
3
10
1
2
2
4
9
1
1
2
2
34
5
3
1
15
5
3
7
7
5
48
5
6
3
41
9
7
5
3
14
9
3
3
3
12
1
3
15
3
1
2
2
28
3
8
12
1
2
10
4
1
13
18
3
2
15
3
5
1
4
2
7
8
2
47
4
1
5
5
1
2
46
2
5
1
3
1
78
5
9
40
2
4
25
9
5
5
14
5
9
28
2
16
3
18
1
21
5
2
20
42
4
3
1
99
4
5
1
16
5
2
1
1
1
70
1
2
53
3
44
1
32
1
1
1
4
3
4
4
2
2
3
1
2
8
74
3
2
3
3
2
3
66
2
1
4
28
4
18
4
1
14
8
2
1
5
3
11
14
1
11
2
13
5
28
2
13
7
3
2
43
7
4
3
3
15
2
5
4
4
3
1
35
2
2
4
7
4
2
2
2
49
4
1
5
7
2
8
2
7
11
10
2
14
2
11
4
17
4
1
3
1
2
3
2
4
4
10
3
10
9
1
3
6
16
10
10
4
1
8
2
2
18
7
3
1
7
30
21
2
2
8
8
1
3
42
2
21
1
3
15
5
13
2
55
2
40
2
4
3
1
3
19
3
1
2
2
1
11
7
35
3
42
12
19
6
5
1
2
47
21
13
3
4
2
2
2
2
12
5
6
23
10
28
16
10
10
2
18
1
3
1
13
3
16
44
15
6
78
6
3
2
2
1
1
1
44
6
3
1
3
11
3
2
2
3
5
2
33
2
4
12
2
1
3
2
6
3
16
2
1
6
3
29
2
3
4
2
6
4
16
8
1
1
1
2
1
8
5
2
23
1
1
4
18
1
5
30
3
7
2
1
2
2
11
19
3
6
11
2
4
1
8
3
5
4
1
1
1
14
2
7
1
1
3
7
5
4
29
10
3
2
3
1
2
3
23
4
11
1
1
7
2
4
1
1
3
12
18
2
10
2
2
6
3
9
20
2
1
7
13
3
7
1
18
1
58
2
1
1
7
2
5
2
16
1
6
1
5
3
11
45
3
2
7
2
12
5
2
16
3
1
16
4
40
5
2
34
1
11
33
26
11
3
9
10
1
2
5
9
1
36
3
6
3
2
4
7
8
1
1
2
6
10
1
77
2
58
1
23
4
5
2
11
2
10
1
9
1
3
2
5
2
1
9
12
3
12
14
1
2
1
16
2
35
1
13
26
6
12
4
1
2
10
3
20
9
14
4
6
23
5
1
45
15
4
4
3
8
1
32
4
2
10
3
2
32
1
26
5
13
8
11
2
9
16
37
2
1
1
4
3
9
4
10
1
1
1
19
3
77
3
3
3
25
36
5
6
17
24
2
5
2
20
3
4
13
9
6
3
1
1
10
4
12
4
2
2
20
18
2
2
14
1
3
6
16
3
1
4
1
27
14
2
1
3
16
3
9
9
53
1
1
16
7
1
16
2
2
17
1
5
5
16
4
9
1
32
7
7
9
8
1
4
6
3
10
53
4
10
3
18
1
67
2
1
32
17
1
18
4
3
34
13
1
26
2
17
7
1
3
20
9
1
2
4
2
4
5
2
1
1
12
22
1
7
4
68
5
8
11
5
1
10
2
1
2
2
4
6
1
4
8
2
1
3
2
5
34
2
12
35
13
4
1
4
1
5
4
5
3
4
5
2
8
2
6
3
28
2
14
8
10
23
8
24
2
18
1
40
2
2
1
1
8
16
5
2
1
5
19
3
1
8
1
16
4
4
3
4
4
3
4
3
11
8
9
6
7
1
3
29
37
1
44
1
7
18
4
65
1
3
3
37
12
9
8
4
1
4
30
8
3
1
4
12
5
2
2
7
2
7
9
8
1
24
57
21
17
4
2
2
1
1
1
2
17
16
2
12
6
71
26
25
17
5
5
2
7
19
2
13
1
15
16
3
2
40
8
48
7
9
19
7
3
9
6
19
4
40
1
1
27
3
8
7
19
5
20
5
1
