4
5
1
2
7
4
14
40
6
5
2
1
3
6
3
3
2
1
25
9
44
1
1
7
19
23
1
1
2
3
2
1
2
9
10
2
2
7
1
29
1
1
4
1
1
2
8
8
1
10
2
11
4
1
8
2
6
10
6
1
6
15
12
9
6
1
1
1
20
12
32
4
4
2
36
2
12
3
5
4
4
2
2
2
1
2
3
6
28
5
30
1
18
1
6
21
4
8
28
15
11
4
3
1
160
1
3
9
1
3
4
1
3
5
3
10
1
1
31
1
5
28
1
2
1
3
2
2
11
14
3
1
31
1
7
4
5
4
2
1
3
3
7
2
12
2
3
142
48
4
3
1
5
1
6
1
2
1
2
6
8
1
1
4
1
10
1
7
3
39
17
2
12
6
10
2
21
1
2
1
5
1
1
42
41
1
5
3
2
36
1
11
9
6
2
1
7
3
4
3
1
1
10
4
6
1
10
13
12
4
1
1
1
6
4
1
4
5
9
4
4
2
3
1
2
2
5
47
31
2
5
22
7
5
12
51
5
4
6
6
7
14
2
8
71
9
11
7
5
1
3
3
6
10
2
4
1
1
4
38
1
5
9
9
2
1
9
1
2
7
71
1
55
1
1
10
8
2
2
20
4
10
7
11
51
1
11
4
2
5
8
4
5
35
11
1
59
2
2
5
12
3
1
2
5
2
1
3
1
1
3
6
2
33
2
7
8
12
11
3
18
3
6
2
2
3
96
3
9
1
4
1
2
4
2
37
2
54
2
1
1
3
14
3
23
2
18
4
1
2
1
2
2
2
2
8
18
1
6
3
19
18
5
18
2
1
3
1
3
2
9
1
1
2
3
3
3
3
29
1
3
2
3
8
1
20
2
18
11
54
10
1
1
3
3
3
2
3
7
1
1
5
1
3
21
5
3
3
6
21
17
21
62
1
6
6
24
2
20
2
3
15
10
1
51
5
1
6
1
3
2
11
3
13
2
3
6
13
1
1
1
21
1
36
3
5
1
1
9
5
4
3
5
2
3
8
5
1
16
2
1
14
6
5
1
6
1
5
45
3
13
7
2
1
79
4
1
1
2
6
3
1
2
3
3
1
1
14
9
1
5
2
3
1
3
1
5
1
8
2
2
19
5
9
5
8
5
5
13
3
1
4
11
1
138
3
12
2
35
3
2
2
5
15
1
23
1
9
2
4
29
33
2
1
1
3
18
4
2
15
2
1
1
1
12
56
2
2
2
3
2
6
2
1
8
1
31
23
4
1
7
4
2
1
5
1
3
3
31
29
3
45
11
3
73
11
2
3
1
2
2
3
10
8
10
3
18
8
1
3
1
1
12
5
1
1
33
3
16
1
62
2
1
1
12
6
2
2
2
3
3
1
22
2
3
5
16
3
1
1
1
12
6
9
6
5
33
5
1
10
2
4
1
47
1
1
1
12
2
2
9
1
5
1
5
1
1
6
3
1
1
15
2
2
6
7
16
5
1
22
2
1
1
15
2
1
4
4
8
1
2
2
9
1
2
7
2
1
24
10
8
5
5
2
1
1
16
4
3
2
2
1
9
3
13
4
1
7
2
2
1
1
9
45
6
7
2
1
17
23
1
2
17
5
2
2
2
1
2
8
1
11
8
5
13
10
2
1
2
3
1
20
4
2
9
2
2
8
13
30
2
2
6
2
3
7
4
5
6
81
2
6
20
11
12
148
52
16
3
8
7
2
2
1
3
3
1
27
2
3
4
4
2
3
2
20
1
26
1
3
6
2
1
35
2
3
7
6
34
40
19
9
28
2
1
2
2
2
2
2
10
5
1
3
4
8
1
1
10
1
2
1
23
20
1
10
11
3
1
1
3
1
1
1
1
2
4
1
2
35
3
3
2
3
75
4
2
3
1
2
6
31
3
5
8
3
2
12
2
1
6
4
29
55
7
7
5
4
2
3
3
2
13
20
2
12
2
1
2
10
2
9
5
6
2
62
2
67
4
16
18
46
8
1
1
27
6
2
3
2
1
2
4
1
5
1
1
8
2
7
3
14
4
5
51
11
3
1
8
3
5
4
66
1
10
6
1
3
24
45
2
15
5
4
6
3
9
2
3
4
2
1
2
1
3
6
59
5
6
1
5
1
2
8
3
5
29
1
5
15
1
51
4
11
1
48
2
5
1
2
1
1
57
4
3
3
1
2
2
7
1
1
3
2
1
5
4
3
4
1
1
11
3
1
5
7
14
2
2
6
34
3
15
2
1
7
127
1
2
3
1
1
2
34
1
2
2
16
1
8
2
2
2
6
3
4
1
1
2
3
8
3
21
14
6
5
4
1
4
2
1
4
1
14
2
2
52
4
1
2
1
1
5
3
18
5
2
25
10
22
1
34
2
21
1
5
13
6
2
17
6
3
1
7
24
11
2
46
10
2
37
11
4
155
35
1
2
7
22
39
11
2
7
2
2
1
21
1
33
3
12
1
2
4
10
1
1
2
2
7
1
10
2
28
3
7
4
9
7
9
9
2
1
19
1
2
1
5
73
16
2
1
6
2
35
2
1
24
17
14
1
3
3
36
2
4
10
1
11
3
1
3
1
1
1
1
1
5
28
4
1
1
3
1
2
2
2
7
9
6
1
1
2
15
2
158
2
2
4
3
4
8
14
2
1
9
1
1
75
1
3
16
1
10
2
10
1
46
5
32
5
3
2
2
2
3
7
3
2
8
1
1
3
1
4
2
3
42
16
3
1
7
2
1
3
9
2
16
23
10
32
2
2
24
1
2
2
5
3
44
7
12
2
8
24
4
16
63
4
1
3
3
1
8
1
2
4
7
23
1
5
35
5
23
1
4
2
1
6
1
3
18
2
10
5
3
2
2
6
2
2
4
51
1
4
4
5
20
10
1
1
6
5
1
1
28
77
2
1
2
6
1
4
29
4
1
24
1
38
19
1
4
2
1
2
6
8
9
25
30
1
1
2
1
5
2
1
17
15
3
5
7
3
2
1
2
1
1
1
6
42
51
2
72
1
4
2
8
18
82
3
2
6
3
3
2
1
3
1
4
3
1
56
2
2
3
4
11
1
2
1
5
1
1
2
22
8
2
1
1
21
4
3
1
3
2
4
2
1
4
9
19
5
3
7
88
2
1
1
2
7
1
5
3
19
33
4
8
3
2
2
8
2
32
1
21
4
1
1
1
14
1
3
8
3
5
9
2
3
2
1
3
1
5
3
6
2
4
3
2
4
3
2
2
8
4
1
3
5
5
2
3
1
1
2
4
12
1
1
9
4
12
2
4
8
6
13
1
3
1
10
1
2
51
3
1
1
2
11
47
16
2
1
1
1
1
4
1
2
2
1
1
1
2
1
2
2
1
31
7
23
2
5
6
24
7
38
2
2
1
2
36
2
2
2
2
2
3
2
1
10
1
5
1
5
1
1
2
3
8
3
5
31
6
6
1
1
11
2
2
4
1
5
9
4
2
1
97
