10
7
2
17
3
1
4
1
7
8
1
56
5
50
1
12
33
1
2
13
4
1
28
2
1
1
5
78
2
8
28
37
9
2
2
34
7
3
6
3
14
8
8
18
6
1
16
3
4
14
3
11
3
12
2
1
1
4
5
26
1
4
99
73
7
4
40
2
6
2
1
8
4
1
3
61
3
2
1
7
5
6
17
1
24
31
2
3
40
1
4
59
1
1
8
31
6
5
7
3
16
30
3
8
5
5
2
1
3
19
3
35
1
1
9
4
33
6
2
4
3
1
5
5
13
1
3
2
5
1
1
8
10
8
5
26
29
2
46
10
6
11
9
9
14
23
4
1
15
23
2
2
1
2
5
1
5
5
5
16
1
18
37
4
4
16
1
4
8
9
6
65
2
45
1
4
4
4
2
7
3
1
42
2
1
5
7
1
6
2
10
15
8
4
2
2
9
32
1
22
5
1
1
4
9
6
3
11
22
1
2
2
2
3
2
4
2
1
2
4
2
5
39
4
17
3
12
26
5
28
3
2
11
2
5
22
1
7
2
13
23
2
1
12
5
43
19
16
9
30
14
10
9
1
3
6
79
26
9
3
1
2
18
4
10
32
6
1
2
4
1
51
30
2
2
6
30
10
3
13
43
2
2
11
4
21
9
2
28
22
11
2
11
8
2
6
1
4
7
2
22
35
38
3
2
6
6
3
6
1
4
2
9
12
55
2
4
19
31
1
2
19
7
55
5
30
42
32
16
3
1
1
1
7
2
3
24
75
53
1
2
11
24
2
29
28
3
4
23
1
1
1
22
4
1
16
1
22
1
5
2
1
1
1
45
2
40
3
4
2
1
13
10
4
4
1
3
42
16
1
2
2
2
9
1
11
6
18
21
3
81
2
43
2
12
11
4
3
5
8
4
64
16
4
1
7
7
1
2
5
32
9
2
4
11
37
2
25
1
9
58
2
3
13
3
10
4
13
14
7
1
8
2
3
19
5
2
5
2
2
1
6
2
2
47
2
3
10
10
41
30
1
13
1
26
5
16
1
2
3
5
4
3
7
22
26
1
1
2
10
4
9
8
41
1
1
2
1
1
6
4
4
4
2
3
10
1
2
5
1
2
3
4
64
6
4
2
4
2
21
23
2
27
14
2
13
9
27
29
5
1
7
16
4
1
6
3
17
8
2
51
2
21
26
3
1
13
94
10
13
10
1
1
20
28
40
5
35
42
12
1
1
4
51
1
1
4
8
22
6
5
2
2
3
3
2
27
11
1
2
4
19
50
17
15
70
10
10
4
1
22
16
19
1
33
1
2
4
17
5
3
5
2
17
6
8
10
13
24
7
10
2
2
3
7
3
26
2
6
10
2
10
1
1
2
6
2
1
13
2
36
3
2
2
15
1
42
6
2
2
8
19
5
2
5
2
21
4
1
1
3
5
3
8
32
1
54
8
3
17
11
11
19
1
1
15
7
2
1
1
2
2
18
11
1
7
2
1
1
2
13
10
2
35
9
2
26
3
40
26
11
1
12
15
7
36
18
1
2
4
8
6
1
3
10
2
10
10
2
4
7
10
1
20
2
2
2
9
3
2
1
8
2
8
1
3
1
4
3
3
3
18
13
2
59
2
2
8
3
81
4
4
83
2
1
7
3
2
12
9
1
5
1
20
2
2
22
2
1
21
11
28
2
8
8
4
18
8
1
22
8
2
6
1
5
2
29
1
9
13
10
4
1
5
22
6
16
24
8
78
31
4
4
1
9
2
4
