9
1
3
33
7
3
1
18
2
9
9
1
5
17
4
4
3
1
2
13
6
1
5
4
3
16
2
6
1
9
2
2
1
6
2
18
4
1
6
1
11
1
4
17
4
6
4
1
4
9
1
2
1
1
4
8
1
2
3
2
1
3
13
2
11
11
10
4
1
2
1
6
17
1
2
7
1
8
3
8
1
9
1
2
1
2
10
2
1
2
3
11
3
6
4
14
11
5
2
2
2
1
8
3
1
14
1
1
1
2
1
9
4
12
9
1
1
1
17
14
3
1
7
2
3
2
2
3
1
4
4
6
20
36
2
4
2
5
1
2
2
3
1
2
1
1
2
30
1
9
9
1
5
2
2
3
18
1
2
1
3
22
3
4
1
4
19
1
2
1
1
1
4
20
1
1
1
1
1
6
10
9
1
2
25
8
15
26
1
3
4
2
1
2
2
2
1
2
15
7
1
2
1
20
5
3
33
3
4
2
1
2
3
37
3
1
2
6
1
3
14
2
24
2
44
25
1
1
1
8
3
3
2
6
8
5
3
2
30
1
4
20
3
1
2
1
1
4
3
6
2
3
2
2
3
1
5
41
31
10
1
1
9
10
1
4
1
1
1
2
1
3
6
5
2
8
1
1
1
5
1
1
2
9
2
13
1
8
11
1
8
4
1
1
6
1
3
17
1
27
9
4
2
1
2
19
2
1
4
1
2
1
4
4
5
1
6
2
5
4
30
2
1
1
2
3
17
2
1
1
1
3
15
4
1
2
2
13
4
6
3
3
3
4
2
1
2
3
11
1
15
7
7
1
15
2
2
6
4
5
2
16
1
31
25
2
1
1
2
1
1
3
1
1
33
3
2
1
3
12
3
1
11
2
1
2
2
10
3
3
5
3
10
39
18
4
22
2
11
31
3
1
5
2
1
1
1
5
1
7
1
2
2
4
1
1
1
3
2
3
4
1
4
3
1
9
2
4
1
3
3
15
1
3
2
1
5
92
4
3
9
2
1
4
5
2
1
1
1
3
11
17
1
2
4
2
1
18
1
18
6
2
20
1
3
3
2
2
2
2
5
8
2
3
1
1
2
6
1
1
2
2
2
2
1
2
1
4
1
15
6
5
1
2
7
3
3
1
14
3
4
2
2
2
2
6
2
8
2
1
1
1
1
1
1
2
7
10
6
1
6
12
2
2
39
1
30
21
1
2
1
1
18
3
1
2
4
5
1
6
15
2
2
7
9
10
1
3
1
2
3
2
8
2
3
9
1
1
1
2
2
2
5
5
4
1
4
1
6
1
1
8
1
6
5
1
18
4
1
1
3
3
9
3
4
2
9
5
3
1
1
2
2
4
1
2
2
22
1
16
4
4
1
23
8
3
3
2
2
17
1
7
1
1
1
5
6
4
15
1
5
7
1
20
11
1
1
22
6
2
1
2
5
5
2
1
2
1
3
1
5
1
2
30
4
4
2
7
2
1
15
1
2
1
4
7
4
1
2
1
2
2
3
4
16
2
1
4
3
5
5
7
1
5
3
1
11
1
3
4
1
1
2
1
8
1
2
2
4
20
4
2
5
5
17
53
2
5
10
3
9
2
4
2
1
1
3
3
3
4
6
1
3
3
2
2
23
10
3
16
5
2
3
1
13
1
1
8
6
6
2
2
1
1
1
3
1
2
2
1
1
7
1
5
1
2
3
4
1
2
1
1
3
9
1
2
1
1
2
7
4
11
4
1
1
2
6
4
4
12
2
1
2
3
1
36
1
1
7
1
3
1
4
1
2
2
25
3
2
18
1
3
1
1
3
3
5
1
5
1
3
2
1
2
4
1
1
1
2
4
4
4
1
3
2
5
1
7
4
3
11
1
1
1
1
2
3
2
10
1
1
4
4
5
6
3
2
1
3
3
6
6
5
6
2
8
3
1
3
2
5
2
1
5
1
1
7
1
2
3
5
14
2
2
11
8
3
3
2
1
8
20
2
12
2
4
1
2
20
1
5
5
2
1
3
1
8
2
11
1
14
1
3
3
1
3
3
6
3
4
4
1
15
21
2
16
6
5
9
1
1
5
2
3
13
1
1
9
1
1
1
3
1
5
3
4
2
9
1
1
3
1
6
1
1
1
7
3
1
3
1
3
2
81
9
2
4
1
4
2
5
5
6
1
1
10
7
6
6
1
1
8
10
3
8
13
11
12
2
5
1
2
2
3
6
1
3
8
15
22
7
11
29
6
1
2
2
22
1
3
2
1
1
2
14
1
14
1
8
4
5
1
5
1
4
12
1
18
12
8
1
1
3
6
7
2
1
21
1
4
4
4
23
1
25
3
5
2
1
1
10
2
4
3
10
7
4
5
23
4
8
8
1
1
1
9
1
2
8
3
11
19
8
2
2
1
1
6
9
16
2
12
1
3
3
4
2
3
13
6
8
4
7
10
1
3
8
1
8
1
7
1
27
1
3
1
