1
4
56
5
7
30
91
34
1
3
37
1
1
3
13
1
9
3
80
1
1
1
42
16
60
11
2
1
2
7
7
9
6
11
1
1
1
20
2
4
2
1
17
22
1
7
5
1
29
12
1
2
3
4
4
10
13
8
1
20
20
2
2
2
8
2
7
1
5
2
5
15
44
3
11
14
38
4
21
1
33
14
10
2
99
11
8
3
16
2
2
29
5
4
1
11
1
1
5
7
1
59
1
4
21
9
2
45
2
25
1
54
4
3
1
4
25
32
4
22
4
5
111
2
7
5
2
12
3
19
11
15
11
15
10
2
1
7
25
10
2
2
1
6
4
1
30
3
3
2
1
3
14
88
6
2
2
48
53
7
20
1
22
8
5
46
2
2
6
62
2
2
1
2
1
3
1
3
1
2
3
3
3
4
1
2
4
36
2
1
2
1
3
1
14
8
1
2
15
4
2
28
6
1
1
9
4
1
2
16
3
8
6
6
2
57
7
19
8
4
7
5
19
1
1
1
1
6
2
3
16
3
4
2
5
13
15
34
1
3
53
5
11
16
3
19
141
4
8
2
6
25
3
3
3
1
46
2
1
2
1
5
5
3
3
63
5
32
2
4
6
3
12
1
5
6
3
3
6
17
19
2
29
1
6
91
2
1
29
3
1
20
3
13
1
1
2
8
21
5
5
3
5
26
11
1
3
3
4
3
10
31
13
6
2
34
2
2
2
55
3
5
2
21
2
9
1
42
34
12
11
2
1
1
2
13
3
4
4
1
2
16
2
3
2
2
21
16
1
34
1
2
1
6
1
14
12
1
38
2
7
9
3
52
50
2
36
7
7
6
5
1
2
6
7
7
10
3
3
1
1
10
5
2
4
1
19
1
6
2
5
1
20
20
22
37
33
31
15
1
4
9
2
7
7
15
4
3
3
8
9
10
4
3
22
8
5
6
1
10
3
2
3
1
2
1
38
1
20
11
8
3
21
9
1
2
28
31
20
2
7
67
13
5
1
9
9
9
1
11
5
3
3
22
1
13
1
4
5
2
1
1
19
12
4
41
5
3
2
1
3
6
19
5
4
20
3
46
2
5
1
5
12
2
22
25
10
36
2
1
1
3
2
7
22
35
7
2
9
1
2
1
70
2
3
3
1
7
5
4
1
9
30
15
41
6
101
20
42
2
2
1
2
4
8
7
45
5
14
1
6
1
6
2
1
3
1
2
24
1
4
1
17
2
14
69
2
4
18
2
1
15
17
12
6
55
1
2
56
22
1
2
1
27
7
14
5
1
7
1
2
12
3
4
17
1
5
10
3
2
4
1
1
57
1
4
2
3
1
21
1
6
11
2
134
1
5
5
3
2
27
2
39
3
1
4
2
2
1
2
2
5
5
6
40
1
2
3
1
3
22
4
65
3
9
2
4
2
26
2
6
5
5
1
2
1
1
15
5
2
55
4
21
1
74
52
8
53
6
2
15
3
13
19
3
17
27
4
2
3
3
1
28
2
6
14
44
3
3
2
1
4
2
1
3
1
2
13
10
4
16
1
8
1
13
14
22
3
1
4
2
8
20
1
3
5
22
2
8
8
3
2
1
2
18
7
3
1
2
2
57
10
8
40
9
7
5
2
12
8
2
10
1
4
1
97
77
2
6
9
21
1
47
9
28
2
8
1
8
20
2
5
1
24
2
1
10
5
83
10
4
5
1
1
1
10
7
27
26
20
2
7
2
55
1
8
8
1
3
14
4
10
24
17
1
63
5
2
46
1
2
45
10
2
3
1
1
3
10
5
29
2
1
2
1
5
2
2
1
1
4
20
2
3
2
3
3
7
1
2
3
30
1
13
1
40
11
6
1
1
8
1
48
2
3
5
139
3
7
1
22
6
2
7
19
4
4
35
3
14
2
12
29
2
3
4
5
8
13
24
11
11
12
12
39
3
2
67
1
1
5
24
29
13
1
1
22
34
2
104
1
1
1
5
3
2
1
3
2
2
3
1
1
1
3
1
4
4
9
1
37
16
3
29
38
2
2
2
3
3
1
2
47
34
2
1
8
3
6
4
8
11
1
19
40
8
1
9
2
4
2
3
3
4
16
10
3
12
2
3
3
2
8
2
1
15
1
9
30
4
1
4
1
4
4
6
10
11
1
16
1
34
2
4
3
1
1
1
13
5
51
6
5
4
7
3
1
2
1
2
1
1
1
8
5
11
7
1
5
8
13
2
15
7
2
5
3
1
4
4
2
4
2
8
5
3
1
7
13
42
6
2
1
3
24
2
3
10
6
39
4
3
3
9
32
5
33
56
10
4
33
2
1
6
1
7
4
3
1
16
4
1
35
2
2
3
2
42
1
4
2
26
7
3
1
4
1
4
10
8
1
1
1
13
6
19
5
9
1
7
3
5
9
1
1
2
3
2
6
11
3
3
3
5
6
9
2
10
28
14
6
2
6
6
16
86
1
5
17
2
3
99
1
1
5
17
1
7
80
5
14
2
9
4
3
2
3
7
11
1
3
4
2
120
2
1
1
1
4
6
1
4
6
7
11
49
2
6
2
3
159
2
5
1
7
10
12
2
3
1
3
3
2
1
4
2
1
17
6
1
4
8
6
3
6
1
8
26
74
2
9
19
4
4
63
1
17
2
3
3
3
1
13
9
1
1
24
2
1
2
16
3
2
4
8
2
11
6
4
2
1
2
37
3
3
83
3
7
29
11
4
2
107
2
2
3
3
2
6
1
1
2
3
1
73
13
4
7
3
17
26
44
6
2
19
8
4
13
2
16
3
1
6
104
3
2
1
1
3
3
1
2
13
2
3
8
3
14
1
3
2
6
19
8
1
6
9
2
10
2
2
3
1
4
5
2
2
4
48
5
8
30
1
32
2
1
3
1
4
5
24
21
148
23
1
1
5
6
6
8
3
17
5
44
12
6
38
1
15
1
1
2
3
1
1
5
4
44
1
12
10
12
6
1
1
10
1
1
35
22
1
5
11
10
18
70
25
3
37
1
1
3
26
2
6
3
1
1
2
12
4
14
2
4
1
2
4
21
1
2
3
42
2
6
5
4
1
5
1
25
3
2
5
2
28
1
8
3
17
81
5
11
3
4
5
2
8
1
4
1
3
1
2
13
1
4
6
2
13
9
2
24
50
2
1
1
19
21
16
22
19
1
2
11
4
4
2
3
6
49
17
2
5
6
1
4
24
6
2
7
2
3
1
5
9
18
4
2
6
12
4
66
11
23
14
7
2
1
5
5
33
3
2
2
23
7
16
20
7
3
9
5
10
2
8
5
9
42
4
19
2
2
23
1
1
23
1
25
6
8
4
2
2
2
5
1
4
28
4
1
19
5
21
12
7
2
2
3
16
2
7
92
9
1
7
4
5
4
2
1
3
20
6
2
5
2
8
6
3
30
4
18
12
9
4
28
1
2
1
1
3
2
1
4
1
3
1
4
1
2
1
2
9
1
1
46
3
8
26
25
20
9
