1571
3682
550
14
671
1023
1774
18
3533
10
70
89
3031
1540
89
115
3
15
1409
5
1005
1224
44
4213
3045
327
1864
1336
4481
439
3
51
2623
2302
2737
1890
1562
22
1463
2775
4381
118
1889
894
539
1101
1778
108
29
336
2
2981
448
323
70
3
1315
4143
4
1117
771
33
242
1685
4688
1331
897
670
577
1860
2292
4403
2568
1482
1
1383
4
830
1645
4744
3376
4494
3860
969
3578
1606
1874
2689
1601
742
7
4932
2062
1156
65
5
346
3636
79
338
777
1254
3
3324
1
1848
2624
386
115
1286
4705
1
1824
9
2666
2919
4
1187
1454
4619
22
3599
8
4121
604
1357
984
1
2843
4635
1049
492
1586
3288
1503
1953
3107
119
4954
1692
2082
4129
926
231
1452
621
807
451
2
521
4
3084
3812
21
5
831
3205
3332
21
123
768
3173
43
2365
2418
629
76
3061
22
3
3
3959
2254
231
17
1553
2991
1652
4384
18
11
1440
1485
2288
88
1362
2333
4157
5
38
1900
3190
3120
52
601
295
44
706
3
51
10
3563
1593
35
2090
2087
145
490
2695
62
4
1947
4
74
36
69
1390
321
477
1272
1389
1104
918
1924
1188
1326
480
171
36
1101
2695
496
2
2149
3621
50
2680
4295
1094
368
3116
3084
1923
1
2109
3092
3957
2707
1573
4971
2303
605
1767
61
1110
2999
2134
3398
1930
20
1316
4037
341
16
4030
3461
1774
638
4768
2381
46
4937
3
4703
354
4032
3950
2945
223
3393
18
2824
2180
83
411
4535
181
219
1493
971
1142
1655
4042
2579
4157
3576
56
2
1171
20
2866
27
23
94
125
1949
3205
1088
745
2390
1788
1262
3041
1276
4
447
4700
50
327
2165
2373
4587
3340
3334
1733
3911
3415
1610
87
3696
1051
3438
1671
2118
3976
332
1404
2778
487
2071
4015
153
1528
4373
3374
2052
2220
300
2053
74
35
2418
53
134
219
2333
93
1555
44
2108
471
3959
2595
3846
4886
2301
82
19
1835
2
66
3850
1906
66
84
1
756
7
1098
1656
28
316
2586
3167
4831
1060
1170
3000
66
1498
6
87
2216
1969
1315
3103
264
417
3390
953
2347
8
2636
1
874
324
4972
534
2741
123
1
1570
14
1750
1725
42
3409
94
1102
1993
1466
188
705
3318
308
1136
1327
2548
2581
1524
2301
588
3
81
1439
18
4447
4627
4972
2002
1638
1147
264
3242
3538
2122
590
2009
2585
3028
2382
1876
994
2642
2774
818
110
6
2972
7
691
1178
1205
3201
1744
3490
2
642
2578
11
952
2542
2571
45
30
2494
16
983
615
160
1413
2432
4179
86
2134
831
2
537
1843
485
4259
1795
1716
287
4360
2986
2432
622
336
2827
9
651
106
2107
1286
1622
2275
2031
3428
2743
447
7
2852
4438
28
7
27
1955
197
4344
2485
63
2936
4416
25
2112
560
886
3482
8
4570
615
2371
187
991
1883
4554
3149
5002
1260
8
136
2654
2084
1404
4978
4
1475
3115
2304
13
3
3193
3197
2963
10
331
1438
1
3329
1566
2939
206
954
6
3192
161
28
4512
3
517
2343
1290
3211
216
3981
4695
1585
89
1216
8
726
3354
3498
7
1800
653
969
4348
727
4
410
414
905
2474
984
4
488
209
16
4
1332
374
3369
1
5
1448
4685
827
59
539
3388
2344
78
34
713
1
1734
2778
2658
327
4143
2362
19
1474
101
861
4903
2226
4637
1
4453
1471
2665
326
61
3037
374
736
13
3101
992
8
1037
1368
57
2973
1389
1493
2615
516
540
3185
1070
1259
2
1434
3563
234
1650
2568
1930
3324
92
2430
2255
2999
3797
4710
142
10
452
394
4674
528
2562
1849
2897
4709
3321
3467
338
3426
938
1938
4327
71
1186
1754
4767
156
719
60
1070
646
2
363
1918
1256
10
3056
526
596
604
105
2052
2468
4
1073
628
1
1079
150
250
4854
2996
2051
