576
1027
2264
4187
3401
494
733
304
4007
2428
1294
3032
251
1744
8
1003
924
252
2825
122
363
183
1122
528
494
3668
38
1262
3657
313
119
784
54
110
1902
75
2
1261
1442
12
972
1267
4212
7
794
4789
420
858
3358
369
6
859
163
172
283
3751
2657
977
526
1759
3149
3911
4964
536
193
2398
4472
243
1926
2908
1042
208
363
132
454
3505
4052
270
872
113
116
688
92
713
552
219
104
200
4
273
4
183
56
1573
331
301
468
49
145
927
1573
581
2588
1612
1244
1
75
2415
2127
359
2158
2528
1008
103
623
379
608
385
496
814
210
74
1634
1646
42
587
2
2541
3064
164
812
782
10
2
243
1505
848
14
1609
114
847
145
3096
115
289
77
192
79
370
294
1265
3831
3000
5279
1562
376
140
6
553
41
4260
2210
245
2046
2
928
4658
5019
56
81
1676
497
2969
454
3205
4528
1533
4428
2071
337
3
23
157
5276
23
3027
5
4786
1571
146
2489
29
174
122
321
2621
2010
4846
259
1994
432
4735
362
9
1924
1590
660
261
199
423
1809
22
3224
239
884
9
2062
44
1080
3715
2966
16
1534
529
1255
2216
1123
1571
48
1551
1
3728
3673
4429
2084
5014
370
374
1819
1429
411
2818
128
3316
2147
1052
14
1034
1148
1077
256
1037
2
1695
3864
1292
23
25
3325
786
1371
2
184
2570
1104
837
1466
39
1175
1583
4314
4990
674
614
271
1631
11
1454
5079
122
3799
3033
825
127
3110
863
9
1172
1104
60
1850
916
3718
2172
4603
2017
2558
2018
245
1409
2584
30
1989
2540
913
1334
4172
2594
2515
3803
2156
3632
3004
240
2068
2328
1503
1837
293
1331
54
1251
2436
213
3
440
1540
5264
446
28
2598
19
1475
2714
1149
3188
15
65
1792
1158
4192
1787
3316
918
1204
366
1676
1728
317
8
577
786
154
226
311
43
127
877
1763
2016
37
814
71
1516
375
2
122
2287
8
311
22
2009
1072
1287
2840
192
3336
2347
1720
251
864
582
661
2542
32
2083
3105
1723
48
713
104
146
2057
1126
559
1007
979
1497
1852
1029
27
772
404
397
45
242
1853
1700
39
349
1557
901
1871
2954
2962
4558
1483
20
147
1193
1920
2545
1692
106
457
1212
2640
2932
2448
28
7
1071
271
93
4227
2149
2464
632
108
2107
913
5
153
212
3585
586
61
210
324
815
2197
4232
1263
2687
321
379
3891
4
1892
2066
9
43
57
11
29
489
1206
1151
10
460
21
876
60
188
1765
844
49
1000
601
7
1096
345
260
1124
92
2
1388
14
196
12
85
2864
2097
21
2502
1769
4031
46
3658
2755
1677
882
19
234
825
756
1658
1225
55
601
1166
35
1880
2256
3320
1872
1563
10
153
688
539
1762
3676
1533
493
3505
2359
2469
186
851
932
226
2376
283
463
2230
116
2268
2800
1358
2264
3262
575
849
2030
582
26
798
2926
673
448
386
1925
275
112
763
131
2798
432
1312
1173
954
479
1676
555
3157
1103
1269
37
2062
2359
299
67
765
2743
107
372
1137
3185
370
630
146
2718
8
1385
91
607
462
346
1
8
132
397
2108
1401
37
232
718
1371
718
49
13
485
150
1397
572
152
226
156
88
2003
99
1840
796
2734
512
42
149
2042
14
480
1868
1195
39
4
388
40
15
544
2
293
602
929
3467
31
862
252
648
2
1
1932
3163
5
1701
4123
3102
1500
273
2831
3041
1509
2812
1078
877
681
348
1
1
1
1
1
1
1
1
1
1
1
1
1
1
1
1
3
1
11
5
1
1
1
1571
1
1
1
1
1
1
1
1
1
3
4
1
4
2
1
1
7
1
1
1
1
1
1
1
1
3682
1
1
35
3
3
5
1
5
550
1
2
2
27
1
2
14
1
1
1
1
3
3
1
1
11
5
2
3
1
3
13
1
1
14
5
1
4
12
671
1
1023
32
8
1
1
13
1
1
1
2
5
2
1
1774
5
1
2
11
3
2
1
1
1
2
2
1
2
2
18
5
23
2
3533
1
1
1
57
4
1
53
99
1
1
1
9
2
1
1
80
1
10
34
21
7
3
23
1
9
7
101
2
2
8
1
4
2
5
1
3
1
2
1
1
4
1
8
65
9
70
6
1
7
76
21
81
2
13
1
11
818
14
89
1
18
3
9
2
1
1
52
7
3031
3
1540
86
18
1
1
55
29
62
28
1
3
1
8
2
3
1
1
12
1
89
1
47
7
223
3
37
3
1
54
933
1
194
115
30
11
3
1
4
1
2
19
3
1
1
15
1
1
1
1
1
1
7
13
1
1
1
1
1
1
2
1
2
1
1
4
1
2
1
1
1
1
1
1
2
3
1409
1
5
1
2
4
2
1
2
2
1
1
1
1
1005
1
2
1
1
1
1
5
3
14
1
1
73
1
1
1
1224
2
1
6
1
1
2
1
1
1
2
4
1
3
1
2
71
1
1
1
2503
1
1
995
4
1
1
2
2
44
1
2
1
1
1
1
102
4
2
1
7
1
35
1
13
1
1
4
1
4
5
1
3
1
652
7
20
1
1
1
1
1
1
4
2
1
2
1
4
1
3
4213
1
3045
3
4
1
2
1
2
290
1
327
14
18
1864
2
1
2
3
1
1
1
1
1
1
4
6
5
1
2
6
1
10
10
1
1
56
10
1
30
1336
2
365
5
1
67
4481
35
3
2
12
239
21
3
3
2
126
1
1
2
1
2
1
1
1
439
1
6
1
1
1
3
51
1
1
1
2
1
1
1
4
1
7
2
1
1
2
3
16
2
1
1
2623
1
1
1
2302
1
1
1
1
3
1
1
2
3
1
1
1
2
41
1
11
2737
4
2
1
3
2
1
2
1890
75
165
10
3
1562
3
52
7
1
1
2
1
22
4
6
1
1
1
1463
5
1
6
2775
4381
3
3
1
1
1
1
118
4
1
2
4
3
1
1
1
1
1
1
1
7
11
1
1
1
1
3
1889
894
2
8
1
52
4
273
1
4
539
3
1
1
1
6
1
1
1
1
113
1101
4
1
5
3356
1
3
1
1
1
7
1
1
1
1778
2
8
1
3053
225
108
21
1
9
24
15
15
3
50
2
4
29
1
7
1
2
1
2
1
20
1
1
1
2
2
6
30
19
336
2
36
57
2
173
2
329
41
184
381
12
72
128
30
1
14
20
1
6
2981
9
819
1
1
4
1
448
1
3
4
13
17
166
1
1
1
62
6
953
41
6
1140
3
2001
2
140
16
3
37
622
1983
6
11
3
55
20
42
1
11
131
621
191
56
42
2
30
1
1
45
19
8
1
1
3
1
323
11
3
4
1
1
1
9
1
1
16
70
2
1
33
108
3
1
1
1
1
94
10
4
1
121
3
1
2
2
1
1
1
3
2
1
1
1
2
2
4
1
1315
1
1
4
1
1
4
1
4143
1
10
4
3
1
5
12
66
4
1
1
2
1117
1
1
16
1
1
2
1
16
3
1
43
2
1
8
2
3
2
2
24
1
8
7
2
12
1
3
1
4
1
771
1
10
6
3
158
63
56
82
3
34
1
9
18
2
2
1
3
1
2
2
6
3133
33
1
1
242
2
2
1685
1
4
1
1
1
1
1
1
1
1
1
4688
1
63
1331
7
5
4
7
36
1
13
897
1
1
1
1
8
1
4
12
4
2
1
31
1
2
143
34
5
2
1
3
1
1
1
670
11
1
1
1
1
1
1
120
2
2
2
1
2
1
3
1
1
1
1
27
2
2
16
1
1
1
1
4
1
577
8
1
1860
1
1
3
1
1
9
24
2
9
2
1
16
2292
1156
10
1
1
1
1
5
1
2
1
3
4403
2
4
6
8
1
4
1
1
1
1
2
3
1
6
2568
2
1
1
1
1
1482
4
1
3
6
1
858
1
1383
3
1
2
1
1
1
1
1
2
4
3
1
4
11
1
2
3
1
3
3
1
2
1
2
35
31
3155
1
1
1
1
1
4
1
1
1
1
2
1
1
3
1
3
1
1
830
1
13
1
1
1
1
1
3
1
1645
4744
1
4
24
2
1
1
38
21
1
1
2
1
1
1
1
1
1
1
2
1
1
1
1
1
3
1
1
3
2
1
5
2
2
1
2
1
1
1
1
1
1
10
1
1
1
5
2
2
3
1
2
1
3
1
12
2
2
3376
2
1
1
1
1
5
18
1
2
1
3
1
1
2
1
376
166
1
1
1
1
1
1
2
3
3
2
1
1
1
6
2
1
1
1
2
1
1
2
1
1
1
1
1
7
2
1
1
1
1
1
1
7
5
1
1
16
2
4494
3860
1
5
2
1
1
1
1
1
2
1
1
1
1
1
1
1
1
2
2
8
578
1
3
1
1
3
2
1
10
969
2
1
14
1
1
1
1
3578
1
1
1
7
1
5
3
13
1
1
1
1
29
17
1
1606
1
6
1
1
1
2
1
2
10
1
8
1
1
1
2
2
1
1
1
1
1
1
1
1
14
2
1
4
17
2
1
2
2
1
14
116
1
1
2
1
1
2
1874
2
9
3
38
11
1
3
17
4
1
10
1
1
1
6
5
2689
2
1
1601
4
3
742
7
1
5
1
6
1
12
3
2
1
22
1
2
5
70
1
13
2
1
1
1
1
1
9
2133
2
7
1
1
1
1
1
1
255
1
1
4
1
1
1
2
1
1
61
4932
1
2
13
1
1
2062
741
1
1
10
1
1156
2
8
1
3
1
2
2
1
1
2
1
1
65
1
1
1
1
1
1
1
1
1
2
179
1
5
2
1
1
4
2
1
346
3
3
1
1
3
4
3636
1
1
1
1
4
3
1
1
79
1
1
1
6
4
2
26
1666
27
2
2
1
1
3
338
1
1
2
1
1
777
1
2
1
1
5
1
1
1
2
7
1
1
5
1
1
1
1
1
1
1
1
1
1
1
2
2
1
1
1
1
68
1
1
2
3
1
1254
1
3
1
1
1
1
1
3
1
1
1
53
72
1
1
2
3
1
1
3
1
2
2
3
2
1
6
1
1
3324
1
1563
1
1025
1
6
1
1
1
1
13
1
2
3
1
2
44
4
1
1
1
1
1
1
2
5
6
1
1
1
3
1
1
1
1
1
1
3
3
22
1
2
3
1
4
1
1
1
1
1
1
1
2
1
1
1
1
5
3
5
12
1
8
2
2
9
1
1
3
1
1
3
1
51
1
1
1
1
1
1
6
2
2
1
2
2
4
1
1
1
11
1
3
1
1
2
4
1
23
1
1
1
1848
1
2
18
1
1
1
2
2624
2
4
1
5
386
2
115
2
1
2
1
1
1
1
23
1
1
2
54
1
1
2
2
6
7
2
1
1
5
1
1
1
2
1
6
1
3
1
1
7
8
1286
1
3
1
1
3
1
4
9
24
21
33
1
1
8
22
19
1
1
8
1
1
1
5
1
1
1
1
2
2
11
17
7
29
4
8
11
77
9
1
48
1
24
23
4705
4
1
94
16
1
15
172
23
46
1
84
4
190
1
1
60
2
17
7
2
1
1824
21
4
6
3
37
20
16
4
4
25
1
1
18
21
4
5
24
2
69
2
18
2
6
7
43
1
32
2
14
18
31
198
1
56
2
18
24
1
2
1
5
224
1
4
2
3
2
1
1
1
2
1545
9
184
1
1
1
64
1
1
4
1
2666
1
1
1
31
8
5
1
2
3
16
1
2919
1
3
1
31
1
39
25
7
3
1
3
1
4
1
4
48
37
1
27
1
1
1
8
1
87
2
33
8
1
1
1
1187
1
1
6
4
2
4
2
3
1
1
1454
1
1
1
8
27
276
13
47
5
13
2
2
1
4619
27
1
4
3
22
3599
1
2
2
1
1
1
2
1
1
1
2
1
11
6
3
7
1
8
161
237
3
1
1
17
2
11
1
2
58
4121
1
604
3
1
4
1
45
1357
6
1
14
15
2
3
16
22
25
1
3
1
3
1
2
1
1
3
1
30
1
14
3
9
1
1
3
1
4
1
73
3
1
1
61
1
984
8
4
36
6
11
1
1
2
1
1
1
2
2
7
1
1
53
1
2
1
1
1
3
2
3
2
92
1
44
17
14
11
1
47
1
2
6
35
2
2
1
4
8
6
2
6
15
2843
19
5
4635
11
28
1
16
29
9
6
3
23
1
142
3
2
16
1
6
5
1049
492
1
9
2
1
8
1
1
2
1
1
28
34
1
5
9
4
3
1
1
2
1
7
1
1
12
4
1
16
1
4
10
9
1
5
2
1
1
1586
2
1
5
3288
1
1503
343
3
1
1
5
1953
1
2
3107
2
1
65
1
3
119
9
149
300
2
3
1
4954
1692
1
1
7
1
1
23
2082
3
1
2
1
4129
6
2
2
1
3
926
2
1
3
2
12
1
7
1873
57
33
24
1
1
3
1
1926
1
1
1
1
1
2
17
1494
2
1
26
61
1
6
97
3
1
2
1
1
2648
4
1
1
3
1
1
1
3
3
3
1
1
1
1
2
1
1
1
1
1
23
34
3
4
2
1
1
3
4
452
2
2
1
1
2
9
1
6
6
5
12
1
1
8
2831
2
3
14
2
1
1
1
3
1
3
2
21
5
7
8
11
3
1
15
7
1
8
1
2
2
1
3
1
9
2
2
2
231
18
2
13
17
7
61
1
50
168
22
279
21
353
24
1
1
4
11
1
1
5
1
3
1452
1
9
2
1
12
621
8
26
190
1022
807
7
1
5
1
1
1
16
1
5
2
14
18
1
1
9
1
1
1
1
5
31
1
2
5
1
3
1
2
1
5
2
1
451
1
65
4
5
36
1392
1
1
2
52
1
9
2
1
83
1
5
521
1
1
4
3084
5
1
1
2
1
1
3812
1
1
1
2
21
1
1
1
1
5
1
9
6
1
3
13
2
1
1
7
831
4
11
4
13
78
3205
6
7
164
186
2
1093
1
1
1
7
1
19
1
1
1
2
45
33
22
4
3332
1
13
1
4
3
16
11
1
7
4
21
1
11
221
2
2
1
10
1
1
9
757
1
1
3
3030
7
1
2
123
245
1
32
312
1
1
1
3
5
8
2
7
2
18
3
768
2
13
1
1
3
24
12
2
2
1
4
1
1
1
1
2
5
6
5
3
2
2
93
1
1
1
1
21
3173
1
10
4
13
12
2
1
1
2
6
8
11
4
17
2
45
47
24
43
507
1
6
1
1
1
6
1
1
2
3
5
1
25
13
9
2
22
42
2365
1
2
21
4
2
4
9
1
1
3
3
14
1
61
1
1
8
10
23
14
5
4
4
1
1
4
3
1
1
3
90
1
1
8
5
1
2418
1
4
1
2
52
4
4
3
11
13
7
25
3
1
629
1
3
4
1
14
14
22
2
2
8
3
1
3
4
2
4
1
1
1
1
1
1
2
1
18
2
3
1
14
18
7
2
55
2
1
1
1
41
175
2502
10
1
24
1
12
1
1
23
44
5
1
23
5
10
2
2
3
6
12
1
210
76
3061
3
1
2
2
226
22
1
3
7
2
8
8
1
8
4
1
1
1
13
1
1
1
22
1
1
2
10
1
1
1
6
3
4
18
4
4
12
12
1
1
1
1
1
1
1
17
1
8
6
1
1
3
1
42
2
1
4
52
6
1
17
7
3
1
1
5
6
7
1
4
2
1
1
268
4
1
1
2
1
1
10
1
1
5
1
2
1
1
6
1
24
4
2
2
2
14
1
1
1
1
2
7
2
1
1
1
13
16
198
7
3
98
1
11
8
1
1
1
1
2
5
1
4
8
5
24
34
222
130
119
1
51
1
3658
2221
191
3
1
1
1
3
158
191
1
49
1
2
2
1
1
8
25
4
6
1
1
2
6
1
4
1
1
5
46
3959
5
1
358
4
2
1
3
1
1
1
1
5
3
2254
1
231
1
1
3
2
17
17
69
3
1
2
2
1
1
1553
1
16
3
2
3
18
1
1
434
7
20
7
2
2
1
1
77
11
1
10
1
1
1
5
1
30
1
4
3
1
1
4
1
6
4
1
472
2991
3041
116
48
1
82
1
506
876
1
1
1
4
24
67
16
5
201
1652
4384
6
1
4
123
24
1
18
3
2
9
2
3
1
15
4
10
5
2
16
10
3
5
8
7
385
1274
1
11
11
5
3
1078
1475
1
8
1
2
8
12
2
1
1
1
2
13
7
1
1
1
1
1
5
1440
1
1
1
1485
25
4
2
6
8
3
37
1
1
1
10
4
4
1
1
5
1
2
1
3
1
8
1681
2288
8
1
1
1
22
26
7
7
2
1
75
1
1
4
1
1
1
3
48
2
1
7
3
19
1
15
1
3
28
2
25
22
24
4
1
12
3
1
2
5
1
1
2
1
1
16
16
1
88
5
1
12
2
1
4
2
1362
23
117
1
1
2
1
2
1
2333
2
2
1
20
1
1
6
4157
1
1
1
1
1
2
76
113
9
2
5
3
42
4
661
1809
2
17
2601
4
1
2
1
1
3
1
1
3
1
1
920
1
1
3
175
1
2
2
41
226
2567
1896
1
1
1
7
7
16
3
2044
246
1811
1
1
1
1
1
1
3
2
1
3
1
2
452
81
1
4
1
1524
30
1
3
4
38
45
1
1
4
13
1
6
1
2
1
1
1
34
4
1500
2
1
1
46
1
1
14
1
1
1
3
5
1
1
122
33
1
1
1
1
1
2
78
1
3
1
1
1
1
1
2
1
57
2
1
1
1
1
91
27
72
1
58
1
1900
4
10
1
1
1
3
3190
6
1
1
12
58
1
45
4
84
200
1
3120
2
180
84
27
181
11
131
8
1
1
1
714
18
4
1
1
1
1
1
1
1
2
1
52
5
55
124
1
1
2
13
1
1
1
1
1
3
3
2
602
7
601
1
1
1
66
4
144
1
1
1
1
1
2
3
1
1
4
1
1
1
1
2
1
1323
300
5
1
2
2
295
2
4
1
2
1
1
1
1
1
1
3
1
1
1
1
1
1
1
3
2
1
2
24
1
44
7
1
706
1
3
1
7
1
1
1
1
2
1
1
4
1
42
3
8
217
1
34
2730
2
1
1
1
243
572
4
2
51
1624
3
1
2
1
31
147
10
1
3
278
4
2
25
2
2
1
10
1
1
9
3563
2
1
801
1593
3
9
33
35
15
91
15
2
2090
1203
60
6
365
10
35
3
2032
1
2087
119
18
8
1
13
2
1
1
196
1
2
4
1
1
145
1
1
2
1
1
1
3
1
490
1
2
367
8
5
2
1
5
1
2
1
6
5
17
6
1
8
21
5
107
19
1
1
1
7
25
2
14
18
23
5
2
1
1
5
6
1
2
1
1
2
5
3
2
17
2695
115
18
1
62
1
4
5
54
4
1
1
3
1
2
2
14
1525
235
2
16
1
6
5
1660
669
4
510
4
27
1
15
4
2
8
53
4
157
97
11
6
1
1
10
3
3
156
8
1
1
8
1
3219
4
1
13
1947
2
2
8
1
1
4
4
7
1
1
1
1
1
4
1
74
1
5
36
2
5
1
3
4
2
636
1
18
69
40
362
2
1
1390
1
1
2
1
1
16
321
2
11
1157
8
3
26
1
139
3
172
7
488
2
1
1
4
2
16
2
1
1
5
477
2
73
1
1
4
608
111
1
5
1
3
1
538
69
3
3
2
1272
1
446
1
1
559
91
87
1
2
4106
1
45
9
2
1
22
3
1
2
1
1
2
1
1
1
2
1
348
1
3
4
2
1
1
37
1
3
1
1
1
1
1
4
1
4
2
38
1
13
1
4
1
1389
239
1
1
1
2
319
12
1
1104
1
3
1
3
1
4
1
7
1
377
35
918
50
18
4
58
34
19
439
1
1
5
1
22
34
6
175
61
1
12
1
1
5
5
49
73
12
2
12
1
1
1
1
2
1
5
1
2
7
4
1
1
1
1924
1
1
4
5
2
1
1
6
1
1
1
1
1
2
2
1188
2
1
1
3
1326
1
4
1
1
4
1
1
480
2
1
1
171
1
1
1
1
1
1
2
1
3
1
1
2
1
1
1
7
2
1
1
1
4
2
1
1
1
1
4
1
13
1
36
1
1
1
1
1
1
1
1
1
1
1
1
3
1101
5
1
1
2
1
1
1
1
1
2695
132
1
4
1
5
1
1
6
1
1
1
1
546
2
1
2
1
1
1
1
496
1
4
1
5
1
1
1
4
266
32
238
37
11
3
194
59
2
615
1
5
43
2
1
53
305
2076
1
1
1
1
69
1
1
1
1
1
1
1
2
7
6
80
342
2
1
1
1
1
1
40
1
1
2
1
2
1
1
6
1
1
4
1
3
8
92
27
2
504
1
8
31
1
1
2
3
1
1
2
1
1
2149
3
19
3621
1
3
1928
2
1
951
15
2
3
1
5
5
50
1
2
43
3
1
1
109
466
2
5
1
1
2
1
1
1
1
35
3
1
1
2680
192
2
1
1
1
1
4
3
10
8
38
322
6
1
4295
1
1
3
2
1
3
4
3
5
1
4
15
6
2
1
284
90
2
1
1
148
1094
52
2
4
275
2
34
5
1
1
2
3
4
1
2
1
1
1
4
7
1
1
7
1
7
1
1
15
1
2
1
1
16
1
2
25
1
22
1
1
11
368
1
1
1
1
1
2
1
1368
1
1
1
1
1
3116
1
1
135
1
1
1
1
1
1
1
6
1
3
1
2
2
3
1
1
45
1
1
1
2
4
20
1
1
5
3
1
1
1
11
15
1
2
1
1
3
3
3
1
11
5
1
1
3
3
1
4
10
1
1
2
4
1
3084
1923
1
3
1
1
1
1
1
7
11
1
9
6
1
2
2
1
1
2109
4
1
1
1
10
1
3092
1
1
1
2
1
1
4
1
1
2
29
1
1
1
1
2
3957
2
1
1
2707
1
5
1
1
80
6
1
1
1
3
1
2
5
2
2
3
1
1
1
3
1
1
1
3
24
1573
4
1
1
1
1
5
2
1
1
2
77
2
3
2
1
3
4
2
1
1
1
3
1
5
1
1
1
1
1
4971
3
89
1
1
5
1
1
1
1
1
1
1
1
1
2
1
1
1
1
1
3
1
1
1
2
1
1
5
29
159
2
1
1
2303
3584
2
1
1
1
1
1
1
1
1
1
1
1
14
1
1
3
1
9
1
1
1
1
2
3
1
605
3
8
2
1
1
1
1
1
16
109
1
1
1767
5
1
291
5
1
1
1
1
1
93
261
1
33
1
1
1
5
256
22
43
1
61
2
444
2
2
3
22
15
1110
5
3
1
1
1
1
3
6
1
5
2
2
2999
1
2
2
1
2
1
4
3
1
1
6
1
3
496
2134
3398
6
26
53
6
120
6
2
1930
2
1
1
1
5
1
3
2
2
20
1316
5
6
3
2
1
1
1
2
1
1
1
2
163
34
1
5
2410
7
2
1
1
1
2
1
4
1
14
1
4
1
4037
3
9
1
341
5
1
1
1
16
3
35
5
6
1
1
2
3
4030
1
1
1
1
1
4
8
29
2
6
1
1
47
1
9
1
1
220
4
1
2
1
1
3461
2
3
1
1
1
3
1
2
1774
638
1
1
1
2
4
159
5
4768
1
1
1
1
8
1
1
1
1
10
3
1
1
1
1
1
1
45
1
2381
9
68
1
1
2
1
1
1
2
62
3
1
1
6
1
1
2
6
1
1
1
2
96
1
1
1
1
5
2
1
1
452
10
3
29
159
1
46
1
18
1
4937
1
1
2
5
22
4
4
3
5
208
1
2
1
1
3
1
4
1
2
9
42
1
4
1
1
94
1
441
2
1
1
1
2
1
3
1
1
1
1
1
4703
4
1
1
1
1
1
2
354
1
1
1
1
1
2
2
1
11
1
1
1
40
4032
1
2
3
85
1
17
1
1
1
2
1
1
1
1
2
1
1
1
1
1
2
1
1
1
4
1
8
65
24
1
6
1
3
3
385
1
1
1
5
1
1
1
1
1
1
1
1
1
1
1
1
1
1
1
3950
1
5
6
1
1
2
3
3
10
17
3
1
1
7
3
3063
1
1
1
1
2
26
961
3
1
1
1
2
5
2
6
2945
3
1
2
1
1
1
1
3
1
1
2
3
27
1
1
2
1
223
1
1
1
3
1
1
9
3393
1
1
18
2
2824
1
1
2
14
49
2180
15
122
14
6
311
83
1
1
1
1
9
1
1
3
5
1
2
1
6
133
2
10
1
1
2
4
1
1
1
6
1
1
1
4
5
1
1
1
2
1
1
1
1
2
2
1
1
3
1
1
1
1
1
39
1
7
5
40
4
17
242
44
250
28
390
10
756
539
1
1
1
411
3
4
7
1
13
1
1
30
2
1
1
485
1
27
9
2
431
108
2
4
2
1
1
3
2
20
1
1
2
2
2
1
28
3
1
1
2
4
1
1
1
20
9
9
2
2
1
2
12
1
1
9
49
1
641
1
1
1
2
1
1
1
5
5
2
1
1
4535
4
1
1
1
1
1
17
1
1
1
2
1
1
1
181
4
4
3
21
20
8
1
1
1
2
1
20
7
2
1
2
7
10
1
219
1
1
1
2
1
1
1
1
1
1
1
2
1
2
1
2
1
1
1
24
53
1
1
1
2
1
3
1
1
2
2
2
2
1
1
1
1
1
1
42
1
1493
2
1
1
1
3
1
1
179
21
13
1
1
11
46
5
1
1
971
1142
1
1
1
3
1
1
1655
1
4042
1
1
1
3
1
1
1
3
17
1
1
1
1
2
94
1
5
4
1
2
36
2
28
1
1
2
2579
2
15
1
1
1
1
1
1
4157
1
1
1
2
1
1
1
4
1
3576
5
1
30
1
1
1
3
1
1
2
6
4
11
1
1
1
1
4
1
6
56
2
1
2
1
1
1
6
1
1
2
4
1
1
1
1
1
2
1
1
10
34
1
1
1
1
2
187
1
2
2
1
1
1
7
5
1
1
1
1171
1
1
88
20
59
1
3
3
1
2866
1
29
16
1
1
2
17
2
62
3
72
159
55
113
4
1
13
1269
26
1
2
7
1
19
685
95
1
131
160
4
1
70
7
2
1
1
27
2
1
1
1
2
3
122
23
1
1
1
1
94
222
1
2
2
2
1
1
1
1
3
3
1
146
1
1
1
1
10
125
1
1
1
1
4
1
6
3
1
2
2
1
1
2
5
4
2
13
3
137
1
1
1
3
1
1
9
19
1
4
1
1
1
1949
2
1
3205
1
17
5
3
1
1
1
1
1
2
1
1
1
6
2
1
1
1
1
1
1
1
1
1
7
1
1
1088
1
1
1
1
6
745
1
2390
1
1
1
2
1
1
5
1
1
1
4
2
4
1
1788
1262
1
1
1
3041
3
1
54
1
14
151
12
484
256
2
1
1
1
1
1
13
1276
12
19
4
447
1
6
2
4700
1
4
6
3
217
2
2
6
1
2
1
1
1
12
1
2329
143
2447
800
1
4
1
1
2
2
1
1
1
1
50
1
3
2
1
1
1
1
72
1
21
291
30
1
1
6
327
1
8
3
1
1
1
1
1
1
3128
1
1
1
1
1
2
1
1
1
1
1
1
3
2165
1
2
4
1
2
1
1
1
1
19
8
133
1
2373
4
2
1
4587
3
3
1
2
7
1
2
2
1
13
80
3
1
1
1
1
1
19
1
1
3340
1
3334
1
43
1
1
736
2
1
1
1
1
10
45
1
1
1
1
1
2
6
1
80
1
4
4
1733
2
1
8
2
1
1
3
1
2
2
1
2
1
1
1
2
23
1
1
1
9
1
1
1
4
72
2
2
2
1
1
1
1
1
1
1
3
1
1
4
1
1
1
1
21
3911
1
1
1
2
1
1
1
7
4
1
1
2
2
1
29
3415
2
1
2
1
1
1
1610
1
1
1
168
21
1
6
87
9
1
3696
2
8
1051
2
5
1
1
1
1
1
2
1
1
1
1
2
1
4
2
3438
1
3
1
7
1
41
3
3
1
4
11
1
4
1
1
2
6
1
1
1671
2118
2
1
2
1
10
1
391
1
1
1
1
2
1
1
2
4
1
1
2
1
3976
11
2
2
1
28
2
2
55
6
4
1
1
2
11
7
1
50
1
2
1
11
1
4
1
1
17
2
1
1
1
139
1
332
4
3
1
1404
2
7
1
1
1
1
1
2778
1
4
1
1
2
4
2
1
1
42
3
91
937
487
40
2
187
1758
1
38
206
36
1
2
2
91
1
1
2071
1
1
1
1
1
1
4015
1
1
1
1
3
1
1
1
1
1
2
26
2
1
153
164
1
2
1
4
1
1528
4373
7
1
1
1
29
452
15
1
2
1
1
80
7
6
1
1
1
1
23
1
1
13
1
25
1
5
47
2
2
66
1
1
1
1
1
1
1
1
2
1
1
1
1
2
1
5
1
2
3374
9
1
1
1
14
1
1
1
1
1
1
1
35
1
1
1
1
1
2
8
27
2
1
2
1
1
4
1
6
1
2052
18
2220
32
20
4
1
36
300
1
1
1
2053
3
5
1
1
1
1
1
74
2
1
1
4
2
1
1
4
1
1
8
6
1
5
1
9
6
17
1
1
2
1
8
1
1
5
9
1
1
35
67
1
1
1
12
5
4
30
17
1444
516
1
1
1
1
1
1
1
1
7
1
1
2
1
1
1
1
1
1
1
2418
12
1
1
2
7
3
1
1
1
1
6
53
1
3
1
1
1
1
1
2
1
1334
1
3
116
4
2
3
1
8
1
1
1
1
4
2
5
1
7
1
1
3
4
1
1
1
1
3
1
7
1
8
1
1
1
1
3
1
134
1
1
1
2
1
219
2
2
1
2333
11
2
1
93
1
1
1
1
76
1
1
1
2
4
7
1
141
2
14
95
1
1
1
1
1
2
10
1
2
224
1
1
4
47
17
1555
1
2
2
44
287
1
4
25
43
200
46
162
445
57
55
98
166
58
9
1
1
2108
2
1
1
29
1
19
2
1
1
7
1
3
1
2
1
11
2
1
1
1
1
4
1
1
1
2
1
7
1
303
4
7
1
23
230
21
21
2
2
1
22
2
1
471
51
1
1
1
1
1
1
1
2
1
3
8
2
1
1
1
1
3959
1
1
1
12
1
1
274
23
8
63
1
1
11
10
2595
3
3846
1
1
1
1
1
1
1
4886
2301
1
5
1
7
82
1426
697
1
1
1
1
1
1
1
1
1
1
2
1
2
1
3
1
177
1
1
2
2
11
1
5
1
1
18
5
1
2
1
2
547
6
1
1
19
3
1
60
1835
3
3
3
1
6
4
1
1
66
5
1
2
1
2
2
1
1
2
1
2
22
261
169
7
1
11
2
1
1
1
1
10
1
1
1
1
66
10
1
78
175
11
1
2
1
1
15
305
1
1
1
1
1
3850
1
1
1
1
3
1
1
1
4
6
1
1
1
2
1
2
804
1
12
1
1906
66
1
1
1
2
1
7
1
1
1
1
1
3
1
12
84
1
1
5
371
10
2
1
1
3
1
2
5
1
2
2
1
7
1
1
1
1
1
1
2
4
1
1
3
1
1
3
7
7
1
1
1
6
3
6
1
1
1
2
6
1
2
1
9
1
1
1
1
1
1
1
1
1
1
1
1
1
1
1
50
2
8
2
1
1
1
1
3
1
1
1
1
1
1
1
1
1
2
1
1
1
2
5
1
3
1
20
3
1
2
254
1
756
11
6
16
2
1
1
1
1
7
14
1
2
4
51
1
19
1
80
24
7
263
5
125
371
2
1
1
3
1
1098
3
6
9
1
5
1
1656
7
1
8
1
5
1
1
1
2
5
1
1
1
1
3
9
1
10
18
1
3
2
1
6
1
1
1
1
2
22
3
1
1
1
1
27
1
91
20
94
28
22
1
3
3
1
1
2
1
1
1
784
1
92
1
3
5
1
1
3
5
1
1
1
1
59
1
43
16
1
1
1
316
1
1
3
1
1
1
13
4
7
1
2586
3167
1
2
1
5
4831
6
1
1
1060
4
1
1351
10
2
15
4
2
1268
3
5
1
2
1
1
1
1
1170
3000
2
3
66
1
23
294
210
38
1498
131
22
10
1
133
1
3
28
20
32
245
3
12
849
72
1
1
1
1
4
1
23
7
4
1
1
1
17
1
5
7
1
1
1
38
1
1
1
4
1
1
1
1
1
6
9
2
1
2
5
3
5
1
8
10
2
1
1
2
6
507
2
1
16
1
3
50
1
3
1
13
1
1
2
87
1
1
1
18
19
60
12
2
5
18
1
1
39
64
3
5
2
1
2216
1
15
1
1
1
1969
1
1
1
2
1315
1
8
1
1
1
2
2
1
1
1
1
27
1
104
1
2
7
1
3
1
1
1
1
3
4
1
1
14
3103
61
1
12
4
5
264
26
130
96
2387
417
1
1
2
1
1
1
2
1
1
1
4
1
1
1
1
1
2
1
2
3
32
3390
1
2
36
1
34
9
953
1
11
3
1
54
1
46
2347
3
84
9
41
5
1
8
2
2636
5
1
31
1
2
1
1
1
1
1
1
25
1
2
874
4
1
1
1
1
1
1
3
1
1
1
5
9
9
8
15
2
1
1
1
6
1
324
1
1
4972
1
1
19
2
2
5
35
4
9
11
534
1
1
35
1
1
24
151
5
6
1
1
2
1
2
1
11
16
1
2741
1
1
1
1
2
1
1
1
1
5
19
1
1
1
1
4
9
1
11
3
1
164
21
1
1
1
1
1
1
1
1
44
1
1
1
1
2
106
8
123
1
1570
6
1
14
1
1
7
1
1
1
1
1
2
17
1
1
1
8
1
29
2
3
2
1
3
1
1
9
3
5
1
1
293
1
1
3101
1
1
4
2
6
1
102
1
6
2
1
1
2
1
1
1
1
2
5
1
1
41
13
9
18
3
12
15
2
1
1
1
1
1
2
2
1
3
1
1750
1
1
1
1725
2
2
1
1
1
1
1
1
1
26
1
5
42
2
1
3
2
1
1
1
1
6
68
4
1
2
18
1
1
3
5
1
7
28
166
55
1
1
2
1
1
3
1
3409
1
1
13
1
1
1
1
68
48
94
1
2844
1102
1
2
2
1
1
6
1
1
1
2
8
1
2
1
1
1993
5
1
27
2
1
13
1
2
1
1
46
1
1
1
3
1466
5
1
2
1
2
66
14
1
1
1
1
1
1
1
1
1
1
8
1
1
1
1
52
20
2
5
188
2
1
4
3
1
1
1
1
2
2
1
705
2
70
1
1
2
3318
42
1
1
764
1
1
308
2
2
8
1136
1
1
1327
3
4
1
1
2
1
2
1
1
1
1
1
1
2
9
1
1
1
1
17
1
1
1
1
2548
17
2581
41
1
1
1524
1
2
1
2
6
1
1224
2
1
4
1
2222
2
2
1
2
30
1
1
8
1
3
2301
8
1
1
1
1
1
1
2
1
33
1
1
1
1
1
1
1
1
4
1
1
1
1
1
1
1
1
1
2
1
1
2
3
1
588
1
5
27
4
4
1
1
3
1
1
3
1
1
1
2
2
2
2
1
2
1
1
2
1
1
1
17
1
3
2
208
2
2
1
1
3
98
1
10
8
12
6
14
1
5
2
26
56
1
17
391
55
81
1
4
61
2
34
77
3
1
15
3
13
37
2
1
5
4
1
1439
4
11
4
2
12
3
42
18
37
15
80
33
304
15
11
48
6
1
108
2
34
19
17
6
19
11
228
3
2
80
1
1
1
1
1
59
2
1
1
2
1
13
22
170
1
22
142
4447
1041
33
1
24
67
33
156
293
47
1
2
4627
3
1
1
3
3
1
14
1
24
1
1
1
1
2
2
10
2
1
1
1
68
20
3
1
3
1
2
8
2
1
4972
1
1
1
12
3
2002
1
2
1
1
3
27
1638
1
1147
7
1
1
2
2
1
2
3
1
2
1
1
4
2
224
6
2
1
1
2
1
1
1
1
1
264
1
1
2
1
1
1
14
167
1
3
4
6
1
2000
1
1
1
1
32
14
2
1
1
1
1
194
1
1
11
4
1
1
1
5
3242
3
1
1
1
1
1
1
1
3
959
3538
1
1
382
3
2122
4
1
1
3
1
1
40
1
1
179
1
1
590
1
3012
1
1
1
1
3
1
1
1
3
2
1
1
17
1
1
1
1
3
2
1
1
3
1
1
1
1
2009
1
2585
1
7
1
2
2
3
2
1
1
2
1
3
1
1
7
1
5
4
249
1
1
1
1
1
1
1
1
1
1
19
55
1
1
7
1
2
1
1
20
1
1
1
1
4
1
1
1
3
1
12
3
343
7
1
1
1
1
1
1
2
1
1
18
1
19
1
2
1
7
3
1
2
1
2
1
3
6
8
2
1
5
2
1
1
3
5
3028
2
1
1
2382
1876
1
1
3
18
1
1
1
20
1
28
65
2
1
1
1
7
3
1
2
6
5
450
1
7
1
994
1
21
33
6
4
1
13
53
15
2
48
14
1
2
2
3
5
1
1
6
1
1
2642
3
2
1
1
6
20
2774
2
10
1
2
1
1
33
1
818
2
1
1
2
24
47
3
1
110
1
1
15
3
7
204
26
9
240
71
3
25
88
6
1
2972
1
7
1
1
1
1
1
1
1
1
1
2
3
2
1
1
1
165
691
3993
1
1
1343
1
1
1
1
1
5
1
1
1
5
1178
6
1
1205
1
1
1
1
1
1
11
53
3201
7
1185
1
24
66
205
851
2
1744
17
20
3
77
5
10
33
63
8
26
1
422
211
9
3
2
311
69
56
1
1406
10
36
5
1
1
2
2
1
1
2
1
3490
16
2
16
989
1
1
1
31
143
1
1
53
2
2
4
2
1
3
3
1
13
1
29
1
7
2
3
4
1
1
1
2
1
3
108
8
2
1
12
2
1
1
1
1
2
1
1
1
1
5
11
18
217
36
1
3
1
1
1
1
2
2
1
1
3
1
1
2
1
642
2578
36
1
3
11
2
1
2
1
3037
553
2812
681
1
7
1
1
1
1
952
14
2542
10
2571
19
2
887
5
2
1
4
5
7
1
5
1
1
1
2
1
3
3
1
1
1
2
1
1
1
2
1
2
1
1
1
1
1
3
1
1
1
2
1
1
1
1
1
1
2
1
1
161
45
1
1
1
1
1
2
1
1
1
1
1
1
1
1
1
30
1
3
3
3
1
1
1
1
1
1
1
2494
2
3
1
1
1
16
1
1
2
1
1
2
189
336
1
1
1
1
1
1
1
1
7
2422
50
9
1
32
983
77
50
1
2
615
29
2
6
21
41
1028
1936
276
2
814
2
1
1
1
1
160
1
2
3
2
1
2
2
1
1
1
1
1
6
125
4
1
6
34
2
1
1
2
7
1
1
3
1413
1
2
6
1
1
1
2432
1
2
4179
1
1
1
1
4
1
2
2
1
1
1
2
2
1
1
1
203
7
97
2
86
2
1
2134
6
831
2
1
1
2
3
1
1
13
3
537
1
2
1
1
1
1
1
1
1
1
1
3
3
1
1843
3
2
1
2
2
1
1
2
1
1
485
1
25
2
1
2
7
2
1
5
49
5
14
20
32
23
4
1
3
2
1
1
251
1
1
1
2
1
1
4259
7
3
1
1
4
1
3
1
2
2
1795
1
16
1
1
1716
1
18
2
5
1
1215
1
1
1
1
1
1
5
3
1
1
1
1
1
1
2
1
1
1
287
1
5
1
2
54
3
1
33
1
1
1
2
4
1
1
1
1
4360
1
1
131
1
1
1
1
1
1
2
1
2986
4
4
1
2
8
1
1
2
2
1
2
1
1
1
1
1
1
1
2
1
1
1
2
1
14
5
2
1
7
3
1
1
2
5
1
1
2
1
4
742
1
1
4
2
1
2432
1
1
2
1
1
622
1
1
1
2
2
1
1
5
1
2
1
1
2
336
1
8
2
1
1
1
1
8
1
2827
1
1
1
10
1
3
40
9
23
38
58
215
16
651
106
136
627
218
8
70
37
1
1
1
1
1153
63
1
4
22
4
3
1
1
1
1
1
2
2
3
2107
1
1
1
1
1
1
326
260
87
45
546
175
1
6
1
1
24
1
1286
6
663
1
1622
1
2275
2
6
1
2
1
2
1
2
1
1
3
1
1
1
1
1
1
1
1
1
1
3
3
1
2
1
1
1
1
1
2
2
1
1
8
2
2031
1
3
3
3
2
1
1
2
1
2
1
2
1
1
1
1
1
1
1
2
1
1
1
1
1
3
1
1
1
1
1
1
1
1
1
1
1
2
3428
1
3
1
1
2
1
1
2
1
1
2
3
1
1
1
1
1
1
1
1
1
1
2743
3
9
1
1
1
4
1
1
5
1
1
1
2
1
1
1
1
1
1
2
1
2
1
1
1
2
447
1
1
1
1
7
37
9
2852
1
1
3
1
1
4438
2
156
2
23
5
6
1
1
2
1
9
1
3
2617
1
13
24
62
8
8
1
1
28
9
10
16
2
7
1
1
7
1
27
1
1
1
1
1
1
1
1
2
1
2
1
1
1
4
2
115
4
1
1
2
1
1
1
3
1
1
14
1
4
1
28
1
1
1
1
1
3
4
4
9
1
1
15
43
1955
2
1
2
1
1
1
2
2
2
197
8
1
1
1
4344
1
3
1
1
1
7
3
1
1
1
3
1
2485
1
1
63
63
7
1
1
1
14
1
1
6
8
1
1
2
1
1
1
1
180
21
1
49
2936
1
1
6
1
1
12
1
6
4
2
12
7
4416
1
1
1
2
2
6
3
26
12
116
723
1552
1
1
1
2
44
1
222
5
6
12
58
214
77
271
1
9
11
980
2477
1
2
2
1
2
1
25
1
3
31
1
1
1
1
61
3
2
1
1
1
1
2112
1
1
1
1
1
1
1
560
1
1
3
1
2
1
1
1
1
3
1
7
1
4
886
1
4
1
11
3
1
1
1
3482
124
2
1
1
7
11
1
5
2
23
1
1
1
8
3
2
1
1
1
4
4570
2
1
35
1
1
5
284
6
11
3
1
2
1
1
2
1
1
1
615
22
5
6
1
1
3
13
1
1
1
2371
1
20
9
1
12
187
1
991
5
16
56
1
7
2
1
169
1
3
1
1
14
1
1
1883
11
58
2
3
1
4
93
3
7
1
4554
1
1
1
1
1
1
3149
1
1
1
8
1
1
1
1
2
1
1
1
3
1
4
1
1
2
1
1
2
1
1
5
4
5
2
5002
1
1
3
1
1
2
2
1
1
1
1
1
1
1
1
1
1260
8
5
1
5
1
1
1
1
1
1
1
1
1
1
11
4
2
2
13
1
1
1
1
2
1
1
4
1
2
2
136
40
1
3
1
61
2
1
1
1
1
1
1
17
1
59
1
1
1
2
2
1
98
2654
820
1
3
1
1
1
2
2
2084
2
1
1
1
1
5
3
1
1
1
1
1
1
1
2
1
62
1
9
22
1
1
8
1404
1
5
148
1
1
1
2
1
4978
2
1
6
1
7
1
1
1
1
4
1
1
2
3
1
1
1
19
11
12
2
1
1
17
1
1
1
1
1
12
1
3
1
1
1
1
13
1
1
1
1
3
34
1
17
1
1
6
1
1
1
1
2
1
1
1
4
1
1
1
2
2
1
30
1
20
4
7
1
25
1
1
52
8
5
1
1
1
1
1
1
3
1
43
6
19
1
1
1
581
1
4
1
8
8
2
1
1
1475
3
1
4
3
3115
2
3
1
2
2304
1
4
3
8
3
2
1
2
6
37
2
13
2
6
2
4
1
1
1
3
3
2
2
1
2
1
1
1
1
26
1
2
3
31
1
1
3
2
1
2
4
86
3
2
2
1
3
7
1
8
28
23
1
1
2
18
2
1
2
1
6
86
1
12
106
2
1
1
1
1
1
1
1
12
1
8
3193
1
1
1
1
1
6
1
1
2
6
2
1
3
1
3197
2
10
1
17
1
2
41
1
14
2
1
1
1
1
1
1
2
3
1
1
1
1
1
1
1
1
1
1
2
2
5
1
3
1
1
1
11
2
31
1
1
1
2963
14
1
5
1
2
1
4
2
1
2
23
1
2154
1
1
1
1
1
1
1
1
1
10
3
1
1
1
6
3
3
1
2
1
1
1
4
15
2
1
11
331
1438
12
34
79
38
1
3
1
615
15
2
6
1
1
2
16
12
8
1
5
1
1
153
1
13
1
2
2
2
1
1
10
3329
1
2
1
2
5
1
2
2
6
12
2
1
6
4
1566
1
3
10
4
1
7
1
2939
10
1
1
1
4
1
1
1
1
13
1
1
6
1
1
1
2
1
2
79
206
1
2
1
1
1
2
1
1
1
1
1
1
2
4
2
1
1
2
1
954
1
2
2
1
3
1
1
1
1
1
2
1
7
1
1
7
4
2
2
18
1
4
6
4
2
35
4
15
1
2
1
2
3192
4
1
2
1
3
2
3
161
28
2
6
4512
1
1
1
1
1
1
1
1
1
3
1
1
4
495
412
1
1
1
1
1
5
2
1
1
2
1
2
1
1
1
3
1
3
3
24
517
3
6
1
1
1
17
6
1
1
1
1
1
13
2
1
1
3
1
2
1
1
1
2343
3
2
2
1
2
2
2
1290
1
2
4
1
1
1
4
2
1
1
3
2
1
1
1
2
1
1
1
1
1
1
1
1
1
1
8
8
42
2
1
1
1
1
3
3211
1
216
3981
2
4695
1
7
1
1
1
1
1
1
1
1585
1
5
3
89
2
1
1
1
1
3
1
1
1216
1
1
1
1
1
4
1
1
1
2
1
1
3
1
1
1
1
1
1
1
1
1
1
1
7
2
1
5
2
4
1
1
1
1
3
1
1
1
3
2
1
1
1
1
1
1
14
1
8
726
5
22
2
12
3354
1
8
1
3498
77
6
1
1
1
1
2
2
8
1
1
1
1
1
4
27
2
7
1
1
34
1
1
1800
2
653
1
1
969
4348
1
3
1
1
3
1
7
4
1
1
1
1
1
5
1
1
13
1
2
727
2
1
1
3
1
3
3
16
1
5
2
1
1
1
1
1
4
1
4
1
1
1
2
9
1
10
5
16
3
1
2
1
2
4
3
3
3
1
2
3
1
1
1
2242
1
1
42
1
17
30
64
1
1
1
2
1
172
9
1
1
2
1
410
3
1
2
1
1
8
1
1
1
1
1
8
6
1
2
3
4
1
3
414
2
2
2
4
3
2
3
1
1
2
1
2
1
2
1
2
1
1
905
1
6
2
2474
3
2
1
2
984
1
1
20
3
2
1
1
1
1
1
1
2
4
2
5
9
1
1
15
2
1
8
18
2
4
2
3
15
7
1
1
3
1
2
1
4
1
4
2
12
2
5
1
7
2
6
2
32
29
7
23
7
52
1
1
2
1
10
7
12
4
2
1
4
3
1
1
5
1
1
1
1
5
1
2
1
4
1
1
1
488
3
1
209
1
1
5
2
1
1
2
1
1
1
3
1
1
1
2
2
1006
3
1
1
2
1
1
3
2
2
1
5
1
12
95
4
1
16
2
1
1
1
1
1
2
1
1
1
1
1
1
5
1
1
1
1
2
1
3
1
1
1
3
2
3
34
5
4
5
15
4
24
1
7
1332
374
1
2
1
1
1
1
3369
1
1
1
1
1
1
1
3
1
1
1
1
1
1
1
4
1
143
1
70
1107
2
1
3
1
1
1
1
2
1
1
2
1
1
15
2
3
1
30
5
1
4
1
1
1
7
2
1
1
1
1
4
1
1
1
2
3
1
2
2
2
2
177
5
7
1
1
1
1
1
2
1448
2
1
1
2
1
1
1
1
1
1
4
10
3
1
47
1
5
3
4
3
4685
827
2
1
1
1
1
1
7
2
1
1
19
59
1
1
2
8
1
1
11
1
6
1
2
5
539
3388
120
345
2
84
117
1
2344
70
3
1
2
1
1
1
5
1
2
78
1
34
27
1
2
4
3
10
3
5
1
2
3
1
1
8
1
713
1
1
2
4
1
8
1
1
1
6
2
1
1
1
8
1
1
1
5
2
1
1
1734
1
2
3
1
16
6
2
2
1
2
1
1
1
42
34
118
161
20
1
1
6
2778
4
2658
2
1
4
2
2
9
6
1
1
14
1
1
2
327
1
2
1
1
2
4143
5
7
1
2
1
1
1
91
1
2
1
2362
1
1
1
19
2
1
2
2
1
7
5
2
1
6
19
1
1
1474
1
1
2
1
1
2
8
1
1
2
2
1
2
5
1
101
2
1
1
4
1
16
1
2
1
1
1
2
1
6
4
861
2
1
4
7
1
1
4
29
10
1
3
4903
9
4
12
15
3
1
1
1
1
2
3
1
1
5
1
2
1
4
1
6
1
122
4
1
89
4
1
1
1
40
2226
1
1
1
1
1
1
6
1
1
4
8
4637
1
2
1
2
2
46
238
165
358
103
9
198
80
1
2
1
197
277
7
938
1
1
1
2
4453
1
1
1
15
2
1471
1
1
1
1
1
4
1
1
2
3
1
1
1
215
147
2
1
2
2
2
1
1
1
1
1
2
1
38
1
1
5
4
1
1
1
2
1
2665
4
1
1
1
326
1
2
1
1
1
1
1
2
3
2
2
5
38
3
1
1
3
4
1
4
7
61
1
2
1
1
4
1
1
1
38
1
1
1
3
1
1
1
7
4
1
1
1
3
1
1
1
1
7
9
7
40
3037
1
1
1
6
1
374
31
1
1
2
1
2
5
2
736
1
9
1
1
13
2
1
105
3101
8
1
1
1
1
5
25
4
1
1
992
1
1
18
8
1
1
1
1
8
2
1
1
1
1
2
1
4
4
1
5
5
1
2
2
1037
15
1
5
6
1
1
19
1
1
4
1
1
4
1
1
3
1
1
1
1
3458
36
1
44
2
3
1368
4
2
3
2
5
1
1
2
3
69
1
10
1
1
1
1
5
3
1
5
7
2
1
1
2
2
1
4
1
1
1
1
6
1
1
3
2
1
1
1
2
6
1
2
5
2
57
4
7
1
2
46
2
2
24
3
1
5
1
9
288
1
1
1
1
1
1
4
1
1
13
5
3
1
2973
1
1
2
17
3
7
7
1389
7
193
1
2
1
4
16
1
8
1
1
1
1493
2
10
2
2
1
1
2615
1
1
1
516
1
4
4
23
1
1
17
18
7
1295
10
10
6
13
540
4
1498
3185
81
2
4
2
1
3
1
3
1
1070
2
3
1259
1
2
1
1434
2
3
1
2
4
1
1
1
2
3
1
6
1
1
4
27
2
2
1
2
1
1
4
1
3
1
1
1
2
4
1
1
1
1
1
1
3563
3
1
1
1
1
1
2
22
1
1
1
4
5
1
385
3
9
1
13
234
2
2
1
1
1
1
1
4
1
1
16
1
1
2
5
2
3
1
3
1
1
1
1
5
1
29
2
1
1
1
1
2
2
1
1
1
1
2
1650
6
2
1
3
2
2
1
3
6
8
8
4
4
1
1
1
2568
5
5
1
1930
4
1
4
3
1
2
2
1
1
3
1
2
1
1
3324
180
52
153
92
2430
94
1
1
3
3
1
1
2255
1
2999
1
2
1
3
1
1
4
2
1
2
4
3797
2
1
1
30
2
1
1
4710
1
1
7
3
1
142
1
1
3
1
2
8
3
1
3
1
2
2
1
1
3
3
231
10
3
1
452
4
30
1
4
17
1
1
2
2
1
1
1
1
1
1
22
1
1
1
1
2
1
1
2
1
1
1
1
1
1
1
27
1
7
1
12
1
1
9
2
2
1
3
2
394
1
1
5
17
6
32
4674
8
1
1
3
1
1
7
10
7
2
1
68
528
2562
1
2
6
4
6
1
15
2
6
37
116
525
33
170
24
3
1
2
1
12
1
5
1
21
17
9
1
1
15
9
1
15
1
1
2987
111
1843
1
1
1
1849
1
1
1
1
55
1
1
9
1
1
1
1
1
2
1
2
10
11
1093
418
1
4
1
1
1
1
2
5
2
2
1
1
1
2
41
1
1
1
3
1
2
1
3
348
10
1
3
1
71
2897
4709
1
3321
3
1
1
21
154
339
11
26
1
1
3467
8
1
1
1
1
338
12
1
1
1
1
1
1
2
4
1
1
1
3
1710
3426
27
1
1
1
1
1
5
1
1
3
1
2
1
1
1
42
1
1
1
9
3
1
1
2
1
2
1
938
1
1
21
2
1
1
13
3
1
6
1
3
7
2
17
3
1
2
1
2
1
5
5
1
1
73
1
11
1
1
1
2
1938
1
74
2
2
1
1
2
1
1
1
5
1
2
7
1
1
4327
1
1
2
2
1
2
5
11
1
1
6
2
4
3
1
71
1
1
1
9
2
9
1
1
1
23
1
1
1
6
16
1
4
1
1186
5
1
4
1754
1
1
1
1
4767
1
1
4
1
1
11
1
4
1
156
1
1
1
1
1
1
1
719
1
1
1
3
2
2
1
40
60
1070
1
1
1
646
1
9
3
3
3
24
1
1
1
1
1
1
3
28
1
1
1
2
1
1
2
1
17
2
1
20
1
4
3
1
1
5
1
1
1
9
8
4
2
1
1
1
363
11
1
1
1
16
4
1
1
2
1
1
2
1
4
2
1
3
1
1918
6
3
13
2
9
3
1
2
4
2
1
2
1
5
5
1
2
1
1
1
18
44
1
1
1
1
5
2
1
1
3
1256
1
10
1
1
3056
1
1
1
2
1
1
1
1
3
3
2
1
526
1
4
1
8
1
1
2
2
1
2
1
2
2
1
1
1
1
1
3
1
1
5
2
50
52
62
2
1
2
596
1
1
2
11
1
2
1
1
2
14
1
1
2
3
1
1
60
8
1
2
2
1
1
2
1
11
1
2
9
1
20
1
1
3
4
2
2
137
23
1
1
1
1
1
10
604
32
1
4
4
1
2
1
1
2
1
7
5
13
1
3
3
7
105
1
2
3
1
1
1
3
1
1
11
4
19
1
1
7
3
3
1
1
1
1
1
1
2052
1
2
2468
81
23
1
1
1
1
1
4
18
155
1
4
1
2
1
1
1
2
1
1
1
2
4
2
3
1
1
1
1
1
1
2
1
3
1
1
1
1073
628
1
1
3
1
1
1
1
1
1
1
3
1
1079
2
2
1
41
1
150
4
2
1
2
2
1
2
1
1
1
21
1
1
2
2
3
1
250
4854
1
1
1
5
1
1
1
371
1
1
2
1
2
3
5
1
1
3
2996
2
1
1
11
20
2
11
6
2051
1
1984
