1
1
1
1
1
1
1
1
1
1
1
1
1
1
1
1
3
1
11
5
1
1
1
1
1
1
1
1
1
1
1
1
3
4
1
4
2
1
1
7
1
1
1
1
1
1
1
1
1
1
35
3
3
5
1
5
1
2
2
27
1
2
14
1
1
1
1
3
3
1
1
11
5
2
3
1
3
13
1
1
5
1
4
12
1
32
8
1
1
13
1
1
1
2
5
2
1
5
1
2
11
3
2
1
1
1
2
2
1
2
2
5
23
2
1
1
1
57
4
1
53
99
1
1
1
9
2
1
1
80
1
34
21
7
3
23
1
9
7
101
2
2
8
1
4
2
5
1
3
1
2
1
1
4
1
8
65
9
6
1
7
76
21
81
2
13
1
11
818
14
1
18
3
9
2
1
1
52
7
3
86
18
1
1
55
29
62
28
1
3
1
8
2
3
1
1
12
1
1
47
7
223
3
37
3
1
54
933
1
194
30
11
1
4
1
2
19
3
1
1
1
1
1
1
1
1
7
13
1
1
1
1
1
1
2
1
2
1
1
4
1
2
1
1
1
1
1
1
2
3
1
1
2
4
2
1
2
2
1
1
1
1
1
2
1
1
1
1
5
3
14
1
1
73
1
1
1
2
1
6
1
1
2
1
1
1
2
4
1
3
1
2
71
1
1
1
2503
1
1
995
4
1
1
2
2
1
2
1
1
1
1
102
4
2
1
7
1
35
1
13
1
1
4
1
4
5
1
3
1
652
7
20
1
1
1
1
1
1
4
2
1
2
1
4
1
3
1
3
4
1
2
1
2
290
1
14
18
2
1
2
3
1
1
1
1
1
1
4
6
5
1
2
6
1
10
10
1
1
56
10
1
30
2
365
5
1
67
35
3
2
12
239
21
3
3
2
126
1
1
2
1
2
1
1
1
1
6
1
1
1
1
1
1
2
1
1
1
4
1
7
2
1
1
2
3
16
2
1
1
1
1
1
1
1
1
1
3
1
1
2
3
1
1
1
2
41
1
11
4
2
1
3
2
1
2
75
165
10
3
3
52
7
1
1
2
1
4
6
1
1
1
5
1
6
3
3
1
1
1
1
4
1
2
4
3
1
1
1
1
1
1
1
7
11
1
1
1
1
3
2
8
1
52
4
273
1
4
3
1
1
1
6
1
1
1
1
113
4
1
5
3356
1
3
1
1
1
7
1
1
1
2
8
1
3053
225
21
1
9
24
15
15
3
50
2
4
1
7
1
2
1
2
1
20
1
1
1
2
2
6
30
19
2
36
57
2
173
329
41
184
381
12
72
128
30
1
14
20
1
6
9
819
1
1
4
1
1
3
4
13
17
166
1
1
1
62
6
953
41
6
1140
3
2001
2
140
16
3
37
622
1983
6
11
3
55
20
42
1
11
131
621
191
56
42
2
30
1
1
45
19
8
1
1
3
1
11
3
4
1
1
1
9
1
1
16
2
1
33
108
3
1
1
1
1
94
10
4
1
121
3
1
2
2
1
1
1
2
1
1
1
2
2
4
1
1
1
4
1
1
4
1
1
10
4
3
1
5
12
66
1
1
2
1
1
16
1
1
2
1
16
3
1
43
2
1
8
2
3
2
2
24
1
8
7
2
12
1
3
1
4
1
1
10
6
3
158
63
56
82
3
34
1
9
18
2
2
1
3
1
2
2
6
3133
1
1
2
2
1
4
1
1
1
1
1
1
1
1
1
1
63
7
5
4
7
36
1
13
1
1
1
1
8
1
4
12
4
2
1
31
1
2
143
34
5
2
1
3
1
1
1
11
1
1
1
1
1
1
120
2
2
2
1
2
1
3
1
1
1
1
27
2
2
16
1
1
1
1
4
1
8
1
1
1
3
1
1
9
24
2
9
2
1
16
1156
10
1
1
1
1
5
1
2
1
3
2
4
6
8
1
4
1
1
1
1
2
3
1
6
2
1
1
1
1
4
1
3
6
1
858
3
1
2
1
1
1
1
1
2
4
3
1
11
1
2
3
1
3
3
1
2
1
2
35
31
3155
1
1
1
1
1
4
1
1
1
1
2
1
1
3
1
3
1
1
1
13
1
1
1
1
1
3
1
1
4
24
2
1
1
38
21
1
1
2
1
1
1
1
1
1
1
2
1
1
1
1
1
3
1
1
3
2
1
5
2
2
1
2
1
1
1
1
1
1
10
1
1
1
5
2
2
3
1
2
1
3
1
12
2
2
2
1
1
1
1
5
18
1
2
1
3
1
1
2
1
376
166
1
1
1
1
1
1
2
3
3
2
1
1
1
6
2
1
1
1
2
1
1
2
1
1
1
1
1
7
2
1
1
1
1
1
1
7
5
1
1
16
2
1
5
2
1
1
1
1
1
2
1
1
1
1
1
1
1
1
2
2
8
578
1
3
1
1
3
2
1
10
2
1
14
1
1
1
1
1
1
1
7
1
5
3
13
1
1
1
1
29
17
1
1
6
1
1
1
2
1
2
10
1
8
1
1
1
2
2
1
1
1
1
1
1
1
1
14
2
1
4
17
2
1
2
2
1
14
116
1
1
2
1
1
2
2
9
3
38
11
1
3
17
4
1
10
1
1
1
6
5
2
1
4
3
7
1
5
1
6
1
12
3
2
1
22
1
2
5
70
1
13
2
1
1
1
1
1
9
2133
2
1
1
1
1
1
1
255
1
1
4
1
1
1
2
1
1
61
1
2
13
1
1
741
1
1
10
1
2
8
1
3
1
2
2
1
1
2
1
1
1
1
1
1
1
1
1
1
1
2
179
1
2
1
1
4
2
1
3
3
1
1
3
4
1
1
1
1
4
3
1
1
1
1
1
6
4
2
26
1666
27
2
2
1
1
3
1
1
2
1
1
1
2
1
1
5
1
1
1
2
7
1
1
5
1
1
1
1
1
1
1
1
1
1
1
2
2
1
1
1
1
68
1
1
2
3
1
1
1
1
1
1
1
3
1
1
1
53
72
1
1
2
3
1
1
3
1
2
2
3
2
1
6
1
1
1
1563
1
1025
1
6
1
1
1
1
13
1
2
3
1
2
44
4
1
1
1
1
1
1
2
5
6
1
1
1
3
1
1
1
1
1
1
3
3
22
1
2
3
1
4
1
1
1
1
1
1
1
2
1
1
1
1
5
3
5
12
1
8
2
2
9
1
1
3
1
1
3
1
51
1
1
1
1
1
1
6
2
2
1
2
2
4
1
1
1
11
1
3
1
1
2
4
1
23
1
1
1
2
18
1
1
1
2
2
4
1
5
2
2
1
2
1
1
1
1
23
1
1
2
54
1
1
2
2
6
7
2
1
1
5
1
1
1
2
1
6
1
3
1
1
7
8
1
3
1
1
3
1
4
9
24
21
33
1
1
8
22
19
1
1
8
1
1
1
5
1
1
1
1
2
2
11
17
7
29
4
8
11
77
9
1
48
1
24
23
4
1
94
16
15
172
23
46
1
84
4
190
1
1
60
2
17
7
2
1
21
4
6
3
37
20
16
4
4
25
1
1
18
21
4
5
24
2
69
2
18
2
6
7
43
1
32
2
14
18
31
198
1
56
2
18
24
1
2
1
5
224
1
4
2
3
2
1
1
1
2
1545
184
1
1
1
64
1
1
4
1
1
1
1
31
8
5
1
2
3
16
1
1
3
1
31
1
39
25
7
3
1
3
1
4
1
48
37
1
27
1
1
1
8
1
87
2
33
8
1
1
1
1
1
6
4
2
4
2
3
1
1
1
1
1
8
27
276
13
47
5
13
2
2
1
27
1
4
3
1
2
2
1
1
1
2
1
1
1
2
1
11
6
3
7
1
161
237
3
1
1
17
2
11
1
2
58
1
3
1
4
1
45
6
1
14
15
2
3
16
22
25
1
3
1
3
1
2
1
1
3
1
30
1
14
3
9
1
1
3
1
4
1
73
3
1
1
61
1
8
4
36
6
11
1
1
2
1
1
1
2
2
7
1
1
53
1
2
1
1
1
3
2
3
2
92
1
44
17
14
11
1
47
1
2
6
35
2
2
4
8
6
2
6
15
19
5
11
28
1
16
29
9
6
3
23
1
142
3
2
16
1
6
5
1
9
2
1
8
1
1
2
1
1
28
34
1
5
9
4
3
1
1
2
1
7
1
1
12
4
1
16
1
4
10
9
1
5
2
1
1
2
1
5
1
343
3
1
1
5
1
2
2
1
65
1
3
9
149
300
2
3
1
1
1
7
1
1
23
3
1
2
1
6
2
2
1
3
2
1
3
2
12
1
7
1873
57
33
24
1
1
3
1
1926
1
1
1
1
1
2
17
1494
2
1
26
61
1
6
97
3
1
2
1
1
2648
4
1
1
3
1
1
1
3
3
3
1
1
1
1
2
1
1
1
1
1
23
34
3
4
2
1
1
3
4
452
2
2
1
1
2
9
1
6
6
5
12
1
1
8
2831
2
3
14
2
1
1
1
3
1
3
2
21
5
7
8
11
3
1
15
7
1
8
1
2
2
1
3
1
9
2
2
2
18
2
13
17
7
61
1
50
168
22
279
21
353
24
1
1
4
11
1
1
5
1
3
1
9
2
1
12
8
26
190
1022
7
1
5
1
1
1
16
1
5
2
14
18
1
1
9
1
1
1
1
5
31
1
2
5
1
3
1
2
1
5
2
1
1
65
4
5
36
1392
1
1
2
52
1
9
1
83
1
5
1
1
5
1
1
2
1
1
1
1
1
2
1
1
1
1
1
9
6
1
3
13
2
1
1
7
4
11
4
13
78
6
7
164
186
2
1093
1
1
1
7
1
19
1
1
1
2
45
33
22
4
1
13
1
4
3
16
11
1
7
4
1
11
221
2
2
1
10
1
1
9
757
1
1
3
3030
7
1
2
245
1
32
312
1
1
1
3
5
8
2
7
2
18
3
2
13
1
1
3
24
12
2
2
1
4
1
1
1
1
2
5
6
5
3
2
2
93
1
1
1
1
21
1
10
4
13
12
2
1
1
2
6
8
11
4
17
2
45
47
24
507
1
6
1
1
1
6
1
1
2
3
5
1
25
13
9
2
22
42
1
2
21
4
2
4
9
1
1
3
3
14
1
61
1
1
8
10
23
14
5
4
4
1
1
4
3
1
1
3
90
1
1
8
5
1
1
4
1
2
52
4
4
3
11
13
7
25
3
1
1
3
4
1
14
14
22
2
2
8
3
1
3
4
2
4
1
1
1
1
1
1
2
1
18
2
3
1
14
18
7
2
55
2
1
1
1
41
175
2502
10
1
24
1
12
1
1
23
44
5
1
23
5
10
2
2
3
6
12
1
210
3
1
2
2
226
1
7
2
8
8
1
8
4
1
1
1
13
1
1
1
22
1
1
2
10
1
1
1
6
3
4
18
4
4
12
12
1
1
1
1
1
1
1
17
1
8
6
1
1
3
1
42
2
1
4
52
6
1
17
7
1
1
5
6
7
1
4
2
1
1
268
4
1
1
2
1
1
10
1
1
5
1
2
1
1
6
1
24
4
2
2
2
14
1
1
1
1
2
7
2
1
1
1
13
16
198
7
3
98
1
11
8
1
1
1
1
2
5
1
4
8
5
24
34
222
130
119
1
51
1
3658
2221
191
3
1
1
1
3
158
191
1
49
1
2
2
1
1
8
25
4
6
1
1
2
6
1
4
1
1
5
46
5
1
358
4
2
1
3
1
1
1
1
5
3
1
1
1
3
2
17
69
3
1
2
2
1
1
1
16
3
2
3
18
1
1
434
7
20
7
2
2
1
1
77
11
1
10
1
1
1
5
1
30
1
4
3
1
1
4
1
6
4
1
472
3041
116
48
1
82
1
506
876
1
1
1
4
24
67
16
5
201
6
1
4
123
24
1
3
2
9
2
3
1
15
4
10
5
2
16
10
3
5
8
7
385
1274
1
11
5
3
1078
1475
1
8
1
2
8
12
2
1
1
1
2
13
7
1
1
1
1
1
5
1
1
1
25
4
2
6
8
3
37
1
1
1
10
4
4
1
1
5
1
2
1
3
1
8
1681
8
1
1
1
22
26
7
7
2
1
75
1
1
4
1
1
1
3
48
2
1
7
3
19
1
15
1
3
28
2
25
22
24
4
1
12
3
1
2
5
1
1
2
1
1
16
16
1
5
1
12
2
1
4
2
23
117
1
1
2
1
2
1
2
2
1
20
1
1
6
1
1
1
1
1
2
76
113
9
2
3
42
4
661
1809
2
17
2601
4
1
2
1
1
3
1
1
3
1
1
920
1
1
3
175
1
2
2
41
226
2567
1896
1
1
1
7
7
16
3
2044
246
1811
1
1
1
1
1
1
3
2
1
3
1
2
452
81
1
4
1
1524
30
1
3
4
45
1
1
4
13
1
6
1
2
1
1
1
34
4
1500
2
1
1
46
1
1
14
1
1
1
3
5
1
1
122
33
1
1
1
1
1
2
78
1
3
1
1
1
1
1
2
1
57
2
1
1
1
1
91
27
72
1
58
1
4
10
1
1
1
3
6
1
1
12
58
1
45
4
84
200
1
2
180
84
27
181
11
131
8
1
1
1
714
18
4
1
1
1
1
1
1
1
2
1
5
55
124
1
1
2
13
1
1
1
1
1
3
3
2
602
7
1
1
1
66
4
144
1
1
1
1
1
2
3
1
1
4
1
1
1
1
2
1
1323
300
5
1
2
2
2
4
1
2
1
1
1
1
1
1
3
1
1
1
1
1
1
1
3
2
1
2
24
1
7
1
1
3
1
7
1
1
1
1
2
1
1
4
1
42
8
217
1
34
2730
2
1
1
1
243
572
4
2
1624
3
1
2
1
31
147
10
1
3
278
4
2
25
2
2
1
1
1
9
2
1
801
3
9
33
15
91
15
2
1203
60
6
365
10
35
3
2032
1
119
18
8
1
13
2
1
1
196
1
2
4
1
1
1
1
2
1
1
1
3
1
1
2
367
8
5
2
1
5
1
2
1
6
5
17
6
1
8
21
5
107
19
1
1
1
7
25
2
14
18
23
5
2
1
1
5
6
1
2
1
1
2
5
3
2
17
115
18
1
1
5
54
4
1
1
3
1
2
2
14
1525
235
2
16
1
6
5
1660
669
4
510
4
27
1
15
4
2
8
53
4
157
97
11
6
1
1
10
3
3
156
8
1
1
8
1
3219
4
1
13
2
2
8
1
1
4
7
1
1
1
1
1
4
1
1
5
2
5
1
3
4
2
636
1
18
40
362
2
1
1
1
2
1
1
16
2
11
1157
8
3
26
1
139
3
172
7
488
2
1
1
4
2
16
2
1
1
5
2
73
1
1
4
608
111
1
5
1
3
1
538
69
3
3
2
1
446
1
1
559
91
87
1
2
4106
1
45
9
2
1
22
3
1
2
1
1
2
1
1
1
2
1
348
1
3
4
2
1
1
37
1
3
1
1
1
1
1
4
1
4
2
38
1
13
1
4
1
239
1
1
1
2
319
12
1
1
3
1
3
1
4
1
7
1
377
35
50
18
4
58
34
19
439
1
1
5
1
22
34
6
175
61
1
12
1
1
5
5
49
73
12
2
12
1
1
1
1
2
1
5
1
2
7
4
1
1
1
1
1
4
5
2
1
1
6
1
1
1
1
1
2
2
2
1
1
3
1
4
1
1
4
1
1
2
1
1
1
1
1
1
1
1
2
1
3
1
1
2
1
1
1
7
2
1
1
1
4
2
1
1
1
1
4
1
13
1
1
1
1
1
1
1
1
1
1
1
1
1
3
5
1
1
2
1
1
1
1
1
132
1
4
1
5
1
1
6
1
1
1
1
546
2
1
2
1
1
1
1
1
4
1
5
1
1
1
4
266
32
238
37
11
3
194
59
2
615
1
5
43
2
1
53
305
2076
1
1
1
1
69
1
1
1
1
1
1
1
2
7
6
80
342
2
1
1
1
1
1
40
1
1
2
1
2
1
1
6
1
1
4
1
3
8
92
27
504
1
8
31
1
1
2
3
1
1
2
1
1
3
19
1
3
1928
2
1
951
15
2
3
1
5
5
1
2
43
3
1
1
109
466
2
5
1
1
2
1
1
1
1
35
3
1
1
192
2
1
1
1
1
4
3
10
8
38
322
6
1
1
1
3
2
1
3
4
3
5
1
4
15
6
2
1
284
90
2
1
1
148
52
2
4
275
2
34
5
1
1
2
3
4
1
2
1
1
1
4
7
1
1
7
1
7
1
1
15
1
2
1
1
16
1
2
25
1
22
1
1
11
1
1
1
1
1
2
1
1368
1
1
1
1
1
1
1
135
1
1
1
1
1
1
1
6
1
3
1
2
2
3
1
1
45
1
1
1
2
4
20
1
1
5
3
1
1
1
11
15
1
2
1
1
3
3
3
1
11
5
1
1
3
3
1
4
10
1
1
2
4
1
1
3
1
1
1
1
1
7
11
9
6
1
2
2
1
1
4
1
1
1
10
1
1
1
1
2
1
1
4
1
1
2
29
1
1
1
1
2
2
1
1
1
5
1
1
80
6
1
1
1
3
1
2
5
2
2
3
1
1
1
3
1
1
1
3
24
4
1
1
1
1
5
2
1
1
2
77
2
3
2
1
3
4
2
1
1
1
3
1
5
1
1
1
1
1
3
89
1
1
5
1
1
1
1
1
1
1
1
1
2
1
1
1
1
1
3
1
1
1
2
1
1
5
29
159
2
1
1
3584
2
1
1
1
1
1
1
1
1
1
1
1
14
1
1
3
1
9
1
1
1
1
2
3
1
3
8
2
1
1
1
1
1
16
109
1
1
5
1
291
5
1
1
1
1
1
93
261
1
33
1
1
1
5
256
22
43
1
2
444
2
2
3
22
15
5
3
1
1
1
1
3
6
1
5
2
2
1
2
2
1
2
1
4
3
1
1
6
1
3
496
6
26
53
6
120
6
2
2
1
1
1
5
1
3
2
2
5
6
3
2
1
1
1
2
1
1
1
2
163
34
1
5
2410
7
2
1
1
1
2
1
4
1
14
1
4
1
3
9
1
5
1
1
1
3
35
5
6
1
1
2
3
1
1
1
1
1
4
8
29
2
6
1
1
47
1
9
1
1
220
4
1
2
1
1
2
3
1
1
1
3
1
2
1
1
1
2
4
159
5
1
1
1
1
8
1
1
1
1
10
3
1
1
1
1
1
1
45
1
9
68
1
1
2
1
1
1
2
62
3
1
1
6
1
1
2
6
1
1
1
2
96
1
1
1
1
5
2
1
1
452
10
3
29
159
1
1
18
1
1
1
2
5
22
4
4
3
5
208
1
2
1
1
3
1
4
1
2
9
42
1
4
1
1
94
1
441
2
1
1
1
2
1
1
1
1
1
1
4
1
1
1
1
1
2
1
1
1
1
1
2
2
1
11
1
1
1
40
1
2
3
85
1
17
1
1
1
2
1
1
1
1
2
1
1
1
1
1
2
1
1
1
4
1
8
65
24
1
6
1
3
3
385
1
1
1
5
1
1
1
1
1
1
1
1
1
1
1
1
1
1
1
1
5
6
1
1
2
3
3
10
17
3
1
1
7
3
3063
1
1
1
1
2
26
961
3
1
1
1
2
5
2
6
3
1
2
1
1
1
1
3
1
1
2
3
27
1
1
2
1
1
1
1
3
1
1
9
1
1
2
1
1
2
14
49
15
122
14
6
311
1
1
1
1
9
1
1
3
5
1
2
1
6
133
2
10
1
1
2
4
1
1
1
6
1
1
1
4
5
1
1
1
2
1
1
1
1
2
2
1
1
3
1
1
1
1
1
39
1
7
5
40
4
17
242
44
250
28
390
10
756
539
1
1
1
3
4
7
1
13
1
1
30
2
1
1
485
1
27
9
2
431
108
2
4
2
1
1
3
2
20
1
1
2
2
2
1
28
3
1
1
2
4
1
1
1
20
9
9
2
2
1
2
12
1
1
9
49
1
641
1
1
1
2
1
1
1
5
5
2
1
1
4
1
1
1
1
1
17
1
1
1
2
1
1
1
4
4
3
21
20
8
1
1
1
2
1
20
7
2
1
2
7
10
1
1
1
1
2
1
1
1
1
1
1
1
2
1
2
1
2
1
1
1
24
53
1
1
1
2
1
3
1
1
2
2
2
2
1
1
1
1
1
1
42
1
2
1
1
1
3
1
1
179
21
13
1
1
11
46
5
1
1
1
1
1
3
1
1
1
1
1
1
3
1
1
1
3
17
1
1
1
1
2
94
1
5
4
1
2
36
2
28
1
1
2
2
15
1
1
1
1
1
1
1
1
1
2
1
1
1
4
1
5
1
30
1
1
1
3
1
1
2
6
4
11
1
1
1
1
4
1
6
2
1
2
1
1
1
6
1
1
2
4
1
1
1
1
1
1
1
10
34
1
1
1
1
2
187
1
2
2
1
1
1
7
5
1
1
1
1
1
88
59
1
3
3
1
1
29
16
1
1
2
17
2
62
3
72
159
55
113
4
1
13
1269
26
1
2
7
1
19
685
95
1
131
160
4
1
70
7
2
1
1
2
1
1
1
2
3
122
1
1
1
1
222
1
2
2
2
1
1
1
1
3
3
1
146
1
1
1
1
10
1
1
1
1
4
1
6
3
1
2
2
1
1
2
5
4
2
13
3
137
1
1
1
3
1
1
9
19
1
4
1
1
1
2
1
1
17
5
3
1
1
1
1
1
2
1
1
1
6
2
1
1
1
1
1
1
1
1
1
7
1
1
1
1
1
1
6
1
1
1
1
2
1
1
5
1
1
1
4
2
4
1
1
1
1
3
1
54
1
14
151
12
484
256
2
1
1
1
1
1
13
12
19
1
6
2
1
4
6
3
217
2
2
6
1
2
1
1
1
12
1
2329
143
2447
800
1
4
1
1
2
2
1
1
1
1
1
3
2
1
1
1
1
72
1
21
291
30
1
1
6
1
8
3
1
1
1
1
1
1
3128
1
1
1
1
1
2
1
1
1
1
1
1
3
1
2
4
1
2
1
1
1
1
19
8
133
1
4
2
1
3
3
1
2
7
1
2
2
1
13
80
3
1
1
1
1
1
19
1
1
1
1
43
1
1
736
2
1
1
1
1
10
45
1
1
1
1
1
2
6
1
80
1
4
4
2
1
8
2
1
1
3
1
2
2
1
2
1
1
1
2
23
1
1
1
9
1
1
1
4
72
2
2
2
1
1
1
1
1
1
1
3
1
1
4
1
1
1
1
21
1
1
1
2
1
1
1
7
4
1
1
2
2
1
29
2
1
2
1
1
1
1
1
1
168
21
1
6
9
1
2
8
2
5
1
1
1
1
1
2
1
1
1
1
2
1
4
2
1
3
1
7
1
41
3
3
1
4
11
1
4
1
1
2
6
1
1
2
1
2
1
10
1
391
1
1
1
1
2
1
1
2
4
1
1
2
1
11
2
2
1
28
2
2
55
6
4
1
1
2
11
7
1
50
1
2
1
11
1
4
1
1
17
2
1
1
1
139
1
4
3
1
2
7
1
1
1
1
1
1
4
1
1
2
4
2
1
1
42
3
91
937
40
2
187
1758
1
38
206
36
1
2
2
91
1
1
1
1
1
1
1
1
1
1
1
1
3
1
1
1
1
1
2
26
2
1
164
1
2
1
4
1
7
1
1
1
29
452
15
1
2
1
1
80
7
6
1
1
1
1
23
1
1
13
1
25
1
5
47
2
2
66
1
1
1
1
1
1
1
1
2
1
1
1
1
2
1
5
1
2
9
1
1
1
14
1
1
1
1
1
1
1
35
1
1
1
1
1
2
8
27
2
1
2
1
1
4
1
6
1
18
32
20
4
1
36
1
1
1
3
5
1
1
1
1
1
2
1
1
4
2
1
1
4
1
1
8
6
1
5
1
9
6
17
1
1
2
1
8
1
1
5
9
1
1
67
1
1
1
12
5
4
30
17
1444
516
1
1
1
1
1
1
1
1
7
1
1
2
1
1
1
1
1
1
1
12
1
1
2
7
3
1
1
1
1
6
1
3
1
1
1
1
1
2
1
1334
1
3
116
4
2
3
1
8
1
1
1
1
4
2
5
1
7
1
1
3
4
1
1
1
1
3
1
7
1
8
1
1
1
1
3
1
1
1
1
2
1
2
2
1
11
2
1
1
1
1
1
76
1
1
1
2
4
7
1
141
2
14
95
1
1
1
1
1
2
10
1
2
224
1
1
4
47
17
1
2
2
287
1
4
25
43
200
46
162
445
57
55
98
166
58
9
1
1
2
1
1
29
1
19
2
1
1
7
1
3
1
2
1
11
2
1
1
1
1
4
1
1
1
2
1
7
1
303
4
7
1
23
230
21
21
2
2
1
22
2
1
51
1
1
1
1
1
1
1
2
1
3
8
2
1
1
1
1
1
1
1
12
1
1
274
23
8
63
1
1
11
10
3
1
1
1
1
1
1
1
1
5
1
7
1426
697
1
1
1
1
1
1
1
1
1
1
2
1
2
1
3
1
177
1
1
2
2
11
1
5
1
1
18
5
1
2
1
2
547
6
1
1
3
1
60
3
3
3
1
6
4
1
1
66
5
1
1
2
2
1
1
2
1
2
22
261
169
7
1
11
2
1
1
1
1
10
1
1
1
1
10
1
78
175
11
1
2
1
1
15
305
1
1
1
1
1
1
1
1
1
3
1
1
1
4
6
1
1
1
2
1
2
804
1
12
1
1
1
1
2
1
7
1
1
1
1
1
3
1
12
1
1
5
371
10
2
1
1
3
1
2
5
1
2
2
1
7
1
1
1
1
1
1
2
4
1
1
3
1
1
3
7
7
1
1
1
6
3
6
1
1
1
2
6
1
2
1
9
1
1
1
1
1
1
1
1
1
1
1
1
1
1
50
2
8
2
1
1
1
1
3
1
1
1
1
1
1
1
1
1
2
1
1
1
2
5
1
3
1
20
3
1
2
254
1
11
6
16
2
1
1
1
1
7
14
1
2
4
51
1
19
1
80
24
263
5
125
371
2
1
1
3
1
3
6
9
1
5
1
7
1
8
1
5
1
1
1
2
5
1
1
1
1
3
9
1
10
18
1
3
2
1
6
1
1
1
1
2
22
3
1
1
1
1
27
1
91
20
94
22
1
3
3
1
1
2
1
1
1
784
1
92
1
3
5
1
1
3
5
1
1
1
1
59
1
43
16
1
1
1
1
1
3
1
1
1
13
4
7
1
1
2
1
5
6
1
1
4
1
1351
10
2
15
4
2
1268
3
5
1
2
1
1
1
1
2
3
1
23
294
210
38
131
22
10
1
133
1
3
28
20
32
245
3
12
849
72
1
1
1
1
4
1
23
7
4
1
1
1
17
1
5
7
1
1
1
38
1
1
1
4
1
1
1
1
1
6
9
2
1
2
5
3
5
1
8
10
2
1
1
2
507
2
1
16
1
3
50
1
3
1
13
1
1
2
1
1
1
18
19
60
12
2
5
18
1
1
39
64
3
5
2
1
1
15
1
1
1
1
1
1
2
1
8
1
1
1
2
2
1
1
1
1
27
1
104
1
2
7
1
3
1
1
1
1
3
4
1
1
14
61
1
12
4
5
26
130
96
2387
1
1
2
1
1
1
2
1
1
1
4
1
1
1
1
1
2
1
2
3
32
1
2
36
1
34
9
1
11
3
1
54
1
46
3
84
9
41
5
1
2
5
1
31
1
2
1
1
1
1
1
25
1
2
4
1
1
1
1
1
1
3
1
1
1
5
9
9
8
15
2
1
1
1
6
1
1
1
1
1
19
2
2
5
35
4
9
11
1
1
35
1
1
24
151
5
6
1
1
2
1
2
1
11
16
1
1
1
1
1
2
1
1
1
1
5
19
1
1
1
1
4
9
1
11
3
1
164
21
1
1
1
1
1
1
1
1
44
1
1
1
1
2
106
8
6
1
1
1
7
1
1
1
1
1
2
17
1
1
1
8
1
29
2
3
2
1
3
1
1
9
3
5
1
1
293
1
1
3101
1
1
4
2
6
1
102
1
6
2
1
1
2
1
1
1
1
2
5
1
1
41
13
9
18
3
12
15
2
1
1
1
1
1
2
2
1
3
1
1
1
1
2
2
1
1
1
1
1
1
1
26
1
5
2
1
3
2
1
1
1
1
6
68
4
1
2
18
1
1
3
5
1
7
28
166
55
1
1
2
1
1
3
1
1
1
13
1
1
1
1
68
48
1
2844
1
2
2
1
1
6
1
1
1
2
8
1
2
1
1
5
1
27
2
1
13
1
2
1
1
46
1
1
1
3
5
1
2
1
2
66
14
1
1
1
1
1
1
1
1
1
1
8
1
1
1
1
52
20
2
5
2
1
4
3
1
1
1
1
2
2
1
2
70
1
1
2
42
1
1
764
1
1
2
2
8
1
1
3
4
1
1
2
1
2
1
1
1
1
1
1
2
9
1
1
1
1
17
1
1
1
1
17
41
1
1
1
2
1
2
6
1
1224
2
1
4
1
2222
2
2
1
2
30
1
1
8
1
3
8
1
1
1
1
1
1
2
1
33
1
1
1
1
1
1
1
1
4
1
1
1
1
1
1
1
1
1
2
1
1
2
3
1
1
5
27
4
4
1
1
3
1
1
3
1
1
1
2
2
2
2
1
2
1
1
2
1
1
1
17
1
3
2
208
2
2
1
1
98
1
10
8
12
6
14
1
5
2
26
56
1
17
391
55
1
4
61
2
34
77
3
1
15
3
13
37
2
1
5
4
1
4
11
4
2
12
3
42
37
15
80
33
304
15
11
48
6
1
108
2
34
19
17
6
19
11
228
3
2
80
1
1
1
1
1
59
2
1
1
2
1
13
22
170
1
22
142
1041
33
1
24
67
33
156
293
47
1
2
3
1
1
3
3
1
14
1
24
1
1
1
1
2
2
10
2
1
1
1
68
20
3
1
3
1
2
8
2
1
1
1
1
12
3
1
2
1
1
3
27
1
7
1
1
2
2
1
2
3
1
2
1
1
4
2
224
6
2
1
1
2
1
1
1
1
1
1
1
2
1
1
1
14
167
1
3
4
6
1
2000
1
1
1
1
32
14
2
1
1
1
1
194
1
1
11
4
1
1
1
5
3
1
1
1
1
1
1
1
3
959
1
1
382
3
4
1
1
3
1
1
40
1
1
179
1
1
1
3012
1
1
1
1
3
1
1
1
3
2
1
1
17
1
1
1
1
3
2
1
1
3
1
1
1
1
1
1
7
1
2
2
3
2
1
1
2
1
3
1
1
7
1
5
4
249
1
1
1
1
1
1
1
1
1
1
19
55
1
1
7
1
2
1
1
20
1
1
1
1
4
1
1
1
3
1
12
3
343
7
1
1
1
1
1
1
2
1
1
18
1
19
1
2
1
7
3
1
2
1
2
1
3
6
8
2
1
5
2
1
1
3
5
2
1
1
1
1
3
18
1
1
1
20
1
28
65
2
1
1
1
7
3
1
2
6
5
450
1
7
1
1
21
33
6
4
1
13
53
15
2
48
14
1
2
2
3
5
1
1
6
1
1
3
2
1
1
6
20
2
10
1
2
1
1
33
1
2
1
1
2
24
47
3
1
1
1
15
3
7
204
26
9
240
71
3
25
88
1
1
1
1
1
1
1
1
1
1
1
2
3
2
1
1
1
165
3993
1
1
1343
1
1
1
1
1
5
1
1
1
5
6
1
1
1
1
1
1
1
11
53
7
1185
1
24
66
205
851
2
17
20
3
77
5
10
33
63
8
26
1
422
211
9
3
2
311
69
56
1
1406
10
36
5
1
1
2
2
1
1
2
1
16
2
16
989
1
1
1
31
143
1
1
53
2
2
4
1
3
3
1
13
1
29
1
7
2
3
4
1
1
1
2
1
3
108
8
2
1
12
2
1
1
1
1
2
1
1
1
1
5
11
18
217
36
1
3
1
1
1
1
2
2
1
1
3
1
1
2
1
36
1
3
2
1
2
1
3037
553
2812
681
1
7
1
1
1
1
14
10
19
2
887
5
2
1
4
5
7
1
5
1
1
1
2
1
3
3
1
1
1
2
1
1
1
2
1
2
1
1
1
1
1
3
1
1
1
2
1
1
1
1
1
1
2
1
1
161
1
1
1
1
1
2
1
1
1
1
1
1
1
1
1
1
3
3
3
1
1
1
1
1
1
1
2
3
1
1
1
1
1
2
1
1
2
189
336
1
1
1
1
1
1
1
1
7
2422
50
9
1
32
77
50
1
2
29
2
6
21
41
1028
1936
276
2
814
2
1
1
1
1
1
2
3
2
1
2
2
1
1
1
1
1
6
125
4
1
6
34
2
1
1
2
7
1
1
3
1
2
6
1
1
1
1
2
1
1
1
1
4
1
2
2
1
1
1
2
2
1
1
1
203
7
97
2
2
1
6
2
1
1
3
1
1
13
3
1
2
1
1
1
1
1
1
1
1
1
3
3
1
3
2
1
2
2
1
1
2
1
1
1
25
2
1
2
7
2
1
5
49
5
14
20
32
23
4
1
3
2
1
1
251
1
1
1
2
1
1
7
3
1
1
4
1
3
1
2
2
1
16
1
1
1
18
2
5
1
1215
1
1
1
1
1
1
5
3
1
1
1
1
1
1
2
1
1
1
1
5
1
2
54
3
1
33
1
1
1
2
4
1
1
1
1
1
1
131
1
1
1
1
1
1
2
1
4
4
1
2
8
1
1
2
2
1
2
1
1
1
1
1
1
1
2
1
1
1
2
1
14
5
2
1
7
3
1
1
2
5
1
1
2
1
4
742
1
1
4
2
1
1
1
2
1
1
1
1
1
2
2
1
1
5
1
2
1
1
2
1
8
2
1
1
1
1
8
1
1
1
1
10
1
3
40
23
38
58
215
16
136
627
218
8
70
37
1
1
1
1
1153
63
1
4
22
4
3
1
1
1
1
1
2
2
3
1
1
1
1
1
1
326
260
87
45
546
175
1
6
1
1
24
1
6
663
1
1
2
6
1
2
1
2
1
2
1
1
3
1
1
1
1
1
1
1
1
1
1
3
3
1
2
1
1
1
1
1
2
2
1
1
8
2
1
3
3
3
2
1
1
2
1
2
1
2
1
1
1
1
1
1
1
2
1
1
1
1
1
3
1
1
1
1
1
1
1
1
1
1
1
2
1
3
1
1
2
1
1
2
1
1
2
3
1
1
1
1
1
1
1
1
1
1
3
9
1
1
1
4
1
1
5
1
1
1
2
1
1
1
1
1
1
2
1
2
1
1
1
2
1
1
1
1
37
9
1
1
3
1
1
2
156
2
23
5
6
1
1
2
1
9
1
3
2617
1
13
24
62
8
8
1
1
9
10
16
2
7
1
1
1
1
1
1
1
1
1
1
1
2
1
2
1
1
1
4
2
115
4
1
1
2
1
1
1
3
1
1
14
1
4
1
28
1
1
1
1
1
3
4
4
9
1
1
15
43
2
1
2
1
1
1
2
2
2
8
1
1
1
1
3
1
1
1
7
3
1
1
1
3
1
1
1
63
7
1
1
1
14
1
1
6
8
1
1
2
1
1
1
1
180
21
1
49
1
1
6
1
1
12
1
6
4
2
12
7
1
1
1
2
2
6
3
26
12
116
723
1552
1
1
1
2
44
1
222
5
6
12
58
214
77
271
1
9
11
980
2477
1
2
2
1
2
1
1
3
31
1
1
1
1
61
3
2
1
1
1
1
1
1
1
1
1
1
1
1
1
3
1
2
1
1
1
1
3
1
7
1
4
1
4
1
11
3
1
1
1
124
2
1
1
7
11
1
5
2
23
1
1
1
3
2
1
1
1
4
2
1
35
1
1
5
284
6
11
3
1
2
1
1
2
1
1
1
22
5
6
1
1
3
13
1
1
1
1
20
9
1
12
1
5
16
56
1
7
2
1
169
1
3
1
1
14
1
1
11
58
2
3
1
4
93
3
7
1
1
1
1
1
1
1
1
1
1
8
1
1
1
1
2
1
1
1
3
1
4
1
1
2
1
1
2
1
1
5
4
5
2
1
1
3
1
1
2
2
1
1
1
1
1
1
1
1
1
5
1
5
1
1
1
1
1
1
1
1
1
1
11
4
2
2
13
1
1
1
1
2
1
1
4
1
2
2
40
1
3
1
61
2
1
1
1
1
1
1
17
1
59
1
1
1
2
2
1
98
820
1
3
1
1
1
2
2
2
1
1
1
1
5
3
1
1
1
1
1
1
1
2
1
62
1
9
22
1
1
8
1
5
148
1
1
1
2
1
2
1
6
1
7
1
1
1
1
4
1
1
2
3
1
1
1
19
11
12
2
1
1
17
1
1
1
1
1
12
1
3
1
1
1
1
13
1
1
1
1
3
34
1
17
1
1
6
1
1
1
1
2
1
1
1
4
1
1
1
2
2
1
30
1
20
4
7
1
25
1
1
52
8
5
1
1
1
1
1
1
3
1
43
6
19
1
1
1
581
1
1
8
8
2
1
1
3
1
4
3
2
3
1
2
1
4
3
8
3
2
1
2
6
37
2
2
6
2
4
1
1
1
3
3
2
2
1
2
1
1
1
1
26
1
2
3
31
1
1
3
2
1
2
4
86
2
2
1
3
7
1
8
28
23
1
1
2
18
2
1
2
1
6
86
1
12
106
2
1
1
1
1
1
1
1
12
1
8
1
1
1
1
1
6
1
1
2
6
2
1
3
1
2
10
1
17
1
2
41
1
14
2
1
1
1
1
1
1
2
3
1
1
1
1
1
1
1
1
1
1
2
2
5
1
3
1
1
1
11
2
31
1
1
1
14
1
5
1
2
1
4
2
1
2
23
1
2154
1
1
1
1
1
1
1
1
1
3
1
1
1
6
3
3
1
2
1
1
1
4
15
2
1
11
12
34
79
38
1
3
615
15
2
6
1
1
2
16
12
8
1
5
1
1
153
1
13
1
2
2
2
1
1
10
1
2
1
2
5
1
2
2
6
12
2
1
6
4
1
3
10
4
1
7
1
10
1
1
1
4
1
1
1
1
13
1
1
6
1
1
1
2
1
2
79
1
2
1
1
1
2
1
1
1
1
1
1
2
4
2
1
1
2
1
1
2
2
1
3
1
1
1
1
1
2
1
7
1
1
7
4
2
2
18
1
4
4
2
35
4
15
1
2
1
2
4
1
2
1
3
2
3
2
6
1
1
1
1
1
1
1
1
1
1
1
4
495
412
1
1
1
1
1
5
2
1
1
2
1
2
1
1
1
3
1
3
3
24
3
6
1
1
1
17
6
1
1
1
1
1
13
2
1
1
3
1
2
1
1
1
3
2
2
1
2
2
2
1
2
4
1
1
1
4
2
1
1
3
2
1
1
1
2
1
1
1
1
1
1
1
1
1
1
8
8
42
2
1
1
1
1
3
1
2
1
7
1
1
1
1
1
1
1
1
5
3
2
1
1
1
1
3
1
1
1
1
1
1
1
4
1
1
1
2
1
1
3
1
1
1
1
1
1
1
1
1
1
1
7
2
1
5
2
4
1
1
1
1
3
1
1
1
3
2
1
1
1
1
1
1
14
1
5
22
2
12
1
8
1
77
6
1
1
1
1
2
2
8
1
1
1
1
1
4
27
2
1
1
34
1
1
2
1
1
1
3
1
1
3
1
7
4
1
1
1
1
1
5
1
1
13
1
2
2
1
1
3
1
3
3
16
1
5
2
1
1
1
1
1
4
1
4
1
1
1
2
9
1
10
5
16
3
1
2
1
2
3
3
3
1
2
3
1
1
1
2242
1
1
42
1
17
30
64
1
1
1
2
1
172
9
1
1
2
1
3
1
2
1
1
8
1
1
1
1
1
8
6
1
2
3
4
1
3
2
2
2
4
3
2
3
1
1
2
1
2
1
2
1
2
1
1
1
6
2
3
2
1
2
1
1
20
3
2
1
1
1
1
1
1
2
4
2
5
9
1
1
15
2
1
8
18
2
4
2
3
15
7
1
1
3
1
2
1
4
1
2
12
2
5
1
7
2
6
2
32
29
7
23
7
52
1
1
2
1
10
7
12
4
2
1
4
3
1
1
5
1
1
1
1
5
1
2
1
4
1
1
1
3
1
1
1
5
2
1
1
2
1
1
1
3
1
1
1
2
2
1006
3
1
1
2
1
1
3
2
2
1
5
1
12
95
4
1
2
1
1
1
1
1
2
1
1
1
1
1
1
5
1
1
1
1
2
1
3
1
1
1
3
2
3
34
5
5
15
4
24
1
7
1
2
1
1
1
1
1
1
1
1
1
1
1
3
1
1
1
1
1
1
1
4
1
143
1
70
1107
2
1
3
1
1
1
2
1
1
2
1
1
15
2
3
1
30
1
4
1
1
1
7
2
1
1
1
1
4
1
1
1
2
3
1
2
2
2
2
177
5
7
1
1
1
1
1
2
2
1
1
2
1
1
1
1
1
1
4
10
3
1
47
1
5
3
4
3
2
1
1
1
1
1
7
2
1
1
19
1
1
2
8
1
1
11
1
6
1
2
5
120
345
2
84
117
1
70
3
1
2
1
1
1
5
1
2
1
27
1
2
4
3
10
3
5
1
2
3
1
1
8
1
1
1
2
4
1
8
1
1
1
6
2
1
1
1
8
1
1
5
2
1
1
1
2
3
1
16
6
2
2
1
2
1
1
1
42
34
118
161
20
1
1
6
4
2
1
4
2
2
9
6
1
1
14
1
1
2
1
2
1
1
2
5
7
1
2
1
1
1
91
1
2
1
1
1
1
2
1
2
2
1
7
5
2
1
6
19
1
1
1
1
2
1
1
2
8
1
1
2
2
1
2
5
1
2
1
1
4
1
16
1
2
1
1
1
2
1
6
4
2
1
4
7
1
1
4
29
10
1
3
9
4
12
15
3
1
1
1
1
2
3
1
1
5
1
2
1
4
1
6
1
122
4
1
89
4
1
1
1
40
1
1
1
1
1
1
6
1
1
4
8
1
2
1
2
2
46
238
165
358
103
9
198
80
2
1
197
277
7
938
1
1
1
2
1
1
1
15
2
1
1
1
1
1
4
1
1
2
3
1
1
1
215
147
2
1
2
2
2
1
1
1
1
1
2
1
38
1
1
5
4
1
1
1
2
1
4
1
1
1
1
2
1
1
1
1
1
2
3
2
2
5
38
3
1
1
3
4
1
4
7
1
2
1
1
4
1
1
1
38
1
1
1
3
1
1
1
7
4
1
1
1
3
1
1
1
1
7
9
7
40
1
1
1
6
1
31
1
1
2
1
2
5
2
1
9
1
1
2
1
105
8
1
1
1
1
5
25
4
1
1
1
1
18
1
1
1
1
8
2
1
1
1
1
2
1
4
4
1
5
5
1
2
2
15
1
5
6
1
1
19
1
1
4
1
1
4
1
1
3
1
1
1
1
3458
36
1
44
2
3
4
2
3
2
5
1
1
2
3
69
1
10
1
1
1
1
5
3
1
5
7
2
1
1
2
2
1
4
1
1
1
1
6
1
1
3
2
1
1
1
2
6
1
2
5
2
4
7
1
2
46
2
2
24
3
1
5
1
9
288
1
1
1
1
1
1
4
1
1
13
5
3
1
1
1
2
17
3
7
7
7
193
1
2
1
4
16
1
8
1
1
1
2
10
2
2
1
1
1
1
1
1
4
4
23
1
1
17
18
7
1295
10
10
6
13
4
1498
81
2
4
2
1
3
1
3
1
2
3
1
1
2
3
1
2
4
1
1
1
2
3
1
6
1
1
4
27
2
2
1
2
1
1
4
1
3
1
1
1
2
4
1
1
1
1
1
1
3
1
1
1
1
1
2
22
1
1
1
4
5
1
385
3
9
1
13
2
2
1
1
1
1
1
4
1
1
16
1
1
2
5
2
3
1
3
1
1
1
1
5
1
29
2
1
1
1
1
2
2
1
1
1
1
2
6
2
1
3
2
2
1
3
6
8
8
4
4
1
1
1
5
5
1
4
1
4
3
1
2
2
1
1
3
1
2
1
1
180
52
153
94
1
1
3
3
1
1
1
1
2
1
3
1
1
4
2
1
2
4
2
1
1
30
2
1
1
1
1
7
3
1
1
1
3
1
2
8
3
1
3
1
2
2
1
1
3
3
231
3
1
4
30
1
4
17
1
1
2
2
1
1
1
1
1
1
22
1
1
1
1
2
1
1
2
1
1
1
1
1
1
1
27
1
7
1
12
1
1
9
2
2
1
3
2
1
1
5
17
6
32
8
1
1
3
1
1
7
10
7
2
1
68
1
2
6
4
6
1
15
2
6
37
116
525
33
170
24
3
1
2
1
12
1
5
1
21
17
9
1
1
15
9
1
15
1
1
2987
111
1843
1
1
1
1
1
1
1
55
1
1
9
1
1
1
1
1
2
1
2
10
11
1093
418
1
4
1
1
1
1
2
5
2
2
1
1
1
2
41
1
1
1
3
1
2
1
3
348
10
1
3
1
71
1
3
1
1
21
154
339
11
26
1
1
8
1
1
1
1
12
1
1
1
1
1
1
2
4
1
1
1
3
1710
27
1
1
1
1
1
5
1
1
3
1
2
1
1
1
42
1
1
1
9
3
1
1
2
1
2
1
1
1
21
2
1
1
13
3
1
6
1
3
7
2
17
3
1
2
1
2
1
5
5
1
1
73
1
11
1
1
1
2
1
74
2
2
1
1
2
1
1
1
5
1
2
7
1
1
1
1
2
2
1
2
5
11
1
1
6
2
4
3
1
1
1
1
9
2
9
1
1
1
23
1
1
1
6
16
1
4
1
5
1
4
1
1
1
1
1
1
4
1
1
11
1
4
1
1
1
1
1
1
1
1
1
1
1
3
2
2
1
40
1
1
1
1
9
3
3
3
24
1
1
1
1
1
1
3
28
1
1
1
2
1
1
2
1
17
2
1
20
1
4
3
1
1
5
1
1
1
9
8
4
1
1
1
11
1
1
1
16
4
1
1
2
1
1
2
1
4
2
1
3
1
6
3
13
2
9
3
1
2
4
2
1
2
1
5
5
1
2
1
1
1
18
44
1
1
1
1
5
2
1
1
3
1
1
1
1
1
1
2
1
1
1
1
3
3
2
1
1
4
1
8
1
1
2
2
1
2
1
2
2
1
1
1
1
1
3
1
1
5
2
50
52
62
2
1
2
1
1
2
11
1
2
1
1
2
14
1
1
2
3
1
1
60
8
1
2
2
1
1
2
1
11
1
2
9
1
20
1
1
3
4
2
2
137
23
1
1
1
1
1
10
32
1
4
4
1
2
1
1
2
1
7
5
13
1
3
3
7
1
2
3
1
1
1
3
1
1
11
4
19
1
1
7
3
3
1
1
1
1
1
1
1
2
81
23
1
1
1
1
1
4
18
155
1
1
2
1
1
1
2
1
1
1
2
4
2
3
1
1
1
1
1
1
2
1
3
1
1
1
1
1
3
1
1
1
1
1
1
3
1
2
2
1
41
1
4
2
1
2
2
1
2
1
1
1
21
1
1
2
2
3
1
1
1
1
5
1
1
1
371
1
1
2
1
2
3
5
1
1
3
2
1
1
11
20
2
11
6
1
1984
