1
1
9
1
4
10
18
1
7
2
5
10
1
3
22
4
2
48
2
1
5
3
5
3
4
1
1
1
3
2
7
3
1
2
1
27
9
15
2
4
12
3
1
2
3
2
1
2
3
5
9
8
5
10
1
2
1
1
4
2
8
28
2
10
20
6
1
5
6
18
2
1
5
4
37
1
3
1
3
2
17
6
17
16
3
5
1
11
23
8
2
1
6
1
6
1
2
1
3
5
2
5
2
1
1
32
3
1
6
4
1
1
7
17
1
14
2
2
2
10
6
15
1
22
7
1
8
6
2
8
1
2
2
2
15
10
4
4
5
1
9
8
5
4
4
4
3
4
8
1
2
6
18
18
1
1
3
5
1
12
2
8
6
4
6
4
4
1
1
4
2
2
2
12
1
3
4
8
9
12
37
1
3
2
22
2
17
13
24
4
18
12
3
1
43
7
9
2
2
2
5
12
49
2
4
42
10
1
5
2
20
3
14
3
2
2
5
13
8
1
14
39
3
8
5
2
1
89
21
31
2
3
3
13
1
13
8
1
2
3
11
9
2
4
2
6
41
13
1
51
12
2
21
3
2
1
7
1
2
10
4
1
2
11
2
4
4
2
3
2
7
37
30
1
29
1
3
4
14
2
1
2
5
1
1
15
2
4
2
2
15
3
2
4
1
1
1
1
2
6
9
1
1
4
4
5
1
19
23
2
1
3
3
5
1
30
2
1
21
29
11
4
1
1
2
7
43
13
1
2
12
1
1
2
5
1
1
3
46
2
1
10
1
7
1
1
6
36
14
2
3
4
3
5
1
23
1
4
2
1
1
1
1
3
1
2
18
2
7
2
6
1
1
1
2
7
18
8
4
1
2
3
1
4
1
1
1
6
1
3
10
5
1
2
38
2
8
1
13
7
1
31
1
1
2
14
20
4
1
1
1
2
11
12
20
4
6
1
1
1
26
1
1
5
12
10
1
6
5
5
2
15
1
1
2
19
7
16
2
6
31
2
2
26
1
8
2
4
1
3
4
21
3
13
8
3
4
5
1
2
3
3
4
61
3
71
1
3
1
8
1
1
33
9
3
40
7
4
15
1
3
1
3
13
4
7
5
1
1
15
1
10
7
3
2
12
2
17
2
1
2
19
5
39
1
2
9
2
29
5
2
20
1
2
2
7
9
3
3
1
1
14
5
1
7
9
3
2
11
15
1
6
20
21
2
2
12
2
1
3
14
1
4
1
7
4
1
1
21
2
2
1
1
78
2
4
3
5
1
7
14
13
6
3
1
2
1
1
5
1
2
9
8
1
2
12
22
4
6
4
2
3
7
4
12
3
8
36
3
1
2
4
1
11
6
8
16
1
20
3
8
2
33
2
8
4
4
1
2
2
8
1
5
1
4
2
2
5
2
14
38
1
1
93
1
9
2
1
7
2
32
1
15
5
9
3
3
3
10
2
2
6
2
4
12
12
9
1
1
6
2
4
16
4
3
1
3
9
1
7
28
1
1
3
1
3
61
13
19
2
6
1
1
8
1
2
2
3
5
20
16
1
7
9
4
2
1
1
5
11
10
3
12
4
1
2
24
16
10
15
3
13
11
14
11
1
2
43
3
11
5
2
1
3
1
2
6
5
1
3
2
22
1
3
12
57
6
12
2
3
24
4
1
1
30
15
1
6
29
23
13
2
4
7
2
2
4
5
6
1
3
13
1
2
1
1
1
6
14
5
8
20
4
7
12
1
3
9
6
5
1
4
1
1
8
23
1
1
4
4
1
1
4
4
2
6
3
7
4
3
3
10
3
3
4
1
7
10
6
3
14
19
9
12
4
2
2
1
11
5
3
1
11
4
19
1
5
2
7
1
3
64
5
2
21
40
6
1
1
1
11
3
6
1
4
1
2
1
35
44
2
1
12
5
3
1
2
1
5
4
25
2
1
8
3
2
1
2
10
1
2
2
2
4
1
1
54
3
9
1
21
1
30
3
5
2
9
2
40
1
2
3
3
3
3
11
2
3
13
1
13
1
1
1
3
2
45
10
5
2
3
9
3
11
1
1
5
5
2
1
2
5
58
3
4
1
2
8
58
2
4
1
1
2
13
20
1
2
3
6
4
1
2
2
2
3
36
7
28
24
2
11
38
53
4
4
24
4
10
11
14
2
6
32
2
12
2
1
4
17
4
25
1
1
1
10
6
12
6
13
3
1
1
1
1
44
3
8
2
4
7
1
27
5
31
10
5
2
2
2
3
1
13
1
7
8
6
4
13
3
4
2
2
9
48
6
13
1
5
13
49
1
2
5
2
1
5
3
10
6
4
27
26
13
17
1
1
1
1
3
32
3
4
1
3
3
7
1
5
40
7
1
3
12
1
4
2
88
7
6
1
8
5
2
1
1
10
3
6
1
1
35
5
8
2
8
5
6
4
5
1
3
5
1
5
2
1
6
1
11
8
2
8
5
2
13
10
5
1
1
12
17
4
1
29
13
3
2
32
6
5
53
13
14
3
2
1
12
1
1
5
1
1
6
1
9
45
9
1
12
18
1
3
11
3
1
2
6
44
8
3
30
2
13
1
2
21
11
7
4
3
2
2
1
2
1
3
1
1
14
7
3
5
1
4
1
1
1
37
3
16
2
4
2
3
1
3
6
9
64
6
3
1
8
2
6
28
2
10
1
10
8
6
1
5
4
9
69
10
3
8
1
1
1
1
2
6
1
1
2
10
4
2
5
2
7
1
3
7
4
45
1
13
1
18
2
2
1
27
1
2
2
5
5
10
2
3
8
8
23
6
1
1
18
5
15
56
1
1
3
11
1
8
13
7
7
3
8
2
1
1
2
8
2
2
3
2
2
4
5
4
2
2
15
1
10
1
5
1
1
1
30
5
1
18
1
3
3
1
2
1
10
19
2
3
5
1
2
2
1
24
10
29
3
3
7
23
12
5
6
1
42
6
16
1
1
1
3
14
15
1
3
1
7
7
11
1
8
8
1
5
1
20
26
40
23
3
5
8
5
9
1
1
1
6
2
2
2
16
3
4
2
1
2
13
5
1
6
4
10
9
13
8
2
6
4
10
15
4
6
2
6
8
1
7
2
5
2
3
1
31
6
22
12
5
2
1
4
1
19
28
4
3
2
1
2
4
6
23
2
1
3
2
6
34
1
1
2
1
1
3
5
2
1
6
2
2
1
2
5
5
5
1
1
1
3
4
6
1
50
7
18
2
1
8
24
8
2
3
4
2
2
1
4
1
1
14
8
13
16
1
2
3
2
4
3
3
1
17
4
2
15
8
2
1
3
2
11
8
2
1
7
1
6
2
10
35
3
5
3
1
1
1
1
4
2
2
25
32
11
8
1
3
3
10
10
10
1
10
40
4
4
1
4
52
2
7
32
3
1
4
1
13
6
1
6
7
21
1
1
1
1
2
10
3
5
20
1
29
11
4
2
24
15
3
2
2
11
14
3
2
2
22
5
2
4
13
68
6
7
34
11
2
45
11
1
1
2
3
3
2
5
4
7
38
2
10
3
46
28
8
16
2
2
2
4
20
11
4
22
9
15
1
10
5
11
5
13
20
1
9
6
3
1
1
16
3
1
7
4
1
14
11
4
1
17
9
8
5
11
2
2
1
2
2
51
10
14
7
2
2
1
5
4
23
1
23
2
1
9
1
1
2
2
1
11
8
1
13
2
1
2
1
1
1
34
37
4
3
1
1
2
1
3
2
1
1
2
20
3
1
11
6
25
1
2
19
8
18
3
21
3
4
3
1
2
3
9
60
6
1
1
46
86
9
8
2
1
7
66
27
1
2
2
1
16
1
2
1
1
4
5
4
1
7
1
8
57
5
9
4
11
7
1
4
1
17
7
2
16
63
4
2
1
5
1
1
1
2
2
6
12
2
1
10
1
8
8
3
2
1
5
3
9
27
2
17
2
2
1
3
4
11
17
4
17
1
9
4
1
2
16
5
6
22
6
1
1
2
8
9
3
15
12
7
1
1
3
5
1
42
1
2
6
2
1
13
1
1
6
6
13
1
10
4
2
2
2
2
1
3
12
2
2
13
5
2
8
4
13
15
2
6
1
2
2
1
2
8
18
29
3
12
1
6
1
11
1
4
3
25
2
13
4
15
5
1
20
5
1
3
13
3
4
4
99
2
2
3
10
3
8
11
17
8
12
1
1
3
7
4
2
3
1
31
3
1
2
1
7
21
15
41
19
6
2
8
19
1
7
4
2
6
2
2
5
18
2
72
1
1
8
1
1
6
1
2
2
12
2
3
7
6
1
3
11
1
5
2
3
1
17
3
13
2
10
1
2
1
6
12
8
9
11
11
3
16
3
1
11
21
2
1
3
1
3
1
7
12
1
3
1
3
2
4
2
21
2
3
35
1
9
1
4
4
1
10
1
8
1
3
8
1
6
4
7
3
8
1
23
1
10
1
14
7
2
1
4
2
1
1
20
4
5
5
1
2
3
1
1
21
1
3
3
1
5
4
52
2
11
8
17
3
1
12
2
10
2
4
1
2
1
2
3
2
5
8
1
6
11
6
4
3
31
1
7
1
10
1
5
4
1
3
1
6
10
1
1
3
3
4
6
1
33
2
18
14
3
1
2
37
1
4
5
3
6
1
96
3
4
5
93
33
53
2
15
3
3
1
1
1
11
18
3
20
1
5
3
5
2
1
5
1
5
10
3
41
1
2
1
6
17
8
6
2
2
10
1
5
3
3
1
3
1
2
2
1
1
2
2
1
46
2
3
1
2
3
1
31
4
1
20
1
4
14
13
1
1
13
6
1
1
3
3
30
4
2
2
3
28
2
1
2
5
4
3
10
2
18
1
1
8
10
1
5
37
8
1
13
33
2
6
4
1
1
60
5
1
1
1
1
1
19
14
17
2
1
3
2
8
10
7
10
2
4
18
3
1
2
5
3
3
1
1
3
2
2
7
8
15
1
1
1
2
65
1
1
3
14
2
2
1
28
4
1
3
30
1
9
8
4
45
3
1
5
1
49
1
1
2
5
13
11
13
7
12
9
2
4
10
16
1
2
1
6
9
9
7
3
5
8
2
4
6
1
1
1
1
4
1
1
5
1
22
1
2
1
2
8
2
19
2
2
12
1
20
1
2
2
9
9
1
5
2
14
3
55
3
1
1
2
9
17
1
4
1
1
23
36
7
4
1
1
8
1
11
2
1
5
2
3
4
50
2
28
8
22
3
1
2
19
6
6
1
4
7
1
3
9
6
2
2
1
1
18
3
2
2
6
3
2
22
8
6
6
3
2
5
2
2
3
1
3
1
1
3
8
1
3
7
3
6
4
1
2
3
13
1
5
3
17
4
14
8
3
2
1
7
6
1
1
19
2
16
2
1
2
1
1
5
11
5
3
4
4
8
19
2
3
1
2
29
2
1
2
2
1
10
1
3
5
1
1
1
11
26
28
35
23
2
1
8
5
1
8
1
3
2
4
1
3
6
3
2
1
5
13
12
10
9
1
1
1
4
42
9
5
2
2
11
11
1
11
1
3
1
12
1
2
7
10
4
10
8
1
2
5
1
9
10
1
11
7
1
5
4
2
3
20
1
1
1
8
34
5
1
6
6
2
4
40
1
2
35
2
7
3
7
22
26
1
7
1
14
2
5
2
2
15
1
14
2
29
14
3
24
2
3
8
1
23
15
3
1
3
1
15
1
1
16
10
16
10
1
1
3
8
21
4
6
2
8
4
1
2
10
5
1
2
9
28
2
1
3
10
14
3
5
17
2
20
1
4
6
8
4
14
2
53
2
1
1
6
1
1
23
1
1
4
3
34
8
13
4
11
11
1
6
10
2
4
3
3
4
27
1
5
20
3
1
6
2
9
3
2
2
1
2
9
14
5
1
1
1
12
2
3
20
3
6
20
1
12
2
2
2
2
3
2
2
21
4
24
3
3
2
2
1
1
14
2
1
1
3
2
2
6
2
2
3
7
2
3
1
4
2
1
2
2
14
3
11
1
22
5
8
3
1
2
22
2
11
6
1
1
3
2
24
1
14
14
12
1
8
3
3
2
3
5
5
1
11
4
4
6
6
30
2
1
4
10
1
2
1
3
4
4
1
5
5
1
1
6
11
14
9
16
8
8
1
1
6
2
1
1
4
3
2
1
3
61
7
5
2
1
3
1
3
1
4
1
1
34
2
1
1
7
1
2
3
5
2
3
1
1
11
2
3
1
1
16
4
8
1
19
4
21
1
5
3
7
2
2
3
4
6
2
40
1
2
1
6
16
4
6
1
2
4
2
1
1
15
1
4
11
1
9
1
3
2
5
8
3
60
5
2
19
4
3
2
1
9
1
1
7
2
81
10
1
1
3
3
16
2
33
1
53
8
1
10
1
6
3
3
1
1
1
10
3
1
2
7
1
11
31
12
3
4
31
1
1
12
1
1
8
1
1
6
10
2
24
1
3
8
18
10
7
9
2
1
4
2
3
1
2
6
5
3
24
2
4
35
2
8
4
16
2
4
1
1
26
15
10
1
1
3
3
1
2
1
2
1
4
1
3
2
17
3
1
1
2
10
19
7
6
1
12
14
1
4
50
12
2
1
2
20
2
1
6
4
1
4
1
4
6
3
11
2
7
2
4
12
1
6
10
1
5
14
1
1
1
8
5
32
12
2
2
12
2
15
3
2
3
6
2
3
2
1
1
36
27
8
3
5
23
11
2
1
9
3
1
1
1
6
5
3
3
7
1
3
3
6
1
1
2
1
12
6
1
22
42
25
13
5
1
15
17
1
1
9
1
6
2
6
1
2
2
5
9
2
8
3
1
6
1
13
3
38
2
1
1
4
7
26
2
1
4
2
2
9
34
2
4
2
10
13
3
7
11
8
1
2
5
2
33
5
2
2
9
3
2
3
2
5
5
2
16
25
12
6
26
3
9
3
8
4
1
24
5
10
4
1
2
40
5
2
16
2
2
2
2
3
2
3
9
2
13
2
15
4
10
14
1
3
3
4
2
5
3
3
39
4
13
2
5
3
1
4
1
7
1
2
2
1
2
3
1
3
7
2
46
25
2
12
7
3
13
16
1
2
3
32
1
2
2
2
47
5
1
3
8
10
4
3
7
7
3
3
2
10
12
3
1
46
2
2
1
