2
2
32
7
10
1
15
18
2
25
5
1
4
24
1
1
5
1
10
15
16
10
2
2
10
2
14
4
2
30
7
10
4
10
12
2
1
3
1
27
11
5
7
18
1
3
2
5
10
1
62
1
2
1
18
8
9
6
26
10
19
67
84
22
2
2
4
1
3
2
26
11
2
4
6
4
5
2
3
3
3
13
36
1
8
13
3
29
17
1
1
6
2
7
4
56
14
28
2
33
3
14
2
42
23
13
3
1
26
59
3
2
4
2
14
3
2
2
1
67
1
41
58
2
6
4
3
1
11
8
1
1
2
12
5
7
33
1
10
1
2
1
28
10
1
1
2
3
1
4
3
1
6
16
9
11
1
19
1
5
5
6
47
1
1
11
2
4
1
6
5
14
19
1
1
11
20
12
8
26
7
2
2
15
2
5
6
49
2
1
11
38
1
8
15
19
20
3
2
1
10
15
4
4
7
12
1
2
2
1
6
3
18
4
1
3
4
13
4
62
4
14
2
2
31
23
1
4
3
2
7
1
5
3
43
6
1
1
56
5
1
16
51
2
8
2
21
3
5
50
6
1
1
7
2
3
3
18
1
104
14
6
3
3
4
4
3
1
21
1
11
1
3
26
5
31
49
5
2
1
25
3
2
2
5
2
5
2
1
25
5
29
9
2
53
7
2
25
1
5
19
1
2
5
1
77
2
8
1
18
1
4
3
5
2
19
8
1
1
1
2
30
2
7
3
1
2
11
2
3
8
14
1
1
2
5
5
8
6
2
4
28
1
3
2
3
44
2
15
12
55
6
6
1
1
7
3
1
2
1
51
10
1
11
12
4
7
28
3
14
1
3
1
2
3
2
20
1
31
2
4
5
2
16
1
1
1
9
65
13
1
16
1
21
9
20
3
20
11
2
2
7
2
3
9
4
1
1
2
2
62
2
10
7
4
7
4
1
18
3
1
1
8
4
29
4
1
1
10
2
1
7
28
5
6
60
4
5
2
1
11
6
2
2
1
32
2
1
1
32
73
14
13
2
1
1
1
7
2
1
1
14
3
1
1
1
3
42
17
5
2
68
9
3
5
8
2
6
4
45
23
1
2
3
1
5
1
3
1
2
7
2
18
2
1
2
2
1
3
30
3
2
2
1
1
2
4
2
15
1
11
22
3
1
19
32
5
1
1
32
2
1
2
8
3
2
2
38
27
2
2
17
21
70
1
1
5
6
6
11
26
2
3
1
1
1
2
1
9
3
2
1
1
45
4
37
4
8
2
21
9
2
1
50
2
3
1
6
3
5
16
8
1
3
17
7
1
1
6
1
57
8
5
4
2
2
2
2
1
6
15
3
2
2
5
7
61
1
12
2
24
17
1
17
8
1
7
5
42
25
27
2
2
18
44
1
3
24
16
1
12
6
11
2
23
14
2
7
3
2
12
8
2
1
42
2
5
22
2
1
1
1
11
42
2
4
8
33
1
1
2
3
22
2
19
1
8
1
1
2
1
1
4
6
1
4
4
6
13
1
7
3
1
6
1
29
1
4
12
72
4
5
11
4
8
21
3
1
2
1
3
18
3
7
30
4
14
2
11
3
1
2
4
15
3
1
16
2
5
2
1
1
7
2
1
2
2
18
13
1
68
2
1
3
2
4
1
3
55
4
4
9
3
11
3
6
65
3
5
1
3
12
1
31
2
2
6
1
10
3
1
17
5
1
1
2
31
2
1
1
1
11
1
3
5
2
5
3
1
1
1
1
4
14
3
2
1
1
8
3
25
2
2
14
29
7
25
1
1
4
5
3
8
2
1
2
59
7
1
17
28
1
13
7
1
2
2
3
12
41
2
1
49
11
3
3
66
6
4
3
2
1
2
1
10
42
69
28
3
31
1
1
14
1
1
10
10
22
3
2
2
9
1
4
5
50
5
8
3
13
4
3
14
59
2
14
3
3
4
6
2
9
7
4
19
6
6
4
1
4
4
2
7
1
2
20
4
2
5
55
17
14
2
7
12
22
1
1
1
11
1
2
5
3
2
1
6
14
5
50
1
4
2
16
10
19
2
4
3
21
1
1
3
1
1
10
2
2
21
5
1
1
1
46
8
10
3
1
25
7
1
3
1
10
23
2
2
2
1
30
5
7
1
7
5
2
1
1
5
12
1
2
2
7
7
37
9
7
2
2
20
1
1
2
9
1
46
6
1
3
5
2
18
2
10
32
1
7
1
2
37
3
13
2
2
1
1
2
11
1
1
2
2
50
13
3
2
2
17
3
1
15
3
11
18
8
73
1
3
4
52
4
2
6
2
3
74
2
2
4
4
1
1
1
23
4
2
1
2
3
1
2
9
1
5
1
2
3
26
1
25
3
1
2
1
4
18
1
21
58
4
3
49
1
19
9
3
35
10
27
6
2
41
2
18
13
1
1
8
24
1
5
1
14
25
1
8
19
2
5
9
36
1
6
1
2
1
1
2
15
2
8
3
9
1
8
4
1
22
8
2
2
1
10
2
20
7
6
13
17
20
44
9
21
1
3
3
1
1
1
52
1
5
3
1
22
1
10
2
4
35
5
2
9
20
55
3
5
2
2
5
65
9
4
1
20
5
4
24
2
1
21
3
2
2
12
1
4
1
12
2
47
4
19
13
1
3
4
1
2
1
4
1
9
10
1
29
2
29
10
2
2
12
4
2
1
2
20
7
5
29
70
4
3
1
1
1
2
2
3
4
3
2
15
15
1
5
2
10
2
35
3
12
2
3
4
37
1
1
1
32
3
1
6
3
16
3
25
1
5
9
11
2
1
11
12
7
31
2
2
8
1
2
19
1
1
7
15
2
12
2
6
7
10
1
2
4
1
51
43
1
1
2
7
2
20
3
1
1
3
2
16
3
10
1
28
1
1
19
8
2
3
1
3
1
40
1
9
1
8
1
2
8
3
2
23
15
11
1
5
1
29
1
1
12
1
5
1
2
3
4
2
78
1
3
4
14
22
3
1
1
6
3
3
31
1
2
17
1
1
1
24
11
4
9
1
16
5
5
6
5
4
24
7
3
1
1
2
2
41
1
3
3
13
1
2
1
2
2
5
1
6
1
6
1
1
7
4
8
14
20
1
3
1
30
7
1
1
3
2
1
3
4
1
3
5
26
2
11
13
3
20
2
5
2
4
1
1
2
45
4
1
17
8
1
48
1
1
2
12
13
22
5
10
3
53
6
2
8
20
28
6
1
1
3
11
24
2
1
1
3
2
1
5
9
27
3
2
3
1
10
15
1
2
4
4
9
9
3
3
1
4
1
2
16
5
3
2
6
2
2
13
66
1
28
5
2
1
5
52
1
1
15
1
12
1
3
1
2
1
3
2
19
3
27
4
12
3
7
14
2
1
5
9
19
7
9
3
65
52
5
3
19
5
28
1
2
2
27
2
1
5
9
1
7
18
10
4
2
29
4
1
3
2
2
3
9
5
10
3
2
11
4
4
4
1
2
3
7
42
1
1
6
1
2
5
1
1
10
2
2
1
1
12
8
16
2
5
2
36
27
9
6
14
7
61
53
30
1
6
16
2
8
3
16
3
2
2
5
6
2
38
53
3
2
3
59
2
19
3
2
7
15
1
5
9
24
15
4
4
1
66
2
2
7
6
18
8
1
1
12
5
1
1
3
24
4
2
21
10
3
2
2
4
1
10
1
1
1
45
18
6
25
18
4
3
7
1
1
25
13
1
1
23
4
1
10
2
2
6
1
2
1
78
2
10
1
3
27
9
9
2
1
1
11
3
7
4
1
11
1
3
16
10
9
1
2
10
21
6
6
1
57
55
1
1
23
3
3
2
8
18
5
6
1
13
2
1
1
3
2
1
2
1
4
30
1
3
1
1
3
6
1
2
3
3
5
2
5
17
55
30
2
64
2
8
1
8
2
13
3
2
6
4
1
1
14
15
1
8
2
1
10
20
2
2
4
1
2
14
4
4
2
6
28
5
4
2
46
10
1
6
8
1
3
1
3
32
6
14
13
2
1
11
17
2
12
4
16
5
3
2
1
1
1
1
7
4
2
6
21
4
9
41
4
4
29
1
2
17
4
4
3
1
3
7
1
10
19
4
49
2
11
4
9
17
1
6
1
5
24
2
1
5
1
14
2
2
30
37
5
1
2
2
4
6
1
2
1
25
1
2
3
2
1
3
1
1
16
1
5
2
1
3
7
17
1
10
2
3
1
27
1
13
30
33
7
1
8
5
9
2
4
3
40
2
49
1
1
1
4
10
5
2
2
2
11
1
2
4
4
15
1
24
17
1
6
1
7
12
4
8
27
9
7
1
6
1
1
1
10
1
3
1
1
3
3
29
3
1
1
6
2
25
3
2
3
54
1
1
5
6
3
2
2
13
12
45
9
7
22
3
2
19
1
1
8
1
2
4
1
1
14
8
33
2
9
42
9
15
1
4
19
8
3
18
1
13
1
9
34
2
22
7
11
2
14
33
13
13
2
8
4
1
4
3
46
2
8
2
9
2
3
3
16
77
13
6
1
2
1
19
44
13
2
1
5
11
4
4
7
2
6
2
13
2
8
1
9
4
2
1
2
25
7
5
7
3
6
12
3
1
8
7
1
1
1
4
103
15
1
6
8
5
3
23
32
13
2
30
4
23
2
1
28
1
1
56
24
20
1
15
9
20
2
4
1
13
8
19
2
22
2
26
5
2
32
1
10
13
1
5
1
2
34
1
15
8
5
9
1
1
4
9
1
2
1
1
4
3
11
4
1
3
11
68
2
6
3
3
6
1
1
6
23
4
8
2
4
5
2
4
1
9
4
1
3
1
3
2
32
2
2
6
5
5
1
11
1
1
1
1
1
9
1
2
1
6
1
7
1
4
2
7
13
30
9
49
7
3
2
2
1
1
9
11
16
1
15
6
4
1
1
2
4
4
3
5
4
3
22
3
28
1
5
5
4
1
1
49
4
1
4
1
1
8
7
5
7
1
36
10
9
2
10
1
34
15
11
1
15
3
6
2
1
19
5
2
7
46
26
12
2
9
2
30
1
7
3
25
4
1
5
3
2
1
2
1
33
3
3
1
1
1
2
4
1
1
2
10
22
3
2
5
5
16
3
16
3
2
4
6
1
13
2
5
3
1
26
1
19
8
1
35
7
1
2
6
5
5
1
3
22
4
5
4
36
2
3
50
9
1
4
16
18
4
1
2
5
7
2
4
15
6
2
9
11
1
6
69
3
1
2
2
1
22
1
8
13
58
18
1
1
1
12
62
3
1
4
4
3
1
4
4
2
17
19
3
8
19
77
21
2
1
5
5
5
3
1
75
2
1
4
6
2
4
49
1
1
21
65
3
27
10
3
6
2
3
23
2
1
2
1
2
2
15
2
6
15
2
16
9
4
1
22
4
10
7
1
4
1
8
2
5
1
17
1
6
3
2
1
8
2
11
11
3
6
2
5
1
12
1
1
2
21
44
29
1
6
3
2
10
8
9
45
8
1
4
1
1
2
6
18
2
3
11
1
1
1
28
4
12
30
2
2
8
7
3
1
14
13
6
5
7
3
1
4
10
3
10
10
5
4
1
24
2
14
3
5
4
1
3
6
1
1
5
9
22
3
2
1
1
43
17
32
3
14
1
9
1
2
6
3
1
1
2
3
3
6
6
3
8
6
16
3
1
2
7
4
10
2
30
5
5
1
1
1
1
1
2
3
18
25
4
1
1
10
2
12
23
40
22
2
56
1
5
4
3
3
1
1
5
2
2
82
17
30
9
7
1
43
14
4
69
5
6
1
6
1
2
1
1
5
5
5
1
6
2
8
2
1
1
7
26
2
2
2
8
49
69
6
25
3
1
3
10
5
3
13
1
2
26
2
28
1
21
1
2
2
1
2
30
1
7
2
4
2
3
8
1
1
23
1
3
2
1
6
2
1
28
1
16
16
3
10
4
25
26
103
3
9
1
9
8
35
2
4
2
2
1
19
4
60
2
5
1
2
10
8
3
30
55
2
3
1
3
9
22
1
12
18
1
30
4
17
23
2
1
9
3
1
2
20
3
2
43
2
25
4
3
3
1
7
5
1
1
11
5
7
9
24
18
6
5
49
2
2
13
1
38
20
50
5
2
2
6
3
3
101
2
1
9
1
1
5
6
18
43
38
2
4
2
1
32
9
1
1
40
1
26
3
5
4
3
1
9
4
8
5
32
7
11
5
5
1
1
8
1
6
11
9
1
1
7
16
5
3
3
4
2
1
8
24
79
1
3
11
9
3
1
3
5
14
5
71
1
6
1
1
5
1
1
6
3
19
2
5
3
1
1
11
20
1
2
1
1
2
2
1
5
5
2
1
7
1
4
12
3
5
3
3
36
12
4
12
1
7
39
11
2
23
4
27
24
22
1
8
1
1
2
2
2
10
8
7
10
3
2
2
4
2
65
2
4
1
1
5
6
1
16
13
2
17
23
59
6
1
13
6
24
10
7
6
4
3
8
1
5
12
32
19
17
28
8
3
6
11
1
2
5
5
6
2
2
22
1
1
4
7
9
13
43
3
1
6
45
1
29
28
1
1
51
55
1
1
23
11
39
10
1
8
8
2
1
2
1
1
1
2
5
6
7
5
1
6
1
1
16
29
1
1
2
4
10
40
22
9
2
1
1
23
3
6
1
4
3
7
19
1
3
18
2
2
1
2
3
3
4
3
4
4
2
2
1
6
1
3
1
6
1
1
5
12
1
8
30
4
4
8
3
10
6
3
2
1
5
10
7
1
1
1
2
1
27
5
6
3
26
5
4
20
10
5
3
43
1
6
1
1
2
1
4
5
8
1
40
1
14
50
4
4
1
9
1
1
2
2
1
8
16
7
2
14
1
1
6
28
1
1
10
7
2
1
2
4
6
6
2
1
2
10
2
12
18
1
2
3
7
2
6
3
1
2
2
2
2
1
3
2
1
12
7
36
1
43
4
30
1
4
1
40
22
7
31
65
4
1
3
13
6
3
5
21
19
6
3
2
3
15
8
5
15
3
15
2
3
1
5
4
3
1
5
3
4
11
1
2
4
19
12
17
10
1
1
8
9
8
1
20
59
6
1
3
29
3
16
20
1
1
3
53
1
4
22
2
2
6
22
11
10
1
17
6
15
1
2
9
7
4
6
1
3
2
1
12
10
2
17
1
13
31
32
2
65
3
3
13
9
16
1
2
12
1
3
20
15
3
3
1
2
63
3
4
9
7
1
5
2
24
1
2
29
2
1
1
6
3
4
38
3
81
1
3
2
4
2
2
49
5
1
43
4
1
3
3
8
2
3
10
2
6
14
24
3
6
63
1
14
2
10
2
63
2
2
2
1
2
21
3
5
1
1
2
2
3
2
13
2
8
1
1
5
2
34
2
22
10
3
18
2
