2
2
36
1
3
1
2
12
10
2
1
5
5
37
6
12
3
2
24
46
18
19
2
84
13
46
11
1
11
21
2
12
37
58
1
2
2
21
2
10
1
7
4
7
2
1
2
1
12
3
15
1
5
10
13
2
2
1
1
55
8
1
2
2
1
6
1
5
4
39
2
7
10
9
1
20
13
5
114
1
3
2
1
1
3
13
17
29
2
1
115
1
2
1
2
56
1
37
1
9
26
108
1
1
17
29
1
6
21
2
12
7
112
1
3
5
6
1
2
21
27
8
20
2
1
108
5
3
9
2
14
2
2
5
2
10
3
1
2
3
2
1
1
1
12
76
2
1
18
8
15
7
55
33
7
6
2
4
2
3
1
15
1
3
7
6
5
3
6
44
20
2
4
37
4
11
6
4
15
12
1
2
31
27
2
1
14
34
1
2
3
10
2
1
35
1
27
10
8
4
16
5
1
5
1
13
12
4
7
4
13
17
4
17
2
105
10
2
8
1
1
2
101
6
5
32
12
3
57
1
30
14
1
6
11
2
4
2
2
1
1
4
2
1
3
13
2
2
1
60
2
34
1
2
2
1
15
39
5
7
3
5
1
3
4
2
14
4
3
1
9
1
1
1
2
1
11
46
17
19
4
3
45
2
1
6
10
24
1
5
9
5
26
1
6
3
6
21
5
60
2
1
36
59
1
5
11
2
5
3
14
6
4
16
18
1
34
82
3
4
1
2
2
4
1
6
15
12
3
2
11
8
3
4
2
2
1
2
1
11
1
3
15
4
2
2
5
10
1
3
1
3
5
34
21
56
3
1
2
4
21
1
2
12
11
7
1
19
32
2
2
5
15
22
1
10
6
4
1
1
11
1
22
4
72
4
23
4
57
3
6
1
1
6
6
17
1
2
1
4
1
3
4
1
2
12
17
2
26
35
30
6
11
8
8
11
3
1
6
5
3
10
1
2
27
24
10
9
3
28
10
3
4
21
1
5
6
2
5
1
37
1
7
18
24
33
2
5
30
17
19
27
1
1
2
94
6
1
3
6
17
1
1
1
4
10
2
3
1
29
10
25
2
8
2
6
58
13
2
1
4
1
27
1
5
12
26
1
93
13
3
17
8
1
2
2
9
3
23
1
7
7
3
3
3
74
3
1
5
1
1
10
1
4
4
1
3
1
1
23
8
1
10
3
30
12
15
3
8
1
5
1
6
4
4
4
16
13
1
20
9
1
3
4
47
6
2
12
21
1
1
1
4
1
3
2
1
19
9
3
3
11
2
3
9
3
6
12
22
1
10
1
1
6
7
2
1
2
5
4
14
29
27
10
10
1
5
18
2
1
3
6
1
3
2
1
20
5
1
27
1
80
4
1
22
1
1
4
21
8
35
62
1
16
18
2
39
2
73
13
1
10
1
3
1
5
13
5
3
2
1
3
5
1
1
10
2
2
9
18
2
3
2
9
3
2
5
10
1
4
25
2
18
1
2
1
2
2
1
1
11
3
1
3
2
103
1
2
89
3
47
32
11
1
13
8
20
6
4
7
35
7
2
1
5
1
1
1
1
26
1
10
2
25
2
8
4
3
1
8
4
10
9
5
1
4
2
21
47
1
12
1
83
1
80
13
2
8
50
9
4
1
50
2
2
2
111
2
1
9
1
2
22
2
1
19
3
2
4
8
2
1
19
2
46
4
4
1
25
23
1
9
25
50
1
3
69
3
22
92
19
51
1
10
1
32
8
2
2
39
1
134
11
17
2
1
13
5
27
51
6
2
11
26
2
1
1
12
3
3
2
5
1
2
1
2
4
2
6
1
21
2
13
11
2
13
2
1
15
77
9
2
3
2
13
4
2
60
14
8
2
1
8
9
10
4
1
1
7
2
26
3
7
2
1
1
4
4
1
9
1
4
5
8
2
7
1
10
49
19
7
29
8
1
8
10
1
60
2
11
50
6
2
3
4
9
19
40
2
1
6
50
2
4
22
23
5
15
43
12
3
3
17
6
1
3
5
1
1
2
24
14
7
1
19
1
95
10
3
7
4
22
3
4
16
32
3
16
53
89
4
8
29
6
2
1
2
18
13
6
5
9
1
10
17
1
2
1
2
3
1
27
1
10
89
11
1
8
1
5
2
2
4
16
4
12
67
11
4
1
15
3
5
8
1
44
2
9
48
2
8
1
60
8
7
6
107
1
3
2
41
28
9
32
2
8
10
2
5
24
3
1
78
5
35
7
11
5
3
16
74
4
2
15
4
4
8
3
5
8
1
1
1
19
7
13
1
20
1
6
4
135
16
4
2
1
18
12
82
33
16
1
5
8
2
14
10
13
5
26
7
1
59
27
23
4
3
6
4
6
5
8
6
1
1
2
2
1
8
22
4
5
8
1
3
4
20
2
74
1
9
1
7
1
1
5
5
13
30
2
2
2
55
31
24
5
6
4
23
3
1
2
64
5
11
2
21
1
7
14
14
6
5
1
26
1
1
9
3
4
42
9
6
9
9
3
18
25
3
5
4
4
104
1
3
10
1
6
1
4
17
3
2
4
3
3
3
2
6
1
10
25
45
4
14
9
1
2
6
8
1
1
44
18
4
57
2
1
1
1
8
5
31
8
2
1
2
5
3
6
1
15
2
2
27
37
30
144
4
3
1
19
1
48
3
4
3
4
2
8
2
5
2
7
22
1
3
21
1
1
3
12
4
84
33
5
35
4
3
3
20
4
4
4
1
34
17
1
2
47
8
6
2
2
1
1
2
3
3
11
5
45
8
20
16
1
4
6
1
6
13
2
1
8
17
3
1
4
39
2
3
48
5
21
32
48
6
31
1
2
7
2
1
29
2
18
1
1
1
2
8
2
15
15
32
16
2
1
5
3
1
32
4
61
1
81
5
8
1
1
47
7
2
2
5
2
20
13
13
1
1
13
1
1
3
1
15
2
3
1
12
30
3
3
2
1
9
4
4
3
2
1
19
3
3
5
34
6
9
1
2
1
11
3
2
13
2
2
8
25
23
6
22
8
44
38
97
22
4
5
32
3
3
3
1
63
21
5
3
3
1
10
1
2
1
1
2
7
7
3
1
8
1
99
6
1
4
6
10
7
3
46
18
2
1
15
1
13
13
3
1
3
1
11
1
19
3
59
7
5
2
1
52
11
71
2
4
1
9
1
1
1
11
9
1
8
2
13
34
14
29
4
9
3
2
7
13
2
3
3
1
1
2
8
1
4
3
1
11
7
13
1
14
47
2
13
1
2
2
3
1
2
8
5
2
1
1
24
17
3
1
6
1
1
1
18
2
3
2
4
17
6
52
1
7
5
10
8
40
17
8
1
3
1
9
23
14
3
14
17
3
2
9
7
2
6
2
6
26
2
3
1
67
4
1
5
10
8
1
7
26
23
39
9
2
1
2
2
18
12
16
2
95
32
4
6
2
12
3
3
4
29
2
12
1
15
1
3
6
5
1
1
1
7
31
2
2
2
1
1
6
3
22
1
5
9
30
70
14
14
13
5
3
6
7
2
4
23
7
4
11
3
4
3
1
2
3
2
4
2
7
9
1
2
1
18
1
4
13
9
2
1
1
8
28
6
23
1
2
36
52
10
5
20
4
5
2
3
1
50
2
2
4
1
37
1
1
15
1
18
20
11
22
2
3
1
2
1
4
6
1
20
58
2
6
75
1
2
4
1
11
10
13
15
7
4
3
3
8
1
1
2
6
4
5
58
6
3
2
2
3
6
25
10
5
1
3
3
19
2
10
6
4
5
5
9
20
3
10
17
1
1
3
7
2
7
3
4
2
5
2
19
1
4
1
23
1
2
25
1
10
4
1
10
5
2
75
2
1
16
8
2
27
77
4
2
16
9
1
3
64
13
1
1
1
3
2
20
9
1
13
2
5
1
1
3
16
32
11
8
1
4
4
7
14
1
1
5
44
38
1
1
1
1
3
20
26
21
10
1
11
6
2
2
94
2
4
2
7
6
4
58
43
62
32
4
15
82
25
10
5
1
9
10
1
7
4
5
4
2
29
1
1
1
3
1
10
1
3
2
2
11
5
1
22
29
1
3
12
6
12
6
23
9
1
44
1
63
11
1
2
1
2
2
5
5
2
16
3
8
5
62
63
2
3
2
57
3
23
10
24
4
3
15
34
28
1
15
3
26
3
18
9
9
20
1
13
2
69
1
3
1
27
16
17
4
2
1
1
2
43
27
3
1
1
2
14
3
10
1
7
2
7
1
5
11
7
2
13
10
2
1
5
10
2
4
1
2
2
1
18
5
2
2
1
22
18
4
2
4
10
1
6
6
29
1
1
2
2
1
1
56
3
4
7
13
43
1
6
7
16
2
4
5
3
4
8
5
50
41
1
10
3
2
10
4
1
2
1
3
2
18
5
1
3
6
10
4
3
1
1
5
2
2
2
2
15
2
1
1
3
5
1
1
1
1
18
6
44
39
5
1
14
2
40
1
6
4
59
26
14
15
1
1
1
10
1
2
2
1
10
2
80
2
23
1
1
34
9
23
8
97
5
3
19
3
1
17
1
1
1
4
19
3
4
86
43
6
1
1
31
3
5
4
9
2
1
5
2
1
1
2
1
4
4
1
7
12
7
1
2
1
25
21
6
1
13
3
16
11
21
17
2
15
4
7
4
1
5
2
1
50
5
26
3
1
2
4
3
2
21
16
1
2
15
4
1
3
23
11
6
4
2
21
1
3
4
30
1
3
72
3
10
9
17
11
18
3
2
4
57
7
3
4
1
14
1
2
7
47
2
9
7
40
1
8
17
18
6
10
3
3
5
2
4
6
76
2
29
2
1
2
10
10
4
1
12
31
15
5
3
1
5
1
2
2
2
27
27
10
1
1
2
4
2
1
36
10
11
7
5
2
22
7
32
8
1
3
4
19
10
4
3
14
68
9
4
11
4
22
1
32
21
1
3
2
9
9
51
51
3
4
3
10
18
2
7
2
2
1
3
37
29
29
1
7
1
2
1
17
12
23
7
7
1
1
53
28
1
1
7
4
32
46
7
8
3
3
29
4
2
7
1
4
2
21
14
7
10
1
11
17
13
28
7
1
2
36
10
7
3
4
2
1
1
5
2
3
2
3
1
3
8
14
3
5
1
10
2
1
2
44
2
4
4
1
9
1
1
15
17
6
6
8
25
16
16
11
61
30
5
3
25
59
1
18
1
1
2
4
15
1
4
5
8
2
17
7
14
8
15
14
3
1
2
26
19
6
9
12
42
1
6
2
9
1
7
2
20
1
4
1
2
130
1
6
2
2
1
30
2
59
19
2
1
4
13
7
1
15
9
16
14
8
1
4
10
54
19
11
5
1
1
1
1
2
3
16
5
46
14
8
1
14
3
84
2
3
4
14
5
3
16
2
16
17
1
1
24
56
1
4
7
1
12
18
7
26
18
3
10
5
1
2
2
1
4
2
4
3
23
1
1
1
7
3
40
27
5
5
1
24
3
6
1
5
23
3
1
16
11
4
3
2
50
5
1
9
1
6
7
2
2
7
33
5
1
3
3
10
3
29
40
36
1
2
6
1
1
36
2
38
3
3
5
4
1
5
2
107
1
1
6
48
5
29
52
4
1
2
4
7
38
10
2
13
3
4
17
2
9
6
2
4
4
2
4
3
9
3
32
1
2
2
6
5
6
50
2
2
9
9
9
2
1
17
9
39
3
5
13
3
39
7
9
3
3
47
4
4
36
7
4
12
4
84
4
8
