1
6
1
4
2
2
1
3
12
1
1
3
3
1
7
17
3
1
3
1
3
2
1
4
20
2
1
12
2
4
1
3
1
5
5
5
21
34
6
2
6
2
3
22
4
32
1
3
5
3
1
7
18
13
58
4
1
20
4
2
15
1
4
2
4
17
2
2
1
1
3
1
1
1
30
2
2
9
9
4
1
15
2
1
54
3
2
33
12
10
8
20
1
4
39
2
1
2
2
1
8
21
2
2
3
22
8
2
4
9
4
1
24
28
3
13
35
5
5
3
2
10
1
7
1
31
8
3
2
7
37
3
2
1
1
1
2
3
1
5
6
1
8
7
16
3
10
1
10
8
2
16
6
1
19
10
31
2
10
4
3
3
3
1
1
26
2
4
2
4
2
1
17
5
2
35
1
7
5
6
1
1
1
4
1
12
1
8
1
39
1
3
1
16
9
5
1
18
5
5
2
38
5
16
1
6
2
5
1
2
3
13
3
4
11
28
1
5
1
1
1
5
7
6
37
21
6
20
2
2
45
39
1
4
2
1
4
4
35
1
2
7
3
1
1
5
4
1
1
6
4
5
6
3
3
11
2
9
2
15
2
4
17
2
75
46
1
3
7
14
1
5
5
3
1
13
3
2
3
7
4
3
2
2
7
21
1
9
10
9
2
14
7
4
2
3
7
10
1
10
1
9
3
2
1
2
23
1
2
85
7
2
3
4
1
11
1
2
1
1
21
1
2
2
9
1
9
2
1
3
1
2
2
1
2
13
2
1
4
1
9
3
1
6
18
11
2
14
1
11
7
51
3
2
10
1
1
4
3
2
7
5
2
3
2
22
1
39
1
12
11
3
7
4
2
8
6
16
5
25
52
20
1
5
1
7
1
2
1
4
1
12
10
57
8
3
2
20
3
2
2
9
7
9
1
2
14
7
14
6
64
22
1
3
9
1
3
11
28
4
2
11
2
11
4
6
1
3
1
13
2
7
20
1
2
3
2
15
22
2
20
64
10
6
55
1
1
32
7
3
15
3
27
7
2
15
2
1
5
1
6
16
1
20
2
9
4
1
73
4
3
31
8
4
14
3
3
30
23
31
2
1
5
6
9
9
3
3
2
2
1
1
1
1
2
5
1
56
1
1
6
3
1
3
48
2
5
6
2
3
2
3
12
1
10
1
1
3
3
1
54
8
3
2
2
11
4
2
5
1
2
4
1
6
10
1
2
4
2
1
8
1
13
3
2
14
4
1
53
6
1
9
65
2
4
1
3
7
24
4
2
3
2
1
2
46
2
3
2
13
2
10
3
1
25
1
12
1
7
19
19
4
5
11
12
7
6
4
18
12
2
2
5
4
5
22
2
6
3
1
1
4
1
1
15
1
4
2
4
6
1
6
5
2
3
2
1
4
1
2
1
3
17
33
1
65
3
3
5
3
17
1
8
2
11
3
9
4
2
1
3
9
3
4
2
2
48
8
8
7
19
3
9
1
10
2
12
1
6
1
8
4
2
8
6
1
4
4
2
1
2
1
4
2
2
4
24
8
3
3
2
6
9
1
2
2
1
6
1
1
4
19
12
5
1
1
7
11
9
1
23
1
37
25
7
5
3
1
2
48
1
9
1
54
6
1
2
2
2
2
5
16
3
58
11
32
4
14
1
4
20
1
3
10
1
7
11
11
1
28
2
20
2
1
7
1
10
1
1
2
3
2
7
2
1
2
48
2
3
7
2
4
8
80
2
6
91
6
34
2
3
6
5
8
1
3
11
5
8
2
2
2
14
24
2
1
1
22
5
20
1
6
11
82
5
1
2
36
4
18
1
1
35
1
15
10
2
13
4
1
1
7
1
14
1
2
3
10
1
1
2
1
23
9
30
24
6
33
2
19
1
14
10
1
16
3
44
27
1
2
2
2
1
14
13
7
3
7
1
31
3
11
11
3
3
1
31
3
4
1
15
5
6
48
22
3
2
14
1
11
5
2
67
2
1
1
4
2
6
14
2
2
6
3
6
3
4
1
2
4
1
1
2
34
2
9
73
1
5
3
5
1
2
2
4
4
1
21
2
3
2
2
1
5
2
10
2
61
3
3
5
9
4
6
2
2
2
3
6
4
4
7
2
6
1
2
2
15
15
2
2
2
1
9
46
5
3
10
8
1
1
7
2
1
3
6
4
4
1
1
3
4
3
1
2
5
13
13
1
5
1
58
12
11
1
3
18
3
16
10
22
2
2
3
1
14
2
62
4
1
7
1
3
28
8
1
45
14
1
5
5
5
1
3
2
9
1
17
1
20
1
1
2
8
2
6
10
1
70
1
12
2
1
17
4
1
97
1
2
5
1
3
1
1
2
14
3
17
2
4
7
99
2
3
12
4
8
29
10
60
3
1
1
30
1
76
2
4
1
1
16
6
3
12
2
2
1
46
16
8
1
2
4
3
13
3
2
5
3
70
16
2
1
13
6
1
13
1
2
15
5
8
2
1
31
9
3
21
1
8
18
1
2
3
8
10
13
9
2
1
1
2
1
2
2
7
3
11
4
3
2
3
7
1
11
4
1
8
5
44
27
1
5
1
8
1
14
4
2
7
2
17
3
4
2
1
5
28
5
1
10
2
3
2
28
63
1
2
5
42
2
8
22
2
2
3
4
13
9
2
3
28
35
7
1
9
35
1
14
11
29
2
2
2
3
6
3
1
2
1
5
3
2
1
5
1
11
1
14
1
14
7
3
1
3
4
3
1
3
7
14
2
14
8
2
1
1
1
7
1
3
5
1
2
2
2
13
12
2
6
2
18
6
6
5
13
4
3
1
7
4
1
18
2
1
1
1
1
3
1
3
3
1
2
25
1
1
3
38
11
9
7
3
4
1
2
14
1
1
1
2
7
2
10
7
3
30
2
6
12
5
1
5
4
3
7
13
14
10
18
2
3
6
18
2
3
36
1
2
8
3
5
5
7
1
2
3
18
1
5
2
7
43
13
43
6
4
1
1
6
3
2
18
8
42
4
5
6
1
9
2
1
13
3
2
5
1
2
1
10
20
2
2
14
3
5
2
9
2
11
8
6
3
1
6
2
15
3
8
1
5
24
17
5
37
9
2
2
3
7
2
1
50
1
1
2
10
3
6
30
2
2
4
5
4
3
82
8
4
10
2
10
3
25
7
8
5
2
3
8
9
1
1
107
4
2
1
10
1
18
8
3
3
3
3
11
3
1
1
4
1
3
18
4
1
1
2
6
3
29
1
2
1
3
13
2
2
9
2
1
23
38
2
3
4
71
1
1
5
11
6
2
3
2
10
1
5
6
6
4
1
2
2
1
1
19
18
2
15
2
10
1
4
1
3
4
9
32
1
3
2
1
1
10
1
5
4
4
2
1
14
2
49
5
3
4
1
10
25
11
83
2
8
5
8
9
4
9
5
1
8
4
2
1
25
2
32
6
2
6
8
2
3
8
1
1
7
12
2
1
2
3
1
4
5
8
17
10
6
38
4
3
2
25
9
4
3
1
22
3
1
40
1
2
21
32
1
2
3
20
2
20
2
30
2
2
6
4
1
5
3
3
2
37
1
