15
1
1
23
12
2
2
3
10
3
4
11
6
2
3
6
8
9
3
8
3
1
3
2
8
31
5
3
3
8
9
8
4
36
2
5
6
1
2
2
4
4
3
1
6
26
33
3
4
1
10
4
4
3
9
2
1
2
3
1
46
1
8
9
1
22
1
4
13
1
1
2
1
1
3
1
30
16
1
1
9
2
1
1
10
1
4
8
3
2
2
5
1
5
5
6
4
1
9
2
6
2
2
1
9
4
1
4
1
2
8
7
8
1
1
1
1
4
34
46
10
1
5
1
63
29
4
5
2
1
1
22
1
3
3
5
16
2
29
2
2
5
20
4
11
57
1
2
3
2
28
10
34
1
8
2
4
14
2
3
1
1
27
9
36
1
47
35
2
8
9
44
6
4
1
9
1
2
8
1
1
1
2
37
7
2
8
7
1
1
6
43
2
4
16
24
1
18
6
4
7
1
8
75
21
11
1
2
5
2
4
3
2
2
4
7
1
1
8
2
2
2
1
1
2
6
2
7
1
1
2
12
5
22
1
2
37
3
10
5
2
16
1
3
3
5
20
7
33
14
71
2
2
10
8
2
1
1
7
3
6
58
2
7
5
2
14
2
3
2
2
1
16
2
2
25
1
30
1
3
11
1
8
7
2
1
4
5
6
46
20
16
2
1
1
1
55
2
5
4
2
9
6
18
102
14
9
2
32
16
10
1
12
4
7
14
1
2
1
2
14
1
2
13
1
2
2
2
2
13
3
8
2
2
1
6
11
2
1
1
19
10
2
3
3
43
1
14
1
4
3
4
1
1
35
98
1
2
1
2
4
4
22
2
6
3
3
4
1
1
2
6
2
9
7
7
3
18
3
34
5
31
21
11
1
5
5
3
5
1
1
8
19
1
2
3
8
20
6
22
2
3
5
1
2
2
50
18
4
1
7
11
3
4
1
2
4
3
4
9
1
1
1
4
4
15
29
4
6
4
3
38
1
5
2
11
14
12
12
4
7
1
3
9
1
19
1
5
3
28
23
1
2
29
2
6
1
7
2
30
1
3
1
1
2
8
9
1
4
4
3
1
21
2
8
1
2
21
16
1
2
1
4
1
21
5
1
15
1
5
7
5
4
1
52
14
2
2
12
1
1
5
3
30
11
2
7
2
45
6
1
12
10
2
2
1
5
28
2
72
8
2
18
20
32
1
11
7
24
3
6
1
91
13
9
4
44
3
1
6
17
1
19
8
5
1
3
2
5
2
2
1
2
4
2
39
12
4
1
3
16
6
26
2
7
9
1
17
2
2
3
3
26
3
2
7
1
9
98
16
1
1
17
7
6
3
6
5
1
1
3
3
1
4
2
1
37
4
2
2
4
5
1
13
7
21
3
3
7
21
1
1
4
4
21
1
2
1
1
1
1
10
7
13
8
2
2
30
31
2
1
5
2
1
1
2
15
42
7
5
17
5
2
4
1
23
4
7
3
1
10
2
4
16
3
1
2
1
13
2
1
1
32
33
2
4
24
6
5
10
7
29
2
11
6
1
2
33
2
4
28
5
2
8
4
10
2
1
2
14
10
1
5
3
1
5
17
4
1
3
3
3
18
2
23
6
5
3
1
2
10
13
20
2
18
3
3
5
40
2
31
3
21
1
6
2
8
1
3
2
4
6
1
2
4
1
2
3
16
1
3
2
6
17
1
18
21
39
5
1
4
7
2
8
10
1
4
6
3
4
1
6
10
49
5
1
1
4
1
1
11
5
7
17
1
1
18
5
3
2
2
5
3
59
1
11
4
3
2
4
1
2
4
3
26
42
22
3
2
14
2
1
2
1
25
39
8
8
1
6
2
3
39
5
10
1
3
5
2
9
2
4
5
2
11
2
8
1
20
1
7
14
25
1
1
2
1
2
1
74
5
1
1
3
1
50
2
3
2
1
2
2
1
1
3
2
2
11
2
5
1
1
7
14
5
1
1
17
1
65
2
77
3
2
9
4
18
6
1
6
37
3
1
3
9
1
16
1
2
5
3
82
2
24
5
11
1
1
7
1
5
1
1
4
2
8
1
2
7
3
12
8
1
1
8
22
6
1
24
2
3
1
12
8
7
2
9
3
1
14
28
16
8
5
2
1
1
5
30
35
1
8
9
2
1
4
5
8
2
5
14
8
4
18
2
1
5
7
3
2
91
8
1
5
5
1
1
1
3
20
1
1
4
1
2
2
1
2
6
3
3
2
16
3
1
1
1
1
8
27
13
1
10
26
3
21
17
2
3
11
2
3
1
1
2
6
12
2
5
2
2
31
1
1
4
75
1
2
3
4
14
17
1
61
1
80
8
1
4
6
9
5
100
3
6
1
1
2
2
2
2
5
1
23
14
2
4
27
20
3
40
30
3
1
44
1
4
72
6
27
1
2
13
15
15
3
19
2
1
24
1
2
1
2
8
3
3
4
2
1
12
2
22
6
9
2
1
5
15
6
1
3
1
13
2
2
58
13
2
1
2
16
3
4
2
2
1
2
8
4
10
19
2
20
1
1
2
2
1
2
4
3
2
3
1
2
9
3
2
1
9
1
15
22
22
4
7
4
14
9
19
2
1
2
35
1
10
18
2
4
2
5
2
1
9
14
1
6
1
30
13
1
11
2
3
1
1
1
8
7
1
8
2
8
1
1
1
1
2
4
4
1
1
4
14
2
2
3
21
2
3
3
8
1
5
3
19
3
5
1
1
3
5
3
4
3
10
30
1
22
14
2
13
1
1
5
2
2
5
7
1
2
1
3
3
1
10
5
18
1
11
15
2
3
14
10
13
3
9
45
6
1
6
47
49
1
2
30
4
1
8
7
2
4
2
1
1
4
1
3
3
2
6
3
20
14
6
3
7
16
2
1
4
4
16
6
20
5
2
2
26
4
2
3
16
2
1
6
2
5
12
3
13
1
3
2
11
2
8
5
2
10
14
1
1
2
2
1
6
10
33
7
1
1
1
22
3
12
10
13
2
6
2
3
4
12
3
2
44
10
4
1
1
102
1
2
3
8
8
12
2
22
4
31
1
2
2
4
18
1
12
3
1
15
9
3
1
2
1
3
18
25
3
1
1
1
22
2
41
2
24
4
7
7
1
12
12
1
8
1
1
10
1
1
30
1
6
1
3
7
2
1
1
1
2
2
4
12
7
2
4
2
1
5
14
6
45
2
3
2
26
1
2
5
1
45
1
8
9
11
4
2
2
2
11
12
10
5
1
4
1
31
21
1
1
3
10
7
10
6
7
1
4
1
21
6
39
1
116
4
4
1
1
2
2
1
5
2
1
2
20
10
2
8
4
1
25
12
2
3
1
2
1
1
5
9
4
16
2
15
74
23
30
1
3
1
5
1
21
1
1
6
22
7
2
2
38
4
4
8
15
1
4
2
7
17
5
3
6
18
2
2
22
3
4
58
1
32
3
10
18
1
4
77
6
17
4
1
16
2
13
8
2
5
12
3
1
1
4
7
3
3
3
1
12
6
5
1
3
11
9
1
27
2
3
2
1
1
6
5
6
1
23
19
1
1
3
12
17
6
2
7
1
11
1
7
8
8
1
10
46
1
1
17
40
2
3
1
83
2
2
29
4
3
1
2
11
8
14
6
2
9
1
1
6
21
12
1
1
3
1
1
15
4
12
4
5
10
2
6
2
1
8
3
1
6
2
1
1
1
1
1
38
1
7
5
2
5
3
13
2
1
4
1
3
16
6
7
15
31
3
2
11
23
1
17
11
7
6
3
11
1
2
1
4
33
1
11
4
16
9
11
9
1
1
3
3
1
1
1
3
2
20
5
11
10
1
2
5
5
5
25
15
22
21
6
5
73
6
5
2
1
18
1
3
1
92
8
1
1
1
14
54
2
2
47
4
7
7
1
32
28
8
5
2
3
4
3
5
7
9
12
1
1
24
2
1
33
1
1
1
109
1
31
2
8
6
7
27
20
15
25
2
46
1
1
4
1
5
1
2
1
2
10
2
11
1
8
3
18
7
10
1
3
5
2
5
3
20
3
12
7
8
5
2
3
4
2
19
1
1
13
5
10
11
1
1
1
12
4
6
17
87
2
5
1
4
12
2
55
1
1
6
6
10
4
6
9
1
1
5
36
5
1
16
10
6
7
14
3
8
25
7
9
5
22
8
3
1
4
1
6
2
9
5
10
2
1
4
10
3
6
12
7
1
1
1
1
9
8
6
2
7
11
1
2
4
1
8
11
13
7
3
5
8
1
15
1
1
5
35
10
5
9
15
7
2
14
1
3
4
3
18
2
2
3
1
6
1
58
2
3
1
11
3
17
1
4
1
1
17
2
2
1
25
2
10
13
2
4
2
7
1
3
1
1
14
2
4
2
4
1
6
2
1
1
21
1
16
4
5
4
2
22
5
1
4
13
3
3
4
1
5
8
12
1
2
2
4
4
1
1
17
7
1
3
6
1
9
1
10
9
4
12
10
3
10
5
2
31
20
18
4
29
11
48
9
1
6
9
5
2
1
3
4
16
75
2
8
1
3
1
6
4
9
3
4
2
5
8
2
10
17
2
33
11
10
4
7
7
3
8
10
1
2
1
5
9
18
4
5
28
4
2
2
1
1
10
11
10
4
1
22
17
1
3
1
2
1
2
9
8
1
1
2
1
6
61
1
19
4
1
34
4
1
5
3
15
2
10
1
56
4
11
2
1
3
2
33
1
1
1
12
8
6
26
13
2
76
1
1
19
1
3
2
1
7
3
1
8
13
1
20
3
4
1
95
1
31
55
40
6
8
5
4
1
2
5
23
34
1
21
3
2
4
2
3
24
3
2
1
12
6
2
1
5
26
4
2
6
11
3
3
4
39
1
1
1
1
6
2
2
1
75
4
25
9
32
2
1
3
1
1
2
1
7
1
10
1
7
2
1
3
2
1
2
13
25
4
5
5
2
3
23
1
3
2
9
50
1
6
9
2
38
6
24
12
2
3
1
1
2
10
1
45
3
1
7
4
9
1
5
1
2
2
1
16
6
1
8
8
4
21
14
8
6
10
5
6
1
14
3
13
2
19
3
4
1
9
1
6
1
2
2
11
1
5
2
1
1
1
62
9
46
3
26
2
1
8
8
5
21
12
6
1
27
3
1
1
1
23
14
3
11
44
1
4
3
1
5
1
32
2
1
2
18
11
4
2
5
6
3
6
1
1
1
10
13
1
2
4
5
1
1
9
5
5
3
22
3
5
1
10
4
14
2
7
4
4
1
4
30
1
8
1
5
10
3
1
10
1
2
1
11
1
2
3
1
2
55
2
4
4
3
10
18
9
1
8
6
32
1
2
10
2
4
8
2
2
7
59
10
1
2
4
3
1
2
1
1
14
8
10
4
