1
3
4
7
5
5
6
3
2
10
48
7
35
5
1
2
16
4
9
3
1
9
1
4
2
4
1
3
43
2
2
8
15
4
2
3
2
60
9
2
3
3
12
2
27
6
3
2
2
8
3
4
3
2
7
3
12
8
2
1
3
33
4
10
1
9
11
1
9
2
6
7
6
9
67
11
12
2
25
32
23
4
5
8
10
11
2
7
5
10
7
3
10
9
2
5
3
6
1
45
1
17
2
5
42
10
17
18
2
3
2
1
2
1
2
1
2
28
10
13
5
50
3
9
4
25
9
1
7
1
9
2
14
1
13
1
3
4
27
7
19
1
1
5
3
1
2
15
3
28
8
10
3
7
25
2
5
8
17
10
9
7
6
17
3
20
26
4
1
1
1
9
2
1
1
3
5
37
2
27
4
9
2
3
48
55
3
1
16
26
20
4
2
8
5
35
2
38
17
3
8
1
5
1
3
10
11
2
1
6
4
11
2
6
4
14
1
2
7
2
25
5
20
9
6
7
11
13
11
44
1
1
1
2
34
4
6
2
10
1
22
14
15
12
35
3
1
3
2
11
2
1
1
9
5
4
1
5
8
34
2
1
32
5
2
15
4
2
2
1
2
32
3
6
3
14
3
28
3
6
5
15
2
25
2
16
9
4
20
1
18
6
5
1
1
19
9
1
11
5
9
3
9
37
13
9
2
1
1
1
15
6
19
5
1
1
7
6
2
42
4
2
2
4
6
3
4
32
6
2
3
1
8
15
4
5
11
1
2
2
1
6
1
2
2
3
5
22
3
1
7
41
2
12
1
2
1
6
6
1
8
38
39
2
2
70
58
39
7
18
4
7
3
11
23
2
1
2
4
14
6
2
2
2
5
1
1
14
11
26
93
12
2
23
7
9
1
12
1
29
1
6
5
15
12
2
29
3
15
3
2
6
4
29
4
12
1
1
1
1
4
1
1
1
2
10
15
3
17
3
11
1
38
1
2
2
7
22
1
3
4
1
2
18
5
6
26
23
1
4
1
6
12
1
1
6
3
16
14
21
5
4
1
28
23
2
26
1
7
3
2
2
19
1
58
3
9
3
2
3
6
4
15
1
7
14
3
16
4
2
4
36
1
9
10
21
6
9
3
2
2
16
3
13
45
2
4
1
4
3
10
11
7
22
40
2
50
3
5
1
2
1
2
8
2
2
12
9
17
2
2
1
11
38
33
97
22
7
10
16
12
10
4
56
1
23
30
1
7
27
2
26
14
24
40
2
2
3
4
8
2
1
6
18
2
1
2
2
1
1
66
4
1
11
2
12
4
2
2
9
8
1
1
1
58
8
2
2
1
28
18
7
51
6
13
1
1
7
3
1
41
1
7
3
1
25
2
8
5
4
1
2
2
11
1
4
30
4
1
2
1
1
1
1
9
1
20
3
8
7
3
5
1
3
18
11
1
26
3
28
2
41
4
11
2
9
1
3
1
2
4
12
5
4
3
1
1
2
1
1
1
6
42
2
7
2
2
7
30
29
3
3
5
51
12
22
5
1
1
4
4
8
5
1
5
34
2
2
76
1
17
4
1
9
14
1
10
2
2
1
1
5
1
5
1
1
2
15
1
8
5
1
3
2
18
5
2
1
3
1
13
24
3
1
2
2
10
2
2
2
18
1
3
1
2
54
7
6
10
15
2
2
5
2
2
1
12
4
2
2
2
1
1
3
5
1
22
5
2
12
6
43
8
6
6
1
7
4
6
40
10
4
75
1
1
1
2
3
11
18
3
10
1
5
21
2
22
3
4
1
8
7
2
32
1
12
10
6
20
13
4
2
17
2
76
10
3
12
35
2
1
14
92
1
1
5
17
16
5
3
28
13
10
16
12
2
3
3
16
1
2
1
1
1
42
2
2
2
33
1
10
1
13
9
1
9
4
1
47
1
1
3
15
25
6
1
6
3
2
1
3
3
2
4
12
3
2
19
13
2
29
3
9
2
2
1
3
4
2
2
24
2
24
1
1
1
31
1
2
33
41
31
2
58
2
6
2
1
1
2
3
3
10
1
15
1
2
5
3
1
6
1
17
2
12
1
3
1
5
2
27
5
5
1
2
2
1
48
13
1
2
2
12
28
1
2
17
2
1
3
21
2
2
85
1
1
1
3
5
1
6
5
2
12
5
4
1
18
17
2
5
2
19
9
4
15
3
52
57
41
3
11
31
14
54
1
1
1
2
16
1
1
1
3
4
1
15
1
15
1
2
23
1
6
1
10
1
1
11
6
1
2
23
1
1
2
16
8
4
3
1
1
10
1
2
1
3
3
9
4
3
2
1
34
13
1
7
33
1
8
1
2
14
1
36
2
5
9
1
4
1
3
4
31
22
17
6
29
11
2
2
1
14
3
91
2
12
7
2
1
1
4
68
8
1
2
6
5
7
7
8
3
17
1
12
2
1
3
32
3
10
4
1
28
17
7
8
25
5
3
1
38
15
1
6
4
1
2
5
8
6
2
1
23
10
1
2
1
3
2
2
4
62
2
15
2
7
10
1
3
2
1
3
7
1
37
4
2
1
1
1
18
12
7
9
2
3
3
2
8
27
5
1
2
1
34
12
22
14
2
1
1
1
2
4
7
1
3
3
12
22
5
17
6
5
3
3
4
13
2
2
2
1
4
2
3
3
5
5
19
8
5
2
12
1
8
10
1
4
1
2
3
1
3
3
14
5
3
1
12
2
15
3
6
62
20
4
2
2
14
12
2
4
4
13
6
34
1
1
13
3
13
1
8
3
2
2
5
1
9
2
23
1
3
2
1
2
5
2
37
2
5
1
8
41
5
21
10
1
3
1
6
2
5
1
1
23
12
1
1
1
14
6
5
6
2
4
1
1
20
1
2
3
22
2
1
8
2
3
1
15
34
1
1
8
3
10
2
1
1
2
39
1
31
1
2
1
3
3
38
3
8
4
1
4
4
7
1
2
5
2
1
1
3
33
4
11
23
1
11
7
6
1
2
23
3
3
15
1
12
3
74
1
1
10
1
2
1
1
2
1
9
11
4
3
1
4
5
1
10
1
19
1
1
29
1
7
1
9
15
7
16
7
6
1
19
14
7
3
17
2
1
8
1
50
2
1
1
12
1
1
1
1
2
2
4
13
5
1
2
3
33
2
61
39
3
1
25
1
3
12
3
2
4
1
1
7
6
2
17
2
1
17
6
1
14
36
2
1
3
1
2
22
1
18
9
3
1
1
19
2
3
1
28
3
3
3
2
18
15
3
2
2
3
1
7
2
3
7
12
1
2
1
3
18
9
2
2
4
3
1
3
2
4
22
38
1
6
1
1
5
4
2
2
17
2
2
4
1
1
4
5
1
2
4
1
5
1
2
5
1
53
2
2
6
2
3
5
6
1
8
9
1
1
2
32
2
1
4
7
7
17
11
10
6
3
4
4
9
2
5
1
3
2
2
73
2
3
6
91
3
8
6
3
1
13
3
3
2
10
1
46
8
5
9
1
2
6
1
3
12
1
3
2
3
6
2
1
20
1
1
5
2
5
2
22
15
3
1
1
5
1
2
6
2
8
3
1
6
3
8
1
2
2
6
1
4
1
5
4
3
1
32
1
16
1
1
11
2
28
12
1
1
8
1
5
5
2
5
34
2
2
1
3
3
2
1
2
1
1
1
4
2
1
2
3
14
1
1
19
5
1
3
12
2
23
14
2
2
50
56
5
6
24
1
29
2
2
7
1
2
3
13
1
45
2
2
2
18
2
4
3
9
3
55
1
6
2
19
1
1
53
15
2
1
1
1
2
3
1
6
49
1
7
3
2
1
3
4
1
1
2
3
31
5
2
26
2
4
4
3
4
1
5
46
24
22
2
1
2
8
6
1
2
2
4
4
3
10
31
1
20
11
5
21
32
2
2
2
4
4
1
7
1
1
2
11
3
1
4
1
8
1
1
5
2
2
2
1
3
1
9
4
10
2
2
2
1
3
7
3
37
1
1
7
3
10
2
6
3
27
1
1
2
3
1
1
61
13
2
2
8
2
4
1
11
1
1
10
34
3
1
4
2
12
6
1
1
1
7
9
22
2
6
8
1
1
1
3
5
2
12
2
8
1
10
6
2
20
7
1
1
5
4
16
5
29
2
13
2
3
2
12
1
18
1
2
5
1
2
10
1
15
2
2
2
1
4
14
3
2
4
1
2
9
3
1
1
3
1
2
2
1
69
12
5
2
1
62
17
1
21
1
2
5
37
5
28
6
18
2
1
2
1
6
3
3
12
3
4
1
7
2
3
1
11
3
5
15
8
1
5
6
16
4
20
1
14
15
6
1
6
16
9
1
4
3
9
90
4
5
19
11
40
8
1
4
16
3
1
4
2
16
1
3
2
1
30
5
1
1
6
1
1
7
2
1
3
6
2
9
3
1
32
1
6
1
10
25
7
2
2
9
4
1
1
7
1
8
2
4
1
2
2
8
2
2
3
7
7
13
4
9
1
2
2
5
3
25
3
17
3
23
5
31
5
13
7
1
3
1
71
9
1
1
21
4
2
2
38
13
18
4
1
3
1
13
2
13
21
8
18
2
8
3
23
13
4
22
12
7
35
1
7
2
4
9
1
18
1
1
2
3
6
1
1
1
2
2
2
9
3
2
13
19
11
11
8
1
1
23
32
5
4
1
22
1
1
6
3
3
3
22
13
2
9
9
1
5
10
11
2
7
5
20
2
5
3
3
3
6
1
5
1
4
40
1
1
1
8
3
59
5
7
11
3
35
1
97
2
4
12
2
4
7
1
25
12
7
3
3
13
8
7
1
51
6
3
5
2
3
2
1
6
7
1
1
9
5
2
15
1
2
14
28
2
1
33
2
1
2
1
43
1
1
3
6
3
6
12
1
1
3
7
1
5
72
6
4
2
3
4
1
8
3
1
10
5
3
5
4
54
2
11
1
2
8
2
2
1
2
6
6
11
9
12
1
5
87
1
9
2
3
1
1
44
13
1
3
2
1
2
8
3
2
4
1
1
3
1
1
1
1
3
4
2
2
1
1
1
3
9
3
1
5
13
3
1
2
2
1
11
64
2
14
7
2
15
6
2
6
4
9
7
14
1
1
3
4
4
13
2
12
23
7
1
18
1
26
5
5
16
5
2
3
1
6
3
5
2
1
1
12
1
2
2
1
9
12
12
32
6
5
2
8
3
9
4
3
5
8
1
4
84
4
9
1
2
2
39
29
2
3
3
1
1
19
2
1
3
2
3
14
6
1
1
6
9
1
4
5
1
1
5
1
9
15
47
3
5
50
6
1
1
4
1
7
1
3
5
1
4
8
8
2
6
1
9
6
1
4
7
5
1
12
1
26
1
2
33
4
1
18
1
6
7
10
21
9
9
30
2
42
1
2
6
1
3
1
7
5
9
1
4
4
2
3
1
12
5
8
18
13
1
1
3
1
1
6
1
16
3
3
1
4
19
3
1
6
2
7
2
27
1
2
1
3
2
6
5
1
4
2
6
4
6
19
3
22
1
3
23
8
5
18
1
3
1
5
3
1
1
1
16
5
1
4
20
1
76
1
2
2
5
4
15
25
5
6
1
7
20
3
1
15
16
21
2
3
2
32
1
2
2
5
1
3
13
23
4
39
2
1
43
4
2
5
4
11
1
10
5
1
5
1
14
2
13
7
7
7
8
5
2
19
5
1
3
31
2
11
1
5
1
9
3
3
7
9
4
28
4
6
13
17
3
2
1
2
3
10
46
3
3
2
13
4
2
3
4
8
3
9
8
3
30
31
13
12
9
1
2
2
25
2
2
11
3
1
26
5
1
15
2
14
12
5
3
2
26
7
2
3
3
4
3
21
6
5
5
8
10
1
1
1
8
8
9
5
2
5
1
7
12
11
3
2
2
7
1
3
5
1
6
1
4
3
3
11
16
13
24
2
2
12
1
1
30
31
47
4
6
4
9
9
1
4
4
1
65
2
5
3
4
2
2
7
1
21
17
4
1
3
10
9
2
14
1
3
1
2
2
6
1
3
3
3
1
1
1
8
1
1
7
2
9
5
15
1
1
1
10
1
4
9
3
3
1
1
2
3
1
5
9
2
1
7
9
12
5
2
1
1
9
10
19
2
5
5
11
11
12
2
2
16
3
18
1
1
1
1
2
1
3
8
8
1
9
4
8
6
28
1
2
4
1
4
21
1
6
17
16
2
50
5
10
2
9
1
2
5
13
1
10
5
2
7
14
1
3
7
5
2
15
7
15
44
6
2
2
8
4
2
1
3
4
1
2
21
40
1
8
1
2
12
9
5
1
3
9
2
1
7
1
3
5
10
12
2
1
4
31
2
3
4
5
3
2
3
5
6
7
1
4
2
4
1
11
6
10
7
19
2
3
2
14
2
