6
50
6
1
10
1
70
50
2
2
2
14
2
4
3
1
2
3
4
65
32
14
1
4
2
5
5
11
1
22
17
1
3
1
8
39
1
9
30
2
43
15
20
10
2
3
28
1
3
74
39
7
1
1
15
22
8
2
19
29
5
8
1
1
27
1
4
2
2
9
1
2
20
6
1
23
2
13
47
3
5
3
7
41
2
31
8
2
20
37
28
1
8
3
4
12
76
27
75
37
38
25
2
3
4
4
34
16
46
18
88
1
5
3
8
32
2
13
59
1
1
6
24
19
11
7
93
4
1
22
19
1
3
21
2
2
40
17
1
9
5
4
46
52
6
2
6
10
1
1
49
59
2
94
1
3
1
56
10
56
4
6
1
34
1
3
2
9
16
42
2
23
8
4
27
17
1
15
3
2
99
8
29
70
1
4
4
2
2
1
3
7
37
2
7
1
17
2
27
2
2
74
75
1
76
39
2
16
5
11
2
32
12
23
153
1
13
17
44
3
57
2
109
3
4
30
4
4
13
2
64
6
13
3
32
7
41
7
216
61
1
12
7
5
2
5
22
1
67
1
13
1
6
1
18
2
19
41
8
14
25
3
1
1
1
30
21
56
28
11
2
5
4
121
23
4
6
4
9
4
2
1
27
20
1
3
1
1
11
12
22
1
11
3
1
175
16
12
4
1
2
25
6
6
93
4
11
6
7
4
8
18
1
3
6
41
32
135
53
11
15
6
10
68
1
18
1
8
3
9
61
1
1
13
2
1
1
2
4
11
40
2
22
1
17
19
7
1
1
14
3
20
2
15
16
181
2
33
8
2
2
39
1
2
48
4
3
6
8
113
1
40
14
7
40
1
19
2
5
18
2
2
10
57
3
115
32
40
52
3
167
9
7
1
2
37
7
2
49
18
1
1
30
107
6
2
3
1
23
10
5
23
1
4
2
2
2
11
87
3
79
21
1
17
18
15
2
2
2
3
2
1
2
5
34
47
1
68
31
62
5
62
2
2
21
9
1
7
30
5
72
7
3
131
171
1
93
2
7
78
104
25
4
82
1
30
10
2
29
28
44
2
38
6
34
2
5
9
5
4
1
1
2
2
6
116
10
2
21
4
1
2
3
1
3
12
2
1
1
3
2
10
33
5
1
10
45
11
18
1
6
67
1
3
2
2
16
18
9
2
14
1
9
1
126
6
25
1
3
21
2
5
47
4
4
6
1
21
23
49
4
6
48
2
2
10
16
54
4
22
26
15
3
50
11
2
2
115
35
27
74
19
3
5
2
4
24
107
9
2
6
21
2
8
36
1
1
50
75
10
4
4
7
67
10
2
1
1
3
5
3
14
3
106
2
4
41
13
9
1
4
7
46
10
4
5
10
11
4
6
3
46
2
8
1
134
7
5
3
2
1
2
8
3
19
37
3
6
1
1
4
52
10
8
21
26
3
66
6
42
26
3
1
2
75
5
1
10
1
198
12
2
1
1
2
90
2
2
7
13
26
4
1
4
86
63
4
9
1
216
45
27
1
21
3
171
5
89
2
3
41
3
1
5
3
10
1
2
4
3
4
1
26
46
3
2
2
5
36
22
1
2
2
8
210
4
8
77
2
1
3
7
3
4
3
74
1
2
2
4
179
2
38
5
2
2
8
9
21
2
21
105
1
1
1
4
9
6
3
18
2
6
134
3
4
1
4
5
4
3
5
2
2
2
2
26
1
34
195
98
9
3
1
6
30
1
4
4
6
34
46
5
16
8
3
1
4
78
5
2
1
18
2
2
33
134
15
3
2
2
89
4
3
112
4
3
7
4
10
23
5
4
2
5
4
2
1
2
9
8
3
7
128
2
5
1
13
1
105
5
3
1
2
192
1
11
1
23
5
2
12
30
1
106
4
6
16
2
2
4
99
4
1
6
2
6
1
4
4
18
1
1
2
135
8
2
4
3
34
1
5
1
133
159
7
164
10
1
1
12
4
5
2
1
2
1
1
44
2
3
122
65
2
1
1
7
2
1
9
4
1
3
1
14
24
7
116
4
7
5
5
2
6
2
21
5
3
4
1
4
8
36
2
2
3
1
24
7
1
9
9
10
7
3
7
5
3
11
19
3
4
3
5
6
10
35
4
7
78
2
14
15
4
71
16
1
4
4
85
18
1
1
1
3
1
1
10
43
1
6
1
3
4
1
2
69
6
18
5
1
2
3
2
1
7
30
149
1
4
2
12
15
1
19
32
4
11
170
9
2
3
5
8
7
16
4
2
3
7
35
2
2
20
11
2
8
85
1
1
37
1
12
16
2
11
7
30
45
9
31
10
6
7
7
19
2
8
2
46
3
5
1
7
2
21
87
37
3
36
11
4
24
3
7
3
5
3
3
23
1
2
3
4
21
20
4
2
1
1
3
26
2
11
9
3
2
1
1
1
1
8
3
6
3
3
5
1
18
8
20
5
4
4
21
5
21
37
29
58
126
3
1
11
16
4
8
1
8
11
3
11
5
1
81
2
46
2
2
5
2
2
16
23
2
4
19
1
6
28
5
4
5
4
4
4
1
8
31
2
8
1
24
5
12
7
2
1
34
4
1
20
2
20
5
4
5
27
13
4
64
30
1
3
2
13
21
5
2
17
5
16
4
6
21
2
25
2
50
9
25
10
6
10
1
50
1
3
1
26
50
3
1
2
21
2
3
1
4
7
5
38
66
13
4
16
8
10
6
4
5
38
23
1
6
3
5
9
5
1
3
36
10
24
8
17
11
21
15
19
22
25
33
51
17
3
18
11
25
9
2
2
3
31
16
2
8
2
9
5
36
4
10
23
7
9
13
10
17
1
18
2
6
71
1
14
13
14
8
3
46
10
83
1
2
13
3
18
42
8
5
24
9
4
17
47
1
8
13
95
1
54
2
10
63
30
5
28
15
19
7
15
20
1
9
3
4
5
33
10
3
11
2
9
3
3
31
24
4
14
5
9
46
9
1
16
3
6
2
1
9
10
26
17
7
69
32
15
27
9
16
2
9
3
7
1
11
4
8
15
1
3
9
21
12
13
9
13
13
3
7
116
14
74
1
6
4
53
16
3
3
25
12
47
7
1
12
17
38
9
56
19
16
9
11
24
12
23
19
8
97
27
1
3
2
3
52
5
3
4
4
1
5
8
1
140
14
8
35
21
7
18
13
30
46
2
22
16
19
84
