12
2
1
5
1
2
4
2
1
1
2
7
1
6
1
2
5
1
1
2
1
1
15
1
2
3
1
2
23
1
2
14
2
1
2
14
1
2
1
1
2
2
3
2
2
5
3
1
3
8
2
1
2
14
1
1
4
1
9
8
4
3
3
2
4
1
1
1
1
11
1
2
23
1
2
3
1
1
7
2
2
1
1
2
1
1
5
1
2
10
14
1
1
9
4
1
1
5
1
1
3
1
1
2
4
2
2
10
1
7
3
2
5
1
1
7
1
1
1
1
1
2
2
2
1
6
1
1
1
1
2
2
2
3
1
1
2
4
3
1
2
4
6
2
1
4
1
7
2
2
1
2
4
4
25
7
2
2
10
1
4
15
2
4
1
1
3
27
10
2
9
2
2
6
2
1
1
2
2
4
1
3
1
1
1
1
1
10
1
1
1
1
2
1
2
2
1
3
2
1
1
2
1
12
1
6
3
1
2
3
2
1
1
4
3
3
3
1
7
1
2
6
2
1
2
1
4
2
11
1
1
1
1
1
2
2
4
1
2
1
2
1
13
2
25
4
4
11
3
1
1
2
1
3
3
8
4
6
1
1
2
1
4
1
1
11
1
1
2
2
4
1
2
1
1
1
6
1
3
3
1
1
1
2
1
1
2
4
1
1
1
1
1
17
3
3
1
1
5
2
1
2
1
11
1
4
3
9
2
1
2
1
5
4
2
24
10
1
1
1
1
1
1
3
2
2
2
1
3
3
2
1
2
1
3
2
2
43
6
1
2
2
9
1
19
2
8
1
8
1
1
2
1
1
1
16
13
2
1
1
1
6
2
1
4
1
2
2
2
4
3
1
2
1
1
1
9
4
2
7
2
4
2
10
1
3
1
2
2
1
2
6
3
3
5
1
8
9
18
2
3
5
4
1
5
1
15
1
1
2
1
2
3
3
4
4
4
7
4
4
2
1
5
1
3
1
1
2
2
1
3
4
1
8
3
4
1
1
2
2
2
4
1
8
1
1
2
2
1
2
13
3
5
13
2
44
2
3
4
16
11
2
2
4
1
8
6
5
9
1
1
1
6
7
1
3
8
1
2
2
1
3
1
4
2
4
2
1
2
15
2
3
2
12
3
1
2
7
1
1
2
1
2
9
1
5
1
6
2
3
1
4
1
2
3
2
1
1
8
6
3
2
2
2
2
2
13
1
2
7
9
4
3
4
8
8
1
2
2
2
1
1
1
1
14
5
1
12
1
3
3
1
3
2
4
1
4
4
7
4
3
2
3
3
5
1
2
2
8
3
2
2
3
6
2
1
5
6
1
9
5
1
1
2
2
20
1
2
1
15
3
4
2
5
1
1
2
2
1
8
3
1
2
2
6
4
2
7
17
1
2
4
8
1
2
2
5
1
15
6
2
6
6
2
2
3
6
4
5
2
3
2
1
8
2
3
9
4
1
2
4
2
1
3
1
28
2
1
1
3
1
3
1
7
1
28
5
2
2
2
1
5
1
1
11
3
3
6
1
1
1
5
2
3
2
1
3
12
1
4
2
5
4
3
3
8
8
2
1
3
4
3
8
4
2
1
3
3
7
3
8
9
5
2
4
3
3
1
9
3
3
10
2
12
2
3
1
10
2
2
1
6
2
1
4
7
3
16
3
12
6
4
5
2
3
2
2
1
3
4
1
5
2
34
1
1
14
1
24
2
4
3
3
3
1
5
4
21
2
19
1
15
1
2
9
1
14
4
1
4
2
4
9
1
2
1
1
12
9
1
5
14
1
2
10
2
10
2
3
1
3
2
2
10
1
3
1
6
4
1
1
3
2
1
2
22
2
1
1
2
14
3
1
2
1
1
1
2
2
1
4
11
