1
23
1
4
80
4
7
5
4
1
15
2
3
5
4
12
20
1
1
1
5
8
1
10
1
4
2
7
23
1
2
1
1
2
10
5
9
14
1
2
2
11
25
5
1
22
1
3
1
1
1
70
6
2
10
6
4
1
2
4
3
1
9
2
1
29
4
43
1
2
6
1
17
2
3
6
5
1
7
3
27
4
48
1
1
5
3
19
1
1
17
5
12
2
2
2
23
5
64
1
1
1
32
2
4
5
8
2
1
6
32
9
13
4
7
2
4
4
9
4
29
9
75
10
14
3
1
3
3
3
11
6
4
3
1
1
3
1
1
2
16
5
7
25
7
2
1
4
1
2
2
1
1
3
23
2
11
3
1
3
2
9
4
2
4
3
3
42
5
1
6
5
27
1
3
32
2
1
13
2
9
19
1
69
8
2
7
1
10
1
4
12
5
22
13
5
9
9
2
29
4
5
2
1
34
2
36
1
70
3
1
2
3
7
8
7
18
2
2
1
2
5
3
3
3
1
1
23
2
6
17
57
5
1
1
12
3
1
9
40
1
2
13
73
7
11
8
17
1
14
1
8
4
3
17
31
5
4
5
2
1
3
2
1
2
3
2
17
1
3
2
8
10
1
3
17
11
5
2
19
47
2
1
1
1
8
8
8
31
3
1
3
3
2
5
9
11
4
7
3
1
4
1
15
12
9
3
73
7
5
43
1
1
17
14
2
3
26
1
7
1
4
10
1
26
12
17
20
32
1
4
2
39
5
1
9
5
1
7
2
1
1
1
17
1
14
7
1
25
34
3
6
60
10
4
1
1
1
1
2
6
79
6
1
1
2
12
13
2
6
6
9
3
7
9
4
32
8
12
10
2
1
10
6
2
1
1
2
10
32
4
1
14
18
3
1
9
2
1
8
2
12
10
6
22
2
1
1
2
1
1
2
6
6
9
3
24
7
23
39
20
3
2
28
12
19
28
2
3
1
5
17
2
4
1
7
9
12
18
6
4
2
4
2
105
3
5
11
1
3
11
9
6
2
6
20
20
5
2
5
2
2
3
1
3
21
1
5
2
13
3
19
2
28
2
11
3
10
2
13
1
1
7
1
6
31
4
2
8
88
6
18
2
5
1
47
4
1
2
10
8
3
11
3
1
5
28
27
12
12
18
2
2
10
6
21
1
1
1
41
12
6
18
3
18
6
1
1
1
5
8
11
38
11
10
14
3
9
6
4
2
1
5
1
40
20
2
1
1
1
2
48
8
2
1
16
3
4
1
1
17
1
1
3
1
6
2
6
6
19
9
2
2
2
49
9
3
46
4
29
1
25
1
1
27
1
5
3
18
2
1
21
2
4
10
2
12
18
1
2
1
1
4
9
1
19
26
4
14
10
1
19
2
3
30
10
2
1
6
4
41
2
10
7
6
19
32
12
6
19
2
2
1
1
13
8
1
5
2
47
22
1
7
8
2
80
15
5
1
13
16
7
1
2
1
4
1
4
13
18
10
4
9
1
17
3
6
3
7
1
19
1
1
26
33
4
4
27
18
3
54
9
30
4
9
1
21
2
8
5
4
1
2
1
5
2
7
1
1
1
3
3
2
15
7
68
30
1
3
1
127
11
65
16
1
1
1
1
1
3
98
29
41
4
2
1
16
2
5
1
5
3
18
7
11
1
2
11
7
2
3
1
26
10
3
1
25
13
8
1
2
30
2
8
1
1
4
1
3
2
10
1
1
4
2
2
4
3
1
2
1
17
10
19
1
3
2
12
5
28
2
17
4
3
2
2
1
4
15
1
1
19
3
3
3
12
7
18
9
4
1
3
2
3
1
2
1
3
1
23
1
7
1
8
11
3
2
1
45
7
1
29
4
25
31
1
1
10
1
2
2
4
1
2
1
40
14
23
1
10
37
6
8
4
2
11
8
1
4
5
1
42
1
3
11
1
18
6
2
3
2
49
4
1
37
1
1
8
43
6
1
40
3
19
20
8
2
2
1
11
2
5
1
2
5
2
1
10
14
62
2
14
4
3
5
8
10
4
73
1
6
47
1
96
6
10
106
1
11
37
24
3
5
10
1
4
1
11
20
1
4
12
7
16
1
1
4
4
40
2
37
38
48
1
2
42
10
2
15
2
2
6
17
1
1
7
2
5
59
5
1
30
2
2
5
1
27
7
7
2
3
13
1
1
1
2
5
1
3
14
1
27
1
2
13
1
10
2
2
6
9
4
2
13
12
13
1
49
1
14
17
5
45
1
1
3
24
63
3
2
1
3
7
8
16
1
1
2
1
22
1
4
1
3
2
1
36
1
10
3
3
6
4
5
1
1
23
2
26
106
1
1
9
1
3
1
5
2
4
13
1
20
3
2
2
2
1
2
4
25
9
4
1
52
7
7
2
1
3
2
4
38
1
1
2
17
1
1
8
8
1
4
2
5
15
3
35
3
2
22
4
3
12
5
50
2
7
1
8
31
3
1
1
9
25
4
13
1
2
47
1
42
16
10
1
2
1
21
33
13
25
1
9
18
1
4
1
5
3
6
42
16
11
6
25
7
2
19
8
4
1
4
7
19
5
13
4
82
11
1
3
3
10
3
1
2
15
1
10
8
2
1
1
3
5
17
8
1
1
7
2
7
4
2
4
8
12
20
2
5
39
15
2
33
1
18
5
34
5
3
8
2
11
4
2
1
5
1
3
1
10
2
16
2
3
48
3
31
2
2
1
14
4
2
16
1
7
28
6
1
3
10
27
1
4
24
13
1
4
5
2
8
2
68
2
14
1
3
5
10
12
1
19
6
1
9
2
2
11
11
1
18
3
1
1
15
4
8
6
1
3
26
3
9
1
2
1
1
6
2
1
17
1
2
1
20
2
1
25
4
11
3
2
1
1
28
1
3
5
2
10
6
1
1
2
5
9
2
52
2
11
4
2
3
4
1
2
8
21
84
2
3
5
7
2
6
1
1
15
7
3
25
2
11
7
10
3
18
1
21
1
16
19
3
25
4
4
16
1
3
51
4
12
2
6
12
5
68
1
3
10
10
1
3
2
6
4
7
22
2
1
2
2
2
26
2
18
11
3
24
3
4
1
23
13
121
7
1
8
2
1
2
3
3
6
5
1
88
10
10
6
39
1
2
3
5
1
1
3
3
36
4
3
2
5
14
2
13
8
1
1
9
13
32
1
2
3
17
7
40
2
3
5
6
1
1
1
11
8
1
1
1
47
4
6
3
13
1
10
4
9
1
20
7
29
1
3
3
3
2
2
3
13
16
10
3
9
26
2
1
2
4
1
21
12
35
9
1
8
2
2
2
9
1
3
1
7
8
6
3
4
1
2
1
16
16
124
3
9
10
15
2
2
2
10
2
26
3
5
36
7
12
43
10
4
13
7
6
1
2
42
10
1
10
14
5
6
11
2
5
1
32
15
2
1
1
4
24
21
2
2
2
77
2
1
1
2
2
1
2
13
6
2
7
4
11
4
4
76
2
5
7
3
3
1
6
1
13
38
1
1
7
31
39
2
38
10
1
2
3
14
4
17
1
16
26
1
3
8
1
5
46
5
3
2
2
1
14
22
4
6
5
2
5
3
13
1
26
11
9
21
3
1
37
56
72
5
1
34
1
1
14
6
2
15
1
6
11
2
7
2
18
5
2
1
5
1
1
4
29
4
5
8
37
1
1
13
1
6
26
15
4
38
3
6
1
3
1
7
4
1
6
