11
2
5
1
2
7
1
1
1
1
6
2
1
1
2
1
1
1
1
1
1
1
1
1
5
3
2
4
1
2
3
7
4
3
3
3
1
1
1
3
2
1
2
1
3
1
1
3
1
3
1
2
2
2
4
2
19
2
1
1
2
1
1
2
2
1
4
5
4
3
6
3
1
1
4
1
2
2
5
1
1
1
2
1
1
3
1
1
1
1
3
8
2
9
1
2
2
5
1
5
1
4
1
1
7
1
1
3
2
1
1
1
2
2
1
6
1
1
1
3
1
1
1
13
2
1
3
9
3
1
2
6
1
1
1
6
2
1
2
2
2
1
1
1
2
2
4
2
1
11
1
1
3
3
1
2
5
1
2
4
1
10
1
1
6
3
1
2
1
1
1
1
2
4
1
2
1
1
1
7
1
3
2
3
1
2
2
1
1
2
1
2
4
1
4
2
2
1
4
1
8
1
1
5
2
1
5
3
14
1
2
2
3
2
3
1
1
1
3
6
2
1
2
3
3
1
7
4
3
1
2
1
16
12
3
1
16
2
1
2
1
1
2
3
1
2
2
1
4
3
1
17
5
4
1
3
1
2
1
2
1
1
5
1
2
5
2
1
2
2
1
2
2
1
2
1
3
9
7
9
3
2
1
1
1
2
1
2
2
1
21
2
1
1
1
2
2
5
1
2
6
2
5
1
15
2
4
6
3
2
2
1
3
3
4
1
9
11
1
1
1
1
2
2
1
5
2
1
6
3
3
3
1
4
7
2
3
2
1
2
16
1
2
2
1
7
1
5
14
1
1
1
2
9
1
1
1
5
1
1
2
1
2
1
2
2
1
3
2
4
6
12
9
4
2
1
1
4
2
2
1
19
2
5
2
2
7
4
2
1
2
11
4
3
2
1
1
10
3
3
1
6
1
1
1
2
2
1
1
2
5
1
2
1
1
1
2
1
8
1
1
5
2
5
1
2
2
3
2
3
4
1
5
2
6
7
3
1
7
6
1
1
1
2
1
2
1
1
3
4
2
1
1
2
5
3
3
12
6
1
1
9
4
2
4
11
5
4
1
1
4
2
1
1
3
5
1
1
1
6
2
1
1
5
1
1
3
4
2
5
1
5
4
2
2
1
1
3
3
5
1
4
2
3
3
2
13
1
1
2
1
6
1
1
1
7
2
2
6
16
10
1
1
8
7
2
1
3
1
2
7
7
20
1
1
2
1
6
2
2
3
1
1
1
3
8
7
2
1
4
1
1
2
1
4
2
1
1
1
2
4
1
1
2
3
1
1
5
1
4
3
2
2
2
1
1
1
1
2
8
1
1
2
2
1
1
2
3
1
6
1
2
2
1
3
2
1
2
4
1
9
1
2
1
1
1
1
4
6
1
1
4
22
2
4
1
2
3
4
1
13
2
2
7
2
2
10
1
1
4
2
1
1
1
5
1
5
1
5
1
1
1
1
1
6
2
2
9
3
2
4
1
1
3
15
3
2
5
1
2
1
2
5
10
2
2
1
1
1
3
3
5
2
1
3
5
1
1
2
1
1
1
5
1
1
1
1
1
4
4
1
2
1
1
2
15
4
3
12
1
4
5
2
3
2
1
2
4
4
1
8
2
4
3
1
4
2
2
2
3
5
2
7
5
6
1
7
6
3
1
2
4
1
1
6
1
14
1
1
8
7
2
1
2
1
8
1
5
1
1
2
2
2
1
1
1
4
1
1
12
3
1
2
2
6
1
5
1
2
1
3
6
1
1
1
3
1
3
3
1
4
27
1
