19
72
1
233
1
1
2
98
5
128
5
241
1
19
88
9
3
47
20
57
41
27
1
9
7
182
7
3
55
12
448
251
5
21
17
1
236
101
10
14
3
2
3
157
8
104
76
5
1
391
4
45
2
31
20
69
1
2
2
8
1
41
322
66
4
64
3
271
55
38
1
6
5
23
1
153
27
115
1
10
24
1
4
20
31
50
131
233
42
1
144
5
3
1
16
19
28
70
16
116
25
1
2
6
41
9
51
24
361
27
8
3
27
25
341
72
22
4
3
35
14
177
158
32
33
141
118
18
3
34
3
5
32
103
33
183
7
126
151
66
292
12
1
163
4
28
267
1
16
61
10
104
3
448
138
76
26
12
256
5
32
133
30
2
7
1
13
90
2
225
58
177
10
1
27
31
57
181
29
5
105
1
31
1
35
3
15
146
33
176
3
67
33
173
1
73
2
23
5
12
7
225
159
133
10
26
9
23
212
2
31
7
24
148
2
11
1
19
243
15
58
10
1
33
51
1
20
1
3
27
75
70
6
13
11
1
68
2
9
130
10
17
3
2
6
67
8
4
61
74
28
36
14
8
5
224
8
9
29
13
280
16
6
5
50
6
6
1
17
3
54
75
136
26
9
128
27
11
1
1
21
8
76
138
4
76
39
128
71
6
249
36
124
3
14
68
59
24
19
10
2
71
90
4
17
307
11
1
137
16
18
245
41
3
1
3
16
2
130
26
212
1
36
74
66
69
1
4
154
11
2
68
3
3
103
58
22
30
92
25
10
116
43
30
2
1
129
8
296
12
82
34
4
1
219
4
54
5
9
3
39
85
3
37
21
118
4
4
1
13
2
4
112
28
3
437
7
1
32
37
8
24
2
133
10
3
1
22
13
3
5
1
3
3
16
218
92
136
1
206
19
2
2
7
2
26
4
12
37
85
4
7
30
9
35
1
14
1
37
203
1
78
24
32
45
194
66
54
36
1
32
444
5
3
149
6
10
25
24
2
29
138
8
2
28
2
16
199
20
76
31
295
9
20
5
15
38
15
3
2
48
1
5
38
5
5
216
25
29
16
7
29
12
83
1
1
132
3
11
3
15
11
51
214
247
349
89
65
23
3
5
2
23
130
2
2
51
3
151
2
1
8
46
13
23
1
14
98
70
62
165
78
31
1
5
277
1
53
201
3
120
2
16
131
360
4
1
171
9
69
6
13
4
30
2
50
8
3
128
249
98
1
2
2
21
1
35
60
65
37
19
2
7
10
5
65
5
23
306
1
114
10
226
3
88
2
15
9
3
12
35
33
2
140
2
2
27
1
21
10
159
47
12
2
61
42
2
12
130
102
14
41
146
7
11
4
36
25
2
49
8
28
4
36
7
103
117
24
1
3
256
98
223
186
5
12
4
149
22
1
10
23
2
3
205
29
69
17
126
2
10
61
6
73
3
2
1
1
165
7
237
13
4
59
197
178
37
51
16
130
36
2
46
151
327
11
21
71
27
3
18
39
18
2
95
1
21
19
32
5
25
40
9
2
92
2
80
3
52
77
4
1
91
22
59
8
53
4
13
19
50
17
64
1
9
144
20
22
7
1
2
314
2
367
3
2
34
5
39
159
9
1
171
1
1
121
42
7
173
1
54
1
108
22
26
1
10
9
137
3
167
72
183
15
1
20
7
10
6
164
1
24
23
12
7
2
73
38
52
21
23
2
35
130
6
11
5
1
6
174
5
184
1
49
2
2
36
34
21
173
119
2
125
1
51
4
3
5
2
4
144
111
1
58
10
29
21
11
15
2
12
6
94
143
106
221
1
1
85
188
4
176
178
6
157
13
15
127
2
130
20
11
333
52
10
40
34
95
81
37
6
225
457
6
84
344
64
440
7
400
3
5
1
54
52
1
3
16
2
15
63
469
2
17
29
2
38
325
34
46
39
30
6
3
36
50
77
1
4
7
2
41
45
10
10
15
152
34
3
66
7
3
142
1
1
6
6
228
6
2
5
1
2
8
18
2
17
10
36
96
22
11
4
3
9
192
128
20
20
17
75
1
8
8
311
7
149
9
32
33
1
1
19
17
26
47
73
240
72
3
3
1
12
121
23
6
43
31
36
63
26
2
258
9
25
18
3
5
3
33
90
84
16
69
49
2
183
24
7
13
3
8
206
44
30
1
2
19
118
3
2
117
1
15
196
2
105
43
30
81
26
60
32
120
8
6
1
27
11
20
16
7
79
1
2
2
2
268
1
2
47
1
296
4
1
106
1
1
3
34
49
193
117
36
142
24
34
119
10
27
1
64
25
1
182
10
21
11
2
212
414
25
3
2
127
42
56
5
18
14
61
246
35
112
42
12
13
1
20
28
20
180
2
140
24
327
99
11
39
3
2
44
153
57
55
77
2
19
42
3
1
121
12
70
3
44
98
4
29
22
11
12
83
2
9
3
2
1
65
1
1
1
129
236
38
30
19
219
55
25
1
67
1
23
30
63
21
3
161
16
8
3
16
5
9
212
166
2
89
2
1
447
3
3
78
1
22
1
12
60
15
1
4
149
2
7
195
4
164
39
3
17
8
21
15
77
272
187
23
131
36
4
10
34
67
1
141
3
1
71
15
243
75
3
252
2
1
47
7
25
17
3
22
18
4
74
35
1
7
157
2
79
2
1
5
24
115
5
42
59
12
2
29
4
6
13
168
19
1
1
49
7
7
38
198
15
3
4
241
119
1
6
12
70
11
36
23
50
133
156
31
1
47
72
1
30
70
6
72
3
1
2
85
10
9
16
1
21
74
41
2
206
14
280
169
342
2
24
131
7
9
2
59
3
2
224
7
3
1
23
10
137
3
23
2
12
1
1
42
18
73
3
76
127
289
46
2
6
144
3
78
114
11
466
2
3
70
121
8
20
12
69
91
16
49
74
5
24
5
48
3
284
40
7
3
43
32
3
3
215
52
3
7
21
24
21
225
2
12
160
6
55
19
30
2
19
5
5
26
2
130
22
47
8
31
2
8
30
22
15
104
398
68
40
24
12
72
4
2
131
1
3
3
20
15
3
2
8
23
98
388
20
4
187
12
2
30
246
23
16
16
282
8
21
44
1
111
7
3
4
20
196
3
11
92
95
9
1
20
41
327
186
128
1
2
44
37
13
158
53
19
158
4
2
51
8
3
10
19
13
20
50
2
71
57
14
243
293
161
8
3
31
51
150
9
16
107
56
16
54
140
143
15
39
3
10
9
8
2
155
10
107
2
21
9
10
3
2
2
1
8
1
3
7
71
1
73
50
41
8
5
51
28
43
50
277
334
4
3
33
2
22
342
5
1
6
37
12
11
35
70
2
2
37
3
28
2
5
3
13
59
5
2
2
137
16
1
40
4
13
4
2
114
229
138
25
3
3
14
29
63
9
2
83
134
30
214
231
34
33
33
123
2
55
4
24
2
37
150
22
10
8
183
43
226
7
126
12
10
67
1
70
152
4
11
3
107
2
1
3
10
120
20
5
50
15
9
1
11
4
1
151
16
44
51
63
43
29
126
14
69
62
29
121
23
19
72
1
3
30
231
47
131
138
20
220
381
11
3
19
28
2
178
34
2
58
3
21
2
