7
54
16
25
42
24
120
12
4
36
19
282
18
148
13
109
24
157
73
24
7
7
230
5
91
1
231
42
7
1
70
231
3
109
56
9
175
171
309
3
306
25
62
21
65
50
36
40
5
137
58
41
176
3
1
1
11
15
6
255
41
145
231
1
2
22
387
1
102
4
40
13
14
12
84
13
37
19
125
80
5
61
31
6
5
385
1
7
28
48
41
4
70
5
150
15
37
19
43
6
27
82
27
2
4
2
14
92
42
31
31
11
8
2
71
13
35
10
44
95
6
34
1
1
7
64
5
58
13
2
10
99
6
320
48
80
69
43
22
173
1
18
31
80
170
5
1
323
147
85
2
93
13
139
31
28
6
11
5
19
17
95
11
10
9
13
15
4
53
38
141
50
91
8
2
3
114
47
11
30
21
15
2
56
1
1
2
3
4
250
1
82
94
6
58
17
1
1
5
16
3
11
3
191
120
90
49
4
3
10
4
156
21
19
14
21
17
15
6
16
29
65
47
3
31
6
247
61
25
294
6
7
2
20
7
4
2
78
62
302
104
101
39
193
247
25
28
3
197
197
23
9
27
64
3
35
24
390
38
128
114
276
25
35
97
41
1
7
15
3
4
9
4
152
22
9
20
199
57
26
293
130
2
35
3
12
2
9
1
11
261
10
5
21
52
11
7
8
287
3
17
83
1
93
213
14
6
186
2
63
1
122
37
8
4
44
31
60
49
1
16
1
52
94
73
2
10
12
20
28
75
5
1
60
37
33
10
12
67
17
62
17
8
16
25
167
62
23
6
7
252
17
213
43
39
50
88
2
45
16
6
20
116
58
2
2
2
4
185
34
35
11
91
58
53
44
221
114
33
266
1
26
108
23
1
17
6
9
8
111
5
26
308
21
4
1
2
90
44
51
5
6
14
11
31
52
362
52
10
17
33
14
181
30
10
1
41
153
131
216
125
14
3
9
12
30
52
39
50
77
127
1
8
17
5
6
148
11
178
25
1
78
7
57
14
467
79
87
7
4
2
410
3
3
1
14
13
39
4
22
17
123
10
29
2
167
22
232
5
28
263
127
131
6
51
41
98
9
34
3
1
14
58
30
118
229
6
34
53
12
26
38
15
19
1
40
15
20
66
23
1
56
79
25
1
401
31
34
20
1
1
193
3
4
241
1
17
5
11
2
3
7
30
1
151
5
389
8
47
17
2
48
2
13
86
18
120
8
71
10
1
106
8
2
6
304
62
131
4
51
128
113
179
19
133
16
3
115
13
87
3
3
2
1
63
7
16
31
1
12
1
114
98
109
11
36
23
269
44
7
112
4
20
16
32
9
120
44
13
2
10
18
197
14
68
121
1
2
34
3
1
303
112
193
4
2
2
22
41
253
16
4
99
2
224
36
4
6
2
51
112
4
28
309
48
11
9
4
12
270
5
11
12
98
23
4
60
9
28
66
15
55
4
215
170
44
3
28
8
300
98
123
57
89
1
18
32
329
12
295
28
133
285
34
29
1
12
22
27
20
2
97
4
8
139
18
77
5
8
1
15
51
66
176
5
23
85
81
5
454
9
25
2
19
21
94
59
32
151
30
1
163
58
1
179
8
117
38
262
184
47
1
19
73
33
59
50
11
5
1
1
80
5
52
15
8
13
26
4
61
3
46
34
2
112
3
106
129
148
1
12
63
45
1
9
299
109
72
1
21
12
7
42
3
18
175
83
26
2
230
2
123
68
23
11
34
9
2
52
25
3
5
173
75
4
70
16
35
18
33
1
21
29
7
3
87
30
78
54
99
33
6
183
57
19
67
11
19
2
31
119
36
55
9
20
21
11
60
2
67
6
4
3
23
3
2
4
183
5
38
4
7
1
49
66
2
13
10
16
63
11
68
24
4
15
28
100
164
1
3
23
123
13
2
15
4
144
6
1
1
13
6
148
4
307
17
6
37
17
2
389
77
68
22
1
260
203
21
2
26
121
15
28
13
53
30
1
1
90
23
19
56
62
9
6
210
2
111
222
18
9
4
28
1
12
1
12
75
55
8
40
51
178
44
33
1
63
74
122
42
28
22
25
44
5
7
2
2
21
1
5
278
217
1
420
37
164
16
103
98
422
2
24
18
473
2
6
83
44
18
247
171
219
449
12
270
55
43
38
28
23
49
269
25
61
4
33
20
28
218
182
132
14
4
85
21
36
10
45
524
15
21
107
325
200
82
1
54
80
111
355
11
10
23
46
54
14
8
1
5
73
44
38
10
1
107
1
13
6
2
79
72
10
7
6
47
10
6
149
78
57
192
13
47
10
9
73
190
15
201
6
106
1
13
9
38
4
23
18
58
218
9
6
28
12
129
2
2
18
2
23
47
7
2
18
359
1
3
165
5
15
17
125
81
96
52
39
33
32
87
11
41
427
166
7
264
58
24
26
156
57
43
36
111
385
1
8
5
4
1
10
23
38
106
41
59
116
1
9
47
9
9
15
27
20
33
86
11
6
60
52
68
5
217
137
92
262
78
79
9
42
1
218
5
133
19
82
208
55
1
127
11
68
4
60
14
178
17
24
40
23
43
36
5
103
155
50
2
219
144
171
7
47
2
388
224
8
270
437
15
6
231
94
34
10
45
105
6
6
1
82
122
84
103
174
1
389
5
46
92
5
282
4
144
365
378
18
94
3
150
38
1
78
162
8
133
128
145
57
15
234
126
20
3
259
264
7
36
42
145
153
91
30
77
44
101
2
87
67
5
124
449
119
23
10
244
10
10
59
92
32
16
100
1
4
95
184
87
110
39
26
17
12
28
16
2
2
1
64
7
14
3
36
2
34
22
233
20
89
19
30
12
67
53
61
102
58
46
2
1
36
3
61
10
175
127
13
19
1
1
64
134
15
1
283
8
1
3
2
54
43
12
80
65
82
5
8
2
33
180
1
1
1
19
1
72
1
1
1
1
233
1
1
1
1
1
1
1
11
1
1
1
1
2
1
1
1
1
1
1
1
1
1
2
4
1
98
2
1
1
2
1
1
5
1
2
1
1
1
1
1
1
26
3
1
5
1
1
2
1
2
2
128
1
2
6
1
1
1
1
3
3
1
1
9
7
1
3
1
3
13
1
1
25
5
1
3
5
1
241
1
19
88
1
1
1
1
1
1
2
2
2
1
11
5
1
2
11
1
2
6
2
2
2
2
1
2
2
9
1
27
3
2
47
1
1
36
1
1
9
20
57
1
1
9
2
1
1
1
1
42
16
22
7
3
9
1
2
5
65
3
41
14
1
2
2
5
1
3
1
2
1
1
4
1
27
18
13
2
4
1
1
5
9
64
2
13
1
7
2
19
49
182
16
3
7
2
1
1
45
3
55
1
51
80
26
1
1
12
33
54
51
1
3
1
8
2
1
448
1
13
1
1
1
45
7
251
3
28
5
1
5
21
1
17
26
13
9
1
1
4
1
1
90
2
1
236
1
1
1
1
1
1
1
101
6
1
1
1
1
10
1
2
1
1
1
1
4
1
2
1
14
1
1
1
3
2
3
1
1
5
1
2
4
2
1
2
2
1
2
1
1
3
1
157
1
8
104
1
5
28
11
1
1
76
1
5
1
1
2
1
5
1
1
2
1
1
1
2
1
1
3
1
2
31
1
1
1
40
391
1
442
3
1
1
2
2
1
1
2
1
1
1
1
97
4
2
1
7
1
4
1
13
1
1
45
1
2
31
1
3
1
27
8
18
1
1
1
1
1
20
3
2
1
2
1
3
1
3
1
69
1
1
2
1
2
1
2
1
2
8
13
15
6
2
5
2
3
1
1
1
1
1
1
7
4
4
1
2
6
1
4
2
41
1
19
8
1
322
3
66
4
3
1
14
1
64
1
1
12
3
20
2
3
1
24
1
1
2
1
2
1
1
3
15
271
6
1
1
1
1
1
1
1
1
2
1
1
1
55
1
7
1
1
1
2
5
2
2
1
1
7
1
38
1
1
1
1
1
1
3
1
1
2
3
1
1
1
2
38
1
11
6
4
1
1
3
2
1
2
5
23
114
10
3
1
3
5
1
1
1
2
1
1
4
7
1
1
153
27
3
115
8
1
1
3
3
1
1
1
1
3
1
10
2
24
1
1
1
1
1
1
1
1
7
11
1
1
1
1
3
4
1
20
31
50
9
4
24
1
131
1
3
1
1
1
233
1
1
2
1
101
10
4
1
3
4
1
42
1
1
1
1
1
1
1
1
144
3
1
75
88
39
113
1
10
24
14
7
2
87
5
3
18
1
7
1
2
1
2
1
16
1
1
1
2
2
4
2
16
14
15
19
28
2
4
70
16
14
116
26
18
14
4
2
1
14
25
1
6
4
4
1
1
1
4
1
2
1
2
2
3
5
76
1
1
1
60
3
110
30
2
58
1
62
2
5
16
3
13
59
22
6
15
41
48
9
51
4
9
46
16
47
24
20
2
26
361
1
42
49
5
1
1
27
8
1
3
2
27
1
1
1
9
1
1
34
30
2
1
21
25
3
1
1
1
1
9
10
4
1
10
3
1
341
2
72
1
1
2
3
2
1
1
2
22
4
1
19
1
1
4
1
1
4
1
1
1
10
2
3
1
13
12
57
4
1
1
3
3
35
1
14
1
1
3
1
16
2
1
34
2
1
4
2
3
177
158
24
1
8
9
2
7
1
32
1
3
1
33
1
10
3
3
141
42
52
118
3
3
1
5
18
2
2
1
1
1
1
2
6
6
1
1
1
3
2
1
1
34
5
3
1
5
1
1
1
1
32
103
1
33
61
5
7
5
2
9
19
1
10
1
1
1
1
1
12
183
6
7
4
2
1
5
1
2
126
13
1
1
151
58
1
1
1
1
66
1
1
2
1
1
1
57
2
1
1
1
2
1
292
19
12
1
1
11
2
2
15
1
1
1
1
4
1
2
163
1
8
1
1
1
1
1
9
23
2
9
2
1
15
4
182
12
1
1
1
1
5
1
4
1
2
4
2
28
3
7
1
4
1
1
2
1
2
3
1
4
267
2
1
1
1
1
1
4
1
2
7
4
88
3
1
3
1
16
1
1
1
1
1
1
1
3
61
2
9
10
104
3
1
3
3
1
2
1
2
13
43
5
1
1
1
1
1
3
1
1
1
1
2
1
1
3
1
448
1
1
2
1
13
1
1
1
1
1
3
1
1
1
1
2
138
2
1
1
38
16
1
76
2
1
26
1
1
1
12
1
1
1
1
1
1
1
256
1
1
3
2
1
5
3
2
1
2
1
1
1
5
1
1
9
1
1
1
32
2
133
3
1
2
30
2
1
3
1
2
1
2
1
1
1
3
4
7
1
2
1
3
1
1
2
1
54
45
13
1
90
1
1
1
2
2
3
2
1
2
1
3
2
1
1
1
2
1
1
2
1
1
1
1
1
4
1
1
1
1
1
1
1
7
5
1
1
12
2
2
1
1
11
225
1
1
1
58
1
1
1
1
1
1
1
1
1
1
2
2
8
379
177
3
1
1
3
2
1
10
1
2
1
11
1
1
1
1
2
1
1
1
1
1
3
1
27
31
1
57
1
16
17
1
1
1
6
1
1
1
2
1
2
8
181
5
1
1
1
1
2
1
1
1
29
5
1
1
1
14
2
1
3
13
2
2
2
2
1
13
110
1
1
1
1
1
2
4
2
6
3
105
32
1
1
8
4
1
10
31
1
1
6
5
1
2
1
4
3
3
2
7
1
5
1
35
1
16
3
5
1
3
1
2
2
112
1
15
2
1
1
1
1
1
11
146
1
7
33
1
1
1
1
1
176
1
3
5
1
67
1
2
1
1
33
1
1
2
173
1
1
73
15
1
1
197
1
1
2
2
1
2
1
2
2
1
1
1
1
1
23
1
1
1
1
1
1
1
1
1
2
15
1
5
12
7
1
4
2
1
1
3
2
1
1
3
225
3
1
1
1
1
1
159
1
1
2
1
1
1
6
133
1
10
26
24
2
2
1
1
9
2
1
1
2
23
1
1
1
2
1
1
3
212
1
1
2
3
1
1
5
1
1
1
1
1
1
1
1
1
1
1
2
4
1
1
1
1
9
1
1
2
3
1
1
1
1
1
1
1
1
1
3
1
1
1
50
2
1
31
2
3
1
1
3
1
2
2
3
2
1
6
1
1
1
1
16
1
9
1
6
1
1
1
1
3
1
16
3
1
2
40
4
1
1
1
1
1
1
2
5
6
1
1
1
2
1
1
7
1
1
1
2
3
24
1
148
3
1
4
1
1
2
1
1
1
1
1
1
1
1
1
11
3
5
13
1
8
2
2
9
1
1
1
2
1
3
1
36
1
1
1
1
1
1
5
2
2
19
2
243
5
1
1
1
7
1
15
1
1
5
12
1
23
1
8
1
8
1
2
18
1
1
1
58
4
10
4
1
1
3
3
1
2
1
2
1
1
1
1
18
1
1
2
1
1
1
33
2
6
7
2
1
1
1
4
1
51
2
1
8
20
3
1
1
8
3
1
1
3
1
1
2
1
4
7
10
19
26
1
1
4
3
54
27
1
12
1
1
1
3
1
1
1
1
2
75
12
70
7
6
3
3
11
68
9
1
40
1
19
13
14
4
1
65
11
2
1
73
11
39
1
38
5
68
1
1
56
2
14
7
2
1
2
2
4
6
9
36
130
11
4
5
10
1
1
17
11
3
2
17
2
65
2
6
2
1
67
9
1
54
8
14
4
20
61
1
10
2
85
77
1
2
1
5
74
1
4
3
3
2
2
1
1
2
1
28
36
1
1
1
17
14
1
4
1
3
1
1
1
2
8
5
1
2
2
16
1
21
5
2
224
23
5
17
28
8
3
1
3
1
6
1
5
47
9
1
29
13
1
1
8
1
280
16
39
6
1
1
1
16
1
1
6
1
2
3
5
3
1
1
3
1
1
1
50
6
35
20
16
5
6
2
2
1
2
5
1
3
3
4
1
1
1
2
1
17
1
2
1
1
1
2
1
12
4
3
12
1
3
54
44
3
1
1
10
2
75
1
2
136
2
1
26
2
1
9
1
28
1
6
1
128
5
27
3
14
11
17
1
3
1
3
1
2
1
1
3
1
2
1
1
4
6
1
21
8
76
3
138
4
3
1
1
7
4
7
76
5
36
5
3
39
128
2
1
1
1
3
2
8
1
1
24
1
3
2
1
1
3
2
71
2
75
1
41
16
4
6
5
249
1
2
6
34
2
36
1
5
8
5
2
6
16
8
10
6
1
7
9
1
6
124
8
3
3
17
2
23
3
2
14
1
68
5
1
2
1
3
1
1
59
1
1
2
1
1
34
12
1
7
4
4
3
24
1
3
1
9
1
19
21
1
1
14
1
3
10
9
1
5
10
1
1
2
1
1
5
41
1
8
32
3
1
1
5
10
1
2
36
2
1
38
1
3
12
3
37
30
2
3
1
2
2
1
1
1
1
1
7
1
1
71
90
1
2
6
2
2
1
3
7
2
1
3
5
4
1
14
129
61
14
17
2
1
3
1
181
307
1
1
1
1
2
7
92
2
2
11
6
1
7
101
3
2
2
1
1
126
3
1
1
4
137
16
1
3
3
2
1
1
1
1
2
1
1
18
1
1
245
29
3
41
1
1
1
3
4
7
2
2
1
1
2
1
1
6
4
3
5
1
1
16
80
2
3
11
1
1
1
1
3
1
2
2
6
5
2
130
11
3
1
15
26
1
2
1
2
2
1
3
1
9
212
2
1
2
19
3
8
3
5
17
1
30
6
5
36
4
65
9
1
1
4
1
74
1
5
1
1
3
1
66
2
1
10
4
8
19
124
17
69
14
1
5
1
3
1
4
1
5
2
13
12
1
1
9
1
1
1
1
4
27
1
2
1
1
5
1
1
1
5
2
1
9
1
62
4
5
21
6
1
1
2
35
1
10
4
1
10
1
4
9
1
1
24
154
4
1
1
2
1
1
1
1
1
1
2
6
1
1
1
1
11
1
2
6
1
3
68
2
11
1
4
1
4
11
3
2
3
1
3
6
9
7
2
23
1
1
1
7
1
6
1
1
1
2
42
25
19
14
1
1
11
1
4
3
12
11
1
103
11
1
1
11
9
2
1
1
58
1
22
30
60
1
1
3
92
25
1
2
1
1
1
7
3
2
1
1
10
116
43
2
7
2
14
3
30
2
11
1
1
3
6
10
2
7
1
4
1
1
1
1
2
4
6
5
3
2
2
21
1
1
1
1
12
1
2
5
4
1
4
2
129
1
1
8
8
11
4
296
2
35
23
18
12
76
1
1
1
1
1
5
1
1
2
3
1
1
82
8
34
2
15
14
1
1
2
21
4
2
3
6
1
1
3
1
14
219
54
1
1
6
10
4
14
3
3
3
1
54
4
3
1
1
3
2
1
1
8
30
1
1
1
4
2
2
48
4
2
3
11
4
7
23
3
1
2
5
8
1
1
9
6
18
2
1
7
3
1
2
3
2
4
1
39
1
1
1
1
3
1
18
2
3
1
5
17
85
2
50
11
1
1
1
31
9
1
9
1
13
1
12
1
1
3
37
5
1
3
5
10
2
21
3
5
118
1
82
37
2
3
1
2
1
127
1
1
8
1
2
4
4
1
4
4
4
1
1
13
1
1
1
20
1
1
2
4
112
1
1
6
3
1
28
4
2
11
8
1
1
1
1
1
1
1
17
3
4
437
1
1
3
1
41
2
1
2
51
6
1
7
3
7
1
2
2
6
5
1
1
2
1
1
1
4
4
1
2
32
1
13
1
1
5
1
2
1
1
6
1
24
4
2
2
37
8
1
24
1
1
2
7
2
1
1
1
11
7
77
11
3
44
1
2
5
1
133
10
1
2
5
3
12
8
5
24
1
12
84
7
1
28
1
31
11
79
3
1
1
1
22
9
2
1
48
1
2
2
1
1
7
5
3
13
1
1
2
3
1
4
3
1
4
24
26
4
1
18
4
2
5
1
1
1
1
1
4
3
1
1
1
1
1
3
20
3
13
61
3
1
1
1
1
1
1
1
4
16
2
3
18
1
1
16
7
20
4
2
2
1
1
16
10
1
10
1
1
1
5
1
16
1
4
3
218
1
4
1
1
92
1
136
1
65
5
134
1
1
1
48
2
1
206
1
3
10
60
16
5
12
13
1
5
98
4
19
1
1
2
3
2
7
2
3
1
14
3
2
3
2
1
10
2
5
5
7
30
39
1
1
5
4
3
8
82
1
2
1
1
1
12
2
1
1
1
3
21
9
1
26
1
1
1
4
1
1
1
1
3
10
6
12
2
8
37
85
1
1
1
9
4
4
1
1
3
1
2
1
1
1
8
10
7
32
1
1
30
17
9
35
7
2
1
18
1
1
4
1
1
1
3
1
2
1
3
5
1
1
15
1
4
55
2
22
14
23
4
1
9
3
1
1
4
37
1
2
1
1
14
203
1
3
4
1
9
2
1
1
1
2
23
109
1
1
2
1
2
1
9
2
2
1
18
1
1
6
2
1
1
78
1
2
2
19
36
9
2
24
3
38
4
28
34
1
19
67
4
1
2
32
1
3
1
1
3
1
1
9
1
1
5
26
1
2
2
31
8
4
127
1
1
1
7
4
15
2
45
100
98
1
1
194
1
1
1
3
66
54
3
1
2
121
80
1
4
1
23
2
1
1
36
1
39
1
1
2
14
1
32
1
1
1
1
1
2
4
43
2
1
444
5
1
1
14
1
1
1
3
3
1
1
24
20
1
1
1
1
1
2
52
1
3
149
1
1
1
1
2
1
36
2
1
1
1
1
23
6
10
2
19
25
5
24
2
29
1
1
3
138
2
1
8
12
54
1
4
4
79
24
3
22
3
2
28
2
134
1
82
2
1
1
1
25
18
4
16
1
1
1
199
1
1
2
1
7
5
3
20
1
1
2
7
1
1
1
1
1
3
3
2
1
7
1
1
1
1
14
3
3
1
1
1
1
1
2
3
1
1
4
1
1
1
1
76
1
12
200
2
1
2
2
1
2
4
1
2
2
1
1
1
1
1
2
1
1
1
1
1
1
1
3
31
1
2
21
1
15
6
1
1
1
3
1
1
1
1
1
1
2
1
1
295
1
9
5
10
16
1
5
15
2
1
1
1
12
126
4
2
2
3
4
1
2
1
31
23
12
1
2
19
9
2
24
1
2
20
16
1
1
1
11
1
1
229
5
15
10
21
1
14
35
2
2
44
9
56
6
43
5
46
3
38
15
82
66
15
8
1
2
10
3
1
136
1
2
5
1
1
9
1
2
1
1
1
1
3
1
2
1
2
9
8
5
1
48
4
1
2
1
6
5
17
5
1
8
21
4
5
51
38
1
1
5
21
2
14
5
18
5
2
6
2
5
6
216
2
1
2
2
25
3
2
2
6
29
13
16
34
1
7
17
29
4
12
1
3
1
2
2
53
221
139
2
12
1
3
5
3
17
3
83
19
11
1
1
4
2
8
14
3
4
68
6
6
1
1
9
3
3
34
12
1
1
1
1
132
4
1
13
3
2
2
1
1
1
21
4
7
1
1
1
1
1
5
3
1
1
5
1
11
3
1
15
4
1
143
1
13
8
30
11
2
1
1
1
51
2
1
1
53
16
4
214
228
8
1
25
1
247
3
349
6
70
6
1
1
4
89
2
2
1
1
5
5
2
65
1
1
4
1
21
1
1
1
2
6
15
7
5
2
2
1
1
30
1
23
10
92
57
3
2
2
1
39
5
2
2
12
3
1
1
1
1
2
1
1
1
2
1
23
1
6
4
2
1
1
27
1
2
1
1
1
130
3
3
1
2
2
17
1
7
1
4
1
1
44
1
1
1
2
65
12
1
2
1
3
1
2
1
4
1
7
1
51
26
1
49
13
3
21
3
2
151
3
1
5
1
12
14
4
113
2
1
12
1
1
5
1
47
8
5
2
12
46
1
1
1
2
1
5
1
13
2
23
1
6
1
1
1
1
14
5
2
1
98
6
1
1
1
70
1
2
2
62
2
165
1
3
1
1
4
1
1
4
1
1
1
2
1
1
2
1
1
1
1
1
1
2
78
2
1
1
2
1
1
1
7
2
1
1
1
4
2
1
1
1
1
5
31
9
1
1
1
1
1
1
1
1
1
5
1
1
1
1
3
3
5
1
1
2
1
1
1
1
277
1
73
1
4
1
5
1
1
6
1
1
1
1
53
2
1
2
1
1
201
1
1
1
6
1
3
1
1
1
3
120
21
2
6
11
3
9
19
2
4
4
2
41
2
1
29
6
16
131
1
1
1
204
1
360
1
1
4
1
1
2
7
23
16
186
2
1
1
1
1
1
171
1
9
2
1
2
1
1
5
1
1
4
1
69
6
1
18
3
2
1
15
3
1
3
1
3
1
1
2
1
1
1
4
19
5
1
3
130
2
1
38
14
1
1
6
3
4
13
1
2
29
3
1
1
14
13
4
5
1
1
30
1
1
1
1
8
3
1
1
2
10
2
1
1
1
1
4
3
2
2
24
1
3
1
1
50
2
8
2
1
3
4
3
2
1
4
16
3
2
1
65
107
2
1
1
128
4
57
2
4
117
2
31
6
249
1
2
4
4
1
2
1
98
7
4
7
1
1
3
1
7
1
1
11
1
2
1
2
12
1
2
25
1
1
1
1
13
1
1
3
1
1
2
2
21
13
2
1
1
1
1
2
1
1
16
1
2
1
1
1
1
1
7
1
3
1
35
1
2
60
1
65
1
1
1
2
3
32
1
1
5
3
1
1
1
8
13
1
2
1
1
3
3
3
1
11
37
1
1
3
2
1
19
9
1
1
2
4
1
1
1
1
3
1
1
1
1
1
7
1
1
7
26
1
2
2
1
10
10
4
1
1
2
12
1
2
1
4
1
2
1
1
4
1
1
2
5
1
1
1
1
2
1
2
65
1
1
1
5
1
1
71
6
23
1
1
27
1
306
2
2
2
3
1
1
1
3
1
1
1
1
20
1
4
114
1
1
1
10
2
226
1
2
3
2
88
2
1
1
4
2
1
1
1
15
1
2
1
1
1
1
1
4
2
9
2
1
3
1
1
1
1
1
1
1
12
1
2
1
1
1
1
1
3
35
1
1
2
2
1
5
33
109
1
1
1
2
12
1
1
1
140
1
2
1
1
1
1
1
1
14
1
1
2
1
6
1
1
1
1
2
3
1
27
3
6
2
1
1
1
1
1
1
6
1
1
1
5
21
10
5
1
1
1
1
1
89
159
47
33
1
1
1
5
51
10
12
1
1
1
23
2
2
3
16
4
2
3
61
1
1
1
42
4
2
1
5
3
2
2
1
2
2
1
2
1
4
12
1
1
130
1
3
37
79
102
1
14
21
1
2
5
1
2
2
1
1
1
2
1
3
2
2
1
1
3
6
41
2
1
1
1
1
1
1
1
2
146
16
1
5
7
7
2
1
1
1
2
7
4
1
11
1
17
1
9
3
9
1
4
36
1
1
1
1
3
25
4
4
1
2
2
2
49
1
1
1
1
1
2
8
2
2
6
1
1
45
1
9
1
1
71
4
1
2
28
1
1
2
3
1
1
4
3
1
2
1
1
1
1
1
2
4
117
5
10
1
1
1
1
36
1
1
1
1
7
4
1
2
1
1
103
1
42
1
2
3
151
117
1
2
1
1
1
24
54
2
1
1
2
1
1
2
6
1
3
1
2
256
1
98
1
1
5
2
1
1
10
5
3
6
73
1
1
1
18
1
223
1
1
2
5
4
4
3
3
6
18
1
1
1
1
3
1
4
1
2
7
5
1
4
1
1
16
1
69
2
1
1
1
2
1
1
186
5
1
1
1
29
4
12
1
1
1
1
2
4
1
1
1
1
1
1
1
1
149
1
1
1
35
2
22
2
3
81
1
17
1
1
1
1
1
1
1
1
10
23
1
1
1
1
2
1
1
1
4
1
11
1
6
3
13
21
3
3
205
1
29
1
5
1
1
1
69
1
1
1
17
126
1
2
1
1
1
1
1
1
5
6
1
1
2
1
3
3
14
3
1
1
2
10
9
1
1
1
61
2
6
73
3
1
1
1
2
2
2
1
1
3
1
1
1
1
1
1
165
1
1
1
3
10
1
1
2
7
1
1
1
1
3
1
1
5
2
1
3
1
237
1
1
1
1
11
35
14
2
90
14
4
236
46
1
13
1
1
4
59
1
3
3
2
2
1
6
34
1
14
1
1
2
5
1
1
197
6
1
1
1
3
5
1
1
1
2
1
1
1
1
2
2
1
178
2
1
1
1
37
1
10
1
10
51
39
6
16
29
3
25
2
62
5
130
107
1
1
1
1
3
4
6
1
36
1
1
30
2
1
1
178
1
20
3
4
55
106
1
4
2
1
1
46
2
21
151
1
3
2
2
327
6
1
1
1
2
4
1
1
1
7
9
1
2
2
1
2
13
2
1
1
11
1
66
1
1
1
2
1
21
1
5
5
2
1
1
71
3
1
1
1
27
1
17
1
1
1
2
1
1
1
3
3
18
3
16
16
39
1
2
1
1
1
18
1
2
1
2
7
1
1
1
1
2
1
2
1
95
1
1
1
1
1
2
1
21
1
3
1
1
1
4
12
1
1
1
2
1
3
1
1
2
2
2
2
1
1
19
1
1
1
32
1
1
2
5
1
1
3
1
1
5
1
10
1
1
9
25
5
1
1
1
1
1
40
1
3
1
1
1
1
1
1
1
1
3
1
1
1
3
4
1
1
9
1
3
76
5
6
2
1
2
10
2
9
1
1
2
1
1
1
1
92
1
1
1
1
1
1
1
1
3
2
1
80
2
1
1
5
1
30
3
52
1
77
1
1
4
5
2
50
1
1
1
1
91
1
8
1
2
1
1
1
10
1
6
1
22
1
4
1
1
1
1
1
6
1
1
10
22
1
1
1
1
2
14
1
2
2
59
8
53
7
5
1
1
1
4
1
1
47
1
53
1
3
3
1
13
1
19
17
1
1
2
17
2
50
3
25
88
50
60
4
1
9
58
17
64
2
9
1
19
136
56
16
47
150
3
5
47
9
2
1
144
32
2
1
1
1
2
3
20
1
1
1
1
1
64
16
1
2
2
2
1
22
1
1
3
3
1
217
1
7
1
1
1
13
1
1
1
1
4
1
1
3
1
2
2
1
1
314
4
2
367
12
1
2
1
1
1
3
1
1
4
19
1
4
1
1
1
1
2
1
34
1
5
4
1
39
1
1
1
1
1
1
1
159
6
2
1
1
1
1
1
9
1
1
1
7
1
171
3
1
1
1
1
1
1
1
1
1
2
1
2
1
1
121
1
1
1
4
2
10
1
1
42
7
1
173
1
3
1
8
1
14
104
11
89
92
2
1
1
1
1
1
9
4
12
20
2
4
1
11
1
54
1
4
5
3
3
2
1
1
1
4
1
1
1
11
1
14
54
108
22
1
1
1
1
26
1
1
1
1
1
1
10
3
2
1
1
1
1
1
9
10
83
23
1
1
6
1
1
7
3
1
1
3
1
1
1
56
1
137
3
1
7
2
1
1
1
1
1
1
3
1
1
2
4
1
2
1
1
1
167
15
2
5
1
72
3
2
1
1
183
3
1
2
5
1
2
2
1
15
11
2
1
1
1
1
1
20
1
2
1
1
7
1
7
1
1
4
2
1
1
1
1
9
41
1
10
1
1
1
2
5
1
1
1
4
4
6
2
1
8
2
1
1
3
1
2
2
164
1
1
1
1
1
15
1
1
1
7
1
1
1
1
41
1
24
1
1
1
23
12
1
1
1
7
1
1
5
1
1
1
1
20
1
1
1
1
2
1
73
1
7
4
1
1
2
2
1
27
1
3
1
2
38
1
52
1
1
1
1
92
19
1
4
62
21
1
1
2
4
23
2
5
1
1
1
1
2
2
1
1
1
1
2
1
4
2
1
1
35
1
7
1
38
3
2
130
4
6
1
4
1
1
2
6
1
11
1
7
2
5
2
1
11
1
36
1
1
1
1
2
6
1
174
2
1
1
2
1
7
1
2
2
1
22
2
2
5
6
4
1
1
3
9
9
1
33
1
184
1
2
1
4
1
1
13
1
1
1
1
123
1
1
2
3
1
1
2
7
1
1
1
1
1
1
1
4
1
1
49
1
2
1
1
16
3
9
4
6
2
2
16
14
2
36
180
17
1
3
2
86
1
1
1
1
1
1
1
1
1
34
1
1
1
21
2
1
1
1
173
1
2
24
2
1
10
65
1
2
1
4
1
1
1
5
1
4
1
4
119
2
1
125
1
1
3
7
7
1
1
1
1
5
1
1
7
51
25
4
3
5
2
2
8
1
4
1
1
1
144
111
1
2
1
1
1
1
2
1
58
1
1
1
11
1
1
1
11
1
1
1
1
1
1
1
10
1
29
1
1
1
21
8
16
2
1
2
11
1
1
1
4
1
1
18
1
18
15
4
1
33
1
1
1
1
13
2
5
1
15
1
1
1
1
1
1
1
2
2
1
1
3
1
1
4
1
1
12
1
40
6
6
94
143
2
1
8
1
1
5
9
1
1
36
106
11
1
1
9
4
3
9
10
56
3
1
1
1
1
1
1
1
1
2
1
1
2
1
1
1
1
1
1
1
2
13
1
1
2
221
3
1
1
1
1
6
1
1
3
1
1
1
1
1
4
1
6
1
3
113
4
2
3
1
8
1
1
1
1
3
1
5
3
7
1
85
3
4
1
1
188
1
3
2
7
1
7
1
1
1
1
1
1
4
176
1
1
2
178
2
2
2
1
1
12
2
1
1
1
1
6
1
36
1
1
1
157
1
7
1
4
2
13
84
15
127
1
1
1
2
7
1
2
130
1
1
3
1
49
61
1
2
2
8
3
1
3
1
38
20
14
34
43
57
11
20
11
13
4
2
333
1
2
1
1
10
52
10
2
1
1
7
1
1
1
1
1
6
2
1
1
40
1
4
1
1
1
2
1
4
1
1
15
5
34
4
118
19
95
2
2
1
13
2
1
81
37
1
1
1
1
1
1
1
2
1
1
6
225
1
1
1
1
457
1
1
1
12
1
6
85
25
1
23
1
1
10
84
5
16
344
1
1
1
64
1
1
1
5
4
1
2
2
440
1
12
6
1
1
7
1
1
400
1
3
1
1
2
1
2
1
3
1
65
1
1
2
2
5
1
5
1
1
23
4
1
2
1
2
54
6
1
52
29
3
1
1
55
3
2
3
1
4
3
16
1
65
2
1
2
1
2
2
1
1
2
1
4
15
3
7
7
1
1
2
1
1
2
1
8
1
1
1
1
3
6
1
71
100
9
1
2
63
1
12
8
1
1
1
1
1
1
1
1
1
1
469
2
1
1
17
6
29
2
1
2
1
2
64
1
1
1
1
1
1
1
1
2
1
7
1
1
1
1
1
3
1
1
10
1
2
5
38
9
2
1
325
34
1
1
5
1
2
46
1
7
1
1
1
1
1
1
2
1
1
1
3
1
1
3
6
39
1
1
1
69
3
6
2
30
1
2
6
1
2
1
9
3
1
1
1
1
1
1
1
1
1
1
36
1
1
1
17
2
50
2
1
1
1
1
3
1
2
1
1
1
1
1
1
1
2
1
77
1
2
5
1
3
1
1
3
1
2
1
1
1
12
4
10
2
1
1
1
1
4
7
1
2
41
45
2
10
1
80
5
10
34
5
15
13
2
1
1
2
1
15
3
5
7
1
5
1
2
5
1
152
1
5
1
1
1
2
5
1
1
34
1
3
9
1
3
15
1
3
2
1
6
1
1
1
1
2
22
3
1
1
66
1
12
1
1
7
2
1
22
1
3
3
1
1
2
1
7
1
142
1
8
1
3
1
1
1
6
3
1
6
1
5
58
228
49
6
1
1
1
2
1
1
2
1
5
1
1
4
8
1
4
1
1
2
1
8
1
6
1
18
11
2
1
6
10
2
13
4
2
17
3
5
1
2
1
1
1
10
1
1
2
3
2
36
13
96
22
11
1
119
29
12
4
1
1
1
25
19
4
38
3
3
126
1
1
9
1
1
3
1
22
6
4
1
1
192
14
128
5
20
1
1
1
21
20
1
2
4
1
1
1
1
1
7
9
3
1
17
5
3
75
1
6
11
1
1
1
1
1
149
8
1
14
8
3
11
1
3
311
11
1
1
2
1
1
1
1
17
6
85
7
2
4
1
13
1
44
5
4
9
2
1
1
1
15
1
1
1
149
1
1
1
3
1
1
9
1
1
1
2
2
32
1
1
1
18
1
11
1
2
7
1
3
1
1
1
33
3
1
1
1
2
2
17
19
38
5
3
17
26
70
6
47
1
1
73
240
3
1
1
2
1
1
72
2
1
1
1
1
1
3
1
1
3
27
3
1
2
23
1
36
1
1
1
8
2
1
12
1
40
1
3
40
121
15
2
1
2
2
5
1
1
23
1
2
1
1
1
1
1
1
22
1
2
43
23
1
1
6
43
1
1
1
1
1
31
2
36
7
7
15
2
1
63
1
26
1
3
1
2
258
9
1
25
2
2
18
35
3
2
5
1
1
3
25
1
1
13
61
10
3
1
1
2
1
2
33
11
19
1
2
90
1
1
1
2
1
1
84
1
5
12
1
16
1
69
4
9
1
6
2
49
133
19
1
1
1
1
1
1
1
1
38
1
1
1
1
2
13
8
1
20
36
6
1
1
1
1
2
1
1
1
1
1
5
14
1
1
1
3
1
24
2
3
2
1
2
1
1
5
4
5
1
1
141
1
1
54
1
1
4
3
6
1
183
1
2
2
2
24
1
1
1
1
7
1
3
1
1
37
13
2
17
1
11
17
3
1
1
1
1
1
8
2
1
3
206
44
1
1
1
30
2
1
1
1
1
1
2
1
1
19
1
4
1
2
1
3
118
1
1
3
1
2
38
3
1
2
7
1
1
3
5
1
6
25
85
24
1
117
2
1
1
3
1
1
1
1
13
1
1
1
1
15
56
61
1
196
1
1
2
2
1
1
6
1
1
1
2
105
1
2
1
1
1
5
1
5
2
1
10
1
2
1
1
5
43
1
1
3
30
5
1
2
81
2
11
5
1
1
1
1
1
1
2
1
1
1
8
1
1
1
1
51
12
2
6
1
1
1
2
3
26
1
1
60
2
32
1
5
2
42
1
1
2
1
1
1
1
20
1
1
2
2
2
7
1
1
120
1
2
4
1
1
2
1
2
1
1
1
1
1
1
2
1
1
1
1
1
2
1
1
8
1
1
6
2
33
1
1
1
1
2
1
2
6
27
40
2
1
4
11
89
2
2
1
2
20
1
1
16
1
3
1
1
1
7
1
1
1
1
2
79
33
1
1
1
1
1
1
1
1
4
1
1
1
2
1
1
1
1
1
2
1
1
2
2
1
2
2
5
27
4
4
2
1
268
1
1
3
1
1
1
2
2
47
2
1
2
1
1
2
1
1
1
17
1
3
3
98
296
2
1
3
17
4
1
9
3
32
6
3
1
5
4
26
54
1
1
1
106
1
1
4
15
2
19
31
3
1
4
3
1
43
2
1
1
2
1
21
4
18
9
4
4
3
10
8
29
14
41
2
13
34
4
49
4
1
20
1
26
15
4
7
7
6
1
2
2
8
1
1
1
1
1
5
193
1
1
2
1
117
15
4
1
23
116
36
142
2
1
17
68
24
2
22
34
1
2
2
3
1
1
3
3
119
13
1
10
1
1
1
1
2
2
5
2
1
1
27
60
18
3
1
64
1
8
3
2
1
12
25
1
1
22
1
182
1
1
1
1
3
26
28
10
21
11
1
1
2
2
1
2
3
1
2
1
1
4
2
212
6
2
1
1
414
1
1
1
1
1
3
25
3
2
1
1
1
2
64
127
3
4
6
1
14
1
42
1
10
56
5
2
1
18
1
1
9
1
1
11
4
1
1
1
1
1
3
1
1
1
1
1
1
14
3
119
1
61
1
1
2
1
4
1
246
35
1
1
36
1
1
2
1
1
1
1
143
112
1
2
1
42
1
12
1
3
2
1
1
6
1
1
1
1
3
13
1
1
3
1
1
1
1
20
28
2
1
5
1
20
6
2
2
1
1
2
1
180
1
2
7
140
6
4
24
1
1
1
327
1
99
1
1
1
1
11
43
1
1
7
1
2
1
39
2
1
1
1
1
4
1
1
1
2
1
3
2
144
3
1
1
1
2
1
1
2
44
1
11
1
153
1
2
57
55
3
77
2
1
2
1
5
6
8
19
1
4
2
42
1
3
4
1
11
1
1
15
3
1
1
10
13
1
1
1
34
1
28
121
2
1
1
12
7
3
1
70
3
5
2
1
5
1
1
3
44
34
6
1
1
98
3
10
4
47
6
1
2
2
2
5
1
1
4
1
29
1
22
2
1
1
11
7
2
2
10
1
2
1
1
27
1
2
1
1
1
2
22
11
7
12
83
1
2
14
3
4
147
26
9
15
1
2
9
3
8
1
2
1
2
1
1
1
1
1
65
1
1
1
2
3
2
1
1
1
71
78
82
1
1
64
1
1
1
1
1
1
1
1
1
7
1
6
1
1
1
1
1
1
1
129
4
23
1
4
54
1
13
61
236
112
2
38
13
30
4
43
5
2
19
22
11
23
9
54
41
2
4
2
219
8
55
1
15
5
25
3
1
1
2
2
1
1
2
1
8
36
1
7
67
1
1
1
19
10
1
1
43
1
2
4
2
23
3
3
1
30
1
17
1
7
2
1
4
1
1
1
2
1
1
28
5
2
1
12
2
1
1
63
1
2
1
1
1
1
5
8
12
24
9
1
21
1
1
1
1
2
2
1
1
3
1
1
2
1
6
69
32
1
3
1
1
1
1
1
8
161
5
33
1
7
1
1
1
1
2
10
7
10
84
16
2
109
8
4
1
4
3
2
1
4
1
2
1
2
1
3
3
1
1
1
2
1
1
1
1
1
2
16
1
1
1
1
1
1
1
1
2
5
1
1
1
1
1
2
1
1
9
1
1
1
212
1
1
1
1
1
1
1
1
1
1
1
1
1
1
166
3
3
1
1
1
1
1
2
1
2
2
3
1
1
1
7
1
1
2
1
1
2
141
89
1
1
1
1
1
1
1
1
7
47
2
3
1
1
1
58
6
1
1
25
447
4
6
9
3
54
114
123
2
29
1
1
3
1
1
1
1
2
2
2
1
2
2
1
1
1
1
1
6
123
4
1
6
29
2
78
1
2
10
1
1
1
1
1
2
22
1
1
1
1
1
2
2
1
1
1
1
4
1
1
1
1
12
1
2
60
15
1
1
103
7
70
2
1
2
1
1
5
2
2
1
1
2
2
1
1
12
6
1
1
1
1
1
1
1
1
1
1
1
1
3
3
1
1
3
2
1
2
2
1
1
2
1
1
4
1
6
2
149
2
8
2
1
4
36
5
27
11
7
21
3
1
7
2
1
1
48
1
1
1
195
1
1
1
4
164
1
39
5
3
3
17
2
2
8
1
15
1
1
21
1
15
2
5
1
47
1
1
1
77
1
272
4
1
1
1
187
1
1
1
2
1
1
1
2
23
5
1
2
6
3
1
3
1
1
1
2
4
1
131
1
36
1
1
1
56
4
1
1
1
1
1
2
1
10
4
4
1
2
6
1
1
2
1
1
2
1
1
1
1
1
1
34
2
1
1
1
2
1
6
4
1
1
7
3
67
1
2
4
1
1
1
1
4
59
1
1
2
2
1
2
1
1
2
1
1
141
1
1
1
2
1
1
1
3
1
2
1
1
2
3
1
9
2
1
1
1
1
23
1
1
1
1
1
7
1
3
11
11
1
71
61
6
15
37
54
243
13
15
10
56
47
75
1
3
1
252
2
1
5
17
4
3
47
1
1
1
1
2
2
2
1
1
1
1
1
7
1
141
1
78
25
1
78
1
6
17
2
19
1
3
6
22
1
18
4
1
2
6
1
2
1
2
74
2
1
1
2
1
1
1
1
1
1
1
1
1
1
3
3
1
2
1
35
1
1
1
2
1
1
1
1
7
6
1
3
3
5
2
1
1
2
1
2
1
2
157
1
1
1
1
1
1
2
2
1
79
2
1
4
1
1
1
1
1
1
1
1
1
1
1
2
1
1
3
1
1
2
1
1
2
1
1
2
3
1
1
1
1
5
1
1
1
1
24
1
2
7
1
1
1
4
1
1
4
1
1
1
2
1
115
5
42
1
1
2
1
59
1
1
1
2
6
1
1
1
1
2
32
9
2
1
12
2
1
2
2
2
2
2
29
5
1
1
3
1
1
6
1
3
28
1
14
15
35
10
8
1
4
1
8
6
13
168
6
20
1
7
19
1
1
1
2
1
1
1
1
1
2
1
14
1
1
1
3
2
69
3
1
1
2
2
1
1
2
1
1
11
1
4
1
13
1
1
1
1
1
3
4
3
9
1
1
8
5
1
2
1
2
1
49
1
2
2
2
2
7
1
1
1
7
2
3
1
1
1
7
3
1
1
1
3
38
2
1
1
2
18
5
1
1
1
1
1
1
5
5
198
1
2
1
15
1
1
1
9
1
3
1
1
1
11
1
1
4
1
7
3
1
4
241
1
1
1
119
1
2
6
3
21
12
15
1
26
1
1
1
2
33
1
15
20
6
11
31
70
7
62
1
9
9
10
11
2
2
1
1
2
36
1
1
1
28
1
1
1
1
3
1
23
1
1
1
1
2
1
50
1
1
1
133
1
1
1
156
3
1
5
1
1
1
1
8
1
3
31
4
17
1
4
1
11
3
1
1
1
2
90
2
1
1
4
10
1
6
2
22
1
1
1
1
3
7
1
1
1
4
1
2
1
31
1
1
1
6
47
72
3
1
3
2
30
2
1
1
1
1
36
4
6
1
1
3
2
1
1
1
70
1
17
9
1
10
2
1
6
72
17
37
1
3
2
1
65
3
3
1
1
3
1
1
1
8
55
2
3
1
6
90
3
7
1
1
1
1
1
1
1
1
1
1
1
1
2
1
1
1
1
2
1
1
1
2
1
4
1
1
2
1
1
2
1
1
5
85
1
2
1
10
1
3
1
1
9
2
16
1
1
1
21
1
1
1
1
1
1
5
1
5
1
1
1
1
1
1
1
74
1
1
41
4
2
2
13
1
1
1
1
1
1
2
4
206
1
2
14
40
1
3
280
44
1
1
1
1
1
1
1
169
1
53
342
1
1
2
2
4
72
1
20
1
2
1
1
1
2
2
3
2
1
1
1
1
5
1
1
24
1
1
1
1
1
2
1
131
1
7
1
1
1
8
2
1
1
128
1
9
1
2
1
1
3
1
6
1
7
1
2
1
1
4
1
1
2
3
1
1
1
10
59
11
2
3
1
14
1
1
1
1
1
12
2
4
224
1
1
1
12
1
1
1
1
3
18
1
17
7
1
4
1
1
1
1
4
1
1
1
3
1
1
1
2
1
1
1
1
19
4
3
1
17
1
1
50
7
1
1
1
1
1
1
1
1
1
47
6
18
1
1
1
57
1
23
1
10
4
4
1
1
1
3
1
2
3
1
2
3
1
137
3
1
4
3
15
4
10
1
2
6
39
2
3
15
6
23
4
1
1
1
2
12
2
1
1
2
1
1
1
1
25
1
2
3
20
1
1
3
2
2
1
2
15
4
2
2
1
3
42
1
8
20
18
1
1
2
35
2
1
2
1
6
72
1
49
23
8
73
1
1
1
1
1
1
7
1
8
1
1
1
1
1
1
2
3
76
2
6
2
1
3
1
1
2
7
127
11
1
2
37
1
14
2
1
1
1
2
1
1
289
3
1
1
1
1
1
46
1
1
1
1
2
1
5
1
3
1
1
1
15
2
6
1
2
1
2
144
1
5
1
2
1
3
2
1
2
20
1
82
1
1
1
78
1
1
1
1
1
1
3
1
1
114
6
3
3
1
1
11
1
1
10
15
2
466
10
1
2
3
70
121
8
1
3
20
3
13
1
3
1
12
2
12
11
5
2
2
1
1
69
1
1
1
2
2
1
1
1
10
12
1
2
1
2
4
1
2
2
4
91
1
1
3
3
1
1
3
10
4
1
4
1
1
1
1
16
1
1
1
1
1
1
9
1
1
49
1
1
1
3
1
2
74
1
1
5
1
1
1
2
1
1
1
1
1
1
3
3
4
1
1
2
1
1
1
2
2
1
3
1
1
1
1
1
2
1
5
24
1
5
2
2
2
24
1
5
1
8
1
16
4
14
1
1
1
48
1
1
1
2
1
3
1
3
8
3
2
6
1
1
284
1
1
1
1
1
1
1
1
1
1
13
40
42
1
1
1
1
1
6
3
1
1
7
2
1
1
1
1
3
43
3
1
23
1
3
5
1
1
1
19
2
1
1
1
1
1
13
32
1
3
3
1
2
1
1
1
1
5
2
2
215
2
2
52
2
1
2
4
1
1
1
2
2
4
1
3
2
1
1
1
2
1
1
1
1
1
1
1
1
1
1
3
6
38
2
1
1
7
1
2
1
2
1
1
2
1
1
21
1
1
1
1
24
1
1
1
1
5
21
1
1
1
1
225
1
2
1
1
1
1
2
1
1
1
4
1
1
1
2
1
1
12
1
160
1
1
1
1
6
1
55
1
1
7
2
1
5
2
2
1
1
1
1
3
1
1
1
1
2
1
1
1
1
1
1
19
1
1
63
5
6
2
30
1
1
8
2
3
5
7
1
1
1
19
3
2
5
1
1
1
1
5
4
21
2
26
1
1
7
1
1
11
2
1
1
1
2
1
2
3
130
1
3
1
8
4
1
1
1
1
1
3
1
12
2
1
2
3
2
1
1
1
1
2
3
13
22
5
1
1
1
1
1
2
47
1
8
1
1
1
1
8
1
10
4
13
2
1
2
31
2
5
3
4
3
1
2
5
1
1
1
44
1
1
19
8
9
2
30
22
1
1
1
1
15
6
1
15
2
1
3
3
1
3
1
1
3
104
1
1
1
1
7
398
1
68
3
5
40
3
24
12
2
2
4
3
2
2
72
1
2
1
4
2
2
1
1
1
1
1
1
4
2
1
131
1
1
2
2
1
1
3
3
2
1
1
1
1
1
2
2
5
2
3
9
1
1
7
2
1
8
14
8
4
2
3
9
5
1
1
3
1
1
1
4
1
1
3
1
2
5
1
20
2
6
2
23
28
6
15
4
46
1
1
1
1
9
4
15
4
3
1
2
8
1
1
8
1
1
1
23
5
1
2
1
1
1
1
1
98
3
388
20
2
1
1
2
1
1
2
1
1
1
2
4
1
1
2
2
6
3
1
1
1
1
1
3
2
187
12
5
1
13
1
4
1
1
2
1
1
2
1
1
2
1
1
30
1
1
1
5
1
246
1
23
2
1
3
1
1
1
3
2
1
37
15
4
16
15
2
18
1
6
1
16
1
2
1
1
1
282
1
1
1
1
1
1
1
1
3
1
1
8
1
1
1
1
3
1
22
30
1
71
1
1
3
21
1
1
1
2
1
1
2
1
1
22
2
3
44
2
1
1
4
1
1
111
7
1
1
1
1
1
3
1
7
1
2
3
1
2
2
2
2
45
3
4
1
1
20
1
1
2
1
2
1
1
2
1
196
1
1
1
1
4
9
4
1
22
1
3
3
3
3
1
1
2
1
1
1
1
1
2
2
1
1
3
1
1
11
2
7
92
1
9
1
6
1
2
5
5
15
100
95
2
20
9
1
4
80
3
1
2
1
1
1
5
1
20
41
1
2
327
1
2
4
186
1
3
5
1
2
128
1
1
5
1
1
1
1
2
2
1
8
2
1
1
6
2
1
1
1
3
1
1
1
4
44
37
1
1
1
2
3
1
15
13
2
2
158
2
1
1
1
1
53
66
19
54
158
1
4
3
1
1
2
1
4
2
2
12
6
1
1
17
1
1
2
1
1
2
1
1
2
2
51
14
1
2
1
2
1
84
1
2
1
8
1
1
1
6
3
1
2
10
1
2
2
2
1
6
19
1
1
1
19
13
2
1
1
2
8
20
1
2
3
1
3
3
1
1
2
1
1
50
1
16
1
2
1
1
71
2
2
5
2
2
2
1
4
7
1
1
4
12
10
1
4
6
9
4
17
15
3
1
1
1
57
2
14
1
243
5
1
2
1
4
293
161
1
36
4
1
81
4
1
1
1
38
1
1
1
1
1
8
3
6
1
1
4
31
1
1
2
1
2
2
40
51
150
6
9
16
117
59
5
1
42
107
96
7
13
1
1
1
56
1
1
1
1
12
2
1
1
1
1
1
1
4
1
1
2
4
1
1
1
37
16
2
1
2
1
2
54
1
1
1
1
2
1
4
1
1
140
4
143
1
1
2
1
5
3
1
15
1
1
1
2
1
1
1
1
1
2
3
2
39
3
33
3
1
10
3
9
1
8
4
5
1
1
1
1
16
1
1
2
35
1
1
1
3
2
1
1
2
12
155
1
1
3
1
1
1
1
10
7
1
9
107
1
1
1
4
1
1
8
1
1
2
1
2
3
2
2
1
3
1
1
19
1
1
21
1
9
1
1
9
1
7
20
4
1
1
1
1
1
10
3
1
1
1
1
8
2
1
1
1
1
2
1
3
4
1
5
5
1
2
2
2
1
1
5
2
1
1
6
1
1
4
1
8
4
1
1
3
1
1
1
1
53
35
1
36
3
3
2
4
2
3
2
5
7
1
2
2
71
1
1
73
1
1
1
5
2
1
5
7
1
1
50
2
2
1
4
1
1
1
2
3
1
41
8
2
1
1
1
2
5
1
2
5
51
15
4
4
1
2
1
2
2
28
3
1
5
2
9
29
1
1
1
1
1
1
4
1
2
4
5
3
1
43
1
1
2
11
1
7
7
2
7
5
1
1
1
1
16
50
6
1
1
1
2
2
9
2
1
1
1
10
277
1
1
2
334
3
4
14
1
1
19
16
19
7
10
2
3
33
1
4
200
7
46
2
3
2
1
3
1
3
1
5
2
2
3
1
2
1
1
2
3
1
2
3
1
4
1
2
1
1
2
1
1
5
10
2
2
1
2
1
2
4
1
3
1
1
22
1
3
1
1
1
1
1
1
3
3
5
1
1
1
1
2
21
1
1
1
4
2
1
342
3
5
1
12
1
2
2
1
1
1
6
1
2
1
1
10
37
1
1
5
12
3
1
3
1
1
1
1
5
1
29
2
1
1
1
1
2
2
1
11
1
1
2
2
5
2
35
3
2
1
1
9
70
10
6
1
3
1
1
1
40
5
4
1
1
2
1
1
3
1
2
2
37
3
3
1
3
1
2
28
1
29
25
66
17
40
1
1
3
3
1
1
2
1
1
5
2
1
3
1
3
4
2
1
2
1
1
2
1
1
28
2
1
1
4
1
13
7
3
1
1
1
1
3
1
2
3
59
5
2
1
2
2
1
1
3
2
98
2
1
1
3
4
15
1
137
16
1
1
2
1
1
40
1
1
1
1
4
1
1
1
13
2
1
1
2
1
1
1
1
1
1
1
1
4
2
1
12
1
11
2
2
6
1
6
4
1
1
1
5
25
6
28
1
8
1
1
114
1
1
7
9
7
2
1
229
138
58
1
25
7
1
3
1
3
2
14
29
109
1
21
63
24
1
9
2
1
2
1
5
1
19
16
9
1
1
19
8
1
3
1
1
110
76
72
1
83
1
1
1
134
1
1
184
1
1
11
1
1
1
1
1
30
214
2
231
10
3
32
1
4
1
1
1
1
2
34
33
2
1
1
1
2
33
1
1
1
3
123
2
55
2
180
4
1
3
1
70
5
1
24
24
7
1
1
10
1
64
2
37
1
150
2
13
22
1
1
1
3
6
1
1
10
1
1
1
2
2
1
8
1
3
1
57
13
1
1
1
1
1
5
1
1
183
1
43
1
1
1
19
1
1
1
9
4
1
1
226
1
2
1
1
1
7
126
1
1
1
12
3
1
1
1
3
7
2
12
10
1
2
1
2
1
5
13
1
1
67
1
10
1
1
1
3
1
1
45
2
2
1
1
2
1
1
5
1
1
2
7
1
1
1
70
152
4
2
1
11
4
10
1
1
1
2
3
3
1
1
1
107
1
9
2
4
1
1
1
34
1
1
1
2
11
1
4
1
1
3
1
4
1
1
1
3
1
1
1
1
4
1
1
10
1
4
120
1
1
1
1
1
1
1
20
1
1
1
1
3
2
5
1
32
3
1
50
1
1
3
1
9
3
3
1
10
1
1
1
15
9
1
2
30
1
1
1
2
1
1
2
1
18
1
1
18
1
4
7
1
1
5
1
1
1
7
10
4
1
1
1
1
3
11
1
11
1
4
4
1
1
2
1
1
2
1
4
1
1
3
1
1
151
16
6
2
9
3
1
2
4
2
1
44
1
51
63
1
43
1
1
1
18
30
1
1
1
1
5
2
1
1
3
1
1
29
1
1
126
1
14
2
7
1
1
1
1
1
3
2
1
2
1
4
1
69
1
1
1
62
1
2
1
29
2
1
1
1
2
1
3
1
1
5
2
121
50
3
2
1
23
1
19
1
2
10
1
72
1
1
2
9
1
1
2
3
1
1
67
7
1
3
2
1
1
2
1
12
1
2
13
1
7
1
1
3
2
2
2
75
22
1
1
1
30
1
9
1
231
1
3
6
1
2
1
1
2
2
5
47
7
1
8
2
7
1
1
3
2
1
3
131
2
1
1
11
4
6
138
20
7
3
3
1
1
1
1
1
1
5
1
2
30
85
20
1
1
220
1
1
5
381
115
1
1
1
11
3
1
1
1
1
1
1
2
3
2
1
1
1
1
1
1
1
2
1
19
1
1
1
28
3
1
1
3
1
1
1
1
1
1
1
2
178
2
1
2
34
3
1
5
4
2
1
2
2
1
2
1
1
1
14
1
1
58
2
3
1
1
1
1
1
1
3
1
1
1
7
1
1
21
1
2
3
2
1
1
3
1
2
1
1
11
21
2
13
3
1
1
89
