3
27
2
3
4
1
1
302
8
87
44
1
1
3
53
13
11
27
216
34
59
20
41
15
2
32
6
2
4
1
15
34
323
14
41
42
34
142
9
2
102
16
30
6
34
156
200
12
112
65
2
9
8
26
56
66
1
2
1
28
5
3
12
26
1
28
55
17
4
71
2
2
12
84
4
29
10
45
6
5
18
2
15
4
19
20
42
1
1
81
1
72
89
109
4
189
24
80
2
41
73
22
21
6
24
38
3
15
9
66
7
12
1
1
22
153
17
29
4
18
22
1
44
18
65
213
2
6
60
198
4
9
4
64
4
28
12
5
7
33
87
1
26
253
13
8
233
24
26
2
1
7
52
9
34
1
163
3
22
31
1
30
53
8
3
1
7
8
60
15
5
137
6
1
11
61
46
21
2
1
37
20
164
92
25
15
13
18
67
17
164
328
55
7
4
2
29
14
82
5
43
4
32
8
7
7
26
38
31
1
188
9
1
12
27
4
1
2
33
19
57
62
16
1
3
49
34
148
40
45
42
16
32
228
194
2
2
1
15
2
10
49
19
1
69
3
1
2
2
4
106
143
44
28
3
2
8
11
8
5
1
19
32
2
87
36
24
1
99
8
2
215
66
25
29
9
8
1
33
2
23
7
12
12
328
83
2
17
6
42
1
69
12
46
106
2
16
121
6
57
11
48
2
10
8
4
50
4
1
12
1
13
90
106
2
26
34
1
9
230
46
277
264
33
6
56
41
180
15
2
4
24
61
3
26
3
80
2
139
1
26
58
37
113
5
1
1
8
123
172
12
58
24
15
2
14
4
2
257
221
6
3
7
49
40
1
2
4
30
4
4
37
2
1
6
12
10
7
1
143
2
2
26
28
59
3
14
59
1
3
34
83
94
140
45
161
2
1
55
2
21
147
1
17
46
123
1
19
109
49
12
2
25
280
26
4
4
3
327
46
19
2
1
13
8
4
82
8
3
129
4
54
1
149
10
6
2
12
1
2
1
1
3
21
33
8
12
1
3
5
10
16
28
8
8
84
11
4
2
17
20
38
59
2
1
43
14
6
76
213
2
4
2
34
1
10
65
7
4
13
56
365
24
8
13
52
18
1
8
15
1
4
5
19
21
7
268
2
4
4
24
165
93
21
8
44
28
9
1
7
1
3
43
68
48
16
62
374
2
33
2
2
2
49
1
122
4
87
16
12
2
66
2
36
5
271
30
10
1
57
3
2
2
14
116
4
13
41
21
15
238
93
11
149
42
22
86
18
2
3
32
5
4
33
40
7
1
3
20
9
5
14
2
1
8
22
7
130
4
8
55
35
12
4
19
5
1
110
27
5
4
9
2
7
17
28
1
15
283
73
11
18
125
29
174
286
2
5
11
1
12
35
33
8
79
47
261
79
112
2
3
10
2
24
62
71
99
38
2
1
17
1
1
5
12
1
162
2
39
18
106
72
52
54
2
1
14
260
163
2
20
56
26
116
20
40
1
27
7
31
20
4
3
4
2
14
50
13
14
24
7
21
46
12
76
8
2
109
1
13
36
40
8
2
15
100
20
11
13
4
2
47
10
11
41
207
48
9
2
1
2
64
7
51
4
4
9
2
4
18
20
1
1
5
10
27
4
5
1
120
3
8
1
25
15
11
9
47
118
2
317
126
6
4
33
6
223
3
4
110
2
22
8
169
101
56
43
10
16
17
49
6
1
54
7
63
21
4
6
4
6
39
2
7
10
1
6
3
22
16
188
179
8
1
1
49
69
11
57
34
16
47
3
106
43
29
10
77
2
2
2
2
227
30
9
100
2
35
10
2
7
12
16
4
5
6
26
3
17
18
24
38
16
7
119
302
15
36
39
2
3
2
27
393
197
62
41
5
2
12
8
53
7
16
21
10
40
81
42
135
21
3
4
15
8
72
22
1
25
101
5
6
14
2
5
65
10
41
50
21
35
2
1
1
42
8
92
1
244
5
62
1
16
87
140
9
2
76
5
62
5
5
32
4
1
28
2
7
13
10
4
16
1
3
9
23
4
2
2
284
35
16
3
6
2
3
2
1
2
81
1
2
1
13
10
38
48
3
63
3
1
4
5
4
11
27
6
15
90
2
1
19
6
1
6
14
25
2
1
19
2
2
96
98
25
8
10
19
6
1
174
35
1
1
60
33
158
54
5
211
21
7
24
6
3
28
5
9
42
2
43
19
56
40
1
2
1
80
9
5
7
1
283
61
33
6
1
1
6
1
2
34
2
13
6
4
3
1
2
2
2
155
9
9
72
23
23
10
8
9
1
7
5
6
2
55
10
18
13
1
43
93
209
46
49
2
314
7
12
46
14
12
35
8
16
3
2
36
18
1
117
280
4
2
9
6
15
9
3
1
89
15
19
2
1
128
7
9
3
7
290
2
20
1
8
3
75
2
52
63
2
7
48
89
1
88
46
7
5
47
28
4
10
10
4
11
3
3
5
1
162
2
2
16
1
125
268
2
31
17
12
275
10
16
2
1
3
2
4
2
1
4
8
5
127
61
139
7
2
37
71
12
59
371
41
3
2
84
1
2
45
39
5
1
15
63
12
203
1
73
12
8
49
14
2
3
15
66
11
4
4
110
21
2
1
1
3
1
72
20
1
27
36
3
1
6
60
1
7
2
7
22
5
28
12
9
3
9
108
3
2
4
5
1
1
58
94
215
3
36
63
10
21
19
4
38
7
36
36
3
2
2
15
3
2
2
4
8
7
40
53
13
1
8
1
4
2
2
1
38
1
18
13
14
5
13
2
1
1
1
88
2
4
102
2
11
4
26
18
371
6
30
62
3
32
20
5
49
3
193
1
6
15
2
1
282
268
21
12
1
57
7
8
3
6
31
12
122
2
2
18
97
3
65
1
14
1
7
45
2
2
15
50
33
106
2
20
142
4
3
2
4
40
40
30
2
4
28
1
3
137
3
50
8
329
47
3
2
21
3
8
52
3
5
6
38
117
15
5
3
217
3
2
95
4
7
3
5
3
33
7
71
11
24
4
71
19
8
3
11
1
3
41
12
5
2
18
193
60
17
2
9
8
1
3
5
52
16
13
3
321
1
28
17
1
1
13
39
24
17
32
4
3
3
62
2
1
1
9
158
7
5
38
261
8
5
42
19
1
9
5
2
5
60
7
1
2
184
5
1
196
6
40
3
77
31
30
39
7
238
22
15
2
4
20
51
85
7
10
1
12
2
8
31
1
2
6
1
10
11
17
1
52
22
10
25
4
56
1
3
1
28
13
5
7
221
68
5
3
1
3
55
1
3
1
11
41
31
79
9
1
10
1
28
87
5
3
3
11
4
33
4
4
27
209
2
6
3
5
1
2
19
1
110
1
3
12
41
4
2
4
37
2
2
3
4
21
1
1
160
127
3
1
12
13
3
60
21
28
11
210
3
1
1
114
2
6
3
9
8
6
257
35
1
22
12
8
18
1
2
12
10
14
21
11
17
5
17
11
33
3
91
56
15
3
168
199
5
1
11
49
21
39
15
1
92
1
4
39
8
24
29
8
3
20
10
16
18
2
7
1
17
14
5
7
3
6
12
47
81
2
4
1
7
131
79
39
6
3
40
178
1
36
8
18
17
1
14
76
29
17
53
6
9
1
4
15
6
5
8
1
5
19
48
35
3
25
8
24
2
70
25
26
6
35
4
1
7
9
2
2
3
7
7
49
1
18
14
2
50
1
5
7
21
6
29
2
22
22
8
4
1
21
192
1
33
1
6
9
3
14
13
2
2
21
11
12
1
9
19
89
46
3
5
32
2
6
30
2
2
6
18
5
4
2
3
29
272
88
4
5
3
49
32
56
9
31
51
97
4
12
41
1
70
137
2
21
15
2
15
5
6
7
34
3
7
115
1
25
51
160
10
4
51
43
1
24
22
35
22
34
22
62
10
7
5
20
44
9
3
1
1
16
31
3
6
26
7
9
17
2
30
20
4
24
1
8
1
1
168
10
232
23
178
21
20
12
3
53
18
34
4
18
16
52
58
195
1
7
7
196
2
1
1
6
22
81
20
1
22
64
1
2
1
4
6
5
5
11
7
2
10
4
1
1
4
27
19
9
21
1
10
48
172
4
5
6
2
14
1
12
4
7
2
41
44
38
9
1
31
20
51
24
5
53
39
17
20
12
4
76
3
4
9
85
20
17
16
3
4
11
13
2
12
4
2
49
4
57
4
11
29
15
1
42
12
38
49
1
4
54
28
2
2
63
17
2
2
25
5
76
1
2
8
7
4
2
73
53
12
13
37
24
5
3
7
6
24
9
83
42
9
7
27
38
29
1
18
2
82
3
29
10
7
17
7
58
9
1
144
12
20
2
27
11
13
6
16
8
1
3
8
1
17
1
19
65
52
3
35
28
2
8
35
23
67
4
158
10
20
10
24
4
28
43
84
3
7
78
4
58
5
18
6
18
22
23
21
52
1
11
15
6
60
6
112
20
31
42
24
183
26
158
3
1
3
96
97
93
7
24
165
3
9
165
27
65
36
2
