5
5
7
6
1
1
1
1
2
2
3
11
3
2
7
2
5
1
3
1
2
1
1
1
10
2
5
9
2
1
2
2
3
5
15
3
6
3
2
2
1
3
3
12
1
12
1
5
24
8
1
2
1
3
14
14
1
5
1
5
1
9
8
7
7
3
2
1
4
7
11
4
3
6
2
3
1
1
2
4
25
2
1
2
4
5
1
2
1
2
10
2
1
3
11
4
7
2
20
2
2
2
6
1
16
9
1
4
1
2
1
2
11
5
6
6
14
1
1
1
29
20
1
2
1
3
8
6
2
3
8
20
2
5
55
2
2
3
2
10
1
4
3
1
8
2
8
6
12
2
1
1
2
3
3
1
3
1
5
20
1
2
2
2
4
2
5
5
1
3
11
2
3
50
36
2
3
7
2
8
3
1
9
3
6
3
5
6
1
1
8
1
5
5
2
2
6
2
2
2
2
1
1
3
1
1
4
1
10
13
3
21
5
5
2
1
4
4
1
8
3
7
7
2
2
2
2
3
1
5
5
21
6
1
1
1
14
1
1
5
3
10
4
1
14
16
6
2
1
1
1
8
6
3
1
8
1
2
64
6
1
6
18
1
9
13
7
2
1
3
5
7
1
6
3
13
2
12
2
4
2
1
14
3
9
1
4
9
2
3
14
4
4
11
3
1
4
1
5
2
2
2
13
1
25
2
10
2
2
3
1
6
1
2
4
4
3
1
2
18
15
2
6
5
3
3
29
1
1
11
3
8
1
1
2
4
3
8
1
1
3
2
1
1
4
6
3
2
2
1
4
2
14
2
8
2
6
1
1
11
5
3
1
16
3
1
2
12
8
1
4
2
3
3
16
11
14
1
3
2
6
1
1
2
10
2
3
11
4
1
5
1
12
2
4
1
1
1
2
3
3
4
1
1
8
2
15
17
6
3
6
2
6
1
4
1
12
11
1
2
10
11
1
1
3
3
31
19
1
10
7
3
2
4
2
3
10
7
22
2
1
1
9
14
1
1
1
5
5
7
2
8
4
3
2
2
1
1
2
2
20
4
2
2
7
2
1
1
11
2
9
10
8
17
27
1
5
4
3
2
13
20
2
13
1
3
2
2
1
1
2
2
1
4
4
5
1
2
7
2
1
3
1
1
1
1
7
3
5
5
22
5
6
7
2
7
5
12
82
7
3
11
1
1
4
1
5
9
3
4
3
1
1
1
1
3
13
4
2
45
19
1
15
14
2
2
8
1
6
1
2
3
7
1
2
4
6
5
47
2
2
2
1
6
5
1
16
3
12
11
4
3
2
1
8
2
2
4
6
8
2
1
1
4
1
2
4
7
59
1
2
1
6
3
7
90
8
9
87
4
20
1
2
4
1
19
18
2
20
2
20
5
6
3
1
10
5
2
2
4
9
1
15
1
10
1
5
2
6
1
3
1
1
10
3
1
2
5
5
11
3
9
10
3
3
3
3
1
18
2
2
1
12
1
8
1
5
3
6
4
2
3
2
15
1
1
6
5
74
10
10
9
1
4
1
1
3
4
1
6
1
1
2
7
4
5
1
18
1
1
2
4
1
32
1
1
11
1
1
1
5
1
1
2
5
1
7
1
8
1
2
2
1
7
3
1
2
2
3
1
39
13
2
7
2
2
2
3
2
7
1
3
1
2
2
2
2
2
7
3
18
6
1
8
1
2
4
4
7
3
2
3
6
10
1
8
9
2
7
2
11
2
2
8
23
6
1
5
1
1
1
3
1
1
1
1
6
3
1
5
10
2
8
2
1
5
2
1
8
4
9
2
1
7
3
1
1
1
9
1
1
3
1
2
7
3
1
1
4
1
10
1
42
1
5
3
14
2
7
1
2
17
1
2
3
2
1
7
2
16
1
1
12
10
1
1
2
3
4
19
8
5
9
10
1
2
2
8
2
6
4
2
1
1
3
1
14
23
10
7
6
5
2
7
1
9
3
1
3
2
6
1
10
5
2
19
2
2
2
2
1
1
1
4
4
2
1
1
5
2
1
1
4
8
2
1
3
3
16
1
7
4
2
1
4
2
1
17
1
2
2
6
1
4
10
22
7
1
2
2
14
4
1
1
1
1
2
3
2
2
5
2
2
19
1
5
14
15
3
3
2
4
3
2
2
1
10
5
21
5
1
1
6
9
2
4
1
2
15
18
1
5
1
4
2
2
7
4
11
2
2
12
1
4
2
1
4
1
1
11
12
5
5
1
1
13
25
1
2
2
3
1
8
1
27
8
2
1
2
8
1
3
5
2
2
4
1
3
3
5
14
7
1
1
1
7
1
4
12
3
1
2
13
2
1
2
1
2
4
3
9
4
5
22
3
7
1
3
1
6
10
2
1
5
7
11
8
3
4
1
2
2
10
8
7
17
10
20
2
13
4
1
1
5
7
4
6
3
1
3
91
6
27
1
5
1
3
1
17
3
2
1
5
14
1
1
2
2
1
5
3
4
2
2
24
3
6
5
2
2
2
11
5
2
7
3
4
17
