5
13
14
22
1
7
10
1
2
1
10
1
1
3
2
2
2
7
8
1
1
31
54
4
2
5
15
5
44
4
14
4
2
12
7
1
1
3
2
13
2
2
1
1
5
10
6
1
1
4
1
3
8
2
6
1
1
1
1
7
2
2
3
5
1
2
3
6
1
1
2
3
15
1
2
3
1
7
2
3
12
3
11
1
6
13
24
2
10
3
1
2
6
1
2
1
1
7
2
1
4
6
2
2
9
2
2
46
6
5
2
9
143
2
4
2
1
7
3
3
7
1
15
6
8
2
46
9
19
2
17
2
1
1
1
4
6
7
2
2
1
4
83
3
4
1
10
9
2
8
1
26
9
5
1
22
4
3
3
1
24
9
2
19
1
16
12
1
2
9
5
4
1
6
1
18
1
5
8
5
22
1
21
2
22
3
4
4
1
10
21
3
2
4
6
4
23
2
3
4
22
21
1
16
4
3
18
16
1
1
5
30
2
2
15
4
1
2
10
1
3
6
1
1
41
1
2
7
27
1
1
9
1
1
5
5
2
2
4
5
18
9
1
12
4
5
8
1
11
4
1
7
2
2
3
61
1
1
2
86
2
1
5
1
7
1
1
13
10
4
25
10
2
4
21
7
5
7
7
4
1
1
4
1
2
32
35
8
1
9
4
2
49
11
4
3
26
1
2
1
31
22
2
2
5
4
5
1
2
1
1
2
15
22
2
21
2
1
3
5
3
1
1
3
2
1
3
2
1
1
1
12
9
11
4
32
1
1
1
16
1
3
2
4
12
5
12
1
52
13
5
2
20
1
2
1
1
5
4
23
2
42
10
40
9
1
4
1
7
3
9
2
2
3
1
3
9
9
17
1
15
19
3
4
17
4
1
3
7
21
1
2
7
2
1
8
8
5
2
2
1
2
9
2
12
3
1
2
5
2
1
3
32
9
22
25
2
5
1
2
49
7
6
1
2
2
16
6
2
1
1
2
3
1
2
2
9
2
12
1
4
12
1
2
3
10
3
11
9
14
48
12
1
3
12
5
1
1
1
2
12
13
3
4
7
2
14
4
2
2
1
1
4
1
1
5
1
1
13
2
3
3
9
21
11
7
15
1
1
1
4
7
6
2
4
2
1
4
11
21
2
6
5
9
4
5
2
7
4
6
1
13
9
3
3
9
16
1
9
1
2
1
1
6
1
1
9
3
4
56
8
4
9
1
9
3
1
1
3
1
1
1
22
2
5
7
13
16
13
16
16
2
7
22
1
2
6
7
1
4
16
3
3
2
1
1
43
48
3
7
3
6
1
6
1
2
1
1
1
1
16
6
9
1
1
2
14
3
1
4
2
8
16
2
1
3
1
13
1
3
4
1
1
5
1
18
4
3
2
3
2
18
61
2
4
3
1
2
2
2
1
2
9
1
1
12
8
1
11
1
5
6
6
1
28
1
1
4
2
14
2
1
1
17
2
8
2
8
1
1
8
1
9
8
11
7
9
2
3
4
1
2
15
1
2
4
2
11
2
2
2
9
4
1
25
4
1
15
25
2
11
1
7
1
2
9
10
37
1
4
3
2
2
5
15
7
1
1
21
2
1
34
9
18
63
20
2
1
3
1
14
9
22
1
4
4
2
6
39
14
4
33
1
2
2
5
13
3
1
1
22
15
3
3
3
1
4
2
1
25
1
1
4
2
7
1
9
3
1
1
7
1
2
2
2
1
1
15
2
2
16
12
3
1
4
1
17
7
1
4
2
32
1
20
2
1
2
2
1
8
1
17
8
10
116
21
2
1
15
19
1
1
3
2
23
6
56
4
3
4
6
9
1
1
31
2
1
27
14
3
2
50
1
1
42
32
6
3
3
3
12
2
15
24
37
1
4
2
4
3
1
2
3
22
1
3
4
12
2
1
2
3
4
2
8
2
2
3
1
3
1
6
17
2
3
10
1
1
6
2
3
9
3
2
1
1
1
2
3
3
20
22
4
5
1
2
4
65
7
1
16
4
10
10
3
15
3
11
4
2
10
45
1
2
20
10
2
2
6
8
19
1
3
3
1
4
1
28
1
2
4
5
11
5
3
6
4
5
5
1
16
1
1
1
6
2
3
2
3
12
1
2
2
1
5
2
1
3
2
3
37
12
2
4
1
4
1
12
7
2
7
9
8
14
4
1
1
5
43
31
1
11
2
2
5
3
36
9
1
146
11
14
10
1
1
2
22
2
2
1
2
22
3
1
10
24
18
16
8
8
2
4
2
2
2
5
1
3
1
53
1
16
6
23
2
13
8
22
3
55
41
3
17
4
4
6
8
1
8
3
5
5
3
12
4
25
6
4
1
2
32
12
1
3
6
2
1
2
4
4
5
5
1
7
27
1
2
6
14
14
7
14
1
2
20
5
42
1
2
26
1
2
1
3
2
16
1
2
8
13
1
3
1
5
16
2
2
8
2
1
3
12
7
9
8
29
6
2
1
5
1
11
4
12
2
6
1
3
1
1
15
7
2
1
21
3
3
4
6
4
15
4
1
6
1
36
2
1
1
4
1
5
1
1
1
2
1
12
2
10
1
4
6
1
1
2
10
7
1
2
1
1
3
25
5
3
2
3
1
23
3
2
4
4
4
18
25
21
2
8
8
1
16
26
4
17
2
4
5
2
4
1
3
30
3
12
3
1
12
1
5
1
3
4
3
12
14
3
10
26
2
2
10
1
1
2
3
1
1
2
3
3
1
2
7
8
3
1
5
82
1
1
25
1
4
28
2
2
5
1
2
9
50
5
12
12
8
5
2
11
1
65
9
8
6
1
18
1
9
4
1
11
2
4
2
20
2
2
1
17
1
2
3
1
39
6
19
3
1
2
1
20
9
8
1
3
31
2
1
1
6
16
3
17
6
13
15
4
11
7
5
2
8
21
6
1
3
6
7
10
12
17
5
1
28
3
1
5
5
2
1
4
2
2
3
3
38
1
9
1
2
17
2
12
15
4
4
39
9
1
4
35
1
2
1
4
4
1
12
8
3
2
20
13
7
3
20
3
4
2
45
1
2
3
11
5
1
7
3
9
8
7
1
5
24
19
17
2
6
1
2
72
2
2
15
11
1
1
7
4
9
14
3
10
1
10
2
5
3
7
7
5
29
4
3
11
1
4
3
6
14
15
4
6
1
1
2
10
2
1
1
1
1
4
1
1
1
21
6
1
4
1
1
5
3
12
2
2
2
1
19
1
3
3
19
1
1
6
20
2
55
4
4
4
1
4
2
39
3
2
1
3
1
4
8
2
3
4
3
3
2
1
9
23
15
3
1
11
5
2
3
4
2
2
9
2
2
6
14
3
1
2
3
2
5
2
14
1
4
2
6
1
33
6
9
36
6
2
1
3
4
2
5
3
9
2
2
1
9
8
1
6
3
6
1
1
4
3
1
5
24
7
2
20
11
1
2
11
9
5
1
2
2
96
4
2
3
1
2
2
3
2
2
4
2
4
9
5
4
1
2
2
6
7
39
4
2
2
35
3
5
3
4
4
12
13
4
10
4
1
28
1
1
1
2
5
38
1
15
6
6
4
4
1
1
1
35
8
2
4
31
2
1
2
4
21
1
9
1
3
2
2
1
3
16
4
5
3
2
5
25
21
2
4
5
2
1
2
1
5
2
3
1
2
4
12
23
5
1
3
29
2
1
2
1
1
35
8
7
44
6
8
8
1
44
7
18
1
11
4
3
9
4
3
1
1
2
3
11
3
4
6
3
7
1
5
1
5
13
3
1
1
31
9
2
9
1
3
2
3
16
14
7
7
6
6
7
1
1
5
3
3
12
2
2
11
10
9
1
6
2
4
1
3
18
22
3
8
11
2
1
3
27
3
6
4
1
2
43
1
10
7
6
10
1
3
20
2
1
1
2
1
2
2
1
3
3
6
2
18
2
3
1
1
2
2
2
1
11
4
2
1
2
13
7
9
2
1
14
2
14
2
5
8
2
23
3
28
3
4
2
5
4
4
2
4
1
1
1
2
10
3
2
2
1
2
12
2
1
3
1
4
2
6
5
18
11
3
3
1
29
8
2
3
1
1
2
27
26
11
10
17
2
3
5
12
4
4
6
1
2
8
24
11
2
6
3
2
2
1
5
2
4
8
2
1
10
22
6
6
2
9
8
1
7
4
3
2
14
21
2
16
2
4
24
5
3
12
2
10
17
4
7
2
21
10
8
1
6
2
1
2
2
7
12
9
7
2
3
1
22
2
4
1
1
39
13
12
1
30
1
3
1
5
2
50
3
1
7
9
9
3
1
1
1
2
4
4
3
39
7
8
23
14
5
5
5
7
7
25
5
3
2
6
3
2
2
6
5
1
1
3
6
1
20
1
16
4
6
4
1
15
2
20
2
3
9
2
8
2
1
17
5
3
1
7
4
21
1
1
6
1
6
7
6
3
1
5
3
9
1
20
2
7
2
12
1
3
3
1
20
18
2
9
4
1
1
4
7
2
2
47
40
45
2
1
24
3
1
1
7
2
3
3
1
29
2
1
1
4
2
2
2
1
3
9
22
