5
5
1
9
9
1
7
3
6
8
1
4
1
1
3
1
5
1
4
4
3
1
1
3
3
3
2
1
1
13
16
4
2
1
1
3
1
10
6
5
1
5
4
2
4
4
1
3
4
3
1
1
4
1
16
1
6
2
1
2
36
1
11
4
2
1
1
6
2
2
2
10
3
3
6
1
3
9
3
2
10
11
7
1
14
3
3
10
25
2
1
3
5
7
2
11
3
2
12
1
1
6
4
2
1
3
1
1
1
2
1
4
7
1
2
2
2
5
21
2
1
7
6
5
1
5
5
2
2
15
6
1
5
6
23
1
2
25
5
1
6
1
1
3
1
1
1
3
8
1
2
1
1
4
3
2
3
2
2
4
5
3
1
2
8
1
1
1
4
4
1
1
1
2
12
4
5
3
6
30
2
2
3
4
5
4
30
5
1
1
2
4
4
6
3
2
1
4
2
2
1
1
1
8
2
2
9
7
8
1
3
2
3
1
1
16
3
12
1
6
1
10
4
28
3
3
3
4
6
8
2
1
7
1
3
1
2
1
5
4
6
3
1
5
2
1
10
5
17
10
14
17
1
1
2
2
1
1
1
15
2
3
6
1
2
1
2
4
2
6
12
15
1
6
1
2
1
5
3
9
5
7
2
1
1
1
2
3
2
11
1
1
3
2
2
4
19
1
20
3
4
1
5
1
2
1
2
1
9
3
9
18
1
4
11
1
2
8
4
2
14
18
1
3
3
10
3
13
2
2
1
7
11
1
2
2
1
4
1
1
1
1
1
2
1
18
1
5
2
2
1
10
27
6
2
1
1
3
10
7
1
2
11
2
1
6
2
3
2
12
5
14
2
1
3
4
4
1
5
2
1
1
1
1
1
5
4
4
4
1
8
1
1
3
9
5
3
7
4
4
1
11
1
1
1
6
3
5
12
22
9
27
1
2
4
1
3
6
1
1
4
2
8
1
1
6
2
3
31
4
4
6
6
1
2
1
5
1
2
1
2
3
4
6
5
2
5
1
6
8
1
2
2
1
17
7
1
5
6
4
3
2
1
2
3
12
1
1
7
2
2
1
22
1
4
4
3
1
4
2
2
1
1
4
12
2
1
3
3
2
12
1
1
1
9
5
8
1
2
1
2
1
1
3
1
12
2
3
2
4
2
1
2
1
3
13
3
7
1
8
32
14
4
1
2
4
1
1
4
3
3
1
11
15
5
1
2
2
1
9
2
2
1
2
8
3
1
6
3
5
6
6
7
12
11
4
9
11
2
1
1
22
7
6
1
16
7
3
1
3
1
7
1
6
2
2
1
6
2
1
4
1
1
1
3
9
1
2
1
4
1
2
4
3
2
3
3
12
2
1
1
16
6
7
1
2
1
2
24
1
21
2
5
1
4
3
2
1
2
4
2
4
1
7
2
11
1
1
8
2
4
5
1
2
11
3
1
1
5
7
1
3
8
2
1
6
1
1
1
11
13
1
1
1
1
2
1
2
2
4
2
1
2
2
23
2
7
3
4
1
8
6
12
1
7
2
2
1
5
1
2
2
5
1
6
35
1
6
2
1
1
3
1
1
6
1
1
4
1
1
6
2
3
1
15
1
2
2
34
1
4
1
9
13
1
6
11
2
5
1
7
13
3
3
2
2
20
1
3
3
2
3
1
4
5
2
6
6
17
1
1
1
7
3
1
1
2
28
4
7
14
1
5
3
1
5
1
1
1
11
3
2
3
4
9
1
8
1
10
3
3
1
4
1
3
1
2
8
6
2
1
2
1
5
2
11
3
2
3
7
3
6
3
3
1
7
2
3
1
6
3
13
3
1
11
3
3
7
2
8
1
8
2
10
1
16
3
5
4
6
1
6
2
1
8
14
3
7
9
3
2
4
2
2
4
3
2
1
3
4
1
2
4
2
13
1
3
4
11
4
1
2
22
4
7
3
4
5
2
11
7
2
1
3
1
3
53
8
2
5
2
1
3
1
7
13
6
1
2
5
2
3
2
5
1
1
1
2
1
1
3
1
3
3
10
14
2
1
7
2
1
5
1
2
1
2
1
2
11
17
2
3
1
4
2
6
1
3
3
1
2
7
4
3
2
5
2
2
1
3
1
3
2
6
9
1
17
3
1
7
8
1
3
8
4
17
10
6
4
6
1
2
1
2
5
1
1
2
2
2
2
2
2
1
2
3
1
5
3
2
1
4
1
2
1
4
2
9
1
24
1
2
11
3
7
28
1
6
1
1
11
1
4
4
2
2
2
15
1
2
2
1
4
20
3
2
3
3
1
1
2
11
6
1
1
5
6
6
2
1
6
12
11
3
3
2
7
2
4
6
8
2
1
5
3
15
2
1
3
6
3
3
3
7
3
2
1
18
2
7
9
2
1
1
1
5
5
1
7
11
6
3
2
3
4
2
3
3
2
2
8
1
1
1
1
4
2
3
1
1
1
1
1
1
3
10
1
1
21
14
2
3
1
1
1
1
4
4
10
10
2
4
1
1
8
3
8
1
3
2
9
2
2
2
6
1
2
2
42
8
4
3
2
1
2
1
4
11
1
1
2
12
9
1
21
15
1
4
2
4
27
1
4
8
3
7
1
1
3
1
1
23
1
2
1
5
5
10
7
2
5
1
1
1
2
5
5
3
1
4
7
2
2
7
1
7
2
5
13
1
2
1
6
3
2
3
2
1
13
6
3
1
15
1
1
5
6
2
11
1
2
1
3
6
7
9
1
1
32
1
31
12
3
4
2
7
1
1
7
3
2
7
3
1
2
1
2
1
6
2
1
2
2
5
1
1
14
8
2
4
7
1
4
3
4
8
7
6
2
1
2
1
3
1
3
8
3
1
10
7
3
8
1
2
11
1
3
2
3
1
4
2
3
3
1
1
3
3
1
3
2
8
1
1
1
7
6
1
10
1
1
2
1
4
8
14
15
2
9
2
1
4
4
6
1
14
4
10
23
2
1
3
2
18
3
1
2
2
49
2
23
8
33
1
1
2
2
21
1
1
1
2
6
6
1
1
4
1
17
1
5
3
2
1
5
3
1
8
4
5
1
6
3
3
1
13
5
5
1
1
2
5
6
4
15
2
2
1
5
2
1
1
11
1
20
4
1
7
3
2
2
3
13
4
4
4
3
2
1
16
3
1
12
3
2
2
4
1
2
1
1
4
1
3
3
1
3
3
4
3
2
2
1
5
2
2
7
3
1
2
5
1
17
1
3
6
2
2
4
1
1
5
5
2
2
4
2
10
7
3
3
3
1
12
3
1
8
2
1
1
1
2
2
4
4
5
2
1
1
1
1
6
6
3
16
1
3
1
9
1
1
2
5
2
8
16
2
6
1
2
2
1
1
1
1
2
12
3
1
1
3
21
7
1
23
8
7
3
2
2
15
12
3
1
1
3
10
11
2
2
4
10
16
6
8
3
2
4
6
6
1
3
6
2
6
22
2
6
5
2
1
4
22
2
1
1
4
1
2
1
2
2
4
1
2
1
1
1
1
2
1
2
8
1
3
5
2
4
3
37
2
1
2
1
4
2
2
2
1
5
2
2
7
3
3
1
1
1
1
2
1
9
10
5
4
1
6
1
2
1
1
5
1
2
2
12
4
1
16
4
3
2
2
4
1
2
3
1
8
8
15
6
2
10
2
6
2
1
6
9
35
11
2
1
1
6
3
2
2
2
15
17
8
3
2
2
1
23
4
1
5
1
10
5
9
1
1
4
1
1
1
1
2
6
14
7
17
2
1
1
5
1
1
6
7
2
3
1
10
4
2
1
2
4
2
3
3
4
15
18
6
2
6
1
3
3
1
10
1
5
2
4
7
2
21
5
2
22
4
1
28
6
2
6
3
7
7
1
26
4
1
2
1
20
1
3
2
8
2
3
6
1
2
2
2
1
2
2
1
6
6
4
2
3
14
1
1
2
1
5
1
2
3
1
7
14
13
33
2
6
1
8
2
18
4
2
2
39
7
4
5
6
2
5
5
1
1
12
2
3
5
4
2
8
4
6
2
7
4
2
1
4
3
1
4
6
7
13
1
2
4
1
3
6
13
6
1
5
1
1
2
17
2
1
1
5
2
1
3
11
1
2
3
1
1
6
5
2
1
2
1
1
5
4
4
19
1
11
6
3
8
4
5
3
1
1
10
2
1
1
10
4
1
6
2
8
1
2
2
15
3
10
3
2
16
1
13
1
6
1
1
1
2
4
2
1
4
3
4
1
7
1
2
1
8
3
4
4
10
2
3
4
14
4
8
4
1
3
1
24
1
6
1
2
1
1
1
1
2
1
6
1
1
1
2
9
9
5
42
1
1
14
6
6
4
1
3
11
17
1
1
4
3
1
3
3
5
5
5
4
4
2
16
3
2
4
9
6
8
1
16
6
3
15
2
4
7
3
1
1
1
7
3
2
2
1
3
5
2
1
6
2
