2
12
1
1
17
1
3
4
15
21
4
7
1
1
1
20
8
1
3
5
3
43
28
1
5
3
16
2
13
5
1
4
7
2
2
9
2
14
4
2
7
54
5
10
8
6
5
3
6
6
5
9
48
3
7
14
1
1
4
10
3
2
11
12
16
4
2
5
2
4
3
1
1
8
1
16
3
11
39
1
16
2
4
4
2
7
1
5
2
3
4
1
3
5
11
1
2
3
1
1
6
15
54
1
7
6
4
1
4
17
17
5
3
1
4
3
2
3
1
6
52
1
1
2
2
3
2
1
1
4
1
3
5
7
4
6
1
3
1
3
6
2
15
2
21
1
38
4
1
2
6
6
2
2
3
1
8
4
34
2
1
1
24
5
17
12
1
1
3
2
1
16
2
14
1
25
16
10
7
1
2
1
2
3
11
25
2
1
8
2
4
1
2
6
2
1
8
1
10
3
12
2
1
11
44
4
2
1
1
1
2
2
2
3
5
2
12
1
8
23
2
1
1
1
4
4
1
3
1
6
2
2
58
8
12
1
49
11
9
23
2
6
7
3
3
1
157
7
1
36
3
37
8
31
1
1
2
16
19
3
17
1
1
2
13
21
1
2
3
3
1
2
1
1
1
1
1
10
2
27
1
2
2
2
6
5
8
30
69
4
4
7
1
3
1
1
1
2
3
73
6
8
2
1
2
4
3
14
26
7
7
3
1
3
6
4
38
1
7
1
27
1
10
13
2
1
21
10
1
2
2
2
9
3
2
26
1
3
9
7
1
3
7
3
10
22
3
1
3
8
4
2
2
26
1
62
9
15
3
7
7
1
22
2
24
2
24
12
2
1
3
5
1
1
61
42
3
7
1
1
3
1
1
5
6
3
19
6
4
7
18
4
1
1
5
6
7
8
21
1
26
3
10
43
3
2
2
6
6
57
1
2
9
3
19
1
1
2
4
4
7
11
18
6
7
4
1
22
4
4
1
12
1
4
19
9
1
5
7
11
1
2
19
5
4
6
1
4
3
8
2
9
10
3
2
33
14
1
14
1
5
29
1
3
27
10
2
1
10
4
5
4
4
2
8
1
1
5
2
17
2
6
4
19
2
5
7
22
3
18
90
17
2
8
1
2
4
1
29
5
1
4
9
1
1
2
1
1
7
4
4
2
1
2
1
12
3
2
28
1
1
1
1
10
2
1
2
4
21
1
2
9
6
1
5
8
1
126
1
11
2
25
3
2
1
2
3
2
1
6
6
20
6
3
18
41
1
13
4
6
1
3
2
24
1
4
15
2
26
1
1
1
6
1
1
24
20
42
3
8
29
3
1
90
3
8
1
4
7
1
9
17
1
1
11
14
1
2
3
8
4
1
2
1
8
17
13
8
1
1
15
7
50
3
5
2
1
3
2
3
2
32
3
2
6
1
5
2
1
2
5
2
1
1
3
5
28
1
6
1
1
1
3
5
3
1
6
1
9
3
6
28
1
21
10
12
26
19
10
1
4
2
15
1
77
3
1
5
22
1
3
17
2
2
2
2
7
2
2
5
2
1
1
3
1
6
1
2
1
10
1
2
2
17
2
1
1
9
4
10
2
22
5
9
4
3
1
2
12
20
1
2
37
1
46
1
6
1
1
3
1
10
21
26
2
3
6
7
20
5
1
2
18
4
13
1
12
2
1
7
3
6
6
25
10
4
1
1
1
21
3
13
1
1
26
2
7
6
1
16
2
2
2
3
4
1
1
18
1
2
14
3
5
1
1
2
1
17
9
22
1
50
1
3
3
2
1
3
11
5
12
5
14
7
14
1
4
5
15
1
1
3
5
2
2
5
1
3
1
2
1
1
2
2
2
2
24
10
2
13
2
4
1
3
18
3
2
16
1
10
8
5
1
3
3
4
4
2
1
2
6
4
1
5
5
3
1
5
7
7
5
9
4
2
1
14
1
1
1
24
5
3
1
2
2
20
1
9
1
1
5
1
7
124
1
11
13
12
4
3
4
23
2
3
2
1
5
2
8
2
2
3
1
1
1
6
3
3
26
37
2
1
3
12
1
1
29
10
2
1
2
2
3
1
22
2
36
6
53
1
53
1
2
6
1
3
2
2
2
8
2
2
1
17
2
3
1
21
4
10
1
1
2
25
3
7
26
1
2
3
3
4
2
5
1
19
2
3
7
12
14
5
2
2
10
1
3
3
11
12
8
34
1
2
5
18
6
2
6
2
18
4
31
2
5
4
2
2
29
2
26
1
2
3
2
1
2
1
2
1
35
1
1
4
3
1
1
7
4
4
11
1
4
2
3
3
7
2
1
3
17
2
1
8
2
4
2
8
1
1
10
7
2
12
1
6
4
2
2
5
3
1
1
2
5
1
4
3
4
4
5
3
7
3
13
10
11
2
14
2
2
2
6
1
2
12
1
7
2
67
16
1
3
6
3
2
20
21
3
3
10
4
4
3
1
9
9
1
1
3
6
11
2
15
25
10
1
2
2
1
37
6
2
4
3
4
8
3
6
2
11
1
18
6
38
63
1
5
5
5
1
7
5
4
1
2
32
11
1
3
2
7
2
1
2
1
9
3
1
7
6
2
1
1
1
2
3
4
2
1
4
1
1
1
9
8
2
12
1
7
1
19
1
1
20
135
4
15
8
1
8
6
10
1
3
1
1
2
8
1
7
9
16
3
3
42
12
1
17
3
1
2
1
2
5
2
5
11
8
43
5
45
26
6
1
1
5
3
2
6
1
2
18
2
2
1
8
17
10
93
1
14
3
2
1
1
7
5
4
6
11
15
1
20
39
1
39
16
7
1
5
1
21
2
2
9
15
2
2
29
10
1
1
2
8
3
10
1
3
2
23
19
1
1
8
72
3
4
9
3
1
2
1
9
1
19
3
3
1
3
1
2
2
2
3
1
1
2
2
17
1
10
28
8
4
4
3
1
1
19
1
3
10
8
2
2
5
4
1
3
3
7
10
37
26
1
2
2
2
1
9
35
1
10
70
34
4
3
1
4
1
4
23
4
2
4
1
27
8
1
3
8
1
1
3
3
15
1
22
2
2
6
19
2
8
9
1
1
2
2
1
21
1
25
46
4
2
2
1
2
19
1
1
3
9
2
22
3
8
5
8
1
49
3
16
4
1
8
1
7
31
33
40
1
3
1
37
1
5
3
23
3
2
23
22
1
4
2
2
1
1
2
1
4
2
1
1
1
27
2
5
1
6
1
3
5
2
2
7
2
2
4
1
9
9
2
1
3
2
5
7
1
1
7
4
1
5
5
1
1
16
2
139
1
1
18
1
10
26
10
1
5
1
3
1
5
6
1
1
23
5
3
1
6
2
1
2
7
1
4
2
1
1
2
1
1
1
30
3
3
1
10
7
4
5
4
22
1
9
2
1
8
9
2
1
2
9
1
1
1
9
5
3
5
100
1
1
35
3
3
1
6
1
24
2
1
2
3
4
19
3
1
20
4
2
1
1
14
1
4
29
1
1
3
1
1
2
6
32
1
2
6
2
4
2
3
1
8
2
21
5
2
5
3
9
1
11
1
1
1
11
5
2
1
7
8
3
5
1
4
24
9
16
7
22
2
31
10
6
4
5
1
1
3
4
1
20
36
3
7
2
6
2
2
24
2
7
10
1
2
1
9
2
30
7
2
4
2
3
4
2
1
2
2
1
1
1
2
14
26
3
1
3
1
12
2
2
1
18
2
1
1
1
8
29
3
4
13
6
1
1
1
3
2
2
9
53
1
1
1
6
2
3
7
1
4
7
7
9
10
2
1
1
1
6
1
1
6
5
5
12
5
5
5
19
39
1
71
1
2
7
25
18
3
7
3
4
2
3
22
2
1
4
5
6
1
4
1
3
4
3
1
4
2
18
13
2
1
1
4
3
3
8
1
101
2
6
16
12
19
5
1
4
14
5
13
24
1
7
55
10
16
2
1
5
1
16
10
1
4
8
2
16
36
2
1
1
1
24
12
6
2
3
2
1
19
1
4
2
2
1
15
1
3
51
41
1
9
1
4
1
8
8
19
2
2
2
1
9
2
60
3
8
5
2
21
3
1
1
15
25
86
1
1
1
2
5
6
4
8
2
6
3
1
6
3
1
12
2
10
1
5
4
7
1
3
5
2
4
2
4
2
1
45
1
18
17
3
2
4
1
12
25
2
17
1
10
6
32
20
1
10
1
5
1
5
1
1
1
5
2
3
3
14
2
3
2
4
1
4
8
1
7
2
2
1
1
1
4
7
8
1
1
3
3
4
1
6
8
5
27
8
1
4
36
4
4
2
2
2
3
2
2
31
1
18
5
1
1
17
1
5
1
4
4
2
3
9
2
23
2
143
26
15
2
7
3
1
3
101
18
1
2
5
11
1
1
23
2
1
2
6
10
3
3
4
7
3
2
5
2
5
1
2
3
11
4
5
52
4
1
1
2
4
61
5
22
44
2
9
76
6
7
2
2
2
1
3
1
16
4
4
1
42
4
6
4
1
1
3
33
19
4
3
8
2
15
2
2
3
1
1
3
3
2
1
2
1
4
7
19
1
10
4
7
19
3
15
3
5
4
7
6
7
2
1
1
10
17
1
1
8
2
1
1
4
10
13
8
2
1
11
29
7
2
5
1
5
2
14
1
1
2
25
6
6
2
2
3
4
1
2
1
2
6
3
2
5
2
1
154
12
1
5
11
3
3
4
2
4
3
8
10
3
7
2
16
1
146
3
5
7
3
17
13
3
1
3
1
7
10
1
4
3
1
2
1
2
3
2
8
19
11
25
6
2
4
8
5
2
3
8
2
10
1
1
10
11
7
15
2
15
1
12
3
2
2
1
6
14
8
3
1
6
17
1
8
1
6
1
3
3
1
3
1
4
6
2
24
8
4
2
19
3
4
1
5
3
14
10
8
15
22
1
19
7
1
5
1
7
2
9
2
5
1
1
3
9
1
3
4
3
5
16
1
2
8
1
1
5
1
26
1
4
1
1
4
106
6
17
14
8
5
2
15
2
2
8
5
3
1
25
7
3
2
1
33
5
7
4
5
10
2
4
1
41
16
1
2
14
1
7
3
2
2
8
10
1
5
2
5
2
4
3
10
9
16
37
2
1
2
20
1
8
1
2
5
2
2
1
10
1
6
13
19
5
1
6
2
12
15
7
2
46
1
2
3
1
11
2
4
3
1
1
2
1
6
11
12
14
2
2
5
5
75
1
18
14
12
1
3
3
2
11
32
1
4
7
6
3
1
1
1
2
4
1
34
3
23
16
5
2
8
5
1
9
1
2
1
2
8
51
3
11
4
3
1
13
1
1
18
4
3
2
1
18
3
6
23
2
1
2
1
11
2
4
1
2
7
5
1
5
8
2
20
9
1
2
1
3
4
5
1
1
1
3
1
2
1
4
4
5
2
5
3
1
9
4
1
4
1
1
14
1
2
4
4
9
15
3
2
29
2
1
5
14
3
1
17
6
6
3
4
2
6
11
5
7
2
11
3
15
10
22
30
9
2
2
3
1
34
3
5
2
1
4
3
1
1
1
1
1
2
5
3
2
2
5
1
1
29
10
1
1
4
2
6
22
5
4
27
2
1
1
22
4
40
18
6
3
2
2
2
2
3
3
3
4
1
2
12
5
4
3
1
4
19
4
3
2
1
3
1
4
8
5
1
10
1
5
1
4
2
4
1
2
3
11
2
1
30
4
4
1
6
16
47
6
4
1
7
53
2
2
11
2
10
14
1
28
5
2
4
1
4
2
2
2
1
3
5
2
3
1
15
2
8
7
2
18
3
3
4
8
3
1
4
1
2
12
7
5
1
1
19
1
7
1
1
3
6
20
1
5
21
39
1
1
1
2
3
1
2
2
3
40
34
2
2
4
21
1
2
4
1
4
4
18
2
3
7
15
13
5
11
4
1
1
3
9
2
2
18
8
1
11
11
9
36
5
4
2
2
1
2
11
3
2
146
1
1
4
3
5
55
3
13
4
1
1
1
3
10
1
1
2
9
18
2
1
2
6
1
1
1
3
1
20
1
18
38
2
2
1
22
4
12
11
6
40
2
2
17
1
4
16
1
20
4
2
13
3
1
1
2
2
20
22
14
17
1
5
1
7
5
10
15
28
1
3
7
2
3
22
7
1
5
7
7
4
2
2
19
5
1
4
5
1
19
9
1
1
2
10
6
10
32
9
2
1
31
5
1
2
7
2
3
28
1
4
9
147
2
2
2
15
16
2
7
1
1
59
2
8
1
33
12
1
9
1
2
3
26
3
16
3
8
4
12
1
1
1
22
78
4
22
3
29
1
8
3
1
2
1
1
2
8
11
45
9
1
2
4
1
12
1
4
2
3
2
1
6
8
1
2
1
2
7
2
1
7
2
1
3
2
8
2
2
3
2
10
1
3
3
1
3
3
13
1
1
5
2
15
2
16
15
3
108
17
1
2
7
1
2
10
16
20
3
1
93
14
32
2
1
19
2
7
2
3
1
2
22
1
8
2
2
6
4
10
5
1
14
22
1
2
7
1
1
6
8
10
5
3
21
75
4
1
18
5
3
1
1
12
4
5
8
2
27
1
1
9
11
3
4
2
1
10
4
2
2
1
3
1
2
3
1
2
6
4
6
2
1
1
36
2
1
1
2
2
1
2
13
8
7
5
1
3
22
38
1
2
3
5
1
1
1
5
7
2
137
2
2
1
2
1
40
1
7
5
4
2
1
5
13
6
17
2
2
2
3
10
1
33
2
2
3
2
3
2
1
12
4
1
10
7
16
36
1
1
1
3
2
3
20
4
1
2
14
4
5
4
3
18
5
2
4
4
1
1
1
16
1
2
4
1
15
6
2
14
12
3
42
2
20
25
1
1
16
2
1
22
1
6
5
4
1
5
1
17
25
1
32
2
1
22
1
3
8
6
4
23
5
4
1
4
1
2
2
28
1
1
2
1
4
2
1
9
5
3
10
12
44
16
1
2
9
10
1
1
113
1
3
4
7
2
1
8
9
21
14
8
3
19
1
1
3
42
4
9
32
1
11
19
2
4
17
1
1
4
6
18
11
1
5
7
4
1
6
4
2
13
9
5
4
7
1
2
2
3
1
7
31
1
1
15
1
2
13
2
1
2
9
2
6
4
2
1
1
2
3
1
6
2
2
3
2
3
3
5
23
1
1
11
3
1
9
1
1
3
3
3
5
3
37
1
2
3
4
6
3
2
2
4
33
11
2
2
2
2
1
31
2
2
4
2
7
1
5
18
7
1
10
4
6
13
5
11
2
3
1
5
6
2
4
2
5
1
3
1
1
9
1
15
6
2
2
1
2
2
1
1
2
4
1
1
6
2
5
3
5
155
2
10
3
8
1
2
7
3
4
1
5
2
4
1
4
1
6
11
43
1
1
1
6
3
10
1
1
12
140
18
1
4
1
16
1
1
1
6
3
5
5
20
6
4
4
1
1
27
3
17
1
8
1
3
2
3
6
4
3
7
9
3
14
5
1
1
1
1
1
1
9
12
1
3
2
10
4
2
3
1
6
1
1
13
2
5
18
8
1
1
18
9
2
6
4
4
154
4
15
1
2
2
3
4
4
3
54
12
15
7
2
4
10
25
3
4
1
2
5
3
2
1
3
47
2
1
7
11
29
2
3
1
2
18
10
1
1
1
1
6
10
1
1
11
2
8
4
6
22
3
1
1
1
1
4
3
2
1
3
7
3
2
17
26
2
4
7
20
7
2
2
6
5
6
1
8
1
1
4
5
22
2
6
4
1
2
1
12
3
42
1
4
59
2
3
2
1
3
1
5
4
3
4
6
4
1
1
1
3
1
1
24
2
1
2
13
33
2
3
5
6
1
1
5
3
8
14
24
15
6
1
4
40
2
7
1
2
5
34
2
11
1
1
2
1
6
5
3
19
4
2
4
2
3
15
13
5
1
22
10
3
42
9
2
1
4
1
1
3
2
1
1
4
1
69
9
3
1
3
1
19
4
2
7
6
23
7
2
1
2
22
2
1
2
2
15
2
3
8
8
5
1
1
6
8
1
5
2
2
2
7
1
1
1
2
4
1
12
1
1
24
