41
12
1
191
56
4
1
2
1
6
21
68
5
2
15
10
103
84
16
3
210
4
2
60
32
18
11
3
12
61
21
16
3
10
13
37
3
14
3
79
295
70
1
4
25
30
85
1
14
9
73
4
45
41
66
2
54
35
52
41
1
20
1
22
115
129
2
141
3
1
161
330
459
202
1
345
9
8
6
11
137
43
21
50
28
5
14
27
145
143
9
324
1
80
103
38
31
35
4
4
18
4
12
10
185
137
100
5
4
134
91
3
12
3
10
26
71
6
5
84
87
8
52
45
201
32
3
5
9
5
5
50
4
9
93
114
1
267
50
81
118
5
9
3
104
25
7
2
5
3
62
1
1
4
6
5
33
1
3
1
21
8
11
1
14
8
2
2
7
2
6
21
14
20
4
3
29
2
4
35
48
8
2
6
3
174
3
20
13
50
150
17
1
2
37
391
57
78
3
5
82
2
31
6
92
9
7
297
33
10
7
3
7
5
16
35
139
417
4
24
96
4
30
1
120
3
2
10
18
13
1
309
2
26
18
125
18
317
8
221
4
6
56
10
37
10
2
2
5
4
8
37
338
54
29
4
1
2
39
29
1
30
152
110
27
3
5
179
32
8
87
1
444
80
6
13
2
3
10
1
4
1
4
1
1
10
2
11
26
184
85
43
4
12
15
21
24
223
1
5
74
1
72
32
16
3
29
8
3
39
2
10
128
8
8
12
223
35
12
28
160
21
61
116
48
14
4
2
44
95
1
9
2
1
37
3
1
59
91
20
17
24
1
4
1
4
11
5
16
66
1
3
2
4
158
4
6
6
3
6
8
3
9
26
1
115
11
11
365
294
8
93
16
3
62
2
204
1
62
3
19
1
1
9
4
5
2
127
18
6
51
8
103
100
2
2
10
7
1
1
19
180
18
71
15
26
35
12
31
13
3
1
22
29
8
3
2
94
6
320
228
17
9
2
1
16
39
3
37
2
150
12
2
78
4
5
1
75
37
19
3
4
40
7
3
26
139
4
86
101
88
144
29
64
2
30
2
16
5
1
1
315
87
7
52
7
67
3
12
72
8
141
27
17
71
44
20
113
1
16
83
26
300
141
11
9
158
2
3
12
4
16
70
1
14
1
30
6
10
1
76
9
12
8
1
5
65
18
102
3
36
49
3
14
71
109
8
1
53
4
22
2
23
2
41
66
2
7
2
89
57
1
43
211
8
70
5
14
17
2
402
29
13
13
39
1
1
169
7
36
21
17
1
4
3
3
59
23
10
20
6
1
5
10
225
81
8
73
31
53
52
9
1
434
8
22
20
172
3
12
21
6
5
9
16
153
11
3
46
2
2
2
11
9
6
11
137
4
3
6
5
468
104
30
2
14
1
58
96
2
131
16
7
199
2
5
20
122
7
12
4
191
83
16
99
101
401
11
3
3
163
8
36
205
34
4
27
2
4
1
20
18
72
134
3
248
28
24
49
25
1
10
1
34
15
46
34
83
73
8
3
2
19
12
53
13
1
52
18
97
16
19
91
10
4
48
33
6
14
15
4
58
186
121
33
22
43
9
142
156
10
23
89
11
7
73
5
82
134
148
3
7
107
4
75
11
7
15
120
22
95
249
89
90
16
2
2
2
3
369
1
85
42
52
2
5
2
29
46
27
49
54
15
15
92
61
11
174
3
8
66
139
36
2
22
434
62
1
54
215
110
94
14
1
61
3
42
66
51
27
38
20
23
47
17
62
2
249
8
10
2
2
5
1
1
254
58
47
2
10
141
27
6
54
34
1
14
7
71
2
13
37
106
2
25
103
3
3
16
11
2
102
51
155
18
17
16
9
26
42
97
70
4
123
79
71
17
35
6
1
36
144
23
4
10
24
2
84
24
9
5
1
7
26
26
24
63
23
117
157
17
17
2
1
89
32
2
1
323
4
7
1
22
64
201
16
171
36
5
224
12
21
481
10
6
1
123
4
55
260
80
6
2
2
22
13
179
59
69
2
19
3
118
229
110
32
13
47
94
12
19
1
2
1
1
172
3
17
221
2
14
73
110
34
35
2
15
8
1
241
256
15
29
156
3
27
5
5
10
6
131
9
21
22
95
3
5
43
148
77
31
4
2
45
2
1
2
28
14
3
2
2
5
2
34
56
42
8
1
21
4
29
72
15
239
1
3
124
31
409
114
31
2
128
9
57
381
17
24
3
135
7
11
33
30
26
14
27
63
110
4
103
8
29
10
51
1
12
39
2
72
16
34
36
5
16
1
1
174
3
160
29
9
6
27
11
18
8
24
1
21
16
46
102
6
1
28
10
9
9
4
2
25
115
1
24
6
33
23
15
13
2
20
36
36
1
23
3
31
5
22
19
245
87
2
18
4
14
176
135
52
5
39
201
70
21
3
25
1
1
121
110
191
14
4
15
6
2
15
37
28
96
2
5
373
7
6
3
111
6
182
49
3
4
5
62
41
2
7
15
111
26
3
4
28
76
29
48
27
40
30
140
8
72
2
21
16
4
2
4
41
186
11
1
57
81
7
22
171
1
174
2
50
8
2
15
11
28
1
4
1
4
21
18
71
83
5
18
58
8
32
3
190
386
279
7
80
82
54
36
40
11
27
256
15
20
1
46
23
23
5
16
93
61
54
1
7
2
25
34
31
4
18
124
11
60
49
12
116
187
10
1
5
16
18
4
14
72
271
6
16
37
8
9
38
2
52
4
8
2
37
16
4
12
21
39
315
13
6
7
2
84
42
31
12
2
51
127
46
50
102
6
28
20
2
3
15
87
23
10
1
77
33
77
30
104
7
160
7
46
2
121
68
15
3
15
473
9
1
147
174
2
7
114
14
11
7
5
15
244
22
45
86
12
1
177
22
2
33
10
40
34
10
23
22
1
17
18
2
37
199
20
170
13
1
5
67
11
23
24
21
3
1
52
29
36
1
25
118
8
98
1
3
15
25
2
61
5
16
27
1
5
1
11
2
4
19
2
1
69
9
1
61
4
2
7
15
135
34
36
19
69
175
1
2
1
26
79
3
28
52
12
166
4
9
20
99
49
3
10
14
5
59
42
4
20
26
7
22
20
3
31
30
138
29
65
225
34
26
52
219
93
31
4
15
83
9
96
8
18
3
108
6
25
24
20
6
1
83
3
2
378
52
2
346
32
7
15
80
2
128
48
41
3
5
23
34
95
12
171
15
2
145
219
34
69
2
17
59
9
264
24
10
2
90
212
31
155
2
22
76
3
13
11
4
1
282
6
4
3
30
6
15
2
1
27
26
3
41
9
62
12
2
30
72
1
341
3
2
1
26
5
16
32
4
7
67
375
1
14
24
1
29
96
116
9
297
6
33
395
4
10
24
295
1
7
97
136
40
165
1
17
14
8
79
4
26
13
31
6
40
117
5
3
1
109
65
1
4
21
4
1
145
39
9
10
7
2
209
11
9
2
27
5
163
11
4
9
4
4
65
67
68
2
146
11
10
118
5
1
2
334
3
33
2
89
5
248
45
8
6
6
1
159
249
121
67
231
34
28
5
2
12
16
4
2
4
5
7
4
7
2
10
330
60
17
2
2
71
3
5
99
2
1
17
38
28
18
1
1
13
65
418
24
26
24
6
54
1
7
1
1
1
92
414
3
149
1
10
2
1
104
32
19
142
1
5
28
1
52
53
24
26
204
5
194
1
86
246
176
7
8
23
42
6
1
45
22
5
32
98
26
39
131
3
5
1
6
11
16
28
45
57
50
14
97
65
41
2
8
10
70
2
5
130
4
3
3
37
1
89
2
206
3
25
119
2
131
16
10
8
2
75
1
4
94
9
54
294
8
1
43
13
11
4
16
12
218
2
10
5
157
41
47
6
4
1
26
2
72
2
61
4
3
105
10
106
48
215
2
3
19
136
51
50
1
38
317
2
5
