1
166
44
9
1
13
14
64
113
193
16
170
30
17
2
67
2
263
189
23
1
382
90
195
68
30
223
1
96
5
15
55
235
173
31
26
364
178
55
45
204
63
1
328
27
10
203
14
242
72
4
40
42
34
54
154
26
3
195
53
57
9
29
17
29
261
22
2
360
7
9
105
1
19
27
89
106
9
41
141
13
134
14
72
2
3
21
17
19
98
83
6
201
15
16
23
17
65
99
83
33
16
6
99
1
291
85
39
135
135
32
4
70
46
38
100
18
8
3
2
6
93
154
367
28
121
38
32
112
63
3
4
6
36
150
34
9
19
21
71
40
8
129
8
4
3
47
18
104
260
117
48
152
1
193
2
131
120
39
16
156
82
202
19
1
78
1
85
4
4
73
16
106
21
81
19
1
224
2
3
4
120
40
60
213
110
154
207
5
8
70
141
27
18
14
29
14
34
18
113
1
24
41
26
205
1
28
17
40
42
4
66
30
99
129
11
55
57
54
77
100
12
6
218
63
1
40
13
19
153
13
11
87
43
60
27
138
5
151
99
17
38
19
63
1
82
3
28
22
1
4
24
13
6
17
55
148
11
16
151
31
63
60
2
55
20
21
172
7
58
3
426
117
38
1
10
5
11
13
6
156
53
55
36
1
9
15
152
197
144
13
1
8
39
5
1
108
28
1
36
4
4
159
23
66
3
1
108
47
42
16
17
55
46
2
25
28
10
1
14
229
15
1
111
8
71
4
22
172
7
54
15
65
31
47
85
20
53
8
1
126
31
152
134
1
67
24
171
29
5
1
6
42
17
22
28
54
28
4
6
5
34
361
62
20
11
113
12
16
2
9
11
19
189
119
38
4
6
11
20
34
55
28
9
32
118
26
84
17
47
48
1
8
16
6
8
44
33
1
3
7
175
130
1
59
3
94
143
159
230
10
14
192
1
139
14
131
31
7
58
37
7
93
12
45
21
7
8
9
24
4
46
1
178
29
61
36
13
82
19
83
34
113
6
8
14
278
82
76
59
134
14
15
12
123
97
274
31
53
20
17
54
39
64
122
342
7
55
1
2
5
24
207
136
484
32
5
209
7
344
93
59
272
21
22
1
395
204
216
1
50
31
9
16
68
4
64
6
19
111
37
4
67
76
8
414
147
7
195
165
216
8
21
7
104
173
9
32
34
65
126
31
51
5
7
22
127
7
8
39
103
14
136
2
6
4
1
1
3
8
7
95
221
1
404
2
228
1
94
7
8
146
21
244
129
20
14
45
62
19
104
315
14
4
1
1
1
50
8
3
79
1
177
1
18
54
1
7
204
134
198
4
18
10
20
30
103
25
76
14
19
42
87
15
1
3
41
23
46
42
4
89
3
81
35
17
56
74
68
7
1
167
97
61
176
52
86
21
1
2
5
6
37
5
24
17
5
31
14
32
32
8
20
25
7
28
17
161
27
1
108
13
118
80
3
6
94
8
39
1
260
54
288
9
88
2
14
38
1
88
1
263
3
1
13
1
7
38
76
12
90
91
19
29
42
124
14
177
26
46
1
4
1
2
3
4
10
187
7
91
18
38
3
27
25
45
102
10
2
40
6
2
10
95
102
8
24
1
2
41
13
10
1
124
66
33
7
30
28
47
8
52
237
18
48
180
32
57
274
23
38
7
111
23
13
7
2
101
2
44
133
12
5
18
4
12
56
72
7
14
8
25
39
14
6
118
2
5
231
13
10
245
148
1
22
1
1
8
162
226
4
71
26
189
21
44
29
2
12
280
30
21
72
70
50
24
38
195
24
56
40
4
124
39
15
4
16
260
475
4
66
67
33
8
2
35
62
31
73
1
38
13
1
26
60
107
60
133
182
47
138
57
147
112
212
105
36
221
130
31
35
9
6
14
61
58
376
63
47
309
235
14
8
4
8
36
101
83
22
12
13
2
74
14
1
11
178
45
13
55
38
24
71
26
1
8
4
23
1
25
56
22
1
4
5
45
1
49
3
3
3
170
115
6
5
325
5
24
7
1
42
104
44
45
42
8
80
5
76
172
263
1
33
3
221
1
106
4
28
6
7
33
7
6
4
6
25
148
92
15
3
21
115
5
34
1
2
1
58
53
34
93
8
11
230
108
10
2
63
168
11
2
139
122
24
68
39
4
72
24
25
37
25
2
7
92
163
52
7
25
49
108
36
6
39
1
79
338
81
18
31
66
119
38
1
26
18
69
159
62
7
70
5
249
134
36
44
2
2
8
31
2
10
101
1
27
3
38
5
4
11
5
59
30
36
26
4
65
16
1
63
3
378
7
260
2
116
1
83
125
8
2
22
159
60
1
232
16
175
46
314
103
269
30
55
9
2
59
98
154
62
2
17
26
110
88
7
16
10
222
44
24
44
93
1
1
31
8
170
20
199
3
3
1
37
3
22
11
167
4
8
89
9
58
82
253
165
3
39
18
55
29
37
145
1
8
71
36
13
2
259
5
116
3
7
65
150
4
95
27
4
19
1
1
176
3
14
35
3
196
294
4
93
5
211
6
235
13
24
60
155
11
1
242
105
19
8
62
4
1
48
35
70
476
135
49
23
146
57
42
55
7
6
1
8
214
231
45
78
3
38
63
55
1
1
1
25
5
144
10
274
34
93
158
1
90
10
18
10
89
9
28
2
119
98
1
8
35
249
16
7
44
14
109
15
36
55
14
41
111
35
11
20
124
83
14
192
8
11
17
52
1
6
49
46
298
4
184
53
48
5
77
11
18
447
69
155
14
99
18
355
68
1
21
85
102
11
27
184
7
27
113
27
13
375
2
6
5
4
444
2
13
16
396
3
34
23
12
26
42
382
86
3
2
79
347
109
3
51
192
46
44
5
87
8
15
100
2
2
5
7
21
347
5
7
18
37
19
5
268
1
56
24
199
1
2
5
49
2
93
108
136
1
1
41
1
1
1
1
1
1
1
1
12
1
1
1
1
1
1
7
1
1
1
1
2
1
1
2
1
5
1
191
1
1
56
1
1
1
1
1
1
1
1
1
1
1
1
1
2
1
2
1
1
1
4
1
2
1
1
1
3
1
1
3
2
1
1
9
8
2
10
1
1
2
5
3
3
3
6
1
1
1
21
2
1
7
11
8
5
2
1
1
8
68
1
1
5
1
2
1
2
4
2
1
1
4
1
2
13
1
1
3
1
9
1
5
2
2
4
2
5
1
1
15
10
2
103
21
11
84
13
16
3
2
1
4
1
1
1
3
1
91
28
228
20
1
9
1
2
8
3
10
1
22
2
2
1
2
210
42
3
7
1
2
2
4
4
1
28
85
3
1
2
2
5
5
4
3
60
2
16
107
32
3
10
18
8
1
1
1
1
11
8
11
62
41
4
4
3
3
7
12
39
4
12
1
1
1
2
1
1
18
1
1
61
9
2
5
2
1
5
21
1
1
1
3
1
8
16
4
3
7
7
1
10
4
1
2
2
1
1
1
1
1
1
2
1
1
13
1
1
3
1
2
1
5
2
1
2
1
1
37
1
1
1
1
2
1
2
3
1
3
1
1
1
1
2
2
14
2
2
1
1
1
1
2
1
1
1
3
1
39
5
5
1
79
1
1
295
70
30
1
8
1
4
1
25
1
1
2
1
1
1
1
1
4
1
1
1
1
1
1
18
2
1
4
1
30
85
3
1
1
8
2
3
1
1
1
1
17
2
2
1
1
4
1
11
1
3
2
14
1
2
131
4
30
1
1
1
1
1
10
3
1
9
1
3
1
5
1
1
5
2
1
7
1
1
1
1
34
3
15
73
9
1
2
1
2
9
5
1
1
1
1
4
1
3
1
1
1
1
4
1
241
45
2
2
6
41
66
1
2
1
2
1
54
35
45
1
1
2
52
3
2
1
2
7
1
1
4
1
1
1
1
1
10
1
6
1
1
3
1
2
1
1
1
41
1
1
1
1
3
9
1
1
1
3
1
202
1
1
1
4
1
1
3
1
1
4
2
1
20
1
1
2
1
6
3
1
1
4
1
22
1
1
1
1
1
1
115
12
16
17
14
129
4
1
2
29
1
1
1
1
1
1
1
4
3
1
141
2
2
1
2
1
3
2
1
1
1
1
1
1
1
3
2
161
3
1
330
459
12
1
3
202
2
1
2
1
1
1
4
1
1
1
1
1
1
17
7
1
1
20
2
1
1
1
1
2
1
345
1
235
1
1
1
1
48
2
1
1
2
1
4
1
1
1
1
1
1
70
4
2
2
14
9
49
1
3
8
6
10
2
5
1
5
1
1
1
2
1
1
4
1
1
1
2
1
3
9
11
2
15
2
1
7
8
4
8
52
137
1
43
21
50
9
1
3
28
1
1
6
1
21
1
3
3
2
1
4
1
12
5
28
3
1
2
14
2
10
27
3
1
51
27
79
3
32
5
5
2
16
7
105
6
1
145
4
85
20
1
23
25
70
2
45
1
45
2
18
8
57
5
143
1
9
1
1
324
1
1
1
1
80
2
103
1
20
38
2
1
31
2
6
3
35
3
1
19
31
1
2
122
1
2
1
1
2
1
1
1
1
2
6
1
2
1
4
2
1
6
2
1
1
5
2
1
5
1
4
2
1
3
9
3
2
16
18
1
1
4
1
1
12
1
1
4
1
1
2
1
3
1
4
1
1
1
2
1
10
185
2
137
3
2
1
2
5
6
4
1
4
5
2
2
100
5
4
134
3
12
91
7
2
5
2
1
20
1
1
1
15
11
3
1
1
4
2
8
11
26
3
21
1
12
2
2
1
1
1
1
1
1
3
2
6
4
1
2
1
6
1
11
10
1
26
1
11
1
71
6
12
2
5
8
1
1
8
7
1
84
2
2
1
1
3
87
1
1
1
1
1
1
1
15
8
52
2
4
45
1
1
14
1
2
1
21
201
1
32
3
1
30
1
1
1
5
1
9
16
1
1
5
1
1
1
1
5
5
7
20
9
3
2
5
1
14
3
50
1
1
4
1
9
93
13
1
114
5
4
1
1
2
2
1
14
1
3
267
2
1
1
1
1
1
50
1
2
81
3
1
78
3
1
1
1
1
2
1
1
1
10
26
1
2
1
4
3
1
3
1
118
3
1
1
4
5
63
9
3
18
1
3
1
1
1
2
1
3
1
1
1
1
1
4
1
2
1
1
4
1
104
1
1
1
1
1
2
1
2
1
1
1
25
7
1
1
2
6
1
1
1
1
1
2
1
5
2
2
1
3
1
1
1
2
1
2
1
1
1
1
2
1
2
3
62
1
1
1
1
19
1
6
1
1
2
3
5
1
1
1
1
1
2
3
4
6
1
1
1
2
3
1
33
1
18
2
1
4
1
4
6
1
5
12
160
13
33
10
1
2
1
1
1
1
1
5
1
1
1
1
5
1
3
1
5
1
5
1
1
3
2
1
1
21
1
2
1
1
5
1
2
8
1
1
4
1
1
6
5
1
1
1
11
1
1
1
1
1
1
2
2
1
1
1
4
1
1
2
164
1
1
1
1
1
1
1
2
2
1
1
14
2
2
5
5
1
8
4
1
1
1
6
2
8
6
2
21
2
8
1
1
2
1
14
7
1
2
3
2
1
3
1
6
1
11
1
3
1
41
1
1
1
1
1
29
1
5
11
1
4
2
2
1
2
4
1
1
19
1
1
1
1
1
2
1
1
2
7
6
1
3
6
4
1
1
1
21
2
1
1
1
1
1
1
1
2
6
1
2
10
2
1
1
45
60
14
3
38
6
6
20
4
2
3
7
1
3
3
2
1
1
3
10
3
2
1
29
1
2
1
2
2
2
1
1
3
2
2
1
1
1
6
1
1
4
6
1
3
1
27
2
2
1
1
1
2
1
4
3
1
1
1
35
1
1
1
1
2
1
1
1
1
1
1
1
1
1
1
7
2
2
4
2
48
1
8
1
1
1
2
1
2
1
1
1
2
1
3
1
1
1
1
1
1
2
6
4
1
4
4
1
3
9
1
2
1
1
1
1
1
1
1
2
2
1
1
3
1
4
3
1
174
1
3
4
1
1
1
1
2
2
1
1
1
1
1
1
2
4
20
1
1
1
1
1
3
1
1
1
1
13
2
2
1
2
1
1
1
1
1
1
2
3
2
98
1
1
5
1
1
1
50
2
2
1
1
1
1
1
3
1
1
1
53
2
29
4
1
1
1
150
1
246
17
2
6
1
1
9
1
3
1
1
1
1
2
1
1
1
1
1
6
4
2
4
37
2
1
4
1
1
5
1
6
1
3
13
391
1
2
1
2
1
2
1
1
1
1
1
1
1
1
2
8
1
1
1
6
1
1
57
2
2
1
1
1
2
1
1
1
2
1
1
78
1
2
2
3
1
4
1
1
1
1
9
5
82
1
2
2
1
2
1
6
1
1
15
7
1
31
1
1
1
1
4
6
8
4
1
1
1
2
2
7
92
1
1
6
3
2
2
5
1
2
1
1
1
9
1
2
1
1
9
2
1
1
1
7
1
297
3
10
33
1
10
3
3
1
1
1
10
2
1
95
1
28
7
1
9
8
3
7
7
21
1
1
8
7
3
5
1
2
2
1
2
45
1
1
5
3
16
13
8
12
4
1
2
1
1
15
12
1
35
1
20
4
139
6
417
4
18
24
9
96
87
23
5
22
4
30
85
2
2
1
1
14
1
1
120
8
28
3
6
2
10
18
3
9
1
1
10
13
1
309
27
3
1
2
2
82
1
7
1
1
4
3
3
26
2
1
1
18
39
1
151
1
1
1
125
18
317
1
8
13
2
221
2
1
4
1
1
6
1
3
4
1
1
11
56
10
1
5
1
37
1
47
4
1
10
5
5
4
21
3
2
1
3
24
2
2
1
2
5
4
2
4
1
1
1
8
69
1
8
13
4
4
1
6
5
37
5
1
22
18
2
3
338
1
1
3
1
1
5
8
54
9
29
4
9
2
1
1
1
1
1
4
2
1
39
1
29
5
1
1
1
3
1
30
1
4
2
3
15
152
7
9
5
2
1
1
1
1
3
110
5
1
5
1
27
1
5
3
3
4
5
9
179
12
7
4
32
26
8
1
4
3
2
3
1
87
1
2
1
1
18
14
444
35
1
3
15
3
80
2
6
8
1
13
2
2
21
8
1
1
2
9
3
2
4
1
1
5
8
1
3
4
6
9
2
3
4
3
2
1
1
1
4
2
5
2
20
10
3
8
2
1
3
3
2
1
2
1
1
6
22
1
4
1
2
1
44
20
1
2
4
15
1
1
1
10
2
36
2
11
1
24
5
2
26
1
3
1
12
1
1
11
1
1
2
184
1
7
1
1
9
2
2
2
12
85
1
1
1
1
1
2
2
1
43
4
2
46
6
12
15
21
24
1
2
1
2
3
1
1
4
37
223
8
6
6
1
1
2
6
5
5
2
1
1
55
2
5
1
74
6
10
2
16
1
1
1
72
1
3
5
32
6
4
2
4
1
4
1
1
5
6
4
1
1
1
2
4
2
4
1
27
5
2
9
1
1
1
9
1
7
1
1
8
1
1
1
3
28
16
8
14
1
3
1
184
6
6
1
1
1
29
1
8
1
4
1
3
1
3
10
19
1
1
1
1
3
3
1
1
1
1
2
1
6
1
39
2
2
18
6
13
3
2
1
3
3
1
4
10
10
2
128
5
8
1
1
8
1
12
2
13
4
18
11
1
9
16
6
3
1
223
15
35
12
4
1
28
1
160
1
1
1
3
3
3
3
1
11
21
61
116
9
1
5
1
27
21
3
4
59
48
1
4
1
1
2
14
1
4
1
1
1
2
2
1
4
9
3
2
2
15
10
5
7
44
1
1
1
8
1
95
1
4
2
17
1
2
1
1
5
1
26
4
21
1
1
2
26
2
1
1
1
1
1
1
5
6
1
6
1
9
2
23
1
1
6
120
1
1
10
5
37
3
2
5
1
5
7
2
3
1
1
2
1
1
1
3
1
1
4
48
2
1
2
1
1
2
1
1
1
59
1
1
91
4
2
3
2
43
46
20
19
3
17
20
28
64
22
60
2
3
1
1
1
3
1
24
1
6
4
6
1
12
8
1
1
1
20
9
5
4
1
2
6
1
1
7
16
5
1
1
4
3
1
4
1
11
8
1
5
1
1
1
1
6
8
1
14
16
33
1
2
10
9
2
11
2
3
4
1
13
66
1
1
14
6
17
3
4
13
2
1
10
1
15
6
1
2
10
1
1
3
10
1
7
4
12
1
5
2
4
4
46
3
1
5
158
19
6
12
1
4
6
6
1
3
6
1
3
7
8
16
3
15
6
8
3
4
1
5
7
18
1
10
9
4
26
6
1
7
1
2
8
10
22
1
2
115
2
2
1
11
8
2
4
29
22
2
11
1
4
2
1
11
1
1
1
1
42
2
1
1
1
1
1
1
2
365
294
4
29
16
2
6
8
1
2
1
2
2
1
1
6
1
10
8
1
93
16
47
3
1
5
9
62
2
1
1
1
1
204
1
2
9
1
14
2
1
8
7
2
11
1
1
24
1
2
38
7
3
232
3
53
62
21
2
1
23
22
3
3
10
19
2
1
4
3
27
10
1
1
15
9
1
1
6
9
33
1
1
5
1
1
4
1
4
5
6
5
2
1
1
1
127
1
2
1
1
1
18
1
10
4
1
1
6
4
51
20
1
3
1
1
1
1
2
1
1
24
32
6
4
1
5
3
1
1
1
8
4
103
1
2
100
2
2
2
10
1
7
1
1
18
1
4
1
17
25
11
1
11
1
3
2
1
2
2
1
1
19
1
28
1
4
180
1
1
18
1
1
7
2
1
1
6
1
1
1
80
71
15
29
1
43
3
26
5
35
1
1
1
3
1
2
3
3
84
12
1
27
6
82
75
14
31
4
85
3
13
1
1
2
5
1
1
3
2
9
1
1
4
1
7
1
1
22
4
1
2
1
1
2
29
1
1
6
5
4
8
1
205
1
3
1
6
1
3
8
5
1
1
1
2
3
1
1
7
2
94
2
1
6
1
6
1
320
1
228
17
9
4
3
2
1
1
16
21
3
2
39
1
1
30
2
1
1
5
1
2
3
2
5
1
1
1
3
1
1
6
37
1
2
1
3
1
23
2
1
5
1
34
7
8
93
1
1
5
3
2
3
2
3
1
1
1
150
276
8
12
100
2
7
59
10
2
78
1
4
6
5
11
1
3
439
5
2
1
6
75
21
167
1
16
9
3
20
2
5
37
7
2
1
1
1
1
1
2
1
4
1
8
1
1
2
1
1
1
2
2
1
4
1
12
19
1
10
3
15
4
4
40
1
33
7
4
1
3
33
2
5
1
3
1
34
6
26
33
1
1
1
1
4
2
5
1
1
3
1
1
1
8
2
1
3
12
1
1
139
4
86
1
2
2
1
1
1
101
6
1
1
3
3
1
4
13
3
1
2
1
1
1
4
88
1
1
1
5
12
1
2
1
6
3
10
46
1
1
4
1
1
144
1
29
1
1
12
1
1
1
5
1
1
2
2
1
2
5
3
2
2
3
1
1
1
2
23
1
1
5
2
3
1
8
1
8
1
64
6
2
5
45
2
1
1
27
3
2
4
6
55
98
41
30
1
4
2
16
5
12
8
85
3
1
1
1
1
1
1
3
23
1
1
1
2
41
315
1
1
1
17
53
87
1
5
3
1
1
1
1
7
52
4
1
1
1
7
1
67
10
24
17
1
4
4
1
1
13
3
1
12
1
1
1
1
72
8
2
1
1
1
1
141
4
27
1
1
1
1
1
1
1
17
24
1
1
1
1
1
1
24
14
71
4
2
8
1
44
1
1
3
20
2
2
3
113
1
1
1
6
16
14
5
81
343
1
12
51
22
4
83
1
1
14
1
5
26
6
2
300
141
1
1
10
11
3
1
1
14
5
15
9
1
1
158
1
1
3
1
1
2
2
3
2
152
3
1
1
12
1
1
1
105
1
1
1
4
2
16
1
1
1
6
1
1
1
1
2
2
375
59
2
1
5
1
2
70
1
1
1
14
1
1
1
1
1
1
1
1
1
1
1
1
1
30
1
1
2
6
1
190
1
26
1
1
2
2
2
1
2
10
1
2
1
1
24
2
76
1
18
86
7
9
6
10
2
1
1
199
2
4
1
2
7
2
7
1
1
1
69
1
4
1
69
4
12
1
1
8
3
6
9
2
1
4
6
1
8
6
1
10
16
2
6
9
1
14
21
1
5
6
8
31
192
3
65
3
1
1
2
2
35
5
6
1
18
7
102
1
1
1
1
2
1
2
3
1
1
1
2
3
1
2
7
33
36
1
5
1
7
1
1
5
1
6
1
10
1
3
2
5
14
1
1
49
1
5
6
1
2
1
5
1
2
5
2
1
3
5
2
1
1
1
24
2
3
1
17
1
3
134
12
1
17
14
7
16
1
5
2
1
6
1
71
26
111
109
6
1
1
16
268
8
13
48
1
2
1
53
11
6
3
14
4
2
143
22
3
3
1
2
2
1
19
1
1
4
1
2
2
4
3
6
3
1
1
17
1
1
1
2
8
23
1
1
2
1
41
1
1
66
2
1
3
7
2
89
35
1
42
2
57
1
5
1
6
2
2
1
1
3
1
43
238
1
13
4
2
1
5
3
211
8
15
1
21
1
39
1
70
8
3
1
1
5
1
1
14
1
19
102
1
16
106
2
1
5
1
46
45
11
11
8
24
2
17
1
1
1
1
155
68
35
2
2
1
1
3
12
4
1
9
3
1
1
1
5
2
1
1
2
1
4
57
2
3
2
1
1
2
2
7
1
1
402
5
1
29
13
13
2
3
4
1
39
1
1
3
1
2
1
1
4
1
90
1
1
169
1
1
1
2
1
1
1
9
7
36
30
1
7
1
4
21
1
1
17
1
1
4
13
1
32
1
1
4
1
3
1
3
1
1
59
13
14
1
23
10
20
6
2
1
1
1
1
1
1
1
1
1
1
1
1
5
1
1
1
10
1
3
225
2
1
2
1
81
1
13
1
1
8
1
10
2
1
1
3
2
3
1
2
1
3
2
73
1
1
1
31
53
2
1
1
2
52
2
9
1
4
1
1
1
434
1
1
1
1
2
1
1
2
9
1
30
8
18
1
1
1
2
2
1
3
22
1
1
1
20
1
2
2
172
1
1
1
3
2
1
1
1
12
1
1
21
1
6
1
1
1
1
1
2
5
1
1
1
1
1
3
1
1
1
1
1
1
1
1
1
11
40
9
153
16
2
27
6
165
54
58
35
2
84
161
12
1
1
48
1
1
1
1
46
1
1
1
2
1
153
1
2
11
3
195
3
1
1
46
1
1
3
1
1
1
1
1
1
1
1
15
3
3
2
1
2
3
15
5
23
3
1
1
2
5
3
4
2
1
2
2
1
1
1
5
1
14
2
1
37
1
1
110
2
1
2
1
25
17
11
9
2
12
1
3
1
16
52
2
1
1
7
2
1
2
2
1
10
1
1
1
6
4
1
1
1
1
1
3
2
11
4
7
11
26
137
1
1
11
12
5
1
1
4
5
1
1
2
2
7
1
1
11
3
2
1
1
49
6
10
1
7
11
1
3
2
2
1
1
1
1
1
2
1
6
2
3
1
5
1
1
1
1
1
5
3
1
2
1
1
2
2
1
15
1
2
1
1
1
1
1
468
1
1
1
1
1
17
2
1
6
1
104
30
1
1
2
14
3
2
1
1
1
1
2
1
1
1
1
1
1
1
2
56
1
58
3
7
96
10
2
1
1
1
1
2
2
3
1
1
3
1
2
22
1
3
1
2
2
1
2
2
2
1
1
11
6
2
1
1
1
15
1
1
1
1
3
2
131
1
2
16
7
1
8
199
3
2
1
1
4
3
5
3
1
39
1
7
20
3
4
1
1
122
4
10
8
3
17
1
1
1
1
1
3
1
9
1
7
1
1
12
6
10
4
3
1
1
1
2
1
191
2
1
1
1
2
1
2
1
1
1
7
83
1
1
16
2
1
3
1
48
1
99
101
35
1
1
1
1
1
1
1
401
1
1
4
11
6
7
7
1
2
3
1
4
6
3
1
7
1
1
1
1
163
1
1
1
2
1
2
1
8
1
1
2
1
2
1
1
3
1
36
1
1
54
1
205
1
34
1
1
1
1
1
1
4
27
1
2
1
1
5
1
1
5
3
1
1
1
1
4
2
1
4
13
2
5
1
1
4
1
1
1
10
13
1
1
4
1
1
8
2
1
20
1
1
9
18
72
134
4
1
3
21
11
5
248
34
1
1
1
63
28
5
326
24
71
1
49
1
2
1
25
1
1
9
1
1
1
1
1
1
1
1
2
3
1
3
5
10
2
1
1
2
1
32
1
270
16
34
15
46
1
1
3
34
1
1
1
83
2
1
1
73
2
1
1
1
1
1
2
1
1
1
2
4
1
1
52
1
2
67
8
21
9
4
3
2
1
1
1
6
8
2
19
12
53
1
13
1
2
1
1
1
1
1
1
3
1
2
3
1
3
52
1
1
3
1
1
1
1
1
2
2
1
1
6
28
18
5
2
1
7
3
2
1
3
1
2
2
3
1
97
1
16
19
1
2
4
1
1
91
5
1
10
5
1
1
1
1
1
2
9
6
3
1
4
3
1
1
1
1
1
4
2
2
98
48
39
1
1
1
1
2
1
1
33
4
1
1
1
1
6
35
1
1
14
1
2
5
3
1
1
11
1
1
1
1
36
17
3
259
1
1
1
33
5
1
15
1
2
4
4
58
4
186
1
1
8
2
1
1
1
2
2
1
2
2
3
12
121
1
33
2
3
1
22
43
1
3
1
9
1
1
1
4
1
1
1
142
3
1
1
3
1
1
4
2
1
1
2
1
3
1
1
1
1
2
1
3
1
3
1
1
1
3
1
1
1
1
1
1
1
11
1
1
1
1
1
1
1
1
1
156
1
3
10
1
23
1
2
1
89
24
1
2
4
1
11
2
2
1
3
2
3
7
1
1
1
1
2
1
1
1
1
1
1
1
4
3
1
1
73
8
5
4
1
1
82
1
134
1
102
1
1
1
1
1
2
254
3
1
2
1
3
148
3
7
107
2
1
6
5
3
1
21
4
1
1
1
2
1
1
1
1
1
3
1
2
1
5
1
1
9
3
1
2
2
2
75
1
49
1
237
4
1
3
11
7
9
3
16
1
1
1
1
11
1
4
4
3
1
1
2
1
1
2
1
1
7
1
1
1
1
15
10
120
22
95
7
1
1
4
1
1
1
8
249
1
1
1
2
1
1
1
1
1
1
1
4
5
1
89
7
90
1
8
4
2
16
24
42
12
13
1
2
1
1
1
6
1
1
1
2
1
2
3
1
1
34
1
5
2
369
7
1
2
1
1
2
1
2
1
1
20
32
4
1
1
1
85
2
1
42
2
9
52
2
1
2
4
2
1
1
1
1
2
5
1
2
115
1
1
1
1
2
1
1
2
1
1
1
3
1
3
1
4
1
1
1
29
1
3
1
1
1
1
1
46
27
1
1
1
2
1
91
4
2
1
1
1
2
77
4
1
1
1
13
1
3
1
1
1
1
49
1
1
1
54
1
2
1
15
1
1
1
3
1
1
15
57
28
1
92
1
61
1
1
1
3
1
1
1
1
1
3
1
2
1
1
11
1
3
1
174
2
1
7
1
2
18
39
114
1
4
3
23
1
1
1
1
1
13
2
1
1
1
1
1
1
3
1
1
1
2
15
1
7
2
2
3
1
1
1
2
8
66
139
3
1
1
27
6
1
2
36
1
1
9
8
2
5
1
22
1
1
434
1
1
1
5
1
62
1
1
3
5
1
4
1
1
1
54
1
2
1
54
1
1
4
215
1
1
1
1
2
1
1
1
1
6
1
1
110
2
3
1
2
2
2
4
94
1
2
1
1
1
5
66
1
14
1
1
15
8
2
61
3
1
2
1
2
3
42
2
1
1
1
1
32
1
6
1
2
66
2
51
1
13
1
1
2
2
4
14
27
3
41
10
1
5
3
38
28
354
4
1
12
5
1
5
10
20
23
23
47
1
2
4
1
1
1
1
8
1
3
1
1
1
17
3
1
1
62
1
1
2
33
2
3
1
1
249
1
1
8
10
3
1
9
1
1
1
1
4
14
1
1
1
2
2
5
172
1
1
2
1
2
1
1
1
5
1
1
14
25
2
1
2
1
1
1
1
1
1
2
1
254
3
58
3
47
2
1
2
3
1
2
2
1
1
1
10
2
1
141
5
1
1
1
2
1
2
14
1
5
1
5
2
4
1
1
1
1
1
4
27
6
54
1
34
1
1
1
5
3
1
1
1
1
3
1
2
1
1
1
1
1
1
1
7
6
1
12
16
1
31
1
6
1
1
1
1
14
7
1
24
1
1
1
1
1
3
71
1
6
20
2
396
1
3
1
2
1
13
1
2
1
1
37
2
9
5
3
12
1
106
1
1
1
1
1
1
1
1
1
1
1
1
1
1
6
2
46
2
70
3
2
2
2
1
1
1
2
2
1
1
1
1
25
1
1
1
103
14
1
3
4
1
1
1
1
10
1
3
1
16
1
1
1
1
1
11
2
102
24
1
1
1
51
10
2
155
1
7
1
4
1
1
1
1
8
1
1
1
1
1
1
1
19
1
1
1
2
1
18
14
17
1
246
1
1
1
16
9
5
6
1
2
2
1
1
1
5
1
2
1
1
1
26
2
7
2
4
5
2
10
1
1
1
1
3
1
1
1
42
38
1
1
3
2
64
1
4
9
67
1
4
1
1
1
1
1
1
1
1
4
1
1
1
2
97
70
1
7
2
1
4
1
1
1
1
2
1
3
1
1
4
1
1
26
1
1
3
2
1
1
1
1
1
1
1
39
17
2
1
1
1
1
1
1
3
123
24
1
1
1
5
3
1
1
1
1
1
2
79
1
1
1
1
2
1
10
7
1
71
6
3
1
48
47
1
4
1
1
1
1
1
1
1
1
2
17
1
1
4
1
8
1
1
2
1
1
35
6
1
1
1
1
1
1
4
1
8
2
5
1
1
1
8
5
1
1
1
3
2
7
1
20
1
5
1
4
1
3
36
1
31
144
1
1
1
2
5
1
1
1
2
1
2
2
1
1
1
1
23
1
3
1
1
4
1
1
2
1
8
70
4
10
24
33
2
18
5
84
24
35
4
9
5
1
1
15
5
2
2
4
1
1
1
2
1
1
1
7
1
26
26
1
24
1
1
1
3
9
1
1
6
47
1
3
1
4
1
2
3
1
2
1
63
23
206
4
1
1
3
47
12
3
117
1
157
1
6
2
1
28
2
1
17
4
17
17
1
2
46
1
1
1
28
1
1
2
7
1
1
1
1
89
3
1
3
2
32
7
2
1
1
2
7
1
1
1
1
3
323
1
7
1
1
1
1
1
14
1
4
7
1
1
1
2
18
1
1
1
1
9
1
15
5
3
1
22
64
1
2
1
1
1
3
1
4
5
201
4
1
5
1
1
16
171
1
2
12
36
1
7
4
2
5
13
5
224
1
1
6
4
1
12
1
1
2
3
1
1
21
7
2
1
481
3
1
1
31
10
56
7
2
1
6
3
1
1
1
1
1
1
1
123
1
1
4
55
1
260
1
2
1
1
80
2
6
2
10
1
2
1
16
2
1
1
1
1
1
1
1
22
2
1
13
7
1
10
1
1
179
4
59
69
1
2
1
1
1
1
21
1
19
33
4
1
1
3
1
6
2
10
1
25
3
1
118
1
1
1
3
1
1
2
1
3
2
1
5
1
3
2
1
229
1
3
1
1
1
6
1
1
1
2
1
110
3
3
32
1
1
13
1
1
1
1
1
1
1
2
2
1
1
1
22
1
2
47
94
1
12
4
1
1
2
1
20
19
159
7
7
235
1
1
64
84
1
1
1
1
1
1
28
2
11
1
1
1
1
2
1
1
1
1
3
1
1
3
1
172
1
1
1
1
1
1
1
1
4
3
6
1
7
2
5
35
1
17
221
2
2
1
1
14
2
73
110
1
2
1
1
1
25
16
2
34
1
35
1
2
2
1
15
1
7
1
3
10
50
8
1
1
1
4
1
1
8
1
1
1
1
1
1
1
1
2
2
22
3
1
4
241
7
101
1
1
1
2
2
4
3
1
1
1
5
3
1
1
2
1
12
6
3
9
3
1
2
1
1
6
2
1
1
1
256
1
23
8
1
1
155
15
29
161
34
6
156
2
1
1
25
5
1
13
1
2
2
2
1
1
1
1
1
1
1
54
1
3
1
1
97
1
27
1
5
8
3
9
2
2
1
5
1
1
33
19
1
1
10
1
1
1
6
1
2
1
1
131
1
1
1
1
1
1
1
9
1
2
4
1
14
1
11
21
1
22
1
1
1
1
95
1
1
1
3
1
1
1
5
1
1
1
20
43
36
1
2
148
1
12
1
1
1
1
77
4
31
1
4
1
2
1
45
2
1
1
1
1
1
10
1
1
1
2
1
1
1
1
2
1
1
1
2
3
4
21
1
1
17
28
10
3
2
28
1
2
3
1
1
1
3
1
1
2
1
14
1
3
1
2
1
3
2
1
2
1
3
4
5
1
1
6
1
1
1
1
1
1
1
1
3
1
2
34
1
2
56
1
1
42
4
1
8
83
5
1
1
1
2
1
21
4
1
1
29
4
72
1
2
1
1
34
18
65
15
4
85
1
1
1
239
1
3
1
1
18
1
99
1
3
7
1
124
31
1
2
1
409
1
1
1
1
1
1
6
1
1
2
1
114
7
1
1
1
2
1
1
1
1
1
2
3
1
1
1
31
2
29
1
70
1
2
1
2
2
1
22
20
1
1
1
165
1
7
1
1
4
1
2
1
2
3
1
1
3
128
5
4
439
3
1
1
1
9
1
57
1
24
3
1
381
6
17
43
3
1
2
5
2
1
2
1
24
3
22
135
7
3
2
2
1
1
2
11
8
27
2
1
1
1
1
1
2
3
33
1
14
13
26
30
8
2
26
2
6
26
14
40
38
1
27
12
10
63
110
61
5
6
1
1
1
4
1
5
6
17
4
2
1
103
1
1
9
8
1
1
6
1
1
3
1
1
1
1
29
1
1
4
10
1
3
1
1
18
1
1
3
1
1
1
1
1
7
51
1
11
1
1
155
3
1
1
12
4
2
1
2
39
1
1
8
154
1
2
2
2
13
3
3
23
2
2
72
1
1
1
2
70
1
1
16
1
1
1
1
2
2
2
2
1
1
1
2
34
36
1
1
2
5
12
16
1
15
1
1
1
1
1
1
2
4
174
1
1
1
1
3
1
5
6
1
11
1
7
33
1
1
1
4
1
1
1
1
1
1
4
1
17
1
2
160
1
1
2
1
1
9
1
29
1
9
6
1
1
85
3
1
1
6
1
2
1
3
1
14
1
27
1
1
11
18
2
2
1
1
8
2
1
1
1
1
1
24
3
1
2
1
471
8
1
1
21
2
1
1
2
1
1
1
1
15
2
1
3
1
1
1
1
2
4
16
1
2
4
1
2
2
4
1
1
1
1
1
4
2
2
3
2
1
1
6
108
72
1
46
102
1
1
2
1
6
1
1
1
1
28
10
2
1
1
3
1
1
2
1
9
1
1
1
1
4
1
1
2
13
14
9
1
2
1
1
1
1
1
4
1
2
1
1
1
1
4
25
5
58
13
2
1
1
1
115
83
1
1
1
1
1
3
24
1
4
5
26
1
6
33
1
1
23
15
1
1
13
16
1
2
1
100
4
1
56
2
2
1
20
2
36
7
2
1
36
1
1
2
1
1
1
1
1
12
2
13
2
23
3
1
3
31
2
1
1
4
1
1
2
1
5
1
5
2
1
2
1
1
1
1
1
1
6
1
1
1
1
22
1
3
1
1
1
5
2
1
2
1
1
1
74
7
17
1
1
19
1
1
1
2
2
5
2
2
3
245
1
87
1
1
1
1
1
2
1
8
1
1
1
4
9
85
4
1
27
2
1
1
1
1
1
1
1
1
1
18
4
14
1
1
1
1
2
1
30
1
1
27
1
1
1
1
1
1
3
7
6
2
1
5
1
176
1
2
135
1
1
3
1
1
1
1
1
3
1
52
1
1
2
5
9
7
1
1
2
2
39
12
1
1
201
14
3
1
1
1
23
13
11
1
70
1
2
34
1
1
42
3
10
1
21
2
1
1
1
1
10
5
1
1
1
1
3
5
1
1
3
5
25
1
1
1
1
1
1
3
2
4
1
1
2
1
7
1
11
1
1
4
1
121
1
2
3
4
5
3
1
1
1
110
3
2
191
1
14
4
5
2
4
3
1
29
1
3
1
2
1
1
15
2
10
6
19
2
1
1
2
2
1
1
1
15
1
1
1
1
1
1
1
2
2
1
1
37
1
1
2
2
12
28
1
1
2
2
1
96
1
1
1
1
2
1
1
1
1
1
2
1
1
6
1
1
27
1
1
1
7
3
50
5
9
43
32
2
180
8
118
33
20
1
2
9
2
6
9
3
53
1
5
2
10
373
5
7
7
6
1
1
2
3
1
2
1
5
2
2
11
111
6
3
36
3
1
3
6
2
8
13
1
1
26
19
6
161
12
14
60
182
3
49
93
1
4
3
4
1
5
1
2
1
1
1
5
4
1
1
62
1
1
11
4
13
41
6
4
1
1
2
33
18
15
4
120
61
1
2
2
2
4
2
1
9
7
4
1
1
1
3
2
1
39
4
6
15
1
3
1
2
13
111
10
26
1
2
1
1
2
9
3
3
1
7
4
28
2
2
1
1
12
3
10
1
1
1
1
1
2
1
1
1
1
1
1
9
1
2
1
6
76
29
1
1
3
1
1
1
1
48
2
27
2
2
1
40
1
1
30
140
1
126
8
1
13
1
1
1
37
18
3
1
1
2
72
2
9
1
1
3
1
1
1
1
1
2
1
21
1
1
1
1
2
2
5
6
1
1
16
44
7
1
3
1
6
1
1
16
5
2
2
6
2
1
1
1
1
1
1
1
2
7
2
1
1
4
1
1
1
12
1
1
1
1
1
2
1
1
1
3
1
1
1
3
2
2
1
1
1
2
2
1
4
1
3
1
2
1
2
1
25
1
1
41
347
1
2
2
1
186
2
3
7
1
11
6
4
1
1
29
1
1
1
1
1
2
1
2
1
1
2
1
2
2
2
11
1
57
6
1
1
81
1
7
6
1
12
2
1
5
22
1
2
1
2
1
1
1
1
1
5
1
1
1
1
1
3
1
1
1
2
3
26
2
1
1
30
171
1
1
1
1
1
1
8
24
1
1
8
91
1
1
1
2
174
1
3
2
7
1
1
4
1
1
1
19
4
8
4
1
2
3
1
6
50
1
1
8
1
1
2
1
8
13
1
2
2
1
1
1
15
11
5
3
28
7
1
1
7
1
12
7
1
1
1
1
2
4
6
3
1
1
1
2
5
30
44
5
4
26
3
21
1
18
298
22
1
1
29
10
2
1
1
2
1
1
71
83
1
5
1
18
1
1
58
8
13
32
1
3
2
1
1
1
1
2
3
2
1
1
1
5
1
1
3
1
2
1
2
1
1
4
1
190
386
8
279
2
12
63
1
4
19
9
5
1
26
1
2
1
7
6
8
36
35
28
80
82
19
55
1
10
1
63
54
36
40
11
7
3
1
27
1
1
256
5
15
1
20
5
1
1
1
1
15
2
46
9
2
2
5
2
2
6
14
2
6
1
23
1
1
1
3
2
7
2
23
5
1
12
28
27
1
1
35
5
1
16
1
1
2
1
3
1
1
1
1
1
22
93
1
1
2
1
1
1
1
61
1
2
1
54
1
1
1
1
1
1
2
7
1
2
1
1
1
19
31
49
108
2
5
1
2
1
1
21
25
34
8
11
21
4
4
56
1
1
1
4
1
1
2
1
1
1
31
3
4
4
1
8
1
1
1
1
1
1
1
1
2
18
1
1
1
1
2
1
2
1
1
1
2
2
2
1
1
1
4
42
1
1
2
1
1
1
2
2
2
1
1
124
1
1
1
1
1
4
1
1
1
2
1
1
1
11
2
1
60
1
1
49
1
12
2
1
2
4
1
1
116
7
4
1
1
1
1
187
1
1
1
10
43
9
84
1
5
1
1
8
66
16
9
94
12
1
14
18
4
13
1
5
118
2
2
1
2
1
1
1
1
1
2
2
1
14
1
1
1
1
1
1
72
1
2
23
271
2
3
1
1
16
2
2
2
1
6
1
1
2
1
1
2
1
1
1
1
2
1
2
16
1
37
1
1
1
1
1
1
8
1
1
51
1
18
15
3
1
1
1
1
2
3
9
2
1
1
1
1
38
10
1
1
2
2
3
1
1
1
1
1
52
1
9
2
1
1
1
1
1
1
1
4
1
1
5
1
8
2
4
2
1
1
1
1
1
3
72
2
2
4
5
5
3
3
8
1
1
2
1
1
1
1
1
37
1
1
3
1
1
1
2
16
4
1
1
12
1
2
21
2
2
39
4
315
1
3
1
13
1
1
1
1
1
1
1
1
1
6
1
1
2
1
1
2
1
1
2
1
1
1
1
7
1
2
9
1
1
2
1
1
84
2
2
1
1
2
1
42
1
1
1
4
1
1
1
1
3
1
1
1
1
3
31
1
1
12
1
1
1
2
1
1
1
1
1
1
1
1
1
1
1
4
3
1
1
2
3
51
1
1
2
1
1
1
1
2
24
127
1
46
1
1
1
1
2
50
1
1
102
1
1
1
1
1
1
6
7
1
1
2
1
1
1
1
6
1
1
1
2
1
28
1
1
2
1
2
3
1
2
17
3
20
17
15
3
2
3
15
221
87
34
19
23
6
1
1
1
1
4
10
2
1
5
1
1
32
1
1
1
1
1
2
1
1
77
33
1
1
1
1
36
1
55
96
77
2
30
1
6
3
1
5
2
1
11
1
2
1
1
1
1
1
104
1
4
1
1
8
7
1
1
1
160
1
1
3
7
46
1
1
1
1
1
1
2
1
2
1
1
1
1
1
2
9
1
10
2
1
1
5
3
1
2
1
1
1
1
1
1
2
1
5
1
1
1
1
1
3
1
2
2
27
1
1
1
1
1
1
1
6
121
1
3
2
1
1
2
1
68
1
1
15
1
4
3
1
1
1
1
1
15
2
2
473
9
1
1
1
1
1
1
147
2
1
1
1
1
1
3
2
1
1
2
1
1
5
1
1
1
1
1
174
1
1
1
2
1
1
47
2
8
1
1
2
1
3
1
2
1
1
12
1
1
1
2
2
13
7
1
114
14
9
36
1
10
1
3
11
8
1
1
3
7
1
5
8
1
15
1
1
2
1
3
1
1
1
2
1
1
1
1
1
50
2
1
1
9
1
1
2
2
1
2
244
6
1
3
1
6
22
5
1
1
45
1
1
2
2
3
2
1
1
23
1
86
1
2
1
12
1
1
1
3
1
1
5
1
62
177
1
1
4
1
1
1
1
1
1
1
1
1
2
1
1
1
1
7
3
22
83
1
1
1
1
2
2
1
19
1
1
1
33
1
2
10
1
15
2
2
40
2
1
1
1
34
10
85
79
8
23
2
8
38
1
1
1
1
2
1
1
22
9
23
343
10
5
1
1
17
2
7
3
28
77
18
34
14
9
59
9
12
2
4
62
3
37
1
3
1
1
1
1
2
4
2
1
1
1
3
52
1
4
1
2
2
199
1
1
2
1
5
1
20
2
1
1
2
2
1
1
1
1
4
2
13
1
170
1
2
13
2
1
1
2
1
1
1
1
2
3
5
67
8
4
2
1
5
11
6
18
1
1
4
1
23
1
1
1
2
2
1
3
50
2
1
4
24
27
2
1
1
1
3
1
1
5
6
1
3
12
2
21
3
1
2
1
1
10
1
33
6
3
1
2
6
1
1
3
2
2
2
52
2
3
2
29
1
2
1
1
36
1
1
1
30
3
1
1
1
1
3
2
1
1
1
1
1
1
1
25
1
118
1
1
1
14
1
8
9
98
1
1
2
5
1
1
3
2
1
1
1
3
3
1
3
6
5
1
2
15
2
1
1
1
25
1
1
1
1
1
1
1
1
2
2
1
1
1
1
4
2
1
5
1
1
3
2
3
1
1
1
2
1
2
61
1
5
1
1
16
2
1
1
27
1
5
1
1
19
1
6
1
31
1
1
11
1
1
1
1
4
1
1
1
1
1
1
2
18
2
1
6
1
1
1
1
1
4
19
6
2
2
1
5
1
69
1
1
9
1
1
1
1
1
1
1
64
1
15
1
1
1
1
1
2
3
41
1
9
1
7
1
1
1
61
2
1
4
1
1
8
1
1
1
5
1
1
1
1
2
4
7
1
1
15
1
1
135
10
8
34
1
4
1
2
36
1
1
1
10
1
2
1
1
1
21
19
12
4
69
3
1
1
2
1
1
1
175
1
2
1
1
1
1
11
2
6
1
22
1
6
11
2
1
1
4
2
19
1
26
1
79
1
1
1
3
22
1
1
2
1
3
28
1
18
17
13
52
23
1
1
1
3
1
1
2
1
100
12
2
166
1
2
3
6
3
4
15
1
1
9
20
4
5
7
1
4
3
99
3
1
18
4
49
1
2
1
1
1
2
1
2
10
3
1
2
3
4
1
6
1
10
10
23
3
1
1
2
3
6
1
1
14
14
1
5
3
1
59
1
42
1
6
3
1
5
3
1
4
1
1
3
1
2
1
9
4
20
26
1
1
1
1
1
10
1
2
2
9
14
7
7
1
1
1
1
22
9
1
1
1
1
20
2
3
1
1
1
31
1
3
30
1
1
1
1
138
1
1
29
1
1
3
65
3
225
1
34
1
1
26
52
22
219
1
93
1
31
4
1
4
9
6
1
1
1
1
1
2
15
83
1
26
1
1
1
9
4
96
1
1
1
1
1
8
1
1
2
1
1
1
1
2
18
1
1
3
2
2
1
1
1
8
1
61
14
108
1
2
1
5
5
5
17
1
4
6
8
2
1
54
25
2
1
1
1
2
1
2
1
1
25
3
24
20
3
3
7
1
1
1
1
6
1
2
1
1
5
1
83
1
1
3
2
7
1
2
1
1
4
2
1
1
5
1
1
2
11
1
7
378
1
2
4
4
1
52
2
1
1
346
1
32
7
3
1
1
1
15
4
1
6
1
1
80
2
2
7
128
48
1
41
1
3
1
3
1
7
1
1
4
2
2
5
6
1
1
6
23
1
34
95
3
1
12
1
1
1
1
1
1
4
171
2
15
1
3
1
5
2
1
2
145
1
1
1
1
2
1
1
1
1
9
66
23
1
1
1
1
1
1
219
4
1
2
3
1
1
2
1
2
1
1
1
3
34
69
1
1
1
1
1
1
3
1
2
2
1
17
1
1
1
59
1
1
1
9
1
4
2
2
1
264
2
1
2
1
1
24
1
10
2
1
1
2
1
1
4
1
3
2
1
1
1
1
1
90
1
1
2
2
1
2
1
10
8
1
1
1
8
4
1
212
1
1
1
1
1
6
4
31
155
1
2
1
1
2
1
1
1
3
1
1
2
1
2
2
3
1
2
1
1
1
1
1
3
1
1
1
7
2
1
1
61
4
2
1
1
2
1
1
1
2
22
76
3
1
1
13
4
3
11
4
1
1
1
1
2
1
1
1
1
1
2
2
1
2
1
1
2
1
9
2
282
1
2
6
1
1
7
5
5
1
1
1
3
1
2
1
2
1
1
1
11
1
10
2
8
1
1
1
1
3
9
4
1
1
1
28
1
1
3
1
30
1
1
4
6
6
1
5
1
1
3
3
15
2
1
1
1
3
2
1
2
1
1
21
1
3
12
8
6
3
1
1
2
1
2
3
1
1
4
2
2
1
2
75
1
1
1
1
1
1
13
2
1
1
2
1
4
1
2
1
4
1
1
24
1
27
7
26
1
3
1
1
1
19
12
1
1
3
1
1
1
1
2
1
2
41
9
1
1
1
62
1
1
1
1
10
1
3
12
2
1
2
1
3
2
1
16
1
4
2
19
1
4
4
6
1
1
1
5
1
7
1
1
30
1
1
2
1
72
1
253
4
8
1
1
2
1
1
4
1
12
2
1
1
1
1
1
1
2
3
2
341
4
3
2
1
3
1
2
1
2
9
26
2
4
4
1
6
2
2
2
1
5
3
5
61
1
4
1
19
16
3
32
2
1
4
1
17
4
1
20
5
7
1
2
6
1
1
67
1
1
1
1
1
3
1
1
2
375
3
1
3
2
8
1
1
1
1
1
1
2
1
1
1
1
3
1
33
53
5
6
2
1
1
1
5
1
1
4
1
1
7
14
1
1
1
2
4
2
1
2
1
24
1
1
1
1
2
1
1
1
1
1
29
96
1
1
1
6
1
1
1
1
1
116
9
30
297
6
64
1
1
1
33
1
2
1
1
2
1
1
1
2
1
1
1
2
1
1
1
2
395
1
1
1
1
1
1
9
263
7
27
1
2
2
1
1
1
1
4
1
10
1
1
1
2
1
24
1
295
1
6
4
1
1
1
1
6
1
4
5
2
7
1
1
1
6
2
97
136
40
1
2
165
1
3
1
1
1
17
1
1
1
1
1
1
2
7
3
1
1
2
2
4
3
2
14
12
1
1
3
2
2
1
8
2
1
1
2
1
1
3
79
1
1
18
1
1
3
1
4
15
1
1
1
2
1
1
1
26
2
235
1
1
1
14
13
31
6
40
80
1
1
1
1
3
1
1
19
3
2
117
1
2
1
1
1
1
3
2
6
12
17
1
1
2
5
1
3
5
15
1
1
7
2
1
1
109
2
2
1
3
3
1
3
3
5
65
1
1
1
1
1
4
1
2
1
2
1
11
1
7
2
4
21
4
1
1
1
145
1
5
3
1
1
1
2
3
2
6
1
1
3
9
1
39
2
1
1
1
1
2
3
1
7
9
1
3
3
1
1
39
2
2
1
1
2
1
1
4
1
1
1
1
3
10
4
2
10
5
7
1
7
2
1
3
1
1
1
209
3
1
1
5
2
2
9
5
11
1
9
3
2
2
1
8
10
1
1
4
1
3
2
3
2
1
1
2
2
1
3
1
1
74
35
1
2
5
7
13
1
1
26
1
1
2
1
1
1
1
1
3
1
1
1
9
27
1
2
1
1
5
51
3
1
1
1
8
163
1
1
11
1
1
1
4
1
4
4
1
3
14
9
1
4
1
4
96
7
1
66
26
2
22
8
36
66
6
1
20
9
1
12
1
2
65
2
1
67
1
1
1
68
2
1
2
3
19
2
146
1
5
4
1
7
38
11
10
1
118
2
5
1
2
1
1
1
1
1
21
334
3
4
4
3
1
4
1
1
3
1
33
2
3
1
2
8
89
2
5
3
1
1
2
2
2
2
248
6
1
1
45
5
16
8
1
6
1
1
3
1
6
6
1
1
1
159
3
249
3
1
1
4
1
6
1
1
1
20
121
1
1
1
4
1
1
18
3
3
67
231
2
15
34
28
2
8
1
1
2
3
3
1
1
3
2
1
5
1
1
2
1
1
1
1
12
1
3
14
3
1
1
5
1
1
1
2
1
16
3
5
8
1
4
2
1
1
5
2
1
1
1
1
1
1
1
139
1
41
1
3
1
5
2
7
1
1
3
1
1
1
1
2
1
1
3
1
1
5
81
1
13
4
5
7
2
1
1
2
5
1
2
4
1
7
2
2
1
1
1
1
2
2
4
2
7
1
3
2
2
3
1
1
78
1
1
10
330
1
11
60
2
2
3
1
1
1
17
1
2
1
31
1
1
1
1
47
1
2
1
2
2
4
1
2
71
1
1
1
1
1
3
1
1
5
11
1
2
1
1
12
1
99
1
2
2
1
2
2
4
1
7
1
10
1
1
10
1
21
1
8
1
7
3
6
1
2
17
1
1
1
3
1
10
2
8
27
1
1
6
1
38
28
20
3
18
9
6
5
4
1
7
2
1
1
1
1
13
65
3
1
1
6
4
2
1
418
1
1
2
19
1
24
1
1
1
2
1
26
2
11
1
11
1
24
1
1
1
6
1
2
1
1
1
2
1
2
1
1
2
1
1
1
2
2
1
5
12
2
54
4
2
1
1
3
1
1
1
1
1
7
1
7
4
1
1
5
1
1
3
1
1
1
1
8
1
1
2
1
1
2
2
2
1
1
1
1
3
1
2
4
1
1
1
1
1
2
1
1
1
1
4
1
9
3
1
2
1
2
12
92
6
1
1
1
2
1
1
1
414
1
2
3
149
3
14
1
1
1
1
11
10
3
1
5
2
1
1
16
5
3
19
1
54
50
2
4
1
104
5
1
7
3
1
32
2
19
1
1
3
3
1
2
5
3
142
2
3
2
1
1
1
2
1
1
1
1
1
5
28
1
1
28
2
1
2
1
1
1
1
2
3
6
52
53
3
24
1
2
1
1
1
2
1
1
2
25
1
26
2
1
1
1
1
204
1
32
1
5
1
1
1
1
2
1
9
1
1
1
1
194
1
4
1
7
1
3
1
1
3
1
86
246
1
1
1
1
1
8
3
6
1
1
1
2
8
1
1
3
2
11
176
7
25
8
1
10
23
1
42
4
1
1
2
11
2
6
1
23
1
1
45
24
1
1
2
2
1
22
1
5
32
1
1
1
98
33
4
87
1
1
446
27
26
2
1
39
2
1
1
1
131
152
1
3
1
1
16
1
1
4
1
1
2
3
3
14
9
1
5
1
1
1
1
1
1
1
1
7
4
2
5
9
2
1
1
6
1
4
17
17
136
29
1
1
1
11
3
1
16
7
4
1
2
13
50
28
4
38
2
1
1
3
1
1
1
1
45
6
1
2
1
1
3
1
2
1
1
1
57
1
2
9
37
1
3
1
1
1
1
4
1
1
1
3
12
1
50
14
1
1
3
5
97
1
65
1
41
1
2
1
1
8
1
1
2
2
2
10
70
10
1
1
2
2
3
2
1
1
1
1
1
2
5
2
130
4
3
1
1
3
1
3
1
1
37
1
1
2
2
2
1
3
1
1
2
17
3
1
1
89
1
1
1
3
4
1
13
3
1
2
1
3
3
2
206
1
1
1
2
8
3
1
25
1
1
21
1
1
1
14
1
1
28
1
1
1
7
1
1
1
1
119
1
1
10
2
7
1
1
131
1
1
1
1
1
1
1
1
1
1
3
2
1
16
10
6
3
1
1
2
1
1
2
3
1
3
2
3
2
1
8
4
1
1
7
1
1
2
4
5
1
1
2
2
9
75
1
5
30
1
1
1
1
1
1
1
1
1
1
1
1
30
2
1
1
1
4
1
1
2
4
1
1
1
1
94
1
1
2
1
4
1
1
1
1
15
9
1
1
10
1
1
2
9
2
54
294
2
3
1
1
1
1
1
8
2
1
1
27
85
1
1
1
7
1
1
43
3
13
1
1
3
1
4
1
1
9
1
1
11
1
1
1
1
3
1
3
3
8
1
2
4
16
12
218
3
2
1
2
1
1
2
7
1
1
1
1
1
2
2
1
10
5
1
1
1
3
1
1
1
1
2
2
3
1
1
13
13
2
1
157
2
1
1
7
20
1
3
41
1
1
1
1
2
1
1
4
47
1
4
1
4
4
12
12
1
1
1
1
1
1
1
1
11
6
2
4
1
1
1
4
2
1
1
1
4
11
1
1
1
6
26
6
1
1
2
2
2
2
1
1
3
5
72
1
1
3
1
7
1
3
1
1
2
1
3
4
1
61
7
1
1
1
1
1
1
7
142
47
1
3
6
1
2
1
1
1
1
1
1
1
1
1
1
2
1
1
1
22
1
1
10
4
1
1
1
1
9
3
2
1
5
105
10
1
1
2
1
1
2
3
3
1
1
106
48
1
215
2
1
3
2
1
1
2
1
1
2
2
1
1
1
3
2
1
12
19
1
1
136
1
1
1
51
1
1
2
2
50
1
1
2
38
2
4
1
1
6
3
317
2
2
2
1
5
149
