63
9
1
1
2
34
7
29
8
1
18
1
2
5
2
8
18
30
1
3
1
4
118
3
21
3
26
12
3
5
4
77
2
17
3
13
6
2
11
2
6
1
1
2
2
27
13
62
3
2
2
4
4
2
4
4
2
1
3
2
2
24
5
2
1
3
3
4
3
4
9
6
12
2
5
2
3
5
11
4
106
2
2
12
3
3
1
2
28
1
2
29
3
8
2
6
3
1
1
5
3
9
4
5
3
15
3
10
7
2
5
3
9
1
1
4
3
4
1
11
5
1
7
8
4
17
1
6
6
1
5
4
28
27
2
1
29
2
132
3
4
4
21
23
27
20
24
8
10
47
9
53
54
39
44
4
24
121
29
7
28
17
51
1
3
2
95
2
29
134
5
51
2
10
1
1
21
71
25
35
3
41
45
3
27
50
6
13
21
1
35
110
16
36
37
11
21
3
1
66
24
18
20
34
14
58
2
2
26
10
5
5
18
42
57
