3
5
21
7
3
18
3
9
5
11
2
40
4
1
3
1
45
1
14
7
3
8
8
4
3
2
104
2
21
2
2
8
23
144
7
3
3
30
1
5
5
4
4
59
1
1
11
46
1
1
1
10
60
20
3
4
20
4
4
3
1
1
2
3
38
2
7
5
13
51
34
22
6
3
2
1
4
5
53
2
3
4
6
4
9
12
11
20
1
2
11
2
7
4
6
2
2
17
1
159
60
51
2
4
7
8
64
20
27
10
9
8
6
3
10
3
7
2
59
1
9
1
1
6
14
1
2
2
5
34
20
34
1
2
15
3
2
2
16
4
33
7
40
12
6
4
1
3
2
47
4
27
2
2
15
6
1
54
9
3
102
6
2
4
36
3
7
1
51
14
3
8
4
15
31
4
5
12
9
5
4
2
2
12
10
7
4
93
3
12
17
4
55
2
22
10
178
7
56
9
3
3
1
2
14
7
25
3
1
8
18
15
33
32
57
1
7
66
188
1
8
5
22
44
2
3
20
3
6
21
1
9
8
7
42
3
5
1
1
9
3
40
3
1
30
3
5
3
42
3
9
37
2
22
2
3
105
2
95
11
70
3
1
3
1
2
9
7
35
11
3
2
1
2
2
4
1
78
38
2
8
2
8
6
4
15
1
2
2
1
17
5
15
62
2
1
1
1
73
1
29
25
14
8
18
190
1
2
18
214
3
119
25
12
87
20
59
1
2
2
4
7
12
68
8
98
50
4
1
1
17
20
28
1
1
4
4
23
6
1
13
29
2
19
14
45
24
1
2
1
3
16
3
2
14
1
42
1
45
49
2
6
4
1
94
1
19
2
5
8
2
11
12
1
39
54
11
3
1
10
2
327
6
2
18
1
7
14
104
7
12
4
4
2
9
1
44
2
19
2
5
2
6
4
7
3
6
24
2
1
1
4
2
5
2
36
25
2
20
89
11
317
2
27
1
1
33
1
49
6
2
19
11
15
2
1
11
1
4
2
2
58
1
3
2
3
8
7
52
4
12
36
1
6
7
21
4
3
4
1
3
5
167
1
10
2
5
13
2
4
1
2
15
14
11
17
18
28
124
18
8
104
3
2
4
78
5
190
29
3
10
3
12
4
10
1
2
39
21
19
4
4
1
3
201
14
9
9
3
13
1
7
4
3
1
12
5
2
215
10
13
7
6
21
7
78
39
2
10
8
3
5
2
12
7
11
3
1
40
2
89
1
23
4
3
10
1
5
57
137
8
15
3
16
1
3
7
2
4
1
7
1
24
5
9
28
5
4
6
2
2
5
4
3
13
5
1
3
8
2
9
12
26
13
33
3
13
10
22
3
2
117
2
33
32
14
5
3
8
25
10
20
1
58
115
127
13
8
1
48
9
8
2
2
5
2
58
31
8
3
52
4
4
3
10
29
7
3
2
27
3
266
8
3
10
12
1
39
3
137
8
84
1
27
1
2
10
1
2
2
8
2
2
2
15
49
39
1
2
4
6
5
34
3
7
38
57
2
2
3
1
1
4
6
3
12
1
297
5
173
13
2
7
1
1
11
16
11
7
2
293
2
10
2
41
2
87
1
11
2
1
2
6
15
8
4
2
30
2
22
3
6
1
1
3
14
44
27
16
109
8
38
3
2
9
115
15
11
92
45
5
1
5
2
48
6
3
5
19
2
4
51
95
2
13
2
6
3
7
2
11
14
1
1
5
2
53
2
1
3
1
10
1
8
5
2
13
14
1
4
46
45
5
2
14
3
18
5
1
1
2
2
4
11
1
1
37
5
8
2
12
24
4
25
1
1
59
2
89
16
7
4
142
1
1
2
1
57
8
7
3
4
13
30
222
2
15
7
5
1
7
2
39
1
18
3
19
36
1
16
10
3
13
20
20
5
5
2
2
8
1
15
2
10
2
3
25
10
1
1
1
9
22
2
2
1
1
23
1
1
32
31
3
8
18
9
1
24
97
2
30
17
25
9
2
13
3
4
5
44
10
14
3
2
6
107
4
2
89
2
28
31
2
3
3
4
61
22
27
2
1
3
18
37
1
5
1
1
3
2
2
4
36
10
15
8
1
1
7
7
4
3
1
3
2
2
10
53
1
2
65
52
2
7
108
63
5
6
2
2
54
4
16
15
16
263
4
4
1
24
2
1
2
1
8
13
33
18
3
10
7
4
75
32
18
4
9
7
120
6
8
39
9
42
3
16
1
49
1
40
41
1
2
2
5
1
22
3
18
180
88
2
11
1
2
1
20
42
2
111
2
2
1
3
1
2
2
8
84
10
6
2
2
2
2
4
6
2
1
1
1
2
2
14
1
19
64
3
6
3
5
30
6
1
2
2
11
3
1
12
6
1
1
4
3
2
6
7
8
3
4
8
2
18
12
2
1
6
80
2
118
135
2
4
8
1
4
63
21
2
33
7
2
2
40
2
18
1
22
63
6
2
6
1
3
9
23
1
141
6
3
12
8
7
1
8
290
3
2
4
1
69
185
15
21
40
2
1
3
2
4
38
4
1
1
52
4
6
2
1
15
7
5
7
18
2
3
6
7
3
2
1
17
3
2
4
3
28
7
1
13
21
3
26
2
3
5
1
1
3
23
6
1
34
1
5
4
12
4
21
1
4
9
11
1
83
7
5
1
2
23
26
7
18
7
1
1
5
5
1
1
14
1
16
1
2
2
9
28
11
14
46
3
3
5
16
8
1
10
22
3
6
8
2
6
9
4
2
15
15
44
4
2
55
31
310
2
5
24
6
29
5
48
1
1
1
4
3
10
1
26
4
7
1
2
3
1
39
24
2
4
1
1
21
7
6
5
8
21
56
28
6
86
2
1
2
13
20
29
78
1
2
161
7
1
23
10
69
2
2
1
1
3
2
12
2
188
14
1
4
2
63
1
47
109
14
2
3
5
27
3
7
2
3
1
37
1
19
1
14
127
4
1
1
36
5
2
3
26
23
9
19
3
82
3
5
31
4
46
5
3
53
2
1
19
6
7
14
20
43
3
1
101
3
4
6
166
22
14
13
11
2
17
5
49
2
47
1
4
1
39
60
153
25
1
192
1
4
2
5
2
11
4
4
4
78
18
1
1
12
4
2
4
1
18
1
9
87
1
8
4
2
36
8
10
28
19
35
36
