2
1
1
2
14
2
1
3
2
1
4
6
1
4
1
1
16
1
2
1
2
2
1
2
3
3
3
1
5
2
1
1
4
2
1
3
4
1
14
9
7
1
3
8
1
2
2
1
5
2
2
1
4
1
2
3
9
3
1
4
9
7
2
1
1
2
1
4
29
4
1
3
17
2
1
13
2
1
13
21
5
1
1
11
1
1
2
2
5
1
1
1
5
1
23
1
6
2
3
10
1
1
2
4
1
3
5
11
5
1
1
3
1
1
2
1
2
1
12
3
4
3
2
2
1
2
3
25
3
1
1
1
1
1
16
1
1
1
5
35
1
5
9
2
2
2
10
1
2
7
24
4
10
2
1
1
5
2
1
10
1
2
1
2
1
3
1
6
1
1
4
1
4
1
6
3
2
1
1
1
1
4
1
1
1
1
16
6
10
4
9
1
1
1
10
7
1
1
5
1
1
2
3
3
1
4
1
4
1
5
1
15
19
2
2
1
6
1
3
4
2
1
1
2
1
2
1
1
1
3
1
1
1
2
7
2
6
4
5
2
2
12
2
1
1
7
4
1
4
1
1
2
2
5
2
1
2
5
1
1
1
1
18
1
2
3
5
1
1
3
1
23
1
2
3
1
4
2
1
1
6
1
1
3
2
1
1
1
5
1
2
5
4
2
2
3
3
3
2
2
2
1
4
6
14
2
2
5
2
2
2
1
6
1
1
14
3
1
1
1
4
3
1
2
1
1
9
4
1
6
2
2
2
5
15
2
10
1
2
1
1
6
1
6
2
2
5
15
2
1
1
7
1
1
1
10
1
1
2
1
1
2
9
2
1
2
1
15
1
1
1
1
1
8
2
1
12
10
3
3
8
4
7
12
1
17
1
3
6
2
3
3
3
4
5
1
4
6
1
1
2
1
6
1
1
5
1
3
5
2
6
1
2
1
6
1
35
1
1
1
2
4
2
2
6
13
2
4
3
2
1
1
1
1
2
1
11
1
2
12
10
1
1
2
6
1
1
2
1
3
1
2
2
5
2
1
2
2
2
2
4
2
23
7
1
3
3
1
7
2
1
2
2
4
1
1
11
5
1
1
2
2
4
2
1
1
1
2
2
1
5
1
4
1
1
3
1
4
3
18
1
4
36
1
4
1
1
4
2
1
1
2
4
2
4
2
2
1
1
1
10
1
1
1
4
2
1
1
1
1
3
2
9
1
18
1
2
4
1
1
3
2
8
3
1
1
1
1
2
13
2
2
7
7
1
32
1
2
9
1
2
1
3
1
3
2
1
6
1
1
3
1
1
1
1
1
1
11
1
5
1
1
2
4
4
10
1
10
3
4
1
1
3
2
3
1
2
4
2
2
1
2
18
5
3
43
1
1
1
1
1
1
1
6
1
1
1
2
3
5
3
7
1
3
16
1
1
10
6
2
2
3
3
16
3
3
4
3
1
6
1
1
1
2
1
1
3
1
2
1
1
2
1
5
1
1
3
10
3
4
3
8
10
2
3
3
4
1
6
9
3
8
1
3
1
2
6
3
6
4
1
3
1
1
3
4
1
1
4
3
33
1
2
4
5
7
2
1
7
5
1
2
5
2
10
2
1
9
3
1
2
2
2
2
9
1
1
3
1
1
1
2
4
1
1
2
1
1
1
1
6
2
2
1
2
2
1
4
1
1
1
1
1
2
1
1
1
1
2
4
1
3
3
3
3
4
1
2
6
1
14
2
1
1
6
4
3
1
1
1
2
6
3
5
2
3
3
1
3
1
1
2
3
2
4
4
7
2
5
1
5
8
1
39
1
8
3
2
2
1
1
3
2
2
1
1
2
2
1
2
3
1
2
20
2
2
1
5
3
1
2
1
2
7
1
5
1
4
3
17
1
2
5
3
3
1
4
1
5
1
2
1
8
10
1
2
1
1
18
2
1
1
6
4
3
6
2
3
2
1
2
1
1
1
1
1
1
10
3
4
5
1
5
6
2
1
2
3
2
1
2
6
6
3
3
1
5
4
2
20
2
5
15
2
4
2
6
2
2
2
12
2
6
12
2
2
1
3
5
3
1
6
1
1
5
1
1
3
10
2
2
1
1
1
11
10
5
1
3
7
3
2
1
2
1
12
7
1
4
4
6
1
3
4
1
3
2
3
3
4
2
2
20
1
5
2
3
1
1
2
2
7
7
1
4
4
2
3
6
1
3
1
2
7
1
1
1
2
3
2
2
2
7
4
1
1
3
1
3
3
1
1
1
10
4
3
1
2
1
1
5
9
3
1
1
2
1
6
2
2
1
9
1
17
1
4
5
3
8
3
1
1
1
15
1
1
6
2
1
4
1
5
2
1
4
3
1
3
4
1
2
1
2
5
1
3
1
2
1
2
6
1
5
1
5
5
2
1
1
1
4
7
26
3
4
1
7
5
1
2
1
1
1
4
14
21
8
1
1
2
3
1
1
3
1
1
5
1
1
3
4
4
1
4
2
3
2
1
1
3
1
3
3
2
3
3
5
2
1
13
12
12
11
1
1
8
1
4
6
10
3
1
3
1
3
1
2
1
3
4
4
1
3
2
1
3
1
6
1
1
6
1
2
5
5
1
6
7
3
8
1
1
13
4
14
2
8
9
17
2
4
1
1
4
4
2
6
6
2
3
2
3
7
7
1
10
3
2
2
5
2
1
1
5
5
4
4
2
4
3
9
4
15
1
3
3
3
2
3
3
4
5
9
6
2
1
10
9
8
2
2
2
6
3
1
3
1
4
6
2
1
3
1
2
10
1
1
7
2
2
3
2
4
1
6
2
1
1
9
1
3
2
6
3
1
4
1
3
1
2
1
10
7
1
1
4
1
1
8
4
38
9
2
1
5
9
2
7
4
3
8
2
1
6
3
2
1
1
2
7
20
2
6
1
1
4
1
5
2
3
1
2
3
4
9
3
1
1
2
2
1
1
1
4
5
6
4
2
2
1
2
2
2
3
4
4
1
4
1
9
11
11
3
