2
2
24
2
3
3
12
13
10
5
20
5
5
19
1
2
1
1
7
25
10
14
14
40
36
1
25
14
84
13
3
1
3
41
1
1
5
12
4
7
2
5
1
2
4
19
15
14
15
6
1
1
17
28
5
5
1
25
1
1
2
1
32
7
5
2
1
2
1
22
39
1
1
45
3
3
5
11
3
1
1
2
12
1
2
16
1
37
4
2
1
22
16
10
11
52
12
1
1
6
3
12
39
1
5
2
1
5
2
1
2
25
6
4
12
8
5
2
37
2
4
14
49
21
1
4
3
18
116
20
3
60
65
34
3
2
1
10
4
4
5
2
3
2
1
17
3
2
12
10
3
2
6
2
4
1
21
17
1
6
2
1
2
2
18
10
1
7
65
1
9
12
9
48
1
1
44
17
1
4
2
9
4
2
27
1
32
23
19
6
21
1
3
3
2
1
2
3
3
2
4
3
2
1
10
5
19
25
14
24
3
15
2
16
6
1
3
14
1
3
19
5
1
1
2
59
1
2
2
8
20
3
19
3
19
3
2
8
2
2
1
10
3
2
3
5
3
12
68
2
3
3
1
23
1
3
3
3
3
48
23
10
20
2
3
6
3
2
1
1
2
6
10
20
4
7
1
2
4
3
2
4
4
1
8
5
1
10
12
1
25
10
21
39
115
1
2
17
23
2
4
10
113
9
2
1
1
38
42
7
7
8
1
1
1
2
11
1
8
14
34
2
4
2
2
1
1
5
30
1
4
3
32
8
2
11
3
22
9
2
2
44
1
5
2
2
44
41
34
2
2
1
15
10
42
2
10
1
4
1
86
14
2
5
5
2
9
9
2
1
8
4
6
3
9
8
8
10
6
29
1
4
1
5
1
16
6
3
5
3
1
21
2
2
3
2
30
1
40
3
1
2
1
3
14
3
2
31
57
29
8
2
3
1
1
2
2
2
6
2
11
2
1
5
1
38
19
55
41
9
8
1
3
1
23
7
2
19
4
19
2
1
1
11
2
36
3
6
2
39
4
2
1
1
1
3
10
2
2
1
9
11
3
14
25
1
2
7
5
2
12
13
4
39
3
2
7
10
2
18
1
1
2
11
11
42
3
4
7
1
2
2
9
27
2
7
8
16
26
6
34
22
5
4
7
2
4
13
8
2
10
29
1
7
6
1
2
32
11
1
2
19
45
11
10
4
3
26
3
60
88
23
4
3
3
13
1
63
8
1
37
3
28
2
2
2
2
4
1
8
7
1
10
13
4
2
82
3
13
8
6
3
6
5
2
10
4
1
4
1
26
2
8
5
117
5
2
3
35
4
52
1
29
1
1
2
2
3
38
3
3
89
30
1
1
42
10
4
1
1
1
4
6
3
11
13
3
1
27
3
3
1
1
2
3
1
53
1
2
1
3
20
1
8
3
115
10
9
2
22
17
3
2
2
3
2
18
3
2
2
3
2
2
6
3
3
3
17
1
10
4
4
21
2
38
4
1
5
16
72
30
2
4
18
10
9
1
6
1
2
6
2
2
1
1
5
1
82
1
33
3
3
30
2
5
9
60
5
1
14
15
2
5
2
30
4
9
2
2
9
27
3
15
84
2
1
3
32
2
1
16
136
1
19
22
2
10
5
11
2
9
4
5
75
2
5
10
2
7
2
21
1
27
8
1
25
10
3
1
2
13
3
22
5
4
6
29
20
3
2
13
12
1
8
1
4
2
101
1
2
3
1
2
1
18
2
6
2
1
2
2
8
11
2
36
2
100
1
7
5
2
6
21
3
1
9
15
3
9
1
1
4
3
9
8
4
5
10
13
3
1
33
13
1
1
2
11
5
7
3
1
3
3
11
1
5
12
5
7
3
97
19
1
6
6
15
1
4
1
2
6
1
7
8
2
3
2
3
2
4
6
5
20
2
1
4
6
60
40
2
1
1
46
4
24
1
5
2
1
3
1
6
7
1
1
4
6
6
1
41
1
3
3
8
2
70
6
21
1
1
3
6
3
5
1
4
12
17
7
2
4
3
32
1
7
2
1
1
6
5
3
1
81
3
2
4
1
2
58
3
1
1
16
2
2
11
2
5
2
1
1
2
57
1
92
10
2
6
7
5
37
16
3
15
3
33
2
28
7
2
17
2
2
2
2
2
3
11
2
14
11
17
3
1
1
5
2
6
5
11
2
1
2
3
2
1
5
4
105
8
1
5
14
1
1
2
5
7
12
35
20
73
14
1
1
2
10
7
32
14
5
35
22
9
19
2
53
2
1
2
5
1
2
19
1
52
9
10
1
3
8
4
23
4
1
1
16
1
1
2
30
1
1
5
1
15
3
2
5
2
12
48
24
33
7
8
28
1
3
8
1
16
56
2
3
50
1
1
2
2
1
13
7
6
4
20
2
3
12
11
14
5
2
2
12
7
14
24
15
15
1
9
14
23
2
1
11
2
2
1
4
7
57
19
2
16
2
1
3
8
3
1
2
3
1
6
16
1
2
1
12
3
3
1
4
2
1
4
1
3
4
11
5
40
6
8
20
22
2
45
14
2
4
16
3
14
1
1
8
2
5
1
5
4
4
13
1
2
2
6
6
1
22
3
5
9
2
3
54
1
2
14
21
31
26
7
59
6
1
101
7
1
1
1
1
2
6
1
1
7
4
3
12
6
1
3
19
1
5
6
1
2
6
5
1
5
13
10
2
54
55
25
3
30
3
2
1
2
101
4
6
4
9
30
4
10
9
1
6
4
64
2
1
3
9
4
1
4
10
1
1
5
4
