25
8
13
14
1
7
17
176
1
6
6
2
7
1
26
1
24
78
4
1
6
41
2
4
13
4
1
4
17
9
10
4
59
3
1
3
35
8
4
8
3
5
5
7
3
3
8
12
18
134
1
9
14
94
1
3
1
29
7
2
9
12
10
3
7
64
1
1
7
3
14
3
7
1
52
5
1
13
69
3
2
3
1
2
1
1
2
1
12
14
2
4
8
3
5
2
5
3
13
27
7
3
24
1
30
1
1
4
2
6
4
81
1
10
10
29
10
13
2
64
7
5
4
1
5
4
2
1
15
10
15
1
11
1
3
2
4
7
4
1
11
6
25
22
1
6
3
2
1
60
1
6
73
2
2
6
3
1
29
2
6
2
38
15
11
58
10
5
7
7
2
15
4
73
4
3
2
5
22
1
24
184
12
32
3
3
84
2
14
4
3
2
2
1
2
4
173
2
3
1
6
22
1
6
97
4
12
10
31
29
39
1
13
1
5
1
17
17
5
1
71
13
3
1
8
7
3
5
2
3
1
3
1
1
2
25
1
1
2
1
2
29
7
2
3
29
9
8
2
29
20
3
41
2
7
1
65
3
5
4
39
49
18
17
14
48
2
41
4
3
186
12
10
1
7
3
1
2
4
12
8
1
2
24
3
3
5
2
8
31
4
149
1
15
12
2
2
3
19
2
1
1
1
18
38
5
2
3
11
8
5
17
14
2
74
3
5
10
5
8
6
2
2
58
32
4
3
4
39
1
6
10
9
1
1
2
62
7
5
2
7
59
5
1
10
2
9
1
22
1
1
6
2
1
22
5
1
40
6
2
2
15
1
61
1
54
2
10
18
1
11
31
1
1
1
2
33
8
3
2
4
1
11
4
7
1
24
157
52
4
45
1
40
1
16
2
16
2
1
1
6
1
1
1
1
94
2
14
6
3
12
14
3
1
14
3
15
10
26
19
1
10
5
3
3
8
2
4
2
3
5
20
6
173
8
4
8
21
22
3
5
9
63
2
2
1
6
2
4
5
3
2
25
23
1
17
2
1
3
4
11
13
1
8
15
2
5
1
21
14
5
39
2
23
2
201
2
7
5
2
3
15
19
12
6
4
4
15
66
36
31
2
3
2
2
1
10
3
8
2
2
21
2
56
3
4
4
3
11
1
2
6
9
3
9
29
13
5
2
1
35
4
4
15
2
2
19
3
5
12
3
8
38
10
23
2
15
5
31
9
4
5
2
5
1
1
9
1
3
28
6
54
41
116
2
1
47
8
6
10
4
1
33
21
10
2
25
3
3
4
3
7
43
183
2
12
4
1
3
3
8
49
3
5
1
11
11
6
5
1
2
1
6
10
1
21
4
4
1
5
6
17
6
12
6
1
2
2
17
43
4
8
3
78
105
15
2
36
12
4
21
4
3
13
2
1
7
51
3
4
8
3
19
2
2
3
1
2
5
3
6
2
4
4
3
2
2
8
13
3
2
1
7
11
2
1
2
2
2
43
4
2
11
5
1
3
7
2
2
6
21
13
1
4
1
12
11
4
3
2
1
3
17
8
1
10
10
3
110
22
5
3
5
1
1
1
6
9
1
9
5
3
9
2
7
1
15
96
140
2
3
4
1
122
7
3
1
4
2
3
2
7
1
5
1
15
7
1
33
2
9
51
2
3
6
19
1
2
1
3
9
49
1
43
4
4
10
