9
19
4
1
2
2
5
1
3
4
20
3
3
1
1
4
8
1
2
2
1
4
3
5
10
2
1
1
1
4
1
5
1
9
6
2
2
1
1
1
33
5
4
10
1
4
3
2
9
14
6
3
15
1
5
12
2
2
1
1
1
2
2
4
1
4
1
3
1
5
12
4
1
3
1
9
7
4
29
1
1
1
7
4
2
2
1
8
4
19
6
1
7
35
7
1
3
1
9
1
2
5
2
2
2
2
1
4
4
2
41
9
2
2
1
1
5
7
5
2
1
3
31
6
8
4
1
20
4
4
1
25
1
2
23
1
4
5
1
2
14
5
10
5
2
5
11
22
7
1
1
8
1
5
3
10
1
8
2
30
37
5
1
4
2
1
4
1
5
7
7
6
1
1
7
21
1
1
1
3
2
5
1
1
1
1
2
1
2
3
1
10
1
13
5
3
1
9
1
2
1
5
5
1
3
7
2
14
5
4
4
2
3
3
1
6
8
1
1
3
1
2
10
1
8
5
5
1
6
39
1
10
1
2
28
30
3
5
3
2
9
1
1
9
1
4
1
3
1
3
1
21
14
2
2
6
14
4
2
1
1
1
2
1
1
1
1
1
2
2
17
1
14
2
8
1
37
3
4
2
9
34
2
1
2
2
9
1
2
1
2
1
3
3
3
5
12
1
2
2
2
6
1
3
3
18
34
7
7
1
1
5
2
1
3
1
13
1
7
4
11
4
2
11
11
2
1
1
1
12
2
2
2
1
1
1
2
3
4
1
6
1
3
2
3
26
1
9
2
3
14
1
1
13
4
1
6
2
1
3
2
1
4
7
1
5
2
2
4
1
1
2
9
4
3
2
2
2
7
4
1
1
2
3
7
2
20
2
7
3
7
11
6
3
3
1
10
5
3
3
12
15
25
4
28
1
1
3
4
3
1
10
7
1
2
3
2
2
1
3
6
3
19
5
1
2
2
18
5
3
2
4
1
5
5
17
6
3
1
5
1
15
5
18
1
1
4
4
1
9
6
2
15
9
2
3
4
1
1
7
2
2
26
10
6
13
8
3
1
1
16
70
2
10
1
4
2
17
14
1
1
4
12
2
2
3
1
1
25
9
1
2
1
2
2
4
5
2
6
3
1
4
6
5
4
1
16
10
2
3
1
3
10
2
3
2
1
1
4
4
2
4
3
3
2
1
30
4
4
1
2
3
10
4
6
4
1
2
10
1
2
1
3
6
5
2
2
7
1
1
2
2
1
2
3
11
4
4
15
27
3
25
2
3
8
15
1
19
3
10
1
3
14
5
1
1
16
4
1
1
2
5
3
2
4
1
27
1
1
1
1
13
4
2
7
13
3
8
6
4
2
2
8
2
6
5
2
3
16
1
2
1
12
1
12
1
5
4
2
11
2
4
19
1
6
2
12
11
3
4
1
3
5
6
4
15
1
2
3
2
2
3
32
1
1
16
1
34
6
1
3
1
69
3
1
6
1
1
2
5
1
15
1
1
7
7
5
1
2
8
3
7
2
16
1
4
1
2
3
4
2
1
5
2
1
3
1
2
4
7
16
1
4
8
4
1
1
11
3
17
2
1
1
2
18
1
1
1
1
1
6
2
1
3
8
17
2
1
2
2
7
4
2
3
1
3
3
4
5
1
5
16
2
6
22
1
2
3
1
2
4
2
6
19
3
8
11
2
1
1
44
15
12
5
3
2
5
3
2
8
2
7
2
2
3
1
5
2
4
9
2
1
3
4
5
1
11
9
3
14
4
2
2
4
2
4
1
1
12
6
19
10
6
41
4
1
5
34
9
1
1
2
18
1
2
1
2
4
2
2
1
11
4
2
2
4
19
1
8
2
2
1
10
19
2
10
8
52
4
3
5
1
6
1
4
1
3
2
2
1
6
1
20
3
2
1
2
8
10
1
4
2
42
42
11
1
3
2
6
4
2
6
2
3
2
1
2
2
9
12
9
2
2
1
4
5
4
11
4
1
3
1
3
12
4
4
6
2
4
12
3
2
1
3
4
5
3
6
3
1
1
4
5
1
2
2
1
3
1
3
3
2
4
4
1
1
2
1
11
12
2
4
3
4
1
3
15
8
3
1
15
1
10
1
7
4
24
1
6
4
5
52
1
7
3
2
10
4
1
1
2
13
2
8
2
1
2
14
1
4
8
1
2
1
4
1
1
2
1
1
2
8
6
6
1
4
4
8
1
5
1
17
1
1
12
2
3
8
2
1
1
5
1
10
13
6
48
2
1
4
3
11
3
14
1
2
1
4
3
2
1
1
2
3
12
6
3
7
2
1
1
5
4
2
5
2
4
7
1
1
10
1
1
13
3
1
20
4
13
2
6
9
2
6
22
7
24
1
5
1
4
1
1
4
3
10
3
4
1
6
1
4
1
5
32
1
4
11
3
2
2
1
2
2
8
1
19
2
3
5
2
15
2
9
5
6
3
1
3
2
1
3
1
1
2
5
30
2
2
12
1
2
9
1
15
40
1
6
6
1
5
4
4
8
5
1
25
2
1
1
36
4
7
1
3
1
1
4
3
4
5
4
2
1
4
8
1
3
10
1
1
1
6
1
2
2
9
1
2
1
2
1
5
4
1
5
16
6
4
80
9
2
1
3
5
1
1
7
16
1
2
3
8
2
14
4
2
2
2
3
2
2
2
6
3
1
3
1
1
3
5
5
12
5
4
5
1
13
3
2
1
15
2
1
2
2
31
33
2
1
7
1
6
22
2
1
16
1
3
1
1
8
1
3
6
26
2
4
2
3
2
17
4
2
6
1
2
1
28
2
2
12
4
10
1
3
8
11
21
6
1
1
2
1
41
1
4
4
1
5
10
3
2
32
2
1
1
9
12
3
1
4
2
2
2
5
3
8
7
12
4
13
1
1
1
1
1
7
12
1
8
6
1
10
1
2
2
2
4
2
2
2
1
2
2
8
6
44
1
2
1
2
2
33
2
8
6
8
1
6
1
1
1
3
3
13
1
1
7
3
9
1
1
5
1
11
1
39
31
1
3
19
5
5
3
3
3
1
3
1
9
3
1
5
1
3
2
4
1
1
2
7
3
25
2
16
26
1
1
2
2
8
2
1
6
2
1
3
1
3
1
5
4
1
1
4
24
1
3
2
2
5
5
1
1
1
9
7
6
14
3
5
4
10
1
2
5
3
3
1
7
32
3
29
2
1
34
3
4
1
1
42
4
1
1
3
1
1
1
15
2
11
1
8
1
5
38
2
1
6
3
1
2
18
15
1
8
5
1
21
2
4
3
9
1
1
2
1
1
1
3
1
33
12
9
9
2
1
1
5
1
4
1
11
1
4
25
1
2
2
1
24
12
7
2
12
2
1
2
9
4
17
13
1
2
1
3
9
2
2
9
1
1
3
1
4
3
6
6
2
1
3
9
5
29
10
1
1
6
1
1
10
2
1
10
2
1
2
11
9
5
17
3
4
1
3
3
1
1
8
1
1
4
12
3
2
4
3
1
7
20
1
3
2
2
1
9
8
7
6
5
8
6
3
20
1
1
1
5
12
1
21
1
4
2
3
3
6
1
6
13
2
21
4
1
2
13
4
1
10
2
1
3
4
26
4
4
7
10
3
10
5
4
1
10
3
1
1
2
2
7
14
5
10
1
39
45
1
1
9
1
5
4
7
33
4
2
2
7
1
1
1
2
1
2
3
5
10
10
3
1
1
2
29
1
4
6
6
1
9
2
2
2
7
1
1
7
21
17
2
7
1
1
9
1
4
1
8
6
8
3
28
3
3
1
3
1
4
3
20
1
4
2
1
13
1
1
13
1
1
1
16
2
1
1
7
1
2
3
6
10
1
8
4
2
10
3
4
2
6
7
1
1
42
6
1
1
12
6
2
1
2
3
6
1
18
23
1
1
4
2
1
4
2
6
1
2
1
14
1
20
1
12
1
4
6
1
2
6
4
2
28
2
2
11
3
4
3
1
18
6
3
1
3
11
4
2
2
2
16
7
6
6
1
3
7
3
8
1
3
7
17
1
1
2
5
4
6
1
1
1
8
6
1
5
11
2
5
12
13
1
1
3
2
3
12
3
7
8
5
5
2
3
1
23
30
18
4
5
14
26
5
2
1
2
2
3
14
5
1
7
1
1
2
4
2
2
6
1
1
3
1
5
18
32
1
15
4
32
13
1
2
2
20
4
17
2
2
1
6
19
2
1
1
1
1
17
3
2
1
23
1
3
5
7
8
2
3
7
23
2
5
11
9
1
2
1
1
3
1
10
1
1
1
2
3
25
9
1
1
1
6
3
5
1
1
1
9
1
9
2
13
8
1
2
3
10
4
4
1
14
1
1
10
1
2
11
16
1
6
2
1
1
8
3
1
5
1
2
33
1
3
1
4
5
37
2
1
1
3
9
7
5
1
4
2
3
2
5
1
12
1
2
2
2
3
6
2
2
13
1
4
1
13
43
1
1
25
1
4
25
8
2
6
1
1
2
1
1
2
9
3
3
5
2
1
2
1
1
6
1
2
2
3
11
1
1
1
3
1
3
3
12
4
7
1
1
14
10
10
4
1
1
1
1
2
2
3
2
27
2
2
1
6
4
1
18
3
41
1
2
5
1
1
55
1
1
3
1
2
1
2
3
13
3
17
8
4
9
4
8
2
3
2
9
4
1
5
22
1
9
1
2
2
24
1
1
12
1
1
10
1
2
16
3
3
25
1
3
17
4
3
8
1
1
6
18
8
19
5
4
1
1
7
4
6
6
13
4
1
8
1
2
1
4
1
1
1
10
2
4
7
1
1
1
1
1
5
19
6
1
2
3
5
1
1
1
6
2
1
11
14
2
3
1
1
1
2
1
36
2
6
2
2
2
1
11
19
8
6
81
5
1
10
3
3
2
16
6
3
3
6
1
1
1
4
1
26
5
2
42
5
7
5
1
3
4
5
10
1
1
1
4
3
2
2
2
9
1
2
2
2
2
3
1
2
4
3
1
1
6
2
1
1
2
7
1
1
1
1
3
4
2
5
4
4
3
2
2
11
1
5
14
1
1
17
8
1
25
6
4
1
1
25
1
1
1
4
1
5
17
2
6
2
2
6
11
2
4
2
1
1
6
4
3
7
7
1
2
4
9
3
1
37
7
1
6
5
9
10
2
1
2
1
35
2
1
3
9
14
4
1
2
7
1
2
2
2
22
1
3
3
3
5
5
1
20
4
3
1
3
23
12
9
5
7
1
5
82
14
16
6
2
2
5
4
3
1
1
4
5
3
1
2
1
13
22
2
5
6
37
4
42
4
1
6
3
1
2
1
5
3
5
1
2
24
14
7
3
3
2
7
3
1
7
2
2
4
8
1
7
3
4
1
2
1
1
4
5
27
2
13
1
6
1
2
1
4
3
2
5
2
15
2
3
7
8
2
1
23
1
2
1
24
2
2
6
11
3
2
1
4
1
3
5
3
1
4
2
2
2
4
1
20
3
1
4
3
14
1
1
1
48
3
1
1
1
1
1
1
4
2
1
1
19
2
4
3
19
1
17
1
1
1
4
4
2
4
2
15
1
9
1
1
2
2
1
4
15
1
4
1
1
1
1
3
5
6
3
1
7
7
5
3
2
1
1
5
3
3
7
2
3
4
25
1
1
5
1
1
3
11
1
6
3
2
3
5
1
28
3
1
8
1
1
12
8
2
3
4
2
2
1
7
2
1
1
3
2
9
2
8
1
6
11
5
4
4
1
6
4
2
1
2
6
3
9
1
2
1
2
1
5
8
2
8
1
1
5
4
1
1
3
11
23
1
1
2
3
17
4
3
6
6
14
1
21
1
2
2
2
2
3
1
9
4
2
2
3
3
67
4
21
6
38
3
1
3
4
1
2
2
2
5
1
1
22
1
1
1
9
1
7
4
16
19
1
2
1
1
1
5
43
2
1
10
8
4
2
4
2
10
1
1
10
20
20
28
1
1
3
7
3
1
6
5
5
1
40
1
9
1
2
11
1
3
