1
1
3
1
1
1
9
4
16
3
5
1
6
1
2
7
13
3
44
1
9
17
50
3
1
37
43
2
9
2
2
7
1
5
7
2
1
1
2
6
5
18
3
1
1
2
1
23
31
1
1
2
42
8
4
4
31
6
9
1
1
41
2
8
2
1
12
7
12
6
1
1
5
4
4
3
3
10
2
7
1
7
2
12
1
4
1
6
16
4
6
2
27
6
2
2
2
6
20
1
1
2
2
3
2
2
5
2
1
10
4
4
16
3
8
1
3
4
8
2
12
1
1
21
7
1
1
3
1
1
2
11
1
1
26
5
6
12
4
2
3
4
34
11
2
26
1
3
1
3
27
1
1
6
7
6
37
3
4
2
1
1
3
1
2
6
2
3
2
1
3
1
1
2
22
2
1
13
12
1
1
3
10
4
12
7
4
16
1
1
49
2
4
1
8
3
8
1
2
11
36
12
2
3
16
2
12
2
1
4
2
8
5
36
3
2
13
1
5
1
1
1
14
2
4
28
6
15
3
6
15
21
1
11
12
2
10
1
1
45
7
9
21
5
2
1
1
1
14
2
1
2
8
38
2
4
6
1
1
3
2
4
10
1
1
8
2
2
2
1
26
2
1
24
8
1
26
7
17
2
1
8
3
1
1
2
22
31
1
4
46
1
5
47
31
1
2
4
1
1
5
23
1
21
10
12
42
1
1
1
1
12
1
36
1
4
3
4
8
47
3
1
1
1
2
6
4
3
1
7
16
3
2
1
3
2
1
24
2
11
58
1
14
1
23
6
2
2
41
1
2
1
2
10
7
3
1
1
12
1
5
4
1
4
9
5
7
1
1
2
18
3
2
10
5
2
2
3
5
6
26
1
2
10
4
14
46
2
4
20
6
10
12
8
1
1
1
4
1
17
13
1
10
2
18
1
1
1
2
2
4
9
19
3
1
1
11
1
2
13
2
1
3
1
13
1
1
20
2
14
3
2
1
1
2
1
2
4
1
1
67
3
9
1
3
3
1
1
19
2
1
23
8
7
9
2
1
2
2
6
1
1
3
1
9
7
1
1
1
6
25
7
1
4
1
12
1
1
8
7
1
2
1
1
16
2
3
1
1
2
1
12
15
5
1
3
1
3
2
6
3
1
26
6
37
5
28
3
1
2
22
52
2
2
1
3
2
1
2
4
3
6
10
2
2
45
9
1
1
1
4
1
3
24
1
1
7
81
3
16
9
2
1
4
1
2
1
2
2
1
3
35
2
1
1
2
3
2
2
2
13
1
20
4
5
6
3
11
3
2
1
3
4
3
4
1
45
4
1
3
2
2
2
4
67
8
3
2
26
9
4
2
2
2
1
33
1
1
2
2
1
2
5
1
3
6
26
22
11
5
4
1
5
2
2
8
1
2
1
4
1
7
7
2
7
10
30
3
1
3
2
3
2
6
4
11
2
26
19
2
7
6
6
1
13
5
18
33
2
1
4
7
11
3
4
1
1
30
7
1
35
3
5
5
2
8
8
1
3
7
3
13
17
14
4
33
1
1
1
1
4
12
10
17
4
4
2
2
2
1
8
11
4
1
1
9
10
4
45
2
1
8
14
5
1
1
15
6
20
4
3
2
2
1
5
2
1
3
44
4
10
7
10
4
3
7
1
3
4
14
3
3
2
2
1
2
13
5
3
62
2
1
1
3
2
2
7
17
30
10
2
2
9
4
5
3
7
45
1
2
2
34
7
1
9
2
9
3
2
3
3
48
1
2
26
6
24
1
6
8
1
2
28
5
4
13
1
1
4
5
1
5
4
1
15
2
1
2
1
1
2
2
12
4
13
10
1
3
1
1
7
9
1
1
14
1
7
1
3
12
2
9
6
9
1
5
8
32
1
20
2
40
1
1
2
1
1
9
1
1
8
4
1
1
35
3
8
3
54
2
1
16
1
5
1
1
6
14
1
5
17
2
1
1
66
2
4
16
6
57
1
1
3
1
3
1
1
1
23
7
3
45
3
2
2
2
10
4
3
8
2
14
1
41
3
2
3
1
1
2
2
29
15
10
2
11
23
12
1
7
5
6
2
31
1
2
42
7
1
7
1
2
1
3
1
5
40
35
6
16
24
1
2
20
27
3
13
1
8
38
19
5
1
1
1
4
9
25
1
1
13
18
12
33
5
14
9
7
12
1
14
6
4
3
3
3
30
14
12
36
4
1
14
5
3
5
1
23
32
10
1
4
1
13
14
2
32
8
2
7
3
1
12
5
5
4
4
12
2
1
1
1
2
1
1
7
2
2
2
3
4
14
1
1
1
10
1
9
12
12
19
1
3
8
9
15
2
6
2
1
17
1
16
5
5
47
26
5
44
1
3
21
4
2
36
1
6
6
4
2
17
2
2
2
4
6
4
15
5
2
53
4
1
17
5
4
1
84
17
3
1
3
13
15
30
2
19
2
3
1
1
1
80
5
2
2
1
6
3
3
1
19
9
1
1
4
3
3
2
2
5
21
16
2
2
21
7
2
38
2
2
9
55
3
3
5
2
5
2
1
1
2
30
2
11
2
3
3
3
1
2
2
6
12
19
4
3
3
9
1
3
7
8
12
2
1
1
4
16
1
39
3
5
5
1
1
4
7
4
9
3
4
12
4
57
3
5
29
1
2
2
2
9
4
4
1
15
12
1
5
12
10
5
1
1
18
23
6
1
15
2
2
20
3
19
2
2
4
1
9
8
15
3
29
1
2
2
3
1
7
5
1
1
1
1
5
13
10
1
1
5
9
1
14
5
2
2
18
3
1
2
1
16
1
4
9
7
13
6
9
3
2
1
1
18
2
5
2
16
1
2
2
4
7
1
3
3
12
7
4
1
10
6
9
18
10
1
1
6
2
1
1
2
9
1
1
3
17
1
2
18
2
2
2
9
2
21
2
26
28
3
1
2
1
5
1
4
53
3
11
1
1
1
2
1
7
19
1
5
1
23
11
6
2
33
3
6
3
1
11
17
9
12
19
2
5
3
22
1
6
5
3
23
5
4
6
3
3
2
1
2
3
6
2
4
2
8
5
2
2
7
3
7
16
11
2
1
8
6
14
2
1
2
7
11
3
1
1
8
2
3
15
1
5
2
1
2
1
3
10
3
5
11
2
2
10
11
1
2
1
4
18
4
1
3
8
31
4
4
14
2
10
19
1
6
3
10
85
9
2
1
3
23
2
6
1
3
1
1
1
3
7
23
3
5
2
33
16
10
1
7
1
3
44
1
6
1
24
2
23
14
30
1
8
4
2
1
1
3
8
5
2
1
2
4
1
14
1
13
1
1
44
2
11
2
4
1
10
1
13
3
1
1
21
6
1
3
2
2
15
11
7
4
4
2
1
8
2
2
5
1
15
1
4
28
2
28
1
9
6
1
3
4
1
3
23
2
35
30
15
1
23
1
13
23
2
1
29
6
28
1
1
14
1
2
4
1
4
56
3
13
4
9
4
2
4
1
2
25
28
1
2
2
23
2
20
6
1
1
40
5
14
12
1
8
12
2
2
2
29
7
6
1
6
3
3
1
5
63
4
1
3
6
7
2
5
1
10
2
5
17
2
3
6
19
8
1
3
2
17
1
41
8
6
5
11
13
1
2
11
21
20
4
3
1
1
4
46
1
5
7
13
9
1
1
4
2
4
3
4
1
5
3
1
2
1
37
6
2
2
7
2
46
2
24
12
2
8
2
17
4
3
6
2
65
9
33
2
1
5
9
8
2
1
2
3
5
38
2
1
1
1
32
1
16
3
2
3
1
5
6
10
1
2
2
6
12
3
2
1
28
1
4
10
1
31
2
11
1
2
2
3
7
2
3
1
1
4
1
36
1
2
2
1
1
1
76
3
1
4
1
6
1
6
35
5
1
1
1
35
1
10
27
4
2
1
14
11
1
9
19
4
3
9
1
7
2
2
19
1
44
4
1
2
2
2
1
1
2
60
3
15
2
2
1
5
1
5
2
2
1
3
3
6
2
1
6
1
2
2
1
1
3
6
2
2
1
1
2
5
14
5
15
1
2
3
3
1
36
5
2
14
29
4
20
4
1
14
11
3
1
2
3
3
1
5
3
9
4
16
1
6
2
1
1
1
2
3
31
2
4
4
3
3
11
16
5
3
1
2
23
10
22
1
55
3
55
3
3
5
2
1
1
59
53
28
2
2
30
1
8
2
2
2
1
5
3
5
1
4
7
4
2
8
2
18
2
1
20
3
13
1
2
1
6
14
1
1
18
13
6
11
5
2
3
2
20
6
8
5
3
3
2
26
2
4
4
12
2
8
1
1
2
1
14
20
1
9
2
1
2
12
11
18
9
1
1
2
2
9
19
1
36
18
1
1
1
10
1
1
4
1
1
1
42
3
2
7
6
20
1
4
3
2
14
1
4
15
1
10
21
14
11
5
6
10
1
5
2
1
15
18
1
7
4
6
3
3
2
10
29
4
8
1
12
5
9
15
7
1
2
2
18
2
8
1
15
5
2
1
1
2
1
6
6
2
2
1
28
10
2
2
1
60
3
1
2
3
3
1
10
4
1
4
1
2
7
13
1
3
1
1
2
4
3
7
1
9
7
1
2
21
1
2
8
1
5
5
2
5
9
4
5
3
30
1
3
9
16
3
1
2
12
5
3
3
10
14
6
2
9
1
10
3
4
1
1
1
2
1
3
1
3
2
3
1
5
9
3
5
21
1
1
6
6
3
4
23
1
4
24
10
7
1
2
2
1
2
4
3
18
1
3
62
1
3
7
2
14
2
62
13
7
3
2
18
1
2
7
1
1
29
5
9
2
1
2
2
3
26
7
1
1
1
4
7
1
2
44
1
2
3
2
9
10
6
5
20
1
1
1
4
1
1
2
1
1
1
2
5
5
2
1
3
2
2
1
6
32
3
26
1
1
6
3
1
7
8
3
1
8
63
30
3
9
5
13
6
1
8
1
7
14
1
1
1
4
1
6
2
1
30
4
10
14
1
5
2
3
17
1
3
4
10
2
1
1
19
3
10
6
1
5
1
2
1
1
20
58
6
2
62
16
5
1
13
14
1
2
2
1
17
1
2
2
6
3
2
3
4
1
2
1
3
5
1
7
19
1
2
3
1
1
3
6
1
2
39
1
1
1
3
1
38
2
1
7
6
27
1
5
1
1
1
1
38
2
1
8
2
7
3
4
4
1
1
2
1
7
16
1
1
1
1
7
44
2
3
1
2
2
1
1
7
3
1
17
3
2
10
4
1
1
8
2
1
2
3
1
7
11
2
8
5
11
1
1
5
3
4
4
2
1
5
1
5
7
2
6
1
1
3
4
2
8
2
10
1
31
5
6
4
8
17
1
20
3
4
2
2
1
10
23
2
8
6
19
6
1
1
16
3
3
2
7
6
3
1
4
1
9
4
3
2
3
2
7
11
1
2
1
1
8
2
3
21
1
14
11
9
4
7
4
8
1
4
4
21
5
8
8
1
22
34
1
3
10
3
1
1
1
2
3
1
9
1
3
39
6
5
3
11
24
4
1
1
3
1
1
3
1
1
3
2
9
2
2
16
5
3
2
4
22
8
36
2
1
7
1
4
10
6
14
2
30
1
3
3
11
7
21
3
2
2
2
7
3
3
2
8
28
2
5
5
7
2
3
17
2
1
5
5
9
31
17
42
9
1
15
1
6
5
14
22
1
10
5
1
1
6
1
3
1
7
5
4
3
4
6
15
5
13
3
1
15
13
17
1
11
1
1
20
12
3
1
84
2
1
6
1
14
3
23
2
14
2
17
3
3
12
3
6
2
2
4
1
1
14
9
1
1
4
33
3
6
1
1
3
1
1
2
22
2
1
2
2
8
1
2
3
1
1
6
4
7
1
1
15
1
2
2
1
7
7
11
51
3
6
2
1
2
24
7
3
1
1
21
10
2
5
1
2
4
3
34
8
3
1
2
19
1
1
34
2
3
5
2
4
5
17
15
4
2
1
3
13
6
1
8
7
7
2
2
1
1
7
2
1
9
11
1
4
2
1
8
3
9
38
8
2
1
1
2
1
3
1
30
4
3
1
2
8
2
12
3
7
5
9
9
3
1
1
1
4
1
23
4
30
2
2
5
18
2
3
8
29
2
3
8
9
8
1
11
5
13
5
11
4
2
1
4
4
2
2
1
3
1
2
1
1
2
1
2
7
8
9
1
1
4
3
5
2
1
2
3
1
2
1
2
1
6
7
5
1
3
5
1
1
1
9
4
29
10
1
6
1
2
3
18
9
1
48
27
39
5
3
9
2
4
5
1
4
1
3
1
4
1
13
45
5
7
32
1
2
4
1
24
26
2
1
13
3
1
7
33
7
8
3
28
14
3
2
19
4
4
2
1
1
19
28
11
22
2
4
55
1
9
3
1
2
23
1
1
12
2
1
7
29
1
1
6
3
1
12
1
17
1
3
10
3
3
1
1
54
4
2
10
14
1
3
1
3
13
1
10
3
1
1
5
1
9
1
18
2
3
1
1
1
4
2
3
10
1
1
4
1
6
17
9
4
1
4
9
1
19
5
8
3
6
7
39
2
3
15
6
10
9
36
3
8
3
2
6
20
4
13
3
9
2
7
37
1
10
26
3
13
1
2
1
47
17
2
2
5
4
4
11
2
5
35
1
2
9
2
2
13
4
2
5
2
11
8
2
1
1
1
1
1
24
10
18
1
2
6
15
12
7
1
2
1
6
1
5
2
32
1
1
1
33
4
11
3
1
2
11
2
1
5
1
1
5
2
3
16
1
2
2
27
2
1
4
1
2
1
7
1
9
1
16
4
1
40
5
1
2
14
37
18
1
3
6
2
1
15
3
15
2
3
30
4
8
3
1
1
1
2
1
2
2
7
21
6
1
9
2
1
2
6
10
4
1
3
18
7
22
1
1
12
1
11
4
5
16
3
3
3
2
1
2
4
2
2
1
14
6
2
23
17
3
12
4
1
1
3
6
26
1
7
2
3
4
1
48
2
29
1
3
2
5
4
3
3
1
18
2
14
1
1
2
4
10
8
1
13
7
3
1
3
1
11
3
4
7
1
14
6
3
4
7
2
1
2
5
1
8
7
4
1
8
1
11
45
4
1
1
2
22
5
9
1
2
45
2
5
3
2
4
11
2
3
3
4
3
3
1
1
2
2
13
2
2
7
4
1
9
1
3
3
