4
1
43
1
8
3
18
1
31
2
6
8
2
11
4
3
4
9
3
1
27
2
4
2
12
13
1
28
1
13
3
5
2
2
1
21
5
5
4
4
3
11
8
19
13
8
16
2
13
10
9
1
11
2
10
2
87
2
5
93
2
34
1
47
4
7
1
21
3
20
1
1
19
4
4
33
62
29
13
6
23
27
11
4
3
4
2
3
1
1
4
2
4
2
3
85
2
12
20
5
4
6
2
183
1
14
1
2
1
7
22
3
11
14
2
1
1
163
25
24
5
3
2
1
40
11
14
27
10
2
20
12
3
10
3
1
46
1
13
2
3
4
2
37
3
3
14
3
3
8
35
2
7
11
12
27
17
1
104
22
8
3
1
3
12
1
2
2
1
17
7
22
2
16
1
43
31
1
26
1
1
2
57
1
35
46
29
202
68
8
37
1
3
11
36
2
4
1
2
7
3
9
48
44
2
27
10
1
1
2
1
2
2
39
2
85
7
11
1
1
1
3
32
1
8
4
2
1
2
1
25
1
22
2
2
21
1
3
2
4
1
6
5
17
2
3
4
12
2
2
4
4
1
3
2
2
2
26
2
3
15
6
4
5
1
7
3
1
4
30
85
18
28
3
3
4
36
2
1
9
5
9
6
3
2
5
3
6
2
9
1
35
33
30
3
2
8
22
5
3
34
4
2
3
7
2
4
4
1
4
22
18
98
8
2
1
3
2
31
7
119
9
3
6
26
3
1
3
2
7
2
8
92
35
2
5
3
30
2
5
19
2
13
2
8
3
5
2
2
6
3
9
14
2
30
4
6
1
43
2
4
8
6
2
15
13
2
15
2
18
2
2
16
2
2
1
17
4
12
2
5
4
10
1
164
3
1
1
1
4
1
2
36
3
31
36
3
15
5
8
11
26
3
2
2
12
3
6
1
36
6
10
24
4
18
1
7
3
8
1
9
9
2
3
2
4
8
17
28
1
2
3
39
4
36
10
15
1
22
1
7
18
9
3
2
26
5
1
11
166
2
6
2
3
19
3
18
8
2
3
14
1
1
1
1
91
27
7
34
12
11
18
11
28
14
3
1
7
35
8
1
4
1
24
1
1
8
1
62
8
1
196
5
1
14
117
63
36
10
2
19
1
6
60
2
4
9
13
8
1
1
2
1
1
157
2
19
2
48
1
1
1
5
12
61
9
1
7
58
75
2
40
8
3
35
28
10
4
7
3
2
14
7
3
3
26
3
1
2
2
1
4
30
6
25
19
3
54
3
2
45
3
20
40
7
2
6
2
3
12
1
10
13
39
45
6
2
4
23
4
24
5
1
2
5
2
7
10
3
2
7
5
1
1
5
12
2
8
9
1
1
3
1
2
25
1
10
1
15
1
46
37
4
149
2
29
1
24
7
1
1
1
3
4
1
4
41
29
39
8
9
3
2
2
1
1
6
10
8
18
2
1
1
2
2
2
13
47
2
34
52
2
22
2
1
3
9
4
33
114
18
8
1
1
1
35
8
2
1
1
2
4
18
2
4
3
2
11
1
4
2
13
2
20
199
2
2
11
34
5
2
14
18
6
21
7
2
4
1
1
4
2
18
2
14
1
2
1
2
54
6
2
11
4
2
27
1
11
1
3
6
2
7
14
6
13
2
1
14
18
2
2
7
1
1
4
30
16
7
4
2
48
1
15
4
3
3
1
2
32
8
46
5
2
1
5
10
28
6
2
2
1
2
1
21
68
4
36
102
1
27
20
2
3
2
5
1
2
10
3
8
2
2
8
8
23
4
31
6
8
32
2
3
1
1
2
4
2
90
86
2
12
77
1
7
1
4
3
6
2
3
9
1
1
5
12
1
10
30
5
4
32
37
2
1
11
2
2
184
8
1
1
2
15
22
14
7
6
4
1
3
8
9
15
5
3
36
45
2
51
5
37
1
44
19
3
1
9
2
1
9
1
5
19
1
4
11
15
40
1
5
21
7
3
1
7
6
19
3
28
28
10
1
3
8
36
11
39
8
4
17
6
56
4
4
29
3
4
17
2
81
49
1
5
15
1
1
14
3
2
57
2
15
5
2
1
3
2
6
11
17
5
17
1
15
8
11
113
1
46
4
1
12
2
1
33
1
6
1
1
73
1
1
2
2
2
2
5
33
9
16
4
2
2
22
7
30
8
5
4
6
11
2
2
18
99
4
8
2
2
2
16
2
22
3
2
1
2
1
3
1
7
7
3
12
1
5
38
1
1
1
5
9
18
2
7
9
7
20
2
1
25
5
17
61
12
6
93
4
5
23
3
5
13
1
2
2
33
21
3
9
16
10
1
49
7
1
10
15
1
5
3
21
17
7
3
3
4
7
25
19
2
4
2
63
15
4
2
1
41
8
12
4
100
8
8
2
1
7
8
1
13
6
7
14
1
24
1
27
1
1
7
8
9
7
2
2
23
4
4
2
9
2
16
19
27
1
2
21
3
61
7
48
1
19
4
11
10
5
4
2
55
1
1
21
109
89
1
2
3
4
4
19
5
1
60
60
60
1
3
1
1
2
38
5
3
6
1
3
2
38
2
39
1
14
4
7
97
4
16
2
11
1
2
1
11
9
16
41
7
4
16
8
2
9
11
7
1
12
10
29
19
9
1
46
24
19
26
8
19
45
12
3
13
21
7
1
3
7
2
50
1
2
5
2
5
3
43
4
9
32
2
5
2
4
2
55
101
2
208
8
43
17
1
4
8
1
9
1
26
8
18
39
2
14
8
28
49
2
3
2
4
27
2
1
10
3
2
2
3
4
16
5
1
1
2
3
10
42
2
5
4
2
30
5
32
11
6
3
2
2
7
28
7
24
2
45
1
7
1
2
1
7
2
46
1
1
2
30
14
3
78
1
2
36
11
1
4
2
13
2
8
1
12
