14
4
8
3
2
21
23
10
8
25
9
1
2
1
9
28
1
15
2
1
7
4
15
1
21
2
7
5
44
2
4
1
3
6
6
27
1
1
13
2
6
3
2
2
3
10
1
19
4
2
5
2
3
2
1
2
1
4
6
3
3
2
2
6
3
24
6
1
40
2
6
1
4
4
1
2
6
40
6
5
8
41
24
3
1
10
25
1
18
4
31
5
2
1
57
65
9
1
3
4
1
3
2
2
5
2
1
13
12
20
9
1
8
2
16
67
16
11
11
34
23
46
8
3
16
1
5
25
15
15
2
41
7
1
1
28
1
16
2
1
1
1
7
3
2
12
4
3
1
2
15
9
1
34
31
21
27
28
39
1
4
7
1
1
1
3
28
3
3
31
10
2
4
1
37
2
6
1
7
2
8
1
6
8
8
28
4
8
1
62
4
1
6
21
1
27
44
2
7
5
1
6
29
1
8
1
17
7
13
47
3
91
3
4
52
10
22
12
1
46
3
6
1
9
109
1
1
3
2
1
1
1
99
92
2
1
1
5
1
3
1
10
2
2
27
2
2
1
8
3
3
1
5
19
26
1
6
4
37
2
8
11
15
8
1
2
2
1
3
3
24
7
3
8
6
22
6
4
3
6
27
1
15
5
4
2
27
16
9
2
4
20
6
5
26
1
1
1
8
2
12
2
1
105
3
1
1
2
1
2
1
6
21
61
4
5
11
7
2
3
2
7
16
18
42
1
7
36
23
1
3
17
7
5
1
28
23
2
2
1
22
4
19
18
8
19
30
15
2
2
2
1
3
7
7
12
3
1
5
4
7
3
1
2
8
15
1
13
14
6
3
6
1
46
10
1
6
42
4
18
22
3
6
5
1
7
2
2
16
2
7
13
4
22
15
1
4
6
17
8
5
36
5
53
2
2
3
1
2
6
33
10
2
2
29
7
3
58
18
12
10
44
2
2
20
1
1
14
5
82
9
25
1
1
32
2
2
2
42
4
3
15
16
33
47
7
61
14
4
6
1
33
7
2
66
5
2
28
1
26
10
1
1
5
6
2
1
5
19
7
1
2
4
1
1
7
1
11
3
18
1
17
54
12
1
12
2
13
2
29
1
16
2
5
1
2
22
2
2
1
3
13
5
36
9
37
1
18
2
52
2
33
4
4
47
1
1
34
67
13
4
4
22
10
1
1
4
9
11
1
1
5
43
12
12
2
4
16
17
16
18
24
5
9
1
1
2
3
1
1
8
3
6
20
2
41
1
1
5
18
1
1
39
1
14
12
15
1
8
74
95
3
1
1
3
1
11
2
22
1
1
3
10
4
1
24
40
19
10
2
2
10
2
9
6
1
94
11
4
3
2
2
16
57
1
21
19
4
4
42
10
2
1
2
15
1
7
1
1
2
2
9
5
53
5
6
9
6
20
32
23
3
1
9
1
1
1
1
6
1
1
47
31
6
24
10
1
4
2
2
13
7
2
6
1
17
9
1
1
63
5
14
4
2
1
51
2
73
7
1
15
4
1
33
1
3
11
1
2
1
2
1
21
6
48
4
1
1
1
1
3
4
4
3
3
8
35
3
3
15
6
1
4
2
3
1
3
33
5
6
3
4
2
3
2
7
3
1
7
5
4
6
16
8
7
1
13
5
14
7
71
24
11
2
7
1
2
1
3
2
2
10
2
40
34
13
26
2
6
1
14
4
3
4
11
14
42
30
2
40
1
7
2
4
33
7
2
4
1
10
33
2
2
2
24
4
6
27
18
1
4
37
5
13
6
1
54
5
1
1
3
6
4
1
2
5
1
2
4
9
6
8
39
2
5
16
1
2
2
2
1
1
1
9
5
38
28
1
1
10
2
3
4
5
8
2
2
3
1
2
30
11
3
7
2
5
3
6
5
5
3
31
2
1
11
60
25
6
25
2
3
1
54
1
1
12
8
1
2
87
5
2
5
6
36
50
24
33
13
1
4
1
3
10
21
15
1
2
6
2
1
11
50
1
11
18
9
55
22
4
40
5
4
1
11
1
1
38
3
47
2
4
7
10
4
1
36
7
9
12
7
1
4
5
17
6
3
7
3
2
1
16
8
10
4
2
1
1
49
2
1
4
1
3
4
4
43
1
27
3
11
4
5
3
2
1
1
3
1
35
6
2
2
1
14
2
9
3
29
7
2
6
8
4
5
2
9
4
1
29
18
7
18
6
21
5
1
33
3
4
2
4
7
1
17
22
4
4
1
4
1
4
1
3
7
39
2
4
9
3
2
2
3
1
18
10
2
29
5
6
2
7
1
2
12
1
8
2
43
7
13
2
5
19
3
4
4
19
1
10
4
1
18
3
3
4
11
4
1
3
14
3
7
7
10
4
5
2
4
1
7
12
1
5
4
3
17
2
12
1
2
7
18
10
2
14
2
1
5
76
17
3
1
1
3
2
35
1
12
11
17
1
2
1
4
8
13
30
3
11
11
3
53
80
3
21
2
4
21
6
53
1
1
12
14
1
34
4
4
1
6
2
15
2
5
19
3
47
7
83
33
6
16
87
10
2
1
1
4
5
2
18
5
18
2
2
2
21
4
30
1
2
40
86
13
32
2
24
8
1
33
13
1
3
6
13
2
24
5
3
4
7
1
1
2
3
2
9
10
17
2
3
2
1
3
2
26
41
2
9
11
60
3
11
1
7
6
3
25
3
2
1
18
2
3
1
4
71
2
17
8
1
16
3
2
17
1
1
3
1
1
3
1
1
1
18
8
14
5
3
5
11
3
15
4
3
41
18
10
19
4
14
2
1
27
10
1
2
2
1
1
24
14
3
2
2
1
7
10
17
30
1
2
1
1
24
1
1
1
20
21
4
5
15
1
6
1
2
1
4
2
7
3
3
2
13
2
87
2
1
4
17
10
23
8
5
15
1
1
5
8
2
5
1
1
30
3
4
1
12
20
2
26
1
1
2
28
1
2
51
1
1
3
35
1
3
1
41
5
3
3
6
11
20
3
1
1
38
1
1
1
13
8
2
31
6
2
1
2
4
5
1
2
3
4
4
3
5
8
21
42
11
8
1
4
5
25
4
4
18
13
16
3
7
1
4
2
50
5
20
24
1
5
4
20
1
2
28
1
3
2
2
87
6
6
1
30
1
9
1
25
6
2
3
2
15
11
9
1
5
5
1
32
13
9
18
5
33
5
5
10
55
32
50
20
1
2
1
3
10
13
2
3
90
11
9
1
6
16
1
15
5
7
7
57
1
66
3
3
22
2
4
1
1
2
55
29
1
3
1
6
14
10
16
10
2
1
2
4
18
7
1
1
1
1
6
2
9
4
5
4
5
8
5
1
17
3
74
5
2
5
53
1
8
8
4
1
1
45
15
4
13
2
25
1
11
58
4
4
28
1
3
2
1
75
21
1
2
9
11
4
5
1
6
1
2
4
7
11
2
5
26
1
12
5
22
3
74
11
5
10
2
1
3
4
24
11
12
3
7
3
3
3
39
5
10
1
2
25
40
2
3
4
1
14
13
7
13
3
2
8
1
1
2
1
21
15
1
6
2
35
3
3
1
2
7
1
6
4
3
7
2
1
41
16
8
9
10
8
3
16
1
8
2
5
4
4
7
2
4
1
18
39
1
1
8
1
7
21
1
2
6
4
12
1
2
2
43
1
1
4
5
1
25
1
3
21
1
6
1
2
5
11
18
8
23
1
2
53
1
1
1
35
6
1
3
5
32
2
2
1
18
24
2
24
3
1
7
1
2
1
1
5
1
1
13
2
1
2
1
2
3
11
4
3
64
3
4
1
1
4
5
13
1
11
9
1
1
2
21
1
7
2
3
7
5
6
3
17
11
2
5
1
6
4
19
2
1
2
12
89
12
12
7
30
27
3
19
2
19
1
2
27
1
12
7
8
7
1
15
2
5
2
48
1
5
7
4
1
2
4
2
5
1
3
26
3
7
2
7
12
1
51
12
23
27
1
9
5
92
35
7
5
6
1
3
2
1
1
2
14
10
4
25
4
22
3
38
34
2
11
4
5
13
2
4
4
1
20
57
6
65
5
3
18
37
2
1
8
2
2
20
46
17
32
3
22
2
11
1
2
10
1
2
10
2
2
68
1
17
9
1
37
1
12
5
2
1
3
1
44
14
15
40
5
19
18
29
6
1
1
1
4
3
27
5
3
4
3
3
2
3
6
4
3
20
3
2
6
2
1
9
6
51
39
4
2
53
31
6
1
2
9
5
1
1
1
2
2
6
5
1
2
4
3
18
3
5
29
1
27
3
11
2
1
5
5
6
1
3
7
1
1
1
73
2
2
1
7
14
2
3
4
1
31
7
5
5
66
7
4
18
13
2
1
2
6
2
6
3
1
14
17
2
1
12
3
8
1
3
29
2
2
1
47
11
42
4
6
1
10
5
45
6
2
1
4
27
19
22
5
22
17
3
1
16
4
1
5
10
19
1
1
61
6
5
1
1
4
8
52
1
2
1
1
37
30
52
3
20
10
34
20
18
1
3
2
11
2
1
10
10
2
6
12
32
1
8
1
4
1
1
2
1
10
4
14
3
4
3
1
25
5
1
7
2
2
1
11
50
23
23
1
3
21
6
2
9
23
17
35
6
6
1
43
10
1
40
1
3
58
2
1
48
41
1
36
1
22
17
4
2
2
2
1
6
2
1
40
29
3
3
3
1
7
3
4
1
3
2
7
2
15
9
1
1
1
2
3
4
1
9
12
17
17
3
2
1
1
15
2
4
4
2
12
2
10
2
4
19
2
4
26
2
18
3
7
25
28
11
2
1
17
4
1
1
1
1
17
9
19
2
4
47
12
2
54
1
22
35
25
1
1
1
9
16
1
8
1
2
2
1
15
10
2
41
1
2
41
22
8
7
11
3
23
1
6
3
10
14
6
8
2
2
4
11
3
15
20
3
85
1
28
18
2
10
5
3
21
1
20
1
48
6
10
2
7
17
2
2
3
1
6
20
58
18
24
2
9
33
2
16
18
4
12
1
13
7
1
12
2
14
1
3
3
22
11
14
1
8
28
9
3
1
11
1
4
1
2
2
6
3
2
22
21
12
3
1
36
22
2
7
2
5
1
32
21
16
3
4
6
4
2
1
10
2
13
11
36
2
1
6
8
72
8
4
9
5
21
3
14
5
3
2
18
2
19
4
3
1
1
1
47
3
4
26
7
1
8
4
2
5
19
3
7
4
58
7
2
4
4
4
18
24
14
2
17
43
3
1
16
2
1
12
2
1
17
2
20
2
7
4
85
1
28
81
24
7
5
6
1
5
6
1
24
7
8
2
2
7
2
2
27
19
6
1
1
3
3
3
3
1
8
3
7
1
1
1
3
2
23
17
1
10
4
20
4
19
1
2
4
6
48
9
7
7
14
43
2
2
3
6
2
7
21
41
9
3
3
1
8
2
6
3
11
2
4
8
1
2
2
2
58
1
2
4
1
5
7
1
77
13
9
13
26
1
3
1
2
12
30
26
39
2
9
18
28
2
1
2
3
5
3
1
9
3
17
2
1
51
1
2
13
17
3
3
12
3
1
5
49
14
26
4
6
2
5
1
2
15
28
1
7
3
25
2
8
1
3
2
1
48
2
16
2
5
4
3
4
1
3
3
1
2
5
10
2
7
46
16
1
2
1
4
2
3
1
4
4
7
4
1
17
1
18
1
15
13
2
1
6
2
1
18
29
19
13
8
2
6
2
18
1
3
2
8
1
1
3
1
4
11
9
1
2
15
3
10
2
1
8
32
4
1
6
70
2
1
5
13
1
