10
1
27
26
3
7
1
1
4
4
2
21
4
6
3
2
2
8
4
5
12
27
6
1
40
1
12
42
1
1
2
6
8
5
3
8
5
10
18
1
1
2
1
57
5
1
3
2
5
2
7
1
13
72
1
97
1
12
2
3
52
3
4
100
18
7
3
1
2
1
1
5
11
4
1
4
1
1
28
10
1
3
5
2
1
19
26
1
24
11
24
1
75
3
2
2
7
1
2
6
13
10
5
1
4
18
10
26
3
3
1
1
2
10
3
1
2
5
1
5
1
16
8
4
31
9
4
2
15
3
1
11
9
4
3
1
24
1
62
138
2
2
3
2
3
10
3
1
3
1
2
2
4
69
17
14
12
13
1
7
2
1
3
3
5
2
2
1
12
3
1
1
1
8
2
5
1
18
3
35
3
9
3
1
40
1
2
1
15
22
2
4
6
15
10
1
3
12
2
12
149
44
7
29
12
6
1
153
3
11
2
1
40
8
12
1
18
5
4
2
2
1
1
4
1
3
2
1
5
12
28
2
15
2
4
1
1
5
2
28
1
3
2
1
4
1
25
2
6
2
2
1
1
2
1
1
44
6
1
1
2
24
18
9
2
2
1
6
69
49
2
5
2
5
1
2
2
6
23
5
3
9
7
2
4
3
30
8
16
19
1
1
5
1
1
11
2
10
4
56
1
2
2
2
6
4
10
6
1
15
2
3
2
3
49
2
52
1
4
2
5
2
3
42
8
7
24
10
2
24
7
4
9
3
2
5
1
2
2
1
2
8
2
15
1
1
2
11
3
6
9
1
2
1
5
2
3
17
23
18
2
2
12
5
26
1
1
3
3
5
4
10
12
6
101
2
2
11
42
3
2
12
2
14
3
1
1
4
1
2
9
5
2
1
39
2
1
23
12
12
21
11
19
2
4
4
2
2
6
2
26
1
9
48
44
3
19
4
1
9
2
6
2
1
132
1
3
4
3
2
5
4
13
7
30
19
1
6
2
7
1
29
7
4
12
88
8
7
4
2
4
4
1
1
2
17
1
19
39
4
9
7
18
2
4
7
1
2
19
23
1
1
2
15
1
3
17
6
5
2
1
3
16
1
7
2
3
6
8
7
1
5
18
2
15
1
5
16
1
17
1
9
18
32
5
2
1
6
1
2
13
26
56
7
3
2
2
4
4
1
5
5
1
3
1
16
1
52
1
3
8
2
7
1
1
1
11
3
11
1
3
7
2
1
1
35
11
3
4
2
15
2
7
4
1
1
4
2
3
8
2
8
4
3
1
77
3
2
4
31
1
3
4
2
10
6
3
9
5
2
1
1
2
4
1
16
1
3
13
2
3
3
1
8
2
1
5
4
19
31
4
6
2
2
2
53
8
1
5
7
4
16
4
4
2
17
2
3
74
4
4
10
7
4
4
38
1
2
3
1
7
4
6
4
2
25
1
1
5
13
12
3
2
3
2
9
8
2
1
10
7
49
27
10
15
5
1
2
3
37
4
3
13
3
2
2
11
3
10
65
4
6
3
2
7
3
18
1
10
8
2
2
20
3
3
2
50
5
1
2
1
22
9
37
9
2
2
3
1
1
2
5
2
1
1
1
1
8
1
16
5
1
2
14
10
3
10
2
2
5
10
13
7
9
22
1
1
1
1
2
28
2
6
3
51
4
8
24
2
5
3
3
3
1
4
1
3
44
18
5
2
24
11
2
20
2
5
11
1
2
3
2
2
1
1
1
37
1
2
3
1
1
2
16
4
2
14
1
1
3
1
7
1
1
2
1
12
2
62
4
2
6
37
12
24
2
1
1
3
4
3
6
40
1
17
3
1
2
4
12
2
3
2
18
4
1
3
37
19
4
1
1
11
1
3
5
1
5
2
81
29
4
25
32
14
8
4
2
4
14
8
20
3
2
2
7
10
4
14
4
5
4
2
4
1
5
20
1
1
8
15
22
17
3
7
1
2
3
1
7
4
53
1
2
20
2
2
32
4
1
2
4
23
7
28
5
45
18
6
4
2
2
14
82
3
7
1
3
7
1
9
2
1
5
12
4
2
3
1
2
21
1
3
14
1
12
3
3
11
2
2
1
23
25
17
9
20
3
7
32
5
2
7
33
8
2
1
1
33
2
2
5
32
10
2
3
2
1
16
3
33
1
41
1
3
18
34
25
4
7
2
1
8
1
1
2
1
15
1
12
21
2
22
38
7
10
4
41
39
10
2
45
1
2
5
6
1
3
1
38
15
8
6
1
56
27
1
15
1
11
2
3
77
8
1
6
2
7
2
5
5
2
2
2
9
1
1
2
14
9
2
9
7
2
32
3
1
5
6
2
70
1
7
1
6
19
2
3
4
1
1
1
14
19
5
1
2
1
2
5
9
19
1
7
1
14
9
7
24
1
1
1
1
2
1
7
9
21
1
11
5
1
4
52
2
2
28
1
9
12
37
1
36
19
2
2
1
