1
3
2
1
1
4
3
1
2
6
14
12
3
4
1
3
1
1
3
3
1
7
1
1
3
2
3
2
2
1
1
8
2
1
5
2
4
1
1
2
2
7
1
5
1
2
5
2
3
1
8
6
2
2
5
2
1
1
5
2
1
2
1
2
2
1
5
21
5
3
1
1
5
1
3
1
36
3
4
2
2
2
3
2
2
4
1
2
4
3
2
2
2
8
1
1
12
1
3
2
3
1
4
2
8
3
2
1
1
3
3
1
4
1
1
1
2
11
3
2
4
2
5
3
1
20
6
4
2
3
1
2
2
1
5
1
2
1
2
13
6
2
6
2
1
3
3
2
1
3
3
2
5
1
1
5
1
2
9
1
2
1
1
1
1
1
1
1
2
1
6
6
6
5
3
3
14
2
2
11
2
1
2
2
1
3
1
1
1
5
3
1
2
1
2
2
1
1
2
2
2
2
1
2
1
3
1
3
4
4
2
3
2
3
1
4
3
1
1
2
1
1
8
12
1
4
3
7
3
7
2
1
1
2
2
1
4
1
1
6
6
19
3
1
9
13
1
2
1
4
1
2
2
2
3
1
2
4
3
2
4
1
2
3
3
1
8
5
1
3
3
2
18
2
1
1
2
2
2
3
1
1
6
3
1
1
1
5
2
2
1
1
6
3
3
1
4
2
1
3
1
1
1
1
1
4
1
1
1
2
2
6
3
4
2
2
10
1
1
4
8
7
1
3
4
1
1
5
1
3
1
8
2
1
2
1
1
2
2
1
1
16
3
1
11
3
3
3
1
3
1
1
1
2
6
1
5
2
2
3
1
1
2
1
1
1
6
3
1
2
2
5
2
1
1
5
1
2
1
1
2
5
2
9
2
1
2
10
7
2
2
3
2
1
1
2
1
1
2
3
3
3
1
3
6
1
5
5
1
5
1
2
3
1
11
2
1
9
1
1
1
2
1
11
2
1
6
1
1
2
2
2
5
1
9
1
4
1
4
1
3
1
7
2
6
1
5
1
1
1
1
4
1
1
8
1
5
2
1
1
3
1
1
1
2
4
9
1
14
5
3
11
1
6
18
1
1
1
1
4
2
2
2
6
2
1
1
9
1
1
3
1
4
5
6
2
6
2
17
5
2
2
7
1
1
4
1
1
2
4
3
2
6
1
18
6
2
2
1
1
2
1
1
2
1
4
2
4
1
1
9
30
3
1
2
12
3
1
1
12
2
1
10
2
1
1
5
3
3
3
3
2
6
3
2
2
1
7
3
1
3
1
1
21
6
3
1
1
20
4
4
7
1
1
3
3
2
1
27
1
2
3
1
7
2
1
1
2
2
1
3
2
5
2
1
5
2
1
9
14
1
2
1
1
2
1
3
24
6
1
3
4
1
3
2
2
2
2
1
4
2
2
1
1
1
2
18
2
7
2
9
1
1
9
2
2
2
1
5
1
4
1
1
1
3
3
3
3
6
2
1
9
3
3
5
7
1
1
2
1
1
2
5
2
16
1
6
1
4
2
3
2
2
7
2
5
2
3
1
2
2
4
36
10
1
1
8
14
2
1
1
5
3
1
6
8
4
2
1
2
1
7
2
3
2
6
1
2
1
4
1
4
1
3
1
2
4
3
5
1
3
18
1
1
1
5
3
8
4
2
2
2
2
3
1
5
2
1
2
5
1
1
4
2
1
4
4
1
1
2
1
3
1
4
2
7
1
11
2
4
1
6
1
1
1
1
2
1
2
2
4
12
1
1
3
5
1
4
5
1
4
1
1
1
1
1
10
2
4
2
2
1
6
1
1
3
2
1
5
1
2
2
6
1
2
12
1
2
1
1
3
1
1
2
1
1
2
3
2
1
1
4
3
1
2
4
2
8
5
3
3
2
5
4
1
2
1
1
2
1
2
1
3
1
1
4
2
2
1
2
7
11
1
3
2
5
2
1
17
2
1
1
1
1
2
6
1
1
4
2
1
2
3
6
1
3
2
2
4
3
1
2
7
2
3
3
1
1
6
4
1
5
4
2
1
6
1
1
2
1
2
2
2
4
1
4
1
4
3
7
1
1
2
7
3
31
2
2
3
1
1
1
1
3
2
1
12
1
15
6
20
2
1
1
2
2
5
3
1
24
11
1
1
1
1
1
1
1
1
6
19
1
2
4
36
1
2
2
2
