10
1
1
1
14
3
3
17
21
20
2
1
20
1
71
7
9
5
19
2
35
8
1
6
44
4
2
3
31
1
10
31
13
2
68
6
33
4
4
6
23
2
23
11
74
4
19
2
4
15
13
1
15
5
2
12
2
7
2
6
7
3
7
2
33
4
1
3
6
1
13
3
4
12
1
15
6
1
5
26
2
1
3
1
10
2
18
4
4
6
6
3
2
1
2
9
1
13
4
1
16
1
21
2
4
4
5
2
7
5
4
1
10
4
1
12
2
9
4
2
1
1
2
6
4
8
3
12
3
1
8
6
9
1
5
1
3
4
13
8
1
2
12
4
12
1
2
1
1
2
5
4
3
3
10
2
21
3
3
1
2
1
1
2
7
5
8
13
23
5
1
2
1
1
9
5
1
3
2
5
1
1
3
6
2
29
9
2
3
2
10
3
1
7
10
1
12
4
1
5
1
2
7
5
7
17
19
40
3
6
50
2
45
10
5
2
2
1
1
4
2
4
4
37
6
4
2
3
8
2
21
12
19
6
1
4
2
1
1
13
2
1
2
5
15
2
1
11
7
5
8
2
1
12
1
6
8
2
1
11
2
6
6
1
1
1
3
1
65
1
3
5
3
2
2
1
15
7
2
13
10
22
3
3
5
10
1
9
4
1
5
6
2
1
14
3
3
8
3
12
2
16
11
2
9
31
1
23
3
4
3
5
6
4
5
6
34
11
10
176
16
9
4
4
13
20
2
1
1
3
1
82
3
2
1
6
7
3
1
5
10
21
2
2
2
45
21
18
1
7
5
1
1
6
1
1
4
5
1
3
4
19
2
2
1
4
3
10
1
1
10
6
2
2
5
1
3
4
28
1
1
6
2
4
9
15
4
24
3
1
18
3
1
1
20
1
16
2
1
2
3
1
1
1
5
1
6
1
10
19
2
104
30
2
7
4
2
5
1
2
11
4
3
4
2
2
2
9
20
8
20
5
2
29
6
5
8
3
83
17
1
3
4
14
10
9
6
1
1
2
6
1
1
5
3
5
2
6
55
1
15
1
2
1
13
1
9
2
1
2
2
2
1
35
1
7
1
2
5
2
1
9
1
1
1
4
15
1
8
7
22
11
6
2
2
3
1
1
1
5
5
1
2
6
36
1
7
4
8
19
4
7
3
7
1
15
20
4
90
1
5
10
2
28
2
2
3
3
1
17
12
8
29
14
1
1
16
15
35
3
21
1
5
1
2
1
1
2
3
21
1
12
9
50
2
1
5
17
28
8
7
2
2
1
1
1
2
6
2
8
7
3
4
10
1
2
26
6
3
2
3
9
10
6
7
2
12
1
1
26
32
2
18
7
4
3
1
4
19
4
4
3
1
2
4
3
13
3
1
6
2
7
9
1
1
2
1
3
5
2
3
2
1
4
4
2
3
5
7
2
4
2
28
3
8
1
17
1
12
8
1
1
32
4
8
1
19
4
19
6
1
5
6
2
5
1
3
9
2
8
5
1
2
2
2
3
2
1
4
1
2
2
11
3
2
2
3
3
2
2
166
10
3
34
1
1
2
4
1
3
18
1
2
6
11
2
6
2
1
21
10
1
3
8
1
1
8
12
1
2
2
11
10
5
1
3
8
38
3
10
43
7
5
35
30
5
1
1
4
7
10
2
19
6
1
2
18
13
1
4
6
1
4
21
2
4
5
1
5
3
15
5
8
25
3
2
1
2
1
1
1
1
31
1
1
2
11
6
1
2
17
3
10
1
5
1
2
43
3
2
10
25
1
3
3
2
4
3
8
5
1
1
7
24
12
1
1
11
3
4
3
1
3
1
7
2
2
2
2
1
13
1
10
11
7
2
20
26
6
3
4
16
2
2
1
16
2
3
3
13
6
13
3
103
3
2
2
1
6
1
2
5
4
28
4
5
3
3
2
1
9
1
1
2
11
8
2
16
8
4
1
1
1
17
13
2
1
1
1
7
12
6
1
2
144
7
9
1
5
1
3
10
1
3
2
2
6
2
1
2
1
2
3
1
1
1
2
10
10
1
4
1
1
3
5
17
13
1
79
1
8
5
4
22
1
1
10
5
1
1
49
1
1
3
5
1
2
5
5
2
2
5
20
4
5
3
2
11
3
2
4
12
4
1
24
4
1
1
6
15
7
8
5
4
1
12
2
1
3
2
1
3
2
18
9
8
2
26
2
1
3
27
3
2
27
7
11
1
3
3
11
20
15
5
6
2
4
4
1
11
2
2
19
1
1
3
4
1
2
5
8
1
4
26
1
6
2
3
1
1
1
6
4
5
1
9
5
3
2
16
1
3
3
1
1
4
10
3
7
2
6
9
15
1
15
6
1
8
17
1
7
1
3
5
4
6
1
5
8
1
2
5
1
3
1
15
2
110
3
1
2
5
2
8
23
4
8
28
15
7
1
3
5
1
1
4
3
12
30
1
23
4
8
4
4
8
3
12
2
6
4
4
3
7
8
2
2
8
2
33
3
5
7
4
1
1
3
5
16
24
7
1
3
1
4
19
6
1
2
12
6
15
7
2
3
2
4
1
55
2
2
9
1
3
2
1
3
12
1
3
28
1
3
1
1
3
3
2
5
3
134
126
1
10
1
37
4
4
3
6
18
1
1
3
2
3
1
3
9
2
1
1
3
3
17
2
1
19
1
1
1
1
3
1
17
8
4
2
3
5
14
6
1
2
17
12
1
22
4
2
13
8
29
19
20
2
2
3
6
5
111
6
1
15
3
1
6
2
3
5
1
1
4
1
1
4
10
4
4
7
2
12
12
1
4
4
19
2
3
7
1
2
2
8
15
4
8
2
157
3
19
7
1
43
6
16
30
1
1
2
1
1
5
1
2
1
6
3
1
3
1
2
1
1
14
1
3
11
2
2
12
2
5
1
4
1
4
72
3
2
1
7
4
2
8
2
2
1
3
1
2
4
12
5
4
6
1
1
3
1
5
7
2
3
26
2
1
1
10
2
9
20
3
4
2
1
1
3
6
13
1
2
3
1
1
12
1
2
5
5
3
1
4
6
69
1
3
7
159
6
25
4
8
6
2
5
2
1
2
1
1
6
33
2
1
8
5
6
1
2
1
1
1
3
3
1
1
2
1
7
6
1
27
7
11
1
9
40
3
1
5
9
5
3
2
1
5
39
2
1
6
2
3
3
1
4
1
12
19
14
19
57
55
2
2
1
2
9
1
1
1
2
2
5
32
3
12
2
11
5
13
2
1
4
5
1
1
1
23
1
1
1
4
1
6
1
1
2
1
1
4
24
11
3
5
2
8
4
20
2
1
4
3
5
14
1
11
2
1
1
3
11
1
2
2
4
9
15
1
1
4
2
4
1
29
7
3
5
2
8
12
2
2
7
30
9
1
3
4
3
1
1
2
2
7
2
10
5
1
4
1
34
1
2
24
7
5
3
22
6
3
2
33
5
7
5
1
2
2
2
3
14
5
2
2
1
11
24
12
1
4
3
1
1
3
3
3
1
1
4
8
1
43
1
3
22
4
8
3
1
32
6
3
2
2
4
2
4
1
12
3
1
3
17
1
1
3
24
14
4
7
34
3
12
20
10
2
1
1
13
2
2
11
3
3
30
4
32
1
4
2
2
1
1
12
7
1
1
1
2
9
2
8
6
1
1
2
2
5
49
1
91
5
3
3
5
2
9
3
15
2
14
1
3
3
1
13
13
5
1
18
2
6
1
9
2
4
2
1
18
7
2
1
15
2
2
4
2
1
73
13
1
13
21
9
18
2
12
1
12
3
7
11
1
1
1
4
2
1
1
7
8
1
12
26
2
1
11
1
2
3
1
7
1
1
3
7
1
9
1
4
3
3
5
4
2
1
4
1
1
9
10
2
3
3
2
4
21
1
5
1
3
2
1
2
8
1
20
7
6
11
3
2
7
3
8
7
26
4
20
25
1
5
20
1
4
170
4
2
1
16
2
1
1
1
1
16
27
7
1
18
10
54
1
2
2
5
4
1
9
1
30
2
19
1
2
80
8
15
3
3
15
4
18
32
8
5
1
2
7
1
7
1
14
6
3
3
2
1
1
70
12
1
2
1
4
3
2
3
6
23
3
13
1
7
2
1
17
1
4
4
9
7
4
20
1
1
26
10
7
1
2
16
28
1
4
5
1
1
2
3
28
2
1
3
18
8
8
1
2
6
3
3
2
3
3
1
1
2
108
1
2
2
2
1
2
8
6
13
72
1
6
1
11
7
76
6
9
6
4
2
20
5
13
4
2
7
2
2
4
1
2
12
5
3
11
4
1
2
29
7
2
3
4
2
9
1
2
2
2
1
1
2
10
2
8
1
3
2
6
7
2
5
4
14
2
3
1
1
2
3
29
4
5
3
4
11
2
2
8
4
1
3
1
2
1
1
6
1
1
3
1
2
11
1
10
4
5
4
8
2
3
17
17
8
3
6
11
7
4
23
11
5
11
2
3
12
5
1
4
1
1
5
2
3
20
1
18
21
4
1
5
55
9
3
1
2
1
1
3
1
1
1
3
2
8
19
2
1
5
21
6
4
1
2
2
4
2
20
6
1
1
5
25
2
1
1
70
45
3
2
2
1
2
1
7
1
2
18
4
3
3
7
20
1
9
1
20
3
174
30
7
1
2
1
13
3
4
2
17
7
4
4
1
13
11
52
6
24
5
16
7
5
1
3
1
1
4
18
4
3
2
3
10
2
5
2
2
1
1
4
3
2
1
1
1
2
1
3
4
2
11
5
1
5
1
2
7
1
4
3
2
15
9
15
5
1
3
1
2
1
4
23
17
2
124
3
1
3
23
11
1
4
2
10
2
2
5
1
7
4
12
6
2
2
4
1
8
3
4
2
7
15
4
5
1
10
4
2
11
1
1
11
24
1
1
8
28
14
2
1
6
1
17
2
2
5
20
22
10
1
5
2
3
7
6
3
3
8
12
3
1
4
1
1
2
1
3
2
3
3
1
2
1
2
1
12
11
1
23
1
5
6
1
87
1
1
1
2
9
65
13
3
5
3
1
1
45
3
25
4
1
2
1
1
4
5
1
7
29
14
7
7
24
15
2
1
1
18
2
5
4
4
15
3
1
1
4
5
3
32
21
2
10
3
2
1
1
1
3
80
13
26
1
1
1
2
38
2
1
17
1
3
4
17
2
13
1
2
2
2
12
1
6
11
3
3
26
1
1
18
3
2
4
4
3
1
30
4
18
2
2
3
2
3
3
1
5
1
5
2
2
1
5
7
2
5
8
1
1
1
4
2
9
7
25
7
2
2
4
10
3
2
19
7
1
2
1
5
1
3
3
12
7
2
2
8
3
15
7
10
1
3
17
3
2
3
1
2
20
3
2
2
5
10
2
3
2
1
19
2
1
2
1
41
3
1
2
1
1
2
35
10
1
22
27
1
10
1
12
3
21
2
6
7
3
70
2
1
1
1
1
5
10
1
3
1
3
1
5
5
2
3
1
22
15
2
1
5
3
1
9
1
2
8
14
2
12
31
2
1
1
4
12
1
5
1
43
2
6
3
10
10
2
6
18
2
13
38
6
4
4
4
1
3
3
1
1
8
3
32
1
8
4
4
44
27
1
8
1
4
1
21
4
1
2
22
2
4
7
16
4
1
2
3
1
3
17
3
2
4
31
1
1
1
8
11
8
9
1
18
2
5
1
1
6
12
2
15
1
34
1
2
2
10
5
13
1
9
132
1
5
3
34
1
1
1
8
33
1
1
5
4
1
1
1
4
1
8
1
3
1
2
3
2
1
1
1
1
1
1
7
1
10
20
3
3
2
4
5
3
1
1
22
1
3
13
1
2
4
5
3
8
1
7
4
1
11
2
2
3
1
1
41
35
2
2
11
4
4
1
2
1
2
7
4
1
19
1
1
1
4
4
22
1
1
10
16
1
30
1
1
5
2
1
5
30
4
12
2
25
2
1
9
2
1
2
1
2
1
1
1
3
22
3
107
3
1
1
16
2
1
6
1
22
4
13
1
26
2
3
9
1
2
4
68
1
1
6
7
1
14
2
6
2
2
22
1
4
4
18
3
3
1
43
7
1
3
3
1
14
16
1
3
2
7
1
3
2
5
1
2
1
12
5
2
1
1
4
2
28
26
1
3
18
3
1
16
5
5
7
1
1
14
1
1
2
2
32
7
3
9
3
1
3
42
2
4
2
1
1
14
2
1
1
7
3
3
31
31
5
2
9
9
1
1
10
1
21
1
1
30
10
3
5
2
6
7
19
12
11
2
25
8
3
1
7
7
1
9
98
6
1
19
1
27
32
2
1
1
5
46
3
18
2
3
12
1
6
15
2
1
2
2
3
8
16
1
3
30
5
29
1
1
1
73
26
1
3
6
2
2
4
1
23
1
1
6
1
1
6
7
1
2
13
5
9
1
5
30
1
6
4
1
2
3
1
17
3
3
4
9
4
2
17
5
1
5
1
2
1
22
2
9
4
1
30
9
1
25
3
10
8
2
4
2
16
25
2
4
3
25
4
9
38
11
1
3
2
7
5
12
4
3
41
11
1
2
5
2
1
1
14
1
11
1
3
2
4
2
23
2
5
3
61
2
1
5
1
1
4
1
2
1
1
8
2
2
2
14
3
1
2
2
12
7
10
13
1
1
4
34
2
157
39
19
3
17
9
1
23
31
2
11
3
15
2
1
1
4
2
1
17
3
15
1
24
4
2
21
37
5
4
1
2
2
4
1
7
2
8
1
1
3
6
2
2
12
16
4
1
2
3
7
4
1
6
1
36
1
4
3
3
1
1
1
2
3
4
4
20
1
3
11
10
23
1
43
11
29
1
1
18
4
2
4
5
6
14
4
3
25
4
1
1
2
16
1
3
1
2
3
2
3
10
2
1
2
3
1
1
12
6
2
9
4
1
1
2
8
2
1
7
7
10
5
1
3
1
1
1
20
9
4
20
1
7
2
10
1
5
1
1
10
12
1
22
2
1
19
14
2
12
13
1
1
5
3
2
1
1
7
1
16
2
25
10
2
2
4
1
13
2
3
8
2
1
1
4
14
14
26
15
5
7
5
6
1
1
5
7
2
4
1
17
1
5
3
21
12
28
6
1
3
3
2
64
4
1
29
1
4
1
1
3
4
9
9
14
26
1
15
3
16
3
1
15
4
15
4
1
3
3
1
7
1
71
1
1
19
15
16
1
8
2
1
2
16
1
6
8
2
2
3
6
8
1
15
2
2
1
2
1
13
13
1
16
5
16
1
3
1
5
3
2
8
6
2
1
1
1
11
3
4
1
1
145
2
6
1
3
4
1
4
10
52
25
15
8
1
18
9
1
7
1
8
2
1
1
6
9
2
1
3
3
44
2
10
2
14
3
5
10
5
18
1
29
8
3
15
7
2
5
1
6
16
2
2
5
2
2
2
1
5
5
2
8
3
1
1
1
1
5
2
2
3
3
93
4
6
2
23
9
2
4
4
2
1
2
4
1
2
2
2
2
2
29
13
6
1
1
28
9
3
11
13
6
12
3
2
5
2
1
1
10
1
25
33
6
11
1
2
7
2
5
1
6
2
5
9
1
14
1
2
5
7
1
7
5
2
7
4
1
28
14
5
59
9
13
4
19
2
2
2
1
5
4
23
3
3
9
1
1
1
3
3
1
4
21
1
2
1
4
5
4
21
1
1
4
5
5
5
4
2
14
1
1
2
1
26
4
5
3
6
4
20
4
1
3
1
1
2
3
8
1
12
1
5
16
9
4
2
3
25
29
14
18
6
9
1
35
7
8
1
14
1
1
1
4
3
4
1
2
5
9
1
6
1
1
2
1
2
2
1
21
10
1
3
3
5
7
24
1
5
2
1
1
2
38
5
1
1
1
13
1
3
9
14
1
26
16
2
2
2
15
2
12
1
1
4
3
29
9
5
3
2
4
17
5
10
2
25
17
26
2
1
1
3
25
1
4
14
17
3
32
44
21
4
34
3
1
1
1
6
1
16
1
3
