2
3
25
2
18
15
2
10
11
18
14
1
35
16
3
511
1
4
2
2
9
1
29
12
1
19
2
1
5
5
11
21
4
1
11
45
8
3
41
28
3
8
2
241
1
31
65
68
11
16
6
124
30
65
1
10
1
14
19
43
39
5
31
68
4
10
55
5
144
5
6
9
1
1
39
1
4
31
4
47
24
298
3
4
9
84
19
3
5
18
7
1
11
115
7
142
1
1
104
11
21
2
119
8
2
3
92
3
19
9
23
83
5
1
3
3
1
1
3
79
1
48
44
24
61
55
27
6
24
45
432
1
10
77
5
2
30
52
7
3
1
1
1
1
21
10
3
81
6
21
84
3
1
21
2
2
1
1
47
9
22
424
2
1
347
55
3
33
6
47
221
4
561
48
24
23
26
11
1
3
2
40
2
1
19
2
2
66
38
1
41
4
11
3
1
15
1
4
8
4
10
14
31
100
1
1
3
12
6
3
91
1
3
92
111
58
16
62
6
1
11
37
53
4
293
4
9
56
1
11
132
1
5
250
25
29
324
2
1
1
2
2
6
4
40
30
8
5
5
17
319
2
46
483
2
2
66
13
25
57
32
22
10
17
396
21
3
11
15
2
10
250
21
94
3
2
79
36
29
4
11
14
128
12
3
261
3
7
1
4
4
181
5
1
132
1
2
29
2
1
12
2
77
15
17
72
2
72
7
119
2
2
88
55
211
195
79
1
496
1
7
84
2
19
1
8
67
1
3
8
260
1
10
286
130
41
4
30
97
7
3
106
16
4
101
10
140
9
70
1
57
1
12
13
1
7
1
2
44
17
9
2
4
2
50
1
7
1
4
2
1
5
520
55
1
2
42
3
21
5
35
1
4
3
121
152
13
1
24
2
6
11
32
12
8
31
1
4
3
92
3
3
1
2
521
85
11
2
2
8
3
4
59
1
111
3
3
27
74
19
264
2
4
9
22
83
109
6
4
1
1
25
5
98
202
1
23
4
10
9
1
3
4
60
117
42
1
23
93
12
3
65
2
74
2
27
60
1
81
7
14
2
1
21
7
1
164
43
2
2
2
1
2
126
6
1
32
9
8
12
27
16
139
86
1
37
57
5
8
141
7
8
10
18
2
1
25
56
132
9
4
148
24
1
40
122
64
2
8
7
35
56
9
165
2
18
120
2
62
20
5
3
17
1
14
1
93
84
19
8
111
143
56
2
2
29
1
5
65
16
3
5
8
22
2
371
17
9
57
15
5
55
16
54
72
86
10
2
7
5
1
58
14
23
10
1
2
13
5
3
5
21
39
11
64
13
142
391
3
25
2
4
1
14
14
50
2
2
33
28
22
69
4
425
17
19
15
17
5
12
1
1
1
23
4
47
90
6
18
4
14
26
54
6
23
1
1
67
119
29
115
27
7
1
9
1
4
2
24
1
17
89
11
417
37
34
1
16
3
284
124
2
2
1
11
5
7
5
8
18
4
18
13
1
479
1
1
8
1
5
8
16
1
80
31
1
36
6
90
5
13
68
11
7
11
2
3
4
32
78
1
17
14
4
5
24
1
4
33
279
90
1
3
106
5
3
123
9
2
4
2
2
3
9
2
121
5
1
11
3
107
44
34
111
21
1
3
2
55
29
3
15
41
29
3
9
2
7
9
2
131
388
59
7
3
1
13
2
2
1
1
54
7
5
24
3
37
2
12
39
20
10
9
79
1
26
6
29
339
7
130
35
2
8
76
3
6
99
52
3
91
4
1
3
1
8
10
42
1
11
8
43
4
5
66
6
70
1
26
123
23
2
5
67
2
4
2
1
1
71
9
14
6
30
1
12
4
23
1
8
4
1
24
3
88
3
28
11
2
44
203
43
20
16
10
100
3
19
1
56
13
66
31
2
124
165
32
315
444
35
2
18
14
2
115
4
1
51
21
1
12
67
2
98
1
94
8
2
3
22
7
94
34
4
28
7
88
4
4
78
61
1
2
12
16
5
124
3
62
7
196
15
142
12
9
18
3
1
24
7
20
288
10
1
30
71
14
81
2
32
6
2
108
4
54
2
4
14
11
22
11
65
1
21
11
86
28
8
6
2
9
24
1
2
2
202
2
19
34
79
3
2
9
142
88
5
80
6
2
3
13
4
9
1
41
535
5
72
34
5
4
4
167
13
38
2
2
5
1
15
1
154
165
1
6
1
3
1
22
67
375
2
2
75
2
76
1
21
2
2
9
2
36
10
2
14
4
42
7
2
9
16
50
3
221
17
64
1
4
310
83
31
3
5
51
9
1
37
135
11
4
25
6
1
23
4
2
4
35
4
45
15
4
51
40
290
4
150
5
7
103
9
5
21
8
1
3
2
3
40
41
7
520
271
10
21
1
61
56
56
71
84
17
73
3
2
24
61
13
5
3
9
104
20
39
10
3
9
1
41
16
2
7
2
1
11
1
2
26
7
40
4
43
11
31
37
12
18
288
1
2
66
70
1
338
2
75
4
3
12
1
8
94
15
3
14
8
47
2
113
1
1
2
95
9
1
22
140
4
5
26
5
4
3
1
1
104
2
2
26
59
116
2
3
6
7
3
43
15
7
2
53
46
5
49
1
21
5
8
1
372
400
32
15
2
77
91
3
5
3
1
2
42
11
32
2
17
1
1
37
6
1
23
1
4
60
13
397
12
3
4
26
1
4
1
8
3
2
127
1
2
13
369
2
1
11
21
7
3
1
5
3
6
3
20
5
23
6
21
3
153
61
3
65
11
8
5
32
7
9
8
149
66
82
104
1
104
55
24
312
2
10
62
44
70
271
3
48
90
2
5
22
13
3
151
8
1
1
54
4
13
1
11
64
87
34
2
34
15
8
97
27
14
11
39
25
1
19
45
19
493
41
54
33
28
10
1
1
7
21
2
1
1
2
31
2
1
6
58
20
4
3
89
230
430
52
30
1
13
144
11
21
63
2
8
50
45
7
116
3
381
5
5
1
30
21
516
15
58
293
53
2
37
6
4
4
90
20
414
7
1
203
10
2
40
6
3
19
8
134
90
3
1
1
2
3
18
13
13
14
12
11
17
14
43
11
5
36
3
3
4
5
14
16
22
122
1
55
31
2
1
4
31
2
1
4
11
25
21
41
6
10
2
16
39
8
12
2
7
36
20
143
2
58
2
338
1
9
8
29
26
2
85
15
17
2
13
3
41
2
26
84
9
6
10
23
80
18
1
62
2
12
104
170
26
33
1
8
29
15
12
28
3
6
2
1
15
1
9
8
8
26
9
1
55
7
307
102
110
2
16
3
16
7
35
3
1
125
4
62
39
4
20
25
4
76
86
1
183
62
5
54
1
38
3
13
3
36
44
4
13
74
4
35
18
10
23
