12
85
46
102
9
1
20
57
220
3
14
13
1
6
30
40
241
10
7
75
21
8
5
3
1
24
2
3
10
71
231
26
23
3
12
23
5
34
8
3
39
66
30
2
294
4
41
6
17
9
49
5
18
13
9
109
3
104
1
2
28
8
4
1
15
2
3
4
8
13
6
64
83
46
20
2
3
6
3
4
77
61
5
119
47
6
15
11
45
28
4
99
9
27
173
23
115
24
74
37
40
106
134
1
4
10
150
158
13
8
2
136
18
11
15
43
2
3
31
7
11
108
16
41
85
11
49
6
150
1
83
197
5
68
9
13
4
18
64
1
2
108
188
115
129
13
73
2
7
4
14
20
103
16
24
2
4
41
43
39
9
1
53
27
9
217
34
12
5
7
5
2
8
11
160
134
1
38
220
47
33
20
40
69
116
15
2
133
4
148
12
25
70
4
5
11
81
214
109
40
20
41
129
19
20
9
11
99
11
2
19
17
182
6
58
39
8
57
3
13
32
133
107
38
2
21
241
12
53
85
40
43
1
21
24
22
10
76
1
29
4
5
65
2
8
118
21
56
59
20
9
5
180
1
123
2
11
104
5
5
71
22
28
10
7
12
47
3
13
2
8
21
4
3
8
2
2
111
100
10
42
20
10
1
1
143
18
9
3
26
7
10
67
74
6
117
56
33
56
1
2
1
44
19
41
46
82
33
3
3
45
6
146
7
23
1
10
7
2
85
42
58
42
1
255
31
105
3
24
4
1
67
26
247
28
67
23
11
32
148
32
2
8
213
68
4
1
32
3
242
45
94
11
1
141
20
1
19
33
9
8
49
50
40
28
8
28
44
6
18
29
7
15
4
18
1
304
2
2
12
5
3
17
2
2
24
34
48
9
13
5
23
5
27
26
2
14
25
3
12
12
1
16
162
8
86
2
8
33
14
7
36
11
12
9
7
5
29
199
1
1
18
54
60
7
10
1
18
14
119
20
2
9
139
1
1
7
116
19
50
16
16
1
81
9
40
38
31
83
5
1
7
4
91
5
47
3
13
3
2
3
24
32
44
94
2
14
5
2
38
13
11
1
15
13
9
186
2
5
4
20
1
34
13
214
10
49
3
21
6
6
11
49
1
23
135
48
50
14
24
17
149
12
373
15
14
23
21
29
2
3
14
1
2
88
87
121
85
40
44
28
18
3
99
27
15
76
1
12
41
19
129
24
344
29
4
124
2
19
15
2
14
62
3
38
350
10
57
3
35
41
58
11
60
29
15
25
1
18
64
45
53
64
67
7
69
3
121
4
93
13
13
3
7
18
34
104
1
126
26
68
1
8
31
20
37
64
30
10
21
112
180
15
158
2
7
173
51
21
13
14
28
1
91
35
5
19
58
19
15
199
1
195
29
55
8
46
133
7
108
88
1
436
329
6
325
49
223
107
4
38
103
34
3
4
8
41
6
3
147
106
4
12
20
5
103
26
546
5
8
12
26
26
159
2
7
34
141
1
1
81
3
9
57
2
7
8
7
3
7
290
38
107
54
24
4
8
14
472
15
59
9
16
5
11
1
68
52
18
4
34
180
25
45
2
16
26
2
2
93
153
35
1
44
35
47
108
35
60
32
5
1
30
1
29
41
12
22
1
1
4
19
4
30
2
2
26
10
14
60
27
60
2
7
80
14
125
80
24
22
81
10
12
21
4
24
17
48
11
3
19
4
28
2
43
26
38
29
29
1
39
61
82
6
29
329
11
3
72
11
51
5
250
15
46
1
53
1
32
34
193
10
68
6
2
9
419
1
9
1
55
8
4
16
4
1
19
28
310
71
5
6
188
1
2
4
42
9
62
3
1
7
177
23
4
16
19
25
8
2
12
8
198
5
13
1
133
16
88
26
27
13
9
2
2
49
48
2
45
30
54
6
2
46
17
11
1
53
5
23
8
1
290
46
64
97
1
111
15
1
52
58
111
62
9
110
3
47
153
93
347
139
20
1
1
12
12
2
2
76
107
4
59
7
47
75
23
22
24
6
15
42
27
108
2
38
3
14
312
12
5
1
7
10
22
1
197
5
43
6
63
49
78
105
26
2
8
35
3
39
5
16
32
27
28
34
93
105
24
88
1
93
1
9
13
21
98
282
1
32
1
28
277
2
111
18
5
9
26
30
153
1
5
29
31
7
3
1
6
26
30
156
87
10
18
204
31
58
8
33
3
9
52
1
26
1
1
1
3
20
8
85
1
2
15
108
3
12
1
19
22
249
24
72
68
4
65
23
218
290
1
24
1
273
18
7
13
35
62
5
9
7
33
82
2
4
5
22
58
67
43
1
2
3
43
36
32
7
171
1
1
13
27
4
8
235
31
5
16
5
32
11
27
1
1
1
1
34
84
42
204
1
84
1
43
87
146
3
34
196
1
427
5
5
5
15
18
296
2
21
66
4
15
14
12
424
50
21
37
60
24
271
106
30
52
48
16
5
19
448
1
48
26
3
25
1
2
3
1
46
1
24
1
32
12
2
93
46
99
14
29
2
2
14
29
21
5
33
89
282
2
39
9
41
1
101
61
95
33
358
39
1
2
1
1
1
1
3
2
1
1
2
3
1
4
25
37
2
2
1
1
1
1
8
2
13
18
10
1
1
8
1
75
17
1
15
2
5
7
7
1
1
3
54
1
3
2
10
11
2
1
5
132
1
1
41
1
1
2
6
1
1
3
3
8
1
1
2
26
18
14
19
19
1
3
1
1
1
1
3
3
1
1
19
35
1
16
1
3
2
1
2
4
1
1
18
10
1
1
1
1
2
1
2
16
10
2
21
4
511
2
14
1
1
1
5
4
1
3
1
2
4
1
2
8
5
2
1
1
2
1
1
1
4
9
6
1
4
4
2
2
1
1
2
2
5
3
1
2
30
1
3
12
1
1
2
6
1
9
1
1
1
1
19
29
12
1
1
2
1
12
1
3
1
35
19
1
2
4
1
3
1
1
3
38
6
2
8
2
5
3
5
1
2
2
11
21
1
11
4
2
1
11
1
2
5
2
1
1
1
1
45
1
1
2
1
1
1
8
3
1
4
1
3
1
8
3
2
2
14
3
1
25
1
2
1
1
1
2
2
13
20
11
1
1
2
41
7
3
1
3
1
1
32
2
120
1
1
9
28
69
1
2
3
1
3
16
21
10
8
1
1
1
5
5
1
10
12
1
1
1
2
1
1
1
1
2
3
1
1
12
1
4
9
16
1
1
241
1
3
1
28
1
3
1
31
65
3
2
3
1
2
1
1
7
1
2
1
68
1
1
5
1
2
4
11
1
5
1
1
7
30
1
16
1
1
1
4
2
13
6
1
1
1
1
5
2
2
1
124
1
1
1
1
3
1
1
30
2
1
3
1
65
1
1
1
1
1
1
1
1
1
1
1
1
1
1
1
50
24
2
3
1
1
1
1
1
3
1
1
1
1
1
10
1
1
2
1
4
1
1
1
3
1
4
38
14
1
6
1
1
17
3
1
2
1
1
1
1
1
1
1
1
1
2
3
1
1
1
1
1
19
1
1
43
39
2
1
3
1
5
2
5
2
1
1
31
52
3
1
14
1
1
68
4
50
1
3
1
9
32
2
3
1
1
6
10
1
1
1
1
1
2
55
22
2
36
31
81
5
1
144
1
1
1
5
1
1
1
3
1
1
1
6
9
2
1
1
1
5
1
1
1
1
1
1
1
1
1
1
1
1
12
1
1
1
1
1
1
1
2
1
3
39
2
2
7
1
1
1
1
1
1
1
1
1
2
1
4
2
2
5
1
31
1
4
47
1
4
1
24
1
1
2
298
1
1
2
2
2
1
1
1
3
1
1
1
1
44
4
26
5
193
1
5
1
15
2
1
4
2
1
1
6
1
1
3
2
1
1
2
2
1
4
1
1
4
1
1
9
1
103
1
7
1
5
1
5
1
1
2
100
1
1
4
6
1
9
2
3
2
1
1
1
84
1
3
1
1
1
2
12
1
1
19
1
3
1
2
3
1
2
4
1
5
3
1
1
18
1
1
1
1
1
1
1
12
1
1
1
3
1
1
1
2
1
2
1
1
7
3
1
1
3
1
2
5
1
1
1
2
1
1
1
1
1
1
7
1
1
1
15
3
6
3
4
1
1
1
1
1
1
3
1
11
8
115
5
3
1
38
7
2
142
1
1
1
1
7
1
1
1
58
2
1
3
104
1
2
1
1
1
1
1
1
1
1
19
4
1
11
1
5
4
21
1
1
2
1
25
5
6
3
7
1
45
3
3
1
119
1
1
9
8
67
1
1
11
5
2
1
63
8
1
1
1
3
1
1
1
4
2
1
3
3
3
2
1
3
2
1
1
1
3
92
1
11
1
1
1
1
1
2
7
8
16
1
1
3
4
1
1
11
23
1
18
3
60
1
19
9
1
77
2
22
11
18
11
1
25
23
6
23
5
83
13
24
5
1
14
6
113
15
6
1
1
3
3
2
1
1
3
9
1
1
1
17
5
1
1
1
79
1
11
15
17
10
3
3
2
1
1
1
3
1
1
1
1
2
48
12
1
1
1
34
2
17
1
1
1
36
1
1
1
1
2
3
1
2
1
1
1
44
1
2
1
29
24
1
1
1
1
1
61
4
1
32
8
2
34
1
1
1
1
1
55
1
1
1
27
1
6
2
1
2
99
1
1
24
6
1
1
2
10
1
1
4
1
2
1
1
1
1
2
45
1
1
12
1
3
3
23
432
2
1
5
1
2
1
1
1
9
16
1
8
6
1
5
1
2
10
4
1
1
7
3
3
77
4
1
1
1
1
2
1
1
1
1
1
2
5
2
1
30
1
1
1
5
1
1
1
1
9
1
2
2
1
1
1
2
2
1
21
1
14
273
1
4
2
1
1
30
1
2
3
7
52
19
3
1
1
1
1
8
20
7
23
1
7
1
2
1
43
3
1
76
82
2
1
8
1
1
1
2
2
2
1
2
1
1
3
3
1
1
1
3
2
1
1
1
1
27
3
1
1
1
12
1
1
5
1
1
1
28
1
1
1
1
1
2
1
2
1
185
1
1
1
21
3
10
1
1
1
26
1
1
1
2
1
7
1
1
4
1
1
2
284
1
1
2
1
3
1
188
1
1
1
1
1
1
3
1
1
1
1
1
1
81
2
6
1
1
1
1
4
7
1
1
1
8
1
1
1
1
1
2
1
1
6
1
2
1
2
1
1
1
1
1
1
1
1
1
1
1
1
1
2
1
1
4
1
1
1
1
1
1
2
5
8
1
8
1
14
1
3
21
5
1
3
7
5
1
84
1
1
1
3
1
2
4
1
2
1
1
1
9
1
2
1
31
38
1
1
1
3
2
1
1
21
1
3
1
2
4
6
2
1
2
1
3
1
1
1
2
2
1
1
6
1
10
7
2
1
1
1
2
5
24
2
1
1
7
1
1
2
1
47
1
13
38
2
9
3
1
1
1
1
1
1
1
22
1
1
2
424
1
1
1
4
5
2
1
1
4
1
19
2
1
1
8
1
4
48
347
1
1
2
1
55
1
1
4
3
7
33
1
6
47
221
1
1
4
2
1
2
1
1
561
1
28
11
2
1
3
48
1
7
4
27
6
1
1
2
1
2
7
6
1
13
1
1
2
1
1
1
3
1
3
1
1
24
21
28
1
23
26
1
2
2
11
2
10
1
12
1
3
1
1
2
4
3
2
1
1
2
1
1
1
3
4
40
2
1
2
2
1
5
1
4
1
1
1
19
1
1
1
1
1
2
2
1
1
1
2
1
1
2
11
66
2
11
9
1
47
1
38
1
2
1
1
14
61
1
1
1
4
80
1
41
1
9
1
2
104
1
5
1
1
3
3
4
5
11
1
1
3
11
1
3
1
1
1
1
3
1
33
1
3
1
8
4
1
1
3
1
4
14
15
1
4
8
6
19
2
12
87
4
19
37
1
1
1
1
2
10
2
1
1
7
3
12
2
9
3
31
1
1
1
6
1
3
2
1
1
12
1
6
4
1
1
3
1
19
16
1
29
1
2
3
1
5
1
132
14
1
1
1
2
31
100
1
2
2
1
4
1
1
1
1
1
2
1
3
3
2
1
1
1
1
1
4
1
1
1
2
14
12
2
1
2
1
1
1
1
5
3
6
1
1
6
1
3
1
1
1
2
1
1
15
91
1
1
1
1
1
3
1
2
92
4
11
2
1
1
1
111
2
1
1
58
3
1
1
1
5
2
2
1
4
1
2
1
2
16
62
1
1
6
7
4
1
1
3
1
1
2
4
1
1
1
1
11
2
1
1
1
1
1
1
1
4
1
2
1
1
1
1
1
1
2
1
1
1
1
3
1
1
1
37
53
1
1
1
1
4
2
18
1
4
11
1
1
1
2
3
1
1
2
1
293
4
1
1
8
1
3
9
1
56
1
1
1
5
3
7
6
4
2
1
4
2
1
1
11
1
132
1
1
2
1
1
2
1
1
1
1
6
1
1
2
1
1
2
1
5
1
1
1
68
250
1
1
1
1
2
1
2
25
1
1
1
29
1
1
1
1
1
1
1
3
1
1
2
1
324
1
2
1
1
1
1
1
1
1
1
2
11
1
1
1
1
1
20
1
1
2
3
1
5
1
1
1
1
1
3
1
1
2
2
2
5
1
1
1
1
1
1
5
2
1
4
1
26
6
4
1
1
1
4
4
1
2
40
1
1
1
14
23
13
1
1
41
7
1
1
1
1
1
4
2
4
20
4
2
13
1
1
10
2
1
2
4
2
1
1
11
1
1
32
53
35
3
44
1
3
1
30
8
1
54
8
1
82
58
5
14
3
1
1
1
1
5
17
33
3
319
2
2
2
5
91
9
1
2
2
1
1
1
46
1
21
483
3
1
6
1
3
2
2
2
2
1
1
1
1
1
1
1
1
1
34
6
1
1
3
66
1
4
2
1
32
2
1
13
1
1
3
3
1
1
25
57
6
1
2
32
1
1
9
22
1
1
1
3
1
1
3
38
29
1
1
19
2
1
4
5
10
1
5
1
2
1
1
1
17
3
1
1
4
5
2
1
1
1
1
1
1
1
4
1
396
1
1
2
1
1
1
2
21
1
1
8
1
1
1
1
3
19
84
3
83
1
33
1
1
1
3
9
2
1
1
11
2
1
1
1
27
15
20
2
14
8
1
1
1
3
1
2
1
1
1
2
1
6
1
1
1
1
5
2
1
2
10
3
1
1
2
8
1
1
1
5
1
2
10
250
250
2
3
1
1
1
2
1
3
1
1
1
1
2
1
2
3
8
21
94
3
4
3
1
2
1
1
1
1
1
2
1
2
79
1
1
1
1
2
4
1
1
36
1
3
1
29
1
3
4
1
11
1
1
5
1
4
3
1
1
8
2
4
1
1
1
3
1
1
1
7
1
1
1
1
1
1
1
1
1
1
1
4
2
1
14
128
1
1
2
1
3
1
2
1
1
11
12
14
1
2
1
3
2
3
261
1
4
3
7
1
1
2
1
4
31
1
1
3
1
1
6
4
6
2
2
1
1
5
1
2
2
1
8
8
4
2
3
1
3
3
3
2
1
1
1
1
1
1
5
1
1
1
1
2
3
12
1
20
1
1
2
1
181
3
6
1
1
1
2
2
1
3
7
62
1
5
1
1
1
1
2
15
1
1
2
1
2
1
1
11
3
3
132
2
1
2
1
18
1
1
2
1
2
9
1
1
1
2
29
1
1
2
1
4
14
3
1
81
3
1
2
1
2
1
1
1
1
1
1
52
12
1
1
2
1
4
2
3
77
15
1
1
17
72
2
2
1
1
2
4
1
2
1
1
1
72
1
2
1
1
1
1
1
1
1
7
4
1
1
1
31
1
1
2
1
1
3
1
119
1
95
2
1
1
1
1
4
1
2
1
1
2
2
1
4
2
8
2
1
1
1
1
2
3
2
1
2
1
1
1
2
1
1
1
4
2
1
1
88
1
5
6
55
2
3
1
211
3
1
1
1
1
3
1
2
1
1
1
1
2
2
195
2
79
1
2
4
1
1
1
1
1
1
1
1
1
496
6
1
1
2
1
1
1
7
2
1
3
2
84
2
2
19
8
2
2
1
1
1
2
4
1
2
1
3
1
8
1
2
1
1
1
1
67
1
1
1
3
3
1
3
1
4
1
8
28
1
1
8
1
3
10
4
260
1
1
1
1
1
1
1
1
1
5
10
286
1
2
130
1
2
4
41
1
4
1
1
30
1
2
1
8
1
21
1
1
1
25
1
97
2
3
7
2
6
2
1
1
33
1
1
3
24
1
3
1
2
10
2
1
5
6
6
3
1
4
1
1
106
26
16
22
11
3
4
65
22
4
14
2
4
64
42
4
101
25
14
1
1
22
1
1
1
1
1
1
1
1
1
1
10
5
45
1
140
2
1
9
1
35
5
1
3
3
4
1
1
70
1
1
2
1
1
1
10
57
1
1
1
1
2
1
20
1
2
5
3
12
2
13
1
2
1
1
1
1
3
5
2
2
3
2
1
1
1
3
7
1
1
1
14
1
3
1
2
7
4
2
1
1
1
4
44
1
2
2
17
1
3
2
1
1
1
1
9
2
1
1
3
1
32
1
3
10
1
8
1
1
4
82
2
3
4
1
1
1
2
3
1
1
4
4
3
18
2
1
1
2
1
50
4
19
10
11
1
1
1
1
1
1
5
1
4
1
1
1
3
1
1
1
1
1
1
1
1
1
1
7
1
7
8
1
2
1
1
1
1
1
1
4
1
1
1
1
1
1
1
2
1
1
2
1
3
1
3
1
4
14
1
1
7
1
5
2
1
4
5
1
1
2
1
520
3
1
1
1
1
2
1
1
52
2
2
55
2
1
2
6
1
2
1
3
9
1
1
1
1
13
1
1
1
1
1
1
7
1
1
1
1
2
1
1
9
1
1
1
1
1
2
5
1
1
1
4
1
1
1
14
1
1
9
1
2
2
1
2
1
1
61
42
2
3
2
1
1
1
21
5
1
35
1
1
1
3
4
2
2
4
1
1
1
1
1
1
4
1
4
20
4
1
1
1
3
1
1
59
1
38
37
121
1
152
1
1
1
1
13
3
1
1
1
2
1
1
1
1
1
1
1
2
1
1
1
1
1
1
1
1
1
1
24
2
2
1
6
1
1
1
1
1
1
1
1
11
1
2
1
32
1
8
12
1
3
1
1
1
1
2
1
1
2
1
1
1
1
5
1
8
1
1
1
1
2
1
31
3
1
1
2
1
1
4
2
15
1
4
1
4
1
4
3
3
1
1
3
2
92
18
1
1
1
1
1
1
1
1
3
1
1
1
1
1
7
3
9
1
1
113
1
21
3
1
1
20
1
3
1
2
1
1
1
1
1
2
1
1
521
2
2
85
1
1
1
16
2
1
1
2
1
4
30
1
3
5
11
4
2
2
2
1
4
1
2
2
1
2
1
8
3
16
4
1
59
22
11
1
3
3
1
2
1
1
1
1
2
1
111
1
3
1
2
1
1
1
2
1
6
17
3
1
4
2
2
2
20
37
5
2
1
5
8
2
3
1
3
27
74
1
1
8
2
2
7
63
19
2
1
264
2
1
2
1
3
1
2
1
2
7
1
1
6
4
13
47
4
23
1
1
9
3
1
16
4
1
33
20
1
12
22
10
1
1
1
1
1
83
1
5
1
6
3
3
2
1
55
3
1
9
1
1
1
109
1
3
18
2
1
3
2
1
1
6
2
1
21
5
1
1
1
2
1
1
1
1
2
1
1
1
1
2
1
1
1
1
2
1
4
1
3
1
2
1
1
1
25
1
2
1
2
1
1
1
1
1
1
2
2
1
1
1
2
1
1
2
1
1
1
1
1
2
1
1
1
1
2
1
1
3
53
5
1
1
8
1
98
202
2
1
1
4
2
1
1
1
38
1
2
1
1
2
1
1
1
1
2
2
1
1
2
8
1
1
16
1
2
23
4
6
1
1
1
10
9
51
87
1
1
1
1
2
2
1
3
1
2
4
1
1
2
2
1
1
6
1
1
1
4
3
1
4
2
60
1
3
2
3
117
1
42
2
2
1
1
1
1
3
2
37
3
1
1
1
1
1
1
1
1
1
1
80
1
2
3
1
86
1
2
1
1
1
1
23
1
3
1
1
93
1
1
3
1
1
1
31
12
1
3
1
1
1
1
65
1
2
2
1
1
1
2
2
1
1
1
6
1
2
2
1
1
2
2
5
1
1
74
7
2
10
12
1
1
1
1
11
1
1
27
60
2
1
1
1
1
1
7
1
1
55
1
1
6
5
7
3
1
3
1
2
1
1
1
1
1
1
1
3
1
1
1
1
1
1
1
10
1
2
3
2
1
1
1
1
1
1
1
1
1
3
6
1
12
1
1
1
12
81
13
9
11
3
7
1
21
14
1
2
2
12
3
1
1
1
1
2
10
4
2
7
1
62
21
4
1
1
11
3
7
1
2
1
1
1
98
1
6
6
2
1
1
1
1
164
1
1
1
1
2
1
1
1
1
4
1
1
3
2
4
1
2
1
1
7
1
5
1
1
1
43
3
2
1
2
1
2
1
9
1
3
1
2
14
1
1
21
2
1
11
1
16
43
3
15
4
2
1
3
28
1
9
21
2
131
56
10
2
126
6
3
1
7
1
1
8
1
21
1
32
9
6
1
28
79
13
8
4
8
1
2
12
1
7
12
1
6
2
4
18
13
1
2
2
1
12
8
1
25
74
1
3
3
1
1
4
2
2
5
27
16
139
1
1
4
5
86
3
3
2
1
10
12
1
37
24
48
1
3
57
1
1
1
4
2
54
5
8
5
8
1
1
10
141
207
3
3
45
28
7
1
1
4
1
8
1
1
3
1
2
1
1
1
10
1
1
1
18
2
4
2
1
1
1
3
1
4
1
1
13
1
4
25
1
1
56
132
9
40
1
13
1
1
1
1
1
4
1
148
12
1
1
4
2
19
1
7
1
1
1
2
12
108
2
1
4
1
1
13
3
1
1
1
3
24
1
3
40
6
2
37
1
1
1
64
99
1
1
1
122
3
1
1
2
1
1
1
1
1
1
1
6
1
1
1
1
1
2
1
57
1
1
1
1
1
4
2
1
64
1
7
1
1
1
2
1
1
1
1
1
6
2
2
1
5
1
1
148
8
4
7
35
56
7
6
1
1
40
105
2
1
2
2
1
1
1
2
1
56
1
1
1
1
1
1
1
1
1
9
16
165
2
1
1
20
18
9
2
13
6
1
1
1
3
1
1
1
2
1
1
1
1
1
1
1
29
35
1
82
1
1
120
1
2
10
1
1
62
1
1
9
2
1
29
1
1
1
1
1
20
1
2
1
2
2
48
5
5
3
1
1
1
1
1
4
1
1
1
3
17
1
1
14
1
1
1
2
1
1
1
9
93
1
1
1
84
19
1
1
1
1
1
1
1
3
2
1
5
2
1
1
1
2
1
3
2
42
2
1
67
1
2
1
8
1
1
1
1
1
1
1
1
1
111
1
1
1
1
2
1
1
2
1
2
12
1
30
3
143
1
1
1
1
1
1
56
13
1
1
180
1
1
1
2
1
1
2
1
1
1
1
1
1
3
1
2
1
1
1
2
1
1
3
1
1
1
36
11
2
2
2
1
29
1
1
1
1
1
5
65
1
5
1
2
1
16
2
3
10
1
5
3
1
1
8
1
11
22
50
9
1
2
10
1
2
10
1
1
1
1
1
1
1
7
1
2
1
1
1
1
1
7
1
2
1
3
16
1
2
2
10
63
7
5
1
1
2
1
2
12
4
1
3
3
1
18
371
1
8
1
17
13
2
1
33
2
1
1
1
9
2
5
1
4
1
1
2
1
1
2
1
57
2
1
46
1
2
1
15
2
1
2
5
3
1
6
4
4
8
25
2
1
1
1
1
1
1
1
1
1
10
55
2
1
1
4
2
1
1
1
4
6
28
1
2
30
4
1
55
1
16
2
1
54
2
1
1
72
4
1
6
6
86
10
2
2
18
40
1
1
4
33
12
1
1
1
1
1
1
6
2
420
1
1
3
3
4
1
1
9
1
2
5
1
2
1
7
2
1
5
1
1
1
2
7
1
1
39
1
1
13
25
1
10
2
3
5
1
3
2
1
6
8
1
1
8
3
1
41
58
35
1
1
4
3
1
1
1
2
1
2
1
1
1
2
1
1
2
2
1
14
1
23
8
21
1
3
10
1
3
1
58
1
1
23
2
1
1
1
1
1
1
1
1
1
1
1
2
1
2
2
20
13
3
19
2
5
3
2
4
3
1
1
1
12
1
1
1
2
1
1
1
5
10
7
1
1
1
1
12
1
21
15
1
1
4
1
2
1
8
2
18
1
1
1
1
1
1
2
1
1
1
1
39
2
2
1
2
1
1
1
1
1
1
11
5
1
1
3
64
1
1
1
1
4
13
1
142
1
2
2
1
1
391
1
2
1
1
22
2
1
7
1
1
1
1
12
1
1
1
1
4
1
1
1
1
3
1
1
1
2
1
1
2
1
2
1
1
1
1
1
1
1
5
1
25
3
5
6
5
1
3
2
2
2
1
1
19
4
1
2
1
27
1
1
6
1
3
1
2
1
1
1
1
1
1
1
2
80
14
4
6
2
1
5
1
1
18
1
1
4
14
1
1
1
1
1
1
10
1
50
2
4
1
1
5
11
3
1
2
1
1
4
2
33
1
78
28
22
1
19
1
69
1
1
1
1
4
10
4
7
4
2
3
11
425
1
3
21
1
17
5
4
1
19
14
2
15
3
3
1
17
1
1
1
5
32
1
1
2
4
1
1
2
53
19
12
1
1
1
1
1
1
1
1
3
1
23
11
1
2
2
1
3
1
1
1
1
1
1
1
1
23
5
26
10
7
1
3
1
1
1
4
1
7
7
1
2
1
1
1
42
3
1
1
4
10
2
6
1
1
10
47
5
1
1
1
1
90
106
2
1
19
1
5
1
1
21
4
1
6
1
1
2
1
4
5
12
1
1
5
5
3
2
1
1
4
1
1
6
18
4
2
2
41
5
1
1
8
4
1
8
1
1
2
1
1
6
5
1
5
2
1
7
1
14
26
1
54
1
6
1
1
6
1
1
6
18
3
2
2
4
23
1
1
2
8
1
2
1
3
58
1
1
1
3
2
3
1
1
1
1
2
7
6
1
2
1
5
1
1
6
27
1
9
67
25
18
119
10
16
5
8
7
5
29
3
115
1
2
1
2
4
5
27
5
2
3
1
1
2
7
1
1
2
1
64
1
33
9
1
1
1
6
38
1
1
1
1
1
4
3
1
1
2
1
11
1
7
1
1
19
1
5
1
1
1
1
4
2
3
24
6
1
1
1
1
2
1
3
17
1
3
2
1
1
2
1
1
89
1
3
1
1
5
2
11
11
4
2
1
2
417
1
59
9
4
92
5
1
19
1
1
1
1
37
34
1
1
3
16
1
1
1
1
3
2
1
284
1
1
10
1
2
1
1
2
2
15
1
124
1
1
1
1
1
2
1
1
1
1
2
1
1
1
1
1
4
2
25
29
1
2
2
2
1
11
1
3
2
2
1
37
5
3
2
7
7
1
2
2
5
1
8
1
1
25
8
1
18
4
1
1
18
1
1
2
1
5
1
13
2
2
1
1
1
13
1
1
2
1
1
1
1
1
2
1
4
1
1
2
479
4
5
6
14
19
1
4
1
2
1
3
2
1
8
1
1
1
4
7
5
2
2
10
8
16
3
2
1
1
85
80
4
1
2
1
7
1
1
31
7
1
2
2
1
2
3
36
5
5
1
1
1
1
2
2
1
1
1
3
1
1
1
4
1
1
6
1
2
1
1
1
1
34
90
3
5
1
13
1
1
1
5
68
4
1
1
11
4
1
3
3
7
1
1
2
84
1
35
2
3
87
1
8
1
1
2
33
41
6
1
5
1
1
1
1
1
1
2
1
1
22
14
1
1
9
1
1
11
1
1
1
1
2
1
4
3
1
1
2
1
1
1
2
5
3
1
1
1
1
1
1
1
1
1
1
4
1
1
1
2
1
32
2
8
3
3
1
1
1
1
1
2
78
1
1
5
1
17
27
79
3
14
1
4
1
1
1
1
1
4
1
2
5
1
1
15
24
11
4
1
2
1
2
9
1
4
2
15
1
2
1
1
2
1
1
6
1
1
1
1
1
5
2
1
3
1
1
1
1
33
1
1
5
5
14
1
3
24
1
1
1
279
1
90
8
1
1
3
1
1
1
3
1
1
2
1
14
1
6
1
1
7
2
1
5
1
106
2
2
1
13
2
1
1
1
5
2
3
1
1
1
3
7
1
123
9
14
1
1
2
1
1
1
2
2
1
1
1
1
1
4
4
8
1
1
4
1
12
1
29
1
1
4
4
4
1
2
2
39
1
1
9
5
20
1
1
1
9
21
1
21
2
2
1
1
3
1
3
4
1
1
2
10
1
1
2
1
1
27
1
1
1
1
7
1
2
1
2
9
1
1
2
1
1
1
1
1
1
1
1
1
2
1
1
121
1
1
1
1
1
2
1
2
1
3
1
1
1
1
1
1
5
5
2
19
1
1
4
1
1
1
1
3
4
3
2
1
2
4
11
8
40
3
1
6
1
23
11
3
3
1
1
1
1
1
1
2
3
3
107
44
1
23
1
1
4
34
111
1
1
66
51
1
3
1
4
1
1
2
2
1
1
1
1
1
1
105
1
1
1
1
2
1
1
1
3
1
21
1
11
4
3
2
11
3
12
8
2
1
1
39
1
40
1
1
3
2
1
55
29
4
3
4
1
3
3
1
6
116
4
1
2
1
1
12
2
1
4
3
1
1
3
3
1
5
5
5
4
1
15
1
1
1
1
1
1
4
41
1
2
1
1
1
1
1
2
29
1
3
2
1
1
1
1
1
3
9
1
1
3
11
1
1
1
1
1
3
2
68
1
1
443
2
1
7
9
1
4
1
10
1
1
1
5
2
1
1
6
1
1
1
7
3
2
1
1
5
131
1
1
1
1
1
1
1
388
1
5
1
7
1
2
1
59
1
1
1
1
12
2
2
1
1
1
1
1
1
2
1
1
2
1
1
7
1
3
1
16
1
1
1
1
1
1
13
4
1
6
1
2
3
1
2
1
3
1
1
1
1
2
2
1
1
1
5
1
1
2
1
1
34
1
6
4
1
1
54
7
1
1
5
2
1
1
1
1
24
1
5
1
1
1
1
5
1
77
1
1
1
1
3
1
1
136
167
52
1
15
7
2
3
2
1
1
20
1
1
1
37
1
2
12
1
9
1
37
39
1
1
2
20
9
5
7
1
1
1
10
2
1
1
52
1
1
9
79
1
1
2
2
1
1
27
1
6
2
1
26
4
2
8
1
8
1
1
2
2
1
9
3
4
2
1
1
6
1
1
1
1
1
29
24
1
9
339
7
1
14
130
1
35
7
1
1
1
4
1
2
15
1
8
2
17
2
76
3
1
3
1
1
3
12
3
1
1
6
30
3
2
1
1
1
1
1
99
3
1
1
2
1
6
5
1
2
52
1
2
1
4
2
1
1
3
1
4
31
2
91
1
6
4
7
1
2
17
20
2
1
2
2
4
9
2
1
2
2
1
7
1
1
1
3
1
2
7
4
1
1
1
1
1
1
2
1
4
7
3
3
1
2
4
1
1
11
1
1
2
1
2
1
1
1
1
1
15
41
3
2
1
6
8
4
26
24
1
10
42
2
2
1
1
2
1
2
1
2
4
49
3
1
1
2
7
1
2
3
2
1
3
2
13
2
2
1
9
11
1
8
1
5
4
1
5
1
1
1
1
2
23
3
1
48
1
1
1
1
2
1
38
32
1
1
26
4
8
7
6
1
1
43
1
1
8
1
1
1
1
2
4
1
1
74
4
2
3
2
4
1
14
1
2
7
5
3
4
27
2
34
1
66
7
12
1
1
1
11
2
1
2
2
1
1
6
1
11
4
2
10
2
1
1
1
1
1
70
1
1
1
1
2
31
4
5
26
2
3
1
2
1
1
1
2
123
4
23
2
9
1
1
2
5
5
2
3
1
1
3
2
1
2
1
5
1
67
1
1
3
2
1
2
4
1
2
1
4
2
6
1
7
3
2
1
5
85
18
1
1
2
89
71
9
6
83
3
14
1
6
2
1
4
14
1
1
1
6
1
6
16
6
2
1
3
1
86
1
30
34
1
1
8
13
2
3
3
1
46
12
1
9
1
4
1
5
7
1
23
4
52
1
3
1
1
1
1
4
1
2
2
4
8
4
2
1
1
1
4
1
1
1
1
4
1
1
1
3
1
1
24
2
1
1
1
3
3
1
1
88
2
3
1
2
1
1
1
1
1
1
2
28
6
1
1
1
2
11
1
1
1
1
1
19
7
1
1
1
1
1
1
5
1
3
4
11
1
2
1
1
61
2
1
2
2
1
2
1
1
44
1
6
1
1
203
43
1
2
20
3
41
1
18
18
1
1
1
16
4
1
1
1
4
1
7
1
4
1
1
1
10
1
1
5
1
80
100
1
9
7
3
3
1
1
2
19
2
8
10
3
2
1
1
7
4
3
56
2
15
1
1
3
1
1
13
19
1
73
15
4
1
1
1
13
1
66
31
1
1
1
2
1
2
124
165
1
1
32
1
1
4
1
315
444
1
8
1
5
98
1
1
4
4
3
1
2
7
6
35
1
1
2
2
1
1
10
12
5
1
7
18
1
1
1
1
1
8
1
1
1
2
1
1
14
2
1
2
1
115
1
1
19
2
21
1
1
4
2
1
4
2
1
14
60
1
9
1
51
16
6
1
4
2
1
1
1
21
1
13
1
9
1
4
41
128
1
1
1
1
1
18
2
25
2
1
2
3
36
2
1
12
20
67
19
1
1
6
1
3
1
1
62
1
2
1
17
1
1
1
1
1
1
4
5
1
13
2
1
9
1
1
1
18
18
8
1
29
1
2
77
24
12
98
1
6
2
2
3
1
94
9
5
1
8
1
2
11
1
3
1
2
10
10
24
6
3
3
22
1
1
1
4
1
1
1
1
2
1
2
1
2
2
22
5
7
1
15
1
2
2
2
1
3
1
1
1
1
1
94
1
2
17
30
3
1
1
34
6
1
1
1
4
9
1
1
3
5
28
1
58
7
1
1
1
4
1
1
88
1
1
2
6
1
1
1
1
1
1
1
2
1
28
1
2
1
1
1
1
9
1
1
1
4
1
38
2
1
4
4
1
1
1
2
4
1
2
2
3
2
1
1
1
1
1
1
1
1
2
1
5
1
1
4
27
2
18
2
1
1
2
1
1
1
2
1
3
1
1
1
78
1
1
3
1
1
2
61
3
1
1
1
1
1
1
1
1
1
1
1
1
1
1
3
1
1
1
1
1
1
2
1
1
1
1
3
17
2
8
6
1
1
62
2
18
1
1
3
12
1
16
1
1
1
1
1
1
1
1
1
5
5
65
1
1
1
5
2
1
2
1
25
1
3
1
1
9
2
2
124
1
2
1
11
2
1
1
1
1
2
1
3
3
5
1
4
5
6
1
8
1
12
1
6
1
1
3
1
4
2
1
1
1
2
62
1
7
1
196
1
8
1
1
7
2
1
1
1
15
2
6
1
2
1
1
4
1
1
3
60
142
1
3
12
9
2
4
5
16
6
1
5
1
18
1
1
1
9
5
20
6
3
4
5
3
4
2
1
10
1
3
1
1
1
2
1
5
13
2
1
43
55
15
29
1
344
1
1
3
1
4
3
1
1
24
1
1
7
1
1
1
38
3
7
1
2
1
1
1
1
2
7
1
1
1
6
3
1
20
1
2
2
288
2
11
3
1
23
3
13
1
2
3
10
3
1
7
50
2
2
7
21
1
2
4
2
1
1
1
30
14
4
71
1
4
2
1
2
2
1
2
14
1
1
1
81
1
1
2
1
1
2
1
8
1
2
12
3
14
3
4
3
3
1
2
1
1
1
1
32
5
1
1
3
2
6
11
2
10
12
3
2
1
6
9
1
3
1
1
108
1
2
100
1
2
4
1
9
7
2
2
300
3
54
13
1
5
2
1
1
10
21
1
18
4
14
1
9
1
1
16
1
1
1
2
1
2
11
22
22
4
11
5
1
1
1
1
1
1
2
1
1
10
1
65
1
1
1
21
7
1
11
1
3
1
86
28
2
1
1
1
2
13
1
1
1
1
1
1
3
1
8
2
1
1
3
1
1
1
2
1
1
2
1
1
2
2
7
1
6
1
1
1
1
1
1
1
1
4
1
1
1
1
88
2
1
8
2
2
2
9
4
3
2
24
4
1
1
1
1
37
1
7
1
1
1
1
1
58
1
1
2
27
1
1
3
1
1
1
9
1
5
7
1
2
2
1
2
1
69
2
35
1
4
3
2
1
1
1
202
2
3
1
27
5
1
1
1
25
7
2
1
1
2
1
4
1
19
1
1
34
9
6
1
6
3
12
8
1
2
2
79
1
1
1
1
4
6
3
49
4
2
1
1
9
1
16
2
1
1
5
2
1
2
1
1
1
9
1
4
1
142
1
88
1
2
2
2
1
1
5
9
4
7
1
1
80
1
1
2
1
1
1
18
53
5
5
6
2
1
6
3
1
1
4
1
4
1
1
4
6
7
3
52
9
40
3
2
7
23
4
38
20
18
3
1
3
6
5
2
44
1
1
1
1
1
13
1
1
3
5
1
1
1
1
1
1
4
1
9
1
1
1
1
1
1
1
6
1
2
2
14
3
1
1
1
41
5
12
1
535
5
1
9
1
72
1
1
2
1
5
1
1
34
1
1
2
1
5
2
1
6
1
12
2
2
26
1
2
3
1
4
1
7
4
167
13
33
1
1
38
1
1
2
2
1
2
1
1
1
1
3
1
1
3
1
2
3
54
1
2
1
2
50
6
1
1
3
1
2
6
1
2
5
1
4
2
7
1
1
1
2
1
2
1
1
1
1
2
1
1
15
1
7
3
1
2
1
1
1
1
1
2
15
1
39
1
1
1
1
1
1
4
15
154
1
1
1
1
2
68
1
3
1
165
3
12
1
4
1
1
27
1
6
6
1
1
1
1
1
1
1
1
1
1
1
1
3
1
5
1
3
1
1
2
4
10
5
1
1
1
5
1
1
1
1
2
1
8
1
2
1
3
22
1
1
1
1
12
6
1
67
1
1
1
1
1
1
1
1
1
2
1
1
1
62
11
1
1
2
3
1
3
375
1
1
1
1
3
1
1
2
2
1
2
1
1
2
2
75
1
1
1
2
1
1
1
1
1
1
2
1
1
1
1
1
1
5
1
3
1
80
2
1
1
1
76
2
1
1
1
1
1
2
1
1
1
2
1
31
3
1
2
1
1
2
2
1
1
21
2
1
1
1
2
1
1
5
8
1
2
3
1
2
13
3
1
2
2
1
2
7
10
9
5
5
13
20
1
22
2
2
3
26
36
1
1
2
1
1
1
1
3
2
10
1
1
10
1
1
1
1
1
24
2
1
21
2
1
8
1
1
1
2
4
2
1
1
23
6
1
1
3
14
1
1
1
1
1
1
1
4
42
17
1
1
1
7
1
19
6
19
5
5
1
1
1
1
15
2
1
12
11
4
9
16
1
65
1
3
1
1
50
7
2
3
2
3
3
18
1
1
2
2
1
3
2
221
48
2
6
17
1
1
1
15
3
67
4
9
1
2
3
34
3
1
2
1
3
1
1
1
33
43
1
1
3
8
24
6
3
1
6
2
1
1
1
1
1
2
1
6
64
2
1
4
4
1
3
2
310
1
83
3
1
2
15
1
6
1
31
3
5
2
1
2
5
5
15
10
9
65
51
1
9
7
1
1
13
1
37
1
1
1
135
1
1
11
1
1
2
4
5
1
4
4
2
25
3
4
1
6
2
1
6
2
15
1
1
22
5
1
1
2
1
1
1
3
1
2
5
68
1
1
2
1
46
3
19
1
2
5
1
1
6
2
4
2
1
23
4
1
5
4
26
24
2
1
4
2
4
7
4
13
35
1
13
8
2
4
4
45
3
4
2
1
1
12
9
1
2
15
5
1
1
19
6
24
1
54
12
4
3
4
2
1
1
1
2
1
1
3
52
99
118
1
1
51
40
2
7
26
74
290
2
1
4
1
1
150
3
5
5
4
1
1
2
6
1
3
21
1
4
2
8
1
7
103
9
2
73
1
2
4
18
9
5
19
11
7
1
10
1
1
2
2
2
1
21
4
2
1
1
8
9
2
2
1
1
149
1
88
2
6
2
5
1
5
5
4
2
1
1
20
35
25
1
7
42
3
1
1
1
1
1
3
2
1
1
1
5
4
3
3
2
1
40
1
1
2
1
2
41
1
2
1
4
1
7
1
520
3
271
38
1
10
1
4
21
4
4
4
1
2
4
29
23
1
1
1
61
1
56
3
1
19
1
1
16
2
1
1
1
2
56
1
3
1
8
71
9
1
1
1
4
84
1
17
1
1
27
1
2
3
3
1
73
1
3
1
2
3
4
21
23
3
1
2
2
1
1
1
2
4
1
1
2
1
2
24
1
1
1
3
3
1
8
3
2
61
1
2
13
49
23
2
1
5
8
1
5
1
3
1
3
2
9
1
1
2
7
2
4
104
2
5
3
4
1
1
3
2
3
1
20
1
39
1
1
2
1
3
19
1
2
8
1
2
1
1
2
2
1
1
1
10
10
1
7
52
1
1
2
1
1
3
1
1
3
9
1
1
1
31
1
19
1
3
1
1
48
1
1
7
12
2
41
1
1
2
1
2
16
3
7
14
3
3
2
3
4
17
1
10
2
2
1
3
1
2
1
1
2
1
1
1
4
11
2
7
2
1
1
11
6
1
1
1
3
1
1
1
1
8
2
4
13
26
7
40
1
1
4
43
2
12
2
1
11
1
1
1
1
6
21
1
1
1
31
1
1
6
5
37
1
12
3
1
4
1
2
3
1
5
1
2
1
1
2
1
18
3
1
1
2
1
2
6
1
2
1
288
2
30
3
1
1
2
2
1
1
10
2
6
66
4
2
4
1
1
1
1
2
1
1
2
5
55
1
11
19
70
15
31
1
1
6
1
2
1
338
1
3
1
2
3
1
5
8
1
15
1
3
2
6
1
1
7
1
1
1
4
19
2
1
2
2
1
2
2
2
1
1
5
17
15
1
4
1
1
1
1
2
1
1
1
1
1
2
1
1
75
7
10
13
1
3
2
3
20
1
1
1
2
1
1
1
4
1
2
2
3
1
1
2
1
4
3
1
3
1
2
1
1
1
1
1
7
1
2
6
7
2
6
4
1
3
6
12
1
15
1
6
1
2
5
1
2
8
94
15
3
1
1
1
2
16
1
1
1
14
8
6
47
1
2
14
1
1
6
1
1
13
3
1
1
3
2
1
2
1
113
35
1
1
2
27
6
1
106
4
1
2
11
1
2
26
3
2
2
18
1
15
1
95
9
1
4
2
16
1
3
2
9
1
7
4
1
1
1
15
1
5
1
1
1
9
1
1
1
1
4
83
3
1
2
22
1
1
4
1
1
140
4
1
1
2
6
5
11
1
2
1
15
26
1
15
5
1
1
4
1
1
3
1
1
3
2
2
1
1
1
1
1
1
2
1
1
1
1
1
1
1
1
1
1
1
1
8
1
1
1
1
104
1
1
2
2
1
1
1
2
1
1
1
1
1
2
2
2
1
3
1
1
1
1
7
4
1
3
1
1
1
1
2
1
2
1
2
4
26
1
1
1
5
1
1
2
2
2
2
1
1
1
1
1
15
8
7
3
1
1
1
2
5
4
1
1
2
1
59
2
1
1
1
1
1
3
1
3
1
1
116
2
1
1
1
1
1
1
3
1
1
1
2
1
1
1
1
8
1
1
3
1
8
2
1
2
11
1
6
1
37
2
7
9
10
1
1
2
1
1
1
1
1
1
1
3
2
1
1
1
1
7
1
1
1
1
43
5
15
1
3
1
1
1
1
1
1
1
1
1
3
197
1
1
7
2
7
1
2
1
2
2
1
2
3
3
2
1
1
1
23
4
1
1
3
12
1
1
1
53
46
1
2
23
1
1
3
1
5
2
49
1
7
2
1
1
21
5
1
1
19
26
5
5
3
1
6
2
8
1
1
2
1
1
1
372
400
4
4
5
1
2
1
32
1
1
15
3
4
1
1
1
4
2
2
1
1
3
1
1
4
1
1
4
1
3
1
1
51
77
1
14
1
1
2
91
20
8
8
12
16
6
6
3
1
1
1
2
3
5
1
3
3
1
1
2
14
1
20
1
1
3
7
1
1
1
3
1
1
2
1
1
1
10
2
34
2
1
42
2
1
7
1
2
2
3
11
2
30
25
1
1
32
1
1
1
4
7
1
3
1
1
1
19
1
1
2
1
1
15
1
1
17
1
25
1
1
1
26
2
2
1
4
1
1
3
1
7
1
12
1
1
1
1
1
2
4
37
1
11
8
1
1
2
1
6
1
1
1
2
1
12
23
1
1
1
29
101
4
3
1
2
60
13
6
397
3
2
1
12
1
1
3
1
1
11
1
1
2
13
4
1
69
4
1
1
11
2
25
5
2
3
26
1
1
26
1
1
1
1
2
1
1
2
3
157
20
1
1
1
1
1
1
4
8
1
2
1
1
4
1
48
8
7
3
1
1
1
26
39
6
5
1
2
1
1
8
14
18
2
12
2
1
7
2
2
1
1
1
1
1
2
1
127
1
2
1
5
16
2
1
2
13
4
3
9
4
51
2
18
3
26
46
1
369
2
5
15
4
2
15
39
1
3
1
1
5
8
3
11
1
21
5
1
1
1
7
4
1
1
5
3
5
1
1
1
1
1
3
1
1
1
2
13
5
1
6
6
11
5
3
8
1
1
6
1
1
1
3
5
5
1
1
20
19
7
5
1
7
1
3
3
1
16
1
2
3
1
1
4
2
2
9
23
14
5
5
6
6
21
7
1
2
1
6
20
1
1
1
7
1
1
26
1
3
153
2
1
1
61
2
12
6
4
3
65
11
21
1
8
1
1
1
1
8
19
1
5
1
1
3
1
60
5
32
5
1
7
8
1
9
3
6
135
8
7
1
1
3
149
66
1
2
1
1
1
1
2
17
82
1
104
1
1
7
1
2
1
3
16
1
30
2
17
13
1
2
1
1
3
1
1
4
2
104
11
12
6
4
1
7
1
9
55
24
3
6
312
2
2
3
10
1
3
6
1
62
3
61
20
44
70
271
5
3
1
2
1
48
3
1
19
3
90
4
2
1
1
5
13
51
2
3
14
1
1
2
8
19
5
3
4
1
4
22
13
3
36
133
1
1
15
6
3
4
151
1
2
12
2
8
1
2
1
1
12
9
5
1
53
1
1
1
54
4
1
195
46
1
1
1
1
1
29
2
1
1
13
1
1
11
1
2
64
5
1
1
1
1
3
2
1
1
18
8
1
2
1
87
4
2
1
1
1
1
1
10
2
6
1
1
1
2
34
2
29
31
2
4
1
2
7
1
1
1
3
1
1
1
1
2
1
1
1
13
2
1
4
1
1
1
10
14
3
1
3
5
4
7
69
3
1
1
1
2
7
3
8
4
1
34
15
1
9
1
3
15
24
8
1
8
2
5
97
1
1
1
1
1
1
1
1
4
26
1
1
1
30
4
27
1
14
1
1
2
1
1
1
2
2
2
6
26
1
117
1
1
1
1
3
2
5
8
2
1
1
1
1
1
1
1
1
11
1
1
1
39
1
2
2
5
1
1
1
1
1
2
25
1
1
1
2
1
1
19
1
1
1
1
2
1
2
1
1
1
2
1
1
1
1
1
1
1
1
1
5
2
19
5
31
42
1
1
1
1
358
45
19
1
1
1
493
2
2
1
1
1
10
1
1
41
1
54
1
33
34
5
1
1
1
1
1
1
1
6
1
1
28
1
4
1
10
2
4
2
79
1
1
1
2
1
2
6
10
3
10
60
1
8
1
6
8
2
1
2
1
1
14
1
1
1
1
1
1
1
46
3
2
1
1
2
1
1
1
1
1
1
7
17
4
5
10
2
29
2
6
9
5
1
3
21
2
3
1
1
5
2
1
1
2
1
7
1
1
10
10
3
3
2
1
1
1
1
2
2
3
16
1
1
7
1
2
1
1
1
6
1
1
1
1
3
2
13
31
15
2
1
1
8
2
4
30
2
1
1
1
1
1
1
1
1
1
16
1
1
1
1
1
1
1
15
1
1
1
1
6
2
10
6
58
20
1
2
4
1
3
1
1
1
89
1
1
4
1
1
1
1
1
1
1
33
1
8
1
1
1
84
2
1
1
85
1
5
1
2
3
1
1
1
1
2
1
230
2
2
430
1
1
1
2
1
1
52
3
1
1
30
1
5
50
2
1
1
4
1
1
12
1
5
1
1
14
3
1
1
13
1
1
4
50
2
1
4
1
1
144
49
1
11
1
1
21
10
63
1
1
2
1
1
2
5
1
4
1
1
1
1
1
1
8
2
15
1
50
1
1
3
1
9
1
103
1
1
1
1
1
2
111
1
1
45
2
2
1
1
7
2
4
116
2
1
1
3
1
2
1
1
1
1
1
1
1
4
1
1
2
1
27
5
1
1
3
6
1
1
6
1
381
1
1
1
5
10
2
1
2
9
1
1
5
22
7
1
1
2
1
23
3
1
30
21
22
7
516
1
4
4
1
13
1
7
2
8
1
6
1
1
1
2
1
1
2
1
1
15
2
1
12
4
1
1
1
22
58
1
57
58
1
1
2
1
2
1
1
5
1
293
1
1
2
1
53
2
9
37
1
1
1
1
2
10
1
1
1
1
3
34
1
10
2
1
1
1
2
1
1
1
1
4
1
1
1
3
2
1
1
1
1
60
1
1
11
4
1
6
1
1
1
1
1
27
1
1
1
6
4
1
1
1
1
6
14
9
4
2
2
2
22
2
1
4
1
1
1
1
1
1
3
5
1
1
1
4
4
1
1
1
1
1
1
87
45
25
1
83
1
1
90
1
20
414
72
1
1
5
7
1
2
1
6
3
1
1
1
1
1
2
203
1
1
23
10
2
2
40
3
1
3
1
1
1
1
1
1
10
1
6
1
1
1
3
4
1
7
7
1
4
17
19
1
1
8
1
134
1
1
1
1
1
90
1
1
2
1
1
2
3
5
3
6
2
3
1
3
12
1
2
1
1
1
1
1
1
19
1
8
5
1
9
20
8
1
4
16
19
2
2
1
9
7
21
4
1
1
39
2
4
1
20
3
3
8
1
1
25
1
57
6
7
6
2
18
1
1
2
1
13
13
5
10
18
12
1
14
8
68
1
9
14
1
2
6
2
73
2
3
38
12
11
9
5
1
1
17
8
15
14
2
2
9
43
8
32
3
6
11
5
6
19
48
3
7
1
7
36
53
3
1
2
18
24
1
1
1
1
2
7
1
1
1
1
1
1
1
8
1
1
1
1
1
1
1
1
1
1
17
1
1
1
3
1
1
1
4
1
15
6
1
5
1
1
1
1
14
1
2
46
22
16
3
1
20
1
22
6
1
122
1
1
20
1
1
1
9
1
4
51
1
1
1
2
4
3
1
1
1
55
26
3
32
1
31
1
1
1
1
1
2
1
38
1
27
1
1
1
8
1
3
26
1
5
1
1
1
5
1
1
1
1
1
1
4
1
1
1
1
1
1
31
1
1
1
1
1
1
1
1
1
46
5
1
2
1
1
8
24
1
1
15
2
1
1
1
1
4
1
1
1
1
11
1
5
9
25
1
1
5
1
1
1
1
1
21
1
41
6
1
1
3
1
1
1
1
1
4
1
1
1
1
1
1
2
1
1
3
8
1
1
1
10
4
8
2
16
3
1
1
1
1
8
1
1
3
93
1
52
39
16
1
3
29
1
6
3
36
1
26
1
2
7
2
1
1
1
4
8
6
12
1
1
2
1
1
2
1
1
7
9
6
1
36
1
1
1
1
1
3
2
9
1
1
1
30
1
111
20
4
143
3
1
1
1
1
1
1
2
1
2
6
1
1
1
2
1
3
1
58
2
338
1
2
1
1
4
1
3
1
1
2
1
1
1
1
1
1
3
1
4
1
1
1
1
1
1
1
1
7
2
1
9
2
2
1
1
1
3
1
1
1
1
25
1
1
1
8
29
1
2
1
2
1
1
1
1
1
1
3
1
1
22
4
1
1
1
1
26
1
2
1
1
1
1
3
1
2
2
14
2
1
3
1
1
1
1
1
1
1
1
1
85
15
17
3
1
1
1
1
1
46
1
1
1
1
1
2
1
1
1
1
1
13
1
3
1
1
1
1
1
1
4
2
1
1
1
1
41
2
1
2
1
1
1
3
26
1
3
2
84
3
6
152
23
1
1
1
1
2
2
1
9
16
8
1
42
6
1
1
2
1
2
1
1
1
1
1
6
2
3
1
1
1
1
1
1
2
10
3
1
1
23
1
3
5
1
28
1
5
80
1
12
1
5
1
1
1
1
1
2
1
4
1
7
7
1
1
1
1
1
18
1
1
1
1
7
2
28
1
1
62
1
4
4
1
1
2
2
1
1
2
1
1
2
1
1
2
1
21
1
1
2
12
1
2
104
17
1
1
3
1
1
1
49
2
1
1
1
3
170
1
26
1
1
1
1
1
1
2
1
33
5
1
2
1
10
26
1
1
1
7
1
1
1
1
68
5
24
2
8
1
1
1
1
1
1
9
1
1
11
1
29
2
1
4
1
2
15
2
3
1
2
12
1
2
1
1
1
1
90
28
1
3
60
4
9
1
1
3
1
1
1
1
2
1
1
5
2
1
1
2
1
1
2
1
1
1
1
1
38
1
1
6
2
106
1
1
2
62
1
1
4
1
1
1
1
5
1
1
1
1
1
5
5
2
1
2
1
1
4
15
1
2
1
1
1
9
1
1
1
8
3
2
21
1
1
1
8
3
42
12
26
1
9
14
1
10
3
2
1
1
1
1
15
7
1
1
6
55
1
7
307
1
3
1
1
1
1
2
1
1
8
11
1
102
8
110
2
1
1
42
1
1
1
1
1
1
4
3
1
1
1
1
1
2
3
37
3
4
3
16
1
1
1
1
1
2
1
1
1
3
1
13
2
3
6
2
1
2
1
3
4
1
3
1
1
1
2
1
2
1
4
2
1
16
1
1
2
2
7
35
1
9
1
1
3
22
1
1
1
8
1
2
3
1
2
1
3
2
2
1
2
1
1
1
2
1
145
125
1
1
1
2
16
1
1
1
1
1
8
5
4
1
58
3
2
27
1
6
1
4
1
10
3
62
1
1
1
11
5
2
39
1
4
1
20
25
4
1
65
2
1
61
76
1
86
1
1
1
1
4
183
1
2
62
5
1
2
2
1
1
2
1
1
5
1
54
4
1
1
2
3
12
40
5
5
1
38
3
1
14
1
13
1
3
1
36
2
1
44
1
3
1
1
4
1
1
13
5
1
1
1
74
3
2
4
3
2
2
1
1
1
2
4
2
5
3
1
35
1
1
9
1
8
22
1
5
2
18
10
1
1
1
1
1
1
1
19
1
1
1
1
1
1
1
1
2
5
1
23
1
1
1
4
1
1
1
1
1
67
