26
191
28
68
23
12
33
154
44
2
8
260
135
4
1
80
18
414
46
148
13
6
145
20
1
20
47
19
8
49
52
637
32
8
115
6
63
18
29
6
15
4
47
1
68
2
2
44
34
8
12
36
2
29
90
52
9
17
44
137
5
28
124
59
81
82
3
67
48
1
122
244
8
122
4
34
70
41
7
53
20
329
85
31
16
32
248
2
1
18
95
39
10
12
1
88
1
163
58
2
129
145
1
1
7
120
64
74
22
19
1
21
9
42
67
33
138
5
1
99
4
229
4
47
3
13
9
9
71
24
81
7
94
2
34
10
1
105
33
630
20
41
13
35
311
17
2
6
20
1
49
20
384
10
249
46
75
25
6
11
93
1
34
177
57
79
16
34
68
103
12
114
15
15
23
30
30
2
3
3
153
2
126
117
227
255
60
8
46
155
12
159
47
15
73
1
102
306
27
150
82
4
103
22
163
2
19
107
57
12
62
3
99
516
12
63
106
103
24
85
15
60
45
32
32
1
100
148
15
24
41
67
45
287
3
167
27
321
13
124
3
7
109
56
162
47
261
56
13
41
11
34
136
277
162
30
34
55
158
349
108
386
6
59
204
54
21
19
2
49
1
126
12
5
19
287
15
14
73
1
210
46
59
11
54
134
16
145
1
184
193
447
6
438
72
332
13
5
210
160
134
7
4
3
122
7
3
153
111
61
12
20
5
373
24
711
5
34
14
27
131
197
3
8
30
146
1
1
172
4
13
60
6
24
8
12
5
53
25
63
311
42
48
58
93
31
595
16
65
29
53
23
26
12
149
60
59
14
45
255
56
45
15
26
43
2
9
7
9
114
8
46
38
60
112
43
89
53
5
8
26
1
32
60
53
22
87
69
35
22
4
157
2
3
13
100
21
119
60
81
5
15
83
19
166
1
13
19
91
24
8
4
4
24
26
56
13
6
20
4
11
3
89
30
36
67
25
85
39
76
46
5
34
85
13
3
72
147
194
43
78
73
46
1
26
1
14
44
224
11
88
73
16
11
333
1
19
1
267
6
38
103
4
1
106
101
333
68
5
8
244
1
2
11
123
25
28
3
1
45
264
26
206
16
20
28
16
2
54
8
277
16
16
2
582
15
99
27
51
247
37
7
34
233
95
1
107
36
108
6
2
50
17
19
2
4
11
81
26
1
347
51
73
22
1
92
196
1
31
341
126
144
40
217
16
80
209
149
432
213
21
41
1
12
21
19
4
101
121
8
21
6
27
90
27
22
60
344
25
62
41
113
2
59
3
62
383
14
5
2
23
183
8
1
267
69
43
99
33
73
91
88
29
2
12
347
57
24
66
40
37
175
223
13
100
120
70
165
1
95
7
9
15
21
134
289
13
9
205
23
353
2
178
39
196
7
18
29
163
1
23
317
22
41
1
1
9
26
40
10
153
10
7
26
35
101
121
26
117
78
51
1
4
1
40
1
7
29
10
398
5
26
15
112
18
21
8
2
47
281
88
81
76
177
4
211
99
100
1
57
1
337
29
6
6
14
6
5
11
9
180
37
2
48
89
26
112
136
225
1
4
24
61
22
44
15
236
1
1
14
12
104
109
71
226
44
16
7
103
69
28
26
1
1
3
9
689
40
228
7
57
1
79
153
197
3
34
586
1
132
5
1
2
42
20
361
4
30
80
183
9
14
12
736
222
22
46
128
60
626
96
29
88
48
17
11
56
724
1
61
35
4
30
6
4
3
1
67
1
57
116
226
82
2
360
62
98
249
29
2
364
24
36
23
13
42
43
668
2
214
10
170
4
118
443
5
31
146
79
1
2
1
1
1
1
3
2
1
1
1
2
1
5
28
30
13
2
1
1
1
2
11
2
3
34
489
1
1
8
292
4
16
1
23
2
6
7
10
1
1
8
58
1
3
2
20
26
2
1
46
188
1
1
170
1
1
2
6
1
1
39
74
5
1
1
2
1
105
30
19
27
1
3
265
1
1
1
3
3
1
1
20
1
1
31
1
1
2
1
2
3
1
1
40
14
1
5
1
1
2
1
2
229
10
2
22
4
10
2
30
1
3
1
5
4
1
3
376
2
4
1
2
8
5
6
1
1
2
1
1
7
4
9
6
1
3
4
5
2
1
1
2
22
7
3
1
2
51
1
1
12
9
1
2
6
5
8
1
1
1
1
12
206
13
1
7
2
12
13
1
3
1
29
1
1
3
4
1
3
1
72
3
17
6
3
2
3
43
3
20
1
2
2
1
2
1
11
5
2
1
18
2
2
5
2
1
1
1
1
5
1
8
2
1
1
1
7
3
74
3
4
1
1
60
1
2
2
62
6
1
30
1
2
1
1
3
2
6
6
4
11
1
1
2
1
7
4
1
3
1
1
21
7
200
25
1
45
1
34
1
2
3
1
10
16
12
11
13
1
1
231
1
2
1
2
12
1
1
1
2
6
1
1
1
1
7
1
1
11
1
4
8
12
1
1
4
1
3
1
9
1
15
1
32
1
12
2
3
1
2
1
1
7
1
6
1
3
2
1
1
1
2
2
7
43
5
1
1
42
31
4
1
1
1
1
4
1
13
1
1
6
1
1
5
2
82
1
1
1
1
1
1
2
1
1
3
2
1
4
1
1
1
1
1
1
1
1
1
1
1
1
1
1
1
1
3
161
20
2
3
1
13
1
1
1
3
1
1
1
1
1
1
238
2
2
1
2
1
1
1
3
1
4
38
1
1
6
1
1
17
4
1
2
1
1
1
1
1
1
3
1
1
2
3
1
1
1
6
1
1
1
1
1
121
2
1
24
1
5
3
1
1
1
1
1
58
3
1
13
1
1
1
21
59
1
3
1
62
31
2
98
1
1
6
28
1
1
1
1
2
3
5
23
2
16
31
80
1
1
3
3
1
1
4
1
1
1
3
1
1
1
6
12
2
1
1
2
44
1
1
1
1
1
1
1
2
1
114
1
1
110
1
1
1
1
1
1
1
2
1
4
15
2
2
7
2
1
15
1
1
1
1
1
1
2
1
6
2
1
5
1
3
1
1
1
1
54
1
3
1
1
2
232
1
1
2
2
2
1
1
1
3
1
1
31
1
20
5
53
7
78
1
5
1
15
2
1
4
2
1
337
5
4
1
3
2
1
8
2
2
1
5
1
1
4
1
1
2
1
88
1
5
1
5
1
4
1
1
2
98
93
1
4
6
3
9
2
3
2
1
1
1
2
1
3
1
1
1
2
45
9
1
21
1
1
1
2
2
1
2
3
1
6
3
1
1
1
1
1
1
3
1
1
1
14
1
1
1
3
1
1
46
1
1
3
1
1
1
3
1
5
3
1
1
67
1
1
1
2
1
1
1
1
1
1
39
193
1
1
15
3
6
3
20
1
1
1
1
2
1
1
1
11
8
3
5
3
1
37
13
2
51
1
1
3
1
4
1
1
1
89
2
1
2
286
1
2
1
1
1
1
2
1
1
1
25
4
1
1
1
1
4
65
1
1
7
2
22
5
6
3
7
1
31
8
3
1
1
1
1
5
19
88
1
1
20
6
2
1
62
8
1
3
1
22
1
1
1
3
7
1
2
3
3
2
211
3
2
1
1
332
1
8
1
11
23
1
1
1
1
2
25
6
30
1
1
3
5
1
1
37
158
278
38
3
103
1
1
9
41
103
352
35
11
18
21
47
46
2
11
12
64
78
13
24
1
11
14
56
421
18
6
1
1
3
10
2
268
1
3
20
1
1
1
41
5
1
1
1
261
1
1
15
17
10
3
3
2
1
1
1
4
1
10
1
1
2
67
16
1
1
2
47
1
12
1
1
1
35
1
1
1
465
2
22
1
2
1
1
1
2
1
2
1
29
2
1
1
1
70
1
1
3
1
42
8
2
13
1
1
1
1
10
1
1
1
1
35
1
1
2
1
250
575
1
370
1
6
1
1
2
106
1
1
7
1
5
1
1
1
1
16
128
1
1
12
6
9
3
23
1
2
1
6
1
2
1
1
1
9
100
2
8
6
1
37
1
2
18
5
1
1
15
36
100
57
4
1
1
1
1
2
1
1
1
1
1
4
1
2
1
61
1
1
1
5
1
1
1
1
6
1
1
17
1
1
1
2
2
1
19
1
14
66
1
4
4
1
1
414
1
2
3
7
59
19
3
1
1
1
2
8
25
56
3
1
14
1
2
1
43
4
1
7
46
2
1
13
2
1
1
2
2
2
1
2
1
1
3
2
1
1
1
3
2
1
1
1
1
9
3
1
1
1
12
1
1
4
1
3
1
11
1
1
1
2
1
1
7
1
1
264
1
1
1
26
16
10
1
1
1
50
1
41
1
2
1
33
1
1
3
1
9
2
68
1
1
2
2
3
1
71
1
1
89
1
1
1
1
1
1
1
1
1
3
1
2
6
1
1
27
1
4
7
1
1
1
8
1
2
1
31
1
1
1
1
2
1
2
1
2
1
1
1
2
3
1
1
1
1
1
1
1
1
2
1
1
2
1
1
1
1
1
23
3
3
56
1
8
1
14
1
3
33
2
1
3
40
20
1
1
1
1
1
2
1
2
4
1
2
1
1
1
11
1
2
1
32
32
1
1
1
4
2
1
1
82
1
3
1
2
4
6
21
1
2
1
3
1
1
1
2
2
68
1
6
1
20
6
30
15
1
1
2
5
12
2
1
1
9
1
1
2
3
10
3
3
43
18
22
3
1
1
326
1
1
1
1
1
1
1
2
7
1
1
1
4
5
2
1
1
589
1
19
18
1
1
9
1
4
391
1
2
1
1
2
47
1
1
11
1
7
1
1
8
1
41
1
1
11
2
2
23
1
1
69
1
28
8
2
1
2
3
1
7
4
23
3
1
1
2
1
2
7
3
1
13
1
1
2
1
1
1
64
1
3
1
30
1
56
31
1
1
9
3
2
3
5
79
13
1
12
2
18
121
141
2
4
3
2
1
60
1
1
1
1
19
3
2
18
1
3
3
1
9
1
4
1
2
1
1
4
1
1
1
1
2
2
1
1
1
1
1
1
2
12
117
84
7
9
1
58
1
11
1
2
1
1
14
58
1
1
1
4
51
1
39
1
11
1
2
104
1
5
1
1
1
24
1
5
14
1
1
3
11
1
1
1
1
1
40
2
2
14
1
1
1
5
4
1
1
3
97
4
13
7
5
2
8
9
21
2
12
113
172
1
23
1
1
1
9
2
1
2
1
1
5
3
14
58
12
3
13
1
1
1
7
1
3
2
1
1
5
1
6
4
27
1
3
1
20
322
1
20
4
118
1
1
5
2
132
28
15
1
228
2
50
1
1
2
2
1
48
1
1
1
1
1
2
1
3
3
1
1
1
1
1
1
4
1
1
1
2
14
18
5
1
2
1
1
1
1
5
2
2
1
1
6
1
3
1
1
1
5
1
1
15
1
1
1
1
1
2
11
1
114
1
3
12
2
1
1
1
1
2
1
1
1
3
1
1
1
2
1
2
1
4
1
1
1
394
1
3
1
238
10
303
4
1
1
3
1
1
2
5
17
1
1
1
1
2
1
1
7
1
1
1
1
4
1
4
1
1
1
1
1
1
2
1
2
1
1
3
1
1
1
4
1
20
1
1
1
6
2
8
1
10
11
1
1
1
102
3
1
1
2
1
1
1
1
1
8
1
3
1
1
1
1
1
1
5
3
7
5
4
3
24
9
2
1
1
102
1
313
1
1
2
5
1
2
2
1
1
1
8
1
1
2
1
1
2
1
10
1
1
1
63
4
1
1
1
1
2
1
2
1
1
1
1
1
1
1
1
1
1
1
1
7
2
1
2
1
1
1
1
1
1
1
1
26
1
1
1
1
52
1
1
1
1
1
20
5
1
2
3
8
315
2
1
1
1
2
3
1
1
1
5
1
84
1
1
1
1
1
1
5
2
1
4
1
27
6
2
1
1
1
2
3
1
2
1
1
1
1
15
23
3
3
1
40
10
1
1
1
1
1
32
2
4
20
4
2
5
1
1
9
2
1
2
4
2
1
1
11
1
2
56
53
47
3
47
108
2
1
46
8
2
15
5
1
37
59
84
14
3
1
1
1
1
1
1
30
16
1
2
2
2
274
92
17
1
7
7
1
6
1
6
1
58
68
3
1
6
1
3
2
1
5
2
1
1
1
107
1
1
1
1
1
1
2
1
1
76
205
1
4
2
6
13
16
64
2
1
1
4
3
1
1
83
66
6
1
2
10
1
1
10
10
1
1
1
3
1
1
3
22
32
1
1
20
195
1
4
5
1
1
5
1
2
1
1
1
1
3
1
1
2
5
2
1
1
1
1
1
1
1
4
1
1
1
1
2
1
1
1
1
1
1
1
3
1
1
1
1
1
56
57
3
88
1
26
1
1
1
3
10
1
1
1
1
2
1
1
1
54
2
59
2
14
8
1
1
1
3
1
2
1
1
2
2
1
2
1
1
1
1
4
1
1
2
6
3
1
1
2
5
1
3
1
5
1
2
2
31
138
2
3
1
1
1
1
1
3
1
1
1
1
2
1
7
4
8
2
1
3
4
2
1
2
1
1
1
1
1
2
1
5
1
126
1
1
1
2
4
1
1
2
1
2
1
18
1
6
1
1
17
2
1
7
1
3
1
1
1
7
2
4
1
1
1
3
1
1
1
7
1
3
1
1
1
1
1
1
1
1
1
5
2
11
2
4
1
1
2
1
3
1
2
1
1
5
9
17
1
2
2
5
2
246
1
1
5
1
5
2
1
2
1
1
31
2
1
2
1
2
6
7
5
2
1
1
1
7
1
2
2
1
8
7
2
2
3
1
3
8
3
2
1
1
1
1
1
1
5
24
1
1
1
1
3
12
1
20
1
1
2
1
1
1
6
1
1
1
1
2
1
3
7
57
1
95
1
1
383
1
2
15
1
1
2
1
2
1
1
15
3
7
2
295
1
2
1
18
1
1
2
1
1
9
1
1
1
2
1
2
1
2
2
15
14
1
1
10
3
1
2
1
1
1
1
1
1
1
1
87
1
1
1
1
1
2
2
3
1
70
2
1
10
1
1
2
1
1
2
4
1
2
1
1
1
1
1
2
1
1
1
2
1
21
1
2
1
1
1
1
54
47
1
2
3
1
3
1
4
1
5
2
1
1
1
1
4
1
7
1
1
2
2
1
10
1
8
2
1
1
47
1
2
120
2
1
1
1
1
1
2
1
1
1
4
1
1
1
2
1
5
4
1
2
3
1
1
3
162
1
1
1
4
1
2
26
1
1
1
3
4
4
2
1
1
2
4
1
1
1
1
1
1
1
1
1
4
6
1
1
2
1
1
1
1
2
1
1
3
1
2
4
1
51
2
2
1
7
1
2
4
1
2
2
3
1
1
1
2
1
1
1
1
1
1
1
2
5
1
1
3
1
4
1
6
28
1
1
9
1
3
10
2
4
1
1
1
1
1
1
1
1
1
5
4
1
1
2
1
1
2
3
2
1
1
1
1
268
1
4
11
10
1
28
1
1
1
54
26
50
1
3
1
2
22
2
1
1
41
1
1
3
19
1
59
1
2
10
2
100
81
6
10
3
1
4
1
1
6
23
1
50
3
80
2
57
245
1
14
1
4
69
81
7
16
13
11
1
1
25
1
152
1
1
1
1
1
1
1
1
3
5
53
1
1
2
6
1
1
62
6
1
3
3
4
1
1
4
1
1
2
1
1
1
2
6
1
2
1
1
2
1
8
1
2
5
3
28
2
1
1
2
1
1
1
1
3
12
2
2
4
2
1
1
1
3
3
1
1
7
14
1
1
1
2
7
25
1
1
1
1
4
1
1
2
2
3
1
6
2
1
1
1
1
1
2
1
1
3
12
33
1
3
7
1
5
1
1
4
305
2
3
1
1
1
1
1
3
4
1
77
12
3
22
2
1
1
2
181
12
53
24
10
3
1
1
1
1
1
22
1
1
5
18
1
1
3
1
1
2
1
1
29
66
1
1
1
1
1
10
7
1
2
1
1
42
1
1
1
1
1
1
1
23
1
1
2
2
1
1
2
1
3
3
3
1
4
16
1
9
5
1
5
2
1
4
5
1
1
2
1
15
357
25
1
1
1
2
1
1
4
2
2
2
2
1
2
6
1
1
1
4
11
1
1
1
1
88
1
1
1
1
1
1
3
1
1
1
1
2
1
1
9
1
1
1
1
1
3
13
9
1
1
4
1
1
1
14
1
1
9
1
2
9
1
2
1
1
79
224
2
7
2
1
1
1
1
1
1
4
1
1
1
3
4
2
2
4
1
1
1
1
1
1
1
1
4
32
4
1
1
1
3
1
1
113
1
175
23
4
1
288
1
1
1
1
2
3
1
1
1
3
1
1
1
38
1
1
1
2
1
1
1
1
1
1
1
1
1
1
3
30
2
1
6
1
1
1
1
1
1
1
1
1
1
25
1
1
1
7
1
1
3
1
1
1
1
2
1
78
2
1
4
1
1
5
1
1
1
1
1
1
2
1
1
2
1
1
2
1
1
3
14
18
1
108
1
4
1
1
14
3
195
1
3
2
56
18
1
1
1
1
1
1
1
1
14
1
1
1
1
1
13
3
6
1
9
218
1
21
5
1
1
22
1
2
475
2
127
2
1
1
1
2
1
1
29
2
3
5
1
1
1
16
2
1
1
1
1
2
30
2
3
2
14
4
2
2
2
1
4
1
2
1
1
2
1
15
10
4
6
19
2
16
7
1
3
3
1
2
1
1
1
1
2
1
1
1
1
1
2
1
1
1
2
1
6
17
3
1
4
2
2
2
19
37
5
2
1
5
8
2
3
1
4
3
1
1
1
8
2
2
7
65
21
1
2
467
4
1
41
1
12
1
3
1
2
7
1
19
8
9
35
13
1
12
1
17
1
3
1
1
4
1
172
22
1
12
1
10
1
1
1
1
1
6
1
3
1
8
3
3
2
1
54
3
1
4
1
1
1
2
1
3
17
2
14
3
2
2
9
6
2
1
37
6
1
1
1
2
1
1
1
1
2
1
1
1
39
2
1
1
3
1
2
1
1
1
3
1
2
1
1
3
1
1
3
1
2
1
1
1
1
1
2
1
2
1
1
1
26
1
1
2
1
1
1
1
1
2
1
1
1
1
1
1
9
2
53
1
1
1
8
1
121
3
5
1
1
5
2
1
1
1
18
1
2
1
1
2
1
1
1
1
2
2
1
1
2
7
1
1
17
1
2
23
4
5
1
1
1
1
1
66
71
1
1
1
1
3
2
1
25
298
2
4
1
1
2
2
1
1
6
1
2
1
4
7
1
12
5
83
1
3
2
3
5
1
8
2
2
1
1
1
387
3
2
37
2
1
1
1
125
1
1
7
1
1
1
84
1
4
3
208
93
4
2
1
1
1
1
1
1
3
2
1
1
1
1
3
1
16
1
68
1
1
2
1
1
1
1
2
1
2
18
1
1
1
2
2
1
2
1
1
1
2
2
1
1
2
2
5
1
1
2
5
1
10
12
1
1
1
1
12
1
1
21
3
2
2
1
1
1
9
7
1
1
60
1
1
8
5
7
3
1
2
1
2
1
1
1
1
1
1
1
1
18
1
1
1
1
1
1
22
1
2
3
2
1
1
1
1
1
1
1
1
1
3
5
1
18
1
1
1
12
8
25
12
9
2
6
1
21
1
2
17
2
12
1
1
1
5
24
2
10
4
4
8
1
33
23
6
1
1
13
3
8
1
2
1
2
1
98
1
6
6
2
1
1
1
1
1
164
1
1
1
2
1
1
1
1
1
1
1
3
2
7
1
2
1
1
7
3
16
1
1
1
1
72
2
414
1
3
2
1
3
1
6
1
1
25
1
2
7
14
1
18
1
16
43
5
15
5
13
55
3
56
1
5
11
156
173
53
6
5
1
198
453
23
8
1
13
22
1
10
1
9
5
6
1
5
87
15
8
4
8
4
2
29
1
7
9
14
6
2
2
21
13
1
2
2
2
12
3
1
38
236
1
25
5
6
1
4
2
2
4
7
16
169
1
1
6
5
2
5
6
2
1
10
8
1
52
26
2
1
3
5
1
1
1
4
2
8
6
8
4
1
1
1
20
2
280
1
3
6
13
3
1
1
8
1
14
1
1
5
1
2
1
1
1
1
1
1
1
1
2
3
2
1
1
1
3
2
4
1
1
249
1
4
1
1
3
1
17
10
41
1
6
2
1
1
1
1
1
1
1
12
121
4
4
5
19
1
28
3
1
1
2
11
111
2
1
5
1
1
13
36
1
1
1
3
42
1
2
56
6
3
62
1
1
1
64
103
20
5
1
257
2
10
1
2
1
1
1
1
1
1
1
6
1
1
1
1
1
2
1
150
1
1
1
1
1
1
2
1
3
1
6
1
321
1
2
1
9
1
1
1
6
115
2
1
5
1
1
52
3
4
12
8
62
25
1
1
1
1
306
2
1
3
2
1
1
1
2
1
1
1
89
1
1
1
1
12
1
1
4
10
1
1
1
1
40
14
11
2
12
8
3
1
1
3
1
316
1
2
1
1
1
1
1
1
3
7
45
1
392
1
1
18
1
10
10
1
1
1
1
13
4
2
1
24
1
21
1
1
1
8
1
2
71
2
2
24
3
7
2
1
1
1
1
1
6
78
1
5
8
48
1
1
1
1
1
1
2
1
1
1
58
69
1
1
1
1
1
1
1
1
1
1
1
1
3
2
1
4
2
1
1
1
2
1
26
2
40
2
1
66
1
2
1
1
1
1
1
1
1
1
1
1
1
2
1
1
1
1
2
200
1
8
1
2
12
1
88
3
2
1
2
1
12
1
1
2
13
1
1
260
1
1
1
2
1
1
1
1
1
1
1
1
1
3
1
2
1
1
1
2
1
1
3
1
1
1
46
11
2
4
2
1
1
2
1
1
1
1
13
2
1
5
421
2
1
1
2
8
12
1
17
14
104
23
13
1
19
5
13
9
1
2
1
20
2
9
1
218
1
1
1
1
21
12
1
2
1
1
1
1
1
9
6
46
10
3
2
1
2
1
2
21
7
1
1
1
63
1
3
12
6
1
3
3
1
7
1
1
8
1
1
13
3
1
27
2
1
1
1
3
2
6
1
4
1
1
2
1
1
4
2
3
9
1
7
1
2
1
1
3
1
2
6
2
1
6
3
4
8
2
2
1
1
1
1
1
1
1
1
1
51
62
2
1
1
5
5
1
1
1
5
6
28
1
2
29
4
1
134
1
236
2
1
1
2
1
1
1
4
6
6
6
22
9
2
2
16
12
1
1
8
35
5
1
1
64
1
1
1
2
2
132
76
1
5
3
4
1
1
10
1
2
5
1
2
1
3
2
1
1
1
1
1
2
6
20
1
12
1
1
16
23
1
7
2
3
4
16
3
2
1
5
69
1
1
19
4
1
17
9
33
1
1
4
3
1
1
1
1
1
2
1
1
1
2
1
1
2
2
1
9
1
1
6
22
1
3
116
1
1
1
54
1
1
52
2
1
1
1
1
1
1
1
1
1
1
1
2
1
2
1
23
15
3
21
2
1
3
3
4
3
1
1
1
13
1
1
1
4
1
1
1
7
10
7
1
1
1
1
13
1
1
7
1
1
4
1
2
1
1
2
20
1
1
1
1
1
1
2
1
1
1
9
1
2
2
1
2
1
1
1
1
1
1
1
5
1
1
5
17
1
1
1
1
4
1
1
1
12
2
2
1
1
1
26
2
1
37
22
315
1
8
1
1
1
1
29
1
21
54
1
5
1
1
251
1
1
1
1
1
2
1
1
6
2
2
1
1
119
1
1
1
1
5
1
1
3
5
8
6
1
267
1
178
3
1
1
30
1
41
3
1
28
1
1
2
1
3
1
2
57
106
1
1
1
1
1
1
43
1
1
7
3
206
5
1
1
1
1
1
10
9
1
1
1
1
1
1
13
1
193
33
3
1
1
4
11
3
1
29
1
2
6
2
1
1
91
1
2
1
43
1
141
1
1
1
4
3
10
4
10
1
2
3
11
10
1
3
21
1
35
5
4
1
25
31
8
1
3
5
1
25
1
1
1
5
20
1
1
2
4
1
1
2
38
13
2
2
1
1
1
1
1
1
1
3
2
30
11
1
2
21
1
3
1
1
1
1
2
1
1
312
2
6
24
8
7
1
2
1
1
2
3
1
2
8
2
2
1
1
1
93
3
1
1
3
11
11
6
1
1
11
15
2
1
1
1
1
113
107
2
1
6
1
6
117
1
3
3
3
6
1
2
2
1
4
30
6
30
1
4
5
3
2
1
1
4
1
1
15
14
11
2
3
88
5
1
1
7
2
1
8
1
1
2
118
7
24
32
4
4
7
1
7
1
6
1
1
1
1
2
1
1
7
1
2
6
32
78
2
2
4
1
1
1
2
8
1
2
1
3
54
1
1
1
3
2
3
1
21
2
1
2
23
6
1
2
2
5
3
1
2
4
1
4
37
25
44
30
10
16
5
3
33
7
1
3
104
1
3
1
2
4
5
4
2
2
1
1
1
4
3
1
93
2
18
76
1
4
1
1
39
1
6
43
1
1
1
1
2
4
3
1
1
32
1
10
1
2
1
1
19
1
5
1
1
1
1
4
2
3
12
6
2
1
1
1
2
1
3
65
1
4
2
1
1
2
1
1
1
1
3
1
1
5
419
8
14
3
2
1
2
129
1
4
39
4
21
9
1
19
1
1
1
1
2
1
115
1
4
7
1
1
1
1
22
2
1
5
1
1
23
1
2
1
1
2
2
174
1
1
1
1
1
1
1
1
1
1
1
1
2
1
1
1
1
1
4
2
64
10
65
2
2
2
1
1
1
214
2
2
1
49
1
3
2
7
48
1
2
2
1
1
1
1
16
49
85
1
6
1
1
1
9
1
1
3
1
1
1
2
1
2
1
1
1
13
6
1
2
1
1
1
1
1
2
13
4
1
1
2
28
1
30
6
6
19
3
4
1
2
1
3
2
1
12
1
1
1
4
5
19
2
2
10
49
1
3
2
1
1
85
16
3
1
2
1
12
2
1
16
2
1
2
2
1
22
3
42
5
5
1
1
1
1
2
2
116
1
1
3
1
1
6
4
1
1
1
1
2
3
1
1
1
33
1
3
5
1
23
1
1
1
5
3
4
1
1
11
4
1
3
3
4
1
1
2
2
1
23
2
3
97
1
8
1
5
2
19
301
6
1
4
1
1
1
1
1
2
2
1
1
13
22
1
94
1
1
1
2
1
1
1
1
2
1
168
2
1
1
5
1
1
1
2
6
3
1
1
1
1
1
86
1
1
1
1
6
1
1
1
2
1
1
2
7
3
149
1
1
1
1
1
2
1
1
1
7
1
1
73
46
3
14
1
4
1
1
1
41
1
7
1
2
5
1
1
15
52
11
4
1
2
1
1
9
1
7
2
14
1
2
7
1
26
1
1
6
1
1
1
1
1
5
2
1
3
1
1
1
1
17
1
1
5
5
14
1
2
2
1
1
1
1
1
113
7
1
1
3
1
1
11
8
1
1
2
1
13
1
7
18
1
7
2
122
7
1
1
2
1
1
12
2
3
1
1
6
4
4
22
1
1
1
8
90
6
1
3
1
1
2
1
1
1
3
1
4
1
1
1
1
4
12
8
1
1
4
1
19
1
39
1
1
4
5
4
1
1
2
37
1
1
1
5
147
1
1
1
9
21
1
16
12
12
1
97
5
1
4
4
2
3
2
2
1
1
1
1
1
35
1
1
1
1
120
1
1
1
2
9
1
1
2
1
1
1
1
1
2
1
1
1
3
1
1
194
1
1
1
1
1
2
1
2
1
49
1
1
1
1
1
1
1
4
2
19
2
1
4
1
1
5
1
4
4
3
28
1
2
4
4
6
4
3
1
6
1
19
1
10
7
1
1
1
1
1
1
2
3
3
1
1
1
99
1
1
172
2
1
1
1
40
94
1
1
1
2
1
1
2
2
109
532
25
1
1
1
96
1
1
1
1
2
1
1
1
2
1
9
4
12
2
3
2
11
1
12
8
3
1
1
35
1
21
1
1
3
4
1
1
1
4
3
4
1
20
3
1
3
96
4
1
2
2
1
3
2
1
2
5
1
1
4
4
1
5
5
10
4
1
5
2
1
1
1
1
1
4
1
1
2
16
16
1
1
1
2
1
1
2
2
1
1
1
1
1
1
1
1
1
2
9
1
1
2
1
1
3
3
73
1
1
32
1
1
1
15
1
4
1
8
1
1
1
2
2
1
1
7
1
1
1
7
3
9
1
1
4
2
1
1
1
1
1
1
1
1
1
8
2
56
22
2
1
2
1
1
1
1
12
2
2
1
1
1
1
2
1
1
1
1
2
1
1
8
1
4
1
16
1
1
1
1
95
4
47
4
1
6
1
1
3
1
2
1
3
1
1
1
1
2
2
1
1
202
5
1
1
2
1
1
34
1
5
4
1
1
11
18
1
1
1
27
6
1
1
1
1
1
5
1
1
1
1
5
4
82
1
1
1
1
3
3
1
241
419
69
1
61
9
2
1
2
1
1
36
1
1
1
44
1
3
1
1
9
1
36
221
1
1
1
11
11
5
12
1
1
1
1
2
1
1
50
1
1
1
1
7
1
2
16
1
1
27
1
2
2
1
7
4
2
17
1
8
1
1
19
2
1
7
1
3
1
2
1
20
1
1
1
1
1
1
60
1
5
2
6
1
14
1
1
41
8
1
1
1
1
1
1
15
1
38
2
96
4
4
3
1
3
1
1
3
13
3
1
1
1
26
3
2
1
1
1
1
1
1
3
1
1
2
1
6
5
1
2
4
1
2
1
4
2
1
9
1
1
100
31
2
4
1
6
4
10
1
2
17
18
2
1
2
2
4
9
2
1
2
2
1
7
1
1
1
2
1
2
15
3
7
1
4
1
1
1
2
2
2
8
3
3
1
2
2
1
1
9
1
1
2
1
1
1
1
1
1
1
21
11
4
2
1
6
2
4
26
25
1
4
1
1
2
1
1
2
1
2
1
8
4
5
6
1
1
2
11
4
2
7
3
1
2
2
7
110
2
1
9
2
10
1
1
6
4
1
4
1
1
1
1
2
6
3
1
167
1
1
84
1
2
1
38
15
1
1
178
4
8
7
6
1
1
1
1
1
8
1
1
1
1
5
1
1
1
15
4
3
3
2
1
1
1
1
2
7
1
14
4
25
2
34
1
1
24
87
1
1
1
11
2
1
2
2
1
1
35
1
11
8
2
10
3
1
1
1
1
1
1
1
1
1
1
2
37
5
7
3
1
3
1
4
1
1
1
2
1
2
23
2
2
1
1
2
2
5
2
3
1
10
45
2
1
2
1
5
2
2
1
1
3
2
1
2
3
1
1
1
4
2
11
1
4
3
1
1
5
93
15
1
1
2
42
1
1
5
28
8
14
1
6
1
1
2
1
1
24
1
8
1
6
11
4
23
1
3
182
1
1
32
34
1
1
8
14
2
3
2
1
50
12
1
9
1
7
1
4
18
5
4
5
42
1
4
1
1
1
1
4
7
1
3
4
2
4
2
1
1
1
7
1
1
1
1
4
1
1
301
3
1
1
1
1
3
1
1
2
3
1
1
1
2
2
1
2
1
1
1
1
1
1
2
3
5
1
1
40
2
5
1
1
1
1
1
26
7
1
1
1
1
1
1
27
1
1
4
257
1
2
1
1
441
2
1
2
2
1
51
1
1
2
1
6
1
7
2
2
1
2
10
3
45
1
59
17
1
1
1
1
4
1
1
1
4
1
8
1
4
1
1
1
1
1
1
5
2
90
2
3
10
8
5
3
1
1
2
1
2
7
2
3
2
2
1
3
3
8
3
2
2
1
1
3
2
2
1
25
1
46
14
30
1
1
1
9
1
1
1
1
1
1
1
1
2
1
3
1
1
1
1
162
5
1
1
1
1
8
1
5
332
1
1
4
4
3
1
2
8
8
13
1
1
2
2
1
3
7
4
5
1
5
8
1
1
1
1
2
9
1
1
1
2
1
1
3
2
2
1
1
1
1
1
3
3
21
1
1
1
2
1
5
2
1
15
3
90
10
1
4
16
6
109
4
2
1
1
1
1
1
11
1
6
1
4
36
60
1
1
1
13
1
22
2
25
12
1
2
3
29
2
1
12
98
24
24
2
1
6
1
3
1
1
73
1
2
1
18
1
1
1
1
4
1
4
5
1
11
2
1
5
1
1
1
38
20
8
14
29
1
2
120
43
9
6
3
10
2
2
3
1
3
36
5
1
13
1
5
12
1
3
1
3
10
6
28
2
3
116
1
1
1
1
3
1
1
1
1
2
1
2
1
2
2
21
5
33
1
15
2
2
2
2
1
2
1
1
1
1
1
1
1
2
18
31
3
1
1
2
6
1
17
1
7
9
1
206
3
7
1
1
112
11
1
1
1
2
1
1
4
1
1
2
6
1
1
3
1
1
1
1
3
1
27
1
2
1
1
74
1
9
1
1
1
4
1
38
2
1
4
3
1
1
1
2
2
2
75
1
1
2
1
1
1
1
1
3
1
1
2
1
3
1
1
1
27
2
18
2
1
1
2
1
2
199
2
2
3
1
1
1
1
1
6
3
1
607
2
4
3
1
1
1
4
1
1
1
1
1
1
1
1
1
1
3
1
1
1
1
1
1
2
1
18
2
1
3
10
2
4
6
1
1
43
2
18
1
1
3
95
1
1
1
1
1
1
1
1
1
1
72
6
4
13
3
1
1
5
2
1
23
1
24
1
3
1
1
9
2
5
1
1
2
2
11
2
1
1
1
1
2
1
3
3
16
2
8
124
39
1
8
1
12
3
6
1
1
2
1
4
2
1
13
1
2
16
1
1
244
7
1
8
1
1
7
2
1
1
1
12
2
5
1
4
1
1
9
1
1
12
146
2
1
3
24
14
1
4
5
18
6
1
12
1
2
1
1
1
27
5
32
14
16
3
88
3
4
2
1
8
1
1
1
6
1
2
1
13
13
364
1
79
10
15
128
1
44
1
1
2
1
4
2
1
1
75
1
1
7
1
1
1
139
2
5
1
2
1
1
1
1
2
1
1
1
1
6
3
1
75
2
2
2
1
3
303
4
1
18
3
96
1
2
3
1
3
41
71
52
2
2
7
12
1
1
56
1
2
1
289
48
2
4
1
1
2
2
1
2
2
1
2
20
2
1
1
1
1
1
2
1
1
2
1
8
1
1
12
5
14
17
4
1
17
1
2
1
1
1
1
33
3
1
1
3
2
6
11
2
12
53
13
2
88
1
49
4
1
1
1
1
1
3
106
1
2
1
2
8
63
177
2
374
13
3
13
15
4
1
1
2
3
23
1
14
75
10
1
38
1
1
12
1
30
6
2
1
2
9
20
17
4
24
9
1
1
1
68
1
1
2
1
1
11
1
2
1
1
16
24
7
14
1
21
49
1
45
1
3
1
1
1
2
1
15
1
1
82
1
1
3
1
2
425
2
1
3
1
8
1
2
2
1
2
1
1
2
2
31
1
1
1
1
1
1
1
1
1
1
3
51
1
1
5
87
2
243
8
5
2
2
2
4
3
2
29
292
1
1
1
7
45
1
86
1
1
1
94
1
108
1
1
2
35
1
1
3
4
1
1
9
1
6
4
1
2
2
1
2
1
153
19
98
1
5
1
2
1
18
3
1
2
21
1
26
5
1
1
1
27
7
2
1
1
1
1
4
1
7
1
1
1
9
7
10
7
3
11
8
1
2
3
1
1
2
1
6
4
5
1
49
16
2
1
48
6
1
16
1
1
1
17
2
1
2
1
1
1
4
1
2
1
4
1
3
1
2
2
2
1
1
4
14
3
7
4
1
2
1
1
2
1
1
1
47
52
6
8
7
11
1
1
3
1
1
3
5
1
1
1
4
7
7
3
5
9
34
3
1
5
48
4
38
17
19
19
1
7
6
3
1
9
1
1
1
1
1
1
1
1
3
5
1
1
1
1
1
1
1
1
1
1
1
1
1
1
1
1
6
1
2
2
11
3
1
1
1
1
5
13
1
43
5
1
9
1
3
4
1
2
1
3
1
1
35
1
1
2
53
5
2
16
6
1
12
2
1
5
1
2
7
132
55
1
7
1
190
1
31
1
1
1
1
48
2
13
1
3
1
1
50
1
1
1
189
37
1
2
15
60
1
2
1
2
202
3
1
1
3
13
33
6
1
3
11
1
100
2
11
31
1
1
2
1
2
1
1
1
1
2
1
1
1
95
6
6
1
2
1
1
1
1
1
30
13
1
79
1
1
1
1
1
1
4
15
1
1
1
1
1
2
5
1
3
1
1
83
2
6
7
2
36
4
1
6
1
1
1
1
1
1
1
1
1
2
1
19
1
16
1
5
1
3
1
1
2
5
10
4
1
1
1
1
1
1
1
1
3
61
8
1
2
278
89
1
1
1
44
2
12
6
1
1
1
68
1
1
1
1
1
1
1
2
1
4
1
271
1
1
1
2
3
1
3
4
1
1
106
1
1
1
1
2
5
1
12
36
46
238
2
2
1
1
1
2
1
1
1
1
1
1
1
1
1
1
154
1
1
4
1
3
1
88
2
1
1
1
2
3
1
1
1
1
1
2
109
1
1
2
1
34
3
1
2
1
1
2
2
2
1
6
2
60
1
1
2
1
1
6
14
1
2
4
1
2
13
3
1
2
2
2
2
7
10
9
11
5
17
18
1
19
4
2
2
24
90
1
1
2
1
1
1
1
3
3
21
2
1
24
3
1
1
1
26
57
3
1
21
2
1
8
1
1
12
2
1
2
1
1
58
5
262
1
3
59
1
1
1
1
1
1
1
27
155
1
2
1
1
13
1
19
12
19
1
5
1
1
1
1
6
10
1
366
99
7
1
11
1
24
1
3
1
1
1
7
2
3
2
1
3
18
1
1
5
45
1
3
4
1
61
2
2
8
1
1
1
2
1
19
6
9
1
2
3
23
3
1
2
1
3
2
1
1
25
6
1
1
2
20
20
5
2
21
6
2
1
1
116
1
1
1
1
6
3
2
1
4
1
1
3
2
1
1
2
3
1
2
4
1
6
1
1
3
68
2
1
2
5
1
4
2
1
183
56
1
8
6
1
1
8
1
1
1
1
2
1
1
5
5
1
2
3
3
102
1
23
10
2
1
3
3
1
12
2
1
8
2
18
1
1
7
5
1
1
2
1
1
1
2
1
2
1
29
1
1
31
1
37
4
25
1
2
5
1
1
6
2
4
2
1
6
4
2
5
18
8
29
40
1
9
2
4
10
5
10
2
1
4
8
2
3
18
94
3
1
2
1
1
12
9
1
2
1
5
24
1
20
7
4
36
9
12
231
83
12
2
1
1
1
1
1
1
6
73
262
13
7
1
1
39
223
6
26
53
233
2
1
5
1
62
58
3
2
9
211
1
1
2
2
1
4
10
1
10
2
8
1
1
1
9
3
31
1
2
3
17
5
12
43
6
8
1
8
1
2
2
42
3
1
35
4
347
1
1
9
7
1
2
1
1
10
1
22
1
5
2
6
17
5
5
4
2
1
1
9
35
25
2
14
52
1
1
1
1
462
1
3
2
1
1
1
5
4
2
1
2
315
3
1
1
3
1
3
91
1
1
1
4
1
5
1
23
1
474
38
1
1
1
4
2
5
5
4
1
3
12
26
31
1
1
3
70
1
32
106
1
2
1
1
38
2
1
1
1
2
21
1
2
1
9
1
1
1
1
1
56
6
1
1
1
3
22
1
2
3
1
1
1
1
1
1
3
3
5
21
23
3
1
2
4
1
1
2
2
4
1
1
2
1
349
22
1
1
1
1
3
1
8
4
3
2
1
2
5
17
1
1
1
5
9
1
5
4
3
1
5
2
36
1
1
7
7
2
10
15
2
5
3
5
1
1
2
2
3
1
1
1
8
1
1
2
1
3
22
1
2
6
1
4
1
1
2
3
1
4
1
13
2
1
7
55
1
1
9
3
1
4
1
1
3
1
1
1
2
31
1
19
1
4
1
1
16
3
9
7
5
2
1
1
1
1
1
319
1
13
5
20
1
3
2
3
6
21
1
9
2
2
1
3
1
1
2
1
2
1
1
1
2
17
3
10
2
1
1
11
5
1
1
1
3
1
1
1
11
11
2
4
29
29
1
12
1
1
1
1
2
12
2
1
1
1
1
1
1
8
21
50
1
1
1
1
1
1
3
56
1
11
3
1
9
1
2
3
1
3
1
2
1
1
2
1
18
14
192
1
114
1
2
5
1
2
1
5
2
49
1
1
1
2
3
1
1
10
2
6
17
4
336
13
4
1
1
1
2
1
1
2
3
52
12
19
28
88
8
43
1
115
6
36
2
1
3
1
4
1
2
2
1
5
8
1
15
1
4
348
4
1
1
7
1
1
1
4
28
2
1
2
2
1
2
2
2
1
1
1
18
26
1
4
1
1
1
14
2
1
1
1
1
1
2
1
3
1
27
5
236
1
3
2
3
7
1
1
1
2
1
1
1
1
1
2
2
11
1
1
2
1
4
3
1
3
1
2
8
1
1
1
1
2
1
2
6
7
2
6
6
1
1
2
1
2
25
2
6
1
2
3
1
2
4
21
5
4
1
1
1
2
4
1
1
8
4
1
7
1
1
2
24
1
1
5
1
1
10
2
1
1
1
1
1
2
1
295
62
1
1
2
38
6
1
63
4
1
2
13
2
2
21
3
2
1
23
1
15
1
5
63
1
4
2
18
1
3
2
1
1
4
4
1
1
1
168
151
5
1
1
1
8
1
1
1
1
4
103
3
1
2
1
1
1
3
1
2
1
4
1
1
2
2
1
17
1
2
1
116
1
1
24
2
1
1
9
1
1
2
1
1
2
98
3
1
1
1
1
3
1
2
1
1
1
1
1
1
1
2
1
4
1
1
7
1
1
1
1
1
1
1
2
2
1
1
1
1
1
1
1
22
1
2
2
2
1
3
1
1
1
1
7
4
1
3
2
1
1
1
2
1
2
1
2
4
1
1
1
1
2
1
1
2
1
2
2
1
1
1
1
6
2
8
3
3
5
1
1
1
5
4
4
1
1
1
1
2
1
2
1
1
1
4
1
3
1
1
2
1
1
1
1
1
1
1
2
1
1
1
1
1
1
1
1
115
1
1
6
1
8
2
1
2
5
1
8
1
44
2
35
9
12
1
1
2
1
1
1
1
40
1
1
1
2
294
1
1
2
7
1
1
1
1
79
5
2
1
4
1
1
1
1
1
1
1
1
1
3
26
1
1
1
2
6
1
2
1
1
2
1
2
3
3
2
1
1
1
23
4
1
1
3
8
1
1
1
6
1
1
2
6
1
1
3
1
203
2
287
1
12
2
1
2
1
5
1
1
19
3
3
6
3
1
6
4
1
72
1
2
1
1
4
1
25
4
4
1
1
2
1
1
1
1
2
3
6
1
1
1
4
86
2
1
1
3
1
1
4
1
1
9
1
3
1
1
51
76
1
19
1
57
3
199
8
12
42
4
16
88
27
2
1
1
1
2
3
6
1
1
3
1
1
2
15
1
9
8
1
3
7
1
1
1
3
1
164
3
1
1
1
10
2
32
3
1
22
5
1
8
1
2
2
3
19
2
27
25
1
1
1
1
5
1
4
7
1
3
1
1
1
53
1
1
2
1
1
15
1
1
1
1
34
1
1
1
28
2
2
587
4
1
1
7
1
7
92
82
1
1
1
1
1
2
4
29
1
10
8
1
1
2
1
1
1
1
1
2
1
14
2
1
12
1
28
118
1
3
10
112
1
37
4
37
3
2
1
20
1
64
1
1
23
11
1
32
2
78
12
1
1
14
1
1
2
3
28
5
2
11
19
2
1
32
1
1
1
1
48
1
1
2
3
227
21
1
1
1
1
1
3
10
8
1
2
11
1
4
1
48
10
26
1
1
1
1
13
214
3
11
1
2
1
1
8
16
18
2
8
2
1
7
2
1
1
1
1
1
1
2
1
41
1
2
1
5
17
7
1
5
1
4
3
31
4
91
9
18
4
28
45
1
64
2
3
16
9
1
11
21
1
3
1
2
1
8
35
12
1
22
5
1
1
1
16
5
1
1
5
5
5
7
1
1
1
1
3
1
1
1
2
15
5
1
5
6
13
64
12
7
1
1
3
11
1
1
2
5
5
1
1
15
18
7
14
1
5
1
3
6
1
13
1
2
3
1
1
4
2
4
9
32
3
6
5
6
1
6
5
1
2
1
6
24
1
1
1
8
1
1
41
1
1
2
2
1
1
3
2
12
1
1
1
11
3
24
1
8
1
1
1
1
8
15
1
5
1
1
3
2
24
10
52
5
1
15
531
1
9
3
6
176
1
7
1
1
6
60
85
1
2
3
1
1
1
2
17
3
1
59
1
1
7
1
4
2
4
16
2
29
2
81
19
1
2
1
1
9
1
1
7
2
22
10
36
6
9
1
6
1
9
97
13
3
6
6
2
44
3
42
1
34
5
1
77
3
61
20
89
27
1
7
10
3
3
1
137
3
1
19
2
93
9
2
1
1
5
14
64
2
2
35
1
1
11
12
21
2
26
4
1
3
24
27
3
164
78
1
1
15
10
8
1
2
1
2
11
6
10
1
2
2
1
12
7
6
1
1
1
1
1
3
4
1
583
11
1
1
1
1
1
36
2
14
1
1
1
13
1
1
2
1
115
1
1
1
40
3
2
1
1
20
7
1
2
71
34
4
2
1
1
1
1
1
9
2
6
1
1
1
2
2
2
33
12
2
4
1
2
11
42
1
1
3
170
1
2
1
2
1
1
1
13
2
1
4
1
1
1
10
16
3
1
3
5
3
7
41
3
4
1
1
2
45
3
8
4
1
1
15
1
12
1
3
13
28
12
1
8
1
1
1
2
1
1
1
1
1
1
1
4
27
1
1
1
80
4
1
1
4
1
1
2
1
1
1
2
2
2
1
35
1
165
1
1
1
1
3
2
16
6
3
1
1
1
2
1
1
10
1
1
1
1
10
2
1
2
2
5
1
1
1
1
1
2
1
1
2
1
3
1
1
207
1
1
4
1
2
1
2
1
1
1
2
1
35
66
1
1
1
1
1
1
5
2
1
5
52
42
1
1
1
1
6
1
1
1
1
1
1
1
2
1
1
1
9
1
1
49
1
34
1
187
34
5
1
1
1
1
1
64
3
6
1
1
3
1
168
1
1
2
4
2
50
1
1
1
2
1
2
6
1
3
27
52
1
1
1
4
11
6
1
2
1
1
14
1
1
1
1
1
1
5
50
3
2
1
1
2
1
1
10
1
1
1
10
12
12
5
8
2
28
2
15
17
5
1
2
1
4
3
1
1
4
2
1
1
2
1
7
1
1
2
1
3
3
2
3
1
1
6
3
2
5
22
1
1
3
1
2
1
1
1
6
1
1
1
1
3
2
16
155
11
2
1
1
8
1
4
29
23
1
1
1
1
1
1
1
4
1
16
1
1
2
1
191
1
1
15
1
82
1
1
7
2
10
1
4
1
1
2
1
1
4
1
1
2
18
1
1
4
4
1
1
1
1
1
1
56
1
8
1
1
1
92
193
4
1
32
1
5
6
2
255
1
1
1
1
2
1
1
2
2
6
1
1
1
2
1
1
3
3
1
1
27
1
5
49
2
1
1
4
1
1
12
1
5
1
1
14
3
1
2
1
1
1
6
49
1
1
3
1
69
38
49
1
3
1
1
175
207
176
1
1
2
1
1
3
17
1
4
1
1
1
1
1
1
4
2
15
252
1
1
2
3
1
10
1
118
1
1
1
1
1
2
15
1
1
1
2
17
1
1
9
2
31
2
108
1
1
11
1
1
1
1
1
1
1
1
1
4
1
442
4
1
12
6
1
1
3
6
1
1
6
1
1
1
1
9
1
8
2
9
2
12
1
1
1
34
532
1
1
2
3
68
4
1
40
16
12
7
1
1
5
3
1
13
1
8
2
8
1
6
1
1
1
1
1
1
4
1
4
197
2
1
21
4
1
1
1
26
2
246
17
60
1
1
2
1
2
485
47
3
1
1
1
1
2
1
2
1
9
6
1
1
1
1
2
10
2
1
1
1
3
18
1
7
2
1
1
1
2
1
1
1
1
5
1
1
1
3
2
1
1
1
1
94
1
1
13
4
1
4
87
1
1
1
1
34
1
2
1
11
1
1
1
1
1
7
14
6
3
2
2
2
7
6
1
4
1
165
2
1
1
1
3
40
1
1
1
4
4
1
1
1
1
4
1
100
67
42
1
108
1
336
272
1
1
4
13
1
1
9
7
1
40
1
6
6
1
1
1
1
1
121
1
1
1
57
1
20
2
2
3
1
3
1
1
21
1
1
10
22
1
8
1
1
1
1
4
1
10
7
1
238
28
6
1
1
24
1
1
1
1
1
1
1
1
1
1
12
1
1
6
7
5
3
1
2
7
6
1
13
1
2
1
1
1
1
1
1
48
1
8
5
1
22
23
8
10
5
17
15
5
2
1
10
7
3
5
1
1
1
2
2
1
26
5
5
8
1
1
28
1
60
6
3
7
2
27
1
1
99
1
83
95
5
8
36
12
1
2
8
73
1
11
18
4
2
17
1
73
2
3
40
24
16
10
5
14
1
26
4
15
116
2
8
31
42
8
32
4
9
5
5
6
30
30
3
8
1
19
274
448
3
1
2
19
24
214
1
1
1
1
4
1
1
38
1
1
1
1
8
1
1
1
1
1
1
1
1
1
1
27
1
1
1
116
1
137
1
1
2
19
1
1
9
1
1
1
1
9
1
2
80
19
16
3
1
4
1
1
202
1
325
1
1
20
1
1
1
9
1
4
50
5
1
1
13
4
3
1
1
4
1
22
3
32
1
1
9
1
1
1
1
1
1
38
1
50
1
1
1
8
1
3
3
1
63
1
1
1
7
1
1
1
1
1
1
26
1
1
1
1
1
1
1
1
11
47
1
13
1
1
3
1
61
66
1
1
1
1
9
22
1
1
14
2
1
1
1
26
1
1
1
1
1
89
1
7
33
222
1
1
1
1
1
1
1
1
1
1
1
1
1
1
3
1
25
1
1
1
4
1
1
1
1
1
1
2
1
1
3
1
1
1
1
10
58
2
2
20
1
1
1
1
1
64
1
47
3
360
1
59
1
16
1
34
312
1
6
3
221
1
19
1
2
4
2
1
1
1
66
1
229
1
1
1
1
1
1
2
1
1
1
9
6
1
2
1
1
1
1
139
3
2
9
9
1
1
8
1
118
1
1
71
4
1
1
1
1
1
1
2
1
9
6
2
1
1
2
1
3
1
82
4
1
1
2
1
129
274
1
30
2
1
8
1
1
1
1
3
1
3
2
5
1
1
1
1
1
1
1
1
16
2
1
1
2
2
1
1
1
3
2
1
1
1
27
113
1
1
1
29
1
2
1
2
1
1
3
1
1
1
8
1
1
77
18
1
1
1
1
1
1
153
1
1
1
1
3
1
2
4
15
1
61
3
1
1
1
1
1
1
1
1
1
1
104
16
3
1
1
1
4
1
62
1
1
1
1
1
1
1
1
1
1
1
1
5
1
41
1
1
1
1
1
4
2
1
1
1
1
1
1
1
2
1
1
1
394
1
1
3
2
1
3
6
177
23
1
1
1
1
1
1
1
1
5
8
1
16
8
1
1
16
1
2
1
2
1
1
1
48
2
5
1
1
1
1
1
1
2
1
3
23
1
1
1
3
6
1
11
1
1
78
1
14
1
5
1
1
1
1
17
2
1
4
1
7
7
300
1
1
1
1
8
1
2
1
1
7
2
35
61
1
1
1
4
4
1
43
16
2
1
1
1
1
1
2
79
1
2
1
6
1
1
3
5
1
2
1
17
24
1
3
3
1
1
21
2
1
1
1
3
28
1
1
1
1
1
1
1
1
2
1
40
1
1
2
1
9
26
1
1
1
7
1
1
1
15
68
5
20
2
1
1
1
27
1
1
1
9
2
1
7
1
1
2
1
12
1
2
1
1
3
1
2
1
1
2
1
1
1
1
90
5
1
3
99
1
16
1
1
1
1
13
1
1
2
1
1
5
2
1
1
2
1
100
2
1
1
21
1
1
32
1
1
1
1
62
1
1
1
68
1
1
7
2
1
1
1
4
2
1
1
1
21
3
5
236
1
2
1
1
8
1
1
2
1
1
1
1
1
1
1
7
2
2
21
1
1
1
1
2
12
21
2
1
18
1
1
6
2
1
1
1
1
1
4
71
1
1
18
2
1
7
1
1
3
1
1
1
1
2
1
1
2
11
1
1
4
1
1
1
1
32
1
1
1
1
1
1
4
3
1
385
1
1
1
3
3
224
1
1
3
1
1
1
1
1
1
2
1
1
1
3
1
14
2
3
6
2
1
2
1
28
3
1
3
1
1
1
2
1
3
1
8
3
1
3
1
1
3
2
13
1
1
9
1
1
4
23
1
1
1
8
1
2
1
1
3
1
3
9
2
1
66
1
1
1
16
1
147
1
1
1
1
2
425
3
6
1
1
1
8
5
4
1
60
3
2
22
5
6
1
1
1
10
3
1
1
1
1
14
4
2
12
1
1
1
4
1
32
1
75
2
1
59
1
1
1
1
1
1
13
4
1
1
96
10
5
1
2
2
1
3
1
1
1
1
1
2
4
1
1
1
3
12
42
5
5
2
42
7
1
9
1
8
1
1
1
1
2
1
5
1
5
1
1
5
1
1
4
5
1
1
1
1
3
2
1
6
5
2
1
1
1
3
24
2
9
6
1
1
23
1
16
1
13
5
1
5
2
22
21
1
1
1
1
1
1
1
20
1
1
1
1
1
1
1
1
2
5
1
205
1
1
9
183
1
1
1
507
106
81
