2
5
22
3
3
1
1
5
3
1
2
4
1
1
2
1
2
2
4
3
3
2
1
10
1
5
2
1
10
6
3
3
4
5
2
11
1
8
1
6
1
1
2
1
2
18
2
1
2
1
1
6
8
2
3
6
5
7
2
4
1
1
3
3
1
5
6
1
1
6
1
1
1
1
1
4
1
1
6
2
2
5
2
3
3
4
3
4
2
1
2
2
1
1
2
3
17
13
9
3
1
3
2
4
8
1
1
2
1
2
4
2
3
1
2
1
1
4
4
1
1
1
1
8
1
1
2
10
1
2
3
2
3
1
6
4
2
1
1
2
3
4
1
1
6
3
1
6
4
1
1
5
1
13
6
1
7
3
4
3
4
1
3
3
2
1
1
3
1
4
39
2
2
4
5
4
1
1
6
1
1
3
2
2
1
19
1
6
4
5
1
3
4
2
13
10
4
1
2
3
1
2
1
4
3
2
1
4
2
10
3
1
4
2
1
1
3
1
2
1
1
1
1
2
13
1
4
4
2
1
3
1
1
3
2
5
1
4
3
6
1
1
1
1
7
4
3
1
2
2
2
1
2
5
8
1
5
1
1
2
2
8
5
1
4
3
2
4
1
2
7
2
7
2
6
2
3
1
1
6
3
1
1
1
2
4
3
6
2
3
3
5
4
3
2
10
2
2
10
10
5
1
2
1
1
17
1
1
2
1
1
1
1
2
3
1
2
3
3
1
2
4
8
2
2
3
6
6
15
13
8
1
1
4
1
6
1
1
2
3
2
2
8
3
1
1
11
2
1
13
4
1
5
1
3
5
1
1
2
2
4
6
5
1
3
3
8
1
2
2
4
1
2
2
1
17
1
12
1
3
4
2
31
3
7
4
1
1
20
3
1
1
2
9
1
2
2
8
2
8
1
2
1
3
2
5
1
2
1
2
6
2
5
3
3
1
5
2
2
4
3
2
2
4
13
8
4
3
1
2
3
10
3
1
6
2
1
2
1
1
2
1
1
6
2
7
1
1
6
3
1
1
1
1
4
19
4
9
3
2
4
4
1
2
1
2
1
5
8
6
2
4
4
2
2
2
6
2
2
18
1
2
1
6
2
2
3
20
2
1
9
12
1
2
1
3
1
16
9
14
1
2
1
1
1
1
7
2
6
6
2
1
3
1
4
2
8
2
1
4
2
1
1
6
4
2
2
3
8
3
3
1
4
1
1
5
3
1
1
1
3
2
1
4
1
1
4
7
2
1
1
3
11
2
3
1
1
5
1
1
2
1
3
1
1
1
11
1
3
11
4
1
1
1
1
7
10
2
2
1
5
2
3
27
1
8
1
1
2
2
2
15
4
5
1
6
1
1
1
1
12
2
