2
34
1
2
7
33
1
1
7
5
6
3
9
4
52
7
20
12
20
26
1
32
18
2
2
3
11
2
20
45
1
54
50
28
15
23
1
1
2
7
33
10
6
9
3
20
7
30
6
7
5
33
3
3
1
14
9
44
33
1
3
2
115
8
5
46
32
1
52
144
17
3
7
1
33
48
27
4
12
2
2
1
2
110
1
32
4
1
6
21
58
61
37
87
14
2
1
1
1
109
14
1
2
2
2
1
55
1
1
1
2
22
7
17
1
1
1
16
7
61
83
12
3
2
5
12
58
1
18
14
2
5
3
2
8
5
14
3
26
2
5
3
36
36
40
2
1
15
1
1
15
1
7
12
15
5
7
3
20
9
1
83
2
45
68
4
6
5
18
2
2
4
49
4
3
20
1
43
28
13
3
4
8
11
45
1
24
3
34
8
73
4
1
11
3
20
2
2
1
1
1
2
7
107
1
1
1
3
3
4
15
2
3
9
4
1
85
2
14
9
8
1
2
29
71
26
10
7
3
29
1
22
1
5
2
22
40
2
71
1
33
6
2
11
3
1
2
26
15
6
2
2
5
1
18
1
24
2
3
15
2
1
1
2
1
1
2
6
1
1
36
44
42
111
9
5
37
3
30
14
2
72
23
2
2
1
2
1
2
3
12
9
22
2
5
2
12
1
28
39
44
1
1
9
34
5
28
14
21
7
1
2
8
9
43
2
4
19
40
2
1
3
61
6
5
4
1
37
57
48
1
1
7
1
2
9
38
39
36
7
37
1
6
7
1
3
10
3
16
4
1
2
15
1
1
3
63
26
1
1
19
5
5
29
1
3
6
2
6
1
87
6
13
18
2
3
1
16
6
5
1
31
11
4
2
26
6
14
14
37
2
20
3
58
1
23
13
3
18
7
2
33
3
65
3
8
2
2
6
60
11
2
2
1
1
12
130
34
3
3
72
5
6
2
2
3
2
2
1
171
71
5
2
11
54
36
1
7
2
1
25
2
1
1
2
6
5
7
5
4
6
2
15
49
27
2
4
28
48
2
10
19
1
2
16
1
9
2
1
1
2
6
22
1
15
60
2
3
34
11
32
28
2
2
2
1
3
24
3
1
21
2
5
3
5
25
5
4
106
2
2
1
18
1
33
2
1
1
94
60
3
3
1
23
16
21
4
2
2
46
8
57
43
9
3
47
23
1
48
1
4
14
35
1
2
2
3
23
124
1
1
28
2
58
2
1
74
4
4
6
11
2
1
1
18
3
6
5
16
13
7
2
19
1
1
2
13
2
4
8
1
10
1
13
6
1
5
13
28
1
13
3
16
4
7
55
11
1
1
1
17
2
8
3
19
13
2
1
5
6
1
2
2
8
51
1
28
1
4
3
6
8
2
3
2
1
2
1
1
5
19
26
2
17
1
3
37
41
5
1
3
3
10
2
3
1
7
2
11
11
1
39
3
21
7
27
4
17
2
15
49
3
1
53
12
10
18
3
2
26
4
2
6
4
4
1
2
4
2
1
2
2
2
8
13
30
3
4
1
1
26
24
5
1
18
1
35
1
7
34
1
2
1
26
3
2
1
6
1
6
45
2
1
6
17
1
1
10
3
21
2
14
3
6
1
5
1
1
45
3
5
11
5
1
6
3
4
19
1
28
3
12
7
1
4
11
1
1
1
16
1
7
5
52
14
3
18
29
1
12
4
18
3
161
3
76
27
1
2
1
2
7
40
13
3
1
3
78
3
1
1
2
34
15
32
14
5
3
6
1
2
30
1
1
20
141
72
2
2
5
35
1
8
1
65
11
2
54
1
37
1
5
31
3
119
2
1
1
3
9
3
2
3
2
3
23
1
5
2
1
1
3
37
5
25
8
40
2
2
27
45
2
4
10
2
4
2
4
6
18
2
3
2
2
10
23
5
8
9
1
2
1
3
37
1
142
2
1
4
1
24
28
1
11
5
106
3
1
7
7
2
3
14
3
5
3
15
2
10
1
91
7
2
4
11
1
41
5
3
15
24
2
6
3
4
1
10
2
1
2
9
1
1
17
6
3
2
1
55
1
3
2
3
11
5
2
1
6
6
4
2
17
1
1
38
3
3
1
19
2
4
1
1
8
17
3
1
14
11
57
8
2
2
4
1
1
2
1
18
20
9
4
3
23
4
4
3
2
1
1
8
2
2
5
15
4
65
103
1
1
2
11
4
2
6
1
6
11
8
3
2
11
3
2
2
4
62
2
52
1
68
1
14
3
2
4
5
1
2
12
1
2
33
1
2
1
6
98
78
21
159
6
1
2
11
1
2
7
4
8
122
19
1
7
3
4
4
2
6
1
1
3
3
2
51
2
3
3
51
2
19
34
35
11
1
19
3
12
3
1
8
5
1
5
2
2
14
1
11
3
2
2
3
3
22
5
2
3
2
1
2
1
7
21
3
8
1
15
4
2
21
8
2
15
1
6
10
2
34
4
21
2
3
18
5
2
3
2
4
7
2
1
15
1
8
1
17
1
3
1
6
1
3
5
2
2
23
11
2
4
4
10
2
4
15
11
6
9
20
2
12
3
2
2
4
2
1
1
5
3
81
7
2
4
15
3
2
1
18
14
8
44
12
1
14
66
2
1
1
36
11
1
1
6
15
1
7
4
1
5
4
16
2
1
15
39
8
1
4
3
2
1
2
1
1
5
1
3
96
20
15
2
1
3
33
1
2
2
6
2
2
1
123
1
33
1
13
4
3
8
3
2
45
2
5
5
7
2
9
8
3
21
41
3
1
3
2
4
3
3
17
22
1
1
2
1
8
1
3
1
2
3
6
28
5
3
2
4
5
3
12
8
20
1
1
4
1
3
50
15
6
4
31
2
26
3
7
1
1
16
3
17
4
2
8
5
4
66
1
6
10
5
17
99
32
10
2
3
4
11
1
3
4
2
2
19
42
5
1
1
21
29
4
13
50
9
3
86
6
1
57
18
1
1
144
2
1
5
55
14
1
19
34
20
13
64
3
2
5
11
5
5
8
4
4
13
2
15
13
12
69
11
17
39
1
2
2
4
1
40
7
11
14
1
2
3
1
10
6
5
3
1
41
36
7
38
5
98
2
5
2
12
3
18
4
1
1
2
1
5
83
18
27
4
5
1
60
2
1
1
2
1
36
1
1
5
11
5
4
14
15
1
1
1
4
11
2
20
1
6
12
2
12
1
9
1
2
9
8
1
24
11
3
3
9
31
12
33
2
2
7
4
26
1
1
1
22
58
1
1
36
13
1
37
5
5
8
16
11
5
1
3
45
2
5
2
23
58
2
3
5
2
2
3
3
4
2
62
4
4
1
2
19
1
1
3
26
1
1
11
1
3
4
4
22
2
3
11
2
19
12
4
31
4
9
3
1
13
1
6
4
1
4
14
4
2
9
2
4
3
2
44
68
2
6
7
2
1
107
4
4
1
5
2
3
3
4
24
3
14
1
1
6
1
9
7
18
54
39
10
16
2
33
3
21
9
62
3
26
2
7
7
3
5
9
2
7
2
6
2
38
43
4
2
1
23
1
2
20
5
65
5
44
19
2
49
66
1
3
6
25
29
16
1
22
34
1
10
7
1
3
19
8
1
1
24
5
10
13
1
3
2
2
3
13
4
1
1
4
6
34
39
1
2
8
1
5
3
10
54
2
4
1
6
4
15
9
14
7
16
8
1
26
46
9
3
15
15
9
7
28
5
2
2
6
5
28
1
15
22
42
2
1
2
41
11
14
31
21
3
1
24
1
5
2
18
4
1
11
4
4
5
19
16
2
1
3
3
41
16
6
3
8
29
22
17
5
7
2
32
5
40
4
10
25
1
7
9
23
1
13
21
21
14
40
13
5
74
1
2
3
10
10
4
3
15
9
7
10
1
46
73
16
1
9
9
34
1
13
62
10
2
73
16
11
10
3
4
