2
25
2
7
31
16
2
5
3
23
2
5
4
19
36
32
3
3
110
2
5
4
6
5
1
2
6
1
2
1
28
12
4
2
5
16
2
9
3
8
10
3
1
11
17
9
2
3
1
7
45
3
30
2
1
5
11
120
12
15
4
4
19
3
3
1
3
16
1
17
11
10
100
8
9
6
2
5
3
6
7
24
1
19
22
1
8
1
8
2
1
18
1
1
7
7
4
3
2
5
2
6
5
2
9
32
21
5
3
6
3
3
2
5
1
1
14
11
13
4
68
33
1
18
25
1
3
5
1
17
1
22
33
3
21
24
12
63
17
1
2
15
5
3
2
5
1
2
5
4
1
2
1
1
14
4
43
48
17
3
5
1
2
19
1
1
21
11
4
15
1
1
7
3
1
1
105
1
7
30
52
24
38
2
1
2
3
1
6
5
2
43
4
79
16
2
1
42
68
22
19
11
3
10
4
6
16
10
9
11
11
9
18
61
3
28
6
8
1
40
1
4
2
1
6
1
1
20
22
8
5
48
11
6
24
6
4
1
21
3
32
30
1
18
30
7
9
1
2
2
4
5
74
26
1
13
1
4
2
1
1
2
2
4
1
2
7
1
7
10
8
2
3
2
4
16
6
2
4
20
1
12
2
44
1
2
8
11
1
8
35
3
163
3
3
14
24
19
23
1
18
7
4
32
5
26
4
8
6
9
3
39
46
25
4
2
14
7
2
6
4
62
1
6
14
2
16
9
30
20
19
14
10
60
2
13
11
1
7
2
2
1
6
3
5
14
3
4
16
9
4
7
2
1
11
9
7
1
24
4
159
2
54
2
45
6
65
1
1
6
5
7
5
7
4
21
13
1
1
6
29
2
2
6
3
1
1
17
2
3
6
75
3
3
29
2
3
1
1
12
34
28
1
1
1
2
12
3
3
3
7
13
18
3
12
20
103
31
2
9
2
4
28
1
14
5
1
74
33
1
8
1
16
52
1
22
23
7
3
1
2
36
33
4
4
1
1
17
5
1
6
14
2
20
7
6
62
11
5
1
12
1
1
29
1
11
1
1
16
2
2
4
9
1
2
1
16
3
7
8
10
3
8
1
16
1
1
12
2
16
3
4
8
3
17
4
3
1
48
9
47
12
2
3
16
21
8
33
2
4
3
8
4
32
15
17
1
1
1
2
2
13
34
27
2
3
3
21
14
1
1
44
6
2
2
6
2
1
6
2
1
1
1
4
6
9
2
23
1
64
2
3
3
2
14
12
55
1
1
2
3
26
37
3
4
5
1
18
5
13
3
6
1
4
2
2
27
26
2
2
22
1
33
5
4
19
12
37
6
15
2
6
1
17
2
5
10
19
45
1
11
3
1
57
16
1
13
2
62
2
2
30
1
1
2
3
5
3
6
1
1
4
6
30
6
10
1
30
13
7
1
12
30
1
2
1
33
18
26
1
17
1
2
7
8
3
21
3
2
2
2
15
18
1
6
2
1
1
6
10
27
11
3
1
1
1
1
1
3
10
16
1
22
6
2
1
1
4
6
3
10
1
6
5
15
20
2
95
1
1
1
1
4
1
7
1
7
4
66
1
2
14
5
7
1
34
5
2
7
3
1
3
11
15
7
68
12
2
17
8
3
5
13
4
23
10
46
11
2
10
1
20
2
1
1
7
1
4
1
15
27
8
6
37
140
5
26
5
1
12
8
5
1
7
4
1
2
2
1
18
7
5
1
4
23
5
3
2
4
68
7
4
92
5
26
2
2
1
16
2
9
8
2
19
1
5
1
3
1
19
9
2
18
53
4
2
9
2
3
18
4
2
2
2
1
15
4
45
1
1
8
4
3
8
5
8
2
2
2
3
17
30
6
2
31
4
1
38
1
3
1
4
1
38
5
15
6
3
61
2
1
14
52
19
5
3
13
10
2
18
4
1
2
107
3
9
1
12
3
4
15
1
1
27
1
2
2
17
125
19
1
3
2
2
1
6
15
5
3
14
8
6
2
8
3
20
1
10
21
15
1
2
12
11
1
6
1
2
2
1
1
16
2
38
35
2
62
2
36
10
2
34
37
4
5
25
1
4
11
1
5
7
66
15
3
17
5
7
1
1
1
1
21
1
7
7
4
1
101
4
7
17
7
7
1
2
20
1
5
1
3
14
1
1
9
1
29
3
1
9
1
5
4
20
5
50
1
4
79
47
7
6
3
11
7
25
4
3
56
2
17
89
36
23
1
2
1
3
1
2
6
1
1
9
1
12
2
52
1
4
76
2
3
3
1
20
20
10
51
7
2
1
3
1
10
8
20
18
2
5
1
1
13
10
60
3
4
1
1
61
3
139
16
4
1
2
9
1
4
7
7
6
2
1
5
4
68
1
1
18
7
3
3
60
51
6
2
4
5
17
12
1
28
3
31
1
1
1
4
1
2
29
42
4
14
8
12
3
1
2
2
35
16
3
3
2
8
16
4
63
3
4
24
2
12
20
5
13
5
3
1
6
20
4
11
20
3
23
8
2
1
3
8
3
14
5
1
4
1
3
25
5
1
2
3
1
1
9
2
1
2
6
1
3
3
1
7
12
3
32
47
7
22
5
14
1
7
1
6
49
19
16
2
3
3
1
3
2
5
12
3
3
9
9
16
3
2
1
24
1
4
1
1
1
91
18
10
10
17
7
1
21
2
1
1
4
1
1
1
1
27
10
30
1
2
8
4
1
1
54
7
16
1
27
2
7
18
9
19
4
1
9
6
20
1
2
11
123
1
5
5
3
1
3
26
10
3
4
1
12
8
24
1
13
18
17
18
4
12
48
2
2
12
1
13
8
17
9
7
4
3
6
12
4
3
1
1
11
3
20
10
1
6
7
82
5
92
64
1
13
1
30
3
5
7
1
15
4
2
1
18
1
1
1
6
2
7
3
3
1
1
14
9
1
1
81
2
1
19
3
1
4
12
9
1
1
13
12
10
44
8
3
1
4
20
1
1
38
15
53
19
13
2
28
9
57
1
4
3
1
2
8
2
1
9
2
9
2
7
2
1
4
36
4
2
5
9
1
13
18
2
12
5
5
7
20
50
3
3
3
2
2
3
2
2
5
6
3
5
2
6
1
6
1
9
13
19
3
2
57
15
7
5
14
18
2
2
2
9
14
10
1
1
1
2
25
1
29
2
2
28
27
21
5
17
1
1
49
4
3
4
9
1
1
1
17
51
26
8
50
2
11
1
3
15
28
1
13
4
48
8
5
3
29
5
1
5
17
3
2
1
18
4
4
37
27
3
35
6
1
2
2
20
1
4
14
3
2
16
55
11
14
1
8
27
34
14
9
7
39
9
19
4
11
2
2
6
2
3
50
1
2
20
1
1
3
13
119
4
33
4
4
3
2
3
4
1
6
1
1
2
1
2
4
12
56
1
7
33
3
1
1
5
2
1
19
3
85
150
3
2
10
29
1
15
4
2
2
5
22
20
3
37
2
13
1
82
35
51
1
1
2
15
21
4
30
3
3
11
5
1
3
29
1
3
1
2
3
13
2
6
2
1
15
2
1
33
1
1
2
4
3
3
2
1
43
4
1
2
49
42
1
4
14
1
26
1
2
1
20
21
7
2
5
16
4
19
10
10
9
1
13
2
10
4
13
1
33
1
28
17
3
23
1
47
1
7
38
2
21
67
3
2
8
2
2
3
1
1
2
5
3
11
2
1
9
14
55
5
6
6
26
4
55
26
1
2
2
5
5
1
2
7
1
37
2
5
36
4
1
1
8
39
1
3
1
16
4
30
4
26
4
2
7
15
1
60
59
2
1
22
2
3
1
39
7
23
2
6
25
39
2
16
2
10
3
2
1
1
7
2
25
4
1
55
1
6
43
4
2
3
4
3
1
12
17
1
3
2
17
4
25
1
5
2
1
43
4
21
33
8
5
2
6
10
4
5
1
5
5
12
2
5
1
1
8
2
2
1
2
1
7
5
54
122
2
3
2
1
5
19
21
21
18
6
1
2
6
5
5
54
14
1
1
22
2
10
18
1
19
8
2
61
10
80
26
57
5
3
33
1
12
3
18
3
9
13
3
1
1
1
1
11
34
7
52
4
1
9
2
12
1
33
14
68
1
7
1
3
4
3
2
6
1
2
4
26
5
1
2
1
5
15
2
4
1
9
9
2
1
6
2
11
2
4
9
11
20
1
13
29
4
3
2
44
4
24
3
5
18
36
1
2
68
4
35
4
6
59
15
4
8
1
1
1
7
3
1
21
1
3
10
1
13
5
24
15
1
5
3
1
3
28
2
19
1
6
20
13
1
3
3
3
47
10
4
12
1
9
7
5
50
3
8
1
15
1
4
3
6
2
7
10
9
20
44
2
14
2
19
5
17
9
2
22
3
6
1
4
4
2
5
20
1
4
2
25
6
2
8
3
3
1
1
16
8
5
64
3
11
5
18
1
5
2
2
34
23
2
9
5
7
1
5
19
19
6
1
28
3
6
9
3
80
17
1
2
6
21
40
2
1
6
2
4
5
1
49
6
1
7
2
1
5
1
27
11
1
3
41
9
3
7
87
7
1
7
8
12
2
1
3
15
10
1
1
21
1
2
5
1
11
23
1
13
2
3
5
21
8
44
11
21
2
1
11
2
32
2
9
3
20
2
13
4
1
11
5
3
7
1
2
9
5
18
3
1
24
13
1
11
7
3
22
6
36
8
5
54
4
4
3
1
1
2
17
19
16
15
2
2
34
27
2
6
2
1
1
8
1
4
1
49
1
12
4
5
5
8
3
13
26
19
1
23
3
49
2
18
1
1
1
2
1
2
3
2
6
3
2
1
3
12
73
16
16
1
13
7
13
7
3
2
1
7
1
7
8
25
4
4
34
2
1
1
1
1
1
1
11
10
1
4
9
1
9
28
1
7
7
8
1
8
136
2
2
25
19
1
3
18
69
2
1
2
16
1
8
2
8
33
16
42
28
1
3
5
20
4
18
1
12
3
3
54
157
11
8
1
2
3
1
2
2
20
1
6
3
3
26
3
9
6
5
3
1
15
2
5
64
22
2
11
9
4
3
19
1
1
5
2
43
54
3
2
4
5
3
33
3
2
1
2
93
4
47
2
1
1
1
1
24
4
3
7
15
7
18
69
2
15
11
7
1
9
3
1
2
13
19
1
1
20
13
1
4
34
2
1
1
4
7
2
40
4
22
26
35
4
2
1
9
17
1
2
2
1
39
61
2
13
5
5
5
6
1
6
4
1
6
3
54
36
4
41
4
2
7
8
4
2
9
3
8
12
20
1
19
1
7
2
2
2
1
47
29
12
4
4
1
2
2
36
2
7
1
22
1
8
2
11
92
61
3
13
2
1
3
3
8
16
1
22
2
3
1
3
9
4
27
17
1
14
5
18
2
13
2
1
8
2
4
4
2
1
3
1
2
28
9
1
35
1
3
4
9
2
4
1
26
9
21
4
2
15
5
14
26
5
2
2
3
1
1
6
12
3
1
6
5
2
5
4
2
9
3
16
44
14
8
2
1
11
2
2
20
17
11
1
1
9
1
27
2
2
2
6
1
1
2
5
2
75
2
2
2
1
1
9
3
4
14
5
4
68
14
1
61
3
6
1
54
1
46
5
18
2
6
5
2
13
6
5
10
2
1
5
6
6
1
13
1
7
29
7
1
3
9
8
2
3
2
2
5
3
29
14
3
8
2
11
1
2
5
2
2
3
4
6
2
13
16
2
11
5
1
17
3
1
1
91
3
1
17
5
15
15
2
13
18
2
5
6
2
1
8
40
60
39
3
92
2
3
47
1
23
19
3
32
64
2
13
3
3
4
2
1
69
30
2
17
1
1
2
6
1
8
14
19
5
5
1
66
3
3
3
1
4
62
1
6
1
60
30
12
41
1
14
1
4
1
1
1
31
18
10
57
1
3
4
3
1
2
3
26
1
38
20
5
36
8
1
5
8
19
3
45
1
2
3
17
8
68
4
16
2
4
5
2
13
24
1
26
2
4
2
3
18
1
27
74
8
24
3
5
47
1
5
1
58
1
21
13
5
3
7
28
12
4
1
16
1
29
2
5
1
5
22
1
13
31
3
7
3
2
17
3
3
2
17
1
1
1
5
23
1
2
2
3
6
5
10
4
4
2
3
6
1
8
27
1
14
17
6
7
61
20
4
2
1
4
1
30
17
26
22
3
8
1
18
1
4
8
4
1
4
27
1
11
9
1
6
6
2
2
3
1
14
8
15
75
5
3
6
10
55
14
16
3
3
4
48
3
14
5
26
5
2
43
1
4
6
8
1
1
11
1
1
43
1
1
37
8
1
10
1
6
5
27
18
11
2
6
1
1
36
3
1
47
1
3
18
8
13
5
7
10
1
1
3
20
6
4
4
3
2
1
1
5
47
16
16
3
70
2
11
9
1
2
2
39
24
2
31
1
1
2
8
12
17
3
12
1
1
7
66
36
6
2
6
53
2
2
1
5
3
12
2
1
1
11
7
4
8
2
9
12
38
5
15
20
13
2
2
13
13
22
1
1
12
3
1
3
1
3
5
8
7
1
3
49
18
26
2
8
4
4
14
10
19
16
4
32
7
7
2
7
5
12
16
29
1
18
110
19
22
4
7
