1
11
2
10
8
5
2
76
1
5
5
18
3
1
15
1
42
23
26
125
7
36
4
4
12
1
5
1
1
3
3
15
3
3
5
1
30
4
1
19
3
31
2
2
1
4
2
2
13
3
9
1
1
3
4
8
8
36
4
13
17
1
2
8
30
1
10
2
24
8
7
4
21
6
5
31
56
1
1
3
4
2
6
2
5
2
9
1
3
19
3
1
2
4
2
31
1
11
1
2
1
18
5
2
46
13
24
2
49
7
10
55
1
2
8
2
1
6
5
4
8
4
1
1
7
4
13
1
2
91
12
11
2
4
1
3
4
5
13
1
2
1
16
12
42
3
1
33
22
33
5
2
26
1
3
6
14
2
5
10
34
2
1
25
19
4
22
12
3
41
1
2
3
4
1
15
9
19
3
4
4
13
15
62
9
25
2
2
5
3
2
12
12
37
11
2
3
2
2
5
4
15
12
4
2
1
21
4
2
12
8
1
3
2
15
9
1
1
2
2
3
1
1
1
14
5
5
13
8
1
51
2
2
3
41
42
10
1
2
5
5
2
11
1
15
1
2
2
11
2
38
15
10
2
4
7
1
9
1
44
2
7
1
19
22
22
4
2
6
99
6
6
2
17
1
5
33
110
1
2
3
5
49
6
73
3
2
1
4
6
1
1
1
1
4
38
2
31
1
7
5
59
8
1
3
1
54
35
8
5
31
11
2
15
9
17
7
48
2
11
24
1
29
20
3
7
1
1
7
5
1
11
3
3
4
8
3
40
5
9
1
71
19
2
105
5
5
4
2
7
18
52
5
1
3
2
3
7
2
5
14
2
12
8
5
2
31
1
5
112
5
3
13
7
2
3
1
10
13
8
1
6
2
22
19
18
11
4
25
19
16
61
2
3
8
1
4
4
3
7
16
22
27
35
44
21
9
8
1
31
2
1
10
4
2
3
2
5
1
1
99
4
2
9
4
1
1
54
1
11
5
3
84
4
2
2
12
5
21
1
2
4
8
2
1
1
10
1
5
3
10
9
1
3
1
12
22
3
2
33
16
1
1
7
4
104
2
3
43
1
1
2
6
3
2
22
113
4
30
26
2
3
6
33
8
18
2
9
6
30
5
17
4
3
28
18
1
53
2
10
8
25
1
2
1
1
15
21
6
11
2
4
8
94
31
2
17
89
4
2
62
4
69
1
5
2
3
24
40
2
16
13
14
11
37
1
1
21
30
15
1
13
3
5
5
7
4
3
2
3
15
7
1
8
10
1
16
29
2
1
15
1
26
1
41
1
13
4
1
4
17
6
11
2
4
12
1
26
14
9
3
5
8
11
14
1
24
1
10
43
3
2
49
1
5
3
1
27
26
4
3
1
1
66
3
1
11
12
11
21
11
7
51
18
50
6
20
4
28
5
6
5
3
3
3
4
1
3
5
22
6
1
2
4
1
1
60
2
5
1
2
3
6
4
9
16
7
5
7
2
3
1
3
5
3
5
11
2
1
1
90
7
1
5
1
43
33
4
19
24
10
13
1
2
4
1
1
2
117
4
9
12
4
26
3
11
1
5
18
7
13
1
1
7
3
1
2
11
34
4
100
5
1
44
2
64
27
16
17
1
24
35
10
10
18
10
14
3
2
18
2
3
1
3
8
15
21
3
56
10
3
3
16
2
23
4
96
2
4
38
2
1
4
6
23
1
2
31
9
16
2
1
21
1
5
4
17
2
1
7
7
12
31
1
2
31
2
18
10
37
6
6
83
6
16
2
1
2
16
30
57
2
5
52
1
14
1
3
51
1
28
2
1
16
6
11
2
75
10
4
4
2
3
63
5
34
4
6
3
52
7
88
2
3
25
7
34
17
3
13
5
1
22
2
6
13
33
4
9
1
4
9
36
1
2
10
2
60
1
5
2
3
1
1
5
40
2
32
1
5
19
2
30
1
8
2
1
9
5
2
40
33
95
1
2
10
2
13
1
1
2
1
26
1
102
26
3
16
4
1
3
4
41
1
4
31
12
2
2
3
8
19
9
10
8
1
15
3
18
10
30
1
3
10
20
6
45
51
16
13
9
13
19
2
5
3
1
1
6
2
2
34
24
16
23
1
41
6
20
1
1
1
2
5
15
4
4
5
3
18
20
7
7
1
9
27
2
14
42
15
1
99
28
10
19
4
29
2
3
1
34
70
13
12
7
2
3
12
7
12
3
1
6
7
2
41
9
2
9
15
102
6
20
1
11
1
3
1
3
16
15
49
48
53
3
8
9
2
2
24
2
2
2
9
2
4
1
5
10
4
20
2
3
16
8
2
3
6
9
3
1
8
19
2
6
9
40
2
23
2
5
30
6
4
3
40
39
1
1
1
4
2
3
2
37
2
82
15
14
13
1
4
2
2
12
72
77
1
1
1
19
15
5
21
5
1
2
2
8
5
22
3
10
8
2
13
28
12
6
23
2
2
2
7
21
2
7
22
13
2
45
2
1
57
2
3
2
25
1
47
3
2
1
5
3
3
2
21
11
7
10
58
87
3
11
1
2
3
32
5
56
67
33
31
9
7
6
1
9
40
3
6
1
2
27
3
3
17
2
14
26
14
2
5
14
5
8
1
16
2
4
4
5
26
3
2
1
4
4
2
7
52
8
59
11
17
5
27
1
4
18
2
6
18
3
4
1
4
6
18
1
1
3
19
11
1
3
15
29
4
2
2
79
24
15
5
31
14
35
7
2
8
13
12
4
4
9
1
42
1
1
2
4
2
2
68
3
14
1
2
2
3
18
25
27
3
2
1
1
1
4
1
1
1
3
1
16
7
9
11
6
1
2
76
2
5
23
2
17
1
1
6
5
1
14
1
38
3
1
4
10
1
12
13
2
2
9
1
36
1
14
13
1
1
3
7
14
16
21
19
36
1
20
8
83
11
2
3
15
1
1
2
2
8
18
3
