4
72
5
2
1
1
354
29
3
46
31
1
80
41
426
482
30
50
31
97
138
8
478
29
331
98
86
744
11
3
161
1
326
13
84
102
107
16
5
5
3
13
86
7
80
38
97
456
382
235
117
133
403
29
65
544
1
91
126
2
440
77
39
18
24
1
30
41
18
15
4
23
1
4
105
3
18
1
159
13
7
7
55
21
1
17
114
92
1
394
17
119
35
2
23
2
1
271
165
99
222
3
42
72
4
19
19
53
69
65
60
5
2
303
133
4
650
27
91
100
52
114
669
4
11
283
6
9
41
46
74
452
8
33
4
7
4
34
35
7
12
77
53
20
14
54
9
183
1
16
464
15
50
152
3
19
68
468
1
77
4
246
8
5
50
20
1
133
16
11
2
38
247
22
134
11
28
52
67
7
49
5
197
59
1
1
298
78
46
2
352
80
151
100
169
23
71
75
150
2
1
7
38
6
1
38
109
332
1
1
98
118
13
174
326
72
63
365
26
4
19
12
45
8
106
5
548
186
24
1
103
111
1
206
464
36
47
331
3
210
4
6
367
106
11
6
5
1
60
80
49
46
147
9
3
2
8
1
28
4
36
2
199
4
718
8
193
94
5
7
50
21
26
5
3
286
3
140
14
35
8
6
27
10
10
44
335
1
14
2
21
59
117
415
104
7
2
9
120
10
7
484
139
14
4
65
5
50
101
136
1
1
1
1
1
1
1
59
1
1
1
1
1
1
3
5
1
2
12
3
1
1
1
1
1
1
5
1
2
1
1
2
1
1
1
6
32
9
2
1
38
1
1
1
1
3
1
1
1
1
1
3
6
7
8
1
2
10
2
26
1
5
3
2
1
5
1
1
1
7
1
4
1
59
2
98
3
4
1
1
4
1
2
11
2
5
1
1
1
1
7
1
2
14
2
2
3
1
1
2
1
3
1
1
1
2
1
1
5
1
7
1
3
2
1
1
2
1
11
2
21
1
1
1
1
1
4
7
82
4
92
2
1
1
3
2
2
1
64
1
10
2
30
8
1
1
1
1
2
1
11
1
4
1
10
2
1
106
3
1
13
1
1
1
8
1
10
5
49
2
1
1
27
39
65
11
12
75
19
7
15
36
11
59
2
43
4
2
1
1
18
2
2
90
7
4
6
1
6
15
21
6
2
16
1
1
1
1
1
6
1
3
1
1
1
3
3
4
2
2
1
7
42
1
11
32
5
6
3
2
1
1
1
4
18
1
1
1
2
2
1
1
1
1
16
1
1
1
1
1
1
1
6
1
1
1
1
5
1
1
2
1
1
1
1
1
1
1
2
1
2
1
1
1
1
38
1
7
1
2
1
1
2
1
2
1
1
1
1
2
7
1
1
1
12
1
1
1
4
1
2
2
1
1
11
1
1
1
1
2
1
18
34
1
1
1
1
1
5
1
1
101
4
1
2
4
1
2
1
1
3
3
3
3
10
4
1
1
1
4
11
1
3
2
7
1
1
1
2
62
1
5
28
5
2
1
1
1
1
1
1
1
1
1
1
5
2
1
2
1
3
1
7
1
1
1
1
1
7
1
3
2
1
5
1
1
9
4
2
2
9
3
1
1
3
1
3
1
1
2
13
11
37
2
1
1
4
1
1
2
2
1
2
1
10
22
18
1
6
14
10
66
2
1
1
1
1
1
1
1
1
2
1
1
3
1
4
2
1
1
1
1
1
1
1
1
1
1
1
1
1
1
1
18
2
1
1
227
3
1
5
6
1
1
2
3
1
9
1
2
1
4
5
2
2
2
12
1
1
10
1
1
3
2
2
6
9
1
1
15
1
47
3
8
5
2
1
12
2
1
1
94
1
2
3
1
1
1
12
1
3
1
1
1
1
1
1
4
1
1
1
3
2
2
6
5
1
1
1
1
2
3
4
1
1
1
2
1
93
1
4
52
1
1
1
1
4
34
89
1
1
1
1
1
20
1
2
1
1
4
1
75
22
4
15
2
126
1
7
1
3
1
2
1
1
2
5
2
2
98
9
3
10
11
3
2
37
2
25
4
1
2
2
23
1
4
1
7
8
1
2
4
1
1
1
7
1
1
64
5
1
1
2
8
14
1
48
150
1
99
36
9
3
2
46
1
1
10
3
1
2
1
2
1
2
1
2
1
3
2
3
4
1
3
1
2
5
4
1
60
50
1
3
2
26
50
6
1
4
335
75
1
7
5
5
1
1
36
2
46
30
18
31
7
1
2
45
2
411
4
67
10
1
1
5
2
1
7
1
3
1
2
134
1
2
1
1
25
1
1
6
18
1
1
1
5
1
1
144
2
1
5
1
1
9
4
1
20
1
3
1
4
1
1
1
1
5
3
22
1
1
1
2
1
1
1
1
1
6
1
1
1
2
5
1
1
1
1
1
3
1
1
5
14
2
1
5
1
1
1
16
1
3
1
1
1
3
2
23
3
2
18
15
5
1
6
1
3
2
54
32
8
2
1
1
33
1
2
12
33
1
1
1
5
8
1
1
3
4
3
4
1
1
3
2
4
2
3
2
12
9
47
1
4
1
9
1
1
1
1
1
1
18
2
6
2
1
1
9
4
1
2
4
2
2
1
24
1
7
6
24
1
1
13
1
2
2
23
2
1
33
16
1
1
2
1
1
2
1
1
2
2
2
1
1
1
7
1
4
1
6
1
1
1
1
19
4
1
1
1
1
1
2
1
1
1
1
1
3
1
1
5
2
1
4
23
1
12
2
1
3
39
5
70
1
5
1
1
3
2
1
3
6
1
3
249
1
10
2
1
1
1
1
1
1
2
5
7
3
1
1
1
1
1
1
1
9
2
8
5
2
1
1
1
1
1
2
1
2
2
1
1
5
1
4
1
3
2
1
2
2
3
2
1
5
1
89
105
24
16
1
4
3
1
1
1
1
2
1
1
1
1
1
6
2
6
1
1
1
1
5
2
1
1
1
1
1
1
1
2
1
1
7
18
1
2
3
1
1
1
2
1
2
1
1
3
1
2
1
2
2
1
1
2
2
1
1
2
1
1
2
2
2
1
2
5
2
4
2
1
1
8
1
5
2
13
1
2
2
1
7
1
3
2
7
3
1
1
2
4
4
3
1
1
10
2
1
1
1
3
1
4
2
13
47
5
1
2
1
2
1
1
1
1
2
1
3
1
3
12
6
1
1
1
1
2
1
1
1
1
1
1
4
2
2
1
3
1
8
1
1
1
2
2
6
2
1
6
11
1
1
1
3
1
1
1
7
1
1
3
19
1
1
1
1
1
1
7
50
1
1
1
1
1
2
1
2
9
16
1
4
1
1
4
28
3
2
9
1
12
1
1
20
2
11
4
14
9
7
2
1
2
4
21
9
1
1
1
9
1
4
1
3
1
11
36
1
1
2
1
1
1
1
1
2
2
3
4
1
1
34
3
3
1
1
1
2
1
7
2
1
2
3
6
1
1
3
1
1
1
15
5
3
4
1
1
3
3
1
1
1
1
1
2
1
2
1
2
2
4
3
2
1
5
13
1
2
1
1
5
11
9
12
1
3
3
1
1
1
1
3
1
205
1
4
1
1
1
1
1
3
78
1
4
3
4
1
1
1
2
1
5
2
1
1
1
5
1
5
4
1
1
38
1
1
1
1
1
17
1
1
1
5
2
1
8
1
2
2
1
3
184
2
2
2
1
2
1
2
4
1
5
6
1
2
3
1
1
1
1
2
2
1
2
1
3
1
1
1
1
1
3
2
1
2
1
1
1
3
3
5
4
80
1
1
1
1
2
1
1
1
1
1
1
1
1
1
10
2
24
1
1
1
23
1
1
2
1
1
1
2
1
2
1
1
1
1
1
1
3
5
2
3
1
1
3
2
2
3
1
2
1
1
1
1
1
1
2
2
1
1
2
6
2
87
1
1
4
1
2
1
2
16
1
1
1
3
1
3
1
1
1
1
121
1
42
1
1
1
1
1
2
71
2
7
1
1
1
33
1
4
1
1
1
1
1
1
2
1
1
1
2
1
2
1
3
1
3
1
12
1
2
2
1
1
1
2
3
1
2
1
1
1
1
4
1
1
7
1
1
5
1
1
1
2
1
1
13
3
1
1
1
2
1
1
1
1
1
1
1
1
1
1
7
2
2
2
3
1
2
1
1
7
1
1
1
1
3
4
6
19
2
1
1
1
73
8
1
1
1
1
5
3
1
1
5
3
1
1
1
3
2
5
3
4
1
1
2
11
1
1
52
1
3
1
7
1
5
1
2
1
3
33
1
6
1
7
1
1
34
8
12
4
1
22
1
1
2
1
1
1
2
3
17
3
65
2
2
1
1
3
41
1
14
1
1
4
9
6
1
1
1
2
10
1
8
4
3
1
17
1
121
1
29
2
19
8
1
8
10
8
5
20
5
1
16
3
3
13
2
1
12
9
2
9
2
12
3
4
19
4
6
9
1
3
1
1
2
4
43
26
1
2
1
5
24
2
9
1
4
2
5
6
4
4
18
1
1
17
17
11
47
16
2
3
1
1
6
2
1
1
13
11
2
19
2
2
3
1
1
1
3
22
2
12
1
1
1
3
1
1
1
1
5
1
3
1
5
2
3
1
1
2
467
5
103
1
2
2
7
3
1
12
3
5
6
44
5
2
1
8
7
4
1
3
3
1
1
1
5
6
13
12
4
2
1
1
3
2
3
1
1
15
2
11
1
1
1
70
11
1
1
1
5
1
9
47
6
1
2
1
2
1
4
1
1
1
1
1
1
1
1
1
1
1
1
1
2
1
1
1
7
116
8
6
4
3
3
2
1
1
1
9
58
7
1
3
13
6
2
13
8
3
1
2
1
1
7
2
5
1
2
3
20
8
2
3
2
1
1
1
7
1
17
2
1
3
1
1
1
7
1
3
5
18
3
1
134
4
1
9
5
3
1
2
37
1
6
3
3
4
3
1
1
1
1
1
1
4
6
64
1
5
1
1
1
2
13
3
7
22
44
3
1
24
2
1
32
3
1
1
26
1
1
14
1
6
4
2
1
2
8
2
4
1
37
5
1
1
27
9
6
25
1
1
4
12
2
4
10
1
3
2
5
1
3
3
1
2
1
1
5
1
1
3
4
1
6
6
1
2
1
1
1
1
7
1
1
16
115
5
1
1
17
2
2
2
6
5
1
8
2
1
1
1
2
9
1
71
13
1
1
3
2
1
2
1
4
1
78
2
23
37
11
3
79
1
52
1
1
1
1
1
3
2
1
54
1
5
1
1
1
1
1
5
12
4
1
201
1
1
3
1
5
1
4
1
77
11
5
1
1
13
1
18
1
1
1
1
1
8
1
2
363
1
1
4
1
5
5
1
1
1
1
7
77
1
1
1
1
1
1
131
54
18
12
5
11
2
1
1
1
1
1
1
1
32
24
1
1
2
1
1
11
12
4
11
3
1
4
1
1
1
2
8
4
2
2
4
10
139
1
5
4
1
4
2
10
1
1
2
2
17
2
2
1
1
32
1
8
9
1
2
1
1
1
1
1
2
2
4
1
24
2
37
5
5
6
8
8
1
13
1
317
121
28
22
44
1
1
1
3
1
1
1
1
5
1
1
1
1
5
19
1
2
3
8
119
1
3
2
4
1
9
1
4
1
1
8
3
2
2
1
1
5
1
2
5
1
2
1
5
1
2
1
1
2
1
5
2
5
1
1
2
1
1
6
85
3
1
1
1
1
15
35
2
5
1
1
1
1
12
2
10
2
2
2
2
1
1
1
1
2
1
1
112
2
1
1
1
1
2
8
3
18
2
1
1
15
2
9
1
4
5
4
2
9
14
1
1
173
114
16
292
1
1
2
3
1
5
5
1
1
1
35
5
3
3
2
1
4
1
1
9
6
1
2
11
2
1
1
11
1
1
1
1
1
1
27
1
40
1
1
1
9
5
1
1
1
44
3
1
12
1
7
1
1
1
7
1
2
2
3
11
1
1
2
1
1
1
5
35
1
10
32
3
7
1
2
4
5
2
19
9
9
9
1
2
8
4
5
3
5
2
2
2
8
1
2
2
4
1
2
9
11
17
9
11
4
42
1
3
1
13
1
3
2
3
2
2
1
5
373
1
1
1
1
1
10
2
1
5
4
1
5
3
1
1
5
2
1
7
10
1
1
1
1
9
2
6
13
6
5
6
8
1
7
1
3
1
4
1
9
21
1
1
75
38
1
1
1
36
3
4
1
1
2
4
5
3
2
1
1
7
9
1
1
9
1
1
1
22
6
7
1
10
5
8
4
28
6
1
1
1
1
1
1
2
5
1
1
2
1
1
1
8
1
1
4
1
28
5
17
56
2
74
7
4
1
43
1
1
12
39
5
19
16
1
42
1
1
5
18
2
1
66
16
73
1
2
238
8
90
1
1
14
14
4
14
15
1
23
2
2
1
1
2
1
1
1
31
1
1
1
4
1
1
34
8
4
3
4
1
1
3
1
1
1
1
1
1
1
1
1
7
12
3
1
2
12
6
1
4
1
1
1
2
2
9
4
1
17
5
2
15
3
1
1
2
1
1
5
5
1
2
50
1
1
4
1
2
2
1
5
1
1
3
1
2
1
2
1
1
1
3
1
1
1
3
29
1
1
1
1
28
4
6
8
1
40
1
1
13
2
1
1
1
1
1
9
47
3
7
5
28
105
5
1
76
111
18
50
7
2
1
16
1
1
4
90
53
2
8
1
2
2
2
1
4
5
2
1
8
17
1
11
1
1
1
1
2
8
5
3
1
70
1
6
3
1
2
1
1
3
2
1
6
1
1
16
2
1
1
41
1
1
11
1
1
1
1
1
1
14
1
1
4
1
2
1
5
6
29
4
1
1
3
1
1
1
1
13
13
1
1
1
1
31
3
3
13
1
2
5
1
1
1
17
12
49
5
14
251
59
1
4
14
27
50
1
1
1
2
11
3
2
15
7
4
1
33
6
4
7
9
5
1
45
2
40
3
1
1
3
1
1
10
2
1
1
2
1
6
1
6
14
1
1
6
7
1
5
4
2
1
1
3
2
1
7
1
2
1
1
4
1
4
3
2
1
1
4
10
1
1
1
2
1
2
19
1
4
3
9
16
1
12
9
6
2
2
1
1
5
1
1
2
1
3
40
3
2
1
4
25
9
12
1
1
3
1
1
2
1
2
2
1
2
1
1
2
1
34
18
11
1
5
1
7
16
9
13
2
4
27
5
3
3
1
5
1
1
2
1
1
1
20
17
1
1
1
5
2
1
4
1
4
1
5
1
1
2
9
1
1
1
16
7
1
3
1
1
1
14
2
1
1
2
1
2
1
1
199
4
1
1
6
4
1
9
160
1
6
24
3
3
2
1
1
1
2
2
1
7
2
10
4
1
2
49
1
2
6
2
1
136
108
2
5
15
8
8
2
2
73
353
286
1
1
2
3
2
3
7
1
1
2
1
1
2
1
1
1
1
47
150
7
2
4
2
8
2
1
1
13
4
1
1
2
1
1
1
90
1
7
5
2
2
4
1
1
8
1
1
1
12
3
1
1
1
9
1
1
1
1
1
2
55
9
1
1
1
1
2
2
1
1
60
1
1
1
2
1
24
20
11
101
101
6
1
3
4
1
1
1
4
1
19
1
1
15
1
2
10
47
17
2
53
14
1
7
9
137
29
4
1
9
9
1
1
15
10
1
1
1
2
1
2
8
4
1
1
1
6
2
10
1
4
2
19
1
1
3
1
1
1
1
2
53
11
1
1
1
1
3
39
81
1
1
1
1
3
3
1
1
1
1
2
1
124
1
1
1
146
33
1
1
1
1
1
1
19
1
2
2
1
1
2
2
1
1
2
1
1
10
3
1
1
1
1
1
1
1
1
9
1
86
1
1
10
1
5
2
2
1
1
1
1
1
14
1
19
4
328
7
3
27
3
3
1
1
1
484
44
2
1
5
74
4
1
5
1
2
206
1
9
1
13
6
3
6
1
12
22
3
1
1
1
6
14
1
52
6
6
15
1
2
1
2
43
8
21
1
44
31
3
28
140
2
43
1
1
213
81
2
1
2
6
1
2
70
1
2
10
1
1
2
1
3
2
2
1
10
1
5
4
1
1
1
5
5
3
1
1
1
1
2
10
2
23
1
1
1
1
5
1
1
1
12
1
1
2
1
10
10
8
2
2
1
1
1
15
2
1
2
2
2
1
1
2
14
7
11
7
37
71
1
2
5
29
1
20
6
10
1
2
2
5
193
326
1
1
7
3
1
9
46
10
183
1
21
1
24
11
7
23
6
1
9
8
4
6
1
1
1
9
7
48
7
1
1
6
2
45
1
1
2
1
1
2
6
2
1
1
1
11
2
2
1
4
1
1
1
1
1
5
1
2
11
5
20
1
3
18
1
1
10
18
3
1
1
1
16
2
1
1
1
155
2
2
25
70
1
3
3
1
4
18
35
74
4
6
1
1
19
3
6
12
6
1
5
24
66
98
106
1
35
7
1
4
2
1
14
1
1
63
1
3
14
1
1
4
1
1
461
17
1
12
7
120
1
1
2
3
1
1
25
1
3
1
1
1
1
5
1
1
27
1
4
5
3
1
3
11
5
1
4
1
1
3
2
3
10
27
6
23
23
2
3
1
1
1
1
21
36
1
4
1
59
1
1
1
1
1
1
11
1
1
2
5
1
2
1
1
7
4
4
186
21
2
2
6
5
1
2
5
93
1
79
10
1
3
1
7
1
1
31
67
8
1
1
5
1
1
3
5
1
1
1
1
3
22
1
1
1
1
33
1
4
1
1
1
9
1
1
1
1
3
1
1
1
12
1
1
2
1
4
1
2
2
2
1
1
1
1
1
3
1
1
5
4
1
1
1
1
1
2
1
1
1
1
1
2
1
5
1
1
5
1
1
1
78
1
1
1
24
1
2
1
6
3
1
1
1
1
1
1
2
3
2
5
3
1
1
3
1
1
1
1
1
3
1
1
3
4
1
1
1
1
2
1
1
1
1
1
1
4
1
1
1
1
1
1
1
1
1
5
1
15
3
3
1
4
22
69
4
17
9
55
2
8
5
1
3
2
18
1
121
63
30
1
1
1
1
3
4
1
1
1
1
1
1
1
1
7
1
1
4
1
1
1
1
1
2
3
1
1
1
1
1
1
1
25
2
1
1
1
6
1
1
5
69
1
1
2
114
34
1
2
6
2
1
6
1
1
2
4
11
1
1
2
104
1
1
321
2
1
2
1
9
6
7
9
4
26
3
2
2
36
23
1
1
1
3
26
2
10
3
2
1
1
1
2
26
36
3
1
1
1
1
2
6
2
2
3
1
8
2
1
1
2
2
7
1
1
19
2
1
2
5
5
2
1
1
9
34
4
1
1
1
7
3
2
31
103
5
2
2
1
1
1
2
1
1
1
1
10
2
1
9
2
1
1
1
1
1
2
9
1
1
1
1
1
2
2
39
1
2
1
1
8
3
1
1
1
2
1
33
1
399
1
6
1
2
1
1
2
1
102
2
2
1
1
1
1
1
1
1
1
2
2
1
2
1
1
37
10
1
1
2
1
16
4
1
6
3
2
2
1
1
1
1
1
1
1
2
5
1
17
1
1
1
1
2
1
1
1
26
1
6
1
1
1
3
1
2
1
2
3
2
1
4
10
10
1
3
40
1
4
8
2
1
1
1
7
3
1
7
1
1
5
1
2
1
1
3
5
1
3
3
43
2
1
2
1
4
6
1
1
1
3
3
2
1
5
25
4
1
3
1
2
1
2
1
2
51
1
2
1
2
1
1
1
1
3
1
1
1
1
2
8
1
1
4
1
1
1
15
1
1
2
1
13
2
1
1
1
1
2
2
4
10
4
1
1
1
2
20
166
1
3
20
1
1
1
1
2
1
1
1
1
1
1
1
2
1
1
1
1
1
2
1
4
1
29
1
10
253
1
2
1
4
1
1
1
1
1
1
36
7
1
1
1
3
3
1
1
1
3
7
1
1
1
9
1
3
1
1
4
4
3
1
1
1
1
6
11
11
1
1
1
2
1
24
1
1
1
3
1
15
1
1
17
3
1
1
4
4
7
2
3
1
1
1
21
14
18
7
3
27
1
11
3
1
1
2
1
10
2
1
1
1
1
1
1
1
2
2
1
1
1
9
1
1
2
1
1
5
1
53
33
3
1
37
3
114
1
2
1
1
1
1
1
1
1
2
1
1
1
1
1
2
5
1
1
1
1
1
2
1
1
113
1
1
2
3
28
14
1
1
7
1
3
2
2
2
3
9
2
5
1
30
1
2
1
1
1
2
1
1
3
1
1
1
4
2
1
1
1
1
1
1
1
1
6
2
1
3
1
1
23
1
2
1
1
1
1
1
4
1
2
1
2
3
1
1
1
3
1
7
1
1
1
1
1
1
2
27
12
6
2
1
6
1
1
1
1
2
3
7
1
2
1
1
3
1
2
2
1
2
112
59
1
1
1
1
2
1
3
1
1
1
11
3
1
13
25
3
4
10
2
2
4
1
2
1
6
1
12
1
1
30
142
2
60
14
1
1
9
19
2
8
1
1
1
1
43
1
3
1
1
22
2
1
1
1
4
1
2
1
1
4
1
1
1
2
1
12
1
128
2
1
5
1
1
1
2
1
2
4
2
2
1
2
1
1
1
27
1
1
1
1
1
1
1
1
2
1
1
1
1
1
1
19
1
1
1
1
6
1
1
2
1
1
5
1
3
1
2
1
1
1
1
2
1
3
1
1
1
1
1
6
35
9
2
78
15
2
12
63
2
1
2
1
2
1
2
13
1
2
1
1
1
2
1
1
2
2
1
1
1
4
3
1
1
1
5
3
2
7
1
1
3
3
1
59
1
1
1
1
1
17
1
9
2
1
29
3
1
2
1
1
1
1
3
2
1
1
7
1
1
1
1
1
6
1
2
1
2
1
1
1
1
8
3
1
1
2
1
2
1
1
1
1
89
1
47
36
2
12
51
1
55
8
1
1
1
3
1
11
1
13
2
4
1
3
1
1
14
1
1
1
24
1
2
2
1
1
1
1
1
2
4
1
1
1
1
1
1
12
1
1
2
2
2
1
3
1
2
2
1
1
1
1
2
26
3
7
5
44
13
2
74
3
361
1
18
1
1
1
3
1
15
1
3
2
1
5
2
1
1
1
31
1
8
39
14
28
19
1
2
1
1
1
1
2
5
1
5
2
2
1
1
1
9
1
2
2
4
1
1
119
1
7
3
6
1
4
2
11
1
1
2
2
1
31
1
1
1
7
1
1
2
1
15
1
1
2
2
3
7
1
1
4
1
5
1
1
1
2
1
1
1
1
2
2
4
178
18
1
1
1
1
3
1
18
1
1
1
1
1
1
1
1
1
115
1
2
1
1
1
1
1
1
1
1
1
1
1
4
1
1
1
2
1
1
1
6
1
1
1
3
1
1
1
1
1
1
4
1
1
1
1
5
1
1
1
1
2
1
1
1
1
11
6
6
1
1
2
27
4
1
1
1
2
8
1
1
1
1
1
1
1
2
1
1
2
1
2
1
1
2
14
1
1
1
2
1
104
1
1
1
500
1
1
5
41
1
1
47
1
1
4
1
1
1
1
4
1
2
1
1
12
1
1
1
1
2
1
3
1
4
2
1
1
1
1
2
1
1
1
2
3
3
3
1
2
2
1
8
1
1
1
1
1
9
2
1
1
1
1
5
1
1
7
1
1
6
1
1
2
33
11
2
2
5
1
1
2
1
2
1
1
1
1
6
2
4
1
1
1
1
98
1
2
1
2
6
2
2
1
9
16
4
3
3
7
9
3
316
10
7
3
3
1
8
1
3
17
1
4
1
1
3
1
9
54
14
1
3
2
65
6
1
1
1
17
2
10
1
1
1
6
1
1
4
2
1
1
1
59
1
1
1
1
2
1
1
2
2
4
1
36
1
4
188
198
116
20
1
1
1
1
1
1
4
2
1
2
1
1
1
1
1
16
1
2
76
123
1
1
1
9
1
1
3
7
2
4
1
2
2
3
1
7
1
1
4
1
1
1
1
1
2
1
2
1
1
1
2
2
1
1
2
1
1
3
24
1
1
5
1
1
1
1
1
3
1
1
1
6
1
1
1
1
1
1
5
1
2
2
2
7
1
2
1
1
1
1
1
1
1
1
1
2
1
1
6
13
99
17
1
2
1
1
1
2
24
2
17
10
2
1
1
2
6
4
1
1
2
1
2
2
1
1
6
2
1
1
1
1
1
54
7
20
1
3
3
1
1
1
1
1
1
1
1
1
1
6
1
1
1
3
1
1
8
77
20
2
3
1
17
18
2
3
1
2
1
1
1
1
1
47
1
2
1
1
1
1
2
3
1
1
1
1
15
1
1
1
8
1
1
1
1
1
1
1
38
3
1
4
2
2
4
1
5
5
1
12
6
1
1
3
2
5
56
4
1
1
1
1
4
4
1
1
1
3
1
1
12
1
10
217
28
1
1
1
1
7
8
2
1
1
1
1
1
17
1
10
1
4
3
6
1
1
1
3
1
2
2
1
1
1
1
1
1
1
1
6
24
1
1
1
1
21
2
1
2
4
2
1
1
1
1
1
2
1
1
1
1
1
1
5
1
1
1
2
1
1
1
1
1
2
1
3
1
3
2
1
1
1
2
2
12
1
1
4
36
2
1
1
1
4
1
1
2
3
1
2
6
6
1
1
1
9
2
4
1
1
1
4
15
1
1
1
1
1
2
1
1
2
1
1
1
2
5
6
9
8
1
1
1
16
41
1
1
1
2
1
2
5
1
1
1
1
2
3
1
7
1
82
1
1
5
1
1
1
5
1
2
1
1
1
2
4
1
1
11
27
6
4
1
8
10
1
1
2
1
1
1
1
1
1
1
7
4
1
2
3
1
159
11
1
3
1
86
354
1
12
1
1
1
1
3
1
3
2
1
2
1
1
2
1
4
1
2
1
4
136
438
2
10
5
1
11
5
21
2
1
1
259
1
14
4
1
14
2
1
1
8
1
1
2
1
1
2
1
1
2
3
1
1
1
1
2
1
1
2
1
1
94
21
1
10
1
2
1
4
9
2
1
1
1
45
8
14
1
2
1
46
75
1
2
1
1
2
2
3
11
3
2
1
1
2
14
47
1
2
442
1
1
1
198
1
1
1
2
1
2
1
1
1
5
1
4
8
1
1
2
1
1
3
5
1
1
1
1
1
2
4
1
1
1
1
1
1
2
10
6
2
9
1
1
1
1
1
2
1
1
2
22
6
10
1
1
1
1
1
8
1
1
34
6
1
1
2
1
54
3
2
2
1
2
1
1
1
1
1
16
6
1
2
9
5
3
2
7
1
2
18
1
1
1
1
5
1
5
1
35
4
14
1
1
24
1
1
14
72
385
3
8
1
1
1
2
2
2
1
12
1
1
29
1
1
1
1
1
1
1
1
4
1
1
1
3
76
1
1
1
1
2
3
1
1
2
1
1
1
1
6
1
47
1
13
2
1
1
1
2
2
1
1
1
1
5
1
2
1
3
1
1
4
1
1
1
1
1
2
9
3
1
1
1
1
1
1
3
1
1
1
1
1
1
1
2
1
1
1
1
4
1
5
1
1
1
1
1
4
1
1
1
1
1
1
2
8
4
1
2
1
1
1
1
1
1
96
1
2
5
1
1
6
1
6
34
1
1
1
11
40
1
5
60
21
12
9
94
68
32
46
70
123
1
7
1
1
2
1
1
2
12
25
23
1
2
3
19
5
1
1
1
2
8
2
1
2
7
2
1
1
1
119
3
1
3
1
9
31
14
1
1
3
14
19
152
1
1
3
3
1
1
11
1
2
1
2
79
1
2
1
11
1
1
1
2
1
2
3
1
1
1
1
1
1
3
5
72
20
2
3
1
2
1
1
1
13
1
1
1
1
1
1
1
16
1
13
3
1
14
4
22
7
1
1
2
1
1
23
1
1
2
2
2
5
2
1
2
1
4
2
4
1
1
3
4
11
1
2
1
1
1
6
1
1
3
16
1
1
35
7
1
1
1
1
2
1
38
3
3
4
2
1
1
2
1
1
1
2
1
4
2
1
1
4
2
1
1
1
6
1
1
1
6
1
2
5
1
1
1
1
1
1
15
56
2
3
1
1
1
1
1
1
2
15
1
4
1
1
1
1
1
69
1
3
1
3
2
1
1
1
55
1
3
8
1
2
1
2
3
1
1
1
8
107
1
1
1
1
1
1
26
1
5
16
2
1
3
42
4
141
1
1
1
1
3
11
1
4
1
1
20
1
1
1
1
1
1
1
3
1
1
2
2
1
1
17
18
1
1
2
1
1
1
1
1
1
1
3
8
1
1
3
1
1
2
1
1
2
1
1
1
1
1
1
1
3
2
14
1
3
1
1
3
1
2
5
3
1
1
3
1
1
1
1
1
2
3
1
3
2
1
4
1
1
2
2
3
1
35
2
1
1
4
19
1
1
1
1
1
1
4
1
2
7
1
1
3
1
50
5
17
35
6
324
1
1
10
1
1
1
19
10
2
13
1
1
1
3
8
2
99
1
4
21
2
14
2
1
405
1
1
1
7
3
1
1
3
2
24
1
5
2
2
1
2
1
1
1
4
1
20
1
2
3
3
97
2
1
1
2
1
1
1
1
3
1
2
2
1
20
1
4
1
4
1
1
2
4
1
2
1
1
12
13
3
25
35
5
1
1
1
1
1
3
1
2
1
1
1
2
1
10
2
1
3
1
4
15
2
1
1
39
30
1
3
1
2
8
1
1
9
1
3
26
1
1
1
1
1
1
1
3
32
8
10
5
321
41
51
5
21
2
30
36
27
11
15
59
1
7
88
21
19
21
424
1
1
1
1
1
2
4
1
6
1
1
1
2
1
2
5
1
1
1
43
127
1
1
1
1
1
1
1
1
1
1
1
1
1
1
2
16
1
1
1
1
1
1
1
1
1
1
1
78
1
4
25
19
1
1
451
1
2
1
1
1
370
1
1
106
6
3
1
10
3
2
17
5
6
106
14
1
1
1
3
1
1
1
1
4
1
4
1
1
1
1
8
1
1
1
1
1
1
1
1
1
1
6
12
2
1
3
1
3
1
2
5
1
1
251
1
6
11
2
15
1
5
15
94
52
1
2
78
153
1
1
1
1
2
1
1
2
1
1
4
8
2
2
1
1
1
1
1
1
17
1
2
1
3
69
1
2
13
3
2
1
26
2
2
3
18
1
13
7
3
6
2
4
1
1
3
2
1
14
3
3
5
1
1
2
2
3
40
2
1
15
4
2
8
1
1
2
1
2
1
1
1
6
3
1
1
1
1
1
315
1
2
1
1
1
1
1
1
167
1
1
1
1
2
1
20
6
2
1
2
1
1
1
3
3
47
3
1
2
1
2
1
1
10
6
1
2
1
2
1
1
1
1
1
1
93
2
8
1
2
1
1
1
1
1
17
2
3
26
3
3
1
1
1
1
1
1
1
1
1
2
1
1
1
49
7
30
2
23
1
1
2
1
1
6
139
1
1
1
1
5
1
1
1
1
117
1
5
2
1
20
1
2
2
1
31
3
2
1
1
10
2
1
10
1
1
1
1
1
1
10
1
1
3
4
1
1
6
1
1
2
5
1
5
1
1
4
5
59
30
4
1
1
1
2
1
1
1
2
2
1
2
1
1
1
1
2
1
2
2
2
7
1
1
1
1
2
21
1
2
1
1
4
92
1
4
1
4
1
1
3
12
1
2
19
1
1
102
1
3
62
3
44
81
1
1
2
1
1
1
1
1
1
1
1
1
1
1
3
5
90
21
1
13
1
2
4
4
1
1
1
1
1
1
1
3
1
1
1
1
1
1
1
147
1
1
2
1
1
1
1
51
1
1
2
6
7
2
1
2
1
1
7
6
6
6
28
1
1
1
1
1
1
1
3
1
7
1
1
18
11
5
1
1
1
8
5
2
1
2
4
1
1
1
1
8
1
7
1
2
2
1
1
1
1
94
5
2
2
1
1
1
2
1
1
2
3
4
1
1
1
1
1
5
1
4
4
1
1
1
1
1
1
2
1
3
2
1
1
1
3
1
13
12
2
1
3
3
11
1
1
1
1
11
1
6
1
1
5
1
1
2
6
2
1
1
1
1
1
2
5
1
1
2
1
1
1
1
17
4
41
3
46
1
2
1
1
1
2
1
1
4
1
1
1
1
2
2
3
2
1
2
1
1
1
1
1
18
7
9
1
1
1
1
1
1
1
1
1
2
1
1
1
1
1
2
1
1
4
2
1
6
1
4
2
2
56
12
6
1
3
1
2
1
1
104
4
22
1
1
6
4
13
5
145
1
1
1
1
8
4
5
37
9
1
1
2
2
20
6
1
1
3
2
4
26
1
31
5
57
70
42
4
71
68
52
6
31
24
16
103
49
12
3
28
73
108
21
15
3
24
11
20
104
1
9
1
1
5
1
1
1
1
1
1
6
6
1
65
29
4
3
32
38
9
1
2
29
29
1
54
3
1
1
2
2
2
11
1
1
2
3
5
1
2
1
2
1
1
6
37
1
1
1
4
19
24
5
1
3
1
1
1
1
7
2
1
1
1
1
18
1
1
1
41
1
1
7
5
5
1
2
1
1
1
1
1
1
5
2
5
1
2
1
2
1
15
2
19
1
1
1
1
1
1
2
1
5
2
1
2
19
1
1
12
323
236
1
12
1
1
1
1
2
2
26
3
3
1
1
1
1
107
134
2
1
1
1
1
1
1
1
1
1
1
1
1
2
1
1
1
1
19
1
3
10
35
1
1
1
1
1
6
1
1
1
1
6
45
14
1
2
1
4
1
3
2
2
1
1
1
1
4
1
2
1
8
1
1
1
1
6
1
1
1
1
1
1
1
1
1
1
1
1
5
1
2
1
2
3
1
3
1
1
1
1
7
1
1
1
5
21
1
1
1
1
1
2
1
1
1
2
41
27
1
1
1
1
2
1
1
1
6
1
1
1
20
1
1
4
1
3
7
5
10
30
1
6
3
1
1
4
1
17
1
4
5
24
2
1
30
1
1
2
4
1
5
3
4
1
1
2
1
1
1
1
9
2
2
1
10
1
1
4
5
1
1
7
5
1
1
15
9
1
1
1
8
1
1
1
1
1
3
1
1
3
8
6
2
4
1
2
1
79
1
1
1
7
7
2
1
9
2
1
3
1
1
1
1
2
1
1
9
1
6
1
4
2
19
1
6
1
5
1
1
6
1
74
2
2
2
1
2
1
1
2
2
1
5
1
4
1
35
22
1
3
28
13
19
1
28
5
1
1
1
5
11
2
2
1
1
2
1
174
2
2
1
1
3
3
4
3
2
5
2
1
2
28
2
3
1
1
1
2
4
1
7
10
1
1
11
3
1
2
1
2
1
2
4
2
6
16
2
1
6
9
6
7
31
1
15
26
1
1
42
1
78
70
13
4
110
17
1
1
1
16
17
94
30
4
9
1
6
6
19
6
3
3
11
374
1
2
14
1
1
13
4
1
3
1
3
86
3
1
9
1
1
1
1
1
6
1
5
16
3
109
2
2
6
1
2
2
1
1
1
1
3
21
5
1
1
24
9
1
1
1
1
1
1
2
1
1
2
13
6
26
69
114
1
7
1
1
1
1
1
1
1
251
1
2
1
2
7
3
2
2
5
1
1
1
5
1
7
6
65
101
1
2
1
3
1
1
7
6
10
27
3
6
12
9
35
176
1
1
1
1
1
1
1
1
1
1
1
3
1
1
1
16
1
1
1
4
5
1
1
3
1
1
1
1
2
1
1
65
1
2
1
1
1
1
1
1
1
1
10
1
1
2
1
1
5
1
1
1
1
1
5
1
1
1
1
2
1
1
1
1
1
1
1
1
1
48
1
2
1
3
1
1
1
1
1
5
1
1
1
1
50
8
1
1
1
4
1
1
1
1
28
204
24
5
2
14
7
52
37
41
1
6
8
2
73
13
15
3
1
1
4
14
1
1
1
3
1
1
1
1
1
1
5
1
3
1
1
1
1
1
1
21
1
1
31
1
1
1
2
6
10
3
1
1
4
1
1
2
1
2
1
1
4
1
1
3
1
1
1
1
1
30
1
1
1
1
1
1
4
1
1
8
12
19
3
2
2
1
1
1
1
2
1
1
1
2
1
1
6
1
1
1
1
1
1
1
3
1
2
2
1
1
1
4
2
1
1
1
3
1
8
1
1
1
1
1
1
1
53
1
1
1
2
1
1
2
1
38
14
20
19
10
44
6
1
2
1
2
52
1
1
1
3
2
1
1
6
2
2
1
1
7
6
2
2
1
63
1
38
2
2
1
2
2
3
1
1
48
1
2
2
1
1
2
1
1
1
2
1
1
1
1
2
1
1
1
1
1
1
5
1
2
1
1
5
3
1
9
2
1
1
1
3
2
1
1
2
64
2
119
1
1
5
1
3
2
1
1
1
5
1
3
1
1
1
1
1
1
1
1
4
1
1
1
1
1
1
2
1
1
2
1
1
3
1
1
1
1
1
1
4
1
2
1
1
1
268
1
1
1
1
1
5
1
1
1
1
1
1
4
2
2
1
1
1
1
3
1
1
2
2
2
1
1
27
1
1
1
3
1
1
1
1
1
11
6
2
1
2
8
2
22
33
33
33
7
53
5
91
23
1
13
6
13
1
1
3
1
2
9
1
2
1
3
1
3
1
1
2
1
1
1
3
2
1
2
1
1
1
1
148
19
2
3
19
3
1
2
3
5
41
10
1
29
6
2
1
1
1
1
1
1
1
1
1
1
1
2
1
1
1
1
1
208
1
1
3
1
1
1
1
1
1
1
1
1
1
1
1
1
1
2
1
1
1
8
1
10
2
1
2
2
1
2
1
1
2
1
1
1
1
4
5
2
1
1
1
1
1
3
1
78
432
1
1
1
1
2
1
2
1
1
2
1
1
1
1
1
1
1
1
1
6
179
4
1
1
1
1
1
1
1
1
4
1
1
2
2
1
215
1
1
2
1
1
2
1
1
2
1
2
1
1
1
3
2
1
1
1
1
1
1
1
1
1
1
2
1
3
39
4
5
13
2
1
3
2
3
5
2
1
1
9
8
4
1
10
1
1
1
4
6
148
1
4
1
1
1
4
1
1
1
3
15
19
3
2
1
7
1
1
1
2
1
1
1
4
2
1
1
1
1
49
28
1
2
1
1
1
1
1
2
1
1
19
1
1
1
1
12
1
1
1
2
1
1
4
1
2
1
3
1
1
1
111
22
18
1
1
1
1
1
1
1
1
1
1
18
3
1
1
1
2
1
3
1
1
1
8
1
1
3
1
2
1
1
1
22
1
6
1
2
1
1
23
5
1
4
4
2
1
9
1
1
1
1
4
7
1
13
4
1
1
5
1
2
2
74
1
25
79
20
5
1
2
1
1
3
1
4
145
1
2
19
1
1
1
1
1
2
29
1
317
126
3
18
19
1
2
73
2
7
21
16
61
12
1
1
1
1
4
3
1
2
1
1
2
2
3
3
1
1
1
1
1
1
1
1
1
2
15
1
1
1
1
4
1
12
1
3
2
1
1
1
5
1
1
1
3
2
1
1
1
1
2
9
1
1
1
1
1
2
1
80
1
1
1
2
49
2
1
14
2
6
3
1
1
1
5
1
1
1
3
8
2
1
1
35
1
4
1
7
1
1
13
1
1
1
1
1
5
3
2
1
4
2
2
7
1
18
4
3
2
1
1
9
4
11
1
2
4
1
4
2
1
4
1
1
1
4
4
1
1
1
3
1
1
1
2
1
25
1
9
1
2
1
1
1
1
1
1
1
1
1
1
22
4
1
1
1
1
16
1
1
1
1
1
2
1
1
1
1
4
1
2
1
1
1
2
27
3
1
3
1
1
1
1
2
1
4
1
2
4
1
2
1
1
2
1
1
1
2
1
3
3
5
2
1
2
1
1
1
1
1
1
1
1
2
5
3
1
4
1
1
1
2
1
16
18
1
8
1
3
1
1
3
1
2
1
1
24
1
1
1
1
1
5
1
9
1
1
130
1
1
1
1
1
1
123
3
1
3
2
11
1
12
1
1
1
3
1
1
1
1
1
1
2
1
2
40
3
1
1
1
1
1
1
1
3
5
2
1
1
1
1
1
1
10
1
3
4
1
1
1
4
2
1
1
1
10
7
71
1
1
3
1
1
1
14
1
1
1
2
6
1
2
1
1
1
33
1
1
323
3
3
1
8
4
1
1
3
1
1
1
1
1
1
1
6
2
1
1
1
1
1
1
20
2
3
2
8
1
9
7
6
2
6
11
1
123
1
2
2
4
4
1
62
2
12
1
1
1
3
1
3
11
2
1
5
1
1
1
4
1
1
2
1
100
2
3
1
1
3
1
1
7
1
10
6
6
3
62
1
2
116
3
1
1
3
1
1
3
4
2
1
1
2
1
1
7
1
8
5
3
4
8
2
3
2
9
2
16
16
9
1
1
3
3
1
6
1
14
29
30
1
2
1
1
2
4
2
1
1
11
1
1
45
21
1
1
3
1
1
2
1
1
1
1
63
1
17
1
1
1
11
2
2
3
1
6
1
1
1
1
12
6
1
1
1
1
5
13
1
1
1
1
1
3
1
1
1
5
1
2
1
2
1
1
16
3
1
2
1
1
4
2
1
5
2
2
4
13
3
4
5
1
2
1
1
3
1
1
1
2
1
1
2
4
1
31
1
2
2
1
1
1
2
1
2
1
1
1
1
1
1
1
1
1
1
1
1
2
1
4
2
1
14
1
1
7
1
11
48
1
1
6
41
5
1
1
1
1
1
3
2
1
7
3
2
1
1
5
2
1
1
1
3
1
1
1
1
1
3
1
2
8
77
2
2
1
1
1
1
1
8
1
1
1
5
1
2
1
6
186
2
1
1
1
1
3
1
1
1
7
1
1
1
2
1
1
1
1
2
1
1
1
2
1
3
3
1
1
1
9
3
1
2
4
3
1
1
1
1
2
1
1
1
2
2
1
1
1
3
1
2
1
1
1
1
1
2
3
1
1
4
1
1
2
5
10
21
26
4
6
2
1
1
1
1
1
1
1
1
1
1
5
15
2
1
1
1
1
1
1
1
1
1
1
1
1
1
1
10
36
17
1
1
1
1
1
1
1
2
2
4
1
3
1
1
1
2
1
6
1
3
5
165
1
3
5
1
1
3
2
1
1
1
1
26
5
1
1
2
1
1
1
1
69
1
1
1
2
1
1
2
10
1
43
6
2
8
3
1
1
1
1
1
1
6
2
4
1
1
2
1
1
6
1
1
1
6
2
1
3
1
1
1
1
1
1
1
2
2
1
1
1
1
2
1
4
1
1
1
3
1
1
5
2
1
1
1
1
1
1
1
1
2
1
1
1
1
4
1
1
2
1
2
1
1
1
1
3
4
2
1
2
1
1
1
1
1
1
1
1
1
1
1
1
23
11
1
1
1
1
1
1
1
1
1
2
1
1
2
2
1
1
1
4
1
1
9
1
1
2
1
1
1
1
1
1
5
29
1
1
1
2
1
1
15
11
1
1
1
1
1
27
2
2
1
1
1
1
1
23
1
1
2
2
4
1
1
14
1
22
31
3
7
2
4
2
3
1
1
4
3
1
14
195
1
1
5
1
1
7
1
5
1
9
5
5
4
8
2
1
2
6
1
1
2
5
1
2
1
1
1
8
2
4
3
1
1
1
1
2
1
1
6
2
2
7
1
1
1
101
1
1
1
1
51
13
96
1
3
1
1
1
95
2
1
147
1
1
1
1
1
1
1
1
1
1
1
1
1
1
2
1
3
1
1
2
9
1
1
7
1
1
1
2
1
5
2
1
4
1
1
1
1
1
2
3
1
1
1
3
5
2
1
1
2
3
3
2
1
1
1
3
1
1
1
1
1
7
1
3
1
4
8
1
1
1
32
1
4
5
3
2
2
2
76
2
1
2
8
1
1
2
5
2
3
8
12
1
2
1
8
1
14
11
22
16
20
4
10
2
3
2
10
1
3
9
3
1
4
20
2
28
1
1
9
1
4
1
1
1
1
1
1
1
2
1
2
1
1
1
1
1
7
1
2
1
1
1
1
1
1
1
1
1
2
2
41
2
7
1
4
1
2
1
1
6
1
2
1
1
16
16
1
1
1
1
3
3
1
2
1
1
1
1
2
1
1
1
1
1
2
1
1
9
1
2
2
3
2
1
1
6
27
7
15
12
73
24
141
5
1
1
1
1
1
2
2
1
2
1
1
1
1
1
1
1
1
1
1
1
1
1
3
1
2
3
1
67
7
11
8
2
1
1
5
1
2
1
1
1
2
1
1
1
40
12
1
1
2
40
1
1
1
1
1
3
6
1
1
2
4
3
1
1
1
1
1
2
2
1
1
1
4
1
8
1
1
4
1
1
1
1
1
2
1
1
63
4
2
1
3
1
1
3
1
4
8
1
1
3
4
1
1
1
2
1
1
1
1
1
189
1
147
1
10
2
6
1
22
2
1
4
1
1
1
1
1
1
5
6
4
24
1
45
4
1
42
3
2
2
1
6
1
2
4
1
3
4
2
4
5
1
1
5
1
1
4
1
1
6
8
24
1
9
6
2
2
3
1
361
1
2
3
1
4
3
3
2
2
1
1
1
1
1
375
1
1
2
1
1
1
2
1
7
7
1
2
1
1
1
7
5
5
20
2
1
28
1
1
10
2
1
6
1
1
4
1
1
2
2
3
4
4
1
1
3
1
1
1
1
3
11
3
7
1
1
1
3
2
1
3
1
2
1
1
2
4
3
1
1
2
1
2
14
1
7
2
3
1
12
11
1
8
1
1
1
3
5
1
2
1
1
7
1
1
1
10
5
2
1
2
1
2
5
1
1
8
11
4
1
1
2
24
1
1
1
1
1
4
1
2
10
9
1
1
2
11
1
1
1
1
3
32
10
1
1
2
1
1
1
1
3
1
6
6
1
2
1
3
1
1
3
2
1
1
1
3
1
1
1
3
1
1
1
41
4
1
3
2
44
9
1
1
1
5
144
42
43
189
34
69
7
11
3
11
4
8
7
38
72
2
1
1
1
2
1
1
2
5
1
1
1
2
5
1
2
1
3
3
1
80
1
8
1
1
56
81
1
5
5
11
1
2
1
1
4
1
1
14
4
3
1
9
5
1
1
1
1
5
1
2
1
1
1
4
1
1
1
6
1
6
8
2
1
1
1
1
3
1
4
1
5
1
1
13
6
1
1
1
6
1
1
1
2
1
4
1
16
2
1
1
1
7
9
4
3
1
1
1
1
1
1
1
15
1
1
2
2
1
65
3
1
1
1
1
1
1
1
2
2
8
2
4
19
1
1
6
2
1
18
1
5
1
1
1
1
9
1
2
1
1
2
1
2
1
3
1
3
1
1
16
1
2
1
2
2
1
2
1
1
3
1
2
1
1
22
2
23
1
1
1
16
3
4
2
1
1
1
11
1
1
7
1
1
3
1
1
19
50
1
81
32
80
96
9
5
2
3
1
1
35
3
1
5
1
1
1
1
1
3
9
1
3
2
2
1
1
1
1
2
1
2
1
4
1
1
2
2
1
2
9
2
1
24
1
1
1
16
2
1
5
2
12
1
1
13
3
1
2
1
1
28
2
9
4
1
2
1
1
1
1
2
1
6
6
1
5
2
1
1
1
1
2
3
1
1
4
5
5
1
8
3
4
1
1
6
1
8
1
1
5
1
1
1
1
1
27
1
1
6
96
1
6
8
26
19
1
1
3
10
1
2
16
376
1
29
12
56
8
13
15
3
3
1
1
2
22
1
2
8
1
1
1
1
1
100
2
1
1
4
3
2
3
1
5
3
1
5
2
1
2
1
1
1
1
1
1
3
3
1
2
1
1
1
4
2
8
3
1
2
1
1
1
1
2
1
3
2
1
2
1
1
1
2
2
1
6
85
1
3
1
1
1
3
1
1
1
1
1
1
1
176
1
2
1
2
2
2
2
9
1
10
1
1
1
1
2
1
1
1
1
1
1
2
1
1
2
1
1
1
8
1
2
19
1
7
1
10
1
1
12
6
1
1
1
1
2
1
1
1
13
14
1
30
11
28
8
1
14
17
2
1
1
15
9
1
1
148
24
84
3
56
17
49
3
3
1
44
1
1
1
7
1
8
1
12
2
1
2
1
3
2
9
1
1
116
2
2
3
9
1
1
1
1
1
1
2
1
1
1
1
30
2
3
1
1
1
1
1
2
1
1
1
1
2
28
1
1
1
1
1
1
1
1
20
13
4
1
1
2
1
1
59
1
2
4
1
1
1
1
1
1
1
2
1
3
1
60
1
1
1
1
3
2
1
14
4
2
5
1
2
1
1
1
2
1
1
1
1
5
5
1
1
1
5
2
1
18
1
6
8
1
6
3
4
16
1
1
1
1
21
1
1
42
11
1
1
9
1
2
3
1
3
31
4
6
11
4
1
1
10
4
1
12
5
9
3
6
1
1
1
6
8
1
1
3
1
1
1
1
1
2
1
2
14
1
1
1
8
1
1
1
6
4
1
170
46
1
1
1
1
1
1
3
2
3
1
11
2
1
1
6
1
1
1
3
3
1
1
1
136
6
2
1
1
28
3
1
1
2
6
2
2
6
1
1
3
25
1
1
1
1
4
1
1
2
1
4
1
1
1
4
1
6
1
1
2
1
1
1
24
9
1
1
1
1
1
1
1
1
1
2
102
8
5
1
2
7
1
2
2
1
1
1
1
1
1
1
3
1
1
1
1
4
1
1
1
2
4
30
1
1
1
4
2
1
1
1
5
1
1
1
110
1
2
1
3
1
233
17
1
1
3
2
17
1
1
1
2
5
1
1
1
1
1
1
1
1
1
1
1
1
1
2
3
1
1
1
2
1
1
1
5
4
1
3
1
1
1
10
13
1
1
2
1
1
1
1
1
2
15
1
7
1
2
5
4
2
2
1
1
2
1
1
13
1
1
1
1
3
1
2
1
1
1
1
1
1
1
1
1
1
36
3
33
7
2
1
1
8
7
4
2
1
2
1
2
3
1
102
1
10
1
1
1
2
1
1
1
18
2
1
1
1
1
1
3
2
41
7
1
10
1
1
1
2
1
1
1
1
1
131
7
5
1
1
2
1
6
11
1
1
1
5
5
1
1
2
1
1
7
1
5
1
1
1
1
1
1
8
8
1
4
1
1
1
7
1
2
4
1
1
1
1
13
11
2
1
2
2
1
1
1
1
2
1
1
2
1
1
1
14
1
5
2
2
130
12
1
1
1
1
1
2
1
1
6
1
9
1
1
13
1
1
1
1
11
1
1
2
1
2
6
1
3
2
1
1
1
1
1
3
3
14
1
1
1
1
1
2
1
2
9
2
1
1
3
3
5
1
19
1
1
1
6
5
1
32
1
1
1
2
1
2
1
4
5
3
3
2
1
2
1
4
16
196
24
1
264
1
2
1
2
1
24
1
1
4
1
1
15
4
1
1
1
2
23
1
11
2
5
17
3
4
1
1
1
4
1
1
1
6
1
2
1
1
2
8
1
1
3
1
1
1
2
1
3
4
9
3
4
1
1
2
2
2
7
158
11
1
1
1
1
1
9
2
6
1
1
1
2
1
23
1
2
1
1
1
1
1
1
4
1
2
1
1
1
2
2
1
1
3
1
1
1
1
1
2
1
1
3
4
2
1
46
1
1
1
3
1
2
1
1
1
1
1
1
2
9
1
1
1
5
3
1
36
1
4
1
3
1
3
6
9
1
4
1
2
1
2
2
1
1
2
2
1
1
1
2
31
3
1
1
10
1
5
