113
52
218
30
3
2
98
2
2
4
256
85
5
118
9
20
49
19
4
18
35
33
222
7
14
11
5
7
16
115
2
31
5
8
115
7
3
198
99
72
1
28
22
22
3
45
54
103
154
85
4
43
3
3
4
2
67
51
90
9
35
15
9
123
4
197
44
163
128
86
41
23
8
1
1
3
2
6
112
31
10
12
228
44
2
37
3
223
31
4
12
124
35
9
2
39
205
1
14
3
56
6
2
2
3
41
14
317
60
2
17
3
95
284
102
292
39
19
85
107
6
55
164
11
1
1
35
2
51
224
21
248
3
33
21
1
5
9
3
29
8
319
1
5
103
51
1
1
104
45
22
115
1
31
2
49
3
17
2
16
11
3
1
47
12
72
1
206
67
3
4
7
14
13
8
7
27
3
12
8
79
3
3
16
108
22
31
182
4
18
36
95
37
17
7
120
60
2
3
93
13
1
2
11
48
5
15
9
216
2
89
9
7
40
11
56
51
14
6
16
1
23
60
2
1
45
5
3
1
1
26
2
2
3
5
316
133
25
3
12
45
275
27
3
1
161
201
2
10
318
11
13
11
6
20
96
4
2
71
94
9
150
2
103
140
176
6
8
14
17
14
240
1
10
9
2
88
3
57
66
8
95
16
2
77
1
9
5
31
26
2
9
2
2
40
10
35
161
17
18
28
28
14
1
4
11
8
16
15
12
7
2
13
5
10
2
5
26
124
10
172
62
1
2
5
63
4
111
12
114
9
3
8
9
3
10
79
63
8
23
8
128
188
1
32
19
3
85
1
4
81
19
11
76
4
61
86
64
37
180
8
4
6
28
26
93
7
7
12
1
3
15
1
97
1
326
136
11
25
1
20
2
79
2
2
40
1
3
1
26
51
7
4
7
22
145
43
2
3
10
303
2
1
6
54
6
1
43
111
43
34
20
246
70
41
19
2
224
2
319
33
37
1
24
11
46
4
4
5
14
6
13
19
44
180
12
21
44
252
40
15
186
12
4
183
12
46
2
154
1
12
1
5
1
3
17
6
2
450
15
1
135
54
5
31
11
7
4
91
20
11
2
13
50
39
20
171
6
6
3
15
24
11
76
1
9
89
4
6
5
8
108
5
1
11
29
2
159
72
5
90
77
52
40
31
11
24
94
3
5
194
207
207
135
117
5
2
11
9
1
10
2
11
12
26
42
9
4
2
2
20
56
55
4
385
12
53
4
