1
179
2
436
68
65
12
11
113
1
148
2
4
6
23
30
2
14
1
405
4
38
296
184
63
23
17
7
71
244
9
100
8
212
3
44
217
2
54
65
1
72
26
35
276
75
569
2
20
37
33
5
14
3
200
47
6
52
14
23
1
73
24
17
89
24
23
1
82
21
18
42
21
123
45
153
56
4
121
19
4
112
170
112
142
54
27
141
1
37
79
343
148
42
55
1
108
18
1
52
79
21
143
39
57
3
54
58
1
9
67
2
19
16
110
18
17
58
3
5
350
15
5
2
67
51
99
7
3
88
29
20
48
9
7
271
55
1
34
357
56
288
3
23
115
4
5
121
44
7
29
3
2
34
33
2
29
4
18
77
9
1
98
1
3
131
97
183
173
19
174
260
1
9
141
9
84
7
456
16
52
93
3
4
18
3
2
7
10
10
1
30
615
92
2
608
11
35
72
2
86
15
222
17
157
4
6
11
5
260
1
7
158
22
2
17
104
20
50
20
17
48
211
34
463
27
3
66
150
5
5
57
242
65
1
304
15
31
78
1
47
31
47
81
97
101
35
76
5
68
11
132
203
5
4
13
73
4
107
9
42
17
12
144
35
45
207
1
6
12
3
10
11
96
45
28
4
127
1
82
40
212
24
3
15
50
13
7
89
323
354
5
205
3
302
20
181
3
85
81
2
5
292
4
37
156
1
1
1
1
1
1
4
17
1
1
1
1
1
18
15
16
4
1
8
7
2
16
113
14
2
78
3
2
6
3
52
218
30
1
23
1
3
1
5
6
1
19
15
3
16
4
5
4
5
1
2
11
1
1
85
1
5
1
8
3
1
1
1
3
2
9
21
7
4
10
10
68
1
6
3
5
2
1
1
3
1
1
4
1
1
60
1
5
1
1
2
2
1
1
3
2
1
5
1
6
1
3
2
51
18
53
1
2
3
2
1
4
1
20
15
1
1
3
1
2
32
2
5
70
3
19
1
1
1
1
1
6
2
8
40
1
7
47
2
2
1
1
1
8
13
1
98
1
5
1
5
1
1
2
1
2
1
1
1
7
2
1
7
1
13
14
36
9
3
1
1
4
1
2
3
1
5
1
1
1
2
76
18
1
1
20
4
1
7
2
1
3
1
1
15
4
1
21
5
31
1
4
1
256
8
1
1
1
1
1
1
4
19
1
6
1
1
1
1
1
5
1
1
1
1
1
1
1
21
1
70
12
2
2
5
85
3
16
23
4
2
1
1
2
3
1
4
2
2
5
1
1
17
103
118
2
1
2
1
9
1
1
8
3
4
3
9
2
2
3
17
2
1
1
3
1
1
1
1
1
1
1
16
1
1
1
4
1
2
84
20
2
14
2
4
3
1
1
4
3
110
1
49
7
1
1
14
1
7
2
3
1
8
2
3
3
6
2
1
1
3
1
2
2
42
14
1
3
1
5
58
81
1
1
1
1
120
1
5
1
1
1
1
1
19
1
1
2
1
1
1
1
1
5
1
1
2
1
1
4
1
1
1
1
2
1
3
1
1
4
1
1
1
1
1
18
33
10
13
1
1
2
1
35
1
1
1
1
1
2
1
1
1
1
1
1
1
1
2
1
2
1
1
1
1
1
1
3
1
1
4
5
1
1
1
1
2
2
2
1
2
1
4
1
1
2
2
1
1
1
15
2
1
33
2
7
1
7
1
16
3
3
10
1
1
10
1
35
1
1
2
1
1
98
4
1
2
1
4
4
1
222
1
1
2
4
1
1
2
1
1
6
9
12
2
1
7
1
1
37
2
48
10
1
1
1
6
1
11
1
2
2
5
14
1
8
1
3
151
1
1
1
1
2
1
1
4
1
57
1
1
11
1
1
1
1
1
1
3
1
5
5
1
1
5
3
2
1
1
3
3
1
1
2
2
1
1
4
2
4
3
1
3
2
1
1
2
2
1
6
1
1
1
1
1
1
1
1
1
1
1
1
8
6
1
1
5
20
8
6
1
51
7
10
2
1
16
3
1
1
1
1
1
1
2
2
2
1
2
1
1
1
2
9
1
2
1
1
3
2
1
1
18
1
3
47
2
1
1
1
12
1
1
115
1
34
1
2
1
1
9
1
1
1
1
1
4
2
2
2
31
1
1
11
1
3
1
3
2
2
1
5
1
6
6
1
2
1
2
1
1
1
1
1
1
1
1
1
1
1
1
1
1
12
2
1
2
1
5
2
1
1
1
2
1
170
1
2
1
1
5
1
1
1
1
2
2
2
8
1
1
1
2
2
92
1
1
2
1
1
1
1
3
1
1
6
5
1
1
7
2
1
1
1
11
2
24
20
115
1
1
1
2
1
12
4
1
7
1
2
2
2
5
2
1
3
4
1
4
1
1
30
6
11
5
1
2
1
7
4
1
1
1
1
12
75
3
2
1
2
1
4
86
1
1
1
2
1
4
1
82
1
1
2
1
2
1
1
1
1
2
1
1
4
4
1
3
1
198
1
6
1
1
3
1
37
1
4
1
1
1
1
3
5
2
1
1
2
2
1
2
13
54
5
37
7
24
4
5
4
99
51
27
2
19
72
71
1
28
22
55
1
22
26
97
2
54
45
96
10
37
1
2
5
1
10
5
2
69
19
4
27
1
3
1
97
24
1
1
45
16
1
12
10
1
1
1
2
6
1
10
11
14
37
13
1
1
2
54
103
3
8
154
7
15
2
42
1
5
1
1
1
2
2
1
65
1
1
2
5
1
1
1
2
1
39
1
1
1
1
1
1
1
5
1
15
78
1
67
2
1
1
1
1
1
1
1
1
25
3
1
1
1
1
85
1
1
1
13
1
4
1
4
1
5
6
1
1
1
1
1
141
12
28
1
1
3
1
43
90
59
1
1
1
3
1
3
1
3
1
3
4
1
1
1
2
18
1
11
2
1
1
1
8
2
4
127
56
1
34
1
1
1
1
1
3
2
1
2
1
2
1
33
1
4
2
2
4
1
1
1
1
1
2
2
1
1
1
1
1
1
6
1
23
19
1
1
5
1
7
5
67
2
12
6
11
2
10
5
1
4
2
1
33
2
13
5
20
1
5
2
3
1
51
1
44
3
1
90
1
1
1
1
1
1
1
1
1
1
2
1
9
1
2
1
2
1
1
35
1
6
1
1
15
9
2
1
2
1
1
2
2
123
1
1
1
4
1
19
3
1
2
82
1
1
197
7
13
1
1
1
2
12
7
2
1
2
1
29
1
1
1
1
1
1
114
1
1
1
3
7
1
1
1
1
1
44
1
1
1
1
1
1
1
1
1
4
1
2
1
8
7
2
1
4
1
1
163
2
1
1
1
2
2
1
7
2
1
1
1
1
1
1
1
1
3
13
1
1
1
1
1
1
1
4
1
128
1
3
1
1
4
1
1
1
2
1
22
1
33
1
1
1
1
29
29
1
1
13
23
86
1
1
1
1
1
4
1
1
1
1
3
7
1
6
1
1
114
4
1
18
2
8
1
22
1
1
1
1
2
1
1
1
6
1
3
1
2
2
2
1
1
3
1
1
1
1
3
181
7
2
1
1
1
41
1
2
1
1
38
1
1
1
1
6
11
23
12
1
11
8
8
1
1
1
1
1
1
1
1
6
1
2
5
6
1
1
1
2
1
1
34
11
1
4
4
2
6
4
1
2
5
1
11
2
1
136
3
4
1
5
1
1
1
1
1
4
15
3
2
1
1
10
2
5
3
7
2
37
17
1
1
2
4
1
4
1
1
16
1
3
1
3
1
2
1
2
7
1
1
1
2
1
1
3
1
4
28
2
3
2
66
6
1
44
9
1
14
1
2
4
19
34
3
6
2
6
2
1
1
1
1
6
2
1
1
1
72
1
9
1
1
9
13
2
3
17
1
1
4
1
1
3
25
1
4
1
5
1
1
1
3
4
2
3
1
1
6
16
2
10
1
17
1
29
2
2
1
1
21
1
1
1
2
1
3
1
3
1
22
5
9
46
1
1
5
1
9
49
8
4
1
1
1
1
12
1
1
1
60
1
3
2
1
3
1
3
3
1
1
3
2
2
1
1
1
2
4
1
108
9
66
112
69
31
1
11
55
1
1
6
6
1
3
69
1
65
1
7
1
1
2
16
84
1
2
1
6
1
1
3
1
1
3
1
10
27
4
1
1
1
8
182
1
79
1
1
5
1
5
1
4
64
1
8
1
1
1
1
1
3
1
1
12
1
1
1
1
1
5
12
228
5
1
1
1
1
3
1
59
1
1
1
3
2
3
1
1
2
2
4
1
1
1
1
1
1
18
3
1
1
1
1
10
1
1
44
7
1
1
1
1
1
3
1
4
1
4
1
1
2
1
1
1
2
1
2
1
1
1
6
1
1
1
1
1
1
2
2
1
1
1
1
1
1
1
1
5
2
1
2
2
1
2
1
1
1
1
1
1
1
1
2
2
1
1
1
2
1
1
37
1
1
2
1
1
8
2
1
1
1
1
1
1
3
2
1
1
3
2
1
1
1
2
3
1
1
2
2
1
1
5
1
3
1
15
1
1
1
1
2
1
15
1
1
1
1
2
1
1
8
1
2
1
1
1
6
51
11
1
1
1
3
1
7
1
1
2
1
1
2
1
1
1
1
11
1
1
1
1
1
2
2
5
1
5
1
121
1
2
1
1
2
1
1
1
32
1
1
1
1
1
1
223
3
1
1
1
1
1
1
1
4
3
1
1
1
1
3
1
2
1
1
2
2
13
2
1
1
1
1
74
2
1
1
1
11
6
1
1
6
1
3
1
2
1
2
1
31
4
1
1
1
1
1
4
3
1
4
7
1
12
1
11
7
2
1
1
12
1
1
3
13
1
1
124
22
4
4
2
9
2
1
2
1
2
1
1
1
1
55
41
1
10
1
2
35
1
67
10
1
4
2
6
1
1
2
2
36
47
1
71
9
2
4
1
35
37
9
2
2
10
14
3
8
62
1
3
2
1
11
2
1
2
3
1
1
1
2
4
2
1
113
5
1
1
1
38
1
10
1
1
1
3
1
4
1
3
1
2
10
1
1
1
1
1
1
2
1
1
1
1
1
4
25
1
6
1
4
121
69
1
1
1
1
20
20
1
1
1
3
4
6
4
4
2
1
3
18
1
1
1
1
2
1
1
39
6
1
1
1
1
1
1
3
3
1
1
1
1
1
1
1
1
1
1
1
1
1
2
1
1
2
1
2
1
2
10
1
3
2
1
1
1
1
1
1
1
1
1
2
1
1
1
1
2
144
66
1
37
1
115
1
1
4
1
1
1
2
1
1
2
1
1
1
11
1
1
205
5
1
1
1
1
1
1
1
1
1
1
1
5
10
1
1
1
1
6
3
2
11
1
1
1
2
6
1
2
79
3
1
1
1
84
25
72
1
2
1
1
1
1
2
1
1
1
1
1
3
1
1
1
7
10
1
1
1
2
1
2
1
1
1
1
1
6
1
1
1
1
1
1
1
1
1
1
1
1
1
3
2
3
1
3
1
1
14
1
3
3
10
3
1
1
4
1
4
1
12
2
2
1
2
1
4
3
3
2
1
1
1
1
1
1
3
1
1
1
1
2
1
1
1
2
1
1
1
2
2
1
1
1
26
1
2
56
1
1
2
2
1
2
1
1
1
1
3
2
4
1
5
1
1
2
7
3
9
14
17
1
1
1
16
6
1
5
2
3
4
1
2
1
6
1
11
44
2
1
1
1
1
1
4
8
1
8
3
7
1
2
1
2
1
1
1
4
4
1
2
1
2
4
1
2
1
55
42
1
3
1
1
3
1
2
2
1
1
2
4
1
2
12
2
1
1
1
1
1
1
1
1
37
1
3
1
2
1
1
1
2
3
1
1
1
2
1
1
1
1
2
4
14
4
1
2
2
4
1
126
1
1
2
2
1
1
9
1
1
1
4
1
1
1
1
2
1
2
1
134
2
1
16
1
1
1
1
1
1
5
1
3
2
1
1
1
3
4
2
1
2
1
3
1
1
1
1
7
1
1
2
2
1
1
1
1
1
292
1
1
1
4
1
3
1
2
2
1
1
1
1
7
1
1
1
2
1
4
1
1
2
1
1
5
3
1
1
4
5
2
1
3
2
1
1
2
1
3
1
2
1
2
1
1
1
1
1
1
2
6
2
1
3
1
1
1
1
2
5
1
1
1
10
43
2
2
1
1
41
3
1
2
1
2
3
1
14
1
1
1
1
1
5
1
2
3
1
1
2
2
1
1
1
1
1
2
2
1
1
1
317
2
1
1
1
3
1
1
4
4
2
1
1
11
1
1
1
3
5
1
60
5
2
5
2
2
2
1
7
18
38
1
1
57
1
1
1
3
1
1
2
1
1
1
2
7
6
2
7
1
1
1
2
1
1
1
8
1
2
1
81
1
1
2
17
1
3
3
1
1
1
13
2
1
4
36
1
4
4
2
3
1
1
1
7
1
4
2
3
1
3
1
1
1
1
1
5
1
10
1
31
4
14
21
15
7
4
4
1
14
1
3
30
30
1
2
20
4
95
2
1
284
1
8
1
27
1
5
13
102
1
1
1
1
4
1
13
2
1
2
4
1
1
2
2
2
1
6
1
2
11
2
14
2
1
1
1
3
1
7
1
1
1
2
4
10
2
1
1
1
1
21
7
1
1
4
3
1
1
4
1
1
1
5
3
1
3
1
5
9
2
1
2
5
1
1
1
1
1
1
1
1
3
1
2
8
1
1
1
1
2
1
1
1
1
5
1
1
1
2
2
3
2
1
12
22
2
10
2
1
1
2
1
1
2
5
1
9
2
2
1
1
1
1
4
2
11
17
314
87
4
1
2
1
1
14
1
1
1
4
2
2
4
292
3
1
1
1
1
1
1
1
1
1
1
39
25
29
1
1
3
1
1
1
1
1
1
1
1
1
2
1
1
1
5
2
4
1
1
4
4
1
1
2
19
2
1
1
1
2
2
1
1
1
1
1
85
2
1
1
3
1
3
1
1
1
2
107
1
4
1
1
1
1
1
1
1
1
1
4
1
2
1
1
12
1
1
2
1
1
1
1
1
1
1
2
2
1
6
2
1
1
55
2
2
164
5
1
1
1
1
1
1
1
1
1
2
1
1
1
4
1
2
1
1
11
302
1
2
3
1
1
3
1
1
1
19
1
1
1
1
1
6
1
2
1
3
1
1
20
1
1
1
1
15
1
1
5
1
1
1
1
4
1
1
2
3
2
22
1
1
1
1
1
1
2
1
1
1
35
1
1
1
2
7
1
10
1
1
2
2
1
1
2
2
1
2
12
2
1
3
1
2
1
6
1
51
1
224
1
1
2
4
3
1
1
1
1
1
2
1
1
1
1
1
1
2
2
2
1
1
2
1
1
3
1
1
1
1
21
1
4
1
1
1
1
1
1
24
57
6
3
4
1
1
1
248
1
1
1
1
1
1
16
6
2
1
3
1
33
1
1
1
1
1
1
2
1
7
1
1
3
6
38
2
2
4
9
1
1
4
21
5
13
8
1
1
1
2
1
1
3
30
1
1
2
1
2
2
1
2
2
3
12
1
4
14
12
1
1
1
1
5
1
2
1
1
1
1
2
1
1
1
11
2
11
1
3
1
1
15
2
1
1
1
2
1
2
2
1
1
1
3
1
1
4
1
2
1
10
56
1
1
14
10
3
2
1
1
2
17
11
1
2
1
10
2
11
1
1
6
1
1
2
1
1
1
1
5
1
2
1
1
26
1
1
1
1
1
1
3
1
1
1
3
8
10
1
3
10
2
1
3
1
3
2
2
1
1
5
1
2
38
1
1
1
2
2
6
1
5
9
1
1
1
1
4
1
1
6
1
1
1
2
9
1
4
3
3
1
29
8
2
9
17
2
1
2
3
2
1
1
3
2
1
1
1
1
2
1
1
1
1
1
1
2
1
1
1
319
1
1
1
1
1
1
4
3
1
1
1
1
3
5
1
1
1
1
1
1
1
1
1
1
5
1
1
1
1
1
1
3
1
1
1
1
1
3
1
1
1
1
2
1
7
54
2
2
2
10
1
4
2
2
1
1
33
1
1
7
2
2
1
1
1
5
2
1
1
1
1
1
3
1
1
41
3
103
1
1
1
1
29
1
3
1
1
1
1
1
2
5
1
1
1
1
3
1
5
4
1
1
2
1
1
1
2
1
51
1
1
1
1
7
15
2
1
14
1
1
5
1
1
2
7
14
1
2
1
1
1
1
1
2
4
1
1
1
2
1
1
1
1
6
1
1
3
1
1
3
5
16
1
2
1
2
9
1
1
104
45
56
1
4
1
1
5
1
1
3
4
2
2
3
1
1
1
1
1
1
8
1
1
1
1
1
1
1
4
1
1
1
1
1
1
3
1
4
2
1
1
50
10
1
1
1
1
1
1
2
17
1
1
1
2
1
2
1
22
1
1
2
1
1
2
1
115
2
3
1
1
1
1
1
1
1
1
1
1
1
1
1
2
1
31
1
1
1
2
1
23
1
1
1
6
1
1
1
1
2
1
1
1
1
1
1
2
19
1
4
11
1
1
8
1
2
7
1
2
1
2
1
9
5
4
49
1
1
4
4
1
3
1
9
3
15
1
11
21
1
1
26
2
5
1
20
1
5
1
3
1
1
2
2
1
1
2
1
17
1
1
1
1
1
1
1
1
1
7
1
1
3
1
95
1
1
2
1
1
3
2
9
1
2
4
2
2
1
1
3
4
3
6
2
3
5
49
4
1
17
1
30
6
9
16
2
93
3
7
28
11
11
25
48
1
10
121
16
5
15
13
3
1
2
5
2
2
12
20
1
17
24
136
3
1
1
11
2
3
1
6
11
9
5
1
3
1
22
1
2
1
3
8
3
1
6
1
17
3
9
17
1
15
13
1
2
1
1
3
1
1
2
1
3
9
64
2
3
5
1
2
34
1
1
2
33
2
3
10
1
64
1
1
2
2
1
24
2
32
30
9
47
12
1
1
1
72
1
97
1
1
4
1
1
2
1
6
1
43
2
2
1
10
5
2
1
1
1
1
1
1
1
2
1
1
2
2
1
1
1
2
1
1
15
1
1
1
1
1
1
1
1
5
1
92
1
1
1
1
1
2
1
1
1
1
1
6
5
14
6
8
1
4
1
33
206
59
2
6
28
1
1
22
1
7
1
1
8
49
1
3
31
1
2
67
1
1
1
2
8
1
2
1
7
54
1
1
1
2
1
3
1
1
2
1
3
1
2
1
1
1
1
1
239
1
1
1
1
1
1
6
2
1
1
12
1
2
1
1
2
1
1
1
1
20
16
1
1
51
1
1
3
1
1
3
1
4
23
1
3
3
5
118
8
1
1
1
3
1
1
1
1
1
1
1
1
1
1
1
1
1
4
1
4
1
4
1
1
1
7
1
4
55
1
1
2
2
28
5
3
1
2
1
2
1
1
5
1
1
196
30
1
26
1
1
1
1
3
4
14
1
1
1
1
1
1
2
5
1
1
1
1
1
2
1
1
1
1
3
13
8
6
3
1
1
14
1
3
1
1
7
2
8
37
1
1
4
30
1
5
27
58
1
1
3
1
2
1
1
2
1
1
1
1
1
2
1
1
1
1
3
2
3
2
1
1
2
1
1
3
12
1
2
22
4
2
1
1
1
1
1
1
1
1
2
1
1
1
1
1
1
1
1
7
1
4
1
1
77
1
30
8
3
2
11
1
2
79
1
2
6
3
1
166
1
1
4
2
1
1
1
1
1
1
1
3
1
1
1
1
1
1
5
2
1
2
2
15
1
1
25
1
2
1
1
14
2
2
1
9
3
1
23
2
1
7
1
4
3
1
1
1
5
1
8
1
3
5
54
1
8
13
2
2
1
25
5
1
16
6
1
1
1
17
1
1
20
108
1
18
1
1
1
1
1
1
1
2
1
1
4
13
3
2
5
50
1
3
1
23
1
1
2
1
23
1
5
1
1
155
2
1
1
1
1
3
9
22
205
1
2
1
1
4
23
2
1
1
4
31
1
9
1
3
182
2
2
9
6
1
1
1
1
1
1
4
9
6
7
9
3
3
1
4
13
1
5
3
6
2
1
1
1
2
11
7
8
39
1
8
1
1
1
1
7
3
9
2
2
11
5
1
72
1
2
1
1
1
1
1
1
2
3
1
3
1
4
1
6
1
1
9
2
1
2
1
1
18
1
1
1
1
1
5
2
15
1
2
1
2
1
1
1
1
1
3
1
1
1
1
6
1
2
1
2
1
1
1
59
1
12
4
30
36
1
1
3
2
10
3
4
2
3
1
1
3
9
2
1
2
2
1
25
2
2
95
1
1
1
2
1
1
2
2
3
1
2
2
57
1
1
1
1
1
2
1
1
2
37
8
1
5
21
2
11
3
1
1
5
5
17
1
4
2
3
1
1
4
1
1
10
1
1
2
1
3
20
1
1
7
1
1
1
1
32
1
1
2
1
1
1
1
20
1
1
1
4
1
1
11
1
1
1
17
1
1
2
1
1
1
1
1
1
23
1
31
1
45
2
120
1
1
141
1
4
1
1
2
1
1
1
1
1
1
8
11
1
1
1
18
1
1
60
1
1
1
1
3
2
1
2
3
2
1
1
1
2
1
1
1
1
1
23
8
1
3
1
1
16
2
3
1
1
1
1
1
3
1
1
1
1
2
2
2
2
1
1
2
1
1
1
1
1
1
1
1
1
1
1
50
2
1
5
3
93
37
2
7
6
1
1
4
1
50
2
1
264
3
1
1
1
18
1
4
1
4
1
11
1
1
1
9
7
4
6
47
2
1
1
15
7
4
1
1
1
1
1
1
1
1
1
1
21
1
18
2
1
1
1
3
1
1
1
1
1
1
9
1
1
13
22
1
5
1
6
1
8
1
9
1
1
3
18
22
5
4
5
3
1
1
2
3
7
2
2
11
1
1
48
1
1
2
4
2
2
24
1
2
1
1
8
1
1
3
2
5
4
2
1
46
5
1
1
15
1
1
1
1
42
2
1
9
1
1
8
1
13
6
1
1
1
1
4
2
1
4
1
36
5
4
3
1
1
1
2
1
1
1
4
3
1
11
3
1
1
1
4
1
1
1
7
1
216
6
1
1
2
1
2
1
1
1
2
89
3
1
1
1
1
69
1
1
1
3
2
1
2
2
1
2
1
9
4
1
1
2
7
1
1
4
2
2
1
40
3
26
1
2
15
3
1
1
2
2
1
4
1
1
1
68
1
11
11
2
1
3
1
13
1
1
1
1
1
1
2
1
1
5
1
1
15
338
1
3
1
5
1
1
11
1
56
4
1
1
38
34
1
1
1
1
1
1
2
78
51
2
1
20
1
17
1
1
14
54
3
1
3
1
1
14
2
2
22
3
8
11
1
1
1
1
10
6
1
16
1
1
4
1
1
4
1
1
1
3
1
6
1
1
1
3
1
5
1
10
1
1
1
1
30
1
17
1
1
1
1
1
1
1
1
1
1
3
1
4
1
250
1
18
4
1
3
6
7
1
1
1
1
1
1
2
1
7
2
1
26
1
2
3
3
1
3
4
1
1
3
1
1
1
1
2
1
1
1
1
1
13
3
1
252
3
1
54
27
1
14
1
1
1
2
3
2
14
2
1
227
1
1
23
1
6
2
1
2
5
1
6
2
60
1
1
1
2
1
2
1
1
1
1
1
1
9
3
1
1
2
1
2
1
3
1
1
1
1
1
6
4
1
1
1
2
1
1
50
3
1
1
1
1
6
7
2
6
1
1
1
1
1
1
1
91
1
7
1
1
1
1
45
10
1
1
5
4
1
1
6
3
1
1
1
1
1
1
2
1
1
1
1
1
2
1
1
1
1
1
6
24
1
10
1
7
28
3
1
3
4
43
2
3
2
8
2
1
1
23
22
2
24
1
4
5
26
3
1
1
6
22
6
12
2
2
1
10
3
2
2
4
1
1
1
4
1
1
10
2
1
1
3
1
2
1
1
127
1
1
1
5
2
4
1
5
3
1
1
1
17
2
1
1
11
1
1
11
1
21
1
11
1
6
6
3
1
12
10
1
5
2
1
2
1
8
2
32
2
3
6
1
16
2
1
7
16
2
4
13
5
23
1
3
1
1
1
1
10
2
1
3
5
6
3
1
14
2
316
2
1
1
1
1
1
1
1
1
8
1
2
1
1
1
6
4
28
1
2
1
1
1
1
1
1
1
1
1
3
1
1
10
133
1
13
5
2
2
1
1
5
33
8
1
5
1
1
25
1
4
4
3
2
1
54
2
5
2
3
1
4
1
1
1
3
1
1
1
2
3
2
1
8
1
1
3
5
4
16
4
1
1
1
1
1
1
2
1
1
1
1
2
1
5
1
3
1
1
1
1
1
7
2
2
4
1
10
1
4
5
1
1
1
1
1
1
37
1
4
7
5
1
3
6
1
1
1
1
7
1
1
2
1
4
1
1
28
1
1
2
3
1
3
5
4
1
1
6
2
5
3
1
11
33
12
1
4
1
45
8
2
1
36
1
1
4
1
1
1
1
3
1
1
7
2
5
1
1
1
1
1
275
5
1
3
222
27
4
1
1
22
2
3
8
1
8
1
1
1
1
1
2
3
3
10
7
1
1
16
1
1
3
1
3
3
1
1
3
1
1
267
1
3
1
1
1
4
3
5
1
1
1
1
1
1
1
1
1
1
6
1
1
1
1
161
1
3
1
1
1
1
1
3
1
1
1
39
1
1
2
22
1
1
1
1
1
201
3
2
1
1
1
1
1
2
2
6
51
4
4
1
3
4
6
1
1
10
1
12
318
13
2
3
1
1
1
1
1
1
6
2
1
2
2
8
1
1
11
1
2
1
1
42
122
3
5
1
1
1
1
2
1
1
1
49
1
1
1
4
6
1
1
7
1
1
2
1
16
1
1
13
28
4
2
11
1
11
2
4
1
1
2
10
1
1
1
1
1
1
6
10
2
4
1
20
1
8
1
1
1
9
18
2
3
1
1
49
1
8
4
1
1
1
2
5
1
1
2
12
1
1
96
1
1
2
1
4
1
2
1
1
1
1
3
3
1
1
1
2
1
7
1
1
1
1
1
1
3
1
3
1
1
3
1
1
2
3
2
2
2
19
2
2
35
1
1
1
2
1
11
1
6
1
1
1
71
4
1
1
3
1
1
1
1
1
78
1
2
1
1
1
1
2
1
1
1
17
1
1
89
1
13
1
2
1
1
2
1
1
1
15
2
3
1
5
6
2
3
2
1
1
1
1
1
1
40
1
37
1
18
94
1
9
1
69
2
23
6
2
22
1
1
4
6
150
2
1
1
1
1
2
1
1
2
1
16
2
1
3
1
1
1
55
1
1
1
1
103
10
2
1
1
2
1
1
1
1
140
1
6
1
96
3
1
3
5
1
3
1
5
1
1
1
176
2
6
75
35
8
29
2
2
8
1
1
1
3
1
1
1
7
1
1
1
2
3
1
2
41
1
1
1
3
45
1
14
24
1
1
2
1
1
2
17
3
1
2
2
1
1
2
1
1
1
1
3
1
2
2
14
1
1
1
5
74
1
1
1
2
1
1
2
5
6
1
1
19
1
1
1
1
1
2
15
3
3
3
1
1
2
240
1
26
2
2
1
12
12
1
4
3
1
10
22
37
2
13
8
3
4
11
1
2
3
2
1
1
1
37
1
1
1
1
1
1
1
5
1
8
1
1
1
1
8
1
1
2
2
1
1
5
9
4
1
5
1
1
6
2
2
2
2
2
2
7
3
2
1
6
5
1
1
1
7
3
1
8
1
1
4
1
1
3
3
1
4
221
8
1
10
1
4
1
2
1
3
8
5
1
3
1
2
1
5
2
1
1
1
1
1
1
1
1
1
1
1
2
8
3
4
88
1
1
7
11
1
6
5
3
1
1
1
3
4
1
2
1
3
1
11
1
6
1
1
273
5
1
4
3
2
1
2
2
1
3
1
87
4
1
1
1
38
1
2
1
2
3
1
3
14
3
2
2
10
1
2
2
4
4
2
2
1
2
2
4
1
1
2
1
1
1
1
1
1
3
1
2
1
1
15
2
1
1
3
29
6
1
5
11
3
1
3
15
12
1
22
1
72
2
30
1
1
2
2
1
1
1
2
1
85
18
4
1
1
8
1
8
4
3
59
1
2
1
1
1
1
5
1
1
1
5
1
3
32
6
1
2
12
2
2
1
3
1
2
1
1
4
1
30
1
2
57
1
1
1
10
1
1
2
1
6
12
6
1
1
2
1
1
1
1
2
66
1
1
3
1
1
1
12
1
2
2
1
2
8
6
1
1
1
9
3
3
2
1
64
6
3
11
9
2
2
5
7
1
5
1
1
1
1
4
1
1
49
1
3
10
2
13
1
1
1
2
8
1
7
8
8
5
1
3
2
1
1
1
1
18
1
1
12
17
1
1
1
7
1
1
8
2
1
1
1
62
2
1
1
1
1
1
1
1
1
11
1
1
1
2
1
3
2
1
2
1
8
2
43
1
1
2
1
3
1
95
2
2
2
1
1
2
1
4
5
1
2
1
16
2
1
1
1
1
2
1
77
13
1
1
2
1
2
1
1
1
1
2
29
1
2
3
1
5
1
5
2
2
1
1
1
1
2
1
1
1
1
1
1
1
1
1
1
9
1
5
10
1
2
1
1
1
6
1
1
1
3
31
1
5
1
1
1
1
1
1
1
16
12
2
5
75
15
25
1
2
2
2
3
1
9
6
3
1
1
1
26
1
1
2
6
30
1
2
39
1
1
3
5
2
1
9
22
1
1
1
1
1
1
1
1
1
1
34
1
2
2
1
1
2
2
1
1
1
2
2
1
2
5
2
1
2
5
2
4
1
2
1
2
5
2
23
1
1
1
2
1
2
2
9
1
3
118
20
1
1
1
1
1
9
1
1
1
1
8
1
4
1
1
1
2
2
2
1
16
1
7
1
2
1
2
1
3
1
2
1
8
1
37
1
1
12
3
3
1
1
5
1
1
2
2
6
3
5
1
3
35
33
2
6
4
2
1
1
1
3
4
1
1
1
4
3
1
2
47
4
3
2
2
1
1
1
1
12
1
1
10
1
4
1
1
1
2
84
6
1
4
2
1
1
1
5
1
2
2
4
28
1
1
2
1
3
1
13
5
2
7
9
2
16
7
2
32
20
28
1
2
2
4
40
3
9
1
1
5
1
18
3
1
1
2
1
2
1
1
3
4
1
10
1
1
1
35
19
1
3
4
10
10
3
1
1
2
1
1
11
1
1
3
8
2
4
7
2
58
1
4
2
2
6
161
1
1
1
3
3
1
1
1
32
1
1
92
7
1
1
6
11
2
1
12
3
2
5
12
1
1
2
2
1
2
1
1
1
17
1
10
2
1
18
3
1
2
1
28
1
28
3
4
1
1
2
1
1
1
6
1
1
2
1
3
2
4
2
1
4
1
14
13
1
1
1
20
1
1
4
11
2
1
1
1
1
2
4
1
5
1
1
2
2
8
1
1
1
1
2
1
1
1
1
2
2
1
1
2
1
1
1
1
1
1
2
9
1
1
1
1
1
1
1
3
1
1
5
1
5
1
1
5
16
1
7
1
3
12
1
1
1
2
1
190
1
2
1
1
1
1
2
7
1
2
2
3
1
15
4
1
1
4
3
1
1
1
63
3
2
1
3
10
12
1
1
1
20
1
4
1
7
1
1
1
1
1
1
1
4
2
6
3
1
1
58
1
5
7
5
2
2
2
1
10
2
13
15
1
1
1
7
12
3
1
4
5
1
1
2
1
3
1
1
3
2
1
1
4
2
2
1
4
2
17
2
1
1
1
3
58
1
2
11
10
10
1
1
1
6
1
1
1
3
16
9
22
2
4
1
3
1
1
2
5
58
1
2
1
2
1
1
7
22
7
1
5
42
73
2
2
11
2
1
8
2
1
39
3
1
11
1
2
1
2
1
1
14
4
12
2
6
2
1
1
1
10
2
1
2
3
1
1
1
4
17
1
1
1
1
1
1
2
62
14
4
2
1
1
1
7
2
4
9
3
1
5
3
1
6
3
1
3
1
1
2
1
1
1
1
6
1
1
1
1
2
1
10
1
1
2
1
1
1
1
1
1
1
1
1
3
1
2
1
46
9
2
27
1
1
2
1
1
2
8
1
1
1
1
1
1
3
13
3
1
1
5
7
9
22
1
4
2
1
1
2
26
1
82
3
1
2
1
1
87
42
1
111
1
1
1
1
4
1
4
1
1
354
1
2
8
20
1
75
1
1
1
2
175
4
1
1
2
2
1
1
124
43
2
1
1
10
1
1
1
1
1
1
14
1
1
1
1
1
13
172
1
3
1
23
1
62
2
1
1
1
1
1
1
2
3
1
1
2
1
1
1
4
1
1
1
1
4
1
2
5
1
1
1
3
1
5
3
2
1
1
1
1
2
1
1
1
1
2
1
1
1
4
3
58
3
2
38
3
2
1
5
5
6
3
1
1
2
2
6
1
5
1
5
1
63
1
1
1
17
1
1
1
7
4
1
21
2
1
1
4
1
12
48
1
10
4
1
18
11
8
28
43
1
12
6
7
1
41
1
1
5
1
1
111
3
17
1
15
26
2
2
1
1
2
2
1
2
1
1
1
2
2
4
1
3
2
2
2
3
6
9
2
1
8
2
1
4
1
7
2
14
5
2
1
44
2
12
29
2
3
1
1
10
3
12
114
1
1
2
1
9
1
3
1
2
7
7
1
1
1
5
1
1
5
1
1
1
10
2
2
1
1
1
102
2
6
1
10
70
1
4
1
8
1
1
1
1
1
7
5
2
3
2
9
9
1
22
2
1
5
2
2
35
2
11
1
3
10
1
1
18
1
1
1
1
2
3
1
1
5
2
1
1
1
1
3
3
1
3
2
1
2
2
1
3
1
2
1
1
1
1
266
12
2
1
1
1
3
28
2
8
9
3
2
1
4
1
1
1
1
8
8
2
9
1
1
1
1
10
1
2
4
6
11
1
1
11
1
1
2
1
10
1
28
1
1
1
4
1
1
1
1
1
55
1
1
3
1
3
1
3
1
1
3
1
1
1
1
37
1
1
2
1
132
4
5
3
1
16
1
1
1
3
5
4
5
2
6
3
7
1
1
1
1
1
1
1
2
1
1
1
2
2
10
1
1
2
1
2
10
1
1
2
15
2
156
1
1
1
1
1
1
1
79
2
1
1
1
1
1
17
1
1
1
1
1
7
4
2
3
2
16
2
1
19
1
7
1
2
1
7
1
1
1
1
1
4
13
1
34
1
2
2
2
6
2
11
1
1
1
2
1
1
2
2
1
6
1
1
3
2
1
39
1
1
1
4
5
6
4
1
1
1
1
1
1
1
2
1
1
1
63
2
3
8
14
23
1
6
1
1
4
1
7
1
4
1
2
1
1
2
1
1
1
4
1
1
1
2
1
1
1
1
1
1
2
2
1
1
1
1
1
1
1
1
1
2
4
1
30
1
1
1
1
1
1
1
4
2
1
1
1
1
1
1
1
1
2
1
13
4
1
1
1
1
1
1
1
1
1
1
2
1
1
8
1
5
4
1
8
1
2
10
1
3
4
1
3
1
2
1
1
1
3
1
2
1
11
1
4
1
2
1
6
9
5
16
3
2
10
1
9
4
2
76
2
1
1
1
1
1
1
1
4
4
1
20
2
1
4
1
5
1
1
6
5
1
1
1
128
1
3
9
6
2
1
2
1
188
1
1
5
17
1
1
21
4
8
1
1
2
2
1
2
2
1
2
6
5
32
20
4
1
3
7
2
1
7
1
65
1
4
6
2
3
1
5
1
1
18
16
8
4
1
1
3
8
1
1
2
8
3
2
3
1
3
2
3
2
2
1
6
1
5
12
1
2
1
3
6
1
1
2
2
4
1
3
5
2
1
1
4
1
4
1
1
2
1
1
1
32
2
2
1
3
1
19
3
15
1
2
2
1
10
3
1
4
1
5
1
10
1
30
1
6
1
12
5
11
1
42
1
12
4
6
2
13
2
10
1
48
12
3
1
1
33
3
1
10
1
1
1
4
9
1
2
1
50
13
5
1
70
2
1
1
2
3
15
3
3
3
1
1
6
1
2
24
21
1
14
2
2
39
85
4
2
56
14
25
1
1
1
6
1
12
2
3
1
4
1
1
9
2
1
7
4
1
4
1
2
1
2
5
1
5
1
5
6
1
2
81
3
1
54
2
1
1
2
1
1
9
3
1
2
1
1
19
8
1
11
5
1
86
14
1
1
1
1
4
1
1
52
141
76
8
1
9
4
16
3
5
1
23
20
1
8
12
1
1
4
3
3
36
4
19
8
4
9
2
5
30
7
2
3
4
1
1
4
9
1
2
1
18
1
61
1
1
7
1
86
30
1
64
37
13
1
10
2
9
1
1
1
2
180
1
15
1
1
2
54
1
9
73
47
11
1
1
9
2
1
2
1
1
7
8
32
6
81
5
6
3
1
1
1
3
2
2
3
1
1
4
1
2
4
1
1
1
6
5
161
3
1
4
1
2
4
9
1
1
2
1
1
1
1
1
3
2
3
13
1
2
2
3
1
1
28
11
1
2
10
1
1
13
26
1
3
1
1
106
1
1
3
1
1
3
3
1
2
4
1
1
1
1
1
5
1
3
1
1
1
5
1
93
1
1
5
1
3
1
7
3
1
13
1
20
5
1
1
2
1
1
3
2
3
3
1
3
8
1
13
1
1
10
6
2
1
2
14
1
10
2
1
1
2
5
1
10
2
19
19
18
4
7
1
4
21
17
2
2
3
3
7
2
1
2
1
1
2
1
6
10
3
2
1
1
2
7
1
2
2
1
6
2
1
1
23
5
12
7
1
2
12
8
8
2
8
1
3
1
1
1
2
1
7
1
220
2
1
13
1
8
10
6
4
4
6
1
2
1
1
35
1
1
1
1
5
2
3
6
1
1
47
3
5
3
1
6
15
3
3
2
15
1
2
4
1
1
1
6
1
2
9
2
8
3
1
1
6
1
6
8
1
1
5
1
2
1
12
1
1
97
1
1
2
1
1
38
50
1
2
1
11
1
1
1
4
1
1
1
1
326
1
1
5
9
1
1
1
1
1
3
1
4
5
1
1
1
1
1
3
3
13
3
5
4
1
1
2
1
1
1
17
1
2
17
1
7
1
2
1
1
2
3
45
1
1
1
1
2
1
1
1
1
136
3
6
1
11
1
1
1
1
2
1
1
1
1
1
34
9
1
2
22
11
5
3
1
29
2
25
5
2
2
1
2
1
1
1
48
1
11
2
1
1
1
10
1
4
1
1
3
4
3
1
1
3
1
2
1
1
22
1
3
5
3
1
1
1
20
1
1
19
2
1
79
1
3
1
7
1
1
2
22
2
1
6
8
5
8
3
2
1
1
1
2
1
1
1
1
2
40
1
8
1
3
1
2
1
1
2
3
1
1
3
1
3
1
1
3
11
3
1
1
1
1
2
1
1
1
1
1
2
3
2
4
2
1
1
7
1
3
3
26
3
1
4
6
1
1
1
2
1
1
1
1
1
51
2
1
7
1
1
7
1
3
2
19
2
4
1
1
56
16
1
7
1
1
13
1
39
1
1
2
2
6
2
59
4
1
1
20
1
22
2
2
13
1
1
1
21
2
4
2
2
1
7
1
1
1
1
10
2
145
1
1
1
43
1
1
1
1
1
10
54
1
1
1
1
1
1
1
3
1
5
2
1
1
1
4
51
1
2
1
1
2
1
24
20
1
1
3
2
1
10
24
303
6
1
1
1
1
1
2
13
1
3
1
1
2
2
1
2
1
1
3
1
1
1
1
1
2
1
2
1
2
1
1
5
1
1
4
1
6
1
2
1
1
1
1
1
1
5
1
1
4
3
1
2
1
4
1
1
1
2
1
1
1
3
1
1
2
1
6
1
1
4
1
4
1
1
1
1
2
2
1
7
3
6
2
54
2
2
6
1
1
1
1
1
3
1
1
2
1
1
1
1
1
1
2
2
2
1
2
2
1
1
2
1
1
1
1
2
1
1
2
1
1
2
1
259
1
1
1
4
4
2
1
7
1
3
1
4
3
2
11
7
6
1
8
1
1
43
1
1
1
1
1
1
111
1
1
1
2
2
1
1
1
2
101
1
1
43
1
1
1
1
1
1
1
1
5
4
1
56
1
4
3
3
1
3
3
1
3
5
1
1
1
5
1
2
2
1
1
1
1
1
1
28
1
1
1
1
2
1
3
1
1
1
2
1
1
2
2
5
9
1
1
2
1
8
3
1
1
34
8
2
1
1
2
2
1
2
2
1
1
5
2
1
2
1
1
8
1
1
5
1
20
1
3
1
1
246
3
2
2
1
1
1
2
2
1
1
3
1
1
3
1
70
1
2
13
41
1
161
19
21
4
171
1
3
130
20
9
61
88
2
1
3
2
1
1
1
3
5
42
1
1
2
17
2
41
1
2
2
3
1
1
3
12
1
3
6
1
5
2
224
2
6
1
3
2
17
2
2
1
1
1
8
2
2
13
7
3
16
19
17
5
1
7
1
1
1
1
1
1
5
5
2
1
2
1
1
1
6
1
9
20
9
1
1
8
1
1
1
2
1
1
1
1
2
1
82
319
1
1
1
1
1
33
3
1
1
37
50
1
1
1
4
1
1
1
1
1
30
1
1
12
11
18
2
1
1
9
9
1
167
2
9
3
1
1
8
3
1
1
1
1
52
1
2
1
3
31
13
45
16
3
1
1
4
24
4
3
1
5
1
2
1
1
1
1
11
1
1
1
3
11
3
8
1
1
1
1
3
6
12
1
19
2
1
1
8
1
42
1
23
1
2
2
1
2
54
3
12
1
1
2
1
46
1
4
8
235
2
5
9
2
1
1
1
1
1
1
1
1
2
2
1
1
3
17
4
1
2
1
4
1
15
1
2
7
4
63
22
1
5
4
5
98
17
14
17
15
9
1
1
25
2
1
2
12
12
2
2
5
3
13
4
1
1
1
25
3
7
3
1
2
1
8
2
1
1
1
13
1
13
13
3
1
1
6
5
14
2
1
17
5
4
1
8
2
3
1
8
1
6
7
1
10
1
15
1
3
18
1
5
1
2
1
11
1
1
1
3
1
4
2
2
5
5
1
2
2
1
13
3
9
3
2
1
2
1
1
1
13
1
1
1
1
1
1
1
2
14
1
3
1
6
1
9
28
19
44
10
1
1
4
14
1
85
1
1
2
105
3
1
2
32
1
4
1
3
67
1
2
6
180
31
1
2
12
21
1
31
10
2
1
1
1
1
92
4
1
49
1
21
1
1
3
1
3
41
2
44
2
3
4
1
13
1
1
14
1
3
1
4
7
3
6
15
2
7
4
1
11
5
21
1
6
5
1
12
40
5
1
85
1
3
24
42
1
4
4
41
10
5
1
1
1
3
108
1
252
4
2
1
22
6
3
17
1
6
10
1
110
3
40
19
57
51
4
2
28
15
2
186
1
8
32
20
5
1
12
1
1
4
12
1
2
2
19
183
6
14
26
6
6
14
1
3
12
6
1
1
1
1
2
1
1
3
1
2
1
1
1
323
2
1
1
1
1
1
1
4
1
1
15
1
1
1
3
3
1
1
46
2
4
1
1
7
7
14
1
2
1
1
1
1
1
6
2
1
1
1
1
1
2
40
11
2
3
1
5
1
1
1
154
1
1
1
2
2
1
1
5
1
1
1
1
3
2
1
1
1
72
16
1
2
5
8
1
2
10
6
2
1
15
17
7
8
1
3
1
3
1
4
1
2
2
2
7
4
1
1
4
1
1
3
1
1
1
1
1
1
12
37
1
1
1
12
1
3
2
1
2
1
1
1
1
2
1
1
1
1
1
1
19
3
1
1
1
1
2
10
20
2
1
1
1
1
1
1
1
1
1
1
1
1
5
2
1
1
30
2
1
1
1
1
1
1
3
2
2
1
1
1
1
3
1
1
2
2
1
1
1
1
1
1
1
3
1
1
3
2
1
1
2
1
1
2
2
12
2
1
1
1
1
37
1
1
2
1
1
1
3
1
1
7
1
3
1
1
1
1
4
3
2
2
1
1
1
1
1
1
1
1
1
1
2
2
4
3
11
3
3
1
1
2
1
1
1
1
1
8
4
61
9
11
4
2
5
4
2
3
28
3
2
1
1
17
1
29
1
1
1
1
12
1
1
1
2
1
1
1
6
1
1
2
2
6
18
54
12
2
2
4
2
6
23
10
1
1
450
3
1
8
1
1
7
1
1
1
1
4
1
2
1
4
1
1
5
1
1
4
8
1
3
1
1
2
1
1
1
1
1
1
1
5
2
1
4
4
1
1
5
2
15
1
1
1
2
13
1
107
12
7
2
1
2
1
135
3
1
2
2
1
2
1
1
1
1
1
2
1
1
1
14
3
1
1
1
1
1
1
4
1
53
8
54
1
1
1
1
4
1
1
3
1
1
1
1
1
59
5
1
7
1
1
419
2
1
1
31
1
1
3
2
1
1
1
2
1
1
1
1
40
2
1
1
1
1
3
1
1
1
2
1
1
23
1
2
39
1
1
1
2
1
1
11
2
2
1
1
3
4
1
1
1
1
2
2
1
1
1
1
1
1
13
7
1
3
1
1
3
4
35
1
1
91
1
3
1
2
2
1
1
1
1
4
2
20
2
1
5
4
1
1
11
6
1
37
1
140
2
13
1
1
1
5
8
1
1
1
1
3
3
1
6
36
1
3
7
50
1
13
1
36
2
1
1
1
1
1
1
1
9
1
9
1
10
7
1
1
1
6
8
7
3
5
8
1
1
2
1
176
1
1
1
1
5
4
2
2
1
1
1
1
3
3
1
2
39
1
8
1
1
1
1
1
1
1
3
1
2
3
2
1
1
4
5
61
1
1
81
1
20
1
1
1
46
2
1
3
1
171
1
1
76
5
6
1
1
2
1
6
1
3
1
1
1
1
23
1
1
2
2
6
1
1
1
1
1
2
4
4
3
2
2
5
4
2
1
1
3
1
2
1
1
1
15
1
1
1
1
2
1
1
1
3
1
22
1
3
10
2
1
1
1
3
1
1
1
158
1
21
4
6
1
1
1
4
1
3
5
7
1
1
7
1
14
24
1
1
1
1
3
1
1
1
1
28
1
2
1
3
2
1
1
1
2
2
1
21
45
9
1
11
3
1
76
1
1
6
1
1
1
1
3
1
2
1
2
1
1
1
1
1
1
6
1
1
1
84
3
1
1
1
2
1
3
2
1
1
3
9
1
2
5
7
3
1
2
33
2
2
74
48
5
4
3
2
1
1
11
1
3
2
23
2
1
1
1
1
3
14
1
1
16
3
4
3
2
4
1
4
1
15
1
4
1
2
22
1
1
1
77
1
9
1
4
2
2
5
11
2
1
3
89
1
1
1
42
4
47
2
1
18
1
1
2
112
10
1
1
13
1
3
1
29
2
20
1
1
4
1
1
1
3
2
18
1
63
4
4
1
1
33
5
9
52
1
11
3
6
12
12
7
2
35
3
90
36
9
8
1
1
6
2
23
42
7
10
239
5
18
16
11
1
27
6
4
1
7
41
1
1
11
3
2
3
2
1
17
1
1
1
1
112
3
1
5
1
1
7
2
19
11
1
1
1
1
1
1
2
1
1
1
65
1
1
1
5
3
1
4
1
6
47
4
1
21
1
1
2
1
5
1
5
26
1
8
1
2
8
1
2
1
2
1
1
1
4
2
2
1
3
1
1
2
1
2
1
18
1
1
2
8
2
6
5
1
1
1
1
1
15
1
1
1
1
2
18
1
108
1
1
1
1
2
5
2
1
6
2
1
1
1
2
2
1
1
1
2
15
1
1
1
1
1
3
1
1
1
1
1
1
1
1
243
205
207
1
1
1
1
1
11
164
1
11
1
1
1
1
1
20
1
2
1
1
1
1
2
3
4
1
1
2
5
2
1
1
1
1
1
1
1
1
1
1
10
1
1
1
1
1
29
1
1
1
5
1
1
7
1
1
1
1
5
3
9
1
2
33
2
5
9
1
1
1
1
26
1
1
1
197
1
3
1
123
1
1
3
1
1
1
159
1
14
8
11
1
1
1
1
1
3
5
27
1
1
1
2
1
1
1
1
1
1
76
1
1
4
1
1
2
1
2
2
1
134
1
1
2
1
1
2
1
11
72
6
1
1
2
1
2
2
3
1
6
5
1
1
1
1
90
1
1
14
1
1
2
2
1
1
1
3
2
1
1
1
1
1
1
1
3
3
3
30
44
1
1
1
1
1
1
1
1
4
1
1
1
77
1
1
1
1
1
1
1
1
1
183
52
1
1
1
32
1
4
1
1
1
1
5
4
1
1
6
1
40
20
31
2
1
1
1
1
1
1
1
1
11
1
238
12
2
1
41
2
1
6
1
1
1
1
1
2
1
1
1
1
1
24
1
1
1
1
6
1
24
1
1
1
1
1
1
1
1
1
1
1
1
1
1
1
1
148
94
1
3
1
1
1
6
1
1
1
1
1
2
3
5
1
3
1
1
1
1
1
1
2
30
24
2
4
3
7
5
2
1
1
11
194
2
18
10
1
3
22
2
1
1
4
1
1
207
1
1
35
1
2
1
6
2
1
1
1
1
207
2
1
1
1
1
1
3
29
6
1
1
4
7
11
1
1
5
2
1
6
3
54
1
2
4
2
1
1
1
1
34
3
1
17
1
1
1
93
1
1
3
135
5
1
1
1
1
3
23
1
11
1
1
1
1
3
1
1
32
1
1
7
60
1
1
1
6
5
1
7
1
1
1
52
117
1
2
1
4
22
1
1
1
1
1
1
1
1
1
1
19
2
20
3
1
34
10
1
1
1
1
1
1
3
16
5
11
39
2
1
1
1
1
1
1
9
11
5
4
34
1
1
1
1
3
3
1
3
1
61
9
2
29
1
1
1
1
1
2
2
1
2
4
376
9
4
1
4
1
1
2
1
1
8
2
1
2
3
5
1
1
1
2
2
1
1
2
1
1
7
1
1
1
2
1
1
1
1
1
2
1
5
8
5
1
1
3
1
2
1
1
1
3
2
1
1
1
1
1
1
1
2
1
1
1
4
1
9
1
1
1
1
40
177
1
1
1
2
25
107
5
1
1
6
10
1
6
5
2
2
1
1
1
91
11
11
2
9
4
1
1
1
1
1
1
1
23
1
10
1
1
1
12
1
1
1
1
1
1
1
1
1
1
26
1
1
2
3
1
1
5
1
1
42
2
40
9
2
9
2
1
1
1
4
1
1
1
2
5
2
1
2
1
1
5
1
2
4
1
1
2
6
2
1
1
1
1
2
28
10
2
10
1
1
2
1
1
1
1
4
1
7
17
1
2
20
12
1
2
2
1
1
18
3
1
1
2
1
2
1
3
4
1
3
1
18
1
51
1
1
1
56
1
7
5
2
6
1
1
1
1
1
18
88
4
1
6
3
1
1
1
1
11
6
7
3
1
3
2
13
1
5
12
1
1
1
1
2
1
2
1
1
9
3
1
1
1
1
1
5
3
2
1
2
9
1
2
4
55
1
1
1
1
1
11
1
1
1
1
1
1
1
1
1
7
5
1
7
1
1
2
1
19
1
4
1
1
1
385
7
1
2
3
22
8
1
1
2
1
1
1
1
1
3
1
1
1
9
2
4
2
2
1
5
1
3
5
1
1
1
1
1
5
12
1
2
11
4
1
4
3
1
1
2
53
1
3
1
1
1
2
1
2
1
1
2
2
4
1
42
2
1
2
32
3
1
1
1
2
150
