12
140
33
2
154
1
50
141
6
9
73
13
16
12
32
4
5
26
5
95
220
92
3
127
2
1
5
5
45
14
5
21
68
6
25
16
3
31
119
1
137
1
4
2
75
4
454
42
1
204
2
35
160
4
1
57
8
14
74
32
17
10
50
1
4
187
114
250
1
1
3
29
1
6
1
20
71
26
69
37
153
8
160
8
9
1
29
5
82
121
217
215
4
1
7
2
19
58
2
26
10
63
14
161
15
37
15
20
38
11
85
1
5
26
12
4
40
86
9
10
114
4
18
119
28
2
1
201
104
1
79
50
5
9
12
71
2
57
31
171
128
6
1
6
14
34
17
123
10
15
114
9
7
46
66
1
4
2
22
165
2
13
14
4
9
1
152
24
97
2
1
9
3
303
1
1
3
92
2
3
54
134
56
7
4
30
38
12
9
30
29
19
167
12
3
4
1
1
165
7
199
76
175
1
28
12
27
13
11
45
35
60
39
3
24
30
144
73
15
5
42
16
1
8
26
59
5
2
4
140
7
1
23
1
49
121
66
9
5
20
6
43
24
140
56
5
3
9
12
89
5
1
2
4
11
88
5
8
35
231
39
66
3
40
6
1
11
77
205
1
134
113
4
2
136
8
1
17
11
4
1
8
77
56
1
2
9
30
10
23
6
179
65
10
7
2
61
1
2
2
88
12
11
157
299
59
37
4
4
2
3
4
2
8
1
2
2
12
3
18
4
29
29
3
3
77
391
100
6
1
5
6
2
29
191
74
6
6
89
3
95
88
25
20
11
79
6
1
4
4
3
7
8
15
102
6
86
2
18
7
181
5
98
13
122
11
24
2
18
1
4
350
40
11
43
38
2
152
3
9
62
46
56
21
115
8
1
11
2
10
3
7
47
315
8
1
160
25
1
24
13
13
10
6
166
2
4
37
5
47
121
1
17
3
183
130
122
61
150
7
1
530
41
75
72
4
72
9
1
19
118
23
38
28
4
5
105
1
31
4
46
11
198
6
46
21
1
20
84
64
1
2
1
5
32
45
46
3
1
86
52
2
13
6
42
2
5
14
59
196
74
8
69
4
22
49
45
35
13
128
1
134
14
1
9
3
214
18
94
7
86
1
4
1
3
1
68
6
2
2
10
26
8
1
2
76
19
34
1
70
57
97
204
148
5
14
76
2
1
3
54
170
29
18
150
54
2
153
86
113
13
22
3
53
1
16
1
2
12
1
10
4
19
22
28
92
19
4
83
6
25
74
4
36
81
108
4
33
155
138
1
20
11
197
2
138
51
2
19
5
26
34
78
57
3
7
14
97
12
6
31
19
197
1
1
63
56
34
22
18
6
14
8
2
6
23
16
123
2
55
4
1
39
33
3
327
6
2
35
8
61
13
5
46
14
12
2
50
182
5
26
168
5
8
130
2
469
2
69
143
5
3
11
1
241
5
8
4
20
3
15
8
3
59
5
12
21
12
2
14
13
10
104
12
9
36
72
114
12
38
31
6
90
1
107
57
180
506
72
1
1
39
128
42
2
1
63
15
82
40
8
1
9
6
123
4
76
66
11
1
58
43
88
11
116
2
26
3
1
8
90
13
186
2
14
91
1
3
66
90
1
83
20
12
89
225
30
2
86
293
104
3
78
40
2
4
60
36
2
1
3
2
51
9
7
4
3
2
4
36
1
76
12
2
21
488
8
2
27
38
77
159
4
52
267
6
60
48
2
1
5
3
18
41
60
152
3
65
3
1
2
11
14
97
38
37
7
1
118
1
20
156
7
5
57
3
1
31
87
2
11
20
2
5
94
10
37
289
69
2
3
2
3
56
29
54
23
29
1
31
89
144
179
52
213
3
132
301
79
77
194
3
66
11
1
2
2
4
26
2
4
2
44
15
10
364
211
153
175
164
76
25
2
4
2
8
3
32
2
83
3
12
28
120
19
12
6
27
85
30
50
2
18
10
11
45
21
15
22
10
2
10
13
3
1
14
6
15
2
93
11
1
10
21
47
18
19
29
176
4
36
10
32
37
7
5
95
18
50
6
6
4
151
3
6
2
1
13
4
36
65
2
3
5
19
2
8
8
9
283
80
3
14
441
1
148
28
86
25
29
1
62
91
34
19
21
117
5
2
110
10
133
81
122
10
129
22
96
81
193
78
40
83
13
1
38
44
12
9
2
25
11
5
7
211
12
105
1
14
6
3
18
16
23
158
249
17
282
6
37
89
156
2
35
39
19
184
9
4
103
4
203
197
10
195
44
38
11
35
34
2
19
133
113
50
200
7
3
45
1
105
226
4
324
15
72
37
107
40
1
39
1
2
85
11
29
6
132
1
33
168
67
1
1
50
7
14
6
3
2
3
28
1
7
3
177
4
8
17
104
13
64
7
9
6
206
48
128
30
6
1
10
25
2
62
122
18
196
3
66
16
89
13
9
26
6
1
37
23
1
63
13
191
2
2
38
3
61
27
18
70
6
23
57
249
17
16
4
91
1
2
109
9
10
12
33
2
5
3
41
29
29
27
32
12
1
2
3
337
277
3
3
20
8
35
3
7
91
3
2
7
14
70
16
486
111
7
3
55
186
1
4
95
58
4
75
3
7
11
112
103
1
11
3
43
113
16
20
2
23
4
9
5
1
33
12
22
203
26
1
17
183
15
3
1
17
2
15
33
35
119
204
540
3
278
2
2
3
18
14
2
4
2
99
9
55
14
4
23
3
1
21
6
1
9
3
95
6
1
20
68
2
30
37
14
83
32
55
7
126
10
28
1
130
17
8
26
41
388
8
2
18
217
5
3
37
81
66
135
4
5
7
2
14
1
150
39
8
3
126
2
3
53
103
127
134
2
1
70
52
17
42
63
4
17
1
34
2
2
46
13
5
137
3
125
8
48
105
3
12
27
131
63
16
14
13
1
85
15
4
1
6
70
60
150
1
47
16
32
10
5
2
45
13
189
2
2
20
45
16
89
7
281
12
15
4
1
6
9
51
62
29
184
125
3
42
79
13
9
29
4
30
27
34
80
52
90
4
10
1
1
79
7
16
140
113
11
14
28
242
2
4
1
73
38
17
38
5
4
75
48
2
4
463
18
2
16
42
6
9
2
5
1
52
10
31
19
22
9
151
69
2
34
2
6
10
12
6
13
13
20
43
3
3
98
480
13
15
7
14
2
3
2
62
9
40
2
27
59
3
129
81
379
12
80
51
47
4
128
201
6
28
4
6
98
1
9
5
42
22
21
2
147
175
23
3
6
4
58
14
2
77
5
391
39
8
19
301
1
78
25
7
87
43
141
23
56
188
142
294
14
1
78
94
1
202
20
1
28
10
2
500
1
33
69
2
1
3
53
4
22
54
193
2
16
59
21
41
1
64
1
12
24
214
323
3
19
8
7
112
1
3
22
6
470
7
30
161
35
33
2
11
1
41
6
22
2
2
5
12
15
8
10
520
5
27
114
2
2
135
173
7
1
2
48
5
6
159
6
17
2
59
5
90
2
215
21
3
6
3
70
5
35
55
9
1
1
56
11
12
11
1
4
32
2
5
22
1
1
51
21
36
9
23
1
133
7
1
23
137
26
1
255
16
40
43
4
24
2
1
101
183
76
4
12
16
32
1
76
407
44
430
3
51
76
1
422
9
51
21
13
2
170
36
18
33
3
11
370
8
22
36
65
7
1
7
19
75
256
169
142
1
3
5
261
8
52
2
15
1
2
2
3
1
15
19
5
71
2
52
85
109
70
67
7
76
26
5
3
6
44
16
1
33
108
6
199
4
3
30
6
89
36
1
1
22
4
1
34
109
82
71
63
105
2
63
39
19
7
16
2
17
41
94
8
5
9
8
8
4
9
13
