1
8
9
1
14
18
129
1
1
221
3
2
2
8
6
15
2
3
4
17
6
9
11
17
2
82
4
2
1
6
1
5
7
7
13
2
14
21
2
7
1
15
6
4
3
18
20
2
2
5
3
21
1
49
1
2
2
3
15
3
10
1
1
9
3
1
21
1
3
4
1
72
178
1
5
49
1
5
79
5
6
2
21
8
1
4
1
31
1
10
1
2
1
78
3
44
11
1
39
5
8
5
3
11
5
29
2
11
2
43
1
2
3
4
23
34
15
2
51
6
87
17
12
3
1
50
1
1
1
1
31
3
3
2
36
1
1
21
1
2
98
5
2
4
5
1
12
1
23
1
2
19
1
19
2
2
16
53
21
3
5
17
1
7
18
1
17
4
1
9
4
5
16
14
1
65
22
14
2
38
10
6
18
32
1
12
39
25
20
3
6
34
4
2
3
7
31
3
3
6
11
4
4
71
2
2
11
13
11
2
3
13
129
67
5
1
2
20
11
1
10
1
2
3
1
1
1
83
3
4
9
8
2
1
4
32
15
43
4
2
3
2
110
9
4
1
64
4
8
4
2
10
49
50
1
7
4
3
28
1
23
1
2
26
1
3
1
3
1
23
3
2
2
50
5
1
2
11
6
19
12
22
20
11
3
62
19
163
42
9
3
5
44
1
9
16
3
2
32
3
8
4
33
1
5
8
1
2
2
30
12
1
23
15
5
8
19
3
54
4
15
6
3
10
6
6
1
4
2
2
17
13
26
33
2
85
13
50
7
1
10
8
137
5
4
4
1
4
28
12
18
4
9
16
8
1
1
28
6
2
153
13
16
2
2
139
1
5
2
3
4
15
1
1
15
3
4
45
4
34
6
22
1
9
35
2
13
7
50
29
201
4
2
2
2
4
1
25
36
6
1
17
1
1
40
2
3
23
1
2
3
20
5
3
43
1
5
3
2
19
2
10
16
4
3
1
6
2
16
2
8
18
2
24
91
16
1
13
47
1
2
10
6
1
1
3
4
2
1
2
4
7
9
5
7
18
3
4
4
27
9
2
10
33
7
14
8
15
26
3
6
13
8
1
3
31
6
2
63
3
1
20
110
6
8
3
44
5
11
2
1
1
6
8
8
7
4
1
1
3
1
13
54
14
26
12
6
2
1
2
56
10
4
1
2
4
4
1
2
3
29
3
42
1
8
24
2
1
10
11
1
56
19
78
14
15
14
31
1
6
16
13
7
1
1
84
7
1
13
1
31
3
1
17
18
61
60
8
12
9
33
4
21
13
43
1
44
1
6
3
2
5
1
2
1
14
1
21
5
15
2
13
3
14
34
6
1
1
9
4
28
7
22
3
3
1
4
3
1
5
4
73
4
6
22
6
5
1
43
3
9
5
7
12
2
8
2
4
11
25
38
2
6
1
6
3
1
1
6
8
1
21
5
7
2
70
4
21
13
1
5
3
2
166
2
4
4
8
1
2
1
3
2
2
3
30
16
145
4
7
2
1
6
1
4
107
7
2
2
2
25
3
3
1
1
40
23
1
3
27
2
1
8
2
238
2
2
2
10
14
6
27
6
8
16
1
1
9
1
195
12
1
2
9
12
7
4
17
2
1
3
2
7
27
23
2
74
93
9
12
11
12
26
36
1
4
5
3
15
45
2
2
6
8
2
133
6
2
79
62
4
4
1
11
9
3
1
2
11
21
1
2
4
101
2
1
6
1
86
1
1
1
14
1
2
53
71
4
55
2
1
4
3
3
1
1
1
34
1
222
1
14
39
6
29
6
9
1
1
1
7
8
1
5
1
1
5
36
10
9
23
14
9
7
1
21
3
4
1
15
3
7
2
2
7
41
15
72
6
2
65
13
2
5
2
4
1
4
1
23
3
51
12
23
169
5
8
2
1
40
1
26
24
14
9
5
6
56
3
87
1
50
6
13
2
2
14
19
17
2
79
72
15
2
12
1
6
32
1
12
10
3
17
3
10
3
17
4
1
1
8
2
16
4
3
23
1
4
110
3
6
2
5
1
5
25
43
32
1
2
21
3
2
6
80
2
1
1
8
2
2
1
6
2
29
22
11
10
4
3
24
28
118
9
4
6
10
3
4
4
4
4
8
3
14
1
15
20
6
2
13
7
1
2
16
2
5
16
50
1
1
4
3
6
6
24
75
2
4
7
1
17
30
4
60
28
51
10
2
8
4
5
18
3
1
9
18
2
3
3
22
4
11
3
10
1
2
74
6
2
1
4
8
6
5
3
8
47
1
36
4
4
11
7
1
4
2
1
8
1
44
8
10
2
2
2
26
2
23
6
2
7
2
4
2
1
2
11
4
10
1
12
4
1
3
2
33
2
9
3
3
1
30
10
2
4
2
29
8
1
5
76
7
1
4
10
2
2
32
44
1
1
1
13
8
4
3
1
32
28
8
3
1
3
58
17
5
5
41
29
2
2
4
1
8
6
38
43
25
21
1
12
1
4
10
2
2
25
1
5
4
48
12
8
1
3
20
12
19
16
2
26
10
2
2
1
5
4
1
2
8
4
17
2
109
23
3
1
9
1
2
46
12
3
8
8
19
3
19
12
1
6
4
2
8
40
5
12
17
16
18
16
1
2
2
2
3
91
1
5
16
4
25
2
17
1
1
2
13
34
4
76
3
44
54
1
4
7
125
4
1
7
2
3
1
16
30
33
17
86
12
33
10
2
1
14
6
2
1
6
1
32
20
34
33
3
12
2
3
1
8
2
1
5
37
5
1
50
5
50
1
7
2
29
2
6
41
1
1
4
1
4
50
47
1
1
1
10
57
63
2
3
1
1
