12
191
17
20
19
2
2
1
6
7
57
10
1
2
42
20
4
4
16
19
13
6
42
2
20
2
19
35
5
2
19
3
11
2
4
20
5
10
63
1
16
5
2
5
90
6
30
56
93
2
8
3
1
4
22
2
1
4
7
1
24
1
17
2
3
1
15
13
5
87
258
1
1
1
37
1
2
3
8
3
52
45
3
40
5
2
15
1
1
1
69
1
8
2
14
23
39
41
5
1
7
18
1
4
1
3
4
5
2
1
2
4
2
14
6
5
7
1
4
5
1
9
12
10
8
2
36
13
1
9
2
1
3
2
14
3
16
1
38
6
23
1
8
7
2
32
2
32
46
3
5
8
11
8
8
3
1
17
2
1
29
1
1
10
1
16
2
72
16
7
2
50
7
80
2
7
11
12
2
68
1
8
22
5
1
7
17
35
2
3
4
1
1
6
2
9
5
3
2
12
30
1
2
47
1
1
1
1
15
85
7
1
2
2
2
18
5
13
27
17
1
2
38
40
1
2
4
80
34
32
18
6
1
14
1
45
15
13
23
73
6
3
1
12
3
9
7
6
1
6
32
2
11
45
16
19
59
1
3
221
3
51
22
6
12
26
5
13
6
3
25
71
6
8
1
49
44
67
8
1
88
2
1
1
1
1
22
12
46
1
25
21
20
43
2
1
4
1
2
4
6
3
15
4
9
31
1
2
229
11
11
23
36
6
21
5
10
3
1
51
27
2
15
15
9
1
2
3
1
21
1
7
34
10
4
2
1
14
10
2
11
4
3
2
1
9
1
4
2
9
1
5
5
40
20
1
16
5
24
11
5
6
10
5
1
17
2
37
2
1
9
285
15
1
4
164
13
83
4
1
2
1
18
57
6
62
14
7
2
1
22
6
82
17
2
1
3
71
2
2
8
2
44
11
37
11
33
11
5
29
7
2
21
1
156
76
1
2
10
13
6
2
4
2
4
2
24
62
3
4
3
15
8
6
89
1
2
4
8
36
2
1
7
13
34
1
12
29
8
3
3
39
19
11
4
18
19
19
15
23
127
4
8
1
2
4
1
7
19
2
102
9
48
2
1
4
11
4
2
38
2
25
14
2
1
1
17
51
8
5
1
15
1
3
25
9
65
1
36
44
5
1
14
2
5
27
1
1
81
7
128
3
25
4
2
13
33
3
27
28
25
23
16
14
38
14
5
1
12
7
2
32
3
40
6
2
3
1
6
41
24
27
7
7
5
1
1
5
11
1
9
1
276
19
27
25
3
1
27
2
71
21
10
5
46
12
25
28
19
2
32
5
19
2
9
14
11
11
14
1
5
27
2
172
259
12
38
6
1
1
8
1
14
10
2
47
8
9
1
4
4
2
15
5
4
2
2
4
2
3
9
1
2
3
4
2
1
4
2
1
13
5
68
4
19
4
11
3
3
1
2
31
11
2
8
20
21
27
39
27
33
7
1
1
5
5
5
2
15
4
169
9
49
3
1
32
1
9
44
2
36
4
3
1
1
1
39
4
28
1
1
13
8
25
2
1
92
78
94
5
2
1
2
1
5
6
28
45
11
4
81
12
3
5
183
6
13
34
1
14
15
16
3
14
2
1
23
3
25
8
5
13
10
4
1
2
13
13
63
19
6
10
46
34
1
1
5
2
25
9
2
4
1
49
4
2
7
2
15
5
2
22
9
35
26
2
2
3
1
1
2
10
6
6
72
34
1
1
2
3
47
2
1
38
2
4
22
13
26
5
68
1
4
2
25
9
14
1
11
10
29
17
2
55
1
3
29
5
1
1
3
16
7
9
72
14
33
36
2
268
6
2
18
59
3
16
13
15
1
60
45
3
3
11
7
5
2
1
9
11
1
14
2
1
1
3
2
37
1
13
10
12
43
5
7
2
21
2
11
19
9
3
2
13
26
1
10
2
1
7
101
36
10
2
1
2
2
2
18
3
7
1
38
222
9
2
54
59
330
1
22
20
1
1
2
1
5
22
5
34
4
3
26
5
9
11
2
2
11
1
16
4
3
53
1
22
54
1
19
1
10
7
9
36
4
15
3
28
1
1
1
4
8
3
8
2
1
1
3
7
42
1
21
17
17
1
4
51
2
2
8
6
20
1
2
1
2
24
7
4
2
15
3
20
7
5
1
19
3
8
1
2
16
25
8
21
3
12
1
2
22
1
5
2
1
1
9
45
14
96
15
6
5
1
1
27
2
7
1
1
15
4
1
4
3
3
1
2
46
4
11
14
2
7
1
13
19
1
12
2
3
4
1
6
15
7
9
47
1
11
8
21
12
23
5
5
6
32
45
1
2
2
26
1
18
23
9
27
3
4
15
22
3
1
57
26
16
1
10
50
1
13
15
22
1
132
2
13
42
1
1
18
6
2
1
6
18
47
4
26
4
2
3
3
17
4
2
3
1
2
12
2
4
14
49
28
2
13
1
5
7
20
1
236
7
8
2
15
2
3
1
25
2
14
11
6
2
8
1
1
3
60
2
6
11
93
25
2
3
10
71
1
6
2
3
41
1
53
1
20
32
2
9
2
6
14
10
5
1
4
5
19
11
1
1
2
9
1
10
6
31
3
2
23
61
7
16
25
22
28
8
2
5
2
1
4
1
21
228
5
24
5
22
6
3
31
12
1
2
48
34
30
139
2
111
1
5
2
1
36
10
8
11
6
42
5
53
64
36
1
1
1
16
3
1
1
6
4
62
24
15
3
1
2
17
48
18
2
2
2
23
98
20
5
19
4
1
42
2
8
89
1
3
6
4
36
7
5
12
1
36
26
9
1
3
1
1
2
21
6
2
3
2
31
2
43
18
10
3
34
4
28
92
6
48
26
1
4
1
55
5
7
2
2
2
3
35
12
9
5
5
3
5
3
1
35
1
8
5
1
2
5
3
4
25
1
13
2
19
1
1
3
9
1
11
5
2
23
2
9
5
7
41
15
9
4
5
1
48
20
19
20
75
25
4
18
1
1
2
21
2
1
6
17
255
2
7
7
24
17
31
2
18
1
11
9
1
8
7
1
9
6
1
33
3
1
3
2
22
6
2
155
4
7
10
1
3
7
16
5
6
6
1
8
4
18
15
13
71
59
13
4
4
2
2
2
7
1
5
5
1
2
14
15
34
3
2
13
1
49
41
23
56
28
1
30
1
13
2
38
4
6
1
54
2
13
2
6
7
185
23
9
2
2
39
15
2
2
2
1
5
3
22
14
4
5
3
23
4
1
31
2
17
2
2
7
1
21
4
65
1
8
4
2
19
59
1
4
1
3
353
10
1
1
2
3
5
8
3
2
4
1
2
67
1
53
38
9
12
82
3
71
144
1
20
23
3
3
10
21
6
3
150
2
19
1
4
8
1
6
8
26
1
48
33
3
7
1
2
1
12
2
1
36
2
3
2
7
13
80
11
6
2
2
3
1
1
4
5
1
9
11
34
33
10
10
4
6
13
1
2
23
2
19
12
11
10
84
2
2
28
32
2
5
2
14
1
2
17
11
16
2
18
7
59
7
40
20
1
29
9
41
3
25
7
29
6
15
4
2
29
84
1
3
41
1
19
6
7
10
52
8
30
1
2
1
10
204
34
17
5
20
50
1
4
154
8
13
1
1
1
1
33
28
1
2
9
10
4
2
24
11
4
3
51
60
3
4
6
3
24
5
2
1
7
38
7
9
5
2
25
2
16
17
31
8
36
35
7
8
22
2
61
23
2
27
28
1
4
3
10
10
32
5
1
9
5
40
30
21
89
6
5
18
3
6
4
8
1
2
2
6
17
49
7
2
2
3
6
4
2
3
2
1
23
11
2
1
1
8
6
6
1
3
2
3
2
16
3
3
5
41
2
35
3
5
3
13
7
1
1
26
8
2
5
9
2
2
1
3
1
13
1
1
4
14
2
5
10
3
3
16
3
16
1
1
1
2
4
21
2
2
6
5
1
3
2
2
2
10
40
1
31
4
4
8
1
5
38
24
9
10
7
6
1
19
1
2
13
21
29
8
56
4
12
1
4
2
16
2
3
18
21
2
1
6
7
7
28
11
6
7
5
1
9
37
1
1
56
21
14
1
1
59
1
1
50
2
3
6
2
6
2
7
2
6
28
1
36
14
11
40
1
4
4
43
14
2
2
2
2
48
4
11
33
66
8
25
357
27
5
1
8
1
2
24
2
4
6
1
16
1
5
3
4
5
20
8
3
10
23
4
1
2
6
2
1
7
3
10
47
49
28
200
1
1
2
5
1
33
1
2
2
1
2
21
10
2
13
17
5
11
1
69
6
1
7
4
35
1
37
10
8
4
1
3
3
16
6
1
2
17
2
1
2
19
9
11
3
20
81
2
7
15
4
9
3
15
1
3
2
2
3
64
4
5
2
6
23
2
7
48
26
8
21
2
7
2
21
6
14
66
5
2
6
1
32
96
6
21
4
100
2
35
3
5
4
1
2
1
3
9
76
32
28
13
28
1
3
1
1
4
3
33
1
2
5
13
83
1
27
4
3
19
3
3
2
4
11
3
23
24
15
36
1
4
1
8
102
4
42
6
4
3
11
1
3
5
64
273
8
3
4
5
30
43
4
1
30
13
7
2
53
1
16
1
20
23
63
27
1
6
2
1
13
5
15
10
9
2
26
4
1
5
31
1
13
1
7
24
7
25
25
29
1
1
29
56
1
17
2
26
4
6
2
21
35
13
58
3
2
3
9
54
1
4
50
56
1
2
1
3
9
29
24
10
7
1
2
82
8
3
2
1
2
4
1
6
1
36
29
1
3
13
24
24
3
1
7
2
9
16
96
1
17
13
3
2
1
8
3
2
3
104
17
26
2
4
1
2
2
6
1
8
26
38
8
11
13
2
8
5
3
1
5
2
15
22
1
105
10
1
6
47
8
8
70
3
11
3
8
4
5
1
1
11
12
48
4
1
15
6
10
4
5
4
46
4
46
39
334
3
28
3
5
2
1
2
1
1
45
3
6
2
28
49
13
3
7
6
18
20
2
1
6
3
13
3
33
11
1
2
33
1
6
4
3
56
1
1
2
8
9
6
41
7
26
3
3
2
1
47
164
16
18
6
365
2
1
41
3
24
2
162
23
4
1
4
10
31
1
1
5
10
2
2
24
2
7
35
68
8
3
1
22
6
38
11
1
1
1
10
8
1
2
16
7
2
1
4
21
3
9
2
1
9
3
2
1
34
5
2
9
1
8
16
23
36
8
12
38
103
2
5
5
1
1
3
2
2
5
1
15
23
1
3
2
4
1
57
39
110
4
7
30
6
4
60
23
5
7
4
2
6
14
11
17
19
201
3
3
1
2
2
3
3
17
2
2
4
31
2
3
4
2
8
1
8
8
15
2
1
1
12
26
3
23
1
11
1
39
17
12
4
1
4
13
1
31
16
3
23
1
55
20
2
30
1
1
1
1
5
5
5
3
2
335
8
2
38
33
4
37
8
6
10
83
5
9
6
8
10
7
6
8
92
28
1
3
3
1
4
1
2
38
1
59
2
3
1
1
1
7
15
12
1
2
26
5
1
8
8
2
51
6
4
7
23
34
4
1
12
1
3
1
2
3
4
25
1
43
23
69
1
35
2
3
1
36
17
2
12
2
7
199
3
1
19
23
27
10
5
2
1
305
1
4
167
1
3
34
1
40
6
2
1
45
3
1
27
33
9
1
22
1
26
1
17
36
10
1
354
1
1
11
201
16
5
2
5
4
1
37
1
7
4
1
4
14
9
3
3
11
117
23
2
1
15
30
1
33
8
2
3
7
8
1
7
44
7
50
4
48
6
3
1
2
1
56
6
4
2
5
1
4
4
1
2
10
3
163
5
25
2
13
4
1
15
1
1
1
1
12
16
49
6
32
4
1
7
28
2
5
9
28
14
15
32
2
1
8
2
1
1
3
11
9
1
50
5
1
7
4
12
1
2
1
41
17
15
1
4
2
