3
5
13
79
3
2
5
3
7
15
2
2
5
2
4
2
17
7
5
1
5
7
3
4
38
17
7
3
2
5
1
2
7
1
2
3
1
7
8
3
3
23
2
6
1
3
3
5
1
25
8
14
7
5
38
1
1
7
3
43
4
1
48
7
6
2
1
26
18
4
2
43
2
3
137
2
2
2
16
36
1
2
4
5
3
3
4
5
8
6
16
2
10
1
1
1
3
3
15
63
3
2
6
2
4
1
1
3
12
4
3
1
24
8
2
8
2
8
3
14
1
3
1
1
1
1
12
2
7
2
53
2
4
7
5
1
2
2
9
4
1
3
1
1
1
2
2
1
57
2
1
2
19
1
6
21
1
1
25
7
4
7
2
4
3
3
5
2
55
9
131
36
3
1
17
18
1
2
2
3
68
67
3
2
1
4
2
3
2
20
1
4
1
16
1
3
1
16
7
1
1
10
2
8
14
13
4
2
2
1
9
2
2
1
10
1
15
7
1
31
2
2
8
7
26
51
15
2
17
1
7
4
1
16
4
2
2
2
3
11
1
5
5
22
6
2
9
8
5
6
1
4
23
5
1
26
19
4
10
12
5
61
2
4
2
5
8
4
10
3
2
3
18
2
2
5
1
2
1
3
3
3
1
3
2
2
3
2
1
2
1
12
158
10
3
8
4
1
17
2
15
31
5
28
6
12
1
1
3
83
7
6
1
4
1
3
29
7
8
18
3
9
2
1
18
1
4
20
3
7
1
3
2
3
9
1
2
1
2
50
6
2
29
2
5
1
2
2
7
22
1
3
69
20
7
25
22
16
1
38
2
8
1
7
1
1
2
1
7
2
3
26
3
1
20
8
5
34
1
1
1
5
2
2
19
1
3
2
7
2
1
4
3
6
9
20
23
3
6
3
5
4
75
19
5
3
3
5
1
15
13
12
10
2
19
4
2
2
7
2
1
5
10
1
2
42
86
18
10
4
2
5
17
5
5
1
5
1
1
5
1
1
1
1
4
4
1
3
2
2
1
3
11
7
19
2
2
23
2
1
25
5
1
8
4
4
1
1
4
2
2
5
12
12
11
158
104
6
13
6
26
2
13
2
6
32
8
9
2
34
5
28
2
2
2
3
1
2
2
10
17
5
2
1
5
2
2
2
5
17
2
1
3
8
2
12
5
3
9
47
2
8
4
1
38
2
5
4
5
1
7
24
22
1
27
2
3
9
2
10
8
3
10
140
37
18
13
2
15
25
13
1
5
146
9
11
1
19
1
14
3
44
1
74
2
2
13
2
77
25
2
4
1
16
2
4
1
2
5
1
2
14
50
1
1
20
3
14
18
4
2
29
4
1
3
5
26
3
3
7
11
2
20
11
11
1
7
7
2
2
4
33
1
4
3
1
1
1
3
4
5
1
4
5
37
2
34
8
7
36
7
4
18
19
6
7
7
10
6
7
9
4
3
11
3
4
2
3
1
12
16
3
2
4
10
7
3
11
3
6
3
23
1
2
35
2
11
6
3
7
12
1
46
15
1
5
1
1
33
7
14
10
34
6
3
4
5
25
3
4
5
12
36
6
33
12
2
6
15
39
2
11
1
14
15
1
1
2
3
9
10
1
4
10
27
3
1
5
1
8
10
6
11
15
17
2
2
18
4
2
13
1
1
5
4
3
21
27
17
9
1
1
15
1
9
4
9
7
2
64
8
1
36
6
1
24
11
5
38
6
2
20
8
60
18
9
1
34
1
1
2
8
1
6
1
1
5
11
2
2
3
1
2
16
2
6
2
5
5
10
111
1
4
18
1
10
4
2
13
1
31
8
30
4
52
140
62
1
3
1
7
2
40
7
51
1
1
3
1
10
2
39
20
20
2
6
22
1
6
1
22
7
21
4
3
2
4
32
14
3
4
10
2
6
4
3
1
5
1
10
5
3
3
3
9
35
3
1
8
1
1
19
1
2
2
1
1
13
1
4
1
19
4
32
1
1
23
1
22
88
4
8
52
22
2
3
2
6
36
31
2
3
3
1
6
2
12
3
1
54
3
3
6
2
13
1
1
5
2
3
3
32
3
37
12
5
2
1
4
8
1
10
1
42
2
1
6
1
36
1
7
2
17
19
2
15
6
1
5
3
10
7
5
15
5
7
1
1
5
7
9
15
11
1
1
10
18
2
16
1
6
1
6
3
9
6
1
1
2
2
1
1
3
1
2
2
1
4
14
10
5
17
2
3
27
1
3
1
1
5
1
3
5
2
2
28
17
2
1
1
23
1
23
3
27
7
14
109
6
2
4
5
4
3
2
2
10
72
17
4
1
1
1
4
3
62
4
6
12
4
2
1
2
17
19
110
1
1
4
2
3
13
4
1
3
6
134
1
5
1
4
2
1
1
10
5
1
19
13
3
15
5
1
79
31
82
16
1
1
