4
13
1
2
1
1
42
3
4
1
104
1
6
8
33
2
58
112
3
11
143
11
3
7
2
2
13
2
7
263
2
10
21
4
7
22
5
25
5
124
6
16
6
43
21
2
3
1
13
11
1
3
12
3
23
1
2
4
38
14
1
2
16
17
48
2
2
6
3
2
7
4
22
29
5
11
47
18
3
178
4
24
45
7
1
63
1
39
26
2
19
1
14
15
13
5
13
1
8
1
4
18
3
37
14
4
22
9
3
32
4
56
53
12
1
19
7
6
19
2
11
58
62
1
17
34
3
14
28
5
7
4
1
4
7
16
16
6
5
53
1
2
6
7
28
3
5
39
1
49
2
75
27
36
6
17
1
1
1
1
175
4
6
1
10
11
22
26
12
68
24
4
18
12
15
6
18
4
2
17
48
15
4
2
2
14
161
3
17
20
2
46
33
8
4
5
11
4
39
1
32
18
83
6
5
8
12
32
19
60
1
4
29
1
8
1
80
2
3
14
56
8
4
59
2
52
14
71
4
7
19
6
1
1
2
10
8
8
7
2
3
51
15
4
49
5
72
1
2
65
46
12
40
10
4
12
2
3
1
1
26
28
7
1
3
1
346
46
29
1
3
3
8
45
3
2
1
19
50
1
1
5
136
12
2
2
20
3
14
29
4
12
2
56
2
1
12
10
18
20
3
5
1
3
8
85
4
3
14
4
41
18
12
23
3
22
2
28
14
28
7
2
22
18
41
35
40
1
36
40
3
26
2
7
8
78
1
17
7
12
2
20
2
66
56
2
17
5
1
2
1
42
1
3
62
1
3
4
38
1
21
66
5
24
7
5
11
3
9
18
43
7
4
55
26
12
25
12
2
18
4
2
3
32
7
12
10
101
21
16
21
24
14
428
14
16
10
59
3
10
13
13
33
2
2
24
58
31
41
4
4
9
1
1
1
3
39
1
3
11
11
12
9
102
24
10
30
10
26
32
9
7
6
8
4
16
1
5
9
22
2
180
23
21
7
11
9
16
37
25
41
5
3
1
2
6
16
7
28
31
35
65
4
2
12
21
2
3
93
2
1
3
3
1
3
56
2
101
1
3
1
19
56
9
6
44
19
2
2
59
13
98
5
9
9
2
2
9
33
2
23
2
96
225
8
3
16
23
1
2
92
3
1
5
65
42
34
49
15
2
11
6
373
14
19
4
6
11
2
4
2
4
45
2
34
6
5
58
26
80
6
1
33
30
11
270
147
8
48
2
5
9
20
3
7
2
43
1
120
6
10
4
3
1
10
2
7
4
47
4
11
1
7
3
1
26
25
2
24
8
2
4
11
2
10
8
11
15
10
117
9
8
170
6
1
15
1
33
1
1
3
3
57
42
2
27
30
40
19
5
321
34
9
3
22
6
8
8
2
2
24
2
10
9
7
1
1
26
54
5
10
22
16
17
52
23
3
1
2
1
8
8
35
55
193
6
85
1
1
34
2
2
15
11
92
46
4
4
1
10
3
6
1
9
2
15
1
56
2
3
1
4
1
49
1
16
8
17
23
20
94
1
7
1
44
2
2
1
43
2
1
4
2
10
325
2
1
8
51
5
6
4
115
3
3
12
16
2
2
9
3
1
171
1
85
4
3
44
26
2
10
3
60
335
2
92
56
4
34
1
141
13
39
2
1
1
12
15
17
4
1
2
419
3
22
2
17
14
16
4
3
1
2
3
3
66
11
3
7
10
18
3
8
14
129
3
2
48
10
15
3
1
3
31
12
48
2
2
6
8
17
2
22
23
12
11
2
5
213
2
2
1
2
1
2
1
5
2
8
14
25
17
4
215
68
42
48
8
6
38
19
5
5
37
2
133
2
6
39
6
2
4
11
49
4
8
4
64
21
62
2
3
40
4
11
2
377
61
2
13
82
8
1
2
3
23
51
1
77
5
121
5
1
24
19
1
6
24
17
1
23
2
12
14
55
38
2
91
6
10
2
1
6
15
1
1
278
7
1
2
2
28
6
6
23
11
16
91
10
1
39
6
2
7
4
12
4
3
4
39
2
1
6
3
1
5
1
2
2
1
2
12
16
11
2
6
25
16
1
333
1
14
3
1
4
3
2
125
1
50
5
2
1
4
2
6
5
8
4
10
9
30
29
2
5
27
61
19
4
10
3
29
5
1
67
28
7
14
8
106
9
4
71
9
9
1
4
245
6
83
2
50
2
58
14
25
2
420
11
24
6
1
4
47
4
8
5
5
64
165
11
1
95
27
29
1
26
3
11
7
94
13
2
6
28
10
102
6
2
1
2
2
6
17
24
4
45
14
29
71
50
2
33
2
6
13
37
1
1
1
1
10
57
2
2
5
2
19
2
2
2
1
2
4
4
1
3
20
103
12
1
16
5
15
51
8
2
54
5
12
16
4
430
16
1
5
42
1
7
25
1
4
67
1
2
3
20
20
185
2
30
31
1
11
3
15
4
8
3
11
15
2
1
17
3
103
2
1
18
4
41
18
19
19
3
14
1
11
2
3
38
2
56
19
3
1
3
94
1
1
24
3
31
15
38
1
64
1
2
7
20
1
5
34
15
8
3
11
113
1
4
5
3
48
16
16
3
6
10
8
15
5
18
2
15
4
1
2
24
192
14
21
4
41
2
52
47
5
4
3
1
2
98
5
2
1
9
9
73
1
1
18
29
11
9
11
1
4
2
18
35
4
7
20
7
2
3
39
12
13
5
3
2
39
2
59
18
5
1
20
3
5
3
6
1
2
208
8
2
1
5
1
16
12
3
1
42
3
4
7
63
1
3
4
4
274
6
5
2
32
58
3
23
1
2
29
1
9
2
2
1
4
4
5
3
7
14
5
4
37
1
8
2
2
5
2
12
3
5
37
1
4
34
6
29
3
23
11
6
25
22
5
9
9
24
7
15
36
12
26
3
1
1
68
14
2
9
4
1
174
2
1
8
5
29
15
41
1
4
6
27
24
70
1
2
6
32
58
130
16
21
59
12
9
8
2
1
1
15
16
89
4
1
7
3
193
333
10
8
15
2
33
29
51
7
15
1
167
1
71
95
1
7
182
12
5
8
16
2
3
4
3
34
14
17
10
9
6
7
1
5
1
54
3
6
6
2
19
8
7
3
1
1
51
12
3
11
10
21
22
3
6
28
4
47
2
37
4
33
8
28
2
3
20
4
16
2
6
18
29
4
7
2
1
28
29
8
6
13
4
22
26
1
1
79
2
3
16
355
7
27
13
4
2
4
14
15
1
1
2
21
115
2
2
365
33
3
13
5
1
40
4
11
3
10
27
1
1
139
59
2
1
1
41
7
1
6
2
4
60
1
1
6
53
4
32
8
1
31
67
144
3
7
3
3
17
23
8
10
29
3
1
5
19
1
16
12
13
8
72
17
16
13
3
26
1
2
5
26
8
7
32
3
24
3
3
27
4
23
1
2
1
2
1
4
9
1
3
1
9
27
31
4
16
7
14
18
2
55
2
6
23
3
24
1
1
1
269
1
3
11
6
15
2
6
3
1
4
7
3
6
1
30
3
23
2
6
36
5
5
1
1
3
9
29
22
23
183
2
4
5
10
7
43
9
206
32
26
15
21
17
6
43
47
7
2
7
1
3
280
2
28
1
24
3
3
3
8
39
14
42
2
2
43
1
22
194
20
13
2
4
32
2
94
4
4
3
50
44
46
3
2
8
10
2
2
3
1
4
5
1
23
5
38
2
5
4
16
19
17
15
5
20
338
12
17
42
2
6
6
43
5
1
14
56
8
1
69
1
14
7
2
2
18
396
1
202
5
6
12
11
5
31
35
5
1
4
9
7
1
29
7
18
4
74
11
1
2
73
6
3
1
221
10
3
6
1
2
13
12
31
9
49
191
5
7
1
287
49
7
3
5
5
4
7
45
10
87
9
4
7
331
4
15
6
1
2
6
89
8
1
4
47
7
2
4
2
1
197
2
3
2
15
1
67
12
29
9
3
2
2
7
30
2
14
1
6
8
3
9
21
3
6
3
40
1
106
22
1
1
140
3
1
16
15
3
2
3
4
6
3
20
32
14
5
2
1
2
15
51
25
11
19
1
31
2
7
10
1
1
2
11
2
3
33
1
5
20
6
11
57
2
57
16
7
16
11
25
10
1
7
8
13
27
2
9
1
24
5
35
13
1
1
21
3
1
2
3
28
49
9
1
10
2
3
2
10
5
2
205
4
13
24
1
1
2
1
368
4
1
39
37
6
22
2
1
21
1
48
2
78
354
3
52
39
364
22
48
14
18
12
7
3
9
3
22
51
19
15
1
3
25
1
