1
11
3
15
1
6
1
4
3
3
6
2
15
2
2
23
3
24
7
2
36
2
6
7
16
11
10
3
7
3
4
11
4
2
24
6
8
3
6
5
5
8
1
1
2
1
2
3
9
11
11
2
22
3
1
25
36
4
3
1
7
3
52
1
1
1
10
9
13
8
2
2
31
4
3
3
14
1
2
3
2
8
1
1
3
1
30
24
34
31
2
4
1
13
11
5
10
2
4
29
2
5
22
1
3
1
4
31
1
6
10
6
51
2
17
12
18
1
4
20
2
1
4
9
1
2
3
5
1
1
13
2
12
10
3
3
5
2
8
3
1
5
2
16
3
3
12
1
5
2
2
28
6
1
1
3
7
2
2
56
1
1
2
6
46
2
5
1
1
2
5
1
2
6
1
1
1
3
21
2
18
2
3
1
2
3
10
8
7
4
14
4
1
5
10
5
81
11
10
2
5
31
3
7
2
19
1
1
1
4
5
6
2
50
7
1
2
1
2
1
4
1
1
14
1
10
2
6
8
1
10
3
6
4
1
24
6
3
1
1
3
64
71
1
3
3
2
16
1
2
1
2
47
3
8
1
1
2
15
12
5
3
1
6
4
27
58
46
1
6
11
16
1
15
13
7
2
2
3
11
2
1
1
78
1
6
3
3
1
63
5
3
2
1
5
13
4
5
4
1
15
16
1
1
1
12
15
4
12
1
3
7
14
1
4
2
3
2
16
4
7
37
1
1
7
1
15
3
1
1
2
38
3
21
5
1
2
1
10
15
3
5
63
4
10
1
8
8
3
1
3
2
1
1
4
5
4
1
3
5
2
1
8
2
2
2
9
4
1
5
2
2
6
1
53
1
1
3
6
6
1
2
4
1
1
8
1
3
47
2
5
1
1
7
2
5
57
3
1
1
3
14
2
4
3
2
10
1
9
14
40
10
4
6
2
4
10
12
5
11
18
3
3
6
3
10
30
2
1
1
3
1
3
1
1
13
5
1
6
6
2
2
2
2
3
2
4
1
3
2
41
2
1
2
1
8
37
3
45
1
2
22
1
2
2
1
1
3
2
7
10
1
5
17
36
3
1
1
1
2
42
3
8
5
1
3
7
1
9
3
65
15
1
5
9
1
4
2
6
4
9
5
11
21
6
2
3
1
11
6
4
13
2
4
2
9
1
8
2
12
2
2
9
10
14
2
2
2
6
1
1
8
1
2
6
5
4
1
3
2
2
19
3
4
9
1
1
21
4
48
2
1
1
1
2
2
6
3
4
1
23
8
5
2
1
9
2
1
4
15
1
3
6
1
4
2
13
2
4
2
2
2
13
7
1
2
7
2
2
3
1
10
2
2
24
12
8
14
2
3
1
3
1
6
2
1
3
2
1
1
2
3
3
1
1
7
2
7
4
1
6
1
4
20
15
2
2
1
1
5
1
44
4
3
2
4
2
7
1
5
1
11
7
2
3
31
6
12
1
1
1
1
2
2
1
1
17
4
5
1
3
1
20
1
2
46
12
2
1
2
2
3
2
3
2
3
3
2
2
3
7
1
3
2
1
1
4
5
7
4
1
2
2
2
3
2
1
2
14
2
1
6
2
9
4
18
1
3
26
41
3
4
1
7
25
1
2
9
1
2
27
37
2
4
2
3
2
10
1
1
6
9
18
1
7
13
2
8
4
2
12
5
6
9
13
1
12
3
11
2
1
2
9
6
1
1
7
3
1
25
3
3
1
1
5
3
8
17
2
2
2
1
1
12
1
4
6
7
17
3
6
2
2
1
8
3
2
1
1
12
10
10
1
2
1
3
3
1
2
3
15
6
6
26
2
10
1
1
2
1
1
6
1
3
2
3
1
1
1
10
2
6
5
2
2
2
23
6
5
10
1
25
1
3
24
2
8
9
1
13
2
17
6
9
2
38
2
2
5
2
4
4
1
6
1
11
11
1
1
2
1
26
2
2
1
1
34
4
32
13
3
2
1
31
5
3
5
1
10
2
1
2
11
2
2
3
1
2
14
3
1
2
1
1
4
1
3
12
2
19
1
4
1
4
4
13
4
1
4
17
1
4
1
2
2
5
2
1
7
27
6
38
2
2
1
1
15
2
1
6
2
2
3
4
2
24
3
2
4
3
10
18
2
2
26
9
6
2
2
1
6
33
2
11
2
32
2
1
6
1
7
2
1
8
3
2
1
1
4
5
2
1
4
14
6
2
4
20
2
2
4
37
1
3
3
6
2
1
3
10
4
5
1
5
1
1
7
1
4
1
11
35
7
20
1
3
10
20
22
3
29
1
7
5
2
1
2
28
16
11
3
9
10
13
6
2
3
1
9
8
1
10
1
3
2
3
1
19
2
1
3
18
3
2
9
15
2
1
2
8
20
2
8
20
1
16
3
6
5
7
4
5
3
6
6
3
1
2
25
3
15
6
3
21
5
5
2
15
1
2
3
4
1
19
1
11
1
2
3
1
1
9
1
9
4
1
1
8
15
49
3
1
1
2
52
6
1
8
3
39
