90
222
496
89
22
37
638
4
89
53
425
419
39
86
83
5
13
380
67
92
10
9
439
190
54
65
18
112
250
1
145
130
461
6
202
8
218
174
457
299
163
96
2
9
7
57
590
6
14
35
248
210
12
451
348
65
76
68
11
26
23
194
7
482
4
507
214
462
70
90
55
11
15
31
12
11
383
375
48
75
271
637
607
40
119
269
1
59
22
4
382
5
148
2
36
115
244
294
33
18
3
20
2
244
289
218
445
20
329
234
59
539
76
4
112
373
374
5
50
30
14
399
113
13
154
316
90
2
404
50
11
30
145
6
402
551
3
289
526
1
7
490
114
34
51
76
1
2
338
158
289
4
5
47
437
6
254
401
3
1
287
1
20
89
86
380
9
5
4
274
212
4
291
510
50
27
351
1
3
52
3
3
10
3
33
2
515
39
7
292
7
1
188
329
13
5
2
837
18
222
72
5
90
1
449
5
532
8
1
531
124
187
36
7
254
298
8
17
25
217
2
1
118
6
3
13
27
36
3
552
5
81
4
11
25
136
78
4
3
171
4
2
425
168
183
79
39
3
34
6
1
238
3
6
29
37
6
12
6
14
240
113
3
11
4
2
54
8
2
504
213
69
52
1
13
2
609
7
2
38
1
217
431
5
30
392
230
22
2
376
578
2
177
2
69
8
7
2
177
31
369
56
3
35
1
272
5
27
131
82
191
2
38
1
13
236
22
10
94
20
10
6
377
321
251
34
187
2
2
15
341
7
369
445
4
15
271
48
4
36
3
134
12
467
112
9
2
20
37
1
1
2
601
12
2
11
8
11
3
3
99
2
445
5
312
1
5
170
389
80
15
180
157
9
21
45
3
24
140
661
16
15
6
4
4
13
559
7
12
5
415
44
227
86
18
13
19
158
4
22
9
17
6
25
2
2
161
4
4
335
17
38
3
6
8
9
164
13
8
1
184
15
11
36
3
125
2
34
3
31
1
4
403
1
193
78
47
144
16
605
5
341
259
27
3
18
482
29
10
2
7
241
6
7
22
37
9
2
186
12
43
1
1
622
19
4
6
8
143
5
2
7
192
5
1
22
13
2
2
6
278
36
74
30
1
3
4
13
17
3
43
12
94
3
36
23
44
98
802
3
31
26
1
4
2
298
4
2
4
18
5
451
130
29
339
14
51
403
6
50
15
1
4
622
6
15
7
7
6
1
12
55
27
12
6
3
24
1
8
9
30
12
538
7
13
2
17
6
3
1
21
3
79
16
7
1
40
598
29
15
2
7
24
45
20
1
22
1
31
26
19
105
31
3
61
7
2
12
11
377
10
8
6
1
9
15
151
2
13
472
16
1
32
10
88
8
18
212
1
2
45
10
30
517
165
3
15
31
148
18
10
117
4
478
15
3
769
117
18
9
1
2
3
11
4
17
5
155
5
6
7
10
16
1
6
3
4
22
7
14
10
4
40
30
8
26
34
11
47
98
24
28
63
78
2
100
10
4
3
13
2
2
2
2
3
21
8
8
20
4
89
7
476
301
4
4
28
25
25
4
62
93
22
30
12
18
171
7
39
65
56
583
56
20
20
34
15
31
63
64
92
7
202
25
5
39
14
127
19
103
7
375
262
5
16
23
54
28
13
292
246
19
213
18
36
9
52
1
93
74
468
4
32
38
6
14
3
47
3
3
40
58
6
8
63
8
24
7
21
31
35
16
95
627
203
40
18
16
626
145
559
356
66
396
120
23
63
17
539
290
13
118
9
45
29
38
122
569
324
82
420
