38
11
4
6
2
8
2
32
4
1
3
15
1
4
5
1
3
2
2
3
5
3
4
4
2
1
1
1
8
3
2
3
13
13
1
2
11
1
1
2
6
2
1
2
4
6
2
5
9
11
10
1
9
1
24
11
1
1
2
1
2
2
3
2
2
2
4
3
1
3
2
4
3
30
1
1
1
7
8
4
16
3
1
1
7
46
20
22
8
2
6
5
12
7
3
3
3
3
5
2
19
4
2
1
11
7
11
3
7
4
1
1
3
74
2
7
19
13
1
21
2
1
5
3
43
18
5
9
6
9
3
9
1
9
5
6
4
35
1
24
10
1
7
23
2
26
4
1
19
1
3
2
20
2
28
3
1
3
1
1
2
2
2
3
5
2
3
1
1
4
2
2
1
2
4
2
4
38
2
10
2
2
62
9
18
3
1
2
1
5
5
11
3
2
8
7
6
1
1
2
6
3
16
40
4
1
1
4
11
2
4
15
19
6
18
2
1
12
6
2
1
2
17
1
1
5
3
7
10
4
31
12
1
1
2
5
33
4
1
9
3
3
1
2
1
3
4
19
8
2
5
20
3
2
8
1
1
5
6
2
2
2
1
12
1
3
17
1
6
13
14
1
7
4
10
12
3
3
4
4
3
7
4
4
9
1
5
15
1
4
2
2
3
21
9
7
7
4
7
9
2
1
3
2
1
10
72
5
1
1
1
1
7
8
5
3
3
26
2
1
11
6
1
2
3
5
2
17
5
1
5
4
2
1
3
1
2
2
2
15
2
6
6
4
6
3
41
10
16
3
2
1
1
1
3
1
23
3
8
1
16
2
3
13
8
3
2
14
4
2
2
1
4
22
2
41
5
2
4
10
16
3
1
11
5
2
31
4
4
6
2
2
20
16
1
1
2
1
2
3
18
1
2
28
9
2
8
1
15
2
1
5
5
1
4
2
14
17
17
4
2
1
5
2
10
3
41
1
9
2
17
2
3
16
14
19
5
4
3
3
6
14
14
3
2
1
5
37
15
3
3
4
2
2
3
3
3
3
7
5
1
2
10
1
4
6
8
11
10
4
5
5
2
1
2
20
3
8
2
7
7
1
2
1
3
25
4
1
4
3
2
9
8
2
1
1
5
5
12
2
6
4
1
27
4
1
6
3
2
4
2
4
4
32
5
2
1
6
3
23
2
1
4
11
4
3
37
3
1
6
4
2
4
4
10
4
1
3
2
4
1
2
6
2
3
2
2
3
7
11
26
1
2
1
2
3
2
3
8
17
2
4
5
6
3
11
1
16
1
2
20
27
5
2
2
37
1
1
12
2
10
24
10
1
1
1
1
1
20
2
6
9
4
1
1
4
30
1
18
1
3
1
3
2
2
2
1
5
2
2
1
4
5
2
7
11
34
2
29
2
2
1
16
4
1
14
4
7
1
2
1
5
1
4
1
20
2
2
6
1
1
2
11
5
4
1
4
2
4
1
1
1
2
3
1
1
5
28
4
1
10
15
1
1
22
2
4
39
3
6
31
20
15
4
6
29
8
4
2
5
2
11
19
1
2
7
1
1
1
2
12
1
2
18
3
8
10
2
2
11
1
1
2
3
18
4
2
3
6
2
2
4
15
2
2
11
2
29
2
1
8
7
2
2
1
2
8
2
4
5
1
3
1
5
1
1
2
2
1
18
5
1
1
1
5
2
3
22
2
2
4
2
11
10
31
3
1
2
14
3
5
1
2
5
3
2
3
12
6
11
2
1
1
3
10
3
1
14
2
1
12
5
1
3
4
42
2
30
16
3
1
1
4
1
7
1
8
1
1
6
1
1
3
1
8
1
2
1
3
3
1
12
9
2
1
1
5
1
2
1
2
1
2
2
3
17
4
10
7
11
15
1
1
13
2
2
2
42
5
20
2
6
6
16
4
5
3
8
11
24
4
2
3
1
1
2
6
1
8
5
1
27
1
9
6
89
4
4
1
2
7
2
2
6
2
4
1
6
1
11
13
2
1
1
3
27
3
3
2
8
1
7
2
1
3
1
1
3
2
3
2
3
2
15
5
20
38
4
8
2
1
2
25
9
1
5
2
2
3
8
5
4
1
3
1
1
16
2
3
1
4
8
1
2
6
9
18
6
15
3
4
11
34
5
20
1
9
1
6
13
16
16
2
1
31
1
1
3
2
1
1
2
12
23
14
2
1
1
2
7
3
13
2
13
21
2
4
2
2
1
5
2
1
2
11
5
1
8
8
2
5
2
11
24
45
32
43
1
2
2
12
7
8
5
23
3
2
1
5
2
3
4
2
3
7
2
4
1
14
1
3
7
57
9
6
9
1
8
12
3
11
10
3
13
9
1
12
1
6
2
9
1
10
21
7
2
2
1
1
7
1
1
10
5
1
7
1
5
18
1
6
3
7
9
3
2
2
1
1
1
3
11
11
5
24
4
26
3
4
1
6
6
1
4
3
3
2
1
14
21
1
2
1
11
1
2
2
1
1
2
12
34
3
2
2
1
8
4
11
7
2
5
