17
5
1
28
31
32
11
44
4
363
169
60
1
4
8
8
138
10
2
8
2
30
3
242
103
68
8
1
133
21
6
1
1
2
18
25
41
30
95
5
5
5
266
4
160
16
47
2
4
15
6
2
2
41
3
1
17
2
32
1
56
2
12
1
1
1
113
2
410
2
1
2
6
6
39
34
6
29
2
28
15
19
6
3
13
383
8
7
2
16
73
12
10
13
71
9
3
37
71
1
39
15
79
29
6
5
3
29
5
6
1
2
305
10
26
24
25
35
55
2
1
50
8
3
4
12
111
3
1
129
2
164
37
4
2
5
14
26
3
2
5
24
280
14
6
38
10
2
3
34
2
11
2
7
4
11
4
153
6
4
68
1
1
14
118
383
114
15
14
7
2
20
22
407
8
11
4
76
8
55
232
12
1
34
1
5
24
1
7
12
16
1
13
93
53
43
3
5
166
15
2
1
3
2
4
23
2
6
44
74
44
4
2
2
2
11
30
2
10
12
21
2
6
35
5
183
15
1
44
12
2
7
30
1
40
303
25
6
6
15
2
1
14
83
1
201
2
5
13
46
8
8
1
6
9
39
1
10
21
31
13
32
1
27
21
29
3
56
2
62
13
3
10
4
4
19
4
47
78
222
120
12
1
2
56
1
224
15
2
87
16
5
12
47
2
1
23
27
119
252
6
13
61
61
5
20
64
4
7
65
5
2
1
1
2
229
13
70
2
40
52
2
23
12
14
3
7
3
1
21
17
7
2
18
4
2
1
5
19
4
21
1
29
94
49
1
32
19
7
42
6
12
4
5
1
1
73
9
11
44
1
50
23
390
62
98
7
8
46
8
2
321
16
3
45
28
14
1
4
4
13
79
4
8
6
2
3
2
3
2
4
1
9
3
234
1
32
31
15
3
24
28
5
101
2
24
15
2
2
239
11
4
3
2
57
23
32
2
2
34
4
77
17
23
14
3
16
12
15
62
72
332
9
306
3
255
1
1
5
76
2
2
2
4
37
179
3
2
10
2
92
17
6
5
3
2
2
26
1
156
4
22
399
5
26
2
3
34
12
2
1
1
50
128
1
24
18
31
36
24
33
8
5
17
1
28
6
1
23
4
43
1
41
3
1
25
476
5
18
16
8
13
2
18
70
1
6
4
55
65
7
16
1
20
16
5
9
287
2
5
5
12
6
21
66
5
3
318
3
12
14
3
36
47
2
13
78
4
2
4
16
9
66
8
20
2
2
228
312
62
5
33
3
9
27
7
3
3
2
32
6
8
56
6
5
365
3
2
21
2
12
20
21
49
1
1
2
9
14
1
238
21
2
89
18
5
10
3
2
3
22
10
121
455
4
2
2
3
12
19
8
7
8
3
3
3
3
8
46
1
21
24
31
33
20
3
3
5
12
96
2
5
38
137
34
1
47
38
14
2
18
3
8
8
17
3
12
3
251
8
10
28
1
7
24
35
45
7
1
381
3
48
11
1
2
2
42
4
2
3
20
1
62
2
2
78
12
1
55
6
1
2
3
456
12
15
17
3
29
13
3
1
294
31
4
9
4
6
103
1
1
11
16
26
1
233
33
4
5
254
480
1
2
1
1
56
8
3
17
1
3
2
11
2
48
3
3
8
2
1
5
1
1
13
6
20
1
24
10
2
2
11
14
13
39
6
9
26
5
5
28
13
26
22
5
34
1
11
2
8
19
14
2
6
7
3
36
8
3
31
1
38
14
28
6
101
2
24
7
21
7
25
16
5
27
3
92
1
1
32
6
5
17
4
10
4
28
58
1
2
8
19
203
32
7
9
167
10
27
13
15
8
34
5
1
226
1
2
3
8
2
6
56
6
52
355
82
1
3
1
33
4
2
2
96
48
1
7
4
48
13
16
8
20
7
8
13
3
2
22
1
4
93
16
311
2
11
36
1
8
6
1
19
245
34
7
103
211
1
10
1
2
21
19
26
5
29
14
177
2
15
49
2
7
1
35
5
95
12
1
1
94
28
4
225
2
34
68
2
28
24
3
10
1
25
11
48
8
2
5
2
336
184
4
24
24
2
20
4
11
18
9
1
15
3
92
16
3
18
69
2
33
4
7
9
7
17
8
5
42
18
3
38
118
1
23
9
23
16
10
8
52
19
6
3
12
29
47
1
1
55
5
228
229
4
24
8
1
111
2
6
5
47
3
6
13
1
27
106
136
26
11
7
10
3
22
2
2
20
44
2
2
2
2
3
2
3
1
6
1
111
35
25
1
25
1
13
5
2
20
7
32
7
54
49
244
6
13
18
6
28
3
1
75
234
35
29
9
28
22
55
6
3
11
99
16
4
5
5
2
3
67
2
50
20
16
6
3
61
9
46
39
5
87
11
2
5
8
1
2
8
2
27
27
14
50
35
174
83
13
1
14
152
2
41
23
15
1
56
7
7
4
294
4
1
7
2
3
1
6
15
11
35
2
12
89
7
39
2
167
11
30
2
4
24
5
193
10
6
2
2
45
2
37
14
234
113
2
10
23
2
19
20
1
6
34
6
14
18
6
7
1
1
2
3
4
5
1
28
45
9
3
8
7
15
5
27
40
14
36
27
62
3
4
90
21
1
83
214
310
11
44
1
45
26
11
272
1
21
35
2
2
28
1
1
64
256
16
39
1
4
2
1
1
2
1
9
4
473
1
16
1
60
1
68
109
1
361
21
28
1
2
108
359
32
134
3
30
1
3
74
12
1
44
1
266
8
45
5
1
1
2
28
3
3
66
2
3
2
1
16
22
17
1
90
6
2
12
11
4
1
10
42
3
83
28
17
3
89
174
3
461
66
56
52
3
54
6
37
304
7
2
163
8
30
1
16
144
27
4
9
5
38
75
19
3
12
63
35
213
1
16
11
15
2
1
213
43
2
49
11
15
40
276
10
9
2
2
47
2
10
376
8
3
10
27
6
4
20
10
29
54
10
3
29
132
32
417
41
45
13
10
13
2
11
2
18
64
2
138
2
80
1
32
4
49
13
10
136
2
13
26
25
8
440
1
1
5
2
44
22
3
3
21
1
13
2
2
1
10
16
39
2
3
10
52
8
7
367
10
2
8
42
2
7
55
16
5
2
120
42
3
25
1
16
329
23
310
27
6
61
8
65
3
10
4
29
12
16
135
19
2
34
1
5
3
2
12
18
180
8
1
52
17
4
3
19
7
1
49
16
10
111
2
1
120
2
9
16
1
2
1
6
7
15
1
8
2
11
5
33
2
1
7
5
36
1
3
1
359
15
6
7
2
20
74
41
22
2
37
3
2
5
44
121
14
8
7
2
8
143
15
34
13
9
5
2
4
43
9
3
15
5
36
1
15
2
2
24
6
3
15
8
4
4
32
58
2
478
8
50
17
1
4
126
66
21
62
2
4
11
6
5
132
30
33
51
3
29
