1
365
2
4
1
14
12
9
13
161
14
15
2
3
1
3
10
26
35
15
175
82
4
302
4
7
19
1
45
26
5
50
6
75
7
29
78
41
390
119
23
86
1
122
1
80
21
1
4
14
6
187
66
34
154
100
13
1
9
4
66
31
44
15
71
202
7
5
29
5
1
13
18
18
1
5
54
15
39
7
45
46
27
117
15
2
6
84
6
25
136
44
23
3
18
4
15
1
38
2
157
4
14
72
3
12
4
19
7
4
178
6
98
10
35
16
1
17
1
2
5
38
16
56
5
36
1
1
2
5
45
13
7
9
12
59
143
108
10
11
19
15
8
23
262
19
271
46
238
46
120
22
1
3
16
88
243
64
36
6
69
13
4
22
1
233
3
213
90
29
25
17
41
21
7
32
98
57
63
7
16
371
89
384
2
7
2
1
86
17
2
22
352
14
63
40
6
67
45
23
85
88
10
56
2
11
50
27
45
28
149
27
65
2
17
3
52
46
27
520
35
41
71
150
49
6
27
54
1
52
39
5
88
1
1
14
1
8
66
1
20
4
111
14
15
34
11
69
1
279
14
20
204
6
65
34
1
61
7
59
1
20
8
20
3
247
18
3
35
16
12
20
27
95
60
2
1
6
2
135
1
13
26
20
19
6
227
16
1
50
43
18
5
3
2
4
5
6
16
7
1
1
11
8
9
49
49
116
4
13
248
25
14
2
17
364
21
41
23
4
1
5
36
3
26
10
3
7
3
5
2
39
4
1
20
73
81
238
76
2
1
12
30
1
3
6
39
40
17
81
44
29
90
6
12
2
11
140
1
2
311
13
1
136
427
172
1
80
46
10
53
9
18
40
7
69
30
32
1
44
19
119
4
3
25
2
43
320
15
80
11
35
148
33
66
107
49
25
35
36
8
7
143
4
2
58
93
38
151
27
138
14
25
6
130
1
25
454
77
34
22
17
38
17
7
1
22
15
2
18
206
10
16
52
6
8
107
156
46
10
49
20
7
22
1
7
28
6
4
1
129
301
9
105
14
16
2
6
5
397
12
10
32
6
10
46
32
39
32
1
49
1
31
1
369
1
2
23
123
23
100
28
29
50
23
1
189
35
3
1
43
13
5
1
19
52
11
36
152
3
20
48
31
8
61
21
6
12
6
5
8
60
7
4
11
18
37
168
64
1
2
3
22
1
5
14
12
1
65
8
2
1
2
17
35
178
3
67
10
3
1
24
31
75
3
2
26
9
36
2
13
3
178
6
62
4
5
88
11
35
8
4
1
25
35
39
190
196
13
12
143
56
5
9
24
2
3
10
95
27
49
9
5
55
5
2
10
18
62
304
28
17
1
174
16
8
11
16
18
6
9
1
35
39
52
1
136
8
1
80
293
282
111
35
4
35
9
8
1
51
55
12
87
33
14
21
5
14
26
227
13
8
21
5
26
23
11
1
30
52
53
24
149
2
53
229
7
13
31
4
90
3
109
2
1
408
46
92
1
32
31
6
2
13
2
363
1
67
33
4
3
184
1
2
11
40
10
60
1
49
28
10
2
20
3
36
2
235
1
2
3
38
11
6
6
106
58
33
15
28
3
2
4
26
56
36
91
43
8
5
1
7
3
24
17
9
2
18
30
5
32
17
39
15
3
24
1
8
9
62
144
1
27
1
4
43
1
36
2
3
27
41
7
7
24
40
43
67
140
66
29
7
7
209
12
6
69
16
1
17
6
249
1
25
7
49
75
39
5
2
33
6
7
49
3
24
16
7
15
21
3
31
57
5
1
10
5
18
3
13
7
9
3
1
24
34
39
8
58
31
5
15
14
23
193
356
3
3
8
23
13
25
4
2
61
2
36
37
58
1
137
21
44
3
50
33
87
12
19
4
4
88
78
4
94
36
4
12
74
61
10
2
27
14
3
26
21
18
34
27
13
4
36
15
26
194
1
3
40
41
3
129
14
12
24
131
203
1
54
1
9
11
4
37
1
8
8
38
9
56
3
4
121
96
4
83
3
13
5
3
1
63
53
42
41
161
15
3
17
7
76
29
26
3
23
125
13
42
28
12
39
53
6
46
56
2
41
36
3
18
22
9
42
19
8
9
9
11
50
20
6
12
5
6
18
4
19
21
119
7
17
79
46
39
64
3
83
16
72
1
5
22
2
1
25
23
30
4
4
38
88
6
2
8
215
1
5
14
8
20
10
2
1
2
53
5
7
62
1
27
66
3
58
2
21
4
1
32
25
1
4
22
2
1
47
1
21
3
2
45
3
14
47
4
1
12
88
109
2
16
44
13
4
22
52
150
5
2
74
31
7
14
226
25
25
38
25
10
38
104
8
19
2
33
20
16
1
177
11
8
52
21
8
44
3
1
19
35
6
6
24
2
74
28
40
23
14
23
47
54
11
12
10
1
6
31
11
21
11
52
11
1
1
3
24
8
10
81
5
12
25
64
23
41
4
88
3
11
2
11
1
113
1
7
23
29
3
51
1
25
4
36
25
103
21
12
10
1
445
52
6
35
18
2
50
10
4
92
2
211
17
1
80
129
27
274
49
18
54
9
35
19
36
27
17
1
4
1
5
6
1
2
6
11
1
1
2
1
2
1
1
1
8
1
28
1
1
1
5
1
1
6
31
1
1
1
1
3
4
1
12
1
1
2
32
1
3
1
3
3
24
1
2
1
19
2
1
2
2
1
3
4
2
11
21
8
1
1
1
1
2
44
1
1
1
1
1
1
1
4
1
1
3
363
2
2
1
2
1
17
169
64
60
1
1
2
1
1
80
5
1
3
1
1
4
2
1
1
8
8
3
1
1
1
1
1
3
2
7
5
1
1
138
2
19
10
54
2
1
3
1
2
5
3
8
2
1
2
6
6
30
1
3
51
26
242
1
2
1
2
1
2
1
103
15
1
4
1
68
3
8
1
15
1
2
1
4
4
1
1
1
1
1
3
1
133
1
1
1
1
1
2
1
1
9
1
21
10
1
1
6
8
6
2
1
3
1
2
1
1
1
1
1
4
1
1
40
1
3
2
1
1
1
1
18
1
2
1
1
1
25
1
1
2
41
1
2
1
6
2
5
30
2
4
1
4
1
1
1
1
3
1
1
2
2
2
2
1
2
1
1
1
1
2
1
18
2
95
1
4
1
1
1
1
1
1
1
9
1
2
1
2
2
1
1
1
1
1
12
8
1
1
5
1
1
7
5
1
4
5
5
1
1
1
16
5
1
2
1
1
1
52
1
1
2
1
1
2
6
2
38
1
1
1
1
2
6
17
1
266
4
1
6
1
1
2
1
4
160
6
16
1
47
2
4
2
1
1
3
1
1
4
1
1
27
1
3
2
1
1
15
1
5
1
6
6
1
4
6
1
2
2
2
41
1
3
2
1
2
1
7
1
1
1
3
7
1
57
17
2
13
7
1
1
1
2
2
30
10
2
32
1
1
3
10
3
1
3
6
3
3
2
1
1
1
2
1
1
3
2
1
6
1
1
56
1
2
9
1
13
1
38
5
2
1
1
1
2
2
1
1
3
12
1
1
2
1
5
1
1
1
1
1
28
4
2
1
1
1
1
33
2
1
2
1
4
1
2
1
1
4
1
3
1
18
1
113
50
2
25
410
1
2
1
1
1
1
4
21
47
1
1
3
1
1
5
1
1
3
2
2
1
3
1
1
1
1
1
3
1
6
3
2
1
6
1
1
1
1
2
6
1
1
1
2
1
1
1
1
39
6
34
1
1
1
1
1
11
1
1
1
7
3
3
3
1
5
2
13
1
9
1
15
2
1
1
6
1
1
6
1
1
2
9
2
1
1
1
1
2
29
1
62
1
1
2
1
1
2
1
17
4
5
21
2
1
2
3
4
28
1
1
15
1
2
23
9
19
2
6
3
4
4
4
11
13
383
1
1
7
1
8
1
1
1
2
2
1
88
16
1
1
1
1
1
1
1
1
1
1
2
4
1
1
4
1
1
2
1
28
3
1
1
1
7
1
2
10
37
171
9
1
1
1
1
2
1
1
1
16
2
1
3
1
6
1
2
1
73
12
1
2
1
1
10
1
2
1
1
1
1
1
1
2
1
111
125
1
1
2
1
1
13
2
41
1
1
1
1
1
3
1
6
1
3
71
9
2
1
138
1
9
1
3
1
1
32
5
1
7
1
1
3
1
1
12
3
1
1
1
1
5
1
17
11
9
1
1
1
1
4
3
3
19
1
37
1
1
1
3
1
1
4
22
71
1
4
1
1
1
4
1
3
39
1
1
2
6
1
15
5
1
1
4
1
1
1
1
1
2
1
19
1
1
79
1
1
1
9
1
1
23
1
1
1
1
1
1
1
1
1
1
1
28
29
15
1
6
1
2
27
2
6
2
1
6
1
1
3
1
1
1
1
1
1
2
1
8
1
2
4
10
1
5
1
2
59
3
1
5
3
11
29
1
5
2
6
1
1
1
1
4
9
1
1
1
1
1
4
1
1
3
1
1
1
4
5
2
4
2
1
1
1
1
1
1
305
1
2
1
1
2
2
7
10
1
1
3
1
1
1
1
1
1
1
1
1
3
26
24
1
36
9
8
1
4
1
25
35
1
2
2
3
1
1
1
1
31
2
1
1
1
2
1
1
1
2
88
4
55
1
1
13
13
1
1
1
2
1
50
2
2
1
19
1
1
1
1
1
4
1
2
4
1
5
1
1
2
3
1
20
2
1
2
3
2
8
1
1
2
6
6
2
20
1
3
1
1
4
12
1
12
6
35
1
1
3
20
2
111
1
1
1
3
4
1
1
3
1
1
2
1
129
8
2
8
1
1
3
164
3
1
6
1
1
2
1
1
2
37
1
1
1
2
4
1
1
1
2
5
1
1
2
1
1
14
2
2
1
1
1
1
5
14
1
7
1
1
4
1
26
1
4
2
17
1
2
4
5
2
1
1
2
1
1
1
3
1
6
6
1
1
1
1
5
1
2
1
1
3
2
3
1
2
20
2
1
1
5
14
4
9
2
1
1
1
1
1
2
1
2
19
1
4
2
1
1
1
1
3
24
5
1
1
1
280
1
1
1
14
13
1
6
4
1
3
1
1
1
10
1
15
1
2
1
37
1
1
3
1
38
1
25
10
1
2
1
1
30
3
9
12
1
2
2
1
1
2
3
1
1
34
8
1
3
2
1
1
2
1
1
2
2
1
2
5
11
2
7
2
2
2
6
1
5
1
1
4
3
1
1
3
14
1
4
16
1
1
11
1
1
4
2
11
4
1
4
1
4
1
1
1
1
2
1
153
1
10
1
2
3
1
2
1
1
2
1
1
1
6
1
2
1
7
1
1
15
1
4
1
5
1
1
2
4
3
1
1
5
1
1
4
5
1
68
1
1
1
2
2
22
1
1
4
1
1
7
9
3
1
71
1
1
2
1
14
1
2
1
1
3
1
1
8
1
6
2
2
1
9
8
1
12
5
118
1
383
1
114
15
1
1
1
14
3
25
1
1
2
1
1
7
1
2
1
20
1
1
1
2
3
1
23
20
1
1
1
8
5
3
3
1
2
1
2
2
24
1
22
4
4
1
1
28
407
1
1
4
3
1
1
1
8
2
6
11
4
1
1
2
2
72
16
6
6
2
17
3
1
2
2
1
2
2
2
1
2
1
10
3
1
1
5
1
1
2
2
6
1
1
1
3
76
1
1
1
1
1
8
1
26
3
3
2
8
2
1
1
55
2
1
1
3
1
232
35
1
1
1
1
1
2
1
12
4
1
48
1
4
1
1
1
1
1
37
3
2
1
6
5
34
1
1
1
1
8
1
5
24
1
9
4
1
1
1
1
38
1
1
7
3
3
3
13
12
1
4
1
1
1
16
1
13
93
1
2
1
5
1
53
4
10
1
1
1
1
1
1
1
1
2
1
2
43
3
1
1
3
5
2
166
1
1
1
3
44
11
15
2
1
2
1
7
1
2
1
1
1
1
3
1
1
1
55
2
1
7
1
1
10
1
2
49
1
4
1
46
14
23
1
2
1
1
1
5
4
6
1
1
3
11
13
4
1
1
1
44
74
44
1
1
4
1
1
23
1
1
1
1
2
4
2
7
7
1
8
36
1
1
1
2
1
10
1
8
7
11
1
13
7
2
11
1
1
1
1
1
3
1
14
3
30
5
7
1
9
1
4
1
14
4
5
3
11
3
6
2
1
1
19
1
1
2
1
3
1
11
1
1
1
9
1
10
15
4
2
3
15
12
1
21
1
1
6
1
2
9
5
1
39
1
1
1
167
6
1
1
3
1
4
5
3
1
1
1
2
67
1
22
35
29
4
1
15
1
1
5
183
1
12
2
15
1
2
3
4
1
44
2
6
144
1
12
2
12
6
1
1
1
1
2
7
82
13
2
2
7
2
5
1
1
1
1
1
1
5
7
1
35
1
1
1
1
1
2
5
1
3
6
2
30
16
2
2
1
1
47
1
1
2
4
1
2
3
16
14
7
1
1
1
1
1
1
8
1
2
1
1
1
13
3
1
1
1
1
1
1
3
1
40
2
303
1
1
25
1
1
44
4
4
1
1
1
5
3
1
1
1
1
6
1
2
6
1
1
2
6
1
1
1
1
1
2
85
7
3
1
14
1
1
38
1
1
1
1
1
1
1
1
1
1
1
2
2
23
1
2
1
1
15
4
2
1
1
1
3
7
2
14
83
1
5
1
1
2
1
1
1
2
18
1
4
1
1
2
3
5
201
1
7
14
14
3
8
2
26
1
7
3
1
3
2
10
11
9
3
8
3
6
1
1
54
1
5
1
1
1
1
1
1
1
38
13
8
5
1
1
1
7
46
2
8
8
1
1
1
2
1
4
8
1
12
2
33
1
4
1
1
2
39
2
1
3
1
56
1
155
1
21
1
6
3
1
1
1
8
9
1
1
1
1
1
5
1
9
1
1
11
1
1
1
1
2
1
13
6
39
1
8
10
21
2
31
2
1
8
13
18
12
1
5
1
1
32
1
36
1
2
80
2
2
3
1
27
21
2
1
8
7
1
1
29
3
4
4
1
1
47
1
8
56
1
2
7
62
1
2
1
1
1
13
12
1
1
1
6
1
2
2
3
10
2
2
1
1
4
1
1
72
1
2
4
1
1
19
1
1
7
4
47
15
22
1
1
2
2
30
1
4
1
78
1
1
1
1
16
1
1
1
1
1
3
1
1
1
1
1
222
1
1
4
38
5
1
1
1
1
11
1
1
120
2
1
3
1
1
1
5
1
14
1
7
1
19
4
12
1
8
2
2
3
1
1
2
1
1
1
1
1
1
7
1
1
2
1
6
2
1
4
4
1
1
1
1
10
1
1
1
1
1
3
1
1
1
3
2
56
4
1
2
15
1
2
224
6
1
2
1
1
2
1
1
1
1
2
15
39
5
16
1
2
3
87
1
1
1
1
4
2
21
7
1
16
1
44
2
1
5
1
3
1
19
12
1
47
1
1
1
2
2
3
1
1
1
1
2
1
1
56
1
1
1
2
2
1
1
23
1
5
1
6
3
27
9
3
119
252
22
1
1
2
59
1
5
1
6
1
1
1
1
12
13
1
3
1
4
2
1
1
1
1
1
1
2
61
1
1
1
4
3
1
8
3
3
1
1
1
1
3
1
1
3
61
1
1
1
4
1
2
2
1
1
1
1
1
1
1
1
5
5
1
1
1
5
20
1
1
8
1
30
1
18
64
1
4
1
4
7
1
4
1
1
1
65
22
4
4
1
5
1
3
1
3
1
1
2
2
7
1
1
2
1
2
4
30
1
1
7
1
2
30
1
2
1
3
1
6
9
11
1
5
1
44
24
1
2
1
1
2
229
1
1
2
9
3
1
1
1
5
117
13
8
70
20
37
1
1
4
1
2
1
15
131
1
1
3
1
1
1
1
40
1
2
6
10
1
2
12
16
14
1
1
52
2
1
1
2
1
26
1
1
4
1
2
23
1
1
2
7
3
1
1
1
39
1
30
1
1
12
8
1
14
1
31
3
1
7
40
1
1
1
2
3
1
1
1
1
5
1
1
4
1
1
21
29
2
1
1
1
3
1
1
17
1
1
2
1
1
1
12
6
2
1
1
1
3
1
6
1
1
7
1
1
2
15
1
1
2
1
1
71
19
1
1
1
1
2
1
4
7
4
18
2
2
1
1
3
1
22
4
1
1
1
3
1
2
1
1
2
1
1
4
1
5
1
1
1
5
1
1
19
2
1
1
1
1
2
1
5
1
3
14
1
7
1
1
1
16
3
4
1
21
2
2
1
4
1
4
9
14
1
9
1
1
5
3
7
20
1
5
1
1
1
2
1
29
3
1
1
17
2
94
2
3
1
1
1
1
49
2
4
1
4
1
1
1
4
1
1
7
35
1
43
3
1
32
4
18
1
2
1
2
23
1
1
2
19
1
1
3
2
7
2
16
21
3
1
7
8
1
1
12
3
1
1
1
10
1
1
1
2
1
1
42
1
1
1
1
2
1
1
14
1
2
2
1
1
1
6
1
1
1
1
1
1
2
5
38
2
1
1
1
12
3
4
11
3
2
6
4
3
4
1
10
1
6
1
6
5
1
3
1
4
5
2
7
2
1
1
2
1
212
1
1
2
1
15
2
87
73
14
17
24
3
1
1
1
9
5
1
7
1
1
1
1
2
1
1
11
1
40
2
1
1
44
1
8
2
3
1
1
2
1
50
16
1
4
1
1
7
29
2
8
1
23
3
1
1
1
5
16
1
1
390
3
3
1
62
3
3
1
4
14
5
1
2
1
98
1
6
1
7
2
1
16
1
1
3
2
2
1
2
1
8
46
1
7
1
11
4
11
1
1
1
1
4
1
1
3
8
2
3
1
5
1
47
61
1
1
3
1
3
4
1
5
2
1
1
4
1
5
1
1
1
1
2
1
1
1
1
12
9
1
1
321
3
1
16
31
3
1
3
1
1
3
33
3
1
1
1
44
12
1
4
2
3
2
1
2
35
1
2
1
90
3
199
6
18
41
1
1
1
6
6
1
29
75
2
45
1
1
1
2
1
1
1
28
1
2
13
1
1
1
3
1
1
14
1
1
1
1
1
4
1
1
1
1
17
1
1
5
4
4
1
6
4
13
10
16
1
79
6
1
1
4
3
1
1
3
1
2
8
4
1
1
19
4
5
2
8
3
1
3
1
1
1
1
1
4
3
7
6
1
1
1
10
6
2
29
1
2
1
1
6
3
2
1
2
1
1
1
4
5
1
32
1
1
1
1
1
2
3
1
1
2
1
2
16
1
1
5
4
2
1
1
1
12
10
1
1
1
10
9
3
4
4
1
3
5
1
6
1
1
1
1
7
5
1
7
1
1
46
1
1
234
1
1
2
1
40
32
31
15
2
2
1
1
2
1
9
1
3
1
1
24
28
1
3
1
1
1
13
5
1
5
6
1
1
2
1
12
1
2
3
101
91
6
2
3
9
1
1
1
2
1
35
1
5
1
1
1
24
1
1
1
1
1
1
10
34
1
1
1
1
32
1
1
1
1
1
1
3
1
8
2
1
1
15
2
1
4
2
2
1
239
17
1
1
1
1
1
8
1
4
74
11
3
2
1
11
1
1
4
2
36
1
1
3
2
1
57
1
1
2
1
1
24
1
61
8
1
10
1
1
23
1
9
1
32
1
1
1
9
1
1
1
4
2
1
4
1
12
33
1
2
4
1
27
7
120
1
2
1
3
1
2
1
1
1
1
4
8
1
1
1
4
1
1
1
1
1
1
2
11
1
3
23
4
4
1
1
2
10
3
3
1
7
1
2
1
3
1
1
17
2
1
3
34
2
4
1
4
77
1
17
1
1
1
23
14
1
1
1
1
2
1
1
2
14
1
3
1
14
1
1
1
2
1
1
9
1
1
16
4
80
1
7
3
1
1
2
1
1
1
12
1
15
62
1
3
2
34
1
1
72
2
1
3
2
4
9
4
1
332
1
5
2
1
5
1
1
4
5
1
15
1
18
3
2
1
9
3
2
80
9
5
1
1
13
1
3
306
3
2
1
9
1
1
3
8
2
2
1
2
1
1
2
1
1
1
1
255
1
1
2
1
1
45
5
1
1
36
2
4
1
5
76
1
25
1
1
2
3
3
2
1
1
6
6
3
3
1
1
2
35
2
4
13
1
2
1
1
2
1
2
1
1
3
2
1
1
1
1
1
1
1
1
20
1
4
1
2
10
3
1
37
179
13
1
1
1
2
1
1
1
2
1
3
2
2
5
1
1
1
1
1
10
10
2
2
1
1
1
4
6
1
1
41
8
1
4
2
11
2
2
92
17
1
1
1
15
1
9
2
51
6
5
1
1
1
1
2
3
208
2
2
1
2
1
2
1
2
1
24
26
1
9
3
156
2
4
22
399
5
26
3
6
1
2
1
9
3
3
2
5
1
1
1
1
1
5
1
1
1
1
32
34
1
6
25
17
10
1
2
1
12
18
2
1
2
7
1
2
3
1
1
9
1
50
5
2
1
1
4
12
128
1
1
1
1
1
2
2
1
2
31
1
5
1
6
12
1
1
10
1
1
3
1
4
1
1
2
1
1
1
1
24
1
1
1
2
1
18
16
1
32
31
36
11
1
1
1
1
1
1
76
24
2
1
33
1
1
8
1
4
1
2
1
1
3
14
1
1
5
17
1
2
1
1
2
11
28
1
3
1
5
1
1
1
1
1
2
2
22
1
1
1
1
2
2
1
2
1
1
4
1
6
10
8
1
1
3
1
1
1
14
23
9
70
1
1
1
24
1
1
1
1
1
4
1
14
51
2
4
1
2
1
1
1
1
1
1
2
1
9
1
15
1
2
43
13
1
15
3
1
1
1
10
1
41
3
2
1
1
2
1
1
1
3
35
1
1
1
1
11
1
4
21
1
1
25
1
4
10
1
47
2
1
1
4
476
1
1
2
1
1
1
2
5
2
1
4
1
4
1
1
1
2
1
18
1
11
2
1
1
36
1
2
2
13
5
1
16
4
3
4
3
54
1
1
18
4
1
1
8
1
3
1
8
5
1
1
5
7
1
9
13
2
1
1
2
1
1
3
2
3
14
1
2
1
18
98
1
1
70
1
15
5
1
1
45
1
5
1
1
1
1
1
6
4
2
2
55
2
12
65
1
2
6
1
3
6
1
7
1
1
2
1
1
1
2
1
3
1
3
62
8
1
1
1
1
1
1
1
1
1
2
1
2
1
2
7
1
1
16
1
1
3
1
20
1
2
3
2
1
3
1
1
1
1
8
5
1
2
8
1
2
2
2
1
1
1
1
1
20
1
6
2
1
1
7
1
1
16
7
1
2
16
5
1
1
9
1
81
287
1
1
2
1
1
15
2
1
1
31
50
3
1
4
1
442
1
2
1
6
1
1
1
1
1
3
2
2
70
1
4
1
2
5
14
1
9
2
15
1
2
1
1
1
1
5
2
1
1
34
1
1
1
1
3
4
1
8
16
5
1
5
75
1
1
6
1
4
1
1
3
1
4
32
7
2
12
1
2
6
43
2
2
21
1
2
1
3
3
1
1
1
66
5
3
1
5
1
318
1
3
15
3
1
12
40
2
14
1
3
1
3
15
2
5
36
1
1
1
1
1
1
3
47
3
1
2
1
1
1
2
2
1
2
2
1
1
3
11
13
1
2
3
78
1
1
1
1
4
2
1
2
1
1
1
1
2
5
1
3
9
1
2
2
1
2
1
1
4
1
1
1
3
2
1
1
1
9
1
1
1
21
1
1
4
16
15
7
12
9
1
2
1
2
2
66
1
1
1
4
3
4
1
1
1
2
1
8
20
1
1
1
3
1
2
3
1
2
2
1
7
1
1
6
1
1
5
2
1
1
1
1
32
10
1
2
45
3
1
1
4
1
3
1
1
1
1
2
1
228
18
2
312
1
1
1
1
1
1
1
1
62
2
1
1
1
20
10
2
1
1
1
3
2
1
1
2
1
1
1
19
2
1
5
1
63
1
1
1
5
7
1
2
27
1
1
33
1
1
7
1
20
5
1
3
1
1
1
8
2
3
3
1
1
1
3
1
44
24
1
3
1
1
1
9
27
1
44
8
1
3
1
1
8
3
1
1
10
1
7
2
1
1
4
1
1
4
1
1
1
4
9
1
1
3
3
1
5
3
1
1
2
1
1
1
1
1
1
1
140
8
1
1
9
1
1
32
2
6
1
1
1
2
1
2
1
1
1
1
5
8
4
1
3
1
2
56
13
2
2
16
1
1
1
2
2
1
1
6
5
1
2
1
6
4
19
3
12
1
1
365
1
2
5
3
1
2
1
2
5
2
1
26
21
1
3
4
1
2
1
1
1
7
24
6
2
3
1
2
2
3
12
2
12
5
20
3
7
1
11
1
21
49
3
1
1
1
1
1
1
1
2
1
1
1
1
5
1
11
4
1
1
2
1
3
1
1
1
1
1
32
2
2
2
1
1
7
2
2
4
9
14
1
4
1
4
1
3
1
5
1
238
1
1
1
18
1
21
2
1
1
52
1
89
1
2
10
1
17
2
1
2
1
4
1
1
3
18
2
2
2
3
4
2
8
1
5
1
4
1
1
1
2
6
1
1
1
1
1
2
2
21
1
1
1
1
1
10
13
2
1
3
2
5
1
1
2
2
1
1
3
1
1
22
1
1
17
3
4
1
1
18
1
2
10
1
5
1
1
1
1
11
1
1
1
121
1
2
1
5
1
1
1
2
1
1
1
1
455
4
1
4
1
2
1
2
3
12
1
1
19
2
5
2
1
2
3
1
2
1
1
1
1
1
1
17
8
1
1
3
2
7
2
1
2
1
225
2
1
9
7
1
2
8
1
3
7
2
1
1
1
1
1
3
2
5
3
2
1
3
1
11
5
3
8
3
2
1
3
8
46
5
1
2
4
1
3
1
2
1
1
69
1
3
1
1
1
1
21
1
2
1
3
24
4
5
2
1
4
1
2
1
1
1
31
1
2
1
1
1
1
13
1
33
1
1
1
20
23
1
3
1
4
2
1
1
1
3
25
1
1
1
1
1
3
5
1
3
1
1
1
1
5
1
8
1
1
1
1
13
1
1
1
1
134
1
15
3
7
3
2
6
2
1
33
4
3
21
1
2
1
2
5
8
3
1
1
3
2
11
1
1
1
1
1
1
58
1
1
1
8
3
2
1
16
1
1
12
3
1
1
11
1
1
2
1
1
1
1
1
1
4
1
1
1
1
96
2
1
4
1
6
2
2
1
2
15
1
4
2
1
1
2
2
1
1
21
1
1
10
2
8
2
1
3
15
13
5
2
38
35
1
137
1
6
4
1
1
1
2
1
1
1
34
12
1
2
6
4
1
6
1
1
1
1
20
47
38
9
2
9
4
6
2
1
1
2
24
1
1
5
1
258
2
2
1
1
1
1
14
1
1
1
2
1
2
1
3
2
1
1
3
3
1
4
1
2
65
18
3
1
1
1
4
1
3
1
8
1
3
5
4
1
1
8
17
1
4
1
13
1
4
3
12
3
19
1
1
1
9
2
1
1
5
2
3
1
251
2
1
1
1
1
1
2
1
1
8
8
2
10
2
1
2
1
28
1
1
2
1
11
1
1
2
2
1
1
1
2
8
5
1
7
1
1
1
24
1
1
1
4
4
35
1
6
3
1
1
1
1
1
1
1
24
1
1
5
1
3
1
6
1
1
45
1
3
1
7
1
1
1
3
6
1
1
1
1
1
7
2
381
3
1
3
4
48
1
6
1
11
1
1
1
1
3
1
2
1
1
1
2
3
1
2
1
1
2
1
2
1
7
7
1
2
3
2
2
2
1
42
2
4
33
1
1
1
1
182
3
1
1
2
1
1
1
1
3
1
3
1
60
3
1
1
1
1
1
2
5
1
1
1
1
1
1
5
1
3
2
2
1
2
1
1
2
23
1
20
1
14
4
1
1
2
1
1
1
1
2
2
1
1
1
1
2
2
3
1
3
1
2
1
1
2
6
1
3
1
3
15
2
19
1
2
62
2
21
2
4
1
78
2
1
1
3
11
12
2
1
1
1
1
1
2
1
3
2
1
2
2
1
1
2
55
27
1
1
1
1
1
2
1
1
1
1
6
1
16
1
2
1
3
1
1
1
2
1
1
3
3
1
1
1
22
1
1
456
12
2
2
1
25
1
2
1
1
2
11
1
2
25
3
1
25
1
1
1
1
1
3
1
1
15
4
3
1
1
20
1
2
1
17
3
1
1
4
2
29
13
1
3
32
1
1
10
294
1
1
1
4
1
31
4
1
2
1
1
1
1
1
4
2
1
2
1
1
9
1
1
4
6
1
1
5
1
12
3
1
1
49
4
6
4
1
1
1
22
1
1
1
3
73
3
1
1
3
2
1
2
5
1
103
1
58
1
1
2
1
2
1
1
23
1
11
2
1
16
1
1
1
26
2
1
1
2
1
2
1
1
1
1
233
33
1
1
1
2
1
2
5
2
1
1
3
1
2
3
1
1
9
1
1
2
1
4
5
34
1
1
1
254
480
5
1
1
1
1
7
1
3
1
2
4
1
35
2
1
3
1
2
1
9
4
1
1
1
1
56
8
1
27
1
16
3
17
2
1
1
1
1
1
1
1
18
1
1
3
1
1
1
1
1
1
14
9
1
1
3
3
6
2
1
1
2
8
7
1
11
2
9
52
36
3
1
1
1
2
1
1
34
1
48
1
1
2
1
2
1
1
5
3
1
1
2
1
1
1
1
1
1
3
3
6
1
23
3
25
6
1
2
1
1
2
2
2
3
8
22
4
1
1
2
1
1
1
5
1
1
1
1
1
1
6
1
3
2
1
1
13
1
1
1
6
2
18
20
1
1
1
25
2
1
1
1
3
1
1
1
1
1
20
1
1
1
15
1
6
24
10
2
8
2
2
1
1
7
3
2
1
2
6
5
1
3
6
1
4
1
1
23
28
4
1
1
3
3
1
11
2
2
1
14
3
1
1
1
1
2
1
13
27
3
1
2
1
2
39
4
1
2
1
6
1
5
6
1
1
9
1
1
23
26
1
1
1
1
11
1
16
1
6
1
15
40
1
5
9
3
7
3
1
280
1
1
5
1
2
2
2
28
1
13
26
1
22
1
1
36
1
1
1
170
4
22
1
5
67
1
3
34
1
11
1
2
4
1
1
1
1
1
4
1
11
1
1
4
5
28
1
1
1
2
3
3
2
2
8
8
29
1
1
1
1
1
4
19
1
5
2
14
4
1
1
1
5
1
1
2
1
8
1
13
1
1
2
2
2
1
6
1
1
22
84
1
1
1
1
1
1
1
1
1
10
1
7
3
1
36
1
2
1
1
8
1
1
3
1
8
1
8
1
3
1
1
4
7
2
2
1
2
4
42
7
1
3
9
1
3
31
1
9
5
29
13
5
1
1
1
1
2
1
1
38
3
10
1
1
1
3
14
1
1
6
4
4
3
1
1
1
28
1
2
2
1
1
2
1
1
1
2
4
1
3
19
1
6
101
2
2
4
1
24
1
7
1
4
5
3
3
4
1
4
3
1
2
14
1
2
1
1
1
1
1
11
2
5
4
1
1
21
19
2
1
3
1
1
1
2
1
7
3
25
3
1
3
4
3
16
1
1
1
1
2
5
1
1
11
27
1
5
1
2
1
1
2
3
1
35
182
1
53
1
1
92
1
1
1
4
2
5
1
6
1
1
2
2
12
32
7
5
8
6
1
14
1
1
5
4
7
1
1
2
1
1
1
33
2
2
5
5
17
4
1
1
1
1
2
1
1
2
23
1
1
1
4
2
10
1
4
1
1
28
10
7
1
5
1
10
23
58
6
2
222
6
2
3
1
27
1
4
1
5
1
1
9
1
1
2
1
7
3
5
1
2
1
1
1
1
1
1
2
2
1
1
8
19
1
203
4
32
6
1
1
7
1
2
5
1
1
2
2
1
3
1
2
5
1
2
12
1
1
5
1
4
1
1
1
10
1
21
1
1
1
9
1
1
4
1
1
3
10
1
1
1
2
1
1
167
1
10
1
27
1
1
3
1
1
1
1
2
4
1
10
1
13
1
15
4
1
21
8
1
5
1
5
1
1
1
1
2
1
6
1
1
1
1
2
1
5
1
1
34
2
1
3
16
2
1
1
1
5
3
2
1
1
1
1
7
7
1
226
1
1
2
1
2
1
12
1
5
7
1
1
1
1
2
25
80
1
1
1
1
3
41
1
2
1
1
4
1
2
13
3
41
3
1
19
2
1
8
7
2
5
1
2
22
39
1
2
1
6
56
1
2
1
18
40
6
1
1
1
1
1
1
4
1
6
1
1
1
1
7
5
2
52
1
3
1
2
1
1
3
355
13
3
1
82
1
1
1
1
2
1
1
2
1
17
44
1
1
1
1
2
3
1
58
14
8
1
1
11
1
1
1
1
1
1
3
4
1
9
8
33
4
9
1
1
2
1
1
1
4
1
2
1
2
1
2
2
1
1
1
1
96
1
6
6
2
4
1
1
1
15
1
1
48
15
6
1
32
1
1
2
2
1
1
1
1
1
7
4
4
1
2
1
48
13
1
1
1
1
1
4
11
3
16
1
9
1
26
1
6
2
15
8
1
5
2
7
1
7
1
1
1
16
5
1
1
1
1
1
1
1
1
20
7
1
3
1
8
1
2
2
33
1
2
2
1
1
13
1
1
1
1
1
1
1
1
2
1
3
4
1
1
1
1
1
1
49
5
1
2
1
1
1
22
2
1
1
1
4
93
16
1
3
1
1
6
1
5
1
1
3
2
2
1
5
2
3
1
9
1
6
2
311
1
1
1
4
65
2
11
1
1
1
9
21
2
39
1
1
1
1
2
1
36
3
1
64
1
1
1
8
1
2
1
4
1
12
2
2
1
1
2
1
16
1
1
7
6
4
1
1
1
2
1
1
1
25
1
1
19
7
1
26
245
34
2
7
2
1
1
2
1
1
20
1
1
103
211
6
1
1
1
1
1
1
1
7
1
2
14
24
1
1
1
5
10
3
1
77
10
5
1
1
4
1
2
1
1
1
1
21
4
1
19
4
26
1
1
33
1
27
5
1
29
14
1
2
177
2
3
1
2
2
95
1
15
1
2
1
1
15
3
32
49
3
2
1
7
1
7
3
3
1
2
3
1
1
1
35
1
4
3
1
47
1
1
8
1
5
2
11
95
12
1
1
2
2
1
1
23
1
1
23
11
1
6
21
2
1
2
1
2
27
94
28
1
1
2
2
1
1
1
2
1
6
1
1
2
4
28
1
7
26
2
1
225
2
1
4
1
1
2
8
39
1
3
34
1
30
10
1
6
1
1
12
11
2
7
4
1
31
1
7
13
2
3
3
2
1
5
1
14
1
2
1
68
2
1
2
7
1
28
2
1
1
19
1
24
52
5
1
1
1
1
1
1
2
3
3
1
4
1
10
1
5
25
6
1
1
2
11
2
2
1
48
1
1
2
8
1
1
1
4
1
17
1
1
1
2
27
9
1
1
2
1
3
1
5
5
1
1
1
7
2
4
1
3
1
1
2
7
1
1
1
1
1
1
1
1
3
1
1
1
336
2
3
1
5
184
1
1
2
1
2
1
2
1
4
1
1
1
1
2
1
1
9
1
2
1
7
1
24
2
24
1
1
1
3
1
3
11
1
1
1
25
33
1
38
1
1
2
1
3
2
4
1
1
1
3
2
1
1
1
1
20
2
2
1
2
2
4
2
5
11
1
1
1
1
7
18
1
1
3
9
2
1
4
1
2
1
2
2
1
1
15
13
1
50
3
3
3
1
1
8
1
14
6
4
1
1
1
92
2
1
1
1
1
1
16
2
1
3
1
18
69
1
1
1
2
9
2
1
1
1
33
1
2
1
1
1
1
3
4
1
1
1
1
2
2
2
2
7
1
1
2
9
3
21
1
7
1
5
2
2
1
2
1
1
7
1
1
4
2
1
1
1
1
17
6
1
1
1
8
1
1
2
5
1
8
5
1
2
5
10
1
1
1
1
1
2
12
1
1
23
42
4
18
3
1
1
2
38
118
23
1
2
1
2
14
1
1
1
23
3
1
1
32
2
1
2
1
3
3
1
1
1
1
4
1
9
63
10
2
1
1
23
16
1
10
1
2
2
4
8
1
4
5
1
1
52
1
2
19
2
1
1
1
6
1
1
2
3
2
1
12
41
1
28
1
1
1
1
1
1
4
1
29
1
1
1
1
1
1
5
11
1
2
1
2
47
1
1
3
1
1
113
1
1
55
5
8
1
1
1
5
6
1
5
4
1
228
4
1
1
1
1
9
2
1
1
12
1
3
5
1
4
1
1
6
3
229
4
1
1
42
18
2
1
7
1
1
2
2
79
2
24
1
14
2
28
1
1
1
1
1
2
2
2
3
8
1
1
3
1
12
1
1
1
1
13
1
1
3
2
3
1
1
111
1
1
1
52
1
2
1
1
1
3
1
1
6
5
1
3
2
44
1
2
2
1
11
1
1
1
1
1
47
3
2
1
7
1
1
6
13
1
2
6
2
2
1
3
1
27
1
1
2
24
1
1
106
2
6
4
1
136
2
1
1
1
7
3
1
1
1
1
26
1
11
1
1
1
7
3
8
1
1
6
1
10
1
1
1
1
1
2
2
1
1
2
1
11
10
2
3
1
1
4
1
1
4
22
2
2
12
1
1
2
2
1
1
1
20
1
3
1
1
1
1
1
1
2
44
1
1
2
1
1
1
2
3
1
1
3
2
6
15
1
2
1
2
3
2
3
1
1
2
3
1
1
6
1
1
1
2
1
1
2
1
1
1
1
1
1
1
1
10
1
1
18
13
16
1
2
6
1
2
1
96
1
1
1
1
1
1
5
1
111
1
10
1
35
4
4
1
25
1
1
1
2
1
2
1
1
1
1
1
1
10
1
1
1
1
1
3
25
1
2
1
1
1
11
13
4
2
1
1
1
1
1
5
1
1
3
1
13
1
1
1
3
1
2
1
20
1
1
2
1
7
1
11
1
6
3
1
32
1
7
54
1
6
1
1
1
49
1
1
1
1
244
1
1
22
1
1
3
1
1
1
1
1
6
2
1
1
1
1
1
1
1
3
1
1
4
5
1
13
1
1
18
49
2
1
2
15
1
1
1
1
1
2
1
1
1
1
6
4
2
1
1
4
1
6
5
1
1
2
1
4
1
8
1
6
1
28
3
1
1
1
5
3
1
1
1
4
1
1
1
143
8
1
1
2
1
1
1
75
2
234
1
1
1
1
3
1
1
1
4
1
7
10
3
1
2
35
1
4
3
1
1
29
1
1
39
3
2
9
1
17
3
28
1
3
22
1
55
1
1
11
2
27
4
1
3
2
6
3
1
15
1
11
1
99
7
2
2
1
1
1
1
5
1
3
1
1
1
1
16
3
1
23
1
1
4
1
2
3
2
4
3
1
2
1
3
5
2
1
75
7
1
1
1
5
1
1
1
2
124
115
1
3
2
2
67
14
1
4
35
2
50
1
1
1
1
1
2
1
1
1
1
1
2
2
3
1
1
20
1
16
1
6
3
1
11
1
2
3
1
1
61
1
1
3
1
2
1
9
1
5
1
1
1
1
76
1
46
1
1
39
11
1
3
5
87
2
5
1
1
3
11
4
1
2
1
2
5
1
5
1
1
2
1
1
9
4
5
1
2
1
1
1
1
1
1
8
1
1
1
1
1
11
2
1
2
2
1
4
1
1
1
32
1
1
5
21
8
3
2
1
2
27
1
1
1
1
1
2
1
1
6
1
1
1
2
5
7
2
1
27
14
3
1
2
1
1
40
1
19
1
50
1
108
1
5
35
1
1
2
1
2
2
1
2
1
2
174
1
1
1
1
1
1
2
3
19
6
83
8
1
1
1
14
5
3
2
1
14
1
1
5
5
7
1
1
13
26
5
1
1
3
1
1
28
33
18
1
1
1
1
2
55
1
1
18
3
1
14
152
1
2
6
1
2
1
1
1
1
1
1
1
9
5
5
2
1
1
1
1
17
1
2
1
41
23
6
1
3
2
1
15
41
1
1
1
1
1
1
2
2
1
1
8
48
39
1
2
4
1
1
1
1
1
1
1
3
10
1
1
1
5
56
22
1
7
7
3
2
1
11
2
4
4
1
1
294
4
1
1
1
1
290
6
1
1
1
1
1
1
6
1
4
1
1
4
26
1
7
10
1
1
3
1
1
10
2
1
4
2
4
1
1
11
1
18
1
2
1
3
1
1
48
2
1
2
1
31
1
1
3
1
1
8
1
1
2
6
1
1
1
1
1
1
1
1
1
2
1
15
1
3
26
11
1
35
1
2
11
9
12
1
2
1
1
1
89
1
1
6
2
7
1
5
1
10
1
39
1
1
4
2
4
3
1
1
7
1
1
1
1
1
167
7
1
6
11
5
1
1
6
1
1
28
1
1
4
30
2
1
1
1
1
2
1
1
3
16
2
2
31
4
7
5
7
24
1
1
107
1
8
5
3
1
19
1
1
1
1
2
25
1
14
5
1
6
1
166
4
1
1
193
1
3
1
39
50
1
4
10
2
1
8
1
5
2
2
6
2
6
3
2
5
2
23
1
9
2
2
1
1
45
1
4
1
1
3
1
1
1
5
4
2
1
1
42
1
1
1
2
2
2
2
29
3
1
1
2
9
2
2
7
2
37
2
2
14
1
5
1
10
3
2
1
5
22
234
5
6
1
1
4
9
1
1
113
1
1
1
1
2
35
2
10
1
1
23
1
1
6
4
1
2
1
1
1
1
2
1
2
1
2
1
3
1
6
1
12
37
19
1
101
1
1
2
1
29
2
2
1
1
1
211
19
2
21
20
1
1
1
13
2
2
1
24
6
51
7
1
6
34
6
7
1
1
1
1
2
1
1
1
1
3
1
71
14
3
1
1
2
1
1
2
6
18
1
1
8
93
1
6
1
1
13
7
1
3
9
1
1
1
1
1
7
1
3
1
17
1
2
7
1
1
1
1
1
1
3
1
2
1
1
1
4
4
2
4
9
4
2
5
2
1
1
7
1
36
2
71
1
21
2
1
1
3
1
9
9
1
2
24
1
2
1
1
1
1
1
2
6
92
1
2
20
137
1
2
2
2
28
1
1
1
1
2
29
1
3
1
2
32
14
2
1
11
1
26
45
1
1
2
3
1
1
1
2
1
1
1
11
2
8
24
1
2
2
2
2
1
1
10
7
1
2
1
1
1
1
57
9
3
4
1
2
6
8
1
1
1
8
2
7
2
10
15
1
1
1
5
1
31
1
3
2
27
2
2
14
1
2
1
4
4
1
2
2
3
1
40
18
1
53
4
3
1
1
5
2
1
1
1
1
1
1
7
1
1
40
1
2
2
1
1
1
3
1
2
1
3
42
1
6
1
14
36
3
9
1
1
1
1
1
1
1
1
1
8
2
8
2
3
1
3
1
1
3
6
9
2
1
274
1
2
2
3
1
1
1
3
1
3
10
2
4
3
1
2
4
27
1
1
1
1
1
10
62
3
3
3
1
6
3
1
1
4
1
1
3
432
1
1
4
1
90
6
1
1
5
1
1
1
3
2
9
5
1
1
1
2
1
21
1
2
2
2
1
2
2
1
1
83
1
1
1
214
1
3
1
310
11
7
9
1
4
2
3
6
2
1
3
34
65
44
1
1
1
1
1
39
3
2
1
1
3
14
1
1
2
1
4
1
2
17
1
1
45
14
26
1
1
4
20
4
3
1
37
2
1
1
1
1
1
1
5
11
22
1
272
1
1
1
1
5
1
1
1
5
3
21
1
1
10
1
2
1
25
10
2
1
2
3
1
35
1
1
3
7
1
4
1
1
10
1
1
1
1
2
1
21
1
14
2
1
7
1
10
12
2
1
6
1
28
1
2
1
1
1
2
1
1
1
3
3
3
1
1
11
3
3
64
2
1
256
7
16
39
1
2
1
2
29
1
2
1
1
1
1
67
3
8
1
1
6
1
3
1
1
1
1
2
2
4
2
1
20
3
2
2
1
1
129
3
2
3
3
1
3
4
1
22
1
1
2
2
1
4
1
1
4
1
4
3
1
50
1
1
18
2
1
9
13
1
1
1
2
3
1
1
1
4
3
3
1
1
26
6
1
1
1
2
1
1
1
6
1
1
2
1
1
1
473
3
4
1
8
1
35
4
3
1
1
3
9
4
1
1
14
16
1
1
1
1
1
13
83
1
1
10
1
5
1
1
1
1
60
3
4
7
3
1
2
2
1
8
1
1
4
2
5
1
37
3
1
2
4
68
1
11
1
3
1
6
6
109
1
1
6
1
1
1
5
92
1
11
2
361
4
2
1
1
1
1
9
1
1
1
6
5
1
3
1
14
1
2
2
1
19
2
23
1
1
21
20
1
18
2
1
28
1
1
1
1
1
1
1
1
2
1
1
5
1
5
1
1
1
2
2
1
1
1
8
6
3
7
108
12
16
50
1
1
1
359
1
1
1
32
1
3
1
134
2
6
3
3
6
1
2
2
1
1
1
1
30
1
2
1
1
1
1
1
1
3
1
1
4
1
1
1
2
6
1
1
1
16
1
1
4
3
4
1
2
17
1
1
1
1
2
74
12
1
3
1
1
7
1
1
2
4
1
1
1
44
1
39
1
1
266
1
1
29
1
2
1
1
11
2
1
2
2
1
1
2
1
8
3
1
1
45
1
1
3
2
1
5
1
1
1
2
1
11
1
1
3
1
4
2
187
1
4
1
1
28
1
1
15
5
1
1
3
13
1
7
17
16
1
5
3
3
2
1
4
2
1
3
1
4
1
1
1
1
1
1
1
1
66
1
2
3
2
1
1
1
1
1
1
1
2
1
5
2
1
17
26
6
5
1
16
24
5
9
13
2
1
4
3
1
4
1
6
3
1
3
1
1
4
48
1
1
11
1
1
1
1
2
1
2
16
4
52
10
6
22
1
2
5
5
8
2
1
3
1
1
1
1
17
1
1
2
6
12
1
2
1
2
1
2
2
2
1
1
90
1
1
1
6
1
2
24
3
1
2
6
1
4
1
1
1
49
5
1
12
1
9
70
1
1
1
14
1
1
1
1
3
1
1
2
11
8
1
1
2
1
1
1
1
4
1
1
1
4
2
1
5
1
30
10
8
18
2
1
10
1
42
1
1
3
17
1
1
4
1
2
1
20
18
3
2
1
1
1
7
1
1
83
1
1
28
30
1
17
3
89
1
2
1
1
1
1
174
3
3
2
1
461
1
1
1
1
66
1
2
2
3
1
1
1
1
1
1
1
30
2
1
1
1
1
2
1
56
1
1
1
11
2
1
6
9
7
1
5
1
1
1
1
1
4
52
1
1
103
3
1
2
15
1
13
1
2
1
16
54
15
2
1
1
1
1
6
4
1
37
19
1
304
4
2
1
1
1
2
7
1
5
1
1
1
2
2
1
4
1
2
47
2
1
1
1
1
11
163
1
1
4
1
2
3
2
1
3
8
5
2
16
1
1
1
1
4
1
2
7
30
1
1
2
6
1
1
1
14
1
1
1
2
4
1
2
1
1
1
1
1
1
1
1
1
9
16
144
3
27
1
2
70
1
12
1
4
1
9
9
1
5
1
3
1
1
38
1
3
18
75
1
1
1
21
1
2
1
1
8
2
1
1
6
2
4
6
19
1
1
1
1
1
2
3
7
1
1
1
1
5
12
2
2
63
1
2
1
11
1
5
1
1
1
1
2
3
1
1
5
1
3
5
3
35
213
6
1
1
3
3
26
4
1
1
3
1
1
1
5
1
1
1
1
1
1
10
16
9
1
2
1
9
1
3
1
5
3
2
20
1
1
1
66
2
3
11
30
1
1
5
1
3
1
1
5
1
7
3
15
2
2
1
7
18
1
2
20
2
1
1
1
2
1
1
3
1
1
1
5
1
1
7
6
1
2
1
1
1
2
6
1
3
3
1
10
1
1
1
10
2
52
1
1
213
1
15
2
6
4
12
1
1
1
2
6
1
1
2
21
3
1
1
1
3
1
2
1
1
5
1
43
45
1
2
1
1
1
1
1
1
1
21
33
49
1
1
4
1
5
1
2
1
11
15
4
40
1
276
1
1
1
1
10
9
2
2
3
1
1
4
1
2
1
1
1
1
3
1
9
47
1
1
1
3
1
1
1
1
2
1
2
7
8
1
1
1
10
2
3
1
5
1
1
1
3
376
1
10
8
3
1
1
3
104
2
2
1
2
1
4
1
1
3
1
10
27
2
11
2
1
1
15
5
3
1
4
3
1
6
13
3
1
56
3
5
1
3
1
4
1
1
2
1
3
5
2
2
1
4
2
2
1
3
3
11
20
1
13
1
1
1
1
1
1
2
1
1
2
1
10
1
12
1
29
54
3
2
1
11
10
1
2
3
1
2
1
1
5
2
3
12
29
1
1
1
2
4
34
132
32
1
1
6
417
1
5
1
41
1
1
2
29
2
1
45
1
17
1
1
13
1
2
2
1
5
10
10
3
2
2
1
13
2
2
1
1
1
11
4
1
1
1
2
6
1
1
1
1
1
28
3
1
1
2
18
64
2
1
5
2
27
1
5
8
1
138
2
1
1
80
1
1
3
3
3
5
38
2
4
3
1
4
3
3
1
1
2
1
1
2
1
1
1
2
7
8
1
31
1
33
1
4
1
32
2
5
2
7
1
1
1
1
3
2
2
19
7
1
1
4
1
1
2
2
31
1
1
1
4
2
1
1
2
1
49
13
6
1
3
1
2
10
1
1
1
2
4
2
2
1
2
4
1
3
7
1
1
1
23
1
74
136
2
2
3
1
1
7
3
24
2
1
1
4
1
1
1
1
7
1
1
4
1
13
1
26
2
1
1
1
2
1
24
1
2
1
23
3
2
1
1
1
1
1
1
2
4
1
8
25
4
2
1
1
1
2
1
25
1
2
1
1
5
8
1
1
1
1
1
1
23
1
2
26
1
1
2
2
3
1
22
1
2
1
1
1
1
1
1
1
2
1
1
440
1
1
1
1
5
1
1
3
1
1
1
1
3
1
1
1
1
1
2
18
1
1
17
5
3
1
8
2
44
22
1
3
3
1
15
2
1
1
1
1
21
1
21
1
54
1
1
4
1
1
1
36
1
4
1
1
3
1
1
13
2
2
24
8
2
2
60
2
1
1
1
1
3
1
1
1
5
1
160
10
1
1
1
37
18
5
1
6
3
1
1
1
16
4
1
39
2
1
7
3
10
52
8
1
1
2
1
7
11
1
367
23
1
1
1
6
69
5
10
1
1
11
14
4
1
3
11
1
3
1
1
2
1
1
1
7
1
4
2
1
9
1
6
1
24
2
1
1
3
1
1
8
1
2
3
2
1
42
2
1
2
7
1
3
1
1
13
1
4
55
1
4
1
1
1
1
1
2
1
16
1
2
3
1
2
1
3
6
2
6
2
1
2
5
1
3
1
2
2
2
120
42
3
25
1
1
1
16
1
1
1
2
3
1
4
9
35
329
1
1
3
1
1
23
1
1
1
2
2
310
1
7
1
1
3
12
5
1
2
4
2
1
3
1
1
1
27
6
1
61
1
5
3
13
1
1
4
1
1
1
1
3
1
8
1
5
1
3
1
28
1
14
1
1
36
3
1
8
65
1
2
1
2
3
1
1
14
3
1
10
4
2
1
1
3
3
29
12
16
135
19
3
2
3
1
9
1
1
2
5
109
1
34
4
2
1
1
1
2
1
5
1
6
9
77
5
2
4
3
1
3
2
1
1
4
1
22
1
1
1
2
10
12
5
8
1
18
180
3
8
1
1
1
2
1
42
2
7
4
52
8
17
3
2
4
3
27
19
1
1
1
19
1
1
7
1
1
1
3
16
1
1
1
1
1
1
2
2
6
3
28
1
3
12
3
1
49
15
16
10
3
111
1
2
131
1
8
1
2
1
2
2
1
1
1
2
7
3
2
1
1
18
1
4
1
1
3
1
1
3
2
1
1
2
10
1
2
1
1
5
2
1
1
7
2
3
8
1
1
1
2
1
1
27
12
6
1
1
1
120
1
1
2
1
1
1
1
1
22
9
1
16
1
1
3
1
1
1
7
1
1
1
10
1
101
2
1
1
5
1
1
2
2
1
1
2
1
1
2
4
1
10
2
1
1
1
2
1
1
3
2
5
21
3
1
1
2
2
2
1
6
4
7
15
2
1
1
1
1
1
8
10
1
1
2
1
1
1
1
1
1
1
2
11
1
5
1
3
4
1
51
3
33
1
4
1
74
4
1
3
16
2
1
1
2
4
1
1
1
2
1
1
5
7
1
5
14
25
36
1
1
1
5
2
3
1
1
1
4
3
1
1
1
2
1
9
1
1
1
1
1
1
3
359
7
1
2
1
25
2
6
2
7
1
16
3
3
1
7
1
4
1
1
1
12
1
11
3
15
1
10
1
1
1
1
1
3
4
8
3
6
7
2
2
4
1
3
1
2
1
1
1
1
2
1
20
4
1
1
12
1
74
2
2
11
41
1
22
5
3
6
1
1
2
3
2
2
1
4
37
1
1
1
3
3
2
24
6
5
1
1
2
1
1
2
5
6
7
1
1
44
3
4
2
1
121
1
1
1
1
4
3
12
14
2
2
8
1
9
7
4
3
2
2
1
10
1
1
1
1
1
1
1
2
1
1
11
1
2
8
1
1
4
4
7
11
1
1
3
2
1
17
1
2
1
4
1
1
1
143
2
2
1
1
1
1
1
20
4
5
2
1
3
4
1
1
1
2
1
1
3
13
3
3
1
4
4
2
5
2
1
1
1
1
2
15
3
6
1
1
1
1
1
2
2
1
12
15
1
1
55
34
1
1
5
13
9
1
2
1
1
3
2
1
2
1
1
1
1
4
1
1
3
5
3
2
5
3
1
18
6
2
3
4
1
1
1
5
1
3
43
72
9
1
1
5
2
3
1
1
15
5
36
1
1
2
1
1
1
1
15
1
1
1
1
1
2
2
1
2
1
2
1
2
8
1
2
2
1
3
5
29
4
2
1
1
3
1
1
1
24
3
2
6
2
7
1
9
1
1
1
1
3
1
1
1
22
2
13
1
1
6
2
1
1
1
72
1
1
3
1
1
1
1
2
4
1
2
1
16
12
3
2
1
43
1
1
3
2
13
1
10
15
7
1
1
1
8
7
5
1
4
1
4
4
1
2
4
4
1
32
58
1
1
10
4
2
478
1
1
1
1
8
1
50
1
20
17
9
1
5
6
1
10
1
1
1
1
1
1
1
1
3
4
28
28
4
1
73
1
1
1
1
2
1
1
4
1
1
1
3
1
1
2
2
4
5
3
1
1
126
66
6
1
38
1
6
2
1
21
2
1
7
62
1
2
2
1
2
3
4
4
15
1
2
8
22
1
28
2
1
1
1
1
4
1
11
6
2
1
1
5
1
1
1
1
1
1
1
2
6
1
1
1
4
132
2
5
2
3
2
7
10
1
4
2
10
30
1
3
1
1
1
2
5
75
1
1
14
1
1
1
1
2
2
1
6
1
1
1
1
1
33
1
5
3
1
1
1
2
1
2
56
1
3
51
1
1
1
1
1
2
4
2
1
16
2
3
2
7
1
1
1
29
