5
1
7
3
2
3
10
1
1
8
1
7
2
15
4
8
2
40
6
1
40
2
2
1
3
3
1
7
11
8
5
3
3
1
1
4
14
7
1
2
1
41
5
35
20
6
10
2
27
2
1
10
3
12
2
2
3
2
3
12
18
7
3
2
6
1
11
3
1
3
67
51
25
4
4
1
2
11
2
1
3
1
3
13
6
35
28
17
5
42
47
4
7
2
2
1
62
7
19
14
10
5
3
7
10
5
2
55
50
6
8
9
5
4
36
1
14
1
3
6
8
7
6
4
2
1
1
20
2
6
8
3
26
3
2
1
12
2
1
2
1
2
20
7
1
7
6
1
14
1
5
4
17
12
44
31
2
2
6
1
2
14
5
1
3
13
13
2
43
1
156
3
2
13
2
22
11
1
2
17
2
13
11
5
22
1
16
23
1
13
4
4
2
5
2
7
1
6
2
2
18
15
1
7
16
2
1
3
2
7
2
32
1
79
3
11
1
4
6
124
20
6
3
32
6
28
12
4
2
2
2
1
52
1
3
4
31
18
1
3
9
13
5
15
2
8
2
17
45
3
5
3
1
4
4
1
4
2
34
1
1
1
2
33
16
39
17
2
1
4
50
3
20
1
1
5
1
2
23
2
9
7
6
1
20
2
2
46
14
5
2
10
2
4
15
13
2
14
59
10
5
54
5
15
13
6
34
1
1
1
8
11
3
1
35
6
2
4
19
1
6
1
2
6
1
6
11
1
1
16
49
3
48
5
30
16
9
5
1
2
1
10
3
8
8
11
2
1
11
6
11
1
3
7
27
22
5
3
25
2
15
5
20
3
32
90
3
4
14
2
5
59
1
1
2
4
4
1
1
1
2
3
4
2
4
7
2
1
2
3
1
3
3
3
5
2
2
16
1
8
3
3
10
2
1
3
7
2
32
1
2
12
2
4
4
9
8
2
6
9
1
2
1
2
2
1
3
25
10
9
2
1
13
31
1
5
14
7
3
1
28
1
7
11
4
16
1
3
2
27
1
168
7
1
1
5
3
4
13
2
2
2
1
4
9
18
4
7
7
3
3
7
1
7
7
40
1
5
26
34
4
6
1
3
11
4
2
1
1
2
38
3
58
48
3
2
2
1
2
6
1
3
22
27
3
7
6
32
10
2
8
3
7
27
1
1
48
34
17
1
1
9
9
42
2
16
8
1
4
1
3
2
17
1
1
60
2
9
1
1
4
2
2
1
1
5
85
1
4
22
10
4
3
10
2
14
25
6
42
5
1
4
33
12
44
4
11
2
94
2
7
2
22
1
4
1
2
3
4
3
2
7
6
2
4
4
1
11
2
32
2
2
9
10
1
137
1
7
4
4
3
9
1
4
1
3
3
11
1
2
23
15
2
1
25
3
3
2
2
2
7
2
2
33
1
26
1
2
1
2
8
1
2
3
4
3
2
4
10
4
1
31
5
6
15
11
3
1
7
5
11
2
2
1
3
16
3
1
7
3
4
1
2
5
1
20
5
6
2
12
2
30
4
2
3
7
2
8
5
20
3
3
3
4
7
1
2
7
9
22
4
2
2
18
1
3
3
2
1
4
8
1
4
37
2
15
5
39
42
9
2
3
28
2
3
6
79
1
2
6
2
1
2
21
