12
6
15
40
25
8
58
2
2
65
102
16
1
11
1
21
23
1
2
33
1
13
14
9
2
5
12
2
9
18
35
8
2
2
1
150
12
2
13
3
6
31
89
105
22
13
30
2
1
39
10
1
14
4
2
2
22
35
111
4
19
6
5
6
1
65
19
5
2
5
14
1
1
51
13
2
22
107
1
6
1
2
7
33
6
38
2
1
8
3
57
8
13
47
1
2
6
9
6
7
2
69
1
4
3
1
20
2
2
1
1
3
2
93
24
7
1
12
27
6
2
16
2
1
3
7
3
2
8
5
1
1
1
3
2
1
17
1
1
13
28
54
9
6
1
107
3
33
1
58
22
2
1
61
1
13
6
2
1
19
8
3
1
1
2
1
1
61
1
1
3
7
1
4
17
5
13
83
2
24
4
108
1
2
13
22
1
3
15
7
6
5
1
1
17
13
18
31
1
3
1
2
6
19
1
3
3
9
1
9
3
2
1
2
1
71
3
2
5
10
17
1
6
2
17
3
138
3
10
3
1
2
38
10
4
3
1
51
1
23
2
2
2
111
2
13
2
17
29
53
1
1
4
1
3
11
2
4
17
2
48
2
1
7
2
23
3
2
2
11
45
18
1
16
1
65
19
1
7
3
2
5
2
3
48
7
3
1
2
1
7
13
2
40
13
10
10
1
2
1
1
6
48
40
1
8
3
8
16
35
1
1
11
6
2
16
2
7
90
14
1
12
9
3
1
27
6
2
1
2
2
3
29
2
19
1
2
176
8
12
1
1
3
4
97
122
7
2
1
65
4
1
1
34
33
2
1
2
4
1
9
12
1
2
3
45
5
136
2
1
1
6
51
3
1
2
7
7
14
1
21
3
5
6
2
1
1
43
1
3
9
24
73
21
3
17
2
1
1
25
24
14
8
105
5
2
3
80
52
3
1
1
1
1
55
4
3
12
2
4
1
40
2
2
2
5
7
2
2
83
6
17
10
18
3
3
1
38
7
1
2
1
1
18
2
2
2
2
67
6
128
23
5
87
26
21
2
4
1
3
1
1
4
6
4
31
15
3
18
26
2
2
3
2
1
5
6
1
2
2
3
53
1
1
5
173
2
3
7
2
41
5
3
1
1
2
1
2
2
4
3
11
4
2
3
98
10
83
4
10
8
1
2
6
1
4
1
2
4
7
3
61
5
32
4
2
23
42
9
1
7
3
10
1
6
5
2
2
1
1
139
9
2
1
3
6
3
2
1
7
11
3
2
1
2
4
3
7
2
2
28
2
6
40
1
3
8
3
35
12
7
39
10
1
4
2
1
2
3
3
3
5
5
18
5
1
5
9
10
7
10
4
1
5
62
1
3
2
6
5
12
6
33
2
5
2
4
18
1
3
4
3
11
2
3
3
8
1
4
1
12
10
2
3
1
3
24
3
6
1
6
32
30
10
2
8
18
2
11
2
8
2
4
2
2
6
18
2
2
2
1
13
5
2
124
1
6
2
6
2
1
8
7
44
2
1
10
10
8
2
7
3
3
12
6
2
42
2
5
2
53
59
2
4
3
18
3
1
4
218
21
15
4
2
4
1
1
3
1
1
1
6
7
37
14
1
22
6
5
1
2
6
4
14
31
1
16
5
6
13
4
1
3
2
4
21
3
2
2
57
9
4
7
61
3
29
6
3
8
3
4
2
4
6
3
12
4
3
8
56
2
6
5
1
2
5
1
2
4
1
15
2
5
7
4
6
5
3
2
2
5
14
11
11
7
1
16
30
2
4
1
3
2
2
1
4
37
123
18
2
1
3
2
1
39
3
8
55
22
19
4
16
14
5
3
31
2
5
9
1
1
5
6
57
2
44
2
4
4
2
1
2
27
10
5
4
4
2
6
15
6
2
1
7
2
29
2
5
8
1
16
4
5
1
57
26
2
16
8
63
1
53
1
2
2
9
3
4
4
7
1
2
7
1
49
1
7
1
21
8
50
7
2
1
3
5
3
2
1
33
7
2
8
17
2
10
15
3
1
19
11
18
4
8
20
9
7
3
4
15
7
1
5
7
119
1
3
40
1
6
2
30
3
2
1
13
5
4
3
8
2
2
1
15
1
5
2
2
5
10
3
3
41
6
1
58
14
5
1
1
2
2
3
2
5
7
13
1
20
6
32
14
9
20
1
2
5
5
9
5
6
1
13
6
6
15
44
30
1
10
5
5
45
12
2
2
3
9
15
9
76
5
4
8
37
8
38
4
43
3
2
4
4
3
1
5
3
6
2
10
3
3
28
1
36
3
48
1
30
6
2
1
7
14
25
2
7
1
6
2
15
15
14
19
10
19
3
15
15
5
11
14
22
6
11
3
4
1
21
10
65
1
7
12
7
34
5
37
8
2
1
9
1
4
1
20
2
9
11
1
10
6
19
1
21
39
35
9
12
13
21
10
7
10
1
18
2
42
17
19
12
4
4
8
1
7
16
22
9
13
7
1
3
3
3
1
5
40
7
4
12
41
11
9
2
3
43
5
14
4
1
1
30
13
3
17
5
58
3
7
11
23
13
33
31
11
12
4
