38
80
33
7
232
17
42
4
1226
8
1
65
559
34
71
1
71
36
43
59
30
131
1
58
83
6
836
6
311
392
1342
1
27
4
1442
77
20
3
165
189
164
1
1
57
10
107
21
143
35
43
6
2
631
30
29
13
2
106
651
2
42
13
34
2
24
10
264
4
1332
21
18
872
54
42
786
1
200
51
3
31
11
5
35
15
52
75
93
173
1
3
45
7
8
817
183
200
41
1
9
668
22
16
134
4
176
54
556
93
16
123
235
10
3
128
93
160
120
1432
32
692
7
1
1
1
4
11
36
3
78
20
22
2
192
12
10
134
1
21
46
145
3
88
1
9
22
10
17
166
1046
6
700
246
420
24
991
62
210
6
199
85
163
3
253
2
125
13
16
84
198
31
21
1
192
1339
107
2
1426
5
391
16
228
1
5
26
34
65
10
458
4
66
2
39
135
147
60
6
7
7
26
167
2
5
737
19
41
2
1
3
36
3
251
18
103
194
10
8
51
686
33
107
79
1
36
90
25
271
70
1
198
81
1037
92
7
7
30
7
382
61
1
25
809
381
390
12
9
915
2
18
101
100
1
1241
8
236
5
17
6
1
158
1
24
7
113
35
26
36
450
47
79
2
515
5
87
95
261
48
830
5
568
509
38
1
23
108
479
4
222
31
12
15
133
15
826
1042
601
3
7
160
183
171
17
5
4
45
3
217
280
11
1487
29
2
25
1344
9
689
5
56
194
19
443
24
139
638
11
485
41
1
59
184
5
5
3
88
50
19
26
272
432
25
32
107
59
130
410
39
132
73
118
7
73
3
500
6
95
19
635
140
12
10
336
58
9
1257
12
4
2
30
325
3
122
13
19
179
6
28
543
245
60
31
5
57
5
3
204
21
3
26
58
2
92
4
198
10
5
143
65
23
28
2
2
23
902
184
476
2
92
626
2
20
210
186
2
19
216
2
96
14
14
33
149
15
12
68
1345
107
4
165
2
350
141
125
37
5
3
176
39
1158
7
18
134
1
112
1
2
83
123
1
271
36
2
781
55
40
127
222
39
113
131
12
2
33
18
226
303
47
1
1
2
2
323
77
1151
15
3
51
120
16
168
129
38
60
72
64
177
2
193
112
1
5
18
59
5
88
65
1
15
20
1
216
18
3
492
97
122
1
227
21
9
243
25
158
64
1
8
744
1
2
5
1
34
266
1307
246
3
17
133
210
8
565
15
91
2
7
59
36
7
65
210
3
275
47
13
5
8
330
127
5
3
1
3
5
134
66
8
46
35
1
544
55
4
26
20
138
228
253
44
63
155
6
20
2
47
14
3
819
225
144
7
888
292
1
6
11
17
29
8
95
10
82
31
120
44
473
327
13
11
2
39
72
6
1
28
32
17
2
442
72
56
163
47
5
205
533
33
48
3
1399
21
75
18
16
10
2
5
744
2
54
23
2
9
166
213
136
1232
7
16
137
151
166
27
93
1520
396
257
111
3
3
132
2
87
85
635
171
149
17
5
4
29
20
3
171
40
122
5
27
4
1
66
8
111
20
144
47
71
123
36
5
26
3
5
5
42
164
4
66
477
10
346
208
6
3
134
92
17
5
50
40
118
39
296
14
163
1
1
350
5
596
635
171
19
6
2
10
49
20
21
28
34
109
9
12
1194
1226
16
1
93
67
258
77
576
47
28
1233
209
2
200
3
97
43
1
2
207
4
53
215
36
470
9
19
70
164
589
283
2
3
33
2
43
205
22
4
105
1
98
21
118
182
1
399
36
59
4
77
83
47
457
13
44
2
16
136
37
7
209
22
38
1
2
422
30
58
27
241
296
118
101
30
410
83
278
211
67
9
56
4
13
13
9
42
2
45
112
60
163
13
88
21
66
130
69
41
2
24
4
49
6
41
22
9
12
27
1
1
5
115
35
37
4
1
7
62
2
356
419
18
10
129
1399
478
34
53
4
174
10
7
4
583
2
19
147
2
7
3
168
6
10
180
645
2
5
80
47
5
100
135
34
464
38
81
138
59
3
58
70
271
251
373
4
808
1
5
40
35
6
28
243
68
22
7
88
32
171
12
12
157
66
27
1
47
35
3
127
48
1
1
699
2
3
1451
1160
58
75
9
30
13
4
97
6
619
101
103
14
23
7
17
41
1279
91
31
22
101
239
55
48
1
33
22
60
66
288
10
35
7
1
21
28
2
50
45
2
2
3
2
546
376
4
602
81
1
5
25
195
20
3
129
2
17
130
99
1
33
78
28
2
70
44
290
8
1
120
68
1
46
1
655
1
8
10
26
13
15
4
36
53
296
3
51
4
171
381
2
19
2
244
2
46
84
23
56
3
60
2
211
52
25
323
350
28
8
1180
6
316
261
25
19
2
459
430
2
3
342
13
74
83
82
6
4
51
44
289
67
342
146
34
1
4
712
59
51
103
344
101
1
17
55
53
36
2
7
72
153
11
2
16
7
5
6
27
4
5
1109
2
53
103
4
6
20
371
5
1
8
231
34
5
30
56
106
308
23
29
5
40
9
21
204
196
2
6
547
12
125
3
58
488
440
299
3
5
496
2
132
50
12
290
62
60
1444
43
77
1
224
4
2
25
270
24
2
11
3
51
3
23
82
19
5
217
129
2
21
43
3
1110
69
44
1
1
172
81
16
4
3
13
84
1
23
26
33
1168
112
9
11
18
1376
380
22
3
126
35
100
38
302
95
1
54
7
81
51
3
472
2
203
101
79
6
26
116
1
88
19
16
1
11
57
17
98
5
197
38
29
10
92
11
1364
18
69
1524
3
50
5
1
9
15
83
185
36
144
60
403
2
12
18
1
61
15
147
33
60
76
34
175
98
64
5
44
14
212
166
103
4
82
872
26
113
8
37
177
22
18
31
3
123
4
756
2
19
1171
92
67
89
41
7
2
23
49
11
115
289
21
20
3
60
1
10
1061
7
7
145
4
110
34
218
5
34
5
3
4
13
34
48
38
41
1
26
3
