29
234
388
90
358
91
326
23
16
504
13
123
55
100
5
849
378
56
3
51
2
63
361
945
152
60
212
290
147
7
427
1161
43
338
97
105
77
63
10
254
20
76
8
1260
23
2
7
106
174
3
6
175
115
118
60
45
11
11
165
150
243
188
112
8
27
232
14
57
3
333
557
157
1021
1
35
16
592
319
1194
53
159
77
252
48
14
522
72
305
5
88
72
6
72
18
14
37
108
251
280
28
18
385
7
79
50
406
137
132
104
190
17
153
63
78
314
137
10
1
1
455
27
107
5
197
1
1
237
68
72
3
137
3
164
258
714
79
12
3
34
280
114
209
346
92
50
12
143
304
16
285
8
75
325
14
117
2
16
7
269
76
23
43
95
394
10
13
20
158
85
126
41
495
12
19
630
12
44
707
5
21
213
45
2
103
355
34
207
715
13
170
1
788
406
133
417
1
663
234
76
51
2
33
924
57
1
138
4
153
6
6
22
8
88
48
21
27
59
117
60
272
39
129
498
40
38
267
125
10
518
4
1
86
230
8
260
278
389
6
531
326
29
177
1
65
137
195
16
47
3
27
8
365
13
1
77
14
158
13
185
14
23
1
38
443
16
18
194
93
7
97
18
93
1
28
463
345
42
23
151
37
3
108
167
17
8
262
285
1
18
51
15
18
118
31
271
121
530
69
393
52
261
6
3
7
4
13
40
80
32
15
263
4
65
119
33
152
21
68
280
281
74
98
59
58
3
273
113
501
134
237
58
103
444
25
74
98
269
133
8
294
249
182
60
280
852
262
34
357
130
231
26
14
7
1
2
2
219
79
842
36
301
502
8
26
13
616
18
21
171
154
56
69
531
53
431
96
261
668
14
447
58
13
38
4
124
495
136
162
45
330
29
19
95
83
380
41
11
9
2
290
9
156
5
3
212
3
1
66
1
32
9
51
12
13
163
10
318
18
614
36
114
6
57
13
283
96
414
59
67
243
3
45
6
171
639
774
229
266
124
107
22
256
328
46
43
67
1
227
51
211
77
124
462
1264
5
155
58
134
110
83
16
671
7
107
371
207
38
186
44
304
30
7
189
7
77
19
1
151
143
44
249
521
1209
229
47
23
179
27
17
198
298
253
135
16
697
1
41
930
1
86
78
1
64
55
501
12
44
4
18
688
262
532
12
41
930
175
21
944
132
53
15
147
137
316
2
60
22
6
5
4
132
1197
75
216
102
119
32
40
5
8
171
28
115
17
19
506
321
311
691
531
86
4
2
610
2
983
10
58
71
32
22
244
29
884
206
311
204
35
275
7
378
799
6
2
523
106
1
54
726
19
204
34
68
95
228
8
28
224
123
5
35
156
107
372
46
91
419
1
445
3
28
6
254
10
149
28
219
35
28
463
10
1
18
20
458
11
112
15
1
27
7
134
49
1
38
253
43
287
1
1
128
130
29
8
154
16
56
96
50
24
186
2
180
156
83
3
215
270
44
39
30
219
18
283
1
85
32
1
4
6
10
215
7
25
245
158
27
9
229
329
377
89
48
38
65
59
31
13
564
310
168
61
249
88
1
2
10
81
55
4
14
302
26
5
89
3
6
85
267
13
7
11
300
10
53
38
35
67
361
37
18
53
44
96
285
208
258
227
459
39
549
52
55
239
491
93
24
19
50
38
317
68
25
138
27
93
6
379
285
38
69
27
87
254
58
723
142
427
54
15
43
490
50
254
15
4
39
3
147
65
41
39
20
218
14
28
12
1
25
27
40
123
26
10
24
161
3
9
18
157
296
99
4
14
244
756
161
270
48
312
223
394
89
353
65
67
560
221
30
83
906
14
35
1352
48
90
5
335
484
80
18
73
272
9
31
133
138
208
104
32
72
60
105
102
1
66
146
57
56
41
47
426
30
127
101
212
491
1
52
715
4
227
7
354
9
1
295
353
573
3
20
187
11
1
110
83
98
614
3
982
1205
1136
498
437
12
1218
316
86
13
4
70
185
59
5
35
999
161
18
557
46
1
12
366
169
29
255
440
1083
132
87
131
20
7
618
244
12
41
34
101
40
384
560
1400
3
46
532
6
33
175
76
30
290
56
458
34
155
427
238
84
57
61
55
59
88
14
139
1
129
194
22
50
910
97
427
49
357
63
63
183
51
207
397
1
499
44
23
9
9
755
93
1118
42
234
71
41
6
234
345
2
118
7
16
324
1
30
156
7
141
311
442
210
86
284
10
8
294
1
1
4
1
1
1
1
1
4
5
2
1
4
2
6
6
1
4
21
1
38
1
1
1
6
1
2
69
1
1
1
1
1
1
22
80
1
1
1
3
1
2
5
1
1
42
414
1
2
4
17
1
11
1
1
33
1
1
1
1
18
1
1
2
4
1
4
15
2
1
1
2
1
1
1
6
3
1
7
16
2
4
1
47
1
72
2
67
60
1
1
2
232
1
17
2
1
1
1
3
2
25
1
4
10
2
2
1
1
1
1
2
17
1
5
3
1
8
1
42
3
1
33
4
2
10
1
3
1
4
1
10
2
1
4
52
4
1
1
2
7
3
1
63
3
1226
1
10
1
8
10
1
22
2
2
1
1
9
124
1
1
1
3
3
1
5
1
1
5
1
1
2
1
2
1
2
1
1
1
7
37
1
65
4
3
1
18
4
2
1
1
1
1
3
1
3
559
1
1
4
9
5
2
14
34
3
18
18
1
2
560
1
1
1
6
1
1
71
2
2
6
1
1
1
3
1
5
1
7
14
5
5
1
2
2
2
5
71
2
1
1
1
1
1
1
1
1
1
36
43
41
1
1
1
1
3
1
59
5
1
1
7
30
2
1
2
1
3
1
2
1
1
1
1
4
5
1
1
23
19
1
5
131
1
4
1
1
1
1
1
33
1
1
1
1
1
1
155
2
1
1
1
1
2
2
1
110
1
1
3
2
1
4
1
1
1
1
58
6
1
1
1
1
4
3
24
1
67
3
83
1
2
2
6
1
1
1
6
1
3
8
3
1
2
836
1
1
1067
1
6
4
1
311
35
4
2
392
1
10
1342
1
1
1
1
1
1
1
12
1
2
1
59
1
9
1
1
27
1
1
1
1
27
3
59
4
1
1
1
6
4
1
7
1
1
4
1
1
1
1
1
4
1
1442
77
3
2
1
6
20
3
2
1
1
5
165
190
1
61
1
2
1
2
1
189
2
7
2
1
57
1
11
1
1
1
2
1
2
1
1
7
1
2
2
1
1
164
11
2
14
1
16
3
1
1
20
1
1
19
2
3
1
1
2
9
3
1
3
2
1
1
1
1
57
2
1
1
2
1
1
1
10
1
1
1
1
1
1
1
5
2
1
2
107
1
9
21
81
12
1
1
2
1
1
1
1
2
5
1
133
1
2
3
1
2
1
7
143
14
2
1
1
1
1
1
1
4
1
2
3
2
35
1
1
1
43
1
30
1
4
1
2
6
2
1
631
3
1
1
1
3
1
1
1
1
1
3
30
2
14
1
1
8
1
1
2
1
86
29
169
2
2
1
3
3
23
1
2
1
16
3
4
2
54
5
8
3
1
1
7
13
7
1
4
1
1
2
1
1
1
1
1
1
1
2
119
312
1
3
1
2
1
16
1
1
1
1
2
106
1
18
1
2
651
2
2
1
3
42
1
1
461
1
2
748
4
46
2
1
1
1
1
13
34
10
12
2
1
2
9
1
24
1
2
1
7
1
2
6
3
10
1
1
1
1
264
4
1
1
1
1
4
1332
45
1
1
4
1
1
21
1
137
2
1
1
1
2
1
3
2
1
2
1
18
1
2
24
2
872
3
12
54
1
82
2
1
238
1
2
4
1
1
42
1
2
1
1
1
1
22
91
22
10
1
1
1
1
10
4
1
4
2
2
1
4
3
2
1
1
14
2
1
1
9
786
1
2
8
1
1
1
1
1
1
2
1
35
20
32
1
1
1
200
1
2
1
1
8
3
1
1
1
51
2
2
3
1
1
106
1
8
1
3
1
1
2
1
1
1
31
1
62
11
4
17
2
1
21
5
4
1
1
1
1
1
1
1
1
2
1
35
1
2
1
55
3
1
4
29
4
1
1
6
9
1
2
206
16
18
1
1
1
15
52
3
4
1
2
371
2
75
1
1
1
1
4
1
1
93
1
1
1
2
5
3
4
2
2
41
1
1
1
1
4
1
2
1
1
2
173
34
1
1
2
37
3
3
1
3
5
3
1
2
1
4
1
3
1
1
7
12
1
1
1
1
1
1
5
26
4
1
1
2
53
106
5
2
3
3
1
1
45
1
1
7
9
1
11
1
19
1
1
8
1
1
3
1
3
817
3
183
1
2
200
1
1
1
3
9
2
2
1
1
1
2
1
7
2
1
41
1
3
19
4
1
1
9
5
1
1
4
668
2
22
2
2
8
1
13
3
47
1
16
2
20
134
2
1
1
1
121
1
1
2
13
3
1
8
1
3
1
1
131
2
1
1
2
3
6
50
1
7
2
1
8
4
1
1
4
8
6
1
1
1
1
1
5
1
1
2
36
1
176
1
13
8
1
1
1
7
2
1
54
2
1
1
7
95
1
1
1
28
5
1
1
2
2
2
1
1
1
1
1
3
4
3
1
1
1
10
6
2
1
1
8
2
1
1
14
1
18
556
1
93
1
3
4
2
12
1
2
1
1
3
16
1
41
51
1
123
1
235
1
4
1
1
2
1
3
5
10
3
128
1
1
2
13
5
1
6
1
2
93
1
1
1
5
1
6
1
1
1
160
1
2
2
120
22
1
221
12
1
1
3
2
7
1432
22
4
1
1
1
1
1
1
1
3
2
2
2
32
40
2
4
692
2
1
27
4
1
1
1
7
10
7
9
3
1
3
6
1
1
2
1
2
4
2
2
41
1
3
4
382
1
4
209
1
1
1
2
2
3
1
3
1
34
1
1
1
1
5
1
2
1
116
3
1
1
140
1
2
1
1
1
19
1
1
1
10
1
3
1
1
108
1
22
1
1
1
3
1
4
1
2
1
1
2
14
1
5
1
2
51
1
1
34
1
1
39
1
2
2
14
5
4
26
11
36
2
2
1
1
1
1
3
2
3
2
1
2
3
1
2
1
3
1
26
1
2
6
78
6
3
1
5
1
7
1
7
1
20
4
54
1
1
1
1
1
22
1
1
5
3
1
1
1
1
2
2
40
2
192
1
12
30
2
3
2
1
10
2
2
3
4
6
32
134
1
1
1
21
1
1
1
52
46
2
2
3
4
1
3
4
18
145
1
1
8
131
42
2
20
1
9
1
1
1
2
3
2
1
1
1
23
2
8
1
2
1
5
1
3
88
1
13
1
1
2
20
2
1
1
1
1
1
1
1
9
2
6
10
3
22
3
1
10
1
1
1
3
1
1
480
1
17
1
21
166
2
1
2
1
13
51
1
16
1046
1
1
6
1
41
3
1
9
1
1
1
2
3
1
1
16
1
41
12
35
8
1
1
2
700
1
48
246
2
1
1
1
4
25
420
1
9
1
1
2
1
24
1
9
1
3
991
1
1
3
1
2
62
1
6
3
1
1
1
2
5
2
1
1
2
2
2
7
18
1
2
1
210
1
1
1
2
6
4
1
11
29
29
4
1
1
1
1
1
199
12
85
163
3
22
1
8
2
1
253
1
1
10
4
1
1
1
2
125
1
13
1
1
3
7
1
4
1
1
2
27
16
15
3
1
84
1
147
1
10
198
7
2
14
76
1
2
1
1
15
4
2
31
454
1
2
40
1
1
1
1
5
1
21
1
69
15
1
1
2
1
1
192
1339
1
2
2
4
107
7
2
2
1
1
2
2
1
1426
1
5
2
1
391
1
1
1
1
2
1
16
1
9
10
1
10
2
2
228
1
4
1
1
1
18
8
34
3
4
4
1
1
1
1
5
5
1
8
1
7
8
1
1
8
4
1
1
1
12
126
1
2
1
1
2
1
1
6
1
1
1
1
5
1
26
1
1
34
1
11
65
3
10
1
1
29
3
1
1
458
5
14
1
4
75
1
177
1
1
1
66
287
3
6
3
2
2
117
1
92
1
1
115
39
5
2
42
9
1
82
135
10
1
3
7
1
9
1
1
147
1
3
11
1
12
1
1
5
1
5
1
60
1
3
1
29
13
85
6
2
1
33
5
1
7
7
2
1
3
6
3
2
1
1
16
1
1
2
47
5
2
22
7
1
1
8
1
2
16
8
3
3
1
1
47
5
1
1
1
1
10
23
26
26
2
167
1
3
1
1
2
1
1
1
7
8
5
1
1
1
1
30
1
1
1
1
1
737
4
1
1
3
1
6
1
19
41
2
1
3
3
2
1
28
2
3
3
1
7
36
3
1
53
1
9
128
1
10
1
5
1
1
1
3
1
1
2
2
1
5
2
14
251
20
18
1
3
103
3
4
7
1
1
2
1
15
1
23
2
194
1
10
18
1
8
1
2
4
1
1
1
1
74
1
5
6
1
1
1
1
72
2
1
5
2
28
1
12
1
2
1
1
3
2
131
2
1
2
1
1
212
51
1
686
1
75
13
8
1
2
9
1
1
1
10
1
8
33
1
1
107
1
13
1
1
4
1
1
1
1
79
1
1
1
1
49
7
1
36
20
2
4
90
18
25
1
271
162
26
7
3
4
1
6
70
4
82
1
1
51
22
1
1
2
1
3
1
1
6
1
5
1
8
23
136
1
1
2
198
5
1
1
1
73
81
11
1
1
1
1037
92
7
1
1
1
1
6
1
4
7
1
1
5
2
24
2
1
10
1
8
1
1
4
3
1
95
2
1
1
3
24
3
2
4
1
1
1
7
1
3
1
1
2
1
2
1
18
1
1
1
1
1
30
2
1
3
1
1
1
1
2
7
86
1
5
1
382
1
3
1
1
1
61
1
2
2
1
1
1
2
2
1
2
1
1
10
25
2
9
809
2
1
1
1
26
1
1
1
3
10
1
1
381
28
1
29
6
1
25
4
18
390
9
1
12
9
1
1
1
1
1
9
1
1
1
1
1
915
21
1
1
3
1
3
33
4
3
2
1
2
1
1
1
2
1
1
1
70
2
6
13
8
24
1
1
4
12
2
1
2
1
18
1
3
17
5
4
1
4
1
2
101
2
1
1
1
29
1
1
1
1
84
2
1
1
2
1
2
1
120
5
3
1
1
1
1
1
1
1
61
1
2
4
2
2
16
1
1
18
1
1
1
3
1
24
1
3
1
1
1
1
3
1
2
1
2
1
1
2
100
1
12
1
1
1
3
1
1
1
7
1
2
2
6
4
3
2
1
1
1
1
1
1
9
4
1
1
1
1
1241
1
1
2
5
2
8
6
3
7
3
2
1
5
1
2
3
1
1
4
1
9
1
73
7
1
1
1
1
8
1
1
1
2
1
9
10
8
1
12
3
1
1
2
2
3
1
1
2
18
1
1
1
4
8
1
5
4
2
6
236
9
9
10
2
1
36
162
50
6
68
6
5
1
367
15
2
135
2
1
17
1
1
1
6
15
6
1
1
3
1
158
1
1
1
24
4
1
1
7
1
14
2
9
7
1
113
6
2
35
3
1
1
1
22
1
2
1
2
3
14
16
26
1
2
7
21
1
4
1
6
1
1
2
6
9
67
1
1
1
5
1
1
1
2
3
1
11
1
1
1
1
2
4
2
5
3
1
2
15
1
3
2
3
10
1
1
1
36
4
1
1
1
1
1
3
233
8
450
1
47
2
4
1
1
1
1
1
1
1
1
97
1
6
1
2
1
1
1
8
1
1
4
1
5
79
3
60
1
12
2
2
1
2
2
1
1
1
1
5
1
1
1
1
1
159
1
1
1
1
3
515
5
1
1
2
1
1
8
1
1
1
2
1
87
26
1
9
2
1
1
1
15
2
1
2
1
1
1
5
121
1
1
1
95
31
1
4
9
100
2
1
3
2
2
1
1
2
27
3
108
265
2
86
1
1
4
5
19
70
1
261
1
48
1
830
3
5
9
2
17
2
4
2
3
5
568
1
1
5
1
1
1
2
26
1
2
1
3
509
38
1
6
1
11
3
1
1
1
13
1
1
1
4
2
1
1
1
4
1
13
1
1
4
4
1
9
23
1
1
1
10
2
271
4
1
1
1
2
1
1
108
2
1
8
9
1
11
1
479
10
2
1
116
1
4
1
222
1
1
1
2
1
31
2
4
4
70
1
201
2
1
3
1
1
1
2
12
7
15
133
1
1
2
1
1
25
18
1
2
1
2
2
3
1
1
1
90
1
1
1
1
2
15
1
826
1042
1
5
2
3
2
17
75
31
10
1
1
1
16
1
1
13
4
1
1
1
1
53
2
3
601
3
1
1
1
28
3
10
2
22
1
1
3
1
21
21
3
1
1
1
7
23
1
1
160
32
1
1
183
3
1
171
1
1
17
2
13
1
5
12
1
4
1
93
1
1
1
1
2
1
1
45
1
1
3
8
1
3
217
19
2
280
1
1
3
1
22
11
60
8
13
27
3
1487
1
1
18
1
1
151
97
1
29
1
2
3
9
5
1
2
6
1
2
1
1
5
1
11
1
1
3
1
1
1
1
25
1
1
1
2
1
4
11
17
1344
9
1
1
38
222
3
1
2
2
689
3
3
5
1
56
3
3
194
8
3
1
19
1
1
5
3
1
2
3
18
2
5
23
442
1
1
1
32
7
2
1
21
1
3
87
2
1
5
2
1
1
5
82
443
24
1
1
1
1
1
3
139
1
1
1
1
1
638
6
3
1
1
11
1
8
2
1
2
2
1
2
1
1
91
11
2
485
1
1
1
10
41
1
1
1
7
1
13
43
1
1
4
2
15
10
2
2
1
1
2
1
59
1
1
2
2
6
1
6
22
2
8
184
1
33
1
27
1
1
4
7
1
1
3
1
1
1
3
1
1
6
9
1
1
1
2
5
1
3
68
1
2
1
3
1
1
1
1
5
2
2
3
3
3
1
88
49
6
7
5
5
7
1
1
9
3
1
2
2
1
1
7
144
2
30
3
1
11
1
1
50
19
1
1
2
2
3
6
14
26
1
3
1
1
1
1
1
4
1
1
272
11
1
1
1
1
1
5
432
1
1
2
4
1
2
4
25
2
2
2
1
26
2
1
3
1
2
1
18
7
1
27
32
1
107
59
1
1
2
1
1
2
1
1
9
7
130
1
2
7
41
1
4
1
1
410
5
39
1
41
16
2
1
2
13
9
3
3
2
1
132
10
1
1
2
1
2
1
73
1
239
1
1
1
1
1
97
118
1
1
13
1
4
7
73
2
1
3
1
1
7
1
10
1
60
3
2
21
1
2
2
1
165
18
2
1
3
1
17
1
1
4
1
19
1
1
500
2
1
1
4
12
6
1
3
1
1
35
2
1
1
2
8
3
95
1
84
2
1
2
19
1
1
2
1
635
1
1
11
3
140
12
7
10
3
1
3
1
4
1
1
1
1
1
336
1
1
58
1
9
1257
1
6
1
12
7
4
1
1
5
1
1
1
1
1
42
1
1
1
1
1
1
4
2
5
4
30
325
3
1
122
2
1
2
3
19
1
1
3
12
30
2
2
1
1
1
2
1
1
1
33
1
1
2
3
1
1
2
165
3
1
1
1
1
1
19
32
1
1
1
5
1
4
1
1
1
1
1
15
1
21
1
11
1
1
4
1
2
2
2
1
2
2
13
1
5
1
13
2
5
2
19
1
1
14
7
1
1
3
13
3
1
1
2
179
2
1
2
1
1
8
6
1
1
3
28
1
369
1
2
1
543
2
1
245
2
1
1
2
9
38
35
2
9
2
27
1
2
1
1
71
1
1
3
4
3
2
2
1
1
1
2
1
1
60
1
2
1
1
1
1
1
1
1
1
31
5
71
5
6
3
6
1
57
1
1
1
1
5
6
1
2
1
3
5
8
16
14
1
1
204
2
7
21
4
1
1
1
1
18
3
26
1
2
5
58
1
1
4
1
1
4
2
1
3
2
33
1
1
1
1
2
2
92
1
3
2
14
3
4
1
1
1
4
198
1
1
1
1
1
1
1
252
1
10
1
1
5
5
1
488
5
143
1
5
65
22
13
23
3
1
1
28
1
1
1
2
1
1
2
6
2
1
1
2
1
4
1
1
1
1
2
23
2
2
1
2
1
13
1
2
2
16
1
27
23
902
1
1
16
6
1
184
1
1
1
1
8
1
1
6
15
1
2
1
3
1
476
2
1
1
1
2
8
11
1
4
1
1
1
92
1
6
8
1
15
1
2
1
3
1
14
1
1
22
1
14
3
1
2
1
4
76
626
1
1
5
1
1
2
3
1
1
3
1
38
20
2
1
1
1
210
2
1
1
1
812
1
1
1
186
9
2
1
2
19
1
2
216
81
2
5
8
1
1
5
1
1
13
1
1
3
1
173
12
1
1
1
1
1
1
23
9
2
156
1
7
1
9
96
1
5
1
1
4
1
1
2
2
2
4
3
2
1
14
45
1
1
1
14
1
1
33
8
15
149
1
1
4
15
5
1
1
12
3
2
4
7
1
13
68
6
1
1
2
1345
107
2
1
1
2
1
2
25
2
1
3
5
1
1
45
2
2
1
1
1
3
1
1
1
1
1
1
9
2
2
1
4
1
9
2
3
1
1
1
4
1
21
3
165
1
1
1
3
2
7
118
350
1
141
3
3
1
210
1
1
125
37
5
2
8
1
5
18
1
13
1
3
4
1
1
35
2
1
1
5
1
1
1
1
2
1
1
1
12
3
11
3
1
1
176
1
39
3
1
1
18
2
1
2
1
7
1
2
3
1
1
1158
2
1
2
69
1
1
3
2
1
26
1
2
4
1
3
22
1
7
1
1
1
2
2
9
2
1
5
1
2
2
1
1
7
1
5
18
1
1
134
2
1
4
1
1
1
1
37
2
1
2
43
14
1
1
1
112
1
1
8
1
1
4
6
4
1
1
1
1
1
1
1
1
1
1
2
13
3
1
1
1
2
15
6
1
2
333
1
1
1
2
1
55
2
1
21
1
83
123
1
1
1
1
8
271
1
3
1
32
1026
1
2
3
36
1
2
1
781
1
6
55
1
3
1
1
1
1
7
40
1
2
2
5
3
1
127
1
1
2
8
222
1
115
30
1
7
1
4
2
2
1
5
39
1
1
4
22
4
1
35
113
2
1
1
78
2
1
5
16
82
1
1
1
131
82
20
1
2
30
12
5
22
17
1
2
1
3
2
33
3
1
5
2
1
3
18
6
5
236
8
1
1
226
1
303
5
2
1
2
1
47
1
1
1
1
1
1
36
1
7
1
1
2
1
3
1
7
4
7
49
6
1
8
42
5
1
1
1
1
2
11
4
1
7
4
1
3
2
3
1
1
2
1
1
2
1
1
323
1
77
1
6
1
3
1151
1
1
3
1
1
4
15
7
3
3
51
1
1
1
1
120
9
82
1
1
3
1
16
3
1
1
1
1
2
2
168
2
1
1
4
1
2
1
35
1
129
1
1
1
1
38
60
1
3
3
6
1
3
1
2
3
7
1
72
1
1
64
177
1
2
57
1
1
2
1
1
22
1
7
2
1
1
68
2
193
30
1
3
1
1
4
8
2
1
2
1
3
1
14
5
1
112
1
4
4
1
34
1
1
1
7
5
1
1
7
1
1
2
2
18
1
1
59
1
1
1
1
294
1
1
5
1
1
22
1
14
8
1
1
11
1
1
7
88
65
1
3
1
1
1
1
198
19
1
2
1
15
1
15
15
1
4
2
2
1
1
1
6
1
1
1
20
1
2
6
1
2
1
1
1
1
1
1
1
1
2
1
1
3
216
1
1
1
1
2
6
5
1
2
2
1
1
12
18
59
1
1
2
1
48
1
2
4
1
1
7
1
1
1
2
3
1
11
46
3
492
1
13
2
2
10
97
2
122
1
1
2
1
21
3
1
1
1
15
227
2
1
9
4
11
21
9
2
7
14
1
1
2
2
3
1
6
1
1
1
1
16
3
1
593
1
1
41
1
243
1
38
202
1
2
1
2
1
21
48
94
2
1
1
1
2
51
1
25
158
3
64
3
1
1
1
1
1
1
2
2
1
1
1
9
7
1
2
2
1
1
1
1
1
1
1
1
12
1
87
1
1
1
8
1
3
3
1
1
1
48
4
4
2
1
1
3
744
2
1
1
1
5
1
1
1
1
1
1
1
203
1
1
1
1
3
1
9
3
1
2
1
1
12
1
1
27
2
1
2
35
1
1
3
1
1
2
2
2
1
1
1
281
1
1
1
5
1
5
1
76
2
1
1
1
3
34
1
7
1
1
113
6
266
1307
4
1
1
1
1
1
1
1
1
246
1
3
2
3
1
20
1
1
99
1
1
28
1
1
1
393
2
1
1
1
3
1
1
2
1
1
9
1
1
3
1
1
1
1
1
1
2
1
1
1
5
17
12
1
1
2
1
1
2
15
17
1
1
1
133
1
1
1
3
113
1
2
3
3
210
3
3
1
1
1
10
3
1
8
565
2
15
91
1
2
1
1
3
1
1
2
1
1
1
1
14
17
1
1
1
14
26
1
40
7
59
1
1
1
1
1
1
4
2
1
1
1
4
1
1
13
1
1
1
36
1
1
7
2
1
6
12
65
179
19
4
1
5
1
7
1
210
3
1
1
1
1
5
1
1
5
275
1
1
1
2
1
47
1
14
92
26
1
1
1
7
13
5
1
1
1
1
1
1
6
8
9
1
1
1
1
4
2
1
1
3
1
1
1
1
330
1
1
1
1
3
1
4
1
2
1
1
5
1
127
4
8
3
1
1
2
1
22
5
1
6
1
3
30
1
1
7
1
2
4
1
24
1
1
11
5
14
1
1
2
1
1
1
3
1
9
1
3
1
1
1
3
2
1
1
5
134
2
2
1
1
1
9
5
1
13
2
3
1
1
6
1
250
1
2
66
14
1
1
1
3
1
1
3
8
4
2
1
46
2
13
1
2
35
1
6
1
2
27
5
1
1
1
2
2
1
1
1
544
2
1
2
1
1
5
1
1
7
1
1
2
1
1
3
359
2
1
3
1
1
4
55
4
1
22
1
26
1
5
1
1
2
20
1
6
3
3
2
1
1
138
3
77
1
1
1
228
1
1
1
1
253
1
2
4
1
1
44
63
1
3
5
155
2
6
1
6
20
9
1
8
2
1
1
1
47
11
14
212
79
1
414
2
3
1
1
11
1
6
5
66
1
2
1
2
1
3
819
1
3
3
11
225
1
1
2
1
1
3
144
4
1
4
1
7
111
1
2
1
3
1
3
18
2
3
1
5
56
888
1
16
1
1
292
1
1
4
1
1
6
1
1
1
1
2
1
1
13
2
2
3
1
6
2
4
1
1
1
2
11
1
1
4
1
1
1
7
1
1
1
1
7
1
20
1
129
1
1
18
1
2
10
17
1
1
1
1
1
3
29
1
2
1
1
5
4
8
1
1
95
1
1
4
1
3
112
1
3
1
1
3
10
15
5
3
1
549
1
7
12
1
1
2
1
1
3
2
82
2
2
1
1
2
2
21
9
1
1
1
1
1
29
7
1
1
1
1
4
1
1
4
2
3
1
1
7
31
1
1
46
120
4
1
3
64
1
1
1
1
44
3
473
3
7
21
1
1
1
2
1
1
1
1
1
13
2
1
4
1
1
327
1
10
3
7
2
1
13
1
1
42
1
10
1
13
1
2
1
1
11
2
48
39
1
1
1
1
1
2
1
25
1
8
1
2
72
2
5
7
1
6
1
1
2
2
1
1
1
28
32
1
17
1
1
2
1
1
2
1
1
2
3
2
2
2
2
2
3
1
1
1
1
1
442
9
72
1
6
1
56
4
8
2
5
44
163
47
442
1
5
7
1
1
2
18
1
17
10
1
1
1
27
1
1
1
6
1
1
13
4
4
98
4
1
1
5
1
1
205
3
533
1
52
2
1
1
7
1
1
2
1
1
1
2
4
225
1
33
1
1
1
1
1
54
3
1
1
3
6
4
1
48
5
221
1
1
3
1
2
3
75
1
3
1
2
150
5
4
2
2
3
1
20
1
1
1
2
147
1
1
1399
66
2
180
21
10
1
85
1
19
17
1
1
1
1
5
2
1
5
3
77
1
1
2
1
1
1
1
1
1
3
5
4
12
3
1
1
2
1
1
1
2
1
1
1
1
1
1
3
2
10
1
1
1
75
1
1
1
1
1
18
5
1
3
3
2
1
1
141
3
1
10
1
3
1
7
2
1
5
16
1
1
18
1
10
200
48
1
1
14
2
1
2
1
1
2
1
13
1
1
2
4
3
3
1
1
1
24
27
1
2
2
21
5
1
2
1
2
1
744
1
1
1
1
84
8
1
1
1
4
3
1
9
1
18
49
1
1
1
1
1
2
1
6
5
1
1
1
1
17
1
1
1
2
1
12
35
1
33
2
1
54
2
23
1
1
1
2
2
1
1
1
109
2
2
1
3
1
1
9
30
13
2
1
1
166
213
2
1
1
136
1232
3
1
1
1
3
7
16
1
26
2
1
137
4
11
57
1
1
1
4
1
1
1
154
1
1
1
3
1
2
2
1
4
1
2
2
251
1
151
2
10
2
2
21
7
1
166
11
2
1
1
444
27
1
4
3
2
2
1
1
93
2
2
18
1
1520
1
1
9
1
1
1
396
1
257
2
1
1
11
426
111
2
1
1
1
1
2
1
1
6
370
1
1
139
1
1
1
1
1
2
17
17
1
1
17
6
36
3
3
1
3
8
1
5
300
132
3
2
87
1
2
4
1
1
5
1
9
10
1
1
1
1
1
5
30
85
1
5
36
26
1
1
8
1
635
4
1
1
1
171
9
1
1
1
1
5
2
2
1
1
149
1
2
1
5
5
1
1
1
2
44
1
1
1
1
3
1
2
1
2
17
9
11
1
1
5
4
1
79
1
29
5
1
1
41
11
2
1
3
2
1
1
3
1
2
105
20
121
1
3
2
1
2
1
1
4
348
1
17
2
1
2
4
171
40
1
1
1
1
1
1
2
17
1
122
2
1
5
17
9
1
5
4
1
9
16
1
6
1
1
4
1
1
8
1
1113
27
1
1
27
4
1
9
42
4
247
1
1
1
3
1
132
1
1
236
1
6
1
66
1
1
5
26
1
5
1
1
8
1
1
1
111
4
1
20
1
1
2
1
7
1
3
2
1
1
1
1
6
1
1
2
1
1
32
6
1
8
30
91
1
13
1
144
1
1
47
2
3
2
2
1
8
71
1
6
1
7
32
1
1
1
1
1
99
1
1
1
1
26
1
6
2
3
123
1
1
1
36
1
2
4
1
9
1
2
1
1
1
5
26
10
1
1
161
2
1
3
1
1
1
3
1
3
1
7
1
5
1
1
2
1
1
1
1
1
1
28
3
1
1
5
3
1
1
2
1
1
2
6
1
1
6
5
170
12
1
42
1
2
2
4
164
4
1
10
3
3
1
1
16
1
6
1
66
477
1
1
5
10
1
193
212
346
1
1
2
129
3
1
1
35
2
2
2
1
3
1
6
208
1
1
19
6
1
2
7
1
3
1
1
3
1
1
5
3
1
1
3
1
1
13
3
1
15
1
1
1
1
2
15
1
7
1
1
1
2
2
2
2
1
1
1
134
1
1
1
6
92
24
1
30
2
17
5
1
4
50
40
1
41
2
1
10
16
1
144
118
1
1
2
39
1
1
1
1
1
1
296
14
1
1
1
6
1
1
1
2
2
1
6
22
98
15
2
1
1
1
163
1
1
1
1
1
1
1
1
1
2
2
35
1
1
1
1
16
3
1
1
350
1
1
1
3
8
2
53
2
1
1
526
11
5
2
28
1
1
3
1
1
1
44
57
8
2
2
1
1
1
4
596
38
1
1
2
1
3
9
1
635
1
1
171
1
1
19
5
6
3
1
16
1
1
1
2
24
50
2
1
30
42
1
4
1
1
8
1
2
1
1
2
9
10
1
3
49
2
1
6
1
1
1
2
3
2
1
4
297
20
1
1
1
1
3
3
1
21
2
9
1
1
8
2
1
14
2
1
1
2
2
4
11
1
1
1
2
1
1
4
63
28
2
1
1
1
1
34
1
1
1
2
109
21
1
1
27
4
90
9
1
1
1
3
1
1
91
1
12
2
1194
1
1
116
1
2
1
1
3
1
2
1
2
2
1226
1
1
1
12
1
7
4
1
1
16
1
1
1
1
80
1
93
6
67
1
2
269
1
122
5
5
258
2
1
1
4
2
7
2
1
1
1
5
1
2
1
428
23
2
1
1
1
1
17
1
2
2
2
3
3
26
77
1
1
576
1
1
47
1
1
5
1
5
3
1
1
37
18
11
1
3
28
2
1
1
1
2
1
1
1
1
1
1
1
1
3
1
1
1
1233
1
1
1
16
4
3
7
2
1
3
1
2
4
209
2
1
200
6
3
1
1
3
1
1
3
1
1
10
2
1
11
2
1
1
20
97
1
1
2
43
1
1
2
1
75
1
1
1
1
1
10
15
2
104
2
1
2
1
3
3
5
32
207
4
1
1
2
1
1
2
53
5
1
21
215
1
36
1
470
2
5
3
1
3
11
1
1
1
1
1
1
2
1
100
9
3
2
356
19
70
6
1
1
1
1
1
2
1
1
1
65
1
1
21
1
164
1
9
1
1
4
589
283
5
1
3
2
25
49
4
1
4
3
1
2
3
2
5
1
1
2
6
1
1
1
1
3
1
7
1
3
1
16
2
14
1
1
2
19
2
1
33
1
1
1
7
1
2
2
531
2
1
1
8
4
3
1
30
1
24
3
1
1
2
4
1
1
1
13
1
1
2
2
1
100
1
1
2
3
2
4
1
2
1
1
2
18
43
183
205
1
4
12
1
1
1
22
1
6
59
168
3
4
6
4
1
105
1
3
69
1
3
2
1
1
1
1
1
1
2
1
98
6
2
1
1
36
3
14
4
1
6
1
1
1
21
1
1
1
1
3
2
6
4
1
25
1
4
1
1
1
118
65
182
17
1
3
1
1
6
1
2
1
5
1
22
2
1
1
399
1
1
2
1
36
18
27
1
1
2
1
1
28
2
3
42
2
1
1
1
3
1
1
1
1
1
1
2
1
1
2
5
59
1
13
1
2
1
1
7
4
35
1
1
1
4
10
1
2
32
5
77
1
1
2
1
1
2
1
1
83
2
1
1
1
47
1
3
1
1
1
30
2
1
2
1
1
6
1
2
12
2
1
1
1
7
41
2
2
1
1
1
2
3
24
2
1
457
6
1
1
13
2
1
2
1
1
1
2
1
1
2
1
1
1
1
7
1
6
1
1
1
44
2
1
1
1
175
2
1
1
1
894
2
2
1
1
1
1
1
1
16
4
7
136
3
1
26
2
8
32
3
4
7
1
3
6
1
1
37
17
1
1
1
1
21
1
2
9
5
140
1
4
9
1
3
3
1
1
7
3
6
209
1
40
22
1
16
1
1
30
1
1
1
1
2
2
1
38
10
1
1
2
1
1
4
1
1
64
1
5
1
1
15
3
2
7
25
1
1
1
2
1
1
1
4
2
2
2
1
74
1
9
2
1
4
10
1
6
3
1
422
9
3
30
9
58
2
3
18
1
27
1
1
4
241
15
3
5
23
1
3
1
33
10
1
1
2
2
1
1
1
1
296
1
1
1
1
1
1
19
1
1
10
1
1
1
32
1
1
83
118
21
1
27
2
2
33
1
1
14
1
101
1
30
1
1
1
1
18
5
1
9
168
2
1
2
410
194
6
83
14
2
8
7
3
1
159
8
2
2
2
1
1
1
278
3
1
2
3
2
211
1
6
1
67
1
2
9
1
1
1
1
1
2
1
2
2
1
1
1
1
6
2
11
1
7
1
1
1
1
1
1
1
1
1
1
1
6
56
4
1
12
10
13
59
62
1
1
13
3
13
392
6
13
1
9
4
1
1
42
2
1
1
1
228
1
2
1
1
1
1
2
7
45
112
5
3
1
1
4
2
3
3
2
2
14
30
1
12
1
15
41
1
60
2
1
32
3
3
15
1
1
1
1
1
2
1
163
1
81
1
1
2
13
1
17
2
1
3
1
49
2
1
11
34
88
1
1
1
6
200
13
2
1
1
2
1
310
1
2
1
1
1
1
1
2
1
2
1
14
21
77
1
2
1
1
36
2
1
1
3
24
1
1
1
1
2
1
27
2
1
1
1
7
8
66
1
11
3
1
2
6
2
19
1
2
1
1
7
2
6
4
1
3
1
1
4
8
130
6
2
1
1
2
69
3
41
2
2
9
82
2
1
2
2
24
4
1
1
1
1
1
49
1
6
1
3
48
41
22
9
1
2
1
12
1
2
4
2
2
2
1
3
27
4
1
1
1
1
1
1
3
1
1
3
1
1
3
1
1
1
2
4
2
1
1
10
1
5
1
1
3
2
1
1
1
1
3
1
2
1
1
1
1
2
1
7
2
1
2
2
1
1
1
1
4
1
2
2
1
1
1
46
115
1
7
35
108
1
37
1
1
1
2
113
1
1
7
1
5
12
1
28
1
1
1
7
1
57
3
4
17
1
1
1
2
1
6
2
1
1
1
1
2
6
1
1
5
3
1
3
1
1
3
4
1
2
50
3
3
5
3
1
5
1
1
7
62
3
1
1
1
1
1
2
2
3
3
1
20
1
1
1
1
7
8
1
356
419
51
2
1
1
3
3
1
18
2
4
1
1
1
1
1
1
2
8
1
35
1
1
6
10
1
16
4
129
11
2
1
1
1
1
1
1
1
1
1
3
1399
62
1
3
1
2
1
281
34
1
8
4
1
1
1
478
9
1
1
1
34
2
2
53
1
1
1
30
1
1
4
1
4
5
4
1
1
4
6
2
1
174
3
7
2
10
4
7
1
2
1
4
2
1
11
5
12
1
1
583
1
4
1
1
1
1
1
2
1
50
43
2
1
1
3
1
1
19
1
1
1
147
1
2
1
1
1
2
1
2
7
1
12
2
3
21
1
168
1
1
6
2
10
1
1
2
5
10
13
186
1
3
180
1
1
4
645
1
1
1
47
2
6
5
1
9
2
43
7
1
2
1
2
4
1
1
2
1
1
2
1
80
1
2
19
47
1
2
3
1
3
1
1
5
28
10
100
2
6
1
1
1
1
1
21
135
61
2
1
1
5
34
1
52
284
25
1
1
464
2
38
1
2
81
1
1
1
138
102
1
1
1
1
1
3
183
1
1
22
1
1
3
59
6
1
7
194
1
1
2
1
1
1
3
6
12
1
1
2
1
3
2
58
2
1
70
271
4
1
1
1
1
24
1
1
3
2
1
1
2
251
1
373
1
7
1
6
101
1
1
4
2
3
1
3
1
1
3
2
1
3
1
4
1
5
2
1
1
59
32
3
1
2
808
4
2
1
1
1
1
1
39
127
6
1
4
30
5
1
1
1
1
1
2
1
1
40
35
4
1
10
22
6
10
28
7
95
2
1
1
10
1
3
1
7
1
74
1
6
1
4
1
1
1
1
1
3
243
68
10
22
3
4
1
1
1
5
5
2
65
1
2
7
6
1
1
1
10
88
1
1
2
1
5
2
1
23
32
171
1
1
1
52
1
12
2
1
1
1
2
21
3
1
1
1
1
1
9
2
1
22
3
1
7
8
2
2
7
12
116
1
2
4
1
1
1
1
5
157
71
66
8
1
1
1
1
1
2
1
5
1
27
3
2
2
1
1
47
35
1
1
1
1
1
1
1
1
3
3
218
127
1
3
1
1
1
2
1
1
48
1
1
5
1
2
2
19
1
1
1
87
1
1
24
1
1384
1
54
3
1
2
1
10
3
1
1
1
27
25
4
1
2
1
1
1
2
1
3
3
2
699
3
1
1
2
1
1
1
3
2
2
18
5
1
3
1
3
2
1
1
5
1
3
5
1
1451
2
3
1
1
1
13
1
4
1160
1
2
1
2
58
2
5
1
2
1
1
75
1
2
1
1
4
8
1
35
1
4
5
1
1
2
20
164
85
9
30
1
13
1
1
1
35
1
2
3
2
6
1
1
10
1
4
97
1
1
46
1
4
6
1
1
1
1
1
619
101
1
103
1
14
12
1
7
1
1
8
1
14
4
23
1
7
1
50
1
1
1
1
1
2
1
4
2
2
63
1
20
191
357
7
6
1
17
7
1
2
1
3
1
1
20
1
25
41
1
2
2
6
3
1
41
1279
10
4
1
91
1
1
2
31
2
45
1
3
1
1
8
22
1
42
9
1
2
2
101
10
239
1
2
110
2
536
11
1
1
55
1
1
2
1
3
3
1
1
1
1
30
1
1
1
17
1
1
6
5
1
1
2
5
1
1
2
3
1
1
3
1
4
163
48
1
1
1
3
1
33
22
4
1
1
34
1
60
53
2
4
1
1
1
1
66
2
1
1
1
1
1
3
2
1
1
288
1
2
1
10
1
2
35
1
1
2
7
1
2
1
2
4
5
1
8
1
1
1
10
1
166
13
1
2
1
10
1
3
1
2
1
16
1
1
52
447
1
2
1
21
3
2
1
10
2
5
26
1
2
6
1
18
4
28
1
1
22
1
2
50
45
1
2
4
1
1
1
1
2
2
1
22
1
80
1
2
14
2
1
1
1
5
1
1
1
2
44
1
8
1
1
3
1
2
3
3
2
4
2
2
2
2
1
14
1
546
1
1
1
5
1
1
376
1
1
374
79
2
2
6
4
1
1
3
2
4
27
8
1
2
4
602
3
1
1
6
1
6
1
1
5
81
2
1
20
1
2
1
1
9
12
1
3
144
1
12
2
2
10
1
1
1
1
1
1
5
5
1
3
25
289
2
195
4
1
2
2
1
2
1
1
1
3
1
1
1
1
1
2
2
1
201
1
31
1
1
1
8
1
2
66
1
1
1
1
1
1
20
3
6
1
2
24
1
167
1
1
5
129
6
2
17
3
1
1
1
1
1
1
2
31
1
2
8
37
2
5
1
386
1
5
24
1
2
1
2
1
14
130
1
60
5
2
1
1
21
3
2
99
1
1
1
1
1
1
13
33
78
1
4
1
1
3
70
7
1
3
1
28
2
1
1
15
1
1
1
9
2
1
1
1
1
4
1
1
1
11
1
2
33
1
26
1
70
44
2
1
1
3
141
1
12
1
1
1
1
4
11
1
50
13
1
1
1
4
40
2
17
1
1
1
290
1
2
1
3
1
8
6
1
2
1
1
29
1
1
3
152
1
1
1
2
2
28
3
1
120
1
3
2
1
1
91
2
1
1
68
1
1
1
3
46
1
1
1
2
1
1
655
3
2
1
1
4
1
1
1
13
121
1
1
1
6
1
8
1
2
1
1
5
9
516
1
1
1
10
5
37
1
1
1
1
1
4
1
1
6
2
1
1
1
10
7
26
243
71
13
6
1
6
3
15
1
12
15
2
1
2
1
1
1
1
1
3
125
4
3
1
1
1
1
2
36
1
3
53
1
296
1
1
2
3
51
1
2
8
4
1
1
17
1
1
1
4
171
24
1
18
1
381
2
1
1
60
1
15
1
2
1
66
1
1
14
1
10
9
19
1
2
1
5
1
1
1
1
244
2
4
1
1
2
1
1
1
1
52
1
15
1
4
1
1
46
61
120
2
23
1
1
84
1
3
1
1
1
1
14
4
1
1
1
1
1
10
1
1
2
8
23
2
4
1
5
1
56
1
3
2
9
149
5
1
2
183
34
10
7
1
1
2
4
2
12
1
60
1
6
1
3
1
1
1
229
10
2
2
211
1
1
6
52
25
1
1
4
19
8
7
1
11
2
1
1
41
2
12
1
1
1
1
6
323
11
30
16
2
28
22
5
1
350
1
1
7
1
4
14
1
2
4
1
12
15
1
1
3
9
1
1
1
1
2
44
11
1
2
28
1
8
1
1
3
1
1180
1
39
69
1
1
6
2
1
1
1
1
1
1
1
2
1
2
1
4
1
1
316
12
1
4
1
1
20
3
1
5
2
46
1
1
2
118
1
261
1
1
6
1
1
5
1
25
1
4
1
5
27
17
1
1
1
1
1
2
82
1
2
1
24
5
1
2
19
3
1
2
3
19
1
1
1
1
1
2
2
459
11
1
1
1
1
1
2
1
430
2
1
1
1
3
1
8
46
2
342
322
9
14
1
1
1
13
1
71
5
6
1
19
74
1
2
4
1
1
15
1
32
1
1
3
1
177
1
3
1
83
1
4
1
6
1
1
1
1
8
82
1
4
1
6
4
4
1
5
1
1
4
33
4
1
1
1
2
1
1
3
752
1
1
1
8
5
1
51
2
18
2
8
1
21
44
25
1
4
1
1
5
1
7
289
1
3
1
5
67
3
1
342
8
3
146
34
1
7
1
1
1
1
4
1
1
1
17
1
5
1
1
1
4
281
1
1
3
21
2
2
87
1
6
9
1
1
4
2
42
1
2
1
712
59
1
10
51
5
1
6
2
2
1
122
9
4
1
1
103
344
1
2
4
1
1
2
1
1
11
8
1
2
1
3
1
1
1
1
1
1
1
9
27
1
1
20
101
1
17
1
13
1
22
9
1
1
1
11
14
2
55
6
3
1
1
53
91
1
49
36
1
1
18
1
1
2
1
1
2
2
7
1
72
3
1
1
3
4
2
2
1
1
5
1
2
2
1
153
6
4
1
1
4
2
1
1
1
2
4
2
30
11
1
8
1
1
1
1
18
1
3
35
2
5
4
16
1
2
1
1
1
35
1
1
1
1
25
7
1
1
5
50
6
1
27
28
4
1
1
1
1
1
5
2
3
1
1
5
1
12
2
1109
97
1
25
1
9
1
1
2
233
64
1
7
2
3
1
1
1
9
3
1
1
1
1
1
1
3
53
1
1
2
1
1
5
1
1
2
1
5
18
38
1
32
1
1
1
1
1
1
1
37
1
1
1
3
1
1
2
3
1
103
14
1
4
1
1
1
1
2
11
1
1
1
1
1
1
2
4
1
2
2
1
1
1
1
10
1
1
16
6
2
1
3
20
1
1
2
1
371
5
5
1
23
1
4
12
8
1
231
2
3
1
5
1
34
11
1
1
1
1
1
1
1
9
34
1
6
1
1
5
1
4
5
30
1
37
1
1
1
1
1
1
1
1
56
23
2
106
1
13
1
5
2
37
1
1
1
2
1
1
1
2
2
1
29
308
23
1
1
1
1
2
2
26
1
29
1
21
47
1
2
1
3
2
1
1
1
1
2
3
1
1
1
1
1
1
1
2
1
53
23
2
1
5
1
6
1
1
81
2
11
5
19
28
3
7
1
2
1
1
13
40
1
47
9
1
1
1
21
3
7
1
3
204
1
1
6
1
1
34
29
1
2
16
1
3
7
1
196
1
1
1
1
1
4
2
31
10
6
1
3
1
4
1
6
547
4
1
1
2
1
1
1
1
2
12
1
7
3
1
125
1
1
10
3
8
27
15
1
58
2
4
2
14
488
1
9
1
1
2
3
2
1
7
4
1
440
2
10
2
1
299
1
13
1
1
1
11
16
1
20
3
1
1
7
5
2
1
1
2
2
4
1
3
5
2
1
4
6
5
5
14
1
1
2
1
3
4
1
37
2
496
1
7
1
1
10
42
2
1
1
132
1
4
50
1
1
7
1
1
1
2
1
8
140
171
2
1
1
1
2
1
2
13
2
12
290
1
1
8
1
23
1
62
1
1
1
1
3
1
3
1
12
147
1
1
60
1
1
3
1
15
1
1
1
1
1
1444
1
2
1
43
77
1
1
1
1
9
2
1
224
1
1
5
1
2
2
15
1
1
4
21
1
1
1
4
1
1
3
1
1
2
2
15
8
1
25
270
4
1
1
1
1
19
1
2
1
5
1
1
1
2
9
8
5
1
9
3
1
1
1
1
1
24
1
1
1
1
35
3
1
1
1
94
1
2
1
2
1
6
9
2
11
8
3
51
12
35
2
7
3
2
23
1
10
82
1
87
1
1
2
18
1
1
3
1
19
5
2
7
3
1
1
1
58
217
1
216
1
127
1
1
124
4
1
1
129
1
1
1
2
3
3
1
1
2
2
1
9
30
3
1
1
1
86
2
1
2
2
1
1
3
1
1
1
54
1
1
1
9
6
1
1
21
1
43
1
10
2
3
1110
1
6
69
1
1
4
1
1
1
1
44
1
1
1
1
1
1
1
3
2
3
4
1
3
1
1
2
1
1
13
1
11
1
1
2
2
2
21
1
1
1
4
3
3
1
1
1
5
1
1
1
1
1
3
1
1
4
2
2
1
1
2
1
1
1
1
1
3
1
3
40
1
2
2
5
2
1
3
1
2
1
1
1
1
1
1
172
1
1
10
81
1
16
360
1
1
2
4
1
3
6
4
1
1
3
1
2
2
3
66
1
5
13
1
5
9
1
3
6
84
4
4
2
8
19
1
1
1
3
3
2
12
1
4
1
1
148
2
1
1
10
4
1
23
1
26
1
5
4
1
1
1
18
1
32
1
11
1
3
1
4
1
1
10
2
1
1
33
1
1
1
4
94
1
1
20
1
1
1
1
3
1168
2
1
1
5
10
1
2
112
9
70
2
1
1
3
1
1
25
11
1
4
7
300
2
1
1
4
1
3
1
3
1
1
1
1
6
1
2
1
9
14
1
1
18
1376
3
24
3
1
11
4
5
1
4
1
1
1
1
4
1
12
1
1
1
2
1
1
3
1
1
1
380
30
2
6
1
2
1
1
1
1
22
1
6
1
2
42
2
4
65
1
3
3
1
1
1
2
1
3
1
4
24
38
1
126
1
1
7
1
1
1
11
1
2
20
1
9
1
6
2
23
1
3
35
100
2
2
1
2
28
1
2
7
61
1
1
8
1
1
2
38
1
302
14
1
1
6
1
1
51
3
4
27
1
8
9
1
2
2
1
95
2
1
1
4
1
1
1
1
1
1
1
1
2
1
1
1
1
14
1
19
54
394
468
1
1
1
13
4
7
1
1
3
81
1
3
1
2
1
51
1
1
1
1
1
1
3
1
1
1
1
4
3
472
2
2
1
1
46
1
2
203
1
2
1
1
1
2
1
17
8
1
1
3
1
1
1
2
1
101
1
3
1
1
1
79
1
2
3
1
28
2
1
1
156
2
1
6
2
6
4
1
24
1
1
1
1
1
6
1
1
1
1
1
12
1
2
1
1
1
11
2
67
26
2
1
1
1
1
1
2
5
1
1
18
1
1
2
4
2
2
13
1
32
1
8
1
2
1
10
1
116
1
6
1
1
148
1
1
11
197
1
1
1
1
16
88
2
2
1
1
1
19
16
1
3
4
11
25
1
1
57
3
7
17
1
98
1
6
1
1
1
8
3
20
5
1
1
3
1
3
1
1
1
1
1
22
1
2
4
2
8
8
9
1
3
3
18
1
1
28
5
1
1
2
1
1
1
1
10
22
7
1
197
1
1
7
38
3
1
1
1
5
29
12
1
1
1
13
1
1
64
1
2
1
1
3
2
1
1
2
1
9
1
1
2
1
5
3
1
1
2
2
1
11
1
1
3
3
1
10
1
92
1
56
3
2
11
1
1364
12
1
1
1
18
2
1
15
2
4
2
2
1
1
9
9
1
1
1
26
1
12
1
69
1
17
1
2
3
3
3
1524
1
14
1
7
1
2
55
1
7
1
1
3
1
1
1
5
2
1
6
6
1
1
3
2
7
3
1
1
1
6
3
2
1
1
1
50
1
3
5
7
23
1
16
1
6
46
1
8
1
1
1
3
1
1
175
3
1
9
6
1
3
1
15
1
2
1
2
1
1
83
1
2
1
1
1
1
1
2
1
3
185
1
3
1
36
1
8
9
2
1
1
144
3
1
1
1
3
36
1
1
1
2
1
1
1
1
1
7
1
12
2
60
1
7
1
26
1
2
1
1
1
1
1
1
28
1
2
6
1
1
3
403
2
7
1
1
1
10
1
1
2
3
12
1
18
6
3
1
1
1
2
1
1
1
1
1
1
1
3
61
3
40
1
1
1
1
1
15
2
147
3
3
2
12
37
1
1
33
1
1
50
4
1
1
1
1
15
7
1
60
1
76
3
9
13
271
3
34
1
12
5
12
175
98
1
1
1
3
1
7
1
24
3
28
64
2
1
1
1
1
2
5
3
118
1
1
18
44
1
2
1
1
9
1
2
2
1
4
36
1
10
20
1
10
7
1
1
1
1
1
21
14
1
212
2
7
1
166
103
4
2
1
2
7
2
1
1
82
872
1
2
7
26
1
1
1
1
1
3
113
1
1
31
2
8
37
1
177
22
1
1
1
1
2
3
5
18
1
1
1
1
1
1
4
1
31
3
126
1
2
9
1
3
1
4
1
19
1
6
123
4
1
1
1
3
1
1
1
1
35
3
2
1
4
1
2
24
756
1
1
1
1
6
1
3
1
2
1
1
2
3
2
14
1
29
1
1
2
1
1
1
1
1
1
4
1
19
9
1
2
1
1171
1
1
92
1
8
1
1
1
6
1
67
1
3
89
1
2
10
23
1
3
2
13
1
28
1
5
1
22
1
12
1
2
1
1
35
22
4
1
2
1
2
1
4
1
1
8
2
40
4
41
2
2
15
9
1
10
1
1
1
1
1
1
151
11
29
7
9
1
8
1
8
1
1
1
1
21
6
12
1
1
1
1
1
1
2
1
16
3
1
3
1
1
1
1
3
1
8
28
1
2
1
1
7
1
2
8
1
1
1
2
1
1
1
3
7
1
9
1
3
23
1
2
49
1
1
1
1
1
1
11
1
18
1
9
4
3
1
1
1
110
1
132
115
1
3
1
3
289
21
2
7
1
21
14
4
12
8
7
1
1
1
4
19
2
1
4
20
1
1
1
14
118
2
14
3
1
1
3
1
2
1
5
1
3
11
1
11
1
3
1
2
1
1
1
3
1
1
1
2
1
3
1
3
3
11
1
1
1
1
60
1
2
5
1
4
28
3
8
1
1
1
10
1
1
3
1
1
1
1
1061
1
1
2
10
2
7
3
7
2
6
323
1
2
1
32
145
6
24
1
1
1
4
2
4
10
1
14
1
39
1
4
2
110
1
2
1
1
1
2
34
1
34
3
2
218
1
1
3
7
5
1
2
7
1
1
1
1
1
1
23
1
5
34
7
5
3
14
1
1
16
40
3
1
5
1
78
1
1
14
4
13
1
34
1
48
1
1
38
19
1
1
5
4
1
1
1
41
2
1
2
1
1
1
1
2
2
95
1
1
3
1
1
1
1
1
12
2
2
2
1
26
1
2
3
13
4
1
1
49
2
3
1
1
1
3
1
3
