1
1
4
1
1
1
1
1
4
5
2
1
4
2
6
6
1
4
21
1
1
1
1
6
1
2
69
1
1
1
1
1
1
22
1
1
1
3
1
2
5
1
1
42
414
1
2
4
17
1
11
1
1
1
1
1
1
18
1
1
2
4
1
4
15
2
1
1
2
1
1
1
6
3
1
16
2
4
1
47
1
72
2
67
60
1
1
2
1
17
2
1
1
1
3
2
25
1
4
10
2
2
1
1
1
1
2
1
5
3
1
8
1
3
1
33
2
10
1
3
1
4
1
10
2
1
4
52
4
1
1
2
7
3
1
63
3
1
10
1
10
1
22
2
2
1
1
9
124
1
1
3
3
1
5
1
1
5
1
1
2
1
2
1
2
1
1
1
7
37
1
4
3
1
18
4
2
1
1
1
1
3
1
3
1
1
4
9
5
2
14
3
18
18
1
2
560
1
1
1
6
1
1
2
2
6
1
1
3
1
5
1
7
14
5
5
1
2
2
2
5
2
1
1
1
1
1
1
1
1
1
41
1
1
1
1
3
1
5
1
1
7
2
1
2
1
3
1
2
1
1
1
1
4
5
1
1
23
19
1
5
1
4
1
1
1
1
33
1
1
1
1
1
1
155
2
1
1
1
1
2
2
1
110
1
1
3
2
1
4
1
1
1
1
6
1
1
1
1
4
3
24
1
67
3
1
2
2
6
1
1
1
1
3
8
3
1
2
1
1
1067
1
4
1
35
4
2
1
10
1
1
1
1
1
1
1
12
2
1
59
1
9
1
1
27
1
1
1
1
3
59
4
1
1
1
6
4
1
7
1
1
1
1
1
1
1
4
1
3
2
1
6
2
1
1
5
190
1
61
1
2
1
2
1
2
7
2
1
57
1
11
1
1
1
2
1
2
1
1
7
1
2
2
1
1
11
2
14
1
16
3
1
20
1
1
19
2
3
1
1
2
9
3
3
2
1
1
1
1
2
1
1
2
1
1
1
1
1
1
1
1
1
1
5
2
1
2
1
9
81
12
1
1
2
1
1
1
1
2
5
1
133
1
2
3
1
2
1
7
14
2
1
1
1
1
1
1
4
1
2
3
2
1
1
1
1
30
1
4
1
2
1
3
1
1
1
3
1
1
1
1
1
3
2
14
1
1
8
1
1
2
1
86
169
2
2
1
3
3
23
1
2
1
16
3
4
2
54
5
8
3
1
1
7
7
1
4
1
1
2
1
1
1
1
1
1
1
2
119
312
1
3
1
2
1
16
1
1
1
1
1
18
1
2
2
1
3
1
1
461
1
2
748
4
46
2
1
1
1
1
10
12
2
1
9
1
1
2
1
7
1
2
6
3
1
1
1
1
4
1
1
1
1
45
1
1
4
1
1
1
137
2
1
1
1
2
1
3
2
1
2
1
1
2
24
2
3
12
1
82
2
1
238
1
2
4
1
1
1
2
1
1
1
1
22
91
22
10
1
1
1
1
10
4
1
4
2
2
1
4
3
2
1
1
14
2
1
1
9
1
2
8
1
1
1
1
1
2
1
35
20
32
1
1
1
1
2
1
1
8
3
1
1
1
2
2
1
1
106
1
8
1
3
1
1
2
1
1
1
1
62
4
17
2
1
21
4
1
1
1
1
1
1
1
1
2
1
1
2
1
55
3
1
4
29
4
1
1
6
9
1
2
206
16
18
1
1
1
3
4
1
2
371
2
1
1
1
1
4
1
1
1
1
1
2
5
3
4
2
2
41
1
1
1
1
4
1
2
1
1
2
34
1
1
2
37
3
3
1
3
5
3
1
2
1
4
1
3
1
1
7
12
1
1
1
1
1
5
26
4
1
1
2
53
106
5
2
3
1
1
1
1
9
1
11
1
19
1
1
1
1
3
1
3
3
1
2
1
1
1
3
9
2
2
1
1
1
2
1
7
2
1
1
3
19
4
1
5
1
1
4
2
2
2
8
1
13
3
47
1
2
20
2
1
1
1
121
1
1
2
13
3
1
8
1
3
1
1
131
2
1
1
2
3
6
50
1
7
2
1
8
1
1
4
8
6
1
1
1
1
1
5
1
1
2
36
1
1
13
8
1
1
1
7
2
1
2
1
1
7
95
1
1
1
28
5
1
1
2
2
2
1
1
1
1
1
3
4
3
1
1
1
10
6
2
1
1
8
2
1
1
14
1
18
1
1
3
4
2
12
1
2
1
1
3
1
41
51
1
1
1
4
1
1
2
1
3
5
1
1
2
13
5
1
6
1
2
1
1
1
5
1
6
1
1
1
1
2
2
22
1
221
12
1
1
3
2
7
22
4
1
1
1
1
1
1
1
3
2
2
2
40
2
4
2
1
27
4
1
1
1
10
7
9
3
1
3
6
1
1
2
1
2
4
2
2
41
1
3
4
382
1
4
209
1
1
1
2
2
3
1
3
1
34
1
1
1
5
2
1
116
3
1
140
1
2
1
1
1
19
1
1
1
10
1
3
1
1
108
1
22
1
1
1
3
1
1
2
1
1
2
14
1
5
1
2
51
1
1
34
1
1
39
1
2
2
14
5
4
26
2
2
1
1
1
1
2
3
2
1
2
3
1
2
1
3
1
26
1
2
6
6
3
1
5
1
7
1
7
1
4
54
1
1
1
1
1
1
1
5
3
1
1
1
1
2
2
40
1
30
2
3
2
1
2
2
3
4
6
32
1
1
1
1
1
52
2
2
3
4
1
3
4
18
1
1
8
131
42
2
20
1
9
1
1
1
2
3
2
1
1
1
23
2
8
1
2
1
5
1
13
1
1
2
20
2
1
1
1
1
1
1
1
2
6
10
3
3
1
1
1
1
3
1
1
480
1
1
21
2
1
2
1
13
51
1
16
1
1
1
41
3
1
9
1
1
1
2
3
1
1
16
1
41
12
35
8
1
1
2
1
48
2
1
1
1
4
25
1
9
1
1
2
1
1
9
1
3
1
1
3
1
2
1
6
3
1
1
1
2
5
2
1
1
2
2
2
7
18
1
2
1
1
1
1
2
4
1
11
29
29
4
1
1
1
1
1
12
22
1
8
2
1
1
1
10
4
1
1
1
1
1
1
3
7
1
4
1
1
2
27
15
3
1
1
147
1
10
7
2
14
76
1
2
1
1
15
4
2
454
1
2
40
1
1
1
1
5
1
1
69
15
1
1
2
1
1
2
2
4
7
2
1
1
2
2
1
1
2
1
1
1
1
1
2
1
1
9
10
1
10
2
2
1
4
1
1
1
18
8
34
3
4
4
1
1
1
1
5
5
8
1
7
8
1
1
8
4
1
1
1
12
126
1
2
1
1
2
1
1
6
1
1
1
1
1
1
1
1
11
3
1
1
29
3
1
1
5
14
1
75
1
177
1
1
1
287
3
6
3
2
117
1
92
1
1
115
5
2
42
9
1
82
10
1
3
7
1
9
1
1
1
3
11
1
12
1
1
5
1
5
1
1
3
1
29
13
85
2
1
33
5
1
7
2
1
3
6
3
2
1
1
16
1
1
2
47
5
2
22
1
1
8
1
2
16
8
3
3
1
1
47
5
1
1
1
1
10
23
26
2
1
3
1
1
1
1
1
7
8
1
1
1
1
30
1
1
1
1
1
4
1
1
3
1
6
1
2
1
3
3
28
2
3
1
7
1
53
1
9
128
1
10
1
5
1
1
1
3
1
1
2
2
1
5
2
14
20
1
3
3
4
7
1
1
2
1
15
1
23
2
1
18
1
1
2
4
1
1
1
1
74
1
5
6
1
1
1
1
72
2
1
5
2
28
1
12
1
2
1
1
3
2
131
2
1
2
1
1
212
1
1
75
13
8
1
2
9
1
1
1
10
1
8
1
1
1
13
1
1
4
1
1
1
1
1
1
1
1
49
7
20
2
4
18
1
162
26
7
3
4
1
6
4
82
1
51
22
1
1
2
1
3
1
1
6
1
5
1
8
23
136
1
1
2
5
1
1
1
73
11
1
1
1
7
1
1
1
1
6
1
4
1
1
5
2
24
2
1
10
1
8
1
1
4
3
1
95
2
1
1
3
24
3
2
4
1
1
1
1
3
1
1
2
1
2
1
18
1
1
1
1
1
2
1
3
1
1
1
1
2
86
1
5
1
1
3
1
1
1
1
2
2
1
1
1
2
2
2
1
1
10
2
9
2
1
1
1
26
1
1
1
3
10
1
1
28
1
29
6
1
25
4
18
9
1
9
1
1
1
1
1
1
1
1
1
1
21
1
1
3
1
3
33
4
3
2
1
2
1
1
1
1
1
1
70
2
6
13
8
24
1
1
4
12
2
1
2
1
1
3
17
5
4
1
4
1
2
2
1
1
1
29
1
1
1
1
84
2
1
1
2
1
2
1
120
5
3
1
1
1
1
1
1
1
61
1
2
4
2
2
16
1
1
18
1
1
1
3
1
24
1
3
1
1
1
1
3
1
2
1
2
1
1
2
1
12
1
1
1
3
1
1
1
7
1
2
2
6
4
3
2
1
1
1
1
1
9
4
1
1
1
1
1
1
2
5
2
8
6
3
7
3
2
1
5
1
2
3
1
1
4
1
9
1
73
7
1
1
1
1
8
1
1
1
2
1
9
10
1
12
3
1
1
2
2
3
1
1
2
18
1
1
1
4
8
1
5
4
2
6
9
9
10
2
1
36
162
50
6
68
6
1
367
15
2
135
2
1
1
1
1
15
6
1
1
3
1
1
4
1
1
7
1
14
2
9
1
6
2
3
1
1
1
22
1
2
1
2
3
14
16
1
2
7
21
1
4
1
6
1
1
2
6
9
67
1
1
1
5
1
1
1
2
3
1
11
1
1
1
1
2
4
2
5
3
1
2
15
1
3
2
3
10
1
1
1
4
1
1
1
1
1
3
233
8
1
2
4
1
1
1
1
1
1
1
1
97
1
6
1
2
1
1
1
8
1
1
4
1
5
3
60
1
12
2
2
1
2
1
1
1
1
5
1
1
1
1
1
159
1
1
1
1
3
1
1
2
1
1
8
1
1
1
2
1
26
1
9
2
1
1
1
15
2
1
2
1
1
1
5
121
1
1
1
31
1
4
9
100
2
1
3
2
2
1
1
2
27
3
108
265
2
86
1
1
4
5
19
70
1
1
1
3
9
2
17
2
4
2
3
5
1
1
5
1
1
1
2
26
1
2
1
3
6
1
11
3
1
1
1
13
1
1
1
4
2
1
1
1
4
1
13
1
1
4
4
1
9
1
1
1
10
2
271
4
1
1
1
2
1
1
2
1
8
9
1
11
1
10
2
1
116
1
1
1
1
1
2
1
2
4
4
70
1
201
2
1
3
1
1
1
2
7
1
1
2
1
1
25
18
1
2
1
2
2
3
1
1
1
90
1
1
1
1
2
1
1
5
2
3
2
17
75
31
10
1
1
1
16
1
1
13
4
1
1
1
1
53
2
3
3
1
1
1
28
3
10
2
22
1
1
3
1
21
21
1
1
1
23
1
1
32
1
1
3
1
1
1
2
13
1
12
1
1
93
1
1
1
1
2
1
1
1
1
8
1
3
19
2
1
1
3
1
22
60
8
13
27
3
1
1
18
1
1
151
97
1
1
2
3
9
5
1
6
1
2
1
1
5
1
11
1
1
3
1
1
1
1
1
1
1
2
1
4
11
17
1
1
38
222
3
1
2
2
3
3
1
3
3
8
3
1
1
1
5
3
1
2
3
18
2
5
23
442
1
1
1
32
7
2
1
21
1
3
87
2
1
5
2
1
1
5
82
1
1
1
1
1
3
1
1
1
1
1
6
3
1
1
11
1
8
2
1
2
2
1
2
1
1
91
2
1
1
1
10
1
1
7
1
13
43
1
1
4
2
15
10
2
2
1
1
2
1
1
1
2
2
6
1
6
22
2
8
1
33
1
27
1
1
4
7
1
1
3
1
1
1
3
1
1
6
9
1
1
1
2
1
3
68
1
2
1
3
1
1
1
1
2
2
3
3
1
49
6
7
5
5
7
1
1
9
3
1
2
2
1
1
7
144
2
30
3
1
11
1
1
1
1
2
2
3
6
14
1
3
1
1
1
1
1
4
1
1
11
1
1
1
1
1
5
1
1
2
4
1
2
4
2
2
2
1
26
2
1
3
1
2
1
18
7
1
27
1
1
1
2
1
1
2
1
1
9
7
1
2
7
41
1
4
1
1
5
1
41
16
2
1
2
13
9
3
3
2
1
10
1
1
2
1
2
1
1
239
1
1
1
1
1
97
1
1
13
1
4
2
1
3
1
1
7
1
10
1
60
2
21
1
2
2
1
165
18
2
1
3
1
17
1
1
4
1
19
1
1
2
1
1
4
12
1
3
1
1
35
2
1
1
2
8
3
1
84
2
1
2
1
1
2
1
1
1
11
3
7
3
1
3
1
4
1
1
1
1
1
1
1
1
1
6
1
7
4
1
1
5
1
1
1
1
1
42
1
1
1
1
1
1
5
4
1
2
1
2
3
19
1
1
3
12
30
2
2
1
1
1
2
1
1
1
33
1
1
2
3
1
1
2
165
3
1
1
1
1
1
19
32
1
1
1
5
1
4
1
1
1
1
1
15
1
21
1
11
1
1
4
1
2
2
2
1
2
2
1
5
1
13
2
5
2
1
1
14
7
1
1
3
13
3
1
1
2
2
1
2
1
1
8
1
1
3
1
369
1
2
1
2
1
2
1
1
2
9
38
35
2
9
2
27
1
2
1
1
71
1
1
3
4
3
2
2
1
1
1
2
1
1
1
2
1
1
1
1
1
1
1
1
5
71
6
3
6
1
1
1
1
1
6
1
2
1
5
8
16
14
1
1
2
7
4
1
1
1
1
18
1
2
5
1
1
4
1
1
4
1
3
2
33
1
1
1
1
2
2
1
3
2
14
3
1
1
1
4
1
1
1
1
1
1
1
252
1
1
1
5
1
488
5
1
5
22
13
3
1
1
1
1
1
2
1
1
2
6
1
1
2
1
4
1
1
1
1
23
2
2
1
2
1
13
1
2
2
16
1
27
1
1
16
6
1
1
1
1
1
8
1
1
6
15
1
2
1
3
1
2
1
1
1
8
11
1
4
1
1
1
1
6
8
1
15
1
2
1
3
1
14
1
1
22
1
14
3
1
2
1
4
76
1
1
5
1
1
3
1
1
3
1
38
2
1
1
1
2
1
1
1
812
1
1
1
9
2
1
1
2
81
5
8
1
1
5
1
1
13
1
1
3
1
173
12
1
1
1
1
1
1
23
9
2
156
1
7
1
9
1
5
1
1
4
1
1
2
2
2
4
3
2
1
45
1
1
1
1
1
8
15
1
1
4
5
1
1
3
2
4
7
1
13
6
1
1
2
2
1
1
2
1
2
25
2
1
3
5
1
1
45
2
2
1
1
1
3
1
1
1
1
1
1
9
2
2
1
4
1
9
2
3
1
1
1
1
21
3
1
1
1
3
7
118
1
3
3
1
210
1
1
5
2
8
1
5
18
1
13
1
3
4
1
1
35
2
1
1
1
1
1
1
2
1
1
1
12
11
3
1
1
1
3
1
1
18
2
1
2
1
7
1
2
3
1
1
2
1
2
69
1
1
3
2
1
26
1
2
4
1
3
22
1
7
1
1
1
2
2
9
2
1
5
1
2
2
1
1
1
5
1
1
2
1
4
1
1
1
37
2
1
2
43
14
1
1
1
1
1
8
1
1
4
6
4
1
1
1
1
1
1
1
1
1
1
2
13
3
1
1
2
15
6
1
2
333
1
1
1
1
55
2
1
21
1
1
1
1
8
1
3
1
32
1026
1
2
3
1
1
1
6
1
3
1
1
1
1
7
1
2
2
5
3
1
1
1
2
8
1
115
30
1
7
1
4
2
2
1
5
1
1
4
22
4
1
35
2
1
1
78
2
1
5
16
82
1
1
1
82
20
1
2
30
5
22
17
1
1
3
2
3
1
5
2
1
3
6
5
236
8
1
1
1
5
2
1
2
1
1
1
1
1
1
1
36
1
7
1
2
1
3
7
4
7
49
6
1
8
42
5
1
1
1
1
11
4
1
7
4
1
3
3
1
1
2
1
1
2
1
1
1
1
6
1
3
1
1
3
1
1
4
7
3
1
1
1
1
9
82
1
1
3
1
3
1
1
1
1
2
2
2
1
1
4
1
2
1
35
1
1
1
1
1
1
3
3
6
1
3
1
2
3
7
1
1
1
1
2
57
1
1
1
1
22
1
7
2
1
1
68
2
30
1
3
1
1
4
8
2
1
2
1
3
1
14
5
1
1
4
4
1
34
1
1
7
1
1
7
1
1
2
2
1
1
1
1
1
1
294
1
1
1
1
22
1
14
8
1
1
11
1
1
7
1
3
1
1
1
1
198
19
2
1
15
1
15
1
4
2
2
1
1
1
6
1
1
1
1
2
6
1
2
1
1
1
1
1
1
1
2
1
1
3
1
1
1
1
2
6
5
1
2
2
1
1
12
59
1
1
2
1
48
1
2
4
1
1
7
1
1
1
2
3
1
11
46
1
13
2
2
10
2
1
2
1
21
3
1
1
1
15
2
1
9
4
11
2
7
14
1
1
2
2
3
1
6
1
1
1
1
16
3
1
593
1
1
41
1
1
38
202
1
2
1
2
1
21
48
94
2
1
1
1
2
51
1
3
3
1
1
1
1
1
1
2
2
1
1
1
9
7
1
2
2
1
1
1
1
1
1
1
12
1
87
1
1
1
1
3
3
1
1
1
48
4
4
2
1
1
3
2
1
1
1
5
1
1
1
1
1
1
1
203
1
1
1
1
3
1
9
3
1
2
1
1
12
1
1
27
2
1
2
35
1
3
1
1
2
2
1
1
1
281
1
1
1
1
5
76
2
1
1
1
3
1
7
1
1
113
6
4
1
1
1
1
1
1
1
1
1
3
2
1
20
1
1
99
1
1
28
1
1
1
393
2
1
1
1
3
1
1
2
1
1
9
1
1
3
1
1
1
1
1
1
2
1
1
1
5
17
12
1
1
2
1
1
2
15
1
1
1
1
1
1
3
113
1
2
3
3
3
3
1
1
1
10
3
1
2
1
2
1
1
3
1
1
1
1
1
1
14
17
1
1
1
14
26
1
40
1
1
1
1
1
1
4
2
1
1
1
4
1
1
13
1
1
1
1
1
2
1
6
12
179
19
4
1
5
1
7
1
1
1
1
1
5
1
1
5
1
1
1
2
1
1
14
92
26
1
1
1
7
1
1
1
1
1
1
6
9
1
1
1
1
4
2
1
1
3
1
1
1
1
1
1
1
1
3
1
4
1
2
1
1
5
1
4
8
3
1
1
2
1
22
1
6
1
30
1
1
7
2
4
1
24
1
1
11
5
14
1
1
2
1
1
1
3
1
9
1
3
1
1
1
2
1
1
2
2
1
1
1
9
5
1
13
2
3
1
1
6
1
250
1
2
14
1
1
1
3
1
1
3
4
2
1
2
13
1
2
1
6
1
2
27
5
1
1
2
2
1
1
1
2
1
2
1
1
5
1
1
7
1
1
2
1
1
3
359
2
1
3
1
1
4
1
22
1
1
5
1
1
2
1
6
3
3
2
1
1
3
77
1
1
1
1
1
1
1
1
2
4
1
1
1
3
5
2
1
6
9
1
8
1
1
1
11
212
79
1
414
2
3
1
1
11
1
6
5
66
1
2
1
2
1
1
3
3
11
1
1
2
1
1
3
4
1
4
1
111
1
2
1
3
1
3
18
2
3
1
5
56
1
16
1
1
1
1
4
1
1
6
1
1
1
2
1
1
13
2
2
3
1
2
4
1
1
1
2
1
1
4
1
1
1
7
1
1
1
1
7
1
20
1
129
1
1
18
1
2
10
1
1
1
1
1
3
1
2
1
1
5
4
1
1
1
1
4
1
3
112
1
3
1
1
3
15
5
3
1
549
1
7
12
1
1
2
1
1
3
2
2
2
1
1
2
2
21
9
1
1
1
1
1
29
7
1
1
1
1
4
1
1
4
2
3
1
1
7
1
1
46
4
1
3
64
1
1
1
1
3
3
7
21
1
1
1
2
1
1
1
1
1
13
2
1
4
1
1
1
10
3
7
2
1
13
1
1
42
1
10
1
1
2
1
1
48
1
1
1
1
1
2
1
25
1
8
1
2
2
5
7
1
1
1
2
2
1
1
1
1
1
2
1
1
2
1
1
2
3
2
2
2
2
3
1
1
1
1
1
9
1
6
1
4
8
2
5
44
442
1
7
1
1
2
18
1
17
10
1
1
1
27
1
1
1
6
1
1
13
4
4
98
4
1
1
5
1
1
3
1
52
2
1
1
7
1
1
2
1
1
1
2
4
225
1
1
1
1
1
1
54
3
1
1
3
6
4
1
5
221
1
1
3
1
2
3
75
1
1
2
150
5
4
2
2
3
1
20
1
1
1
2
147
1
1
66
2
180
10
1
85
1
19
17
1
1
1
1
5
2
1
5
3
77
1
1
2
1
1
1
1
1
1
3
5
4
12
3
1
1
2
1
1
1
2
1
1
1
1
1
1
3
2
10
1
1
1
1
1
1
1
1
5
1
3
3
2
1
1
141
3
1
10
1
3
1
7
2
1
5
1
1
18
1
200
48
1
1
14
1
2
1
1
2
1
13
1
1
2
4
3
3
1
1
1
24
27
1
2
2
21
1
2
1
2
1
1
1
1
1
84
8
1
1
1
4
3
1
9
1
18
49
1
1
1
1
1
2
1
6
5
1
1
1
1
17
1
1
1
2
1
12
35
1
33
1
2
1
1
1
2
2
1
1
1
109
2
1
3
1
1
30
13
2
1
1
2
1
1
3
1
1
1
3
1
26
2
1
4
11
57
1
1
1
4
1
1
1
154
1
1
1
3
1
2
2
1
4
1
2
2
251
1
2
10
2
2
21
7
1
11
2
1
1
444
1
4
3
2
2
1
1
2
2
18
1
1
1
9
1
1
1
1
2
1
1
11
426
2
1
1
1
1
2
1
1
6
370
1
1
139
1
1
1
1
1
2
17
17
1
1
17
6
36
3
1
8
1
5
300
3
1
2
4
1
1
5
1
9
10
1
1
1
1
1
5
30
1
5
36
26
1
1
8
1
4
1
1
1
9
1
1
1
1
5
2
2
1
1
1
2
1
5
5
1
1
1
2
44
1
1
1
1
3
1
2
1
2
9
11
1
1
1
79
1
5
1
1
41
11
2
1
3
2
1
1
3
1
2
105
121
1
2
1
2
1
1
4
348
1
17
2
1
2
4
1
1
1
1
1
1
2
17
1
2
1
17
9
1
5
4
1
9
16
1
6
1
1
4
1
1
8
1
1113
27
1
1
4
1
9
42
247
1
1
3
1
132
1
1
236
1
6
1
1
1
5
26
1
5
1
1
1
1
1
4
1
1
1
2
1
7
1
3
2
1
1
1
1
6
1
1
2
1
1
32
6
1
8
30
91
1
13
1
1
1
2
3
2
2
1
8
1
6
1
7
32
1
1
1
1
1
99
1
1
1
1
26
1
6
2
3
1
1
1
1
2
4
1
9
1
2
1
1
1
10
1
1
161
2
1
3
1
1
1
1
3
1
7
1
1
1
2
1
1
1
1
1
1
28
3
1
1
5
3
1
1
2
1
1
2
6
1
1
6
170
12
1
1
2
2
4
1
10
3
3
1
1
16
1
6
1
1
1
5
1
193
212
1
1
2
129
3
1
1
35
2
2
2
1
3
1
6
1
1
19
1
2
7
1
3
1
1
3
1
1
5
1
1
3
1
1
13
3
1
15
1
1
1
1
2
15
1
7
1
1
1
2
2
2
2
1
1
1
1
1
1
6
24
1
30
2
1
4
1
41
2
1
10
16
1
144
1
1
2
1
1
1
1
1
1
1
1
1
6
1
1
1
2
2
1
6
22
98
15
2
1
1
1
1
1
1
1
1
1
1
1
2
2
35
1
1
1
16
3
1
1
1
1
1
3
8
2
53
2
1
1
526
11
2
28
1
1
3
1
1
1
44
57
8
2
2
1
1
1
4
38
1
1
2
1
3
9
1
1
1
1
1
5
3
1
16
1
1
1
2
24
50
2
1
30
42
1
4
1
1
8
1
2
1
1
9
1
3
2
1
6
1
1
1
2
3
2
1
4
297
1
1
1
1
3
3
1
2
9
1
1
8
2
1
14
2
1
1
2
2
4
11
1
1
1
2
1
1
4
63
2
1
1
1
1
1
1
1
2
21
1
1
27
4
90
1
1
1
3
1
1
91
1
2
1
1
116
1
2
1
1
3
1
2
1
2
2
1
1
1
12
1
7
4
1
1
1
1
1
1
80
6
1
2
269
1
122
5
5
2
1
1
4
2
7
2
1
1
1
5
1
2
1
428
23
2
1
1
1
1
17
1
2
2
2
3
3
26
1
1
1
1
1
1
5
1
5
3
1
1
37
18
11
1
3
2
1
1
1
2
1
1
1
1
1
1
1
1
3
1
1
1
1
1
1
16
4
3
7
2
1
3
1
2
4
1
6
3
1
1
1
1
3
1
1
10
2
1
11
2
1
1
20
1
1
2
1
1
2
1
75
1
1
1
1
10
15
2
104
1
2
1
3
3
5
32
1
1
2
1
1
2
5
1
21
1
1
2
5
3
1
3
11
1
1
1
1
1
1
2
1
100
3
2
356
6
1
1
1
1
1
2
1
1
1
65
1
1
21
1
1
9
1
1
4
5
1
3
25
49
4
1
4
3
1
2
2
5
1
1
2
6
1
1
1
1
3
1
7
1
3
1
16
2
14
1
1
2
19
2
1
1
1
1
7
1
2
2
531
1
1
8
4
3
1
30
1
24
3
1
1
2
4
1
1
1
13
1
1
2
2
1
100
1
1
2
3
2
4
1
2
1
1
2
18
183
1
4
12
1
1
1
1
6
59
168
3
4
6
1
3
69
1
3
2
1
1
1
1
1
1
2
1
6
2
1
1
36
3
14
4
1
6
1
1
1
1
1
1
1
3
2
6
4
1
25
1
4
1
1
1
65
17
1
3
1
1
6
1
2
1
5
1
22
2
1
1
1
2
1
18
27
1
1
2
1
1
28
2
3
42
2
1
1
1
3
1
1
1
1
1
1
2
1
1
2
5
1
13
1
2
1
1
7
35
1
1
1
4
10
1
2
32
5
1
1
2
1
1
2
1
1
2
1
1
1
1
3
1
1
1
30
2
1
2
1
1
6
1
2
12
2
1
1
1
7
41
2
2
1
1
1
2
3
24
2
1
6
1
1
2
1
2
1
1
1
2
1
1
2
1
1
1
1
7
1
6
1
1
1
2
1
1
1
175
2
1
1
1
894
2
1
1
1
1
1
1
4
7
3
1
26
2
8
32
3
4
7
1
3
6
1
1
17
1
1
1
1
21
1
2
9
5
140
1
4
9
1
3
3
1
1
3
6
1
40
1
16
1
1
30
1
1
1
1
2
2
1
10
1
1
2
1
1
4
1
64
1
5
1
1
15
3
7
25
1
1
1
2
1
1
1
4
2
2
2
1
74
1
9
2
1
4
10
1
6
3
1
9
3
9
2
3
18
1
1
1
4
15
3
5
23
1
3
1
33
10
1
1
2
2
1
1
1
1
1
1
1
1
1
1
19
1
1
10
1
1
1
32
1
1
83
21
1
27
2
2
33
1
1
14
1
1
1
1
1
1
18
5
1
9
168
2
1
2
194
6
14
2
8
7
3
1
159
8
2
2
2
1
1
1
3
1
2
3
2
1
6
1
1
2
1
1
1
1
1
2
1
2
2
1
1
1
1
6
2
11
1
7
1
1
1
1
1
1
1
1
1
1
1
6
1
12
10
13
59
62
1
1
3
13
392
6
1
4
1
1
2
1
1
1
228
1
1
1
1
1
2
7
5
3
1
1
4
2
3
3
2
2
14
30
1
12
1
15
41
1
2
1
32
3
3
15
1
1
1
1
1
2
1
1
81
1
1
2
1
17
2
1
3
1
49
2
1
11
34
1
1
1
6
200
13
2
1
1
2
1
310
1
2
1
1
1
1
1
2
1
2
1
14
77
1
2
1
1
36
2
1
1
3
24
1
1
1
1
2
1
27
2
1
1
1
7
8
1
11
3
1
2
6
2
19
1
2
1
1
7
2
6
4
1
3
1
1
4
8
6
2
1
1
2
3
2
2
9
82
2
1
2
1
1
1
1
1
1
1
3
48
1
2
1
1
2
4
2
2
2
1
3
4
1
1
1
1
1
1
3
1
1
3
1
3
1
1
2
4
2
1
1
10
1
1
1
3
2
1
1
1
1
3
1
2
1
1
1
1
2
1
7
2
1
2
2
1
1
1
1
4
1
2
2
1
1
1
46
1
7
108
1
1
1
1
2
113
1
1
7
1
5
12
1
28
1
1
1
7
1
57
3
17
1
1
1
2
1
6
2
1
1
1
1
2
6
1
1
5
3
1
3
1
1
3
4
2
50
3
3
5
3
1
5
1
1
3
1
1
1
1
1
2
3
3
1
20
1
1
1
1
7
8
1
51
2
1
1
3
3
1
2
4
1
1
1
1
1
1
2
8
1
35
1
1
6
1
16
4
11
2
1
1
1
1
1
1
1
1
1
3
62
1
3
1
2
1
281
34
1
8
4
1
1
1
9
1
1
1
2
2
1
1
1
30
1
1
4
1
4
5
1
1
4
6
2
1
3
7
2
4
1
2
1
2
1
11
5
12
1
1
1
4
1
1
1
1
1
1
50
43
2
1
1
3
1
1
1
1
1
1
1
1
1
2
1
2
1
12
2
21
1
1
1
2
1
1
2
5
10
13
186
1
3
1
1
4
1
1
1
47
6
1
9
2
43
7
1
2
1
2
4
1
1
2
1
1
2
1
1
2
19
1
2
3
1
3
1
1
28
10
2
6
1
1
1
1
1
21
61
2
1
1
5
1
52
284
25
1
1
2
1
2
1
1
1
102
1
1
1
1
1
3
183
1
1
22
1
1
3
6
1
7
194
1
1
2
1
1
1
6
12
1
1
2
1
3
2
2
1
4
1
1
1
1
24
1
1
3
2
1
1
2
1
1
7
1
6
101
1
1
4
2
3
1
3
1
1
3
2
1
3
1
1
5
2
1
1
59
32
3
1
2
4
2
1
1
1
1
39
127
6
1
4
30
1
1
1
1
1
2
1
1
4
1
10
22
10
7
95
2
1
1
10
1
3
1
7
1
74
1
6
1
4
1
1
1
1
1
3
10
3
4
1
1
1
5
5
2
65
1
2
6
1
1
1
10
1
1
2
1
5
2
1
23
1
1
1
52
1
2
1
1
1
2
21
3
1
1
1
1
1
9
2
1
22
3
1
7
8
2
2
7
116
1
2
4
1
1
1
1
5
71
8
1
1
1
1
1
2
1
5
1
3
2
2
1
1
1
1
1
1
1
1
1
3
218
1
3
1
1
1
2
1
1
1
1
5
1
2
2
19
1
87
1
1
24
1
1384
1
54
3
1
2
1
10
3
1
1
1
27
25
4
1
2
1
1
1
2
1
3
3
2
3
1
1
2
1
1
1
3
2
18
5
1
1
3
2
1
1
5
1
3
5
1
2
3
1
1
1
13
1
4
1
2
1
2
2
5
1
2
1
1
1
2
1
1
4
8
1
35
1
4
5
1
1
2
20
164
85
1
1
1
1
35
1
2
3
2
6
1
1
10
1
1
1
46
1
4
1
1
1
1
1
1
1
14
12
1
7
1
1
8
1
4
1
1
50
1
1
1
1
1
2
1
4
2
2
63
1
20
191
357
7
6
1
7
1
2
1
3
1
1
20
1
25
1
2
2
6
3
1
41
10
4
1
1
1
2
2
45
1
3
1
1
8
1
42
9
1
2
2
10
1
2
110
2
536
11
1
1
1
1
2
1
3
3
1
1
1
1
30
1
1
1
17
1
1
6
5
1
1
2
5
1
1
2
3
1
1
3
1
4
163
1
1
3
1
4
1
1
34
1
53
2
4
1
1
1
1
2
1
1
1
1
1
3
2
1
1
1
2
1
1
2
1
1
2
1
2
1
2
4
5
1
8
1
1
1
10
1
166
13
1
2
1
10
1
3
1
2
1
16
1
52
447
1
2
1
3
2
1
10
2
5
26
1
2
6
1
18
4
1
1
22
1
1
2
4
1
1
1
1
2
2
1
22
1
80
1
14
2
1
1
1
5
1
1
1
44
1
8
1
1
3
1
2
3
4
2
2
2
2
1
14
1
1
1
1
5
1
1
1
1
374
79
2
2
6
4
1
1
3
2
4
27
8
1
2
3
1
1
6
1
6
1
1
5
2
1
20
1
2
1
1
9
12
1
3
144
1
12
2
2
10
1
1
1
1
1
5
1
3
289
2
4
1
2
2
1
2
1
1
1
3
1
1
1
1
1
2
2
1
201
1
31
1
1
1
8
1
2
66
1
1
1
1
1
1
6
1
2
24
1
167
1
1
5
6
3
1
1
1
1
1
1
2
31
1
2
8
37
2
5
1
386
1
5
24
1
2
1
2
1
14
1
60
5
2
1
1
21
3
2
1
1
1
1
1
13
1
4
1
1
3
70
7
1
3
1
2
1
1
15
1
1
1
9
1
1
1
1
4
1
1
1
11
1
2
33
1
26
1
2
1
1
3
141
1
12
1
1
1
1
4
11
1
50
13
1
1
1
4
40
2
17
1
1
1
1
2
1
3
1
6
2
1
1
29
1
1
3
152
1
1
1
2
2
28
3
1
1
3
2
1
1
91
2
1
1
1
1
3
1
1
2
1
1
3
2
1
1
4
1
1
1
13
121
1
1
6
1
1
2
1
1
5
9
516
1
1
1
10
5
37
1
1
1
1
1
4
1
1
6
2
1
1
1
7
243
71
6
1
6
3
1
12
15
2
1
2
1
1
1
1
1
3
125
3
1
1
1
1
2
1
3
1
1
1
2
1
2
8
1
1
17
1
1
1
4
24
1
18
1
2
1
1
60
1
15
1
1
66
1
1
14
1
10
9
1
1
5
1
1
1
1
4
1
1
2
1
1
1
1
52
1
15
1
4
1
1
61
120
2
23
1
1
1
3
1
1
1
1
14
4
1
1
1
1
1
10
1
1
2
8
2
4
1
5
1
1
2
9
149
5
1
2
183
34
10
7
1
1
2
4
2
12
1
1
6
1
3
1
1
1
229
10
2
1
1
6
1
1
4
19
8
7
1
11
2
1
1
41
2
12
1
1
1
1
6
11
30
16
2
28
22
5
1
1
1
7
1
4
14
1
2
4
1
12
15
1
1
3
9
1
1
1
1
2
44
11
1
2
1
1
1
3
1
1
39
69
1
1
2
1
1
1
1
1
1
1
2
1
2
1
4
1
1
12
1
4
1
1
20
3
1
5
2
46
1
1
2
118
1
1
1
6
1
1
5
1
1
4
1
5
27
17
1
1
1
1
1
2
82
1
2
1
24
5
1
2
3
1
2
3
19
1
1
1
1
1
2
11
1
1
1
1
1
2
1
1
1
1
1
8
46
2
322
9
14
1
1
1
1
71
5
6
1
19
1
2
4
1
1
15
1
32
1
1
3
1
177
1
3
1
1
4
1
6
1
1
1
1
8
1
4
1
4
1
5
1
1
4
33
4
1
1
1
2
1
1
3
752
1
1
1
8
5
1
2
18
2
8
1
21
25
1
4
1
1
5
1
7
1
3
1
5
3
1
8
3
1
7
1
1
1
4
1
1
1
17
1
5
1
1
1
281
1
1
3
21
2
2
87
1
6
9
1
1
4
2
42
1
2
1
1
10
5
1
6
2
2
1
122
9
4
1
1
1
2
4
1
1
2
1
1
11
8
1
2
1
3
1
1
1
1
1
1
1
9
27
1
1
20
1
13
1
22
9
1
1
1
11
14
2
6
3
1
1
91
1
49
1
1
18
1
1
1
1
2
2
1
3
1
1
3
4
2
2
1
1
5
1
2
2
1
6
4
1
1
4
2
1
1
1
2
4
2
30
1
8
1
1
1
1
18
1
3
35
5
4
1
2
1
1
1
35
1
1
1
1
25
1
1
50
1
28
1
1
1
1
1
5
2
3
1
1
1
12
2
97
1
25
1
9
1
1
2
233
64
1
7
3
1
1
1
9
3
1
1
1
1
1
1
3
1
1
2
1
1
5
1
1
2
1
5
18
38
1
32
1
1
1
1
1
1
1
37
1
1
1
3
1
1
2
3
1
14
1
4
1
1
1
1
2
11
1
1
1
1
1
1
2
1
2
2
1
1
1
1
10
1
1
16
2
1
3
1
1
2
1
5
1
23
4
12
1
2
3
1
5
1
34
11
1
1
1
1
1
1
1
9
1
6
1
1
1
4
5
1
37
1
1
1
1
1
1
1
1
23
2
1
13
1
5
2
37
1
1
1
2
1
1
1
2
2
1
29
1
1
1
1
2
2
26
1
1
21
47
1
2
1
3
2
1
1
1
1
2
3
1
1
1
1
1
1
1
2
1
53
23
2
1
5
1
6
1
1
81
2
11
19
28
3
7
1
2
1
1
13
1
47
1
1
1
3
7
1
3
1
1
6
1
1
34
29
1
2
16
1
3
7
1
1
1
1
1
1
4
31
10
6
1
3
1
4
1
4
1
1
2
1
1
1
1
2
1
7
3
1
1
1
10
8
27
15
1
2
4
2
14
1
9
1
1
2
3
2
1
7
4
1
2
10
2
1
1
13
1
1
1
11
16
1
20
1
1
7
5
2
1
1
2
2
4
1
3
5
2
1
4
6
5
14
1
1
2
1
3
4
1
37
2
1
7
1
1
10
42
1
1
1
4
1
1
7
1
1
1
2
1
8
140
171
2
1
1
1
2
1
2
13
2
1
1
8
1
23
1
1
1
1
1
3
1
3
1
12
147
1
1
1
1
3
1
15
1
1
1
1
1
1
2
1
1
1
1
9
2
1
1
1
5
1
2
2
15
1
1
4
21
1
1
1
1
1
3
1
1
2
15
8
1
4
1
1
1
1
19
1
2
1
5
1
1
1
2
9
8
5
1
9
3
1
1
1
1
1
1
1
1
1
35
3
1
1
1
94
1
2
1
2
1
6
9
8
12
35
2
7
2
1
10
1
87
1
1
2
18
1
1
3
1
2
7
3
1
1
1
58
1
216
1
127
1
1
124
4
1
1
1
1
1
2
3
3
1
1
2
2
1
9
30
3
1
1
1
86
2
1
2
1
1
3
1
1
1
54
1
1
1
9
6
1
1
1
1
10
2
1
6
1
1
4
1
1
1
1
1
1
1
1
1
1
1
3
2
3
4
1
3
1
1
2
1
1
13
1
11
1
1
2
2
2
21
1
1
1
4
3
3
1
1
1
5
1
1
1
1
3
1
1
4
2
2
1
1
2
1
1
1
1
1
3
1
3
40
1
2
2
5
2
1
3
1
2
1
1
1
1
1
1
1
10
1
360
1
1
2
4
1
3
6
1
1
1
2
2
3
66
1
5
1
5
9
1
3
6
4
4
2
8
19
1
1
3
3
2
12
1
4
1
1
148
2
1
1
10
4
1
1
1
5
4
1
1
1
18
1
32
1
11
1
3
1
4
1
1
10
2
1
1
1
1
1
4
94
1
1
20
1
1
1
1
3
2
1
1
5
10
1
2
70
2
1
1
3
1
1
25
1
4
7
300
2
1
1
4
1
3
1
3
1
1
1
1
6
1
2
1
9
14
1
1
3
24
3
1
11
4
5
1
4
1
1
1
1
4
1
12
1
1
1
2
1
1
3
1
1
1
30
2
6
1
2
1
1
1
1
1
6
1
2
42
2
4
65
1
3
3
1
1
1
2
1
1
4
24
38
1
1
1
7
1
1
1
11
1
2
20
1
9
1
6
2
23
1
3
2
2
1
2
28
1
2
7
61
1
1
8
1
1
2
1
14
1
1
6
1
1
51
3
4
27
1
8
9
1
2
2
1
2
1
1
4
1
1
1
1
1
1
1
2
1
1
1
1
14
1
19
394
468
1
1
1
13
4
1
1
3
1
3
1
2
1
1
1
1
1
1
1
3
1
1
1
1
4
2
1
1
46
1
2
1
2
1
1
1
2
1
17
8
1
1
3
1
1
1
2
1
1
3
1
1
1
1
2
3
1
28
2
1
1
156
2
1
6
2
4
1
24
1
1
1
1
1
6
1
1
1
1
1
12
1
2
1
1
1
11
2
67
2
1
1
1
1
1
2
5
1
1
18
1
1
2
4
2
2
13
1
32
1
8
1
2
1
10
1
1
6
1
1
148
1
11
197
1
1
1
1
16
2
2
1
1
1
3
4
25
1
1
3
7
1
1
6
1
1
1
8
3
20
1
1
3
1
3
1
1
1
1
1
22
1
2
4
2
8
8
9
1
3
3
18
1
1
28
5
1
1
2
1
1
1
1
10
22
7
1
1
1
7
3
1
1
1
5
12
1
1
1
13
1
1
64
1
2
1
1
3
2
1
1
2
1
9
1
1
2
1
5
3
1
1
2
2
1
11
1
1
3
3
1
1
1
56
3
2
1
12
1
1
1
2
1
15
2
4
2
2
1
1
9
9
1
1
1
26
1
12
1
1
17
1
2
3
3
3
1
14
1
7
1
2
55
1
7
1
1
3
1
1
1
5
2
1
6
6
1
1
3
2
7
1
1
1
6
3
2
1
1
1
1
3
7
23
1
16
6
46
1
8
1
1
1
3
1
1
175
3
1
6
1
3
1
1
2
1
2
1
1
1
2
1
1
1
1
1
2
1
3
1
3
1
1
8
9
2
1
1
3
1
1
1
3
36
1
1
1
2
1
1
1
1
1
7
1
12
2
1
7
1
26
1
2
1
1
1
1
1
1
28
1
2
6
1
1
3
7
1
1
1
10
1
1
2
3
1
6
3
1
1
2
1
1
1
1
1
1
1
3
3
40
1
1
1
1
1
2
3
3
2
12
37
1
1
1
1
50
4
1
1
1
1
15
7
1
1
3
9
13
271
3
1
12
5
12
1
1
1
3
1
7
1
24
3
28
2
1
1
1
1
2
3
118
1
1
18
1
2
1
1
9
1
2
2
1
4
36
1
10
20
1
10
7
1
1
1
1
1
21
1
2
7
1
2
1
2
7
2
1
1
1
2
7
1
1
1
1
1
3
1
1
31
2
1
1
1
1
1
2
3
5
1
1
1
1
1
1
4
1
126
1
2
9
1
3
1
4
1
19
1
6
1
1
1
3
1
1
1
1
35
3
2
1
4
1
2
24
1
1
1
1
6
1
3
1
1
1
2
3
2
14
1
29
1
1
2
1
1
1
1
1
1
4
1
9
1
2
1
1
1
1
8
1
1
1
6
1
1
3
1
2
10
23
1
3
2
13
1
28
1
5
1
22
1
12
1
2
1
1
35
22
4
1
2
1
2
1
4
1
1
8
2
40
4
2
2
15
9
1
10
1
1
1
1
1
1
151
11
29
9
1
8
1
8
1
1
1
1
21
6
12
1
1
1
1
1
1
2
1
16
3
1
3
1
1
1
1
3
1
8
28
1
2
1
1
7
1
8
1
1
1
2
1
1
1
3
7
1
9
1
3
1
2
1
1
1
1
1
1
1
18
1
9
4
3
1
1
1
110
1
132
1
3
1
3
2
7
1
21
14
4
12
8
7
1
1
1
4
19
2
1
4
1
1
1
14
118
2
14
3
1
1
3
1
2
1
5
1
3
11
1
11
1
3
1
2
1
1
1
3
1
1
1
2
1
1
3
3
11
1
1
1
1
2
5
1
4
28
3
8
1
1
1
1
1
3
1
1
1
1
1
1
2
10
2
3
2
6
323
1
2
1
32
6
24
1
1
1
4
2
10
1
14
1
39
1
4
2
1
2
1
1
1
2
1
34
3
2
1
1
3
7
1
2
7
1
1
1
1
1
1
23
1
5
7
3
14
1
1
16
40
1
5
1
78
1
1
14
1
1
1
1
19
1
1
5
4
1
1
1
2
1
2
1
1
1
2
2
95
1
1
3
1
1
1
1
1
12
2
2
2
1
1
2
13
4
1
1
49
2
3
1
1
1
3
1
3
