1
14
1
1
5
5
1
41
3
94
20
2
15
1
17
1
1
8
7
3
2
10
95
45
13
208
94
23
5
6
86
5
8
2
27
4
190
6
13
113
168
77
47
8
1
5
1
8
9
1
5
15
20
49
17
1
34
43
3
2
24
10
32
1
15
7
70
4
7
46
4
1
1
2
8
8
19
31
6
6
157
5
2
75
39
6
80
9
3
1
6
2
1
12
2
42
16
10
3
23
66
31
1
2
12
11
4
55
2
4
29
57
8
1
9
12
10
7
11
2
2
8
49
8
3
17
8
9
153
12
64
2
162
1
2
8
58
12
98
82
11
46
2
10
2
194
100
134
1
4
60
2
3
5
18
2
8
2
3
2
48
18
2
17
4
19
26
2
4
14
11
1
64
7
32
34
2
59
6
42
13
37
2
4
8
3
5
35
46
31
1
1
1
1
3
59
3
176
4
30
53
2
50
177
83
13
5
23
2
34
5
3
17
42
102
9
2
16
1
46
1
8
1
6
62
8
36
9
13
72
4
2
53
25
1
38
11
3
2
153
4
3
7
8
30
84
6
28
5
10
81
28
7
48
28
20
59
33
6
11
2
6
88
2
2
9
2
61
9
84
1
6
1
1
26
137
23
19
143
12
1
62
2
2
6
3
3
4
5
15
13
3
5
34
43
2
2
8
5
1
3
3
2
109
33
40
6
9
1
3
8
4
71
96
20
171
6
9
6
16
26
2
5
5
6
29
114
11
16
3
23
2
4
27
7
83
71
92
1
3
21
43
20
1
26
2
8
19
26
2
11
5
3
50
14
8
1
44
106
2
25
16
14
29
5
4
3
102
2
1
53
1
3
1
141
2
1
6
43
9
42
3
2
72
5
7
2
6
73
4
3
18
20
138
21
58
1
8
24
151
78
45
71
5
18
10
4
73
9
2
1
43
1
3
1
75
34
6
56
107
126
97
18
25
3
12
22
4
172
6
1
24
14
52
77
2
12
3
136
5
213
2
2
1
12
3
10
3
7
60
2
17
90
16
19
1
2
187
9
44
11
192
4
52
23
31
48
12
1
5
126
2
8
3
17
2
6
3
92
5
1
1
18
150
17
3
2
26
3
49
90
3
3
110
5
1
5
2
2
125
16
168
1
7
107
1
4
3
28
5
17
4
11
2
8
50
8
6
19
46
3
44
12
14
8
91
3
27
45
14
53
3
2
90
38
9
10
49
20
9
1
3
2
51
9
25
6
2
130
194
15
27
12
98
4
3
2
8
3
1
74
11
41
8
43
1
1
30
23
3
1
10
17
8
6
11
55
47
1
97
2
7
2
3
76
17
2
183
56
38
49
7
176
32
4
49
5
44
1
10
5
40
47
18
8
2
1
1
6
3
78
5
9
81
25
2
2
29
6
2
25
107
22
11
12
10
3
76
2
1
3
73
3
2
142
5
1
11
6
2
1
1
200
48
25
1
33
50
9
12
63
6
2
26
8
2
37
6
4
1
11
61
18
117
3
2
4
18
59
1
7
2
2
253
115
9
11
10
1
5
50
1
10
73
13
5
28
13
18
9
5
1
9
3
1
116
115
4
129
6
30
9
10
5
1
15
3
1
11
1
6
167
1
9
147
35
26
7
18
94
35
4
1
1
7
97
14
48
5
3
15
4
3
25
59
9
1
9
223
5
7
7
22
150
9
10
2
6
16
7
2
1
5
2
2
69
8
165
2
12
1
38
2
44
9
14
14
3
30
1
6
49
1
2
6
4
74
60
3
1
4
51
3
11
8
5
109
12
8
4
9
2
3
36
2
28
69
5
5
2
137
20
2
4
166
3
35
10
2
8
4
2
1
4
15
7
8
22
33
3
52
12
11
23
8
6
2
132
189
2
10
35
12
1
20
12
9
2
2
3
5
16
12
2
7
26
3
81
2
9
46
15
8
51
3
19
7
68
3
77
68
2
2
38
41
10
35
100
7
8
1
9
32
1
34
2
15
1
35
1
15
1
6
4
96
16
4
13
23
7
1
17
47
1
24
25
2
4
24
32
16
21
52
1
30
2
6
16
3
10
43
17
4
11
21
77
12
3
16
20
6
5
2
9
44
18
2
15
1
1
1
161
3
7
2
5
39
4
28
85
28
30
121
10
169
159
71
7
3
3
1
5
109
3
12
31
2
5
6
2
67
1
2
2
55
1
89
178
7
8
2
15
13
17
1
2
17
7
4
1
38
1
5
2
7
18
1
23
141
63
22
2
76
241
13
65
21
109
5
82
8
1
171
67
11
3
79
1
3
20
1
3
13
5
87
35
1
2
3
9
3
1
14
2
12
5
