3
11
79
78
48
188
2
4
7
3
1
4
7
6
3
94
3
9
93
10
8
34
5
3
42
149
51
159
74
4
53
8
44
87
8
25
44
2
9
3
29
36
4
258
4
53
13
7
2
14
63
8
398
4
2
4
3
17
26
2
2
3
152
12
177
8
57
2
117
150
4
9
6
23
2
46
216
2
47
4
10
4
2
17
196
85
15
3
13
1
65
2
10
11
7
29
1
1
6
4
7
3
25
3
14
7
1
1
3
29
4
6
7
5
2
47
1
18
9
30
30
15
8
89
51
5
137
2
4
3
2
12
22
10
46
6
35
1
2
3
22
1
9
9
25
4
1
6
2
3
28
8
19
6
196
1
8
45
3
11
2
4
198
1
57
1
12
41
2
11
59
17
1
3
1
8
11
50
28
2
3
7
1
2
1
5
17
36
4
2
54
28
1
99
3
12
14
14
2
1
16
131
4
6
9
16
3
125
33
7
60
85
35
11
4
195
1
3
32
12
11
2
4
1
25
15
18
11
2
15
13
16
3
5
8
39
19
13
181
1
63
13
16
11
1
21
2
286
24
10
2
1
1
2
17
8
10
57
75
2
2
4
4
6
3
3
2
9
2
2
15
9
4
14
22
35
6
24
4
1
4
21
10
1
110
2
15
10
63
2
6
22
7
7
2
40
9
25
248
2
3
113
3
69
184
30
9
20
11
32
10
31
3
61
2
13
6
4
4
6
2
1
52
2
2
118
108
2
41
2
7
1
4
173
2
2
1
4
11
16
57
37
19
2
17
11
2
