2
4
4
1
2
2
2
1
5
3
4
3
1
1
5
2
1
1
20
2
11
2
2
2
1
1
6
1
1
11
1
1
3
1
6
2
1
3
6
3
10
3
1
2
2
2
3
4
6
3
2
3
3
6
1
1
1
1
9
1
2
1
2
3
1
10
1
1
1
2
7
1
3
2
2
1
1
1
1
2
1
3
2
5
1
1
1
1
4
1
3
3
2
4
1
1
1
8
2
2
2
2
2
4
3
7
1
1
1
7
4
1
4
2
2
8
6
3
1
2
2
1
3
2
1
1
1
10
2
2
2
4
1
2
10
8
12
4
3
1
1
2
2
1
1
3
1
2
3
3
1
2
3
3
8
1
2
1
1
1
3
3
7
2
1
2
14
1
4
2
1
5
3
1
12
6
1
1
2
4
1
4
1
4
4
2
2
3
1
4
2
3
1
1
3
3
1
6
3
1
2
1
1
1
2
4
3
11
1
3
2
1
4
2
2
3
2
3
2
1
1
2
5
1
1
1
3
1
1
1
2
3
1
2
2
2
1
4
2
7
1
1
1
2
4
4
1
1
1
2
1
3
4
1
13
2
2
8
1
1
2
3
2
3
1
6
2
10
15
1
1
3
1
2
5
7
2
1
2
2
1
3
3
3
1
1
1
1
5
2
1
1
1
3
2
7
1
2
2
2
17
2
2
1
7
3
2
2
1
1
3
4
1
2
1
4
2
1
7
1
4
1
1
17
1
2
1
1
3
1
4
3
6
4
2
1
3
3
1
7
1
1
6
1
3
3
4
4
6
1
11
3
1
3
1
2
1
1
4
25
1
2
2
1
1
1
2
1
1
11
3
2
1
2
2
5
1
7
1
9
2
7
4
7
1
1
1
3
1
1
2
9
1
1
2
1
4
2
3
18
1
2
1
2
1
1
3
3
2
4
3
5
1
3
1
1
1
1
4
1
2
3
1
1
1
1
2
1
1
1
1
2
3
2
3
6
1
1
1
2
5
8
3
10
1
1
1
1
5
1
3
2
2
2
2
1
1
3
1
1
1
5
1
2
1
2
1
1
2
1
6
2
1
1
4
1
11
4
2
1
4
2
1
1
1
1
6
2
2
1
5
8
1
4
1
1
2
1
8
4
3
1
1
1
2
1
1
1
2
1
2
6
1
1
1
2
1
1
1
2
5
3
2
2
3
1
1
1
1
1
2
16
1
4
1
1
2
1
1
2
2
4
6
4
1
6
1
1
2
1
1
3
1
1
2
2
17
1
1
4
1
2
7
17
7
3
3
1
1
1
2
3
3
2
2
4
4
1
1
2
4
2
2
2
3
10
1
2
1
1
5
1
1
3
6
2
1
8
2
2
1
1
2
2
1
1
1
7
2
1
1
1
1
2
1
3
4
1
3
3
1
1
6
1
1
1
1
6
3
4
1
1
1
5
1
3
4
3
1
2
1
11
1
7
2
1
1
3
4
1
7
15
3
5
3
1
2
2
1
3
1
2
2
6
2
2
3
4
1
2
3
1
1
1
1
1
2
1
1
2
1
3
8
1
1
1
2
8
2
1
1
1
2
2
1
13
4
2
2
2
1
1
1
1
2
1
1
1
3
4
3
1
1
1
2
6
1
1
2
3
1
2
5
1
4
8
1
6
2
1
4
9
1
1
3
3
10
2
1
2
1
3
3
4
12
2
2
1
2
1
1
1
7
4
2
1
2
5
8
1
3
2
1
3
4
9
1
4
1
1
2
1
1
1
3
5
5
1
1
4
2
10
1
1
1
3
3
2
1
3
3
4
3
2
2
1
2
1
1
1
1
2
1
2
5
2
5
1
1
2
2
4
3
3
1
1
6
1
1
1
1
1
7
4
4
1
3
3
1
9
1
1
7
1
2
1
1
6
1
3
1
1
2
15
1
4
3
2
1
1
5
5
1
4
3
1
1
1
12
3
5
2
1
2
2
2
2
1
1
1
2
11
1
3
2
1
2
1
3
4
3
1
2
2
6
2
1
2
4
3
1
1
2
1
1
1
6
4
2
1
2
1
3
2
1
2
3
1
4
2
2
3
2
1
10
4
1
2
1
1
2
1
4
1
5
2
1
9
1
6
5
1
1
1
1
1
2
4
3
1
1
6
1
3
12
4
3
1
1
2
4
3
1
8
2
12
1
6
1
1
1
1
4
5
1
1
1
1
2
1
1
4
1
2
3
1
5
1
1
4
1
1
1
4
11
1
1
2
3
1
1
1
1
1
2
7
4
2
4
2
1
1
1
7
2
2
1
1
1
12
4
2
3
