1
1
1
1
1
1
1
1
1
1
1
1
1
1
2
6
3
1
17
4
1
1
1
1
1
1
2
1
1
1
2
1
1
1
1
2
6
1
1
1
2
1
2
2
1
13
1
1
1
1
1
1
1
1
1
1
5
7
1
8
1
4
1
2
2
8
3
5
4
2
2
1
3
7
5
15
38
2
1
1
5
1
1
1
2
1
14
1
1
1
8
12
3
1
3
3
1
2
1
1
2
1
1
6
1
1
1
1
9
1
1
7
7
1
1
1
4
66
5
2
3
1
1
2
1
2
12
5
7
6
12
2
3
1
1
1
6
1
29
1
181
16
13
1
2
1
1
10
4
2
7
2
1
1
1
1
1
1
2
1
3
1
1
1
92
27
33
5
3
1
1
17
52
2
42
6
7
1
38
232
6
23
8
1
1
10
4
1
1
5
1
3
1
1
1
5
2
1
9
89
1
11
2
29
1
11
1
1
1
6
2
18
4
1
6
1
20
1
3
6
1
3
144
1
46
1
2
10
3
2
8
4
1
7
10
1
1
1
2
1
1
1
1
1
3
2
2
2
1
1
1
1
5
1
1
1
3
1
1
6
1
1
1
1
1
2
1
1
2
1
3
2
1
1
1
1
3
2
1
4
1
1
26
1
1
1
2
1
1
29
11
3
1
2
1
1
1
1
6
2
1
1
1
1
1
1
1
1
5
2
1
3
29
2
18
1
1
1
3
1
3
304
1
1
2
3
1
1
1
4
1
1
3
34
10
1
1
1
1
2
3
2
6
2
3
1
2
1
1
1
2
1
3
3
1
1
1
1
2
1
6
1
1
2
1
1
2
9
1
1
1
1
6
8
1
2
1
1
13
12
3
3
3
1
1
4
2
2
1
2
4
1
7
2
1
4
4
1
1
4
2
3
5
1
1
14
1
3
228
1
1
4
1
1
4
3
99
13
27
1
3
4
3
1
3
3
1
1
1
1
1
1
1
1
1
1
8
1
1
2
1
1
1
1
2
1
1
1
1
1
2
1
1
1
1
1
2
2
2
1
1
19
1
1
6
3
1
2
1
1
1
1
1
2
2
1
3
1
1
47
1
4
1
1
8
1
6
1
2
2
27
2
48
12
1
1
3
4
5
1
3
6
1
6
8
8
1
3
1
7
1
1
1
4
13
1
1
1
1
3
8
14
1
1
5
2
10
1
1
1
1
1
2
1
1
1
2
1
1
1
3
21
4
1
1
1
20
2
12
1
1
3
1
1
1
1
9
1
1
3
1
9
5
1
6
111
17
1
5
1
5
1
1
1
1
2
1
1
1
28
131
44
307
94
5
21
11
1
35
33
2
6
7
42
2
14
1
1
1
1
1
10
2
1
1
31
4
10
1
1
2
3
3
74
1
89
2
291
71
214
585
21
7
10
115
1
20
1
3
7
2
1
412
4
1
2
7
1
3
3
1
50
15
16
1
2
3
1
8
510
85
3
3
1
324
1
29
1
2
66
409
47
8
1
5
1
75
84
70
9
2
28
3
347
19
8
118
2
53
7
68
1
1
1
6
1
1
12
5
1
1
4
1
1
1
1
14
75
3
1
8
1
1
1
1
2
3
26
1
1
1
1
1
1
1
4
2
1
1
2
1
1
2
2
2
6
17
3
1
2
2
3
1
1
2
1
2
1
21
1
1
1
3
9
10
2
1
1
1
32
1
1
1
2
8
7
1
2
1
1
10
1
2
1
1
1
2
1
3
3
2
3
2
3
2
2
5
1
1
1
4
1
4
3
36
16
4
3
171
21
1
1
1
2
1
1
31
1
1
2
1
8
4
2
1
11
1
23
4
2
1
16
2
2
1
4
1
1
1
1
2
2
11
2
10
63
32
2
2
19
30
1
1
1
2
1
12
1
60
2
2
2
2
39
1
1
3
3
11
1
2
29
2
1
1
3
1
1
2
2
1
3
1
10
2
1
1
4
1
1
1
2
4
1
1
3
2
2
7
26
2
1
3
1
1
2
1
1
18
1
1
3
3
1
1
5
1
1
1
26
115
162
1
9
1
5
1
1
1
4
3
6
1
5
1
1
1
1
1
2
1
1
1
3
21
3
1
4
13
2
1
1
1
1
4
1
1
1
3
7
71
1
3
1
1
2
7
1
1
1
55
1
3
2
7
1
1
1
1
1
4
1
3
1
1
1
4
3
8
74
1
1
1
1
1
3
1
2
1
1
1
1
1
2
1
1
1
1
1
1
1
1
1
1
1
1
1
1
1
1
1
1
1
1
1
1
2
6
1
1
1
1
1
1
1
1
1
1
1
1
1
5
26
5
12
3
1
2
1
7
5
3
3
2
1
1
1
3
1
1
1
10
1
1
1
4
26
4
1
1
1
1
1
2
1
2
57
2
31
2
3
2
1
1
21
1
1
2
2
10
1
3
1
92
30
3
1
2
2
1
3
1
1
17
1
1
1
2
1
8
1
2
1
1
1
4
10
8
1
1
1
1
1
1
1
2
1
1
1
1
1
11
1
1
2
1
1
8
1
13
1
1
1
1
2
1
5
1
1
2
8
1
1
1
4
11
1
2
6
2
1
1
1
23
4
1
15
1
14
1
1
1
1
1
1
1
1
2
2
2
1
1
4
5
1
7
2
1
1
1
1
1
1
84
1
1
1
3
1
19
3
3
1
1
4
1
55
1
39
1
1
1
1
1
7
1
1
1
1
6
19
1
1
2
1
1
37
60
1
1
2
1
1
16
1
8
1
2
23
1
2
4
8
1
1
1
7
1
1
1
3
1
3
1
1
1
2
2
2
2
1
6
4
11
2
7
6
148
16
79
3
1
7
1
1
2
1
1
3
1
1
1
1
2
5
1
1
1
1
5
1
20
5
1
1
1
1
1
1
1
2
76
4
1
1
1
1
12
2
65
1
8
36
1
1
1
2
1
1
1
2
1
1
1
1
1
1
1
1
1
1
2
1
2
2
2
1
2
434
2
7
1
1
1
1
1
1
1
1
7
1
1
5
2
2
2
1
1
1
1
1
1
2
1
1
1
1
2
4
1
5
250
3
1
1
1
1
1
1
2
1
2
2
1
1
1
1
2
3
6
1
1
1
112
2
1
1
1
1
1
1
3
2
3
1
2
1
2
1
1
4
2
1
1
3
1
1
2
1
3
1
1
1
1
1
2
1
1
1
4
2
2
3
90
102
1
1
6
14
1
1
2
3
2
3
1
4
2
16
2
1
1
1
7
2
48
3
1
1
1
1
1
145
2
1
4
1
1
8
4
5
1
1
1
2
1
1
2
1
1
1
1
1
8
1
1
1
1
3
209
1
4
1
1
1
1
5
1
1
1
1
1
2
1
1
1
1
2
1
1
6
2
1
10
1
1
1
1
1
1
1
5
1
1
1
29
5
1
2
3
1
1
2
5
2
1
3
2
1
2
1
1
4
2
4
2
2
1
2
1
6
1
10
2
1
1
1
11
1
1
1
2
1
1
8
1
2
1
5
1
3
1
1
1
2
3
1
10
3
1
1
74
1
1
1
1
4
12
1
2
4
1
262
1
1
1
1
4
1
15
4
8
38
12
1
7
1
3
1
1
1
2
2
51
1
4
2
3
1
2
18
8
3
19
1
1
1
10
7
1
2
2
1
2
13
12
6
2
7
5
56
1
20
21
2
1
1
3
4
4
4
2
1
7
26
7
35
18
38
29
7
7
10
2
3
2
5
17
4
8
1
3
3
2
1
8
2
2
2
50
2
1
5
13
10
1
1
3
1
1
63
2
1
5
22
1
1
1
25
43
20
1
3
2
3
1
2
2
1
1
1
8
3
8
1
1
1
2
1
6
1
1
25
1
37
1
3
1
11
1
1
1
1
6
2
5
1
83
15
1
1
4
1
52
2
23
2
3
1
2
9
57
1
12
1
6
5
1
2
1
14
39
2
41
39
4
1
6
1
5
34
1
57
115
1
1
1
18
1
1
7
1
4
4
5
17
1
1
1
2
1
3
38
16
6
1
2
1
14
1
1
2
3
62
1
2
1
1
4
1
2
1
1
1
1
1
2
1
1
1
1
1
33
2
57
37
98
1
30
4
1
1
1
9
9
1
3
3
11
8
8
12
1
12
2
2
5
2
1
1
1
21
9
40
1
2
4
4
1
2
1
2
1
2
49
1
20
4
73
1
6
32
1
5
1
6
1
1
2
8
21
134
8
6
6
20
3
2
3
3
1
5
5
1
1
1
2
3
3
1
116
1
1
2
3
7
2
38
7
35
71
3
1
2
118
1
27
1
1
3
2
24
1
9
4
2
4
33
1
3
1
14
2
15
1
11
7
3
26
37
22
7
1
36
2
1
4
3
4
1
1
11
1
3
1
1
4
1
2
2
1
7
1
1
7
21
1
9
11
1
1
1
2
2
1
1
3
1
65
20
2
12
2
1
1
1
1
1
1
1
1
4
1
1
10
8
1
2
31
1
1
2
1
6
1
7
111
4
1
50
2
4
4
7
34
3
53
92
1
1
9
6
1
2
1
4
2
1
2
1
1
1
1
1
1
4
14
1
2
4
2
9
1
8
4
3
3
6
7
9
1
18
2
1
2
2
1
1
2
1
1
8
358
10
4
310
1
4
1
319
16
7
8
1
1
109
4
1
2
2
4
1
1
2
4
5
9
2
1
1
1
1
1
1
1
1
1
4
1
3
1
1
1
28
3
53
2
4
3
1
12
3
2
1
1
7
1
2
64
2
370
1
2
4
1
3
3
11
15
1
4
3
15
3
2
1
1
1
11
3
1
1
1
1
1
1
1
3
1
4
1
1
19
38
4
1
9
8
19
67
2
12
5
40
53
25
83
11
1
1
1
3
1
1
1
2
1
1
13
2
1
2
10
6
1
6
3
2
18
5
3
1
2
40
1
6
1
89
2
1
1
10
2
1
1
1
1
4
18
1
1
22
1
2
7
1
2
3
3
1
1
2
1
9
1
21
38
36
1
1
1
2
1
1
70
7
3
1
1
119
1
2
327
11
3
1
1
2
2
1
1
2
2
1
1
13
1
1
1
2
1
1
1
5
2
5
7
4
6
3
1
1
2
14
3
1
2
8
40
13
44
66
136
1
6
1
1
1
1
1
1
1
1
3
12
5
2
1
1
1
1
5
1
2
4
12
1
1
10
1
1
174
1
1
1
1
2
11
1
10
7
63
17
1
11
5
143
2
1
16
1
1
38
2
10
1
1
3
3
6
1
13
1
1
2
1
56
1
1
4
11
3
1
2
2
4
5
38
3
10
1
8
12
1
2
2
1
255
6
2
13
31
1
1
5
4
1
1
3
2
28
2
9
1
1
1
1
1
1
6
3
11
1
1
1
1
13
2
1
2
1
1
1
6
22
9
1
1
1
21
3
1
1
14
1
17
3
10
1
1
1
2
1
1
1
1
173
3
1
1
1
5
1
1
1
18
6
1
20
1
1
1
4
41
1
1
7
62
1
1
1
5
2
1
9
9
9
2
5
1
1
8
1
38
6
1
2
5
2
6
3
7
7
1
1
2
1
4
8
6
44
1
1
1
1
1
1
4
1
10
4
1
6
5
1
3
1
16
3
3
1
2
33
5
24
7
1
9
1
51
1
1
52
5
30
1
3
1
1
2
2
1
8
1
1
50
61
3
2
3
2
11
2
1
1
1
1
1
33
3
3
1
23
1
1
2
5
1
1
1
16
1
1
1
34
1
5
3
2
2
1
1
1
1
1
3
1
1
1
1
1
1
1
3
1
1
12
12
2
7
2
11
4
5
5
4
4
1
14
1
1
11
27
11
17
4
1
95
2
3
1
37
61
5
1
2
1
2
544
1
1
29
2
50
1
1
2
3
2
1
1
1
3
3
11
1
1
1
1
1
1
2
1
1
8
13
4
3
18
144
1
3
4
1
1
1
1
1
3
1
11
29
1
1
137
2
31
7
6
2
11
21
26
62
2
1
1
1
1
34
27
1
1
3
1
10
4
5
1
1
1
4
3
2
6
1
1
2
1
16
1
4
2
7
1
58
1
1
2
1
1
22
1
6
2
1
4
3
1
1
3
1
18
3
81
1
8
1
2
1
1
1
1
8
4
19
7
1
22
1
24
357
10
7
29
1
4
1
3
1
2
14
11
3
1
1
1
1
5
1
6
1
7
3
8
1
6
5
1
6
15
355
1
293
1
8
449
1
38
1
1
3
3
29
2
5
1
60
11
1
1
68
69
105
2
9
10
14
2
4
1
1
1
3
4
55
14
2
1
6
14
21
1
1
35
95
1
4
10
4
3
559
71
1
4
2
2
1
13
3
1
1
6
2
4
2
1
3
1
1
1
2
1
1
2
3
1
8
1
1
11
2
3
9
41
1
1
2
1
6
1
2
92
1
4
1
1
1
223
39
77
6
1
1
1
1
20
4
24
1
1
22
2
7
1
7
3
1
3
9
1
1
17
3
1
1
1
1
4
15
24
6
7
11
27
8
1
1
1
11
9
1
1
1
1
1
23
22
1
1
1
5
18
1
2
1
1
1
13
59
1
1
1
1
6
12
31
1
1
2
2
1
1
10
18
35
2
1
1
5
1
341
1
3
10
7
1
3
2
71
214
1
14
51
2
1
1
3
1
1
3
1
1
3
4
3
2
6
2
41
6
1
15
2
82
17
123
1
1
1
41
1
1
9
31
179
403
1
1
2
1
1
1
18
2
5
5
1
1
507
1
2
9
1
61
295
1
1
1
16
1
1
1
1
8
2
1
2
3
1
1
1
53
1
278
4
1
1
13
1
1
2
1
1
2
1
2
1
1
1
6
1
1
1
1
1
1
40
134
1
2
1
1
1
3
3
1
326
1
1
1
2
1
85
14
4
2
1
2
7
2
1
1
1
1
3
1
366
1
1
2
2
1
21
27
19
39
25
1
1
3
39
2
6
73
1
2
16
2
4
3
1
4
1
1
1
1
1
1
2
1
1
3
2
27
2
1
1
1
7
1
3
1
1
1
1
1
1
159
3
1
1
1
1
5
33
69
1
1
2
1
1
41
2
1
1
1
1
1
1
1
1
4
30
10
6
1
1
1
1
1
28
1
1
2
1
1
1
1
1
1
1
1
1
1
1
1
1
3
1
1
1
11
1
33
1
55
2
1
11
5
10
1
1
1
1
2
1
1
1
1
26
2
41
21
2
1
2
6
3
1
1
170
9
13
1
17
453
23
1
1
1
2
50
5
4
3
155
8
1
1
9
1
1
57
1
6
1
2
1
1
273
2
38
51
1
2
1
2
93
32
70
223
55
204
3
8
161
1
182
3
1
435
64
15
6
167
8
4
1
63
13
21
1
1
1
1
1
11
1
3
1
1
3
5
1
6
48
215
9
1
1
1
1
10
1
3
1
1
2
1
3
1
3
2
53
8
1
5
1
1
19
2
1
2
2
1
7
7
1
1
4
1
1
4
5
3
2
1
2
2
1
5
13
10
2
1
3
1
5
5
1
34
9
1
2
4
96
238
71
4
3
3
2
1
262
401
7
5
2
13
4
67
212
1
1
107
10
4
5
22
34
3
1
4
4
3
202
5
1
14
1
1
24
1
1
8
9
1
4
77
1
1
27
1
1
1
1
1
15
1
11
1
1
1
2
6
4
32
1
1
5
1
203
1
1
58
126
124
1
3
1
2
1
1
1
1
25
2
41
46
331
1
1
1
2
3
1
157
1
3
2
1
1
2
3
1
4
1
1
1
1
7
301
40
3
27
3
4
1
295
2
159
2
25
121
1
3
3
1
1
1
1
1
13
1
262
2
7
2
2
1
1
1
1
10
5
1
10
1
2
1
1
2
1
2
2
254
1
9
47
1
2
1
3
37
1
1
1
3
1
1
36
18
5
1
5
1
8
1
1
2
1
211
1
1
6
1
118
17
1
2
1
1
1
3
1
4
1
5
1
76
1
2
11
3
11
10
2
10
102
1
4
1
8
2
383
31
5
54
1
2
1
2
3
2
69
22
11
1
3
5
1
1
4
2
3
1
3
1
1
4
1
3
2
1
1
1
1
1
1
2
2
1
1
1
13
5
1
2
2
39
1
2
1
1
3
1
1
1
1
1
2
1
1
7
1
1
1
1
1
1
1
1
2
1
2
1
1
1
1
1
1
1
2
1
1
1
2
4
3
2
1
1
1
2
1
112
1
3
1
1
2
1
2
1
2
1
5
2
1
1
1
2
1
1
1
2
1
8
1
1
1
1
8
1
1
1
4
1
1
29
1
1
1
1
373
2
1
1
1
1
1
1
1
1
3
1
3
2
1
1
54
2
4
24
2
1
7
5
35
252
6
14
24
4
9
4
8
36
64
1
1
1
1
2
1
1
1
1
1
1
1
1
2
1
12
6
1
2
1
1
1
1
1
1
1
4
1
1
1
1
2
1
1
5
1
5
28
2
1
113
2
1
1
400
3
3
1
3
1
1
2
1
1
6
12
4
8
101
11
148
3
2
139
1
3
31
1
3
1
1
1
1
25
4
4
1
8
16
1
1
1
2
21
1
1
2
1
12
1
1
5
17
2
1
1
1
1
1
1
1
1
39
8
113
94
9
1
2
14
2
1
2
1
1
20
1
2
2
5
3
2
1
9
1
6
1
1
17
2
1
1
1
227
2
1
1
3
1
2
3
3
1
4
1
6
1
1
4
1
3
1
2
1
1
1
12
1
1
1
10
9
1
1
9
1
12
1
1
7
1
2
2
1
1
2
2
1
65
1
1
8
1
1
1
1
1
1
4
1
2
1
1
1
1
4
1
1
1
1
1
1
1
1
473
2
1
1
2
1
3
3
1
2
1
2
1
1
13
2
1
1
1
1
11
1
2
9
1
1
2
1
1
2
2
2
5
6
1
2
3
3
1
1
2
1
1
1
1
1
1
12
23
1
27
3
1
1
1
1
2
5
7
1
1
1
1
1
3
3
3
6
5
1
3
2
3
1
2
8
1
2
1
1
2
4
4
12
1
2
3
1
2
1
6
3
1
4
1
5
1
8
1
6
1
1
1
1
4
1
1
1
1
2
3
2
1
1
10
1
2
1
11
7
1
1
32
1
3
1
1
53
8
1
1
1
3
1
1
7
1
1
1
1
1
1
5
27
7
1
13
1
1
5
1
2
1
1
1
2
1
1
2
1
1
1
1
3
1
2
1
2
1
14
1
7
21
1
1
1
10
1
1
1
1
1
1
62
17
1
1
3
5
1
5
1
2
1
1
1
1
4
2
2
1
1
7
2
5
3
3
2
5
1
1
153
105
2
1
4
1
30
201
2
2
1
3
1
51
2
14
1
172
1
8
1
2
21
2
13
1
2
141
2
81
10
60
9
3
1
1
1
6
1
1
1
4
9
2
1
1
1
4
1
1
1
1
2
1
5
3
2
1
2
1
1
4
35
1
251
17
11
5
1
25
1
2
3
1
1
1
2
1
1
1
6
1
1
1
4
1
1
1
2
1
1
2
3
1
1
1
41
1
1
62
103
79
1
1
1
1
5
1
2
1
2
68
1
11
1
2
3
1
1
1
2
1
1
3
20
1
6
1
1
1
1
1
1
1
1
1
2
1
25
383
3
3
1
22
8
2
6
2
1
8
3
3
1
1
7
1
1
10
1
1
1
1
17
2
3
1
1
3
1
2
1
5
2
5
1
2
3
1
1
3
1
6
9
2
1
1
2
1
1
1
18
1
11
34
321
79
1
2
1
1
1
2
4
51
6
1
1
6
1
1
2
1
4
33
1
1
52
2
1
1
3
1
1
1
1
91
103
1
45
5
1
2
9
12
1
1
1
2
1
2
49
20
2
2
4
53
1
1
3
1
1
1
10
2
1
1
1
1
3
2
4
38
1
6
42
1
6
7
1
1
3
1
3
1
1
7
60
6
1
1
1
1
1
2
1
3
1
1
1
3
1
2
1
1
1
1
1
17
3
1
7
1
2
1
3
1
1
1
3
1
1
2
3
1
1
1
2
4
1
2
1
1
1
2
1
9
53
34
1
26
18
1
14
20
2
1
2
7
5
1
11
3
9
1
1
1
1
1
3
1
1
2
2
2
1
7
1
1
1
1
1
1
2
1
1
1
1
3
2
2
1
1
3
1
1
1
38
10
1
1
1
1
7
11
1
1
1
1
3
1
1
1
2
2
1
1
3
1
4
1
1
1
1
2
1
1
1
1
2
1
1
3
1
1
1
1
1
1
2
1
16
50
5
9
35
10
54
116
2
1
1
1
1
16
1
1
2
3
2
3
1
11
80
1
4
1
9
1
1
1
2
1
3
1
1
1
5
7
1
1
1
2
1
10
1
1
1
2
1
1
4
1
1
1
1
1
25
1
3
5
50
16
60
67
8
47
20
2
7
2
400
1
1
1
1
2
6
1
1
1
1
1
71
1
1
1
16
4
2
37
5
20
12
1
17
3
1
1
1
3
2
5
5
1
1
1
2
3
14
1
1
2
4
1
7
1
13
1
4
4
1
1
1
2
2
2
6
1
2
41
1
1
1
1
2
1
3
2
5
1
1
1
2
1
26
1
1
2
1
4
1
3
1
1
1
1
1
1
1
1
13
19
2
1
1
1
1
1
2
86
6
1
1
1
6
1
7
1
1
2
1
1
5
1
1
1
2
1
1
1
1
1
1
1
1
1
2
4
2
2
1
3
1
1
3
1
3
1
1
1
1
1
3
1
1
1
1
8
1
1
1
2
2
1
1
1
2
11
5
25
1
5
1
1
17
1
1
1
1
2
1
1
1
1
2
1
1
5
1
1
1
9
5
1
9
2
2
3
1
1
1
3
96
12
7
1
1
1
32
1
1
1
1
1
2
21
13
1
8
1
1
16
1
1
1
1
5
4
1
1
1
28
3
2
11
7
1
1
1
1
1
1
1
10
12
1
48
1
1
1
2
1
1
3
3
1
3
2
1
2
8
2
2
1
2
2
1
1
1
1
3
5
3
1
1
1
1
2
1
3
1
411
1
1
1
2
5
1
1
1
2
2
1
1
1
1
41
1
78
1
1
7
1
1
1
75
52
1
1
1
9
2
62
2
39
10
283
6
1
1
55
63
1
1
3
2
1
1
22
19
14
73
1
3
3
9
6
1
3
1
9
1
3
2
1
2
2
1
1
1
2
1
1
3
49
1
4
1
1
1
1
1
1
12
2
1
116
2
2
1
2
3
4
2
1
1
1
1
1
54
1
1
1
1
1
1
1
1
2
1
1
6
3
2
1
1
1
3
10
178
83
1
2
1
10
5
1
1
3
14
1
5
1
6
1
1
1
6
1
2
1
3
1
1
1
1
1
5
1
1
2
8
1
1
1
1
1
1
1
1
1
1
7
1
2
2
2
2
1
1
1
2
1
2
4
1
2
22
1
1
1
1
1
1
2
1
1
1
38
1
2
1
3
214
21
37
1
1
1
1
2
3
1
26
1
4
1
1
10
1
2
1
3
1
1
53
1
2
19
1
3
1
1
2
2
1
4
10
118
121
1
7
1
1
1
1
1
1
1
1
1
3
3
1
2
1
1
1
13
2
1
101
1
1
1
1
3
2
1
1
1
1
1
1
1
1
325
1
1
1
2
6
1
1
2
1
1
1
1
1
1
1
1
9
1
1
1
1
1
1
3
6
9
1
3
1
5
2
2
16
6
4
3
16
5
4
1
2
1
3
1
1
1
1
1
1
19
1
1
1
2
2
1
30
1
1
122
3
4
1
1
1
1
2
2
1
1
3
1
1
8
1
7
1
4
46
8
1
2
1
1
1
1
2
1
1
1
2
8
1
1
1
26
77
5
1
1
1
3
1
1
3
250
2
1
5
1
2
1
2
1
1
1
12
1
1
2
1
1
1
1
3
2
1
1
3
1
1
2
1
3
1
1
1
1
2
1
1
1
2
3
6
3
1
1
1
1
1
1
4
2
1
1
2
15
1
1
2
1
96
4
1
1
2
2
2
1
1
1
1
1
1
5
1
7
1
1
18
2
5
1
1
6
4
3
1
1
74
1
6
2
1
3
1
8
3
1
1
1
3
1
1
1
1
5
1
1
1
1
1
1
22
1
1
1
1
1
2
14
1
8
5
4
1
11
1
21
8
3
1
3
15
6
12
1
1
1
1
8
62
1
7
1
1
1
1
1
1
1
12
1
1
3
1
1
1
1
2
2
2
2
16
1
1
2
4
1
1
2
1
1
1
75
1
1
36
71
14
21
25
1
16
1
24
67
70
82
9
1
5
1
1
2
27
1
1
1
1
3
4
1
2
4
1
4
1
1
1
1
1
5
2
1
1
21
411
1
4
1
5
1
3
3
1
1
1
1
12
8
1
4
1
7
5
6
2
3
1
1
1
1
2
5
33
1
1
2
2
2
3
3
3
4
1
1
1
11
1
1
1
14
1
1
1
2
1
5
2
1
2
3
1
4
1
5
2
2
1
1
1
1
1
1
1
2
1
1
1
1
1
7
2
3
1
4
2
1
1
2
2
1
1
1
28
10
19
2
1
1
8
1
2
1
1
7
1
3
6
1
5
1
18
1
5
1
1
41
4
1
1
4
1
20
1
2
1
2
2
10
1
3
1
5
7
3
4
1
1
5
2
1
1
120
15
21
3
1
4
5
3
14
55
3
92
2
1
1
16
1
5
1
1
17
1
1
2
1
1
1
1
1
1
1
1
7
1
1
2
22
10
8
1
1
1
9
2
1
1
1
1
1
1
4
1
1
86
1
2
1
5
1
2
1
3
1
1
1
1
4
1
1
2
1
1
2
2
1
2
1
3
1
6
8
1
1
7
1
2
1
1
3
1
2
1
1
1
1
1
1
3
6
1
1
2
1
1
1
1
1
1
1
7
1
2
1
1
1
1
8
10
1
3
4
3
1
1
3
2
2
1
1
37
8
1
3
3
81
15
42
1
1
2
1
1
1
1
118
71
19
22
9
4
4
4
64
103
7
3
4
1
1
1
1
6
4
4
20
2
2
1
3
1
1
1
2
3
1
2
1
4
1
2
3
1
1
1
1
4
3
1
9
10
80
1
10
40
9
112
1
1
1
4
3
1
18
11
1
1
1
1
2
1
2
1
14
2
2
2
1
1
1
1
1
1
2
1
1
1
1
19
1
10
6
2
5
20
2
1
1
24
1
2
1
2
2
1
1
13
2
6
31
2
13
2
7
174
1
2
1
1
1
40
1
1
1
2
3
1
1
1
1
1
3
15
10
1
5
2
3
2
2
1
1
13
1
2
2
1
120
66
2
1
2
8
1
98
33
1
1
1
1
2
3
1
1
1
2
1
6
1
1
1
1
1
1
1
2
8
5
69
1
1
107
1
1
3
11
1
3
16
1
3
1
1
46
1
97
18
1
1
2
1
1
8
151
1
1
11
3
1
1
1
2
1
2
4
4
1
1
1
2
1
1
8
5
3
8
565
1
1
2
2
42
1
1
1
3
1
9
1
1
1
1
1
1
1
3
5
4
4
1
3
6
2
1
1
7
2
18
16
1
2
2
1
2
1
1
1
1
1
1
3
1
1
1
2
3
1
1
1
2
1
1
1
2
1
1
3
1
1
1
8
7
2
3
15
1
1
1
1
1
1
1
1
1
1
2
1
3
1
1
157
1
6
1
1
1
1
1
19
9
1
3
1
4
1
1
1
1
1
1
1
1
1
1
1
2
1
433
3
1
1
9
1
1
2
1
15
1
1
2
1
20
2
4
1
3
10
25
1
5
1
3
2
5
8
47
477
2
1
5
1
1
1
21
1
1
1
1
1
1
3
6
1
1
1
4
3
1
2
2
1
1
1
1
1
1
4
1
67
59
1
3
3
85
2
1
1
1
1
2
4
12
5
5
1
1
83
1
272
4
1
1
1
1
1
10
1
65
6
1
11
1
38
1
19
5
1
31
1
1
3
2
2
1
5
18
1
2
9
29
1
2
1
1
1
2
1
1
11
12
1
2
5
8
25
4
1
1
1
4
1
1
4
3
85
34
1
20
1
1
4
2
1
327
1
6
37
1
1
1
1
1
1
3
1
29
1
3
3
2
79
6
5
6
154
100
19
28
18
13
2
43
13
80
27
49
58
631
1
1
1
2
1
1
1
3
5
7
1
1
18
3
1
4
2
1
1
32
1
1
8
1
1
1
1
1
1
1
2
8
1
3
2
2
16
1
6
3
2
1
1
2
1
85
1
1
20
1
2
10
89
1
1
38
1
1
2
1
3
1
2
142
4
324
3
2
1
1
18
10
1
16
3
6
1
1
1
1
1
2
1
1
5
1
1
1
1
1
1
15
1
1
1
1
1
1
1
1
2
30
8
11
1
1
1
2
1
1
1
1
2
1
13
1
3
44
1
3
1
116
1
1
46
132
6
336
56
1
1
2
2
1
1
1
1
1
1
1
7
1
2
1
1
1
5
1
1
2
2
26
2
5
45
1
1
4
1
1
1
3
1
3
2
15
1
1
23
4
16
1
1
26
1
2
1
2
54
1
1
1
1
1
1
1
2
2
2
1
2
5
2
8
1
1
1
1
1
1
1
2
2
9
2
1
3
2
1
5
1
11
4
3
1
1
8
1
1
3
1
1
2
24
4
3
3
1
1
1
19
1
3
1
179
120
8
1
1
1
2
1
1
15
6
1
2
1
1
1
1
2
1
1
1
2
1
6
1
1
1
1
7
7
1
1
8
2
22
20
3
1
3
1
1
1
1
2
2
1
3
5
1
1
5
53
425
359
1
6
1
1
1
1
10
1
1
1
1
1
1
2
1
1
15
5
1
1
2
2
1
1
2
1
1
2
9
10
1
1
11
1
1
44
1
1
1
1
1
1
1
1
1
1
7
2
1
1
1
1
1
1
8
7
2
19
3
28
1
1
2
3
1
1
6
1
1
2
1
2
1
19
1
1
2
1
2
2
1
16
1
31
1
2
1
1
1
31
3
10
1
1
1
1
1
6
1
1
1
15
54
10
2
1
7
1
1
2
12
3
38
2
44
74
1
2
2
1
1
1
1
1
1
2
2
2
1
1
19
6
4
28
1
4
1
2
1
1
2
1
1
1
1
1
1
1
1
1
1
1
1
1
1
263
1
1
3
1
1
1
1
1
1
16
3
7
5
1
4
4
3
2
3
16
2
3
1
2
1
1
1
1
2
1
3
1
3
1
1
22
63
3
2
1
1
3
7
7
1
1
7
3
1
1
1
1
4
13
2
1
2
1
19
1
1
205
1
1
1
1
8
2
1
1
2
10
1
3
2
2
1
1
1
6
1
1
1
1
1
1
7
1
1
2
2
1
1
1
1
2
10
1
4
1
1
1
1
1
1
1
3
3
3
34
1
2
1
1
8
2
1
1
4
1
1
1
1
1
1
1
3
1
2
1
2
1
2
5
1
5
30
20
114
1
1
1
1
1
1
1
1
2
4
2
1
1
1
2
1
1
1
1
1
1
1
2
3
37
6
15
1
1
2
1
1
3
1
1
1
1
1
1
1
1
1
1
1
1
3
1
1
20
1
2
1
82
1
14
1
1
1
78
1
99
11
6
28
3
1
1
255
9
65
2
62
6
9
1
1
1
7
40
6
38
2
1
1
3
2
33
2
1
1
1
1
22
1
8
5
2
3
1
23
13
30
20
1
28
57
1
89
16
434
128
12
87
160
118
1
75
126
85
7
3
1
409
1
1
1
1
2
4
1
2
1
1
1
11
38
22
55
39
126
18
24
17
4
5
7
3
4
26
87
3
3
8
3
1
1
1
6
3
5
2
8
4
1
1
1
2
36
1
1
1
1
1
1
1
25
12
5
1
1
4
1
3
2
1
1
1
31
4
1
9
25
1
1
7
4
3
1
1
3
4
1
1
1
2
1
1
1
1
1
4
1
1
2
2
4
1
1
1
2
1
1
1
1
3
1
1
2
1
1
1
28
2
1
1
6
7
4
7
2
1
1
339
1
3
4
1
1
1
2
141
1
1
2
1
1
1
1
1
1
1
8
2
2
1
1
1
1
1
187
2
2
7
1
1
1
4
1
1
5
1
2
61
4
1
82
5
1
5
1
241
1
1
1
2
2
2
1
1
1
1
1
1
3
1
2
1
2
1
3
1
1
1
1
1
1
1
13
1
2
1
1
1
2
1
1
4
1
1
1
1
2
2
1
10
1
1
4
344
2
1
1
1
1
2
1
2
1
1
59
3
1
1
12
2
1
1
1
1
2
1
2
1
14
1
1
2
18
1
5
40
118
62
1
1
1
1
1
1
3
1
1
2
2
10
1
1
2
3
3
3
1
2
5
1
1
8
1
1
1
1
2
1
2
1
2
25
2
1
1
1
15
1
1
16
33
1
6
20
8
1
11
3
15
1
1
1
4
1
2
1
2
17
113
2
3
3
1
1
1
3
13
1
1
10
17
2
2
10
62
20
1
1
3
6
2
14
11
1
1
2
2
2
1
2
1
13
1
3
1
4
1
1
1
15
3
2
7
1
1
3
6
3
5
1
40
2
1
6
7
20
60
45
36
4
1
28
52
54
5
16
1
24
326
4
1
1
2
1
1
1
1
1
1
1
1
1
1
1
10
1
125
2
1
5
2
1
1
4
5
16
1
1
4
1
2
1
1
1
1
1
1
1
1
1
4
14
9
6
79
1
50
4
10
94
18
82
12
4
5
130
8
1
26
126
3
15
114
46
1
2
2
10
16
1
2
66
4
15
6
4
5
1
2
10
2
1
1
2
23
23
1
10
2
1
4
1
126
281
1
1
3
1
2
6
4
1
11
3
7
2
3
12
2
1
1
6
1
4
1
2
1
1
1
8
1
7
1
10
1
1
1
2
1
6
4
2
1
1
1
2
5
51
5
1
1
3
1
1
1
1
1
1
1
4
1
1
2
2
20
3
204
1
1
2
1
1
3
2
1
46
97
50
2
2
1
2
1
1
86
5
61
24
34
19
1
1
9
2
1
6
1
9
15
1
1
3
1
1
2
1
1
1
7
1
1
1
2
1
1
1
1
1
2
1
1
1
1
1
1
2
1
1
1
1
1
1
1
1
1
1
3
2
1
3
1
1
1
1
1
1
2
1
1
1
2
1
1
1
1
1
1
1
1
1
1
1
1
1
1
1
1
1
1
1
1
2
1
1
14
1
2
1
13
1
1
1
1
1
2
2
1
1
2
79
14
44
130
7
2
22
21
1
33
3
45
15
7
1
11
192
89
1
163
15
2
1
1
4
2
1
1
3
1
1
1
1
1
1
1
1
1
1
2
1
2
1
6
2
1
1
1
5
5
2
1
1
1
1
1
1
1
1
1
1
1
1
3
2
1
1
1
1
1
54
1
3
1
1
2
2
3
1
1
1
4
195
4
4
1
1
1
1
1
3
10
4
1
2
2
1
11
15
1
1
1
1
2
1
1
1
2
1
1
2
2
1
1
1
1
2
1
1
1
1
1
1
2
1
1
1
7
1
2
1
21
1
1
2
6
13
3
123
15
93
139
2
61
2
1
3
1
6
1
1
2
1
1
1
5
1
1
1
2
10
4
18
1
3
7
2
23
1
1
1
2
8
2
9
1
100
1
1
1
1
1
1
1
1
1
1
1
1
1
1
1
2
1
1
1
1
3
1
1
5
1
2
20
1
1
1
1
2
1
1
1
1
1
2
1
11
1
2
1
1
1
1
1
1
2
5
1
1
1
4
1
2
1
1
1
1
1
1
1
1
1
1
1
1
1
1
1
1
1
1
3
2
1
2
1
1
6
1
1
2
1
1
1
4
5
2
1
1
1
1
4
1
2
1
3
1
1
1
2
2
1
1
1
1
1
2
1
1
1
2
1
1
1
3
1
1
3
1
1
1
1
1
8
1
11
2
10
104
1
58
1
1
71
96
2
4
98
1
33
84
216
3
1
1
2
1
1
46
1
1
14
1
1
8
1
1
1
2
1
2
3
2
1
1
1
1
2
1
31
7
45
50
109
14
4
4
1
2
4
2
13
1
30
1
1
1
1
1
2
1
1
1
1
2
2
1
1
1
1
1
2
5
1
1
1
1
1
1
1
1
1
1
2
1
1
1
1
1
1
1
1
13
8
3
1
2
3
5
1
1
3
2
1
9
1
1
1
1
2
1
1
1
2
1
1
1
1
1
1
12
1
4
1
1
1
1
2
1
1
1
1
1
1
2
1
1
1
1
1
1
1
1
9
1
1
2
1
1
1
1
1
2
1
1
1
2
3
3
1
1
1
1
3
2
2
2
3
1
1
1
1
1
1
1
1
1
1
2
1
3
1
1
1
1
3
1
10
7
87
1
1
1
2
1
1
3
3
1
28
1
30
8
1
2
14
1
1
11
1
1
213
1
7
1
6
3
2
1
1
8
4
5
3
2
5
1
1
4
1
1
1
1
1
1
1
4
1
4
1
1
14
1
2
1
6
1
7
1
1
1
1
2
70
1
2
1
1
33
1
1
1
49
1
1
1
1
1
3
1
1
1
1
1
11
1
1
1
3
1
1
1
2
1
5
1
1
2
1
1
3
3
1
2
1
1
1
1
1
1
3
3
1
1
1
8
8
4
64
1
1
1
1
1
3
1
3
1
1
1
1
1
4
1
1
5
4
1
1
2
4
1
4
1
1
10
1
403
89
66
118
27
1
1
1
3
4
1
4
15
9
5
453
130
44
1
1
1
10
15
1
57
1
8
11
6
30
3
118
96
4
329
5
39
19
1
1
1
2
1
1
1
4
2
1
1
2
1
26
1
1
1
1
2
1
1
1
1
1
14
4
1
1
1
1
2
18
1
1
1
1
1
1
2
1
3
1
1
4
2
3
1
1
4
3
2
1
1
3
1
3
2
10
3
1
1
2
1
10
1
1
1
3
2
2
3
1
3
1
1
1
10
4
1
1
339
2
1
17
2
1
7
1
1
2
1
2
3
1
1
2
2
1
1
1
1
2
1
5
4
5
6
1
3
3
1
3
1
11
38
6
1
2
1
14
1
1
1
1
6
1
1
2
1
2
1
1
2
4
11
2
6
1
2
1
1
1
1
1
1
1
1
3
1
15
1
1
29
1
1
4
2
1
4
4
2
1
1
1
1
1
1
1
1
2
10
3
1
1
1
1
1
1
1
1
2
1
1
3
1
2
1
1
8
3
6
1
3
2
1
1
1
1
2
1
1
1
1
1
1
1
2
2
1
4
1
2
1
2
1
1
1
2
2
6
3
6
2
1
4
2
2
1
1
1
1
27
1
1
4
1
22
1
1
1
1
1
1
2
1
15
1
3
1
1
1
11
2
1
2
13
1
13
1
9
2
5
1
3
9
1
1
1
1
1
27
1
1
14
79
1
29
1
1
3
8
1
8
1
3
1
1
1
4
2
1
2
1
1
1
1
1
1
3
1
7
1
13
1
1
27
1
2
1
1
2
8
18
1
1
1
2
3
2
1
1
1
1
4
3
1
1
1
1
7
1
6
1
2
3
1
1
1
1
1
1
1
1
1
1
1
2
1
26
1
3
1
12
1
3
1
16
2
10
2
3
4
1
1
1
1
1
3
2
1
2
1
4
4
1
1
3
1
3
8
2
4
12
1
1
3
29
1
2
1
1
110
6
2
3
1
2
2
3
1
10
909
1
2
1
318
1
1
75
6
1
1
1
2
1
18
3
2
5
1
3
1
1
1
1
1
5
8
3
3
3
4
4
25
31
1
4
10
5
1
1
2
1
18
1
11
29
1
2
1
1
4
5
5
1
1
1
16
6
90
32
4
1
1
1
1
1
1
2
33
1
15
1
1
1
1
1
2
36
1
1
2
3
2
1
1
1
1
1
1
1
1
1
1
1
1
1
5
1
3
1
1
1
1
1
1
1
2
1
1
1
1
32
3
1
1
1
1
1
1
1
1
1
3
4
11
57
9
1
1
1
13
1
4
6
2
2
1
2
1
2
1
1
2
1
1
1
2
1
1
1
18
1
1
1
2
1
1
1
1
3
1
1
1
1
1
19
11
1
4
3
1
1
7
13
4
41
1
18
1
8
1
1
1
3
6
1
6
14
3
19
1
1
1
11
11
6
1
1
1
1
2
1
1
1
1
8
3
3
2
1
2
2
11
2
2
3
1
3
1
1
1
1
1
1
11
2
1
5
3
1
1
1
1
1
1
1
2
1
1
2
1
3
2
1
1
1
13
1
1
1
3
1
1
2
3
1
1
1
4
3
2
1
1
2
4
4
1
1
1
1
1
1
1
1
1
1
2
2
1
2
6
1
1
1
5
1
1
35
2
2
3
13
6
27
5
58
2
1
1
1
3
2
1
1
1
1
1
1
48
22
1
1
2
1
2
1
1
1
1
1
1
2
1
1
1
7
55
3
1
1
1
1
1
6
1
4
2
1
1
1
1
1
2
3
1
1
5
5
2
1
1
3
3
2
1
1
1
2
1
1
1
3
1
1
1
2
3
1
1
1
1
3
1
3
2
1
1
1
1
2
2
1
1
3
1
1
1
1
1
1
7
2
1
3
1
1
1
1
1
2
1
2
1
1
2
1
1
22
6
1
1
1
12
5
2
3
2
1
1
1
1
1
6
2
3
1
2
1
18
2
3
3
1
1
2
2
1
1
2
1
1
2
1
1
2
1
1
2
1
1
1
1
1
1
2
2
3
1
1
1
2
2
2
1
1
1
3
2
1
1
1
6
1
25
1
2
1
1
1
8
1
2
1
1
1
6
1
2
1
1
14
3
1
1
2
4
6
4
1
1
1
1
5
3
62
1
2
1
3
2
1
2
2
3
1
1
14
10
4
2
6
1
1
1
1
1
3
1
1
2
1
1
2
1
41
1
1
9
5
1
2
1
1
1
1
2
3
1
2
16
1
1
1
1
1
2
1
1
2
1
1
6
5
1
3
1
1
2
1
1
1
1
4
1
1
1
3
1
7
32
8
1
1
3
1
1
86
2
1
14
1
1
2
3
5
1
85
1
1
1
1
63
11
8
2
1
1
2
1
10
2
1
2
1
2
2
3
1
2
1
1
1
1
2
1
1
1
3
3
1
2
1
2
1
1
1
2
1
1
1
7
2
3
2
18
1
1
9
2
1
2
1
1
1
2
1
8
2
1
2
2
8
2
1
1
1
70
1
2
3
2
1
1
1
1
2
9
1
1
4
1
39
4
1
5
2
2
1
2
12
4
5
2
1
2
1
1
2
1
2
2
48
2
5
2
2
2
2
11
20
7
1
4
18
15
1
4
3
12
10
1
1
14
14
1
3
24
6
4
1
1
2
1
1
1
1
1
1
1
1
2
1
2
6
2
1
2
2
1
1
3
1
1
5
1
5
1
2
1
1
1
1
1
9
13
1
3
4
1
1
1
2
1
11
1
9
2
2
46
1
1
1
2
1
1
1
2
1
3
2
6
1
1
1
3
1
1
3
1
1
1
1
1
1
1
3
1
7
1
46
1
51
44
88
1
121
1
6
1
1
1
2
1
1
4
1
2
1
1
1
1
1
1
1
1
1
1
1
1
1
1
1
1
1
3
26
10
29
1
1
1
1
1
4
2
1
1
1
1
1
1
19
21
4
1
10
3
1
1
5
1
1
2
119
1
1
1
3
3
1
1
1
2
1
1
1
1
1
2
4
1
8
1
1
1
1
1
1
1
37
1
1
1
1
3
1
1
1
1
2
1
1
2
6
1
1
1
4
1
1
1
3
1
1
1
1
1
1
3
1
1
1
1
1
1
1
25
1
2
1
1
8
2
1
2
2
6
5
17
1
6
57
1
15
6
2
94
6
30
1
2
1
4
3
21
10
2
1
1
1
1
2
1
3
4
2
5
1
9
1
1
12
3
1
1
1
3
1
5
5
1
1
2
1
1
1
2
1
2
1
1
14
1
1
3
1
2
3
3
5
2
3
1
45
1
2
1
5
1
2
11
6
38
16
2
1
12
1
1
4
3
1
3
1
4
5
1
6
1
30
1
2
3
1
1
1
1
2
15
1
8
5
1
3
1
16
1
132
2
7
1
1
1
2
1
1
1
1
2
4
4
4
3
3
2
2
1
110
1
11
1
1
1
4
2
2
1
1
1
2
1
1
15
13
2
1
1
1
3
8
3
2
1
6
8
5
1
1
2
2
3
1
1
1
2
1
2
1
1
24
1
1
2
56
1
1
5
4
12
1
2
1
1
1
1
1
1
1
1
1
4
18
1
8
1
9
1
12
31
4
1
1
1
1
2
1
2
1
2
3
1
46
2
2
1
1
46
11
3
1
1
1
27
195
1
42
120
1
95
1
1
9
14
14
132
2
52
1
1
1
1
4
4
1
5
1
1
2
1
1
5
2
1
2
1
1
1
6
1
6
1
5
1
62
1
2
1
2
1
3
2
1
8
1
1
10
1
1
4
1
5
1
2
1
1
9
3
1
1
3
1
1
4
1
1
1
3
1
1
1
1
4
2
7
7
1
1
1
1
7
4
2
2
1
1
1
1
1
1
1
1
6
5
8
2
7
1
3
4
3
3
4
8
1
1
1
1
1
1
1
11
4
34
2
4
1
25
1
21
3
2
1
2
1
1
1
1
1
4
2
289
2
1
6
1
1
2
2
2
1
1
1
1
41
7
1
1
2
1
1
1
7
1
1
5
2
1
2
10
1
2
1
3
2
5
1
5
1
1
1
1
1
115
1
16
4
1
3
3
1
1
1
1
1
3
1
1
2
8
1
1
5
1
1
1
300
1
4
7
2
10
1
2
1
1
3
1
1
1
20
4
2
3
1
3
2
7
1
1
2
1
88
2
1
2
2
2
1
1
2
2
1
7
2
1
45
1
1
1
1
2
2
2
1
1
3
3
17
1
27
2
2
39
1
7
17
2
1
141
1
113
27
1
1
1
1
1
1
2
1
2
12
1
9
3
1
8
1
1
28
2
2
1
3
4
12
1
4
2
1
5
1
2
3
1
1
2
2
13
1
6
1
1
5
1
1
41
6
4
1
4
1
1
3
4
9
5
167
1
2
205
3
31
23
20
1
27
106
2
8
2
2
1
2
1
2
23
3
1
8
1
1
1
1
2
1
3
1
10
5
1
1
1
2
5
1
1
1
33
6
1
1
7
1
1
1
1
2
1
1
1
3
5
2
1
1
1
2
1
3
2
1
3
1
1
5
4
1
1
1
27
1
1
1
1
1
4
1
1
1
2
9
1
1
1
4
1
1
1
1
13
2
1
1
20
1
6
1
2
1
1
1
1
1
1
4
1
1
1
1
2
13
23
1
3
2
3
9
1
1
4
6
1
13
5
7
2
4
3
9
4
7
1
4
1
1
1
4
17
1
2
1
176
1
2
3
2
6
1
3
4
13
1
7
28
1
23
1
15
422
22
4
1
1
3
1
1
1
1
1
2
1
3
1
1
1
1
1
9
2
1
2
2
9
1
9
11
1
6
1
1
4
1
4
1
1
1
1
22
2
15
3
1
5
2
2
2
1
1
1
5
1
1
2
3
2
1
1
1
2
1
1
9
1
1
1
2
1
1
1
1
2
10
1
1
1
3
1
5
4
1
1
1
1
1
1
2
1
2
2
1
1
4
15
3
11
1
1
1
1
1
1
1
1
16
2
31
8
4
2
1
3
1
1
4
4
2
3
2
18
44
5
1
1
1
3
1
1
3
7
1
25
21
2
115
3
2
3
3
3
5
11
1
5
6
1
5
19
1
1
1
20
9
5
397
1
1
31
281
1
1
1
1
1
1
1
1
1
24
1
2
1
11
1
1
2
2
1
1
1
3
1
143
9
1
2
1
1
1
1
1
2
1
1
2
2
1
2
6
1
1
2
9
1
3
2
57
234
6
1
4
1
20
1
1
1
13
2
1
9
20
1
45
5
24
2
3
1
3
4
1
1
1
7
6
3
1
1
3
25
2
2
2
1
1
1
1
62
1
30
1
1
1
3
8
2
1
2
2
1
1
2
1
2
185
1
1
2
1
1
1
5
2
1
1
1
1
2
1
1
3
4
1
27
1
4
2
5
2
2
10
3
5
1
1
2
2
2
1
13
1
2
7
2
4
1
4
2
2
1
1
314
2
1
1
2
1
1
3
1
4
2
7
1
1
1
1
4
1
1
2
2
1
1
1
1
1
1
2
3
1
3
3
1
1
1
1
1
10
1
3
1
27
1
1
1
1
1
1
1
1
1
2
1
1
1
1
1
1
1
1
1
3
1
1
1
1
1
1
1
1
1
1
2
1
1
3
2
1
1
23
7
5
1
2
1
2
1
2
1
2
1
3
1
2
1
2
1
10
1
1
1
1
1
1
8
89
1
1
11
1
2
1
2
3
13
1
1
10
1
1
10
1
2
2
1
1
1
26
1
1
1
1
1
1
11
1
1
1
1
5
1
1
2
2
1
1
3
1
20
1
1
2
1
1
2
27
9
1
2
7
8
5
2
1
1
1
4
1
12
1
13
19
2
1
35
1
4
2
1
1
1
1
1
1
1
1
1
2
1
3
1
1
1
3
5
5
1
1
1
1
7
2
2
1
17
1
2
1
1
1
4
10
3
2
1
1
1
1
8
2
1
1
1
1
5
7
3
4
17
2
2
1
1
1
1
1
2
1
1
1
1
1
1
15
9
2
1
1
1
1
200
26
1
2
1
5
1
5
1
1
1
2
9
17
37
1
1
13
1
6
2
46
1
1
1
1
1
1
7
1
1
1
1
1
1
1
4
1
1
1
1
1
1
1
6
1
25
7
1
11
1
3
1
1
2
1
1
1
1
2
1
1
1
12
3
3
3
1
1
12
3
7
2
1
11
11
1
1
1
3
5
1
63
74
293
1
1
2
2
1
1
1
1
1
2
1
3
1
1
1
1
3
2
1
1
1
1
1
1
1
6
1
1
2
5
2
1
1
2
2
2
1
3
1
2
26
1
1
1
1
2
1
1
1
1
1
1
2
1
1
1
1
1
4
3
9
1
2
2
1
1
1
1
1
1
1
1
1
2
82
1
4
2
2
8
1
39
1
1
2
5
1
1
1
4
4
2
7
3
1
1
169
