4
3
1
45
6
9
2
3
2
11
2
19
4
59
2
6
1
11
6
7
5
2
12
22
16
3
3
1
25
28
2
1
3
8
6
1
4
4
1
62
4
1
15
35
1
8
2
3
2
3
3
2
22
9
45
1
4
4
1
1
3
6
1
4
2
8
5
2
3
6
1
19
2
10
45
3
6
2
3
2
4
8
5
13
2
3
9
1
3
47
4
3
6
2
2
7
19
3
9
4
3
5
2
24
11
1
1
4
1
9
1
4
80
1
1
1
24
4
2
8
4
6
4
10
1
3
22
2
21
8
2
1
11
63
1
1
10
9
3
2
1
17
8
25
2
3
6
4
13
4
8
4
2
8
1
21
22
9
4
6
1
1
2
2
3
2
6
4
19
1
1
25
4
8
1
2
1
1
19
3
1
10
3
19
2
2
3
2
28
4
1
2
6
3
1
2
3
2
10
2
1
1
2
17
31
7
9
1
12
1
9
1
27
1
1
10
4
1
2
5
13
3
3
16
46
3
65
7
4
24
3
8
30
5
2
2
6
2
13
2
26
1
3
2
2
17
3
10
3
1
3
2
50
144
10
26
2
1
8
5
25
13
2
3
1
1
3
23
4
8
1
3
147
1
1
9
1
1
2
1
47
2
3
57
5
37
8
1
1
29
4
2
1
33
1
1
1
3
9
14
1
2
16
3
3
2
14
10
2
11
33
8
5
9
21
5
6
4
1
4
9
5
2
3
4
2
18
23
2
1
3
1
13
3
13
75
11
10
4
2
9
70
10
2
13
36
37
1
1
4
11
2
2
2
3
2
13
4
12
2
14
10
39
3
15
1
2
1
11
2
2
26
2
1
1
8
3
2
1
13
3
24
5
9
2
3
3
2
1
1
1
5
1
3
22
10
1
2
15
9
3
11
1
6
1
19
5
12
10
9
2
1
1
2
3
1
1
16
3
2
9
3
3
4
1
7
3
4
1
2
1
6
5
8
12
3
18
1
12
10
1
5
1
9
4
20
14
3
2
1
1
9
1
6
10
1
3
6
2
9
3
12
5
1
3
17
1
4
1
10
6
17
2
1
2
1
1
2
2
2
1
4
1
2
11
7
20
20
9
70
5
144
1
2
2
2
14
1
39
1
46
1
6
5
7
3
13
16
2
27
18
13
20
3
2
2
1
1
3
5
12
2
2
35
6
18
16
1
19
18
1
2
1
1
2
55
2
1
3
3
3
8
5
4
3
31
6
2
1
6
47
18
18
10
34
2
1
4
1
19
16
2
8
1
13
4
3
1
31
1
2
2
11
7
8
5
1
6
2
2
1
1
8
1
43
7
29
1
4
5
1
6
2
9
4
1
20
2
3
3
2
8
1
2
1
2
6
2
4
5
1
2
8
3
3
17
16
4
1
1
3
18
7
1
4
4
15
46
3
19
49
1
3
1
13
6
1
1
7
2
1
3
3
15
1
2
2
3
8
154
34
1
23
3
1
4
1
24
34
1
1
4
9
2
4
2
8
23
58
2
2
3
31
8
2
6
1
11
1
2
1
1
16
1
19
11
1
36
2
2
1
1
1
8
10
29
2
6
3
21
3
1
4
12
22
2
2
12
4
1
11
4
21
2
3
8
4
15
7
9
2
7
5
2
3
1
4
4
44
2
15
3
2
1
3
3
22
32
11
77
10
2
17
10
5
2
6
7
18
1
4
30
42
1
2
8
1
3
1
2
1
15
2
7
5
9
3
1
2
2
2
10
4
2
57
5
1
2
1
4
1
5
40
9
20
1
2
17
4
1
4
1
1
2
2
4
1
10
15
2
7
5
35
2
8
5
15
14
5
3
27
8
5
19
125
11
2
1
2
1
7
5
1
4
12
15
1
29
3
3
1
6
1
11
17
4
3
5
7
1
6
2
4
1
2
2
29
1
2
11
3
11
4
6
5
15
3
8
9
14
12
3
15
1
4
26
3
4
4
6
10
5
2
10
2
2
63
1
5
4
9
15
24
67
8
7
1
12
3
28
16
5
28
7
4
20
17
1
16
9
2
2
2
1
20
1
6
1
1
4
2
2
6
13
21
4
1
3
1
5
5
17
13
19
2
60
3
2
6
2
7
1
1
7
9
14
24
5
10
3
5
2
1
19
1
1
1
2
4
4
2
7
1
13
3
35
5
2
2
19
15
1
4
49
3
2
13
1
1
9
5
12
5
12
16
1
25
10
10
5
1
3
1
4
14
1
4
2
8
8
2
3
6
4
4
1
4
17
12
1
1
5
1
4
81
26
5
10
29
3
1
1
7
3
2
28
12
24
2
9
24
1
1
10
3
12
12
13
4
1
1
1
1
2
39
2
3
4
3
14
17
2
1
10
2
4
3
29
11
41
1
4
7
1
1
2
2
2
14
16
1
17
35
6
21
2
2
4
19
18
1
9
73
3
2
2
5
3
19
3
5
1
40
2
3
1
1
3
2
1
1
1
4
1
4
16
20
17
52
5
11
1
2
3
4
77
3
5
12
3
14
8
1
1
2
148
1
1
15
1
1
3
1
1
1
9
2
6
6
5
26
6
29
14
33
30
1
2
9
36
1
6
23
2
13
28
3
48
13
8
2
5
20
13
22
3
26
1
2
1
3
21
1
2
1
5
1
54
8
1
1
12
2
3
6
9
3
14
2
43
20
1
1
4
9
21
33
1
4
3
1
5
1
35
7
5
7
1
6
4
7
1
54
1
2
1
1
2
1
11
2
1
3
8
5
23
45
1
1
10
5
1
3
2
1
24
51
1
2
14
6
11
1
1
6
2
2
5
6
4
1
6
1
4
3
1
5
2
1
8
2
10
18
10
3
5
14
11
2
9
2
12
5
6
2
2
1
6
22
2
16
3
1
18
5
2
1
3
1
6
2
2
3
4
13
2
35
12
4
4
23
8
1
18
2
1
1
2
3
5
2
3
27
3
14
5
2
18
1
1
9
23
12
4
4
12
3
12
1
6
3
5
1
1
2
4
13
1
17
4
3
5
1
1
5
1
2
85
1
1
1
9
5
4
3
6
20
19
2
11
1
1
7
2
9
2
5
1
12
4
2
59
1
3
1
11
1
2
6
15
2
16
1
14
4
2
3
8
14
1
2
19
7
6
5
11
1
2
4
3
1
11
31
7
3
2
45
3
5
1
86
2
1
5
18
5
2
1
2
1
2
64
2
19
28
1
1
12
6
2
4
8
9
8
1
2
25
1
1
1
14
1
2
10
2
1
1
6
6
9
19
4
32
4
1
1
4
2
3
14
1
2
2
21
11
78
22
30
1
2
7
23
1
1
1
23
5
1
1
5
8
3
8
20
6
8
16
1
9
24
2
13
2
1
5
43
13
1
1
2
2
16
24
46
2
5
2
21
1
1
23
3
3
12
2
13
11
6
5
1
1
5
25
14
5
5
18
8
57
1
50
5
2
61
7
8
4
11
20
4
1
8
22
2
1
12
2
12
5
3
3
13
3
11
13
4
2
6
9
48
2
2
5
6
1
5
4
3
5
7
1
48
5
1
38
17
12
2
5
3
3
2
4
2
5
4
1
4
2
2
5
2
2
1
1
19
16
46
8
3
9
3
12
36
7
5
23
1
3
1
6
11
14
2
6
1
35
4
12
11
8
4
18
4
1
1
12
4
16
2
83
18
2
2
5
1
51
20
6
2
87
2
6
6
3
2
1
3
12
3
2
5
1
2
2
3
2
1
20
3
5
2
1
3
19
19
6
2
31
7
39
10
2
28
2
20
3
32
4
4
7
3
3
2
22
4
1
1
1
5
1
3
1
15
10
14
6
1
1
7
17
19
10
1
1
6
9
12
1
16
1
1
13
23
31
12
21
2
3
10
1
1
2
1
1
10
5
6
1
3
2
11
1
4
1
3
2
3
3
21
1
1
3
2
2
17
2
1
35
1
13
2
2
30
2
1
1
1
4
1
1
2
4
1
1
16
4
2
6
1
5
6
3
5
2
21
4
5
2
5
8
7
6
1
4
1
24
2
2
1
2
17
4
5
3
3
11
3
2
16
3
39
3
1
2
20
3
2
11
8
3
2
5
1
1
6
6
4
13
4
8
16
21
133
13
1
2
5
22
4
4
1
5
23
6
2
11
2
9
5
17
1
34
1
3
2
11
3
4
6
4
15
2
3
8
2
1
2
6
1
1
1
6
1
6
8
2
2
8
5
18
7
4
15
2
11
19
2
7
1
26
6
16
4
40
10
1
1
12
40
3
1
2
1
1
4
11
6
1
5
3
9
22
1
11
2
56
9
5
3
4
1
7
6
16
13
1
1
7
112
35
10
2
1
2
2
8
2
2
12
5
7
3
14
1
12
18
1
42
1
60
3
5
22
1
2
2
1
15
2
1
78
4
64
10
2
1
1
2
13
12
1
3
24
1
1
17
3
16
11
29
2
4
2
3
67
2
1
4
2
12
2
6
2
4
3
1
9
4
1
21
24
29
4
7
3
8
6
17
5
53
6
2
2
22
3
14
1
1
2
21
3
2
2
5
17
11
3
14
7
35
19
17
9
3
17
6
1
7
1
6
8
1
1
5
5
29
2
2
7
7
20
1
4
4
7
2
4
5
23
1
5
5
10
2
57
2
2
40
1
3
2
1
1
1
14
11
7
7
9
16
3
4
2
1
8
18
4
5
9
1
2
2
44
6
1
2
23
3
10
27
11
1
5
2
1
15
1
2
4
2
4
1
3
14
1
41
2
3
2
6
1
1
3
4
7
9
5
25
1
8
8
19
1
4
6
1
33
5
2
5
12
3
2
5
3
2
2
1
2
2
14
1
3
2
2
1
12
4
1
2
3
1
9
4
1
16
4
8
2
1
2
6
31
13
3
3
1
1
2
2
27
7
12
1
29
27
1
19
4
3
4
3
16
17
4
1
14
2
23
5
7
13
5
12
1
8
1
5
2
16
2
2
2
4
2
6
25
2
1
3
9
3
1
1
4
1
5
1
3
2
1
4
2
2
2
1
4
1
1
5
5
1
13
25
9
1
14
1
2
1
1
1
4
49
1
2
3
2
15
1
15
12
1
2
1
3
4
5
52
1
19
18
2
2
3
1
3
1
12
3
2
2
1
1
33
3
18
19
7
11
2
1
3
1
2
13
6
12
1
1
7
1
2
3
22
2
1
2
1
1
2
4
14
14
5
7
2
2
3
2
2
3
2
16
1
10
3
50
12
2
3
1
68
1
42
4
4
2
1
1
1
8
1
2
2
8
6
2
1
13
25
33
11
3
1
1
26
22
5
4
13
1
3
17
17
28
2
30
1
4
5
2
1
4
4
1
6
5
2
3
13
23
5
9
1
3
25
2
3
25
2
2
4
28
22
49
1
1
31
8
1
7
1
3
9
10
28
4
3
1
2
48
1
3
20
24
13
1
9
2
1
8
3
1
7
24
8
4
20
2
6
3
2
21
1
2
6
3
16
2
3
10
3
21
16
2
1
13
18
5
1
1
12
19
10
4
14
1
7
9
9
69
2
7
20
3
44
13
22
1
35
5
3
16
1
3
1
5
11
3
4
33
21
2
2
7
12
11
1
1
1
10
1
3
20
5
1
18
15
6
2
1
1
22
2
20
5
42
5
3
6
2
1
3
1
16
12
63
2
13
14
8
4
86
5
2
4
1
17
2
4
9
7
3
6
24
1
6
3
1
1
2
1
15
2
51
5
1
2
3
22
31
1
1
13
2
7
1
1
6
2
9
6
23
50
4
1
15
2
11
10
1
3
2
1
2
1
2
6
18
2
10
6
2
2
22
1
2
12
1
23
12
10
6
4
20
1
36
1
4
5
5
75
2
3
33
4
1
13
47
1
18
1
5
9
1
3
4
3
3
11
25
4
2
22
5
3
1
2
3
24
5
24
2
8
5
9
20
22
12
23
4
8
3
3
1
2
16
1
1
10
1
6
17
4
2
4
4
2
8
26
21
7
1
11
11
1
9
6
2
15
4
2
2
3
1
2
3
14
1
2
7
3
21
2
1
21
10
2
5
1
13
1
5
3
2
25
6
4
5
145
43
21
14
3
10
4
1
3
1
3
1
2
1
5
3
8
2
2
1
10
2
51
7
1
13
2
2
1
46
4
22
50
4
90
5
8
3
15
2
1
2
10
2
1
10
5
2
3
1
12
26
2
3
9
2
14
25
52
1
45
13
66
1
47
8
4
2
4
6
1
38
2
10
1
1
3
4
1
3
3
2
1
4
3
9
36
1
31
2
4
19
1
11
1
1
1
7
8
7
1
10
2
41
1
1
3
1
5
2
17
2
6
11
8
92
7
6
6
21
2
1
2
1
7
1
6
6
3
2
3
4
1
1
6
1
1
1
4
15
3
3
1
2
10
1
5
4
4
14
15
7
18
25
4
8
1
4
3
4
1
1
22
1
8
1
1
2
5
57
9
10
1
24
4
10
5
1
1
14
1
6
24
2
19
11
2
1
24
1
1
10
1
3
19
4
1
3
6
2
1
2
1
5
5
33
4
87
2
5
2
8
13
1
2
3
2
19
3
27
3
1
64
12
5
1
1
1
8
1
7
3
7
17
54
2
7
30
8
3
5
1
1
2
5
3
6
1
5
13
3
2
7
2
64
2
1
1
2
3
1
25
3
1
1
8
3
3
1
1
17
6
12
3
13
30
14
7
24
5
1
42
1
3
1
16
42
4
2
9
30
10
1
24
1
3
2
1
4
1
11
3
22
5
10
12
29
3
4
1
1
1
5
1
9
4
20
4
2
2
10
1
5
26
8
20
1
6
1
3
1
2
2
5
59
8
9
3
23
3
4
3
64
2
1
13
14
3
1
39
16
37
3
2
2
1
1
2
1
7
8
1
2
2
81
1
2
1
1
10
2
22
4
62
2
9
3
12
9
9
41
2
10
2
70
1
1
2
1
5
1
4
1
17
3
1
21
8
2
4
5
5
7
2
23
1
2
3
2
3
4
2
4
11
4
3
12
5
3
17
9
33
3
3
40
3
7
17
39
30
1
19
8
2
67
1
1
10
3
1
17
3
4
1
4
3
4
2
4
1
13
1
24
167
1
1
14
13
8
3
6
16
19
1
20
11
5
3
15
17
1
7
5
4
16
20
12
1
14
4
1
6
21
6
10
9
3
1
6
10
4
9
1
15
1
7
1
4
2
4
20
12
6
3
5
86
7
8
1
1
3
1
15
48
1
10
1
16
20
18
1
6
4
3
5
5
5
1
4
5
4
1
1
1
7
1
7
2
1
3
43
1
1
1
16
5
6
4
3
4
19
6
5
8
1
14
10
1
4
6
2
2
15
3
2
2
1
3
1
1
2
4
1
8
18
5
1
4
11
4
1
1
5
11
1
1
2
2
11
2
