1
5
2
73
4
7
1
10
3
20
3
4
6
3
1
2
10
3
3
64
15
3
1
27
6
4
45
6
4
1
9
12
2
11
19
1
5
22
2
31
1
2
2
5
1
11
3
12
2
12
22
4
14
10
4
2
18
4
1
1
3
19
3
1
11
9
34
8
1
9
23
2
3
3
24
50
13
1
2
8
26
2
2
18
42
9
2
1
33
1
4
1
5
1
9
16
50
1
5
18
4
31
5
5
1
7
23
4
7
3
2
1
3
2
11
1
7
2
24
2
1
16
6
17
2
4
2
12
8
5
6
2
7
2
1
7
2
10
1
1
3
2
10
12
2
1
1
2
1
6
3
3
1
6
19
21
2
1
19
3
4
24
1
2
8
3
1
1
26
1
3
3
1
1
3
70
13
51
2
1
5
6
7
19
7
5
17
1
9
4
5
2
2
37
1
1
2
2
5
1
1
2
8
22
4
1
7
16
2
16
1
12
6
19
2
1
4
3
3
45
21
1
6
7
27
24
7
4
1
15
6
4
12
3
9
4
5
14
4
2
5
2
11
90
3
3
12
16
4
10
5
2
7
7
5
12
7
5
10
58
2
2
1
63
6
1
1
10
1
16
4
3
28
21
2
2
5
1
5
139
1
162
31
2
3
2
31
2
1
3
21
1
7
1
12
2
5
4
58
1
2
4
61
2
34
8
1
2
3
17
4
11
2
61
64
1
1
2
4
1
3
1
2
3
13
17
2
1
3
2
6
1
6
3
1
1
5
2
2
1
1
7
4
15
1
5
2
2
4
9
1
4
1
5
8
4
11
6
2
23
4
5
2
2
35
1
12
1
1
5
2
3
4
6
25
2
4
1
18
4
4
2
4
7
13
1
2
2
1
2
2
19
1
1
1
2
1
9
16
12
4
4
6
4
1
24
3
10
18
1
3
2
19
5
1
3
10
4
4
1
3
2
31
31
18
6
2
2
4
20
4
1
1
9
14
35
7
10
14
2
6
5
5
4
22
17
1
6
2
1
31
8
1
1
6
2
4
23
16
2
2
17
4
16
4
5
4
2
1
23
6
35
21
16
5
4
17
15
13
5
21
10
1
4
4
6
2
3
1
4
3
6
1
7
3
1
7
1
38
2
1
1
2
11
3
1
12
9
17
4
9
3
10
43
12
1
11
4
9
1
1
23
8
5
3
1
50
3
12
1
14
4
8
5
19
2
9
4
8
6
21
10
1
2
1
8
14
30
16
3
2
18
2
4
32
13
4
4
11
2
5
1
2
1
5
9
6
8
1
1
37
1
1
6
1
2
3
1
1
1
5
16
19
2
3
7
3
21
16
2
19
3
47
1
21
162
2
5
2
5
7
2
7
1
2
3
1
3
9
37
19
6
2
18
30
4
2
1
140
3
1
8
1
30
1
4
2
2
16
3
2
7
3
1
18
2
2
13
27
1
8
2
2
5
8
1
25
16
8
13
7
2
11
23
2
2
2
4
3
58
1
1
3
1
25
4
16
3
3
2
3
1
1
4
5
1
3
3
8
7
12
1
2
4
5
8
3
3
2
1
18
10
19
1
3
15
28
1
15
77
5
1
9
2
7
1
1
1
3
8
24
23
2
12
2
3
6
2
10
3
19
9
15
12
1
5
1
29
32
80
1
11
53
1
11
7
4
2
2
9
53
4
60
4
4
4
1
1
1
2
66
3
1
2
1
4
4
3
10
29
1
1
5
23
2
6
6
1
3
1
3
8
26
1
13
1
2
2
1
74
1
1
3
29
1
9
2
8
3
3
26
1
1
4
2
3
2
4
32
1
24
4
2
5
2
88
12
1
16
1
2
7
7
39
1
6
18
9
33
8
4
1
1
2
1
1
2
13
43
30
4
1
4
4
3
3
1
1
1
3
1
3
34
44
2
22
4
2
1
2
73
2
5
25
13
33
4
11
2
9
2
17
1
2
4
5
7
2
2
1
1
1
5
11
2
3
19
3
1
10
2
2
2
4
18
8
35
4
1
14
7
59
1
5
1
3
14
3
4
2
25
2
10
37
13
3
3
34
16
2
23
4
15
1
9
42
4
24
2
9
48
123
6
2
3
24
1
5
18
5
5
2
13
2
1
2
4
1
7
1
3
2
1
14
1
2
21
2
20
12
2
15
3
42
7
1
3
9
2
3
7
5
1
8
2
7
13
1
2
8
1
3
21
2
9
8
1
8
2
3
1
2
1
9
35
1
5
2
1
23
43
2
3
2
9
43
4
29
2
6
4
1
23
6
2
2
10
6
16
26
2
11
3
43
4
1
10
42
36
43
1
2
10
10
47
2
2
3
2
6
1
2
2
71
3
2
8
3
24
5
1
26
3
1
1
5
2
1
6
28
15
5
2
1
31
2
2
1
1
1
45
8
1
3
1
16
1
29
1
6
4
1
2
25
5
1
2
2
2
4
2
5
8
22
11
3
7
25
1
5
4
11
6
3
68
70
1
2
23
1
11
2
28
2
4
6
1
2
1
1
6
3
3
2
2
3
8
4
2
2
28
1
9
34
4
29
9
6
8
2
2
2
2
13
34
86
3
1
60
4
2
5
