2
1
1
2
1
2
9
10
3
3
1
2
2
6
5
2
1
7
1
2
10
1
2
3
2
1
2
1
3
3
2
4
6
12
3
2
1
1
13
3
2
3
1
18
1
1
1
1
2
7
2
1
1
1
2
4
2
4
1
1
10
3
3
1
1
1
6
17
1
3
3
2
2
2
1
5
10
1
1
2
8
4
6
3
10
2
4
1
1
1
6
2
2
1
5
7
1
1
1
7
14
1
2
4
1
1
15
8
4
10
2
2
1
15
1
15
1
3
26
6
22
1
3
2
1
2
1
4
6
1
1
2
1
1
2
3
2
1
19
1
5
6
1
1
3
3
4
2
3
3
3
2
3
2
3
1
2
2
2
1
1
4
1
1
2
2
8
1
1
2
1
10
7
2
1
1
3
1
4
2
2
2
1
2
4
1
6
1
1
1
2
3
3
1
1
2
1
5
1
13
6
14
16
3
2
2
1
1
1
1
1
1
2
2
2
6
5
1
1
2
1
2
1
2
6
9
11
1
2
3
7
2
2
2
2
5
1
21
28
4
6
4
5
2
6
3
3
3
2
2
4
1
21
9
11
2
1
2
1
1
1
1
4
7
2
2
1
1
1
1
1
1
1
2
14
4
1
1
5
3
2
5
2
2
7
2
2
1
1
11
1
1
2
11
1
3
5
3
1
2
2
1
7
1
1
2
1
2
1
1
1
1
2
1
4
3
5
4
3
1
5
3
1
2
6
1
2
3
4
13
3
9
1
1
3
1
1
2
1
5
2
3
6
1
6
1
1
4
1
1
2
1
2
1
5
1
4
2
7
5
1
4
1
4
2
2
4
2
8
5
2
12
5
2
1
1
2
6
1
1
2
3
2
5
2
15
2
1
3
5
3
9
3
2
1
2
3
3
2
10
1
2
2
5
4
2
2
6
3
1
3
4
1
13
1
2
2
3
2
5
1
1
1
2
4
2
1
2
2
3
1
2
3
1
1
2
15
4
1
3
4
9
1
9
2
22
4
1
3
3
1
2
2
1
9
14
3
5
2
6
2
2
2
2
1
3
8
1
3
2
1
1
2
5
1
1
2
11
1
1
5
26
1
1
3
1
1
2
2
1
3
2
1
1
5
5
2
2
2
13
4
2
1
2
12
3
24
1
1
6
13
3
2
2
1
1
2
1
22
1
2
2
2
1
2
1
1
3
1
1
1
9
1
6
11
4
4
1
4
2
1
1
2
1
1
4
2
10
7
1
2
2
1
2
10
2
2
1
3
5
5
1
7
2
1
2
1
3
1
2
4
5
2
3
1
8
1
2
2
1
6
3
10
4
1
5
6
4
2
4
1
9
2
2
5
1
2
10
2
2
5
4
2
3
8
1
1
4
2
1
2
3
3
3
5
8
23
2
2
10
1
2
1
11
2
2
21
1
4
1
7
1
1
8
9
2
4
7
4
1
16
1
9
1
1
2
4
1
5
2
1
6
4
4
2
1
1
1
8
2
4
2
3
1
5
3
3
2
3
2
11
9
2
18
3
2
3
5
2
1
2
2
4
6
2
2
1
17
7
8
3
2
2
1
2
1
2
1
7
4
3
8
3
3
1
1
1
3
3
1
2
1
1
3
11
5
8
2
5
2
6
1
8
1
5
3
1
5
1
11
1
1
2
5
2
7
1
1
7
2
1
3
1
2
2
2
2
11
1
4
2
3
3
1
2
3
2
11
4
6
3
3
1
2
1
3
4
1
1
5
4
1
2
1
1
1
1
1
1
5
1
1
2
2
7
4
6
3
2
4
2
3
6
1
2
2
3
8
1
2
1
1
4
1
1
2
7
6
5
1
5
2
1
1
7
1
3
3
1
1
3
2
3
3
14
1
1
3
7
2
2
1
2
2
7
1
1
6
1
10
2
1
1
5
4
2
2
9
