1
3
2
2
3
22
9
2
2
13
5
2
5
1
7
3
2
2
2
2
1
2
3
2
3
1
1
10
2
3
1
2
3
2
7
6
3
3
1
3
1
3
6
5
2
1
5
1
1
3
2
3
3
1
6
3
4
4
1
1
1
3
4
2
1
5
3
1
6
3
5
2
16
1
5
4
2
1
1
1
7
1
2
2
2
4
1
2
2
2
3
3
6
1
3
3
1
7
4
1
2
6
4
1
6
1
5
1
2
3
2
1
9
2
2
1
2
4
1
6
10
26
7
1
6
7
1
1
16
5
2
6
2
1
2
2
1
4
3
8
3
1
2
1
6
2
9
1
5
4
3
1
5
2
5
4
4
4
6
2
7
5
1
4
1
2
11
2
1
2
6
1
2
1
3
1
3
2
7
1
4
3
1
1
4
3
1
22
1
1
6
1
14
2
4
16
15
9
3
1
12
25
2
2
4
1
2
1
8
1
1
3
7
4
6
6
3
3
1
2
2
7
2
3
1
1
3
6
6
2
9
1
1
1
4
1
2
14
4
1
27
2
12
6
5
2
3
2
2
1
1
5
9
2
3
1
7
2
1
4
3
3
4
3
1
1
1
1
3
2
26
4
2
2
10
9
1
5
1
1
1
2
3
3
12
2
4
3
1
1
1
1
5
1
1
1
1
1
1
4
1
7
3
4
1
1
2
3
2
5
1
1
1
2
1
4
2
1
4
2
2
2
1
1
4
3
7
2
1
2
2
1
3
3
1
4
2
1
2
2
2
2
3
3
4
4
13
6
4
1
3
2
1
5
2
2
21
1
7
1
1
2
2
5
1
1
5
6
1
1
4
4
2
1
7
2
4
2
2
6
3
5
1
2
1
2
8
10
5
2
4
1
1
2
2
1
1
2
2
2
3
1
4
1
5
4
1
8
1
6
7
2
1
2
4
1
1
1
5
8
1
1
2
1
2
1
25
1
2
1
1
2
1
2
2
2
1
4
8
1
1
8
1
4
2
14
24
1
1
1
1
13
2
5
3
1
2
2
1
1
2
1
2
1
4
3
3
3
5
6
2
1
1
2
2
26
1
1
7
2
2
2
2
1
1
2
1
1
1
1
2
2
1
2
1
1
1
1
3
1
1
5
3
11
4
2
1
1
1
2
1
1
10
2
3
1
4
9
2
12
2
7
4
7
5
1
1
6
1
1
7
5
2
3
19
1
1
5
3
2
5
6
2
1
2
3
5
2
2
2
11
6
6
2
1
1
4
2
10
1
1
1
1
1
4
1
2
1
2
6
1
1
2
1
7
1
2
1
5
1
1
1
2
1
2
2
2
6
3
3
7
5
1
4
8
