32
14
39
36
1
79
1
95
58
103
7
11
160
1
6
196
1
22
3
25
189
99
177
40
11
67
60
3
67
9
18
15
7
9
100
35
31
32
13
2
32
1
11
12
2
3
4
1
50
25
77
48
24
115
18
109
79
10
240
10
56
1
279
252
53
6
12
92
375
23
1
90
222
2
4
130
39
34
1
4
13
1
281
25
153
1
65
77
252
87
173
33
7
245
43
188
207
26
113
11
14
14
2
55
218
15
1
188
214
76
1
4
47
1
34
3
13
34
3
115
21
3
162
3
8
2
20
29
2
102
188
119
18
50
103
84
6
19
76
116
287
136
128
4
258
56
8
61
62
3
378
59
8
400
9
26
193
22
136
241
29
11
4
95
120
238
1
73
383
44
36
34
125
32
5
3
102
20
30
429
3
7
173
321
3
47
8
15
13
42
88
14
57
21
160
13
5
125
114
59
164
7
468
253
1
38
1
26
79
12
36
154
3
7
15
13
11
56
93
253
130
271
35
1
2
8
269
9
15
13
3
33
138
197
36
112
3
4
12
2
9
3
50
5
11
6
2
37
2
1
101
1
5
37
2
62
13
61
12
15
5
7
1
115
57
85
7
45
3
28
247
51
2
41
17
6
12
16
21
35
189
73
1
5
30
181
11
102
112
2
164
21
6
13
29
48
77
100
66
33
34
171
14
1
76
4
1
8
283
22
22
190
268
7
37
1
257
21
35
1
184
4
4
38
69
10
1
293
88
76
35
62
245
36
60
269
9
24
88
55
7
120
6
9
35
46
1
16
6
5
7
64
129
14
8
3
349
11
48
6
26
99
5
28
115
9
3
20
115
385
3
43
101
124
31
50
9
19
10
108
38
301
1
67
1
1
111
61
4
28
321
65
23
232
4
51
8
74
292
101
140
170
22
8
5
27
14
6
172
13
99
213
2
22
57
62
139
70
208
21
2
58
1
11
1
18
71
28
159
29
13
71
23
17
164
188
1
230
132
14
49
97
1
42
28
331
12
57
308
273
43
36
29
38
28
95
303
50
2
27
2
13
21
3
140
228
2
117
15
1
270
1
21
28
7
49
34
98
15
2
1
290
20
3
3
15
59
5
183
3
132
158
13
7
409
39
30
5
31
46
16
1
2
38
16
4
29
11
23
44
31
52
379
17
42
26
65
21
407
2
12
70
28
1
43
14
15
1
12
9
19
21
1
157
267
15
11
5
32
86
49
10
1
18
92
33
19
6
27
4
2
26
297
262
10
40
11
197
11
149
145
132
42
182
14
16
5
264
3
122
9
26
105
12
3
62
3
46
7
37
33
10
228
1
52
24
98
22
1
88
4
32
7
157
26
102
10
7
7
106
26
44
2
35
44
1
162
1
105
423
2
154
215
44
23
1
1
71
17
126
11
7
3
1
2
49
1
18
13
2
94
2
13
1
82
5
11
1
1
43
6
22
244
6
18
16
20
90
39
104
138
277
56
5
9
28
30
6
22
5
30
113
68
25
48
128
75
13
3
152
13
40
3
3
6
118
17
50
57
29
22
125
76
6
38
41
34
7
134
326
39
2
154
89
95
40
84
2
234
2
77
3
360
25
60
18
1
129
22
11
22
3
5
406
198
16
432
12
43
69
36
54
54
67
23
20
107
60
19
437
26
13
8
432
37
366
4
3
18
326
30
232
57
89
88
10
291
42
21
149
9
62
434
3
49
33
171
47
181
2
6
60
10
37
19
128
391
76
4
357
357
37
99
35
43
19
51
1
28
27
239
41
1
2
298
15
119
16
13
12
1
1
2
233
5
25
7
279
384
1
6
381
119
293
105
377
3
17
194
175
9
22
1
2
177
7
158
180
112
40
71
113
89
359
67
90
150
4
141
3
165
2
144
28
19
3
20
430
1
1
127
83
125
160
31
148
273
47
301
14
284
1
4
5
1
35
29
2
13
14
4
15
1
15
3
112
16
2
71
7
30
34
25
34
93
4
140
39
440
85
28
1
1
50
13
237
42
54
34
138
59
28
386
111
11
26
2
19
2
5
19
57
17
3
64
19
39
39
101
16
4
3
95
6
254
27
8
3
9
3
20
10
28
1
107
76
5
175
15
175
1
22
24
82
4
65
8
3
15
1
260
2
13
1
30
14
101
168
5
65
8
15
3
5
8
3
11
278
23
1
390
6
1
33
63
17
24
34
57
1
15
49
10
62
1
3
120
36
29
1
21
38
368
3
6
83
110
53
254
36
16
15
108
32
11
6
116
5
4
78
2
92
218
1
8
2
36
4
71
274
25
146
73
4
190
4
98
190
2
34
17
17
15
20
4
20
40
38
101
60
2
29
34
41
44
111
135
16
58
1
47
11
21
28
136
42
91
277
171
58
69
13
370
1
121
5
1
1
3
35
7
16
7
2
1
16
78
21
5
70
16
62
69
2
124
204
12
24
189
117
28
12
15
65
285
86
53
29
4
310
339
4
7
18
27
113
242
257
33
31
3
1
132
47
103
384
16
214
10
2
10
35
105
24
85
2
1
117
90
5
89
16
13
1
28
408
11
9
37
182
22
233
122
2
77
202
112
9
1
60
63
82
25
13
146
78
5
133
145
16
5
339
124
3
2
13
208
12
43
11
12
33
10
15
132
52
32
1
323
6
7
311
141
308
4
6
59
94
174
21
16
1
7
315
10
14
1
100
10
149
13
57
6
28
22
255
1
105
13
19
69
132
167
65
7
247
32
19
50
8
31
3
39
3
144
29
251
51
68
87
2
17
286
52
89
19
1
67
88
25
26
108
163
7
38
10
404
106
67
1
5
23
96
15
4
6
3
28
68
8
13
146
10
83
11
68
11
8
71
1
1
148
218
322
3
77
9
142
12
3
4
299
13
178
31
117
25
141
273
223
1
9
323
4
114
1
22
78
22
13
11
1
1
1
1
1
3
47
1
1
1
1
14
1
4
1
2
4
1
5
72
35
2
13
89
58
2
1
2
20
157
8
36
6
17
1
3
14
1
1
1
3
65
5
12
1
7
16
3
3
24
47
3
1
323
1
1
6
1
1
1
1
3
55
2
1
1
2
1
1
23
42
1
1
2
2
1
2
78
3
1
1
1
1
2
1
3
1
1
1
1
1
1
1
12
4
1
21
2
1
1
1
1
14
131
1
13
29
1
4
6
13
4
6
2
4
1
1
8
1
5
13
14
47
47
8
1
2
1
1
1
7
1
16
1
1
1
3
1
2
4
1
20
79
37
2
1
1
32
2
1
5
38
4
1
69
2
2
1
16
2
1
1
6
1
28
4
12
1
4
1
3
1
8
4
1
8
1
4
1
1
22
15
16
14
9
1
1
4
4
8
22
1
1
227
4
1
1
14
42
13
54
4
2
2
1
1
37
1
1
4
1
1
3
3
1
1
41
5
1
2
2
1
48
89
3
2
2
1
1
4
83
2
1
1
1
5
6
33
28
1
1
3
1
1
1
26
3
3
26
1
1
19
1
2
1
1
26
1
2
26
1
47
94
4
4
38
4
1
6
11
2
2
52
262
8
21
1
1
1
1
1
42
1
1
2
7
1
3
7
1
1
9
1
23
1
2
1
5
1
33
4
2
4
10
1
239
1
1
2
1
1
1
3
201
26
4
15
1
1
4
1
132
4
1
6
22
7
31
90
12
4
30
1
1
1
13
1
13
1
1
1
1
1
9
1
1
1
1
1
1
1
1
12
1
1
1
1
1
4
1
1
2
1
1
1
1
1
58
32
1
1
1
2
1
1
2
53
1
1
1
1
1
1
1
1
1
1
2
1
1
18
1
1
2
2
23
2
3
1
8
1
3
3
6
1
1
3
1
1
3
38
1
1
1
1
1
3
1
67
3
1
4
2
1
7
1
1
1
2
4
1
1
1
17
15
1
1
32
3
7
7
4
1
1
7
12
4
1
10
1
1
1
5
3
2
3
1
1
5
1
60
1
1
1
1
1
12
77
1
1
11
2
9
11
4
9
2
1
5
9
247
2
2
66
1
1
1
16
1
2
2
2
9
1
4
1
5
1
1
1
1
1
2
1
1
2
1
29
1
1
158
1
1
1
1
1
1
14
1
1
3
7
1
6
1
62
3
1
2
1
1
71
3
3
8
1
1
1
1
3
2
4
2
2
3
1
1
1
8
9
1
1
1
1
1
1
1
1
8
1
2
2
3
1
1
67
1
39
1
13
21
36
2
1
15
1
2
19
1
4
1
14
1
1
1
2
6
1
1
3
8
2
44
433
3
10
1
1
1
44
2
15
5
2
2
1
2
4
6
9
1
1
1
2
16
68
2
1
1
1
2
1
1
5
44
2
2
17
1
4
1
1
20
1
1
1
56
2
1
2
1
2
50
1
1
1
1
1
1
1
2
1
2
59
4
1
1
1
1
1
8
2
15
1
1
2
2
1
2
1
11
2
1
3
38
1
1
1
117
2
1
1
1
1
6
1
3
1
1
1
1
8
2
1
3
79
2
4
1
1
1
10
10
9
1
1
2
1
46
20
3
32
4
178
2
22
3
2
2
1
4
1
1
92
1
2
5
13
3
1
2
6
1
1
1
3
1
1
1
210
90
3
8
3
1
1
1
12
6
1
30
1
1
6
4
1
1
1
1
23
5
7
15
2
2
98
4
9
1
167
1
1
1
3
2
1
3
3
276
12
3
9
1
1
1
2
4
1
1
47
2
1
1
1
1
1
1
1
1
1
1
3
8
1
1
1
1
1
1
1
1
19
5
28
1
9
33
21
13
25
1
111
6
15
60
4
12
37
1
24
1
1
15
1
10
2
50
6
6
56
33
2
18
89
3
4
2
5
1
2
56
1
2
1
1
26
3
1
1
1
1
1
6
2
1
2
3
3
1
68
20
6
1
26
2
1
3
4
1
1
1
1
19
143
4
13
1
2
153
1
1
1
1
1
74
79
6
1
1
1
1
1
90
1
1
1
1
2
1
5
1
1
1
1
14
5
5
154
1
1
1
1
6
1
1
1
8
50
2
1
1
8
1
1
1
1
1
7
1
1
1
2
1
1
3
1
67
1
1
1
3
19
109
32
1
2
53
19
2
10
1
1
1
1
1
2
1
51
2
1
2
1
3
27
12
32
1
1
1
8
2
1
33
3
5
11
16
4
1
1
5
2
5
1
2
2
1
1
1
4
2
37
1
1
3
1
63
1
1
3
6
1
1
1
1
33
2
1
1
1
33
1
31
93
49
1
24
1
3
4
1
1
2
2
5
35
1
1
1
3
9
14
1
4
11
2
108
1
6
1
1
1
3
58
5
1
1
35
1
1
1
2
7
1
1
41
2
1
1
1
2
2
1
1
3
1
1
122
1
7
6
4
5
1
2
1
1
30
1
2
1
3
1
1
1
7
1
1
31
1
65
15
1
2
1
22
1
1
1
1
1
6
9
29
1
1
1
85
2
1
1
14
1
1
17
1
1
89
1
3
1
22
1
2
2
2
1
1
1
1
103
1
6
2
1
15
1
1
9
54
6
87
1
1
1
2
1
1
1
1
2
1
3
1
2
1
1
1
5
1
1
1
1
2
47
39
2
1
2
1
1
1
1
1
1
1
1
45
5
1
1
1
108
1
18
4
9
9
9
1
3
1
2
36
1
1
1
7
27
3
1
40
39
125
2
1
2
1
6
2
1
3
3
1
1
79
1
8
29
28
1
22
2
1
1
1
2
14
1
1
1
3
4
1
2
1
1
1
1
1
1
4
1
8
10
2
15
9
43
2
59
1
1
7
1
4
1
2
1
30
3
1
6
20
19
32
58
4
114
1
16
1
1
1
3
1
126
72
1
2
1
1
2
1
1
1
1
6
25
1
3
14
7
4
2
3
1
2
3
1
1
1
11
1
1
10
7
2
48
3
5
1
31
3
7
2
20
3
27
8
8
7
3
1
2
11
6
1
2
3
4
1
4
1
1
5
10
9
1
1
2
1
2
4
1
1
73
2
1
403
1
8
2
1
1
3
1
2
2
62
3
33
1
31
5
4
5
1
1
6
3
1
5
1
10
1
24
28
2
1
2
7
1
1
1
1
1
1
1
62
2
6
1
8
1
9
3
6
3
1
2
11
1
8
3
3
1
1
1
1
15
15
1
4
1
5
7
4
2
1
16
1
2
23
4
1
2
1
30
1
1
1
1
1
21
1
8
6
51
1
15
1
1
3
1
2
31
10
16
12
2
48
1
23
5
1
1
1
2
1
2
2
2
12
1
2
2
55
2
4
2
3
14
5
5
1
8
8
153
111
27
10
11
63
7
82
110
1
1
1
1
1
1
5
2
9
2
4
1
7
6
7
1
1
1
2
26
4
3
1
93
5
1
2
7
55
1
1
1
10
3
17
2
24
1
1
2
1
1
6
14
26
11
5
1
1
3
1
48
2
1
5
27
1
1
1
3
1
2
6
1
57
1
1
1
2
1
2
1
1
1
1
1
3
22
1
3
3
1
1
40
2
1
1
1
1
4
1
2
1
2
1
3
6
1
1
2
1
1
8
2
1
46
1
1
2
1
1
1
1
61
1
1
2
7
3
6
1
1
1
8
4
1
4
1
1
1
4
1
1
3
1
1
1
1
1
6
1
4
4
3
1
1
1
1
1
1
1
1
1
1
1
6
1
1
166
2
3
49
7
1
1
1
1
4
4
1
3
1
1
1
2
1
1
1
1
2
1
6
2
211
4
1
5
11
7
10
2
1
1
1
317
1
1
1
2
1
5
1
2
2
1
2
1
1
1
1
1
10
5
6
2
6
1
1
1
18
13
31
1
1
8
1
108
1
1
1
1
6
7
1
2
1
1
1
1
1
6
1
1
2
2
1
3
1
1
2
39
1
2
2
2
2
2
1
26
1
2
1
1
1
2
1
2
2
1
2
4
2
1
1
3
16
2
1
1
1
1
1
1
1
1
1
1
23
2
1
1
1
43
62
24
17
9
2
30
3
1
1
3
1
4
1
1
1
2
3
1
13
1
2
2
2
1
1
26
1
1
1
2
25
1
2
1
8
1
1
3
4
1
1
3
1
10
32
100
29
4
6
4
9
1
1
2
1
1
1
16
1
146
1
1
10
1
1
4
1
9
1
1
1
1
27
1
74
5
6
50
23
1
37
100
1
1
52
8
4
1
1
41
124
6
146
12
50
1
1
1
1
157
6
69
1
1
11
1
1
1
4
99
54
73
31
1
1
1
8
1
2
7
2
1
2
1
2
1
1
1
127
7
4
3
2
1
1
3
1
1
130
4
1
1
16
35
1
2
1
2
3
1
1
20
1
4
3
2
2
1
2
22
5
1
6
9
2
1
9
1
1
4
1
2
1
1
1
83
15
2
1
5
1
2
1
6
1
1
1
1
3
2
1
1
3
185
1
2
1
1
1
3
1
3
1
1
1
1
3
3
1
2
1
1
58
1
1
1
2
1
1
9
1
2
1
1
2
28
3
3
290
2
37
2
1
1
1
15
1
1
1
1
1
2
1
1
133
1
2
69
163
1
2
2
2
2
1
63
1
2
1
129
2
1
1
1
1
1
12
1
1
1
17
6
1
1
16
1
8
1
1
3
1
1
7
3
149
33
1
119
4
2
1
1
2
2
1
1
1
1
1
109
2
1
6
1
3
4
1
1
3
2
73
1
2
1
4
1
1
1
1
1
1
1
1
1
2
3
1
1
4
1
2
1
2
4
1
12
2
1
8
1
1
2
1
8
1
1
4
2
77
1
7
11
2
35
4
2
2
1
1
1
1
1
1
56
8
28
1
1
6
1
1
1
1
1
3
192
1
1
3
1
1
1
3
6
2
1
1
2
3
4
2
1
13
1
1
29
1
2
3
56
1
3
8
5
3
1
37
18
7
2
4
1
31
3
2
3
1
1
2
6
56
52
1
3
1
1
1
1
2
1
1
10
2
8
11
1
3
3
3
3
1
1
18
2
1
4
2
77
1
4
1
1
1
54
22
3
3
1
5
2
21
5
5
1
7
1
1
1
3
1
5
1
67
1
1
1
3
5
12
1
1
2
54
6
1
1
1
3
2
1
3
3
3
1
2
1
2
7
5
3
11
4
6
2
1
1
2
3
1
1
1
1
2
1
15
1
1
1
1
1
1
1
1
2
1
8
7
40
1
2
1
2
3
1
1
1
3
109
1
2
1
3
2
1
1
1
1
1
1
1
1
1
1
1
1
24
71
1
1
1
1
1
1
1
1
22
7
1
1
1
1
2
1
2
2
3
2
2
3
1
11
6
1
1
1
1
14
2
98
1
1
2
16
1
1
3
3
3
1
2
2
1
1
4
2
2
1
1
2
3
129
1
1
1
1
4
1
10
6
2
1
1
3
1
2
1
1
4
160
1
120
44
108
2
2
1
31
1
1
1
1
3
1
1
1
1
2
55
14
1
1
3
1
1
1
39
1
1
3
23
2
2
1
4
1
1
1
1
2
3
56
1
2
1
1
2
5
1
1
2
2
1
3
3
3
30
11
2
1
9
2
2
2
1
1
44
14
11
1
1
1
20
2
1
1
3
5
1
51
2
2
2
9
2
34
1
2
3
1
157
1
1
2
1
68
1
60
1
88
1
1
1
4
1
1
1
1
1
46
18
7
8
3
1
4
1
1
7
4
1
7
1
33
23
10
13
1
1
3
2
2
3
10
1
7
3
46
1
24
1
47
17
112
29
56
24
1
6
2
2
13
3
2
2
7
1
1
1
1
1
3
1
1
1
1
5
2
1
82
1
2
1
1
2
11
4
1
9
39
2
1
2
5
1
1
9
1
2
3
6
10
33
1
1
1
3
3
1
100
1
11
1
6
3
1
3
2
2
2
4
11
46
34
1
1
3
4
1
2
1
43
2
1
2
5
2
1
3
1
1
9
52
1
1
1
1
1
1
12
2
1
1
1
2
1
1
12
2
1
1
6
1
3
1
1
19
1
1
32
1
1
1
1
1
11
1
1
2
23
8
48
2
6
1
61
1
1
1
18
53
2
1
1
3
2
33
296
22
13
1
1
1
3
3
1
3
1
2
1
1
1
22
1
4
1
1
1
1
1
1
2
1
2
1
2
4
86
4
136
1
2
1
1
2
1
1
1
3
1
1
1
2
1
3
4
2
1
4
1
1
164
1
14
1
193
2
2
2
1
1
76
1
4
1
28
2
1
1
1
1
2
1
1
2
1
20
1
1
1
1
52
1
32
2
1
2
2
3
1
1
1
3
9
13
3
3
3
1
1
20
9
1
1
1
1
1
33
8
2
1
4
3
2
1
117
1
2
1
1
1
5
2
1
1
2
9
2
2
1
3
4
1
1
15
273
1
4
4
1
1
1
1
1
5
4
1
1
1
1
5
5
2
1
3
1
1
1
24
1
9
1
1
36
41
1
7
1
2
1
1
67
1
12
1
2
1
41
1
3
1
1
13
2
1
1
1
1
2
1
1
1
5
9
1
50
1
30
4
1
1
1
1
1
1
1
1
2
1
1
16
1
1
4
1
1
1
50
1
1
1
1
2
1
1
1
1
32
1
1
1
1
13
2
2
31
1
1
5
1
1
1
2
1
1
1
1
1
1
1
4
1
1
1
88
2
1
4
4
1
42
1
1
1
1
2
1
1
1
2
1
1
4
1
1
1
18
1
1
1
311
1
1
1
35
1
1
12
3
2
13
6
1
3
2
1
1
21
3
1
25
1
3
1
1
50
83
1
1
1
1
1
3
1
1
115
3
2
2
22
8
3
4
1
9
7
43
4
7
3
8
3
7
1
1
1
1
5
24
1
1
22
29
1
1
10
1
1
2
2
3
1
4
2
1
1
1
1
1
3
1
1
2
1
8
1
2
1
6
1
1
2
9
1
1
3
1
1
3
1
1
4
52
11
3
124
15
1
2
8
2
2
2
1
3
148
10
2
1
7
3
2
29
8
1
1
1
1
9
2
1
73
1
44
2
21
1
19
22
24
65
12
1
43
3
1
2
5
2
8
5
2
1
19
6
23
1
77
1
3
2
48
1
1
1
10
1
2
50
1
2
2
10
1
1
205
4
34
1
2
1
9
1
7
184
10
2
6
1
161
10
7
2
1
1
1
2
2
1
1
2
1
1
1
2
2
1
109
1
8
1
1
1
1
2
1
1
1
1
2
2
1
1
30
2
170
1
1
4
2
1
2
1
18
1
1
3
1
1
2
1
4
238
2
1
2
1
1
1
1
1
1
1
2
21
1
1
8
1
1
1
1
6
2
1
1
1
1
2
1
4
1
1
2
61
1
1
2
2
3
3
1
1
1
1
2
2
1
9
1
1
2
1
134
1
440
1
1
1
2
144
7
2
92
2
113
2
1
2
1
1
1
1
2
1
1
1
3
3
1
1
2
42
18
1
1
1
4
3
4
1
1
75
1
1
25
1
1
1
140
1
6
2
39
2
2
1
2
69
12
1
1
1
1
1
100
39
44
2
55
5
5
1
1
1
7
1
1
110
1
7
2
122
2
1
1
3
1
1
255
1
4
1
2
4
1
1
1
1
1
2
2
1
1
1
5
1
3
1
1
21
1
1
1
1
3
1
231
2
1
1
22
1
22
1
60
1
1
1
6
1
4
66
2
1
5
1
1
186
1
4
1
1
1
6
54
12
1
2
2
20
2
1
1
1
2
1
1
1
1
1
1
1
1
1
1
1
2
2
1
1
1
1
1
11
1
1
2
188
1
1
1
2
3
4
52
1
68
1
1
2
1
4
54
1
4
3
11
12
1
1
1
64
1
8
1
1
2
7
1
33
17
1
1
5
2
35
15
1
1
3
1
24
113
16
1
1
3
142
127
98
1
1
1
78
4
1
1
10
1
2
94
1
1
2
9
1
1
96
4
3
1
1
5
1
1
1
3
1
3
2
1
2
1
1
3
1
88
5
2
12
17
9
8
1
2
67
2
1
3
2
7
48
1
2
52
1
1
11
1
8
9
14
10
32
1
4
73
1
8
31
1
3
1
5
10
1
1
12
1
67
40
3
3
2
82
1
29
7
2
7
38
21
1
7
2
38
11
9
1
4
27
1
54
28
12
2
1
2
13
1
5
1
1
1
2
2
1
26
1
1
11
5
50
3
1
1
1
2
2
9
1
1
36
102
2
13
39
1
9
140
2
8
10
1
10
4
3
6
2
2
4
1
26
1
1
2
5
1
2
1
5
1
1
1
1
1
5
1
1
10
77
2
6
5
2
1
6
1
2
1
1
2
1
1
3
1
1
1
1
1
9
12
125
1
1
1
1
1
5
1
4
2
45
1
2
2
1
2
1
1
3
6
1
27
1
2
8
9
17
5
26
2
2
4
6
2
4
90
1
1
1
2
13
1
1
1
77
33
6
3
16
1
59
1
1
4
106
123
1
2
1
2
1
2
19
1
1
8
1
2
81
26
1
1
1
1
1
1
1
1
1
61
1
1
1
47
1
79
96
5
2
1
2
1
1
1
1
1
1
1
1
26
36
27
1
2
15
1
1
2
3
1
184
29
20
3
2
10
64
15
2
54
1
1
1
1
1
5
1
1
4
1
3
1
1
1
1
1
1
1
1
4
1
167
1
1
1
6
10
1
1
137
1
35
1
35
3
1
1
1
1
277
1
1
25
1
1
11
3
117
63
1
1
22
1
4
2
1
1
1
1
1
1
1
1
8
1
2
1
2
2
1
1
2
1
2
1
18
3
3
3
1
2
3
1
1
1
1
2
13
36
1
1
3
4
5
1
1
121
23
1
1
1
32
2
1
1
3
9
1
206
1
1
1
1
1
1
1
1
2
2
4
1
1
1
1
11
1
50
4
1
2
1
1
1
5
1
23
1
1
3
1
2
1
3
2
1
1
1
1
20
6
1
7
39
1
3
1
41
1
1
1
4
1
2
1
1
62
12
1
1
12
1
1
3
5
1
1
1
1
101
3
1
1
1
3
4
1
2
1
1
3
2
1
8
15
1
85
5
8
1
2
1
8
2
2
1
3
1
1
1
1
5
1
1
26
1
1
1
4
3
10
6
2
2
12
1
5
3
55
4
1
2
3
18
12
1
2
21
1
1
6
1
1
4
6
1
16
1
1
10
1
1
1
1
1
1
13
2
11
4
3
14
138
3
2
1
1
1
2
1
1
41
1
4
1
1
1
11
1
7
1
1
4
5
1
25
1
88
1
1
1
31
41
1
14
1
1
1
1
1
1
3
3
1
1
4
1
1
2
159
1
15
2
1
29
5
3
14
5
3
1
2
3
1
1
1
2
37
1
1
1
24
1
2
2
1
3
1
40
2
3
3
1
2
77
7
9
1
1
7
1
2
1
3
70
5
6
2
1
96
1
1
3
2
2
2
2
13
1
61
1
1
6
8
1
1
1
1
1
1
3
3
2
2
2
1
2
17
1
3
3
2
1
1
2
1
1
1
1
1
1
2
1
1
1
22
1
117
9
25
1
3
20
36
1
16
1
1
25
1
28
1
1
48
1
1
3
16
1
12
1
27
4
1
1
1
1
1
34
31
15
1
249
202
1
6
1
1
1
1
1
3
1
50
2
57
3
3
9
6
1
5
3
2
7
48
7
1
18
1
1
10
1
1
1
3
2
5
138
8
1
1
36
1
108
146
1
1
11
2
2
1
24
1
6
12
15
3
1
1
21
1
1
16
1
2
1
3
1
171
9
1
1
2
1
1
3
1
1
3
2
3
8
8
8
1
1
1
1
11
1
1
1
1
1
1
1
1
1
2
1
2
1
1
1
1
148
1
1
5
97
1
4
1
1
5
1
1
1
36
1
1
1
2
1
1
1
1
1
56
10
1
3
8
1
70
1
1
1
1
1
1
1
1
31
1
1
112
1
1
2
2
1
17
2
1
1
1
2
1
1
1
1
1
2
4
18
2
7
35
1
3
7
2
124
2
1
1
2
1
30
2
1
5
1
1
1
3
1
8
7
1
1
2
5
1
12
1
13
5
1
5
1
3
1
1
35
6
2
1
3
3
3
1
1
1
1
1
1
2
1
8
10
1
166
1
1
1
4
3
1
1
1
8
1
1
1
13
1
1
1
1
28
9
1
2
1
9
6
5
5
24
111
1
7
17
1
1
145
2
1
3
1
12
1
23
76
4
1
29
1
4
3
1
1
8
197
4
2
2
3
2
1
36
1
21
19
1
4
1
3
1
1
1
1
10
2
1
71
3
1
1
1
8
5
1
1
3
1
1
24
1
1
1
1
11
44
1
2
3
1
2
12
2
1
2
1
1
5
2
1
143
6
2
1
1
1
2
1
9
3
4
3
1
9
15
1
1
1
1
30
15
86
18
1
2
39
1
43
1
1
2
1
2
2
1
1
48
23
26
1
4
30
1
13
122
7
1
74
3
30
1
21
2
8
6
1
1
1
1
2
2
28
1
1
1
3
2
1
1
1
20
1
1
10
2
40
3
1
1
1
1
1
1
134
1
1
67
36
1
1
3
17
1
1
1
1
14
2
1
1
4
1
1
13
3
1
1
2
1
3
6
1
2
7
1
11
2
3
43
3
3
10
1
9
2
4
2
1
35
7
31
1
5
4
5
7
5
4
1
7
2
1
1
9
10
6
3
4
3
60
68
8
4
4
2
1
19
4
3
6
1
1
11
2
17
2
5
1
1
22
1
1
2
1
4
1
22
1
1
6
1
1
1
2
136
1
12
34
2
1
122
1
1
1
1
1
1
1
3
1
1
1
5
1
2
88
2
6
6
1
2
1
1
2
1
2
2
2
2
1
2
91
1
1
13
110
2
66
7
1
2
1
1
1
1
3
78
221
1
15
4
1
1
1
1
1
1
1
1
2
1
10
1
1
1
119
5
1
13
1
2
1
1
2
2
2
6
2
1
1
1
1
1
1
1
97
1
4
1
1
30
1
1
7
1
1
1
1
102
2
1
1
86
183
5
3
1
8
2
1
8
1
2
47
2
17
6
36
1
5
1
1
1
20
1
1
13
4
6
1
59
7
12
1
3
1
3
2
2
1
1
1
2
1
1
1
1
1
1
1
7
7
19
3
8
4
2
2
7
55
11
7
1
4
8
3
1
1
1
1
13
2
123
1
8
41
17
3
1
1
3
71
8
28
1
2
1
1
2
32
3
108
1
3
2
1
18
1
8
6
4
1
1
3
2
1
9
148
1
1
1
2
1
2
6
1
1
2
1
7
1
2
1
1
5
1
1
30
2
17
1
2
1
1
1
8
1
50
15
1
1
1
2
1
2
1
26
19
1
3
7
1
14
6
1
10
2
1
2
22
2
4
4
1
1
1
1
1
5
1
1
33
3
4
1
6
36
1
2
1
1
11
1
4
2
1
3
2
1
2
4
1
67
1
9
57
22
1
1
8
1
18
1
54
1
2
1
21
1
1
1
5
1
210
2
5
1
2
2
4
5
1
1
104
1
2
1
15
6
3
1
20
1
5
6
4
11
1
9
1
5
1
1
3
1
1
1
2
151
1
14
1
25
1
1
2
85
35
1
1
1
1
1
1
1
1
1
1
1
1
1
1
5
2
2
1
1
1
9
1
1
1
17
1
1
1
9
1
1
2
1
1
1
1
1
1
24
93
2
1
4
1
12
3
1
1
1
1
2
5
4
1
2
50
2
2
2
2
2
1
1
1
2
3
20
241
2
2
5
15
102
1
1
3
141
1
77
1
66
1
1
5
25
1
1
14
1
1
4
2
1
2
1
3
5
1
10
1
1
35
157
5
1
1
1
56
6
10
42
1
14
1
1
1
1
12
3
1
2
2
1
3
75
1
40
2
1
6
29
1
1
1
1
6
9
1
16
2
1
1
226
1
1
1
1
1
4
6
2
29
8
1
1
1
2
1
1
1
1
1
2
1
23
1
1
2
5
1
1
1
1
1
2
8
1
104
15
1
1
1
3
19
1
1
2
176
14
1
8
3
2
1
1
1
12
1
2
1
2
2
1
5
5
112
1
2
21
167
2
2
2
1
1
1
1
1
2
1
1
1
1
56
1
1
2
5
74
2
1
5
3
1
1
1
3
7
5
1
1
1
1
1
1
1
157
1
1
1
8
1
1
2
7
1
1
1
1
4
2
55
13
17
3
1
1
2
2
1
1
3
1
4
13
1
1
1
186
4
3
1
1
1
1
1
6
1
1
1
8
1
3
143
7
1
1
1
1
1
4
2
41
2
7
1
1
5
1
1
1
65
1
1
1
7
1
2
1
40
1
1
1
1
12
1
1
1
1
1
124
35
1
1
22
1
15
1
1
3
2
6
1
1
40
1
3
1
1
1
1
1
3
2
1
68
1
1
1
1
1
1
1
9
1
1
134
5
29
1
1
9
1
2
1
3
2
12
90
1
1
1
4
1
1
1
1
1
1
2
1
9
14
3
1
1
1
2
95
1
1
1
44
25
1
1
1
1
1
1
1
4
1
1
1
1
1
1
1
70
145
105
84
1
1
1
1
3
20
1
1
2
1
4
1
3
2
1
2
126
2
1
1
2
9
1
4
9
1
1
1
1
1
1
51
1
4
1
1
1
2
15
4
1
1
32
1
49
1
1
1
3
1
8
1
2
1
1
1
5
1
2
1
1
1
1
106
39
60
145
1
123
5
1
1
1
58
30
15
2
1
1
62
1
1
1
2
1
1
76
5
1
1
1
1
72
1
32
43
1
234
2
2
118
9
3
1
3
1
86
2
1
4
3
1
1
87
4
1
1
24
3
3
3
7
7
1
7
1
1
1
5
204
2
3
2
2
5
29
5
1
1
1
1
1
35
1
6
2
6
1
3
9
1
4
3
27
1
1
1
1
2
2
3
14
40
2
1
2
1
3
95
2
2
2
2
2
6
1
159
29
1
1
1
1
2
5
1
1
2
1
1
1
1
10
4
1
3
6
2
113
1
6
4
5
1
1
31
1
1
1
6
29
1
3
1
6
1
5
48
1
4
1
12
6
1
56
1
5
1
2
2
3
1
6
7
116
3
1
1
68
5
2
1
2
1
1
20
1
1
1
2
6
1
2
12
9
2
1
3
65
4
1
6
1
1
1
3
1
1
3
7
7
2
210
1
6
6
3
3
1
1
2
1
3
1
1
2
1
1
1
198
1
1
6
2
12
4
1
43
1
1
1
30
5
14
1
4
7
2
1
1
1
2
1
1
15
10
4
1
12
1
1
4
1
75
5
1
1
13
3
1
6
23
4
1
16
2
4
1
1
1
1
1
1
5
2
2
4
1
1
5
1
1
2
27
3
1
1
1
4
4
43
6
1
14
1
6
2
10
1
87
3
2
31
32
1
1
1
7
1
148
1
11
1
1
37
1
7
3
1
1
1
112
1
6
1
1
17
1
1
2
1
1
8
40
1
1
4
8
3
2
1
4
1
18
1
6
1
4
161
1
1
6
1
5
4
1
1
1
2
2
2
2
1
1
1
4
2
1
1
2
1
2
4
1
2
2
22
1
61
3
4
1
5
4
1
1
1
2
1
2
141
3
17
1
9
1
3
1
9
2
1
1
6
1
85
1
1
5
1
12
6
1
2
1
5
42
1
14
2
20
1
7
1
1
1
17
5
8
31
2
1
7
1
3
2
143
3
3
4
39
1
1
21
1
2
135
1
7
1
4
6
2
57
25
2
1
2
6
1
1
1
30
1
2
2
2
1
7
1
1
29
1
1
1
13
94
1
4
2
6
1
1
2
2
3
1
1
1
1
1
1
2
1
1
31
1
1
1
1
5
1
1
1
6
1
1
2
1
1
1
1
1
1
1
56
1
1
1
1
1
3
1
1
5
1
1
2
2
1
1
3
1
4
1
5
1
385
1
1
1
4
5
12
1
7
2
168
1
3
1
6
11
4
1
32
146
1
3
1
1
4
2
1
1
8
3
2
16
1
16
1
1
2
72
1
5
110
23
1
1
1
2
17
1
2
10
2
12
4
13
1
2
1
1
1
1
3
41
75
1
2
14
4
1
1
5
1
1
1
1
1
1
1
1
106
23
3
1
2
4
1
2
27
2
1
2
3
96
17
6
9
1
2
1
1
22
10
15
1
1
2
2
1
1
1
29
1
1
15
3
1
1
1
1
2
13
2
1
2
3
1
61
1
1
1
1
1
5
2
2
24
34
3
2
12
2
1
1
1
10
50
8
3
1
20
1
15
3
3
1
2
1
1
1
1
1
1
1
2
1
1
1
21
175
19
1
1
25
1
1
23
19
9
1
13
1
3
3
1
16
4
2
6
9
1
2
1
1
2
40
5
1
1
1
29
5
3
4
1
29
2
1
4
1
8
1
1
1
2
3
2
13
1
2
2
3
1
8
72
1
1
18
2
12
1
5
4
1
1
20
5
3
22
1
3
10
2
5
1
3
5
4
132
17
1
1
1
1
1
1
1
1
2
13
2
1
3
3
46
2
2
5
1
163
10
1
1
6
2
3
1
19
1
1
2
1
1
77
1
1
23
3
1
6
2
2
1
1
1
53
9
21
1
1
1
13
1
1
46
2
5
6
16
11
10
1
3
30
2
1
1
1
1
3
4
184
1
21
1
1
30
26
4
2
3
1
334
3
2
1
1
1
1
2
12
1
327
5
1
1
2
2
1
1
5
6
2
2
1
1
1
58
5
8
36
2
215
1
47
4
382
5
1
3
18
3
2
1
1
7
1
2
1
1
1
1
2
1
1
1
2
1
81
1
3
1
2
1
21
1
2
1
1
111
1
2
1
1
3
4
1
1
1
85
2
1
168
7
2
7
3
1
2
7
5
1
2
1
4
2
2
6
3
7
3
2
87
2
1
1
2
1
1
1
1
1
182
1
1
1
51
1
6
1
33
2
1
1
1
4
69
2
3
9
1
6
1
1
3
3
1
4
3
2
1
1
2
1
1
2
1
45
20
3
148
1
39
1
1
12
1
1
3
1
1
1
1
21
4
2
1
2
1
156
1
1
3
1
1
1
1
2
1
3
3
2
1
1
3
3
6
1
6
1
2
1
2
14
1
1
56
2
1
8
3
3
5
1
5
3
26
2
2
3
2
1
17
27
25
9
1
1
3
68
1
1
18
4
1
1
1
11
2
1
35
1
292
1
3
78
13
84
1
38
3
1
3
1
2
49
16
1
3
6
3
1
3
5
1
17
1
1
4
2
1
6
1
1
1
1
2
6
2
1
1
2
1
3
3
2
1
8
13
1
2
5
2
1
15
15
3
183
5
1
7
96
1
5
3
7
3
1
3
1
1
2
1
10
1
29
1
1
4
1
1
1
90
1
1
11
1
2
1
1
1
3
1
1
3
5
1
3
2
1
1
1
5
1
1
162
1
64
1
1
1
4
1
1
1
107
1
2
1
6
1
1
3
29
22
76
20
145
2
4
1
2
3
6
4
6
315
2
1
20
2
4
18
3
1
1
4
7
2
1
5
1
3
1
3
31
1
36
107
20
1
26
2
1
4
1
1
29
1
1
1
1
38
1
1
3
53
2
1
1
1
1
1
3
1
2
8
3
1
1
1
1
6
2
1
1
15
10
3
22
1
130
1
2
1
3
1
2
2
1
1
4
1
4
1
1
1
116
1
1
1
1
1
1
2
9
1
1
1
1
1
2
1
1
2
1
1
2
2
6
1
1
12
24
1
17
1
11
1
4
3
1
2
82
1
60
52
2
2
1
3
1
1
1
68
1
13
1
19
1
1
1
10
1
2
3
159
2
1
23
2
1
9
21
1
5
3
1
27
36
110
39
13
1
46
1
2
6
2
2
1
21
1
1
41
2
2
28
2
2
1
2
1
25
4
40
12
1
1
1
1
1
5
2
212
11
7
2
2
11
2
1
2
1
3
4
1
1
2
1
2
3
45
26
24
6
1
2
3
2
6
4
1
1
3
1
130
1
1
7
1
1
30
7
1
4
6
1
1
1
1
1
1
1
1
1
3
14
11
2
1
3
61
1
1
1
1
15
34
1
1
40
81
34
1
53
1
1
5
2
9
1
2
6
2
1
2
32
7
5
9
4
33
9
2
3
2
18
4
1
2
1
1
1
170
1
1
1
19
26
1
1
6
2
8
2
3
13
1
1
9
1
1
2
1
2
1
2
1
1
1
1
3
3
1
54
7
5
1
1
1
5
1
1
12
2
14
1
1
4
1
2
14
1
2
1
1
23
62
2
1
2
5
1
8
1
4
7
1
1
25
2
1
2
1
21
1
43
1
3
2
78
15
1
1
1
1
91
23
2
1
2
2
1
1
2
1
1
18
1
1
78
9
2
4
1
18
10
1
1
1
44
180
4
1
1
1
1
2
6
1
73
83
2
1
1
1
1
1
9
1
3
1
1
1
2
1
9
2
2
1
1
1
1
2
3
1
1
1
13
1
1
2
1
3
1
28
85
1
1
4
1
1
1
37
1
3
1
10
30
22
2
4
11
3
4
1
2
2
1
2
1
1
3
1
1
1
1
1
3
5
1
1
1
1
1
5
1
2
1
1
2
1
1
11
5
2
7
1
1
4
1
4
95
2
64
1
1
1
2
8
1
2
2
1
69
2
1
1
1
1
1
1
77
1
10
1
1
3
22
101
1
1
4
3
2
1
1
2
91
1
3
1
1
1
1
1
4
14
1
1
1
2
1
1
10
2
1
1
1
1
1
1
1
1
50
1
1
1
1
1
1
24
20
1
16
1
1
3
1
1
7
5
1
1
1
1
1
1
1
14
2
11
9
2
2
1
1
3
2
1
1
1
6
5
2
2
92
3
1
1
7
7
44
6
2
1
1
2
2
28
3
1
1
38
11
16
2
1
1
1
12
1
20
1
1
1
4
12
20
3
51
1
9
1
3
2
4
42
1
1
1
1
1
1
20
1
1
6
1
4
1
2
2
1
2
1
3
1
10
1
2
30
40
27
1
2
6
1
6
1
1
1
1
1
5
100
2
1
6
3
2
100
5
2
2
7
17
4
1
1
8
3
1
3
13
1
10
7
4
1
27
1
2
3
1
3
1
1
6
1
1
1
1
2
1
2
24
209
1
1
7
34
4
1
5
1
1
4
1
1
10
2
2
4
216
3
13
1
2
1
3
1
1
1
1
1
89
188
20
6
251
1
1
1
53
2
1
1
1
1
113
1
1
1
6
1
1
3
21
1
3
10
1
1
1
9
1
1
1
14
18
2
2
2
7
5
2
2
2
5
15
16
1
30
228
167
3
36
7
12
121
1
4
81
3
2
6
1
3
3
5
5
38
3
2
1
3
10
2
1
1
22
14
3
1
2
1
6
1
56
5
1
2
51
1
2
34
1
1
2
9
16
11
3
3
1
1
7
41
1
18
21
1
1
3
3
1
187
1
1
3
5
1
5
3
4
5
1
4
5
2
1
2
7
1
3
8
3
2
4
1
2
1
73
15
1
4
9
1
1
2
2
2
17
1
5
1
1
3
2
1
3
8
3
9
88
11
1
1
1
4
1
1
1
132
4
14
12
2
11
2
16
37
1
1
1
15
1
2
15
1
1
2
1
4
67
38
13
2
1
8
2
1
16
3
23
4
1
3
1
1
29
3
2
3
21
5
1
18
1
3
25
29
4
15
12
17
9
1
1
1
4
3
36
1
1
1
42
1
2
1
1
37
9
57
3
1
3
6
1
1
3
1
1
1
30
22
10
8
10
23
2
1
1
32
4
277
1
13
2
3
143
3
4
5
1
4
1
1
1
1
118
3
3
5
1
1
2
2
1
4
5
5
1
5
72
2
1
1
2
1
12
2
32
3
1
2
14
10
9
3
7
15
5
2
1
10
2
23
14
1
18
10
1
1
2
8
5
3
1
4
7
1
1
1
4
2
2
18
28
1
3
16
1
1
105
4
2
4
22
1
1
2
1
1
7
124
29
1
12
1
5
4
2
97
54
5
53
1
1
253
1
17
1
1
2
8
1
2
1
4
1
4
3
2
2
7
4
1
2
3
1
122
3
2
2
3
4
30
27
2
3
1
2
9
18
5
29
2
1
1
2
3
2
3
7
6
3
3
1
1
9
60
1
2
2
2
3
6
1
44
1
8
2
5
2
2
11
2
2
2
1
46
13
1
1
16
1
3
2
2
2
1
20
3
3
4
23
2
5
7
1
23
12
2
1
6
1
10
4
1
4
3
2
2
1
9
1
13
19
1
3
2
6
27
1
417
7
1
5
1
2
3
392
22
5
2
1
5
1
2
1
4
4
1
1
5
20
2
1
1
1
1
7
1
1
21
1
3
2
3
1
4
1
8
1
1
3
1
1
2
1
1
17
1
1
2
17
1
2
1
6
1
1
1
1
5
1
166
2
2
1
1
2
2
2
6
2
5
6
1
3
1
14
1
1
1
2
5
3
3
1
2
1
1
4
7
1
1
60
201
1
1
1
47
1
1
9
3
1
5
13
2
1
190
2
1
1
1
1
1
12
2
1
1
24
4
18
20
15
1
1
1
1
1
2
3
26
1
1
1
8
5
49
11
2
6
11
2
1
1
1
4
15
1
1
4
3
1
2
3
12
2
54
1
11
1
2
7
1
2
1
3
3
1
1
26
8
11
11
1
5
1
2
3
12
1
48
21
4
1
1
6
150
1
18
4
69
5
1
6
1
1
1
1
1
1
6
2
68
1
1
1
1
1
1
1
21
2
22
6
35
2
27
3
26
8
28
1
1
3
2
1
2
2
2
6
5
4
10
7
19
14
3
1
6
1
4
9
34
1
1
2
16
1
1
1
1
1
13
1
1
331
1
1
78
5
174
1
2
1
2
64
1
1
1
1
49
1
13
2
1
2
13
1
2
5
3
3
9
14
4
1
12
40
19
1
1
24
1
1
1
12
1
4
2
60
1
1
7
1
1
118
56
4
195
1
1
1
13
1
1
96
1
8
34
1
1
2
2
1
1
106
122
1
1
3
10
1
3
72
12
9
2
62
1
3
6
1
58
1
1
156
8
3
3
13
6
3
1
1
3
1
2
2
1
6
45
30
3
2
1
2
1
83
1
1
2
1
210
2
2
1
4
1
1
4
3
2
1
1
1
76
1
1
11
1
1
1
1
1
1
1
2
40
1
5
2
1
1
1
1
1
1
29
1
1
1
3
1
25
1
2
1
1
1
2
1
1
1
1
1
2
1
1
1
1
1
24
120
1
12
7
54
9
58
5
1
1
2
1
1
1
1
1
4
1
5
1
2
6
1
3
1
1
2
2
7
1
1
5
3
1
2
1
1
1
1
1
16
1
1
17
1
1
1
2
1
3
1
1
2
21
1
61
3
34
61
9
79
1
3
1
1
1
1
1
2
1
1
2
23
1
1
1
5
1
1
1
204
1
25
1
6
1
2
1
1
1
1
1
4
18
13
1
2
6
27
1
7
1
1
2
1
1
39
4
3
2
1
1
1
1
1
1
2
3
89
5
2
1
1
2
1
1
21
1
177
38
105
1
2
1
1
1
2
1
10
1
134
1
2
2
1
1
2
13
2
14
13
1
5
1
1
1
1
1
35
2
2
1
1
2
1
2
1
1
3
2
156
3
3
2
3
3
355
27
1
1
1
1
1
2
1
1
1
2
2
1
21
4
2
1
4
3
1
4
21
6
8
4
5
15
6
76
3
23
13
26
1
1
19
1
1
1
3
1
5
1
2
1
7
3
6
3
3
8
2
1
1
1
4
1
1
150
1
44
1
52
1
2
6
1
7
1
7
1
1
2
13
8
2
3
1
2
1
16
1
7
1
2
4
2
1
4
1
1
1
10
1
1
1
6
9
1
66
33
1
4
11
2
1
1
93
3
1
1
4
1
148
9
2
5
398
125
2
1
2
1
1
10
60
8
1
2
1
1
1
1
1
1
1
1
1
1
1
3
40
1
2
1
20
114
2
4
9
9
78
11
19
5
1
6
6
1
1
1
1
1
1
6
3
3
11
9
113
2
2
1
8
6
1
21
9
164
53
10
3
20
1
1
1
2
1
1
4
1
1
53
11
8
3
1
2
1
1
31
4
7
7
2
12
7
1
5
1
4
1
195
1
2
38
1
134
1
1
3
1
8
1
1
64
6
10
1
32
5
1
1
1
1
1
1
5
1
1
14
1
4
2
1
1
1
6
2
1
3
1
1
4
84
31
15
2
4
20
2
45
1
2
12
7
41
10
3
11
106
6
2
2
1
2
12
8
48
69
1
3
18
5
113
6
8
1
5
1
3
2
1
2
1
1
2
1
1
3
1
1
40
1
21
4
6
3
5
29
63
4
2
1
2
1
58
74
31
1
6
1
33
34
1
3
1
1
11
2
1
8
4
11
14
81
3
1
2
1
3
7
8
2
1
3
16
1
1
5
1
4
4
28
24
1
1
1
6
1
1
1
1
1
2
1
1
2
1
4
17
6
11
1
18
8
6
64
5
2
5
11
52
18
10
57
54
1
1
64
7
398
81
14
3
1
5
2
10
1
4
17
27
6
8
1
1
1
31
2
10
9
1
2
2
1
1
1
15
37
4
2
1
16
49
16
2
2
4
35
1
2
1
57
1
1
3
22
18
1
18
7
14
141
2
44
104
1
4
4
1
4
1
43
2
6
3
4
5
1
2
1
158
6
3
1
4
2
14
19
19
40
11
10
1
6
1
121
233
4
2
1
115
3
1
1
11
1
46
8
1
2
2
35
8
3
2
80
1
65
1
1
1
4
20
2
16
62
50
1
37
20
5
19
10
1
1
7
2
20
7
30
15
6
7
10
8
2
1
1
3
212
3
1
1
68
1
2
10
1
1
1
178
1
1
1
1
1
3
1
5
1
1
1
37
1
1
202
1
1
1
42
26
5
34
1
9
2
1
1
1
1
1
1
1
1
5
3
1
1
1
1
1
38
42
3
3
3
22
65
2
3
32
1
3
1
2
1
1
1
1
2
1
45
4
4
4
66
3
1
23
6
69
1
1
37
7
2
2
18
60
8
3
1
1
2
2
1
1
2
1
1
4
1
2
1
2
2
33
1
3
7
1
1
1
1
1
43
1
1
1
3
2
1
1
124
1
2
1
2
6
12
199
1
1
1
1
1
1
1
3
146
1
16
1
1
22
1
1
4
309
23
3
2
1
1
21
1
1
1
1
1
1
1
1
8
1
21
1
3
1
1
1
1
1
1
1
3
3
1
1
1
1
42
1
1
2
2
1
3
4
1
1
1
2
2
1
1
2
1
1
1
1
1
1
5
1
95
2
5
18
1
3
1
22
1
1
1
96
1
1
2
2
1
126
5
1
1
1
1
14
2
25
4
5
1
1
1
3
140
1
1
1
177
1
7
2
4
17
2
5
2
1
1
16
1
1
1
6
1
7
2
7
1
2
2
2
3
5
9
1
232
15
1
2
1
3
1
71
1
1
147
1
35
8
1
2
1
1
1
1
124
1
3
9
7
1
1
8
83
2
1
38
10
6
1
24
1
3
6
1
8
1
1
2
1
3
1
8
1
1
220
1
22
5
13
4
2
1
1
8
1
1
66
5
6
2
1
1
2
1
1
1
1
2
1
30
1
29
1
1
1
39
1
2
106
1
3
10
1
96
2
32
10
2
2
1
1
1
1
1
2
1
1
1
1
1
1
1
1
1
1
1
4
2
6
2
1
1
1
1
3
5
5
2
1
2
2
1
1
2
1
1
1
6
1
1
1
1
4
24
5
1
20
1
6
6
2
24
7
1
2
1
1
1
1
1
2
1
1
1
1
65
1
7
1
1
1
1
1
2
22
2
1
2
14
4
2
114
1
2
154
1
1
1
1
17
13
1
1
3
28
1
1
1
1
1
3
9
4
19
3
1
21
1
16
1
4
1
1
31
65
6
1
1
2
2
1
1
14
7
1
1
1
4
2
1
18
4
108
1
1
74
1
1
1
1
15
1
45
2
1
1
14
61
1
82
8
1
2
48
1
1
3
2
14
3
1
1
1
1
32
5
33
1
1
1
1
1
1
1
56
59
1
1
1
57
1
1
1
19
1
3
1
1
7
4
1
1
2
1
201
1
1
1
10
2
10
1
1
4
1
1
10
5
85
1
1
1
1
21
3
1
1
4
2
3
1
4
20
1
5
4
1
43
1
8
11
1
1
67
1
1
1
1
2
12
1
1
21
42
26
1
2
2
5
1
1
1
2
15
3
1
2
1
1
1
4
1
1
2
13
16
5
1
2
1
1
1
2
1
1
3
2
39
3
75
1
150
3
1
2
1
1
2
1
1
6
1
1
1
2
1
1
4
1
1
1
1
25
8
30
3
1
3
7
1
15
1
17
1
18
1
7
2
1
15
2
1
2
1
1
28
1
10
1
1
31
1
2
1
1
3
1
1
1
1
27
46
1
1
1
6
1
2
1
2
6
1
86
71
12
1
4
1
1
9
297
81
1
1
1
1
1
1
1
5
1
1
1
1
1
1
1
1
53
2
1
1
12
4
103
1
2
3
1
1
1
1
2
1
1
1
4
1
13
2
1
1
7
2
5
1
3
24
13
1
3
1
5
12
1
1
2
3
1
1
5
1
1
64
159
2
1
1
8
1
1
18
86
3
12
5
5
1
3
1
1
3
44
4
1
33
1
2
2
1
2
14
13
38
2
1
6
7
2
1
1
19
3
16
1
1
1
1
2
1
120
4
3
4
1
2
4
1
34
15
5
2
7
5
2
1
2
1
20
10
5
34
51
1
1
3
34
31
31
9
4
12
1
3
20
8
152
73
12
7
15
1
50
2
3
8
1
1
77
47
11
13
40
2
13
1
49
1
6
10
1
7
2
4
91
5
4
2
4
1
2
2
56
7
2
1
8
26
2
3
1
1
1
1
2
10
1
1
1
4
1
1
1
1
1
1
1
24
1
1
1
5
1
1
1
1
1
89
11
2
1
1
1
8
1
11
16
1
38
2
27
55
5
1
1
1
3
1
12
1
12
3
3
3
1
12
15
3
17
1
2
1
14
1
1
39
2
9
72
1
1
2
2
1
1
1
1
1
1
22
1
29
1
39
1
1
1
3
11
7
20
2
1
1
3
2
6
3
1
1
1
1
4
1
2
1
1
1
1
1
1
1
1
1
1
1
1
99
15
1
13
97
1
1
1
1
2
174
1
4
5
179
5
1
1
32
1
1
1
13
1
5
1
1
14
44
1
2
8
1
1
2
2
1
1
1
1
1
1
1
11
1
1
1
1
1
9
1
1
1
1
1
1
1
1
1
1
2
1
1
2
1
1
2
4
5
13
1
2
1
1
11
1
2
2
77
1
2
1
1
1
1
102
1
1
2
21
1
7
5
38
7
1
2
1
1
3
1
7
2
1
56
1
1
3
1
57
1
1
88
3
1
1
1
1
1
1
1
1
85
1
1
1
1
6
1
5
1
1
13
25
1
1
1
2
1
1
2
80
5
1
1
1
1
1
1
4
1
64
1
1
1
1
1
1
6
1
81
3
1
1
3
2
1
83
1
1
18
18
24
1
1
1
47
1
1
1
2
16
1
1
1
1
1
1
1
4
1
1
2
1
23
5
4
1
1
2
50
4
6
1
46
56
1
16
1
2
1
47
1
4
42
15
1
1
1
1
1
1
1
16
1
4
51
230
30
4
2
9
1
9
1
1
1
2
1
1
1
1
2
1
1
14
141
1
2
1
1
9
1
9
1
1
1
1
1
1
1
81
1
1
1
1
1
1
1
21
39
1
1
1
1
1
6
2
1
1
1
112
1
1
4
4
1
1
1
1
1
1
1
2
1
1
10
4
3
3
1
2
1
1
1
15
5
1
13
14
1
1
183
1
1
1
12
3
2
1
7
35
16
2
7
1
1
7
1
3
1
2
1
1
2
1
2
1
38
32
1
1
13
5
8
27
6
2
1
1
1
1
9
10
4
36
3
4
1
1
1
1
2
39
30
17
1
1
2
1
7
1
1
1
1
94
1
1
1
2
1
12
6
6
1
1
1
1
2
1
1
12
1
6
3
19
1
80
1
20
3
1
12
1
1
1
2
1
2
1
1
1
1
1
1
1
1
1
1
5
1
1
1
30
39
4
3
1
18
4
1
1
1
14
2
1
1
18
22
3
29
34
1
3
1
7
2
1
31
8
1
2
20
2
1
7
3
35
38
3
2
11
6
10
1
1
1
1
7
4
2
2
92
9
17
1
9
9
8
19
19
1
1
1
1
1
29
1
1
8
1
1
1
1
1
6
1
1
1
1
1
1
58
1
6
1
1
3
1
1
1
37
1
6
5
2
4
2
1
1
1
1
1
1
1
3
2
1
1
1
1
1
1
1
1
1
25
1
1
1
2
1
1
1
1
3
216
1
2
1
1
22
21
91
1
1
3
1
1
3
2
1
1
1
1
149
17
9
1
4
1
6
1
7
1
1
1
1
8
1
1
2
1
1
2
20
1
2
4
1
1
1
14
3
1
1
7
1
1
1
2
97
1
1
4
6
1
1
3
11
5
2
2
3
1
1
47
4
1
1
1
1
1
1
2
1
3
13
2
1
3
1
1
8
11
8
1
1
3
1
2
1
10
1
3
3
1
1
1
1
18
1
108
1
8
4
18
17
18
3
1
3
19
2
1
8
1
2
1
1
14
1
2
1
1
1
7
1
25
1
2
4
1
1
1
3
1
5
11
4
26
3
1
1
4
158
4
1
4
4
5
1
2
1
1
58
22
1
1
3
1
4
386
3
109
67
60
1
6
2
1
174
12
1
1
12
1
1
3
4
2
1
6
1
24
1
4
66
1
1
1
1
1
2
1
1
1
2
1
1
2
1
1
1
1
9
4
2
7
2
4
7
1
9
1
2
1
1
7
1
1
1
2
1
1
1
23
14
1
1
1
2
381
2
1
1
1
1
3
2
1
1
3
12
12
7
3
1
59
2
2
1
1
1
20
1
10
21
6
8
5
1
1
1
1
46
1
2
1
1
6
1
1
1
2
1
3
1
1
5
1
1
123
12
1
2
26
85
1
1
61
3
100
