32
3
8
5
23
38
1
13
4
16
4
1
2
2
1
3
3
29
10
4
2
10
1
1
6
2
8
7
88
44
18
1
5
1
5
3
2
5
1
2
4
2
1
1
5
20
2
1
1
7
1
1
1
4
1
1
2
6
1
3
31
11
7
2
2
10
2
4
2
5
7
1
4
22
5
15
1
3
6
16
7
3
1
2
1
27
19
8
2
5
1
2
1
1
1
1
2
3
10
3
20
2
12
6
6
1
54
11
1
5
1
3
2
2
1
1
1
10
2
23
1
2
6
6
10
1
11
8
4
2
17
2
2
6
44
3
3
1
2
3
15
3
1
1
3
6
1
1
29
6
15
2
5
1
2
16
6
3
1
30
2
27
9
2
5
1
2
2
44
2
6
1
6
8
3
14
3
2
5
3
2
1
28
16
4
4
1
2
1
3
47
2
9
7
2
2
8
1
21
1
3
6
2
1
8
2
1
20
12
13
50
14
5
1
6
7
20
10
1
3
2
20
4
3
3
11
9
3
14
14
4
1
24
1
2
2
6
1
1
14
1
1
3
4
52
4
5
4
3
2
10
1
1
1
3
10
11
7
89
1
103
3
51
2
2
2
3
2
1
1
1
2
4
5
2
6
6
3
1
1
2
15
1
1
5
1
1
13
8
27
16
10
4
4
2
1
2
1
1
16
1
7
1
15
4
5
1
9
13
3
2
1
4
2
2
1
25
6
12
3
5
15
1
2
1
7
8
1
1
4
15
83
10
2
4
9
2
4
1
4
20
8
1
8
2
14
6
1
10
5
1
1
2
52
1
9
3
1
25
83
10
17
1
2
11
7
1
1
6
16
8
2
1
15
10
5
4
3
7
6
1
4
3
5
4
1
1
14
17
3
14
5
1
7
7
18
2
15
8
1
1
19
4
2
1
2
3
2
5
2
2
10
2
3
23
1
4
2
9
3
9
11
4
12
1
1
27
2
1
1
2
1
3
3
1
6
22
2
5
33
3
2
2
3
6
4
2
1
1
5
4
3
2
89
3
1
2
4
3
12
1
2
13
1
1
1
2
1
1
1
13
4
4
5
3
1
4
34
37
1
15
3
6
7
1
2
25
1
64
10
4
2
9
4
7
1
15
13
5
2
60
3
1
2
2
1
27
3
7
4
1
14
1
2
4
16
10
2
4
5
1
3
1
5
3
1
1
1
1
5
1
1
4
2
20
13
3
7
2
1
2
62
4
3
16
1
17
12
1
7
16
3
2
2
2
1
2
5
9
2
2
8
14
1
7
9
3
8
2
2
8
45
1
2
4
2
1
1
6
35
11
9
2
12
9
7
31
3
1
2
2
10
7
3
13
73
4
3
3
1
7
1
1
1
1
6
1
30
1
7
17
10
12
2
1
3
4
2
4
1
1
2
4
3
4
3
8
1
40
2
4
8
31
5
6
5
2
1
1
5
4
6
2
9
8
1
1
1
2
8
1
2
2
6
25
1
2
3
5
2
3
17
9
2
72
20
17
2
3
1
6
1
6
1
1
2
26
2
1
3
2
4
8
22
1
2
14
2
4
7
2
13
1
5
1
45
4
19
7
7
2
19
2
2
5
1
1
13
1
1
9
6
5
2
2
11
43
8
3
5
1
6
3
6
30
99
5
2
9
75
14
6
8
1
1
8
2
2
2
4
1
2
1
3
4
2
2
1
10
6
2
3
8
25
20
39
3
4
1
7
1
2
4
2
1
2
9
10
1
2
15
2
21
2
1
49
1
15
21
9
1
2
3
1
2
9
21
2
1
64
1
17
5
2
18
8
1
6
21
4
7
2
1
2
18
11
1
9
1
2
2
5
3
1
60
2
2
8
22
2
1
4
14
2
2
2
1
2
37
26
36
2
3
1
4
15
1
4
1
2
2
3
4
1
19
2
2
2
4
2
1
2
2
19
4
2
3
8
1
9
2
2
1
2
1
5
3
1
2
3
2
3
2
1
6
4
2
17
2
2
2
1
1
5
1
2
1
95
5
1
1
11
5
6
4
1
39
27
6
2
1
2
15
3
9
2
2
5
7
1
19
7
2
5
2
1
1
3
3
2
2
1
4
2
5
2
1
2
122
10
3
2
26
2
23
13
3
2
3
4
16
4
14
20
1
15
1
4
1
4
4
1
11
15
3
2
34
13
33
1
2
1
2
11
4
4
2
2
6
102
4
2
4
7
13
2
2
2
8
3
1
1
1
5
3
3
2
5
10
18
1
4
8
11
1
2
3
12
3
2
3
2
9
2
1
2
8
2
3
3
1
4
1
16
4
4
12
15
4
2
1
4
7
7
11
6
6
1
2
1
15
6
3
12
3
2
4
88
1
15
1
7
10
6
2
33
1
1
1
8
3
4
11
8
2
2
4
1
9
2
2
20
2
4
3
5
10
23
11
14
44
2
2
6
4
1
1
13
3
1
1
3
2
4
4
2
1
1
3
3
11
21
1
22
1
4
1
2
1
1
2
6
2
14
3
29
7
3
2
2
4
3
1
15
1
3
1
9
16
2
3
2
14
1
6
1
2
6
1
11
9
17
2
27
1
1
4
26
2
1
2
4
1
14
2
1
13
2
30
1
4
1
2
8
3
15
1
3
2
65
6
10
22
1
8
4
6
41
14
38
6
3
23
1
2
1
1
1
57
2
35
3
5
4
1
3
1
4
5
26
12
1
1
6
15
4
17
1
1
2
2
3
41
1
5
16
6
17
1
17
21
1
25
67
1
5
6
3
1
2
1
5
19
1
4
12
9
3
7
1
12
3
5
1
13
3
1
3
25
1
1
2
4
19
14
1
12
2
31
4
1
2
17
4
7
1
2
2
22
2
2
1
1
2
1
1
4
2
1
7
1
3
23
22
3
5
2
11
1
5
1
4
4
1
1
2
35
1
1
1
13
2
6
10
4
17
5
1
1
1
10
4
2
9
5
24
15
6
2
1
1
4
22
4
4
1
1
1
13
13
2
54
1
1
1
2
6
2
2
2
1
2
4
4
13
12
1
3
1
22
2
6
5
3
3
3
9
1
6
1
1
1
2
10
2
3
1
1
1
5
2
24
6
1
5
6
2
4
58
22
8
13
10
8
20
20
2
1
4
1
1
29
1
2
21
7
1
11
1
1
1
1
1
3
11
4
1
1
2
4
20
1
2
2
4
3
1
1
11
3
23
2
5
7
3
7
2
7
1
2
1
23
1
2
2
2
1
3
1
7
6
5
5
5
4
2
2
2
6
4
4
35
1
1
2
3
3
1
11
7
1
21
1
9
2
1
1
3
2
1
2
5
3
14
2
1
2
23
1
5
9
2
3
10
1
4
22
14
15
2
6
2
2
6
11
2
2
2
5
1
1
1
26
1
5
4
5
2
1
15
1
2
5
1
8
6
4
2
7
6
1
6
1
6
2
4
7
1
1
3
4
1
1
2
82
2
3
2
2
4
4
