8
1
2
2
5
47
14
27
2
15
19
1
1
29
3
2
11
2
2
11
1
1
1
2
3
2
2
3
5
2
12
6
4
1
4
1
5
4
1
2
3
7
3
1
11
2
2
5
3
2
1
6
29
13
21
1
38
4
3
4
2
20
2
2
3
6
2
1
8
14
1
11
4
5
10
2
2
3
17
2
16
1
2
8
4
3
1
14
4
3
5
2
7
41
20
1
1
33
1
2
4
1
1
3
19
1
3
1
3
36
6
1
60
4
1
2
3
9
2
1
5
26
11
1
1
4
1
7
20
1
45
8
1
72
2
2
2
1
17
2
12
4
2
5
2
3
3
4
4
6
1
1
4
1
1
20
9
3
6
1
9
2
1
1
21
20
29
2
2
6
2
4
6
9
2
1
13
26
4
1
2
1
3
1
1
1
2
2
2
11
4
10
1
1
1
6
8
2
1
1
7
1
16
2
6
7
1
2
3
16
2
6
3
9
2
6
1
6
2
9
6
1
1
39
22
2
1
12
1
8
3
3
4
3
4
1
1
4
4
5
21
1
1
1
38
4
4
1
7
4
8
4
1
25
2
1
3
2
17
2
3
1
3
18
6
7
1
4
5
1
8
5
1
2
1
29
3
7
7
3
1
2
4
3
2
3
1
1
7
3
43
13
7
6
2
1
1
1
35
3
1
1
4
1
2
7
1
7
2
7
4
9
1
1
1
2
2
2
20
28
4
12
5
15
11
1
1
9
1
1
2
1
16
1
12
30
4
13
1
2
1
19
6
28
4
2
1
1
16
14
25
5
4
12
1
3
5
25
1
2
2
4
17
2
4
2
29
5
19
3
2
6
27
2
16
1
2
2
4
9
6
2
2
8
2
1
7
1
1
1
14
2
7
1
1
1
4
18
10
4
16
2
1
4
4
9
5
4
2
2
3
7
2
2
2
4
9
7
5
6
16
8
18
1
4
6
18
1
1
6
11
6
2
1
1
1
29
1
2
1
1
5
1
21
1
1
28
3
1
16
4
5
3
13
7
45
1
2
11
3
5
30
3
5
1
2
2
2
6
1
10
1
1
9
7
20
1
5
4
1
2
2
10
42
1
1
1
12
2
28
2
31
1
2
16
8
23
2
1
2
5
1
6
8
5
8
3
2
20
1
5
7
3
2
82
1
1
2
8
15
1
6
2
2
49
98
3
2
17
4
1
1
1
1
2
3
3
4
41
33
6
12
21
2
1
3
2
4
3
16
2
4
2
1
1
1
5
1
7
1
30
3
4
15
12
1
5
1
3
24
2
1
1
5
2
5
2
2
20
13
31
1
1
12
19
9
1
9
1
11
1
1
1
13
5
9
1
1
5
17
5
3
3
1
8
1
1
1
1
3
3
3
3
1
1
2
8
1
1
19
1
2
2
4
1
14
4
5
3
1
2
1
2
1
26
2
4
2
4
1
2
1
2
1
2
3
2
59
3
28
1
8
2
2
2
3
1
2
1
2
1
2
3
1
2
2
2
13
4
2
10
1
14
29
1
2
7
13
14
1
1
9
4
20
1
2
2
13
1
3
1
3
2
6
2
2
1
10
5
6
16
2
3
29
3
1
1
1
2
1
4
3
1
3
4
12
9
21
4
2
4
5
6
8
3
2
31
3
1
3
8
3
1
2
1
28
12
1
2
2
2
2
3
10
1
6
1
6
3
4
2
6
1
1
1
1
2
1
2
6
2
2
2
8
5
2
1
2
6
1
8
1
15
2
15
2
4
1
1
4
4
2
6
15
1
12
1
2
9
3
2
3
1
16
2
13
4
3
2
1
3
2
1
1
3
3
2
15
19
1
1
25
24
5
12
12
11
4
1
4
5
2
3
8
3
8
102
6
5
5
2
15
1
8
6
4
3
3
6
1
2
5
1
7
7
3
8
6
2
3
48
2
1
3
1
5
8
1
5
6
8
30
1
1
3
40
2
3
1
1
8
2
1
5
1
4
1
8
47
22
2
3
4
3
1
1
6
2
1
5
48
12
2
3
1
2
4
2
14
1
2
1
2
3
4
6
4
2
4
7
11
1
6
2
1
8
2
1
15
8
19
8
2
1
19
28
2
3
2
6
36
20
4
3
1
2
3
19
2
2
6
1
2
2
1
1
5
24
2
19
2
1
7
7
2
1
56
1
9
1
12
22
9
1
10
5
1
3
2
2
11
8
1
3
6
3
1
5
1
1
2
10
2
2
3
2
1
2
1
5
4
1
4
4
1
2
7
7
4
7
6
9
1
1
12
1
14
1
4
6
5
1
2
4
4
2
1
3
1
3
6
3
2
5
1
6
3
1
6
1
14
3
30
1
12
1
4
1
41
7
1
2
5
30
2
3
2
5
2
3
1
1
7
1
1
2
17
1
5
1
4
2
4
1
3
7
15
1
2
1
1
6
2
1
4
31
12
7
3
3
1
1
6
3
2
3
1
2
1
1
4
3
4
1
4
3
1
7
1
2
4
5
11
4
1
2
5
2
2
9
31
2
3
1
2
9
7
6
18
5
6
2
25
2
7
1
4
3
2
6
9
3
2
1
23
1
16
3
3
2
1
1
14
2
2
4
2
76
5
1
2
26
2
1
3
1
3
5
7
3
15
4
26
1
3
1
1
1
6
5
2
29
1
4
1
5
1
23
2
25
12
2
1
2
2
3
2
5
1
11
80
23
8
1
17
3
4
3
4
3
2
3
10
1
1
1
1
1
1
3
1
6
6
6
9
2
2
3
4
12
10
2
15
1
4
1
1
1
2
1
4
5
2
1
6
2
23
4
1
1
2
36
1
3
3
13
25
2
28
7
1
2
2
1
2
10
5
8
2
15
24
1
10
1
12
3
2
3
5
1
1
1
5
1
5
2
5
4
3
3
2
2
2
5
1
19
4
1
4
1
4
2
3
2
1
1
5
2
2
19
1
2
3
1
3
7
3
3
9
14
4
20
2
14
1
3
2
2
1
1
7
8
2
1
1
3
4
2
4
66
1
2
14
3
2
4
1
5
12
1
4
1
1
17
1
2
2
3
7
1
1
1
4
1
3
2
4
1
1
1
3
7
2
1
6
21
1
8
2
15
5
5
22
23
1
10
7
13
1
2
7
7
2
3
61
8
1
1
14
4
20
19
3
2
2
6
1
10
10
1
5
6
1
17
1
4
4
6
1
5
10
2
1
1
1
4
4
7
1
4
10
2
2
2
3
3
1
3
4
2
30
2
1
65
1
5
4
1
2
3
2
2
6
3
3
3
5
5
10
23
3
6
1
2
2
19
8
4
22
2
1
19
2
2
3
1
3
2
5
1
1
14
2
12
1
1
3
9
37
6
38
1
1
1
1
1
19
14
27
1
1
5
1
1
6
6
1
7
1
3
2
1
7
2
32
5
16
13
5
3
10
5
1
30
3
4
29
2
3
6
6
6
8
1
2
1
3
3
4
1
4
2
2
4
16
21
11
4
11
1
1
2
1
9
2
13
2
3
3
5
1
2
3
1
1
2
1
1
2
2
2
8
1
13
12
1
1
3
4
11
8
14
2
7
4
3
1
5
3
1
2
1
11
3
5
1
5
3
1
1
3
13
18
1
2
34
3
3
2
9
2
1
7
1
3
3
2
2
4
15
3
1
4
1
2
1
3
9
1
35
2
4
1
1
10
8
4
1
4
4
2
1
3
4
6
11
1
7
2
3
9
1
1
1
4
1
2
5
4
12
6
1
13
2
1
1
1
4
20
5
12
14
1
5
4
10
17
1
28
2
14
1
2
1
1
2
3
2
37
5
9
1
4
19
2
7
4
1
1
8
71
1
2
2
8
2
25
2
1
1
2
10
1
1
29
23
1
1
7
1
4
3
9
1
3
3
8
1
2
1
1
23
2
2
2
2
2
1
1
2
1
19
1
37
2
19
2
11
2
2
4
1
2
5
3
3
1
3
2
1
5
9
1
1
4
12
8
2
1
12
20
3
1
4
12
1
1
27
6
1
1
1
3
2
1
2
6
4
7
1
2
10
1
10
84
6
4
3
3
1
1
2
1
2
20
1
2
1
1
1
3
6
1
8
6
1
8
5
33
1
1
2
7
40
1
1
3
1
12
1
1
7
19
2
5
1
1
4
6
25
4
6
2
1
2
4
1
1
2
2
7
1
1
1
3
1
9
6
23
5
7
1
1
5
1
2
15
1
10
2
7
67
1
1
1
5
53
4
2
1
7
86
19
2
15
2
5
2
2
22
2
7
1
4
3
11
3
2
1
91
1
3
3
4
6
15
3
7
2
3
5
7
3
2
11
3
10
15
2
1
16
5
3
2
3
1
4
1
2
2
11
6
1
1
1
3
1
1
3
8
5
18
2
1
4
37
2
2
2
2
10
3
2
3
7
4
82
4
5
4
8
1
25
