11
2
3
6
2
16
2
8
1
3
1
17
10
2
8
1
2
37
3
2
6
3
1
8
5
6
4
12
3
16
25
9
35
14
2
6
15
6
2
17
2
3
1
1
4
8
3
1
3
3
4
7
18
8
10
2
5
4
1
1
6
27
23
2
1
2
1
4
4
3
1
2
5
2
12
2
8
10
3
2
1
4
5
2
3
1
3
24
4
12
6
5
2
2
4
3
1
3
4
23
7
21
19
35
6
2
1
4
4
22
12
2
1
29
1
1
5
1
1
1
4
4
6
2
4
6
2
2
6
5
5
15
2
2
7
1
2
4
8
26
11
5
5
3
16
5
5
35
1
3
4
6
3
7
2
13
1
7
5
2
7
2
2
3
39
3
2
3
12
10
29
5
2
6
4
1
5
8
2
2
2
3
1
2
1
3
24
1
58
28
8
2
30
1
3
21
5
6
1
1
2
1
2
6
5
3
37
1
24
5
8
2
49
15
4
3
16
1
19
15
2
6
1
2
2
7
5
1
25
39
17
9
2
5
9
3
2
8
1
3
1
2
2
1
2
5
14
13
5
6
2
2
4
6
1
1
1
4
7
50
3
8
10
5
6
7
2
6
3
16
12
7
8
7
3
11
1
4
4
7
2
1
2
2
1
6
2
13
25
11
2
6
2
4
10
2
3
4
4
1
2
1
14
2
31
29
2
86
7
3
2
8
26
6
1
61
17
4
8
11
1
2
2
2
7
7
2
25
1
3
1
12
20
2
5
2
6
2
7
2
3
20
2
1
2
1
4
47
2
2
3
1
15
25
48
3
6
5
3
11
1
4
2
28
2
7
3
6
7
1
7
3
5
55
3
1
2
4
1
2
11
11
6
6
6
2
27
6
1
12
1
5
1
1
2
2
3
2
1
2
5
1
7
34
2
1
2
1
17
4
2
10
21
1
7
1
30
24
3
89
17
2
1
4
26
8
3
1
5
2
5
1
3
8
4
10
9
2
1
8
1
6
2
57
12
4
1
25
4
24
7
2
8
9
6
20
42
2
10
3
6
1
21
2
10
8
6
17
4
7
10
1
2
2
6
2
1
11
5
2
1
10
11
3
3
33
2
2
1
21
6
2
1
1
11
2
32
19
26
4
2
3
1
8
1
2
2
3
4
2
1
1
1
14
1
2
6
16
3
1
2
4
4
5
7
23
6
2
3
4
6
6
9
8
1
8
3
5
16
1
1
5
2
3
2
4
5
1
3
15
7
16
1
1
1
3
4
20
58
9
1
1
1
11
5
1
15
13
1
13
10
10
20
40
10
3
29
9
9
2
1
7
1
11
1
4
9
24
1
6
16
2
10
1
3
5
3
9
4
2
10
6
5
5
26
2
11
13
35
