3
1
2
2
4
1
21
15
1
2
1
4
1
1
2
5
11
6
1
4
1
1
1
1
2
5
2
1
4
4
1
1
1
1
1
1
1
7
2
3
1
2
6
1
1
2
3
1
1
1
2
2
1
1
4
1
1
3
2
3
1
1
2
17
1
1
8
3
2
5
2
2
1
10
2
3
2
1
1
1
4
3
10
1
10
3
1
2
1
2
1
8
1
1
1
4
5
1
1
2
2
7
1
3
1
1
1
2
1
1
1
1
4
1
2
1
1
2
1
3
4
1
2
3
3
7
2
1
1
1
3
1
2
1
2
5
3
2
2
1
1
1
1
1
2
1
2
6
1
1
2
2
2
3
2
1
1
8
34
1
2
1
1
2
5
2
2
1
6
2
1
4
2
3
3
7
2
2
7
1
2
2
1
2
2
2
6
1
2
2
2
2
1
3
2
2
8
6
1
19
5
5
2
1
2
12
7
3
10
3
1
3
2
2
2
8
1
2
1
5
1
1
1
2
2
16
1
1
2
1
2
1
1
2
4
11
1
2
2
11
2
1
4
2
3
2
7
1
1
4
3
2
1
2
1
2
2
5
1
1
2
1
3
7
1
4
3
1
6
6
1
8
3
1
6
2
1
1
1
1
1
1
2
12
4
2
3
2
3
3
1
3
2
3
12
2
7
2
1
3
2
1
1
2
1
17
1
1
1
2
1
7
8
5
2
11
2
2
2
2
2
1
2
5
2
1
1
7
2
1
2
2
2
7
3
5
2
4
3
1
1
1
8
1
1
2
3
2
6
1
1
1
16
7
3
5
24
3
1
2
2
1
1
2
4
1
1
2
2
4
4
1
2
2
16
2
2
1
4
2
2
14
1
1
1
2
3
3
3
5
12
1
1
5
2
1
3
4
2
6
6
2
4
3
1
2
2
2
3
1
1
3
4
2
1
1
1
2
1
1
2
1
3
2
1
2
4
2
2
3
1
5
1
1
4
2
1
2
3
1
1
25
1
2
4
7
3
1
3
2
1
3
3
1
2
1
7
4
2
1
11
1
6
4
2
2
1
3
3
1
1
5
1
1
2
1
2
18
1
1
1
1
4
3
2
2
10
1
2
8
4
28
1
5
4
3
14
2
5
30
1
2
3
5
5
1
1
1
5
1
1
1
5
8
2
1
2
3
2
6
3
4
1
1
1
1
4
3
2
3
3
2
2
2
3
1
2
1
4
2
2
2
2
1
1
2
5
16
1
9
2
1
2
2
13
2
3
2
2
1
1
1
2
4
1
1
3
2
1
4
1
3
1
1
5
3
6
6
8
2
1
2
3
3
4
1
2
1
8
2
2
3
3
4
1
3
3
2
2
17
1
2
1
1
1
1
1
4
1
2
1
8
3
4
8
1
8
9
1
1
2
1
2
1
1
2
4
3
1
2
1
3
1
1
3
3
4
2
2
1
2
8
2
14
7
1
4
4
3
11
3
1
2
3
3
6
5
2
1
3
1
8
3
1
6
4
2
1
2
2
2
2
2
6
1
1
2
2
2
2
1
1
8
4
1
4
1
1
5
5
6
1
1
3
3
2
2
3
5
1
1
3
1
2
1
1
1
2
1
2
2
2
2
2
7
1
8
2
1
1
2
9
2
1
2
3
6
1
1
2
6
2
1
2
3
1
4
3
1
8
1
3
1
2
5
1
1
2
1
1
3
1
2
1
2
5
8
2
3
9
1
1
7
1
1
1
3
5
1
2
2
6
1
1
1
1
4
10
1
3
2
1
6
6
1
1
3
5
2
1
2
1
5
2
5
1
1
1
6
2
8
8
1
2
2
1
6
2
1
8
2
12
6
1
2
2
4
1
2
2
1
5
6
7
6
2
3
5
1
16
2
3
1
10
5
3
1
1
1
3
1
2
1
2
1
3
1
1
1
7
2
9
5
3
1
4
5
6
4
1
3
10
1
1
1
2
2
9
4
4
3
3
2
5
3
4
1
4
2
2
4
4
3
4
2
2
1
1
1
4
2
1
3
2
1
3
1
1
1
1
6
1
4
1
3
1
1
3
8
15
1
5
1
1
5
2
12
11
3
1
1
1
3
4
4
2
13
3
2
1
1
3
11
2
18
10
5
4
1
3
1
16
3
8
4
1
1
9
2
17
10
1
1
2
3
2
2
10
10
11
4
11
4
10
2
5
5
9
1
3
4
19
2
12
1
3
1
2
2
13
4
1
1
4
6
2
