48
9
2
32
106
62
73
8
2
5
1
11
5
20
2
19
20
3
2
13
2
7
6
16
5
9
23
12
26
49
22
7
4
27
44
11
17
2
3
35
1
60
6
34
2
2
1
7
25
14
7
12
3
1
4
18
2
1
3
2
1
19
47
11
45
1
2
13
8
14
9
2
1
7
3
56
2
34
13
42
28
12
1
24
2
7
3
1
16
19
17
26
1
11
10
1
2
26
4
18
4
2
4
62
3
16
1
2
1
3
41
9
4
12
12
1
51
2
15
5
11
4
2
8
2
24
41
26
13
24
9
3
17
4
1
5
3
36
9
1
2
1
2
19
7
1
1
1
17
2
25
110
2
16
2
16
6
2
27
2
28
2
44
47
2
1
8
4
12
1
1
3
19
2
1
1
22
2
60
2
6
23
39
1
3
1
13
95
31
20
4
2
12
2
3
4
1
2
14
2
1
88
29
2
7
1
3
9
20
69
3
4
1
18
9
1
3
2
5
28
2
9
2
2
7
8
1
12
1
6
9
2
6
7
1
1
10
2
34
5
2
2
6
1
1
7
32
5
1
5
1
5
2
7
13
9
2
1
47
13
4
3
17
28
3
2
1
2
14
2
13
1
6
2
3
60
1
10
17
1
1
7
1
5
16
1
1
1
7
4
4
28
2
105
1
3
3
1
8
3
3
2
2
1
7
1
17
16
67
3
6
7
9
1
4
14
88
30
2
13
1
6
2
14
14
3
1
9
2
1
3
4
4
1
84
15
12
3
1
1
1
14
4
63
13
49
1
3
4
1
32
2
3
15
2
8
2
209
1
4
15
1
8
1
19
13
2
3
3
6
41
2
1
1
12
2
4
1
2
6
2
74
4
3
13
1
1
4
5
75
14
2
11
3
2
1
3
1
65
3
2
2
2
24
1
3
2
2
3
3
3
4
4
2
1
4
6
8
1
1
7
1
2
34
3
1
2
70
10
5
1
22
4
1
1
2
1
8
10
7
1
27
5
3
104
2
1
5
2
3
12
1
12
4
12
2
4
1
4
16
7
10
2
3
5
1
17
13
7
16
2
14
1
7
183
4
3
2
18
52
2
1
2
58
12
1
1
72
85
1
4
2
18
3
72
87
10
5
44
2
1
2
2
21
1
1
2
1
5
5
3
5
5
3
14
39
4
1
4
9
2
1
2
1
3
38
4
2
15
98
1
1
4
1
1
1
1
7
1
2
3
2
6
3
3
7
1
2
2
6
42
10
10
2
1
2
6
285
5
3
2
3
3
3
4
5
6
1
2
3
4
1
34
10
4
14
9
2
10
1
4
2
57
20
1
1
307
2
1
2
2
1
77
3
4
1
3
3
2
2
3
11
33
8
22
25
85
3
20
2
7
1
2
11
12
18
2
1
3
1
68
6
15
3
14
2
3
1
18
277
10
161
6
6
1
62
13
1
2
2
2
2
8
2
219
1
2
2
9
2
3
3
47
2
4
3
1
2
6
17
1
1
2
2
1
2
1
2
3
3
17
1
5
31
1
2
20
2
5
28
9
1
43
29
1
3
6
1
1
3
1
2
5
1
9
11
10
11
10
49
3
6
4
1
15
6
5
2
1
1
1
3
6
3
2
5
13
7
2
2
1
5
45
1
20
6
2
3
17
4
2
1
2
1
2
55
8
3
1
6
12
3
5
3
39
7
8
1
26
3
9
7
5
2
7
13
8
11
4
1
1
47
1
2
1
2
2
17
4
11
2
3
5
2
7
1
3
1
2
5
7
2
2
2
3
1
3
3
1
3
3
1
6
313
15
1
2
12
1
1
31
2
7
3
12
2
8
15
48
8
8
1
2
8
2
15
1
14
9
2
2
2
10
2
16
21
1
3
11
3
4
12
2
2
11
6
9
5
5
12
8
2
5
11
2
5
5
3
1
104
41
1
119
21
2
6
7
1
2
6
4
26
3
8
11
6
19
8
6
1
1
9
8
26
3
3
1
2
1
7
2
28
1
10
8
2
3
14
19
6
2
46
1
1
7
1
4
1
2
6
2
1
1
5
18
1
1
4
11
8
4
1
39
5
1
69
10
3
1
20
4
7
11
5
8
3
3
1
5
11
1
7
3
26
12
1
26
2
14
7
38
12
12
1
5
4
5
12
2
6
14
1
79
1
22
2
3
16
2
8
4
3
12
2
55
1
9
2
3
25
55
5
1
29
2
5
3
3
5
7
14
6
2
2
1
7
17
7
1
8
3
26
7
24
4
47
20
1
6
9
2
19
1
2
2
2
3
1
11
2
5
2
18
2
29
18
2
18
1
2
1
4
11
7
2
3
2
16
2
25
2
2
2
1
2
2
7
1
12
17
11
9
2
8
221
1
8
1
11
3
3
1
1
4
5
2
6
2
2
4
11
1
3
6
8
2
3
3
4
8
6
1
1
2
36
1
10
5
5
43
8
11
60
4
3
12
4
2
3
1
10
2
13
6
3
7
15
1
3
4
25
6
7
7
20
16
3
2
6
2
23
5
3
2
3
3
8
2
1
28
68
8
12
3
16
2
2
3
13
15
19
7
9
6
2
9
10
10
14
16
3
3
2
33
3
8
5
1
1
6
5
5
8
13
2
7
3
6
1
10
2
3
1
9
5
13
19
1
5
5
3
14
4
12
44
3
5
15
8
6
5
1
1
14
16
5
2
3
2
15
16
50
3
9
10
3
24
17
2
16
5
1
36
10
10
6
10
4
5
4
4
16
1
19
12
13
4
21
5
13
6
6
7
3
4
6
2
48
3
9
16
8
40
6
6
20
6
1
35
36
5
10
20
33
14
13
14
9
7
1
4
5
9
2
7
1
31
4
1
10
28
3
1
3
2
1
8
4
9
26
4
5
19
37
10
7
5
29
19
10
5
5
11
2
3
10
7
1
19
4
1
13
52
2
5
61
19
14
63
