4
18
8
8
1
2
8
1
6
3
3
5
3
4
1
2
6
2
2
12
2
3
4
8
6
7
3
11
2
1
4
18
7
2
10
1
2
27
1
4
1
8
1
1
2
1
4
13
10
7
1
9
3
6
2
2
22
2
7
4
4
1
1
3
4
16
1
13
10
7
4
8
26
6
2
45
7
1
1
1
2
5
22
4
1
7
2
10
2
2
5
1
3
1
1
2
2
2
2
1
1
2
1
11
2
7
27
2
9
4
3
5
1
4
2
4
5
2
1
1
2
2
1
4
3
5
1
3
4
4
5
20
20
3
2
1
13
1
15
10
3
2
3
30
2
1
2
2
7
5
13
4
2
2
1
4
16
2
1
3
10
1
2
7
1
4
3
4
1
5
4
3
3
1
14
12
2
4
1
2
1
2
1
6
3
2
2
2
4
3
1
6
3
3
2
7
1
2
1
19
6
2
6
1
1
1
1
14
2
9
16
5
9
1
2
2
1
2
3
1
5
19
2
2
1
7
3
3
6
25
1
1
11
5
2
3
14
3
1
2
10
1
6
21
1
1
8
6
3
3
1
4
6
7
3
10
2
2
3
1
2
1
2
1
1
17
3
2
1
2
8
1
2
2
7
8
2
19
9
2
1
7
2
5
6
1
3
1
12
16
2
22
1
2
2
7
2
1
14
1
21
3
2
17
1
16
3
6
2
4
1
1
2
1
14
19
1
1
14
1
8
2
5
4
1
1
2
1
13
1
12
1
3
10
3
1
1
3
2
1
12
36
1
5
2
2
1
7
15
18
3
2
19
1
1
1
2
8
4
1
4
1
38
1
6
25
2
2
45
11
1
4
25
7
10
6
3
1
4
1
1
1
3
2
3
9
16
21
10
37
1
1
1
2
2
2
14
4
8
1
14
2
4
3
7
2
3
3
2
1
1
16
12
3
2
2
10
4
26
1
2
13
7
1
4
1
4
2
1
7
4
1
8
2
1
7
1
2
1
1
5
1
12
2
12
2
2
10
1
1
1
1
1
23
17
3
11
2
1
1
1
1
6
4
3
1
2
2
1
1
2
2
1
6
2
9
1
1
4
2
5
5
2
2
1
1
2
2
2
5
8
2
3
5
1
1
1
2
4
1
1
2
2
1
1
1
1
32
9
1
4
1
1
2
3
1
2
3
5
1
5
2
9
9
2
34
4
4
2
2
2
1
7
12
1
2
10
6
1
1
3
1
11
6
2
6
2
23
3
1
4
1
5
1
2
4
16
2
1
4
4
4
3
2
2
1
2
1
1
6
31
19
1
9
1
1
8
1
1
12
13
3
1
3
7
4
1
2
1
1
7
2
2
11
1
6
4
7
2
2
1
4
4
1
15
5
3
2
7
2
2
3
3
1
1
3
4
1
2
5
10
9
1
8
3
4
1
3
2
22
1
3
3
5
2
1
3
43
10
4
10
1
25
5
15
3
2
3
5
1
2
2
2
1
18
1
8
2
3
10
9
3
22
3
4
2
1
2
1
1
2
1
1
1
3
10
5
3
2
4
1
2
1
2
3
9
13
1
2
25
4
1
2
3
5
1
3
2
7
2
1
7
8
3
1
2
6
7
2
2
8
2
9
9
2
2
2
1
12
1
3
10
3
2
3
7
14
2
2
4
3
1
3
1
3
5
1
4
2
8
2
1
3
3
8
15
2
6
14
2
1
2
1
2
1
1
2
3
24
4
3
1
4
1
1
6
1
9
1
1
1
10
6
2
2
5
1
1
2
1
2
7
8
10
20
3
2
41
7
4
1
1
1
4
1
1
5
4
2
17
1
18
3
3
2
7
2
1
1
13
1
4
1
3
1
1
1
1
20
42
1
1
7
1
2
4
16
1
4
2
1
4
2
4
7
2
2
2
43
3
1
2
1
5
2
3
5
1
1
6
3
4
1
1
2
1
8
3
2
1
17
1
1
3
6
2
4
28
2
2
1
1
1
1
2
32
47
3
8
1
1
6
1
1
2
6
5
1
2
1
3
1
1
12
2
8
1
3
1
3
1
24
4
7
1
15
1
8
2
44
1
8
1
1
25
8
14
1
2
1
40
1
3
1
2
38
3
15
2
2
1
5
2
29
2
1
2
1
2
6
3
1
15
1
1
1
10
4
2
8
4
1
3
7
4
1
8
1
12
3
19
2
1
4
6
4
7
2
4
5
2
1
12
10
1
9
1
7
2
2
4
2
14
4
2
2
2
5
1
7
1
1
3
10
4
2
1
1
1
8
1
30
5
2
2
1
5
3
2
1
1
4
1
2
29
5
7
3
2
32
2
22
2
8
1
2
4
2
1
9
6
1
2
1
8
2
3
1
1
1
1
5
4
10
1
7
8
5
4
42
4
69
6
1
15
32
6
2
13
9
2
2
1
1
2
2
1
1
2
2
15
4
4
3
1
2
14
5
1
4
2
5
1
30
10
3
4
1
3
3
1
1
1
6
3
1
13
7
9
2
2
22
64
2
3
1
18
2
2
3
1
3
2
2
3
1
5
1
2
1
2
1
1
17
38
1
6
1
2
2
2
1
9
8
17
13
2
2
3
2
1
6
4
1
6
16
1
1
2
2
4
1
5
1
1
4
5
2
2
1
11
1
1
1
9
12
2
2
18
22
1
16
4
1
2
1
1
9
1
17
3
1
1
24
1
1
6
5
3
1
3
3
2
13
4
7
7
5
6
1
1
1
2
4
13
2
2
4
3
28
7
1
1
9
2
3
10
1
1
1
1
1
6
1
1
10
7
1
1
1
17
4
3
4
9
16
4
5
11
3
12
3
7
2
1
3
7
8
2
9
2
3
4
26
7
12
1
1
2
10
13
5
1
5
18
1
3
2
2
3
6
2
2
9
1
2
29
1
1
8
3
4
2
4
4
17
1
1
2
2
9
1
12
4
10
2
1
3
7
10
6
1
2
1
1
2
4
3
3
2
4
1
4
5
18
2
5
4
1
6
12
10
1
1
3
1
8
47
1
1
2
4
3
2
6
1
7
1
1
2
1
4
3
7
2
7
2
19
2
17
2
18
5
1
11
4
2
4
7
1
7
1
3
2
1
2
3
3
2
2
8
1
11
7
4
2
9
37
2
1
1
4
2
7
1
2
29
1
2
3
2
2
2
22
2
1
3
1
14
11
1
7
2
5
17
1
1
1
2
1
3
3
1
1
9
2
15
6
2
8
2
2
4
1
1
3
2
1
1
1
3
2
1
12
1
1
5
2
2
2
2
19
4
1
22
6
6
2
3
1
6
4
1
7
5
8
2
8
3
5
2
1
2
1
4
21
2
2
2
2
1
3
4
15
1
1
3
1
18
6
8
1
16
7
2
1
4
1
8
26
28
11
2
13
1
2
2
2
8
8
1
7
1
2
2
2
5
5
7
10
1
8
4
3
4
2
9
7
10
1
18
4
4
1
3
1
2
4
4
16
1
1
1
1
22
8
2
1
12
1
1
2
1
2
2
6
2
7
1
6
9
4
1
17
1
4
2
2
5
1
5
11
1
4
1
1
2
5
1
1
1
3
1
2
4
1
3
33
14
8
1
4
4
7
4
7
6
2
2
1
1
5
4
31
33
3
1
3
2
1
4
12
1
4
6
2
1
6
7
6
13
10
17
1
5
1
8
12
2
5
3
14
1
1
1
7
4
1
12
4
24
5
3
7
7
10
1
31
1
3
1
3
3
5
1
1
1
5
2
12
1
2
5
1
3
2
6
5
4
2
7
5
5
2
17
1
3
3
1
27
1
2
22
2
1
1
24
4
1
1
1
2
1
12
2
1
15
1
3
1
3
1
7
11
3
14
4
7
4
2
1
1
13
1
3
4
1
4
10
15
10
1
4
4
1
18
4
2
1
2
15
1
2
6
4
19
2
7
1
4
1
2
2
2
2
3
1
2
2
2
3
11
8
2
10
5
7
3
2
15
4
1
1
15
1
1
3
10
2
5
19
1
2
1
5
2
13
1
1
8
3
1
12
2
2
10
5
2
1
3
7
2
2
2
3
11
2
1
7
1
6
1
11
4
3
1
4
2
1
1
7
2
4
1
3
4
2
1
9
1
3
1
5
13
4
3
1
6
1
3
10
1
10
2
1
1
3
1
15
2
4
2
3
4
6
3
3
3
2
32
4
3
1
3
31
1
1
1
3
20
2
8
1
3
12
1
16
1
4
2
5
3
8
2
2
17
9
69
4
3
2
1
5
1
1
1
1
1
9
2
1
6
2
1
3
5
3
4
8
1
2
5
1
4
2
1
2
10
3
4
2
15
3
1
3
1
2
7
1
1
9
2
6
9
12
1
1
1
2
1
2
7
1
10
2
1
4
2
3
3
3
7
1
1
30
3
5
10
2
2
2
4
1
3
1
1
3
4
2
53
3
5
1
17
2
3
3
1
11
2
1
16
1
23
1
2
22
14
2
8
6
3
1
20
2
2
1
1
2
13
13
1
2
1
1
16
1
1
1
2
5
1
16
5
1
7
12
3
5
1
16
4
1
4
3
4
9
3
3
11
1
1
1
4
3
3
4
4
5
3
1
10
2
3
3
2
1
13
10
2
4
5
2
1
2
6
1
2
2
1
4
1
2
1
30
1
1
6
2
55
1
4
5
3
5
3
2
3
1
8
1
1
1
3
1
3
2
1
1
2
1
4
4
17
10
4
1
1
1
2
2
6
8
2
1
12
1
1
4
1
11
1
7
5
3
4
1
4
1
4
4
4
1
4
1
4
1
23
29
1
3
5
8
4
1
1
1
2
4
1
5
1
2
2
1
9
5
2
5
3
2
4
2
1
3
2
10
3
4
14
2
10
1
1
8
2
1
7
7
5
2
1
2
1
2
3
1
5
4
1
3
5
4
3
1
3
3
10
4
5
6
1
20
7
1
2
3
2
21
2
2
5
62
2
1
9
37
2
2
1
6
2
1
5
29
3
6
67
1
2
24
2
6
2
8
1
19
2
2
2
1
6
9
4
1
2
4
1
2
2
3
6
2
1
2
1
5
1
1
11
1
4
2
1
2
2
1
5
1
1
1
1
4
2
2
14
1
3
1
19
2
2
3
2
3
2
5
18
3
17
1
6
1
11
1
3
3
2
2
1
1
2
6
8
1
12
2
1
1
2
5
2
1
27
2
12
13
3
1
1
1
3
4
2
1
4
2
2
8
2
1
3
5
2
1
2
1
2
4
2
23
1
14
4
12
8
2
3
5
4
1
2
3
1
10
4
2
14
7
12
1
25
1
1
1
10
3
1
1
2
5
4
2
1
8
43
2
26
1
1
15
23
4
1
1
1
6
1
2
1
