2166
1911
2181
1310
210
1
11
47
60
1772
3
1226
857
24
3256
1522
4951
3663
1978
2
3301
979
3071
4705
15
1937
18
1311
19
13
46
920
1915
1105
3184
239
1102
39
4410
36
6
3203
2666
11
3423
178
659
2649
34
1832
5007
3495
4308
383
842
1508
1657
1667
31
2117
1329
1591
1758
3402
1117
1412
186
4845
1177
970
26
508
121
42
1900
2715
768
523
75
2079
2
25
622
2901
716
2544
2595
713
3976
1337
6
803
1621
2332
4042
134
2455
2619
1849
982
31
324
4132
41
1287
3
3450
4711
1690
156
554
4064
3015
608
3705
2330
18
3370
1075
3221
992
3385
1482
1954
3108
2012
1693
80
3249
971
34
4401
1422
796
2303
1200
4703
3
1814
3110
157
4460
1467
16
832
1248
3333
1114
1894
14
1171
3856
3083
43
702
2719
1505
2444
25
2961
984
4245
99
1
2390
2188
20
4
107
9
1800
382
271
3314
920
4598
2280
143
43
1579
535
3017
1014
202
2494
4611
1953
1466
2597
3211
1950
32
1332
723
4444
2
633
1094
86
640
2132
3994
3
3050
4405
9
807
4564
4
46
10
3974
58
2877
1792
665
101
1
6
105
5
36
3808
12
1
26
64
1214
1246
22
94
2992
1
48
2029
4360
8
1482
1620
2389
749
3367
3529
337
2659
677
1741
1096
4038
215
1173
3117
2053
18
3110
10
1188
2518
1958
4971
75
1348
1287
2562
631
1793
3502
22
1931
40
34
41
3462
2680
1271
225
3515
1702
3402
3164
14
3
647
3419
13
35
2850
1
869
111
365
3245
41
2058
158
2162
91
3344
4725
4379
165
3981
367
1554
4629
3177
3418
1581
4040
20
1313
2228
14
1652
515
456
647
13
995
609
19
62
2517
3231
2633
1474
4155
2399
853
3335
2004
4891
1926
3488
3441
1611
51
3439
188
1871
3977
1501
2511
462
32
4864
5
1760
154
2094
2108
4040
3375
2054
68
3646
2950
3049
2429
1337
217
2999
2
2411
2596
2342
3235
2311
163
1876
146
4
16
2532
15
59
3704
632
1562
1656
2110
2965
1
2282
79
16
1096
3219
6
8
2592
1189
35
2242
4972
59
76
4973
4
3202
337
2718
3294
1679
878
2
4
36
1128
2355
32
3829
635
1341
1520
1782
4959
15
1703
2378
2974
40
36
2667
1685
18
4708
76
4659
858
1803
2288
1492
2950
1877
2834
2889
995
373
1080
16
2998
1392
1898
4579
945
2
1134
1466
4280
524
26
4433
1008
2749
53
3612
1465
6
641
23
3375
1746
1414
857
866
4
239
4497
1137
11
72
4193
32
6
311
998
623
319
18
4236
1287
1648
2301
4973
1417
2052
740
3210
4
59
29
4591
17
2744
125
3013
258
1224
13
477
13
2327
1297
27
4
2448
3921
437
5
3
133
2180
411
200
248
2544
14
1285
1902
111
162
4
2282
422
2923
4979
1620
63
4688
156
3591
210
3141
2330
8
517
2917
3689
2785
1818
3223
173
2123
4780
1935
2717
3969
1011
1
1165
1943
1371
2816
3080
2691
3323
2
2023
2896
99
1581
3006
2497
39
1469
50
894
3031
3
3099
1925
28
2
15
660
145
1725
3063
4428
4691
245
122
504
188
114
100
931
985
3858
439
4513
1112
1460
194
1433
4156
2420
1186
4663
2521
114
1495
2136
1359
79
1
35
758
160
3588
1358
3358
24
22
1418
1446
1
68
3558
732
415
1284
762
259
993
533
86
5007
3089
21
23
245
2999
281
210
789
1494
2445
18
356
2624
3863
4348
1460
1291
335
1421
3564
43
9
4143
2095
1931
3
1
1346
15
4
149
1408
2079
36
15
1046
1875
1982
2601
82
35
964
3183
1598
228
1780
241
2561
647
2684
2314
240
2797
3123
1366
2
232
4
3499
3005
1750
4734
4531
2825
1576
40
2376
124
171
16
1099
4764
4368
4685
22
4855
3022
2077
