1887
3237
1855
4089
1024
921
1356
3281
712
3136
1490
2297
79
1397
977
3462
480
466
2172
3932
1850
2788
117
48
783
131
1411
86
4
1005
374
107
1975
2111
210
265
359
2675
3
344
1934
2213
1547
2889
3621
377
1404
4794
4250
909
1590
2352
329
2542
1134
853
3954
1547
494
35
47
198
162
3355
1417
2000
943
371
2101
4412
1605
4854
1213
1315
232
518
296
1595
1
32
3480
2401
62
3228
1152
2414
12
7
133
3825
2157
1153
1552
8
513
2115
2245
558
1400
37
903
121
3346
1
1363
1516
247
1193
38
1785
2693
286
2448
2223
114
1711
1331
1404
62
1887
1835
983
583
732
793
111
9
662
16
1171
1209
558
305
4
2442
54
4141
129
2194
10
4041
1704
2396
1026
577
2918
2154
2218
2480
3480
3999
1570
126
12
545
1
3039
328
1300
382
616
375
4785
4785
111
4353
3579
214
1734
295
354
1393
1425
71
750
672
1307
836
507
1650
17
554
1175
3127
1033
3457
1895
3216
277
4703
378
134
767
1836
359
1237
414
388
2739
15
657
300
56
1983
142
3336
1738
3457
178
1
47
2920
1693
1928
1707
1781
7
7
1
2729
387
12
4
14
1914
6
1076
4978
2469
1683
1112
627
507
307
2254
1904
426
3569
188
4
2006
1330
484
1365
429
457
75
5
428
3157
3236
63
823
2714
225
2154
187
968
55
2515
96
2613
1820
913
707
557
1110
2878
101
3368
1398
1779
140
173
44
1
898
3708
321
2286
4435
1530
877
4776
1311
2013
427
480
1446
3275
2177
133
3111
2973
3140
2678
1919
9
3628
127
1163
740
1457
1143
2525
872
1461
2321
2475
2783
760
3503
1549
995
1412
1965
2718
3331
21
1010
137
1205
541
1386
3923
1923
1045
2641
1807
3797
176
1363
1633
8
1
2115
352
895
600
1965
230
4784
3654
1461
625
7
52
5
2713
772
407
539
3089
938
1034
1195
95
353
41
1822
100
2878
4177
1708
3341
3606
340
1196
9
25
3
41
72
104
2485
2316
3027
1744
115
846
45
1048
3043
1127
508
307
506
1452
83
29
2686
1947
969
388
3451
3736
1339
508
4444
730
382
568
286
63
667
2327
1484
2156
443
40
4
2691
626
3
1667
2582
305
536
11
2182
391
2531
236
293
50
8
6
2181
665
2127
1327
4288
56
5
511
3
547
3091
468
6
765
1675
2
1075
1704
226
2203
11
2607
429
24
3428
916
9
203
32
64
1639
1617
40
543
255
85
3869
1853
1175
909
1449
2271
4292
206
52
2950
1668
245
22
4740
1
186
3603
173
3016
628
118
1590
836
2
141
1022
377
1
2832
8
2905
1937
3
1483
8
2376
368
693
601
550
1158
516
1319
1051
38
2037
2014
856
29
68
1931
1354
1823
237
1967
140
823
2388
149
516
210
35
1712
3732
2814
2005
657
1456
1405
2132
69
317
1487
1544
218
120
3209
196
192
1477
2195
4
2211
2434
897
2744
13
245
3594
1650
425
657
2191
3448
53
1149
296
1947
2068
243
319
1417
2891
948
291
175
162
204
124
2429
3538
1495
1797
4252
3469
46
1193
1870
208
1320
58
2159
1467
3098
175
435
2606
1715
4609
4687
720
634
741
966
1697
59
3309
108
1243
1081
2
336
2537
113
541
3238
707
1565
1052
4632
730
208
1244
670
534
1425
119
3359
3070
38
314
1382
2573
1919
277
269
95
2044
506
1786
1673
864
371
539
23
729
218
9
4168
1096
28
8
2689
1412
1144
1711
1234
2315
4566
9
352
2958
3502
1
1
1
1
1
1
1
1
1
1
1
1
1
1
288
1
3
4
1
112
216
167
60
37
41
2359
3
1
2
22
1
1301
352
2
24
1
3
507
1
1
1
7
1070
5
404
2166
12
28
4
4
28
1
3
3
1
1911
1
2181
2
1
2
1
5
3
1
1
1
1
1
1
2
1
1
1310
3
2
2
1
121
3
2
1
1
1
2
73
3
210
1
1
1
2
1
1
1
10
1
27
2
1
2
1
2
638
67
13
55
9
1
19
9
4
4
25
2
4
1
1
2
7
67
8
11
11
183
14
1
3
1
2
1
44
87
187
1
1
1
8
1
1
4
1
3
166
35
3
1
1
454
2
47
2
4
1
2
29
2
4
1
1
2
1
83
1
8
29
220
60
2
6
1772
3
3
62
5
2
11
1226
5
1
1
125
85
512
857
12
1
1
3
7
8
1746
30
1
1146
25
1
1
57
97
14
24
3
2
9
1
1
1
1
1
5
3
1
2
3
1
2
1
8
1
3256
2
3
1522
217
6
3
2
1
1
1
1
2
1
1
14
4951
4
38
60
8
2
3
1
1
1
3663
9
1
40
4
1
1
1
1
1
1
1
1
1
1
1
1
1
4
3
46
42
1
36
1
1
17
1
2
33
1
1
1
1
1
1
18
1
1978
1
1
1
1
9
1
19
1
2426
107
1
2
1
8
2
1
4
4
16
1
2
1
1
1
3
8
1
1
2
17
37
5
22
1
1
14
1
1
8
1
6
77
8
71
4
1
1
1
1
1
1
2
1
1
1
3301
1
1
1
1
1
1
1
3
1
1
1
1
13
3
1
1
1
1
3502
979
1
1
1
1
1
1
1
1
1
1
3071
1
1
2
1
1
1
1
1
1
8
1
1
1
1
1
1
2
1
1
2
1
1
2
3
3
2
3
1
9
1
3
11
4
1
4705
3
1
1
1
461
1
1
1
1
1
3
1
1
4
1
3
3
1
14
1
1
1
1
4
1
1
1
1
96
2
9
3
3
8
15
1937
1
1
12
12
4
47
9
1
1
2
1
1
2
4
1
139
45
1
1358
1
1
1
1340
1
1
1
1
2
22
2
29
36
18
12
16
1
25
2
1
9
2
2
1
1
1
1311
1
2
2
2
45
19
26
3
5
1
1
1
1
1
2
1
2
2
1
1
1
1
1
1
1
1
1
1
1
13
1
1
3
13
8
7
1
1
6
1
2
46
1
1
3
4
11
920
3
2
9
3
1915
4
1105
3
3
7
1
1
16
3184
239
1
1
1
1
3
1
2
1
1
3
1102
3
1
1
1
39
21
120
1
1
2
2
1
18
1
2
24
1
4
1
19
1
1
1
2
8
4
1
5
2
3
60
1
3
4410
3
1
1
1
4
28
5
2
27
4
2
1
6
36
1
1
1
2
29
8
2
1
1
1
7
1
2
4
93
2
5
20
1
1
1
1
49
6
4
1
4
1
1
2
1
2
16
1
1
1
1
1
1
1
1
1
2
1
3
3203
1
1
2
1
1
2
22
1
4
2
2
1
2
1
1
2
1
136
1
1
1
1
1
2
1
1
2
1
5
2
2
1
1
3
1
7
2
5
1
2
2
9
1
1
1
34
13
15
3
1
9
1
6
55
4
75
167
377
3
57
16
4
1
3
1
4
1
1
1
2
14
13
5
1
2
7
1
1
2
2
1
1
1
1
1
2666
300
3
11
1
1
16
1
1
36
1
1
1
1
1
3423
1
178
3
5
1
1
2
3
659
5
23
1
1
1
1
9
3
2649
1
3
3
2
1
3
1
1
1
1
4
4
1
34
1832
3
1
1
2
280
1
1
1
1
1
1
1
2
1
2
2
2
1
1
1
1
898
170
474
1
3341
1847
567
3362
3072
52
3277
9
29
217
114
210
4158
142
345
1
1
1123
1
2331
78
199
59
18
746
57
1092
6
1
2
18
2
8
8
3
2744
1
2
1
147
1
3
1
1
1
1
7
6
3
1
5
3
64
3
5007
21
7
1
21
2
1
1
3495
1
1
1
1
1
5
2
97
1
5
1
1
7
4308
1
1
1576
5
6
1
1
7
1
1
1
1
1
1
1
3
1
1
2
2
6
1
1
44
8
1
1
1
1
1
383
1
1
1
16
150
2
842
1
4
1
1508
1
1
1
15
1
1
1
3
1
2
1
1
120
1
1
1657
1
1
1
1
1
1
2
2
1
1
1
1
1
1
1
2
1
3
2
1
1
1
3
1667
31
420
2117
2
1
198
25
2
3
4
18
13
113
5
14
1
47
7
1329
1
3
2
1
1
1
3
1591
418
3
4
3
1
379
1
1
3
6
1
2
1
2
1
2
1
1
1
51
1
1
2
1
2
43
1758
9
7
1
1
2
3
114
50
1
1
1
20
10
38
1
1
1
1
1
1
6
1
1
1
4
1
1
1
3402
1
6
1
1
2
1117
1
1
2
2
1
1
1
2
4
1
1
3
1
1
1
1
1
8
6
5
1
2
1
1
7
1
2
1412
1
2
1
1
1
1
1
1
1
186
2
1
2
2
1
1
1
1
1
1
1
1
1
2
1
1
1
2
2
4845
1
1
1
1
1
1
1
1
3
1
2
1
2
2
1
1
1
1
1
1
1177
5
1
1
16
970
1
1
1
4
1
26
1
1
2
1
1
1
1
2
1
1
2
508
1
1
1
5
1
1
1
121
2
1
45
2
1
2
1
1
1
1
1
1
1
1
13
1
1
1
1
1
1
15
13
2
9
1
1
3
1
2
42
1299
1
1
30
30
3
1
1
1
1900
2
1
3
1
6
1
1
3
1
9
2
1
1
646
29
30
2715
24
37
1
2
1
768
2
1
523
1
3
75
1
2
2079
1
3
1
1
1
4
1
5
1
2
57
45
99
2
1
1
2
2
1
7
1
32
26
111
4
2
1
28
25
184
61
74
498
58
14
1
1
1
6
1
622
4
1
556
1
1
6
1
1
2901
1
6
6
1
3
38
8
5
2
5
2
27
14
3
13
716
12
1
2544
10
313
2
1
3
1
1
2595
713
7
1
20
6
29
22
8
3976
4
3
1337
5
6
1
2
8
8
1
4
1
1
6
11
26
1
5
1
9
2
12
1
1
8
9
1
1
6
1
2
803
1
3
1
1
2
38
3
1
1
1
1621
49
6
1
1
3
3
2
23
1
16
1
12
79
2
1
2
7
1
1
2
1
1
1
1
120
1
4
1
14
2
11
3
5
3
1
2
2
1
10
2
9
1
2332
1
1
18
1
1
17
1
5
8
1005
1
1
17
1
2
24
4
1
4042
1
98
1
1
1
1
1
59
1
7
2
1
2
134
1
1
3
37
1
41
124
16
13
1
1
1
52
7
1
1
1
2
1
2
1
3
91
3
3
1
136
2
4
2
3
2455
53
6
1
10
5
1
1
1
1
1
1
1
1
1
2
2619
1
1
3
1
5
6
8
2
14
1
22
12
341
18
2
1
2
63
1
4
1
10
1
1
1
7
1
7
1
1
12
1
1
2
1849
2
1
20
1
1
1
1
1
1
5
1
1
1
1
1
1
1
9
1
1
1
1
3
1
3
7
1
982
1
1
2
31
1
2
1
1
1
1
1
324
1
4132
41
3
1
1
1
2
1
1287
1
1
1
1
2
1
3
1
6
6
1
1
1
3
3
10
2
1
4
1
1
2
2
1
1
1
1
1
1
4
9
3
1
1
1
1
9
4
1
4
1
1
1
4
1
1
3
1
1
1
1
1
6
1
4
4
21
1
1
1
2
1
1
1
1
2
1
1
1
1
1
1
2
3
2
7
1
1
2
1
4
3450
2
3
1
2
3
2
1
1
2
1
2
1
7
3
1
7
1
5
9
8
11
170
2
1
1
1
1
1
4711
2
1
5
1
2
2
691
3
6
1
5
1
1
12
5
6
2
8
1
1
1
2759
839
4
2
2
1690
1
2
5
1
1
3
10
1
1
2
1
2149
1
2
1
156
1
1
2
2
1
11
1
1
554
45
1
2
2
2
2
3
1
9
1
1
1
1
1
1
1
2
2
1
2
40
2
1
1
3
3
2
2
2
2
1
1
2
1
1
1
1
1
2
1
1
1
1
1
1
1
1
2
4617
1783
1
1
4
3
4
1
1
1
8
3
1
1
2
2
2
2
1
1
228
3
1
1
5
92
1
2
1
13
1
1
1784
4
1
1
3
1
3
141
5
160
4
4064
6
12
3015
1
3
1
2
1
1
1
426
1
1
86
3
1
27
608
11
3705
2
1
1
3
1
1
5
59
1
2261
1
1
1
1
1
8
1
1
305
2
92
1
1
1
1
1
1
2330
1
1
2
1
166
1
1
1
1
1
1
4
1
18
1
3
1
1
1
1
1
2349
6
4
1
2
1
2
1
1
1
4
9
4
3
1
3370
1
3
1
3
1
3
1
1075
1
2
1
3
1
14
1
1
1
1
1
4
3
2
1
1
3
21
3221
1
6
1053
3
1
1
63
1
992
2
2
2
1
4
1
175
2
1
1
1
3385
1
1
1
1
1
1
1
2
1
1482
1954
1
1
3108
1
1
1
1
1
3
1
2012
1
1
3
3
3
1693
1
1
1
1
1
1
2
1
1
2
1
4
1
2
2
1
1
3
1
2
1
2
8
80
1
19
1
1
1
1
1
2
1
1
368
2
1
4
1
1
2
2
3
2
1
35
1
2
1
1
2
1
1
1
1
1
4498
1
2
1
35
6
1
1
157
1
9
1425
1
3
1
3
30
1550
741
2
1
2
7
1
2
1
1
2
2
1
1
1
1
1
2
1
10
1
3
4
1
1
3
2
1
3249
3
971
8
1
1
1
1
2
34
1
6
4401
2
8
1
1
5
3
1
1
10
2
1
1
2
1
15
1
2
1
1
8
1
1422
1
2
3
1
9
40
2
1
2
4
2
1
1
1
1
1
1
5
8
1
1
1
13
2
1
1
1
2
9
1
1
2
3
1
3
1
9
8
2
1
1
2
3
796
2
1
36
1
2303
1
1
3
3
79
8
3
7
5
1200
11
3
31
40
2
3
117
39
3
2
3
1
5
1
16
4703
1
1
3
2
1814
1
2
2
1
1
14
3110
9
49
157
3
4460
3
3
1
1467
21
2
16
4
2
1
4
4
1
1
1
1
1
2
3
1
4
2
832
1
5
1
1
1
2
1
3
1
6
1
3
1
1
1
4
5
6
1
1
2
1
6
1
4
1
2
2
7
1248
3
3
1
3
1
4
8
7
6
93
4
3
6
1
1
1
1793
1
1
1
1
2
1
1
1
3
1
1
1
3333
1
2
2
1
12
8
4687
1
2
1
1114
3
3
1
1
1
1894
1
14
1
3
2
1171
1
1
1
1
1
1
1
1
1
3856
1
1
2
1
1
1
1
2
1
1
1
1
6
1
1
1
1
1
1
2
2
3
2
5
10
1
15
1
1
1
1
1
1
1
3083
43
1
2
2
1
1
6
2
3
1
2
2
1
702
4
2
3
1
1
2
1
1
1
1
1
1
4
1
1
7
2
1
2719
3
1
2
1
1
1505
1
1
1
138
1
1
1
3
54
1
2444
1
1
3
1
1
7
1
1
1
2
6
1
3
1
1
1
2
1
25
3
5
6
2
1
4
1
1
1
2961
2
3
1
1
1
2
1
1
4
1
2
2
3
1
3
3
3
1
14
984
1
4245
5
2
3
1
4
1
38
12
4
1
1
28
2
1
1
4
5
1
71
99
2
2
7
2
21
1
61
3
1
1
1
1
1
1
2
1
1
1
1
1
1
1
1
1
1
1
1
1
1
929
2390
12
5
3
3
1
1
1205
4
1
8
1
45
330
13
14
1
1
1
2
1
4
11
1
380
4
71
1
178
1510
99
22
2188
30
112
357
1
151
20
4
135
3
2
2
101
1
1
1
1
29
6
1
107
1
1
8
9
694
1
1
2
5
1
1
1
4
1
9
1
1800
3
2
382
1
3
11
1
3
7
8
10
36
1
1
7
4
3
3
2
1
1
1
1
3
1
3
2
2
271
306
1
1
3
1
1
3
4
1
2
1
3
2
1
4
23
2
1
6
1
1
10
161
3
1
1
1
1
5
1
4
1
1
1
1
1
3314
13
920
1
1
9
2
4598
4
1
19
1
1
53
1
1
1
1
29
11
2280
143
2
1
13
1
2
43
1
4
1
2
1
26
1
2
1579
1
3
74
9
691
1079
13
1
1
1
3
4
1
535
1
2
1
1
1
1
1
1
1
1
1
1
1
1
3
1
1
1
9
25
1
2
1
3017
3
2
2
5
1
1
1
1
1
1
1
3
1014
3
202
2
1
2
1
5
1
1
20
1
2494
1
1
2
1
1
47
1
4
1
1899
2
1
1
1
1
3
3
1
7
1
1
1
1
1
3
1
1
4611
4
1
2
2
3
1953
1
1
1
2
2
3
3
3
1
1
1
3
1466
1
1
1
2
1
7
2
1
3
3
2
1
1
1
4
1
5
1
1
2
1
1
2
13
2
2
1
3
6
1
1
3
2
2
4
4
1
1
1
1
1
13
1
1
1
1
1
2597
6
2
1
3
1
1
1
1
1
1
1
1
133
3
1
12
1
1
1
2
1
1
13
3211
1
1
50
3
5
1
1
4
2
1
1
1
1
2
1
1
1
2
10
1
371
1
1
10
1
1
1
1
1
1
1
1
2
1
1
22
1
1
5
1
1
3
1
1
1
1
1
3
2
1
1
1
1
1
1
1
1
1
1
2
1
1
1
5
1
1
1
2
2
1
1
1
1
1
1
1950
1
1
1
1
3
1
77
13
34
55
24
1
1
1
1
2
1
1
2
1
1
4
1
1
1
1
1
2
32
4
1
1
1
3
1
1
16
3
3
14
12
1654
4
2
1
1
21
8
1
35
1
4
1
1
1
1
1332
1
1
3
1
3
2
1
12
3
2
2
25
8
2
87
1
10
69
723
4
7
1
4444
7
7
1
1
1
2
12
1
1
1
8
633
1
1
5
1
1
2
3
4
1
2
2
1
2
1
1
1
22
1
1
2
1
1
1
2
1
1
1
1
2
9
2
1094
1
1
1
3
1
2
10
1
86
4
307
15
1
2
640
2
12
1
1
2
2132
10
2
1
8
11
2
1
26
1
2
2
1
26
2
1
3994
1
3
25
1440
1
19
192
72
3050
34
1
1
3
6
1
4405
2
30
5
4
1
2
7
2
4
83
1
9
1
807
6
1
1
12
1
1
2
2
51
2
10
5
1
1
1
38
1
1
1
5
1110
2036
8
1
8
7
1
4
55
2
1
1
1
1
2
5
1
1
1
1
2
1
2
1
1
4564
1
8
1
1
1
1
3
1
1
1
1
2
2
1
1
1
2
1
1
1
3
2
1
2
1
1
1
1
4
3
1
2
1
4
1
2
1
2
2
46
1
1
3
1
3
2
4609
1
2
8
3
1
2
1
2
3
1
1
1
1
1
1
4
1
1
4
1
1
1
1
2
3
5
1
1
5
1
2
10
1
135
1
1
1
8
181
1
2
3974
1
58
62
1
6
2
1
2
5
5
2
2
2877
1
2
1
2
1
2
1792
3
3
1
2
2
270
18
1
6
1
1
2
8
1
1
1
1
59
1
2
1
1
1
1
6
2
128
1
2
1
3
1
1
1
1
4
2
1
193
1
1492
3
1529
6
8
1
1
1
1
1
2
1104
1
1
2
3
2
2
665
4
1
1
1
1
5
1
101
4
1
1
1
1
1
2
2
1
1
1
5
1
3
1
1
2
1
1
1
2
4
1
5
3
1
111
1
1
36
2
1
1
1
1
2
1
4
221
4
1
16
1
1
1
3
4
1
1
1
6
1
17
1
9
1
1
2
1
1
1
2
1
1
1
1
1
1
1
1
2
1
6
2
2
1
1
1
1
1
1
1
3
105
1
1
1
1
2
4
4
55
3
1
1
5
2
2
9
8
86
12
3
11
31
1
1
10
65
1
712
1
1
17
5
1
63
36
1850
1
1630
23
141
42
1
1
2688
1
1
1
1
1
1
1
1
1
1
2
1
1
1
4
1
2
1
3808
2
1
1
1
2
13
1
1
3
7
4
1
2312
13
1
1
1
12
1
4
2
1
2
1
8
19
1
2
6
2
14
37
40
16
26
1
231
90
55
3
59
5
271
1
6
144
64
1
14
1
14
49
49
26
26
11
4
5
1
4
368
1214
18
21
7
21
1
1
40
1
185
194
5
8
2
286
1246
442
11
2
8
49
20
8
1
2
108
22
10
294
11
97
94
62
31
13
2
7
2992
36
1
6
1
1
1
2
2
1
30
1
1
11
6
48
1
1
2029
1
4360
2
1
1
1
2
25
2
30
8
1482
16
121
12
9
2
1
14
1620
410
18
589
3
4
1
1
1
2389
2
1
749
1
1
5
1
1
1
1
1
1
1
1
10
2
5
10
5
2
1
8
1
3367
1
1
2
1
4
3
1
1
1
1
1
1
1
1
1
1
1
1
3529
28
1
1
337
1
1
2
2659
1
1
1
1
1
1
9
1074
9
2
5
10
108
5
2
2
2
86
72
2
8
326
1
1
1
2
14
1
1
42
96
677
51
375
16
1741
90
1
1
1
1
2
1
2
1
1
595
2
1
1
1
1
1
2
1
1
1
1
1
1
1
1
1
1
1
17
1
1
1
1
1
47
1
5
1
1
2
4
1
1
1
1
1
1096
1
1
6
58
1
2
1413
1
1
108
3
2
113
33
428
6
2
13
5
103
1387
170
1
2
2
1
1
1
1
1
5
1
3
2
1
1
1
1
1
1
3
44
1
1
1
1
1
85
1228
1
2
13
32
8
1
5
5
1
1
1
1
1
1
1
1
1
1
11
1
4038
1
1
1
44
215
4
2
1173
1
1
1
1
1
1
3117
1
1
2
1
2
2
1
1
1
1
2
1
2053
3
29
3
1
6
4
1
1
1
1
2
25
1
8
1
18
4
6
1
1
3
1
1
1
1
1
3
1
1
3
1
1
9
1
1
1
1
1
1
2
1
10
4
4
3110
1
1
1
1
1
1
4
1
1
1
1
1
5
1
1
1
1
10
2
1188
1
2518
2
1
1
2
1958
2
7
1
25
1
1
86
1
2
1
1
1
40
1
4971
1
1
1
1
1
1
1
75
1
3
1348
1
1
1
1
1
1
1
1
1
3
4
1
2
1
1
3
2
1
12
11
1
1
121
10
21
1
1
15
2
4
1
3
1
1
1
1
5
3
1
30
1
2
1
4
2632
1840
1123
2
2
37
1704
5
1287
129
4
1
11
3
2562
9
105
13
1
1
1
19
2
1
4
6
1
16
21
1
1
1
1
1
1
1
2
17
2
1
3
3
30
1
5
7
1
1
1
1
1
1
68
1
5
1
1
1
1
1
1
1
1
5
1219
1
631
1
1
1
1
1
229
56
1
1
1
1
1
1793
11
1
2
7
16
2
2
1
3502
2
2
1
1
2
1
344
5
3
22
5
13
1
2
3
1
2
1
5
4
2
1
1
14
1
2
1
1
22
1
5
2
13
3
17
5
8
24
21
40
1
1308
1
2
1
3
19
6
8
2
1
4
1
1
5
5
2
1931
3
25
1
1
1
12
10
10
40
1
1
1
1
1
4
10
1
2
1
1
3
1
1
3
3
1
1
1
2
1
1
1
1
1
2
3
1
1
1
21
1
69
13
34
7
41
114
58
1
17
1
3
20
1
2
1
1
49
1
1
11
27
1
14
1
190
4
1
1
1
1
1
1
46
1
1
1
1
1
1
1
1
1
3462
1
1
1
1
3
2680
3
3
9
5
1
32
4
2
11
47
16
7
23
1271
1
10
1
1
1
1
2
5
1
1
1
1
8
17
1
293
1
1
3
2
4
1
2
1
248
21
1
1
1
1
1
1
1
1
1
7
1
3
1
2
64
1
1
3
1
1
12
1
1
5
7
3
1
3
1
1
1
1
1
601
1
1
225
2
1
1
1
2
2
2
1
3
1
1
1
1
3
1
1
7
218
1
6
1
1
8
1
1
1
1
1
1
1
3
3515
1
1
1
1
1
10
1
1
1
1
2
2
1
1
2
1
1
1
1
1
1
1
1
1
1
2
2
2
17
2
1
1
1
2
1
1
1
1
1
2
1
22
3
9
82
1
3
34
2
1
2
1
1
1702
1
3443
5
1
139
1
1
1
3402
3
8
7
1
1
2
1
1
1
1
3164
19
73
9
1
1
1
1
32
25
14
1
8
3
2
1
1
1
1
1
2
3
1
1
16
1
1
1
3
1
3
3
1
1
1
13
1
1
2
1
1
1
1
1
1
417
8
2
1
647
1
5
11
3
9
1
6
16
1
1
7
2
1
1710
1
22
1
3419
13
4
13
35
2850
3
3
1
1
9
2
205
2
2
4
2
1
92
1
1
1
1
7
1
3
1
1
1
1
37
2
1
1
3
1
4
5
14
14
1
1
3
1
1
5
1
2
1
66
15
1
1
1
3
2
2
15
2
1
2
8
14
6
2
1
1
7
4
1
1
1
1
1
11
2
4
1
869
10
1
1
1
111
1
651
17
365
29
1
2
6
1
52
1
1
1
1
2
2
2
1
3245
738
20
1
4
3
1
13
1
9
41
2058
4
860
15
36
3
1408
1144
2
1
158
1
22
2
219
1
2
1
1
2162
1
3
1
91
1
1
8
9
26
1
1
1
1
1
1
1
57
1
1
343
1
1
1
2
16
1
1
1
7
22
8
1
4
18
184
1
1
3
5
4
2
3344
1
5
8
2
2051
1
21
2
7
396
3
29
1
1
8
2
11
3
1
155
7
23
1
1
4
20
14
4
1
4725
8
1
1
2
26
8
6
1
4
5
9
3
8
1
4
3
1
76
34
17
2
2
1
2
3
17
3
16
4379
165
36
1
1
2
1
4
2
1654
1
1
1
1
1
1
2
15
2
4
42
21
1
1
17
1
1
1
1
1
1
3
1
3981
1
3
1
3
367
1554
4629
1
1
2
1
1
2
1
2
2
11
2
1191
6
1
16
2
1
1
2
1266
45
1
1
1
3177
1
1
3
1
3418
1
41
361
1
1
1
1
1
1
2
1
2
1581
1015
1
1
1
4040
5
20
33
1
2
1
3
4
3
2
15
2
1
1
1
1
1
1
1
3
1313
5
1
7
1437
3
2228
1
1
13
1
1
379
3
1
1
2
1
5
2
1
1
2
1
14
3
2
77
1
7
1
139
1652
515
1
1
1
28
456
2
1
4
647
1
235
7
1
1
3
2
1
27
2
1
1
1
2
1
1
1
13
1
995
1
18
12
32
41
8
109
2
2
16
440
498
1
1
4
8
609
1
1
1
2
27
3
39
19
9
41
15
3
1
2
900
69
473
129
1
2
1
62
6
35
8
13
1
6
2
2
21
1
13
9
5
2
1
6
62
2
9
1
1
1
1
4
1
2
7
2
1
2
2517
7
1
2
3231
1
11
1
1
7
1
1
1
2
1
1
1
21
2
3
22
1
1
1
2
3
2633
1
1
1
1
8
8
1
16
15
81
1
2
1
5
41
15
26
2
86
1
2
1
1
5
2
1
44
1
1
1
14
39
1
2
9
1
8
1
4
2
1
5
2
1
2
5
1
142
1
13
18
21
1
2
8
1
1
1
2
1
1
1
6
1
1
2
6
1
1
2
8
1
4
1
4
8
1
1
1
1
4
4
27
12
60
1
27
1
7
6
13
12
1
75
1
4
1
1
3
1
1
1
2
1
1
17
1
29
1
1
2
20
52
2
1
1474
1
2
1
1
1
4155
1
1
1
1
1
6
3
2
4
1
2
10
1
1
1
12
1
1
1
1
2399
1
994
1
1
1
2
1
1
5
1
2
1
12
1
13
119
1
1
1
1
2
6
32
853
1
3
3335
1
59
1
2
1
1
1
3
3
2004
2
4891
45
5
23
7
13
1
5
1926
1
367
1
596
4
1
7
316
1
1
53
1
1
4
2
7
3
1
3
6
1
1
1
1
1
2
1
1
1
8
57
6
23
1
1
1
2
1
1
1
1
3
1
2
2
1
10
3
1
135
2
28
14
142
4
1
1
1
6
10
1
3488
3
1
1
1
3441
1
1
1
1
8
8
1611
7
13
1
1
1
4
2
51
1
1
1
2
1
6
1
1
1
1
1
1
1
1
1
1
1
1
2
1
3
1
3439
130
1
1
1
2
9
851
1
1
1
4
1
4
1
16
1
2
1393
5
2
1
188
11
394
1
2
18
4
1871
1
8
1
1
1
1
1
2
1
1
2
1
3977
1
1
1179
1
1
1
1501
9
3
1
1
21
3
16
1
1
1
1
2511
1
1
1
2
1
2
1
1
1
1
1
26
462
32
2
2
100
2
198
17
46
4
3
1
1
17
1
1
3
4864
5
5
2
10
1
9
5
4
1
3
2
2
1
14
1
1
1
9
1
28
75
8
1
1760
1
28
1
1
2
45
2
15
1
15
1
1
9
1
6
1
1
1
8
1
2
1
154
2
1
1
1
17
1
1
1
2094
1
2108
83
1
1
3
1
16
1
1
3
3
8
1
1
1
1
3
1
1
3
1
1
1
2
5
1
1
2
1
1
1
1
1
1
1
1
1
1
1
1
1
11
1
4040
1
3
3375
1
1
1
1
1
1
1
1
1
1
1
5
2
1
1
1
1
1
1
1
3
2
1
1
1
1
1
1
3
1
1
1
1
2
4
1
1
1
1
1
1
1
2054
1
2
1
1
1
2
2610
68
1
1
1
5
1
4
1
3
5
1
2
1
13
1
1
2
5
1
4
3646
1
1
1
1
1
2
1
1
1
1
2
1
2
1
9
2
1
3
1
3
1
1
1
3
1
1
1
1
1
1
1
1
2
1
1
1
1
2950
3049
1
1
1
1
1
1
2
1
1
1
3
2429
2
1
1
3
1
1
1
2
1
1
1
1
7
1
1
1
2124
1
64
1
1
1
2
2
1
42
15
1
42
1
2
2
2
3
3
1
1
183
1
1
10
6
1
1
4
12
7
1
9
1
1
2
7
1
2
3
2
2
3
275
6
1
1
1
1
1
2
1
1
2
10
17
1
1337
1
76
3
12
2
1
217
1
2
1
10
188
1
195
1
2
1
3
1
3
3
1
5
2
7
1
1
1
1
5
1
1
2
5
1
2
2
1
2999
1
1
17
6
1
4
8
4
2
1
5
5
31
1
1
1
1
56
1
19
2
3
3
2
2
1
5
2
1
8
1
5
7
1
2
1
6
2
1
2
3
9
7
4
3
3
1
1
3
6
4
1
2
4
1
57
5
1
1
2
15
2
9
27
21
5
1
14
1
5
1
5
1
2
1
4
1
8
5
2411
2596
3
2
1
5
5
5
3
1
2342
4
2
3
2
1
2
1
1
1
1
1
1
7
6
605
3
1
7
24
1
2
1
3235
38
1
5
10
2
1
2
1
6
2311
1
36
71
4
1
32
1
2
5
1
8
10
163
1
3
3
1
11
73
2
1
22
3
16
1
1876
146
1
4
1
9
3
9
6
2
1
16
1
1
3
2532
5
3
1
1
17
3
310
6
1
3
1
2
15
95
1
316
4
6
110
35
1
1
2
2
1
1734
1
11
1
1
1
1
1
3
1
2
1
1
1
11
1
1
59
2
1
2
1
1
1592
57
4
1
4
3
3
2
1
6
1
3704
1
6
1
5
2458
1
1
7
1
7
4
3
1
1
19
4
3
2
1
1
2
4
2
1
1
2
1
3
4
1
2
2
23
1
61
4
1
1
5
6
1
6
1
2
1
2
1
1
1
1
18
1
3
1
7
2
1
1
1
1
2
1
2
14
2
19
22
1
31
1
632
3
1
42
2
1562
1
7
3
1
2
4
38
13
2
1
2
9
2
5
5
2044
5
5
7
47
1
2
2
1
2
1
1
143
1
5
10
15
4
32
2
1
6
1
1
1
2
29
1656
3
3
1
3
9
1
1
46
1
2
1
71
2110
1
2
2
8
1
1
2
1
4
1
1
1
1
3
1
2
1
1
1
1
2
1
1
4
1
1
47
9
1
1
2
1
1
1
2
1
2
43
150
1
1
1
1
1
20
2
1
6
1
1
2
2
1
1
1
1
4
1
5
1
1
1
1
1
4
245
1
1
1
1
1
1
200
2965
6
1
4
1
1
305
1
2
1
1
4
2
2
1
37
3
463
1232
1
17
1
1
41
1
1
6
166
31
1
1
1
2
2009
1
7
26
2282
4
4
13
1
3
79
1
7
1
23
3
201
2
16
24
1096
1
3219
5
1
1
1
1
1
1
1
6
1
1
3
1
2
4
1
4
1
15
1
2
3
1
426
6
15
1
2
1
1
175
12
1221
1
1
8
2
1
1
13
70
21
3
1
1
1
3
1
2592
2
17
2
1
2
3
8
2
1
1
1189
1
1
5
2
2
39
2
17
2
1
2
1
2
1
12
52
92
3
35
6
1
1
1
9
1
2
1
1
1
1
1
4
1
2
1
2242
2
2506
2361
52
4
5
25
1
1
4
21
14
2
16
2
7
3
1
23
460
5
12
10
1
2
1
1
3
4
5
2
5
1
29
5
3
1
1
183
3
1
3
4972
229
1
1
1
2
3
2
1
1
13
2
3
1
12
266
2
1
46
157
29
1
19
10
1
1
1
14
3
52
1
3
754
2
6
1
5
2
1
2
24
1
2
1
4
1
1
1
1
3
1
59
1
3
6
2
3
2
8
2
13
13
1
3
7
2
5
1
115
1
1
2
1
1
2
2
1
76
1
1
19
2
3
5
1
1
85
9
26
1
1
1
1
1
1
4973
2
1
7
64
4
16
1
4
1
3202
1
9
1
1
3
16
1
1
1
1
1
28
2
4
2
1
337
17
2718
10
18
1
1
2
2
3294
1
1
6
1
2
2
2
1
1
5
4
2
2
1
1679
1
4
5
9
1
1
1
1
91
4
878
4
1
3
1
3
3
1
1
7
1
1
1
1
2
1
2
1
1
1
1
1
2
3
1
1
4
1
1
2
2
1
1
1
1
1
1
1
3
4
1
1
1
1
2
1
1
10
2
7
4
1
2
21
7
1
2
1
6
2
49
6
3
1
3
4
275
2
1
1
2
1
1
1
1
1
1
1
1
1
116
2
21
1
4
2
1
1
1
13
3
2
3
1
1
4
1
1
3
9
1
5
36
1
1
1
3
1
1
1
1
47
34
3
112
1
3
1
1
20
2
1
5
1
1
1
1
29
4
2
1
2
1
4
9
1
12
1
1
1
1
2
1
8
1
1
1128
1
4
3
6
1
9
2
5
1
2
35
2355
10
4
1581
21
8
5
3
13
1
5
6
32
2
2
3
1
1
980
94
1164
18
1
1
9
29
3
1
1
1
1
1
1
12
1
1
1
300
1
1
1
1945
1
8
3829
1
1
2
25
1
2
139
16
1
3195
6
3
1
3
3
1
451
1
1
5
14
1
1
3
1
4
1
2
8
3
1
5
2
2
33
9
2
1
9
12
635
2
14
3
1
29
9
3
12
36
1
7
12
1
3
6
8
3
1
3
3
3
4
1
22
1
1
1341
1
7
1
1
2
2
1
1
1
2
2
1
1
1
4
1
1
6
6
1
3
1
1
2
1
11
6
7
1157
1520
1
1
1
1
5
5
1
1
1
1
20
1
13
1
6
3
3
1
94
144
274
4
7
1
1
3
5
4
14
1
2
1
27
4
6
1
3
1
1
7
59
2
1
5
1
3
2
1349
2
1
40
350
213
4
1
1
1
329
2
1
40
2
1
1782
4
51
1
1
22
102
2
1
2
2
1
2
4
1
1
8
96
1
1
1
4959
1
2
1
1
25
183
3
138
1
5
1
1
1
3
15
2
2
1
3
4
1
4
1
1
1
1
1
1
1
1
1
1
2
1
4
1
2
1
1
2
1
1703
2
2
1
2
2
6
1
1
14
1
1
121
1
235
2378
4
5
1
1
3
2974
451
40
6
2
2
3
1
4
1
1
1
1547
1
1
1
1
1
279
1
1
1
442
4
1
643
1
6
316
647
2
413
57
1
2580
1198
1
179
24
532
196
5
3
16
2
4
1
38
1
1
46
2
2
41
1
1
1
2
1
8
6
1
1
3
1
4
1
1
6
2
13
12
83
29
2
14
87
1
3
14
4
36
1
1
2
1
4
1
1
10
264
2667
1
2
28
2
2
4
1685
18
10
2
3
1
1
7
1
3
14
7
1
4
10
1
5
1
1
1
1
1
1
1
7
21
1
2
2
3
4708
1
1
1
1
2
76
10
1
235
1670
1
1
2
1
1
4
2
10
2
76
21
2
4659
3
35
825
858
29
8
89
834
2
139
50
1803
6
1
2
3
1
1
247
1
1
1
1
1
2
1
6
3
6
1
3
1
1
1
10
1
3
3
1
2
1
1
1
1
1
1
3
4
1
1
28
7
1
1
1
8
7
1
65
2288
1
1
1
17
1
2
17
1
82
1
1
1
1
1
1
2
7
1
1
1
4
2
1
1
62
2
1
2
1
340
1
54
1
1492
2
1
1
1
1
1
1
1
1
2
1
2
2
1
1
2950
2
1
1
1
1
1
1877
2
1
1
1
1
1
1
1
2834
2
4
1
1
1
1
2
1
2889
484
1
2
1
1
1
1
995
2
1
3
1
1
1
2
1
34
2
3
1
1
1
1
2
373
1
17
1
1080
1
1
3
2
3
1
9
214
3
1
7
1
1
1
248
1
3
1
2
110
213
176
3
1
16
5
1
2
2
6
3
1
1
3
2
1
1
1
1
3
6
1
2998
1
2
1
5
1
6
6
42
2
1
1
50
10
4
47
1
1
4
1
5
2
3
1392
15
1
1
1
9
1
729
7
1
1
4
1898
1
1
1
1
1
1
1
11
1
1
139
212
413
1
1
4
7
2
1
1
2
2
2
6
1
1
4579
2
1
1
1
1
1
1
2
1
1
9
2
945
1
1
1
1
1
1
2
1
1
1
1
1
4
1
2
10
1
1
1
1
3
1
1
7
6
1
1
1
1
1
1
1
1134
3
1
4566
2
2
1
1
3
3
1
1
1
11
1
1
5
1
14
1
1
7
1466
52
4280
2
4
1
7
1
524
3
2
1
1
5
22
1
1
1
1
12
1
47
4
4
1
4
1
26
2
57
1
13
1
2
18
1
171
1
1
1
1
1
1
1
1
1
6
1
5
1
1
3
1
2
1
4
5
216
1
1
2
49
1
1
5
5
1
6
1
1
1
1
1
5
1
2
1
22
16
2
2
6
2
2
4
4433
1008
2
1
8
3
1
3
27
51
10
19
17
1
35
3
1
1
2749
172
1
1
7
17
1
1
1
1
1
3
6
7
1
1
12
72
5
53
7
1
1
4
1
3612
19
10
2
1
4
3
15
4
6
1
3
1
3
1
6
7
149
19
1465
1
132
6
1
1
2
3
1
1
1
5
1
1
1
1
641
1
1
4
1
1
3
29
1
1
1
11
1
1
1
63
25
3
1
2
7
1
6
2
2
6
1
17
1
3
584
1
12
2629
114
23
3375
1746
1
17
4
6
1
1414
3
11
20
7
44
3
2
2
7
26
2
28
1
22
41
5
8
2
1
5
1
107
17
7
25
9
1
2
40
1
1
1
1
104
39
857
9
1
1
6
17
24
27
15
1
1
2
2
1
47
10
15
1
17
1
8
25
866
3
1
5
5
2
4
3
8
1
12
8
10
2
4
1
2
2
239
112
1
6
1
1
1
2
3
4497
1137
1
5
2
11
9
46
1
3
13
7
18
175
12
1
2
2
6
1
3
1
1
2
1201
5
2
2
2
262
165
1
1
2
351
1
3
72
1
1
2
2
5
1
102
32
6
1
10
4
1
26
3
125
9
6
3
1
1
98
3
2
4
572
4193
1
16
4
1
7
5
23
24
32
33
9
1
1
1
4
2
3
1
1
1
68
1
2
1
1
1
4
1
3
1
10
6
1
2
3
4
1
1
1
1
34
16
11
1949
2
2
1
311
8
2
3
62
6
4
1
7
8
6
1
5
998
2
2
1
1
280
4
5
1
1
3
3
1
4
623
11
1
6
3
2
1
1
2
1
18
2
5
3
6
1
104
319
11
5
9
1
18
1
1
1
1
1
3
1
1
11
1
1
2
9
8
3
1
4
8
1
1
1
4
2
2
25
144
1
5
14
2
3
1
4
3
4
56
1
1
2
5
1
1
20
81
1
3
1
7
4
2
11
4236
5
1
1
1
3216
1661
2326
1
1662
1287
14
1
1
1648
4
2301
6
3
2
3
7
43
1
62
7
2
6
4
3
2
3
28
37
20
1
19
4
2
15
25
12
5
2
1
4973
3
3
2
1
7
7
1417
10
2052
4
22
740
1
11
2
3
2
13
72
56
3210
11
2
5
2
3
15
2
2
53
1
102
2
4
1
24
1
3
59
2
2
4
25
2
3
4
40
2
4
13
2
29
4591
6
1
8
14
12
4
6
3
17
2
2
1
26
3
24
24
2744
5
1
4
46
1
7
7
1
6
1
67
2
1
1
6
3
1
6
1
2
1
40
5
1
2
4
21
2
1
2
1
1
12
3
1
43
2
3
2
1
1
8
1
16
1
125
7
1
1
1
1
1
1
1
3013
9
13
1
4
1
6
1
1
1
14
16
1
258
4
2
1
1
2
2
4
1
2
22
7
1
1
1
14
1
1
1
28
81
2
1
1
3
1
1
4
7
1
1
2
3
1
1
1
5
1
2
27
3
3
10
3
2
1
4
11
7
1
1
1
1
27
2
1224
1
13
11
222
3
23
16
1
1
1
1
3
3
24
1
1
1
134
8
175
13
2
6
11
2
1
1
1
5
20
43
1
2
477
1
772
4
1
3
141
2
1
1
2
13
1
9
1
1
3
220
1
2327
5
12
1
1297
5
1
2
3
338
22
3
27
16
4
3
28
1
1
1
2448
1
3921
1
19
4
1
4
1
1
1
1
2
9
1
1
1
1
1
1
10
1
2
27
40
36
2
15
8
2
17
58
437
1
8
4
1
11
5
2
6
12
9
121
8
5
24
3
1
27
1
16
10
85
1
1
3
44
1
1
1
1
1
2
1
2
1
2
1
295
8
1
1
1
2
2
1
1
1
1
1
1
1
1
5
1
122
46
1
12
3
3
3
13
1
4
1
2
11
36
1
1
34
4
1
1
223
1
1
1
1
1
1
1
1
1
2
2
4
1111
1
1
133
1
1
1
1
1
13
29
1
1
2
1
1
1
1
1
1
1
3
2
1
5
1
2180
1
10
411
1
3
6
5
200
248
1
1
18
1
3
46
6
7
1
1
1
1
2
4
1
15
1
1
3
1
1
2
1
1
1
1
2
1
1
2544
2
2
6
1
2
14
3
2
1
1
2
1
1285
1
1902
1
111
1
1
1
1
1
2
2
1
5
2
1
2
1
1
1
1
2
1
4
1
162
1
4
1
2
1
1
1
2
1
1
1
1
1
2
1
1
2
1
1
2569
3093
14
12
2
3
12
97
5
1
7
3
1
1
1
1
1
4
2
1
1
2
9
1
3
1
1
3
1
7
1
1
3
3
2
4
1
4
1
1
1
1
2
1
1
1
2282
1
3
18
2
1
3
1668
1
1
422
54
41
2923
49
220
1
6
1
1
2
4979
1
2
1
1620
2
38
1
1
1
5
63
2
1
1
1
1
1
6
1
2
1
1
1
1
1
4
41
13
1
2
1
1
2
6
1
1
4688
1
1
4
4
10
2
1
1
1
4
1
1
11
3
1
1
2
1
1
2
1
1
3
1
2
81
1
1
2
2
1
7
2
1
72
1
2
1
1
2
1
1
2
48
2
14
32
1
8
1
1
1
4
1
156
2
8
1
8
1
3591
2
2
1
210
2
3141
3
1
2
15
2330
1
27
1
1
1
8
1
3
1
1
1
3
1
1
1
6
2
1
5
1763
1
1
517
2
23
1
2917
17
28
258
3
2551
9
1368
1182
1
2
1
1
1
5
1
1
1
1
1
406
3
1
3
4
10
6
1
1
1
1
1
1
3
1
98
1
3689
2785
2
7
1818
2
1
35
1
4
8
1
7
1
3
3
2
1
17
2
1
76
3
4
2
1
6
1
3223
1
11
1
1
1
6
20
1
6
173
1
4
17
2123
1
1
116
3
1
1
7
1
1
51
1
33
1
1
1
1
2
1
4780
6
20
1
1
12
17
1
2
1
1
1
1
1
1
2
1
1
87
1
4
1
74
1
2
8
9
15
1
2
98
1
1
4
6
8
1
1935
6
1
2
6
1
3
16
14
1
2717
2
3969
8
4
1
8
50
3221
1011
18
1
3
1
2
1
2
1
3
1
2
1
1
1
1165
3
1
4
1
1
46
4
7
7
2
56
22
1
5
2
1
1
1
1
1943
1
1
2
1
160
1
2
8
2
1
1
4
18
1
1371
1
2
1
1
2816
1
1
3080
1
1
14
1
4
5
1
1
1
1
15
1
2691
1
1
2
3323
57
23
10
61
50
2
242
1
2
50
5
76
2023
3
53
2896
16
2
876
1
2
12
9
56
81
1
9
25
7
2
20
99
1
4
1
4
1581
1
2
1
3
1
3006
1
3
3
1
49
1
1
6
2497
3
5
41
107
5
2
2
2
3
2
1
248
1
7
1
39
104
1
3
1
56
29
2
3
9
4
13
26
5
3
1
6
1
3
8
37
2
1
3
17
1
4
4
2
1
4
14
33
1
2
1
10
1
1
276
1
1
2
1
1469
3
1
3
10
19
10
8
2
3
11
255
6
2
5
11
1
21
25
1
249
1
1
50
137
894
137
23
3031
1
3
2
12
1
7
277
3099
14
8
1
1
2
157
1925
11
9
3
2
1
1
1
14
7
1
4
28
1
27
1
1
5
181
8
36
126
2
1
70
1
1
3
46
22
1
28
23
26
274
3
27
129
1
4
2
1
268
38
151
2
9
4
3
37
8
15
660
84
6
4
1
11
2
96
145
1
96
13
45
1
1
1
1
65
1
1
2
29
6
1
131
76
3
64
18
1
9
20
1
7
18
2
274
44
144
3
1
1
4
1725
2
26
2715
4
1
71
21
17
22
31
8
26
7
3063
22
5
60
160
6
17
11
14
2
1
4428
3
1
3
1
1
1
1
2
18
1
1
1
1
1
1
1
1
1
1
1
6
1
1
1
1
1
1
1
1
1
1
4691
1
1
245
2
1
11
1
2
1
1
2
1
1
1
1
3
1
1
1
1
1
3
19
5
42
3
3
2
2
3
1
1
3
1
122
2
1
1
1
46
1
102
5
13
4
2
10
1
23
17
4
3
3
38
3
2
11
4
118
504
3
1
1492
2
2
1
1
3
1
1
4
1
2
188
2
1
22
114
3
7
2
1
1
1
1
1
1
1
1
1
100
1
1
2
1
2
931
1
6
23
1
3
1
1
1
985
1
5
35
3858
2
1
1
1
1
1
1
12
1
45
3
2
1
1
439
1
1
1
1
4513
1
1
1
9
1
1
1
1
1
1
1
1
1
1
1
3
1
3
1
1
2
1
1
1
2
2
1
3
5
1
1
1
2
2
1
1
2
1112
1
1
1
1
2
5
1
1
1
1
1460
1
1
1
1
1
1
1
1
194
1
7
1
1
7
12
5
1
1
1
1
2
313
4
1
1
1
1
3
1
1
1
1
4
1
7
2
4
21
2
20
1
1
1433
19
2
1
1
16
1
12
8
9
1
18
33
2
4156
4
11
1
53
1
1
4
1
1
1
2
1
1
2
1
2420
9
1
1
2
1
7
1
283
1
4
9
7
40
3
22
108
2
7
1
1
14
1
16
1186
4663
7
1
11
8
60
2
1
3
1
8
1
1
2521
1
10
9
13
15
2
1
1
31
1
3
18
1
18
2
1
1
4
1
1
1
1
2
1
1
1
16
1
1
1
1
1
16
2
1
3
114
1
2
2
33
14
8
2
1495
1
1
1
1
2
1
1
1
1
1
1
1
1
2136
1
1
6
2
1359
2
1
1
4
1
9
5
1
1
1
1
1
1
1
1
1
1
2
17
1
1
79
1
1
594
1
1
1
1
1
5
2
1
82
1
5
1
3
1
1
1
4
1
1
1
1
487
2
1
1
1
1
2
1
2
35
2
2
3
1
4
2
1915
1
2
1
1
1
1
1
16
35
1
1
3
73
1
1
1
1
5
3
24
4
1
6
2
3
1
1
1
4
3
1
1
1
1
1
2
1
3
1
1
294
10
1
1
1
4
4
758
12
4
1
2
1
1
1
1
1
1
14
1
160
2
1
1
19
7
2
2
2
1
2
55
1
1
1
2
50
660
1
1
1081
1
90
1
54
1
1
1
1
1
1
1
201
24
2
1
1
1
3588
1
1
1
1
3
7
2
7
12
1
1
1
1
1
1
1
1
1
2
12
1
1
4
1
1
4
397
9
1
1
1
1
29
7
1
1
2
3
3
1
7
28
1
7
8
1
1
1
1358
151
1
1
1
1
1
1
1
2
124
1
1
1
1
3
1
2
20
5
1
3358
1
24
1
5
2
3
1
1
1
5
1
1
2
1
18
7
2
2
22
1
2
21
1
6
3
2
41
4
2
1
1
1418
1446
2
1
1
2
1
1
9
1
1
1
2
1
1
4
1
1
1
1
3
68
5
3
1301
1
7
1
1
1
3558
2
27
1
5
1
1
32
2
1
2
1
17
32
1
11
1
1
21
1
1
2
1
3
732
1
1
1
2
1
1
1
4
54
1
2
1
2
6
1
1
1
1
4
1
2
1
415
1
1
1
37
1
1284
3
1
1
5
1
5
1
1
1
1
1
1
1
2
1
1
2
4
374
1
3
1
1
2
1
2
1
1
1
1
10
1
43
1
2
1
9
2
15
841
5
11
19
54
3
1
35
4162
1
762
2
4
1
1
5
259
1
952
2
2
1
1
7
1
1
23
198
3
5
993
7
1
3
1
1
3
1
2
2
1
1
71
114
4
533
150
17
162
3
2
8
646
86
1
2
18
45
24
1
1
2
1
2
3
160
6
3
5007
1
1
5
1
23
53
2
3
7
4
2
2
3
1
28
126
19
238
370
5
1
10
358
108
63
19
332
15
1
1
3089
7
466
218
244
7
21
32
23
9
1
281
197
1
245
170
216
18
98
8
38
1
153
1
6
1
100
26
20
1208
1
6
20
1
4
1
2
2
180
6
1
2
1
784
4
1
1
1
1
1
2
24
1
1
1
5
1
2
2999
281
1
2
1
1
1
210
2
2
1
1
1
1
1
2
789
2
309
1
1
1494
2445
11
18
356
1
1
400
62
5
5
1
1
4
5
16
1
11
1
5
2624
1
1
20
4
32
1
1
3863
31
1
1
138
2
9
20
136
3
10
1
4348
1
2
1
1
1
1460
1
1
1
1
2
1
1
3
12
1
53
2
166
1
6
2
8
3
1
1
1
1
1291
3
2
1
3
1
1
1
335
1
1
1
1421
1
3564
2
1
1
1
1
1
2
3
43
1
1
3
17
21
1
1
4
1
1
1
1
1
1
1
1
1
1
1
1
1
2
18
1
1
2
9
1
1
1
1
1
1
1
137
1
2
1
1
1
1
1
1
1
1
4143
2
1
1
1
3
2
1
2
2
1
1
8
5
6
2095
1
6
1
1
1
1
3
1
1
1931
68
1
4
1
1
1
1
1
3
1
1
215
22
59
7
1
2
1
1
5
1
1
2
1
1
1
1
1
1
1
1
1
1
3
1
1
1
1
1
1
1
1
1
1
1
1
1
1
1
3
1
1
159
46
1
1
1
1
1
1
2
1
48
1
2
1
1346
1
15
5
1
197
1
4
4
1
2
1
24
1
1
149
1
1
4
3
1
1
1
2
1
30
18
1
1
2
1408
1
1
1
2
1
2
1
1
1
1
1
1
1
1
1
2
1
1
2
2079
1
2
2
1
1
1
1
3
1
1
19
1
1
1
1
3
1
1
1
1
4
1
1
1
4
2
1
1
1
1
1
36
4
327
148
1
39
1
1
4
2
1
1
2
1
2
1
2
164
208
1
4
2
1
1
1
1
15
1
1
1
1
1
1
1
1046
1875
1
2
1
1
1
1
1
1
1
2
3
1982
2
5
1
1
1
2
1
1
4
1
2
1
1
1
1
2
2601
5
1
1
1
2
4
5
1
1
1
1
2
52
5
1
5
1
1
1
1126
1
1
1
13
2
2
1
7
1
431
82
7
1
4
12
2
4
1
1
1
1
2
1
3
1
1
1
1
1
17
5
9
13
35
2
1
1
1
1
40
8
4
67
3
4
1
1
2
1
1
42
1
24
1
1
6
1
148
1
1
1
2
6
964
4
2
13
3
8
6
14
1
1
3183
1
2
2
1
1
2
7
1
76
2
1
2
11
4
1
64
1
1
1
1
1
2
1
1
1598
7
1
228
1
1
1
1
1780
1
1
1
241
300
4
3
41
40
1
1
1
1
1
2
1
1
30
29
3
1
1
1
1
1
14
2
2
10
30
1
11
20
2
2
9
3
9
1
3
2
13
1
1
1
51
1
1
1
6
2
2
1
9
30
1
1
18
1
25
1
18
1
1
1
1
8
1
1
1
1
1
1
1
1
1
1
1
1
1
2561
1
647
1
6
1
1
4
1
1
1
1
1
1
5
22
4
2
1
1
1
1
1
1
2684
2314
2
1
1
2
2
1
1
3
1
1
32
1
1
1
2
1
1
1
1
1
1
1
1
1
1
34
1
1
1
2
3
22
1
3
2
1
1
1
1
1
1061
14
1
4
240
14
1
8
1
1
2797
1
7
84
1
2
1
1
6
32
1
4
3123
1
1
1
1
1366
1
1
137
2
1
1
2
5
232
1
4
8
1
1
73
4
3499
2
2
3
1
1
1
4
2
1
2
1
1
1
2
3005
1750
23
2
1
3
5
1
1
22
8
1
1
1
1
3
6
94
3
7
4734
1
1
4531
1
2825
1
5
1
14
10
36
10
1
1
1
3
1
7
1
17
1
9
2
1
14
1
2
1576
1
1
6
1
1
1
1
4
1
1
40
3
21
5
1
9
1
3
1
3
4
76
4
1
14
2376
36
2
2
2
1
21
8
2
1
1
1
124
9
3
54
168
2
1
6
2
25
1
1265
1
1
15
1
1
3
8
2
1
13
1
25
1
4
170
1
1
8
396
1
2
1
1
4
1
1
2
1
1
2
1
1
171
7
188
7
4
13
16
18
20
3
2956
16
3
7
1
1
1
2
1099
2
1
16
30
1
1
1
2
1
2
4764
4368
2
1
4
2
6
3
21
13
40
8
3
1
173
5
1
1
1
1
4685
1
15
87
51
90
6
22
4855
1
1
1
2
2
1
5
6
1
1
1
2
1
4
1
1
21
12
3022
2
14
1
2
1
12
2
2
2077
1
1
