1
1
1
1
1
1
1
1
1
1
1
1
1
1
288
1
3
4
1
112
216
167
60
37
41
2359
3
1
2
22
1
1301
352
2
24
1
3
507
1
1
1
7
1070
5
404
12
28
4
4
28
1
3
3
1
1
2
1
2
1
5
3
1
1
1
1
1
1
2
1
1
3
2
2
1
121
3
2
1
1
1
2
73
3
1
1
1
2
1
1
1
10
1
27
2
1
2
1
2
638
67
13
55
9
19
9
4
4
25
2
4
1
1
2
7
67
8
11
183
14
1
3
1
2
1
44
87
187
1
1
1
8
1
1
4
1
3
166
35
3
1
1
454
2
2
4
1
2
29
2
4
1
1
2
1
83
1
8
29
220
2
6
3
62
5
2
11
5
1
1
125
85
512
12
1
1
3
7
8
1746
30
1
1146
25
1
1
57
97
14
3
2
9
1
1
1
1
1
5
3
1
2
3
1
2
1
8
1
2
3
217
6
3
2
1
1
1
1
2
1
1
14
4
38
60
8
2
3
1
1
1
9
1
40
4
1
1
1
1
1
1
1
1
1
1
1
1
1
4
3
46
42
1
36
1
1
17
1
2
33
1
1
1
1
1
1
18
1
1
1
1
1
9
1
19
1
2426
107
1
2
1
8
2
1
4
4
16
1
2
1
1
1
3
8
1
1
17
37
5
22
1
1
14
1
1
8
1
6
77
8
71
4
1
1
1
1
1
1
2
1
1
1
1
1
1
1
1
1
1
3
1
1
1
1
13
3
1
1
1
1
3502
1
1
1
1
1
1
1
1
1
1
1
1
2
1
1
1
1
1
1
8
1
1
1
1
1
1
2
1
1
2
1
1
2
3
3
2
3
1
9
1
3
11
4
1
3
1
1
1
461
1
1
1
1
1
3
1
1
4
1
3
3
1
14
1
1
1
1
4
1
1
1
1
96
2
9
3
3
8
1
1
12
12
4
47
9
1
1
2
1
1
2
4
1
139
45
1
1358
1
1
1
1340
1
1
1
1
2
22
2
29
36
12
16
1
25
2
1
9
2
2
1
1
1
1
2
2
2
45
26
3
5
1
1
1
1
1
2
1
2
2
1
1
1
1
1
1
1
1
1
1
1
13
1
1
3
8
7
1
1
6
1
2
1
1
3
4
11
3
2
9
3
4
3
3
7
1
1
16
1
1
1
1
3
1
2
1
1
3
3
1
1
1
21
120
1
1
2
2
1
18
1
2
24
1
4
1
19
1
1
1
2
8
4
1
5
2
3
60
1
3
3
1
1
1
4
28
5
2
27
4
2
1
6
1
1
1
2
29
8
2
1
1
1
7
1
2
4
93
2
5
20
1
1
1
1
49
4
1
4
1
1
2
1
2
16
1
1
1
1
1
1
1
1
1
2
1
3
1
1
2
1
1
2
22
1
4
2
2
1
2
1
1
2
1
136
1
1
1
1
1
2
1
1
2
1
5
2
2
1
1
3
1
7
2
5
1
2
2
9
1
1
1
34
13
15
3
1
9
1
6
55
4
75
167
377
3
57
16
4
1
3
1
4
1
1
1
2
14
13
5
1
2
7
1
1
2
2
1
1
1
1
1
300
3
1
1
16
1
1
36
1
1
1
1
1
1
3
5
1
1
2
3
5
23
1
1
1
1
9
3
1
3
3
2
1
3
1
1
1
1
4
4
1
3
1
1
2
280
1
1
1
1
1
1
1
2
1
2
2
2
1
1
1
1
898
170
474
1
3341
1847
567
3362
3072
52
3277
9
29
217
114
210
4158
142
345
1
1
1123
1
2331
78
199
59
18
746
57
1092
6
1
2
18
2
8
8
3
2744
1
2
1
147
1
3
1
1
1
1
7
6
3
1
5
3
64
3
21
7
1
21
2
1
1
1
1
1
1
1
5
2
97
1
5
1
1
7
1
1
1576
5
6
1
1
7
1
1
1
1
1
1
1
3
1
1
2
2
6
1
1
44
8
1
1
1
1
1
1
1
1
16
150
2
1
4
1
1
1
1
15
1
1
1
3
1
2
1
1
120
1
1
1
1
1
1
1
1
2
2
1
1
1
1
1
1
1
2
1
3
2
1
1
1
3
420
2
1
198
25
2
3
4
18
13
113
5
14
1
47
7
1
3
2
1
1
1
3
418
3
4
3
1
379
1
1
3
6
1
2
1
2
1
2
1
1
1
51
1
1
2
1
2
43
9
7
1
1
2
3
114
50
1
1
1
20
10
38
1
1
1
1
1
1
6
1
1
1
4
1
1
1
1
6
1
1
2
1
1
2
2
1
1
1
2
4
1
1
3
1
1
1
1
1
8
6
5
1
2
1
1
7
1
2
1
2
1
1
1
1
1
1
1
2
1
2
2
1
1
1
1
1
1
1
1
1
2
1
1
1
2
2
1
1
1
1
1
1
1
1
3
1
2
1
2
2
1
1
1
1
1
1
5
1
1
16
1
1
1
4
1
1
1
2
1
1
1
1
2
1
1
2
1
1
1
5
1
1
1
2
1
45
2
1
2
1
1
1
1
1
1
1
1
13
1
1
1
1
1
1
15
13
2
9
1
1
3
1
2
1299
1
1
30
30
3
1
1
1
2
1
3
1
6
1
1
3
1
9
2
1
1
646
29
30
24
37
1
2
1
2
1
1
3
1
2
1
3
1
1
1
4
1
5
1
2
57
45
99
2
1
1
2
1
7
1
32
26
111
4
2
1
28
184
61
74
498
58
14
1
1
1
6
1
4
1
556
1
1
6
1
1
1
6
6
1
3
38
8
5
2
5
2
27
14
3
13
12
1
10
313
2
1
3
1
1
7
1
20
6
29
22
8
4
3
5
6
1
2
8
8
1
4
1
1
6
11
26
1
5
1
9
2
12
1
1
8
9
1
1
1
2
1
3
1
1
2
38
3
1
1
1
49
6
1
1
3
3
2
23
1
16
1
12
79
2
1
2
7
1
1
2
1
1
1
1
120
1
4
1
14
2
11
3
5
3
1
2
2
1
10
2
9
1
1
1
18
1
1
17
1
5
8
1005
1
1
17
1
2
24
4
1
1
98
1
1
1
1
1
59
1
7
2
1
2
1
1
3
37
1
41
124
16
13
1
1
1
52
7
1
1
1
2
1
2
1
3
91
3
3
1
136
2
4
2
3
53
6
1
10
5
1
1
1
1
1
1
1
1
1
2
1
1
3
1
5
6
8
2
14
1
22
12
341
18
2
1
2
63
1
4
1
10
1
1
1
7
1
7
1
1
12
1
1
2
2
1
20
1
1
1
1
1
1
5
1
1
1
1
1
1
1
9
1
1
1
1
3
1
3
7
1
1
1
2
1
2
1
1
1
1
1
1
3
1
1
1
2
1
1
1
1
1
2
1
3
1
6
6
1
1
1
3
10
2
1
4
1
1
2
2
1
1
1
1
1
1
4
9
3
1
1
1
1
9
4
1
4
1
1
1
4
1
1
3
1
1
1
1
1
6
1
4
4
21
1
1
1
2
1
1
1
1
2
1
1
1
1
1
1
2
3
2
7
1
1
2
1
4
2
3
1
2
3
2
1
1
2
1
2
1
7
3
1
7
1
5
9
8
11
170
2
1
1
1
1
1
2
1
5
1
2
2
691
3
6
1
5
1
1
12
5
6
2
8
1
1
1
2759
839
4
2
2
1
2
5
1
1
3
10
1
1
2
1
2149
1
2
1
1
1
2
2
1
11
1
1
45
1
2
2
2
2
3
1
9
1
1
1
1
1
1
1
2
2
1
2
40
2
1
1
3
3
2
2
2
2
1
1
2
1
1
1
1
1
2
1
1
1
1
1
1
1
1
2
4617
1783
1
1
4
3
4
1
1
1
8
3
1
1
2
2
2
2
1
1
228
3
1
1
5
92
1
2
1
13
1
1
1784
4
1
1
3
1
3
141
5
160
4
6
12
1
3
1
2
1
1
1
426
1
1
86
3
1
27
11
2
1
1
3
1
1
5
59
1
2261
1
1
1
1
1
8
1
1
305
2
92
1
1
1
1
1
1
1
1
2
1
166
1
1
1
1
1
1
4
1
1
3
1
1
1
1
1
2349
6
4
1
2
1
2
1
1
1
4
9
4
3
1
1
3
1
3
1
3
1
1
2
1
3
1
14
1
1
1
1
1
4
3
2
1
1
3
21
1
6
1053
3
1
1
63
1
2
2
2
1
4
1
175
2
1
1
1
1
1
1
1
1
1
1
2
1
1
1
1
1
1
1
1
3
1
1
1
3
3
3
1
1
1
1
1
1
2
1
1
2
1
4
1
2
2
1
1
3
1
2
1
2
8
1
19
1
1
1
1
1
2
1
1
368
2
1
4
1
1
2
2
3
2
1
35
1
2
1
1
2
1
1
1
1
1
4498
1
2
1
35
6
1
1
157
1
9
1425
1
3
1
3
30
1550
741
2
1
2
7
1
2
1
1
2
2
1
1
1
1
1
2
1
10
1
3
4
1
1
3
2
1
3
8
1
1
1
1
2
1
6
2
8
1
1
5
3
1
1
10
2
1
1
2
1
15
1
2
1
1
8
1
1
2
3
1
9
40
2
1
2
4
2
1
1
1
1
1
1
5
8
1
1
1
13
2
1
1
1
2
9
1
1
2
3
1
3
1
9
8
2
1
1
2
3
2
1
36
1
1
1
3
3
79
8
3
7
5
11
3
31
40
2
3
117
39
3
2
3
1
5
1
16
1
1
2
1
2
2
1
1
14
9
49
3
3
3
1
21
2
4
2
1
4
4
1
1
1
1
1
2
3
1
4
2
1
5
1
1
1
2
1
3
1
6
1
3
1
1
1
4
5
6
1
1
2
1
6
1
4
1
2
2
7
3
3
1
3
1
4
8
7
6
93
4
3
6
1
1
1
1793
1
1
1
1
2
1
1
1
3
1
1
1
1
2
2
1
12
8
4687
1
2
1
3
3
1
1
1
1
1
3
2
1
1
1
1
1
1
1
1
1
1
1
2
1
1
1
1
2
1
1
1
1
6
1
1
1
1
1
1
2
2
3
2
5
10
1
15
1
1
1
1
1
1
1
1
2
2
1
1
6
2
3
1
2
2
1
4
2
3
1
1
2
1
1
1
1
1
1
4
1
1
7
2
1
3
1
2
1
1
1
1
1
138
1
1
1
3
54
1
1
1
3
1
1
7
1
1
1
2
6
1
3
1
1
1
2
1
3
5
6
2
1
4
1
1
1
2
3
1
1
1
2
1
1
4
1
2
2
3
1
3
3
3
1
14
1
5
2
3
1
4
1
38
12
4
1
1
28
2
1
1
4
5
1
71
2
2
7
2
21
1
61
3
1
1
1
1
1
1
2
1
1
1
1
1
1
1
1
1
1
1
1
1
929
12
5
3
3
1
1
1205
4
1
8
1
45
330
13
14
1
1
1
2
1
4
11
1
380
4
71
1
178
1510
99
22
30
112
357
1
151
135
3
2
2
101
1
1
1
1
29
6
1
1
1
8
694
1
1
2
5
1
1
1
4
1
9
1
3
2
1
3
11
1
3
7
8
10
36
1
1
7
4
3
3
2
1
1
1
1
3
1
3
2
2
306
1
1
3
1
1
3
4
1
2
1
3
2
1
4
23
2
1
6
1
1
10
161
3
1
1
1
1
5
1
4
1
1
1
1
1
13
1
1
9
2
4
1
19
1
1
53
1
1
1
1
29
11
2
1
13
1
2
1
4
1
2
1
26
1
2
1
3
74
9
691
1079
13
1
1
1
3
4
1
1
2
1
1
1
1
1
1
1
1
1
1
1
1
3
1
1
1
9
25
1
2
1
3
2
2
5
1
1
1
1
1
1
1
3
3
2
1
2
1
5
1
1
20
1
1
1
2
1
1
47
1
4
1
1899
2
1
1
1
1
3
3
1
7
1
1
1
1
1
3
1
1
4
1
2
2
3
1
1
1
2
2
3
3
3
1
1
1
3
1
1
1
2
1
7
2
1
3
3
2
1
1
1
4
1
5
1
1
2
1
1
2
13
2
2
1
3
6
1
1
3
2
2
4
4
1
1
1
1
1
13
1
1
1
1
1
6
2
1
3
1
1
1
1
1
1
1
1
133
3
1
12
1
1
1
2
1
1
13
1
1
50
3
5
1
1
4
2
1
1
1
1
2
1
1
1
2
10
1
371
1
1
10
1
1
1
1
1
1
1
1
2
1
1
22
1
1
5
1
1
3
1
1
1
1
1
3
2
1
1
1
1
1
1
1
1
1
1
2
1
1
1
5
1
1
1
2
2
1
1
1
1
1
1
1
1
1
1
3
1
77
13
34
55
24
1
1
1
1
2
1
1
2
1
1
4
1
1
1
1
1
2
4
1
1
1
3
1
1
16
3
3
14
12
1654
4
2
1
1
21
8
1
35
1
4
1
1
1
1
1
1
3
1
3
2
1
12
3
2
2
25
8
2
87
1
10
69
4
7
1
7
7
1
1
1
12
1
1
1
8
1
1
5
1
1
2
3
4
1
2
2
1
2
1
1
1
22
1
1
2
1
1
1
2
1
1
1
1
2
9
2
1
1
1
3
1
2
10
1
4
307
15
1
2
2
12
1
1
2
10
2
1
8
11
2
1
26
1
2
2
1
26
2
1
1
25
1440
1
19
192
72
34
1
1
3
6
1
2
30
5
4
1
2
7
2
4
83
1
1
6
1
1
12
1
1
2
2
51
2
10
5
1
1
1
38
1
1
1
5
1110
2036
8
1
8
7
1
4
55
2
1
1
1
1
2
5
1
1
1
1
2
1
2
1
1
1
8
1
1
1
1
3
1
1
1
1
2
2
1
1
1
2
1
1
1
3
2
1
2
1
1
1
1
3
1
2
1
4
1
2
1
2
2
1
1
3
1
3
2
4609
1
2
8
3
1
2
1
2
3
1
1
1
1
1
1
4
1
1
4
1
1
1
1
2
3
5
1
1
5
1
2
1
135
1
1
1
8
181
1
2
1
62
1
6
2
1
2
5
5
2
2
1
2
1
2
1
2
3
3
1
2
2
270
18
1
6
1
1
2
8
1
1
1
1
59
1
2
1
1
1
1
6
2
128
1
2
1
3
1
1
1
1
4
2
1
193
1
1492
3
1529
6
8
1
1
1
1
1
2
1104
1
1
2
3
2
2
4
1
1
1
1
5
1
4
1
1
1
1
1
2
2
1
1
1
5
1
3
1
1
2
1
1
1
2
4
1
5
3
1
111
1
1
36
2
1
1
1
1
2
1
4
221
4
1
16
1
1
1
3
4
1
1
1
6
1
17
1
9
1
1
2
1
1
1
2
1
1
1
1
1
1
1
2
1
2
2
1
1
1
1
1
1
1
3
1
1
1
1
2
4
4
55
3
1
1
5
2
2
9
8
86
12
3
11
31
1
1
10
65
1
712
1
1
17
1
63
1850
1
1630
23
141
42
1
1
2688
1
1
1
1
1
1
1
1
1
1
2
1
1
1
4
1
2
1
2
1
1
1
2
13
1
1
3
7
4
1
2312
13
1
1
1
1
4
2
1
2
8
19
1
2
6
2
14
37
40
16
1
231
90
55
3
59
5
271
1
6
144
1
14
1
14
49
49
26
26
11
4
5
1
4
368
18
21
7
21
1
1
40
1
185
194
5
8
2
286
442
11
2
8
49
20
8
1
2
108
10
294
11
97
62
31
13
2
7
36
1
6
1
1
2
2
1
30
1
1
11
6
1
1
1
2
1
1
1
2
25
2
30
16
121
12
9
2
1
14
410
18
589
3
4
1
1
1
2
1
1
1
5
1
1
1
1
1
1
1
1
10
2
5
10
5
2
1
8
1
1
1
2
1
4
3
1
1
1
1
1
1
1
1
1
1
1
1
28
1
1
1
1
2
1
1
1
1
1
1
9
1074
9
2
5
10
108
5
2
2
2
86
72
2
8
326
1
1
1
2
14
1
1
42
96
51
375
16
90
1
1
1
1
2
1
2
1
1
595
2
1
1
1
1
1
2
1
1
1
1
1
1
1
1
1
1
1
17
1
1
1
1
1
47
1
5
1
1
2
4
1
1
1
1
1
1
1
6
58
1
2
1413
1
1
108
3
2
113
33
428
6
2
13
5
103
1387
170
1
2
2
1
1
1
1
1
5
1
3
2
1
1
1
1
1
1
3
44
1
1
1
1
1
85
1228
1
2
13
32
8
1
5
5
1
1
1
1
1
1
1
1
1
1
11
1
1
1
1
44
4
2
1
1
1
1
1
1
1
1
2
1
2
2
1
1
1
1
2
1
3
29
3
1
6
4
1
1
1
1
2
25
1
8
1
4
6
1
1
3
1
1
1
1
1
3
1
1
3
1
1
9
1
1
1
1
1
1
2
1
10
4
4
1
1
1
1
1
1
4
1
1
1
1
1
5
1
1
1
1
2
1
2
1
1
2
2
7
1
25
1
1
86
1
2
1
1
1
40
1
1
1
1
1
1
1
1
1
3
1
1
1
1
1
1
1
1
1
3
4
1
2
1
1
3
2
1
12
11
1
1
121
10
21
1
1
15
2
4
1
3
1
1
1
1
5
3
1
30
1
2
1
4
2632
1840
1123
2
2
37
1704
5
129
4
1
11
3
9
105
13
1
1
1
19
2
1
4
6
1
16
21
1
1
1
1
1
1
1
2
17
2
1
3
3
30
1
5
7
1
1
1
1
1
1
68
1
5
1
1
1
1
1
1
1
1
5
1219
1
1
1
1
1
1
229
56
1
1
1
1
1
11
1
2
7
16
2
2
1
2
2
1
1
2
1
344
5
3
22
5
13
1
2
3
1
2
1
5
4
2
1
1
14
1
2
1
1
1
5
2
13
3
17
5
8
24
21
40
1
1308
1
2
1
3
19
6
8
2
1
4
1
1
5
5
2
3
25
1
1
1
12
10
10
1
1
1
1
1
4
10
1
2
1
1
3
1
1
3
3
1
1
1
2
1
1
1
1
1
2
3
1
1
1
21
1
69
13
7
114
58
1
17
1
3
20
1
2
1
1
49
1
1
11
27
1
14
1
190
4
1
1
1
1
1
1
46
1
1
1
1
1
1
1
1
1
1
1
1
1
3
3
3
9
5
1
32
4
2
11
47
16
7
23
1
10
1
1
1
1
2
5
1
1
1
1
8
17
1
293
1
1
3
2
4
1
2
1
248
21
1
1
1
1
1
1
1
1
1
7
1
3
1
2
64
1
1
3
1
1
12
1
1
5
7
3
1
3
1
1
1
1
1
601
1
1
2
1
1
1
2
2
2
1
3
1
1
1
1
3
1
1
7
218
1
6
1
1
8
1
1
1
1
1
1
1
3
1
1
1
1
1
10
1
1
1
1
2
2
1
1
2
1
1
1
1
1
1
1
1
1
1
2
2
2
17
2
1
1
1
2
1
1
1
1
1
2
1
22
3
9
82
1
3
34
2
1
2
1
1
1
3443
5
1
139
1
1
1
3
8
7
1
1
2
1
1
1
1
19
73
9
1
1
1
1
32
25
1
8
3
2
1
1
1
1
1
2
1
1
16
1
1
1
3
1
3
3
1
1
1
13
1
1
2
1
1
1
1
1
1
417
8
2
1
1
5
11
3
9
1
6
16
1
1
7
2
1
1710
1
22
1
13
4
3
3
1
1
9
2
205
2
2
4
2
1
92
1
1
1
7
1
3
1
1
1
1
37
2
1
1
3
1
4
5
14
14
1
1
3
1
1
5
1
2
1
66
15
1
1
1
3
2
2
15
2
1
2
8
14
6
2
1
1
7
4
1
1
1
1
1
11
2
4
1
10
1
1
1
1
651
17
29
1
2
6
1
52
1
1
1
1
2
2
2
1
738
20
1
4
3
1
13
1
9
4
860
15
36
3
1408
1144
2
1
1
22
2
219
1
2
1
1
1
3
1
1
1
8
9
26
1
1
1
1
1
1
1
57
1
1
343
1
1
1
2
16
1
1
1
7
22
8
1
4
18
184
1
1
3
5
4
2
1
5
8
2
2051
1
21
2
7
396
3
29
1
1
8
2
11
3
1
155
7
23
1
1
4
20
14
4
1
8
1
1
2
26
8
6
1
4
5
9
3
8
1
4
3
1
76
34
17
2
2
1
2
3
17
3
16
36
1
1
2
1
4
2
1654
1
1
1
1
1
1
2
15
2
4
42
21
1
1
17
1
1
1
1
1
1
3
1
1
3
1
3
1
1
2
1
1
2
1
2
2
11
2
1191
6
1
16
2
1
1
2
1266
45
1
1
1
1
1
3
1
1
41
361
1
1
1
1
1
1
2
1
2
1015
1
1
1
5
33
1
2
1
3
4
3
2
15
2
1
1
1
1
1
1
1
3
5
1
7
1437
3
1
1
13
1
1
379
3
1
1
2
1
5
2
1
1
2
1
3
2
77
1
7
1
139
1
1
1
28
2
1
4
1
235
7
1
1
3
2
1
27
2
1
1
1
2
1
1
1
1
1
18
12
32
41
8
109
2
2
16
440
498
1
1
4
8
1
1
1
2
27
3
39
9
41
15
3
1
2
900
69
473
129
1
2
1
62
6
35
8
13
1
6
2
2
21
1
13
9
5
2
1
6
2
9
1
1
1
1
4
1
2
7
2
1
2
7
1
2
1
11
1
1
7
1
1
1
2
1
1
1
21
2
3
22
1
1
1
2
3
1
1
1
1
8
8
1
16
15
81
1
2
1
5
41
15
26
2
86
1
2
1
1
5
2
1
44
1
1
1
14
39
1
2
9
1
8
1
4
2
1
5
2
1
2
5
1
142
1
13
18
21
1
2
8
1
1
1
2
1
1
1
6
1
1
2
6
1
1
2
8
1
4
1
4
8
1
1
1
1
4
4
27
12
60
1
27
1
7
6
13
12
1
75
1
4
1
1
3
1
1
1
2
1
1
17
1
29
1
1
2
20
52
2
1
1
2
1
1
1
1
1
1
1
1
6
3
2
4
1
2
10
1
1
1
12
1
1
1
1
1
994
1
1
1
2
1
1
5
1
2
1
12
1
13
119
1
1
1
1
2
6
32
1
3
1
59
1
2
1
1
1
3
3
2
45
5
23
7
13
1
5
1
367
1
596
4
1
7
316
1
1
53
1
1
4
2
7
3
1
3
6
1
1
1
1
1
2
1
1
1
8
57
6
23
1
1
1
2
1
1
1
1
3
1
2
2
1
10
3
1
135
2
28
14
142
4
1
1
1
6
10
1
3
1
1
1
1
1
1
1
8
8
7
13
1
1
1
4
2
1
1
1
2
1
6
1
1
1
1
1
1
1
1
1
1
1
1
2
1
3
1
130
1
1
1
2
9
851
1
1
1
4
1
4
1
16
1
2
1393
5
2
1
11
394
1
2
18
4
1
8
1
1
1
1
1
2
1
1
2
1
1
1
1179
1
1
1
9
3
1
1
21
3
16
1
1
1
1
1
1
1
2
1
2
1
1
1
1
1
26
2
2
100
2
198
17
46
4
3
1
1
17
1
1
3
5
2
10
1
9
5
4
1
3
2
2
1
14
1
1
1
9
1
28
75
8
1
1
28
1
1
2
45
2
15
1
15
1
1
9
1
6
1
1
1
8
1
2
1
2
1
1
1
17
1
1
1
1
83
1
1
3
1
16
1
1
3
3
8
1
1
1
1
3
1
1
3
1
1
1
2
5
1
1
2
1
1
1
1
1
1
1
1
1
1
1
1
1
11
1
1
3
1
1
1
1
1
1
1
1
1
1
1
5
2
1
1
1
1
1
1
1
3
2
1
1
1
1
1
1
3
1
1
1
1
2
4
1
1
1
1
1
1
1
1
2
1
1
1
2
2610
1
1
1
5
1
4
1
3
5
1
2
1
13
1
1
2
5
1
4
1
1
1
1
1
2
1
1
1
1
2
1
2
1
9
2
1
3
1
3
1
1
1
3
1
1
1
1
1
1
1
1
2
1
1
1
1
1
1
1
1
1
1
2
1
1
1
3
2
1
1
3
1
1
1
2
1
1
1
1
7
1
1
1
2124
1
64
1
1
1
2
2
1
42
15
1
42
1
2
2
2
3
3
1
1
183
1
1
10
6
1
1
4
12
7
1
9
1
1
2
7
1
2
3
2
2
3
275
6
1
1
1
1
1
2
1
1
2
10
17
1
1
76
3
12
2
1
1
2
1
10
188
1
195
1
2
1
3
1
3
3
1
5
2
7
1
1
1
1
5
1
1
2
5
1
2
2
1
1
1
17
6
1
4
8
4
2
1
5
5
31
1
1
1
1
56
1
19
2
3
3
2
1
5
2
1
8
1
5
7
1
2
1
6
2
1
2
3
9
7
4
3
3
1
1
3
6
4
1
2
4
1
57
5
1
1
2
15
2
9
27
21
5
1
14
1
5
1
5
1
2
1
4
1
8
5
3
2
1
5
5
5
3
1
4
2
3
2
1
2
1
1
1
1
1
1
7
6
605
3
1
7
24
1
2
1
38
1
5
10
2
1
2
1
6
1
36
71
4
1
32
1
2
5
1
8
10
1
3
3
1
11
73
2
1
22
3
16
1
1
1
9
3
9
6
2
1
1
1
3
5
3
1
1
17
3
310
6
1
3
1
2
95
1
316
4
6
110
35
1
1
2
2
1
1734
1
11
1
1
1
1
1
3
1
2
1
1
1
11
1
1
2
1
2
1
1
1592
57
4
1
4
3
3
2
1
6
1
1
6
1
5
2458
1
1
7
1
7
4
3
1
1
19
4
3
2
1
1
2
4
2
1
1
2
1
3
4
1
2
2
23
1
61
4
1
1
5
6
1
6
1
2
1
2
1
1
1
1
18
1
3
1
7
2
1
1
1
1
2
1
2
14
2
19
22
1
31
1
3
1
42
2
1
7
3
1
2
4
38
13
2
1
2
9
2
5
5
2044
5
5
7
47
1
2
2
1
2
1
1
143
1
5
10
15
4
32
2
1
6
1
1
1
2
29
3
3
1
3
9
1
1
46
1
2
1
71
1
2
2
8
1
1
2
1
4
1
1
1
1
3
1
2
1
1
1
1
2
1
1
4
1
1
47
9
1
1
2
1
1
1
2
1
2
43
150
1
1
1
1
1
20
2
1
6
1
1
2
2
1
1
1
1
4
1
5
1
1
1
1
1
4
245
1
1
1
1
1
1
200
6
1
4
1
1
305
1
2
1
1
4
2
2
37
3
463
1232
1
17
1
1
41
1
1
6
166
31
1
1
1
2
2009
1
7
26
4
4
13
1
3
1
7
1
23
3
201
2
24
1
5
1
1
1
1
1
1
1
1
1
3
1
2
4
1
4
1
15
1
2
3
1
426
6
15
1
2
1
1
175
12
1221
1
1
2
1
1
13
70
21
3
1
1
1
3
1
2
17
2
1
2
3
8
2
1
1
1
1
5
2
2
39
2
17
2
1
2
1
2
1
12
52
92
3
6
1
1
1
9
1
2
1
1
1
1
1
4
1
2
1
2
2506
2361
52
4
5
25
1
1
4
21
14
2
16
2
7
3
1
23
460
5
12
10
1
2
1
1
3
4
5
2
5
1
29
5
3
1
1
183
3
1
3
229
1
1
1
2
3
2
1
1
13
2
3
1
12
266
2
1
46
157
29
1
19
10
1
1
1
14
3
52
1
3
754
2
6
1
5
2
1
2
24
1
2
1
4
1
1
1
1
3
1
1
3
6
2
3
2
8
2
13
13
1
3
7
2
5
1
115
1
1
2
1
1
2
2
1
1
1
19
2
3
5
1
1
85
9
26
1
1
1
1
1
1
2
1
7
64
16
1
4
1
1
9
1
1
3
16
1
1
1
1
1
28
2
4
2
1
17
10
18
1
1
2
2
1
1
6
1
2
2
2
1
1
5
4
2
2
1
1
4
5
9
1
1
1
1
91
4
4
1
3
1
3
3
1
1
7
1
1
1
1
2
1
2
1
1
1
1
1
2
3
1
1
4
1
1
2
2
1
1
1
1
1
1
1
3
4
1
1
1
1
2
1
1
10
2
7
4
1
2
21
7
1
2
1
6
49
6
3
1
3
4
275
2
1
1
2
1
1
1
1
1
1
1
1
1
116
2
21
1
2
1
1
1
13
3
2
3
1
1
4
1
1
3
9
1
5
1
1
1
3
1
1
1
1
47
34
3
112
1
3
1
1
20
2
1
5
1
1
1
1
29
4
2
1
2
1
4
9
1
12
1
1
1
1
2
1
8
1
1
1
4
3
6
1
9
2
5
1
2
35
10
4
1581
21
8
5
3
13
1
5
6
2
2
3
1
1
980
94
1164
18
1
1
9
29
3
1
1
1
1
1
1
12
1
1
1
300
1
1
1
1945
1
8
1
1
2
25
1
2
139
16
1
3195
6
3
1
3
3
1
451
1
1
5
14
1
1
3
1
4
1
2
8
3
1
5
2
2
33
9
2
1
9
12
2
14
3
1
29
9
3
12
36
1
7
12
1
3
6
8
3
1
3
3
3
4
1
22
1
1
1
7
1
1
2
2
1
1
1
2
2
1
1
1
4
1
1
6
6
1
3
1
1
2
1
11
6
7
1157
1
1
1
1
5
5
1
1
1
1
20
1
13
1
6
3
3
1
94
144
274
4
7
1
1
3
5
4
14
1
2
1
27
4
6
1
3
1
1
7
59
2
1
5
1
3
2
1349
2
1
40
350
213
4
1
1
1
329
2
1
40
2
1
4
51
1
1
22
102
2
1
2
2
1
2
4
1
1
8
96
1
1
1
1
2
1
1
25
183
3
138
1
5
1
1
1
3
2
2
1
3
4
1
4
1
1
1
1
1
1
1
1
1
1
2
1
4
1
2
1
1
2
1
2
2
1
2
2
6
1
1
14
1
1
121
1
235
4
5
1
1
3
451
6
2
2
3
1
4
1
1
1
1547
1
1
1
1
1
279
1
1
1
442
4
1
643
1
6
316
647
2
413
57
1
2580
1198
1
179
24
532
196
5
3
16
2
4
1
38
1
1
46
2
2
41
1
1
1
2
1
8
6
1
1
3
1
4
1
1
6
2
13
12
83
29
2
14
87
1
3
14
4
1
1
2
1
4
1
1
10
264
1
2
28
2
2
4
10
2
3
1
1
7
1
3
14
7
1
4
10
1
5
1
1
1
1
1
1
1
7
21
1
2
2
3
1
1
1
1
2
76
10
1
235
1670
1
1
2
1
1
4
2
10
2
21
2
3
35
825
29
8
89
834
2
139
50
6
1
2
3
1
1
247
1
1
1
1
1
2
1
6
3
6
1
3
1
1
1
10
1
3
3
1
2
1
1
1
1
1
1
3
4
1
1
28
7
1
1
1
8
7
1
65
1
1
1
17
1
2
17
1
82
1
1
1
1
1
1
2
7
1
1
1
4
2
1
1
62
2
1
2
1
340
1
54
1
2
1
1
1
1
1
1
1
1
2
1
2
2
1
1
2
1
1
1
1
1
2
1
1
1
1
1
1
1
2
4
1
1
1
1
2
1
484
1
2
1
1
1
1
2
1
3
1
1
1
2
1
34
2
3
1
1
1
1
2
1
17
1
1
1
3
2
3
1
9
214
3
1
7
1
1
1
248
1
3
1
2
110
213
176
3
1
5
1
2
2
6
3
1
1
3
2
1
1
1
1
3
6
1
1
2
1
5
1
6
6
42
2
1
1
50
10
4
47
1
1
4
1
5
2
3
15
1
1
1
9
1
729
7
1
1
4
1
1
1
1
1
1
1
11
1
1
139
212
413
1
1
4
7
2
1
1
2
2
2
6
1
1
2
1
1
1
1
1
1
2
1
1
9
2
1
1
1
1
1
1
2
1
1
1
1
1
4
1
10
1
1
1
1
3
1
1
7
6
1
1
1
1
1
1
1
3
1
4566
2
2
1
1
3
3
1
1
1
11
1
1
5
1
14
1
1
7
52
2
4
1
7
1
3
2
1
1
5
22
1
1
1
1
12
1
47
4
4
1
4
1
2
57
1
13
1
2
18
1
171
1
1
1
1
1
1
1
1
1
6
1
5
1
1
3
1
2
1
4
5
216
1
1
2
49
1
1
5
5
1
6
1
1
1
1
1
5
1
2
1
22
16
2
2
6
2
2
4
2
1
8
3
1
3
27
51
10
19
17
1
35
3
1
1
172
1
1
7
17
1
1
1
1
1
3
6
7
1
1
12
72
5
7
1
1
4
1
19
10
2
1
4
3
15
4
6
1
3
1
3
1
6
7
149
19
1
132
1
1
2
3
1
1
1
5
1
1
1
1
1
1
4
1
1
3
29
1
1
1
11
1
1
1
63
25
3
1
2
7
1
6
2
2
6
1
17
1
3
584
1
12
2629
114
1
17
4
6
1
3
11
20
7
44
3
2
2
7
26
2
28
1
22
41
5
8
2
1
5
1
107
17
7
25
9
1
2
40
1
1
1
1
104
39
9
1
1
6
17
24
27
15
1
1
2
2
1
47
10
15
1
17
1
8
25
3
1
5
5
2
3
8
1
12
8
10
2
4
1
2
2
112
1
6
1
1
1
2
3
1
5
2
9
46
1
3
13
7
18
175
12
1
2
2
6
1
3
1
1
2
1201
5
2
2
2
262
165
1
1
2
351
1
3
1
1
2
2
5
1
102
32
6
1
10
4
1
26
3
125
9
6
3
1
1
98
3
2
4
572
1
16
4
1
7
5
23
24
33
9
1
1
1
4
2
3
1
1
1
68
1
2
1
1
1
4
1
3
1
10
1
2
3
4
1
1
1
1
34
16
11
1949
2
2
1
8
2
3
62
6
4
1
7
8
6
1
5
2
2
1
1
280
4
5
1
1
3
3
1
4
11
1
6
3
2
1
1
2
1
18
2
5
3
6
1
104
11
5
9
1
1
1
1
1
1
3
1
1
11
1
1
2
9
8
3
1
4
8
1
1
1
4
2
2
25
144
1
5
14
2
3
1
4
3
4
56
1
1
2
5
1
1
20
81
1
3
1
7
4
2
11
5
1
1
1
3216
1661
2326
1
1662
14
1
1
4
6
3
2
3
7
43
1
62
7
2
6
4
3
2
3
28
37
20
1
19
4
2
15
25
12
5
2
1
3
3
2
1
7
7
10
4
22
1
11
2
3
2
13
72
56
11
2
5
2
3
15
2
2
53
1
102
2
1
24
1
3
2
2
4
25
2
3
4
40
2
4
13
2
6
1
8
14
12
4
6
3
2
2
1
26
3
24
24
5
1
4
46
1
7
7
1
6
1
67
2
1
1
6
3
1
6
1
2
1
40
5
1
2
4
21
2
1
2
1
1
12
3
1
43
2
3
2
1
1
8
1
16
1
7
1
1
1
1
1
1
1
9
13
1
4
1
6
1
1
1
14
16
1
4
2
1
1
2
2
4
1
2
22
7
1
1
1
14
1
1
1
28
81
2
1
1
3
1
1
4
7
1
1
2
3
1
1
1
5
1
2
27
3
3
10
3
2
1
4
11
7
1
1
1
1
27
2
1
11
222
3
23
16
1
1
1
1
3
3
24
1
1
1
134
8
175
13
2
6
11
2
1
1
1
5
20
43
1
2
1
772
4
1
3
141
2
1
1
2
1
9
1
1
3
220
1
5
12
1
5
1
2
3
338
22
3
16
3
28
1
1
1
1
1
19
4
1
4
1
1
1
1
2
9
1
1
1
1
1
1
10
1
2
27
40
36
2
15
8
2
17
58
1
8
4
1
11
5
2
6
12
9
121
8
5
24
3
1
27
1
16
10
85
1
1
3
44
1
1
1
1
1
2
1
2
1
2
1
295
8
1
1
1
2
2
1
1
1
1
1
1
1
1
1
122
46
1
12
3
3
13
1
4
1
2
11
36
1
1
34
4
1
1
223
1
1
1
1
1
1
1
1
1
2
2
4
1111
1
1
1
1
1
1
1
13
29
1
1
2
1
1
1
1
1
1
1
3
2
1
5
1
1
10
1
3
6
5
1
1
18
1
3
46
6
7
1
1
1
1
2
4
1
15
1
1
3
1
1
2
1
1
1
1
2
1
1
2
2
6
1
2
3
2
1
1
2
1
1
1
1
1
1
1
1
2
2
1
5
2
1
2
1
1
1
1
2
1
4
1
1
4
1
2
1
1
1
2
1
1
1
1
1
2
1
1
2
1
1
2569
3093
14
12
2
3
12
97
5
1
7
3
1
1
1
1
1
4
2
1
1
2
9
1
3
1
1
3
1
7
1
1
3
3
2
4
1
1
1
1
1
2
1
1
1
1
3
18
2
1
3
1668
1
1
54
41
49
220
1
6
1
1
2
1
2
1
2
38
1
1
1
5
2
1
1
1
1
1
6
1
2
1
1
1
1
1
4
41
13
1
2
1
1
2
6
1
1
1
1
4
4
10
2
1
1
1
4
1
1
11
3
1
1
2
1
1
2
1
1
3
1
2
81
1
1
2
2
1
7
2
1
72
1
2
1
1
2
1
1
2
48
2
14
32
1
8
1
1
1
4
1
2
8
1
8
1
2
2
1
2
3
1
2
15
1
27
1
1
1
1
3
1
1
1
3
1
1
1
6
2
1
5
1763
1
1
2
23
1
17
28
258
3
2551
9
1368
1182
1
2
1
1
1
5
1
1
1
1
1
406
3
1
3
4
10
6
1
1
1
1
1
1
3
1
98
1
2
7
2
1
35
1
4
8
1
7
1
3
3
2
1
17
2
1
76
3
4
2
1
6
1
1
11
1
1
1
6
20
1
6
1
4
17
1
1
116
3
1
1
7
1
1
51
1
33
1
1
1
1
2
1
6
20
1
1
12
17
1
2
1
1
1
1
1
1
2
1
1
87
1
4
1
74
1
2
8
9
15
1
2
98
1
1
4
6
8
1
6
1
2
6
1
3
16
14
1
2
8
4
1
8
50
3221
18
1
3
1
2
2
1
3
1
2
1
1
1
3
1
4
1
1
46
4
7
7
2
56
22
1
5
2
1
1
1
1
1
1
2
1
160
1
2
8
2
1
1
4
18
1
1
2
1
1
1
1
1
1
14
1
4
5
1
1
1
1
15
1
1
1
2
57
23
10
61
50
2
242
1
50
5
76
3
53
16
2
876
1
2
12
9
56
81
1
9
25
7
2
20
1
4
1
4
1
2
1
3
1
1
3
3
1
49
1
1
6
3
5
41
107
5
2
2
2
3
2
1
248
1
7
1
104
1
3
1
56
29
2
3
9
4
13
26
5
3
1
6
1
3
8
37
2
1
3
17
1
4
4
2
1
4
14
33
1
2
1
10
1
1
276
1
1
2
1
3
1
3
10
19
10
8
2
3
11
255
6
2
5
11
1
21
25
1
249
1
1
137
137
23
1
2
12
1
7
277
14
8
1
1
2
157
11
9
3
2
1
1
1
14
7
1
4
1
27
1
1
5
181
8
36
126
1
70
1
1
3
46
22
1
28
23
26
274
3
27
129
1
4
2
1
268
38
151
2
9
4
3
37
8
84
6
4
1
11
2
96
1
96
13
45
1
1
1
1
65
1
1
2
29
6
1
131
76
3
64
18
1
9
20
1
7
18
2
274
44
144
3
1
1
4
2
26
2715
4
1
71
21
17
22
31
8
26
7
22
5
60
160
6
17
11
14
2
1
3
1
3
1
1
1
1
2
18
1
1
1
1
1
1
1
1
1
1
1
6
1
1
1
1
1
1
1
1
1
1
1
1
2
1
11
1
2
1
1
2
1
1
1
1
3
1
1
1
1
1
3
19
5
42
3
3
2
2
3
1
1
3
1
2
1
1
1
46
1
102
5
13
4
2
10
1
23
17
4
3
3
38
3
2
11
4
118
3
1
1492
2
2
1
1
3
1
1
4
1
2
2
1
22
3
7
2
1
1
1
1
1
1
1
1
1
1
1
2
1
2
1
6
23
1
3
1
1
1
1
5
35
2
1
1
1
1
1
1
12
1
45
3
2
1
1
1
1
1
1
1
1
1
9
1
1
1
1
1
1
1
1
1
1
1
3
1
3
1
1
2
1
1
1
2
2
1
3
5
1
1
1
2
2
1
1
2
1
1
1
1
2
5
1
1
1
1
1
1
1
1
1
1
1
1
1
7
1
1
7
12
5
1
1
1
1
2
313
4
1
1
1
1
3
1
1
1
1
4
1
7
2
4
21
2
20
1
1
19
2
1
1
16
1
12
8
9
1
18
33
2
4
11
1
53
1
1
4
1
1
1
2
1
1
2
1
9
1
1
2
1
7
1
283
1
4
9
7
40
3
22
108
2
7
1
1
14
1
16
7
1
11
8
60
2
1
3
1
8
1
1
1
10
9
13
15
2
1
1
31
1
3
18
1
18
2
1
1
4
1
1
1
1
2
1
1
1
16
1
1
1
1
1
16
2
1
3
1
2
2
33
14
8
2
1
1
1
1
2
1
1
1
1
1
1
1
1
1
1
6
2
2
1
1
4
1
9
5
1
1
1
1
1
1
1
1
1
1
2
17
1
1
1
594
1
1
1
1
1
5
2
1
82
1
5
1
3
1
1
1
4
1
1
1
1
487
2
1
1
1
1
2
1
2
35
2
2
3
1
4
2
1915
1
2
1
1
1
1
1
16
1
1
3
73
1
1
1
1
5
3
24
4
1
6
2
3
1
1
1
4
3
1
1
1
1
1
2
1
3
1
1
294
10
1
1
1
4
4
12
4
1
2
1
1
1
1
1
1
14
1
2
1
1
19
7
2
2
2
1
2
55
1
1
1
2
50
660
1
1
1081
1
90
1
54
1
1
1
1
1
1
1
201
24
2
1
1
1
1
1
1
1
3
7
2
7
12
1
1
1
1
1
1
1
1
1
2
12
1
1
4
1
1
4
397
9
1
1
1
1
29
7
1
1
2
3
3
1
7
28
1
7
8
1
1
1
151
1
1
1
1
1
1
1
2
124
1
1
1
1
3
1
2
20
5
1
1
1
5
2
3
1
1
1
5
1
1
2
1
18
7
2
2
1
2
21
1
6
3
2
41
4
2
1
1
2
1
1
2
1
1
9
1
1
1
2
1
1
4
1
1
1
3
5
3
1301
1
7
1
1
1
2
27
1
5
1
1
32
2
1
2
1
17
32
1
11
1
1
21
1
1
2
1
3
1
1
1
2
1
1
1
4
54
1
2
1
2
6
1
1
1
1
4
1
2
1
1
1
1
37
1
3
1
1
5
1
5
1
1
1
1
1
1
1
2
1
1
2
4
374
1
3
1
1
2
1
2
1
1
1
1
10
1
43
1
2
1
9
2
15
841
5
11
19
54
3
1
35
4162
1
2
4
1
1
5
1
952
2
2
1
1
7
1
1
23
198
3
5
7
1
3
1
1
3
1
2
2
1
1
71
114
4
150
17
162
3
2
8
646
1
2
18
45
24
1
1
2
1
2
3
160
6
3
1
1
5
1
23
53
2
3
7
4
2
2
3
1
28
126
19
238
370
5
1
10
358
108
63
19
332
15
1
1
7
466
218
244
7
32
9
1
281
197
1
170
216
18
98
8
38
1
153
1
6
1
100
26
20
1208
1
6
20
1
4
1
2
2
180
6
1
2
1
784
4
1
1
1
1
1
2
24
1
1
1
5
1
2
1
2
1
1
1
2
2
1
1
1
1
1
2
2
309
1
1
11
1
1
400
62
5
5
1
1
4
5
16
1
11
1
5
1
1
20
4
32
1
1
31
1
1
138
2
9
20
136
3
10
1
1
2
1
1
1
1
1
1
1
2
1
1
3
12
1
53
2
166
1
6
2
8
3
1
1
1
1
3
2
1
3
1
1
1
1
1
1
1
2
1
1
1
1
1
2
3
1
1
3
17
21
1
1
4
1
1
1
1
1
1
1
1
1
1
1
1
1
2
18
1
1
2
1
1
1
1
1
1
1
137
1
2
1
1
1
1
1
1
1
1
2
1
1
1
3
2
1
2
2
1
1
8
5
6
1
6
1
1
1
1
3
1
1
68
1
4
1
1
1
1
1
1
1
215
22
59
7
1
2
1
1
5
1
1
2
1
1
1
1
1
1
1
1
1
3
1
1
1
1
1
1
1
1
1
1
1
1
1
1
1
3
1
1
159
46
1
1
1
1
1
1
2
1
48
1
2
1
1
5
1
197
1
4
1
2
1
24
1
1
1
1
4
3
1
1
1
2
1
30
18
1
1
2
1
1
1
2
1
2
1
1
1
1
1
1
1
1
1
2
1
1
2
1
2
2
1
1
1
1
3
1
1
19
1
1
1
1
3
1
1
1
1
4
1
1
1
4
2
1
1
1
1
1
4
327
148
1
39
1
1
4
2
1
1
2
1
2
1
2
164
208
1
4
2
1
1
1
1
1
1
1
1
1
1
1
1
2
1
1
1
1
1
1
1
2
3
2
5
1
1
1
2
1
1
4
1
2
1
1
1
1
2
5
1
1
1
2
4
5
1
1
1
1
2
52
5
1
5
1
1
1
1126
1
1
1
13
2
2
1
7
1
431
7
1
4
12
2
4
1
1
1
1
2
1
3
1
1
1
1
1
17
5
9
13
2
1
1
1
1
40
8
4
67
3
4
1
1
2
1
1
42
1
24
1
1
6
1
148
1
1
1
2
6
4
2
13
3
8
6
14
1
1
1
2
2
1
1
2
7
1
76
2
1
2
11
4
1
64
1
1
1
1
1
2
1
1
7
1
1
1
1
1
1
1
1
300
4
3
41
40
1
1
1
1
1
2
1
1
30
29
3
1
1
1
1
1
14
2
2
10
30
1
11
20
2
2
9
3
9
1
3
2
13
1
1
1
51
1
1
1
6
2
2
1
9
30
1
1
18
1
25
1
18
1
1
1
1
8
1
1
1
1
1
1
1
1
1
1
1
1
1
1
1
6
1
1
4
1
1
1
1
1
1
5
22
4
2
1
1
1
1
1
1
2
1
1
2
2
1
1
3
1
1
32
1
1
1
2
1
1
1
1
1
1
1
1
1
1
34
1
1
1
2
3
22
1
3
2
1
1
1
1
1
1061
14
1
4
14
1
8
1
1
1
7
84
1
2
1
1
6
32
1
4
1
1
1
1
1
1
137
1
1
2
5
1
4
8
1
1
73
2
2
3
1
1
1
4
2
1
2
1
1
1
2
23
2
1
3
5
1
1
22
8
1
1
1
1
3
6
94
3
7
1
1
1
1
5
1
14
10
36
10
1
1
1
3
1
7
1
17
1
9
2
1
14
1
2
1
1
6
1
1
1
1
4
1
1
3
21
5
1
9
1
3
1
3
4
76
4
1
14
36
2
2
2
1
21
8
2
1
1
1
9
3
54
168
2
1
6
2
25
1
1265
1
1
15
1
1
3
8
2
1
13
1
25
1
4
170
1
1
8
396
1
2
1
1
4
1
1
2
1
1
2
1
1
7
188
7
4
13
16
18
20
3
2956
3
7
1
1
1
2
2
1
16
30
1
1
1
2
1
2
2
1
4
2
6
3
21
13
40
8
3
1
173
5
1
1
1
1
1
15
87
51
90
6
1
1
1
2
2
1
5
6
1
1
1
2
1
4
1
1
21
12
2
14
1
2
1
12
2
2
1
1
