2
3
15
94
127
16
3
6
12
5
17
33
40
4
13
5
9
118
32
3
29
1
1
51
35
14
4
24
20
3
20
7
7
1
1
33
51
6
1
9
1
6
57
2
53
2
21
388
33
10
69
1
8
1
18
9
48
34
11
25
10
22
2
34
27
80
44
153
4
1
40
10
98
12
39
8
11
99
25
5
4
1
1
15
3
10
6
4
3
13
2
14
15
32
1
21
215
25
65
1
61
95
4
40
18
57
4
30
2
1
55
57
120
1
5
169
32
15
6
79
3
3
6
26
2
59
10
133
31
1
6
33
1
18
9
84
42
6
2
5
2
20
8
3
26
18
3
6
6
53
6
3
29
86
18
2
171
9
99
7
366
25
5
16
20
92
72
14
4
3
11
1
30
3
4
18
20
56
1
1
2
24
5
52
3
7
4
84
78
6
2
1
124
37
1
46
5
4
36
4
6
7
77
7
28
35
9
9
13
3
26
1
55
43
2
2
2
1
218
49
43
6
1
6
6
7
46
13
18
3
8
1
147
5
1
52
6
153
26
7
219
49
8
30
21
6
4
1
4
53
92
10
34
1
1
6
4
3
93
261
4
5
5
8
19
25
26
17
95
14
27
1
24
3
14
17
4
3
3
63
4
26
4
9
20
15
82
14
44
58
1
1
52
154
29
14
57
3
10
16
3
5
4
3
15
5
2
41
93
2
27
190
1
104
7
48
3
26
5
8
51
3
7
29
4
5
65
99
26
2
20
30
1
6
2
3
121
3
28
4
11
2
1
37
17
28
81
84
3
1
5
154
11
2
9
8
35
63
1
15
50
1
89
4
30
59
10
7
25
87
5
3
4
11
25
19
52
5
10
4
18
5
3
1
1
7
15
11
1
102
2
27
22
11
47
94
33
22
2
5
1
46
10
58
1
8
48
27
14
80
5
5
1
38
16
4
5
1
28
2
3
1
16
2
30
17
111
11
1
4
4
11
18
10
1
5
8
11
12
12
1
24
5
201
1
55
3
1
11
195
40
21
48
9
7
5
42
2
67
54
1
8
2
43
28
11
4
2
5
16
67
3
30
5
19
30
119
7
2
9
16
9
91
225
46
1
8
21
47
4
169
21
48
5
14
47
7
119
23
2
15
71
2
2
3
3
1
1
55
26
37
1
1
87
61
25
28
1
2
63
21
27
4
2
82
11
3
20
23
74
1
2
6
9
33
2
4
26
21
11
168
51
5
1
117
21
24
7
5
31
1
15
65
74
1
242
88
48
3
24
2
36
3
2
2
2
12
3
1
1
29
67
14
2
4
16
36
28
2
78
92
44
15
2
3
1
6
91
2
141
3
3
4
11
7
16
11
15
7
2
1
1
1
20
12
1
1
4
1
1
216
24
24
4
4
25
84
12
11
21
1
1
57
15
25
3
110
19
8
5
3
4
11
3
38
37
25
4
16
11
2
5
4
21
4
5
23
4
5
2
9
4
9
75
2
2
8
4
1
59
4
5
188
4
1
13
1
2
6
4
144
5
13
2
15
4
49
1
3
7
2
71
5
1
8
1
3
1
54
5
36
1
4
9
42
26
6
22
14
63
13
2
3
13
4
3
20
9
4
22
1
15
6
6
22
36
21
1
10
84
53
2
2
21
5
32
3
2
15
13
6
4
5
24
10
1
2
13
37
1
1
1
7
59
6
1
34
2
61
3
2
6
1
94
70
1
27
1
32
1
5
25
15
59
5
7
49
29
6
89
1
2
14
62
36
15
19
43
14
3
6
7
2
19
1
10
10
6
2
22
1
2
7
6
31
2
17
9
1
74
156
3
4
3
26
5
2
141
18
78
45
58
24
3
6
2
18
1
17
88
1
2
20
33
4
13
50
26
1
133
104
21
7
39
10
18
1
14
2
1
2
28
20
31
9
60
5
6
2
3
17
3
60
2
2
35
51
14
5
58
13
1
8
25
10
1
2
32
4
7
3
11
5
2
18
5
11
8
1
33
16
1
7
2
12
8
27
5
14
190
4
1
6
154
44
1
24
1
22
2
6
2
2
22
1
11
33
56
2
11
12
18
1
1
27
7
3
2
3
9
1
19
1
43
2
46
5
6
47
7
6
1
2
5
5
12
10
31
5
16
2
1
37
8
4
42
159
108
44
2
5
29
19
3
186
3
8
1
19
1
50
34
43
147
4
5
1
263
7
142
70
12
15
12
6
2
9
2
6
47
54
10
10
2
129
1
13
7
9
7
6
13
98
8
15
5
7
25
4
1
2
1
6
5
2
3
4
1
20
3
13
4
86
250
13
17
42
5
2
15
2
5
48
118
