1
2
1
18
10
1
4
3
1
2
1
2
4
1
1
2
8
11
8
2
2
28
1
3
1
1
2
1
2
2
3
1
5
1
1
2
1
3
4
9
2
2
2
1
2
6
1
2
12
9
9
6
2
13
3
1
4
4
3
14
6
3
25
2
9
4
14
1
3
3
3
2
8
1
4
15
1
3
2
3
1
2
2
6
8
6
2
2
15
1
2
11
5
6
1
5
5
5
1
1
16
16
1
16
9
1
10
10
1
2
1
3
2
5
3
14
10
3
2
6
3
17
4
7
4
1
5
23
3
1
2
18
1
2
1
1
4
2
1
5
16
3
3
4
2
8
1
11
1
2
11
14
7
2
3
1
5
2
2
10
11
4
4
18
8
2
16
12
2
9
1
3
2
5
9
2
8
1
11
3
2
2
2
2
11
3
7
15
8
1
1
1
2
1
1
3
1
1
5
1
1
17
2
18
2
1
1
9
2
3
7
1
6
1
1
3
11
6
2
9
3
11
3
4
12
2
5
1
8
1
1
2
14
2
5
