9
9
8
2
3
1
19
18
7
2
25
1
3
16
21
9
2
2
12
3
5
13
3
6
10
5
5
2
7
1
1
1
6
15
2
18
2
1
1
11
7
2
1
25
3
1
10
1
2
4
10
2
9
7
1
1
4
1
4
5
2
4
3
3
2
2
1
31
2
1
1
1
12
1
10
1
10
2
1
1
2
1
1
3
1
1
3
2
7
1
4
2
7
3
1
1
2
3
7
2
17
2
15
1
1
1
5
2
2
1
2
1
60
11
20
26
11
3
5
1
2
3
1
1
1
1
2
6
1
6
18
13
1
12
27
69
5
2
1
7
6
2
2
4
4
2
1
1
1
34
8
3
23
4
2
1
1
13
4
1
2
2
2
1
2
3
1
3
12
6
5
2
27
1
1
4
9
1
1
7
22
6
2
24
4
3
7
1
2
1
3
3
7
3
16
9
1
2
2
8
2
3
30
9
1
1
1
16
6
2
15
2
5
1
7
7
1
20
1
18
2
60
9
2
10
3
1
8
3
2
17
1
15
1
4
54
6
3
3
44
2
1
1
1
47
18
3
1
4
4
44
4
3
23
8
4
5
9
4
3
17
3
1
2
1
17
1
27
4
1
2
1
3
1
1
1
1
1
7
7
2
5
3
1
2
3
27
13
13
4
1
8
19
5
2
6
2
7
21
29
1
1
18
1
18
2
1
5
4
18
1
5
4
9
2
2
1
1
7
5
1
5
13
40
1
17
4
6
1
1
1
2
5
1
1
4
1
2
1
3
24
4
3
2
12
11
1
1
2
9
4
1
2
33
1
8
3
2
1
10
13
5
21
26
5
4
10
2
3
10
2
1
6
1
2
2
8
2
3
2
1
2
3
2
9
14
1
3
2
15
1
1
2
3
6
1
2
16
1
2
5
1
5
15
2
3
8
2
2
1
2
2
1
1
17
4
2
2
33
2
2
4
1
1
2
2
3
2
2
5
2
1
10
9
6
19
2
1
1
1
1
2
16
2
6
1
7
27
1
20
5
7
3
8
1
2
1
2
3
2
1
2
1
1
2
14
4
13
6
7
13
2
5
64
2
2
4
10
9
2
2
6
4
1
2
6
10
1
4
1
1
2
1
4
28
1
26
9
3
2
1
2
1
1
3
8
1
16
2
2
4
28
3
3
1
6
10
3
6
7
13
2
2
15
3
1
8
1
5
1
8
2
4
9
17
9
3
1
1
1
2
2
10
1
5
1
1
7
15
2
1
2
3
4
1
1
5
2
7
4
28
4
5
3
8
2
2
3
4
3
8
1
1
1
2
2
2
1
35
7
15
2
2
2
5
1
20
30
12
15
1
2
8
2
2
1
6
2
24
8
3
11
1
2
7
27
1
3
7
12
8
1
31
3
16
1
1
5
2
1
4
4
15
8
4
4
2
6
6
2
11
3
3
2
14
39
2
2
1
1
2
2
3
1
13
4
3
6
9
1
6
4
7
14
1
2
2
51
6
25
12
1
3
4
1
4
11
1
1
8
9
2
4
1
1
4
2
7
1
2
13
6
12
1
1
11
2
1
5
5
7
5
1
12
4
9
3
2
5
4
2
1
1
4
7
2
3
4
13
13
1
2
9
2
1
9
34
22
4
1
5
10
3
1
3
3
3
3
2
1
4
1
2
6
7
2
11
3
4
4
2
1
21
1
2
10
1
29
2
4
2
2
5
4
2
1
2
4
4
14
1
4
1
3
20
13
9
5
12
3
7
1
1
2
11
1
3
5
8
2
35
1
2
2
5
10
8
1
2
1
2
2
4
1
2
2
21
7
7
2
6
2
14
2
4
10
7
6
2
1
4
4
2
2
3
1
10
5
6
2
7
2
7
2
1
2
44
1
5
6
1
29
13
5
2
1
12
2
2
3
2
42
1
8
3
2
18
4
5
1
11
1
1
1
1
5
12
22
3
6
4
1
15
2
1
2
1
1
1
1
5
4
1
1
3
1
4
2
1
36
2
2
3
5
4
30
14
1
3
26
2
9
1
3
2
6
4
6
22
1
2
6
3
5
2
1
1
16
18
2
8
1
4
7
5
5
16
4
1
20
35
6
5
1
2
6
13
1
21
1
1
24
1
19
1
7
1
1
2
2
3
36
19
2
3
1
12
13
3
2
1
1
2
14
6
1
4
22
2
1
1
2
24
2
10
3
6
11
1
1
1
1
4
3
18
3
24
2
23
1
1
1
9
4
18
11
3
17
3
4
16
16
8
1
39
9
20
17
2
6
4
6
3
4
1
9
1
1
1
1
2
3
1
1
6
2
1
9
4
11
2
4
11
2
1
2
1
1
2
1
1
3
6
2
5
18
3
2
7
8
13
15
1
6
27
2
2
2
6
1
25
39
45
20
14
1
3
25
8
8
37
8
3
21
6
2
3
6
16
1
4
1
6
2
2
3
1
44
3
2
12
2
2
1
20
1
7
5
2
1
43
1
8
2
3
4
6
41
2
1
9
3
3
1
3
1
1
1
1
6
25
4
4
7
7
1
4
5
2
1
1
2
8
1
3
2
1
1
3
1
3
10
44
8
7
2
13
1
5
18
1
2
2
1
2
1
5
27
1
14
5
10
9
4
19
3
1
1
1
6
5
11
38
1
4
3
10
1
2
32
5
33
2
2
3
2
2
2
1
6
8
11
24
1
2
8
7
1
3
2
1
1
1
18
4
2
14
7
1
34
9
9
1
1
6
7
3
5
14
5
19
6
30
2
18
4
2
1
2
1
4
2
12
1
1
3
2
8
9
3
1
1
6
30
5
17
1
2
13
10
2
6
1
8
10
4
1
1
20
1
1
2
17
2
2
1
13
3
4
2
1
2
1
2
4
47
5
2
11
12
4
4
9
7
2
7
2
3
3
1
3
6
16
3
1
1
4
5
5
38
5
1
5
4
6
1
4
7
7
1
4
4
1
5
1
6
4
4
40
18
1
3
2
2
1
11
2
1
4
1
3
13
1
4
1
23
3
16
2
4
37
19
3
1
6
2
6
2
1
2
2
17
2
16
29
16
2
6
1
12
1
24
27
1
4
2
4
2
2
7
9
1
22
3
1
4
4
1
1
2
13
1
2
5
38
5
3
1
1
1
2
10
2
1
3
2
1
17
10
2
19
1
2
4
1
1
2
3
6
3
26
3
25
11
1
25
17
1
1
10
4
1
1
2
3
1
4
1
1
1
5
1
7
4
4
12
12
14
5
27
2
2
5
1
1
2
1
15
3
5
3
2
17
2
1
1
2
6
3
1
10
2
1
21
2
1
27
5
16
1
6
8
15
3
3
1
3
4
8
3
1
7
1
9
1
8
4
2
7
2
1
5
9
4
1
1
13
6
1
5
5
2
7
3
22
2
21
1
5
4
1
3
13
6
2
2
30
1
4
3
3
1
24
1
12
1
1
5
3
5
1
2
4
2
10
3
2
33
1
73
6
2
2
3
2
2
26
8
2
26
5
9
1
3
1
4
5
9
4
1
44
2
1
2
29
2
2
1
1
2
2
5
1
1
2
2
8
4
20
1
3
1
17
7
11
7
13
3
5
5
14
3
11
8
9
1
3
2
3
6
1
5
7
2
1
10
4
14
6
2
2
2
31
13
1
11
17
1
7
26
1
17
2
3
1
1
2
5
2
2
5
22
1
3
4
1
1
2
1
3
36
2
1
1
2
6
2
1
7
14
3
20
1
1
5
1
12
5
2
4
18
3
1
1
1
6
2
4
1
4
3
34
2
2
4
3
3
3
1
36
31
1
5
1
7
1
2
2
5
26
2
4
3
3
3
2
6
1
10
12
8
2
12
1
5
1
9
5
6
13
4
14
15
1
1
5
1
11
5
1
3
35
23
2
1
14
2
1
19
3
17
1
2
1
1
1
2
8
6
2
3
1
2
18
1
19
2
1
1
10
2
3
6
34
10
2
6
21
8
6
3
2
1
7
1
19
1
1
17
3
3
1
2
2
2
18
1
9
8
5
1
3
1
1
4
2
2
8
9
4
1
1
12
4
4
1
27
6
2
1
18
7
11
1
1
1
1
1
4
2
1
2
2
5
2
4
14
2
13
2
11
31
2
2
3
2
1
1
1
2
6
1
2
3
2
6
2
21
8
6
27
1
4
3
2
17
1
6
2
1
2
1
1
2
2
2
16
5
2
3
32
4
49
1
1
1
14
2
4
14
3
17
4
1
12
21
3
1
3
1
1
1
5
7
13
6
1
43
15
3
21
1
2
6
4
1
4
6
11
17
24
6
3
1
3
2
2
3
3
17
1
5
8
7
5
20
2
1
1
1
7
3
1
3
1
2
16
5
2
1
16
20
3
2
17
2
2
3
2
1
3
6
4
11
5
14
5
2
12
9
2
2
1
1
6
1
3
3
4
2
4
21
13
2
11
6
5
1
1
4
1
1
3
3
1
1
5
2
17
2
20
4
2
1
6
11
1
4
24
20
27
12
18
24
1
24
2
1
22
4
4
3
1
3
12
4
1
5
3
1
1
3
8
14
1
2
43
5
7
4
4
20
55
12
1
1
4
7
44
2
4
8
5
2
23
2
1
3
6
20
13
1
2
24
3
1
1
4
4
3
1
3
3
1
2
11
1
8
3
9
5
2
1
1
6
1
2
1
5
4
14
7
2
2
1
4
19
4
2
3
44
10
3
7
5
5
7
14
2
4
2
5
4
1
3
12
6
1
1
3
1
2
13
1
8
1
35
19
2
9
3
18
4
5
1
4
1
22
43
24
1
3
1
1
36
2
5
3
11
10
1
3
1
1
2
5
4
1
2
3
12
10
24
2
4
2
1
1
5
2
2
3
7
4
2
1
26
2
23
2
4
7
3
4
5
1
1
4
2
1
9
9
13
11
6
6
3
1
2
2
1
2
1
4
4
11
6
23
15
1
28
8
1
2
24
1
6
15
12
6
6
5
6
1
11
2
6
20
23
42
1
1
12
4
10
5
2
12
3
3
46
7
54
4
2
20
14
1
1
3
1
6
9
3
11
4
2
3
2
1
4
15
3
2
3
2
3
1
1
7
1
3
5
4
1
7
3
2
7
4
1
3
3
1
1
2
1
1
2
1
12
6
3
3
3
1
12
1
2
10
26
35
1
1
5
2
9
22
6
2
1
8
8
1
3
1
1
11
2
1
16
1
1
17
33
3
1
1
32
2
2
3
3
2
1
8
1
2
17
1
16
5
5
1
3
38
1
1
1
23
2
1
2
16
9
3
11
7
2
3
2
1
10
4
8
22
5
1
4
4
27
4
3
6
6
2
1
2
4
1
2
2
5
7
2
2
2
17
3
1
9
2
4
36
2
1
8
1
10
1
6
19
1
2
1
1
5
20
1
7
8
5
4
3
1
11
1
7
1
2
8
17
11
3
8
