26
8
36
16
45
29
1
9
17
47
75
151
331
56
265
2
227
6
2
6
3
52
9
2
25
1
2
86
1
3
7
4
10
2
41
38
45
2
1
3
22
1
4
24
3
69
1
283
1
2
3
35
2
1
18
3
7
6
37
39
38
4
15
25
2
3
5
9
8
34
6
3
48
5
74
1
8
6
49
12
6
28
7
9
4
3
3
14
26
119
76
1
6
4
1
8
1
3
30
1
1
4
1
39
11
1
4
51
3
2
6
1
34
13
27
5
2
49
4
1
5
9
34
29
18
5
61
125
69
1
1
18
151
27
3
5
27
30
104
8
25
5
11
167
189
79
7
20
3
1
30
4
1
6
40
25
79
6
2
2
18
124
5
175
10
17
25
19
2
9
7
3
103
154
41
213
4
18
44
13
161
1
5
30
6
149
10
57
175
151
2
3
156
3
128
290
22
9
32
32
44
33
52
1
7
151
16
25
63
23
378
1
3
3
8
7
2
2
15
6
82
1
15
3
2
34
13
1
9
105
51
15
65
2
14
3
168
146
13
23
5
221
1
4
2
4
1
2
141
1
1
17
8
21
13
131
40
20
34
67
23
6
207
80
42
55
3
18
1
1
11
2
8
110
1
1
21
7
1
55
119
76
2
1
80
301
215
3
20
3
17
1
3
10
12
9
32
246
19
23
1
1
2
2
7
12
18
15
3
1
3
8
1
7
41
37
3
11
125
19
1
20
17
23
34
2
2
2
98
50
2
100
96
5
140
38
52
128
1
8
16
64
3
60
10
8
28
83
33
58
1
1
1
1
38
6
431
5
9
49
2
1
18
32
3
6
2
20
4
2
7
8
1
3
1
44
8
1
14
8
6
138
45
42
30
1
23
9
14
159
79
3
30
66
49
1
2
38
115
78
52
1
205
9
91
13
13
2
5
6
47
118
16
2
152
9
4
38
1
6
93
49
99
5
1
103
3
33
8
36
14
25
28
102
4
32
138
7
10
11
91
6
5
2
1
3
111
1
15
3
134
15
2
40
3
56
10
60
47
4
16
5
46
78
2
12
18
7
135
8
19
1
7
37
3
2
7
58
1
4
3
80
98
2
17
91
55
1
1
8
1
89
3
2
27
69
3
6
26
2
166
2
19
29
13
2
1
11
43
54
2
13
66
17
5
34
115
49
38
153
1
9
5
2
2
64
9
1
1
2
3
4
9
12
76
1
70
72
172
4
5
68
26
31
31
1
38
2
71
1
1
3
97
2
1
16
2
38
4
60
1
5
2
16
27
4
2
2
46
7
21
1
1
33
103
4
6
36
3
2
3
96
1
6
59
65
11
4
8
7
22
19
8
2
13
26
9
3
115
198
29
11
5
5
7
19
4
21
6
2
17
75
6
8
3
4
17
5
1
391
33
13
1
4
22
125
4
122
7
29
89
1
1
1
29
12
24
23
32
8
1
2
39
4
201
73
9
1
20
122
48
37
49
8
92
78
8
2
37
14
21
15
7
2
101
1
4
6
246
3
43
15
6
11
81
5
39
62
2
51
12
1
77
151
11
166
127
4
52
6
419
16
2
8
1
27
5
2
5
200
2
6
5
1
166
1
5
23
35
9
6
26
3
2
16
105
44
1
40
5
15
3
1
5
160
35
2
14
10
168
5
4
60
33
24
68
2
2
21
43
7
5
72
3
32
3
3
1
16
21
113
24
58
99
14
12
32
6
34
1
1
3
3
9
1
84
17
10
4
13
4
5
3
1
19
7
1
2
27
2
4
63
2
21
3
1
3
169
320
8
9
21
4
16
12
24
1
2
31
11
1
9
9
1
1
7
11
9
20
1
87
48
4
22
174
1
74
16
6
11
13
4
97
3
17
2
79
3
19
9
101
38
7
51
26
26
2
2
20
23
119
68
2
17
19
28
25
3
235
134
9
2
1
9
12
19
15
72
9
37
5
13
23
447
1
44
1
63
17
25
6
20
38
8
3
129
34
53
1
43
1
4
41
107
1
23
6
2
22
25
5
14
2
26
9
62
13
53
37
2
18
4
123
42
18
23
6
15
4
20
133
1
1
2
26
109
72
1
11
49
338
10
27
124
23
40
1
32
2
9
58
12
5
1
24
59
20
144
140
11
7
2
2
6
113
31
5
19
2
17
17
31
1
4
92
2
169
17
2
6
33
153
24
147
8
29
3
132
6
10
10
2
5
8
176
1
11
1
20
4
2
1
52
123
1
14
3
118
6
5
5
94
3
47
50
108
63
181
19
8
1
20
28
48
3
2
33
1
12
27
3
1
221
3
2
58
37
32
11
3
5
7
25
2
2
10
4
1
2
17
43
3
1
1
4
23
1
169
1
8
3
31
1
19
35
2
13
24
95
6
235
6
9
10
29
1
23
11
6
31
9
50
14
4
55
4
3
19
16
3
428
1
5
18
7
32
88
26
1
12
4
1
117
26
126
2
12
2
167
15
4
3
2
10
5
149
10
1
78
49
8
19
160
119
3
1
4
84
109
21
15
12
1
28
5
11
7
3
1
23
14
5
28
11
13
4
2
5
7
2
32
148
74
3
207
4
16
4
143
10
240
3
3
4
213
35
7
2
4
42
2
310
131
8
3
6
22
7
3
3
6
5
191
12
4
4
17
5
6
4
19
4
3
40
17
68
7
45
2
9
11
19
5
9
2
16
3
6
14
7
2
8
9
200
3
82
5
33
1
25
20
2
2
8
33
6
50
61
9
4
22
2
2
28
46
4
2
36
35
28
28
5
1
211
19
2
2
5
5
63
1
1
11
13
185
3
2
26
9
4
47
1
152
14
88
276
76
24
19
5
2
8
2
2
3
2
3
2
1
76
294
54
1
47
11
1
51
30
11
2
26
8
361
72
108
94
2
19
148
2
31
4
41
6
15
12
6
14
1
17
1
3
2
17
81
78
6
44
4
1
3
5
2
9
2
12
11
52
2
31
8
10
21
4
25
25
4
6
40
29
41
4
3
34
13
16
164
31
18
1
13
269
6
51
30
3
4
59
7
2
7
1
89
14
13
2
1
11
2
12
8
2
23
23
8
51
1
12
6
2
1
9
14
1
6
127
174
2
4
190
47
7
12
1
18
8
5
11
2
9
202
106
6
6
2
63
3
20
1
18
57
29
13
12
1
304
134
25
1
7
2
9
10
59
14
154
3
2
1
34
78
16
2
25
1
19
15
2
21
3
72
17
35
51
8
3
3
37
14
124
99
3
11
74
8
24
1
32
5
22
4
2
44
10
37
53
5
2
10
96
16
3
1
9
24
1
76
2
7
1
2
2
1
79
18
6
62
56
11
4
77
4
9
1
19
33
18
5
8
7
12
22
3
50
79
30
4
2
5
1
1
1
1
22
46
2
1
2
145
40
1
4
20
15
13
6
4
1
9
42
3
19
4
63
5
15
26
2
26
11
27
69
43
49
2
46
16
5
1
29
7
25
132
81
116
31
100
2
5
4
19
1
6
30
18
3
4
5
1
1
1
7
220
24
3
5
33
70
3
8
14
2
3
13
1
37
1
4
31
4
1
22
129
240
171
2
1
56
22
90
5
95
23
1
21
93
2
27
15
1
6
2
83
18
5
27
11
1
2
9
2
13
2
2
76
9
2
2
4
5
19
51
33
11
29
13
3
3
6
205
45
1
7
3
4
162
1
9
9
3
64
39
4
2
13
8
34
71
11
1
19
64
19
8
16
10
2
2
1
15
22
22
32
16
39
5
12
28
82
4
7
88
74
40
15
16
7
91
61
10
1
84
40
10
50
1
23
10
3
3
2
99
2
12
422
1
66
11
6
9
4
9
24
4
2
27
1
4
35
2
22
13
32
57
2
28
45
2
125
4
20
16
2
6
18
3
81
8
1
2
1
4
2
4
146
2
20
82
3
2
4
4
1
32
88
2
26
12
4
250
25
12
2
8
235
11
11
3
1
24
7
26
21
63
5
3
20
64
89
12
54
1
105
24
2
1
17
1
1
12
3
45
2
5
20
24
3
2
23
34
29
15
8
24
2
6
40
38
18
111
5
13
4
5
6
14
2
3
7
4
10
4
27
2
1
4
1
166
4
2
3
22
6
55
38
5
10
23
8
15
291
7
61
144
36
1
8
25
82
6
6
2
1
13
19
8
36
2
15
3
2
1
1
6
55
32
4
440
329
43
4
9
13
3
1
7
2
16
5
3
66
11
4
4
45
214
21
3
114
58
3
41
290
65
3
50
73
16
40
5
31
1
20
105
42
122
13
3
39
1
3
2
1
9
5
1
8
31
10
3
8
1
358
2
3
6
31
12
38
56
10
93
3
30
1
7
8
1
8
44
95
13
170
152
66
166
43
2
9
2
119
1
16
5
59
23
18
50
257
15
36
179
29
2
10
1
23
125
4
71
2
3
63
28
23
3
15
13
5
2
161
23
5
1
118
78
3
26
51
5
20
1
1
11
67
1
42
2
33
98
1
40
9
2
1
2
2
56
1
54
3
3
1
1
6
57
3
1
4
65
253
15
21
2
11
7
33
47
3
7
75
33
3
86
1
5
14
3
2
33
5
2
2
43
2
26
28
2
6
1
8
7
54
36
68
3
184
26
57
61
1
