9
8
13
199
233
3
1
18
10
6
22
26
19
23
136
10
64
23
3
34
65
3
80
2
1
8
24
43
2
47
1
187
80
1
1
12
7
11
2
46
1
32
84
56
191
32
6
10
18
26
1
16
1
2
12
9
9
20
38
32
26
9
44
5
41
1
167
15
11
27
1
23
58
14
1
124
1
100
57
3
2
1
8
117
84
3
3
5
4
52
6
10
1
1
5
93
70
26
19
40
2
178
24
1
10
19
17
3
121
12
36
5
23
22
38
84
5
1
18
1
105
1
1
12
41
7
31
4
21
20
15
27
34
109
49
44
7
8
2
55
124
4
38
122
11
25
158
129
141
167
38
81
2
17
22
11
61
3
188
39
5
4
21
29
8
6
1
6
7
1
109
5
16
34
1
206
64
5
49
17
10
26
22
58
23
35
3
24
2
68
1
5
2
9
33
30
183
1
67
37
1
3
11
1
11
230
108
53
2
17
3
20
35
3
30
4
4
34
1
128
1
13
16
252
5
83
51
18
51
82
9
5
22
56
17
33
37
73
18
9
7
2
3
7
42
7
70
157
4
6
3
2
4
14
17
4
14
34
19
198
4
106
5
1
2
16
4
8
4
71
1
77
52
1
3
49
2
73
6
10
6
37
103
1
4
15
11
8
14
56
9
47
13
57
113
153
1
84
21
126
72
43
35
70
3
39
10
14
6
148
16
38
25
40
8
2
15
3
23
35
48
57
8
65
7
67
11
2
36
2
62
9
61
26
13
3
8
78
12
126
11
20
5
1
19
2
4
63
35
20
1
8
92
7
18
19
1
40
70
28
9
6
10
5
3
128
1
8
25
2
3
18
35
40
2
11
3
20
2
1
10
12
2
14
133
6
77
18
2
20
1
7
5
22
2
2
65
23
186
3
9
71
25
10
4
66
178
8
6
18
14
39
135
99
34
11
1
2
16
2
6
9
314
12
36
29
60
179
20
197
13
31
3
42
1
3
12
31
13
10
45
30
1
1
25
114
299
8
24
2
6
4
3
27
31
55
51
49
3
139
318
22
50
48
29
75
40
97
28
43
14
4
9
2
19
16
29
69
1
1
17
22
45
1
5
28
96
1
14
29
1
18
8
1
1
18
11
1
1
18
1
36
17
7
10
60
29
3
6
21
6
1
2
9
24
1
11
4
120
33
54
77
7
11
45
6
4
117
21
34
7
15
6
59
9
68
66
32
95
58
50
51
214
35
32
4
175
5
76
109
52
145
7
1
2
146
18
39
34
61
2
17
10
66
7
9
24
8
48
21
18
1
10
6
33
1
221
1
48
11
1
42
9
148
17
91
6
103
1
1
39
9
127
2
18
116
4
1
5
1
8
12
1
7
94
30
150
86
25
78
144
36
120
91
9
5
8
7
10
145
5
360
13
55
31
11
25
74
78
4
26
76
3
1
18
63
355
5
1
207
1
1
7
49
2
2
312
2
24
22
1
17
1
10
1
2
59
17
7
17
162
8
4
25
3
17
5
127
1
233
1
177
5
91
113
39
240
24
17
46
18
20
27
20
97
1
28
6
1
3
17
16
34
45
27
68
10
120
1
3
1
2
26
1
46
4
5
19
30
128
40
7
135
13
65
1
3
146
176
10
6
24
76
44
414
39
1
5
1
1
58
10
178
9
38
37
1
51
7
31
70
67
26
10
56
17
17
26
132
10
16
36
4
8
24
68
1
40
244
1
1
118
213
1
9
7
1
81
128
24
14
33
17
24
89
22
34
280
30
53
5
1
2
21
5
10
1
1
3
3
49
5
4
7
18
81
39
39
38
43
12
15
155
54
13
33
2
2
2
223
38
17
130
26
15
10
2
118
4
259
4
31
4
94
30
2
2
15
1
33
59
85
22
1
22
1
8
22
181
2
27
57
27
31
3
1
35
79
3
2
3
33
203
2
79
15
5
7
5
15
8
3
22
204
1
8
27
26
9
21
5
19
12
20
1
18
2
30
398
70
18
410
10
261
418
8
13
121
62
25
1
1
14
4
2
8
19
358
206
215
1
12
18
8
38
1
77
3
48
14
53
22
9
16
134
2
24
2
14
15
6
1
2
76
57
1
1
3
3
38
198
65
15
10
1
23
32
9
5
7
4
12
135
90
17
8
1
3
4
15
62
5
8
2
1
44
28
56
4
37
11
31
8
32
44
67
31
13
13
117
8
25
22
124
26
13
32
14
2
6
22
15
15
2
60
155
49
187
15
149
38
3
62
106
13
6
5
2
353
37
49
38
35
42
17
15
6
52
6
83
12
27
241
2
24
4
31
8
40
1
35
13
86
15
3
81
4
7
15
19
6
18
2
139
13
2
7
1
21
5
71
4
70
363
117
4
14
1
62
12
6
3
104
3
4
25
47
15
64
54
2
11
22
17
23
5
53
1
7
6
107
55
42
5
6
1
13
6
25
27
6
47
1
11
36
6
103
24
32
40
7
2
7
1
16
3
151
3
140
26
19
72
18
2
59
135
11
78
1
2
75
1
4
4
2
1
9
14
1
27
1
2
82
51
39
116
56
83
63
174
4
5
8
20
12
1
6
20
2
22
2
14
58
23
18
2
34
6
3
9
68
9
81
2
1
17
17
73
28
12
78
1
1
1
25
57
48
2
21
27
5
51
39
5
24
1
6
63
5
37
108
37
16
30
1
9
23
123
59
101
1
10
1
8
48
9
28
68
42
1
80
8
131
32
4
24
105
88
1
63
10
1
51
82
18
15
2
6
36
1
74
5
3
2
4
1
36
6
4
193
126
93
19
152
296
12
111
1
17
9
16
130
1
139
19
41
77
2
1
1
13
212
10
10
17
29
47
7
12
73
76
44
10
1
5
5
1
20
187
4
5
6
67
7
15
7
20
1
102
18
29
4
15
10
23
55
1
1
5
2
83
4
66
1
3
22
8
1
10
2
71
4
4
170
37
9
62
7
36
22
1
13
8
2
61
5
6
61
18
32
3
21
69
7
98
16
17
16
1
7
14
6
21
35
9
10
3
37
4
3
2
20
1
3
14
62
27
5
2
36
3
10
27
26
1
107
52
1
17
3
16
73
15
75
6
99
74
5
106
121
19
26
4
31
76
20
1
9
7
49
36
6
6
69
3
250
138
23
11
12
73
62
23
35
1
36
1
2
2
1
1
71
67
49
42
181
22
95
39
72
1
12
35
57
8
10
92
32
121
4
2
11
3
32
1
72
10
9
1
4
13
12
6
49
41
45
62
11
1
5
2
22
18
9
2
1
118
4
83
30
9
18
23
2
7
79
10
3
8
38
3
50
19
23
22
1
7
33
3
16
4
31
77
22
5
31
53
4
92
1
29
43
9
27
14
2
180
58
8
1
109
6
64
51
92
46
36
5
2
9
14
43
2
3
57
69
16
14
444
13
17
17
1
70
3
4
33
63
61
92
20
4
112
23
147
3
1
24
31
108
34
108
8
3
5
10
72
310
49
26
10
24
5
56
82
28
234
4
1
1
22
64
5
130
2
4
4
34
409
34
2
9
146
207
7
17
7
2
16
1
74
14
3
25
18
4
191
1
7
75
4
21
2
153
1
2
5
225
82
10
55
4
11
18
52
13
3
28
73
99
47
2
1
2
33
1
49
28
256
1
1
1
1
1
1
1
26
1
1
1
1
1
10
27
25
7
4
6
8
5
36
61
16
1
41
2
13
5
1
2
44
49
45
64
2
2
41
1
1
3
10
5
1
9
5
3
3
4
3
20
1
29
1
1
9
17
1
9
1
1
1
2
47
1
1
1
2
2
75
1
151
1
2
2
1
1
1
13
5
2
1
1
1
6
5
1
8
1
331
1
1
56
265
2
1
1
2
1
2
1
3
2
4
27
227
1
6
6
2
92
11
6
1
11
27
2
1
2
7
1
1
6
3
9
52
1
1
1
3
1
10
13
9
1
1
1
1
4
1
1
2
2
3
15
2
1
1
73
1
1
2
3
1
3
25
1
14
1
1
3
1
2
1
86
3
4
1
6
3
1
2
1
10
1
1
7
2
1
1
3
10
60
4
5
1
10
2
4
1
17
66
14
6
41
38
1
17
1
16
4
45
2
2
1
1
2
1
1
1
2
1
1
2
3
3
4
1
3
1
22
1
1
9
5
1
4
3
1
21
1
24
2
2
1
21
1
17
6
5
3
69
1
1
3
283
1
2
3
1
1
1
1
1
35
2
1
18
1
1
1
3
1
1
40
7
3
3
3
5
1
1
38
1
1
6
1
1
1
37
1
9
27
39
2
1
1
1
1
1
38
5
2
94
10
1
1
1
2
1
1
2
1
2
1
1
1
1
1
3
1
1
4
4
15
2
1
9
1
1
1
25
2
4
32
41
7
19
34
14
2
1
1
1
1
1
1
1
1
1
2
3
1
5
1
5
1
2
1
1
1
9
1
4
1
8
1
34
2
256
1
1
1
6
1
1
1
2
1
1
1
1
1
2
1
1
1
1
2
1
1
3
1
48
5
1
1
1
1
74
1
1
1
1
1
1
1
1
1
1
4
1
1
1
1
1
1
2
7
1
8
1
2
1
1
4
1
1
1
1
4
3
6
1
2
49
1
1
3
1
12
1
1
1
2
8
1
6
1
7
4
26
4
1
1
6
12
5
27
1
2
6
28
1
8
7
1
3
4
8
1
9
1
1
3
1
1
5
2
1
1
30
11
2
1
1
3
2
1
38
4
1
2
3
1
4
1
1
12
1
1
3
1
3
1
6
2
13
1
1
1
1
1
1
1
2
14
1
1
1
1
1
1
1
2
26
1
1
3
1
2
1
2
119
4
5
1
4
1
76
1
6
2
1
1
1
4
4
4
123
1
1
8
1
1
3
1
1
1
2
1
1
1
1
1
3
30
1
1
1
1
4
1
2
4
1
1
39
65
6
1
11
1
1
1
7
4
5
1
1
1
1
2
4
5
1
1
1
4
6
51
2
1
3
1
2
1
3
5
6
1
2
1
34
1
96
2
1
1
2
13
27
3
1
2
3
11
2
4
2
1
7
5
5
1
1
2
2
5
1
1
1
1
1
1
3
1
3
1
1
1
6
2
1
13
1
1
2
1
1
1
1
49
2
1
4
1
3
2
1
2
1
1
6
1
3
1
1
1
1
2
1
1
1
11
1
1
5
1
1
4
1
1
1
9
5
2
2
34
1
3
1
29
1
15
18
3
9
2
1
5
1
23
6
3
61
125
69
1
1
18
1
1
151
7
1
27
3
3
1
1
1
1
1
3
1
5
27
1
1
8
1
33
1
30
1
1
1
1
1
1
2
2
28
2
8
22
3
1
104
1
3
1
8
1
25
1
1
1
1
5
2
1
11
1
167
189
79
7
3
2
1
3
1
1
2
1
1
7
1
1
1
6
2
21
1
1
1
1
1
9
1
1
1
2
20
1
1
1
2
1
2
1
1
1
3
1
2
3
1
3
50
1
23
3
1
34
30
4
6
1
1
5
3
12
128
3
3
108
16
18
4
50
3
1
41
7
27
1
6
14
2
8
2
1
4
1
15
1
9
2
2
1
4
2
24
1
5
1
1
1
1
10
1
3
1
6
5
5
1
29
40
1
5
10
25
1
3
1
1
1
3
1
2
79
6
1
1
1
1
1
1
2
2
1
5
1
4
1
18
1
2
1
2
124
1
1
1
1
1
5
175
10
3
1
1
35
2
1
1
1
1
4
1
1
1
17
2
85
25
1
5
19
1
2
1
2
1
1
1
1
1
24
1
1
1
1
52
1
1
3
1
1
1
9
7
1
1
1
1
1
2
1
8
2
1
16
1
2
1
9
3
103
154
15
2
6
1
5
107
41
213
1
11
35
4
17
13
18
1
44
10
2
13
1
1
2
1
4
7
3
1
6
13
4
6
1
117
1
161
1
2
1
3
5
3
4
2
6
1
1
70
1
30
1
2
1
35
13
1
4
1
1
3
17
9
6
1
149
1
1
1
1
1
1
1
1
1
1
3
1
8
1
10
57
1
2
1
1
7
2
2
1
7
1
1
2
1
1
8
1
2
3
2
175
3
1
151
2
2
1
1
1
2
1
3
156
1
1
1
3
2
1
1
1
2
1
1
1
1
3
128
1
2
1
290
2
1
1
1
1
1
1
1
2
1
1
1
2
1
1
1
1
1
4
1
22
1
1
9
1
1
1
32
1
1
1
1
2
1
1
1
1
1
32
1
2
2
1
1
4
7
1
44
33
1
3
52
6
1
1
7
2
2
3
2
2
2
3
1
1
1
1
2
1
151
16
2
1
1
25
1
2
1
8
1
1
1
50
1
63
1
1
1
2
1
1
1
4
1
1
23
1
378
15
1
1
1
13
3
1
1
1
1
3
1
1
4
1
1
2
6
3
8
22
1
6
7
2
39
4
1
7
1
5
2
2
1
1
2
2
2
2
5
1
1
3
1
1
1
7
15
1
1
6
1
82
4
2
1
19
1
1
1
17
6
9
1
1
3
2
2
1
3
39
26
41
55
5
15
27
3
1
1
1
1
1
1
1
1
22
1
1
6
3
1
1
2
1
6
1
34
1
2
1
7
30
2
4
4
9
10
1
4
1
1
13
1
1
1
6
1
1
9
3
1
2
9
5
1
105
41
4
3
1
1
5
1
2
51
8
8
1
1
15
1
5
65
14
2
1
1
3
1
5
14
4
4
1
1
1
3
10
2
1
1
1
1
5
1
3
168
1
146
1
1
2
4
13
13
2
1
11
8
4
18
16
3
6
4
1
2
2
1
1
1
23
1
8
1
5
2
5
1
2
22
3
3
1
2
1
3
1
1
5
1
4
7
1
1
1
11
1
1
1
1
1
221
1
29
5
5
9
2
11
2
4
2
1
10
8
2
5
2
4
4
1
4
4
1
2
2
1
4
2
10
141
1
4
2
1
29
1
1
1
2
17
8
2
1
2
21
1
10
1
13
12
3
7
3
119
8
9
4
2
1
3
21
5
1
1
1
1
4
1
1
1
1
1
2
1
1
1
7
1
1
14
131
5
40
11
5
9
8
20
1
1
1
1
12
1
1
1
1
1
1
34
1
1
3
5
1
1
67
23
4
21
6
207
1
80
1
1
1
4
1
1
1
1
42
1
2
55
1
1
4
3
3
3
15
3
2
18
1
1
1
1
2
1
1
1
1
2
2
1
11
1
1
2
6
1
6
1
1
1
1
1
1
1
2
1
1
1
1
1
4
8
1
5
1
1
1
1
2
1
5
1
110
1
1
1
1
1
1
1
1
1
1
1
4
1
21
7
2
2
1
1
1
1
2
1
1
6
1
1
2
1
1
2
1
2
55
119
2
1
1
76
1
1
2
6
1
1
1
1
1
1
1
2
1
1
1
4
1
2
13
3
1
2
1
1
2
1
1
2
1
80
1
2
1
1
1
5
1
2
2
301
5
7
1
1
1
1
1
2
2
4
1
1
1
5
2
9
7
1
215
1
1
1
4
1
16
3
3
6
1
1
55
84
2
1
3
1
1
1
1
20
1
3
2
17
1
1
1
22
7
2
5
3
2
10
1
1
3
4
3
1
4
1
12
1
9
1
1
2
1
18
1
3
1
1
1
2
32
246
3
1
1
20
1
1
1
1
1
19
2
5
1
5
1
23
1
1
1
1
1
1
1
1
1
1
1
2
1
1
1
17
3
1
2
1
2
2
1
2
1
1
2
7
1
1
1
1
1
3
3
12
1
4
2
3
2
3
1
1
12
2
3
18
2
4
1
11
1
2
3
4
3
3
1
10
2
15
1
5
3
1
3
4
3
37
9
1
4
2
2
1
1
3
3
10
1
1
4
2
1
8
9
1
1
1
1
2
1
1
15
1
1
187
6
6
2
1
1
1
1
1
2
4
2
3
2
79
1
1
1
1
1
5
7
2
1
1
8
7
1
1
1
1
4
41
37
2
2
2
3
1
1
1
2
1
3
2
11
125
1
1
1
1
1
12
1
3
1
17
19
1
1
20
1
1
1
1
1
2
3
4
1
17
1
37
3
6
1
4
1
23
1
130
2
1
1
2
1
3
1
1
1
1
1
1
2
1
2
1
1
1
1
4
1
34
1
2
2
2
1
1
1
1
1
2
1
2
1
3
3
2
1
2
1
2
98
1
2
2
1
1
3
2
2
2
1
8
1
1
50
1
1
1
1
2
1
5
1
8
3
3
1
2
2
1
100
1
1
1
3
1
1
96
1
1
1
1
5
1
1
3
2
3
1
5
3
4
1
1
140
1
4
1
1
3
38
3
2
1
21
52
2
9
3
3
1
1
2
128
1
1
1
8
1
6
16
2
1
64
2
1
1
1
3
1
1
2
10
1
1
1
3
1
1
1
1
1
60
10
3
1
3
6
1
3
1
8
2
3
1
28
1
1
4
1
2
83
3
1
1
1
2
1
6
33
1
1
1
10
1
1
1
3
1
1
1
7
1
58
4
1
1
1
1
1
3
1
1
2
1
2
2
2
9
1
3
1
1
1
2
1
2
1
1
1
1
2
1
1
2
1
2
1
2
2
1
2
38
1
1
2
2
9
1
2
3
5
1
2
11
8
3
23
36
47
1
5
6
1
20
1
6
7
1
431
5
5
1
9
49
2
1
1
1
1
1
3
1
18
2
6
32
1
1
3
3
1
1
1
3
2
6
2
4
2
2
1
1
2
1
1
20
8
6
3
1
2
1
1
4
1
2
7
4
2
19
7
1
2
61
1
8
2
2
1
3
1
2
1
1
2
3
1
1
1
1
1
2
44
1
1
5
12
8
1
1
2
14
3
2
8
1
68
1
1
1
1
6
1
1
1
1
1
2
5
1
2
1
9
1
1
11
28
2
1
138
2
4
45
1
42
1
1
1
4
1
2
4
2
30
1
7
1
3
1
1
1
1
1
23
9
2
1
1
1
1
2
4
14
1
1
3
1
1
159
79
4
1
1
1
6
2
10
1
3
4
1
1
2
1
2
1
11
1
3
1
2
1
1
2
30
2
3
1
2
1
7
1
66
2
2
2
49
2
1
1
1
2
1
1
1
3
1
2
5
9
38
1
1
4
1
1
6
115
78
1
9
2
52
1
1
5
1
1
205
9
1
1
91
2
2
13
13
2
1
1
1
2
5
1
4
1
1
5
2
1
6
47
1
1
118
1
1
16
1
2
1
1
152
9
1
1
4
1
2
4
1
1
2
1
1
1
1
1
1
3
1
1
1
2
1
38
5
19
5
1
39
1
2
1
6
2
1
2
93
1
1
1
2
1
1
49
3
1
99
1
10
5
1
1
1
1
1
1
1
1
1
2
1
1
1
1
1
1
10
1
1
1
6
16
12
1
8
2
1
2
4
17
1
103
14
4
5
1
1
1
3
33
3
65
8
10
7
3
4
36
1
14
18
25
2
28
102
1
5
9
3
1
1
1
1
1
1
2
1
1
1
4
1
5
1
1
2
32
1
1
138
1
1
2
1
7
2
1
10
1
1
11
1
3
1
91
4
6
5
3
2
1
1
13
1
1
2
1
1
1
1
1
10
3
2
3
1
1
86
3
1
1
1
3
1
111
1
1
1
2
1
15
1
21
3
4
1
3
2
134
27
1
1
1
1
15
2
1
1
2
16
1
1
1
1
1
1
1
1
1
1
3
1
40
1
2
1
64
1
3
1
1
3
2
6
56
5
1
2
1
1
1
1
1
7
1
1
1
1
1
1
2
10
4
60
43
7
1
47
1
1
2
2
1
1
1
4
1
1
2
1
1
1
1
3
1
2
1
2
1
1
2
5
13
5
1
16
1
1
1
1
1
7
1
1
1
1
1
1
1
1
1
1
1
2
1
1
6
8
1
2
4
16
2
1
1
2
1
1
7
5
1
3
46
1
1
1
5
1
1
1
2
4
1
1
78
1
1
2
1
2
8
1
1
1
2
1
1
1
12
18
2
1
2
7
135
8
1
1
19
6
2
2
1
1
1
22
1
1
1
2
1
1
1
1
1
1
1
1
1
2
7
37
1
3
1
3
2
3
1
1
1
2
7
1
8
58
3
1
2
1
1
1
1
1
2
1
4
5
17
1
3
9
1
1
3
1
80
1
98
2
1
1
1
1
1
4
1
2
1
17
2
1
91
1
55
6
4
1
2
1
1
1
4
1
3
2
2
1
1
1
18
1
82
1
1
1
1
2
1
2
2
1
1
1
2
1
1
4
1
8
1
2
1
1
1
1
2
1
2
1
4
1
2
1
1
2
2
1
3
1
1
2
2
2
1
1
2
2
1
1
89
1
3
1
1
1
1
1
1
4
1
1
2
1
12
10
4
3
20
1
2
2
1
1
1
1
2
1
2
3
15
2
27
1
1
1
1
1
1
1
1
3
2
3
7
5
5
3
6
69
23
1
4
5
14
1
2
15
3
6
13
26
2
1
1
1
1
1
2
166
12
2
1
19
2
1
1
29
2
13
6
1
3
3
2
1
1
1
2
2
1
3
1
1
1
1
1
1
11
27
4
9
2
23
1
5
43
1
1
4
54
3
1
2
2
1
11
1
4
4
2
13
4
1
4
6
5
5
1
4
2
3
66
17
5
6
34
2
6
4
1
4
1
7
13
115
1
5
49
38
8
1
1
6
2
153
1
1
15
1
1
1
9
9
2
5
2
1
2
3
64
7
1
9
5
1
1
15
12
1
1
1
1
1
14
2
2
2
5
1
1
15
10
7
1
1
4
19
6
1
7
1
3
1
1
1
1
5
16
4
1
3
9
3
69
1
1
31
1
63
2
1
12
76
1
20
3
2
2
1
3
1
6
1
1
1
1
1
1
1
1
3
70
1
1
1
2
1
1
1
1
72
2
1
1
4
4
172
1
1
1
1
4
1
1
12
1
1
1
2
1
1
1
2
2
3
1
2
1
2
5
2
2
1
1
1
2
5
68
1
4
82
1
26
2
31
1
1
1
1
1
1
31
2
1
4
1
12
1
1
2
3
1
1
3
27
3
1
38
2
1
1
5
21
1
13
71
1
1
4
12
1
1
1
3
1
72
1
2
4
1
1
97
1
2
1
2
1
2
3
16
1
1
1
1
2
4
1
1
2
1
7
9
2
5
38
4
3
1
3
1
22
1
2
1
1
1
2
60
1
1
2
1
1
2
3
2
1
5
1
1
2
3
1
5
4
51
16
1
1
1
27
1
1
7
5
3
4
1
2
2
2
1
2
1
1
1
1
5
2
46
2
2
1
1
1
1
11
1
1
1
1
1
1
1
3
7
2
1
1
1
5
21
1
1
1
3
9
1
1
1
3
1
2
1
3
3
1
1
8
1
1
20
8
3
2
1
1
1
1
1
5
33
1
103
4
1
3
2
1
2
2
1
1
6
2
2
1
36
1
2
1
3
2
1
3
5
1
1
1
4
96
2
1
1
1
1
1
1
1
1
1
88
4
1
3
6
26
4
20
59
2
65
3
28
11
1
1
3
4
8
2
7
1
22
19
8
16
2
77
1
6
3
5
13
1
1
73
2
26
9
2
3
2
115
1
1
1
2
1
1
2
1
1
5
1
1
2
198
29
1
4
1
4
1
1
1
8
4
2
11
1
1
1
1
2
1
2
5
1
1
1
3
4
5
9
8
1
19
7
2
20
19
1
4
9
3
1
2
21
1
6
1
10
3
2
3
26
1
17
1
1
9
5
29
1
4
2
1
75
3
4
21
10
6
1
1
11
8
6
2
2
3
65
4
3
1
6
4
5
2
4
17
5
16
3
109
8
1
292
1
1
3
391
33
13
16
1
14
1
1
1
4
35
2
5
1
2
1
13
2
22
125
3
1
5
3
1
4
122
1
3
2
1
3
7
3
7
18
1
1
5
29
9
10
2
5
2
1
1
1
1
89
2
1
1
1
1
18
1
1
1
1
1
1
1
2
7
58
1
6
3
1
1
1
1
2
10
1
13
2
2
1
8
2
1
1
3
29
1
12
1
1
24
1
23
5
1
1
32
3
1
1
1
1
1
1
1
1
25
8
1
1
2
7
1
14
1
2
3
1
4
93
22
6
4
2
2
3
1
8
1
1
39
8
4
2
201
1
3
30
1
1
1
1
1
1
1
73
1
1
9
1
20
1
4
1
2
1
1
1
8
1
1
1
1
1
1
1
1
4
1
1
1
1
122
1
6
1
2
2
3
1
1
1
1
1
1
2
1
1
5
2
1
48
1
1
13
37
49
17
3
21
7
2
8
5
1
14
2
1
1
1
1
2
1
1
1
92
78
4
3
1
1
2
1
1
1
1
1
8
2
1
2
7
37
16
14
1
1
21
1
1
19
2
4
1
1
1
1
1
1
2
1
1
16
15
1
7
1
4
3
1
2
6
3
2
1
1
1
1
101
1
1
1
4
2
2
1
2
1
1
6
1
1
2
246
8
3
1
1
4
6
1
4
2
2
1
1
8
23
1
1
2
43
15
1
1
1
1
1
1
6
1
1
1
1
2
1
2
1
2
11
1
2
4
1
3
81
5
2
2
1
1
3
2
39
1
1
1
7
2
62
2
1
1
1
1
1
2
1
1
2
1
1
51
2
1
1
2
1
2
12
1
7
3
1
1
1
1
1
1
1
1
1
1
1
77
1
1
1
1
151
1
1
11
166
1
1
1
1
1
1
1
1
9
1
1
1
1
1
6
2
3
1
127
4
7
4
1
52
3
8
3
2
1
1
2
2
1
6
1
1
1
4
419
2
2
37
16
30
18
2
1
2
1
1
1
1
5
2
8
4
2
1
27
1
1
1
1
3
1
2
1
1
5
2
1
5
1
1
3
1
1
200
2
1
6
1
4
1
1
1
2
1
5
3
1
2
3
1
1
1
1
1
1
166
40
1
1
2
1
1
1
2
1
1
1
1
5
23
35
1
1
2
14
1
9
2
10
1
2
6
26
3
1
2
2
2
2
1
2
6
47
16
1
21
105
68
44
1
1
1
1
1
4
40
5
2
1
15
1
1
1
1
1
1
2
1
3
3
1
2
1
7
1
3
2
60
1
5
2
1
7
1
1
1
1
3
160
35
3
1
103
3
1
3
2
14
2
10
3
14
1
2
1
1
168
5
1
3
4
60
2
33
24
1
1
2
1
68
4
1
2
2
1
1
2
1
1
1
3
1
1
43
21
43
2
7
1
3
1
8
5
72
1
3
32
1
1
3
1
8
2
1
3
1
3
4
2
3
1
1
5
1
3
1
1
2
1
2
1
1
16
1
1
1
1
21
113
1
1
1
1
1
24
4
20
5
1
8
58
5
5
10
2
2
1
2
1
99
1
1
1
3
14
4
12
1
2
1
10
2
11
32
2
1
2
2
6
2
1
1
3
6
1
1
1
1
1
1
1
1
1
1
1
8
1
1
2
1
1
1
11
3
10
1
34
1
7
1
1
1
1
1
1
3
1
1
1
1
1
1
1
3
1
1
1
2
1
1
1
2
2
2
1
1
3
1
11
2
1
1
1
3
1
2
1
1
4
1
1
1
1
9
1
1
1
1
23
1
84
1
1
17
1
10
1
1
4
6
5
4
1
13
1
1
1
2
4
5
3
1
1
4
1
1
1
1
1
1
1
1
1
1
19
4
2
7
1
1
10
11
1
1
1
1
2
27
1
1
1
58
1
1
2
1
1
4
63
2
2
5
1
1
1
1
11
10
21
3
3
1
1
1
1
9
3
1
1
4
1
1
7
1
1
1
1
1
1
1
1
1
1
3
1
169
1
1
320
1
1
8
1
1
1
1
1
1
1
16
8
22
3
1
2
3
28
17
1
3
1
7
3
2
7
5
4
28
9
2
1
8
21
8
3
9
4
16
1
12
76
1
4
2
1
7
1
2
1
3
2
24
5
2
1
1
2
1
6
2
1
1
1
1
1
1
1
13
1
15
1
4
4
2
31
1
1
1
2
11
1
3
8
9
3
5
2
1
1
1
13
1
1
5
1
5
9
8
1
1
1
7
3
1
1
1
1
1
7
9
1
2
1
1
1
1
1
2
231
1
11
1
2
1
1
2
34
1
2
1
1
9
1
1
1
22
14
6
4
21
2
2
1
20
3
4
1
1
1
87
5
11
99
47
2
1
48
5
14
3
33
1
1
1
1
1
4
22
1
174
12
1
1
2
1
1
2
1
1
1
2
2
1
1
1
22
1
1
1
1
8
1
1
7
1
3
1
2
7
1
9
1
1
1
2
74
2
16
6
11
7
1
4
1
2
13
1
4
22
3
34
36
1
97
2
4
2
1
4
8
2
3
3
6
3
1
1
17
7
1
1
3
1
1
2
1
2
1
5
9
1
1
1
3
1
4
5
7
3
79
1
3
1
10
3
4
1
1
1
2
12
2
19
4
2
6
1
9
1
1
1
1
3
1
1
40
11
39
1
2
108
1
2
2
1
1
3
155
1
1
1
15
3
2
101
4
1
3
1
2
1
38
1
54
36
1
7
6
10
1
1
6
1
1
2
51
4
42
1
1
1
26
1
1
26
2
2
2
1
24
20
23
1
1
5
3
119
7
1
2
17
1
1
1
1
1
1
4
1
1
1
68
1
1
14
2
2
1
1
3
17
19
1
1
2
1
3
28
7
56
1
1
1
4
2
1
1
6
1
25
1
1
1
4
1
3
1
1
1
1
1
6
1
1
5
1
2
2
3
235
4
1
4
1
1
1
134
1
1
2
9
1
1
1
2
1
39
1
1
2
2
7
3
1
1
9
1
4
3
4
16
2
4
2
83
4
1
4
28
35
11
1
12
1
19
1
15
72
9
1
13
19
1
6
13
1
5
1
2
12
173
120
17
3
1
1
7
37
5
2
1
1
13
1
11
5
1
3
23
1
447
1
1
1
1
1
1
1
1
1
5
44
1
63
1
1
4
1
3
1
1
1
1
3
1
6
27
1
1
1
1
1
2
5
15
17
20
2
2
3
1
25
2
6
5
1
20
14
32
1
38
2
1
4
1
4
2
27
8
3
1
6
4
4
129
1
2
8
1
2
7
2
1
34
1
53
1
1
2
1
1
1
43
7
1
2
1
8
1
1
2
1
2
13
15
6
1
1
5
4
1
1
1
1
1
1
1
41
1
1
1
107
1
11
11
10
1
1
4
4
23
1
1
2
2
6
1
2
1
22
25
3
21
1
5
4
14
2
1
26
9
1
62
1
13
4
1
1
53
1
1
2
2
37
5
5
3
1
33
1
1
1
1
2
1
18
4
1
1
1
3
3
1
40
4
1
1
6
1
1
1
1
123
42
3
1
1
1
18
1
1
1
1
1
1
23
1
6
1
2
1
1
3
1
1
1
2
15
4
3
20
1
1
1
1
20
1
1
2
1
1
133
14
1
1
2
2
19
2
4
2
5
1
12
2
2
2
6
1
2
26
110
1
1
242
1
1
1
109
12
1
72
7
8
2
1
1
1
1
1
1
11
1
3
64
8
49
3
1
338
1
1
18
3
1
2
1
1
2
5
6
32
1
61
3
17
10
27
1
1
1
124
1
23
1
1
13
1
1
1
1
1
3
1
3
40
1
17
1
2
1
32
1
2
1
1
9
2
2
1
58
2
11
12
5
1
1
1
1
1
24
1
1
1
2
1
1
59
1
30
1
20
8
144
2
140
11
1
1
7
2
2
1
3
2
28
5
2
4
1
8
2
2
6
1
113
3
1
2
6
3
31
1
1
2
12
1
5
1
19
1
1
2
4
1
1
1
2
1
4
1
1
14
1
5
1
1
2
2
1
2
1
1
1
2
1
1
1
4
17
1
17
2
1
1
1
37
1
8
46
6
31
1
1
4
6
1
6
92
2
4
2
1
1
169
17
2
8
6
6
2
1
1
7
33
1
2
1
1
153
1
1
24
24
147
8
1
6
5
3
1
1
1
16
1
29
1
9
3
132
6
3
1
8
10
4
1
10
2
1
1
1
1
1
1
5
9
2
8
2
176
2
1
2
1
1
11
2
7
1
1
1
1
1
1
1
2
4
1
2
1
1
1
20
4
2
1
1
1
1
2
1
1
1
1
1
52
1
2
1
123
1
2
1
1
4
2
22
2
1
14
1
1
9
1
1
3
118
6
1
1
1
1
1
3
2
1
1
1
1
1
1
5
5
2
1
1
94
2
1
4
3
1
1
2
1
1
1
1
47
2
50
1
18
1
1
7
108
4
1
1
2
1
2
1
3
1
1
1
3
63
181
1
1
19
1
1
8
1
1
1
1
1
20
1
2
2
2
1
28
1
1
2
5
1
1
1
1
2
1
1
1
1
1
1
1
1
1
1
3
1
1
1
48
1
2
1
1
3
1
1
2
2
1
1
1
2
1
1
1
1
1
33
1
2
1
1
1
12
6
1
4
2
1
46
1
1
27
1
3
1
38
1
1
1
19
5
221
1
4
3
4
1
3
2
12
7
33
1
1
58
2
11
8
37
32
1
4
3
2
17
1
5
1
3
7
4
1
1
1
1
1
1
1
1
2
5
2
1
11
3
2
11
1
1
1
5
1
9
3
7
5
3
25
1
1
2
1
1
1
2
1
2
10
5
4
1
1
2
1
11
1
2
2
1
1
1
4
1
1
17
2
7
1
43
1
2
1
1
1
1
3
1
2
1
6
3
1
1
2
8
29
1
1
1
1
1
23
6
1
4
5
13
23
1
5
1
169
1
8
9
2
2
3
1
31
1
2
2
39
4
1
6
1
19
4
20
2
1
2
5
1
1
1
1
1
35
6
21
2
13
1
1
1
1
1
4
1
1
1
24
6
2
12
52
2
5
2
1
95
2
5
6
1
2
235
4
6
9
1
1
4
4
4
14
1
10
1
2
1
1
10
36
3
29
1
2
6
1
1
23
1
7
9
11
6
31
1
5
2
2
1
43
1
9
1
2
3
1
2
87
3
50
1
1
14
7
7
4
2
1
1
11
1
2
4
1
1
1
55
1
3
7
7
4
1
1
1
1
18
1
6
18
3
45
6
1
1
42
2
2
2
3
1
19
16
3
1
7
10
3
1
1
1
1
428
1
2
1
1
1
2
3
1
5
5
1
1
1
1
1
11
2
18
1
2
2
1
1
1
4
1
7
1
14
1
32
1
4
1
1
88
26
1
5
1
1
2
2
2
2
2
1
1
1
6
12
5
1
1
2
4
1
1
1
1
2
2
1
1
3
1
2
117
5
4
4
1
1
1
1
1
6
54
6
26
1
18
126
1
2
1
1
2
3
4
2
1
12
1
1
5
7
1
1
3
2
2
4
1
8
2
167
15
4
10
1
1
1
3
2
1
10
29
306
5
1
1
3
1
1
2
8
1
6
8
8
149
10
1
9
78
5
1
1
1
1
1
49
1
1
7
1
3
1
1
8
2
19
1
1
1
1
1
1
1
1
2
1
1
1
11
1
1
2
2
1
1
2
2
2
5
4
160
119
1
3
1
11
1
1
17
1
1
1
1
2
1
1
1
1
2
1
7
1
1
2
1
1
4
1
4
1
84
1
3
3
4
1
3
1
7
109
21
1
3
1
1
1
2
4
15
1
1
1
2
5
1
1
1
2
1
1
1
12
1
1
1
1
1
1
28
52
2
4
18
16
8
22
1
2
5
1
1
11
317
31
7
3
6
2
17
2
1
4
2
2
1
8
23
1
1
7
1
1
2
9
77
1
2
14
5
15
3
9
1
14
1
5
4
3
6
1
1
28
11
1
13
2
4
4
1
1
2
5
7
1
2
4
60
4
1
1
1
1
32
22
1
1
1
2
148
1
2
74
22
6
1
2
1
1
1
1
2
7
4
2
1
1
3
2
1
1
3
1
1
2
1
1
20
2
9
207
4
1
16
4
143
1
10
4
3
1
240
3
2
3
22
1
4
4
1
5
5
1
2
2
1
6
9
213
408
5
35
7
1
1
1
5
2
6
1
1
7
2
4
8
3
42
1
41
15
1
2
3
2
3
1
1
9
1
10
1
73
310
131
8
3
12
10
7
1
4
6
1
22
1
1
2
1
5
7
1
1
1
2
1
1
80
3
1
3
4
6
25
5
1
1
1
10
9
4
191
3
14
1
4
1
2
20
1
1
12
4
1
1
4
14
17
1
5
1
1
1
2
2
4
1
1
2
8
1
4
3
5
1
2
2
6
1
2
3
4
3
1
1
4
19
1
4
2
1
1
1
4
1
3
1
4
3
13
1
1
1
40
1
1
17
68
1
1
14
4
3
1
1
2
7
10
5
2
1
3
45
1
2
3
2
1
55
2
12
5
1
9
1
1
2
15
1
7
11
1
5
2
1
19
1
1
6
1
5
1
1
1
13
1
9
3
1
2
4
1
1
1
16
1
24
1
3
1
1
3
2
3
2
1
3
3
1
1
1
1
1
1
1
1
1
1
1
1
1
1
6
1
2
1
1
14
1
1
1
1
1
1
1
7
14
1
2
1
1
1
8
1
6
13
3
1
4
1
2
8
1
1
1
9
1
2
14
1
1
1
1
2
16
200
2
1
1
1
3
1
20
4
82
5
26
33
130
3
2
1
94
1
1
5
2
1
12
3
25
6
2
53
3
3
20
1
2
2
1
1
1
8
1
6
7
2
1
73
2
14
33
6
3
10
19
50
1
6
1
1
1
1
7
11
2
2
7
1
8
3
3
61
2
3
1
1
2
3
1
9
1
1
1
1
3
3
1
1
1
1
1
7
7
4
22
1
2
51
1
2
2
4
3
5
2
41
2
1
1
1
1
5
7
95
3
1
5
2
27
1
28
1
1
1
1
1
46
1
1
1
1
4
1
1
1
1
2
7
7
1
1
1
36
6
9
258
3
9
25
3
1
35
6
28
2
9
3
28
5
1
211
1
1
1
19
1
1
1
2
1
1
1
1
2
2
1
2
8
5
5
11
5
63
2
3
1
8
1
1
1
4
8
1
1
11
13
1
11
13
5
1
1
20
26
2
1
1
1
4
1
1
2
1
4
1
1
1
1
1
185
1
1
1
1
1
3
1
3
1
1
7
2
17
10
2
26
2
1
1
6
1
2
1
2
1
9
1
1
4
7
1
3
63
1
1
1
2
47
1
1
8
1
3
13
1
14
1
1
1
1
5
1
1
8
2
152
8
2
16
14
88
4
276
10
65
76
2
1
4
3
1
1
1
2
1
1
77
23
2
1
1
54
8
2
2
30
24
1
2
19
2
2
2
1
1
5
8
9
1
1
1
2
1
2
1
2
16
4
2
8
1
2
1
2
1
2
3
1
2
1
1
5
1
2
1
1
2
2
1
6
1
1
1
2
1
1
14
2
1
3
11
2
1
1
1
2
2
2
1
3
76
1
1
1
294
54
4
2
1
2
1
1
2
1
177
19
29
2
1
47
2
2
1
1
1
1
31
1
1
1
1
5
3
1
3
1
14
31
4
9
1
2
3
2
2
11
55
2
29
1
1
18
2
2
51
51
2
1
5
5
1
30
1
2
7
3
1
207
1
4
1
11
4
9
1
2
1
12
1
3
5
1
2
2
35
4
29
3
2
18
1
8
6
21
4
2
2
26
1
1
1
6
1
14
8
9
1
1
269
1
1
107
1
2
26
1
1
3
361
1
72
108
94
2
1
1
19
148
1
2
1
1
31
1
1
3
4
8
1
2
1
1
1
1
1
2
41
1
1
6
15
12
18
6
3
1
1
14
1
1
6
1
4
50
1
2
7
2
17
1
9
2
2
57
1
1
3
2
35
1
2
5
8
1
53
1
1
7
3
1
1
17
1
4
4
81
1
1
1
3
1
1
78
1
1
4
1
1
1
6
44
4
2
2
1
1
2
3
1
1
2
3
1
1
3
5
7
1
1
2
2
2
2
1
1
1
1
1
1
1
9
1
5
1
2
12
11
1
1
1
16
1
3
4
1
52
1
2
1
1
1
1
1
1
1
31
1
1
1
2
1
11
1
1
1
8
2
1
1
1
1
1
6
1
1
10
1
1
2
1
1
1
1
21
4
1
1
34
3
2
25
18
2
2
1
1
2
1
1
1
25
1
4
1
6
1
1
3
4
1
1
1
1
2
2
1
1
25
1
1
1
40
1
29
2
41
1
4
1
1
7
1
3
1
1
1
3
1
2
6
59
2
1
3
1
7
1
3
31
1
34
1
1
13
3
1
1
1
1
2
2
5
1
16
1
2
36
164
2
31
4
7
2
18
1
2
12
31
1
1
2
13
1
1
2
1
3
269
1
1
2
3
6
1
1
2
1
6
51
1
30
1
1
1
1
3
2
5
2
3
4
59
2
7
1
1
1
1
1
3
1
2
1
1
1
1
3
1
4
1
2
1
2
1
2
6
7
1
1
1
1
1
1
89
1
1
1
1
2
1
14
1
13
33
1
1
1
1
1
1
1
4
1
1
1
1
2
1
3
2
2
1
1
33
1
1
2
2
4
1
11
1
2
3
1
3
1
1
12
8
5
3
16
1
3
20
1
3
9
8
1
1
2
23
23
24
8
3
1
1
27
3
51
1
12
3
6
29
2
1
1
1
1
11
3
1
9
10
10
1
1
14
1
1
1
1
1
1
6
1
3
1
127
1
2
174
1
1
6
18
2
1
2
3
2
4
2
1
190
47
1
2
1
1
1
2
7
4
1
1
7
40
2
11
2
23
4
8
12
11
1
8
2
18
18
9
4
8
1
78
1
24
3
3
5
5
1
6
13
35
2
2
3
11
4
3
2
1
3
2
1
2
9
1
2
5
4
5
7
202
4
18
106
6
6
1
1
20
10
6
3
2
63
5
1
1
3
20
2
1
18
57
29
1
2
6
7
1
1
13
1
2
4
1
2
2
3
12
1
2
2
7
2
1
1
4
2
2
2
2
1
3
10
1
1
1
304
134
10
6
1
1
25
1
1
9
1
7
15
44
2
6
4
1
9
2
10
59
4
11
1
2
14
154
1
17
39
17
5
1
12
3
10
2
14
3
3
2
1
3
1
8
34
4
6
78
16
5
2
25
1
8
6
17
61
9
2
2
1
19
44
2
7
1
1
1
6
2
15
1
2
1
1
1
4
5
49
4
21
14
9
3
13
2
1
1
9
3
72
1
1
3
2
17
1
6
1
35
1
1
1
1
6
5
51
1
3
4
1
5
1
8
1
14
4
3
10
2
2
2
1
3
5
2
1
1
1
2
3
1
3
1
13
3
6
8
37
46
1
2
1
14
124
1
5
25
99
42
8
1
50
1
2
1
2
3
3
3
1
1
3
2
1
2
11
1
20
4
7
1
15
1
11
3
74
8
10
1
1
24
1
32
15
1
8
1
3
1
1
5
22
1
2
1
1
1
8
3
3
4
2
1
9
1
2
1
1
1
1
4
44
436
23
15
10
37
2
1
9
4
9
53
1
5
5
1
1
3
2
10
1
96
2
34
16
1
11
1
3
1
2
2
11
1
16
1
1
9
1
6
24
1
76
2
4
3
2
1
20
1
15
7
2
1
1
1
1
1
1
1
1
1
1
1
1
1
5
1
8
1
4
1
2
1
1
2
13
3
2
7
105
1
2
3
2
1
2
1
1
17
28
1
1
1
1
2
3
3
79
1
3
3
4
1
1
1
2
1
3
1
3
2
22
3
1
71
29
3
1
2
2
1
2
3
1
1
2
30
28
1
8
52
1
18
4
1
1
4
6
6
4
8
1
62
56
20
11
2
1
4
3
4
4
77
4
35
3
4
1
4
15
2
5
1
1
1
4
4
17
1
1
2
6
7
9
65
8
1
7
19
1
19
33
38
1
5
18
5
8
3
4
8
7
12
22
5
1
3
3
1
50
2
79
30
5
3
3
4
2
1
28
1
1
2
5
11
1
78
1
2
1
1
1
1
5
8
1
22
24
1
3
1
4
1
1
1
6
1
1
8
18
1
46
2
22
1
1
2
6
2
3
4
1
1
2
1
1
22
2
4
5
145
1
2
40
3
1
1
2
35
2
1
1
1
4
20
1
1
48
1
2
1
2
4
1
5
5
3
1
1
1
1
1
15
2
5
2
1
2
13
6
2
1
3
1
2
1
1
24
7
1
1
3
3
4
2
1
4
1
1
1
1
23
1
6
4
1
1
9
4
8
3
7
42
1
3
19
1
1
1
1
1
4
1
1
31
3
11
1
63
3
84
2
1
1
2
1
2
1
5
1
1
1
3
10
2
1
1
1
1
2
1
1
4
1
11
1
5
1
15
9
1
2
1
1
1
5
5
38
18
2
1
26
2
2
26
1
1
7
11
2
8
27
2
1
4
76
56
1
1
1
2
69
1
1
2
2
1
1
1
1
43
7
1
1
2
2
1
49
16
2
11
46
3
1
1
8
2
1
7
24
6
9
11
16
5
23
3
1
1
1
3
18
1
2
1
4
1
2
1
18
2
10
25
2
1
12
4
4
1
15
1
1
1
1
1
3
1
2
2
1
1
1
1
2
1
1
2
29
1
1
6
7
1
25
1
1
2
1
3
1
1
2
132
6
81
1
1
116
7
15
1
4
1
1
9
19
1
4
31
2
1
1
92
1
100
1
1
1
2
1
1
1
1
5
5
8
2
1
1
1
1
1
3
1
3
1
4
1
1
1
1
1
1
1
19
3
11
27
2
1
2
6
1
2
1
30
18
3
8
1
1
1
1
5
1
3
1
3
1
4
6
5
15
1
4
7
1
2
1
5
1
2
1
1
1
1
5
1
1
4
1
1
1
1
2
4
1
1
12
6
3
3
3
1
1
1
2
3
1
2
1
2
1
1
2
1
7
2
220
3
1
24
1
1
1
2
1
3
8
2
1
5
2
1
2
1
1
33
70
1
1
1
4
1
1
1
3
1
7
26
8
18
32
4
6
14
1
2
2
1
1
1
1
1
1
1
3
1
13
1
1
1
1
37
3
1
3
1
1
1
4
5
1
1
2
31
3
1
1
1
1
1
1
1
1
8
1
4
1
4
2
31
1
4
14
1
3
11
2
65
3
17
1
1
1
1
22
129
240
1
1
2
171
4
2
1
3
1
1
1
1
1
1
1
2
1
1
1
4
1
1
2
1
14
1
4
1
1
56
1
1
3
1
1
3
6
3
10
3
1
1
21
5
1
1
2
1
1
2
1
8
2
1
1
3
13
22
2
7
2
1
4
2
1
1
1
6
1
1
90
5
95
23
1
1
3
3
1
1
21
1
93
1
2
3
1
27
9
9
15
1
14
1
1
1
1
1
6
2
1
1
3
2
1
16
2
6
1
2
4
1
1
1
1
4
1
83
2
1
2
18
5
3
6
42
3
1
1
27
30
9
9
9
11
2
1
22
1
1
14
1
1
2
1
3
9
1
1
1
1
1
77
1
1
1
5
23
15
1
1
1
1
1
1
2
1
2
1
1
1
1
2
1
8
6
5
13
1
2
2
2
8
76
1
9
2
2
2
4
5
1
1
2
1
1
19
1
1
6
2
10
1
1
1
2
51
2
1
10
39
1
33
1
6
4
1
1
2
1
1
1
1
11
1
29
1
1
1
13
17
3
3
1
4
3
1
1
2
6
1
2
1
1
1
205
2
1
23
45
31
17
1
1
1
1
7
3
1
1
1
3
5
24
4
1
5
1
1
162
1
2
1
4
22
4
1
9
1
9
5
18
5
1
17
9
1
1
19
5
2
1
1
3
1
1
1
2
1
1
1
1
2
1
1
1
1
2
5
3
14
64
39
4
1
4
2
1
1
1
1
3
13
1
1
8
6
1
1
35
34
2
1
71
1
1
1
21
3
3
1
11
1
1
2
1
1
19
1
30
1
1
1
19
1
2
1
2
3
1
20
2
64
19
1
11
1
1
1
2
7
15
14
31
8
13
12
1
8
16
8
1
1
3
4
10
56
1
10
5
6
2
2
2
1
2
2
1
2
1
1
3
1
1
1
1
1
1
5
3
4
1
1
15
22
31
1
22
1
1
1
15
1
1
1
32
1
16
13
5
39
15
5
12
1
6
8
1
1
4
1
1
1
2
12
9
4
1
2
8
1
1
28
8
1
4
1
1
1
82
6
38
1
1
1
2
1
2
4
2
2
1
2
1
5
1
2
16
52
2
17
7
88
9
74
4
19
3
2
1
40
1
15
16
1
1
7
17
18
91
2
23
1
3
2
1
4
61
5
10
1
1
84
3
2
5
2
3
2
2
1
1
1
1
35
40
1
5
10
1
1
1
1
50
2
52
1
23
10
3
17
3
16
1
3
1
1
2
99
1
2
4
1
2
1
7
12
2
5
26
422
21
1
32
2
1
3
66
3
8
11
6
5
1
23
25
4
1
8
9
4
3
1
3
1
9
1
1
1
11
11
12
19
251
2
1
100
20
1
3
24
2
1
3
11
6
49
83
1
1
4
6
1
7
18
2
1
1
2
27
3
5
1
1
1
1
2
4
12
3
37
7
35
2
1
1
1
5
1
2
1
1
1
1
2
3
1
1
22
1
13
1
1
1
3
1
1
2
3
2
1
1
1
1
2
10
32
1
1
57
2
1
2
1
49
1
2
2
2
2
12
1
1
1
4
2
28
3
1
1
45
1
2
16
3
2
1
2
1
1
1
1
1
1
1
1
125
1
1
2
14
10
1
1
2
4
3
2
2
1
4
12
2
2
13
4
20
1
13
4
5
3
2
4
5
1
1
16
2
1
1
5
6
2
3
2
1
1
7
1
18
3
81
1
1
1
1
1
1
1
1
1
8
1
1
1
3
4
1
1
1
1
1
1
2
3
1
83
1
1
1
1
2
4
4
1
7
2
13
1
2
1
1
1
1
1
4
1
1
1
146
1
2
2
1
1
1
2
2
1
1
1
1
1
4
20
1
1
1
1
2
1
82
1
4
3
1
1
2
1
1
1
1
1
3
1
1
1
2
1
1
2
4
1
1
1
1
1
2
1
1
2
2
1
1
1
1
1
1
1
4
4
4
1
1
1
1
1
21
1
5
7
1
1
2
32
88
2
2
1
1
1
38
2
5
26
3
1
12
1
1
4
1
1
1
250
1
25
2
12
27
17
2
6
12
2
1
1
11
1
5
2
2
1
11
1
1
8
1
235
2
57
1
2
4
11
1
1
27
1
14
11
2
3
1
11
6
3
187
24
3
7
2
28
1
2
2
13
47
3
1
4
26
1
1
7
2
1
21
1
5
63
6
1
2
1
1
10
1
5
3
10
3
1
1
1
5
1
1
2
1
2
1
1
20
64
1
2
1
89
1
2
1
2
2
5
1
12
4
2
2
1
54
1
1
1
1
1
9
1
105
2
1
1
1
1
24
1
1
1
4
10
1
1
2
3
1
1
2
2
1
1
1
1
1
1
3
1
2
1
1
13
1
1
1
1
1
2
1
1
1
1
1
19
1
1
17
2
1
1
1
1
1
1
2
1
6
10
1
1
1
12
2
3
1
1
2
1
11
1
2
1
1
1
1
70
2
1
6
1
1
1
1
45
1
2
1
9
1
1
5
20
1
2
2
2
24
1
3
2
2
4
1
1
1
1
23
1
1
1
34
1
1
2
1
3
29
1
1
2
1
3
4
2
1
3
1
1
6
1
1
15
1
1
2
1
1
8
1
2
4
3
1
24
2
1
1
1
1
1
1
1
2
1
2
68
4
1
5
6
40
1
1
1
1
38
1
1
5
18
3
1
1
1
111
1
1
1
1
5
4
13
4
1
1
2
5
1
1
1
1
5
1
1
3
2
2
1
1
2
1
7
6
10
1
1
1
6
14
1
2
2
1
4
1
18
3
11
7
4
3
1
7
1
4
1
1
1
1
3
3
10
1
4
1
6
27
1
1
1
1
24
3
1
1
3
2
1
1
2
1
1
1
1
1
1
1
4
1
2
23
6
3
1
1
9
4
2
54
7
3
2
1
166
1
4
4
7
1
2
2
1
2
2
3
1
1
22
6
1
1
5
55
1
4
1
11
3
3
1
24
1
1
38
1
1
1
5
10
1
15
23
1
6
29
1
2
12
8
1
2
4
15
9
7
1
3
291
1
3
1
1
1
1
1
1
7
1
9
2
1
1
61
1
1
1
1
3
1
2
1
1
144
1
36
1
1
7
1
8
2
2
1
47
4
1
25
1
82
1
2
1
1
6
2
3
1
3
6
6
2
3
1
1
5
1
5
3
1
1
1
2
1
2
5
13
30
19
3
8
36
2
8
50
15
1
15
52
2
1
1
2
3
1
2
1
1
3
1
1
1
1
11
2
1
3
20
1
1
6
16
1
8
1
1
2
1
4
1
1
1
12
3
2
55
7
4
32
1
2
22
11
12
1
1
57
2
4
1
1
2
5
2
32
5
440
1
329
18
1
43
1
55
4
1
2
1
1
1
6
9
13
5
1
6
3
15
20
2
5
1
17
1
7
7
2
1
7
1
3
5
14
16
5
7
5
2
7
1
1
3
2
80
16
24
32
17
21
43
1
66
1
1
305
6
1
2
6
2
2
2
11
1
6
5
2
1
1
4
4
1
5
1
1
1
1
1
1
1
1
6
1
1
5
2
1
45
4
214
21
1
1
2
3
1
1
5
1
1
1
2
1
114
1
10
1
58
3
1
1
1
4
1
1
7
1
7
1
41
1
11
4
9
290
1
1
2
1
1
1
65
3
4
2
2
1
1
1
50
2
5
73
11
12
14
28
1
1
1
2
1
1
1
1
2
2
2
1
1
16
1
3
1
2
9
3
3
3
1
40
18
4
1
5
1
1
31
32
2
1
3
1
1
1
1
1
1
1
20
1
105
1
1
1
42
1
122
2
13
1
1
1
1
15
3
1
1
1
1
1
39
1
1
1
1
1
3
1
1
1
1
3
1
3
1
3
1
2
1
1
1
1
3
1
34
1
2
1
1
1
1
1
1
1
2
2
1
4
7
2
1
4
1
1
1
4
9
5
1
2
5
1
1
2
1
8
31
1
1
1
1
3
2
10
1
1
1
1
3
1
1
1
13
8
1
4
1
1
358
3
1
1
2
2
1
1
1
1
1
1
1
1
1
1
1
1
6
3
3
2
6
1
3
1
1
1
1
1
1
1
34
1
31
25
3
1
1
1
1
3
1
1
1
58
12
1
1
1
38
56
10
1
17
2
1
2
1
1
1
93
1
1
3
1
1
1
1
1
1
30
1
1
1
26
1
1
2
1
1
1
1
1
1
1
1
7
1
3
1
1
8
1
1
2
1
8
1
1
1
1
1
1
2
1
1
1
44
1
2
1
1
1
1
2
95
2
13
1
170
1
152
1
1
2
1
1
66
166
43
1
5
11
7
4
4
3
1
2
1
1
1
1
2
1
1
1
3
2
1
1
1
9
1
1
1
1
1
1
1
1
1
1
1
2
1
2
1
1
5
1
1
1
1
119
1
16
2
1
5
59
1
1
23
1
1
1
1
1
18
6
50
1
1
3
6
4
1
2
1
3
257
1
3
7
1
1
32
109
1
15
1
1
1
1
2
1
36
5
179
1
1
3
4
29
1
1
1
2
1
1
2
1
2
1
10
1
2
6
4
1
1
1
2
23
1
125
4
1
1
2
1
4
71
7
2
2
1
5
60
1
1
3
1
1
12
3
3
2
1
2
1
6
1
1
1
1
1
1
1
1
1
1
63
1
1
1
28
1
1
1
2
23
1
1
1
12
3
1
2
1
5
5
2
3
1
1
1
1
3
2
1
1
4
5
1
1
2
1
1
1
1
2
1
1
64
2
8
15
34
30
13
1
5
1
1
1
1
2
11
161
4
1
1
1
1
1
23
1
5
2
4
1
1
7
12
4
1
5
1
1
1
118
2
1
78
1
15
3
26
1
1
1
1
1
51
5
2
1
3
20
1
1
7
3
1
1
1
36
1
1
1
2
1
1
1
11
1
4
1
1
1
1
67
1
2
8
1
1
46
4
1
1
2
1
1
1
3
1
42
1
1
1
1
1
2
1
2
3
1
1
1
1
2
2
33
98
1
2
1
2
2
4
1
1
1
3
1
40
1
1
1
1
9
1
1
1
2
14
61
1
3
2
1
2
1
1
1
13
6
3
7
1
2
1
6
2
1
3
2
1
56
1
2
1
1
18
15
2
1
54
1
1
1
2
1
3
3
2
1
1
1
1
3
1
1
1
1
1
4
6
1
2
57
1
3
3
4
1
2
1
1
3
22
3
2
1
1
1
5
1
4
11
65
1
8
6
30
253
2
1
5
1
14
5
82
1
15
21
8
2
1
78
1
2
2
2
2
1
32
1
11
1
1
1
7
1
33
11
1
1
1
9
1
1
2
8
1
47
3
1
3
1
7
1
1
75
1
33
11
3
86
1
1
3
8
1
1
5
1
3
14
6
5
4
14
1
1
3
3
4
1
2
3
2
4
8
3
3
33
2
1
35
1
10
5
1
34
4
4
2
1
1
1
2
1
2
2
1
26
14
8
3
24
1
1
2
1
1
1
13
2
4
43
1
1
1
4
3
19
10
2
6
2
2
4
26
28
2
5
2
1
5
2
6
1
8
5
7
2
1
54
1
1
1
3
1
36
2
1
2
1
80
1
68
1
3
5
1
1
14
1
1
2
2
1
1
184
2
26
6
2
12
1
205
1
1
1
1
1
1
1
9
1
2
1
57
3
1
1
2
1
61
1
1
1
2
2
1
1
2
1
5
1
1
