39
6
10
6
1
1
1
1
7
3
57
22
9
3
37
3
24
2
4
1
1
1
31
26
31
16
8
1
35
8
1
37
11
9
8
5
10
15
1
1
53
1
1
4
38
2
1
3
6
49
2
2
12
7
42
6
1
1
3
3
38
9
5
3
15
15
3
47
2
2
3
3
9
18
1
9
1
3
28
1
40
4
3
2
2
23
3
1
1
28
7
1
1
1
47
38
1
9
42
1
1
7
12
1
2
1
19
6
17
1
42
23
1
16
14
10
2
5
5
2
1
6
39
2
5
5
23
12
2
3
3
18
3
3
1
2
12
7
15
23
1
1
11
25
1
44
5
2
15
1
2
4
24
59
3
30
1
2
2
2
11
13
1
20
2
1
2
15
7
35
19
6
13
41
1
1
1
2
2
2
16
2
5
2
4
49
4
1
8
1
2
7
21
1
6
32
2
2
7
10
4
44
55
2
1
10
1
1
37
23
1
1
3
4
28
3
2
1
1
3
1
12
1
34
2
1
2
1
2
2
3
28
5
2
1
26
11
31
2
1
3
5
21
19
5
2
2
1
2
2
4
16
4
2
56
2
10
18
21
9
15
2
1
7
2
3
7
56
13
43
4
2
5
12
3
9
4
2
1
49
1
49
6
6
2
2
1
14
3
4
23
1
2
3
2
1
1
3
5
2
3
1
2
2
1
4
62
5
3
13
2
3
2
8
2
2
35
3
30
72
1
4
17
7
2
4
2
2
14
2
3
2
54
17
1
48
1
9
1
9
33
2
14
4
4
3
3
2
5
7
8
1
23
15
2
22
6
10
1
43
3
8
3
2
11
2
1
2
2
2
1
7
3
31
4
1
8
22
1
10
1
1
3
10
1
3
2
1
2
3
1
30
5
56
3
2
2
6
54
2
1
1
6
1
1
9
4
2
1
4
5
1
21
11
1
2
7
4
2
1
1
28
2
3
2
1
2
2
3
2
18
1
2
20
1
1
63
5
8
2
1
4
19
6
6
1
1
20
16
82
1
6
14
39
24
4
8
11
1
3
2
12
6
12
19
2
1
45
30
15
2
1
5
34
1
1
2
38
1
38
2
2
1
1
41
1
10
1
4
3
10
1
1
10
28
9
2
4
5
1
1
1
14
2
1
1
2
9
1
1
20
1
12
5
25
1
1
5
3
3
1
40
21
2
17
10
3
2
21
4
5
1
52
36
1
1
62
1
3
2
5
3
6
3
5
2
31
1
2
9
3
2
2
3
8
19
3
20
4
2
37
2
26
1
1
2
10
2
54
2
4
1
2
3
57
2
1
17
2
7
4
36
2
6
2
4
1
2
7
6
5
2
28
2
2
1
3
3
20
1
1
1
2
19
4
9
6
1
1
52
5
6
3
1
3
5
1
4
2
5
39
2
18
1
7
2
1
3
7
4
2
25
1
3
2
2
2
14
1
3
4
32
10
10
3
2
9
3
9
2
1
3
2
65
3
9
2
3
36
25
1
2
4
1
5
6
17
1
1
3
2
1
8
4
2
8
7
39
1
3
3
2
7
6
2
1
2
8
8
33
1
23
2
1
2
1
16
3
3
3
6
8
3
7
1
3
7
48
10
1
1
7
4
3
4
1
19
5
85
9
3
8
2
1
1
3
1
5
3
7
2
4
6
2
7
2
7
3
13
4
7
5
4
4
2
4
1
6
6
1
2
3
3
2
11
10
3
5
7
14
2
10
4
23
10
4
3
3
2
1
2
19
16
3
5
2
3
1
5
1
3
1
2
1
3
6
6
1
3
2
1
1
1
3
6
13
6
2
9
1
2
3
1
4
16
22
9
7
10
17
2
16
7
1
10
4
1
5
1
1
2
8
2
5
2
19
15
2
4
1
5
5
5
1
1
7
9
2
6
24
2
2
2
1
21
2
16
7
3
1
41
25
10
8
9
3
16
3
3
45
6
3
2
6
5
2
8
3
1
1
11
28
9
2
1
5
1
15
10
9
19
4
7
9
13
4
2
4
3
7
2
1
2
5
12
2
2
8
1
86
2
6
85
21
1
10
1
5
5
1
27
2
2
21
2
25
5
20
10
51
4
2
1
12
10
2
3
3
4
29
28
3
19
4
16
35
38
10
1
5
7
7
2
3
1
3
3
1
9
58
36
6
6
18
9
1
16
8
29
37
3
4
2
11
3
4
10
4
8
5
1
4
39
5
28
7
3
6
10
6
5
41
3
13
40
8
4
9
1
32
16
15
12
4
1
6
14
1
5
9
21
3
7
4
16
26
3
4
33
6
1
22
17
27
12
11
1
3
2
32
12
11
78
11
1
14
7
9
3
20
5
27
3
12
11
33
2
10
28
3
1
5
20
6
3
1
3
7
9
31
6
36
2
49
22
1
3
12
8
20
4
1
4
5
12
1
21
1
7
2
9
7
7
17
10
6
27
6
1
8
7
7
3
62
3
3
5
18
3
15
45
3
4
1
2
10
1
2
1
12
2
3
3
1
15
22
1
21
3
9
7
9
3
9
1
9
12
20
2
42
5
5
26
30
40
7
4
66
1
3
34
6
13
24
20
14
2
30
5
5
2
3
18
14
1
1
6
5
5
2
8
3
2
7
46
5
56
18
69
2
3
1
7
8
2
10
17
6
7
7
1
6
3
1
18
8
10
17
10
2
16
3
25
6
5
2
11
8
3
8
8
27
6
2
40
4
13
8
1
47
8
11
38
3
19
20
3
9
4
3
12
2
1
32
76
18
2
32
29
8
18
10
4
4
