1
1
6
6
2
1
2
1
1
1
1
4
7
3
3
2
2
1
2
3
2
18
6
4
1
2
5
2
5
2
1
1
2
1
1
1
2
13
1
10
2
3
3
2
2
14
1
4
2
9
1
2
1
7
1
1
1
2
5
1
3
13
1
2
1
13
2
3
3
2
4
1
3
21
5
5
2
2
2
3
2
2
1
12
3
1
4
2
9
3
1
1
1
1
2
5
1
1
10
10
5
3
1
2
3
2
1
1
1
2
1
3
5
5
1
11
2
2
2
3
5
6
7
59
1
2
9
1
2
1
2
2
3
6
3
1
8
2
4
2
11
4
2
2
1
2
11
1
5
2
2
1
2
5
4
2
2
4
7
1
12
7
4
1
2
10
3
2
1
2
2
1
10
5
3
1
1
6
1
7
8
4
2
8
1
9
7
1
3
6
2
10
6
2
1
3
1
19
8
1
3
8
1
2
1
6
2
1
3
7
1
4
9
2
15
28
6
8
8
1
1
5
6
2
7
3
3
2
1
12
4
5
2
1
6
13
3
1
7
2
7
7
1
4
4
11
1
3
1
