4
49
1
2
3
3
2
94
7
1
37
16
1
7
1
11
6
3
1
2
19
152
4
7
265
3
69
4
6
7
13
4
3
3
33
4
2
23
24
12
22
18
17
2
12
1
16
4
17
13
3
4
4
1
1
26
1
15
10
1
10
3
3
2
4
3
1
10
6
1
1
1
36
1
119
3
14
39
3
38
17
10
1
31
1
1
3
42
8
11
2
4
2
1
3
2
80
138
1
35
6
37
5
1
4
8
11
4
2
1
4
23
18
2
1
17
3
101
26
3
65
2
31
1
10
51
65
2
6
4
105
25
2
56
10
14
20
1
4
3
2
1
13
4
33
1
1
2
2
1
35
6
12
1
2
112
9
2
40
1
2
13
20
39
1
2
2
1
19
22
1
2
37
2
1
2
4
2
2
5
3
1
12
18
31
7
2
2
1
15
51
7
12
29
72
1
18
19
1
3
27
3
7
1
7
6
75
7
49
1
2
3
6
4
2
54
2
4
13
1
2
9
8
1
9
99
92
3
16
170
2
94
6
16
2
13
29
14
5
3
36
4
3
9
25
1
6
3
4
7
19
45
1
22
1
39
1
16
2
4
19
1
132
1
48
2
15
5
67
7
45
78
2
15
2
10
20
8
2
18
42
4
11
1
11
41
2
14
1
25
6
42
2
7
7
10
4
9
4
4
124
22
11
2
17
3
7
3
1
14
32
1
3
10
10
1
1
41
4
13
18
2
6
1
82
1
3
26
2
1
4
2
2
3
6
47
3
6
54
1
6
31
3
2
193
8
3
18
6
74
2
2
3
8
22
66
32
1
1
22
21
14
56
11
3
5
1
2
1
1
40
1
98
8
15
14
23
17
20
5
6
6
3
29
6
2
1
23
3
15
37
15
10
5
30
7
3
31
19
47
14
1
3
13
3
1
85
17
1
29
2
3
1
3
3
14
4
5
48
15
29
27
14
13
16
2
44
7
1
1
5
16
12
3
63
3
11
4
1
3
11
12
6
7
11
6
38
19
14
63
3
35
169
3
1
4
14
8
5
2
3
51
5
1
9
9
6
17
6
2
2
1
15
23
96
4
5
7
3
9
1
2
26
56
1
47
1
6
30
7
2
42
2
4
1
18
2
12
3
34
27
120
36
5
39
3
9
5
8
1
1
4
8
2
4
37
7
2
4
70
33
135
11
11
12
2
6
2
30
36
3
2
3
2
14
20
222
3
2
75
11
18
1
1
21
68
34
2
13
41
7
15
3
3
22
4
1
3
10
9
10
2
1
12
1
4
3
8
17
3
11
1
8
110
55
1
14
5
3
3
39
22
10
4
111
7
9
5
1
4
15
3
3
20
24
7
6
8
13
3
1
1
3
46
10
5
2
29
2
7
11
1
25
5
19
10
37
2
2
12
2
1
1
149
1
20
2
15
2
18
196
84
5
28
1
2
11
89
2
6
18
5
9
10
1
1
16
5
15
48
18
1
2
3
2
1
1
1
2
2
49
1
1
50
1
4
4
4
24
6
2
2
13
120
2
39
3
9
4
49
1
2
5
8
18
1
1
1
26
12
30
35
62
1
2
6
6
1
1
15
1
30
2
3
5
1
5
1
55
29
4
1
6
1
3
47
2
4
16
11
9
27
49
4
1
17
1
40
3
11
7
10
10
3
9
4
63
4
4
16
12
5
4
7
46
46
2
10
9
4
7
7
12
20
3
7
6
2
33
25
37
10
3
10
2
98
32
50
1
8
1
75
84
6
127
111
3
2
23
43
21
37
21
2
66
2
14
3
1
6
47
1
13
2
12
3
14
3
3
6
1
37
8
4
7
3
1
5
7
2
3
1
3
41
7
36
13
9
15
30
20
4
3
1
94
6
98
