1
46
5
1
9
8
16
2
1
15
2
1
4
2
1
2
1
1
25
3
1
2
1
3
1
6
17
2
9
2
10
3
27
3
5
1
2
8
4
3
4
2
3
14
17
45
1
39
5
4
15
1
4
12
31
1
16
8
39
7
6
1
4
3
11
1
5
1
1
13
126
4
5
1
3
3
2
3
3
5
3
31
9
1
3
3
10
1
5
2
3
1
2
1
1
4
1
10
1
17
2
3
14
6
8
4
2
49
4
35
10
1
5
3
10
21
3
2
1
2
10
5
1
63
1
7
4
5
3
10
2
2
1
57
32
1
3
1
15
8
15
2
11
15
10
2
7
6
1
2
27
2
1
31
1
5
7
5
1
13
2
5
24
42
14
10
3
3
1
1
3
4
3
3
1
8
4
5
5
6
3
10
1
4
4
1
2
4
47
1
15
14
1
2
16
1
9
21
5
1
3
1
21
2
2
4
20
1
4
13
13
16
38
3
4
2
2
5
7
5
3
2
10
88
30
7
47
16
11
4
4
24
8
1
3
6
3
4
1
5
5
41
5
8
3
1
8
10
4
3
3
3
2
5
6
7
5
1
2
7
1
5
2
1
7
10
4
12
31
12
1
10
6
2
25
2
5
1
11
2
1
3
1
2
7
9
1
1
3
14
1
22
1
1
1
1
17
11
15
4
13
1
2
1
4
9
24
25
59
11
2
1
1
19
1
1
16
2
1
4
7
24
5
5
2
9
9
3
2
4
2
3
2
30
3
1
10
31
1
1
9
2
3
2
23
3
6
1
1
1
5
1
3
2
2
2
2
2
1
1
1
1
3
7
1
1
1
6
7
1
2
14
18
3
2
3
1
5
8
5
4
1
1
1
1
11
31
3
10
1
3
3
2
7
2
32
2
1
31
1
3
12
9
13
1
4
4
23
10
29
12
13
12
1
5
29
9
1
2
6
2
8
5
1
4
12
1
2
10
16
3
7
5
1
1
30
10
2
5
15
1
11
6
1
2
2
1
2
2
6
2
1
8
13
10
1
1
1
21
1
1
1
1
15
3
9
16
2
24
12
31
7
8
1
15
40
4
9
2
4
5
7
10
2
39
2
12
38
7
3
9
4
12
1
2
14
8
1
11
6
1
5
2
1
24
20
13
1
1
3
5
1
13
2
5
21
1
9
2
10
9
4
2
14
1
10
1
1
6
17
1
1
2
7
1
2
11
2
12
9
17
12
2
37
5
9
10
8
2
6
1
27
11
14
1
1
6
23
2
4
29
1
1
1
3
1
4
27
7
6
1
2
17
1
3
12
13
39
6
21
1
3
45
3
4
1
10
30
5
1
4
9
6
16
8
1
34
9
1
17
1
5
19
6
2
2
6
7
20
6
14
2
1
6
25
1
8
1
4
41
1
2
2
6
1
2
3
11
3
2
24
17
1
2
4
4
6
8
22
2
1
6
2
1
2
2
9
15
14
4
7
10
3
15
2
44
1
2
40
29
3
2
1
4
14
4
8
1
1
3
1
12
1
1
1
2
4
5
5
2
2
4
1
5
3
6
1
1
1
2
15
18
6
2
37
2
2
8
3
5
35
1
6
33
14
1
5
9
4
8
2
2
3
4
6
3
2
24
7
4
3
12
10
3
3
3
1
2
4
1
1
5
1
9
8
8
3
2
27
6
11
5
29
4
2
14
3
1
5
12
1
4
1
3
1
1
1
8
2
16
2
2
1
5
8
10
1
5
10
32
6
1
5
1
1
1
2
2
2
33
12
7
41
6
22
2
3
1
53
10
4
54
1
9
16
7
2
3
14
1
8
4
23
14
4
1
1
2
7
15
16
1
2
5
17
3
7
6
14
1
1
19
1
55
64
3
21
42
18
4
1
3
3
4
17
3
1
5
33
3
1
3
28
1
3
9
4
1
4
60
4
2
1
11
6
7
6
16
6
1
12
1
4
6
1
2
1
23
1
2
4
1
7
2
8
39
19
4
38
1
2
6
16
14
1
1
1
1
4
6
4
3
2
99
3
3
1
1
49
1
2
24
55
1
14
4
2
1
34
7
2
6
11
2
1
3
11
7
8
1
6
12
2
2
2
3
5
5
2
1
42
1
1
1
32
1
2
5
25
10
4
45
16
14
12
1
1
1
1
8
1
15
1
2
1
8
4
2
12
7
1
4
8
1
1
6
9
1
2
1
1
3
2
28
9
1
14
2
3
3
2
49
2
30
1
21
2
83
10
1
1
15
3
2
21
1
1
1
14
3
15
5
28
14
4
13
3
5
3
1
6
2
3
2
1
5
3
20
18
7
2
2
3
1
1
2
2
1
1
18
3
1
1
2
1
11
4
13
3
1
3
5
1
8
1
1
2
2
11
19
7
6
1
3
1
2
24
1
2
2
3
32
2
13
7
3
3
1
6
28
11
44
27
2
8
5
12
15
15
12
18
3
7
41
3
1
3
22
2
1
17
4
12
1
1
27
1
4
2
2
2
6
13
1
3
7
3
2
1
2
3
3
7
1
3
4
1
3
1
12
5
1
8
56
16
3
1
2
69
3
21
1
7
1
1
1
35
1
17
2
2
1
44
7
26
1
6
2
8
3
3
6
1
1
1
13
24
28
1
6
3
1
3
6
1
2
2
9
1
1
6
1
16
2
4
10
20
7
8
12
1
4
11
29
5
1
13
1
2
5
1
6
3
26
2
1
1
2
4
2
13
2
2
3
1
7
3
7
3
52
5
2
1
4
2
1
5
42
2
1
4
7
3
10
4
107
7
2
1
2
5
4
1
1
1
26
8
1
6
10
10
20
41
3
28
9
2
15
70
11
2
1
17
4
2
1
1
1
19
1
8
1
15
3
4
2
49
1
1
2
1
1
27
1
2
4
10
19
8
3
1
12
1
10
8
46
1
2
11
14
1
1
1
29
20
1
1
18
3
3
1
2
8
1
2
10
5
1
4
2
3
4
1
2
27
2
1
3
5
3
2
1
4
37
25
2
3
4
2
5
1
11
2
31
10
1
2
1
3
4
3
18
7
2
14
1
5
1
1
2
1
10
4
7
24
4
23
6
7
24
6
5
10
2
7
1
4
25
17
1
1
1
6
2
1
20
2
2
15
15
2
2
1
1
21
1
3
1
11
1
10
3
3
1
1
1
8
2
42
4
14
1
10
6
13
2
2
2
18
1
16
2
8
26
1
15
23
2
11
3
10
1
3
3
1
35
32
7
3
11
2
6
38
1
8
1
4
1
9
26
15
4
4
2
1
6
3
4
1
6
16
11
4
1
3
3
2
14
2
10
3
6
5
4
6
7
10
3
15
2
4
4
6
1
23
10
15
3
6
7
2
7
2
47
3
1
2
19
6
1
1
2
20
6
29
1
1
2
5
9
18
3
16
10
1
1
6
1
2
1
17
3
3
27
2
17
18
5
20
1
1
4
30
2
3
19
1
1
4
1
3
9
2
5
7
1
34
3
1
21
10
1
1
24
6
3
3
3
2
1
134
2
7
4
3
1
3
4
10
1
2
30
3
36
1
2
13
23
3
1
1
2
9
7
1
2
5
34
17
8
8
4
3
6
2
7
1
2
21
3
3
1
2
2
3
2
1
1
1
1
5
16
1
2
12
2
2
2
1
1
6
4
5
3
7
5
1
3
8
1
2
20
56
1
2
1
1
7
3
1
4
10
6
10
2
7
1
4
4
9
2
4
1
24
2
13
1
9
3
16
2
1
1
4
3
2
12
8
22
1
2
27
2
16
5
1
2
3
1
41
10
1
6
6
2
8
16
1
6
5
1
5
1
9
16
3
2
1
13
2
17
1
4
4
4
3
3
9
2
1
2
6
4
1
20
12
1
3
2
4
3
21
5
1
1
21
2
2
5
14
2
5
5
4
2
5
1
1
18
1
6
40
11
3
1
1
14
5
10
22
1
9
12
1
1
7
28
25
1
9
3
2
2
4
4
5
1
3
1
1
2
1
5
1
3
1
1
12
1
9
2
11
10
3
5
5
6
4
2
2
2
1
1
4
1
20
40
2
2
1
3
1
3
1
5
1
3
1
8
24
5
1
1
1
42
25
5
12
3
4
1
13
1
54
2
13
4
27
1
12
4
13
10
4
2
2
1
1
24
1
2
2
1
2
11
2
39
6
4
1
8
1
2
23
67
2
40
1
6
12
1
6
26
1
1
1
6
1
11
7
26
11
7
1
1
4
4
3
1
20
5
13
26
2
4
20
1
1
1
16
4
3
18
4
10
32
1
34
1
1
1
18
2
2
1
5
1
7
28
9
2
31
12
2
3
35
12
2
10
2
2
2
1
6
1
18
1
2
23
7
19
2
2
2
5
1
3
21
2
4
2
2
1
5
13
5
1
3
1
36
2
1
1
1
7
1
1
4
5
1
32
34
1
3
3
1
14
2
4
1
3
1
4
36
3
5
2
5
21
4
19
1
2
1
10
3
1
1
3
12
27
1
55
17
7
8
2
6
8
20
3
57
3
9
1
1
9
1
8
3
5
4
2
6
18
1
2
1
6
1
17
9
3
2
9
9
11
2
2
24
3
7
1
23
37
1
41
1
1
3
1
21
7
3
1
3
4
5
4
10
2
15
2
2
10
13
36
61
1
2
2
4
2
4
10
12
1
3
5
2
1
5
3
1
33
3
1
1
7
2
7
6
28
2
3
20
2
3
3
2
15
2
1
1
2
66
2
1
1
2
1
3
14
2
8
31
8
16
8
2
8
2
5
2
1
17
9
19
4
30
3
1
3
28
5
1
3
126
6
2
3
1
4
4
1
2
1
3
1
2
4
9
2
1
1
1
5
26
6
7
10
1
37
4
1
1
7
4
1
1
2
1
3
5
1
1
1
2
1
2
2
21
29
1
1
8
24
8
1
6
1
1
17
10
4
2
12
1
8
2
1
2
1
3
44
2
1
17
43
4
41
1
10
2
1
6
1
2
2
2
6
1
29
1
3
4
8
3
9
4
2
2
5
2
2
1
6
19
28
1
4
2
5
1
1
13
1
1
1
7
1
2
2
28
2
25
4
4
3
1
1
3
45
3
9
27
1
2
6
5
3
1
1
1
23
2
3
4
49
3
4
2
2
1
4
2
27
1
2
3
15
2
8
5
2
2
1
9
1
3
2
35
7
12
15
10
1
2
3
3
1
2
3
3
7
21
22
2
2
8
1
1
2
1
16
2
2
1
4
7
1
7
1
1
1
4
12
4
8
3
27
4
1
2
5
5
4
5
14
9
7
1
1
1
1
13
5
59
4
6
3
14
2
1
2
10
14
2
20
1
3
22
1
2
7
1
6
16
4
3
10
4
61
1
4
1
1
1
1
3
19
1
8
4
1
16
13
2
3
1
2
2
4
7
1
1
4
7
56
2
7
5
1
2
2
2
21
1
10
1
6
5
4
11
10
5
1
7
6
6
3
5
1
14
2
6
1
52
1
1
4
3
1
1
18
1
25
4
32
1
1
1
3
12
6
4
1
13
1
5
19
1
1
6
4
2
19
4
2
1
12
4
2
36
3
6
1
1
18
3
3
3
3
1
73
2
26
2
3
5
4
1
2
59
3
21
5
11
4
25
4
2
1
1
24
3
14
4
10
64
14
1
3
4
7
9
35
2
6
3
6
3
1
17
4
3
1
2
10
1
6
28
18
2
3
1
2
3
4
3
2
1
4
2
2
4
59
25
8
1
6
2
2
3
3
2
12
1
21
2
1
7
6
5
1
9
8
1
4
16
2
38
2
6
9
2
14
1
22
38
33
2
7
4
18
3
3
5
3
2
1
13
27
5
12
2
3
2
1
1
1
2
1
7
9
1
2
1
1
22
1
4
1
110
14
2
17
5
3
4
6
5
6
3
1
1
1
2
1
6
1
4
32
2
30
1
2
12
7
4
4
2
8
1
9
2
1
4
2
1
1
66
1
38
4
27
9
13
2
6
2
2
2
1
5
3
1
30
4
2
4
10
4
3
4
1
1
4
1
1
1
3
4
1
3
8
7
6
40
2
1
20
3
34
25
7
1
21
1
10
4
6
8
1
33
1
2
1
1
4
70
1
3
2
3
29
4
2
12
14
1
2
1
2
2
17
6
5
21
3
2
17
12
3
8
34
1
12
3
64
2
1
4
1
18
2
2
2
2
10
6
3
4
1
1
7
13
11
1
5
1
12
5
12
9
3
3
2
4
2
12
4
1
10
7
2
5
3
1
1
3
1
2
2
14
9
6
1
56
10
1
38
4
1
3
1
3
3
2
5
7
2
1
3
2
11
1
11
2
7
2
12
1
10
1
2
2
1
9
1
12
4
2
2
1
1
1
20
1
7
2
3
7
1
2
2
39
2
3
1
23
1
1
4
2
2
4
2
8
1
4
4
19
10
3
1
2
10
2
29
24
4
1
2
3
1
2
1
2
3
1
1
13
1
1
1
4
23
5
4
129
4
1
27
6
39
2
2
12
8
5
53
5
7
8
1
26
54
1
5
26
1
1
2
2
4
14
1
7
2
1
1
3
36
4
11
2
1
7
28
1
11
3
1
10
52
1
3
4
1
1
6
2
1
3
1
1
4
2
4
1
19
1
2
7
2
1
4
10
9
1
2
1
2
1
41
1
6
3
6
5
7
1
3
1
1
1
2
1
18
23
53
11
10
2
10
17
2
3
1
2
9
1
2
6
32
19
1
1
1
2
5
2
20
2
1
3
2
19
6
1
5
1
1
21
1
1
1
5
3
1
7
4
3
38
52
2
32
9
4
8
7
16
2
2
4
1
1
9
2
2
1
2
1
1
6
6
6
20
1
8
19
5
2
1
8
2
2
7
1
1
10
13
2
10
2
6
3
20
8
1
2
1
9
3
2
1
5
6
9
2
1
2
5
1
12
2
2
4
8
5
2
1
4
2
7
21
4
5
3
6
4
23
1
3
4
1
5
6
5
1
12
2
3
2
10
2
1
4
98
7
1
13
7
5
9
17
3
1
2
2
2
2
28
31
1
1
1
24
1
1
4
6
1
12
5
7
17
9
20
1
7
3
9
5
1
1
117
4
4
1
1
7
3
3
1
3
2
4
11
1
16
7
2
3
6
5
11
5
14
3
6
2
2
12
1
13
4
32
2
1
5
1
1
2
2
1
5
1
8
1
5
1
34
19
2
2
1
3
3
1
4
7
3
2
24
10
5
1
3
7
4
8
1
2
1
2
3
1
1
3
1
4
4
38
4
11
12
2
14
18
1
3
5
13
1
2
15
1
1
1
19
6
15
1
46
2
4
2
11
5
2
10
2
7
10
1
2
14
2
8
4
1
23
1
3
2
1
3
1
9
2
108
23
2
2
1
13
2
19
2
2
31
1
2
2
1
3
1
4
9
1
9
5
1
8
1
1
1
2
12
39
2
55
4
12
4
5
3
1
1
2
2
67
17
6
3
8
20
7
6
8
5
19
15
4
4
2
1
1
1
3
5
21
24
5
15
28
1
2
7
1
2
1
7
1
1
2
2
1
2
10
1
1
7
3
6
3
42
10
1
5
4
11
2
1
1
8
2
14
36
3
4
10
2
3
11
14
9
2
7
1
1
1
1
6
7
2
3
9
3
30
13
9
6
5
4
2
1
5
2
14
25
2
15
3
4
2
1
1
1
1
2
1
27
2
1
1
4
8
1
1
2
2
14
3
2
1
1
6
9
7
1
2
1
2
2
4
35
2
1
2
1
1
8
11
1
2
12
1
1
3
9
3
4
1
5
3
1
45
2
102
2
4
40
10
1
5
3
4
6
4
1
9
63
13
3
9
7
3
2
1
2
3
1
1
8
1
2
3
3
1
3
1
11
9
9
8
1
1
1
14
2
5
1
9
11
4
3
