7
3
2
2
4
1
3
1
1
1
13
1
8
1
2
6
1
3
2
1
3
12
3
3
2
1
1
5
3
3
4
1
2
1
3
6
3
3
2
4
13
4
1
3
4
5
2
4
1
4
2
1
4
2
2
3
1
1
4
1
7
2
7
1
2
2
5
1
8
2
2
3
1
3
18
2
1
8
3
1
3
2
1
2
2
1
3
7
4
1
1
2
1
2
1
1
1
1
3
3
1
3
1
3
4
1
4
4
13
1
2
1
4
1
10
2
3
24
1
9
6
7
2
1
1
1
1
2
10
3
6
3
1
14
7
1
8
3
4
2
1
1
1
5
17
2
5
1
4
1
2
1
1
6
1
1
6
2
1
3
2
6
1
3
1
23
12
2
2
3
1
2
5
2
1
1
1
4
7
7
1
1
1
1
2
2
3
5
3
1
2
3
1
2
2
1
7
2
1
1
1
3
5
3
2
1
3
23
1
2
7
7
5
2
4
2
1
2
3
1
5
1
1
1
2
7
4
4
3
1
1
2
1
1
3
1
1
1
1
7
3
4
1
15
12
1
3
1
1
1
2
17
2
3
6
2
9
3
1
5
1
4
3
1
12
16
1
8
1
1
13
4
6
3
5
4
1
1
2
2
2
8
2
5
2
6
1
1
4
1
2
1
10
3
1
5
1
6
2
1
4
3
1
5
1
1
1
2
1
6
2
5
3
3
1
2
1
3
1
1
2
1
1
1
9
1
1
6
3
6
1
3
4
8
4
8
1
2
1
4
2
1
2
2
1
4
14
1
3
2
2
6
16
4
8
2
2
1
9
2
2
2
1
1
1
2
2
4
6
4
1
1
3
3
1
7
11
2
13
2
4
2
1
2
1
3
4
1
1
3
4
2
2
4
6
1
1
2
1
2
4
2
1
1
17
1
1
2
2
29
2
3
10
1
2
3
2
4
2
3
7
2
8
6
2
5
1
1
2
14
1
1
1
3
2
2
3
1
2
1
1
2
2
13
3
1
1
1
1
1
1
2
1
1
3
3
8
7
1
1
2
2
18
4
5
2
2
1
1
1
1
1
5
1
6
2
2
1
2
25
1
1
1
2
1
2
3
2
4
3
2
1
1
1
1
2
7
1
1
1
1
1
6
4
1
1
3
4
2
12
3
8
4
1
2
7
2
2
8
6
3
1
1
2
2
2
12
21
2
2
2
2
1
4
1
5
1
2
5
3
1
2
1
2
3
1
1
2
1
1
2
1
9
4
2
2
1
2
2
2
1
3
10
1
3
1
2
1
1
2
1
2
7
2
4
22
3
1
2
4
1
28
2
4
1
5
1
3
2
1
2
2
2
1
4
3
6
14
11
2
2
4
13
3
1
1
4
2
1
1
3
1
3
1
2
2
3
3
1
7
3
8
23
1
1
3
1
1
2
4
10
3
5
4
3
1
9
3
2
1
1
3
2
4
1
1
1
1
4
1
3
12
5
2
1
2
2
1
3
3
1
3
1
8
1
24
1
8
12
2
3
1
9
1
2
7
3
1
1
1
1
1
3
1
5
8
2
1
1
2
1
1
1
17
1
1
1
2
1
1
1
1
1
1
3
2
20
1
5
1
2
1
4
9
2
8
1
2
5
2
4
1
1
18
1
3
4
1
2
2
3
1
1
2
1
2
1
2
4
17
1
2
1
3
2
7
1
5
1
1
3
1
1
1
2
1
1
1
1
1
7
13
4
6
1
21
2
17
3
2
1
2
1
1
2
1
2
1
1
2
2
3
9
2
1
2
2
13
8
1
2
1
8
1
1
12
3
2
2
13
13
6
1
5
2
4
6
15
9
3
3
12
1
5
2
1
6
3
2
4
5
1
3
1
1
1
2
1
2
3
1
5
3
2
2
2
1
1
4
4
2
5
2
11
1
1
10
2
3
1
1
1
1
1
2
3
1
2
2
2
2
2
3
1
1
2
1
6
3
8
2
1
1
1
2
3
2
1
2
2
4
2
2
1
2
6
9
24
1
4
1
4
7
1
10
1
2
1
2
1
2
1
5
1
1
1
1
2
2
2
7
9
1
3
1
2
1
1
5
2
1
8
1
1
1
1
3
4
1
1
2
6
2
16
3
16
9
2
2
1
1
9
2
1
9
3
6
3
3
1
3
2
1
3
2
4
1
5
1
1
1
6
1
3
2
5
16
10
5
1
1
5
1
1
2
9
1
2
3
1
1
4
4
2
3
3
6
11
1
6
2
4
2
1
2
4
3
18
1
7
2
2
3
1
