3
2
22
6
2
7
6
3
1
1
4
2
3
2
2
3
1
7
12
7
52
3
2
17
1
1
3
16
2
2
3
1
9
5
16
3
2
2
6
13
2
19
2
51
1
18
15
4
1
1
2
4
12
12
2
1
94
1
1
1
1
5
5
14
20
4
1
6
1
2
47
18
9
1
14
1
4
13
1
1
28
3
5
3
74
19
14
22
3
47
2
3
1
6
15
5
6
7
2
13
1
75
9
62
3
12
6
3
5
8
5
29
1
29
1
7
1
1
27
37
2
1
5
3
2
34
3
1
3
5
16
1
11
2
2
1
6
37
24
8
10
1
10
20
2
4
3
36
7
48
16
16
2
1
2
13
2
5
7
3
3
1
1
7
1
2
58
5
1
52
1
5
1
76
6
11
11
4
1
3
1
2
1
44
2
13
1
5
67
6
7
21
8
6
1
8
2
19
1
4
2
4
2
1
1
1
2
2
22
4
2
3
8
2
7
14
2
2
8
4
1
2
26
6
6
1
1
2
3
2
7
1
3
1
2
4
3
9
4
2
1
35
1
62
7
9
6
4
1
1
2
2
11
12
28
1
4
8
1
18
2
2
7
14
16
3
1
74
3
1
76
2
67
10
24
28
3
6
4
6
13
14
4
5
8
5
49
3
9
1
1
28
1
30
1
6
6
23
3
10
2
1
13
2
2
2
1
1
1
13
48
15
8
3
8
45
33
2
5
7
1
2
2
10
11
4
9
20
6
4
4
6
2
1
3
5
5
3
4
10
3
18
3
2
6
1
2
1
1
2
3
1
2
32
13
2
7
51
3
2
38
14
2
16
5
4
1
1
49
7
3
1
1
23
60
81
14
21
2
4
7
3
4
6
3
1
86
6
2
32
3
34
3
6
1
8
25
18
4
2
17
6
34
18
49
113
3
1
2
3
3
4
1
13
10
1
1
1
9
2
4
1
8
20
5
48
5
3
19
77
2
2
25
44
1
40
1
1
2
1
29
15
3
17
1
6
19
1
4
2
2
11
2
1
3
9
11
6
3
3
13
50
1
40
9
1
6
1
31
2
6
1
12
1
3
6
16
13
5
10
8
11
50
1
2
6
18
2
3
6
1
1
1
1
3
1
65
1
26
51
33
1
1
4
24
15
45
3
3
2
1
8
56
1
41
1
12
15
5
1
3
42
7
32
26
23
14
18
3
1
12
1
6
2
9
14
2
1
2
3
2
6
3
2
1
1
21
1
3
10
11
3
2
3
1
1
8
11
8
1
2
2
5
3
14
1
2
7
7
4
1
2
57
1
22
19
40
5
14
19
10
21
6
3
5
4
9
1
12
2
62
3
73
17
4
2
17
4
25
8
66
21
12
5
3
1
10
4
7
5
1
1
2
1
1
2
1
1
9
80
7
2
80
6
6
1
1
1
1
2
2
9
2
4
20
18
43
1
21
1
5
11
3
14
3
2
1
30
4
30
3
1
1
4
3
1
9
3
2
2
1
3
22
13
6
2
6
15
4
1
4
1
7
6
1
3
2
2
61
1
1
45
80
1
1
18
11
1
1
1
2
1
1
3
1
4
2
11
4
17
24
3
3
1
19
14
5
27
1
7
16
95
1
15
3
1
5
4
2
4
1
1
2
1
1
28
2
1
3
34
20
24
13
9
1
1
34
2
4
1
2
19
2
27
1
32
13
2
2
2
5
11
5
7
5
1
12
5
5
6
32
47
1
7
1
3
1
4
1
45
19
4
17
2
36
3
3
1
1
24
1
1
4
95
1
1
14
39
25
1
56
3
6
23
1
2
1
27
50
1
1
30
13
13
7
1
8
3
10
1
7
11
4
9
1
5
3
18
1
7
1
4
2
3
7
13
28
72
22
97
14
3
3
1
12
16
12
2
2
2
5
2
4
18
35
3
61
1
21
6
15
41
2
19
1
2
11
9
1
5
16
4
20
7
22
6
2
11
29
17
6
21
1
11
1
22
5
37
3
42
1
2
1
1
1
4
3
7
19
2
7
6
43
2
2
2
12
3
1
25
3
3
41
1
2
2
2
4
27
10
33
1
3
1
1
3
3
2
6
5
2
2
1
19
2
13
5
1
1
1
6
19
5
16
6
10
3
7
6
18
1
23
9
6
12
43
2
3
1
2
39
4
2
1
2
22
26
18
3
1
15
4
39
18
2
2
4
19
3
16
2
26
5
2
9
4
2
5
29
1
2
3
18
3
1
2
29
1
8
4
12
7
3
45
19
1
8
4
2
5
2
20
18
20
2
1
21
7
18
39
5
4
61
6
2
1
1
5
5
1
1
3
9
2
10
2
2
19
8
5
65
2
2
9
1
8
7
3
18
82
48
40
6
39
5
9
22
6
1
7
1
1
8
1
1
76
24
8
48
1
4
6
7
74
5
16
18
36
2
2
57
10
5
4
12
3
26
6
13
7
12
34
16
2
3
3
2
3
5
3
2
7
5
1
9
14
57
3
4
4
5
1
3
5
1
15
2
7
3
5
4
3
1
1
5
2
1
3
12
8
1
1
5
3
17
2
1
1
11
14
3
10
1
3
8
34
2
1
1
13
3
16
5
67
1
11
27
6
4
3
13
1
2
1
3
4
12
8
2
2
6
2
6
2
9
2
94
13
1
43
3
71
4
17
21
1
7
32
38
2
33
22
26
5
15
73
20
1
10
1
4
5
23
35
20
8
3
2
57
12
39
67
3
1
68
6
27
4
16
1
3
20
6
3
13
2
8
5
5
39
6
17
3
33
7
11
2
1
14
5
5
3
19
3
1
1
38
1
1
1
9
2
15
3
1
1
47
2
80
4
14
5
1
42
6
1
22
8
2
38
9
1
3
29
2
1
5
6
10
2
2
1
14
2
1
8
1
84
3
3
8
2
4
79
1
4
57
5
23
5
7
3
2
3
10
9
32
8
2
3
1
1
9
25
28
2
21
50
54
19
1
1
1
5
35
2
6
4
17
10
4
14
11
2
9
1
3
44
3
16
1
63
1
8
30
1
45
3
1
62
5
3
3
1
16
2
39
14
22
14
1
36
7
6
17
1
3
8
8
4
2
2
3
3
2
6
10
10
2
3
1
11
13
2
68
2
9
3
2
8
1
5
1
6
2
7
6
2
3
37
1
1
15
2
1
1
17
6
2
8
15
5
2
10
3
30
20
11
3
2
10
5
1
1
2
2
1
16
1
1
3
21
1
3
2
2
2
7
19
10
5
1
93
2
23
3
33
1
1
7
3
6
5
1
10
19
4
8
2
1
3
2
4
3
1
12
76
18
3
6
1
1
4
13
19
6
1
2
3
35
1
22
8
1
13
30
35
7
12
32
24
1
4
16
7
2
1
38
2
2
1
4
4
26
7
2
2
1
2
4
2
6
9
3
1
4
58
6
67
24
7
2
21
33
12
32
4
18
8
6
6
2
2
4
39
1
17
1
54
1
6
1
5
14
6
8
1
24
5
70
48
5
3
3
5
1
2
4
1
4
1
4
7
2
9
2
3
2
37
7
15
6
3
2
12
5
4
2
24
8
1
4
5
31
14
2
5
3
3
41
2
1
1
100
3
3
9
1
1
6
6
1
4
9
10
32
1
1
18
2
9
2
5
3
1
50
6
1
23
1
2
19
18
24
1
1
5
15
18
2
2
18
1
2
1
4
15
3
20
3
14
1
8
2
1
4
30
27
3
3
4
7
1
2
26
93
3
63
3
4
11
16
4
3
24
3
14
1
6
3
9
2
2
14
16
3
2
3
4
27
2
10
1
2
6
31
5
6
21
3
1
5
2
11
6
1
15
2
1
27
5
2
7
1
7
1
9
33
17
4
1
2
10
43
4
4
1
44
5
75
4
13
1
2
6
1
2
23
13
6
3
9
2
48
14
1
7
1
2
2
2
82
4
54
12
2
4
6
3
9
1
22
3
1
1
16
2
5
2
6
4
1
2
1
2
30
2
5
26
98
3
14
1
1
28
13
3
1
39
82
2
2
5
1
2
5
3
17
1
4
6
14
11
23
3
1
5
2
2
1
28
7
2
16
7
1
2
1
2
64
1
28
4
7
60
2
46
3
1
1
10
3
3
4
5
10
25
13
1
8
9
8
29
7
20
3
24
10
1
4
2
12
10
1
9
3
3
22
3
1
5
2
53
18
1
2
16
2
76
1
6
10
1
7
27
11
17
13
13
49
24
4
2
6
21
10
85
28
1
2
2
2
1
1
5
1
3
1
4
48
2
1
2
32
1
8
38
1
2
2
1
7
11
20
2
4
4
5
2
5
2
3
2
1
1
25
2
1
2
2
2
6
10
7
7
4
2
3
1
6
5
16
2
29
31
30
2
5
2
2
11
8
2
2
1
2
22
5
12
8
2
60
1
2
7
1
1
1
4
21
37
1
9
16
2
2
2
2
3
1
1
2
2
2
19
1
3
4
1
1
2
1
2
4
1
3
46
30
2
31
1
35
19
1
4
1
14
5
3
1
2
7
3
11
3
28
5
28
15
12
2
3
8
55
22
3
2
1
8
1
1
26
11
4
2
3
23
1
1
17
1
1
36
3
14
2
1
3
2
19
5
26
17
1
5
7
1
70
62
1
3
66
2
1
12
20
20
18
1
49
1
8
2
4
19
4
7
2
18
1
28
1
35
13
13
35
38
4
2
5
1
3
17
16
1
12
18
1
1
8
41
2
1
3
1
1
3
4
10
16
42
10
1
3
3
6
2
5
23
7
25
5
2
5
7
4
37
1
20
3
4
1
8
6
3
10
23
3
4
48
15
2
2
4
1
3
1
5
34
16
3
1
2
7
5
15
1
69
47
10
1
90
7
4
1
5
44
13
2
2
1
1
1
2
3
8
2
87
57
88
19
1
1
3
1
3
16
3
4
9
3
11
1
1
1
1
1
17
76
4
12
2
19
2
4
23
5
11
3
53
7
10
1
19
13
6
10
19
1
55
18
9
1
1
16
32
3
2
47
1
12
33
5
1
4
6
3
1
7
4
6
25
1
7
8
2
2
3
55
11
4
5
2
46
5
2
2
2
8
3
4
15
30
22
7
2
28
6
34
11
3
1
6
1
16
1
1
18
3
4
1
38
9
2
2
1
9
79
3
20
97
14
81
4
24
4
1
5
14
31
2
55
6
1
2
1
2
4
4
3
1
38
4
4
1
1
8
7
2
10
54
38
5
5
2
10
2
11
1
2
20
1
1
5
1
2
5
1
6
1
5
1
18
1
6
17
8
5
43
1
6
2
22
3
4
13
14
11
53
7
8
25
3
86
54
4
97
12
4
14
1
76
2
13
15
13
1
6
20
4
1
13
1
4
18
4
2
2
1
4
1
29
8
16
2
2
1
9
1
1
1
23
2
5
10
10
1
16
1
4
5
18
12
9
15
9
26
4
8
5
1
2
1
7
5
13
70
12
12
4
2
2
2
2
21
7
5
1
2
1
5
5
2
12
2
2
5
1
18
13
4
2
10
2
1
61
6
1
37
16
1
5
3
1
1
13
5
1
8
1
1
70
1
4
1
2
1
1
4
1
1
10
13
11
14
4
2
22
2
22
4
18
14
5
3
1
3
8
22
5
11
3
1
2
1
22
87
2
33
20
1
7
2
1
44
9
14
7
3
3
11
7
1
1
15
1
12
22
7
35
5
7
1
2
5
3
1
2
4
3
1
1
16
2
2
1
16
4
7
67
6
4
11
8
12
6
3
8
66
33
45
3
1
11
5
16
2
30
7
3
3
1
1
4
2
10
18
9
15
2
9
34
