15
1
2
4
6
1
11
26
1
6
15
8
1
4
1
44
2
1
9
1
5
7
2
5
2
39
7
6
1
55
4
3
1
1
1
1
3
2
3
2
5
1
6
2
33
2
2
68
3
1
9
23
4
11
2
2
2
2
8
1
7
25
2
1
4
4
68
4
5
2
3
1
13
9
2
1
1
3
1
5
5
12
2
1
2
5
1
9
7
4
5
12
4
26
2
4
5
5
22
36
17
1
2
39
23
3
2
14
5
10
5
3
26
1
22
1
2
1
6
24
2
5
5
5
3
16
7
3
4
1
13
18
10
20
5
1
4
1
11
6
1
1
11
1
5
3
10
1
39
32
2
1
6
3
1
14
1
1
12
2
2
4
5
16
31
13
3
18
5
2
30
6
28
13
1
2
9
50
1
1
1
4
7
2
30
1
3
2
2
14
11
9
51
5
2
3
16
18
3
1
2
1
8
1
2
2
1
2
3
30
22
5
2
14
5
2
3
1
2
1
10
2
8
1
2
4
2
2
23
6
5
1
7
1
7
3
1
3
3
3
31
3
1
2
9
1
1
2
1
6
1
37
72
12
2
4
9
1
21
1
2
2
32
3
2
1
7
3
10
1
122
1
1
1
3
30
11
1
1
5
1
24
5
2
4
5
5
6
37
5
15
3
2
6
8
1
4
3
1
1
1
2
5
3
1
6
4
11
2
1
71
76
2
2
1
12
2
1
6
3
4
3
9
6
3
4
5
14
2
4
10
8
2
4
6
1
64
4
3
2
15
34
12
2
4
1
3
1
1
8
6
7
2
2
2
4
1
6
10
8
2
4
2
1
7
2
73
3
2
2
20
12
5
30
14
26
2
5
6
1
2
23
13
17
1
1
1
1
3
9
2
4
2
9
7
2
1
2
8
19
39
1
5
2
49
13
2
2
17
11
1
1
7
2
8
2
19
5
1
2
1
1
2
10
48
1
7
4
1
2
2
2
1
1
1
4
16
1
4
12
2
1
16
2
36
2
4
2
5
4
2
76
11
2
1
1
1
4
8
5
2
3
2
2
2
3
2
4
1
3
8
3
6
3
2
16
81
1
1
1
27
34
4
8
1
5
1
4
77
10
1
3
1
1
1
40
2
22
30
2
1
8
2
4
45
30
2
1
1
1
8
9
20
2
30
10
1
2
2
3
21
8
13
9
19
1
10
2
3
76
4
6
7
1
2
1
2
2
2
29
2
10
64
59
6
47
10
1
8
4
1
2
6
6
2
18
7
3
2
4
6
2
1
4
7
3
3
3
2
4
4
5
2
2
8
1
3
2
3
3
1
2
2
1
67
1
1
13
1
2
12
1
22
1
53
2
1
3
2
2
3
3
3
7
37
1
5
12
1
23
2
2
10
14
2
2
15
3
1
22
5
2
3
4
3
13
8
36
9
3
4
43
4
1
4
2
2
7
1
1
1
2
7
24
19
48
1
6
17
9
4
3
37
4
6
10
60
2
1
3
2
23
4
1
19
2
20
14
6
19
2
11
11
7
2
3
3
2
2
7
1
7
1
5
9
1
3
2
2
1
1
6
10
9
15
1
2
1
1
1
8
11
10
10
3
16
4
3
2
52
4
3
3
4
8
2
1
1
1
24
1
1
2
4
1
1
1
1
1
10
11
1
2
4
2
12
13
38
2
1
1
1
4
69
1
5
1
7
8
2
1
2
11
7
2
2
1
2
5
2
53
11
2
1
2
48
2
2
13
3
21
2
1
1
2
5
31
1
1
1
3
2
26
1
2
15
1
2
56
1
2
4
2
10
10
1
1
47
1
12
2
1
16
1
5
14
9
25
1
15
4
3
7
19
1
17
2
2
97
2
2
10
10
1
5
10
15
2
2
2
4
2
12
49
1
1
6
1
1
18
1
12
8
7
2
3
10
2
19
1
2
1
2
1
1
4
12
3
8
2
2
1
4
2
2
1
2
2
6
14
4
1
4
13
36
7
1
5
1
1
35
3
23
11
1
2
2
7
6
1
1
35
53
7
11
39
2
12
4
3
2
3
1
1
1
2
52
2
12
27
1
2
3
11
73
1
23
3
1
8
10
11
2
2
4
5
6
34
16
3
5
5
13
7
1
4
3
1
2
20
16
29
7
65
2
2
24
16
13
48
1
11
9
36
14
35
1
63
1
4
70
2
9
2
11
2
1
7
2
3
2
7
8
1
27
4
15
19
1
1
3
3
3
2
2
6
14
1
17
14
2
8
6
1
1
24
4
4
2
1
9
2
10
2
2
3
2
6
74
1
1
3
11
7
11
1
8
5
1
1
6
5
2
9
1
2
1
33
2
1
4
10
2
3
2
3
15
1
1
1
7
2
2
1
1
4
35
12
2
17
6
10
10
7
1
23
1
8
2
1
12
8
3
7
25
7
3
1
1
3
4
16
6
9
4
4
3
2
3
2
29
8
1
1
3
8
10
6
3
6
3
1
3
3
4
1
1
34
1
2
2
1
1
4
7
10
3
2
27
28
3
26
3
5
6
3
43
1
3
2
1
6
1
3
3
3
2
12
1
50
9
7
1
7
4
6
1
6
1
1
3
4
23
7
3
2
35
1
31
5
1
2
7
5
3
1
2
2
2
14
2
3
7
9
1
1
7
2
1
2
7
14
1
24
21
3
8
5
15
1
2
4
12
5
3
19
8
3
41
1
1
2
2
18
3
12
16
4
15
4
3
1
3
1
3
2
6
2
2
3
5
4
2
7
2
3
1
15
1
4
21
8
44
1
24
2
2
2
2
20
1
2
4
2
11
5
25
19
9
1
17
7
1
3
15
4
10
5
1
1
2
36
2
1
4
9
4
6
19
2
5
8
37
5
15
23
4
3
11
2
1
9
17
5
3
2
11
4
15
21
1
2
1
2
5
7
6
13
4
16
10
3
19
5
1
2
2
2
3
6
99
19
5
14
2
3
87
4
1
8
2
1
11
1
20
2
1
8
2
3
2
8
1
10
15
1
3
1
1
2
1
2
2
1
3
4
8
3
3
1
2
3
55
1
1
4
4
8
57
6
21
2
1
4
4
8
1
55
1
1
7
1
1
8
6
4
3
6
1
12
2
3
12
15
98
3
25
2
1
2
6
2
2
2
11
1
5
11
2
13
51
3
4
13
16
1
10
1
4
8
30
5
3
2
8
2
1
1
4
3
14
37
42
1
10
14
1
29
1
15
24
7
18
4
2
3
2
1
27
1
2
3
2
3
2
7
4
3
21
2
5
2
1
12
2
4
1
1
14
2
41
1
3
2
4
1
3
4
7
1
9
3
4
1
3
1
2
2
5
2
5
4
4
1
11
3
6
1
3
11
1
1
1
7
3
5
9
16
1
3
68
6
1
25
2
26
2
1
23
11
2
4
3
87
5
3
18
54
4
3
27
2
9
1
2
4
4
20
2
3
5
2
1
2
17
3
1
1
28
13
14
1
10
6
2
8
1
1
2
1
3
1
8
2
1
1
19
90
1
10
16
1
32
9
5
2
8
3
4
7
21
23
3
10
2
2
6
18
11
1
1
9
2
1
1
5
17
4
3
15
1
4
16
11
13
3
4
10
2
2
33
1
1
9
4
2
1
1
6
25
33
2
9
5
1
6
2
8
1
2
1
28
2
3
13
1
11
2
2
3
4
1
1
1
2
1
10
31
23
3
26
4
12
2
33
6
6
2
5
3
1
1
1
2
94
13
2
2
3
5
3
46
33
1
2
11
4
14
1
10
16
1
5
3
1
6
51
8
1
37
2
7
6
2
73
5
2
2
35
2
1
2
2
1
32
3
1
13
2
1
6
1
14
5
2
2
1
2
3
2
3
2
2
1
9
47
2
37
2
3
25
3
22
2
14
1
7
1
1
1
4
6
14
5
1
1
1
5
2
2
3
11
3
1
2
15
3
4
3
17
10
9
12
1
2
6
1
10
1
2
1
3
1
37
7
2
2
2
3
2
1
1
1
1
3
21
41
4
5
1
3
1
5
1
6
1
17
7
3
2
30
1
8
1
1
20
1
20
5
4
35
31
3
33
31
8
5
7
41
49
1
4
11
1
17
4
2
9
1
6
2
1
6
2
3
2
3
1
1
8
3
7
2
3
2
4
2
1
2
1
1
4
3
3
10
1
2
11
1
84
2
11
9
16
1
23
1
6
10
12
1
9
1
8
7
2
3
32
8
1
6
7
3
1
1
1
