6
7
1
3
4
1
6
2
6
5
4
2
2
1
2
2
2
3
2
5
3
1
12
1
2
1
2
2
1
2
8
2
3
4
1
1
1
1
3
2
8
20
3
4
12
2
8
11
1
3
13
1
1
12
5
20
1
2
5
1
14
4
1
3
1
1
2
5
7
11
2
5
1
1
6
1
5
1
2
1
1
2
2
2
8
3
13
2
3
5
1
7
2
1
1
1
2
1
11
2
5
9
2
1
2
6
3
4
4
1
5
2
2
6
2
19
3
1
2
13
3
1
2
3
1
1
1
4
6
3
2
1
6
7
3
1
2
2
3
1
2
2
2
3
2
1
1
2
2
5
1
2
8
1
2
1
1
2
1
2
2
4
16
2
4
8
1
22
7
2
1
1
2
2
1
2
2
3
1
2
1
10
2
4
1
1
1
2
1
1
4
2
9
4
1
2
1
1
9
8
6
5
1
26
1
12
4
2
4
3
12
2
12
5
8
3
2
2
4
10
2
2
2
5
2
1
5
2
1
4
1
3
4
6
1
2
1
1
1
1
5
2
4
11
3
1
1
13
4
1
17
2
3
1
1
6
1
3
1
5
10
9
3
2
9
21
6
16
3
6
3
1
4
3
1
1
4
6
2
2
1
2
5
1
1
1
1
1
3
1
10
1
1
7
4
1
3
2
12
2
16
1
8
2
3
1
3
1
1
7
1
3
1
1
1
1
2
3
1
24
3
10
12
1
3
1
23
8
4
2
1
1
6
1
1
3
4
2
1
11
6
1
3
2
6
1
24
1
8
2
1
1
7
5
7
1
2
6
6
14
2
1
1
1
1
16
2
1
3
4
4
16
2
5
4
4
6
2
1
5
1
2
2
4
1
1
1
6
1
1
1
10
1
5
1
5
3
1
1
1
2
3
3
1
2
2
5
4
3
1
2
1
2
1
4
9
1
8
5
1
2
1
3
2
1
1
4
2
2
2
4
3
4
10
1
5
3
1
2
2
1
6
7
3
1
3
2
2
9
5
3
6
9
2
1
2
24
7
2
3
1
2
1
3
1
1
1
1
7
1
3
1
3
4
15
1
1
31
2
2
8
1
6
1
2
2
1
4
8
10
5
1
2
1
1
1
23
1
1
1
4
2
10
2
1
2
6
1
2
2
1
2
5
2
1
1
2
2
2
4
16
1
2
3
4
2
2
10
2
17
32
3
4
3
5
4
1
1
1
1
1
4
1
3
2
2
19
2
2
10
6
2
1
1
2
1
1
9
1
1
1
1
2
4
2
2
1
1
16
1
8
5
6
1
22
3
1
2
1
5
1
7
4
2
12
4
24
8
1
4
7
1
3
13
8
2
9
7
2
1
2
2
2
3
1
2
2
2
2
3
2
7
1
1
1
2
2
12
1
1
1
1
3
4
2
5
1
6
5
21
1
9
2
3
1
29
2
9
4
1
9
1
3
1
4
1
1
2
1
1
1
1
1
1
5
3
2
2
2
1
9
5
1
2
2
11
2
1
1
1
3
1
2
6
11
1
2
1
3
2
1
1
1
3
3
2
2
15
7
2
2
13
2
6
2
3
7
1
3
4
2
8
2
4
1
2
3
2
6
2
15
2
12
3
1
1
9
2
1
2
1
3
1
1
3
6
2
7
11
11
2
1
11
4
3
2
13
1
1
2
6
1
1
2
3
3
1
1
1
2
1
1
11
2
4
3
1
1
3
4
3
1
6
2
2
6
2
2
12
2
8
1
15
4
18
6
1
5
1
2
1
3
7
4
7
2
3
5
5
5
3
1
8
8
1
2
5
3
1
39
2
2
1
5
2
33
2
1
2
7
1
6
2
1
1
3
1
1
2
1
1
2
2
23
2
2
6
3
1
3
1
9
1
3
1
2
4
10
2
13
3
