11
3
1
3
1
8
1
3
2
1
2
1
14
1
1
12
2
1
6
7
11
2
4
13
1
1
1
2
1
2
2
20
16
6
4
2
6
7
2
9
1
1
2
9
2
1
24
1
2
2
4
2
1
5
1
1
1
2
4
6
3
4
6
2
1
1
4
1
22
8
9
4
1
1
1
2
4
1
2
1
1
6
1
4
1
1
2
18
1
5
2
9
1
1
1
2
1
4
13
9
1
5
3
13
1
1
9
3
3
2
1
6
5
2
1
3
2
5
1
4
7
2
1
2
2
2
3
1
6
1
1
6
2
2
1
6
15
1
3
1
1
2
5
2
1
1
6
3
3
24
1
3
2
8
1
2
1
26
4
2
23
3
2
1
2
4
2
2
5
1
5
2
2
1
15
2
1
3
1
2
1
1
8
2
7
3
2
5
19
2
4
3
2
9
9
1
5
5
1
1
1
12
28
1
5
3
1
1
2
1
4
1
1
7
2
3
4
2
2
1
3
3
3
2
4
1
1
4
2
1
6
3
2
3
5
4
1
3
1
3
1
3
1
1
2
1
7
3
1
1
1
5
2
1
8
1
6
16
1
3
1
9
5
5
2
2
1
1
1
4
5
1
10
9
2
4
1
4
1
2
2
10
3
2
10
3
7
1
7
1
5
5
1
7
7
1
8
2
4
2
2
1
6
14
5
4
1
3
3
1
9
1
1
3
5
1
4
3
5
1
4
19
1
1
1
2
3
2
3
13
8
1
13
8
4
2
8
10
1
4
5
7
2
2
4
1
5
2
2
3
25
7
1
3
19
3
11
2
3
2
19
12
8
6
3
1
1
2
3
4
1
3
13
22
2
6
3
2
2
2
1
5
6
1
5
1
6
24
2
25
5
11
2
1
29
22
1
1
9
6
1
6
8
11
11
10
11
2
15
11
1
1
