3
1
8
1
1
1
4
7
7
1
25
2
6
1
2
1
6
19
1
1
1
3
7
2
1
1
7
3
7
2
1
1
5
11
2
3
3
5
15
8
2
13
7
11
35
5
1
5
4
18
1
2
1
1
1
1
3
8
5
5
12
8
1
1
10
7
35
5
32
34
14
1
2
2
3
14
17
3
1
18
1
1
1
3
10
2
8
8
37
6
1
2
2
19
12
4
84
3
1
4
8
3
8
2
10
28
14
8
9
4
4
2
33
2
35
13
26
1
22
6
3
1
4
6
19
1
7
2
111
10
11
24
4
5
4
1
46
5
1
3
2
3
6
9
4
1
2
14
3
2
4
9
16
4
3
1
10
2
3
3
4
1
1
1
1
3
3
4
1
4
1
1
2
3
5
2
1
4
6
1
3
1
4
1
8
8
1
5
27
1
3
1
4
8
2
2
6
18
1
22
5
11
4
36
6
2
6
1
1
2
5
4
3
1
2
1
8
1
14
10
1
5
7
6
1
1
2
4
4
8
1
3
7
6
2
1
2
2
2
1
4
3
1
18
2
2
1
1
15
3
13
1
1
1
6
4
4
9
2
3
1
1
2
12
2
4
14
4
2
3
4
2
3
10
1
23
1
1
1
2
1
3
1
13
2
2
2
4
45
5
13
4
2
2
2
4
14
11
1
2
1
9
3
2
22
5
10
8
38
3
47
6
4
4
1
24
6
4
1
2
2
1
42
1
13
4
20
4
5
2
3
1
16
13
8
4
2
2
8
1
3
4
1
1
4
2
14
2
38
1
4
9
13
72
3
9
2
2
5
54
1
32
1
2
2
2
2
20
1
2
2
3
2
8
1
1
9
16
3
8
3
1
1
3
1
3
2
4
20
14
9
4
5
1
4
16
13
6
2
44
2
2
10
31
9
3
3
9
19
2
8
3
5
2
9
10
4
4
30
4
2
2
24
6
5
16
3
3
11
1
1
29
3
1
10
1
4
7
6
18
2
1
3
1
46
1
1
3
14
1
1
1
2
6
1
3
17
6
3
16
1
14
14
1
16
5
4
5
12
1
20
1
12
1
2
2
15
2
6
1
62
39
2
31
7
4
5
1
6
8
2
31
2
1
36
3
1
1
5
11
1
3
1
2
6
2
13
1
2
47
1
1
52
13
2
4
2
7
3
2
11
4
4
26
1
4
2
4
3
1
1
2
124
2
1
5
1
7
32
2
14
3
2
1
32
1
4
4
8
11
2
2
2
13
1
1
3
3
2
1
1
19
4
49
1
3
1
4
4
1
9
1
1
7
9
1
2
2
1
1
4
1
44
7
1
8
2
4
17
4
2
1
5
1
3
2
25
1
1
3
2
15
8
4
5
1
8
2
3
25
7
2
6
1
4
33
1
8
7
4
2
2
1
1
5
2
8
2
1
1
50
5
5
1
1
1
2
12
1
8
6
4
2
1
7
1
2
2
1
4
14
2
2
8
3
1
1
12
15
3
9
3
2
10
14
16
22
2
1
6
2
3
1
3
2
42
6
2
8
2
18
2
2
8
6
9
7
1
4
1
1
2
1
2
19
2
43
3
5
11
1
3
8
3
8
3
1
2
8
1
2
1
1
1
1
3
27
1
2
3
1
1
1
2
7
4
4
1
2
1
2
5
2
1
7
1
1
1
10
1
2
5
10
1
15
1
1
2
1
3
14
7
3
2
2
7
2
1
14
5
4
1
2
3
3
1
36
2
36
20
1
1
2
5
4
19
1
2
1
6
2
3
2
3
4
7
4
1
6
2
15
3
51
22
4
1
4
9
7
2
1
14
1
4
2
9
7
4
16
10
5
3
2
4
2
3
2
6
1
10
15
71
13
2
2
5
3
1
1
2
4
2
4
7
14
1
18
1
2
8
1
2
3
4
1
4
2
14
7
46
24
2
1
1
1
1
4
1
12
1
3
1
19
16
1
2
1
2
2
1
7
46
4
2
4
1
2
3
9
19
1
2
1
4
3
9
11
4
5
3
20
4
4
7
6
2
35
2
3
4
1
3
1
2
41
2
4
1
1
2
1
1
1
1
24
1
2
1
6
19
2
2
2
29
18
5
4
1
1
22
1
2
1
1
2
1
6
2
13
2
1
1
6
7
4
2
2
3
1
1
8
2
11
16
6
5
2
3
1
1
2
3
3
2
4
5
5
12
6
20
5
6
1
1
2
3
6
3
31
14
13
3
1
2
16
1
1
17
2
2
1
33
1
1
1
1
1
24
49
3
1
12
2
18
2
1
1
1
12
4
10
3
11
1
2
14
3
7
8
5
4
1
31
3
2
3
4
10
1
1
2
1
1
1
2
1
14
3
11
3
1
25
2
4
1
2
35
5
2
1
2
2
1
1
2
11
4
14
1
1
1
2
4
39
3
3
2
9
8
15
2
2
16
1
1
2
1
2
18
7
1
2
2
3
6
2
44
16
2
17
39
12
2
3
2
1
4
8
2
7
4
1
1
1
6
4
2
6
6
6
2
2
3
13
1
3
7
16
9
2
5
2
5
39
8
13
3
4
3
2
2
1
65
9
3
2
1
3
4
19
4
5
8
5
26
2
7
2
3
7
26
6
2
3
1
3
3
3
11
7
3
8
3
21
3
7
4
7
1
7
1
4
2
1
21
2
1
83
3
4
2
4
4
1
9
1
23
1
7
2
2
88
1
1
6
3
1
1
4
6
2
2
1
32
2
2
14
2
1
1
5
9
4
1
14
1
3
3
10
1
3
3
1
2
6
18
2
1
1
3
1
6
13
3
8
1
1
2
2
2
1
1
4
17
1
2
6
1
8
3
5
2
2
3
2
2
2
1
1
13
3
20
3
1
8
18
45
6
1
1
8
11
2
17
25
32
4
17
3
1
1
1
1
2
6
2
2
24
2
1
17
2
5
1
1
3
2
1
8
15
2
5
2
4
2
1
23
3
23
7
2
7
1
4
3
7
6
1
2
1
4
7
1
12
2
1
3
4
1
1
1
1
21
1
10
4
6
9
1
1
24
1
6
19
1
1
1
1
2
3
3
2
3
10
2
10
1
6
1
16
4
1
3
3
1
1
10
7
4
17
2
2
3
1
1
13
10
2
1
4
4
1
2
10
1
18
3
11
8
6
15
6
1
2
1
1
1
12
69
1
2
3
2
1
1
8
3
1
2
3
1
3
5
7
43
1
1
2
9
1
2
2
4
4
59
3
6
13
2
6
1
5
8
18
3
14
2
2
2
1
2
4
11
7
1
2
6
32
1
2
9
11
2
1
2
17
4
4
3
1
4
2
4
3
2
1
3
42
5
2
7
1
4
2
1
2
2
2
1
3
3
7
4
2
16
4
3
1
2
30
2
1
2
3
13
1
16
35
1
7
4
1
18
3
1
3
19
14
5
6
1
5
4
3
1
1
2
14
2
1
4
5
1
17
4
5
1
10
2
6
2
2
11
1
2
42
3
20
3
1
6
1
1
6
6
2
96
6
3
3
5
3
1
8
7
3
7
1
11
33
2
12
5
1
20
1
1
2
3
9
5
4
2
2
5
6
8
1
1
2
2
2
1
18
1
1
3
25
1
3
12
2
1
1
2
2
30
55
1
6
1
46
1
9
5
19
2
1
1
2
3
1
1
1
2
2
14
2
3
5
1
6
2
6
6
4
1
50
1
3
6
2
2
1
4
1
2
79
7
11
1
20
2
5
4
1
1
4
5
1
4
2
3
1
1
7
14
4
9
2
6
1
2
3
9
11
10
6
4
8
19
3
1
21
5
8
6
2
2
1
2
4
3
5
2
1
19
2
1
1
3
27
3
49
12
1
5
3
8
38
4
1
8
2
1
2
4
1
6
1
12
1
1
3
8
1
2
2
5
1
1
4
3
5
1
1
2
19
4
8
23
2
1
17
4
1
7
9
4
10
7
2
7
2
30
3
14
2
2
4
21
1
2
1
3
1
2
1
3
1
2
1
2
6
5
2
62
11
5
14
1
6
13
3
1
14
1
5
1
8
3
4
1
9
3
24
2
5
3
2
2
4
4
15
2
3
2
2
1
3
2
8
1
39
1
5
1
18
5
3
30
1
1
2
15
1
1
1
2
43
15
2
9
4
3
1
2
2
5
5
7
7
2
3
2
6
1
12
18
14
8
92
9
25
4
1
9
8
1
18
13
5
11
2
11
5
3
2
2
26
1
1
39
1
1
1
1
7
1
5
3
12
21
6
2
1
5
1
2
6
1
1
7
17
15
2
19
1
1
6
5
7
4
4
2
1
3
2
29
1
17
2
1
5
1
7
2
8
2
5
37
1
1
13
1
6
8
5
10
2
1
3
48
1
1
7
2
40
3
1
5
2
15
1
1
2
3
15
40
2
27
6
16
1
1
1
3
27
3
5
1
1
4
1
1
3
2
3
2
5
7
4
10
7
3
4
17
21
2
2
2
1
3
1
6
11
3
12
4
4
4
1
4
2
2
1
1
20
4
6
3
12
5
2
27
1
15
3
3
2
2
21
1
9
1
24
2
2
2
1
1
8
1
1
16
6
46
5
12
4
4
2
21
10
12
2
1
3
6
2
1
11
5
21
10
2
4
10
7
1
1
16
16
3
1
2
3
8
4
7
1
3
6
4
3
1
9
7
14
1
3
13
3
5
2
1
1
3
3
1
1
2
11
2
1
34
4
3
1
6
2
2
2
4
11
4
1
2
1
1
8
13
1
57
1
1
25
3
11
4
1
1
2
1
3
88
6
36
15
1
9
4
2
12
4
4
3
6
1
21
4
2
5
18
1
13
1
10
1
11
35
10
8
1
1
6
2
2
15
3
3
14
57
1
4
2
16
9
4
7
1
1
2
2
16
4
1
27
1
7
2
10
2
9
9
3
30
1
13
15
1
10
1
5
6
2
7
2
4
6
2
3
1
13
1
1
3
1
5
17
1
4
48
12
1
2
1
6
6
9
1
2
1
20
10
1
19
5
2
2
2
2
2
1
2
1
2
2
3
36
1
1
6
8
2
10
7
1
2
2
7
1
1
2
41
3
2
2
4
16
5
1
1
38
2
30
3
3
5
1
15
2
1
8
5
1
41
1
