4
3
8
4
3
4
6
1
2
3
1
2
2
8
5
8
45
4
5
4
2
2
9
27
10
8
3
1
4
12
12
8
11
3
1
30
4
1
6
29
5
26
8
1
2
1
2
1
5
1
2
6
1
1
1
10
1
4
5
1
5
2
8
29
1
55
1
3
11
8
2
1
1
2
1
3
3
1
1
1
6
6
3
1
1
2
12
9
12
6
2
22
4
8
1
4
1
10
1
2
21
3
4
14
8
4
3
17
2
2
26
3
1
2
2
2
3
1
4
5
3
5
1
10
2
3
25
5
4
1
1
1
7
12
5
13
1
15
5
21
1
2
19
1
3
94
1
2
1
15
1
2
2
22
1
3
12
5
10
2
86
8
1
2
21
2
10
2
7
10
7
3
15
1
4
2
2
1
2
1
3
7
2
7
2
7
2
1
3
1
1
12
17
12
1
2
2
8
1
3
23
2
2
15
4
33
2
1
1
22
27
2
2
1
1
1
3
7
27
1
1
1
2
5
1
4
2
2
8
3
3
3
2
1
1
1
1
1
3
17
2
2
5
4
2
4
2
2
2
3
5
1
1
3
8
1
2
11
7
10
1
19
4
1
1
1
1
3
3
2
3
1
1
78
41
1
12
22
1
8
1
2
1
6
5
17
6
6
3
1
1
11
10
8
4
1
2
3
1
3
3
3
2
1
2
2
1
1
11
3
1
8
2
1
2
2
5
6
2
1
1
2
16
1
1
3
44
19
2
3
2
2
11
1
14
2
1
10
1
2
19
2
19
3
3
2
2
2
7
14
1
10
10
1
17
1
1
1
4
8
2
1
1
2
1
6
1
7
1
2
5
18
1
1
1
7
9
1
1
1
12
1
4
3
7
2
1
3
12
9
4
20
4
2
1
8
3
7
1
4
5
2
2
22
2
1
7
2
5
21
10
1
34
4
3
2
4
1
3
2
3
1
2
2
11
26
1
21
4
2
2
1
14
5
34
3
4
2
4
3
1
5
1
4
1
2
2
2
2
2
2
38
3
4
86
2
1
1
2
2
5
2
3
18
1
2
22
10
7
6
2
7
3
86
1
8
4
1
2
5
3
2
2
5
2
4
19
1
5
4
1
1
2
2
7
2
3
1
14
8
1
2
3
3
1
2
9
20
4
1
7
1
1
1
4
4
2
8
1
3
1
3
2
1
6
4
5
2
1
3
3
17
2
16
4
2
2
49
4
1
1
4
14
15
2
2
1
3
1
2
1
2
9
2
1
18
1
3
4
3
2
15
1
1
2
2
1
12
1
4
2
2
4
1
7
2
1
9
5
1
70
15
15
8
4
3
1
6
6
2
2
1
2
1
1
1
2
18
1
2
2
10
2
1
1
6
2
2
14
13
5
6
6
7
1
2
3
1
3
1
2
5
6
2
2
3
2
3
7
1
3
2
18
3
1
3
4
3
1
1
1
1
7
1
1
2
4
23
2
2
10
5
1
1
35
2
5
4
1
3
4
3
1
1
5
3
3
2
9
8
1
3
6
3
8
29
2
10
4
9
5
3
9
35
1
14
1
2
4
1
2
1
4
4
9
1
11
8
2
1
2
8
1
11
1
2
1
1
4
8
4
7
2
4
1
1
2
14
2
2
15
3
3
1
4
2
8
2
4
8
3
3
4
8
9
3
6
6
3
1
3
12
7
1
1
3
2
1
16
8
9
4
1
7
4
2
6
5
1
4
2
2
9
18
1
12
10
5
9
7
1
1
1
1
8
5
10
2
4
4
2
5
4
6
11
6
2
1
24
4
33
1
6
1
2
8
16
6
8
10
9
4
1
1
1
1
2
5
11
3
1
7
10
4
9
2
9
1
5
1
4
40
2
1
5
10
2
4
6
1
13
1
5
3
3
2
3
2
7
10
10
3
10
9
6
6
7
2
1
1
7
16
12
1
6
2
1
1
14
1
1
2
2
3
11
3
1
2
3
2
2
4
3
1
2
6
2
5
6
2
7
1
2
3
3
1
3
5
5
7
5
3
1
8
10
2
8
2
1
3
7
25
4
21
3
4
1
3
13
1
28
2
6
1
4
5
6
1
1
3
7
4
2
1
3
5
33
4
10
3
2
19
4
12
14
1
1
9
1
8
5
2
13
7
12
2
11
8
1
6
23
39
1
1
1
4
12
2
6
7
6
10
1
5
3
5
1
5
10
1
15
7
1
3
2
27
4
1
1
2
12
2
8
1
16
2
33
1
4
32
10
3
3
2
1
16
8
2
11
15
5
23
1
1
1
3
7
1
18
3
19
1
5
4
21
5
7
2
7
16
4
8
1
5
1
9
14
9
15
2
2
1
2
2
14
2
2
10
10
9
3
9
2
11
6
5
6
1
5
31
1
3
1
15
20
4
3
3
2
15
9
11
4
3
11
24
1
14
2
2
5
6
4
20
1
6
1
3
5
3
3
4
5
9
10
6
11
5
1
27
4
4
1
2
24
7
1
1
18
2
7
5
5
3
14
1
1
5
1
8
7
3
4
4
4
19
10
90
14
5
7
3
5
8
4
