3
2
1
4
20
1
2
4
1
1
2
4
1
1
1
2
1
4
1
1
4
11
9
3
7
2
1
1
7
1
2
2
1
1
4
4
1
2
2
1
1
1
3
3
2
2
1
1
3
1
1
1
1
1
4
1
3
1
32
2
4
3
6
1
3
1
3
1
6
13
3
2
1
3
1
2
1
3
1
2
5
1
3
5
1
1
3
6
5
2
1
29
1
1
3
6
2
2
2
4
4
6
1
1
1
7
1
1
13
1
3
4
3
2
1
1
12
9
1
2
6
4
1
1
6
1
2
20
2
5
6
1
1
3
1
13
2
1
2
5
1
1
6
1
1
2
3
3
3
5
1
7
1
1
1
1
5
2
3
1
2
1
5
1
1
7
9
1
7
4
2
2
1
15
2
3
2
2
2
1
5
1
9
3
1
1
3
5
1
9
1
2
22
10
1
1
1
2
2
1
2
1
1
2
2
13
1
1
1
1
19
2
2
11
2
1
2
2
7
1
1
1
3
1
1
1
3
1
1
2
7
2
1
7
2
15
2
6
7
2
1
1
2
15
4
12
2
1
1
4
1
2
2
3
3
2
1
8
1
4
1
1
1
2
3
1
1
1
1
1
7
2
2
16
12
1
1
1
2
5
1
2
2
1
4
1
5
3
1
3
2
3
1
1
1
5
5
2
1
4
1
2
1
8
4
2
5
1
1
1
2
3
1
1
1
1
3
5
7
1
1
2
2
2
4
1
1
19
1
3
3
1
2
1
1
1
1
1
2
1
2
1
4
2
1
3
2
1
1
1
1
7
2
2
1
1
1
1
1
2
5
2
1
1
4
5
1
1
1
3
1
3
2
5
2
2
1
1
6
10
1
1
3
1
3
1
5
2
1
2
2
6
1
2
2
1
7
1
3
3
4
1
2
1
1
2
3
1
8
2
4
2
1
1
1
1
1
1
2
1
2
1
1
2
2
2
1
3
2
1
1
2
5
1
3
1
1
2
14
2
1
3
2
2
17
2
2
1
6
2
2
3
2
2
1
1
1
1
2
2
2
2
3
4
1
1
3
4
4
1
2
2
9
1
1
7
1
1
2
1
2
11
4
6
1
1
2
2
1
2
1
1
2
4
1
7
3
2
2
1
1
7
4
1
2
2
6
1
1
2
1
2
1
2
12
3
6
1
2
2
1
1
3
3
1
2
1
1
3
3
2
2
1
1
8
3
1
1
1
3
1
4
1
2
10
6
1
2
3
1
2
8
2
5
5
2
2
2
5
1
2
2
15
2
2
1
1
1
1
16
1
2
1
2
3
2
2
1
2
1
21
4
5
1
1
1
1
1
8
1
4
12
2
1
3
2
13
1
1
2
8
4
2
1
7
1
1
1
2
1
3
2
1
10
1
2
1
12
1
7
2
1
2
2
2
4
1
15
2
2
2
3
2
1
1
1
1
1
2
7
9
4
1
1
1
1
5
9
2
4
2
5
1
4
2
1
16
1
8
1
7
2
2
2
1
1
3
3
15
1
5
1
2
7
1
3
2
1
16
2
1
3
6
1
1
2
2
2
11
3
1
1
1
2
2
2
1
4
1
1
7
3
4
3
3
1
1
1
2
1
1
1
2
1
1
1
1
1
11
1
1
3
2
1
3
6
13
2
1
1
2
2
3
1
1
6
2
10
3
4
1
2
11
3
1
1
2
5
1
1
4
4
1
2
2
3
4
4
1
1
3
1
1
2
4
3
3
2
1
4
3
1
1
1
1
4
1
5
1
1
4
5
1
9
6
8
2
2
10
1
3
1
4
2
4
1
1
1
2
8
1
4
1
3
1
4
1
1
4
3
8
26
1
3
1
2
2
2
3
10
3
2
4
13
5
1
1
7
3
7
9
1
3
2
2
18
5
1
1
2
1
5
1
1
1
1
4
6
4
11
17
2
4
1
5
3
6
3
14
2
1
5
5
1
4
3
1
2
2
1
1
5
7
1
1
2
8
3
2
1
1
4
2
2
2
2
2
1
2
1
2
2
2
6
1
1
1
4
4
1
1
1
3
2
4
2
1
1
2
5
5
9
1
5
1
1
1
2
1
3
2
4
5
2
6
2
4
2
1
6
7
3
1
3
1
3
1
8
5
2
2
9
4
2
2
8
6
2
4
4
6
1
2
7
3
2
2
1
11
8
1
1
1
2
1
2
5
1
1
12
17
2
2
11
2
2
1
1
6
2
4
3
1
2
4
13
5
6
3
1
5
2
5
1
1
2
2
2
3
2
8
10
8
3
2
4
1
5
3
5
3
2
2
1
2
1
18
1
1
2
2
2
1
1
18
2
6
1
4
2
2
3
1
2
5
3
5
4
1
1
3
4
5
6
2
6
1
2
31
5
2
3
2
2
2
11
3
3
3
3
3
1
4
4
8
1
1
3
1
4
1
1
4
6
7
5
1
4
6
7
1
8
2
3
2
1
1
2
1
1
10
4
1
3
3
1
4
2
1
9
1
2
5
3
2
1
2
9
4
1
1
1
1
3
1
3
1
1
3
1
1
8
1
1
4
3
5
1
1
4
7
7
2
1
6
11
2
12
4
1
2
1
6
3
4
14
15
8
6
3
2
1
1
5
1
10
1
9
4
4
2
1
12
4
9
12
7
3
1
