1
4
2
5
5
9
1
10
21
1
2
2
1
2
31
13
40
8
1
2
3
1
11
32
1
27
2
3
37
57
1
8
56
2
26
1
4
68
2
6
3
13
2
4
7
23
15
21
15
16
11
8
9
6
4
18
3
1
2
4
22
2
4
2
40
12
7
5
44
1
5
1
2
2
16
7
1
8
8
9
1
44
44
2
9
3
3
1
18
2
2
3
1
7
5
20
6
1
1
1
5
2
6
8
42
61
3
45
2
16
11
1
6
5
7
34
64
8
4
1
2
24
3
1
12
5
1
1
60
2
3
5
4
4
30
1
1
15
7
7
8
2
2
1
6
29
9
1
1
2
2
1
2
21
5
2
6
9
3
2
15
3
8
1
2
5
3
1
14
134
15
39
24
3
5
6
5
8
6
24
1
8
3
13
6
2
5
4
2
3
1
90
9
9
2
8
1
40
1
19
4
3
24
51
2
2
13
5
21
2
1
17
1
2
2
1
6
78
17
41
4
2
10
11
12
1
1
16
1
7
3
1
8
58
22
2
1
1
3
6
16
6
3
5
3
6
72
2
2
4
17
1
5
15
10
1
3
1
13
23
1
31
8
9
37
8
3
12
6
1
4
1
3
8
2
1
3
1
3
2
14
5
18
2
71
33
77
57
2
9
45
1
12
22
10
2
7
2
11
2
1
2
3
60
1
2
4
2
2
37
8
1
1
4
3
1
3
3
3
1
3
5
6
16
18
2
7
16
1
6
1
1
2
5
2
3
4
3
18
2
1
3
1
8
108
3
2
4
2
5
8
49
26
1
1
12
33
2
4
14
7
30
5
16
10
6
20
33
1
8
6
4
14
1
1
1
4
4
5
5
2
1
12
2
11
8
2
3
12
6
1
5
5
1
5
5
1
14
6
2
1
2
3
40
2
51
1
2
29
22
24
4
1
1
72
1
1
1
3
6
2
5
14
1
62
44
7
5
1
9
4
15
6
3
26
40
14
21
3
7
1
4
8
48
10
62
1
1
2
1
13
17
1
1
23
2
2
6
10
2
3
3
32
37
1
34
3
1
4
28
11
7
1
125
1
1
1
9
6
1
12
1
24
12
1
3
8
7
3
3
38
1
2
11
43
6
25
51
6
16
31
1
10
4
3
10
5
7
3
26
1
1
1
30
13
13
5
6
1
28
2
1
1
1
23
16
26
1
21
23
10
12
10
13
1
68
1
6
2
1
28
4
1
1
1
9
2
1
6
2
6
2
2
5
2
34
3
30
7
5
5
3
8
5
69
2
19
1
15
2
57
3
11
14
2
7
3
22
1
12
3
1
1
1
11
2
9
10
1
80
6
25
1
2
32
4
19
4
3
4
16
48
2
3
87
1
24
9
12
6
4
2
5
2
13
12
1
2
1
17
44
10
10
1
35
2
8
2
17
2
55
5
11
32
7
12
16
12
2
2
53
17
9
2
1
3
8
3
1
2
1
53
3
5
13
7
1
5
49
1
13
2
1
2
3
4
2
2
10
2
5
1
7
22
2
6
5
16
28
12
1
1
1
6
14
1
1
1
4
3
12
40
12
13
8
8
3
31
1
43
37
4
5
2
2
121
2
3
1
29
1
12
28
1
22
1
5
17
66
29
4
30
2
1
3
77
1
1
2
2
2
8
7
1
8
1
2
2
2
4
3
5
4
2
9
3
4
14
2
4
22
1
10
30
1
3
27
35
4
1
8
5
26
10
16
3
1
2
6
4
1
47
2
6
2
1
2
6
26
39
2
8
3
88
3
7
2
20
9
2
2
1
17
16
1
19
2
6
12
6
11
5
14
12
2
4
2
9
12
3
13
1
1
1
30
1
1
6
29
1
1
1
24
32
1
7
2
7
9
2
12
1
16
1
9
24
3
3
1
2
21
2
4
17
2
5
11
2
1
6
3
5
9
2
1
132
2
3
2
3
58
8
2
2
3
2
16
2
2
3
28
3
1
1
2
21
9
1
3
4
1
29
2
1
16
9
37
2
9
11
7
46
8
2
119
1
2
1
6
8
37
101
4
113
13
8
5
17
2
14
7
8
17
1
2
4
4
2
3
7
1
5
4
83
2
3
79
3
2
4
1
1
2
19
1
34
51
9
4
34
19
2
21
7
48
2
8
9
9
6
20
4
3
45
8
3
15
1
3
7
7
2
11
1
24
4
1
11
1
10
3
15
44
2
6
5
2
1
40
18
1
11
113
3
1
1
1
2
32
5
26
41
7
2
1
1
1
2
16
13
45
12
13
2
18
22
3
18
1
2
35
1
31
2
1
8
1
113
1
2
17
3
2
2
1
8
2
107
4
2
25
1
1
4
1
26
1
24
8
81
42
1
3
7
3
1
14
21
12
2
33
4
2
5
1
18
58
6
106
2
3
4
1
3
4
2
1
17
1
111
4
2
20
26
1
1
10
23
78
2
6
12
1
1
1
1
3
29
1
2
1
1
1
1
17
6
49
2
12
25
4
11
1
7
18
1
5
36
10
16
10
27
1
13
28
2
14
18
1
3
1
4
5
48
6
3
55
3
11
3
3
1
10
2
3
6
4
2
1
9
1
17
1
59
2
2
3
5
7
14
10
2
19
1
8
1
6
4
9
3
8
25
4
1
5
21
6
12
7
1
5
1
11
2
5
1
9
1
1
17
1
1
94
30
2
13
20
1
6
1
28
6
5
5
2
33
11
2
5
14
4
4
2
1
15
3
57
6
2
1
1
2
29
4
9
3
3
3
3
6
6
2
10
7
2
3
1
20
1
6
1
8
4
2
9
2
12
2
6
7
17
2
62
23
6
26
10
1
3
1
4
3
3
26
5
3
3
95
19
1
10
1
1
2
2
7
2
1
18
5
3
15
1
7
2
6
17
1
20
2
2
5
5
4
12
5
4
1
30
1
1
1
2
9
1
6
4
7
4
5
8
16
26
6
6
1
4
6
2
24
5
11
2
39
4
4
9
19
1
4
4
4
1
13
1
22
13
41
2
25
3
2
11
17
2
2
13
13
28
15
31
20
2
14
1
46
6
6
2
13
13
28
3
5
4
139
1
1
95
2
7
31
5
6
5
1
4
11
2
15
1
1
15
2
1
2
5
1
13
25
87
4
3
5
4
10
17
44
2
25
1
5
10
8
137
2
3
27
35
2
3
9
1
2
7
29
29
27
10
1
21
7
6
30
5
74
1
15
6
37
23
5
4
1
3
6
5
123
18
2
1
5
1
32
2
3
59
1
36
8
6
9
5
8
22
1
3
2
1
2
39
42
27
2
31
2
2
6
1
3
7
1
59
10
1
27
21
17
12
2
19
6
13
92
51
2
5
11
46
1
15
1
9
1
11
10
7
2
11
64
22
6
1
1
8
13
2
7
44
1
31
3
5
69
3
11
48
1
23
5
1
3
4
4
8
3
4
1
2
1
5
8
4
4
7
2
32
18
2
5
7
49
12
11
44
1
5
54
5
3
7
1
4
9
3
1
7
1
17
2
3
2
2
12
26
3
73
11
1
1
50
5
11
8
1
1
19
4
2
32
3
15
100
2
1
20
5
13
1
74
2
6
2
67
6
2
1
16
34
14
4
9
49
1
26
2
10
16
1
3
6
48
5
4
58
11
1
43
36
9
1
1
4
1
25
22
81
5
1
1
132
6
13
12
105
2
11
1
1
4
1
49
65
1
3
5
1
105
23
2
3
4
2
21
48
36
1
1
23
1
16
96
3
3
13
26
12
2
59
11
26
8
12
3
9
3
5
6
7
4
12
1
2
5
71
98
13
7
7
14
4
2
5
14
3
3
4
26
1
1
2
69
10
10
2
7
27
4
17
1
1
2
92
2
1
1
5
4
22
16
5
5
10
4
4
76
3
9
1
24
1
7
9
8
1
7
2
54
7
18
27
2
5
1
31
2
1
31
50
3
14
15
2
5
14
3
25
25
3
64
68
1
2
27
5
27
77
5
13
2
2
2
3
2
4
17
1
9
9
3
8
64
11
77
7
2
13
1
3
43
1
2
5
25
73
5
1
4
1
1
1
1
9
1
27
11
30
11
14
21
24
8
10
1
2
46
6
8
75
7
16
3
33
2
32
7
13
1
1
40
1
18
4
17
13
5
2
3
23
1
12
1
29
18
2
5
10
4
2
40
10
4
8
3
2
14
4
8
14
1
3
4
1
1
4
2
2
19
8
6
6
9
2
7
7
1
2
1
7
2
14
2
3
1
11
2
3
1
2
1
2
17
2
3
1
3
1
19
5
3
18
10
17
1
62
1
1
4
33
30
2
3
12
8
33
1
8
10
1
14
2
2
2
6
16
3
1
2
3
4
37
2
1
1
3
1
16
2
2
9
7
4
3
15
2
2
31
7
20
25
6
1
4
1
1
1
25
7
26
1
8
24
1
1
1
8
2
4
5
1
4
2
2
1
2
15
1
1
1
5
3
2
2
4
10
3
14
1
24
2
3
2
3
8
2
101
3
7
25
2
6
3
15
8
2
3
12
104
8
3
2
7
1
1
2
2
19
1
1
23
4
6
1
3
37
41
1
38
5
4
21
3
19
3
5
2
5
1
7
3
32
1
3
8
21
3
4
4
3
2
2
2
2
2
1
11
2
7
1
2
7
5
1
1
64
41
34
2
44
1
9
11
134
20
38
1
2
3
2
13
1
18
1
1
3
2
28
1
1
6
1
4
2
2
28
1
2
3
2
1
10
1
82
1
29
4
2
1
18
5
1
6
3
2
4
2
1
1
41
1
2
5
2
5
9
1
1
17
4
1
1
7
68
1
2
18
2
1
2
1
14
7
12
40
11
1
32
2
2
12
19
4
4
34
2
3
16
3
2
60
7
1
1
5
32
13
1
10
20
1
3
19
5
33
8
2
8
29
2
7
4
2
12
1
1
17
7
1
1
22
2
6
4
10
10
1
11
4
10
17
78
2
1
1
12
3
5
4
6
30
8
6
60
7
20
11
1
8
1
1
3
1
2
2
2
20
2
15
27
3
69
10
11
6
21
7
2
88
7
2
30
29
2
4
6
3
22
6
6
1
37
4
34
6
7
2
8
7
1
90
10
3
62
19
97
6
2
5
1
29
1
10
4
2
9
32
2
4
5
39
3
2
7
20
4
11
4
3
7
24
3
3
6
31
3
8
21
8
32
1
7
12
19
16
9
1
12
9
1
5
2
6
4
1
4
3
4
16
9
18
2
27
42
4
11
4
3
2
12
35
2
11
8
5
25
6
2
2
5
14
27
1
5
2
35
24
12
2
11
1
4
3
20
66
31
3
24
1
1
7
9
6
8
10
6
45
3
1
1
1
7
4
25
3
1
1
13
2
2
20
16
13
5
1
27
32
1
1
1
5
5
2
8
20
9
4
3
1
1
1
5
6
18
1
6
5
7
3
4
2
110
1
3
4
2
11
4
3
8
38
65
2
2
1
1
3
2
3
18
4
6
25
8
5
60
3
13
1
15
1
2
2
1
5
3
1
1
31
8
6
18
19
14
6
33
5
2
2
3
69
1
3
40
1
2
3
28
15
2
18
1
2
1
4
25
1
12
4
1
67
34
10
5
4
12
27
1
11
53
20
33
19
5
2
3
29
4
2
7
2
101
7
9
19
10
41
5
1
46
18
63
5
2
1
1
4
2
7
15
3
22
4
2
1
75
8
2
23
1
4
1
3
4
4
38
32
1
6
1
16
1
11
14
4
1
1
3
2
15
9
12
4
2
1
6
5
1
2
4
6
1
16
1
7
31
96
7
1
7
1
4
8
3
20
8
5
4
4
19
11
8
15
47
1
25
12
6
81
10
2
6
9
53
4
7
2
15
9
1
2
3
4
1
2
32
3
4
6
2
5
1
2
2
1
31
1
30
26
1
50
3
17
1
2
16
2
2
8
1
1
11
28
52
21
41
2
2
2
7
11
1
1
3
17
1
8
15
70
2
19
5
25
6
5
28
6
11
3
51
1
98
16
6
32
3
1
1
1
11
1
4
1
3
3
1
2
1
1
2
82
3
1
3
2
68
1
5
23
3
8
1
43
3
14
2
3
1
6
7
5
2
1
13
6
13
1
8
22
1
9
11
1
3
46
8
24
4
2
9
20
6
6
4
5
12
10
10
3
4
3
21
26
10
2
2
9
44
2
41
1
1
9
32
75
33
1
2
4
36
7
5
2
17
22
1
3
3
8
1
14
10
6
2
2
7
1
40
2
24
10
10
2
4
4
1
3
20
8
9
30
12
53
14
8
7
2
5
1
13
5
2
2
1
1
10
3
1
3
2
2
5
23
5
2
1
1
4
9
5
3
132
1
18
30
2
15
2
1
6
5
3
1
23
1
2
1
8
4
1
45
4
6
1
3
27
17
22
2
19
17
56
1
15
1
2
1
23
12
1
7
1
22
43
17
13
1
1
8
6
18
3
14
37
63
4
2
10
1
50
3
79
1
1
16
1
1
4
1
1
1
2
1
1
48
11
1
3
5
13
3
2
25
3
36
4
5
2
2
8
21
5
1
29
7
1
45
1
13
1
6
10
101
3
3
1
3
3
6
1
6
