1
1
9
29
6
43
1
1
10
2
1
2
1
34
18
16
1
1
31
31
10
1
1
28
12
4
20
18
7
43
1
6
2
2
3
2
4
3
1
2
4
4
1
7
4
6
3
1
2
1
20
6
2
2
8
10
20
1
3
3
6
1
1
2
2
6
44
8
7
1
7
1
9
8
2
35
5
1
8
2
3
74
3
17
3
1
38
5
6
1
40
2
6
3
1
1
54
11
4
61
4
7
34
15
17
2
7
2
2
4
5
3
4
7
18
1
7
9
6
1
2
3
1
3
13
4
1
5
5
7
4
1
18
4
16
6
2
6
5
1
3
13
7
43
4
20
22
3
1
25
6
14
20
1
1
5
19
1
5
11
2
1
26
8
9
3
90
1
3
6
5
1
6
8
7
2
2
16
5
9
16
1
16
1
4
1
1
54
3
2
23
12
2
1
1
4
11
76
9
1
1
8
1
15
1
4
2
47
4
1
2
2
51
19
5
5
3
1
3
19
2
3
20
12
7
1
153
1
4
1
2
2
4
2
2
51
2
2
8
3
140
37
13
10
2
7
12
2
2
7
20
4
1
15
3
5
4
2
4
1
2
16
2
15
2
20
22
5
11
10
2
1
18
1
6
2
5
2
2
12
7
1
35
8
30
26
1
39
26
5
15
6
6
1
2
1
6
2
6
2
4
4
41
14
1
26
7
21
2
6
14
1
1
7
1
4
2
12
1
17
10
9
3
21
2
3
12
8
8
6
5
3
9
1
40
4
23
4
28
2
4
19
15
23
3
1
3
15
2
34
3
5
6
1
1
1
1
49
2
1
2
9
4
3
8
10
2
24
63
6
6
1
15
2
2
1
1
8
7
1
50
4
7
9
6
1
1
6
17
2
7
1
1
6
10
37
3
8
7
2
1
5
6
18
1
1
4
4
29
1
2
3
2
4
1
7
4
55
6
6
4
6
1
6
15
23
5
5
3
2
48
6
4
5
18
1
1
2
2
9
52
10
16
10
69
18
8
2
8
32
11
3
22
22
86
27
2
2
1
28
1
5
1
22
2
1
5
6
2
18
14
25
1
2
3
23
1
4
2
1
26
6
24
3
4
1
2
1
10
32
32
1
1
1
5
3
1
2
2
1
2
3
16
5
33
36
3
18
36
2
13
6
1
20
2
12
2
16
16
2
1
28
17
16
11
14
18
44
1
2
1
22
3
6
2
1
2
2
4
12
7
4
2
4
6
8
2
1
1
72
9
3
2
10
14
1
20
1
19
4
16
8
15
8
2
12
4
1
1
10
13
1
3
2
1
19
11
5
3
1
4
97
7
1
2
2
1
2
26
2
26
3
2
2
49
2
1
7
18
9
3
1
5
7
1
4
2
3
3
37
2
73
3
27
2
1
5
40
2
3
42
11
14
2
1
12
11
2
1
7
58
1
2
3
1
24
1
3
4
1
19
2
2
1
5
3
1
10
6
8
2
2
5
7
1
8
11
1
5
3
7
1
6
29
3
2
6
10
10
2
2
42
2
4
62
2
7
1
6
167
1
1
7
2
25
37
3
1
1
2
31
7
2
2
1
17
4
16
12
7
2
9
3
5
12
1
35
6
3
2
8
2
2
6
132
2
38
7
1
18
35
15
2
1
22
21
1
3
55
25
3
37
6
3
55
10
2
1
1
5
1
8
2
12
26
1
2
4
5
59
29
1
7
5
2
5
13
16
4
8
3
20
2
1
2
5
4
4
12
11
1
3
9
15
4
35
8
1
16
6
4
4
3
48
1
21
1
28
43
6
15
3
25
1
16
10
19
13
4
4
12
20
6
3
4
2
2
45
1
18
15
6
1
3
1
5
4
10
78
1
2
5
11
46
4
8
1
6
26
4
2
16
3
5
1
2
8
1
2
2
18
2
1
1
3
3
13
18
24
5
8
1
6
1
24
1
3
81
1
49
15
1
22
9
4
1
4
1
35
2
20
6
2
7
24
2
28
1
2
1
145
1
1
20
6
7
1
6
32
23
11
1
2
2
9
3
5
32
2
2
56
1
10
2
70
29
2
3
1
4
4
91
17
2
6
2
2
141
18
1
4
3
1
3
8
16
4
16
4
39
1
2
4
1
1
2
4
8
2
17
1
10
14
1
10
2
43
2
2
19
2
1
1
2
1
3
10
3
1
24
2
23
1
26
17
7
5
4
8
8
1
19
2
3
3
2
99
5
2
3
2
1
2
1
24
3
2
6
1
1
3
11
34
17
12
8
11
2
3
6
7
19
4
8
6
2
11
1
9
1
3
15
1
5
2
5
21
1
26
1
22
18
39
14
3
8
4
17
29
7
4
2
2
7
2
1
12
1
1
67
8
38
10
5
3
2
51
1
5
5
2
47
57
1
8
55
4
1
4
9
3
1
15
9
7
2
1
11
12
15
2
5
13
9
3
3
5
4
1
6
3
2
6
3
7
17
2
9
12
23
5
9
26
52
2
5
8
3
5
6
2
25
23
38
3
15
2
31
32
18
4
1
4
10
12
12
2
77
2
1
41
2
36
24
3
2
1
6
1
6
5
1
99
4
25
2
29
20
1
1
20
8
7
4
20
2
2
6
2
9
2
1
6
10
2
2
10
8
1
76
72
5
1
5
2
1
5
46
1
14
1
3
4
2
19
27
3
24
1
15
6
2
18
35
25
1
1
24
24
2
8
26
3
2
29
10
2
6
2
19
1
9
12
1
1
26
43
3
3
2
5
2
1
4
3
8
1
40
12
12
2
2
2
19
1
2
2
2
1
5
6
2
18
4
8
21
14
1
2
1
23
2
7
6
15
4
4
7
2
4
5
1
9
17
22
16
40
2
5
64
1
73
1
8
6
35
6
1
2
6
3
18
42
13
32
3
16
3
3
22
2
18
1
15
13
12
2
1
5
7
1
2
4
1
2
49
7
28
2
19
2
7
1
8
14
23
2
5
2
1
2
2
1
2
19
105
1
6
6
3
6
1
7
1
22
1
3
13
2
3
5
2
4
12
1
11
1
23
1
5
9
1
6
25
2
3
6
19
1
4
1
3
2
5
14
1
25
78
7
2
16
5
9
4
38
2
1
1
1
3
5
15
1
6
1
6
3
3
6
30
1
1
3
4
4
2
3
1
13
10
4
10
2
63
3
60
3
18
2
23
7
52
48
17
1
18
8
2
4
5
5
27
2
10
1
4
1
36
2
1
21
1
10
6
13
2
3
6
2
1
3
9
6
1
3
1
5
43
3
1
17
5
1
15
2
21
1
26
5
28
2
22
8
6
1
7
13
1
14
6
13
3
6
9
25
1
2
3
1
12
28
3
21
2
4
8
2
5
1
5
77
2
5
17
10
4
6
9
22
32
1
1
36
2
4
6
5
2
1
3
28
2
10
4
5
37
4
14
9
2
15
4
59
4
2
7
3
1
5
14
90
3
3
1
3
5
1
2
6
2
3
4
1
6
22
5
4
5
1
5
1
1
4
2
12
1
7
3
49
2
5
4
3
10
3
4
9
2
2
11
2
10
4
5
1
1
5
5
2
12
1
1
5
1
2
7
5
71
6
5
10
2
12
5
24
3
2
7
12
4
2
1
7
2
1
2
5
2
1
1
7
17
1
1
1
5
2
6
45
41
14
1
2
16
4
8
40
2
46
1
1
4
2
33
3
1
11
1
18
7
4
9
26
18
1
1
1
6
2
2
2
4
48
8
34
1
25
1
3
2
2
130
1
1
4
2
1
2
7
1
7
12
1
1
2
104
4
30
14
1
5
8
3
2
6
2
6
2
41
31
4
8
25
20
5
2
19
3
1
4
7
2
15
3
14
43
4
13
1
3
6
7
16
1
3
8
9
2
2
12
3
1
48
4
6
2
14
1
1
1
2
1
1
1
18
3
4
1
3
11
4
1
2
39
18
4
57
58
9
2
20
7
1
2
24
2
30
1
4
3
9
1
6
9
3
28
3
2
6
2
1
1
7
8
8
2
4
3
9
6
3
5
16
26
39
38
3
4
21
19
26
1
3
3
4
6
12
22
11
1
1
4
1
46
3
17
6
4
4
1
8
8
8
29
3
3
1
14
10
18
15
35
10
3
14
33
2
2
14
7
14
51
1
24
2
12
2
9
1
2
61
3
6
11
1
5
2
3
4
5
5
7
6
10
3
2
1
1
8
1
3
28
1
7
25
4
4
1
26
10
3
24
50
11
9
3
3
1
7
12
2
19
156
3
3
5
3
8
3
1
2
11
8
11
2
1
18
7
32
1
2
3
1
1
1
2
3
14
1
1
16
18
18
2
32
26
4
4
2
1
14
3
7
6
25
2
1
3
27
1
1
2
8
2
3
62
1
15
4
60
7
12
1
4
4
28
53
1
2
1
22
98
10
1
5
1
32
21
2
17
3
16
20
2
14
2
29
9
2
30
15
1
2
1
1
1
18
23
4
1
27
2
1
6
1
6
1
14
1
11
1
3
1
6
10
23
13
37
2
4
7
12
6
66
5
6
20
1
23
2
2
4
4
3
1
13
1
1
1
89
3
36
2
2
1
57
3
86
51
1
3
7
20
2
2
2
1
1
1
2
2
2
22
1
4
21
7
10
9
5
8
3
2
19
2
23
8
7
4
20
30
16
5
11
4
2
2
9
31
2
1
3
28
12
19
3
13
1
2
13
156
2
1
2
4
3
6
21
19
12
9
76
6
18
18
23
5
8
1
37
3
13
8
5
13
2
34
5
6
10
1
9
35
2
8
10
2
6
18
10
38
3
1
4
1
2
21
8
1
1
8
9
3
1
7
5
1
5
2
25
21
36
4
11
3
53
3
1
1
1
16
1
165
23
3
3
3
1
46
3
2
4
12
3
30
2
5
18
8
11
3
11
2
6
9
88
1
29
3
2
9
3
1
9
6
12
3
2
1
34
19
10
19
14
2
5
3
8
13
1
1
4
1
4
6
2
32
17
5
1
18
1
1
27
3
2
1
1
3
8
1
4
48
6
16
22
2
2
21
100
9
19
5
14
18
6
5
6
1
2
1
1
4
2
3
2
3
6
1
2
4
25
4
128
2
11
3
5
3
1
4
4
1
2
9
1
1
18
7
3
3
7
9
7
28
4
1
23
2
14
9
1
1
1
2
27
2
1
2
4
33
2
8
3
1
1
1
1
1
2
8
1
5
1
1
2
1
3
3
3
1
1
5
3
6
2
3
2
1
2
2
1
2
1
18
1
1
44
10
2
6
3
8
6
7
1
1
3
29
17
3
1
35
4
22
1
7
1
14
37
1
4
2
26
1
1
9
1
13
2
1
2
61
3
10
3
2
8
4
4
1
2
21
1
25
1
3
4
5
6
7
9
5
37
16
2
9
4
2
11
1
3
1
68
2
19
3
7
2
3
3
13
18
35
1
3
17
50
5
40
2
2
6
1
64
2
1
1
94
3
2
2
2
2
67
6
27
14
1
2
72
1
1
1
4
6
1
3
3
4
20
1
2
48
2
2
3
3
4
2
17
4
24
3
2
3
2
1
1
12
1
8
3
3
8
3
2
25
8
1
10
1
3
9
4
3
8
18
2
22
68
3
1
4
69
5
26
4
1
5
6
43
2
8
6
1
1
20
1
5
4
49
47
18
3
1
4
11
12
3
3
7
12
3
2
37
2
4
5
1
1
5
4
1
9
4
27
2
30
3
32
1
16
12
17
