53
3
2
126
1
17
21
8
1
11
16
16
1
6
2
21
1
1
44
32
2
2
1
2
16
4
35
4
3
134
1
35
9
2
180
2
8
2
1
29
4
2
1
16
118
20
3
4
18
13
10
32
17
82
8
22
9
14
14
5
2
17
24
10
2
65
2
27
1
2
1
1
18
9
5
11
3
2
1
14
2
50
5
5
9
1
9
21
57
1
12
6
2
3
38
1
9
139
7
2
69
3
22
28
10
3
5
3
8
4
8
8
38
3
1
12
1
2
2
9
2
3
2
3
128
5
3
1
7
1
30
22
2
34
6
3
166
17
54
37
6
10
1
8
2
1
4
1
4
59
2
74
3
23
19
2
2
72
2
2
29
8
2
31
90
99
5
66
7
5
6
14
40
1
73
2
12
4
115
28
2
7
54
92
7
3
1
7
5
2
4
4
4
2
33
4
1
2
12
3
18
3
17
14
1
2
5
22
39
4
3
3
2
4
21
9
48
4
4
1
4
19
1
143
2
8
1
108
2
88
1
5
4
55
40
7
2
119
5
5
5
49
10
1
2
51
3
101
20
2
5
5
2
1
1
173
70
1
2
43
54
148
1
2
149
1
13
2
6
2
3
3
1
13
2
1
2
31
1
3
3
1
1
8
42
1
5
7
79
110
4
3
1
2
157
5
1
2
29
3
3
2
3
4
11
5
3
5
1
1
11
14
1
3
3
26
5
4
3
4
11
47
1
9
1
2
4
65
22
11
13
8
2
2
10
8
2
8
14
23
11
2
8
4
2
8
3
95
2
5
4
4
16
4
49
4
3
6
5
1
2
2
6
3
1
15
6
7
15
6
3
4
2
2
67
2
34
3
2
2
2
1
4
5
2
1
36
1
3
1
2
8
4
27
1
3
45
2
15
4
1
3
1
2
13
3
8
5
34
102
8
4
5
4
5
5
2
4
1
3
9
1
4
3
2
8
6
1
3
10
3
2
12
2
69
3
1
6
2
1
1
4
4
6
7
23
20
82
5
4
4
3
4
15
3
4
13
5
24
18
9
5
14
16
8
15
6
27
2
2
2
3
43
2
16
3
12
10
3
11
1
5
2
5
2
11
3
1
5
20
5
5
2
5
1
7
1
21
3
1
10
18
7
2
4
40
8
2
18
4
21
3
13
7
1
2
1
4
19
2
5
10
31
1
13
40
25
2
1
2
77
14
10
3
1
8
13
2
8
21
2
4
21
3
20
5
26
8
2
10
6
8
3
4
7
8
6
25
10
1
1
2
7
14
14
12
4
38
10
4
5
15
29
11
16
7
3
11
16
28
6
13
18
20
4
1
2
12
17
2
33
9
3
35
8
5
2
1
9
1
14
5
8
1
3
2
6
27
29
77
1
5
10
16
12
22
12
22
1
4
3
2
22
77
12
6
29
2
6
9
15
2
5
16
3
4
19
4
13
1
101
4
18
3
1
18
5
1
4
8
2
16
9
9
3
25
17
4
10
6
5
11
8
2
14
12
12
1
20
3
6
6
7
8
2
1
8
6
6
9
10
24
30
9
6
1
8
4
6
5
11
5
5
1
25
48
5
1
4
7
9
11
2
19
18
12
2
