19
8
3
34
5
7
12
9
2
1
13
48
1
1
4
2
4
8
2
5
1
38
1
2
14
4
1
1
1
1
7
1
2
8
14
11
9
11
7
9
10
4
2
3
15
2
27
2
31
6
7
22
2
7
2
4
2
4
6
26
1
2
25
3
2
13
2
2
35
40
9
2
11
2
15
22
8
4
5
6
15
1
2
2
32
9
2
5
2
2
1
2
4
2
10
15
46
2
4
3
2
25
20
1
9
2
16
7
26
2
1
1
2
2
6
1
4
2
1
15
11
9
9
15
12
3
2
5
1
3
1
6
12
3
1
10
4
1
13
7
4
15
3
4
28
1
1
1
2
7
1
13
1
3
2
1
34
2
4
1
2
1
33
4
23
40
3
1
62
16
2
5
4
2
1
4
7
3
5
15
1
31
1
17
1
5
1
3
2
21
1
2
2
1
3
37
1
1
23
3
11
11
4
13
1
23
1
4
1
2
4
13
1
9
17
1
1
16
1
2
3
28
2
8
15
1
14
2
4
15
20
1
1
4
15
5
2
2
6
11
8
23
3
3
6
9
22
2
11
9
31
15
3
17
1
3
1
1
37
10
7
15
2
1
1
1
2
3
1
5
22
4
2
2
5
1
2
14
3
10
3
2
40
4
2
1
1
19
4
1
3
24
18
1
44
4
16
1
29
27
2
1
11
2
21
1
51
13
2
4
4
4
2
42
4
2
39
19
22
3
6
32
19
5
1
11
13
2
45
25
1
1
14
2
14
6
11
2
4
3
6
14
7
3
13
11
17
42
2
1
29
5
3
2
12
33
10
29
6
12
14
50
13
8
21
5
3
2
1
1
3
7
9
3
5
1
3
18
1
2
34
1
3
2
16
7
1
1
17
5
2
5
2
2
4
44
23
28
2
3
1
2
2
32
6
4
4
1
1
23
10
3
2
1
2
10
1
1
4
3
6
2
3
1
5
3
1
3
3
4
69
6
16
3
2
2
3
2
25
4
1
1
2
7
4
1
13
1
4
5
2
1
2
3
5
17
3
2
59
9
9
2
6
1
28
4
3
16
7
19
8
2
1
11
1
1
2
5
9
5
4
1
1
1
42
13
4
3
3
1
7
7
1
19
10
19
1
6
14
1
13
6
2
32
72
18
3
1
5
3
1
4
2
1
6
2
2
2
3
18
22
2
38
19
2
1
2
29
2
8
10
7
4
1
6
1
2
6
68
11
2
14
1
1
88
24
3
9
25
1
5
4
2
2
3
1
3
5
3
16
2
17
29
5
1
16
1
8
7
5
9
31
4
2
2
1
1
8
2
1
24
24
1
5
1
1
1
1
53
16
2
5
2
37
1
1
7
8
34
6
6
7
21
1
11
4
1
3
6
1
1
1
3
4
27
1
22
13
3
1
12
3
10
3
4
1
1
18
8
2
1
10
2
11
11
1
1
23
20
13
41
2
3
2
9
17
2
6
1
7
1
19
26
2
1
2
1
76
4
16
4
23
5
54
13
1
1
30
8
5
1
5
1
1
5
1
2
13
2
2
1
12
79
1
7
27
3
11
2
2
3
11
1
3
15
10
1
46
1
3
1
10
6
1
44
20
1
6
2
2
8
1
3
2
6
1
3
7
63
4
21
1
9
4
9
1
1
5
20
5
1
3
3
2
4
4
41
3
4
4
10
1
14
3
7
4
26
6
11
3
36
32
5
1
3
24
2
14
2
10
62
18
1
34
4
22
3
49
1
3
5
11
35
9
4
2
21
2
1
1
1
4
1
25
3
7
30
1
7
6
20
31
2
2
5
17
28
2
2
9
2
2
1
1
4
18
6
6
1
11
2
29
1
3
2
6
38
3
3
1
3
4
3
4
2
3
1
18
6
49
25
7
13
14
3
3
6
1
2
1
2
3
13
1
1
5
1
1
2
2
13
4
8
1
36
2
8
5
2
29
6
2
3
4
1
2
1
5
2
15
2
6
2
14
2
1
8
3
5
27
37
5
10
34
9
2
9
22
1
15
5
10
3
1
2
9
3
8
15
1
2
1
38
1
3
1
2
1
6
6
3
6
30
1
2
5
5
5
2
1
2
1
5
35
6
4
49
1
35
25
24
18
2
11
2
2
16
1
19
6
11
8
7
2
2
11
1
46
1
2
3
11
16
23
18
3
1
16
3
7
3
5
5
3
3
27
2
3
3
2
6
4
19
19
7
33
6
1
24
1
1
5
1
19
23
1
12
1
1
42
2
14
2
2
4
26
12
19
3
15
4
3
1
28
1
16
7
16
17
2
1
3
1
1
4
4
3
4
27
2
24
14
12
4
10
7
1
6
2
2
2
1
4
15
6
4
11
43
5
5
2
1
4
1
8
1
1
5
24
19
1
2
4
13
1
20
9
1
10
2
1
2
21
1
3
2
1
5
87
1
6
9
2
4
4
5
1
5
2
2
24
4
20
3
2
4
10
20
2
1
1
5
12
11
2
1
24
49
8
3
48
29
1
1
9
5
1
1
10
1
1
2
6
12
3
6
2
1
26
1
15
1
4
2
1
2
2
2
4
3
1
2
2
1
1
1
2
8
2
1
3
3
15
7
1
12
3
43
1
16
1
5
6
6
3
1
2
3
16
44
29
2
1
5
1
1
1
1
2
35
2
1
1
18
3
7
9
38
1
3
3
3
3
6
6
1
23
4
1
24
2
3
2
4
4
1
1
1
4
33
11
2
6
19
2
2
5
1
5
1
1
1
3
16
11
5
14
4
1
1
12
1
61
25
2
7
3
2
4
6
1
14
1
19
2
5
8
4
6
1
2
1
19
54
6
1
1
9
1
7
5
6
1
2
2
1
3
2
2
5
11
3
4
4
23
3
1
1
7
9
2
3
2
1
1
1
3
20
3
1
1
3
7
14
24
12
4
2
2
1
6
4
5
3
13
13
30
4
3
2
2
9
3
1
9
11
11
48
2
3
7
5
2
1
1
2
5
15
1
4
1
17
2
2
8
1
20
4
7
4
17
9
1
10
1
12
5
29
1
6
9
30
3
31
4
2
1
8
32
14
29
2
10
2
4
4
2
25
5
7
9
36
2
2
2
1
4
6
6
25
3
1
6
1
2
18
7
1
3
3
7
2
2
2
2
3
2
20
12
5
1
3
2
6
7
1
2
1
42
5
3
10
6
1
29
23
2
1
1
8
19
2
2
27
14
15
4
3
7
1
3
21
2
1
1
2
2
1
31
2
3
3
20
2
2
2
4
16
3
1
1
3
4
5
12
12
1
7
28
26
7
5
14
4
21
5
1
20
12
1
1
36
10
4
26
8
6
2
41
1
37
3
13
3
3
2
1
5
15
16
13
15
6
3
1
4
22
20
3
55
6
4
91
2
5
15
12
2
1
1
13
16
2
31
1
1
4
1
23
82
2
5
19
2
20
4
10
1
4
7
2
16
2
2
3
6
3
4
7
3
49
35
1
9
2
3
33
7
2
2
3
1
1
15
4
1
6
10
2
2
3
2
2
3
2
21
13
11
10
2
24
9
1
2
27
2
3
20
10
2
10
12
5
2
1
6
1
20
1
10
2
8
5
3
40
12
3
21
5
3
4
1
12
2
1
24
6
3
1
1
1
20
8
3
3
1
6
2
7
1
11
15
1
5
5
1
4
2
1
1
3
2
1
36
23
6
6
2
3
18
9
1
22
41
1
18
3
17
1
1
21
8
1
5
8
5
7
2
3
14
2
6
3
19
3
10
8
9
5
10
3
4
7
2
11
1
2
15
27
3
18
1
2
9
1
4
4
1
9
7
2
3
5
23
22
1
1
1
3
4
7
7
42
2
1
22
6
1
19
29
4
2
3
10
1
1
89
4
3
17
2
3
1
4
4
3
2
24
35
1
7
18
7
2
32
1
7
5
3
5
42
5
2
5
14
3
1
1
4
3
6
1
1
3
1
1
1
8
2
3
2
1
2
30
7
2
47
3
3
12
36
15
3
1
15
1
3
7
4
13
18
1
1
12
6
8
2
8
1
10
2
1
2
1
1
59
4
3
5
1
24
1
1
10
3
2
17
1
2
1
15
15
3
1
7
1
2
4
5
2
2
1
26
3
1
1
1
12
3
3
14
7
7
4
4
6
4
2
2
3
48
2
1
45
4
3
2
3
3
2
2
8
1
15
1
3
1
7
2
5
18
4
9
44
29
21
2
1
3
26
9
2
32
1
6
5
1
1
6
2
3
2
3
16
2
1
10
1
2
25
9
18
1
1
2
1
1
3
6
1
10
9
1
3
4
8
14
1
8
10
1
1
19
2
1
8
4
1
2
3
2
1
4
7
1
2
1
1
5
1
7
1
1
7
2
5
27
1
21
3
12
12
2
23
25
2
7
1
6
42
4
4
5
3
2
10
9
3
1
37
1
13
11
44
13
3
15
12
15
1
6
3
5
1
1
1
2
1
4
1
43
18
2
2
1
3
1
7
1
4
1
35
5
3
4
12
12
1
6
4
2
2
10
27
4
18
4
7
1
18
8
11
1
1
4
28
2
1
8
1
1
2
21
6
19
77
5
2
2
10
24
1
2
3
10
16
2
18
4
1
3
20
3
16
13
1
1
3
11
6
4
29
1
3
13
1
13
1
3
1
14
2
20
3
28
1
5
1
23
15
1
4
2
1
1
4
8
4
9
2
2
6
18
11
1
20
3
1
2
12
1
31
4
18
2
1
6
3
1
2
2
1
29
8
34
8
2
12
1
44
1
15
11
8
1
1
1
4
42
1
2
1
6
1
3
2
4
6
4
56
14
2
2
21
59
12
3
9
26
4
1
3
5
26
1
5
3
1
39
2
1
22
32
35
12
1
4
3
1
3
1
12
1
8
68
6
10
1
9
36
6
2
8
13
6
4
12
19
12
5
7
3
3
6
1
9
1
6
2
5
1
26
2
1
1
1
3
12
1
4
1
7
2
1
17
1
9
2
7
2
2
6
3
19
4
81
7
9
1
1
2
1
3
11
9
2
1
23
3
1
2
2
11
1
73
32
5
7
2
4
3
5
5
12
46
4
20
7
5
22
3
44
5
1
2
1
4
5
3
2
1
1
2
1
14
4
22
2
5
1
4
1
3
2
5
2
1
3
6
3
4
1
16
1
2
2
13
2
13
3
1
1
14
43
3
31
2
9
14
17
5
12
1
4
10
11
8
13
7
11
1
5
16
5
2
5
2
13
7
23
4
3
9
3
1
19
15
3
2
15
5
3
8
13
3
8
1
4
57
4
7
1
7
17
5
61
1
1
4
7
15
2
3
2
3
27
24
13
24
1
4
2
29
4
22
18
24
3
1
6
2
1
3
1
2
14
3
1
22
3
7
39
15
1
20
4
3
11
32
8
27
5
42
1
23
4
2
4
1
1
27
8
3
1
6
2
1
21
8
6
5
2
9
4
16
3
31
11
6
1
16
2
20
1
1
10
13
4
9
2
5
4
28
24
2
1
6
6
1
4
2
1
6
7
1
8
4
1
31
20
1
2
11
33
7
3
4
5
3
11
3
31
2
2
6
24
6
39
14
10
42
1
1
10
1
23
2
22
1
12
7
1
4
20
2
2
7
2
1
6
2
6
1
1
4
1
6
2
1
4
5
5
10
2
2
36
1
6
2
1
18
15
1
4
2
15
1
4
2
6
1
4
3
4
10
4
3
1
2
14
6
2
3
35
6
23
1
18
3
1
3
27
1
1
6
3
2
10
24
6
3
4
1
2
1
3
2
1
21
1
33
6
23
4
1
2
2
2
15
2
2
2
1
8
23
1
2
8
20
1
12
1
7
2
1
4
5
3
3
2
2
4
3
1
10
1
23
4
14
5
18
79
4
20
6
32
1
1
4
20
1
4
3
1
3
7
61
4
2
11
1
3
1
3
6
1
24
9
9
7
3
3
4
3
10
1
2
2
2
1
11
4
1
3
1
1
8
3
7
3
58
1
8
26
12
7
2
14
7
5
1
9
12
3
4
28
18
49
5
1
1
4
10
8
18
39
4
12
8
1
1
1
1
7
10
4
3
9
2
1
11
1
3
1
1
11
15
8
4
5
1
1
1
5
18
1
1
8
1
11
2
2
9
3
10
1
2
1
2
8
25
1
1
1
2
16
1
1
37
1
8
2
1
1
2
4
1
14
2
2
5
2
3
3
10
5
2
16
48
21
1
29
3
14
4
35
26
9
1
1
2
31
1
52
1
1
1
4
3
1
6
1
7
1
19
25
22
31
7
38
18
3
1
1
1
2
2
3
1
1
9
6
4
1
1
13
3
2
30
10
1
9
1
5
2
50
3
