95
82
2
10
5
3
2
9
28
50
7
52
17
25
33
89
165
2
6
258
416
12
1
5
2
1
1
295
1
298
2
30
5
5
89
3
123
10
1
298
218
5
2
2
4
2
3
1
2
2
5
151
19
1
6
430
22
1
4
57
20
319
25
3
4
1
22
496
30
11
1
30
85
124
561
48
54
1
6
383
247
185
91
9
15
1
6
2
17
8
5
335
78
4
6
1
163
1
361
29
25
34
2
3
4
2
4
436
8
33
17
9
3
59
9
12
353
51
64
9
8
20
3
52
2
19
1
8
371
2
2
289
19
176
11
11
78
6
1
34
3
4
33
476
6
7
1
2
6
12
1
3
6
19
47
4
186
183
5
93
5
2
44
18
2
2
255
101
4
5
47
2
43
10
7
3
1
35
10
31
110
3
8
103
41
1
7
1
8
312
5
1
3
30
62
64
25
29
103
13
61
1
3
45
92
30
8
46
13
2
299
63
9
3
4
72
69
328
119
14
77
98
1
8
2
59
52
47
454
2
306
4
3
39
9
99
27
49
10
14
105
6
95
11
35
37
15
1
85
1
56
4
40
22
26
2
54
5
19
17
23
150
66
1
12
363
1
95
1
13
1
30
11
133
38
4
2
408
135
3
11
9
2
17
2
76
7
31
4
73
2
2
121
1
97
292
3
4
5
12
71
11
3
18
17
239
3
14
7
111
117
4
2
20
3
9
210
5
12
5
18
3
31
2
3
4
80
2
30
4
9
95
217
18
17
220
56
25
366
3
52
128
4
29
5
5
2
10
7
8
5
1
283
2
22
84
4
2
7
11
234
2
1
2
17
1
3
1
39
8
18
114
1
8
39
33
5
11
10
352
53
39
11
64
1
25
4
95
469
1
330
21
2
40
2
4
15
20
1
2
1
296
435
11
2
21
2
7
2
10
32
175
14
21
18
307
4
29
8
107
136
2
133
5
16
2
190
3
4
43
2
29
8
10
4
12
90
17
6
62
3
9
3
109
2
1
170
11
19
98
19
14
8
2
3
2
28
11
4
1
5
25
3
5
2
118
425
22
17
165
1
6
11
407
2
4
4
2
7
8
30
34
16
547
19
1
28
10
79
16
47
108
1
76
3
8
4
17
43
15
4
4
3
3
23
138
8
51
14
33
30
57
16
9
2
119
405
14
521
17
28
55
82
6
241
5
2
28
5
107
16
1
28
354
25
36
5
128
3
8
20
130
4
148
7
2
355
39
11
2
114
59
331
1
352
4
1
58
31
16
3
12
22
141
12
302
521
23
1
1
23
5
84
2
40
12
6
6
3
20
1
3
5
2
1
16
10
10
17
1
46
4
8
35
2
31
16
6
5
16
1
1
42
12
16
31
1
19
15
6
178
47
2
9
66
522
55
545
1
5
379
1
7
2
1
28
1
3
5
208
1
33
10
135
4
15
4
2
1
269
1
7
35
7
21
25
26
2
11
2
2
50
208
40
78
20
113
4
18
30
9
77
50
2
139
84
22
3
220
2
65
1
2
28
16
1
3
71
42
68
16
10
13
1
10
2
18
7
146
1
90
5
59
1
120
26
2
61
11
46
24
2
11
2
13
13
109
7
8
8
1
50
186
11
6
164
53
3
169
2
18
1
38
2
64
2
26
24
4
12
10
48
15
27
15
1
40
197
36
2
4
8
79
31
94
6
12
73
5
1
48
1
553
62
70
117
26
12
8
25
11
230
87
1
15
10
6
17
11
100
4
1
23
3
2
53
554
1
17
3
115
7
2
176
7
3
360
75
45
6
22
2
19
54
18
319
2
4
28
215
20
138
27
8
148
42
2
32
3
22
13
5
276
7
3
43
2
3
97
10
135
6
36
447
6
350
92
58
17
8
16
7
11
148
1
24
30
12
21
15
2
316
201
7
2
10
1
53
90
527
13
129
96
253
44
19
8
19
81
1
2
2
9
32
10
7
4
2
47
2
31
29
48
1
22
2
14
130
21
88
8
14
52
74
315
53
18
7
7
2
27
36
2
36
2
1
6
17
303
157
12
2
252
2
7
18
9
53
5
31
5
282
2
36
355
57
14
32
1
84
297
75
3
17
2
320
1
2
2
4
39
3
2
29
3
2
1
13
90
17
44
33
24
2
13
1
2
9
97
1
38
99
1
5
20
61
63
3
13
15
2
167
430
1
3
21
3
113
3
2
15
1
2
11
3
58
67
322
10
43
5
4
9
4
29
291
1
4
35
4
13
71
28
1
3
8
38
408
148
16
4
1
115
12
4
454
8
14
2
27
2
110
534
25
12
15
60
53
3
2
132
66
2
3
18
31
35
4
1
5
553
2
11
311
2
12
12
67
4
4
45
50
1
13
161
376
43
145
97
394
195
20
319
556
3
1
35
40
17
7
17
5
14
306
209
1
16
13
386
8
2
28
1
352
1
2
75
113
31
10
13
103
17
26
64
1
2
4
16
5
3
104
2
129
36
57
2
15
21
387
7
437
1
5
9
88
5
1
3
150
355
138
4
3
4
16
3
2
19
2
156
3
2
2
6
5
101
46
72
414
86
276
319
20
2
6
2
28
3
4
3
12
2
16
88
20
229
3
25
19
19
387
17
3
313
22
53
56
1
4
28
