1
34
93
145
316
91
41
39
12
31
1
3
39
39
245
44
281
32
213
101
6
19
2
13
185
1
2
322
13
1
529
467
235
1
81
204
10
170
9
24
46
8
55
31
32
2
48
19
318
64
3
25
7
117
422
25
82
40
35
7
51
621
170
54
115
37
150
10
10
360
7
2
82
349
35
193
44
359
16
39
7
465
1
93
658
238
95
27
14
39
235
10
1
16
308
79
349
278
197
52
54
9
229
317
379
54
5
50
20
41
23
1
11
28
109
105
1
440
349
57
290
93
65
22
6
113
49
12
47
100
6
30
94
33
48
33
1
49
1
16
1
424
1
3
26
177
38
414
90
56
440
22
1
473
400
3
1
174
66
5
1
326
55
75
105
438
4
41
92
7
83
566
62
83
152
6
7
243
623
7
90
11
18
11
219
353
1
2
3
22
1
5
14
55
1
124
8
3
1
9
7
37
412
3
3
84
9
4
18
401
94
3
2
33
2
310
60
224
24
180
6
63
4
5
154
11
35
95
85
1
39
35
22
141
500
14
12
211
88
5
5
23
2
9
1
159
28
50
9
38
61
5
2
13
35
129
93
15
16
439
39
21
4
15
22
2
8
37
1
37
58
84
1
136
8
1
110
293
318
128
37
10
27
1
111
1
53
68
12
59
34
42
39
6
14
23
226
10
8
23
4
27
11
12
1
335
28
39
58
232
4
53
221
30
94
3
21
88
3
117
2
1
287
30
82
1
34
31
22
2
12
2
357
19
21
34
4
3
269
1
5
11
47
82
11
1
146
93
35
2
20
40
29
55
226
1
2
11
3
11
6
9
118
58
33
15
28
3
2
405
28
103
82
110
241
8
6
1
1
3
6
1
12
2
63
30
50
153
35
47
15
3
21
3
24
12
62
23
27
27
4
19
44
1
78
2
3
27
92
29
10
35
36
159
195
267
66
73
10
2
218
20
6
73
132
1
19
2
258
1
45
7
56
75
18
5
5
28
6
7
58
5
26
22
6
7
23
31
31
168
2
1
11
16
70
324
34
7
6
3
2
26
21
47
9
256
115
5
166
32
14
87
1
64
10
8
23
18
93
17
2
26
2
301
128
46
1
216
21
154
6
94
33
468
7
22
29
4
98
81
4
82
40
13
18
189
90
11
1
27
81
5
225
152
31
2
66
5
9
154
130
84
224
1
68
1
198
3
147
25
22
16
140
273
1
9
1
73
11
4
83
15
8
85
9
16
128
12
133
109
100
4
114
3
21
13
3
1
31
61
56
42
232
16
130
17
8
53
13
34
3
235
246
22
42
34
16
52
1
6
39
58
2
139
86
3
40
40
1
34
27
8
165
10
25
50
15
6
19
5
12
47
226
33
35
53
53
48
57
32
13
64
6
26
21
58
69
5
23
3
1
27
27
19
43
6
39
93
6
4
8
307
1
5
5
22
26
11
2
7
31
139
118
14
62
40
25
90
9
71
6
39
50
1
32
63
1
19
54
3
6
36
1
151
23
2
47
3
139
32
5
4
13
90
103
19
35
47
19
4
28
47
157
5
2
268
34
71
7
368
189
50
164
55
30
41
88
36
29
1
46
30
67
1
269
297
17
62
28
9
11
6
9
137
35
5
72
33
5
77
37
52
43
37
12
16
58
13
108
18
1
6
151
285
21
186
206
11
78
2
3
32
22
43
261
61
299
73
383
158
21
6
226
250
12
5
11
6
244
2
3
31
34
3
123
7
35
287
74
371
113
27
23
7
2
522
398
7
37
130
2
385
28
44
290
2
49
17
7
23
394
60
167
85
19
173
31
78
15
38
27
3
1
5
95
1
6
1
2
6
11
1
1
2
1
2
1
1
1
8
1
1
1
82
1
7
1
2
18
1
1
1
10
1
3
4
1
12
1
1
2
5
2
1
1
2
3
32
1
2
1
20
2
12
2
2
1
3
2
1
13
28
8
1
1
1
1
2
1
1
1
1
1
9
1
1
28
1
1
50
1
2
3
1
2
1
50
1
383
22
7
1
2
1
1
52
5
1
7
1
1
17
4
1
25
1
1
7
1
5
1
1
33
89
2
8
5
1
7
2
1
13
1
117
2
1
3
1
2
4
4
165
2
1
1
6
22
1
1
2
51
100
6
1
3
1
2
1
2
1
1
4
1
5
1
1
2
1
1
21
258
2
1
4
4
1
3
1
416
1
3
1
1
1
1
1
1
1
2
1
2
11
1
1
12
1
1
6
8
6
2
1
3
1
2
1
1
5
1
1
4
1
1
42
1
4
8
1
1
1
2
157
1
2
1
1
4
1
1
1
2
1
5
2
1
4
2
10
2
1
4
1
4
1
1
1
1
3
1
1
2
2
2
2
1
2
295
1
1
1
13
1
5
2
3
1
2
1
1
1
298
1
1
1
9
1
2
2
2
30
1
1
1
1
3
13
5
1
1
5
89
1
7
7
1
3
1
5
123
1
1
16
5
1
3
1
1
1
10
1
1
2
1
1
2
7
2
2
1
1
1
1
2
36
16
1
1
4
1
6
1
1
1
298
29
1
6
218
1
2
1
4
2
1
1
4
1
1
4
1
1
5
1
3
2
1
1
2
9
5
1
6
10
1
4
6
1
2
2
2
4
1
3
2
1
2
1
2
1
5
1
3
7
1
54
1
2
21
10
1
1
1
2
3
32
2
2
1
1
1
3
1
3
1
4
28
3
1
2
1
1
1
2
1
1
3
2
1
6
1
1
1
2
2
10
1
15
1
122
5
2
1
1
1
2
3
1
1
3
23
1
5
2
1
5
151
1
1
1
1
37
4
2
1
1
1
1
32
2
1
2
2
4
1
2
19
1
20
1
7
1
66
1
4
51
1
34
14
1
1
1
1
1
1
4
23
195
1
1
3
1
1
5
1
1
3
2
1
1
3
1
1
1
1
1
3
1
6
430
22
1
5
1
1
1
1
2
2
1
1
1
2
1
1
1
1
63
6
20
1
1
1
1
1
10
1
1
1
7
1
3
3
1
5
4
34
1
11
1
14
2
4
1
6
1
1
15
1
1
2
11
1
1
1
1
1
2
1
57
13
1
1
2
1
1
4
1
16
4
20
23
2
1
2
3
4
1
1
1
319
1
2
25
1
61
2
3
4
3
4
4
1
2
5
1
1
7
1
2
1
1
1
2
11
1
226
16
1
1
1
1
1
1
1
1
1
1
3
4
1
2
7
1
1
2
1
22
2
496
1
30
29
1
4
7
36
252
11
1
1
1
1
2
1
1
1
47
2
1
30
1
6
85
124
1
1
1
1
2
1
3
1
1
2
1
1
561
1
1
1
2
1
111
98
1
1
2
1
1
16
2
21
1
48
1
1
1
3
1
6
54
2
5
11
4
1
1
6
8
3
30
1
1
33
5
1
7
2
2
383
247
5
2
1
1
1
1
1
5
67
18
12
5
1
1
1
1
4
3
4
34
1
2
1
1
1
12
1
1
4
4
185
1
4
3
1
1
6
1
91
2
1
1
2
7
1
9
3
1
1
3
1
1
1
1
1
2
1
15
1
1
1
1
1
1
16
1
4
57
1
1
1
1
1
1
1
1
1
1
1
31
6
27
1
10
1
2
25
2
1
2
1
2
1
1
3
1
1
1
1
1
1
2
3
6
1
2
4
8
36
1
1
3
17
3
1
30
26
8
1
1
5
2
12
1
1
1
1
13
9
1
1
1
1
1
335
1
1
3
1
1
1
78
5
2
4
2
1
1
1
1
1
1
2
1
2
1
1
2
14
27
2
1
6
3
1
1
1
1
1
1
163
1
1
1
1
361
1
29
9
8
1
5
1
25
34
1
2
2
12
3
1
1
1
1
2
1
1
1
2
1
1
1
2
93
4
1
1
1
17
5
1
1
1
2
1
1
2
2
1
4
1
1
1
2
1
4
2
2
4
1
5
1
1
2
2
1
20
2
1
2
436
2
8
1
4
2
10
6
2
23
33
2
1
17
1
14
1
36
8
36
1
1
3
9
2
1
1
1
1
3
3
1
1
3
1
1
2
1
1
8
1
59
1
1
6
1
9
1
6
1
1
2
12
1
2
353
1
1
1
2
4
51
64
1
1
5
1
1
1
1
1
14
2
2
1
1
1
1
5
4
1
9
1
1
4
1
8
1
2
2
19
1
2
7
5
2
1
1
2
1
20
1
1
1
6
6
1
1
1
1
5
1
4
3
1
3
2
4
4
52
20
2
1
1
1
14
3
9
2
1
1
1
1
1
2
3
3
18
2
4
2
1
1
1
1
4
1
6
1
1
1
19
1
1
1
5
11
4
8
4
1
1
1
4
1
10
1
20
1
2
1
58
1
1
2
1
57
8
1
25
1
2
371
1
19
5
9
2
1
2
2
1
1
2
1
289
1
1
19
1
3
1
1
1
2
1
1
2
2
1
2
4
16
3
45
2
2
2
5
1
5
1
1
13
2
1
1
3
16
176
4
47
1
1
11
1
1
1
2
11
4
1
4
1
6
1
1
1
1
2
1
1
1
341
1
2
3
10
2
1
1
2
78
6
1
6
1
3
1
7
1
1
21
1
1
1
5
1
1
3
8
3
1
1
14
27
1
5
5
1
1
4
1
1
3
2
34
1
1
2
1
3
9
4
6
1
33
1
1
2
1
2
476
2
1
1
6
1
1
7
1
6
2
1
1
67
8
1
21
5
2
1
7
1
1
1
1
1
1
1
2
73
1
1
2
1
1
11
1
2
1
21
1
1
1
6
8
1
12
12
1
1
1
8
7
3
2
1
2
1
2
2
21
1
34
25
6
1
2
1
6
1
1
6
3
1
1
2
28
2
3
1
6
1
1
2
2
82
10
7
57
2
18
3
1
2
2
2
2
2
2
1
2
3
13
1
1
1
5
2
1
2
2
6
1
1
1
18
1
1
1
1
1
1
1
1
10
3
4
2
8
3
1
1
10
2
1
1
3
1
1
42
1
6
1
1
1
2
1
51
3
1
63
1
4
1
1
1
1
1
52
3
2
1
5
5
6
1
1
1
1
13
1
8
6
10
9
4
1
1
1
1
38
1
1
1
3
3
14
14
6
1
19
1
1
1
1
47
2
56
1
2
1
5
1
11
4
6
1
1
1
1
1
1
1
1
2
1
2
1
3
1
1
3
4
186
1
1
1
1
3
45
6
54
1
1
3
1
183
1
2
1
1
1
1
16
1
1
1
55
5
1
7
1
93
10
1
2
49
1
3
1
74
5
1
1
5
1
1
1
28
4
10
1
1
3
25
20
4
1
1
1
1
102
1
2
1
4
1
1
17
1
1
1
1
2
4
2
7
44
1
8
18
1
1
1
3
2
12
1
8
7
18
1
13
6
1
7
1
1
1
1
1
3
1
15
3
2
6
8
255
9
1
7
1
17
3
5
101
11
3
6
2
1
1
17
1
15
2
1
4
1
12
1
1
1
9
1
1
153
6
2
3
5
1
1
1
1
1
1
1
1
9
3
1
47
1
1
1
219
1
1
1
5
10
4
6
2
2
1
1
2
43
1
2
1
10
4
1
17
1
1
9
3
1
19
2
1
1
2
190
5
1
1
2
7
1
1
1
7
8
8
1
1
1
1
1
9
92
16
2
1
73
2
3
1
1
3
1
1
1
8
11
1
1
35
5
1
1
8
2
6
1
3
6
2
24
16
2
2
1
1
38
3
1
2
1
1
2
2
17
48
7
1
1
1
1
6
1
10
1
31
1
1
2
13
3
1
110
5
2
1
1
3
1
3
8
2
3
1
50
1
1
44
4
8
103
1
1
5
1
1
41
1
1
1
1
1
1
1
1
2
6
2
1
1
1
1
2
82
6
3
1
16
1
1
39
1
1
1
1
1
1
1
1
1
1
1
2
2
38
1
2
1
1
15
4
1
1
1
1
3
7
2
18
5
1
5
1
1
2
7
1
1
2
18
1
256
1
1
2
4
8
1
1
1
11
8
1
35
1
27
1
8
53
1
312
2
7
297
5
3
39
4
4
1
1
9
1
2
1
1
1
1
1
1
1
38
1
8
3
1
1
1
7
85
2
1
1
1
10
1
2
1
4
9
1
12
2
30
1
4
1
1
2
46
2
62
64
1
25
1
29
1
21
1
11
3
1
1
103
5
36
1
1
2
1
1
5
1
8
1
1
15
1
6
1
1
2
1
13
6
58
1
8
17
35
2
29
4
6
67
1
1
57
1
6
1
1
32
2
61
1
2
101
2
2
3
1
260
2
2
1
44
7
1
3
2
10
45
4
92
1
49
1
8
19
1
13
7
30
1
2
1
1
1
2
9
1
1
1
6
1
2
2
8
1
2
2
1
1
6
1
1
46
1
1
4
1
1
13
1
1
4
4
8
27
28
1
1
2
2
30
1
4
1
1
1
1
1
1
67
1
1
1
1
1
3
1
2
1
1
1
299
2
1
4
133
4
1
1
1
1
10
1
1
2
2
63
2
1
1
9
5
3
81
1
6
1
18
4
2
1
9
2
3
3
1
1
2
1
1
1
1
1
1
7
1
1
2
118
9
1
1
4
4
1
1
1
1
9
2
1
1
1
1
3
1
1
1
72
2
6
9
1
2
18
1
1
54
6
1
2
1
1
2
1
1
1
2
2
1
41
5
19
1
43
69
2
1
1
1
1
4
2
20
7
1
1
1
124
2
1
32
1
3
1
19
1
1
93
2
1
1
2
1
4
1
1
328
1
1
1
1
119
1
25
1
2
2
1
1
1
1
61
1
6
3
1
10
3
2
1
14
1
1
2
59
1
77
1
2
1
1
98
1
13
1
1
3
1
4
2
1
1
1
1
1
1
2
23
1
1
1
4
1
1
8
3
3
1
1
1
2
3
1
1
12
1
1
59
1
1
1
2
2
1
1
1
1
1
1
1
1
6
1
52
1
1
5
1
1
1
11
1
21
1
233
7
1
4
1
4
12
1
4
3
1
1
1
47
4
4
1
4
1
3
1
3
1
1
2
2
7
1
1
2
1
2
8
35
1
1
7
1
2
31
1
2
454
2
1
6
77
11
1
5
1
36
25
1
1
1
2
4
306
1
1
4
137
3
1
1
1
5
39
1
7
2
20
9
1
1
4
1
2
1
17
99
1
1
27
1
2
2
1
2
1
2
52
10
1
49
10
14
16
1
1
1
2
1
1
2
1
105
1
1
1
1
10
6
1
1
2
2
4
1
95
1
18
1
11
1
35
1
9
1
1
1
30
37
1
15
44
1
1
1
1
4
1
1
1
1
85
1
1
3
1
1
1
36
2
1
56
1
4
1
4
1
1
1
2
1
1
40
22
6
2
1
1
26
3
1
11
1
1
7
1
1
2
15
36
1
2
1
1
54
18
1
1
1
1
2
1
2
5
4
2
2
2
1
1
3
1
19
17
6
3
1
2
1
23
4
1
150
1
1
2
1
3
1
1
1
1
1
66
3
2
1
1
1
1
3
1
5
1
2
15
1
6
1
1
1
18
3
12
1
6
2
3
1
1
1
4
37
14
1
31
1
1
5
3
7
4
1
363
1
1
1
2
1
35
3
1
1
26
2
95
1
9
1
1
1
1
1
2
7
13
1
1
1
1
5
30
11
9
99
1
46
133
1
38
4
158
1
2
2
2
61
1
1
2
1
1
1
3
1
7
2
16
27
7
1
1
9
1
1
12
3
1
1
1
6
1
1
1
2
1
408
1
1
1
1
1
2
1
1
21
1
2
2
1
135
1
1
1
1
1
1
1
1
3
3
186
2
1
1
1
17
4
9
11
1
2
2
3
4
1
1
10
1
11
1
9
2
1
28
1
17
1
2
8
2
1
1
2
2
76
1
1
2
7
15
2
89
3
5
26
31
3
1
1
1
4
5
1
73
1
1
1
1
2
1
1
3
1
136
1
1
1
49
1
8
2
3
1
1
2
1
6
16
1
4
1
3
7
38
2
7
1
60
1
1
1
1
2
16
1
1
3
3
68
1
1
3
3
1
8
37
4
1
1
1
1
1
5
1
194
2
1
16
3
1
2
2
1
1
2
121
1
2
1
7
1
11
4
12
2
1
1
1
4
1
1
3
31
2
71
1
5
1
32
44
1
1
97
1
3
4
1
5
2
1
1
5
7
11
4
1
1
1
2
1
1
1
1
12
8
1
1
1
3
1
29
261
5
1
3
1
1
3
13
1
1
1
1
44
12
1
3
2
3
2
1
3
34
1
2
1
8
3
292
3
19
28
1
1
1
3
6
3
4
75
2
72
1
1
1
2
1
1
1
5
1
2
12
1
1
1
10
1
1
1
1
4
71
1
1
2
1
1
2
1
11
1
1
5
5
4
1
4
4
1
12
11
1
1
6
1
1
11
6
1
1
24
3
3
6
3
1
1
18
4
8
29
17
3
1
3
2
1
1
3
1
4
3
239
3
1
1
14
7
108
1
111
1
2
1
1
6
387
1
1
1
1
1
1
4
5
1
31
1
1
1
1
1
2
1
1
117
2
1
3
9
1
1
5
13
2
1
1
3
63
10
1
1
1
4
18
3
4
4
2
1
4
1
6
1
1
1
1
5
2
1
8
1
1
35
1
1
2
1
1
2
1
24
20
1
20
2
2
1
1
2
1
13
1
3
1
1
1
35
1
3
1
1
1
12
5
1
8
23
1
1
3
1
9
1
2
3
3
108
6
2
210
8
1
1
1
5
1
30
1
1
1
1
1
1
1
1
1
1
1
1
12
5
18
1
2
3
32
1
1
1
1
1
3
3
1
57
2
1
1
1
25
1
4
2
3
1
4
12
1
1
1
1
1
10
1
4
31
2
2
2
1
3
1
1
3
2
38
1
1
1
2
1
1
1
1
2
1
1
17
1
31
9
1
4
1
1
2
1
4
1
1
1
1
1
10
1
1
1
4
2
1
4
1
80
2
1
2
4
1
23
10
72
1
2
30
3
1
2
1
1
1
1
4
9
95
217
1
4
1
1
3
1
1
1
18
13
1
4
23
8
4
1
1
1
11
17
3
220
8
1
2
56
3
1
2
15
2
1
36
1
2
4
1
14
2
1
1
3
1
1
1
25
1
1
1
1
3
1
7
2
16
366
46
2
11
1
1
1
2
1
1
6
1
1
3
6
23
1
7
3
1
1
2
1
1
1
9
1
4
1
2
3
2
34
1
1
1
2
1
3
2
5
9
6
1
2
1
5
3
1
3
1
1
8
5
1
20
1
17
2
2
1
1
3
12
157
8
5
1
1
19
1
3
1
7
3
1
8
52
1
3
8
1
128
1
29
1
1
1
1
4
1
1
4
1
1
2
19
2
29
5
124
1
5
2
44
1
5
2
1
77
1
1
3
3
3
2
1
1
6
3
3
3
1
1
1
37
2
4
20
1
2
1
1
2
1
2
1
1
5
2
1
1
1
1
1
1
1
1
10
1
7
1
2
10
5
8
1
7
13
1
1
1
2
1
1
1
3
1
3
2
2
2
1
1
1
1
2
4
18
1
2
1
1
1
3
5
1
1
40
1
1
4
2
11
3
2
283
17
1
1
1
2
1
12
3
22
84
1
1
1
1
3
1
3
264
1
2
1
7
1
4
1
1
2
31
7
1
11
3
234
4
1
2
114
5
26
2
7
1
2
1
9
1
1
2
4
1
1
1
1
1
11
2
1
1
1
33
2
1
6
33
17
13
1
2
1
14
1
1
7
2
7
1
2
3
1
1
8
1
1
5
4
2
1
4
16
5
1
1
1
1
1
2
2
1
3
32
1
5
1
6
1
1
1
10
1
1
3
12
4
1
1
2
1
39
8
1
15
1
1
1
2
1
18
16
1
38
1
1
114
1
1
1
8
1
1
39
188
2
1
1
2
33
1
1
4
5
2
1
1
11
15
1
10
1
1
1
2
1
1
4
11
1
1
3
1
5
1
1
1
1
1
2
7
12
352
1
1
1
5
2
53
2
1
1
4
1
10
11
9
1
1
4
1
1
1
14
76
9
1
1
1
39
274
1
11
64
1
1
34
1
1
25
2
4
1
1
1
1
1
1
1
1
2
1
138
4
18
95
2
45
469
1
262
3
1
1
1
11
2
330
2
2
1
1
2
1
1
1
3
43
1
1
1
1
11
1
4
21
2
1
1
1
4
12
1
49
2
1
1
3
1
1
1
2
1
1
1
2
6
2
1
10
1
4
1
1
40
1
1
62
2
11
1
1
1
35
1
2
2
24
2
1
1
4
3
4
2
173
1
2
19
7
1
1
2
1
3
1
8
2
1
1
4
7
2
12
13
2
1
1
2
1
1
4
2
3
14
1
15
1
29
80
5
1
3
1
49
4
1
4
20
1
5
1
1
1
1
1
1
1
2
2
1
2
12
139
1
2
1
1
3
6
1
296
1
1
2
1
1
1
2
1
5
1
3
435
8
1
1
11
1
1
1
1
1
1
3
1
2
1
2
7
1
1
2
1
1
4
1
20
21
2
3
2
1
3
1
1
1
1
8
3
1
2
7
1
2
2
2
1
1
1
1
1
1
1
7
2
1
1
7
81
1
19
7
2
2
10
1
1
32
10
1
135
1
175
1
4
1
1
14
3
1
1
42
48
3
1
3
21
522
1
2
1
6
1
1
1
1
1
3
2
2
68
1
68
1
2
18
3
1
8
2
16
1
2
1
1
1
1
226
3
1
1
21
1
6
307
1
3
4
1
10
8
1
1
4
61
1
2
28
1
4
1
1
29
1
4
8
30
1
1
1
2
2
44
19
2
1
107
2
1
3
136
2
1
1
2
4
2
1
4
1
4
1
5
25
2
133
27
55
2
1
1
3
5
16
15
2
5
20
1
1
1
1
1
1
190
12
3
1
3
1
1
1
2
2
1
2
1
2
1
3
4
12
1
2
2
2
1
1
16
1
4
7
1
2
1
1
1
43
1
3
1
2
8
1
2
2
1
29
1
1
2
1
1
1
3
2
1
8
1
10
2
1
1
32
1
1
4
7
10
4
12
1
1
2
1
2
2
4
1
1
1
3
5
10
1
1
1
2
1
1
1
2
2
2
4
1
2
3
1
90
2
1
8
1
1
14
1
1
1
2
1
1
1
90
24
14
1
2
38
3
1
1
5
1
17
1
1
1
1
1
1
1
6
2
1
1
1
1
1
1
1
1
1
62
1
1
1
1
17
28
2
2
1
1
3
6
1
3
2
1
1
1
9
1
3
7
1
28
1
1
1
4
3
1
2
27
1
1
90
1
1
3
1
20
4
1
2
13
109
1
8
4
2
3
1
1
1
3
1
11
34
1
2
1
2
1
8
42
1
22
8
1
3
1
1
8
3
1
1
10
1
1
2
1
1
5
1
1
5
1
1
1
5
9
1
1
3
1
1
5
1
1
1
2
1
170
1
1
1
1
11
19
36
98
1
5
1
1
2
2
9
1
1
1
19
1
2
1
1
1
1
14
8
3
1
4
1
2
77
12
2
2
19
1
1
1
2
2
1
1
2
1
1
2
1
6
4
19
8
13
1
1
2
1
2
36
4
2
2
1
2
3
5
1
16
2
1
4
4
1
2
1
1
1
12
28
6
2
3
1
1
5
3
9
2
1
5
1
3
3
1
11
1
4
1
4
1
1
1
1
1
1
1
2
1
8
1
1
6
1
9
1
1
1
2
1
3
1
1
1
1
1
35
2
2
2
1
4
7
2
3
3
2
18
1
4
1
4
1
5
1
5
5
1
1
9
1
52
1
1
2
1
1
1
1
5
1
2
8
1
17
2
1
2
25
4
4
1
3
3
2
2
3
23
4
3
5
1
5
2
4
1
1
1
2
6
4
1
118
1
1
2
2
21
425
1
1
22
1
35
13
3
1
1
17
5
1
1
3
1
1
1
1
1
1
165
1
1
18
3
4
1
1
18
1
2
51
1
5
60
1
1
1
11
1
6
1
3
1
2
1
1
3
1
11
2
1
1
1
1
1
407
1
2
4
1
4
1
2
12
1
1
7
4
5
2
1
2
3
1
1
1
1
1
8
1
9
30
1
1
1
34
2
7
2
1
2
1
224
2
1
8
1
1
1
16
1
3
16
2
1
8
1
547
1
3
2
5
61
2
1
2
1
13
5
1
8
27
2
1
1
1
19
1
5
2
4
1
3
1
2
1
1
28
1
3
1
10
79
1
2
16
2
1
3
24
47
4
2
1
4
1
2
1
1
1
34
1
3
1
1
1
1
13
1
1
108
1
1
30
31
1
4
2
4
2
1
1
1
5
25
1
1
76
1
1
3
8
1
5
1
1
1
1
6
1
14
6
1
4
1
17
1
1
1
43
15
1
4
3
4
3
2
6
2
1
25
3
3
22
1
2
1
2
2
5
2
1
1
23
2
138
1
8
1
51
1
1
14
148
1
1
17
4
2
1
16
1
1
33
7
1
1
30
1
1
2
1
1
1
1
57
1
4
1
1
1
1
1
2
2
1
16
2
2
1
1
2
2
1
5
2
1
1
2
2
1
1
28
1
1
5
2
8
2
1
3
15
10
1
2
40
23
1
2
1
7
1
1
1
1
9
1
1
1
1
13
1
1
6
4
1
6
1
1
6
1
21
1
1
9
2
4
4
6
2
1
1
2
119
2
1
9
1
278
405
2
2
1
1
1
14
1
1
1
2
1
2
1
3
13
1
1
4
3
1
4
1
1
67
1
3
1
2
1
4
521
1
1
20
1
3
17
4
1
1
28
2
55
4
1
82
1
4
6
1
6
20
1
1
1
8
1
1
13
5
2
9
241
1
2
1
1
1
4
1
2
1
1
15
8
2
1
2
1
2
1
1
1
1
2
1
14
3
1
2
2
1
1
2
4
7
4
1
1
1
5
1
5
1
1
1
4
4
34
1
6
3
1
1
1
1
1
1
1
25
1
1
4
1
7
1
3
1
3
1
1
2
1
1
1
1
28
3
23
1
1
1
1
5
2
3
1
45
107
3
4
1
1
16
1
2
1
1
1
1
3
1
2
1
1
28
2
4
354
25
36
1
2
1
2
1
5
7
1
2
3
2
3
3
2
128
2
1
108
3
1
1
2
8
20
1
130
1
1
1
1
1
3
1
2
1
11
4
1
1
1
1
1
2
5
1
1
1
1
1
1
1
1
3
2
2
1
2
1
1
148
6
2
30
1
11
35
1
1
1
1
1
1
1
2
2
1
1
1
1
2
2
3
1
3
1
10
1
1
2
6
1
3
1
7
7
2
20
1
2
1
2
21
1
5
1
25
2
1
1
1
18
1
2
3
1
1
1
1
2
1
3
2
1
1
355
1
1
2
9
60
1
39
1
1
1
2
1
1
1
1
63
5
20
6
1
1
1
1
1
1
2
1
1
3
11
2
114
1
59
1
1
16
1
2
1
1
20
1
331
1
1
2
10
1
5
371
3
1
25
1
1
1
1
1
3
1
1
352
5
3
1
4
1
1
2
1
2
2
1
1
4
2
3
3
2
2
46
1
1
10
58
1
1
91
4
1
31
4
1
2
1
1
1
1
16
8
4
1
3
1
1
1
1
1
12
7
22
1
5
1
141
3
1
1
85
1
12
4
1
2
1
26
1
1
1
3
75
1
1
1
3
2
1
2
3
1
302
1
521
23
1
5
12
2
1
1
25
1
11
2
1
25
1
1
1
1
2
1
1
2
1
23
1
1
1
1
5
61
1
1
1
2
1
2
5
2
1
1
2
1
2
3
1
1
7
1
1
1
1
1
2
104
1
1
1
1
1
79
1
1
1
1
5
1
3
1
13
84
1
34
2
1
3
1
2
1
9
4
8
1
1
1
1
8
1
19
1
15
1
1
40
1
1
1
1
1
1
1
20
1
1
12
1
1
1
1
1
1
5
11
1
4
3
6
42
2
1
1
2
8
6
1
1
2
10
121
38
3
1
1
1
2
1
1
34
1
105
1
1
2
1
2
1
1
5
3
1
1
2
1
1
1
1
2
1
20
3
1
1
29
3
29
2
1
2
1
1
1
4
2
3
1
22
4
1
2
9
1
1
1
5
2
1
1
1
1
1
6
1
3
2
1
1
1
1
1
1
6
5
22
1
2
1
1
28
2
1
1
1
3
1
16
1
1
1
20
1
1
1
13
1
6
1
1
2
9
1
2
1
1
1
2
2
1
1
10
5
1
3
6
3
4
1
78
21
29
3
1
1
2
9
1
10
2
3
1
1
3
1
1
1
1
2
1
1
17
3
1
2
17
2
86
3
1
2
1
6
1
5
1
1
1
161
1
1
409
1
1
1
1
1
16
1
17
46
6
4
15
40
1
12
9
6
7
1
1
89
1
1
47
1
4
2
2
4
1
2
1
1
8
1
1
44
1
1
1
35
4
42
1
39
67
1
3
2
1
11
1
2
1
1
1
2
1
1
4
1
5
1
1
4
5
35
1
1
1
2
3
6
3
2
31
16
48
1
6
1
5
1
4
1
1
16
2
16
2
1
1
1
5
32
1
1
1
8
16
7
1
1
3
2
1
1
3
1
1
28
49
1
2
1
1
1
1
1
1
1
10
2
1
3
1
2
1
1
1
42
1
1
1
2
1
5
1
9
1
3
1
1
5
7
2
2
1
2
4
12
4
1
1
16
1
3
31
1
9
4
34
7
5
1
1
1
1
2
1
1
53
3
9
1
1
1
6
1
1
1
7
19
4
3
1
1
1
52
1
2
2
1
1
3
1
1
1
2
15
1
3
22
1
6
178
2
2
2
47
25
1
2
1
1
5
4
3
4
1
4
24
1
9
15
1
2
1
1
1
1
1
14
3
5
8
1
1
125
19
2
1
3
1
1
1
5
1
1
5
2
3
1
1
3
3
1
2
1
1
1
2
9
1
1
11
2
1
2
1
2
1
1
2
3
1
35
66
1
522
1
1
55
545
1
1
5
2
5
1
3
1
1
2
2
12
5
12
5
8
6
1
13
1
1
6
4
7
1
1
379
1
1
1
44
3
1
5
7
88
1
1
1
1
1
2
1
1
2
23
53
1
1
1
2
2
1
2
1
1
1
28
2
1
1
1
11
27
8
6
2
184
5
2
3
1
5
1
4
1
7
1
1
20
1
1
2
7
6
3
4
1
2
1
1
1
1
1
1
4
2
1
1
1
1
1
28
27
1
6
1
1
6
5
2
5
1
1
2
2
1
3
1
2
5
1
2
11
1
1
208
1
54
1
1
1
1
1
31
1
1
1
2
1
1
33
1
1
3
4
1
1
1
2
1
10
135
1
4
1
1
1
1
3
1
1
1
1
15
4
1
17
1
1
1
2
4
1
20
15
1
5
1
5
1
1
1
1
2
1
2
1
1
1
1
1
1
5
1
269
11
2
1
3
17
2
1
1
1
1
3
2
1
3
1
1
7
7
1
4
1
1
3
1
2
1
69
35
7
3
1
1
1
1
3
19
86
1
1
1
1
3
170
1
1
1
1
4
21
1
139
5
32
1
1
19
2
1
25
24
3
5
1
2
23
26
1
2
1
1
76
1
1
2
18
37
35
1
1
1
1
1
1
4
2
6
1
1
11
1
7
5
1
79
1
2
1
1
1
1
3
3
22
1
1
2
2
1
1
1
2
1
1
2
2
14
50
208
1
40
1
2
2
1
3
29
8
1
1
11
1
2
1
1
1
1
4
78
1
9
8
1
1
20
1
1
1
1
1
1
7
2
44
1
2
1
2
2
1
1
1
113
1
1
4
5
2
4
1
1
1
16
18
1
1
15
6
1
36
1
12
3
2
30
1
1
1
6
9
1
4
1
1
1
2
16
77
1
1
1
1
3
7
3
1
1
9
1
25
1
6
2
17
50
1
4
2
72
1
7
1
1
1
3
11
1
1
1
1
1
1
1
1
1
1
1
3
1
1
1
2
2
2
1
2
2
1
1
4
1
1
1
1
1
1
1
1
2
1
17
4
1
1
1
1
1
1
26
2
1
139
1
1
1
1
2
84
1
1
1
28
1
1
3
22
1
6
1
5
5
1
3
2
2
1
5
1
3
1
6
1
6
2
13
1
1
1
6
66
1
2
1
1
1
9
22
2
44
1
1
220
1
2
2
4
3
1
65
1
1
1
5
1
2
1
1
1
4
2
2
1
28
2
1
16
1
1
7
6
4
1
1
1
2
1
1
1
189
1
1
7
3
1
27
1
1
2
1
2
1
8
2
1
3
20
1
1
71
1
3
42
1
1
68
1
1
10
7
1
2
16
25
2
1
1
6
10
3
1
81
10
5
1
1
4
1
2
2
1
1
1
1
2
1
1
3
13
1
1
28
1
21
5
1
3
1
1
2
1
1
2
1
2
2
99
10
17
4
2
1
1
19
3
129
1
18
2
1
7
1
146
3
3
1
2
3
1
1
1
1
1
1
1
1
47
6
1
8
1
3
1
11
2
8
1
5
2
2
1
90
22
1
2
23
5
1
6
7
2
1
3
2
2
38
1
59
1
1
2
1
1
1
1
2
1
5
2
1
1
2
29
1
120
26
2
1
1
2
1
4
1
61
2
10
39
1
1
11
1
46
10
1
1
1
1
11
24
2
8
2
1
29
1
8
13
2
3
3
2
1
5
1
14
1
2
1
12
2
1
2
7
1
2
2
1
1
26
1
32
398
5
1
1
1
1
1
1
2
3
19
8
16
1
1
1
6
72
5
1
1
5
5
10
2
1
93
1
1
2
1
2
1
1
3
1
17
1
1
1
3
17
9
1
1
1
11
3
1
1
2
1
1
1
7
2
18
1
3
13
1
2
13
1
14
1
1
1
109
1
2
1
1
1
1
1
2
7
1
5
4
1
1
2
8
2
1
1
1
9
1
1
1
1
2
1
1
10
1
1
2
4
1
8
2
77
1
1
1
3
1
3
67
1
1
1
50
46
1
32
1
1
2
1
5
1
186
1
11
1
3
2
1
1
1
1
41
2
2
1
2
2
3
2
1
16
1
1
1
1
10
1
1
1
4
6
2
3
164
1
10
1
2
2
1
1
53
11
1
50
3
3
3
1
1
16
1
14
3
4
1
1
1
169
2
1
1
1
1
1
1
2
1
107
1
1
1
1
3
1
2
18
1
1
1
1
1
1
2
1
1
1
1
3
1
1
1
1
1
2
2
38
2
2
1
1
2
4
2
23
1
7
1
5
2
2
1
1
1
1
11
1
1
5
64
3
1
1
1
60
7
1
1
1
1
1
1
1
5
1
8
5
1
1
1
8
1
1
1
1
1
2
291
1
1
24
2
4
1
1
1
1
2
1
1
35
1
2
1
2
16
1
1
1
17
3
2
1
32
2
1
3
1
3
3
1
1
1
1
4
1
1
64
9
1
1
1
2
1
1
1
1
2
2
26
24
1
4
12
1
1
10
1
2
1
2
1
1
1
2
1
2
2
1
2
1
1
42
1
28
1
1
1
1
1
1
4
1
2
1
1
1
1
48
1
5
11
1
2
1
1
15
27
1
3
1
1
244
8
2
1
15
7
1
1
1
5
12
1
4
4
1
4
8
1
1
1
1
9
2
1
1
11
1
3
40
1
4
1
1
6
3
197
4
1
1
36
130
2
1
9
4
1
2
2
79
2
1
1
15
2
40
1
1
1
7
1
1
1
3
3
2
1
1
3
1
16
2
1
8
1
13
12
1
3
2
7
1
1
79
1
1
1
31
1
2
1
1
1
3
1
1
6
2
1
3
2
62
1
2
2
1
11
1
1
1
1
1
94
3
2
1
7
1
1
3
6
2
2
6
12
2
1
3
2
3
1
1
2
21
1
1
2
2
6
4
2
8
2
1
1
1
5
3
73
5
1
1
48
1
2
1
1
1
1
3
71
1
1
6
1
11
1
553
1
1
1
2
2
62
1
2
1
11
1
2
5
1
1
2
1
1
4
70
3
6
12
1
1
2
4
5
1
1
1
1
4
1
1
1
1
1
1
3
15
1
1
2
1
1
1
1
4
117
26
3
8
6
18
1
2
1
2
1
1
3
1
1
2
4
1
1
12
1
1
1
10
1
1
2
1
1
1
1
1
1
1
1
18
1
1
19
12
16
1
1
6
1
2
1
167
1
1
2
1
8
1
6
3
1
1
8
1
1
4
4
1
1
1
1
1
2
1
25
1
1
1
1
1
1
10
1
1
1
1
1
3
1
11
2
1
1
1
5
8
4
2
1
1
1
1
1
2
1
1
4
1
13
1
1
1
43
1
1
1
32
1
230
87
1
1
1
25
1
6
3
1
1
1
15
95
1
2
1
1
10
1
1
1
6
1
1
1
1
34
17
1
3
2
1
1
1
1
11
4
1
1
1
1
1
1
100
3
1
1
4
4
1
15
1
1
1
204
2
1
2
35
1
1
1
1
3
2
23
1
1
1
18
3
1
1
1
4
1
1
5
1
1
2
1
4
1
8
1
5
1
1
2
1
1
1
5
1
1
1
1
2
1
53
1
554
1
1
1
1
17
1
1
1
2
1
4
5
1
1
6
1
1
1
4
2
7
10
3
1
2
2
3
8
3
115
1
20
1
5
46
3
2
9
1
7
3
1
1
3
66
1
1
1
2
11
2
27
2
3
3
6
5
1
1
27
1
1
1
176
7
2
2
1
1
1
1
4
1
3
7
1
1
1
3
3
360
26
75
1
4
1
2
3
2
68
3
1
3
1
4
1
3
1
45
5
1
1
1
2
1
1
1
1
11
65
2
3
2
2
3
14
1
25
78
3
1
1
1
1
1
1
2
1
1
1
1
1
3
2
3
1
1
1
1
26
1
6
22
1
11
1
2
3
1
1
13
1
1
3
1
2
1
1
1
2
1
1
1
1
76
1
2
3
1
1
14
1
19
1
2
2
5
2
1
4
3
4
1
2
1
2
5
1
5
1
2
2
54
1
9
1
18
1
2
1
1
1
1
319
1
1
1
1
4
1
1
11
53
1
2
2
1
4
1
1
4
28
1
1
5
9
8
3
2
1
8
1
1
1
1
1
1
2
1
1
6
1
1
1
2
5
4
1
1
37
13
3
1
2
1
7
16
1
27
1
52
215
20
1
5
2
1
1
2
1
2
138
1
2
1
2
36
4
1
1
1
1
1
6
27
14
9
1
8
4
1
1
7
5
3
2
1
15
1
1
4
9
8
1
1
3
26
5
1
1
2
1
1
27
148
18
1
1
1
1
2
28
4
1
2
2
1
4
8
1
2
42
1
2
1
1
2
1
1
1
1
9
5
13
2
1
1
1
1
32
4
2
3
3
1
6
2
3
2
1
25
64
1
1
1
1
1
1
2
2
1
1
8
50
13
1
2
19
1
1
1
1
1
22
1
3
10
1
1
1
2
2
27
1
13
7
5
2
1
13
2
5
4
1
1
1
4
1
1
3
1
301
5
1
1
1
1
1
1
6
1
22
1
1
4
7
1
1
2
1
1
4
1
1
276
4
1
4
1
4
7
1
13
1
17
1
2
1
3
1
1
43
2
1
2
1
32
1
1
4
2
1
8
1
6
2
7
1
1
1
1
1
2
1
1
1
2
1
5
1
4
35
3
1
97
1
10
16
135
75
1
2
1
1
1
49
1
1
6
3
6
1
4
1
11
1
1
36
1
3
5
5
3
1
1
7
447
1
1
1
1
2
7
1
6
5
350
1
1
6
1
1
30
1
1
92
2
2
58
1
1
1
2
1
1
3
10
2
1
17
58
57
5
12
7
1
8
16
1
4
3
3
1
18
1
1
1
1
2
32
1
14
6
1
5
1
10
1
1
1
1
1
1
1
36
10
1
5
4
2
1
6
1
7
3
2
11
2
7
3
1
5
2
110
1
16
29
2
1
1
1
1
4
1
1
3
1
1
1
6
4
5
1
1
43
1
1
1
2
2
2
2
148
3
1
1
2
6
2
2
7
1
24
2
2
1
1
5
30
13
3
2
12
2
21
1
5
22
1
1
4
13
1
1
1
1
1
1
1
1
15
37
3
1
1
8
1
1
6
12
1
2
1
1
1
1
7
1
2
1
2
1
3
1
6
1
2
65
15
316
73
1
1
2
1
61
1
1
1
1
1
49
10
2
82
13
1
1
1
15
3
2
1
29
6
47
11
201
4
2
16
7
1
1
1
1
2
1
1
10
1
3
1
74
26
3
1
1
2
1
1
2
8
1
1
1
9
53
1
3
1
90
527
1
1
13
71
1
1
1
1
1
129
1
96
1
12
1
2
1
1
1
1
1
253
1
46
1
2
1
44
1
4
5
19
15
8
4
2
1
2
1
1
8
19
41
2
81
1
21
1
1
1
2
2
10
12
2
2
24
1
2
1
2
2
1
1
2
6
82
1
2
13
268
1
2
2
4
48
9
1
1
1
2
18
1
3
1
2
32
14
1
1
11
1
10
1
1
1
2
3
1
1
1
2
1
1
1
11
3
3
82
1
1
2
2
2
1
1
10
7
1
2
1
1
1
1
62
4
1
4
1
2
6
4
1
1
1
1
2
47
1
10
2
31
1
1
29
1
31
1
3
2
68
3
2
11
1
2
1
4
4
1
2
2
3
4
39
48
1
22
4
3
1
1
6
3
1
1
1
1
1
1
7
1
1
2
1
2
2
2
1
1
3
1
2
1
1
43
1
9
4
14
5
1
9
3
1
1
1
1
1
1
1
1
1
2
8
2
130
1
21
2
1
3
2
9
1
1
167
1
2
2
88
1
1
1
3
1
8
10
1
4
3
1
2
2
21
1
1
1
14
1
8
1
1
3
89
1
2
3
1
1
17
1
1
3
452
1
21
4
1
1
3
1
1
1
1
1
1
2
1
40
5
1
1
1
2
1
27
1
2
52
2
5
2
2
1
1
1
1
1
1
22
1
3
1
74
142
11
9
1
4
315
3
53
12
1
2
18
188
104
1
1
1
1
7
23
3
2
1
1
3
9
1
1
2
1
6
1
2
17
1
1
23
14
62
1
1
3
7
4
3
2
27
2
1
1
1
1
1
1
5
34
24
1
36
1
1
1
1
5
1
3
1
5
2
2
1
1
13
4
2
1
36
10
3
1
2
4
1
7
1
2
2
4
1
4
1
1
6
1
1
12
1
74
1
6
1
11
5
1
13
1
11
23
2
1
7
1
8
1
2
1
1
1
2
1
1
1
3
3
3
17
9
11
2
3
2
2
1
1
5
44
30
1
2
1
2
25
303
2
1
1
1
2
157
3
10
1
1
6
1
31
12
1
1
1
2
2
7
3
1
19
3
1
2
1
1
394
3
3
3
3
1
3
252
1
35
1
1
4
2
1
7
1
18
6
1
4
3
1
385
1
1
2
2
1
9
13
1
1
1
2
3
1
1
1
1
3
3
1
1
23
53
1
1
1
2
1
1
1
9
5
26
2
2
1
9
1
3
4
1
4
1
37
4
3
1
1
31
7
6
1
1
59
1
1
1
1
1
1
53
15
1
1
1
1
5
1
282
1
1
2
3
3
9
3
1
2
2
1
8
1
1
2
2
9
1
44
8
1
2
4
36
1
13
1
3
1
6
6
1
1
1
6
26
1
355
5
290
1
57
2
1
4
2
1
1
1
1
5
1
1
1
6
4
1
1
1
14
1
5
2
1
19
2
26
1
1
5
20
1
14
2
7
32
1
1
1
1
1
1
1
1
2
1
1
5
1
6
1
1
1
2
2
1
1
1
7
6
3
6
1
13
19
50
1
1
84
1
1
1
1
62
1
3
1
1
2
6
297
3
6
1
2
75
1
1
2
1
1
1
2
1
1
2
1
1
1
1
1
1
4
1
1
1
5
6
1
1
1
3
1
1
1
3
4
2
2
20
1
1
1
17
2
7
1
1
24
1
1
5
1
320
2
4
1
1
7
6
1
5
1
1
2
1
1
18
1
2
1
1
9
2
1
2
2
1
1
1
1
26
3
1
1
48
1
1
3
2
2
1
1
1
1
2
1
11
1
1
2
1
2
2
183
1
4
1
1
2
1
39
23
5
1
3
2
15
1
8
17
29
1
5
3
3
1
225
5
3
1
3
1
4
3
1
1
1
1
2
2
1
16
3
5
3
2
1
1
1
1
1
1
1
2
1
5
2
1
18
4
6
5
1
11
13
90
9
13
17
2
2
3
44
4
1
6
3
1
33
1
24
5
63
1
1
11
1
1
1
1
2
13
3
8
4
39
10
1
1
1
2
5
4
8
2
1
3
1
1
1
1
11
1
1
2
6
12
1
2
1
2
1
3
9
2
1
1
97
1
1
1
1
1
2
16
1
1
1
5
1
6
1
1
1
56
3
1
1
1
9
1
1
1
1
15
1
1
1
1
3
1
1
2
3
8
1
1
2
1
1
38
99
53
1
1
6
1
2
1
5
1
32
10
22
5
2
1
20
1
61
1
1
1
18
1
1
4
2
2
1
63
25
3
1
1
1
1
3
1
1
4
13
1
1
15
1
24
2
167
1
2
1
430
1
1
1
3
3
2
1
3
1
1
1
2
1
1
2
1
3
1
1
1
1
1
21
1
3
2
1
1
1
1
2
1
3
1
1
1
11
2
1
7
40
6
1
4
1
1
1
1
1
4
1
1
1
113
1
1
2
159
1
14
1
1
1
12
1
113
2
1
1
1
1
3
4
3
53
9
1
5
4
2
1
1
1
2
6
1
5
1
1
1
2
1
1
3
1
2
68
15
1
1
1
1
11
1
1
1
4
1
2
3
2
1
3
9
5
2
11
1
1
1
1
4
1
3
7
1
23
1
1
6
1
1
1
14
1
58
1
67
3
2
2
1
1
1
1
1
1
322
1
1
12
10
1
2
1
1
2
43
1
12
1
5
1
4
25
1
24
1
1
1
1
39
1
3
18
178
1
1
1
11
1
2
1
1
6
3
2
1
6
2
2
5
1
1
1
1
1
9
2
10
1
4
1
1
6
4
3
2
2
14
1
2
1
29
1
5
1
1
1
1
2
3
1
1
5
1
3
4
3
2
291
9
1
1
1
3
26
4
1
1
3
35
1
12
6
1
1
1
1
1
1
15
4
10
1
2
1
2
13
5
1
5
6
2
23
1
1
1
71
2
1
41
28
3
1
5
1
1
1
1
3
1
7
3
2
2
2
1
7
8
1
2
22
38
1
408
1
2
1
1
9
1
1
1
5
1
1
12
8
1
2
1
1
1
2
6
1
1
3
1
10
1
1
1
10
2
43
148
1
1
1
12
2
5
5
19
1
1
1
2
3
1
1
2
28
3
1
1
1
4
1
2
1
1
7
1
58
16
1
37
4
1
1
1
1
1
1
21
34
2
1
1
7
1
9
1
2
1
7
5
4
1
1
2
1
1
1
2
10
12
2
3
3
1
1
115
1
1
1
1
1
1
4
1
9
96
1
1
1
3
1
1
1
1
12
1
2
8
10
1
1
1
4
2
3
1
5
1
1
1
3
454
1
10
8
14
2
1
2
55
2
2
1
2
30
3
1
1
11
1
2
6
3
38
2
1
1
16
27
2
1
4
3
1
1
4
4
1
241
3
5
2
4
1
5
1
1
1
1
2
6
110
2
1
3
2
2
1
3
3
12
1
1
15
1
1
1
1
1
1
534
2
1
2
1
1
1
12
25
80
9
4
2
1
12
15
1
1
3
1
2
1
1
3
2
3
14
1
1
60
1
2
4
30
7
1
1
1
4
4
1
4
1
15
1
1
2
5
2
1
4
53
3
1
1
1
1
2
2
1
2
2
12
2
2
2
1
1
2
4
1
1
1
9
4
1
1
1
2
6
1
1
1
132
1
40
3
66
1
2
1
185
2
1
6
2
23
1
5
2
1
1
3
1
1
1
18
31
3
3
35
4
40
2
4
5
1
4
1
3
1
1
2
2
4
2
2
1
1
2
6
2
1
3
1
5
1
4
1
1
2
5
2
7
1
1
1
2
2
553
2
25
2
1
1
1
1
1
1
2
32
1
1
1
4
2
11
311
2
1
6
1
7
1
2
1
2
1
2
1
1
2
6
2
12
1
3
4
1
3
7
1
1
1
30
1
43
1
2
2
3
1
1
7
3
39
2
1
1
4
1
12
1
1
67
1
2
4
1
1
1
1
2
1
1
1
2
1
23
1
1
4
24
45
2
1
1
1
1
1
1
2
4
1
24
35
4
2
1
1
1
2
1
1
50
5
1
1
5
13
1
1
1
1
161
1
1
1
6
94
1
6
2
2
3
1
26
1
2
1
1
376
2
1
1
1
2
43
1
1
1
1
1
1
5
145
1
97
1
1
1
1
3
1
1
1
1
1
2
394
1
1
13
1
3
1
11
6
1
8
1
3
1
4
22
2
1
1
195
1
20
1
319
1
556
1
1
3
1
3
1
29
1
4
1
1
3
1
1
14
2
2
1
8
2
2
32
2
1
1
1
1
3
1
1
1
7
1
110
2
1
1
2
37
19
6
35
6
3
1
40
1
17
4
1
8
2
1
7
1
18
1
1
1
1
2
1
1
6
1
1
25
1
7
1
4
71
5
17
1
1
6
14
3
1
3
8
1
4
1
1
5
1
1
1
6
1
3
2
1
9
1
6
1
14
1
1
1
3
2
1
3
306
2
3
2
1
1
2
1
2
1
1
1
1
2
16
1
4
1
1
4
1
1
1
1
1
2
1
3
1
2
2
1
2
1
2
6
2
6
5
1
209
1
1
3
1
2
2
1
1
3
3
1
1
1
1
194
1
1
1
2
3
2
4
8
16
1
1
1
3
1
1
1
1
1
1
2
2
1
1
5
1
1
3
2
5
1
2
4
13
1
3
1
1
1
1
1
1
26
1
15
4
60
1
1
5
1
1
1
1
3
1
7
1
5
1
3
386
8
1
16
1
1
2
3
1
1
28
3
2
1
2
3
1
1
352
3
1
1
1
2
1
1
3
7
1
1
1
44
1
2
2
8
2
9
3
1
4
5
70
1
1
8
2
1
1
1
2
1
2
1
1
9
92
5
2
4
3
1
6
2
75
1
4
113
22
1
1
1
2
10
5
5
8
1
3
31
3
7
1
1
1
2
1
39
2
7
5
10
9
9
3
4
1
15
27
17
1
13
1
22
1
1
1
1
1
1
2
17
1
1
1
4
103
1
2
14
6
4
17
1
3
12
3
1
12
26
25
2
5
5
1
3
361
1
64
1
2
1
2
2
1
1
1
2
6
3
1
1
1
6
1
4
1
1
2
1
1
3
2
1
1
2
9
1
2
3
1
8
3
1
1
4
2
3
8
1
1
1
2
1
1
16
12
2
1
1
2
18
5
1
2
1
1
1
1
1
22
3
1
1
1
1
3
1
1
1
8
1
2
1
10
1
148
2
1
1
3
1
1
1
2
1
1
5
1
3
2
6
1
21
2
1
1
1
4
1
1
3
4
2
104
3
1
1
3
2
2
1
2
9
1
129
3
1
1
1
5
2
66
10
1
1
36
1
1
11
1
2
1
1
3
1
1
6
1
3
4
1
57
2
15
1
4
2
74
10
1
3
15
2
2
1
2
2
1
1
1
2
1
1
6
1
1
1
9
64
1
21
1
1
5
2
2
1
1
1
3
18
1
1
387
1
1
9
2
1
1
1
1
7
1
437
7
1
2
1
27
2
5
2
66
1
16
3
12
1
1
1
4
1
1
1
12
1
11
1
3
1
10
1
1
1
1
1
3
3
4
3
11
5
2
2
3
9
3
1
2
1
1
1
1
3
1
12
4
1
4
13
1
1
1
2
11
78
4
1
5
4
2
1
1
2
3
2
88
1
4
5
7
1
1
6
1
2
1
3
5
1
1
2
150
1
2
7
6
355
138
1
8
1
4
2
1
1
2
1
1
1
4
5
14
3
1
2
24
1
12
1
4
3
5
4
1
3
1
1
3
2
1
1
1
2
1
1
6
1
2
1
1
1
4
4
9
11
1
1
3
2
1
17
1
6
1
8
1
1
3
2
16
6
1
1
1
1
2
3
4
5
2
1
3
4
1
1
1
2
1
1
3
66
3
1
1
7
4
2
5
2
19
1
1
1
2
26
4
6
1
1
2
1
2
2
156
1
13
1
3
1
57
1
1
1
5
3
5
1
2
1
1
3
2
1
2
2
1
1
1
4
1
1
1
5
3
2
1
3
1
19
6
2
3
1
1
1
1
7
1
3
47
58
1
1
1
6
3
36
1
1
1
5
3
1
5
2
1
1
1
1
1
1
1
1
2
5
101
1
1
2
1
2
1
2
9
1
2
2
1
1
5
27
4
2
1
1
3
1
1
1
1
3
1
1
2
7
1
9
1
1
1
1
1
46
1
2
1
3
18
1
1
6
2
1
1
1
72
414
1
3
86
1
1
1
2
276
1
2
1
16
12
4
2
1
98
1
1
3
2
55
1
18
319
12
1
1
20
2
6
5
1
4
1
4
4
1
2
1
2
1
2
180
1
1
10
4
1
1
1
1
1
1
1
28
1
1
22
20
3
1
5
6
1
4
1
1
3
4
1
1
1
1
4
4
40
32
3
1
12
1
1
1
1
2
1
1
2
1
1
1
3
1
1
2
16
5
14
44
1
1
88
66
20
1
396
1
5
2
1
1
2
229
5
76
1
1
2
1
2
3
7
7
3
1
2
8
27
1
24
2
1
1
1
1
1
1
10
1
2
1
1
25
1
2
1
1
1
1
1
3
4
1
19
2
4
1
19
5
2
3
3
5
43
387
4
2
9
1
1
3
1
1
1
2
8
80
1
1
18
1
17
3
1
1
2
1
6
1
1
2
1
1
4
1
8
3
1
1
313
2
1
1
22
1
4
1
53
56
1
1
1
3
4
2
1
28
1
1
2
7
1
1
1
3
