14
15
1
21
2
23
3
15
16
20
1
1
1
63
7
4
13
3
4
1
7
1
5
2
5
3
2
6
1
1
2
2
7
10
3
1
3
7
4
8
12
3
17
42
22
2
8
11
14
1
8
2
5
14
46
5
5
25
1
1
7
14
28
4
11
2
17
9
11
11
1
5
2
1
5
3
3
3
1
4
3
8
1
1
11
2
1
1
2
7
14
2
1
1
2
5
7
9
4
2
1
2
2
8
3
24
8
1
6
2
3
16
2
3
23
4
23
14
2
5
3
9
2
2
2
2
3
3
1
2
70
32
2
4
3
6
26
6
4
3
33
1
3
9
3
1
1
9
4
7
5
1
2
5
1
5
4
2
13
3
6
8
2
5
21
2
1
2
9
4
14
1
31
16
7
12
5
2
11
36
1
5
3
11
6
2
44
42
4
5
1
4
7
3
2
35
2
7
70
1
9
4
3
1
1
27
1
13
24
7
1
7
10
5
2
3
2
12
2
2
2
3
2
3
2
2
10
3
2
6
114
1
5
17
6
15
2
2
34
1
21
8
19
5
2
5
1
1
42
2
2
2
5
6
12
1
2
1
4
14
1
1
1
3
10
2
8
1
16
4
1
5
15
7
7
2
18
9
10
1
1
1
2
7
5
2
7
6
2
9
4
5
59
7
6
14
6
40
13
15
12
66
2
3
1
3
1
2
11
3
2
5
2
8
16
2
9
2
8
2
1
5
6
9
3
2
1
1
3
4
7
23
12
2
3
5
10
6
12
6
5
6
1
2
156
9
25
6
1
5
2
5
11
12
3
18
37
1
1
7
7
1
3
1
3
8
3
10
1
1
2
1
11
12
4
14
2
1
3
1
2
1
3
1
1
1
1
3
10
3
25
58
3
32
7
192
6
4
11
3
11
6
2
1
6
2
1
5
3
1
2
4
16
4
4
8
6
2
2
2
5
2
6
3
12
2
2
10
1
4
16
1
1
4
2
5
1
75
3
8
8
3
1
2
20
6
30
3
1
1
1
1
2
5
2
1
22
20
1
6
3
5
1
3
2
2
9
1
5
5
3
1
2
2
2
1
1
7
6
2
1
1
8
49
20
13
1
12
47
16
6
2
3
6
1
2
1
3
2
1
6
10
2
6
2
1
2
1
6
1
11
5
26
2
7
12
2
2
19
2
1
4
4
5
9
16
21
1
3
8
4
1
3
2
1
2
2
1
3
2
25
1
32
4
5
13
4
2
6
1
1
1
1
3
7
2
9
17
2
2
2
4
7
2
13
17
1
1
8
3
1
5
1
6
1
1
29
20
4
6
3
3
12
4
2
3
2
4
21
2
21
15
20
33
2
9
8
1
45
78
26
10
2
1
1
7
5
1
1
3
9
3
1
5
1
11
4
16
3
3
4
1
9
1
1
1
12
1
3
2
5
3
40
1
2
3
4
3
9
8
1
1
3
1
11
14
5
1
12
61
10
5
8
13
2
50
1
14
3
1
1
1
26
3
1
118
1
6
31
1
25
1
2
40
1
9
11
5
2
23
1
2
1
3
7
6
3
4
15
6
14
11
12
10
9
1
8
3
49
2
5
1
5
5
6
8
2
18
13
9
49
13
3
8
2
4
14
8
7
26
1
8
23
2
9
3
5
1
4
4
33
10
2
2
3
2
3
8
8
14
25
4
7
2
1
3
2
10
6
8
9
17
8
1
3
2
23
2
4
3
22
1
3
3
2
22
9
7
17
3
4
3
6
3
2
9
11
1
4
2
2
2
9
15
1
41
1
3
13
2
9
1
15
1
2
5
5
2
22
5
3
1
22
2
1
1
8
4
2
1
3
2
1
11
5
5
5
1
2
2
7
18
7
4
3
6
5
7
16
17
16
10
7
50
9
2
43
3
16
3
17
52
189
5
20
4
3
6
1
2
4
10
16
2
1
18
5
10
1
3
1
1
11
14
2
3
5
3
6
5
3
13
1
20
4
1
4
1
10
1
2
3
29
1
1
4
23
1
1
26
13
22
7
12
2
9
3
1
1
4
9
9
4
253
4
53
1
8
1
7
12
4
6
8
1
1
3
2
1
1
2
4
13
3
23
5
14
21
37
5
6
1
14
1
35
19
20
1
1
3
10
19
5
2
3
1
1
1
3
1
8
1
4
1
1
1
5
16
11
17
18
13
2
2
1
7
3
5
2
8
14
2
32
6
3
4
7
16
6
1
4
1
14
3
4
1
3
12
5
237
3
9
3
4
20
44
6
26
1
4
7
1
1
4
3
6
1
13
1
9
1
4
3
2
18
5
4
40
6
4
30
250
1
32
2
19
2
2
10
2
1
8
2
6
2
3
12
4
6
1
2
33
6
19
2
1
2
8
19
16
1
2
3
6
9
6
8
1
3
9
6
4
1
1
6
10
9
18
3
1
9
4
48
3
1
26
1
4
13
5
10
18
1
61
7
3
15
3
3
12
3
2
2
6
13
3
1
11
6
8
1
10
1
2
3
27
4
49
1
10
2
19
1
1
2
240
22
5
23
1
6
5
3
17
6
3
3
7
1
2
3
11
6
5
1
13
2
28
1
9
52
16
1
18
12
15
2
3
2
4
2
1
5
7
126
1
23
5
4
43
5
3
4
1
3
3
1
6
3
3
6
2
1
13
1
2
22
1
12
22
19
2
6
25
7
3
20
1
1
14
7
1
1
9
5
3
6
7
5
7
6
4
13
4
2
1
25
1
1
2
9
14
1
8
7
1
24
1
18
33
34
1
18
1
2
1
1
55
4
8
6
61
2
6
2
4
7
1
5
1
2
4
5
44
8
31
15
9
14
21
6
2
1
2
1
1
2
8
9
1
8
1
1
5
2
33
149
10
1
1
1
1
16
6
20
19
13
2
2
1
14
2
1
3
5
4
3
36
12
1
4
4
1
3
1
5
2
8
10
4
10
42
25
4
1
259
8
2
1
1
6
2
20
27
1
1
19
1
2
2
1
2
7
10
14
1
5
17
1
80
10
9
2
26
2
1
2
2
41
1
10
25
6
11
1
1
4
9
1
3
1
3
1
3
2
21
2
1
1
4
3
28
13
3
2
1
3
2
2
2
31
12
1
5
1
9
1
10
6
2
7
2
1
1
8
2
4
2
5
3
7
5
5
27
42
2
3
7
2
18
5
78
2
3
49
8
22
4
35
1
37
4
26
5
1
1
1
10
5
14
7
34
7
42
3
2
10
3
10
1
1
3
6
3
2
12
20
7
1
3
3
3
5
5
6
2
2
4
58
1
2
2
1
1
7
2
3
3
2
1
1
1
28
5
4
13
2
10
1
6
4
15
2
8
2
1
1
5
1
1
1
2
35
14
12
21
2
2
3
35
5
2
43
1
2
3
6
10
1
5
1
2
1
4
1
9
5
2
2
10
9
3
10
1
14
2
8
3
23
40
4
38
1
5
4
3
4
2
5
21
1
45
8
1
7
1
9
2
9
15
1
1
5
3
21
130
4
13
3
1
8
6
13
6
3
6
9
64
10
37
12
20
29
51
21
21
11
14
2
6
3
8
167
4
3
8
2
1
2
1
1
7
6
10
3
6
11
2
17
5
3
4
2
5
27
20
2
7
1
13
2
6
2
1
12
5
14
7
4
29
48
1
50
24
1
3
3
6
24
1
1
10
1
1
2
51
21
67
1
3
22
6
9
7
2
1
1
1
12
5
23
1
1
1
14
30
2
2
19
6
4
1
3
2
7
7
1
5
1
12
3
1
2
2
12
9
2
31
