10
24
4
10
1
1
4
225
10
22
137
1
1
29
10
3
2
2
63
16
7
19
5
2
91
10
3
2
8
1
6
46
57
12
8
6
3
3
17
2
18
6
1
2
1
8
3
24
18
5
15
2
3
11
1
22
1
53
1
2
68
18
2
1
32
33
4
57
1
59
2
3
21
1
3
4
2
37
6
1
1
12
1
1
3
1
6
8
10
1
4
18
9
39
4
9
1
11
3
1
3
1
16
3
1
2
16
5
167
71
1
4
1
4
40
5
1
1
2
1
1
3
14
26
8
6
2
5
7
5
5
207
13
47
1
2
29
6
6
2
1
5
31
5
2
1
1
5
5
3
2
10
73
10
16
1
1
7
2
6
1
8
2
5
10
34
1
4
6
2
48
1
58
10
2
60
12
10
59
2
32
1
58
2
1
36
5
1
2
2
3
3
29
1
2
11
6
2
11
1
9
2
3
47
2
97
1
1
26
48
44
30
5
3
40
52
1
6
3
89
13
15
3
20
54
3
1
21
5
1
24
1
19
1
30
50
8
177
33
2
2
9
42
21
14
15
8
10
34
17
2
22
330
3
3
5
5
14
12
1
7
8
1
7
26
23
6
1
1
1
6
3
15
24
3
1
49
17
15
261
1
2
1
1
54
2
1
8
3
8
6
6
28
2
3
10
2
4
2
39
5
1
63
31
12
2
1
1
6
2
1
12
3
4
2
39
31
10
10
8
2
8
4
1
17
1
16
2
23
4
3
7
41
14
1
26
15
12
18
4
9
3
1
6
1
3
14
43
19
4
38
9
15
1
1
3
1
1
9
92
7
11
3
7
18
22
19
12
6
2
10
4
1
2
1
230
2
2
20
4
5
2
14
5
2
26
13
1
4
2
2
7
21
27
310
7
10
2
2
2
43
35
4
53
11
1
21
2
47
2
1
54
2
10
3
7
95
8
4
5
2
9
3
1
1
21
135
6
2
14
1
1
15
10
10
2
4
8
5
1
2
2
5
17
1
14
2
82
37
3
6
3
56
2
5
8
16
1
35
21
2
158
4
2
60
1
51
11
43
1
2
31
8
2
15
1
28
2
30
14
1
1
10
3
60
56
1
1
1
4
5
3
1
3
4
25
36
23
3
8
7
150
2
20
5
3
12
25
14
27
2
18
19
2
1
11
3
5
7
5
3
8
28
11
19
2
3
47
9
2
24
2
4
3
5
1
1
1
5
32
2
4
2
1
4
4
161
4
4
11
4
11
2
16
39
114
1
3
1
3
1
7
10
1
19
4
6
30
3
3
1
1
4
1
20
1
32
6
11
28
5
1
1
6
17
1
74
1
2
4
1
6
26
46
6
3
87
4
3
25
45
1
7
6
11
3
6
12
1
7
56
6
1
11
28
108
162
18
4
7
1
11
30
4
8
6
2
2
1
6
22
2
48
20
4
1
23
14
3
2
2
7
2
6
1
7
9
6
6
23
2
1
11
2
5
8
4
2
2
29
6
6
14
20
28
5
38
4
6
10
3
91
5
9
8
10
43
10
1
8
77
5
1
29
13
4
11
29
8
3
2
3
12
6
1
2
6
5
7
11
10
4
3
2
8
4
38
3
2
3
1
7
1
43
4
15
45
1
89
56
162
3
2
1
4
46
12
4
6
13
50
4
14
6
3
17
8
2
31
43
6
3
108
36
4
16
8
1
13
7
5
8
2
17
1
2
6
5
14
6
1
2
2
8
61
4
14
2
1
5
1
2
1
1
21
4
2
4
1
5
2
9
13
1
20
4
20
13
2
9
15
75
2
3
3
10
3
18
25
3
16
14
1
5
1
1
5
1
21
10
25
51
2
3
9
12
5
24
35
63
1
44
3
103
45
40
2
58
59
3
2
4
47
20
38
10
6
5
1
8
2
8
1
4
13
1
1
4
9
6
26
32
8
13
1
19
30
22
42
30
7
6
12
40
2
3
18
40
2
1
1
1
14
13
10
30
17
40
6
2
1
1
3
1
11
1
12
1
3
28
22
7
2
1
3
2
6
3
5
7
1
41
2
8
37
17
2
265
4
5
3
10
14
2
1
5
10
2
12
49
49
6
3
2
58
41
1
93
1
2
1
31
47
1
2
30
5
2
1
30
51
26
5
2
15
27
9
4
69
21
1
27
18
7
13
13
6
29
1
158
21
51
1
1
2
17
25
9
4
44
5
2
2
73
10
22
3
13
14
9
5
26
2
26
13
3
3
7
5
2
26
1
75
2
2
21
3
15
2
1
2
13
27
11
1
14
4
52
2
1
3
15
88
13
27
3
8
2
16
3
9
9
42
2
1
6
5
61
191
2
122
23
1
8
13
52
14
1
53
12
35
23
5
7
10
25
1
3
1
4
38
1
9
9
260
3
52
10
7
7
18
17
8
111
5
3
26
1
23
23
1
2
5
26
11
23
17
2
1
47
14
17
15
21
1
8
2
4
1
1
1
2
7
14
1
14
34
3
2
1
10
8
1
11
4
5
2
1
1
2
3
13
4
2
41
5
3
20
21
55
1
2
2
9
3
69
22
8
14
9
51
17
46
12
16
274
12
25
1
23
2
6
3
1
2
19
2
2
12
18
6
4
99
1
26
11
54
97
7
3
8
7
1
3
33
40
5
1
47
10
14
6
27
1
2
5
118
1
1
2
46
5
7
1
10
9
4
5
9
11
1
3
2
1
2
15
4
2
2
1
43
2
91
1
37
5
2
1
11
42
1
4
17
4
1
15
24
1
4
5
1
10
42
1
4
34
145
90
1
296
3
30
22
1
8
1
6
2
4
20
12
9
1
29
31
3
23
9
14
38
7
12
5
37
2
1
19
5
6
5
3
4
6
25
54
1
119
22
1
1
3
2
1
3
6
8
15
29
8
1
1
24
42
6
4
1
2
3
18
7
7
18
11
1
6
4
2
12
1
5
1
6
55
2
169
2
11
8
21
3
42
3
1
6
2
3
4
33
42
1
1
5
11
84
20
15
14
227
30
1
13
1
5
2
1
1
46
3
2
15
37
2
30
6
75
1
2
1
35
6
2
4
1
1
6
3
2
12
40
4
1
5
1
37
57
2
2
26
11
37
73
10
4
1
1
3
14
2
6
4
60
5
9
4
8
36
1
46
7
2
33
7
2
8
9
34
11
197
9
1
2
25
3
7
9
1
2
8
3
13
34
2
92
1
55
10
8
27
10
25
2
32
14
1
1
2
4
33
15
3
9
1
4
3
1
1
4
1
1
12
5
1
1
3
28
35
16
2
39
2
8
4
12
3
4
7
1
2
24
56
1
1
30
3
58
13
5
6
10
2
2
2
47
2
2
2
5
193
4
16
2
17
7
8
14
1
62
18
32
11
1
2
1
7
15
2
6
1
2
14
3
6
12
1
12
3
1
5
2
2
1
11
3
5
26
4
4
4
9
10
22
95
7
3
1
2
4
3
14
5
16
9
1
1
2
4
7
15
2
27
46
1
7
1
79
2
5
28
13
10
2
21
3
124
2
38
12
52
18
8
26
1
14
1
45
10
1
31
17
2
13
5
11
2
10
2
5
2
2
4
41
18
277
1
2
3
19
1
16
1
5
1
9
1
8
183
34
3
39
4
73
5
2
10
12
133
5
21
7
10
6
32
214
1
16
6
3
6
2
1
2
1
8
11
6
4
17
2
3
5
1
5
2
4
1
4
183
33
4
5
8
32
2
9
7
22
4
2
3
1
70
6
221
27
8
2
38
4
16
161
5
58
1
3
1
16
42
9
4
1
3
1
10
7
7
6
11
4
28
1
1
12
1
2
5
1
4
1
21
4
19
1
32
1
1
48
53
2
1
8
4
9
1
2
1
20
4
29
12
2
1
2
34
58
14
5
2
15
27
42
1
9
84
4
13
2
5
15
1
6
1
26
2
1
3
1
17
9
1
4
3
12
1
1
25
3
20
10
6
31
4
3
106
35
2
2
1
39
4
18
3
14
38
2
7
28
18
2
2
79
41
33
7
77
12
117
2
3
1
11
14
22
3
7
35
16
1
2
14
4
37
14
7
2
9
7
2
54
16
2
1
22
6
7
2
5
8
1
34
5
93
2
1
2
15
25
2
3
1
8
13
4
45
3
4
3
6
5
1
20
7
3
10
4
4
33
7
23
3
9
8
17
336
1
18
4
2
2
335
1
10
1
24
12
3
1
8
7
10
3
4
110
5
11
8
14
28
1
2
21
1
6
3
13
17
67
34
1
45
8
6
2
2
3
1
37
1
1
22
12
5
6
72
56
3
2
1
1
4
11
4
2
2
32
24
2
5
35
19
1
3
7
324
12
33
3
8
5
13
2
2
39
2
1
4
2
2
28
74
116
1
4
16
4
16
9
1
34
1
47
3
3
10
4
26
4
8
8
1
4
2
59
48
12
2
111
22
4
3
27
46
16
6
1
33
17
1
7
12
8
23
5
19
28
65
102
2
21
21
1
10
1
1
7
1
2
12
157
16
37
5
16
1
7
1
2
1
5
8
5
3
3
2
10
1
2
5
13
4
2
25
10
67
22
321
2
45
1
6
21
8
22
30
18
1
11
6
1
19
1
2
121
3
129
1
37
4
1
5
1
15
7
35
40
11
2
31
58
27
1
35
65
4
37
132
13
3
9
3
7
3
5
1
2
16
9
40
11
14
1
9
58
6
5
1
37
4
5
2
9
5
2
17
1
3
7
1
7
2
6
2
8
10
4
5
22
28
2
1
14
3
1
4
1
4
2
1
2
5
2
20
5
9
1
2
1
12
3
106
2
37
3
5
9
2
1
2
148
1
1
25
1
5
2
5
2
2
3
2
3
2
4
3
1
20
3
1
33
3
9
19
5
1
11
8
1
11
19
1
26
3
31
4
1
2
2
1
7
1
10
25
97
17
3
29
5
15
1
3
46
23
13
48
162
77
5
16
69
14
1
1
18
26
5
5
1
8
4
30
2
51
2
123
1
14
27
8
3
10
49
3
5
11
57
55
11
1
34
3
99
22
6
120
19
4
3
18
6
3
8
2
1
14
1
14
187
3
18
1
47
3
17
17
1
17
2
1
1
4
2
16
118
1
5
2
11
5
14
22
13
3
3
1
15
1
12
33
1
2
1
3
1
4
2
22
49
1
1
7
1
11
2
9
2
9
8
14
2
18
11
2
7
12
1
1
66
2
15
1
1
2
2
1
11
1
18
13
84
4
14
4
5
76
8
43
1
16
3
2
56
1
39
3
1
14
8
5
7
28
23
1
23
4
8
7
30
81
9
34
5
3
44
2
21
3
3
5
3
30
3
7
7
4
13
128
7
2
9
7
1
2
8
90
2
10
1
5
74
33
23
9
95
5
4
1
1
19
161
12
61
16
4
103
7
7
9
54
3
2
10
2
32
1
208
4
5
9
1
2
2
1
2
1
6
1
4
18
9
3
1
4
1
4
2
1
1
2
3
7
3
4
1
6
1
24
10
9
36
57
11
12
94
4
1
2
67
12
26
4
12
21
13
15
1
34
13
5
67
4
9
2
7
3
1
2
4
15
1
1
6
4
37
6
3
28
14
4
1
9
2
21
2
1
2
2
20
1
26
46
160
60
5
2
6
2
1
10
1
7
1
23
8
2
7
16
1
187
24
9
1
12
5
13
2
5
2
1
1
1
18
178
2
20
26
2
4
4
1
8
1
1
1
8
45
1
40
15
7
185
10
42
7
3
2
1
1
1
4
22
1
2
2
3
29
28
4
4
4
12
20
5
15
36
20
3
3
1
1
9
3
4
1
46
7
1
1
10
1
3
13
2
2
6
1
11
109
6
1
23
8
27
49
9
23
1
11
1
7
3
1
1
3
2
3
6
140
35
1
3
15
2
1
4
2
5
6
2
4
2
11
132
5
24
13
2
7
3
2
36
18
3
67
11
1
3
47
81
3
1
7
6
169
4
50
55
55
1
13
1
4
5
1
12
3
10
2
5
12
1
19
5
3
1
6
302
2
17
1
2
3
1
