2
39
1
1
3
4
2
13
14
1
3
1
14
2
2
19
8
1
4
7
17
21
25
3
5
4
15
12
2
1
2
8
9
3
1
1
16
2
46
4
1
4
18
7
5
9
3
5
1
8
8
27
1
33
1
2
1
4
3
2
9
3
16
7
26
1
4
9
7
3
1
1
1
7
2
1
5
1
14
4
1
4
1
9
4
12
11
1
1
17
3
4
3
1
1
6
2
4
20
4
17
3
9
24
8
9
19
8
11
1
12
2
2
1
2
21
1
8
1
13
1
2
38
2
7
1
1
26
1
7
2
3
7
6
2
2
14
1
5
1
2
1
1
16
4
1
8
5
2
6
39
4
1
4
4
22
1
48
1
28
22
2
11
8
3
2
4
15
4
2
6
2
5
83
9
1
1
17
8
11
7
1
16
4
2
4
18
1
3
1
60
2
21
8
3
2
4
1
10
20
3
2
1
1
4
1
3
3
3
56
3
44
3
1
1
7
3
2
1
22
31
3
33
11
3
2
1
1
1
17
19
1
1
2
1
2
5
4
3
10
3
4
1
4
5
1
1
5
1
4
24
10
2
16
24
1
6
5
5
12
1
12
19
1
2
24
10
16
1
5
1
3
1
17
2
6
4
2
1
3
4
16
3
7
2
1
19
10
1
13
4
7
4
4
4
2
8
4
5
23
1
5
2
1
26
4
36
2
6
9
2
1
3
3
1
5
1
25
21
3
4
2
8
3
1
7
12
2
15
1
3
8
2
16
5
13
5
1
6
4
17
5
3
24
10
26
2
5
1
1
8
19
12
9
1
1
88
2
6
2
3
19
5
1
2
15
11
14
2
1
10
24
3
1
2
3
9
2
1
1
1
28
2
3
1
1
33
6
4
1
1
12
2
1
2
2
2
4
1
3
6
3
4
2
2
7
5
3
1
6
14
6
2
8
7
17
3
3
5
19
6
1
28
4
1
43
2
1
22
11
34
2
4
1
3
2
2
1
1
6
5
43
21
2
27
9
10
3
64
8
1
6
33
2
6
7
26
1
1
6
8
2
5
2
2
8
35
1
3
16
21
5
42
1
2
13
2
3
4
1
2
1
1
8
1
1
1
4
6
22
10
8
2
7
5
6
1
7
1
40
1
22
7
2
1
36
3
1
5
1
3
3
4
10
6
4
5
10
4
2
9
6
3
6
1
38
22
1
1
4
3
1
7
2
10
26
9
1
6
12
1
4
3
2
4
2
16
39
4
5
3
3
16
15
3
14
1
1
14
25
29
1
1
1
2
2
1
12
6
2
4
3
9
1
10
3
1
2
2
3
1
8
10
4
23
3
2
8
3
23
2
2
10
3
2
15
8
2
3
4
9
3
3
1
8
10
3
28
3
1
3
3
3
10
7
14
10
3
2
13
1
1
3
2
6
2
7
4
66
2
2
20
6
1
4
6
2
13
2
1
1
3
6
3
21
5
3
2
4
1
2
6
8
7
6
4
33
14
5
6
1
8
1
2
32
1
3
11
2
3
1
1
1
1
14
5
4
20
5
7
2
28
4
3
23
4
7
7
4
1
2
1
3
4
4
6
20
1
2
3
3
2
2
2
1
4
3
2
2
2
36
2
6
1
5
4
42
1
12
8
1
2
1
1
4
1
1
10
4
2
36
1
3
1
2
4
12
19
3
2
2
1
1
1
23
8
30
3
3
1
2
23
1
6
12
1
29
1
72
2
5
6
1
5
2
2
1
3
7
50
2
1
14
1
33
4
2
24
2
8
2
14
13
19
4
8
2
6
10
1
14
19
5
2
27
2
6
7
15
2
7
1
20
1
1
2
2
1
13
3
3
1
21
22
1
1
1
10
3
3
16
15
1
30
2
6
3
4
10
3
6
5
4
1
1
2
22
1
1
1
25
9
2
6
8
8
7
1
2
1
1
17
3
1
5
5
1
1
38
4
2
1
5
4
3
2
4
1
1
2
1
3
4
1
3
1
26
4
25
1
17
1
24
1
1
58
2
38
23
4
2
60
10
5
2
27
2
8
26
2
4
3
1
1
6
22
4
2
2
1
6
3
13
4
35
1
5
1
20
3
40
7
24
3
2
5
4
5
4
3
1
1
25
4
10
2
3
3
1
2
1
19
38
4
3
30
4
15
26
2
1
26
14
1
5
17
1
2
3
7
2
1
2
1
1
26
1
2
2
2
69
2
9
1
2
2
1
11
7
3
1
36
3
8
8
7
4
2
2
4
2
7
1
38
14
1
31
7
1
1
3
2
6
2
1
31
3
2
1
42
2
2
28
9
7
2
2
8
4
53
27
1
1
2
43
12
6
4
3
11
34
1
2
21
16
2
3
2
15
1
1
46
1
7
4
12
6
2
17
2
46
1
1
5
2
4
21
4
37
2
3
8
3
2
9
1
15
1
6
54
5
1
4
5
60
2
13
2
3
1
7
2
2
2
1
1
29
3
5
1
6
7
2
1
4
1
9
3
1
3
2
1
1
18
8
5
6
4
4
1
3
13
25
7
5
6
1
2
1
1
1
15
2
1
1
8
2
2
3
4
10
5
4
9
2
7
2
11
17
7
15
3
5
3
4
2
3
4
3
19
31
3
2
39
4
3
9
11
1
1
5
1
4
1
3
2
1
8
2
4
2
2
12
1
1
2
1
13
13
1
2
16
2
3
2
22
2
2
1
1
2
9
5
1
1
2
1
1
2
1
3
32
5
1
20
16
3
3
3
4
3
1
6
2
1
3
2
2
6
1
2
6
14
8
1
45
33
1
3
18
24
1
1
26
4
5
34
4
1
2
12
1
7
5
2
1
12
1
1
18
35
1
39
1
16
6
13
2
2
1
7
9
14
3
40
1
3
1
4
1
3
7
2
9
12
7
2
1
2
1
1
5
3
11
17
7
2
2
14
1
2
6
2
3
2
13
1
4
2
1
10
27
1
2
2
2
1
32
1
44
1
13
23
3
6
1
11
1
2
9
11
8
31
11
4
31
27
1
1
11
17
2
6
8
9
8
10
3
1
2
81
18
1
3
2
2
29
5
4
2
4
1
1
7
8
31
1
3
3
1
12
2
7
7
8
11
8
15
2
2
2
9
4
1
1
25
3
18
2
22
4
3
11
3
7
1
6
2
9
6
2
2
27
3
1
13
2
1
28
1
8
5
9
5
7
2
17
7
2
5
3
12
13
6
7
18
10
8
2
1
4
2
3
7
4
36
1
3
13
2
1
7
3
2
1
5
3
16
8
4
2
9
2
2
4
42
1
12
6
2
4
6
3
53
3
1
1
11
2
1
1
4
18
5
4
3
32
5
4
1
7
1
9
21
11
3
11
1
2
1
2
2
2
17
2
12
1
1
19
1
3
3
1
4
35
4
4
72
2
3
4
14
2
20
10
18
1
10
22
2
6
2
2
1
58
15
1
5
6
1
1
25
1
2
6
2
2
12
14
1
22
5
2
9
4
2
1
2
27
14
2
3
6
3
2
3
2
7
7
2
2
1
1
3
1
12
5
7
7
1
1
4
2
9
6
16
1
2
1
2
25
23
2
1
6
4
29
3
4
7
1
2
4
10
1
9
8
5
2
41
12
2
1
6
4
2
1
26
1
1
1
2
1
1
1
15
30
19
4
2
11
1
39
3
14
7
1
1
1
12
7
9
3
24
2
1
10
4
3
6
1
8
2
21
8
3
3
4
2
11
4
1
8
16
4
1
4
3
19
1
28
9
1
2
7
6
10
1
1
1
2
1
3
2
4
1
1
2
6
15
46
2
2
2
1
3
1
2
3
45
1
2
2
4
6
2
1
3
2
26
1
3
36
2
6
1
3
14
12
8
1
4
2
1
1
45
6
3
20
3
10
30
13
5
17
8
2
29
1
13
4
25
4
4
6
1
2
14
3
2
9
2
1
3
3
1
17
7
4
14
3
7
1
5
13
3
11
5
2
5
3
6
1
3
22
1
1
3
7
18
8
3
18
32
1
31
6
8
1
4
16
3
1
1
7
3
35
1
1
13
1
3
30
12
3
2
11
37
3
4
37
2
4
5
1
1
1
4
26
5
3
2
2
2
1
1
1
9
2
2
5
4
7
7
37
1
76
4
6
6
6
3
1
20
5
2
2
3
1
1
4
7
13
14
2
3
1
5
1
90
1
26
6
3
2
16
2
1
1
1
22
6
15
9
7
3
1
1
1
2
17
8
17
1
3
4
1
12
1
1
5
39
2
4
1
1
2
29
4
10
3
23
5
47
12
30
8
5
4
5
8
7
1
18
1
2
14
3
4
9
1
2
17
3
3
3
6
1
1
2
8
24
3
4
2
1
1
2
4
8
2
4
1
4
10
3
67
1
11
5
2
12
16
7
2
39
13
4
1
20
4
2
4
1
10
3
2
1
1
9
2
50
2
2
1
3
14
1
14
1
1
3
39
52
2
10
11
19
1
2
19
2
4
1
5
7
2
10
3
5
15
2
1
2
7
3
2
2
2
1
7
10
6
1
6
9
3
3
7
1
24
3
6
3
3
6
18
5
5
1
2
11
13
16
14
5
1
11
1
2
5
17
22
1
15
34
1
11
1
8
3
7
31
4
2
