6
1
4
55
3
2
2
2
4
11
3
10
40
6
3
2
1
16
12
3
4
11
2
18
19
32
3
12
2
1
14
10
2
4
1
1
32
1
10
13
31
89
1
6
3
2
10
11
1
4
1
29
3
5
11
20
3
4
2
3
3
1
5
6
11
3
2
8
1
11
27
1
1
1
1
1
35
2
13
1
1
3
6
2
16
32
20
3
1
27
1
2
4
4
108
1
2
1
55
34
20
57
2
17
3
6
18
15
101
2
1
6
25
2
3
2
20
22
3
3
3
9
24
2
2
15
3
1
13
1
1
11
4
4
9
1
8
3
94
1
4
2
11
67
1
15
104
103
6
2
35
3
7
1
5
2
3
2
7
4
1
20
6
38
1
24
2
2
4
5
8
1
1
10
1
4
2
1
68
14
1
25
1
1
42
32
2
2
1
24
1
2
6
1
1
8
2
11
1
109
9
1
4
53
11
4
5
37
5
4
106
4
77
2
7
3
1
70
12
27
25
3
50
3
2
13
5
2
93
8
8
2
4
2
9
2
1
14
2
6
2
13
3
2
25
2
4
50
11
23
1
3
7
5
55
5
3
6
16
5
17
36
92
16
3
1
2
3
1
2
16
3
7
3
1
4
2
3
13
44
6
5
2
3
1
4
10
21
4
3
1
5
5
1
1
2
6
5
5
2
2
30
2
4
18
9
12
8
1
17
1
88
3
9
4
2
4
2
2
7
2
17
19
2
2
1
32
5
5
32
19
10
7
1
26
1
3
4
1
3
17
3
3
2
2
2
1
7
27
1
49
8
10
2
5
17
4
2
9
11
115
7
1
1
11
6
10
2
2
1
2
10
2
2
4
5
2
11
3
1
2
30
3
10
21
2
4
17
11
2
2
19
5
5
1
6
3
1
3
3
81
5
4
8
4
58
1
5
13
2
6
7
2
20
11
87
2
13
2
9
1
6
7
4
3
1
70
10
3
4
14
1
6
3
4
2
56
2
33
38
2
4
1
5
15
1
16
3
9
5
2
17
1
33
1
2
22
9
15
1
2
6
7
81
3
5
20
6
6
3
2
9
4
2
20
16
2
109
1
2
8
55
1
12
4
6
18
2
5
3
59
12
1
1
4
8
1
4
4
17
16
1
2
1
5
7
8
1
8
3
28
2
8
30
8
10
22
18
5
52
15
73
20
1
7
9
21
4
41
2
68
14
1
1
2
19
5
2
1
14
3
2
4
5
2
11
45
31
1
1
15
72
1
8
1
85
19
16
3
29
3
4
3
37
4
8
4
11
9
1
23
2
42
12
2
5
37
3
3
10
5
1
1
10
2
2
24
2
1
5
1
3
2
6
5
16
11
30
3
1
18
5
35
5
2
7
24
1
3
28
4
16
1
8
21
2
6
5
1
1
1
9
1
11
1
5
3
1
5
7
3
2
3
87
6
1
