41
23
18
18
21
7
3
14
1
7
23
8
3
5
1
2
5
1
1
4
2
8
13
2
2
1
41
3
2
2
6
21
6
18
9
19
4
5
5
37
4
1
2
22
14
9
1
1
5
51
3
15
1
12
6
15
1
18
24
19
3
11
13
4
26
3
30
10
22
19
34
10
14
3
33
7
4
3
3
3
7
44
2
11
8
1
18
1
18
41
1
10
2
5
2
4
4
2
19
6
7
2
3
54
17
3
1
29
22
1
7
1
4
10
58
12
17
1
5
1
3
2
2
22
2
65
1
2
39
1
2
4
6
9
25
41
131
1
4
1
1
2
11
7
2
39
10
10
32
3
1
4
7
3
1
7
7
5
3
2
2
1
32
41
33
1
1
7
18
1
29
3
15
3
3
5
3
3
3
33
4
3
2
5
1
3
2
112
6
1
3
9
45
2
4
3
7
18
4
1
36
3
2
3
6
13
2
25
28
7
42
5
6
18
5
1
4
6
1
19
6
17
6
5
3
8
3
2
1
2
3
2
24
7
7
4
5
10
13
1
10
1
17
11
4
43
10
1
4
45
2
2
14
33
27
37
30
7
6
18
3
11
23
15
1
1
2
12
9
3
1
13
3
1
7
1
3
32
6
108
11
4
1
7
40
1
1
1
16
3
4
3
39
12
2
1
18
31
15
17
11
5
1
3
4
3
4
7
9
37
4
2
1
1
3
26
8
1
15
7
2
2
2
6
2
112
1
10
9
14
14
7
1
3
5
27
2
2
1
34
8
4
100
2
18
5
3
28
3
34
29
14
2
2
14
7
2
8
2
2
1
24
9
8
32
2
8
8
15
5
1
24
69
5
2
26
35
2
1
8
2
2
2
6
4
7
3
4
27
31
2
3
1
9
30
5
2
18
8
104
26
1
14
22
3
11
16
2
1
8
4
1
4
12
14
8
2
3
2
3
37
25
6
9
12
3
28
10
2
3
29
1
1
1
17
2
8
20
9
3
9
7
2
18
1
5
12
8
5
5
2
2
6
15
13
1
5
3
14
13
5
50
19
6
27
39
4
42
6
22
3
2
6
15
1
8
10
50
3
37
6
12
1
1
25
6
5
3
2
4
2
4
21
2
1
3
2
7
1
2
13
7
2
9
3
3
5
6
21
15
4
3
39
32
15
1
129
36
1
15
2
10
8
11
7
2
5
22
1
2
10
7
1
1
2
64
7
6
7
7
4
1
59
19
23
1
6
50
1
2
12
2
6
9
2
2
1
2
4
10
10
3
8
24
4
30
2
26
1
60
8
2
1
2
7
2
2
9
2
1
4
6
6
11
3
6
11
10
3
4
2
2
2
6
3
32
101
16
4
1
8
1
4
9
5
5
11
2
2
2
23
2
2
13
3
8
1
2
10
7
46
4
21
5
3
3
3
21
2
22
3
69
1
9
4
5
12
6
1
2
2
5
2
3
2
78
1
6
2
8
1
58
5
1
3
105
6
3
6
1
3
1
1
9
3
11
141
13
11
6
1
37
2
6
6
13
20
1
5
1
1
2
17
9
6
8
3
1
20
1
17
3
6
40
15
6
3
1
1
3
15
25
10
6
7
28
2
26
12
27
2
4
1
9
6
26
3
2
3
2
2
13
11
1
8
12
3
12
2
2
1
5
4
2
30
5
9
2
2
2
3
2
4
11
3
14
2
1
30
6
10
17
22
2
13
5
5
1
4
12
3
1
22
3
14
3
17
5
2
3
5
10
2
8
5
11
1
10
5
3
1
1
1
2
15
2
4
3
12
3
78
2
26
