33
111
544
409
65
1
326
2
585
6
62
57
424
5
27
163
72
6
114
103
39
41
281
42
292
14
320
3
122
304
25
22
312
14
2
1
20
561
87
60
7
48
69
4
156
67
79
47
7
5
29
53
3
52
398
24
53
98
25
19
7
2
49
8
4
9
31
2
1
3
164
3
85
1
160
1
9
3
6
118
61
30
165
102
44
1
1
9
103
48
38
4
5
3
17
92
153
41
6
62
233
44
28
50
5
9
2
5
12
1
1
110
9
8
7
10
1
83
8
6
94
5
159
33
38
11
179
167
4
60
5
17
1
10
2
112
89
3
405
44
3
4
1
19
62
3
1
2
167
87
113
117
29
3
9
48
46
3
21
1
3
52
130
167
4
4
9
5
414
37
1
34
2
79
39
1
2
151
45
99
6
2
1
148
9
258
1
125
17
7
27
11
55
2
403
161
229
3
2
14
62
22
110
27
258
25
237
19
138
35
28
269
114
38
11
40
21
3
43
1
84
118
260
5
45
53
44
29
31
48
13
111
89
41
52
1
1
90
160
27
11
257
24
47
254
53
41
29
27
53
38
102
108
1
5
51
8
46
1
8
75
5
129
69
8
20
63
13
235
55
54
37
3
73
96
1
59
53
1
31
11
9
63
270
204
359
289
136
31
53
48
1
241
170
2
34
26
104
305
2
32
66
8
37
14
125
1
1
1
1
1
1
1
1
1
1
1
1
1
1
2
6
3
1
17
4
1
1
1
1
1
1
2
1
1
1
2
1
1
1
1
2
6
1
1
1
2
1
2
2
1
12
1
9
1
1
1
1
1
1
1
1
5
7
1
3
1
4
1
2
2
6
3
5
4
2
2
1
3
7
5
15
31
2
1
1
4
1
1
1
2
1
14
1
1
1
3
12
3
1
2
3
1
2
1
1
2
1
1
6
1
1
1
1
1
3
1
7
7
1
1
1
4
7
5
2
3
1
1
2
1
2
11
5
7
6
1
2
3
1
1
1
6
1
22
1
139
13
13
1
2
1
1
10
4
2
7
21
1
1
1
1
1
1
2
1
3
1
1
1
25
27
33
5
3
1
1
17
17
2
32
6
7
1
22
173
6
20
8
1
1
5
4
1
1
5
1
3
1
1
1
4
2
1
9
89
1
10
2
26
1
11
1
1
1
6
2
18
4
1
6
1
20
1
3
6
1
3
129
1
46
1
2
10
3
2
7
4
1
7
10
1
1
1
2
1
1
1
1
21
3
2
2
2
1
1
1
1
5
1
1
1
3
1
1
6
1
1
66
1
1
2
1
1
2
1
3
2
1
1
1
6
3
2
1
4
1
1
23
1
1
1
2
1
1
29
10
3
1
2
1
1
1
1
6
2
1
1
1
1
1
1
1
1
5
2
1
3
29
2
4
1
1
1
3
1
3
29
7
1
2
3
1
1
1
4
1
1
3
34
10
1
1
1
1
2
2
2
2
2
3
1
2
1
1
1
2
1
2
3
1
7
1
1
2
1
6
1
1
2
1
1
2
9
1
1
1
1
6
8
1
2
1
1
1
12
3
2
3
1
1
4
2
2
1
2
4
1
7
2
1
4
4
1
1
4
2
3
5
1
1
10
1
3
30
1
1
4
74
1
4
3
48
13
27
1
3
4
3
1
3
3
1
1
1
1
1
1
1
1
1
1
3
1
1
2
1
1
1
1
2
1
1
1
1
1
2
1
8
1
1
1
2
2
2
1
1
19
1
1
6
3
1
2
1
1
1
1
1
2
2
1
3
1
1
27
1
4
1
1
8
1
6
1
2
2
26
14
8
12
1
1
3
4
3
1
3
6
1
6
8
8
1
3
1
7
1
1
1
4
4
1
1
1
1
3
8
14
1
1
5
2
10
1
1
1
1
1
2
1
1
1
2
1
1
1
3
21
2
1
1
1
20
2
12
1
1
3
1
1
1
1
9
1
1
3
1
9
5
1
1
47
5
1
5
18
5
1
1
1
1
2
1
1
1
6
126
1
303
94
5
16
11
1
35
33
2
6
7
37
2
14
1
1
1
1
1
10
2
1
1
31
4
10
1
1
2
2
3
5
1
74
2
291
71
176
39
21
7
10
115
1
20
1
3
7
2
1
359
4
1
2
7
1
3
3
1
50
14
16
1
2
3
1
8
254
63
2
3
1
235
1
11
1
2
63
2
47
3
1
4
1
75
84
70
9
2
27
3
39
14
7
43
2
53
7
29
1
1
7
6
1
1
12
3
1
1
4
1
1
1
1
14
59
3
1
7
1
1
1
1
2
3
24
1
1
1
1
1
1
1
4
2
1
1
1
1
1
2
2
2
6
17
3
1
2
2
3
1
1
2
1
2
1
9
1
1
1
3
9
10
2
1
1
1
32
1
1
1
2
8
6
1
2
1
1
10
1
2
1
7
1
2
1
3
3
2
3
2
3
2
2
5
1
1
1
4
1
4
3
28
11
3
3
160
20
1
1
4
1
1
1
31
1
1
2
1
8
4
2
1
11
1
1
4
2
1
9
2
2
1
3
1
1
1
1
2
2
11
2
8
28
32
2
33
19
22
1
1
1
2
1
12
1
3
2
2
2
2
39
1
1
3
3
11
1
2
8
2
1
42
2
1
1
2
2
1
3
1
10
2
1
1
4
1
1
1
2
4
1
1
3
2
2
138
26
2
1
3
1
1
2
1
1
1
1
1
3
3
1
1
4
1
1
1
26
27
130
1
9
1
5
1
1
1
4
3
6
1
5
1
1
1
1
1
2
1
1
1
3
7
3
1
2
13
2
1
1
1
1
4
1
1
1
3
42
70
1
3
1
1
2
7
1
1
1
55
1
3
2
7
1
1
1
1
1
4
1
3
1
1
1
4
3
3
6
1
1
1
8
1
3
1
2
1
1
1
1
1
2
1
1
1
1
1
1
1
1
1
1
1
1
1
1
1
1
1
1
1
1
1
1
1
6
1
1
1
1
1
1
1
1
1
22
1
1
1
5
26
3
12
3
1
2
1
7
5
3
3
2
1
1
1
3
1
1
1
2
1
1
1
4
26
4
1
1
1
1
1
2
1
2
26
2
31
2
3
2
1
1
20
1
1
2
2
10
1
2
1
52
30
3
1
2
2
1
3
1
1
17
1
1
1
2
1
8
1
2
1
1
181
4
7
8
1
1
1
1
1
1
1
2
1
1
1
1
1
11
1
1
2
1
1
8
1
3
1
1
1
1
2
1
5
1
1
2
8
1
1
1
4
11
1
2
3
2
1
1
1
3
4
1
15
1
11
1
1
1
1
1
1
1
1
2
2
2
1
1
4
5
1
7
2
1
1
1
1
1
1
80
1
1
1
3
1
19
3
3
1
1
1
1
26
1
39
1
1
1
1
1
7
1
1
1
1
6
18
1
1
2
1
1
37
23
1
1
2
1
1
16
1
8
1
2
22
1
2
4
8
1
1
1
7
1
1
1
3
1
3
1
1
1
2
2
2
2
1
6
4
9
2
2
6
5
16
79
3
1
7
1
1
2
1
1
3
1
1
1
1
2
5
1
1
1
1
1
1
1
1
1
1
1
1
1
1
1
2
69
4
1
1
1
1
12
2
22
1
8
5
1
1
1
2
1
1
1
2
1
1
1
1
1
1
7
1
1
1
2
1
2
2
2
1
2
9
2
3
1
1
1
1
1
1
1
1
7
1
1
5
2
2
2
1
1
1
1
1
1
2
1
1
1
1
2
4
1
5
165
3
1
1
1
1
1
1
2
1
2
2
1
1
1
1
2
3
6
1
1
1
110
2
1
1
1
1
1
1
3
2
3
1
2
1
5
1
1
4
2
1
1
2
1
1
2
1
3
1
1
1
1
1
2
1
1
1
4
2
2
3
169
38
1
1
3
14
1
1
2
3
2
3
1
4
2
1
2
1
1
1
5
2
47
3
1
1
1
1
13
93
2
1
4
1
1
1
4
5
1
1
1
2
1
1
2
1
1
1
1
1
8
1
1
1
1
3
39
1
4
1
1
1
1
5
1
1
1
1
1
2
1
1
1
10
2
1
1
6
2
1
1
1
1
11
1
1
1
1
5
1
1
1
29
5
1
2
3
1
1
2
5
2
1
3
2
1
2
1
1
4
2
4
2
2
1
2
1
2
1
9
2
1
1
1
11
1
1
1
66
1
1
8
1
2
1
5
1
3
1
1
1
2
3
1
10
3
1
1
10
11
1
1
1
4
12
1
2
4
1
147
1
1
1
1
4
1
15
4
8
38
12
1
7
1
3
1
1
1
2
2
51
1
4
2
3
1
2
18
8
125
19
1
1
1
10
7
1
2
2
1
2
13
12
6
2
7
5
56
1
19
12
2
1
1
3
4
4
4
2
1
7
18
1
34
18
32
29
7
7
10
2
3
2
5
15
4
1
1
3
3
2
1
8
2
2
2
22
1
1
5
13
10
8
1
3
1
1
37
2
1
5
12
1
1
1
25
43
11
1
3
2
3
1
2
2
1
1
1
7
3
8
1
1
18
2
1
6
1
1
23
1
35
1
3
1
11
1
1
1
1
6
2
5
1
67
15
1
1
4
1
52
2
20
2
3
1
2
9
57
1
12
1
6
5
1
2
1
14
39
2
41
34
4
1
6
1
5
34
1
33
78
1
1
1
3
1
1
7
1
3
4
4
17
1
1
1
1
1
3
38
16
6
1
2
1
10
1
1
2
3
56
1
2
1
1
4
1
2
1
1
1
1
1
2
1
1
1
1
1
33
2
51
35
52
1
27
4
1
1
3
5
9
17
3
3
11
8
8
12
1
12
2
1
2
2
1
1
22
21
9
33
1
2
4
4
1
2
1
2
1
71
49
1
1
4
73
1
6
3
1
1
1
6
154
1
2
8
21
129
4
6
6
15
3
2
3
3
5
5
5
1
10
1
2
3
3
1
101
1
1
2
3
7
2
38
7
35
71
3
1
2
39
1
27
1
1
3
2
18
1
9
4
2
4
33
1
3
1
14
2
14
1
11
4
3
18
29
22
7
1
36
2
1
1
3
4
1
1
11
1
3
1
1
4
1
2
2
1
7
1
1
7
21
1
9
11
1
1
1
2
2
1
1
3
1
65
6
2
12
2
1
1
1
1
1
1
1
1
4
1
1
4
8
1
1
29
1
1
2
1
4
1
5
1
4
1
9
2
4
4
7
34
3
10
63
1
1
7
6
1
2
1
4
2
1
2
1
1
1
1
1
1
4
2
1
2
4
2
9
1
8
4
3
3
1
7
9
1
18
2
1
2
2
1
1
2
1
1
8
243
1
4
226
1
3
1
102
14
7
8
1
1
19
3
5
2
2
4
1
1
2
4
5
9
1
1
50
1
1
1
1
1
1
1
4
1
2
1
1
1
28
3
51
2
4
3
1
12
3
2
1
5
7
1
2
43
2
305
1
2
4
1
3
3
382
15
1
4
1
15
3
2
1
1
1
1
3
1
1
1
1
1
1
1
3
1
4
1
1
19
2
4
1
9
8
19
67
2
12
5
30
52
8
19
11
1
1
1
3
1
1
1
2
1
1
13
2
1
2
10
6
1
6
3
2
18
4
3
1
2
38
1
6
1
35
2
1
1
10
2
1
1
1
1
4
9
1
1
22
1
2
7
1
2
3
3
1
1
2
1
9
1
21
38
31
1
1
1
2
1
1
26
7
2
1
1
110
1
2
5
11
3
1
1
2
2
1
1
2
2
1
1
13
1
1
1
2
1
1
1
5
2
5
7
4
6
3
1
1
2
13
3
1
2
8
27
3
8
62
128
1
6
1
1
1
1
1
39
1
1
3
12
5
2
1
1
1
1
2
1
2
4
12
1
1
10
1
1
21
1
1
1
1
2
11
1
10
7
13
17
1
11
4
141
2
1
16
1
1
32
2
8
27
1
3
3
6
1
13
1
1
2
94
56
1
1
4
11
1
1
2
2
4
3
24
3
10
1
8
11
2
2
2
1
245
6
2
13
5
1
1
5
3
1
1
3
2
28
2
9
1
1
1
1
1
1
6
3
11
1
1
1
1
12
2
1
2
1
1
1
4
21
9
1
5
1
16
3
1
1
14
1
17
3
10
1
1
1
2
1
1
1
1
153
3
1
1
1
5
1
1
1
8
6
1
13
90
95
1
4
23
1
1
7
62
1
1
1
5
2
1
9
3
2
2
4
1
1
5
1
35
5
1
2
5
2
6
3
7
7
1
1
2
1
4
3
6
4
1
1
1
1
1
1
4
1
10
4
1
3
3
1
3
1
13
3
3
1
2
33
5
12
2
1
9
1
51
1
1
52
5
28
1
3
1
1
2
2
1
8
1
16
2
39
3
2
3
2
11
2
1
1
1
1
1
31
3
3
1
22
1
1
1
5
1
1
1
16
1
1
1
29
1
5
3
2
2
1
1
1
1
1
3
1
1
1
1
1
1
1
2
1
1
12
12
2
7
2
11
4
5
5
4
4
1
14
15
1
11
5
11
17
4
1
2
2
3
1
19
7
1
1
2
1
2
3
1
1
29
2
50
1
1
2
3
2
1
1
1
1
3
11
1
1
1
1
1
1
2
1
1
8
13
4
3
2
143
1
1
4
1
1
1
1
1
3
1
11
29
1
1
39
2
18
7
6
2
11
21
9
35
2
1
1
1
1
22
27
1
1
59
1
10
4
5
1
1
1
4
3
2
5
1
1
2
1
16
1
4
2
7
1
55
1
1
2
1
1
22
1
5
2
1
4
3
1
1
3
1
18
3
44
1
8
1
2
1
1
1
1
7
2
11
7
1
30
1
24
90
10
7
3
1
4
1
3
1
2
12
11
3
1
1
1
1
5
1
6
1
7
3
8
1
6
5
1
5
15
2
1
131
1
8
204
1
37
1
1
122
3
22
2
5
1
31
11
1
1
68
17
105
2
9
10
14
2
4
1
1
1
3
1
55
12
2
1
6
8
21
1
1
26
59
1
4
4
4
3
8
32
1
4
2
2
1
13
3
1
1
6
2
4
2
1
315
1
1
1
2
1
1
2
3
1
8
1
1
4
2
3
9
34
1
1
1
1
99
1
2
77
1
4
1
1
1
44
39
75
6
1
1
1
1
19
4
24
1
1
13
2
7
1
7
3
1
3
1
1
1
17
3
1
1
1
1
4
15
24
6
7
11
25
7
1
1
1
11
9
1
1
1
1
1
23
20
1
1
1
5
17
1
2
1
1
1
3
59
1
1
1
1
6
12
31
1
1
2
2
1
1
5
18
35
2
1
1
5
1
270
1
3
10
7
1
3
2
53
75
1
14
45
2
1
1
3
1
1
3
1
1
3
4
3
2
6
2
41
6
1
15
2
29
16
102
1
1
1
21
1
1
9
13
154
37
1
1
2
1
1
1
18
2
4
5
1
1
161
1
2
9
1
38
55
1
1
1
16
1
1
1
1
8
2
1
2
3
1
1
1
38
1
26
4
1
1
12
1
1
2
1
1
2
1
2
1
1
1
6
1
1
1
1
1
1
19
126
1
2
1
1
1
3
3
1
88
1
1
108
2
1
85
11
4
2
1
2
7
2
1
1
1
1
3
1
43
1
1
2
2
1
20
25
1
15
5
1
1
3
32
2
6
70
1
2
16
2
4
3
1
4
1
1
1
1
1
1
1
1
1
3
2
26
2
1
1
1
7
1
3
1
1
1
1
1
1
155
3
1
1
1
1
5
33
63
1
1
2
1
1
27
2
1
1
1
1
1
1
1
1
4
27
10
6
1
1
1
1
1
28
1
1
2
1
1
1
1
1
1
1
1
1
1
1
1
1
3
1
1
1
8
1
13
1
55
2
1
11
5
10
1
1
1
1
2
1
1
1
1
1
2
19
20
208
1
2
6
3
1
1
104
9
13
1
17
400
6
1
1
1
2
30
5
4
3
21
7
1
1
9
1
1
38
1
6
1
31
1
1
250
2
37
51
1
2
1
2
79
32
70
24
46
27
3
8
73
1
124
3
1
413
17
15
6
102
8
4
1
47
13
21
1
1
1
1
1
11
1
2
1
1
3
3
1
6
48
213
9
1
1
1
1
10
1
3
1
1
2
1
3
1
3
2
53
6
1
5
1
1
19
2
1
2
2
1
7
7
1
1
4
1
1
4
5
3
2
1
2
2
1
5
13
5
2
1
3
1
5
1
1
33
9
1
2
4
55
129
27
4
3
3
2
1
168
29
7
5
2
13
4
67
11
1
1
49
10
4
4
22
34
3
1
4
4
2
81
5
1
2
1
1
23
1
1
8
9
1
4
74
1
1
22
1
3
1
1
1
15
1
11
1
1
1
2
6
4
32
1
1
5
1
4
1
1
25
116
39
1
3
1
2
1
117
1
1
7
2
30
27
268
1
1
1
2
3
1
23
1
3
2
1
1
1
3
1
4
1
1
1
1
7
230
27
3
19
2
4
1
241
2
96
2
25
114
1
3
3
1
1
1
1
1
13
1
36
2
6
2
2
1
1
1
1
4
5
1
10
1
2
1
1
2
1
2
2
248
1
9
47
1
2
1
3
35
1
1
1
3
1
1
34
18
5
1
5
1
8
1
1
2
1
211
1
1
5
1
65
16
1
2
1
1
1
3
1
4
1
5
1
76
1
2
11
3
11
10
2
10
102
1
4
1
8
2
409
14
4
54
1
2
1
2
1
2
69
22
11
6
3
5
1
1
4
2
3
1
3
1
1
3
1
3
2
1
1
1
1
1
1
2
2
1
1
1
13
5
1
2
2
39
1
2
1
1
2
1
1
1
1
1
2
1
1
7
1
1
1
1
1
1
1
1
2
1
2
1
1
1
1
1
1
1
2
1
1
3
2
4
3
2
1
1
1
2
1
112
1
2
1
1
2
1
2
1
2
1
5
2
1
1
1
2
1
1
1
2
1
8
1
1
1
1
8
1
1
1
4
62
1
29
1
1
1
1
52
2
1
1
1
1
1
1
1
1
3
1
3
2
1
1
50
2
4
24
2
1
7
5
35
201
2
9
24
4
9
4
4
34
62
1
1
1
1
2
1
1
1
1
1
1
1
1
2
1
12
6
1
2
1
1
1
78
1
1
1
4
1
1
1
49
1
1
1
5
1
5
7
2
1
6
2
1
1
70
3
3
1
3
1
1
2
1
1
6
5
4
1
63
11
48
2
2
4
1
3
27
1
3
4
1
1
18
16
4
4
1
8
11
1
1
1
1
21
1
1
2
1
12
1
1
5
17
2
1
1
1
1
1
1
1
1
38
8
96
94
8
1
2
14
2
1
2
1
1
43
1
2
2
5
2
2
1
4
1
6
1
1
17
2
1
1
1
44
2
1
1
3
1
2
3
3
1
4
1
6
1
1
4
1
3
1
13
1
1
1
9
379
1
1
10
9
1
1
5
1
10
1
1
7
1
61
2
1
1
2
2
1
53
1
1
8
1
1
1
1
1
1
4
1
2
11
1
1
1
4
1
1
1
1
1
1
1
1
42
16
1
1
2
1
3
3
1
2
1
2
1
1
13
2
1
1
1
1
11
4
2
9
1
1
2
1
1
2
2
2
5
5
1
2
1
3
1
1
2
1
1
1
1
1
1
12
23
1
25
3
1
1
1
1
2
5
7
1
1
1
1
1
3
3
3
6
5
1
3
2
3
1
2
1
1
2
1
1
2
4
4
12
1
2
3
1
2
1
6
3
1
4
1
5
1
2
1
6
1
1
1
1
4
1
1
1
1
2
3
2
1
1
10
1
2
1
11
7
1
1
32
1
3
1
1
9
8
1
1
1
3
1
1
7
1
1
1
1
1
1
5
26
7
1
12
1
1
5
1
2
1
1
1
2
1
1
2
1
1
90
1
3
1
2
1
2
1
14
1
7
21
1
1
1
10
1
1
1
1
1
1
60
17
1
1
3
5
1
5
1
2
1
1
1
1
4
2
2
1
1
7
2
5
3
1
2
5
1
1
148
84
2
1
4
1
30
62
2
2
1
3
1
51
2
2
1
12
1
8
1
2
21
2
6
1
2
119
2
7
4
58
9
3
1
1
1
6
1
1
1
4
9
2
1
1
1
3
1
1
1
1
2
1
5
3
2
1
2
1
1
4
35
1
29
6
5
5
1
25
1
2
3
1
1
1
2
1
1
1
6
1
1
1
4
1
1
1
2
1
1
2
3
1
1
1
20
1
1
15
61
79
1
1
1
1
3
1
2
1
2
68
1
11
1
2
3
1
1
1
1
1
1
3
20
1
6
1
1
1
1
1
1
1
1
1
2
1
24
215
3
3
1
22
8
1
6
2
1
8
2
3
1
1
7
1
1
10
1
1
1
1
17
2
3
1
1
3
1
2
1
5
2
5
1
2
3
1
1
3
1
6
9
2
1
1
2
1
1
1
16
1
7
34
35
79
1
2
1
1
1
2
4
51
6
1
1
4
1
1
2
1
4
33
1
1
175
2
1
1
3
1
1
1
1
86
3
1
39
5
1
2
1
12
1
1
1
2
1
2
5
9
2
2
4
49
1
1
3
1
1
1
10
2
1
1
1
1
3
2
4
3
1
6
42
1
6
7
1
1
3
1
3
1
1
7
41
6
22
1
1
1
1
2
1
3
1
1
1
2
1
2
1
1
1
1
1
14
3
1
7
1
2
1
2
1
1
1
3
1
1
2
3
1
1
1
2
4
1
2
1
1
1
2
1
9
43
10
1
26
58
1
14
18
2
1
2
7
5
1
11
3
9
1
1
1
1
1
3
1
1
1
2
2
1
7
1
1
1
1
1
95
2
1
1
15
1
3
1
2
1
1
3
1
1
1
36
9
1
1
1
1
6
10
1
1
1
1
3
1
1
1
2
2
1
1
3
1
4
1
1
1
1
2
1
1
1
1
2
1
1
3
1
1
1
1
1
1
2
1
3
50
5
8
2
9
10
75
1
1
1
1
1
16
1
1
15
3
2
3
1
11
32
1
4
1
9
1
1
1
2
1
3
1
1
1
2
7
1
1
1
2
1
10
1
1
1
2
1
1
4
1
1
1
1
1
25
1
2
4
29
9
60
67
6
29
15
2
7
2
24
1
1
1
1
2
6
1
76
1
1
1
45
1
1
1
16
4
2
37
5
13
11
1
9
114
1
1
1
3
2
5
5
1
1
1
2
3
14
1
1
2
4
1
2
1
13
1
4
4
1
1
1
2
2
2
2
1
2
35
1
1
1
1
2
1
3
2
5
1
1
1
2
1
26
1
1
2
1
4
1
1
1
1
1
1
1
1
1
1
3
15
2
1
1
1
1
1
2
79
6
1
1
1
6
1
7
1
1
2
1
2
4
1
1
1
2
1
1
1
1
1
1
1
1
1
2
4
2
2
1
3
1
1
3
1
3
1
1
1
1
1
3
1
1
1
231
5
1
1
1
2
2
1
1
1
2
11
5
4
1
5
1
1
6
1
1
1
278
2
1
1
1
1
2
1
1
2
1
1
1
7
5
1
4
2
2
3
1
1
1
3
69
12
7
1
1
1
11
1
1
1
1
1
2
11
13
1
8
1
1
16
1
1
1
1
5
4
1
1
1
11
3
2
11
6
1
1
1
1
1
1
1
10
12
1
4
1
1
1
2
3
1
3
3
1
3
2
1
2
8
2
2
1
2
2
1
1
1
1
3
5
3
1
1
1
1
2
1
3
1
6
1
1
1
2
5
1
1
1
2
2
1
1
1
1
40
1
74
1
1
1
1
1
1
49
23
1
1
1
9
2
53
2
39
10
246
6
1
1
35
52
1
1
3
2
1
1
6
5
6
24
1
3
3
4
6
1
3
1
9
1
3
2
1
2
2
1
1
1
2
1
1
2
49
1
4
1
1
1
1
1
1
12
2
1
109
2
2
1
2
3
23
2
1
34
1
1
1
54
1
1
1
1
1
1
1
1
2
1
1
2
16
2
1
1
1
3
10
176
17
1
2
1
10
5
1
1
3
14
1
5
1
6
1
1
1
6
1
2
1
3
1
1
1
1
1
5
1
1
2
8
1
1
1
1
1
1
1
1
1
1
7
1
2
2
2
2
1
1
1
2
1
2
4
1
2
19
1
1
101
1
1
1
2
1
1
1
38
1
2
1
3
157
19
37
1
1
2
1
2
3
1
26
1
4
1
1
10
1
2
1
3
1
1
46
1
2
19
1
3
1
1
2
2
1
4
10
118
46
1
7
1
1
1
1
1
1
1
1
1
3
3
1
2
1
1
1
24
2
1
101
1
1
1
1
2
2
1
1
1
1
1
1
1
1
4
1
1
1
2
6
1
1
2
1
1
1
1
1
1
1
1
9
1
1
1
1
1
1
3
6
9
1
3
1
5
2
2
5
3
4
3
15
5
4
1
2
1
3
1
1
1
1
1
1
147
1
1
1
2
2
1
30
1
1
79
3
4
1
1
1
1
2
2
1
1
3
1
1
8
1
7
1
4
46
7
1
2
1
1
1
7
2
1
1
1
2
8
1
1
1
9
77
5
1
1
1
3
1
1
3
228
2
1
5
1
2
1
2
1
1
1
5
1
1
2
1
1
8
1
3
2
1
1
3
1
1
2
1
303
1
1
1
1
2
1
1
1
2
3
6
3
1
1
1
1
1
1
4
2
1
1
2
15
1
1
2
1
94
4
1
1
2
2
2
1
1
1
1
1
1
5
1
7
1
1
18
2
5
1
1
6
4
1
1
1
2
1
6
2
14
3
172
8
3
1
1
1
3
1
1
1
1
5
1
1
1
1
1
1
22
1
1
1
1
1
2
14
1
8
5
4
1
11
1
21
8
3
1
3
5
6
12
1
1
1
175
8
5
1
7
1
1
1
1
13
1
1
12
1
1
48
1
1
1
1
2
2
2
2
16
1
1
2
4
1
1
2
1
1
1
50
1
1
36
55
14
13
10
1
16
11
24
35
61
52
9
1
5
1
1
2
7
1
1
1
11
3
3
1
2
4
1
4
1
1
1
1
1
5
2
1
1
9
75
1
4
1
5
1
3
167
1
1
1
17
12
4
1
4
1
6
5
6
2
3
1
1
1
1
2
4
32
1
1
2
2
2
3
2
3
4
1
1
1
11
1
1
1
14
1
1
1
2
1
5
2
1
2
3
1
4
1
5
2
2
1
1
1
1
1
1
1
2
7
1
1
1
1
7
2
3
1
4
2
1
1
2
2
1
1
1
4
10
19
2
1
1
8
1
2
1
1
7
1
3
6
1
3
1
18
1
4
1
1
41
4
1
1
4
1
12
1
2
1
2
2
10
1
3
1
4
7
3
1
1
1
3
2
1
1
81
15
21
3
1
4
5
2
5
50
1
38
2
1
1
16
1
5
1
1
16
1
1
2
1
1
1
1
1
1
1
1
1
1
1
2
22
8
8
241
1
1
9
2
1
1
1
1
1
1
4
1
1
79
1
2
1
5
1
2
1
3
1
1
1
1
4
1
1
2
1
1
2
2
1
2
1
3
1
6
8
1
1
7
1
2
1
1
3
1
2
1
1
1
1
1
1
3
4
1
1
2
1
1
1
1
1
1
1
7
1
2
1
1
1
1
5
10
1
3
4
180
1
1
3
2
2
11
1
37
8
1
3
3
81
15
42
1
1
2
1
1
1
1
29
71
19
22
9
4
4
4
55
63
7
3
4
1
1
1
1
6
4
4
18
2
2
1
2
1
1
1
2
3
1
2
1
4
1
2
3
1
1
1
1
4
3
1
9
10
57
1
10
19
9
76
1
1
1
4
3
1
18
9
1
1
1
1
2
1
2
1
13
2
2
2
1
1
1
1
1
1
2
1
1
1
1
17
1
2
6
2
5
19
2
1
1
7
1
2
1
2
2
1
1
7
2
6
31
2
13
2
4
8
1
2
1
1
1
40
1
1
1
2
3
1
1
1
1
1
3
15
10
1
3
2
3
2
2
1
1
13
1
2
2
1
110
42
2
1
2
3
1
78
20
1
1
1
1
2
3
1
7
1
2
1
6
1
1
1
1
1
1
1
2
8
5
69
1
1
69
1
1
3
11
1
3
16
1
3
1
1
46
1
6
18
1
1
2
1
1
6
111
1
1
11
3
1
1
1
1
1
2
4
4
1
1
1
2
1
1
8
5
3
8
8
1
1
2
2
41
1
1
1
3
1
9
1
1
1
1
1
1
1
3
5
4
4
1
3
6
2
1
1
7
2
18
9
1
2
2
1
2
1
1
1
1
1
1
3
1
1
1
2
1
1
1
1
2
1
1
1
2
1
1
3
1
1
1
8
7
2
3
15
1
1
1
1
1
1
1
1
1
1
2
1
3
1
1
2
1
1
1
1
1
1
1
19
4
1
3
1
4
1
1
1
1
1
1
1
1
1
1
1
2
1
423
1
1
1
6
1
1
2
1
15
1
1
1
1
18
2
3
1
3
10
3
1
5
1
3
2
5
2
47
14
2
238
5
1
1
1
8
1
1
1
1
1
1
3
6
1
1
1
3
3
1
2
2
1
1
1
1
1
1
4
1
33
34
1
3
3
65
2
1
1
1
1
2
4
12
5
5
1
1
30
1
92
4
1
1
1
1
1
9
1
5
6
1
11
1
37
1
19
5
1
14
1
1
3
2
2
1
5
18
1
2
9
27
1
2
1
1
1
2
1
1
11
12
1
2
5
8
25
4
53
1
1
4
1
1
4
3
85
32
1
20
1
1
3
2
1
319
1
6
31
1
1
1
1
1
1
3
1
14
1
3
3
2
16
6
5
6
151
5
17
28
18
13
2
42
5
39
27
43
25
67
1
1
1
2
1
1
1
3
5
7
1
1
18
3
1
3
2
1
1
12
1
1
8
1
1
1
1
1
1
1
2
8
1
3
2
2
16
1
6
3
2
1
1
2
1
81
1
1
20
1
2
10
71
1
1
36
1
1
2
1
3
1
2
123
4
131
3
2
1
1
3
10
1
11
3
6
1
1
1
1
1
2
1
1
5
1
1
1
1
1
1
15
1
1
1
1
1
1
1
1
2
29
8
11
1
1
1
2
1
1
1
1
2
1
13
1
3
44
1
3
1
113
1
1
11
132
6
336
49
1
1
2
2
1
1
1
1
1
1
1
7
1
2
1
1
1
5
1
1
2
2
26
2
5
39
22
1
4
1
1
1
3
1
3
2
11
1
1
15
4
8
1
1
23
1
2
1
2
54
1
1
1
1
1
1
1
2
2
2
1
2
5
2
2
1
1
1
1
1
1
1
2
2
9
2
1
3
2
1
5
1
11
4
3
1
1
8
1
1
3
1
1
2
8
4
3
5
1
1
1
19
1
2
1
54
89
8
1
1
1
2
1
1
7
6
1
2
1
1
1
1
2
1
1
1
2
1
6
1
1
1
1
7
6
1
1
8
2
11
20
3
1
410
1
1
1
1
2
2
1
3
5
1
1
4
19
422
100
1
6
1
1
1
1
7
1
1
1
1
1
1
2
1
1
15
5
1
1
2
2
1
1
2
1
1
2
9
10
1
1
11
1
1
34
1
1
1
1
1
1
1
1
1
1
7
2
1
1
1
1
1
1
8
7
2
19
3
23
1
1
2
3
1
1
6
1
1
2
1
1
1
19
1
1
2
1
2
2
1
16
1
31
1
2
1
1
1
30
3
10
1
1
1
1
1
5
1
1
1
13
54
10
2
1
7
1
1
2
12
3
36
2
43
70
1
1
2
1
1
1
1
1
1
2
2
2
1
1
19
6
4
28
1
4
1
2
1
1
2
1
1
1
1
1
1
1
1
1
1
1
1
1
1
71
1
1
3
1
1
1
1
1
1
16
3
7
5
1
4
4
3
2
3
16
2
1
1
2
1
1
1
1
2
1
3
1
3
1
1
22
20
3
2
1
1
3
7
7
1
1
7
3
1
1
1
1
4
13
2
1
2
1
17
1
1
69
1
1
1
1
8
2
1
1
2
10
1
3
2
2
1
1
1
6
1
1
1
1
1
1
7
1
1
2
2
1
1
1
1
2
10
1
4
1
1
1
1
1
1
1
3
3
3
34
1
2
1
1
8
2
1
1
2
1
1
1
1
1
1
1
3
1
1
1
2
1
2
5
1
5
23
12
98
1
1
1
1
1
1
1
1
2
4
2
1
1
1
2
1
1
1
1
1
1
1
2
3
36
6
15
1
1
2
1
1
3
1
1
1
1
1
1
1
1
1
1
1
1
3
1
1
17
1
2
1
82
1
14
1
1
1
37
1
33
11
6
24
96
28
1
255
9
65
2
15
3
9
1
1
1
7
4
3
30
2
1
1
3
2
7
2
1
1
1
1
17
1
8
5
2
3
1
23
13
30
3
1
13
57
1
54
16
428
122
11
86
34
94
1
71
118
44
1
3
1
359
1
1
1
1
18
4
1
105
1
1
1
11
38
18
55
36
33
18
24
17
4
5
7
2
4
180
10
3
2
8
3
1
1
1
6
3
2
2
7
4
1
3
1
2
36
1
1
1
1
1
1
1
24
26
5
1
1
3
1
3
2
1
1
1
31
4
1
9
25
1
1
7
4
3
1
1
3
4
1
1
1
2
1
1
1
45
1
4
1
1
2
2
4
1
1
1
2
1
1
1
1
3
1
1
2
1
1
1
28
2
1
1
6
7
4
7
2
1
1
29
1
3
4
1
1
1
2
141
1
1
2
1
1
1
1
1
1
1
2
2
2
1
1
1
1
1
20
2
2
7
1
1
1
4
1
1
5
1
2
58
4
1
39
5
1
5
1
40
1
1
1
2
2
2
1
1
1
1
1
1
2
1
2
1
2
130
3
1
1
1
1
1
1
1
13
1
2
1
1
1
2
1
1
4
1
1
1
15
2
2
1
10
1
1
1
289
2
1
1
1
1
2
1
2
1
1
33
3
1
1
11
2
1
1
1
1
2
1
2
1
14
1
1
2
18
1
3
40
116
17
1
1
1
1
1
1
3
1
1
2
2
10
1
1
2
3
3
3
1
2
5
1
1
8
1
1
1
1
2
1
2
1
2
25
2
1
1
1
15
1
1
2
24
1
6
20
8
1
2
3
15
1
1
1
4
1
2
1
2
17
108
2
3
3
1
1
1
3
13
1
1
10
17
2
2
10
62
8
1
1
3
6
2
14
11
1
1
2
2
2
1
2
1
13
1
3
1
4
1
1
1
15
3
2
7
1
1
3
6
3
5
1
40
2
1
2
7
61
46
36
35
4
1
3
48
42
5
16
1
24
323
4
1
1
1
1
1
1
1
1
1
1
1
1
1
1
10
1
116
2
1
5
2
1
1
4
5
16
1
1
4
1
2
1
1
1
1
1
1
1
1
1
4
14
9
1
78
1
466
4
10
89
9
82
12
4
5
42
2
1
23
126
1
15
71
44
1
2
2
10
16
1
2
65
4
15
3
4
5
1
2
10
2
1
1
2
23
12
1
10
2
1
2
1
104
170
1
1
3
1
2
3
4
1
265
3
7
2
3
12
2
1
1
6
1
4
1
2
1
1
1
8
1
7
1
10
1
1
1
2
1
6
4
2
1
1
1
2
5
51
5
1
1
3
1
1
1
1
1
1
1
4
1
1
2
2
13
3
204
1
1
2
1
1
3
2
1
14
66
14
2
2
1
2
1
20
86
4
61
24
4
19
1
1
8
39
1
6
1
9
15
1
1
3
1
1
102
1
1
1
7
1
1
1
2
1
1
1
1
1
2
1
1
1
1
1
1
2
1
1
1
1
1
1
1
1
1
37
3
2
1
3
1
1
1
17
1
1
2
1
1
1
2
1
1
1
1
1
1
1
1
1
1
1
1
1
1
1
1
1
1
212
1
2
33
180
14
1
2
1
5
1
1
1
1
1
2
308
1
1
2
78
14
266
47
7
2
13
21
1
21
3
45
15
7
1
2
137
84
1
161
11
2
1
1
4
2
1
1
3
1
1
1
1
1
1
1
1
1
27
2
1
2
1
6
2
1
1
1
5
4
2
1
1
1
1
1
1
1
1
1
1
1
1
3
2
1
1
1
1
1
54
1
3
1
1
2
2
3
1
1
1
4
195
2
4
1
1
1
1
1
3
10
4
1
2
2
1
11
15
1
1
1
1
2
1
1
1
2
1
1
2
2
1
1
1
1
2
1
1
1
1
1
1
2
1
1
216
7
1
2
1
21
1
1
2
6
13
2
19
15
92
129
2
24
2
1
3
1
6
1
1
2
1
1
1
5
1
1
1
2
10
4
18
1
3
7
2
9
1
1
1
2
8
2
3
1
98
1
1
3
1
1
1
1
1
1
1
1
1
1
1
1
2
1
1
1
1
3
1
1
4
1
2
20
1
1
1
1
2
1
1
1
1
1
2
1
11
1
2
1
1
1
1
1
1
2
5
1
1
1
4
1
2
1
1
1
1
1
1
1
1
1
1
1
1
1
1
1
1
1
1
3
2
1
2
1
1
6
1
1
2
1
1
1
4
3
2
1
200
1
1
1
1
2
1
3
1
1
1
2
2
1
1
1
1
1
2
1
1
1
2
1
1
1
3
1
1
3
1
1
1
1
86
8
1
11
2
10
1
1
58
1
1
63
157
1
4
98
1
31
6
161
3
1
1
1
1
1
36
1
1
13
1
1
8
1
1
1
2
1
2
2
2
1
1
1
1
2
1
31
6
10
3
107
14
4
4
1
2
4
2
12
1
25
1
1
1
1
1
2
1
1
1
1
2
2
1
1
1
1
1
2
5
1
1
1
1
1
1
1
1
1
1
2
1
1
1
1
75
1
1
1
1
8
3
1
2
3
4
1
1
3
2
1
9
1
1
1
1
2
1
1
1
2
1
1
1
1
1
1
12
1
4
1
1
1
1
2
1
1
1
1
1
1
2
1
1
1
1
1
1
1
1
9
1
1
1
1
1
1
1
1
2
1
1
1
2
3
3
1
1
1
1
3
2
2
2
3
1
1
1
1
1
1
1
1
55
1
2
1
3
8
1
1
1
3
1
3
1
46
1
1
1
1
1
1
3
3
1
28
1
30
8
1
2
14
1
1
11
1
1
174
1
6
1
6
3
1
1
1
7
3
5
3
2
5
1
1
4
1
1
1
1
1
1
1
2
1
4
1
1
10
1
2
1
6
1
7
1
1
1
1
2
69
1
2
1
1
12
1
1
1
49
1
1
1
1
1
3
1
1
1
1
1
11
1
1
1
3
1
1
1
2
1
5
1
1
2
1
1
3
3
1
2
1
1
1
1
11
1
3
3
1
1
1
8
7
4
64
1
1
1
1
1
3
1
3
1
1
1
1
3
4
1
1
5
2
1
1
2
4
1
4
1
1
10
1
53
26
19
42
26
1
1
1
3
4
1
4
15
9
3
8
49
39
1
1
1
10
15
1
56
1
8
11
6
14
3
110
47
4
65
5
8
19
1
1
1
2
1
1
1
4
2
1
1
2
1
24
1
1
1
1
2
1
1
1
1
1
13
4
1
1
1
1
2
18
1
1
1
1
1
1
2
1
3
1
1
4
2
3
1
1
4
3
2
1
1
2
1
3
2
10
3
1
1
2
1
10
1
1
1
3
2
2
3
1
3
1
1
1
9
4
85
1
6
2
1
4
2
1
7
1
1
2
1
2
3
1
1
2
2
1
1
1
1
2
1
5
4
4
6
1
3
3
1
3
1
10
38
2
1
2
1
6
1
1
1
1
6
1
1
2
1
2
1
1
2
4
9
2
6
16
2
1
1
1
1
1
1
1
1
3
1
8
1
1
29
1
1
4
2
1
4
4
2
1
1
1
1
1
1
1
1
2
10
3
1
1
1
1
1
1
1
1
2
1
1
3
1
2
17
1
6
3
6
1
3
2
1
1
1
1
2
1
1
1
2
1
1
1
2
2
1
4
1
2
1
2
1
1
1
2
2
2
3
6
2
1
4
2
2
1
1
1
1
24
1
1
4
1
8
1
1
1
1
1
1
2
1
15
1
3
1
47
1
11
2
1
2
13
1
13
1
9
2
5
1
3
21
1
1
1
1
1
26
1
1
14
28
1
27
1
1
3
5
1
8
1
3
1
1
1
3
1
1
2
1
1
1
1
1
1
3
1
4
1
8
1
1
27
1
2
1
1
2
8
18
1
1
1
2
3
85
1
1
1
1
4
3
1
1
1
1
4
1
6
1
2
3
1
1
1
1
1
1
1
1
1
1
1
2
1
26
1
3
1
12
1
3
1
11
2
10
2
3
4
1
1
1
1
1
3
2
1
2
1
4
4
1
1
3
1
3
8
2
4
12
1
1
3
29
1
2
1
1
5
6
2
3
1
2
2
3
1
5
31
1
2
1
53
1
1
31
6
1
1
1
2
1
18
2
2
5
1
3
1
1
1
1
1
5
8
3
3
3
3
4
1
3
1
4
10
5
1
1
2
1
18
1
11
29
1
2
1
1
4
5
5
1
1
38
16
6
17
32
3
1
1
1
1
1
1
2
30
1
15
1
1
1
1
1
2
7
1
1
2
3
2
1
1
1
1
1
1
1
1
1
1
1
1
1
5
1
2
1
1
1
1
1
1
1
2
1
1
1
1
70
3
1
1
1
1
1
1
1
1
1
2
4
11
57
6
1
1
1
13
1
4
6
2
2
1
2
1
2
1
1
2
1
1
1
2
1
1
1
17
1
1
1
2
1
1
1
1
3
1
1
1
1
1
19
4
1
4
3
1
1
7
13
3
28
1
18
1
5
1
1
1
3
6
1
6
14
3
5
21
1
1
9
11
6
1
1
1
1
2
1
1
1
1
8
3
3
2
1
2
2
11
1
2
3
1
2
1
1
1
1
1
1
11
2
1
5
3
1
1
1
1
1
1
1
2
1
1
2
1
3
2
1
1
1
13
1
1
1
3
1
1
2
3
1
1
1
4
3
2
1
1
2
4
4
1
75
1
1
1
1
1
1
1
1
2
2
1
2
6
1
1
1
5
1
1
35
2
2
3
13
4
26
5
58
2
1
1
1
3
2
1
20
1
1
1
1
48
21
1
1
2
1
2
1
1
1
1
1
1
2
1
1
1
7
39
3
1
1
1
1
1
6
1
85
2
1
1
1
1
1
2
3
1
1
5
5
1
1
1
3
3
2
1
1
1
2
1
1
1
3
1
1
1
2
3
1
1
1
1
3
1
3
2
1
1
1
1
2
2
1
1
2
1
1
1
1
1
1
7
2
1
2
1
1
1
1
1
2
1
2
1
1
2
1
1
22
6
1
1
1
12
5
2
3
2
1
1
1
1
1
6
2
6
1
2
1
18
2
3
3
1
1
2
2
1
1
2
1
1
2
1
1
2
1
1
2
1
1
1
1
33
1
2
2
3
1
1
1
2
2
2
1
1
1
3
2
1
1
1
6
4
25
1
2
1
1
1
8
1
2
1
1
1
5
3
2
1
1
14
3
1
1
2
4
6
4
1
1
1
1
5
3
43
1
2
1
1
2
1
2
2
3
1
1
7
10
4
2
6
1
1
1
1
1
3
1
1
2
1
1
2
1
35
1
1
9
5
1
2
1
1
1
1
2
3
1
2
10
1
1
1
1
1
2
1
1
1
6
1
6
5
1
1
1
1
2
1
1
1
1
4
1
1
1
3
1
7
14
8
1
1
3
1
1
61
2
1
6
1
1
2
3
5
1
83
1
1
1
1
41
10
8
2
1
1
2
1
7
4
1
2
1
2
2
3
1
2
1
1
1
1
2
1
1
1
3
3
1
2
1
2
1
1
1
1
1
1
1
7
2
3
2
18
1
1
9
2
1
1
1
1
1
1
1
8
2
1
2
2
8
2
1
1
1
70
1
2
3
2
1
1
1
1
2
9
1
1
4
1
39
4
1
5
2
2
1
2
12
4
5
2
1
2
1
1
2
1
2
2
48
2
5
2
111
2
2
11
2
7
1
4
17
15
1
4
3
3
10
1
1
14
14
1
3
24
6
4
1
1
2
1
1
1
1
1
1
1
1
2
1
2
6
2
1
2
2
1
1
3
1
1
5
1
4
1
2
1
1
1
1
1
6
9
1
3
4
248
1
1
2
1
11
1
9
2
2
46
1
1
1
2
1
21
1
2
1
3
2
6
1
1
1
3
1
1
3
1
1
1
1
1
1
1
3
1
7
1
40
1
28
44
45
1
66
1
6
1
1
1
2
1
1
4
1
2
1
1
1
1
1
1
1
1
1
1
1
1
1
1
1
1
1
3
25
10
5
1
1
1
1
1
4
2
1
1
1
1
1
1
18
21
4
107
10
3
1
1
5
1
1
2
32
1
1
1
3
3
1
1
1
2
1
1
1
1
1
2
4
1
8
21
117
1
1
1
1
1
37
1
1
1
1
3
1
1
1
1
2
1
1
2
2
1
1
1
2
1
1
1
3
1
1
1
1
1
1
3
1
1
1
1
1
1
1
24
1
2
29
1
8
2
1
2
2
6
5
17
1
6
57
1
15
6
2
78
6
30
1
2
1
4
3
21
10
2
1
1
1
1
2
1
3
4
2
5
1
9
1
1
1
3
1
1
1
3
1
5
1
1
1
2
1
1
1
2
1
2
1
1
7
1
1
3
1
2
3
2
5
2
3
1
45
1
2
1
4
1
2
11
6
38
13
2
1
12
1
1
4
3
1
3
1
4
5
1
6
1
13
1
2
3
1
1
1
1
2
15
1
6
5
1
3
1
16
1
91
2
2
1
1
1
2
1
1
1
1
2
4
4
4
3
3
2
2
1
54
1
11
1
1
1
4
2
2
1
1
1
2
1
1
15
13
2
1
1
1
3
5
3
2
1
6
8
5
1
1
2
2
3
1
1
1
2
1
2
1
1
13
1
1
2
50
1
1
5
4
7
1
2
1
1
1
1
1
1
1
1
1
4
18
1
6
1
9
1
6
31
4
1
1
1
1
2
1
2
1
2
3
1
46
2
2
1
1
46
11
3
1
1
1
10
67
1
42
96
1
5
1
1
2
11
13
68
2
324
1
1
1
1
4
4
1
5
1
1
2
1
1
5
2
1
2
1
1
1
6
1
6
1
3
1
8
1
2
1
2
1
3
2
1
8
1
1
10
1
1
4
1
5
1
2
1
1
26
3
1
1
3
1
1
4
1
1
1
3
1
1
1
1
4
2
7
7
1
1
1
1
7
4
2
2
1
1
1
9
1
1
1
1
6
5
8
2
7
1
3
4
3
3
4
8
2
1
1
1
1
1
1
6
4
34
2
2
1
25
1
19
3
2
1
2
1
1
1
1
1
4
2
132
2
1
5
1
1
2
2
2
1
1
1
1
41
6
1
1
2
1
1
1
6
1
1
5
1
1
102
10
1
2
1
1
2
4
1
5
1
1
1
1
1
113
1
16
4
1
3
3
1
1
1
1
1
3
1
1
2
8
1
1
5
1
28
1
250
1
4
2
2
10
1
1
1
1
3
1
1
1
15
4
1
3
1
3
2
7
1
1
2
1
30
2
1
2
2
2
1
1
2
8
1
7
2
1
45
1
1
1
1
2
2
2
1
1
3
3
17
1
26
2
2
39
1
7
17
2
1
135
1
61
27
1
1
1
1
1
1
2
1
2
12
1
8
3
1
8
1
1
28
2
2
1
3
4
12
1
4
2
1
5
1
2
3
1
1
2
2
13
1
19
1
1
5
1
1
41
6
4
1
4
1
1
3
4
9
5
130
1
2
196
2
31
22
10
1
9
100
2
1
2
2
1
2
1
2
23
3
1
3
1
1
1
1
2
1
3
1
8
5
1
1
1
2
5
1
1
1
33
6
1
1
7
1
1
1
1
2
1
1
5
3
5
2
1
1
1
2
1
3
2
1
3
1
1
3
4
1
1
1
27
1
1
48
1
1
4
1
1
1
2
9
1
1
1
4
1
1
1
1
7
2
1
1
20
1
4
1
2
1
1
1
1
1
1
4
1
1
1
1
1
6
23
1
3
2
3
9
1
1
4
6
1
13
5
7
2
3
3
9
4
7
1
2
1
1
1
4
17
1
2
1
147
1
2
2
2
6
1
3
4
11
1
7
15
1
23
1
14
66
22
4
1
1
3
1
1
1
1
1
2
1
3
1
1
1
1
1
9
2
1
2
2
9
1
9
2
1
6
75
1
4
1
4
1
1
1
1
22
2
15
3
1
5
2
2
2
1
1
1
5
1
1
2
3
2
1
1
1
2
1
1
8
1
1
1
1
1
1
1
6
2
10
1
1
1
3
1
5
50
1
1
1
1
1
1
2
1
2
2
1
1
4
15
3
11
8
1
1
1
1
76
1
1
16
2
31
8
3
2
1
3
1
1
4
4
2
3
2
18
44
5
1
1
1
3
1
1
3
7
1
25
21
2
8
3
2
3
3
3
5
238
1
5
5
1
5
19
1
1
1
10
9
5
53
1
1
31
244
1
1
1
1
1
1
1
1
1
1
1
2
1
11
1
1
2
2
1
1
1
3
1
35
9
1
2
1
1
1
1
1
2
1
1
2
2
1
2
6
1
1
2
9
1
3
2
40
125
6
1
4
1
20
1
1
1
13
2
1
6
6
1
45
2
17
2
3
1
3
4
1
1
1
7
6
3
1
1
3
2
2
2
2
1
1
1
1
47
1
30
1
1
1
3
8
2
1
2
2
1
1
2
1
2
183
1
1
2
1
1
1
5
2
1
1
1
36
2
1
1
3
4
1
27
1
4
2
4
2
2
10
2
5
1
1
2
2
2
1
13
1
2
7
2
4
1
4
1
2
1
1
24
2
1
1
2
1
1
3
1
4
2
7
1
1
1
1
4
1
1
2
2
1
1
1
1
1
1
2
3
1
3
3
1
1
1
1
1
10
1
3
1
21
1
1
1
1
1
1
1
1
1
61
1
1
1
1
1
1
1
1
1
3
1
1
1
1
1
1
1
1
1
1
2
1
1
3
2
1
1
23
7
4
1
2
1
2
1
2
1
2
1
3
1
2
1
2
1
2
1
1
1
1
1
1
8
77
1
1
11
1
2
1
1
3
13
1
1
10
1
1
10
1
2
2
1
1
1
26
1
1
1
1
1
1
11
1
1
1
1
5
1
1
2
2
1
1
1
1
3
1
1
2
1
1
2
6
9
1
2
6
5
5
2
1
1
1
4
1
12
1
13
19
2
1
2
1
4
2
1
1
1
1
1
21
1
1
1
2
1
3
1
4
1
3
5
5
1
1
1
1
7
2
2
1
17
1
2
1
1
1
75
10
3
2
1
1
1
1
8
2
2
1
1
1
4
7
3
4
16
2
2
1
1
1
1
1
2
1
1
1
1
1
1
15
9
2
1
1
1
1
195
10
1
2
1
5
1
2
1
1
1
2
9
8
37
1
1
13
1
6
2
5
1
1
1
1
1
1
7
1
1
1
1
1
1
1
4
1
1
1
1
1
1
1
6
1
7
7
1
11
1
3
1
1
2
1
1
1
1
2
2
1
26
12
3
2
3
1
1
10
2
5
2
1
11
6
2
1
1
3
5
1
23
43
242
1
1
2
2
1
1
1
1
1
2
1
3
1
1
1
1
3
2
1
1
1
4
1
1
1
6
1
1
2
5
2
1
1
2
2
2
1
2
1
2
26
1
1
1
1
2
1
1
1
1
1
1
2
1
1
1
1
1
4
3
9
1
2
2
1
1
3
1
1
1
1
1
1
2
80
1
4
2
2
8
1
32
1
1
2
5
1
1
1
4
4
2
7
3
1
1
148
