2
2
1
2
1
1
3
1
16
8
6
1
5
2
7
1
3
1
1
14
2
1
8
14
2
6
13
2
2
8
1
1
1
2
1
2
2
15
1
8
1
17
13
34
14
1
1
2
4
23
2
1
1
4
30
2
4
5
4
2
16
2
3
1
1
3
1
1
31
4
7
10
1
5
4
1
3
31
3
5
1
6
67
1
2
2
15
20
15
1
5
2
6
15
1
1
1
4
1
1
4
2
2
35
1
1
3
4
4
15
1
1
14
1
2
18
1
23
7
6
4
22
2
3
5
1
2
3
15
2
2
10
6
3
1
5
16
20
2
1
19
10
2
1
1
4
4
5
8
2
3
2
7
3
2
6
2
1
2
1
15
2
16
1
4
1
2
13
3
4
6
3
7
3
1
7
10
3
16
2
2
4
2
2
1
1
1
1
1
15
17
1
3
13
2
7
16
3
2
12
5
12
69
2
4
30
17
1
2
1
1
3
17
1
6
23
7
5
6
2
1
19
9
3
5
1
2
4
1
1
34
6
1
1
3
2
1
2
2
6
1
11
12
1
2
4
2
9
1
3
1
1
45
3
3
3
19
9
7
2
1
6
1
4
1
1
2
2
9
2
18
2
2
1
1
5
1
3
4
4
3
1
3
1
1
1
11
1
1
5
29
14
7
29
1
3
26
1
4
1
26
2
1
1
2
12
1
28
2
1
4
7
1
13
9
4
4
2
1
1
3
1
7
2
1
2
4
1
23
10
19
4
4
5
3
20
2
3
2
1
5
6
15
4
4
62
5
4
2
7
1
2
3
12
2
11
20
12
1
9
2
22
2
1
2
5
2
1
2
1
4
2
1
6
12
1
3
25
8
1
12
5
14
1
2
1
4
2
1
32
4
7
5
5
2
17
1
1
1
1
3
1
1
14
4
18
2
3
1
1
1
1
1
26
3
28
5
15
3
5
1
2
2
2
19
3
2
1
3
2
36
2
4
7
2
1
1
1
5
3
2
1
1
1
6
1
1
2
30
8
15
7
25
2
2
42
1
1
2
17
2
8
9
9
22
1
2
1
2
14
1
2
1
1
1
2
3
1
6
3
12
2
5
4
7
1
5
2
6
5
1
2
2
19
1
1
2
2
8
1
45
4
1
22
6
3
10
3
6
2
1
2
1
3
3
1
3
6
1
4
1
1
5
6
10
11
1
1
2
1
2
3
3
2
3
8
5
1
5
9
23
1
14
4
6
4
2
20
1
3
9
25
19
5
7
3
1
2
2
7
32
4
1
6
1
6
1
2
12
12
2
1
1
5
2
12
2
1
1
5
2
13
4
1
13
2
1
1
8
2
7
5
1
2
3
2
3
27
2
5
9
1
1
4
8
2
4
9
2
1
3
1
1
1
15
1
25
18
2
1
2
23
6
2
31
1
12
2
1
2
1
3
1
7
20
1
39
28
2
27
2
6
1
2
1
16
69
1
2
1
2
5
2
12
1
1
1
1
1
1
1
15
2
2
7
17
5
35
1
1
9
1
2
30
1
8
2
3
5
2
1
1
2
1
2
1
4
2
8
2
2
1
1
3
3
1
14
2
14
2
2
2
6
6
3
15
13
5
1
4
5
1
1
5
1
2
2
6
14
1
9
16
9
1
8
2
5
20
9
19
2
37
15
1
1
8
2
5
2
2
2
1
2
9
4
2
6
1
3
5
3
1
51
1
2
9
4
2
3
3
43
18
6
36
1
4
1
4
1
1
1
1
54
5
49
2
6
1
4
6
2
2
5
2
1
2
2
1
2
1
51
2
1
2
10
3
2
29
1
3
1
2
2
4
5
8
2
1
2
3
1
7
1
1
6
5
2
3
4
2
1
1
12
1
12
2
3
2
28
10
5
51
17
3
17
2
12
1
2
1
1
20
1
2
1
2
2
1
9
3
1
2
1
2
23
2
2
2
2
2
1
5
8
3
1
5
1
13
2
9
5
1
2
2
7
18
7
10
2
2
1
1
25
3
1
2
3
9
4
3
1
4
1
10
1
5
3
3
8
2
2
2
1
7
1
3
3
2
4
4
1
13
3
3
1
1
2
2
5
11
1
1
14
3
19
12
3
26
1
14
1
1
1
2
2
1
1
2
2
8
2
1
1
1
1
1
5
3
2
13
35
40
13
2
1
1
3
2
6
1
2
1
2
6
7
3
2
6
2
7
1
1
9
4
1
4
10
5
4
1
5
1
2
9
2
3
2
2
2
2
3
1
1
14
6
5
8
1
1
1
5
1
7
9
1
6
22
8
47
3
19
2
1
6
1
20
19
1
3
5
1
7
2
3
1
1
1
12
1
13
6
1
3
9
4
1
39
12
1
2
3
2
2
1
2
9
9
9
3
8
3
3
1
3
2
3
2
1
7
2
2
1
7
1
1
2
6
24
1
10
8
2
3
4
3
13
3
1
2
2
8
1
2
8
4
1
2
1
2
2
9
3
67
1
22
1
1
1
1
2
3
8
3
3
12
1
2
1
1
5
2
4
2
6
3
2
2
4
2
2
1
16
1
16
1
1
6
26
1
1
5
3
1
4
14
14
2
20
23
49
1
2
1
4
2
1
11
2
1
11
2
3
1
1
9
1
2
5
5
3
1
2
5
16
3
4
2
23
2
2
19
12
3
23
3
3
5
2
2
6
1
5
1
2
2
1
6
2
2
2
13
2
4
1
8
1
2
1
2
2
2
10
1
4
9
1
1
2
2
3
3
33
1
1
3
3
1
4
2
4
2
5
1
9
7
4
1
7
1
1
2
11
1
2
3
1
6
6
1
2
4
3
3
2
1
1
2
34
2
13
5
45
10
11
5
6
9
1
11
2
4
2
1
1
1
2
14
8
9
1
1
29
1
32
1
18
1
4
2
4
1
15
3
27
3
3
1
5
4
4
2
1
22
16
1
2
6
1
2
3
2
4
1
7
16
6
1
2
20
1
6
1
5
3
3
2
5
7
7
1
12
3
2
1
8
1
29
17
4
1
1
2
1
20
2
2
5
2
2
1
2
1
3
1
1
7
1
5
1
2
3
12
1
11
1
1
1
18
2
1
3
14
48
1
1
3
3
11
1
1
10
2
2
2
3
3
1
1
1
1
4
1
2
2
1
2
7
1
5
4
2
1
5
1
1
8
3
2
5
1
7
2
15
8
2
31
1
4
2
9
1
1
4
3
4
10
3
7
14
1
2
1
10
4
3
1
8
3
1
9
9
4
3
6
2
5
1
1
7
3
12
5
1
48
3
5
12
2
6
1
1
2
1
2
1
2
5
3
4
1
3
2
30
17
3
2
4
1
3
2
1
3
10
2
4
1
4
3
2
2
9
3
1
3
3
3
1
2
12
1
4
4
1
1
2
3
12
11
4
3
1
1
2
13
2
8
1
4
2
3
1
2
2
4
1
1
6
4
4
3
1
1
2
6
15
3
5
4
1
8
1
1
4
1
1
2
2
3
1
18
5
16
2
11
5
1
2
4
3
10
1
27
17
1
1
4
8
2
11
2
1
1
4
3
4
10
5
1
4
3
4
1
19
3
5
1
6
1
9
1
23
4
1
2
6
2
21
1
2
1
3
3
1
18
3
1
1
32
2
1
4
3
5
6
3
1
3
3
2
2
1
3
7
2
2
2
14
7
8
1
10
2
2
2
1
2
5
1
1
2
5
1
1
3
2
1
3
3
1
8
52
3
21
6
2
3
1
14
3
3
13
1
3
4
5
13
14
2
1
1
3
8
1
15
2
1
6
1
8
1
3
5
1
1
8
1
1
2
5
1
20
3
28
2
4
9
3
2
4
2
1
2
6
1
12
1
7
1
4
4
7
4
2
4
1
1
1
1
1
1
1
41
7
6
1
5
2
7
3
1
5
11
2
3
1
6
2
36
3
2
2
2
1
3
2
1
38
2
3
2
1
1
8
2
1
19
3
1
4
7
6
8
4
1
21
2
4
1
14
4
1
3
12
1
1
3
1
1
3
1
2
1
9
15
3
4
8
5
6
13
1
8
2
2
2
4
4
2
1
11
1
8
17
2
3
1
4
2
13
12
3
8
1
2
4
7
2
1
2
1
3
1
12
22
12
4
3
1
2
11
1
18
1
2
23
2
1
5
10
1
1
8
5
1
2
2
1
1
1
1
2
1
1
1
13
3
1
5
1
1
1
1
4
1
5
2
2
1
1
2
1
6
1
5
6
2
2
13
3
4
4
7
4
1
7
9
18
3
3
2
2
5
2
1
2
2
6
3
2
3
12
2
24
4
4
12
2
1
1
3
7
17
2
2
4
1
3
5
2
4
7
2
7
3
2
4
10
2
3
2
2
4
5
2
1
2
5
13
1
9
3
4
1
3
11
10
3
4
1
5
5
2
3
1
24
1
3
7
1
17
2
2
4
55
6
6
4
6
1
5
1
1
3
1
1
4
2
1
8
2
1
1
12
1
40
10
10
4
12
6
1
7
1
6
1
13
2
1
1
3
1
5
4
13
2
17
5
12
6
12
4
13
3
4
4
2
1
4
1
2
10
1
1
2
1
10
5
2
4
5
8
6
4
19
2
3
2
6
13
2
5
1
4
1
4
6
6
29
1
1
3
14
2
1
1
1
1
5
5
5
1
1
3
17
8
6
1
4
8
9
1
24
4
1
14
2
1
10
2
11
9
1
1
13
1
10
1
1
10
25
2
1
14
7
2
4
23
1
1
1
4
6
1
7
1
1
7
2
27
8
24
1
1
2
1
13
7
9
2
8
1
3
2
1
3
3
1
3
6
6
2
7
2
17
10
1
4
21
4
4
3
1
4
7
13
1
9
4
2
8
2
11
11
1
1
10
1
4
6
7
5
3
6
1
30
1
1
6
7
3
13
3
5
1
4
5
3
1
1
3
16
2
4
1
2
2
7
12
1
14
12
28
1
3
1
3
4
7
9
1
12
1
1
3
1
2
5
1
3
1
8
2
26
1
10
4
5
1
6
8
37
1
1
7
8
8
2
2
2
2
4
1
3
8
3
6
1
10
4
9
8
1
10
33
4
11
11
2
2
17
7
3
11
4
19
9
1
3
14
8
9
1
6
3
1
5
1
1
34
2
46
1
6
2
4
1
1
5
1
9
39
6
1
4
1
3
2
4
1
2
1
3
2
20
4
2
11
4
7
1
26
