2
15
14
5
25
2
2
1
20
1
9
1
2
1
21
1
11
10
3
1
11
2
7
1
4
2
12
18
7
26
7
3
2
11
17
2
1
5
4
2
1
13
1
2
3
3
12
4
1
3
15
4
5
8
3
4
2
2
3
1
2
1
16
1
3
2
1
1
20
7
2
2
1
24
17
5
2
43
2
2
2
4
12
4
5
2
44
3
2
1
2
2
27
11
25
8
2
2
1
1
3
4
1
1
4
1
6
2
4
3
3
12
3
1
2
2
3
21
3
2
3
2
1
4
1
1
7
4
16
8
1
11
2
6
13
1
1
27
11
5
11
2
4
6
12
8
5
7
1
1
2
1
13
3
1
4
1
5
12
2
10
7
5
2
22
19
2
1
11
1
19
1
29
8
1
6
2
7
1
18
4
2
6
6
2
2
14
13
2
5
3
13
1
1
3
7
1
17
1
12
2
9
3
3
9
9
4
37
2
19
7
2
1
12
1
2
2
7
10
4
1
4
2
5
3
1
2
10
7
3
7
1
1
21
1
1
2
6
7
1
2
3
2
2
1
2
12
5
6
11
2
2
3
38
4
7
2
1
18
10
2
8
5
2
12
14
2
34
11
2
6
16
3
9
16
1
4
3
7
4
1
2
1
22
11
5
4
7
2
9
2
3
1
7
2
2
1
26
2
25
2
1
1
1
2
5
7
3
1
2
14
11
2
6
3
3
31
3
7
4
1
1
2
11
2
6
15
9
2
1
5
16
12
1
1
4
11
2
1
5
16
3
2
3
1
12
9
2
4
1
4
2
3
3
3
9
1
1
5
3
1
2
1
1
3
2
7
43
10
16
1
5
6
4
3
1
2
1
1
2
11
1
2
1
2
8
5
1
17
1
1
1
1
1
1
3
2
1
2
3
6
3
1
8
11
1
37
2
2
8
4
1
2
1
2
2
5
7
2
8
5
2
4
2
5
11
1
3
9
46
1
1
6
1
41
2
1
2
5
1
6
5
1
1
1
1
2
12
6
22
2
10
8
1
17
2
5
16
1
1
24
1
2
2
4
1
2
3
3
17
3
11
2
1
2
7
23
20
3
5
4
2
1
1
1
1
1
1
7
22
4
4
6
4
7
29
1
2
22
20
1
15
2
2
6
7
11
9
14
1
10
7
5
4
5
11
2
3
9
2
5
13
1
17
40
6
1
1
2
1
2
2
3
2
1
2
1
6
3
4
9
6
1
23
1
26
2
32
3
1
2
5
3
1
4
2
26
2
1
2
5
6
3
2
27
7
5
1
13
2
11
1
1
3
2
50
5
3
25
1
1
33
10
1
2
4
1
1
6
2
1
1
4
10
1
7
3
4
1
2
2
14
4
4
1
9
6
1
2
5
1
1
3
8
1
2
1
1
3
1
8
2
1
14
10
6
3
2
2
9
14
2
2
6
2
9
4
1
1
2
11
5
28
1
8
6
1
3
2
1
2
29
2
7
1
15
2
2
7
2
7
2
21
7
23
3
2
3
7
33
3
3
32
8
2
9
1
2
2
1
1
4
16
3
32
8
2
8
8
3
6
10
1
1
2
3
4
4
2
38
1
2
16
7
34
2
3
1
2
4
3
9
4
2
3
6
2
6
4
15
11
3
3
2
2
2
32
18
2
3
2
10
7
2
1
2
2
2
15
6
7
2
1
24
18
1
1
1
41
2
4
2
2
15
1
1
44
12
4
3
6
2
1
4
2
12
55
3
5
25
2
2
3
4
1
1
23
1
11
6
4
2
4
1
2
1
3
10
3
3
1
2
5
1
13
8
10
1
2
1
28
18
1
26
34
3
3
2
10
11
39
2
1
2
1
2
14
2
8
3
7
2
4
4
4
1
6
1
10
3
3
4
1
3
5
3
29
2
2
1
10
2
9
1
1
1
3
34
3
5
30
3
19
2
5
2
3
4
5
5
26
1
1
3
3
2
3
1
1
2
1
4
27
1
4
6
1
4
8
2
5
1
1
1
2
4
3
18
20
3
3
2
10
2
1
1
6
13
2
1
4
2
2
7
1
4
7
35
2
1
3
2
1
9
8
7
7
1
3
4
1
5
1
7
4
17
10
1
6
1
4
2
1
8
2
9
1
1
11
10
8
1
1
1
1
7
1
12
1
3
36
1
5
5
2
3
1
12
1
18
1
6
2
3
37
2
5
2
1
4
2
1
7
4
1
10
8
2
1
9
1
1
3
1
6
17
14
12
11
10
9
1
8
2
31
6
4
2
47
2
2
3
1
11
5
1
2
25
2
2
2
35
6
11
4
3
8
1
3
2
5
3
3
21
22
1
10
2
1
1
19
2
13
2
9
5
8
1
31
7
2
2
1
1
3
9
2
3
1
1
2
2
1
31
10
1
4
2
18
2
40
16
2
5
4
1
8
2
25
1
28
1
2
1
2
2
7
2
5
1
24
1
1
1
3
16
2
15
4
10
14
6
11
3
14
3
1
1
4
1
5
3
6
1
5
2
14
1
3
1
3
3
34
4
1
3
3
47
2
6
5
5
2
1
1
1
1
3
1
12
13
3
7
3
6
14
6
2
3
7
1
1
2
9
5
2
2
7
2
7
2
1
1
9
6
2
7
25
23
4
1
2
3
2
2
1
7
7
6
5
3
2
2
1
1
1
4
15
5
1
2
5
44
2
1
1
3
2
2
2
3
3
3
19
1
1
2
3
3
1
5
1
4
1
1
1
4
14
14
1
5
1
3
2
1
2
1
3
4
24
1
1
20
2
1
1
6
19
10
2
3
25
5
2
3
1
1
11
56
2
12
5
2
4
2
57
4
6
8
2
3
4
3
8
3
7
1
1
10
2
3
9
5
3
1
1
3
2
2
7
2
1
20
6
3
9
19
3
4
1
1
1
3
1
1
2
8
2
17
1
3
2
1
4
3
3
3
1
2
1
1
1
1
1
4
2
11
2
1
11
2
5
2
4
1
3
23
3
13
2
8
3
5
5
19
3
3
2
1
2
4
17
22
4
3
2
4
2
4
43
1
9
3
2
2
49
5
4
9
3
1
10
3
5
2
11
1
2
15
2
1
7
1
1
3
1
5
7
4
1
10
18
12
5
2
2
13
1
1
3
7
5
1
16
5
5
1
1
1
2
12
5
2
1
1
6
2
4
13
2
2
23
4
9
9
1
13
2
2
14
6
14
2
17
4
28
4
1
1
2
10
9
9
1
4
3
1
1
2
13
14
1
2
3
1
1
3
6
4
7
2
2
2
3
8
1
1
1
11
1
1
21
5
1
1
6
4
1
1
10
13
2
5
1
1
1
4
19
2
2
2
1
8
3
1
2
5
31
5
19
1
14
2
1
14
4
11
2
16
4
8
3
5
5
4
7
3
56
4
1
3
2
2
45
3
4
7
3
14
1
7
23
2
2
3
8
5
5
7
5
3
7
1
2
35
2
38
2
28
2
4
12
3
1
14
2
5
11
17
1
7
2
18
5
3
3
16
2
28
3
1
2
15
11
14
41
3
19
5
1
1
13
5
1
1
5
1
1
5
6
12
2
25
1
2
14
11
10
23
2
2
3
34
4
3
1
1
2
4
8
2
4
1
2
7
3
15
19
2
23
3
2
1
5
5
4
57
7
6
10
3
1
11
9
2
5
2
5
1
2
9
1
8
1
1
3
12
5
2
1
15
3
10
3
2
1
4
12
3
6
10
1
3
32
3
4
1
4
10
1
9
16
9
2
1
3
8
2
1
5
2
1
1
2
1
1
11
18
4
21
1
3
5
3
3
2
2
8
2
6
1
5
6
4
2
1
1
2
1
2
5
4
15
2
1
14
1
3
5
22
2
1
1
24
14
3
1
9
2
3
1
1
7
3
24
8
2
9
3
30
9
1
5
4
2
10
3
8
5
28
3
1
11
2
6
2
1
1
4
3
1
1
24
3
2
1
3
10
1
3
4
1
2
5
1
2
6
9
3
2
5
1
7
2
1
6
2
2
5
2
4
3
2
2
1
20
3
9
19
2
27
1
1
6
9
2
2
1
1
2
1
12
1
4
2
16
10
1
2
1
2
1
1
17
3
2
8
12
4
17
33
1
5
1
1
11
2
3
1
5
2
1
4
1
5
14
1
1
1
1
3
10
2
3
2
3
1
1
7
6
2
4
3
34
4
1
1
9
3
3
1
12
4
2
4
4
21
1
1
4
2
1
1
15
1
11
1
3
19
1
4
12
6
30
52
7
10
1
7
3
39
1
3
3
2
21
1
4
5
30
7
5
2
1
4
3
1
2
21
11
2
3
1
11
2
59
1
8
9
1
4
1
9
1
1
7
3
2
1
5
15
8
4
2
1
6
1
23
3
2
39
21
2
1
3
5
1
8
6
4
5
16
13
4
1
1
2
2
5
1
11
2
1
1
34
1
1
1
7
13
1
3
7
1
1
1
3
1
1
1
15
13
6
1
49
2
2
5
2
2
2
2
6
1
8
3
5
8
15
2
2
2
10
5
17
2
1
