5
8
1
5
2
2
1
1
4
4
2
1
39
1
2
3
2
31
1
1
1
26
8
7
2
2
1
3
1
8
15
6
4
5
5
11
1
1
2
2
3
20
5
7
3
2
1
5
1
3
1
14
7
6
3
3
3
5
1
1
1
1
6
2
1
9
1
1
14
7
10
5
1
2
6
2
1
1
4
1
9
1
1
4
2
4
19
2
7
4
1
1
2
3
1
2
8
2
3
1
3
10
26
1
21
13
6
1
2
6
8
1
15
1
4
2
26
2
1
1
9
4
2
2
2
8
5
2
4
1
10
1
5
6
11
90
7
1
5
1
2
7
8
2
6
16
5
2
2
21
2
1
1
2
2
8
1
9
1
4
9
21
4
3
2
3
1
2
7
13
2
22
10
1
3
6
1
5
23
14
3
2
7
2
38
3
4
1
2
4
3
2
2
3
2
6
25
17
13
7
5
7
7
2
2
18
1
1
10
2
26
2
2
1
3
2
15
5
2
2
3
20
5
7
1
8
17
24
3
4
2
14
23
4
1
2
6
5
4
1
2
1
22
9
1
1
1
3
10
30
2
6
2
2
29
48
1
3
10
10
1
25
1
1
3
2
16
1
1
7
7
8
16
2
10
1
1
22
29
4
9
8
1
29
18
13
8
1
11
3
1
13
1
7
8
3
1
23
4
1
3
4
1
8
10
10
9
4
3
2
9
23
5
8
38
1
9
1
22
3
3
1
5
2
3
14
1
19
15
1
12
71
3
4
2
1
1
1
26
1
1
2
2
1
2
1
1
4
2
1
1
1
6
13
11
4
2
2
4
9
7
2
1
4
1
2
3
7
14
14
19
1
4
3
10
24
5
2
11
4
6
2
1
1
24
20
9
7
2
1
1
2
2
4
2
1
1
6
7
1
1
2
2
22
1
5
6
1
5
4
10
9
2
2
3
3
4
10
1
1
6
11
3
2
4
5
16
3
1
1
3
6
1
3
7
4
3
2
1
2
26
14
1
2
1
20
52
1
2
1
3
3
1
3
19
2
5
8
5
6
17
6
11
2
1
4
4
2
16
3
3
3
3
1
1
2
3
1
2
3
2
39
4
9
1
1
14
3
1
6
1
2
5
11
12
17
6
5
6
11
12
1
75
6
2
1
3
1
3
1
3
1
1
2
4
1
1
2
3
3
9
3
4
3
11
2
8
1
7
6
1
2
40
22
1
19
1
8
1
7
2
1
4
9
2
1
25
2
9
1
1
2
2
2
4
12
13
1
2
9
4
15
10
1
4
4
1
7
5
3
3
2
3
1
7
1
16
3
1
4
2
3
4
2
2
1
2
8
3
2
2
2
6
4
2
1
5
2
4
2
1
3
7
9
19
1
7
1
52
8
3
13
5
19
1
4
1
1
3
26
3
2
5
82
7
3
1
1
2
2
2
2
1
1
13
10
1
1
2
4
3
1
2
3
6
4
8
1
3
2
16
4
2
2
7
1
2
1
4
1
3
1
1
3
3
4
1
2
16
1
10
1
4
1
1
16
4
14
6
5
1
1
1
1
9
4
18
21
2
2
1
1
8
3
14
1
2
3
1
20
2
2
2
1
3
8
4
2
1
1
1
1
3
4
2
1
1
1
2
1
1
4
16
2
1
2
1
12
5
2
4
2
2
1
4
8
4
2
6
6
6
1
1
3
25
4
1
3
1
1
10
16
10
5
8
6
3
12
2
1
1
2
14
1
2
1
1
2
12
2
1
1
4
8
1
12
10
1
2
1
4
2
6
4
10
13
30
2
2
5
9
1
28
11
6
2
9
10
2
2
8
1
6
2
13
23
13
3
1
6
4
5
1
3
1
8
3
1
1
4
10
4
13
1
1
15
43
2
5
4
30
8
11
1
2
3
7
2
8
6
5
37
12
10
1
13
1
2
2
2
3
4
1
3
1
3
2
4
4
1
9
7
12
2
3
2
3
9
4
2
9
13
55
2
63
1
24
17
37
1
5
3
4
19
11
2
2
32
1
1
6
2
2
1
2
6
14
10
1
3
17
3
1
1
1
9
7
5
11
1
1
1
2
3
2
3
4
47
8
1
3
2
1
1
2
1
1
9
3
4
2
17
7
10
8
3
37
1
1
1
1
3
5
35
15
2
15
2
1
2
3
1
18
12
8
2
4
1
1
3
6
6
1
4
1
8
2
1
1
1
2
14
1
8
1
5
1
7
1
30
9
9
5
1
2
12
2
6
8
1
9
8
3
40
15
3
1
6
6
2
1
1
3
2
2
2
7
7
16
16
4
1
1
2
4
2
5
1
1
2
3
1
3
1
5
13
10
2
2
9
1
1
8
5
3
1
10
1
3
1
2
1
8
1
8
2
4
9
22
1
7
3
2
3
1
2
1
15
2
9
1
3
16
12
1
4
1
10
2
2
1
9
2
2
2
14
47
2
1
1
1
2
6
4
1
16
4
19
2
3
21
1
15
15
10
2
7
1
2
2
4
1
3
14
8
19
1
62
2
6
2
4
3
3
1
3
2
2
2
5
2
1
3
2
5
2
1
1
1
3
29
4
8
2
2
4
2
1
9
1
15
1
9
4
16
7
30
12
4
2
6
11
2
2
5
1
3
6
108
6
7
8
2
6
3
4
2
3
1
10
1
1
6
2
1
10
3
6
3
8
8
3
1
3
4
3
1
6
4
1
27
10
1
8
3
7
22
7
2
1
1
6
7
1
3
16
29
10
1
5
1
12
4
74
3
6
2
1
4
31
27
2
6
1
1
3
4
2
2
7
7
8
2
1
2
9
1
9
1
4
21
5
5
8
1
3
3
18
1
9
3
1
1
7
52
1
2
1
45
1
4
3
1
13
14
35
2
10
8
3
1
1
16
1
19
2
3
3
1
2
1
13
20
2
2
1
13
4
2
7
1
3
3
2
1
1
1
19
2
2
1
2
15
2
3
1
1
23
1
3
38
1
7
7
2
5
1
4
3
1
5
7
2
9
7
2
1
2
4
12
12
4
3
1
1
8
1
7
17
2
2
7
1
14
4
24
2
3
2
2
2
2
3
13
2
2
2
1
1
16
2
4
1
6
1
2
3
3
9
14
6
1
1
9
3
2
14
2
64
11
2
3
2
1
15
7
2
3
2
2
2
6
2
1
4
10
1
3
2
3
5
1
12
2
1
5
1
4
21
2
12
2
2
1
1
3
1
6
22
15
1
2
50
2
6
1
1
1
2
2
3
51
4
1
4
5
2
1
4
2
5
1
12
2
1
7
5
5
5
16
1
4
5
3
4
1
10
11
2
11
2
1
10
1
3
2
14
3
1
2
14
9
3
14
3
2
33
9
1
1
1
16
3
6
1
3
17
1
2
1
4
17
3
2
1
4
2
1
1
1
8
1
1
36
8
4
1
1
5
6
2
3
1
1
6
1
79
7
5
11
5
2
2
1
3
2
2
21
4
1
1
11
2
2
2
10
1
2
5
9
2
1
1
1
4
1
1
10
9
29
2
1
1
3
2
1
5
2
2
2
1
6
1
4
4
45
1
15
1
1
2
1
7
1
1
34
4
1
33
2
5
2
1
3
3
1
15
54
1
3
1
9
3
5
45
1
1
2
9
1
4
2
8
1
2
1
5
1
3
4
1
14
1
1
1
1
2
1
1
3
6
2
1
5
2
2
60
5
1
1
5
1
1
7
5
26
2
7
5
2
1
11
3
1
4
8
8
3
1
3
3
4
2
4
1
19
3
7
3
4
7
1
2
3
2
1
7
12
12
9
1
1
11
10
1
7
2
1
1
4
2
2
9
37
2
1
2
4
8
12
1
24
7
1
1
2
3
6
1
20
2
1
1
11
5
18
1
2
3
1
11
14
3
2
7
1
1
1
3
20
1
2
1
4
3
3
7
8
4
7
5
1
15
2
2
1
1
6
1
21
1
1
1
8
2
9
2
4
3
20
3
4
3
4
1
1
1
12
2
1
1
2
1
5
4
2
25
11
1
13
1
4
2
5
3
8
1
5
2
7
2
10
6
19
2
12
1
2
7
13
2
1
2
1
1
4
1
2
17
1
4
3
2
3
5
2
11
24
15
2
14
3
2
13
1
5
2
1
1
2
2
3
3
2
3
2
3
2
1
10
1
6
1
2
4
10
1
2
1
9
3
6
5
6
2
9
1
2
7
6
3
1
1
15
11
2
4
5
4
8
3
2
6
2
2
2
6
2
1
1
5
1
4
1
1
7
12
1
3
12
2
45
4
3
12
1
1
2
2
23
4
1
2
2
1
6
1
3
62
10
14
2
6
1
1
5
2
15
5
7
34
1
3
1
2
14
2
1
46
3
6
1
2
1
9
3
20
9
1
5
1
2
5
12
2
9
5
1
3
12
1
21
1
5
2
2
1
17
1
3
1
22
5
7
1
5
12
1
2
6
3
3
1
35
33
2
14
8
16
2
5
8
2
1
1
12
2
5
3
3
3
4
2
2
2
4
39
14
15
3
4
3
12
5
2
4
2
2
12
4
1
3
3
3
2
5
17
3
1
2
1
2
1
33
4
3
1
1
2
41
7
15
1
3
8
3
1
19
3
8
3
2
5
5
6
2
22
2
1
2
17
28
4
2
2
3
2
24
11
6
2
2
21
1
16
2
14
2
6
8
5
14
3
3
4
1
3
37
8
5
1
2
2
2
5
6
2
8
7
2
2
6
9
2
8
35
10
1
13
7
1
1
4
10
8
99
2
1
1
1
31
4
1
5
2
2
3
2
2
4
2
1
3
6
3
6
23
1
2
1
2
3
1
1
4
3
1
21
16
1
10
2
1
2
13
3
5
12
3
3
4
7
3
12
8
2
8
3
5
1
1
2
3
1
2
2
8
1
3
4
5
12
8
8
2
2
28
1
1
2
1
2
5
2
1
6
1
2
1
3
18
3
6
1
6
7
6
3
10
6
2
1
4
5
2
15
9
1
4
2
6
3
10
1
2
11
3
4
9
11
2
6
4
2
1
20
14
2
1
1
3
80
2
4
1
10
4
15
2
2
3
2
6
2
8
2
65
2
50
6
3
15
11
1
2
22
7
25
4
5
1
3
2
2
1
9
5
1
4
1
28
3
5
2
2
24
8
14
4
4
1
1
1
1
2
13
1
23
10
4
2
8
1
4
1
2
1
3
8
1
1
10
3
6
5
2
4
4
1
12
9
2
1
1
1
2
1
3
1
5
4
6
5
4
4
1
4
14
9
2
9
1
1
4
2
18
1
2
1
1
1
2
2
4
5
2
6
1
2
1
4
2
8
1
4
3
1
1
2
1
28
2
6
5
2
4
5
2
2
1
2
1
3
1
4
2
2
1
5
2
1
82
1
3
2
6
1
1
3
2
2
1
2
1
1
4
9
10
5
1
2
1
9
14
3
1
1
