6
5
1
2
6
6
3
4
2
1
3
105
1
4
32
2
3
1
1
1
24
2
2
4
2
3
2
6
56
2
5
30
5
6
25
14
5
10
7
10
5
5
9
10
2
10
10
1
16
22
8
2
11
2
6
42
109
1
9
7
11
2
5
5
32
11
29
4
15
5
10
1
25
32
8
1
1
1
5
2
12
2
1
1
2
4
5
1
97
6
2
2
25
2
2
1
53
9
18
3
1
3
2
7
2
2
32
3
3
2
2
2
1
4
6
5
1
36
30
89
1
34
49
21
41
5
5
12
1
3
1
24
21
32
9
4
5
1
1
21
16
8
20
2
3
4
12
1
3
22
5
1
31
6
12
23
39
4
1
89
3
1
3
1
8
23
4
1
1
1
29
5
2
11
7
10
14
1
19
1
4
1
2
20
39
5
17
37
2
2
2
18
2
3
3
5
6
1
3
23
29
1
8
17
4
3
10
2
1
6
2
64
1
24
9
6
3
67
12
31
10
1
1
3
4
8
1
2
15
3
13
6
1
50
54
11
29
18
45
13
1
3
1
1
1
4
3
2
1
1
33
1
4
3
3
29
4
4
1
1
11
17
1
1
35
25
1
1
5
1
2
12
23
32
1
17
1
3
3
2
2
3
2
1
9
3
2
18
1
2
15
1
6
2
1
1
7
1
8
6
2
1
1
3
1
5
11
8
1
2
59
1
8
2
27
27
4
7
28
1
9
2
1
2
7
19
1
83
2
2
15
12
5
1
22
72
69
1
1
4
4
12
8
1
9
2
1
1
10
15
4
72
2
12
14
2
4
1
1
1
24
30
4
27
36
20
1
11
1
12
1
3
7
6
4
4
2
3
1
8
22
2
2
4
2
8
3
42
2
8
2
2
24
2
55
17
3
1
4
12
41
2
2
15
23
2
2
1
2
42
5
15
1
2
5
12
16
4
38
39
4
35
13
4
2
2
10
10
47
56
6
1
1
7
3
4
2
6
1
4
5
35
61
2
1
4
21
3
45
9
36
70
7
1
3
1
60
2
3
16
8
1
5
2
2
2
17
30
13
8
1
87
10
1
7
9
3
1
8
42
2
4
2
26
1
3
1
2
20
7
34
8
1
3
1
38
1
1
22
2
1
7
22
11
18
11
1
3
3
2
7
1
90
2
25
8
3
9
1
2
27
1
12
1
4
1
6
10
4
4
37
2
1
29
103
1
6
33
16
1
1
1
15
1
5
3
5
1
37
38
6
34
27
1
5
24
6
14
2
1
16
9
2
2
2
1
2
35
2
18
37
3
5
3
1
2
1
4
8
28
2
3
4
1
4
6
1
9
119
1
1
3
29
2
16
75
35
19
2
1
4
7
1
57
34
1
3
2
6
13
1
14
6
13
17
3
1
29
2
11
2
36
20
1
3
1
10
2
1
2
6
13
7
2
24
2
4
8
15
2
53
13
5
1
1
1
12
13
2
51
8
1
3
5
5
8
2
5
4
77
3
1
1
3
4
1
1
14
2
72
2
3
2
1
1
12
2
9
38
61
1
4
23
71
18
2
8
4
37
5
1
2
7
5
8
1
10
1
9
2
63
53
11
3
6
39
7
3
2
5
8
2
18
2
10
22
1
32
16
36
3
2
3
10
6
12
1
9
1
9
1
10
10
7
12
4
7
4
1
2
10
14
8
47
4
1
1
15
1
12
6
5
1
75
2
4
9
5
2
8
6
3
2
18
4
40
1
2
29
1
2
1
3
1
5
4
2
19
1
1
1
9
1
4
5
3
11
3
10
1
2
2
26
50
14
1
2
1
21
23
12
13
1
9
29
2
20
10
4
7
4
1
2
1
2
1
24
1
15
3
4
16
6
1
6
4
1
2
12
1
50
2
3
54
5
1
3
1
2
2
6
1
5
1
4
1
1
1
1
1
6
36
15
95
13
16
4
3
1
1
17
2
1
5
28
32
2
1
1
27
69
1
5
1
6
5
5
6
2
1
4
10
6
1
4
1
2
1
2
1
3
3
44
1
18
14
44
2
7
1
3
10
12
10
7
3
10
10
18
12
49
9
2
4
2
2
5
2
13
15
2
1
26
3
9
21
1
1
2
31
1
17
5
24
16
2
19
2
13
14
1
5
9
1
37
1
2
3
23
2
2
3
1
40
2
11
10
2
1
1
23
3
26
2
2
3
9
2
4
38
2
1
8
22
8
6
1
9
1
2
1
2
27
4
1
12
1
2
3
1
1
5
10
8
21
58
59
7
1
4
26
10
9
1
2
7
6
2
2
38
43
57
10
1
36
52
2
2
1
2
7
15
36
1
1
7
6
7
13
6
40
15
23
16
1
33
9
5
18
1
4
1
62
74
1
1
3
4
2
3
58
22
72
2
18
3
1
2
1
3
3
4
13
1
11
2
14
2
16
3
13
10
6
8
37
16
8
76
1
5
2
34
13
2
5
7
7
4
8
3
2
2
5
2
4
3
1
4
3
4
8
1
5
5
7
2
18
2
17
2
9
18
3
3
3
14
35
7
9
2
3
1
11
15
8
7
8
1
3
1
15
4
10
1
2
9
1
2
3
7
15
6
2
35
5
46
4
3
3
4
1
17
2
2
2
2
22
2
1
94
5
1
4
1
105
1
13
1
1
5
2
11
61
1
2
24
3
14
15
38
3
2
13
5
3
7
10
46
15
3
21
1
7
2
7
42
2
2
2
3
2
40
16
1
68
4
1
24
3
7
8
5
6
4
3
2
25
29
3
3
1
1
1
11
15
4
5
11
1
1
37
1
1
6
14
11
5
10
5
5
2
2
8
56
1
22
10
1
29
1
3
35
5
76
1
2
1
4
4
14
10
3
26
10
1
48
1
13
1
10
4
4
12
3
4
1
46
5
4
1
11
1
10
2
3
2
51
39
5
1
3
11
1
9
1
1
3
1
17
41
24
36
4
67
65
2
1
15
8
10
2
1
1
39
52
2
3
31
12
7
8
1
10
2
2
6
7
5
7
10
5
2
1
16
1
2
23
6
1
10
1
1
4
28
3
60
2
4
1
2
6
2
5
16
28
5
1
5
1
12
1
2
25
1
41
2
10
1
20
1
3
2
38
6
1
8
7
2
1
5
1
1
47
3
1
8
2
67
5
3
2
11
19
1
2
14
2
5
1
3
34
8
1
44
2
16
1
36
1
1
1
3
5
2
1
8
1
3
10
2
6
2
11
1
71
3
4
2
4
1
28
73
4
1
4
3
2
2
1
4
1
10
2
1
3
5
9
7
27
5
1
2
1
14
17
37
4
6
4
1
15
6
44
2
4
1
25
8
4
4
7
19
6
8
12
4
5
35
3
3
21
1
17
8
2
22
9
1
1
4
2
2
12
7
1
2
13
2
3
1
1
2
11
24
13
72
7
23
2
10
1
4
1
2
15
9
24
18
12
17
2
2
4
2
9
2
9
5
2
9
3
14
3
2
2
1
2
6
3
1
6
21
1
1
12
2
5
5
5
10
2
1
5
2
1
5
5
2
2
2
6
5
2
3
66
1
5
59
10
15
20
1
10
22
1
3
17
2
2
22
4
99
1
7
2
3
5
1
29
4
11
1
55
5
5
2
8
1
1
3
7
2
1
3
1
7
6
61
10
3
5
6
4
13
6
40
7
3
9
2
37
44
1
1
2
4
1
1
4
2
26
4
6
16
24
4
2
2
5
17
1
18
3
21
2
18
3
1
3
4
1
8
2
2
2
6
5
2
3
10
25
1
13
1
1
2
1
6
3
2
6
5
15
2
76
1
1
6
38
6
5
6
2
1
1
5
25
5
3
1
22
8
38
3
28
12
6
6
69
4
43
2
6
1
9
2
33
11
1
5
16
4
1
1
35
7
4
2
2
8
8
1
3
6
3
9
3
71
2
20
1
2
1
3
7
2
21
1
4
3
2
12
1
3
7
1
3
17
34
2
1
7
36
28
8
3
16
31
5
54
3
37
31
21
20
5
8
4
1
11
13
11
1
2
2
4
5
1
9
1
3
17
1
2
1
3
16
2
2
10
1
1
3
2
13
1
1
3
2
16
1
1
12
27
1
14
2
6
1
11
36
1
5
14
3
1
2
2
10
4
7
1
78
1
9
1
28
3
1
1
4
4
2
1
10
3
8
1
1
2
2
1
1
1
1
6
2
5
1
4
54
14
2
11
2
1
15
6
3
2
6
29
2
9
77
4
3
4
5
1
3
7
7
5
3
2
1
4
35
2
63
2
1
3
1
12
1
45
6
29
3
1
5
14
8
1
2
1
4
2
1
4
14
3
60
1
2
15
59
6
9
1
2
7
17
3
2
9
3
24
1
2
10
40
9
2
1
27
2
1
50
1
8
3
2
3
9
1
32
1
9
1
10
2
59
2
12
1
8
33
3
17
12
1
1
1
31
32
1
8
6
5
7
32
32
1
2
1
2
4
57
3
4
11
2
6
1
1
5
5
2
3
3
8
5
2
1
81
1
2
9
35
4
35
2
5
1
1
1
1
30
2
5
66
18
4
5
23
6
1
8
5
8
19
18
40
2
6
3
22
2
2
2
19
1
8
11
1
10
15
7
1
10
1
3
1
4
42
8
10
2
1
2
12
1
13
4
5
2
2
4
11
5
3
1
1
4
75
1
6
45
81
7
2
3
1
38
1
5
5
2
1
3
39
10
3
2
3
1
17
5
2
4
1
2
4
8
14
2
7
6
29
1
1
4
14
1
1
3
1
9
1
2
7
6
2
10
7
10
4
1
10
4
25
2
9
1
2
4
1
2
8
23
2
10
