320
213
29
13
45
72
4
78
2
1
2
88
133
146
300
462
2
153
213
27
12
238
16
112
890
3
51
2
3
176
18
119
2
40
20
4
363
17
368
4
151
1
31
4
56
62
7
225
42
150
53
942
73
56
69
15
883
5
3
495
395
151
183
2
1
116
2
4
64
52
25
212
12
79
631
357
10
77
352
3
505
5
14
7
12
76
84
24
220
32
4
436
4
34
1
22
72
2
50
36
96
14
93
412
135
448
145
1
401
42
204
1
814
76
352
287
10
275
47
2
27
3
2
47
253
186
23
386
13
98
97
11
33
74
135
8
690
6
11
6
244
86
127
9
75
475
28
154
6
156
20
3
204
1
2
1
373
142
7
2
1194
11
12
13
1266
2
39
144
184
1526
1131
523
2
4
418
5
56
576
537
346
136
58
4
20
327
57
12
378
2
24
72
1314
2
7
1566
19
3
323
8
35
30
471
8
29
10
499
1
1
149
55
100
27
297
44
3
4
13
42
101
2
145
1432
2
191
1
19
1
16
19
169
4
63
21
11
368
225
404
5
64
42
1
8
25
1220
36
422
1
8
16
62
1049
1
3
104
1
86
256
123
17
647
31
258
345
67
8
25
2
87
90
6
605
109
8
15
49
2
691
72
3
13
18
800
72
3
11
16
523
120
10
2
583
47
217
27
8
393
226
86
138
268
2
189
167
30
35
2
19
9
103
402
1189
6
329
42
14
193
18
4
26
764
60
12
10
47
7
286
8
6
19
2
1
92
23
451
87
15
1
1
34
10
4
11
26
880
37
863
64
30
74
16
105
2
238
130
5
224
387
81
57
66
1
2
22
17
13
8
15
22
385
36
102
40
76
69
89
132
16
5
98
36
15
2
17
455
598
14
711
609
21
483
44
369
6
331
7
28
1
16
192
23
554
817
5
15
2
47
110
2
6
13
428
2
1
49
1067
232
9
1
5
2
2
4
113
25
3
38
630
245
260
3
1479
439
2
2
1
1
511
176
78
73
5
6
222
133
13
14
25
255
489
221
4
1
1385
12
122
1522
53
479
1
116
62
53
1
69
16
11
445
15
159
445
1
425
535
5
64
26
398
11
176
1
14
19
15
203
55
42
1250
32
10
973
85
28
44
5
9
609
2
114
552
2
10
7
997
5
9
352
90
835
45
1323
20
303
782
85
164
65
45
7
25
295
127
874
30
222
354
758
155
7
1
96
2
13
12
8
1421
10
866
44
27
16
18
6
9
318
301
16
14
6
20
520
115
8
46
8
96
1096
121
752
47
22
557
2
2
84
9
826
199
284
5
573
3
62
26
1
90
741
208
182
990
101
160
11
10
3
131
14
1
111
26
4
7
19
40
19
5
1030
367
37
371
15
1073
1558
5
67
1522
60
1553
388
5
131
16
2
9
316
142
26
217
201
46
10
3
13
211
29
1
16
418
29
1315
1351
1562
1373
3
50
450
17
57
2
12
2
1
3
27
15
45
3
2
101
171
842
3
