2
2
1
1
19
1
1
1
1
4
1
1
17
1
1
1
1
1
1
2
24
5
1
1
1
2
1
1
1
1
17
1
6
1
1
3
1
2
51
2
1
2
49
1
2
1
2
14
1
8
29
1
1
6
1
3
1
1
1
1
1
1
1
2
1
1
1
3
1
1
1
26
4
1
9
2
8
1
136
2
4
21
5
1
3
1
1
61
30
1
2
7
1
1
28
1
17
1
1
2
1
6
1
1
1
24
1
4
3
1
56
2
2
6
1
2
2
1
1
2
2
1
1
5
1
1
1
1
15
9
1
1
8
27
4
1
17
7
1
3
1
3
4
1
5
1
4
1
1
10
1
1
7
172
2
1
1
2
1
3
1
1
1
1
1
1
1
3
3
23
1
1
1
38
2
1
2
1
3
5
1
1
1
1
1
5
1
10
2
2
3
21
21
4
35
1
1
1
97
1
1
1
1
1
1
1
1
1
4
1
1
1
4
2
1
1
2
1
4
1
1
1
1
65
1
3
1
1
1
1
1
1
1
1
3
1
3
2
21
1
2
1
1
1
7
1
1
2
2
1
1
3
5
20
1
1
1
1
2
3
1
9
1
1
8
1
1
8
1
1
3
1
3
1
1
1
3
3
1
1
1
1
5
1
1
2
1
2
1
20
1
4
1
1
1
1
1
1
8
1
2
1
1
188
1
6
1
7
3
1
12
1
1
1
82
5
1
6
1
1
1
1
17
1
1
11
3
4
1
1
1
3
297
3
1
1
4
1
3
7
1
4
3
4
1
6
4
2
2
2
1
8
4
3
1
1
1
1
6
2
3
13
81
1
1
1
1
1
2
2
1
1
1
17
4
27
77
1
1
8
4
5
2
1
1
2
1
1
1
26
1
1
10
1
2
1
1
2
3
3
22
1
175
2
1
1
2
1
4
11
1
1
6
1
1
7
1
1
5
1
2
1
1
557
3
1
2
1
1
1
58
2
1
2
34
1
5
2
196
1
27
2
2
3
1
1
8
11
1
2
1
1
1
1
1
5
6
1
95
4
1
1
1
1
1
3
1
2
1
1
1
1
1
1
1
1
2
1
1
1
1
16
2
1
5
2
1
1
1
1
567
1
1
1
2
1
1
2
13
1
1
1
1
1
2
1
2
2
3
3
2
4
1
7
1
128
6
14
1
3
1
4
1
3
3
1
146
1
1
1
6
1
2
3
1
2
2
31
1
76
1
1
1
1
1
1
4
1
21
382
21
1
2
1
2
18
1
1
1
6
1
10
34
14
31
10
20
2
1
4
1
1
3
1
1
7
1
1
2
1
1
1
4
1
1
2
1
1
1
1
1
2
1
1
2
3
2
1
2
2
8
1
1
2
2
3
1
717
1
192
14
1
3
1
2
1
1
10
2
48
1
1
20
2
2
3
6
1
1
2
1
1
1
6
1
1
2
2
1
1
1
2
1
1
1
1
36
2
1
3
1
1
1
1
7
5
1
1
1
3
1
1
1
1
3
26
1
4
1
1
1
3
1
6
5
1
305
2
1
2
3
4
1
1
1
1
1
1
1
40
1
72
211
1
1
1
1
12
1
16
25
1
1
1
1
1
61
1
2
1
2
1
1
32
1
1
2
1
2
1
1
3
16
2
1
7
198
2
1
1
1
4
1
1
1
1
1
1
1
14
42
1
10
3
5
1
6
1
2
3
1
1
1
1
1
3
1
85
260
1
59
1
3
5
1
3
1
1
10
1
1
1
1
1
3
1
1
1
21
1
11
2
6
16
1
1
1
2
3
6
1
1
102
49
1
4
10
4
13
12
1
1
78
3
8
2
1
1
1
1
1
1
4
2
1
3
1
1
2
19
2
1
1
1
2
2
1
2
1
12
3
1
5
66
142
1
1
1
213
1
1
1
1
1
10
1
1
1
13
1
21
1
56
1
2
2
1
1
1
1
6
46
1
3
8
7
30
5
1
8
1
1
2
3
1
2
43
55
1
8
1
1
1
1
1
1
4
1
1
1
15
4
1
1
1
1
6
7
9
12
1
1
2
1
2
1
6
6
1
1
9
1
7
1
13
2
1
4
1
2
20
1
7
1
1
22
2
3
1
1
1
279
1
2
1
57
1
11
1
1
1
8
2
1
3
1
1
6
2
1
2
1
1
1
2
1
1
1
5
2
1
6
1
1
1
1
1
354
2
1
1
1
2
1
1
1
1
1
3
1
1
7
1
2
5
1
7
17
1
2
1
1
153
1
5
6
1
5
3
4
2
1
1
2
1
1
1
8
1
1
50
1
1
9
2
2
1
5
1
1
2
1
33
3
230
1
2
3
2
3
3
2
1
1
2
1
1
1
1
34
2
1
2
1
1
1
6
1
1
4
1
143
1
1
1
2
1
1
1
6
8
2
12
2
1
2
1
75
1
64
4
4
2
2
1
16
5
2
3
1
186
1
9
21
4
3
1
1
1
61
4
1
1
1
1
1
1
3
1
4
1
4
37
1
2
1
1
1
1
1
1
1
1
1
2
1
5
19
2
1
1
1
7
2
3
6
1
1
2
1
93
2
1
1
80
1
6
86
2
1
3
1
1
1
1
1
10
3
2
1
2
9
1
1
1
278
2
1
2
1
5
1
5
1
350
1
1
1
2
1
1
2
1
1
11
1
1
1
32
1
2
1
1
2
1
1
1
1
1
3
628
1
1
22
1
13
2
1
1
1
2
5
92
13
14
1
2
1
1
2
6
2
2
1
1
1
1
1
9
1
1
1
47
1
3
32
1
1
1
3
1
1
19
5
52
22
2
21
2
1
1
1
3
3
1
1
6
1
1
1
1
3
1
1207
7
1
1
1
15
8
2
1
1
10
1
4
2
219
1
8
1
1
1
1
1
1
1
13
2
1
1
25
3
1
6
7
1
1
9
83
5
18
2
1
1
1
1
1
1
1
1
2
1
1
2
1
1
1
1
1
1
2
1
3
1
2
1
27
4
1
2
1
1
1
12
1
139
1
1
1
1
3
1
1
1
1
1
1
1
1
1
3
3
277
1
15
1
1
2
5
12
149
329
1
3
1
1
1
1
87
1
1
5
3
8
1
1
7
2
1
13
25
124
1
2
1
1
1
1
4
4
2
1
10
22
15
1
116
1
1
1
1
1
1
6
4
1
1
23
1
8
1
1
1
1
2
1
1
1
3
1
1
1
3
1
1
2
1
5
1
1
1
2
3
20
18
1
1
1
9
3
1
1
1
3
1
1
4
40
1
89
3
1
4
1
1
1
1
1
3
3
4
1
214
3
2
1
2
1
4
3
55
2
4
1
4
1
10
7
5
3
1
1
5
6
1
12
1
17
13
1
4
1
1
1
28
3
1
1
1
2
1
2
33
1
1
1
2
6
2
1
2
27
1
1
2
13
1
11
1
1
1
1
1
13
10
3
1
1
5
1
5
42
1
1
1
1
16
1
1
1
4
1
1
7
3
2
64
1
53
1
1
9
1
2
1
3
1
18
2
14
1
1
2
2
1
1
1
237
1
2
1
590
1
1
1
2
6
3
1
1
1
1
1
2
1
1
5
1
13
2
1
2
1
1
128
1
4
7
1
2
1
40
4
1
1
1
1
3
39
1
1
18
2
31
1
1
1
2
24
6
11
12
2
93
8
4
1
18
3
7
1
1
6
1
2
1
10
1
3
1
1
1
1
2
1
18
55
3
1
1
1
5
2
7
1
1
1
26
66
38
3
1
2
5
3
1
1
1
3
1
1
8
1
4
1
3
24
19
1
16
2
11
3
1
3
46
1
1
7
3
1
1
1
13
2
1
1
1
1
2
1
1
1
1
1
1
1
1
1
2
1
4
39
8
4
7
2
1
17
5
1
1
1
1
3
1
2
1
3
5
13
1
5
2
1
1
1
3
2
1
1
1
1
1
2
1
1
14
20
1
1
2
1
1
1
472
25
15
1
1
1
2
8
1
10
1
6
3
522
1
2
1
6
1
2
1
3
1
2
2
18
6
1
10
1
2
157
1
8
1
1
1
1
1
1
2
1
2
2
1
1
1
1
5
8
1
1
2
2
1
5
58
2
2
415
9
1
2
2
1
3
3
6
1
3
43
2
20
1
4
2
112
1
1
2
1
1
2
1
1
193
2
2
3
1
26
1
2
1
2
3
1
1
1
47
29
1
1
17
1
3
24
1
1
65
2
5
15
2
8
1
39
31
2
44
1
1
211
18
15
3
3
10
1
6
1
5
8
1
1
6
1
4
3
1
2
9
3
5
10
3
25
268
1
1
4
2
1
1
1
1
1
1
2
2
1
1
2
9
1
3
2
1
1
1
17
1
1
5
6
1
12
1
2
1
5
4
102
40
6
1
1
1
2
1
3
2
1
1
2
1
2
9
1
1
1
1
1
1
2
1
1
1
1
1
12
1
8
18
5
2
1
2
2
1
2
11
1
2
4
1
3
1
4
2
301
3
28
1
6
1
8
2
2
1
1
2
2
3
1
1
2
1
1
11
1
3
1
6
2
5
6
2
1
1
3
1
2
1
1
1
2
1
1
1
1
2
1
2
1
1
1
1
16
1
2
4
1
8
1
1
1
1
1
1
1
1
5
1
1
4
6
156
16
148
183
32
15
2
1
1
19
1
3
30
1
49
3
11
1
1
1
3
3
2
1
78
19
1
1
1
1
6
1
1
2
1
1
1
2
7
3
19
1
1
1
2
1
1240
1
1
1
1
2
2
1
1
4
5
1
6
1
1
46
1
2
1
1
2
5
1
3
1
1
91
1
1
1
3
1
1
1
7
5
1
1
1
12
2
4
14
18
3
1
1
1
1
3
2
1
1
1
1
1
1
1
1
1
1
1
3
1
2
17
1
1
1
1
1
1
1
1
10
1
1
2
13
1
2
7
1
4
12
1
2
2
1
1
140
7
1
5
3
5
1
2
1
1
1
5
3
1
1
2
1
38
4
1
1
16
29
1
1
1
2
79
179
2
34
1
1
74
1
1
9
1
2
1
1
1
4
1
2
1
1
1
2
21
1
1
1
4
1
1
6
4
2
1
1
1
1
4
6
5
1
1
1
5
2
4
1
1
94
3
2
1
3
2
6
1
1
1
24
1
1
5
1
63
42
1
1
1
5
1
1
1
1
60
1
9
1
6
2
11
1
3
1
1
1
1
18
1
2
1
2
7
1
1
1
4
2
1
2
1
1
1
7
1
1
1
1
1
1
1
2
1
1
1
6
2
1
12
1
8
1
1
3
1
1
13
2
1
5
192
1
5
2
8
1
2
3
1
1
1
1
28
3
1
4
1
1
33
2
14
2
1
12
1
4
4
1
1
1
1
2
1
1
1
1
1
5
17
1
14
539
1
1
1
22
1
1
1
1
2
2
1
35
1
5
1
19
1
1
100
50
1
1
1
4
3
2
1
8
8
206
1
3
95
5
1
1
2
23
1
2
1
3
2
1
1
16
2
1
8
1
1
1
1
97
1
1
1
1
1
1
1
3
7
4
1
6
1
1
1
2
1
1
5
347
1
1
1
3
23
1
1
2
1
1
5
1
2
1
2
2
22
3
1
1
6
2
45
1
1
1
3
3
1
1
1
1
2
2
1
2
1
5
1
1
2
6
1
106
1
2
1
1
1
1
1
2
1
3
3
8
6
3
6
1
2
1
4
6
26
1
1
4
1
1
2
3
1
566
5
1
1
2
2
2
2
61
2
1
128
2
1
2
1
32
1
1
1
5
1
6
3
1
17
12
29
1
1
1
2
1
28
24
3
1
1
1
1
2
1
2
1
1
5
2
1
1
2
3
2
1
4
2
4
10
2
1
1
79
6
1
1
1
3
3
1
1
8
1
1
1
1
40
1
1
1
2
9
32
1
1
1
1
2
1
1
9
1
1
1
2
1
6
5
1
1
7
1
1
2
1
4
4
13
1
1
16
13
1
1
80
2
1
8
15
1
11
1
1
1
1
3
110
4
1
30
3
1
2
1
3
2
36
1
2
1
1
1
1
8
1
1
1
5
1
1
2
1
1
127
2
2
3
2
646
1
7
1
1
31
53
2
5
2
51
16
1
1
18
1
14
1
57
2
245
23
52
3
1
13
41
1
1
2
4
4
178
1
2
1
1
1
1
4
1
20
3
3
1
1
3
1
1
1
1
11
1
1
2
1
1
1
1
2
5
1
2
1
1
1
1
1
1
1
4
1
4
3
3
1
1
42
1
1
2
3
4
20
1
1
23
3
2
1
3
1
4
1
3
1
1
13
10
3
2
4
1
2
1
2
2
1
1
3
3
2
9
1
1
1
2
5
1
3
2
1
2
2
1
1
1
1
18
1
2
1
53
1
4
19
6
1
1
5
25
21
19
1
2
105
7
2
1
1
1
3
3
1
17
1
1
3
2
1
1
4
5
14
7
1
1
1
1
1
1
1
1
1
3
7
44
12
3
1
2
2
1
1
1
1
2
1
1
1
1
1
3
1
1
3
138
2
1
3
1
1
2
1
2
2
3
2
5
2
1
5
3
2
10
78
2
4
50
8
16
1
2
1
1
2
1
1
3
5
1
3
173
1
1
1
1
709
1
6
1
1
1
1
2
1
30
9
2
1
4
1
3
8
1
2
1
1
4
1
2
2
1
1
16
113
1
95
1
1
2
1
1
17
1
1
44
1
3
24
16
1
2
3
1
1
15
10
1
54
5
1
23
2
3
49
1
1
47
1
1
17
1
1
1
1
2
1
53
1
2
2
55
6
1
2
3
1
57
57
1
47
3
2
5
1
1
1
6
1
9
1
3
1
1
3
1
1
5
2
1
1
1
2
1
9
209
1
27
1
2
1
5
1
4
2
2
1
1
1
31
1
2
10
1
9
1
1
1
1
24
5
4
1
1
2
1
1
3
1
1
1
1
2
2
5
33
8
89
202
1
1
1
1
17
1
1
1
2
1
5
4
72
2
7
1
3
1
3
1
1
1
1
1
1
3
4
5
7
1
1
1
6
1
1
2
4
1
19
1
3
2
1
40
1
1
1
1
3
21
1
133
1
1
1
2
1
1
1
9
254
1
3
1
1
40
5
1
1
41
7
22
9
3
1
2
4
1
1
8
3
1
1
1
1
5
1
2
2
2
36
4
20
6
1
4
123
2
71
1
1
23
2
3
4
23
1
149
7
1
7
1
1
2
2
1
2
18
1
4
13
1
12
1
3
1
8
1
1
1
2
4
1
2
2
1
1
3
3
1
29
1
7
1
2
22
1
4
1
1
1
1
3
1
1
1
1
5
11
5
9
2
36
1
1
3
7
30
15
2
1
6
186
1
1
86
6
1
6
6
13
5
3
2
42
2
1
2
1
43
2
1
10
6
1
1
1
1
243
22
1
2
2
2
1
2
1
1
1
88
13
1
129
1
7
2
13
2
34
1
2
2
1
2
3
8
2
1
4
2
2
24
1
1
2
5
1
1
1
1
226
2
3
1
1
5
12
1
2
1
15
1
20
1
2
1
32
1
26
18
1
1
1
1
1
1
1
1
1
1
1
1
1
2
2
1
1
2
18
2
4
1
2
1
4
19
36
1
1
1
2
1
1
1
1
1
1
1
1
1
1
14
121
1
2
1
1
7
1
1
1
120
1
2
1
3
3
1
1
1
11
2
1
1
260
1
1
1
1
1
1
1
1
1
116
1
1
13
1
8
3
1
37
1
2
2
12
28
1
6
2
1
1
1
1
1
10
1
1
15
5
26
3
1
1
1
1
1
1
7
7
1
1
1
103
2
1
1
5
1
66
1
1
45
1
1
1
55
1
2
5
1
1
1
228
1
7
21
7
18
194
3
3
1
1
8
2
1
2
10
6
7
3
3
1
9
3
1
1
1
1
1
11
3
1
1
1
3
4
60
19
3
1
2
6
1
1
1
1
1
8
1
1
1
1
75
1
4
1
8
1
1
1
9
2
76
16
7
2
1
1
1
53
1
4
2
1
2
12
2
10
116
1
186
3
1
8
1
2
3
4
2
5
1
2
3
6
1
4
24
1
1
2
1
1
1
1
1
2
1
2
1
3
19
1
1
3
3
278
3
1
1
29
1
2
1
4
1
1
1
1
3
2
1
3
1
1
1
2
6
1
1
1
2
2
11
5
3
1
2
2
107
1
1
2
3
1
1
1
2
1
1
1
1
1
1
2
3
1
2
2
1
3
3
2
4
1
1
13
11
1
1
1
1
1
1
3
1
1
1
8
6
1
1
2
1
1
1
1
1
1
1
2
1
4
14
14
113
1
1
28
1
1
12
1
7
1
13
26
1
1
2
1
19
20
3
4
6
8
1
1
32
131
3
2
1
4
1
19
1
1
1
1
1
1
2
1
7
1
1
193
1
1
1
19
4
1
137
2
1
1
1
8
1
44
47
1
37
1
2
2
2
1
2
16
2
1
38
3
7
10
14
3
1
1
1
25
1
1
15
72
66
1
1
2
1
16
502
1
2
7
1
12
4
2
1
1
152
1
6
5
26
2
1
280
1
1
1
11
1
1
1
1
1
2
1
4
1
1
7
1
1
4
1
1
2
5
1
11
1
1
1
2
1
2
1
1
37
19
1
7
83
24
1
3
1
1
1
16
1
1
8
1
1
1
1
2
1
4
10
1
3
1
1
1
1
1
1
1
4
1
2
1
1
2
1
1
1
25
7
1
3
3
6
2
6
5
2
1
2
2
1
5
3
1
1
1
6
1
1
84
1
13
1
1
1
8
1
1
3
4
2
78
11
1
2
1
1
1
7
1
1
3
8
1
1
97
41
2
1
53
3
1
2
1
1
114
1
1
3
7
42
4
12
25
1
1
1
1
1
2
1
1
1
2
1
102
1
4
1116
1
1
1
29
5
1
1
3
51
3
1
30
1
2
7
1
2
1
1
2
1
1
6
456
1
1
8
1
1
27
1
1
6
1
2
252
3
1
44
1
92
4
2
3
1
2
1
29
1
1
13
1
1
2
1
1
12
3
11
1
4
5
1
6
1
20
1
1
6
511
1
1
2
1
1
1
27
1
2
4
9
1
1
1
1
1
5
26
5
1
1
2
5
1
3
3
3
3
1
1
5
1
4
17
1
3
1
1
3
1
1
1
1
3
1
1
19
1
4
1
2
15
1
1
12
1
1
1
98
1
1
1
6
1
1
1
4
3
20
7
1
3
92
4
1
200
1
1
8
3
1
1
1
1
3
1
2
64
2
1
1
1
2
2
19
28
15
1
1
1
1
2
1
34
1
1
1
2
1
1
9
1
11
1
1
1
1
3
1
1
2
1
1
1
4
1
7
2
2
1
212
3
2
2
2
1
1
4
2
5
3
1
4
3
1
1
2
12
1
5
6
290
17
1
2
1
1
12
1
5
2
3
1
17
1
137
1
1
8
1
1
180
2
1
2
2
1
63
3
9
1
1
2
1
3
1
1
3
7
4
6
1
1
1
2
3
1
1
2
6
3
1
1
4
1
2
2
2
1
3
1
1
17
1
2
17
2
3
1
18
1
2
1
1
1
1
1
1
1
4
1
1
4
1
15
2
1
57
1
1
122
1
2
26
9
1
2
2
2
1
1
1
3
1
12
4
1
1
2
1
1
1
1
1
1
1
1
213
8
1
2
12
3
1
1
3
26
1
1
1
1
1
1
1
2
6
1
1
3
2
1
3
4
5
1
2
92
2
1
1
1
1
2
9
2
1
1
4
2
3
1
1
1
4
3
1
1
1
1
1
1
34
8
23
4
1
1
1
1
26
1
3
3
1
1
5
1
1
1
108
4
4
1
1
1
1
2
1
3
11
2
78
24
18
2
1
5
1
2
1
19
1
2
1
2
1
1
3
1
1
1
1
12
7
1
12
1
1
2
3
3
290
2
1
1
1
2
1
4
2
1
7
5
3
79
1
27
15
2
1
1
7
1
1
1
1
114
1
520
15
2
2
2
1
1
2
1
18
1
1
1
1
1
25
13
1
1
4
1118
1
1
3
1
1
1
64
151
1
1
21
8
1
1
1
7
1
1
1
12
1
12
1
1
1
2
1
2
1
7
1
1
1
1
1
1
5
71
1
5
8
2
1
3
37
1
5
1
3
1
10
2
5
2
31
1
1
1
1
1
1
1
11
421
1
1
258
84
1
1
2
1
8
1
5
1
1
1
5
3
1
1
3
1
2
1
3
1
3
3
1
2
5
30
3
1
1
1
1
3
5
3
2
14
1
1
1
10
1
1
1
1
1
20
1
1
1
1
1
5
9
75
1
1
1
2
1
1
1
1
55
1
4
1
15
3
17
1
3
1
13
1
1
1
1
4
19
1
1
3
1
1
2
188
1
3
10
1
1
3
1
1
9
17
15
1
7
1
2
1
24
1
1
1
2
1
1
3
1
1
1
1
21
1
7
1
14
37
1
1
4
2
1
59
2
26
3
82
1
1
1
1
1
1
1
5
1
1
1
1
1
1
1
2
2
2
1
1
1
1
5
8
193
1
3
1
81
1
1
15
1
1
1
1
1
2
1
1
6
3
18
1
25
2
1
1
3
1
34
1
1
2
1
1
6
3
1
1
3
1
1
1
51
1
1
1
1
1
1
1
12
79
9
6
2
1
1
91
1
1
3
1
44
1
366
1
19
1
1
2
1
2
1
4
246
1
5
1
4
36
1
1
1
1
1
4
4
1
4
1
1
3
1
6
2
1
1
1
1
1
1
1
7
1
1
1
5
3
1
3
1
3
1
1
1
2
1
1
1
3
1
1
2
1
1
1
11
1
1
7
1
1
2
611
22
1
2
1
4
1
1
16
1
1
1
1
1
1
1
6
1
10
24
1
1
2
1
1
20
1
1
1
1
1
7
1
1
26
4
7
1
1
5
1
1
64
1
1
10
223
1
1
1
1
11
1
1
1
1
4
1
2
49
1
1
3
1
1
1
98
28
4
1
2
7
12
3
57
59
1
189
4
1
1
1
1
2
1
376
76
1
1
1
74
1
1
1
1
2
2
1
3
4
1
1
1
1
1
1
1
27
1
130
7
1
1
11
1
1
1
1
1
1
1
10
94
1
74
2
2
1
1
1
6
1
1
1
18
1
1
13
1
3
15
1
1
2
1
1
1
1
1
2
1
1
14
46
22
1
3
6
1
6
3
1
1
4
1
1
1
3
4
2
15
3
7
1
16
18
1
10
4
1
1
2
1
1
1
1
4
1
1
3
1
5
47
2
1
2
17
1
2
1
2
13
1
9
1
3
1
11
1
1
4
1
3
1
3
1
2
1
1
1
1
1
1
4
2
8
1
3
1
3
197
2
1
3
1
1
1
1
23
1
1
1
1
8
2
135
41
1
1
1
1
2
2
1
2
1
15
1
1
6
52
1
1
1
1
1
61
1
6
1
6
2
1
1
1
5
2
1
1
2
9
90
169
1
2
1
1
2
6
2
192
1
1
1
1
8
1
1
1
2
1
2
1
1
2
1
1
1
3
1
1
1
4
5
2
56
1
23
1
1
1
1
8
1
1
1
651
2
4
4
1
1
1
1
6
1
10
12
1
22
11
5
1
3
1
2
1
1
1
6
215
10
1
10
1
2
3
3
2
36
1
2
1
6
2
1
1
13
1
1
1
2
1
1
2
2
2
1
4
5
1
2
4
1
1
1
4
1
2
6
4
3
1
1
30
214
6
4
4
1
3
1
1
83
1
13
3
1
2
13
8
1
2
1
2
7
1
1
2
18
220
3
1
1
3
24
3
2
3
1
1
382
1
83
1
1
1
2
1
5
2
1
5
19
1
9
2
2
1
1
1
1
92
1
17
1
2
2
5
1
1
2
1
17
13
1
1
42
1
6
1
39
3
15
2
285
93
1
2
5
1
1
1
6
1
3
1
1
1
1
2
2
1
2
1
1
98
1
1
1
1
15
1
1
3
393
1
1
1
2
13
1
9
1
1
8
4
80
1
8
1
1
1
3
1
3
1
4
1
8
20
2
1
1
1
1
1
22
1
4
1
10
2
1
1
1
2
1
25
1
1
1
13
120
1
1
1
1
4
183
1
1
1
6
23
6
1
4
1
9
7
4
1
1
1
3
35
1
1
4
216
3
1
1
1
1
1
1
2
5
47
3
28
1
2
1
46
2
1
1
1
2
85
1
3
1
10
1
1
1
1
1
1
3
1
1
118
13
2
2
1
1
1
1
3
2
8
2
2
5
3
1
3
10
8
3
6
22
10
6
2
1
2
1
1
2
5
4
12
5
1
4
70
1
1
1
22
5
6
5
2
39
1
1
3
2
9
2
1
1
3
1
1
1
1
1
2
45
1
28
1
1
1
1
1
8
1
147
18
2
422
1
1
2
1
1
1
1
1
1
1
1
1
1
1
1
3
71
4
1
2
1
16
1
1
53
1
3
1
1
2
2
3
1
7
1
16
2
58
257
9
3
1
2
1
1
1
4
8
3
2
1
2
1
1
5
2
1
1
2
5
43
28
1
2
66
1
3
1
29
29
3
2
1
79
1
1
2
2
7
1
5
1
144
3
8
16
2
1
3
3
1
1
1
5
1
1
1
2
1
1
1
1
2
13
1
13
1
1
2
1
98
2
1
3
2
1
1
2
1
33
2
1
1
1
1
1
2
1
24
2
68
1
3
4
1
1
1
1
1
1
1
10
1
2
241
1
1
1
5
1
36
2
1
1
1
2
1
1
1
2
1
1
1
2
1
1
2
108
2
1
1
1
4
1
4
1
2
1
1
1
1
2
1
1
317
1
4
1
3
1
231
1
1
1
1
2
1
1
1
1
20
1
1
1
762
30
61
1
1
1
1
1
1
1
146
1
5
1
4
1
5
1
64
758
1
1
2
1
1
80
1
1
2
2
1
1
1
20
14
16
7
8
1
1
1
29
1
11
3
6
4
55
1
6
1
9
2
3
2
2
1
1
1
1
1
8
1
4
1
16
1
1
3
1
1
2
2
1
1
2
1
1
2
1
4
2
3
11
2
1
1
4
2
1
1
2
1
1
40
16
1
1
2
1
1
1
2
17
10
1
1
1
1
1
1
1
1
5
1
406
1
1
99
1
56
141
1
1
1
1
1
623
7
201
1
2
1
133
2
2
1
1
1
1
1
22
1
4
5
1
1
6
1
5
3
1
1
15
1
7
31
1
1
2
3
1
2
78
2
16
1
41
17
3
1
1
4
1
3
1
3
3
16
21
1
1
48
3
3
1
3
3
82
1
1
1
1
1
41
54
1
1
1
1
1
1
1
2
4
4
2
1
3
1
15
515
1
2
3
1
2
1
1
1
2
1
1
1
1
1
10
1
18
1
1
1
2
1
2
7
2
1
1
3
2
4
1
2
2
1
3
1
10
3
1
1
4
1
3
1
2
2
1
1
5
1
1
3
13
1
1
1
1
45
1
7
1
7
162
1
11
1
2
4
1
2
9
11
2
1
1
1
1
33
3
1
3
1
1
2
3
8
3
1
1
37
3
1
65
1
1
6
1
1
1
6
1
1
1
1
1
1
3
1
248
2
2
9
600
1
12
2
1
1
3
3
9
7
6
1
1
1
1
242
1
73
1
3
1
1
1
3
1
1
1
90
27
3
4
1
4
5
2
1
2
3
1
1
2
4
3
2
1
1
1
22
1
1
1
1
2
32
743
1
2
31
1
1
1
1
2
1
8
2
1
608
1
2
1
19
1
23
1
4
5
1
1
5
1
1
1
9
1
3
3
1
4
37
1
1
1
2
1
4
1
2
20
1
1
9
1
21
7
1
1
3
1
3
8
1
2
56
67
160
1
2
7
1
17
1
3
2
2
1
1
15
1
2
1
2
1
42
41
2
2
1
1
1
58
1
7
2
1
6
3
1
1
32
16
1
8
17
1
127
2
3
1
1
2
5
35
9
48
4
1
1
2
1
1
3
3
3
1
3
1
4
1
1
1
1
1
4
1
5
3
6
2
1
39
1
1
3
13
5
1
2
1
2
10
2
1
1
65
1
4
27
10
3
10
1
1
1
10
5
1
1
2
1
2
1
8
1
95
1
1
2
2
30
1
1
1
1
4
2
1
1
1
1
1
1
1
2
14
7
4
1
1
3
55
2
6
5
1
1
1
1
5
1
1
1
3
1
2
2
7
3
1
3
1
1
1
2
1
1
1
1
1
2
1
1
1
3
5
9
1
4
2
41
1
1
5
1
2
1
2
1
1
4
105
1
10
1
1
1
1
1
9
1
5
3
1
89
1
1
2
1
1
5
2
2
70
69
1
3
1
1
82
1
2
2
3
270
1
28
8
1
1
3
2
1
10
12
190
1
87
7
1
2
1
1
3
1
1
3
2
1
1
4
3
1
1
1
1
1
4
1
1
1
6
1
1
2
1
1
20
6
1
1
1
1
1
1
3
2
1
1
2
1
1
1
1
3
6
5
1
1
1
5
43
2
3
1
1
29
4
1
3
1
4
7
1
4
4
1
1
14
1
33
29
4
1
11
2
1
1
4
1
1
1
9
4
1
1
1
15
1
1
13
3
1
1
318
1
2
1
10
1
1
3
1
50
9
1
1
7
2
1
1
2
2
1
1
13
1
1
1
1
1
5
1
122
21
1
1
9
3
7
1
475
1
6
4
1
5
1
1
7
1
1
1
1
2
1
1
10
1
1
3
3
1
1
1
1
4
1
1
1
1
1
1
1
5
1
4
283
1
1
1
1
1
1
1
1
1
1
4
3
6
2
1
83
8
12
2
1
6
8
156
30
23
1
21
6
1
1
1
1
2
2
5
7
1
2
1
1
1
6
3
3
1
2
1
1
8
1
1
2
1
2
1
96
6
1
1
120
43
1
4
4
1
123
1
1
1
1
1
1
1
6
2
1
1
5
1
2
1
1
1
20
1
1
1
9
2
1
1
2
6
2
1
1
1
12
2
1
1
3
1
1
90
1
2
1
2
1
2
1
2
1
1
2
1
18
1
1
1
3
9
1
1
1
12
12
1
4
1
1
1
4
36
1
1
1
2
3
1
1
6
11
1
1
15
115
2
2
2
30
22
4
6
20
9
1
1
2
1
3
1
1
1
1
2
1
2
2
216
52
2
1
2
1
8
8
1
2
1
1
1
1
3
1
1
2
114
1
1
3
1
1
62
208
4
3
3
2
1
10
1
3
1
1
1
1
1
1
1
2
1
1
1
1
1
8
3
2
1
1
4
1
1
1
9
1
1
3
1
1
1
1
1
1
1
1
3
8
1
1
1
2
5
1
3
11
1
1
2
1
1
1
4
1
1
1
41
2
1
2
1
11
3
1
5
1
1
1
16
1
1
1
75
3
1
7
1
1
13
6
1
13
1
1
3
2
4
1
9
1
3
7
1
2
1
1
1
5
1
3
1
1
1
1
1
1
3
4
1
6
14
4
2
1
3
4
2
1
1
1
1
2
1
1
1
1
7
1
5
1
2
1
1
1
1
92
1
8
1
4
20
1
2
2
2
32
17
6
8
11
2
1
4
1
1
2
1
1
10
384
5
1
3
1
1
2
1
66
1
1
1
1
1
1
1
1
2
1
1
173
2
26
1
3
1
1
2
1
4
548
2
1
1
1
22
1
1
1
4
1
1
17
1
1
2
70
1
4
1
1
2
2
2
1
1
1
1
1
1
5
29
1
1
1
45
1
1
1
6
2
1
5
7
96
1
1
2
1
1
1
1
2
2
1
8
93
1
2
1
4
1
1
1
4
24
82
3
6
3
4
1
1
2
2
1
196
1
9
5
1
1
1
4
1
1
1
1
1
13
8
1
5
40
6
1
1
2
1
1
1
1
1
1
37
1
1
1
1
2
1
33
3
1
5
1
2
1
2
10
1
2
4
1
3
2
12
116
1
1
1
5
1
2
1
62
2
1
2
33
2
1
1
1
3
1
6
1
1
1
5
2
2
1
3
14
8
1
1
1
2
2
1
1
1
1
1
20
1
1
1
3
2
1
69
1
1
52
1
1
1
1
1
4
6
14
12
6
1
1
1
18
1
14
2
2
3
1
1
1
2
2
1
1
1
3
1
1
1
16
1
1
1
4
1
11
2
1
1
6
1
1
88
1
1
10
2
48
1
2
1
1
1
1
1
1
3
6
1
3
1
3
3
1
1
1
43
8
2
1
78
1
1
1
18
25
29
2
1
1
1
2
1
1
2
1
1
1
1
3
3
1
1
7
6
1
3
44
62
1
1
8
18
1
1
8
5
14
1
8
1
1
1
5
2
1
1
2
1
1
1
2
1
4
1
1
2
2
372
1
7
3
1
6
2
1
351
2
6
2
1
2
1
1
10
2
1
2
1
4
1
1
1
7
1
2
1
1
11
3
4
1
3
1
1
1
9
1
15
3
1
5
1
80
1
1
3
1
2
1
18
76
1
6
1
3
1
33
1
3
31
1
1
3
11
2
4
5
11
1
1
2
1
1
2
1
1
1
3
3
8
7
33
12
2
1
1
1
1
4
100
1
1
1
3
1
83
1
4
1
12
1
1342
1
701
1
1
1
4
26
1
3
1
2
12
1
1
4
1
1
2
115
1
2
3
1
62
1
1
14
1
1
1
1
16
3
95
5
1
3
1
1
1
1
1
10
3
1
2
5
1
1
3
1
1
1
1
1
1
25
1
1
1
2
2
1
3
1
1
1
1
1
2
10
7
3
4
1
3
4
1
1
1
1
3
2
6
1
1
46
1
2
1
1
1
63
4
1
2
4
3
1
1
1
1
1
1
1
57
4
1
4
1
1
4
8
1
5
1
1
1
2
1
1
1
22
3
1
1
1
1
1
6
1
28
1
1
1
1
1
1
1
1
5
8
1
4
23
6
1
1
14
2
3
2
14
4
34
2
1
169
1
1
18
2
1
53
2
1
101
2
1
1
2
1
2
11
29
1
6
1
1
1
1
1
3
12
1
2
4
26
1
1
33
1
17
5
1
1
1
3
20
1
2
1
1
1
3
1
2
4
19
2
1
5
1
1
1
1
6
1
1
3
11
2
3
1
1
22
7
2
1
1
2
1
14
2
1
1
11
1
1
67
1
1
1
1
2
2
3
1
1
2
1
1
1
12
1
1
1
1
2
1
1
51
1
5
21
1
1
1
1
1
6
1
3
1
43
1
38
3
158
5
206
69
41
3
1
1
6
2
5
1
3
1
145
1
1
822
9
1
1
1
2
10
3
1
23
4
1
1
1
1
3
2
4
3
1
2
10
3
5
1
1
1
1
143
10
2
1
1
1
1
1
1
7
1
1
6
24
1
1
4
1
2
1
1
1
13
1
2
1
20
1
676
1
1
1
1
1
1
1
1
1
1
181
1
1
5
1
12
4
1
28
4
1
2
1
1
2
24
3
339
4
18
1
1
10
1
15
1
1
3
1
2
9
1
6
1
1
36
1
1
9
1
448
5
2
32
2
1
5
1
18
1
2
2
4
2
1
1
10
1
1
40
100
1
1
1
2
1
1
2
2
4
1
1
1
2
4
1
1
1
6
1
1
1
1
1
1
1
1
4
2
1
1
4
1
2
6
2
7
1
1
3
2
101
1
6
1
67
1
3
1
1
6
1
1
1
1
1
5
1
13
1
2
17
95
10
1
17
3
5
13
3
1
3
9
2
15
1
7
13
1
1
4
56
3
1
4
1
12
1
2
2
2
8
2
1
7
1
1
1
1
29
1
2
11
1
10
306
23
1
6
1
2
1
2
1
1
1
1
1
3
1
1
1
12
3
2
3
3
15
1
1
1
38
1
1
1
1
2
3
16
23
1
4
5
1
1
2
19
1
17
2
1
5
3
1
2
1
3
2
1
1
10
10
121
1
48
1
4
1
21
1
1
1
1
2
1
31
1
15
1
1
1
55
2
1
1
1
1
1
2
2
1
1
2
4
1
2
1
1
1
17
1
1
1
6
8
6
1
1
1
2
1
1
3
1
1
23
85
1
1
1
1
3
7
7
1
3
1
1
1
8
4
1
12
1
2
1
2
1
1
11
196
240
136
1
1
1
2
2
52
2
2
1
1
1
1
1
1
50
1
1
2
1
1
1
1
1
1
5
10
1
1
1
8
1
1
3
1
1
1
1
22
1
1
3
1
1
277
1
8
3
6
2
1
22
1
2
10
3
4
3
1
9
1
1
30
1
3
4
1
1
1
1
5
2
1
1
3
7
1
1
1
1
1
7
3
1
3
1
59
26
1
1
1
1
1
236
2
2
1
1
1
1
3
6
1
1
1
1
1
2
8
1
1
1
2
9
5
2
7
6
1
27
2
2
2
5
11
1
1
1
5
11
124
35
1
110
1
16
1
6
5
6
1
306
1
2
16
1
4
1
1
1
1
1
1
3
10
1
1
1
1
6
1
20
2
1
3
1
1
2
60
2
4
6
39
2
7
1
1
1
2
10
13
1
2
1
1
1
4
1
3
132
4
83
1
3
1
10
3
31
7
1
33
1
42
1
1
1
1
1
2
32
912
2
3
7
5
1
3
1
1
1
2
1
1
9
6
1
1
2
1
4
1
1
1
13
21
2
1
1
2
4
1
6
4
12
1
1
1
2
95
1
3
1
2
1
1
1
2
1
31
3
1
1
1
2
1
280
38
1
6
6
6
6
1
3
3
1
4
1
1
1
1
1
1
1
1
2
1
8
1
1
1
2
1
1
9
10
1
3
1
1
9
3
11
1
1
97
1
4
2
2
1
3
2
1
3
13
2
7
1
1
1
2
1
5
10
1
13
1
1
10
1
41
1
1
1
13
1
14
1
2
1
2
1
1
9
2
5
1
1
54
2
2
4
1
1
81
3
27
1
4
1
1
3
1
5
1
2
7
1
1
8
2
1
30
1
1
667
2
1
10
2
1
3
1
1
37
1
3
4
1
10
4
1
28
7
7
2
1
1
10
3
1
1
32
2
2
1
14
1
1
1
1
3
2
1
1
2
2
3
1
2
1
1
12
3
1
3
2
24
2
1
2
30
46
1
8
3
225
1
2
5
2
2
20
3
1
2
1
1
1
1
1
2
163
1
1
1
3
1
2
1
1
3
9
1
3
1
2
1
1
1
19
2
1
9
1
11
1
2
6
1
1
2
47
1
4
3
1
1
2
1
12
1
261
1
1
10
1
1
1
1
1
4
3
1
1
1182
1
1
1
5
22
2
3
6
1
5
1
2
1
2
1
1
2
2
4
1
6
2
1
19
1
1
15
1
4
1
1
2
1
1
2
1
154
2
1
2
18
1
1
1
1
1
19
1
1
2
1
92
6
1
3
1
177
1
11
1
5
1
1
1
1
4
6
3
1
1
1
1
1
1
2
854
10
10
3
1
3
1
5
249
33
1
10
4
2
1
1
1
14
13
1
1
2
1
2
1
1
7
1
1
2
4
1
26
1
1
7
6
32
4
45
1
288
1
1
1
3
1
1
1
1
1
2
1
2
1
1
1
5
2
1
16
1
1
1
1
1
1
2
4
1
1
1
5
1
1
1
1
2
6
1
1
1
1
2
7
1
2
3
21
1
3
1
1
1
1
2
3
1
8
1
1
17
2
3
7
24
2
2
1
2
1
27
1
1
1
1
2
2
2
1
12
6
1
1
2
1
4
2
6
8
2
2
1
1
6
9
1
1
2
8
8
1
1
3
1
2
1
11
2
1
3
1
8
1
1
1
7
3
41
1
14
1
2
13
1
9
1
18
16
23
3
2
1
1
4
1
12
2
1
4
1
1
1
3
1
1
1
1
4
1
7
2
1
1
1
4
2
9
1
2
1
8
1
34
135
1
16
9
3
8
2
80
10
255
1
1
11
3
1
1
18
2
1
4
4
1
31
34
1
2
12
1
3
53
1
1
6
1
1
1
3
8
2
2
1
8
4
2
1
49
2
4
2
4
1
1
2
5
1
1
2
2
3
4
1
1
4
3
2
9
3
3
1
2
1
3
3
1
25
1
1
1
2
1
2
1
5
1
2
19
3
1
1
139
1
10
9
12
12
2
1
1
194
1
1
111
7
1
1
29
5
6
4
1
1
1
40
1
1
3
7
1
4
1
1
1
1
1
1
1
2
1
4
1
1
1
12
1
3
8
1
1
11
1
4
1
1
3
2
2
1
1
1
3
17
8
2
2
1
5
1
8
2
1
5
2
1
3
1
1
1
119
1
1
1
1
1
1
1
3
8
26
1
3
43
1
4
1
1
5
1
10
1
1
20
4
9
1
1
3
1
9
1
1
1
3
1
1
2
2
1
1
2
1
1
1
2
10
3
2
1
9
1
2
1
1
1
1
8
55
1
1
21
2
1
1
1
1
8
3
2
11
102
3
2
11
8
8
1
8
2
1
1
1
1
15
2
556
1
1
1
30
1
1
2
4
1
1
1
55
1
1
15
2
2
1
1
12
82
1
3
1
1
1
1
8
1
1
231
9
1
1
4
1
14
2
1
59
2
8
3
3
1
1
3
4
1
1
1
26
10
3
1
2
1
1
1
4
1
22
2
1
1
2
1
1
1
1
35
8
1
23
2
23
35
1
1
6
7
1
1
2
1
1
1
69
2
3
1
1
8
1
50
1
4
1
3
2
1
2
1
6
7
1
1
94
1
6
1
4
12
1
2
1
1
1
2
1
1
2
2
16
3
2
1
3
7
3
1
16
8
4
1
18
3
9
2
1
1
1
1
5
1
1
1
1
1
23
2
2
1
2
5
3
4
8
1
1
2
2
3
3
1
3
3
2
2
1
1
7
1
1
2
7
4
1
1
1
1
9
3
1
1
2
2
2
58
1
2
1
6
110
6
9
4
1
1
1
22
20
5
1
3
2
20
1
6
15
1
1
1
6
2
2
1
40
1
1
1
1
1
9
1
1
4
2
1
24
6
2
1
1
3
1
2
1
130
1
2
2
1
2
1
5
3
1
3
1
9
1
1
1
2
1
1
3
1
1090
4
1
1
1
1
1
1
29
227
1
1
1
1
1
5
3
14
1
1
7
1
2
1
1
13
1
5
3
1
1
1
11
8
27
2
1
43
4
1
1
1
1
1
1
1
1
4
16
1
1
1
1
4
6
1
2
7
2
1
1
1
3
11
5
17
1
3
1
2
6
2
14
4
1
1
2
1
1
1
1
1
1
1
4
106
1
1
2
1
1
1
1
1
22
1
2
25
1
8
1
6
1
1
1
1
19
1
1
1
23
1
6
1
1
1
1
7
1
1
1
50
2
1
18
1
3
1
12
19
1
3
15
1
1
1
1
1
19
6
1
22
1
1
2
15
1
1
4
1
6
2
3
8
97
4
2
16
4
1
1
1
3
2
5
21
1
1
1
35
8
1
5
3
1
1
1
5
6
3
1
1
9
1
1
142
1
3
1
10
7
1
1
1
1
2
2
1
10
16
12
1
3
1
15
1
1
1
2
1
1
1
2
16
1
1
1
18
1
1
1
2
4
1
11
1
4
10
1
4
1
2
2
1
1
3
2
1
6
1
1
1
2
1
2
4
1
2
1
1
2
1
1
14
1
2
2
1
3
230
2
1
66
1
3
5
1
1
1
2
1
1
4
21
4
1
1
1
35
1
4
1
2
5
1
7
188
3
69
1
2
1
2
1
9
1
1
1
1
1
3
2
15
3
3
39
1
1
3
1
9
1
1
1
1
1
1
1
9
1
1
3
5
2
1
33
1
1
1
1
1
1
56
1
1
3
1
22
3
1
99
8
1
1
2
4
1
7
1
2
5
3
14
15
1
1
4
1
1
4
2
1
1
1
1
35
1
1
1
4
5
4
4
2
1
2
6
1
2
19
3
4
1
1
3
1
3
1
136
3
24
1
1
1
3
7
4
4
1
2
2
21
23
5
1
2
2
1
1
18
1
1
1
1
1
2
1
1
2
1
41
1
1
1
2
26
4
3
1
35
10
12
4
2
1
3
40
1
1
1
2
1
2
6
6
2
1
11
3
3
9
62
6
1
2
1
4
2
1
2
2
478
2
1
30
2
2
4
2
10
1
3
7
5
1
1
1
1
1
1
2
1
10
1
2
1
1
1
1
10
15
1
8
6
9
1
1
1
1
21
6
1
67
3
1
1
1
1
1
1
11
8
14
102
1
4
7
72
6
1
42
3
1
1
4
1
1
6
1
1
1
21
19
1
2
3
32
1
1
4
2
2
5
2
2
1
4
1
1
1
6
1
1
3
1
1
1
1
5
7
2
1
17
2
1
3
4
1
1
1
1
2
4
6
1
2
1
1
1
5
2
1
1
1
1
136
1
1
2
1
1
3
3
1
1
1
1
3
1
1
1
1
1
27
1
2
1
5
10
1
1
1
2
3
1
1
1
1
1
1
1
2
1
4
2
1
1
2
10
1
4
3
1
3
2
1
1
2
2
1
24
1
3
1
1
1
3
1
1
2
1
1
25
7
1
1
1
1
1
12
3
15
1
8
2
8
1
3
6
46
1
1
1
18
4
7
1
1
1
3
2
38
2
1
1
1
1
18
7
1
2
13
1
2
9
1
1
13
4
1
1
1
1
30
1
7
10
6
7
1
1
1
2
1
1
2
1
17
4
3
1
1
1
1
7
2
1
2
3
1
7
108
1
10
1
1
2
1
1
1
1
3
6
1
42
2
2
2
1
1
1
2
3
64
11
2
1
1
4
4
1
10
1
1
5
23
16
5
22
1
3
1
6
1
2
1
1
3
1
1
1
1
5
13
1
6
158
3
6
1
1
6
1
1
15
2
43
1
1
1
1
2
1
1
6
1
1
1
22
2
1
1
1
1
11
1
1
2
1
1
1
14
59
44
4
1
19
1
4
9
1
1
1
1
2
2
2
1
1
1
1
2
1
3
7
1
7
3
19
1
21
3
1
1
9
1
13
1
5
1
1
2
2
1
1
5
2
1
1
1
1
13
2
8
1
1
1
15
21
2
3
1
2
1
4
1
81
9
4
3
2
3
1
1
1
1
1
1
3
1
16
2
1
1
1
1
1
1
1
1
10
2
1
1
1
3
1
1
1
1
276
1
1
1
1
1
2
33
4
1
1
1
1
1
1
1
1
1
6
1
10
1
2
1
1
1
1
1
1
1
9
1
11
1
1
4
4
1
1
3
2
2
67
1
2
1
1
3
3
1
1
2
1
1
35
1
2
1
107
1
1
11
1
20
1
13
1
1
1
1
21
21
1
2
1
1
1
3
1
10
2
1
2
2
171
1
16
8
2
2
1
1
1
2
4
2
1
1
1
16
1
2
1
12
4
1
7
1
1
3
3
4
6
1
3
7
28
13
14
1
19
2
2
1
1
2
1
1
98
1
1
1
1
1
1
5
51
2
1
1
2
1
5
24
7
116
1
3
3
1
1
1
2
1
62
1
45
1
2
1
1
2
1
4
1
25
1
3
1
1
2
1
3
2
12
181
1
1
3
1
1
7
1
1
4
1
1
1
8
1
7
1
1
560
1
7
2
1
17
1
1
3
76
3
5
1
10
2
1
6
58
2
1
13
2
1
1
5
25
1
5
1
1
1
1
1
4
54
1
1
5
1
1
1
29
140
1
5
1
1
20
1
1
3
25
1
4
1
16
2
2
1
1
1
1
1
