30
7
4
1
6
3
1
3
1
7
17
8
4
4
2
2
6
4
1
2
1
3
3
5
3
3
5
2
1
4
2
1
2
1
3
8
9
13
30
7
3
25
9
1
1
23
2
1
4
1
19
1
14
1
9
3
54
6
2
3
2
5
1
10
2
3
14
7
1
10
1
1
7
1
18
4
2
6
2
2
3
1
4
2
2
3
6
3
3
1
1
14
1
1
1
3
8
1
1
15
32
2
4
5
3
8
1
1
2
1
56
1
1
7
4
27
1
3
10
10
1
3
1
4
4
2
3
1
4
2
9
1
2
3
10
1
11
1
9
2
9
20
2
5
1
1
2
4
13
1
2
6
1
6
23
2
1
1
10
2
2
1
2
18
2
3
1
1
6
7
1
1
1
2
11
2
2
5
5
1
3
4
4
3
1
2
2
2
14
3
2
2
1
2
3
17
1
10
8
13
1
1
2
10
8
3
1
6
5
6
19
1
1
1
4
1
6
3
5
1
2
1
1
2
3
1
1
2
6
4
1
5
3
8
1
7
2
3
3
1
5
19
1
1
3
1
4
12
2
10
17
2
1
1
2
1
3
26
8
1
4
4
7
2
3
1
2
3
1
5
14
3
1
2
4
1
4
1
14
3
3
7
1
2
17
3
1
1
11
1
1
4
2
1
7
1
8
10
1
3
3
1
4
10
2
2
14
1
4
4
4
8
2
1
2
39
11
7
11
1
8
1
2
3
20
1
7
16
2
4
18
1
4
2
2
2
3
8
7
4
2
1
1
5
2
1
2
1
3
17
1
2
5
12
1
1
3
3
1
3
6
5
2
1
3
5
1
2
3
8
1
5
2
1
15
10
3
2
1
8
1
5
2
1
2
2
5
4
1
8
3
1
1
88
2
1
10
1
7
2
7
2
2
2
3
3
2
7
2
2
1
1
1
1
4
2
2
1
18
30
13
3
4
2
1
2
2
1
3
2
11
5
6
7
3
3
2
2
2
3
2
1
5
3
3
1
2
1
5
2
1
1
1
1
2
5
3
2
2
2
16
1
1
3
2
1
1
1
3
16
5
1
7
5
2
5
2
2
2
3
2
2
12
2
1
3
17
4
2
2
2
1
4
8
3
6
1
1
1
3
6
3
2
10
7
20
2
13
3
4
5
6
2
1
7
6
1
1
2
1
9
1
1
4
1
3
4
1
4
1
4
1
2
4
1
2
1
6
8
2
9
11
1
1
3
2
3
10
4
12
9
2
6
1
2
3
7
2
1
1
1
3
14
3
1
1
1
3
20
2
2
1
4
1
17
2
3
10
1
2
2
5
1
1
16
4
2
15
13
1
1
2
9
2
1
1
11
5
1
5
4
2
1
2
9
1
1
32
5
2
1
2
2
2
3
3
1
20
1
1
1
2
36
1
1
2
6
1
4
4
3
29
28
1
2
1
1
6
1
8
1
2
4
2
4
1
6
4
2
4
8
2
1
6
3
1
3
6
1
2
4
3
17
2
12
5
3
1
3
1
6
1
1
7
5
9
9
9
3
2
6
2
1
1
1
6
2
6
1
9
3
5
1
4
4
4
18
1
12
2
1
1
1
5
11
3
4
2
1
7
3
9
2
9
22
3
6
13
7
5
2
3
1
1
55
1
7
7
5
2
46
9
1
1
3
1
3
31
9
5
1
40
7
43
2
1
11
1
4
1
12
3
1
2
4
10
1
1
4
4
5
5
1
8
3
5
1
1
1
21
4
1
21
2
1
1
8
3
1
1
1
21
2
2
10
6
5
4
1
3
9
7
2
8
2
3
3
2
5
8
1
9
8
28
4
5
4
1
1
1
5
4
59
2
1
2
4
9
3
4
11
3
2
1
3
2
1
2
9
5
3
8
3
3
3
7
9
2
64
2
2
1
33
7
11
2
4
1
1
12
1
3
3
3
1
2
4
6
2
1
2
1
1
2
4
1
2
5
1
4
2
4
4
1
2
1
1
6
18
4
16
3
2
1
4
12
2
12
12
36
6
2
2
3
5
1
2
1
9
7
1
3
7
2
6
3
1
12
2
3
1
3
13
20
17
3
2
1
2
2
4
6
8
1
2
2
4
2
1
10
1
3
1
1
14
14
2
4
3
7
10
2
2
1
1
2
1
1
1
5
25
1
2
5
6
1
1
6
1
2
2
6
3
6
2
10
1
1
10
1
3
1
9
3
1
8
1
7
4
10
2
5
2
2
1
1
1
4
3
9
1
1
18
1
1
6
1
44
4
5
1
4
3
1
6
3
7
3
5
9
2
2
1
3
1
3
8
3
2
6
3
1
22
1
1
1
2
4
9
4
1
2
1
18
12
8
1
1
2
8
5
7
3
6
1
11
4
23
1
52
3
5
3
11
1
4
11
4
20
3
3
40
4
1
2
1
1
1
2
66
1
10
6
1
2
2
1
1
1
4
12
4
2
2
8
2
43
3
3
4
17
1
4
1
5
1
10
6
3
6
2
9
2
6
2
2
5
2
6
2
8
5
21
1
2
6
2
24
21
18
1
2
4
12
1
1
3
3
2
3
2
3
1
69
24
7
5
1
4
1
10
3
4
4
1
43
10
13
1
23
2
1
32
6
2
1
13
4
1
1
1
4
1
2
5
1
4
2
3
2
2
22
9
3
14
13
1
1
1
2
6
3
5
6
1
2
2
15
3
2
7
9
3
3
3
1
4
3
2
1
16
4
1
3
5
2
11
20
9
4
1
5
3
4
2
1
2
4
1
5
2
2
1
13
16
2
7
3
1
6
1
2
15
10
1
2
12
8
25
8
7
1
3
15
2
2
1
2
9
1
2
5
2
3
4
3
1
2
13
7
3
2
1
36
2
7
10
2
5
1
1
1
4
3
1
1
3
2
7
5
17
2
1
2
2
3
1
1
1
13
2
1
4
10
3
14
7
1
1
2
2
8
3
1
2
4
6
1
4
7
1
3
3
3
1
3
2
3
3
4
1
21
2
4
2
2
11
1
1
1
1
15
7
5
2
4
4
1
2
2
1
1
4
2
8
3
7
1
5
2
2
1
1
1
2
13
12
1
1
2
4
2
12
4
12
6
1
4
9
2
12
2
1
1
3
16
12
2
7
3
2
8
25
1
4
1
15
1
1
14
2
4
3
5
8
2
2
30
2
2
5
1
3
7
1
1
2
1
1
2
5
2
12
2
7
1
6
5
10
1
2
7
2
4
11
3
5
4
6
13
3
3
6
6
10
1
2
15
14
6
10
5
3
2
2
1
3
10
1
7
2
11
4
1
3
1
5
2
1
6
1
6
1
2
1
1
14
3
1
1
53
1
2
2
1
21
6
1
11
1
2
1
2
5
8
15
2
3
3
6
6
1
27
1
3
4
11
8
6
9
1
7
2
3
4
2
6
23
14
1
4
8
7
2
1
4
1
25
7
1
2
3
12
3
2
2
2
2
2
1
33
42
3
12
4
4
1
1
2
2
1
2
1
13
6
6
3
2
7
1
2
2
8
1
1
11
8
6
1
7
2
7
4
2
1
11
27
6
3
4
3
2
1
2
