1
1
36
19
3
14
1
1
8
46
1
2
2
1
6
1
26
8
1
1
14
9
1
2
15
1
3
9
1
84
1
95
4
15
5
4
3
1
13
2
14
2
13
2
1
7
1
24
1
44
3
16
10
3
3
6
8
8
27
6
3
1
1
11
27
4
2
1
5
5
1
76
126
9
11
9
1
49
2
7
3
10
26
6
3
4
1
2
7
29
3
2
2
1
41
7
91
4
1
14
14
1
8
1
44
4
3
20
8
16
1
1
4
5
16
13
3
1
2
11
3
1
3
42
4
10
3
1
15
14
9
3
7
73
47
5
3
3
2
20
1
4
6
10
1
2
1
3
4
3
2
5
5
1
12
11
1
11
3
44
13
12
22
1
3
5
5
8
21
13
1
22
5
1
7
1
1
33
1
14
8
81
1
3
6
33
14
24
2
1
3
9
3
1
10
5
9
12
2
4
3
68
6
47
4
2
11
4
13
21
7
14
15
1
71
1
2
4
2
10
25
41
20
4
11
21
2
6
37
78
4
22
1
1
11
4
11
32
2
42
2
5
2
2
6
1
1
11
3
1
1
4
9
2
1
2
13
106
6
27
1
5
1
22
7
5
5
34
16
12
4
3
23
4
5
14
10
2
24
1
15
2
6
3
2
2
6
2
11
2
1
3
4
34
5
1
2
4
4
21
7
6
5
1
81
2
5
10
9
41
2
1
2
3
1
7
8
7
11
6
2
9
1
5
4
1
7
1
1
5
1
3
2
1
8
1
2
5
7
5
3
3
1
7
10
17
5
1
28
1
19
4
1
20
1
17
15
26
6
8
35
9
1
1
1
1
2
4
1
38
11
12
13
12
1
4
31
25
6
10
7
4
1
2
2
3
6
1
6
7
1
16
4
5
15
6
56
5
4
15
65
2
9
2
1
1
2
7
1
3
14
7
1
1
61
2
20
23
1
8
3
18
6
1
1
31
6
3
1
12
3
15
3
1
6
15
2
10
1
24
10
5
7
2
15
1
9
4
1
13
1
27
1
5
1
1
28
1
1
10
1
3
8
22
7
1
46
2
10
4
16
21
1
19
38
1
1
22
3
11
1
5
5
2
4
28
2
2
19
99
8
7
6
3
12
7
13
9
3
26
6
3
3
1
39
49
12
20
2
3
18
15
3
1
25
2
1
22
1
35
9
3
29
7
1
5
24
1
13
1
1
5
13
7
50
1
7
13
4
2
1
87
5
6
9
2
8
1
4
2
15
11
10
16
8
4
2
1
1
14
9
5
7
2
9
6
2
3
2
2
8
9
53
5
11
2
7
1
9
1
59
1
2
1
3
16
52
30
1
3
30
66
2
1
2
3
4
1
5
3
4
5
19
1
1
1
4
2
3
11
2
1
4
1
44
11
5
28
4
28
14
6
3
132
2
1
1
1
45
41
11
62
5
2
1
10
3
1
22
2
37
1
5
3
26
1
10
3
5
3
7
2
1
1
1
1
4
8
3
17
3
13
8
47
1
3
15
17
14
12
2
93
2
5
3
1
1
14
2
22
1
1
1
16
18
6
6
2
2
9
2
3
2
9
24
8
1
2
1
3
17
2
7
6
2
14
40
16
2
7
7
2
2
57
5
1
6
3
35
12
3
9
1
2
2
2
1
2
5
1
1
1
7
22
1
1
23
23
36
6
1
36
30
6
1
2
11
3
11
2
5
1
10
1
2
2
4
4
9
11
22
2
12
2
29
2
47
6
1
1
2
1
3
1
17
5
9
10
2
11
41
2
2
4
50
5
3
44
4
1
12
6
4
79
15
1
7
5
1
1
3
51
9
2
3
36
1
1
6
11
8
13
1
109
3
2
4
2
13
34
15
24
3
1
2
72
5
50
19
12
3
1
3
4
5
2
1
1
1
2
17
2
5
5
13
2
1
3
11
37
2
3
34
14
9
35
5
1
5
3
5
2
10
19
2
3
33
20
3
2
2
2
2
2
14
6
3
5
1
4
4
22
1
17
2
52
2
66
3
22
30
2
4
135
4
13
2
1
1
1
1
7
32
2
1
2
3
7
2
6
25
1
1
23
8
3
42
3
8
22
9
2
17
13
25
10
32
47
7
2
1
67
3
2
1
42
3
2
3
1
89
9
47
5
3
4
17
5
2
24
7
8
8
7
1
1
6
1
1
10
3
2
5
4
7
30
1
6
5
2
8
4
2
3
2
3
11
10
3
31
2
16
2
35
29
3
5
8
6
26
1
2
1
10
2
8
5
2
29
1
55
15
5
72
1
2
2
1
5
2
1
1
10
1
1
10
6
1
2
8
1
17
3
1
2
3
8
1
16
1
1
5
24
1
5
2
49
58
55
12
9
1
13
1
2
9
1
2
1
27
8
1
8
26
1
1
30
1
16
1
2
3
1
1
1
1
2
23
1
18
3
10
1
1
11
2
4
3
1
2
2
1
8
17
2
2
2
3
3
1
14
10
38
1
8
39
55
1
1
1
6
12
1
9
1
2
1
2
16
2
2
15
1
1
8
2
5
3
16
3
1
25
23
1
1
2
6
2
5
7
3
5
1
3
2
6
4
1
6
2
9
33
1
1
1
2
2
9
2
3
1
1
57
3
2
16
19
4
5
2
5
1
1
6
26
1
2
36
13
3
13
1
2
19
12
28
3
1
15
4
4
15
6
15
2
4
7
3
2
2
19
1
3
4
130
1
1
2
2
3
1
4
10
4
11
2
1
10
2
3
7
3
11
1
7
1
1
14
8
1
3
1
2
24
2
38
3
1
6
5
5
28
11
12
4
13
2
1
7
10
3
3
7
1
2
10
12
23
4
1
19
10
2
4
1
6
14
1
6
15
4
2
8
3
15
2
2
18
1
12
25
1
31
1
23
20
1
9
4
27
22
1
2
54
2
2
5
3
3
2
2
3
4
2
1
1
38
14
1
1
3
1
8
2
2
9
5
18
1
28
2
9
4
2
1
27
5
11
2
3
1
2
7
2
1
1
4
9
8
17
2
1
1
40
7
2
11
3
6
1
2
1
8
2
24
1
9
13
100
2
12
3
3
21
4
63
5
1
5
18
6
4
4
2
10
2
21
6
1
2
14
4
1
116
6
55
3
4
19
25
4
9
2
1
8
26
2
1
11
109
43
2
2
2
84
3
13
6
18
31
1
16
6
1
2
3
4
1
2
18
11
23
3
13
1
2
2
114
6
1
1
5
6
4
1
7
1
8
19
3
9
1
8
2
2
2
1
1
22
3
1
2
6
2
1
1
21
1
1
3
2
2
2
5
4
11
2
11
1
62
3
5
5
1
10
16
16
2
11
1
34
3
6
2
1
2
1
1
4
15
2
1
2
3
2
47
3
6
2
22
2
2
1
61
2
11
1
4
1
1
1
8
33
2
3
16
62
18
1
1
5
13
1
14
6
1
4
1
11
1
1
6
4
1
1
14
2
1
15
7
2
4
6
2
2
8
3
4
3
1
19
2
1
3
2
3
3
101
5
19
25
6
1
16
2
36
2
4
1
32
7
14
1
10
2
8
18
4
8
18
65
3
2
2
5
2
5
4
1
35
12
21
18
6
2
5
1
21
5
1
2
4
1
4
5
1
1
42
2
2
11
3
2
8
1
4
2
30
2
1
8
8
1
2
4
1
15
2
4
2
10
10
2
1
11
19
49
1
1
2
2
4
6
5
5
3
4
2
1
1
3
5
16
65
9
4
13
4
98
1
16
12
15
2
9
8
11
1
4
18
1
2
1
24
33
2
4
10
2
3
1
4
1
2
2
1
5
5
3
1
2
1
1
1
3
2
14
3
2
1
13
2
4
2
2
1
3
16
2
3
50
116
2
3
8
2
38
2
1
4
11
20
4
1
12
2
3
23
2
1
4
2
11
16
3
5
2
7
105
4
11
3
1
1
1
2
4
16
3
2
10
5
46
5
22
2
1
1
2
3
5
3
3
13
26
5
1
8
1
20
18
1
23
41
40
2
3
10
10
25
3
1
1
5
2
6
2
5
13
15
18
3
4
36
1
7
13
3
33
6
4
1
28
1
1
10
56
3
2
41
29
1
3
1
10
6
35
6
14
44
1
1
3
1
2
25
29
3
7
133
18
1
1
3
3
3
2
2
6
5
15
1
10
6
3
1
2
13
26
2
1
1
12
5
42
6
1
8
3
17
51
9
7
17
1
2
1
1
30
1
11
8
1
1
5
12
1
10
1
2
1
4
32
1
6
49
5
4
1
37
2
1
35
4
1
24
3
4
4
2
1
1
19
2
5
71
7
49
8
38
4
7
7
3
12
3
4
65
2
7
2
1
4
6
1
7
7
2
3
2
16
3
3
1
1
3
4
2
2
23
5
27
1
3
6
2
8
6
2
1
1
46
3
27
12
8
3
5
3
1
1
19
1
2
1
9
1
2
7
5
4
2
1
4
13
91
2
1
1
2
5
26
12
8
3
3
3
12
2
1
23
11
2
47
1
3
2
8
1
2
27
2
2
1
4
2
5
1
1
1
2
24
73
14
9
7
9
2
2
1
96
4
7
2
1
2
1
1
2
2
3
4
10
3
36
1
15
2
10
8
5
18
4
9
3
23
4
3
2
1
1
5
5
26
4
2
1
2
8
1
3
9
4
2
5
1
1
1
2
1
1
2
2
41
59
2
4
3
14
5
16
1
7
1
24
12
3
8
17
1
8
6
4
1
11
3
5
8
3
5
3
2
7
1
14
5
5
6
1
10
23
3
2
23
52
3
2
14
3
2
30
1
3
7
2
7
17
2
1
11
1
13
5
1
2
3
3
3
1
37
1
4
1
2
3
1
2
3
3
7
2
2
2
8
5
2
2
1
1
39
1
4
4
8
1
2
4
6
2
46
42
22
17
6
1
6
3
33
2
23
8
1
2
3
1
21
1
1
6
17
32
8
4
7
19
6
3
11
14
2
1
8
17
1
22
1
3
9
1
30
9
14
1
3
71
3
14
2
1
2
1
4
1
11
3
2
5
48
9
3
3
5
2
1
5
3
2
1
1
1
1
85
1
9
1
20
1
13
2
10
1
3
3
2
2
7
3
5
1
8
2
3
9
12
1
12
14
5
1
1
2
2
17
6
3
32
2
1
1
1
5
8
11
85
2
8
15
1
31
2
1
2
25
1
18
6
17
6
1
91
6
1
12
1
3
3
2
1
1
1
10
19
2
4
7
23
1
9
25
1
3
2
1
47
5
1
2
20
4
11
22
1
5
2
5
7
1
3
5
2
59
3
4
1
2
2
1
4
3
8
1
1
2
51
1
26
19
8
3
2
7
2
1
1
18
7
1
5
9
26
2
9
8
5
4
22
2
2
13
3
14
3
2
1
4
1
1
4
26
1
10
1
1
1
13
5
1
4
1
2
1
1
1
1
7
2
1
2
1
8
34
52
5
4
3
10
2
1
8
9
7
1
16
8
45
33
3
9
1
4
3
1
4
6
2
1
1
1
6
3
3
10
24
1
7
1
5
11
18
1
6
1
1
31
5
1
1
2
1
3
11
1
14
5
1
13
1
25
3
10
54
1
3
2
1
2
1
4
13
2
17
5
14
26
3
3
1
1
18
2
61
41
9
1
1
39
2
1
1
3
85
13
11
1
1
5
4
85
1
1
5
4
4
25
10
2
17
21
9
50
2
2
1
36
1
6
27
25
1
3
13
11
2
3
41
3
5
6
1
1
2
1
1
3
1
1
5
3
11
2
18
1
4
10
20
13
1
6
2
5
1
6
37
8
3
7
1
3
16
9
1
16
6
8
2
3
5
1
3
1
4
15
1
1
1
21
1
2
4
4
4
4
2
33
2
6
1
5
10
1
1
9
3
16
1
3
33
2
7
3
53
3
2
2
2
3
2
6
1
16
9
2
6
4
1
3
2
7
117
8
5
4
6
8
5
8
1
2
3
4
3
4
4
42
7
3
1
1
5
16
3
2
19
1
1
1
2
3
106
3
1
1
4
19
1
4
2
1
4
5
15
6
5
1
1
3
1
5
3
1
1
21
5
12
3
2
5
13
7
8
1
2
1
2
5
7
6
3
3
5
1
8
3
11
12
2
3
2
3
11
4
2
15
55
2
5
9
1
5
8
6
22
8
1
2
2
2
3
2
10
1
2
2
5
2
7
23
31
17
1
1
1
6
1
1
17
1
6
2
2
1
3
42
1
2
12
1
2
4
18
1
2
1
9
1
2
58
2
4
4
1
31
2
3
9
3
1
13
4
1
2
3
4
1
38
1
1
4
4
23
2
3
37
5
6
1
4
1
6
1
3
18
2
9
1
7
2
2
6
2
20
3
17
51
1
5
3
5
1
14
3
4
29
2
19
7
10
4
3
1
7
2
2
3
4
2
10
4
2
8
32
12
3
1
6
2
1
1
3
13
30
19
3
5
5
1
1
1
81
3
1
16
108
3
10
1
2
2
3
4
4
1
3
37
1
11
1
1
3
6
2
1
8
38
52
5
2
3
7
42
39
12
1
1
1
3
1
6
2
7
4
2
3
3
2
40
11
2
7
8
2
124
2
4
1
1
1
5
2
3
1
42
2
4
8
16
13
1
1
15
2
2
1
6
1
9
2
35
2
2
21
7
1
3
1
8
1
27
17
9
20
2
5
3
5
14
7
39
1
7
4
2
5
3
1
1
7
9
3
59
8
13
9
13
7
10
8
22
3
1
5
2
21
5
4
16
3
10
7
4
2
3
6
6
1
18
6
4
4
23
3
2
41
1
6
2
2
2
1
7
6
12
2
4
3
15
13
1
3
6
3
2
1
11
4
5
3
8
13
9
22
5
2
14
8
6
35
5
3
3
22
2
1
8
114
2
6
6
1
6
7
1
1
12
1
7
1
4
6
3
7
4
6
18
5
20
4
27
1
1
44
1
3
1
1
9
1
21
3
4
1
98
6
13
2
17
6
3
22
10
5
8
18
3
7
13
9
1
8
34
1
2
1
2
7
3
9
5
8
3
1
18
1
31
13
3
12
6
6
1
7
3
2
1
32
54
2
4
7
5
2
1
3
5
4
23
8
1
7
9
2
4
1
1
6
8
1
1
5
5
2
14
14
1
8
4
28
1
4
2
7
23
2
2
1
3
3
6
2
6
1
4
3
8
4
16
1
13
6
14
2
1
2
6
10
1
39
19
9
11
4
3
2
4
7
6
15
45
1
17
2
9
2
1
16
2
5
2
2
1
1
1
8
4
14
2
33
5
48
17
1
15
4
28
27
2
16
10
2
4
2
12
5
1
4
6
6
1
10
25
3
20
8
7
8
1
6
23
23
5
2
4
10
2
4
1
4
4
30
6
18
2
2
6
2
5
1
16
10
38
24
57
8
7
18
1
12
4
1
32
13
1
4
3
1
6
5
2
4
8
11
12
2
3
5
