3
2
11
3
35
1
2
3
4
1
5
1
4
20
4
5
5
5
13
3
5
3
1
2
17
1
13
1
2
1
6
5
1
1
14
1
3
1
7
34
2
1
1
1
1
71
4
4
3
34
5
6
35
2
10
1
6
7
3
4
8
1
1
50
1
2
2
4
56
3
1
2
12
3
2
18
2
2
2
8
36
5
4
20
9
10
18
2
1
1
2
6
1
3
11
8
9
1
5
2
1
2
4
1
2
1
10
2
1
21
3
1
7
42
12
27
1
7
33
3
1
12
1
14
5
1
1
17
16
4
2
15
1
1
7
5
6
18
2
30
2
5
2
1
15
2
12
1
4
4
1
2
2
1
2
1
14
5
6
14
9
3
6
4
18
6
1
2
1
1
1
47
1
4
65
22
3
32
4
9
2
20
14
3
6
15
3
7
59
4
2
14
2
7
1
4
4
1
29
1
4
3
9
4
107
10
4
9
5
2
8
7
2
4
13
1
16
5
1
8
7
3
3
19
2
1
3
7
2
4
5
1
2
4
13
1
1
5
5
2
2
41
6
1
1
10
4
1
33
3
5
3
1
1
21
5
1
29
4
4
14
1
1
1
10
1
5
4
1
4
9
3
1
3
5
1
4
5
5
2
4
6
3
6
5
1
1
5
8
3
14
6
33
3
4
47
22
2
1
1
2
15
10
9
1
2
24
3
3
1
1
2
3
3
2
2
1
3
3
4
2
1
6
36
10
2
2
54
1
1
11
7
19
3
1
24
6
19
2
1
1
10
3
2
6
8
12
1
1
2
4
5
5
1
1
8
1
1
2
7
15
1
1
2
2
6
5
4
6
20
21
2
1
1
1
2
17
1
4
6
4
4
13
3
7
2
1
3
2
2
4
1
5
2
2
1
1
32
5
5
7
15
1
3
2
24
1
2
14
4
27
43
21
2
2
1
2
7
2
21
14
4
6
3
11
1
2
3
1
7
6
21
8
3
21
1
45
1
2
2
10
2
2
2
1
7
13
9
9
8
2
13
12
1
2
10
38
12
2
6
12
8
1
5
8
1
1
13
9
1
27
6
5
1
15
7
4
1
5
2
9
1
1
3
1
1
5
1
3
1
34
21
5
9
2
1
1
40
6
46
20
1
13
10
2
6
4
3
36
2
2
14
7
4
6
7
2
1
3
2
1
2
89
1
6
1
1
1
7
3
1
1
6
17
5
2
13
13
2
17
1
49
5
1
2
2
2
3
6
11
1
6
4
11
8
4
2
17
27
7
19
11
2
1
10
4
27
1
16
10
1
6
1
36
9
11
2
2
4
1
1
1
5
9
4
4
3
10
1
1
1
16
1
9
1
5
4
2
5
1
12
5
2
2
23
8
2
16
21
1
1
4
30
71
1
2
1
4
17
1
1
8
7
8
11
15
1
6
1
1
32
1
2
3
2
15
5
5
3
8
8
7
2
25
3
4
3
12
19
3
2
10
1
1
3
6
5
1
12
22
1
11
1
1
18
1
7
1
16
3
2
2
6
2
6
4
2
2
48
1
22
1
40
3
3
33
3
3
1
1
42
4
1
6
17
7
1
2
7
3
4
2
8
1
29
21
5
4
2
6
1
2
5
13
9
7
2
1
2
50
5
2
2
1
12
2
5
15
2
2
3
3
11
1
1
1
1
4
18
2
7
18
4
5
5
23
7
3
1
1
10
2
2
1
7
1
4
3
3
2
11
36
1
6
20
7
1
2
1
2
2
2
14
1
2
3
8
15
1
4
1
7
4
8
3
4
1
6
14
5
3
2
13
8
1
2
43
7
3
7
2
32
15
1
58
2
37
7
8
1
2
7
14
15
1
4
2
1
6
13
6
1
1
30
24
6
10
2
6
2
24
34
2
1
1
1
31
2
2
2
1
3
4
1
24
55
2
2
5
1
3
1
2
1
7
1
2
1
7
38
2
2
2
1
7
6
1
5
34
6
18
3
9
3
1
47
1
1
10
2
46
6
1
1
2
15
19
9
12
1
4
4
5
2
2
5
4
48
23
2
11
25
1
3
1
3
9
3
5
94
11
1
11
4
2
2
1
15
11
3
6
3
10
1
2
2
40
3
1
2
2
2
4
8
2
42
10
1
8
4
10
9
1
2
8
1
3
13
2
7
3
3
2
3
4
4
1
2
1
4
26
36
11
3
1
5
22
3
15
4
8
12
32
15
7
2
3
1
24
3
7
1
7
6
16
1
4
4
2
2
130
5
21
1
7
8
51
1
1
3
1
7
7
1
2
2
1
21
2
2
4
5
2
1
3
1
6
6
3
4
1
2
1
4
1
3
2
1
1
1
2
1
5
3
13
1
7
2
1
42
3
1
3
2
6
2
3
10
2
15
3
55
1
4
2
13
1
7
3
10
1
4
2
1
3
2
1
2
10
4
5
13
46
2
2
2
14
3
2
1
1
4
2
24
1
2
4
3
4
6
14
24
7
14
9
26
2
39
1
2
1
1
2
56
1
2
1
5
1
15
5
2
2
2
1
2
41
1
1
6
2
6
57
1
10
59
6
11
40
1
3
5
2
14
11
9
3
1
1
13
22
40
2
2
2
9
3
4
2
1
2
2
13
1
1
5
50
8
4
1
44
3
2
1
4
6
1
8
1
8
3
1
19
3
13
6
13
1
111
18
8
4
2
11
1
15
3
49
12
2
1
4
11
1
9
16
6
1
4
8
3
1
3
13
1
1
1
15
12
1
4
1
1
1
5
1
1
2
4
20
1
1
2
2
2
1
8
5
2
7
4
19
5
8
37
2
34
5
1
4
1
10
5
15
15
4
3
2
15
4
3
1
1
8
4
10
17
1
93
1
4
2
3
4
1
22
2
21
1
11
12
4
2
2
1
5
3
1
24
5
2
1
6
2
4
10
1
1
1
14
1
3
2
7
9
5
5
5
2
8
3
2
2
11
2
2
4
4
7
3
12
2
10
2
2
2
43
9
2
2
1
41
7
9
27
21
12
3
10
3
4
2
1
37
1
1
2
1
2
3
30
1
1
11
4
1
6
2
11
14
5
1
8
1
7
1
1
6
1
1
11
6
22
16
30
21
8
4
7
20
3
10
2
5
15
1
4
2
4
3
1
6
2
6
1
1
1
2
8
3
16
1
6
3
39
4
1
2
5
1
47
3
2
15
2
2
4
1
5
2
1
9
2
1
9
1
2
22
1
2
2
11
1
4
3
35
10
2
3
21
3
7
3
33
4
12
3
28
10
9
4
2
1
15
5
3
2
1
14
95
3
3
1
2
10
4
8
2
38
1
2
3
4
1
23
2
22
4
2
4
8
11
48
11
8
2
1
3
22
25
1
1
1
3
15
2
2
6
3
66
2
24
19
4
1
5
2
5
11
1
18
11
28
28
5
1
5
1
21
7
14
4
1
3
5
14
18
4
8
6
3
11
5
2
3
2
6
13
3
8
3
2
4
5
2
2
2
1
4
5
9
5
4
2
1
3
11
9
1
3
1
1
10
10
1
1
7
3
5
2
3
1
2
1
9
2
5
2
1
12
4
5
2
3
1
2
2
2
1
2
1
7
1
3
8
10
3
1
3
3
8
6
3
6
3
2
5
11
1
2
1
5
2
7
1
1
1
1
20
1
13
2
9
2
5
4
7
1
22
2
1
1
28
1
1
9
1
1
1
4
3
5
1
11
1
29
19
6
10
14
34
7
4
1
2
2
6
4
4
7
4
2
2
8
4
9
1
1
1
8
7
2
28
2
1
7
16
28
13
2
1
11
2
21
11
7
3
2
2
2
55
73
1
2
3
2
4
21
1
53
2
1
6
11
2
1
5
19
5
4
2
1
1
9
4
19
3
3
7
2
30
3
10
10
18
34
19
5
1
1
3
9
5
4
3
4
2
17
1
2
1
5
1
2
1
1
2
1
2
3
14
48
6
2
3
9
1
8
3
1
20
3
1
4
15
3
5
1
1
9
50
3
2
22
1
14
2
23
3
14
2
1
6
4
35
1
1
38
4
12
3
8
22
1
24
2
1
4
4
17
1
4
1
28
5
10
2
10
6
2
1
5
1
1
6
8
18
15
53
12
1
14
3
2
1
2
2
4
1
1
1
3
2
1
1
2
26
1
3
2
1
1
1
16
8
7
12
1
7
2
4
11
62
2
5
1
15
79
16
12
1
5
3
7
1
1
1
4
20
1
6
7
32
21
7
11
1
1
23
2
2
1
6
39
5
9
1
19
1
2
4
18
1
2
3
4
1
5
1
6
9
12
1
35
18
4
4
10
3
4
19
3
2
10
5
3
10
2
1
1
8
5
1
10
7
6
3
3
1
1
9
3
1
9
6
8
4
3
12
1
26
41
21
1
9
39
55
3
9
3
3
2
8
35
9
6
1
1
1
5
1
2
5
5
4
2
2
1
2
6
2
4
4
1
54
3
12
22
3
15
2
3
4
1
1
2
4
17
6
2
41
2
1
1
24
7
2
13
2
1
14
1
12
10
1
3
1
31
3
1
1
6
30
8
4
31
7
1
1
4
58
1
1
7
5
2
13
1
13
20
1
17
1
1
1
3
12
16
1
13
2
2
30
8
1
10
1
3
3
4
46
2
13
5
13
2
11
11
10
1
5
3
69
35
31
3
15
1
1
3
6
1
9
10
2
1
5
12
2
1
5
1
47
1
2
2
2
4
2
3
3
5
10
1
22
1
11
13
8
14
6
10
12
9
2
9
1
1
7
1
25
1
1
2
16
1
1
3
2
18
14
64
5
4
1
1
2
1
29
9
6
4
5
4
2
10
2
1
25
1
1
2
1
1
2
6
1
2
11
2
2
5
1
1
7
3
2
16
2
1
24
15
7
1
20
2
3
3
9
5
10
1
4
2
3
2
12
2
1
8
2
15
4
5
8
9
7
5
6
2
1
1
1
5
13
2
24
7
2
1
6
37
22
59
6
3
3
1
3
6
2
1
4
16
11
8
17
2
2
1
1
25
15
1
16
1
18
1
9
1
16
15
1
2
3
19
1
2
2
2
17
1
2
2
11
4
15
39
12
2
1
30
3
1
3
2
10
51
10
2
7
22
6
2
20
2
10
5
3
5
2
17
3
8
1
2
4
5
4
10
3
8
1
2
2
5
5
2
2
2
8
2
2
2
1
4
2
1
2
1
6
1
5
7
7
4
1
22
12
1
5
13
51
10
1
1
1
1
6
1
1
6
2
2
3
2
3
10
1
4
1
3
5
1
6
1
2
2
13
16
2
6
3
3
1
3
16
2
24
1
2
2
7
3
1
2
36
20
7
4
10
7
3
1
3
1
2
2
3
1
2
14
28
9
3
2
12
5
5
4
3
21
1
5
7
27
7
14
1
28
55
1
1
1
5
50
10
1
1
1
2
4
4
39
3
3
2
2
1
8
1
5
1
1
4
25
2
4
18
1
13
14
1
2
1
5
2
42
10
1
28
1
1
1
5
3
11
3
1
1
7
1
14
16
2
6
1
58
2
3
4
4
1
3
1
2
14
5
1
10
2
1
42
30
5
3
4
1
5
6
5
11
1
1
1
16
8
1
3
2
3
6
6
3
17
13
3
1
24
3
14
16
5
5
1
1
7
5
27
1
5
12
8
2
5
2
5
2
2
1
3
3
3
1
15
5
8
1
92
6
2
5
6
1
6
4
12
1
1
2
1
3
2
1
9
41
12
1
34
5
31
1
20
1
22
14
16
41
9
3
80
5
6
2
1
7
1
1
2
9
1
2
3
7
3
2
3
5
4
9
22
9
2
11
2
6
2
5
4
44
12
1
1
3
9
1
5
1
2
2
2
9
4
6
8
2
5
3
63
1
1
5
3
2
3
3
4
4
2
7
3
1
1
2
3
1
15
1
5
2
2
6
13
1
2
2
3
1
2
1
1
1
4
2
10
7
7
3
3
4
2
2
2
1
12
1
1
6
11
1
3
1
2
4
3
1
1
1
4
9
5
1
27
4
3
1
17
1
3
3
1
1
1
3
8
122
7
11
2
5
4
1
1
6
2
2
2
1
1
3
11
1
7
1
1
23
1
1
5
16
1
4
1
3
1
13
2
1
14
1
1
1
1
4
12
2
1
2
2
1
2
2
4
2
17
3
5
1
2
1
49
27
3
15
9
53
19
3
7
5
7
1
1
17
19
12
2
1
8
7
14
2
3
2
2
3
8
3
4
12
4
20
4
1
1
11
4
1
11
9
1
1
31
5
1
2
1
2
1
7
2
33
2
1
1
14
3
8
14
1
1
22
6
6
1
9
8
3
11
1
3
1
1
5
3
8
5
2
5
2
1
3
3
20
2
1
1
3
2
11
10
13
14
12
44
1
4
40
1
1
5
2
3
1
18
2
4
3
6
13
2
1
7
1
1
3
1
5
2
21
6
3
4
9
1
1
1
2
8
4
25
7
37
2
1
11
1
2
1
18
6
3
14
2
12
1
1
1
4
15
5
26
2
34
2
13
1
2
1
9
2
2
3
6
15
9
4
4
10
20
16
1
9
5
9
10
2
12
4
20
5
1
3
2
6
1
1
10
1
5
14
1
26
2
2
3
6
4
1
1
2
14
5
17
32
3
3
3
2
4
1
10
11
2
4
2
10
77
5
2
8
6
19
3
2
14
5
2
10
5
2
4
2
1
2
3
1
1
7
1
3
8
31
1
19
2
2
3
7
28
3
5
6
2
8
1
21
12
14
11
9
1
6
2
22
2
3
1
1
6
2
3
13
1
6
11
2
2
5
22
2
8
3
9
7
2
1
15
26
3
6
17
1
2
32
3
10
1
1
3
4
10
2
20
22
1
2
9
10
1
1
3
4
1
1
2
11
9
3
25
1
3
2
1
4
2
1
1
6
1
4
1
4
1
2
10
2
10
5
5
8
2
4
17
10
3
26
4
9
2
34
1
35
1
2
2
12
2
13
2
1
1
1
6
3
1
5
8
1
21
1
42
10
9
11
1
18
6
14
11
2
45
1
3
6
5
7
1
1
1
6
3
1
3
5
5
4
1
2
1
1
1
6
6
2
10
3
15
1
2
9
4
16
1
2
5
2
21
11
4
1
3
2
2
22
4
48
1
4
34
1
28
4
31
14
2
53
1
1
2
55
1
5
1
1
62
2
1
2
1
15
2
54
1
1
3
2
5
2
3
5
1
17
1
5
1
1
1
1
1
6
2
2
3
18
1
4
19
2
1
7
6
14
1
17
2
2
2
32
1
1
1
2
2
1
2
8
2
21
18
2
5
2
2
1
15
1
11
3
1
1
5
1
22
1
11
1
1
5
2
3
41
13
3
11
11
11
7
3
1
2
26
4
9
4
1
1
5
1
1
1
1
3
2
1
10
10
13
16
3
11
1
4
5
2
3
12
1
1
3
10
2
8
2
12
1
1
7
1
4
5
36
2
84
7
4
1
18
12
1
23
1
2
6
43
25
3
1
3
3
6
2
5
3
18
7
3
10
8
4
7
2
6
14
11
4
1
1
7
11
3
2
43
9
57
13
1
15
1
6
1
10
5
1
6
26
6
18
1
4
2
10
3
3
3
2
11
2
3
20
1
42
20
6
1
15
9
7
1
20
2
22
7
1
12
7
4
10
2
1
1
1
4
7
5
11
12
17
10
7
9
1
1
2
29
4
2
1
1
6
1
8
12
17
1
4
16
10
1
2
8
1
19
3
5
4
26
1
46
2
1
2
3
4
26
2
5
1
8
2
1
15
3
8
6
21
1
1
2
17
2
1
2
8
13
11
3
5
1
2
6
10
1
5
14
6
26
4
3
9
4
2
1
3
6
2
3
2
4
4
4
6
2
40
1
8
16
3
2
1
14
43
5
9
2
19
1
2
4
3
2
44
3
4
6
2
2
1
7
3
42
7
2
2
2
7
8
6
1
1
1
3
3
8
1
2
4
7
2
11
3
12
1
1
1
18
12
37
26
96
6
10
11
