10
2
1
2
1
1
1
1
37
2
3
60
6
64
44
2
1
19
3
10
2
2
3
30
9
4
37
16
8
6
10
19
7
23
8
3
19
2
24
3
2
18
25
18
1
13
1
2
26
8
10
41
1
9
85
17
22
34
27
3
1
9
8
3
1
3
4
38
1
13
4
1
23
1
46
8
1
7
3
42
28
2
12
3
21
5
2
3
28
1
5
19
2
5
6
1
16
7
6
2
3
5
2
1
37
6
1
1
1
6
3
74
3
67
39
4
30
7
2
4
10
3
2
2
24
3
1
74
21
6
3
5
19
2
4
9
26
2
1
57
54
14
6
1
15
5
4
4
9
2
2
4
46
58
7
4
2
26
34
2
2
4
2
1
2
61
2
20
6
12
3
6
3
3
5
5
8
5
2
2
5
1
30
28
1
8
2
10
26
22
39
11
5
37
6
4
2
58
51
9
2
4
3
67
16
6
2
3
1
8
2
4
2
8
52
15
1
2
14
97
5
2
51
22
8
78
2
8
2
13
11
4
19
11
26
5
34
1
11
1
21
3
12
10
69
2
10
10
32
6
5
14
2
1
4
44
1
8
27
10
6
3
4
6
24
26
1
19
1
31
1
25
6
3
6
8
7
3
3
10
8
2
52
1
1
1
92
7
1
4
10
1
1
1
2
2
11
2
25
2
2
6
1
2
3
3
16
17
2
1
19
5
2
13
1
64
54
1
16
1
32
5
1
5
12
74
13
6
5
6
6
3
17
62
114
3
3
12
6
1
27
9
93
17
16
1
5
3
7
1
75
2
2
4
3
1
6
33
1
4
3
8
54
4
54
13
9
1
11
3
10
41
3
2
10
7
3
22
4
2
19
2
4
1
2
2
12
14
41
52
6
6
69
22
9
16
1
1
1
1
42
33
13
2
3
10
3
1
35
1
52
4
19
2
47
1
1
10
8
5
25
24
25
3
8
36
1
19
96
48
17
49
4
1
1
3
2
4
26
3
1
22
1
2
19
47
36
33
1
6
3
2
1
7
5
2
37
2
4
17
3
42
8
2
1
29
1
17
20
1
17
91
2
1
55
8
2
5
34
1
2
7
1
4
7
3
30
13
5
2
2
1
80
3
9
12
3
4
3
53
4
4
1
4
2
5
1
18
1
6
1
6
64
8
30
10
33
1
5
4
10
6
2
7
2
9
10
2
5
7
10
2
54
2
57
2
1
22
1
8
42
3
1
18
20
1
21
16
16
16
11
10
1
3
18
2
1
4
10
15
2
2
70
7
3
19
21
12
25
10
3
8
3
8
21
3
1
1
8
1
1
23
7
4
10
12
3
97
1
3
68
3
3
5
1
4
4
3
1
9
6
1
2
17
1
2
2
1
2
14
31
1
1
8
38
134
18
14
2
11
4
67
2
1
1
10
22
3
2
2
26
9
25
27
4
21
19
3
4
4
8
2
1
5
3
1
1
5
29
93
56
2
6
18
45
15
2
15
3
55
4
4
18
1
3
2
1
35
1
2
1
1
9
2
3
7
66
1
3
10
2
12
2
15
88
7
4
59
2
2
8
15
35
1
10
4
38
4
9
4
2
20
2
32
2
3
1
4
6
16
117
18
7
55
8
2
12
2
3
6
2
8
15
2
46
5
1
1
4
66
11
4
22
5
2
1
1
1
2
21
1
7
1
1
13
16
17
3
4
39
1
21
12
48
17
15
4
1
1
4
5
12
25
33
6
26
4
19
98
11
5
1
10
18
37
2
10
2
2
1
6
8
1
5
9
5
23
3
11
14
10
3
37
5
2
5
18
6
3
8
19
8
1
3
4
4
14
23
3
2
7
3
2
11
1
24
1
7
9
1
4
5
14
4
3
2
1
3
4
9
2
2
28
23
1
1
9
35
4
21
42
2
3
23
3
3
25
9
6
11
77
4
8
2
4
2
2
8
3
1
23
26
12
67
81
71
2
68
1
2
110
34
42
46
11
12
10
24
11
13
2
1
9
6
32
4
1
22
1
7
2
1
1
10
2
13
11
7
7
9
4
1
1
17
15
34
3
3
1
36
3
2
3
41
3
27
9
4
2
3
28
2
19
1
2
12
10
1
1
76
1
3
88
4
13
3
10
3
16
1
18
2
1
6
2
9
14
4
8
9
56
20
34
14
6
8
35
2
17
12
18
5
14
49
2
14
3
4
2
2
1
18
1
5
12
2
16
14
8
6
1
91
7
1
10
1
34
3
25
1
9
27
1
4
65
2
34
1
17
27
1
2
6
2
5
2
2
31
1
1
23
3
1
23
3
3
84
18
9
2
1
4
17
2
2
2
52
12
6
1
2
1
15
9
22
2
4
24
119
4
3
110
3
3
6
11
39
13
9
44
13
2
4
62
1
20
20
7
2
2
26
17
4
28
2
7
4
2
2
1
1
6
1
2
14
5
33
1
4
2
21
4
4
1
81
2
1
1
11
5
1
3
7
4
8
6
44
16
24
47
41
1
8
2
10
29
1
13
10
1
2
2
5
3
8
3
5
1
2
3
2
7
16
3
2
4
1
1
3
7
1
37
1
4
3
1
41
6
1
13
4
1
1
5
1
22
2
14
37
2
3
1
13
2
6
8
54
10
127
1
1
2
2
67
4
89
20
1
65
1
10
4
16
2
9
6
7
9
1
5
13
7
9
3
90
28
1
19
1
3
3
12
15
7
14
1
3
6
2
41
3
5
3
15
11
4
1
26
1
8
35
9
2
7
14
1
71
21
17
2
6
1
3
1
19
2
9
2
11
6
1
30
12
1
10
2
138
14
4
15
2
17
2
9
2
5
2
10
3
1
16
2
22
16
1
2
9
71
13
3
8
2
24
4
2
2
37
1
17
28
3
6
61
6
3
10
47
4
12
22
2
1
21
27
3
1
2
3
11
135
9
2
2
9
4
1
14
2
9
6
15
2
30
2
3
1
14
1
11
13
6
2
30
3
5
2
4
72
5
6
4
14
5
1
6
2
6
3
8
4
36
1
2
25
2
10
19
41
11
1
1
5
2
1
26
1
4
68
2
5
2
37
1
3
54
21
1
21
22
1
3
12
24
14
2
1
23
1
3
1
4
18
16
1
2
8
8
1
2
2
4
3
1
17
1
3
20
9
10
6
9
32
39
5
10
7
11
21
2
3
10
45
1
2
12
5
3
5
24
66
5
2
13
54
4
10
8
12
61
41
9
6
8
1
3
2
15
7
2
1
9
15
4
1
1
22
10
18
10
17
28
1
5
14
6
14
47
2
33
3
1
3
2
12
1
1
59
18
13
5
16
3
25
90
31
4
15
2
2
2
3
1
9
1
6
5
2
1
91
1
9
11
15
8
12
50
2
91
5
3
6
1
19
2
2
6
1
1
19
20
45
5
11
20
13
2
2
1
19
2
3
4
16
35
2
2
30
10
3
11
1
1
2
14
2
19
41
6
9
1
3
11
42
7
1
2
6
8
1
1
25
17
14
10
58
81
2
18
15
35
30
15
2
8
9
24
57
5
3
12
9
2
9
8
4
24
12
6
2
4
5
86
3
27
6
18
34
7
13
78
2
84
1
1
18
81
10
11
15
3
10
4
8
11
3
8
7
13
2
3
2
7
7
12
9
20
22
2
1
6
3
9
3
1
2
1
27
19
38
18
13
1
14
2
33
11
2
5
8
1
4
2
26
1
29
62
48
12
2
4
10
19
1
2
3
18
1
3
1
2
3
3
38
21
1
2
2
19
3
5
7
3
2
2
5
1
1
26
1
2
2
7
2
20
5
19
13
8
1
2
9
33
11
29
1
1
9
2
8
1
58
1
1
4
10
3
29
34
1
6
5
6
13
6
3
2
2
18
2
32
9
6
2
2
19
5
6
1
34
54
7
1
3
4
23
1
11
10
13
101
59
9
23
1
10
2
5
3
1
2
15
30
1
8
2
68
2
103
11
5
1
60
2
3
97
3
1
48
23
9
11
10
14
4
1
2
8
1
28
16
14
21
8
19
4
5
3
6
29
6
1
2
3
5
1
3
10
1
1
19
1
1
14
73
1
43
20
35
23
7
1
5
2
35
2
1
8
70
4
74
1
13
4
6
2
21
12
63
33
6
19
5
1
3
6
1
2
17
1
1
1
31
2
22
2
7
8
13
2
91
3
37
3
2
2
3
22
2
55
1
1
4
2
35
1
1
17
5
3
4
1
26
74
1
1
13
12
29
17
2
13
21
28
20
15
33
27
4
2
4
4
26
1
2
19
1
5
3
23
5
1
2
11
33
1
2
52
23
1
2
1
1
1
10
6
8
17
12
5
3
4
6
4
8
6
4
32
3
108
6
13
5
4
1
6
2
1
10
4
20
14
22
4
28
111
6
12
53
14
1
2
1
9
1
10
1
101
60
6
2
4
6
39
2
3
3
14
20
31
28
4
14
16
23
2
3
2
1
32
9
2
1
1
1
2
52
6
4
32
13
2
3
36
63
5
19
36
17
19
2
13
2
2
7
37
2
7
12
37
1
2
16
3
6
8
1
8
4
1
11
22
5
8
38
1
11
1
2
2
8
53
4
1
21
25
71
3
5
2
1
34
41
1
5
5
21
3
4
2
1
14
13
4
6
14
28
44
3
3
8
23
1
9
8
80
2
1
8
19
1
33
4
2
1
11
5
3
1
49
1
40
2
4
1
3
1
10
112
3
2
2
35
54
1
2
3
6
6
67
10
11
17
13
25
4
9
1
2
7
2
4
4
87
1
13
7
28
23
74
1
5
19
2
3
8
1
2
2
7
1
13
1
5
1
6
6
4
2
12
21
53
16
9
6
19
25
117
3
1
19
1
1
41
1
22
5
3
6
7
8
1
3
2
1
9
60
7
33
1
2
19
15
4
81
21
1
11
17
2
1
8
4
2
2
3
45
13
51
1
1
2
13
5
47
2
1
6
38
12
2
19
1
6
4
3
17
20
1
2
3
3
2
7
4
1
2
1
2
5
52
2
8
3
2
56
1
4
10
1
1
29
10
4
3
1
1
1
1
2
1
5
29
1
3
18
19
21
130
14
12
3
6
4
6
16
18
18
14
4
32
5
3
6
8
2
14
23
1
15
15
20
7
3
3
2
16
1
25
