55
61
262
4
47
90
15
15
40
9
12
89
84
6
5
19
124
1
208
83
161
3
98
16
60
11
279
3
1
1
47
34
4
557
522
188
2
144
3
8
2
10
90
104
575
171
5
134
51
4
729
80
193
1
252
2
17
208
70
64
17
12
11
37
64
40
20
183
103
45
22
25
1
134
1
72
8
86
323
230
88
41
290
671
2
31
339
94
235
373
22
1
4
5
15
192
260
51
2
11
2
7
70
2
4
3
51
13
32
124
103
1
11
207
1
3
57
113
42
39
1
2
13
136
17
99
40
13
334
53
3
107
7
80
84
101
536
1
5
754
6
240
152
214
192
31
107
1
267
203
1
32
11
137
6
122
219
330
41
6
151
23
3
16
20
11
120
117
51
20
210
213
48
12
7
2
1
14
204
20
65
67
22
5
82
65
25
2
3
7
27
18
1
55
1
501
19
6
16
1
36
1
7
127
28
1
11
109
2
1
15
6
79
109
105
32
20
158
176
53
78
8
45
41
473
33
4
32
2
53
2
2
4
92
1
5
69
724
432
1
2
32
8
20
114
96
6
53
22
750
2
6
56
18
207
3
6
2
78
25
3
2
8
53
78
46
38
2
2
19
2
7
2
4
9
19
8
11
22
45
188
5
1
719
267
681
4
83
15
48
23
24
530
3
461
162
80
2
18
69
183
2
2
2
12
200
65
95
26
127
41
96
436
5
1
228
4
33
9
44
2
1
758
3
183
3
3
2
64
214
241
3
2
1
2
4
625
6
6
5
8
4
1
113
1
59
2
1
13
11
25
3
2
39
1
22
1
5
383
3
3
47
51
18
27
2
1
119
3
2
37
2
3
1
131
111
73
174
203
74
5
2
15
236
47
4
291
3
86
2
3
53
5
45
1
2
24
7
1
3
2
11
71
3
18
2
1
131
3
49
2
7
45
2
6
32
24
23
3
1
2
2
33
1
110
11
3
1
185
1
3
2
171
4
15
35
3
5
73
188
39
14
2
398
2
2
1
357
29
622
3
177
230
2
125
5
2
2
9
285
2
1
40
222
3
14
28
2
42
279
27
14
2
5
76
25
2
108
210
187
89
16
34
558
2
58
14
179
1
29
3
12
221
3
103
1
14
11
2
17
4
13
4
4
4
4
230
534
455
15
5
12
2
4
3
7
2
2
90
3
115
235
3
4
35
2
1
59
1
71
7
2
4
297
5
13
442
214
2
93
4
12
38
33
2
311
3
64
1
15
2
106
8
47
2
456
28
61
25
92
73
5
2
33
3
2
7
194
172
3
12
5
6
19
1
56
6
80
13
9
12
326
21
3
15
58
60
5
19
1
8
10
56
4
6
238
6
66
11
2
7
1
2
6
4
95
192
31
114
3
18
73
1
26
2
57
329
416
44
2
1
4
1
1
48
37
4
4
4
2
312
275
15
12
26
577
3
4
48
614
38
1
2
6
6
10
92
30
1
312
14
3
317
2
4
6
65
1
11
4
325
171
2
17
25
2
29
3
11
2
4
18
33
431
12
3
2
75
3
159
9
102
5
4
15
39
3
2
4
1
4
1
6
6
1
7
4
18
12
8
8
338
1
15
1
2
4
46
3
92
1
5
8
1
51
24
2
9
34
5
3
12
2
3
14
99
5
5
3
5
14
22
3
4
6
4
1
123
3
3
6
1
5
285
4
1
21
1
2
16
9
7
5
252
67
24
83
1
13
10
15
3
1
3
1
22
58
95
5
64
5
8
12
19
11
10
3
18
2
9
72
11
226
14
5
7
10
3
1
8
17
5
18
17
46
26
1
7
28
12
59
2
3
21
155
8
131
8
45
2
1
3
5
5
17
30
8
8
16
12
16
10
2
5
6
10
532
119
89
3
4
4
1
2
24
198
5
294
9
5
2
6
1
10
4
2
2
12
23
7
9
5
195
5
186
35
44
17
62
33
14
4
7
213
27
27
15
35
5
14
13
3
8
35
27
13
17
2
1
1
73
394
401
16
5
5
2
113
1
2
8
29
2
8
11
8
8
93
100
7
7
42
239
2
8
271
1
227
61
6
23
19
188
1
40
39
25
30
25
3
2
6
36
12
9
19
18
93
12
18
3
12
13
2
16
14
38
15
2
7
136
1
1
4
53
12
16
58
19
12
82
24
5
2
7
5
71
18
8
7
24
12
5
64
4
1
165
17
22
7
32
17
4
4
42
3
8
1
57
43
8
5
9
4
85
20
10
6
78
9
140
16
3
10
7
45
9
7
11
14
33
271
6
41
25
4
17
62
27
19
8
73
39
19
30
134
58
9
366
63
5
45
164
54
13
25
1
20
237
14
22
3
13
35
8
4
3
12
24
4
29
24
85
7
8
4
4
3
1
101
1
17
44
33
7
3
4
163
16
11
3
12
38
27
12
6
73
78
1
7
6
11
18
47
43
7
23
3
33
3
7
7
96
15
58
13
38
75
46
324
10
4
73
91
17
2
127
4
1
225
1
21
1
108
4
72
2
90
1
2
26
86
13
1
15
33
30
22
1
20
64
9
26
240
42
61
20
106
81
42
32
15
19
19
10
23
31
9
18
2
165
2
1
82
13
23
11
23
43
35
8
7
14
97
249
1
55
30
7
200
24
4
2
18
4
4
106
145
54
30
19
114
1
8
103
62
8
32
50
164
69
118
2
24
2
144
15
33
15
26
111
27
5
80
23
7
45
33
50
2
159
87
122
1
15
54
40
364
136
107
51
103
51
202
119
161
83
46
57
359
27
109
21
322
