2
2
1
11
36
41
9
17
11
4
5
5
10
26
107
2
6
1
7
6
61
46
2
59
91
14
11
1
7
12
9
57
9
7
22
1
17
16
10
68
8
33
3
15
80
2
1
17
3
5
6
2
15
1
4
20
28
2
1
62
63
2
2
55
28
31
13
2
1
2
15
2
1
4
35
1
2
10
15
68
5
141
5
2
134
3
11
10
2
2
15
5
12
42
15
12
5
38
1
1
36
207
1
8
3
1
21
30
1
5
66
5
10
65
3
1
2
3
1
50
1
9
7
2
6
12
35
28
22
2
5
22
5
1
39
1
1
3
12
1
39
19
181
75
2
15
10
6
2
1
9
1
2
2
92
1
6
21
19
2
6
2
13
50
1
130
69
35
3
9
22
1
3
1
1
11
3
8
1
1
1
1
2
4
4
30
13
2
14
9
4
30
3
252
1
3
78
3
12
24
6
1
6
24
22
78
1
1
1
10
6
2
3
3
3
80
8
49
14
3
1
2
33
32
32
18
4
6
16
3
37
4
12
58
1
16
1
17
41
2
59
120
54
46
7
2
2
19
15
8
42
6
5
4
10
23
23
3
1
15
10
7
5
81
14
3
43
10
1
32
112
4
5
1
32
2
1
6
9
1
81
11
2
12
53
10
17
1
13
50
20
26
16
14
4
1
1
5
4
1
45
1
3
4
9
4
3
76
5
36
17
8
251
41
3
8
21
25
6
80
6
25
2
5
2
2
3
10
1
11
2
8
5
10
45
9
3
54
9
6
32
10
131
3
1
6
1
6
61
8
1
3
4
4
112
1
1
8
83
2
7
25
11
9
1
3
12
2
126
32
11
22
7
8
2
22
2
37
12
2
5
2
9
8
58
6
119
10
3
1
17
26
1
6
4
14
35
7
1
3
3
10
6
76
9
77
14
22
4
24
1
89
4
2
8
2
19
3
8
2
2
1
7
5
2
16
1
4
5
7
36
1
7
13
83
4
5
11
8
4
2
4
25
3
15
7
1
5
15
2
13
30
53
6
3
4
4
8
2
2
132
9
4
30
8
1
58
6
63
2
6
10
7
7
3
49
174
4
35
14
2
16
62
1
12
1
12
2
5
16
8
23
7
1
1
3
8
2
16
12
2
12
4
6
3
2
11
10
1
15
1
1
10
3
156
7
5
16
1
3
3
10
6
1
26
53
3
2
1
35
1
3
5
42
19
11
5
15
9
3
19
22
105
1
21
96
6
49
135
2
15
64
10
5
8
10
4
18
1
1
20
1
16
9
77
78
2
8
7
41
2
7
7
8
1
5
1
9
22
3
3
1
5
2
5
87
5
10
68
52
3
1
12
7
2
13
1
46
6
1
2
153
2
9
1
4
12
3
9
16
6
5
18
138
7
5
16
3
7
1
25
5
2
83
22
4
11
92
3
8
2
2
79
50
33
12
1
23
18
2
17
146
19
1
57
16
1
4
12
1
7
1
2
1
3
41
1
7
1
20
14
4
63
17
35
21
99
159
7
5
47
21
8
19
1
5
2
3
17
1
11
12
3
29
4
7
3
24
3
19
16
5
6
6
246
3
6
6
23
7
2
18
1
5
12
63
4
5
8
2
1
5
2
3
190
13
60
1
13
56
85
1
3
27
3
2
1
77
3
2
15
14
42
11
8
26
6
18
2
1
3
4
1
6
2
70
7
12
12
6
34
60
67
15
3
19
52
48
2
7
63
25
2
1
11
63
2
6
40
9
4
4
3
1
1
1
6
24
58
8
6
13
10
1
3
23
6
1
9
25
1
3
2
9
2
56
11
3
14
4
21
43
1
8
8
2
4
3
1
2
1
1
108
10
56
31
3
54
2
10
5
15
8
14
20
8
3
45
61
4
3
24
4
14
58
26
3
7
20
2
79
30
2
1
11
47
37
15
80
22
61
14
3
16
3
6
32
5
8
3
64
1
13
2
82
8
19
10
12
1
1
13
112
2
1
4
5
1
1
5
20
3
3
43
9
14
38
105
2
2
4
11
10
6
3
60
94
41
21
2
31
1
5
18
21
12
61
3
173
16
25
2
11
13
5
1
3
28
5
1
79
14
12
3
4
6
6
1
3
52
1
238
22
4
40
19
13
31
1
1
1
18
7
18
9
5
9
1
21
2
4
1
9
4
100
5
3
4
33
24
1
20
2
8
26
2
6
2
6
3
7
254
1
3
8
70
12
24
4
29
10
1
58
18
1
76
1
2
33
2
9
5
1
4
15
2
12
10
43
10
2
4
3
1
15
19
53
2
2
1
10
1
6
2
29
6
1
6
15
3
69
10
1
40
3
14
5
2
6
4
6
4
15
45
54
65
3
11
4
1
1
19
1
6
3
2
50
43
32
6
15
7
1
22
2
1
4
4
14
1
3
3
9
2
21
2
25
1
2
80
11
1
1
7
1
8
1
76
1
1
5
17
106
2
5
2
15
13
7
4
1
23
2
76
3
2
2
12
30
28
1
2
63
1
26
38
1
2
22
1
32
42
63
41
8
5
38
24
24
37
8
43
93
33
1
2
2
14
1
7
48
46
1
24
4
67
36
79
3
21
3
115
6
1
7
4
1
15
4
4
5
6
1
1
36
2
2
79
72
8
6
29
2
8
2
28
15
9
55
1
3
1
24
1
5
47
7
20
9
4
7
28
20
7
3
1
10
14
1
18
51
7
2
15
2
18
21
2
8
2
1
41
47
3
6
3
6
1
2
6
16
5
9
3
2
100
3
57
7
41
3
3
21
6
1
21
8
4
21
3
2
5
2
151
3
9
1
5
1
1
1
8
86
25
6
1
1
3
11
92
16
17
2
40
2
3
11
13
12
1
44
3
6
32
9
5
2
12
6
2
26
16
3
12
7
8
14
78
46
5
1
2
194
2
2
21
2
8
3
1
11
1
8
5
11
1
2
15
11
75
4
10
7
18
71
17
3
4
7
27
9
2
8
45
11
1
11
7
1
22
11
18
6
7
2
1
17
13
59
2
15
31
2
108
7
16
2
73
8
36
15
2
2
1
19
1
4
2
1
14
4
4
39
2
9
48
1
246
7
2
1
2
13
15
182
1
16
19
43
43
19
1
9
1
1
6
14
13
14
73
3
1
3
42
28
5
2
4
1
37
1
11
26
15
4
17
1
15
18
102
1
211
18
5
10
16
8
13
129
13
3
2
1
1
11
12
8
7
2
21
2
1
20
3
54
160
11
2
1
26
1
31
72
39
5
11
7
2
7
2
4
2
11
2
57
2
1
71
13
3
19
54
16
1
29
5
16
3
3
11
16
1
11
2
1
1
3
1
12
17
4
81
5
4
1
1
5
3
4
9
40
3
2
23
3
5
1
12
29
5
4
2
8
2
2
32
2
2
9
3
3
8
1
16
4
6
18
3
2
1
5
3
31
9
96
1
4
3
2
2
58
60
5
2
1
50
6
17
1
4
56
88
14
13
33
35
31
1
3
14
6
26
2
7
16
10
5
6
48
4
14
13
5
2
1
4
5
11
16
4
20
11
2
1
2
89
15
25
2
3
135
4
1
48
5
2
44
21
95
8
60
24
1
3
42
3
41
20
71
3
2
160
8
2
3
6
5
3
86
8
14
10
4
13
3
3
10
3
75
11
5
3
21
33
52
19
17
2
9
13
5
58
1
43
18
1
4
13
6
1
1
45
5
4
1
45
1
3
2
2
3
93
36
2
4
1
8
25
110
7
2
200
8
1
17
3
18
32
3
2
2
6
18
5
4
1
16
5
2
2
11
2
2
51
1
4
1
4
2
6
1
28
8
2
8
5
1
5
4
12
5
4
5
65
152
8
1
3
5
2
5
1
114
4
112
78
126
103
1
10
10
152
3
131
48
20
6
10
1
9
12
18
2
4
44
5
84
3
39
109
3
4
43
22
11
7
4
33
2
8
172
2
15
7
1
5
33
22
89
4
1
9
41
63
5
46
4
13
9
13
18
48
93
148
1
16
62
1
18
75
36
2
45
34
5
10
4
62
18
2
53
8
10
3
1
1
5
4
44
3
1
46
1
7
3
2
3
8
1
1
5
23
3
1
27
6
11
11
4
3
1
98
2
16
1
11
1
1
27
1
2
9
5
3
80
5
16
11
26
1
5
2
82
10
29
4
36
4
3
1
21
7
1
98
12
12
26
11
6
101
9
1
39
3
1
56
4
19
2
4
1
2
1
12
18
43
2
1
3
68
56
51
1
3
2
4
128
5
11
5
104
1
4
2
4
1
38
3
6
13
17
5
6
2
5
3
20
14
30
2
3
4
5
15
2
14
34
8
62
29
64
49
6
6
1
2
1
60
