3
22
10
4
8
22
1
12
2
6
1
4
2
2
3
2
1
22
6
6
2
3
1
2
9
8
3
9
23
1
1
6
1
4
1
8
2
7
1
1
17
16
2
5
1
1
4
4
1
8
1
2
2
4
1
1
1
1
9
3
9
5
8
1
2
3
1
6
2
2
2
2
1
1
9
2
3
2
3
1
1
3
1
4
1
2
5
5
1
8
1
2
2
3
4
1
1
2
14
1
1
1
7
2
2
2
1
2
13
3
1
1
1
3
7
2
11
1
1
2
33
4
2
2
1
2
3
12
1
22
5
1
7
1
1
2
1
2
2
1
6
2
2
2
1
2
2
3
6
1
1
6
2
36
2
3
8
70
15
3
2
1
7
2
16
1
4
1
2
1
7
2
5
1
1
9
7
3
17
2
3
1
1
1
6
7
3
7
3
5
12
1
1
2
2
2
1
1
1
2
18
1
1
2
1
2
1
7
2
29
2
2
2
1
2
4
2
4
16
15
1
1
3
2
3
2
1
20
2
1
2
2
3
7
1
1
1
3
9
2
2
1
1
9
2
4
2
1
1
16
8
1
3
1
6
3
1
1
1
5
1
3
4
2
1
2
4
5
1
2
12
2
2
1
2
2
1
15
5
2
2
2
2
2
2
2
2
2
2
1
2
1
8
1
2
5
4
6
2
1
2
2
20
2
3
1
2
1
8
2
2
3
3
11
4
2
1
1
2
1
3
2
3
2
1
40
9
1
2
3
3
1
16
1
2
2
6
15
1
29
1
3
1
10
1
2
1
11
11
1
2
2
1
2
1
4
1
2
2
2
6
2
2
2
5
1
5
1
18
2
11
4
2
3
14
33
1
1
1
1
1
25
2
1
2
8
2
5
4
1
1
8
1
7
1
4
3
1
1
1
40
3
1
10
1
4
2
1
4
11
2
2
1
1
5
1
1
3
1
1
2
4
3
4
2
1
4
1
2
4
2
4
1
2
1
3
1
2
2
1
2
3
3
1
1
1
9
6
2
3
14
14
2
6
13
14
14
3
19
2
3
1
3
1
1
4
5
2
1
5
10
6
13
9
1
3
8
2
6
5
3
4
2
3
2
7
4
1
5
1
2
1
1
2
5
7
1
1
2
1
7
4
1
4
1
16
24
3
1
4
3
1
2
3
1
2
3
6
6
4
1
1
2
2
1
1
2
2
5
1
4
10
6
4
3
1
2
10
1
2
20
2
13
5
1
1
15
4
1
2
3
9
2
2
3
1
1
9
6
2
2
2
2
10
1
5
1
4
3
1
7
4
3
7
3
8
6
2
3
3
8
4
6
8
12
2
3
13
3
1
11
2
2
1
2
3
1
2
11
1
2
10
8
4
2
3
2
8
1
2
11
1
39
3
2
5
3
2
2
2
39
1
3
14
10
8
1
3
23
1
2
8
1
8
7
3
7
1
3
13
2
9
10
3
1
9
1
16
1
33
14
3
1
4
4
1
3
1
1
7
1
4
2
1
2
1
9
3
1
1
2
13
6
2
1
18
1
4
2
4
4
1
2
4
2
3
1
4
1
12
26
26
6
1
16
6
8
6
2
6
3
9
4
3
8
1
3
1
1
3
2
7
12
14
7
28
2
4
2
