39
1
6
6
1
1
2
3
4
1
1
2
1
10
2
6
3
6
7
19
19
1
7
3
1
2
15
1
11
2
1
10
1
1
1
2
1
4
2
10
4
6
35
1
1
2
6
15
2
2
2
2
2
1
16
3
3
39
5
5
2
3
2
2
2
6
1
3
1
1
5
12
7
3
1
6
15
5
1
12
4
10
1
2
4
1
15
3
5
2
1
2
3
10
2
4
4
11
2
16
3
2
3
2
10
3
25
5
10
1
7
3
2
4
12
4
11
12
7
2
6
13
1
5
1
2
1
1
2
1
2
7
4
1
4
6
11
10
1
1
4
2
10
1
3
4
14
41
16
8
2
3
4
2
8
1
1
1
1
4
1
11
1
2
11
1
4
1
2
3
10
1
1
6
1
1
2
11
4
9
2
1
1
3
4
2
4
5
1
1
1
10
5
12
2
7
3
2
6
2
3
1
1
4
11
1
8
1
19
3
3
2
1
3
3
7
11
1
4
1
3
15
2
2
1
6
5
2
1
10
2
18
3
22
2
4
4
2
7
1
3
17
1
1
2
13
4
2
3
1
3
9
1
5
1
2
15
5
7
11
3
4
7
19
5
2
6
19
26
2
2
2
6
2
3
1
1
1
1
3
6
1
2
1
1
1
3
1
2
1
3
2
2
17
2
1
1
2
3
2
23
5
25
1
4
3
6
1
1
25
2
2
1
2
1
2
1
1
1
3
10
1
2
2
2
4
13
4
1
1
1
2
1
4
3
1
2
2
3
35
4
3
10
6
5
2
2
3
1
6
5
17
5
11
3
1
2
1
1
1
1
1
11
1
3
2
1
2
1
1
1
11
1
5
4
4
8
3
2
1
1
2
6
1
2
2
1
2
11
38
9
2
1
1
5
1
1
6
2
1
3
3
4
4
4
2
1
5
2
1
5
13
2
2
2
3
2
7
6
1
15
9
38
6
1
3
2
1
2
7
15
1
3
2
1
16
2
1
5
6
8
9
8
3
1
2
3
1
12
1
13
1
14
5
2
1
3
1
2
1
3
11
3
2
13
2
9
2
3
1
2
1
3
2
5
2
1
2
1
3
12
1
10
31
1
18
2
10
2
2
3
3
4
9
2
5
16
2
2
3
1
1
9
3
3
7
9
12
2
3
3
1
38
1
34
6
13
5
3
4
2
2
2
2
2
17
2
9
2
10
1
1
10
2
2
7
2
5
22
5
4
1
1
1
2
2
2
14
13
2
1
1
2
2
2
2
1
5
1
16
1
2
1
5
2
1
2
3
1
5
1
1
1
7
1
2
3
1
2
2
2
1
5
36
3
2
5
17
2
14
23
19
1
1
1
4
7
3
2
5
1
3
2
1
3
9
8
3
1
2
5
1
3
3
4
4
30
4
7
4
4
1
1
22
3
3
2
1
3
1
