5
1
2
5
22
1
4
11
7
1
12
44
1
3
1
2
3
4
1
18
1
2
16
1
10
1
4
1
1
13
1
1
2
2
5
7
2
3
1
22
5
3
1
13
1
2
5
2
4
9
4
4
18
1
16
1
3
1
1
3
19
15
5
23
6
12
17
2
1
4
9
3
1
1
1
3
16
2
2
7
13
2
5
32
1
41
2
4
3
7
3
2
23
2
55
2
45
12
1
6
2
4
31
12
6
1
4
40
7
42
1
20
9
2
1
34
1
2
6
3
1
8
8
3
1
3
18
2
29
1
1
3
9
11
2
2
1
1
3
11
5
13
5
1
8
2
1
9
9
1
4
1
3
1
1
2
1
8
58
4
25
1
18
4
1
5
1
1
5
2
2
7
13
7
2
1
8
8
2
1
6
7
5
45
3
2
3
1
1
2
7
16
32
2
9
1
8
3
11
1
5
6
9
2
1
1
1
3
1
3
1
2
9
1
1
2
1
12
2
3
4
2
1
17
1
8
1
1
18
1
9
1
4
2
3
16
3
2
1
1
1
13
3
9
3
3
20
1
1
1
2
3
1
3
7
1
32
20
2
32
1
12
7
6
5
8
38
18
16
1
2
14
4
1
15
1
1
1
6
17
2
1
2
15
2
15
18
41
1
2
1
10
1
13
8
12
1
1
2
10
2
2
1
16
1
4
2
2
8
1
7
2
1
1
3
1
1
13
2
3
6
3
2
2
4
1
2
1
17
1
12
1
6
1
5
4
11
2
1
11
1
3
1
3
1
2
42
2
13
2
9
2
1
1
26
26
12
11
3
1
10
2
1
1
5
3
1
24
1
1
4
1
1
7
1
2
20
1
2
2
4
4
1
3
15
1
3
3
22
1
2
7
1
7
8
1
5
4
24
10
1
3
1
9
11
12
1
1
1
15
2
15
1
12
6
91
2
16
2
1
1
6
10
4
1
5
1
1
2
2
6
3
9
6
2
1
1
5
3
19
13
11
3
1
4
1
24
10
3
1
12
2
4
33
11
12
4
3
10
5
3
2
16
4
2
1
1
5
14
9
2
57
2
5
8
7
2
4
1
1
2
2
1
6
5
3
1
6
8
31
3
3
27
1
2
7
7
17
22
2
2
2
6
2
10
2
2
3
1
1
33
19
2
1
4
7
5
2
1
1
31
5
2
2
1
6
1
2
1
3
5
7
32
1
23
1
5
1
6
2
4
1
2
1
1
1
3
2
1
1
2
8
12
19
1
10
2
6
6
2
1
16
13
3
1
2
2
26
48
9
2
5
5
2
3
6
4
58
2
2
1
4
4
1
4
20
20
2
2
2
7
4
3
1
2
3
32
2
1
17
2
2
2
32
18
9
2
2
1
4
11
1
1
2
2
5
3
9
3
3
2
2
17
7
1
2
9
1
2
18
2
42
15
2
1
5
1
8
18
2
3
16
1
5
6
12
17
7
14
9
3
2
1
3
5
1
2
18
23
6
4
2
5
2
2
2
1
10
1
4
2
9
4
2
11
2
33
1
17
1
34
4
6
9
1
1
6
14
2
2
3
3
1
19
16
23
3
12
19
12
1
2
21
1
8
2
6
18
3
17
4
1
3
4
13
40
17
3
3
16
2
13
2
8
26
1
2
6
7
1
16
2
3
3
11
1
2
12
1
7
2
10
1
2
9
5
26
3
5
1
1
4
13
4
15
2
2
3
1
13
4
2
41
1
16
9
2
1
2
4
1
8
3
7
3
1
1
1
15
40
5
2
14
2
38
1
10
1
1
1
2
1
3
2
3
1
9
3
3
8
6
4
1
1
1
21
21
4
2
4
5
20
1
8
4
1
1
2
6
1
10
40
2
11
3
12
12
1
21
1
1
3
1
2
27
3
1
1
12
1
3
1
1
3
2
2
1
3
2
12
12
1
1
3
1
6
8
2
4
7
6
20
10
7
3
23
12
2
1
6
3
4
1
3
16
1
4
1
14
3
5
7
1
6
6
2
3
3
3
1
23
2
37
2
1
2
10
1
1
1
2
2
1
3
40
14
2
9
15
4
9
2
1
12
1
1
1
1
1
27
4
1
16
2
10
15
14
1
1
2
4
3
4
2
18
3
5
1
3
2
2
1
2
3
8
13
4
1
25
2
13
3
2
2
1
1
5
2
2
3
1
1
11
2
4
3
1
2
86
22
2
2
1
1
1
4
2
2
1
1
7
1
22
3
2
3
2
1
8
4
3
7
6
2
4
4
1
2
3
8
3
21
5
9
1
13
4
10
3
7
1
18
10
9
59
14
1
1
23
2
1
25
1
5
43
3
2
2
1
1
3
12
1
2
2
4
4
1
16
2
4
6
2
3
1
1
2
7
1
2
1
1
1
1
1
4
1
5
4
7
2
1
6
3
12
2
1
7
8
2
2
2
10
2
2
1
36
1
1
1
2
1
32
7
5
4
2
2
1
1
3
1
2
1
2
9
24
1
2
6
9
2
4
5
2
32
2
2
7
13
1
2
1
1
1
30
2
7
2
6
1
3
4
12
44
1
2
5
5
5
2
6
40
7
1
2
6
1
6
1
18
4
2
2
7
4
1
4
5
4
4
3
2
3
1
8
2
2
4
15
3
1
1
3
6
14
4
4
4
2
1
4
1
22
3
1
1
1
1
5
3
9
8
2
1
2
6
1
5
1
1
11
1
2
14
11
1
1
2
8
1
2
1
4
2
1
14
6
5
4
1
1
2
3
2
1
25
2
1
3
2
2
11
5
1
1
1
3
1
1
10
3
2
9
3
3
5
13
1
23
2
7
2
2
6
7
35
2
56
3
1
1
6
1
2
1
3
2
6
3
31
1
1
2
3
9
2
2
2
1
1
3
2
3
4
1
4
40
3
6
2
10
2
1
1
24
51
1
3
2
10
14
1
1
2
7
3
1
5
5
6
1
2
1
2
2
8
8
4
5
2
37
2
2
2
1
1
5
5
7
2
8
2
5
3
3
19
2
1
1
5
4
5
1
1
4
2
2
2
11
1
14
4
5
2
3
4
1
6
11
34
3
1
1
15
5
1
6
1
5
9
1
13
1
4
1
4
2
12
2
3
2
6
1
17
1
4
1
27
6
20
3
9
7
2
2
2
3
1
2
3
4
1
3
19
2
1
3
7
18
6
1
3
2
1
2
9
1
22
2
2
4
1
3
5
1
31
3
1
19
3
3
1
2
6
2
6
5
12
3
6
1
5
1
8
6
2
2
1
5
6
5
1
2
3
1
2
6
1
8
3
5
2
3
3
2
16
2
8
2
2
12
14
4
3
14
18
4
3
1
2
1
15
2
14
3
1
5
1
4
5
22
34
49
3
5
8
1
1
5
3
1
2
14
1
3
32
1
2
1
35
12
3
2
3
3
1
3
2
3
14
50
16
4
5
4
2
3
25
2
2
4
4
3
14
1
3
1
3
1
3
4
3
8
1
2
7
2
3
1
1
2
2
36
6
2
19
1
9
5
2
1
1
28
1
1
1
13
3
2
1
1
3
2
3
1
2
1
8
2
1
3
2
21
13
3
2
9
11
6
3
2
2
1
5
3
20
18
34
1
35
2
7
1
2
18
36
6
22
13
2
4
1
1
5
16
1
34
13
12
6
18
10
5
1
4
3
15
6
19
2
3
15
2
2
4
1
1
2
8
2
1
2
8
1
2
3
8
2
1
1
59
21
4
4
27
8
3
5
3
4
3
8
1
3
1
7
3
1
4
1
5
1
3
14
4
2
14
1
7
3
6
17
2
1
6
2
21
1
1
5
5
1
9
29
1
3
7
11
6
2
1
4
7
1
1
36
1
13
1
6
20
5
1
2
28
2
2
1
18
3
19
37
2
7
3
4
1
2
5
1
9
35
7
2
8
1
1
5
2
9
1
1
4
1
5
4
6
5
5
1
8
5
1
50
30
4
3
3
3
3
10
1
7
1
2
16
4
42
2
1
5
1
2
1
2
3
1
1
19
1
2
2
1
3
2
5
4
1
1
3
4
6
2
1
1
3
19
2
22
1
7
7
1
3
1
3
10
4
10
45
1
11
2
1
12
2
28
1
8
8
1
3
1
15
4
5
5
4
3
1
39
3
36
9
5
5
6
1
23
3
1
5
3
18
12
10
2
1
3
1
1
6
4
20
7
3
4
16
2
1
11
3
5
32
7
6
1
3
4
1
1
9
5
4
1
1
5
1
1
4
3
2
6
9
1
54
2
5
1
7
1
4
15
3
3
5
2
1
29
1
6
43
4
22
18
4
10
3
5
2
1
5
1
3
5
4
1
1
6
15
55
17
31
4
8
4
3
32
3
1
4
2
4
10
8
13
3
5
19
20
3
4
14
11
1
19
11
40
1
33
33
3
53
1
4
1
12
2
1
18
2
18
12
7
