8
5
1
2
13
2
4
1
61
2
9
7
3
9
2
4
12
1
9
20
4
30
2
4
3
8
2
1
1
9
1
3
27
3
1
7
13
17
2
24
3
23
42
29
32
3
2
89
2
21
7
35
1
4
7
21
13
2
9
5
44
3
13
16
3
3
7
2
72
1
11
56
2
63
4
4
12
19
62
2
2
1
14
2
1
1
4
3
9
6
4
3
2
34
10
2
5
2
1
57
2
10
1
2
4
2
1
1
40
2
1
1
11
9
3
9
26
1
3
9
2
1
10
1
5
31
22
286
39
1
2
5
4
4
5
3
1
3
3
7
77
8
2
20
1
4
45
5
18
4
287
2
1
3
13
9
15
13
2
8
5
16
15
3
2
3
2
2
2
5
60
8
17
9
1
2
1
25
2
22
11
2
20
1
1
3
9
1
3
1
1
3
1
10
2
2
2
2
2
1
3
5
2
5
2
5
8
3
9
7
4
2
1
9
23
1
2
4
2
2
25
4
28
5
4
23
1
8
26
5
4
14
26
13
5
7
5
1
4
9
15
12
3
22
2
39
2
13
17
3
3
1
2
2
1
5
62
9
1
12
1
20
71
7
10
8
7
5
7
3
13
2
7
7
1
28
1
6
3
2
3
40
2
2
6
1
8
1
1
1
10
92
41
10
6
2
10
40
4
8
18
5
33
21
6
1
12
6
2
1
25
1
1
2
9
2
3
9
4
18
2
5
1
42
2
1
1
7
3
22
32
51
3
4
1
4
3
35
16
1
7
9
1
11
15
4
19
45
1
2
3
7
40
2
5
6
13
7
5
16
6
4
4
27
6
11
5
62
14
24
3
3
6
9
1
4
11
9
22
2
10
14
1
13
14
4
11
6
2
2
37
12
2
1
6
1
1
70
3
5
2
9
21
24
1
18
6
42
3
20
2
8
4
1
3
4
19
12
1
5
3
3
5
2
1
1
4
45
23
2
6
15
5
4
1
4
2
4
3
117
20
8
10
1
1
7
1
2
9
6
2
2
4
1
4
3
2
51
10
2
5
2
1
1
9
1
72
6
5
47
6
1
2
23
1
27
7
2
19
1
2
15
9
6
1
1
5
5
1
2
2
1
5
2
8
1
5
5
2
18
1
23
8
1
9
6
3
6
4
2
51
1
16
18
21
4
9
2
9
8
7
31
4
1
6
6
17
3
5
2
1
2
15
3
3
3
10
4
2
8
2
45
2
3
8
3
4
1
5
2
1
21
1
1
3
3
1
9
2
1
23
5
17
3
17
14
13
4
1
13
4
6
2
2
2
7
1
22
23
4
1
19
11
21
1
3
9
5
11
2
1
3
1
10
37
2
18
2
47
6
22
19
2
42
2
8
183
35
32
21
4
2
7
7
2
11
3
4
22
1
7
1
4
19
1
4
1
8
2
2
1
7
121
1
10
5
4
3
2
5
10
3
1
1
11
8
2
9
16
5
6
3
207
15
7
21
1
1
1
4
2
36
3
1
3
29
77
16
48
1
2
1
63
34
27
17
2
8
3
10
11
1
57
2
4
8
3
2
19
2
11
2
7
29
1
2
5
7
266
4
46
6
5
2
86
5
7
1
13
4
2
2
14
5
23
2
16
9
10
12
37
21
1
6
6
17
1
2
13
7
4
5
4
4
1
1
11
1
1
73
4
8
53
2
7
1
2
8
8
17
5
206
6
2
7
1
9
10
4
17
1
6
10
61
5
5
2
3
2
6
69
5
2
2
4
3
1
4
5
44
2
2
2
8
12
1
9
11
4
22
2
9
23
26
4
9
15
3
18
19
2
3
1
1
4
30
2
55
1
22
8
13
2
2
5
1
2
4
1
9
1
5
1
6
1
2
4
18
3
1
68
1
3
7
1
11
13
5
1
17
3
49
1
1
4
30
4
3
5
1
2
2
1
4
3
26
42
8
8
3
1
2
27
4
8
10
1
22
11
25
12
5
5
11
7
8
9
1
1
7
11
1
5
7
18
4
10
2
1
3
1
1
2
10
6
15
16
4
87
25
2
4
4
5
3
2
46
7
59
6
1
1
5
1
75
3
4
1
6
5
1
3
1
2
19
32
1
3
5
8
1
1
4
12
1
6
5
1
21
1
24
3
4
14
2
5
7
1
4
7
3
25
3
8
2
1
13
1
9
5
1
1
5
5
2
22
8
4
3
29
2
7
2
3
5
2
1
29
2
2
9
1
1
2
63
1
3
1
2
25
8
24
6
5
5
19
4
1
1
4
3
73
3
2
14
9
15
1
4
19
20
23
4
1
12
8
2
9
15
2
2
2
6
1
1
2
16
2
2
9
2
2
13
12
2
2
24
2
3
17
1
5
11
24
14
1
11
2
13
1
28
64
42
3
63
3
1
6
6
8
9
6
1
13
4
126
2
7
7
7
3
1
11
1
16
1
9
8
226
2
10
3
18
1
1
4
36
3
2
4
7
2
1
7
9
8
2
23
1
1
5
3
2
1
2
2
1
38
7
11
2
1
4
2
19
84
9
2
10
5
5
5
36
26
5
8
33
1
1
1
6
1
42
5
8
5
3
5
2
2
18
2
4
2
3
2
11
3
4
21
23
1
1
27
113
24
11
11
2
22
35
3
4
2
1
3
3
15
2
3
14
2
1
2
3
1
5
28
46
5
7
1
1
32
10
7
13
2
3
7
18
28
2
2
16
6
5
48
7
7
21
2
6
4
12
4
2
7
1
16
39
3
1
5
3
12
17
6
12
2
3
3
31
3
3
11
3
32
58
11
5
27
18
4
2
4
1
2
10
5
81
1
1
40
3
4
5
51
8
2
3
1
4
2
4
