14
1
30
1
2
4
8
7
9
18
7
4
1
7
1
1
1
1
1
2
10
4
1
4
26
1
3
1
22
5
16
1
2
37
1
2
13
5
3
12
3
1
2
13
2
4
1
18
6
2
11
1
18
5
8
1
9
3
4
1
1
9
1
15
2
4
4
2
7
3
13
8
1
10
15
2
1
3
6
2
1
4
5
6
6
19
5
16
11
36
24
1
1
4
28
3
5
6
2
1
49
28
9
17
3
7
40
8
2
17
1
4
19
1
18
40
3
4
1
1
27
4
1
10
2
1
1
12
22
1
5
3
10
2
1
5
21
2
5
1
2
3
1
1
2
1
6
6
17
14
3
1
4
2
1
1
9
1
30
1
13
2
1
1
12
4
1
1
3
5
2
47
4
6
5
11
3
28
18
4
4
3
2
3
2
21
35
2
5
7
1
29
1
10
3
1
1
1
8
13
2
1
4
6
12
6
11
63
9
9
2
11
19
3
1
1
4
4
4
64
10
2
2
1
25
1
2
9
4
2
44
28
1
9
1
16
1
14
18
2
6
3
6
3
7
1
3
29
2
7
2
5
2
4
1
23
2
3
2
1
4
2
2
23
3
4
2
4
2
23
19
10
4
19
11
12
2
1
8
41
7
16
11
3
9
12
26
22
5
1
5
34
1
1
1
6
2
2
1
2
2
9
4
1
1
3
2
4
12
1
4
5
1
1
2
5
18
6
21
15
2
1
20
6
4
16
6
36
2
1
7
28
3
1
4
1
8
13
4
2
4
3
4
7
6
9
1
7
3
4
2
11
5
2
7
25
1
4
22
3
10
5
14
4
3
5
3
2
1
1
10
18
2
1
9
7
1
10
1
2
2
1
6
8
28
5
3
28
2
11
3
2
2
12
2
5
1
13
1
8
3
32
6
6
7
9
1
1
2
20
1
2
2
2
1
2
2
9
11
10
13
2
6
3
2
2
3
4
1
46
11
12
2
2
23
2
6
1
22
28
6
2
5
1
1
10
3
1
5
7
4
8
1
1
12
4
1
17
4
5
1
30
1
4
2
1
1
2
2
18
3
1
7
2
1
1
2
1
1
2
1
6
3
1
7
2
2
48
2
2
3
42
12
4
1
2
21
2
1
1
34
6
2
7
4
1
4
5
3
9
1
3
1
5
4
1
1
2
1
11
3
3
3
35
2
22
4
4
3
6
44
2
1
1
1
13
3
1
3
8
17
2
2
2
4
4
2
9
1
23
4
31
30
21
1
5
4
17
2
4
34
2
6
1
3
1
1
6
6
3
5
2
5
1
45
10
30
3
13
2
16
1
2
1
5
13
30
8
29
1
1
1
6
1
49
15
4
2
2
2
6
3
3
4
50
1
12
4
2
1
1
3
25
12
3
4
2
3
2
7
1
3
3
4
5
4
2
2
37
2
1
3
1
2
8
1
46
3
45
2
2
1
2
1
3
21
2
6
6
6
23
4
15
2
1
24
1
32
18
3
5
1
8
1
8
2
1
8
30
2
9
19
3
7
6
11
6
3
5
3
1
2
2
11
7
1
1
1
1
13
9
3
2
13
5
58
13
18
27
4
9
3
18
1
1
1
2
1
14
1
2
3
5
1
1
9
29
3
2
2
11
7
1
1
1
5
1
2
2
1
9
10
3
6
10
1
4
1
1
5
9
1
12
2
5
4
1
2
4
4
1
15
5
5
13
15
4
6
1
7
1
2
2
1
1
1
2
2
5
10
6
1
40
7
15
3
2
26
2
2
1
4
2
2
1
1
1
28
4
6
4
1
14
1
11
2
2
7
3
1
2
3
3
11
4
4
24
14
1
5
29
2
1
12
5
1
8
20
9
1
1
2
2
4
3
1
12
13
1
3
1
5
4
6
1
1
1
3
2
13
3
25
17
1
3
39
3
11
10
2
1
5
1
2
1
2
8
4
1
1
38
1
8
5
27
6
1
7
1
8
3
2
53
3
1
12
1
22
7
40
26
1
1
17
2
1
4
1
4
8
10
11
11
2
2
4
1
9
2
2
29
13
5
1
11
1
5
69
4
1
1
11
5
14
2
27
13
3
12
4
7
2
3
10
4
2
21
3
11
13
10
2
1
1
12
12
22
7
3
21
4
6
2
2
17
4
17
3
1
68
2
1
1
1
1
21
1
8
2
8
3
2
17
1
2
2
2
6
5
3
4
17
3
1
9
2
11
2
3
1
44
3
1
13
7
4
1
5
2
1
11
23
3
2
11
12
19
1
1
1
15
31
16
10
1
2
4
16
4
5
2
1
1
13
1
23
6
2
14
4
27
2
8
7
3
2
1
6
4
2
22
40
3
4
1
1
6
6
5
1
2
11
2
9
1
1
1
5
2
12
1
1
1
1
6
1
2
9
3
1
3
11
2
1
6
2
1
10
11
3
1
2
1
4
3
1
1
3
14
16
20
1
11
3
3
11
1
3
15
26
35
3
4
18
16
7
1
25
6
8
15
1
12
17
1
2
1
6
1
12
2
2
1
1
54
4
1
1
10
4
3
2
13
2
7
17
7
1
1
3
2
3
2
4
1
4
2
25
4
1
1
4
3
6
1
12
1
12
11
5
1
14
2
29
7
5
13
2
1
3
4
3
1
4
1
1
1
7
8
2
2
6
1
4
9
1
2
4
3
1
2
3
1
1
1
2
1
1
69
57
6
2
10
1
3
4
2
1
4
3
21
1
4
4
1
2
2
1
4
1
3
2
1
4
2
57
1
3
1
1
1
13
5
1
3
1
8
13
1
3
5
23
28
5
9
3
4
8
3
4
3
29
7
4
1
2
1
8
27
3
2
11
3
3
7
19
1
2
14
3
11
2
4
10
4
20
1
16
2
12
23
1
1
1
1
1
1
1
2
2
1
2
2
9
14
6
3
3
1
1
2
28
15
2
2
1
1
2
16
1
2
6
29
43
4
1
2
1
9
8
3
4
2
12
25
40
4
4
5
5
1
1
13
8
56
2
1
4
4
1
5
5
1
3
1
11
27
1
3
1
1
23
1
99
2
1
4
5
1
1
1
8
1
1
1
4
3
1
10
10
2
4
1
1
28
18
14
1
2
1
19
11
1
29
4
1
9
1
12
20
8
9
1
8
2
10
4
15
3
4
2
3
1
1
1
2
3
9
1
2
33
3
1
2
5
6
1
2
2
3
6
1
5
2
4
1
2
1
4
1
1
3
1
2
3
1
1
2
7
7
1
54
48
1
9
3
6
17
5
2
1
2
1
1
2
1
3
1
7
16
4
23
1
2
23
1
4
9
8
2
3
2
3
1
1
3
1
4
11
1
6
1
2
9
9
9
6
8
11
1
1
4
9
1
8
34
20
11
2
1
1
3
1
47
1
2
4
1
1
1
4
2
2
6
9
3
4
24
8
11
1
14
6
2
1
16
14
3
1
4
9
38
7
1
9
10
4
3
2
3
3
9
5
58
2
1
22
1
2
5
3
1
2
2
5
6
1
4
1
2
3
6
6
2
2
6
1
24
54
3
1
10
22
6
41
13
7
10
14
1
18
8
11
8
1
3
6
4
14
23
17
9
10
13
4
14
1
19
4
4
2
15
2
57
12
1
1
2
1
7
1
5
51
3
2
1
11
12
21
18
1
1
2
4
5
9
6
1
2
8
21
2
1
3
2
3
47
20
8
2
2
5
18
2
3
4
3
1
20
16
2
2
4
1
1
3
1
3
8
5
11
2
5
1
2
4
1
9
4
1
5
1
6
2
2
8
10
1
23
4
7
3
2
9
1
17
4
4
3
4
8
1
2
4
1
3
25
2
4
4
1
1
19
1
1
9
2
20
1
2
1
3
1
3
3
16
9
16
3
1
25
2
2
4
12
1
3
2
4
1
10
7
30
2
7
1
2
16
4
1
9
1
17
4
6
38
18
1
15
2
28
18
1
1
1
3
2
2
3
23
1
1
2
1
2
4
5
1
19
12
2
2
12
1
33
10
5
2
2
1
2
3
2
1
1
15
14
1
1
3
1
32
1
5
3
3
6
1
11
12
4
7
16
30
3
2
2
26
1
2
12
1
2
1
2
2
2
7
11
1
13
1
25
2
3
1
3
2
1
1
102
5
3
15
45
2
6
1
6
6
3
11
51
2
1
24
42
3
2
10
3
2
7
2
51
6
10
27
11
11
1
5
3
2
3
2
1
2
4
1
2
1
2
1
1
2
3
1
4
2
38
2
1
1
5
9
2
2
2
2
5
2
2
3
2
3
1
12
1
7
6
1
10
1
18
1
2
1
1
13
4
1
12
3
33
3
8
1
12
1
1
1
14
1
2
5
2
1
9
3
28
19
2
37
1
16
2
1
2
13
6
1
9
16
1
17
8
48
2
1
3
5
2
1
3
18
1
2
8
2
3
4
12
1
28
19
1
6
11
3
4
2
3
17
5
4
2
5
14
5
2
1
1
1
8
4
2
2
3
1
3
6
2
9
3
2
2
3
8
11
3
18
2
2
5
3
13
2
1
5
8
1
4
4
2
3
3
2
14
46
1
4
42
2
18
6
1
1
1
1
6
5
3
1
10
38
3
6
7
1
3
1
1
6
1
3
1
3
9
1
4
6
1
2
1
9
1
21
6
7
1
1
1
16
3
1
98
6
1
25
1
3
6
2
6
3
2
1
5
1
1
22
72
3
2
2
4
2
3
2
3
2
3
2
6
3
8
2
5
2
47
5
2
1
7
6
1
3
10
1
8
5
3
4
5
12
3
2
16
8
1
18
23
1
2
4
9
12
1
4
3
4
40
4
23
1
5
6
2
24
13
2
10
19
1
43
1
28
2
3
5
2
1
3
1
2
21
4
2
14
2
2
10
14
3
2
3
7
1
7
22
11
5
2
1
23
5
25
26
1
2
3
26
2
1
7
1
8
6
13
5
2
18
3
5
6
14
2
4
7
2
31
6
5
2
5
1
4
2
1
4
11
1
2
3
6
3
3
2
11
1
4
1
3
3
1
26
1
16
2
1
9
2
23
2
2
10
3
4
8
5
7
11
13
11
6
26
1
5
14
1
17
13
14
6
1
9
2
10
5
21
7
2
8
7
16
3
29
4
8
15
5
2
3
5
5
4
1
18
5
1
6
1
1
9
1
42
14
1
8
1
2
7
24
3
13
4
1
25
2
2
5
2
2
2
1
3
2
27
3
1
6
25
1
4
1
20
1
1
2
3
15
2
29
3
4
2
9
12
1
1
1
10
19
10
1
27
1
4
3
13
14
2
5
4
9
3
4
3
1
1
4
2
1
8
2
3
2
4
3
3
1
20
3
5
1
2
2
2
1
1
12
31
2
46
15
13
4
2
4
8
4
10
1
1
3
5
4
11
10
2
1
6
2
2
11
2
2
1
1
2
2
28
1
3
4
28
23
4
1
2
2
3
10
1
6
1
3
3
8
38
10
2
12
1
1
3
5
1
1
1
1
4
2
38
10
6
23
6
1
8
1
6
21
1
1
3
3
5
1
1
7
40
1
16
15
27
19
2
1
3
6
5
1
1
20
2
1
2
13
2
12
98
2
2
5
1
38
9
3
1
2
1
1
6
9
1
92
14
1
6
1
3
3
8
31
1
2
8
29
3
4
4
1
1
1
23
1
1
1
4
1
1
2
1
1
1
12
3
33
3
1
3
7
1
1
1
1
1
1
7
4
6
2
10
2
7
2
1
12
5
1
1
1
3
1
7
4
9
5
1
18
21
2
5
2
5
13
30
1
2
3
4
1
17
1
2
2
1
11
1
3
1
4
12
21
1
37
3
6
1
1
9
7
4
12
5
15
3
2
1
9
1
1
15
1
1
4
2
5
4
24
2
6
34
12
2
2
2
6
2
5
9
1
2
2
3
2
68
19
2
3
4
4
11
1
5
1
2
10
109
16
2
16
25
2
4
8
12
4
1
14
12
12
17
1
12
19
4
1
3
17
4
11
1
1
9
1
3
3
13
12
2
18
1
7
14
4
13
1
2
3
8
2
6
29
1
10
1
1
1
1
12
22
1
2
1
2
4
9
19
26
3
6
9
1
1
1
9
2
5
2
3
1
1
50
9
7
1
1
1
1
1
21
33
3
3
5
3
1
3
1
4
1
1
22
1
2
14
8
12
5
1
2
2
1
3
3
50
3
2
9
3
19
29
3
19
2
1
52
1
13
2
1
4
24
3
1
3
14
2
16
1
5
10
2
1
5
16
3
7
1
4
7
2
15
1
4
16
1
4
1
4
3
1
29
1
20
2
1
5
1
12
1
2
5
2
1
3
58
4
1
11
1
6
2
2
2
4
4
21
2
5
9
16
1
4
3
2
33
3
37
40
10
5
10
1
4
3
2
4
9
5
10
93
9
3
1
15
3
5
9
1
3
5
9
1
1
5
5
7
2
22
2
4
1
15
1
34
1
4
37
4
7
1
1
2
4
1
15
4
11
15
6
8
1
3
3
1
1
8
2
5
9
2
1
6
1
10
41
2
11
18
1
1
3
4
16
1
1
6
8
8
48
4
3
2
1
1
3
1
2
9
5
5
20
1
18
5
9
11
1
15
1
1
3
2
10
1
9
16
1
1
20
1
1
2
2
1
2
13
3
1
11
2
4
3
3
4
1
1
8
9
4
17
5
2
5
11
1
5
3
1
3
3
2
2
3
5
6
24
6
6
30
3
3
3
2
1
3
2
2
13
42
44
2
1
3
4
5
5
1
1
4
3
5
1
1
1
3
37
2
2
11
5
4
4
5
7
39
1
6
54
8
10
1
42
6
1
6
1
11
1
1
2
2
32
34
2
43
9
2
2
1
27
3
3
1
5
3
1
1
7
4
2
3
1
1
16
8
4
9
13
2
2
13
4
1
1
5
15
48
1
17
1
1
3
2
13
7
16
3
2
8
9
7
1
23
1
1
1
3
1
1
4
39
6
30
1
9
1
4
7
4
6
3
2
13
26
2
1
10
1
1
1
14
3
11
5
1
10
17
22
1
2
5
5
51
2
4
3
35
2
5
13
9
12
23
25
4
2
25
2
1
2
1
3
18
14
7
1
1
1
1
2
14
2
2
4
1
19
2
1
2
3
4
1
3
2
4
1
8
2
2
1
23
8
2
4
1
3
5
1
6
18
3
4
3
12
2
1
16
18
1
3
1
14
