40
1
2
109
2
170
26
1
2
5
2
1
1
1
6
28
1
2
29
7
6
1
53
1
3
1
9
22
30
23
2
35
17
52
12
30
4
7
1
4
4
1
140
2
19
1
2
4
41
10
2
11
2
14
24
10
1
146
43
3
31
4
2
3
5
14
18
9
67
1
16
2
1
7
15
7
27
57
7
13
2
23
14
1
3
1
15
1
8
29
4
42
4
257
2
15
51
1
9
2
25
340
1
8
2
31
3
4
5
1
2
9
3
3
7
69
6
2
48
2
2
2
175
1
1
8
1
4
25
11
41
219
6
9
7
2
2
11
7
20
274
9
47
10
12
6
3
17
114
6
5
13
4
2
19
2
33
1
19
10
2
3
7
2
25
7
21
370
1
45
65
6
33
1
24
7
4
3
3
67
13
3
10
8
51
2
17
3
33
2
60
5
1
3
6
32
4
4
6
11
7
1
5
1
1
4
4
5
2
1
16
14
60
43
3
86
2
369
3
1
39
31
37
2
263
164
20
6
1
5
34
1
47
2
1
21
3
12
20
4
17
2
7
11
41
1
2
27
1
4
47
50
9
25
2
19
1
29
1
3
7
9
2
4
6
3
1
18
36
5
63
23
24
2
1
3
35
3
20
10
2
4
2
7
5
4
6
1
1
21
6
105
4
1
2
3
3
35
7
2
3
63
2
2
3
7
13
24
4
6
3
10
5
3
75
20
4
2
2
13
19
5
3
3
16
7
10
33
1
41
72
1
1
40
4
10
15
17
1
5
12
39
43
33
27
16
7
8
13
14
10
55
46
3
30
10
16
68
9
3
2
3
23
2
8
2
52
37
11
14
16
51
1
1
3
1
2
1
1
127
10
2
1
68
13
2
12
30
39
27
2
40
30
1
11
14
2
10
10
13
5
6
10
3
5
2
5
1
3
2
1
2
2
4
22
9
1
4
2
3
13
4
1
96
1
4
3
4
8
98
25
6
2
28
10
4
5
106
46
1
7
8
1
2
164
1
24
19
41
2
1
2
27
2
13
3
6
11
7
5
28
5
11
12
4
9
57
32
13
3
3
24
4
8
12
3
3
1
9
16
1
8
8
71
67
5
8
28
18
18
2
77
4
5
1
1
60
22
20
20
3
4
14
11
8
2
2
2
3
1
8
2
21
11
2
10
1
17
2
1
3
94
1
96
14
1
1
2
5
1
20
8
7
35
1
4
2
30
16
33
3
444
19
1
6
7
4
10
2
1
22
40
4
23
74
5
108
4
6
49
49
63
4
4
3
8
1
85
27
1
36
16
439
11
66
135
3
2
40
29
11
17
44
1
2
1
39
35
14
45
20
1
2
369
1
6
2
19
2
1
34
2
84
7
1
55
3
81
4
4
58
4
62
9
2
2
3
18
4
3
5
1
27
17
78
47
80
4
8
1
11
4
26
1
4
11
1
8
36
27
14
42
42
2
3
29
5
7
4
31
23
1
16
17
1
22
41
15
6
3
11
191
9
1
1
3
1
3
2
12
35
46
2
13
5
4
2
5
2
16
3
14
23
1
2
37
8
20
9
1
1
10
44
2
1
50
1
9
5
53
1
2
19
3
5
2
1
53
4
323
18
3
22
3
2
1
2
1
4
11
4
111
4
1
3
1
5
189
5
8
62
7
1
14
3
7
2
1
19
15
10
8
1
2
23
4
6
7
20
8
1
1
5
36
6
2
25
14
13
11
8
12
81
22
2
12
3
2
15
23
7
6
2
50
11
1
81
5
2
210
5
162
5
105
12
5
59
398
1
23
11
22
45
5
2
22
7
31
41
1
2
4
4
8
1
133
21
20
1
2
2
1
5
1
4
19
24
3
4
2
4
6
2
85
2
173
2
25
1
2
2
13
2
20
6
4
8
3
7
8
3
5
9
21
30
1
24
5
1
4
29
119
1
17
4
9
7
5
1
215
1
10
1
57
4
56
21
11
18
84
4
24
12
125
1
19
22
19
6
40
335
9
5
62
43
54
2
4
15
8
39
209
10
1
276
17
44
442
49
3
45
2
13
2
13
8
13
43
1
6
25
53
43
2
3
8
172
83
21
2
6
7
4
10
16
4
416
8
6
10
1
2
2
80
8
2
1
4
34
38
1
4
10
2
5
3
4
7
1
1
1
3
14
2
7
8
4
1
1
87
1
92
92
5
123
212
335
221
20
1
3
6
1
5
5
10
38
18
8
29
9
12
1
9
1
45
11
3
25
15
353
77
44
25
10
4
4
27
42
33
18
3
3
2
30
8
4
6
4
23
1
31
49
35
1
32
1
11
5
1
1
2
1
7
2
2
1
6
50
33
1
3
23
1
275
4
13
31
1
13
1
5
5
16
1
5
12
2
8
6
65
58
19
3
30
9
1
14
7
53
2
5
21
26
10
5
3
18
15
2
14
3
2
236
4
51
2
6
8
4
5
265
7
13
27
45
3
2
80
44
7
1
11
1
1
2
10
25
52
8
2
12
1
25
1
4
42
1
1
1
2
11
4
1
2
10
15
3
7
30
56
2
1
2
4
6
6
3
9
2
5
69
4
1
30
6
2
30
178
56
28
24
7
11
37
23
21
5
3
41
6
104
9
8
26
2
13
1
2
11
12
1
23
6
6
4
13
4
2
2
38
1
135
55
2
3
6
4
5
18
4
48
11
2
13
11
1
5
18
12
113
1
2
1
11
1
4
19
31
17
20
1
1
3
2
5
7
3
2
3
1
5
16
68
37
2
1
1
8
7
6
13
2
6
21
8
4
3
2
20
12
139
3
3
12
4
1
3
35
4
1
1
17
4
2
2
14
22
13
135
2
15
120
1
69
3
20
15
9
4
9
3
11
25
32
1
19
76
22
1
3
43
138
4
18
2
15
2
5
2
22
13
112
24
61
11
80
4
82
4
1
5
31
3
1
61
17
2
55
10
2
2
15
2
1
1
55
414
3
4
2
1
22
13
7
3
3
36
3
42
1
179
10
3
120
1
14
137
49
122
2
32
48
1
13
67
162
19
14
2
2
11
2
3
22
2
2
58
4
21
10
5
120
3
5
26
10
30
1
2
1
78
3
1
11
9
3
9
26
4
3
23
1
23
10
56
16
13
5
10
2
2
2
17
54
32
9
1
7
1
2
1
4
2
2
17
34
7
4
3
23
119
353
40
2
42
5
1
22
1
8
45
9
28
1
17
43
10
1
6
69
5
10
7
24
3
81
45
2
18
10
91
28
25
21
143
9
70
3
1
4
34
1
6
2
6
8
62
4
1
40
2
7
10
5
1
32
16
8
5
1
142
6
7
5
2
17
27
321
14
11
15
8
1
1
5
5
60
3
47
2
53
21
7
3
1
5
12
4
7
1
28
2
2
2
49
12
1
57
6
49
16
3
18
1
10
369
104
27
73
6
8
12
30
11
22
3
1
2
9
3
6
29
13
2
2
58
85
1
1
6
4
10
24
1
5
444
120
12
127
1
5
1
2
12
2
1
4
12
9
2
30
26
2
5
1
35
3
4
40
37
43
1
7
2
45
278
5
2
15
6
3
3
18
3
1
9
1
1
3
27
1
1
44
1
2
1
7
31
6
10
8
13
35
1
2
77
1
31
8
51
18
1
21
2
19
70
4
4
11
7
34
17
6
336
3
8
55
32
3
6
14
2
12
24
416
379
15
16
114
1
22
2
1
6
2
74
23
1
1
100
4
8
6
10
4
4
6
3
31
7
25
4
1
62
116
1
2
4
1
181
4
22
8
12
1
5
4
5
17
4
6
41
1
3
19
27
7
3
5
4
44
2
51
8
3
11
51
10
2
3
40
4
13
4
45
30
30
4
5
6
6
23
7
3
38
1
1
75
9
55
45
1
3
5
44
1
2
5
6
5
5
3
10
4
20
1
17
5
1
2
32
19
3
2
2
51
3
10
1
1
10
5
71
11
8
3
11
41
34
2
4
2
4
1
243
2
10
1
1
1
6
15
17
16
13
2
2
1
2
5
10
39
16
8
4
17
62
22
1
16
5
62
21
1
13
2
7
12
26
4
1
4
15
3
1
7
31
42
3
88
2
2
2
4
35
3
3
8
55
16
68
21
37
16
26
2
6
8
16
3
11
8
4
22
21
2
1
6
3
1
8
2
4
22
1
50
1
366
8
4
1
1
20
21
2
12
5
6
5
169
3
13
1
5
8
1
4
4
61
2
1
7
13
5
2
23
17
46
55
1
3
10
