2
45
3
10
3
2
1
9
2
1
2
2
1
8
4
11
4
19
9
3
42
6
1
29
1
4
8
1
28
2
76
11
1
1
2
1
7
3
1
1
3
1
5
1
2
8
1
10
6
2
2
3
1
9
21
4
1
4
1
4
1
1
26
8
7
6
5
2
7
3
18
7
1
3
21
1
12
7
2
2
8
7
4
9
3
1
2
1
4
10
15
12
1
1
2
5
41
10
7
2
1
3
5
2
8
5
1
1
49
3
2
2
4
5
17
3
3
3
6
1
16
1
1
6
1
2
2
8
10
1
1
16
4
24
1
8
2
2
4
4
3
3
2
7
1
9
6
2
12
6
3
7
13
6
2
4
35
5
4
7
2
1
2
6
4
17
56
2
4
1
2
1
4
2
1
8
3
13
11
1
1
2
1
1
2
4
2
5
2
10
1
7
2
1
10
2
10
5
5
2
6
9
4
1
4
2
3
3
5
54
9
5
1
2
1
2
2
5
15
2
3
8
1
2
20
4
12
3
3
2
7
1
9
13
12
29
18
6
3
2
2
11
5
6
4
2
1
2
3
37
3
7
2
15
5
2
6
1
2
4
3
4
4
4
6
2
2
7
4
13
2
33
12
4
1
1
2
2
24
3
3
18
1
6
12
5
6
10
5
2
2
22
6
3
7
31
8
16
2
2
16
4
2
3
22
4
3
5
1
12
13
2
15
3
2
1
3
12
24
3
1
2
8
34
1
2
1
4
2
1
3
10
1
2
2
15
3
2
2
1
2
10
1
4
15
22
2
1
6
2
2
19
1
4
11
2
4
5
13
6
8
1
4
1
1
2
1
11
22
4
9
10
3
3
4
1
2
1
17
5
10
1
65
2
2
2
1
16
1
1
2
3
11
2
1
7
4
1
2
7
4
2
4
2
4
1
4
1
31
7
1
6
4
4
7
12
7
1
1
3
1
1
4
4
22
1
9
1
3
2
1
7
12
1
2
4
2
1
3
1
2
3
2
2
1
4
1
2
11
1
1
7
3
1
15
4
5
27
1
3
2
11
5
2
2
2
1
6
8
2
2
3
5
1
6
34
2
7
4
3
2
25
17
2
3
11
5
20
55
6
7
1
8
13
5
6
8
6
3
2
1
6
6
2
4
2
10
38
1
2
12
9
1
7
1
8
2
17
12
25
6
2
3
2
3
4
13
28
1
2
2
7
2
4
8
1
4
1
1
5
1
5
5
8
2
2
2
1
2
6
5
24
8
1
2
6
8
8
15
2
10
2
9
1
4
8
8
2
6
1
1
1
11
14
16
2
21
4
12
1
2
3
10
4
13
3
1
3
12
8
2
9
1
5
2
2
2
1
3
2
22
14
7
5
3
1
2
4
6
