500
9
70
13
13
32
48
14
18
59
101
11
41
27
23
5
8
2
277
2
1
5
3
106
34
356
64
6
35
1
4
99
8
51
58
27
20
5
10
4
51
28
4
329
46
33
7
36
154
110
62
250
122
44
22
67
3
1
2
14
229
188
419
38
15
4
59
12
123
257
23
3
5
3
4
430
13
52
16
5
266
244
164
341
46
1
301
37
79
4
67
7
40
26
73
15
62
151
71
13
8
44
8
8
9
4
154
1
118
2
30
22
7
20
2
24
27
158
16
14
1
3
25
43
3
47
9
474
375
50
32
270
92
35
316
136
31
7
108
6
8
106
7
88
30
20
11
35
209
18
1
104
95
7
1
29
3
127
86
18
14
262
68
181
5
29
51
10
18
20
8
13
39
6
2
316
3
79
89
6
38
77
1
3
17
133
2
73
146
4
8
6
14
104
70
8
115
120
12
33
1
18
7
265
75
7
25
57
28
23
23
11
29
23
13
167
229
15
8
50
12
77
11
249
207
10
47
10
10
101
1
9
40
277
130
13
23
71
1
128
11
4
265
174
273
16
64
45
6
1
100
14
71
5
149
111
10
41
7
34
234
157
23
14
147
18
20
277
4
1
27
63
143
11
13
215
30
11
6
75
33
8
17
104
7
8
166
136
9
11
17
8
9
8
6
35
177
24
3
1
27
8
13
9
1
4
14
44
14
2
33
40
82
4
26
47
28
6
9
209
69
4
11
100
87
103
92
57
425
25
10
63
65
1
1
10
4
1
94
57
1
10
89
6
206
61
61
97
116
11
14
203
76
306
48
1
44
49
12
175
17
4
408
287
616
363
22
26
60
5
12
42
38
11
75
3
239
5
336
13
27
8
8
563
18
30
13
10
2
4
16
197
19
30
29
7
12
86
266
21
22
104
17
16
49
114
220
54
69
12
204
15
7
4
23
68
407
3
142
16
31
24
87
126
2
45
9
134
28
349
3
55
20
5
181
47
3
50
1
66
103
29
8
571
41
33
1
2
8
34
41
16
1
20
25
2
3
59
4
8
194
25
22
5
72
246
58
17
3
2
66
331
3
349
3
13
60
1
1
50
5
3
2
121
7
21
26
38
3
6
4
9
59
237
116
6
3
23
46
2
2
11
13
73
86
26
8
16
53
87
2
25
20
39
5
148
5
9
1
12
4
40
25
6
3
1
8
96
11
50
120
15
5
211
16
11
6
348
45
5
214
1
15
6
9
15
2
5
13
13
5
32
246
210
53
205
3
89
37
3
41
8
2
17
5
10
86
98
6
34
28
62
116
27
362
1
31
14
34
5
25
25
229
468
157
279
40
49
91
9
75
106
7
23
19
422
7
182
60
3
235
6
9
42
8
102
35
1
41
5
366
23
226
2
9
2
31
186
8
20
66
33
69
33
546
1
111
136
7
25
29
153
1
23
12
92
1
4
17
61
547
1
51
3
5
1
1
11
90
355
249
278
323
5
94
219
38
97
1
2
23
209
54
2
375
12
9
28
2
25
27
11
19
53
85
52
350
172
19
7
6
466
66
181
39
14
24
47
224
9
341
1
67
7
5
77
90
13
158
158
35
7
22
176
273
45
122
41
121
44
201
115
2
30
6
72
22
16
11
54
176
100
8
15
163
1
44
2
5
25
1
166
208
14
59
34
14
4
18
3
168
29
63
12
187
48
3
62
1
1
25
8
82
1
45
181
1
1
7
19
1
41
35
57
205
75
253
2
7
280
1
10
24
2
107
87
133
46
5
22
119
9
32
56
41
3
57
1
140
2
58
18
29
21
44
46
12
133
1
40
362
1
1
1
1
10
1
1
1
1
1
1
1
1
1
1
1
1
1
1
1
6
1
1
1
1
1
1
1
143
1
1
1
1
1
1
1
1
1
1
1
1
1
1
1
1
1
1
1
1
1
104
1
43
1
1
1
1
1
1
1
1
1
1
1
1
2
1
1
1
1
1
1
1
1
1
1
1
1
1
168
1
1
1
1
1
1
1
1
1
1
1
106
1
1
1
1
1
1
1
1
1
1
1
1
1
1
1
1
1
1
1
1
1
1
1
1
1
1
1
1
1
1
1
1
1
1
1
1
1
1
1
1
1
1
1
1
1
1
1
1
1
1
1
1
1
1
1
1
1
1
1
1
1
1
1
1
1
23
1
1
1
1
1
1
1
1
2
1
1
1
1
1
1
2
66
1
1
1
1
1
1
1
1
1
1
1
8
1
1
1
1
82
48
1
1
1
15
1
1
1
1
1
1
1
1
1
1
1
1
1
1
1
1
1
1
1
1
18
1
1
1
1
1
1
1
1
1
1
1
1
1
1
1
1
1
1
1
1
1
1
1
1
1
1
1
1
1
1
1
118
1
1
1
1
1
1
1
1
1
2
1
1
1
1
1
1
1
1
1
1
1
1
1
1
1
1
1
1
3
1
1
1
1
1
1
207
1
1
1
1
1
1
1
1
1
1
1
1
18
1
1
4
1
1
1
1
1
1
1
1
1
1
1
1
1
11
1
1
1
2
1
1
1
1
1
1
1
1
1
1
1
1
1
1
1
1
1
1
2
1
1
1
1
1
1
1
1
1
1
1
44
1
1
1
1
1
1
1
1
5
9
1
1
1
1
1
1
1
1
1
1
20
1
1
1
1
1
2
1
1
1
1
1
1
1
1
1
1
1
1
1
1
1
1
59
1
1
1
1
1
1
1
1
1
1
1
1
1
1
1
1
1
1
1
1
1
1
1
30
1
1
1
1
1
1
1
1
1
1
1
1
1
1
1
1
1
1
1
1
1
1
1
1
1
1
1
1
1
1
1
1
1
1
1
1
1
62
1
1
1
1
1
2
1
1
1
1
1
5
1
1
2
1
3
1
1
52
1
1
1
1
4
1
1
1
1
1
1
1
1
1
1
1
1
2
1
1
1
2
1
1
1
1
1
1
1
1
1
1
2
1
1
1
1
1
1
1
3
1
1
1
1
1
1
1
1
1
1
1
1
1
1
1
1
1
1
1
1
1
1
1
1
1
6
1
1
1
1
1
1
5
1
10
1
1
3
2
1
1
1
1
1
39
3
2
2
1
1
1
1
2
1
1
1
1
1
1
1
1
1
1
1
1
1
1
1
1
2
1
1
38
1
188
2
1
1
27
1
1
1
1
1
1
1
1
1
1
2
1
1
2
1
2
1
1
1
1
2
1
39
2
1
1
1
1
1
1
1
1
1
1
1
1
2
1
1
1
1
1
1
1
46
1
1
1
1
1
1
23
1
1
1
1
1
1
1
1
1
1
1
1
1
1
1
1
1
1
1
1
1
1
1
1
1
1
16
1
1
1
1
1
1
1
1
1
1
1
1
1
1
1
1
1
1
1
1
1
1
1
1
8
1
1
1
1
67
1
31
2
1
1
1
1
1
2
1
1
259
1
1
1
1
1
1
1
1
1
1
1
1
1
1
1
1
1
124
1
1
1
85
1
1
1
1
1
1
2
1
2
1
1
1
1
1
1
1
107
1
1
1
1
1
1
1
1
2
1
1
1
1
1
1
1
1
2
7
1
1
1
1
3
136
1
1
2
2
1
1
1
1
1
1
1
1
1
1
3
1
1
1
1
1
1
1
1
2
1
1
1
2
150
1
1
18
1
1
1
1
1
2
1
1
1
1
1
110
1
1
2
1
1
6
1
1
1
1
1
1
1
1
2
2
1
1
1
1
1
1
1
1
1
1
1
1
1
1
1
2
1
1
1
1
1
1
2
1
1
1
1
1
1
1
1
1
1
42
2
1
1
1
1
1
1
1
94
1
1
1
1
1
1
1
1
1
2
1
1
1
1
1
2
1
1
3
1
1
1
1
1
2
1
1
1
1
1
1
1
1
1
1
1
1
10
1
13
1
1
1
1
2
12
1
1
1
1
1
1
1
1
1
1
1
11
1
1
1
1
1
1
1
1
1
1
1
1
1
1
1
4
1
1
1
1
1
2
1
1
1
1
1
2
1
1
36
1
1
1
1
1
1
1
2
1
1
1
1
1
1
2
2
1
1
7
1
1
1
1
1
8
1
1
1
1
3
1
1
1
1
1
1
1
1
1
1
1
1
1
1
1
40
1
1
1
1
2
1
1
1
1
1
1
2
1
1
1
1
1
1
1
1
2
1
1
1
1
1
3
1
1
1
1
1
1
1
1
1
1
1
1
1
1
1
1
1
1
1
1
1
1
1
1
2
1
1
1
1
3
1
1
1
1
1
1
1
1
1
1
1
1
1
1
1
1
1
1
1
1
1
2
1
1
1
1
2
1
1
1
1
1
2
1
1
1
1
1
1
1
2
1
1
1
2
1
1
1
1
1
1
1
1
1
1
1
1
1
3
1
1
1
31
1
1
1
1
3
2
1
145
1
1
2
1
1
3
1
1
4
1
1
17
22
1
1
3
1
1
1
1
1
1
1
1
1
1
1
1
1
1
1
1
1
60
1
1
1
1
1
1
1
1
1
1
1
1
1
1
1
1
1
1
1
1
1
1
2
57
1
1
3
1
1
1
1
1
1
6
2
282
1
1
1
1
1
1
153
2
1
1
1
2
1
2
1
1
1
1
1
1
1
2
1
58
1
1
16
1
1
1
1
1
1
1
1
1
1
1
1
1
1
1
1
1
1
1
1
1
2
32
1
1
2
2
1
1
2
1
1
1
1
1
1
1
1
1
1
1
1
1
1
1
1
1
1
1
1
1
1
1
1
1
1
1
1
1
2
1
1
1
1
1
1
39
2
1
1
1
2
1
1
2
2
1
2
1
35
2
40
1
1
1
2
2
1
1
1
1
1
1
2
1
1
11
1
1
1
1
1
1
1
2
1
1
194
1
1
1
1
1
1
1
1
1
1
1
30
158
1
1
2
2
1
2
1
1
2
2
1
2
3
10
1
1
2
1
1
2
333
1
1
1
3
1
1
1
2
1
1
1
2
1
1
1
1
1
1
5
1
3
1
1
1
1
1
2
1
1
1
47
1
2
1
2
4
1
1
1
1
1
1
1
1
1
1
2
1
1
1
1
1
1
1
1
442
1
1
1
1
1
1
39
1
1
1
1
4
1
1
1
2
2
1
2
1
1
2
1
2
1
2
1
1
1
6
1
1
3
1
1
2
1
1
1
2
1
1
1
1
1
1
1
1
72
1
1
2
1
1
1
1
1
1
1
1
1
1
1
1
1
1
1
1
1
1
1
1
6
1
1
1
1
1
1
2
1
1
1
1
1
1
1
1
1
1
1
1
1
1
1
1
1
1
1
1
1
1
1
2
1
1
1
1
1
1
1
1
1
1
1
4
1
1
1
1
1
1
1
1
1
1
1
1
1
1
1
1
1
1
2
1
1
1
1
1
1
1
1
2
1
1
1
1
2
1
1
1
1
1
1
1
5
1
1
1
2
170
1
2
1
1
2
3
1
1
6
1
1
1
1
1
1
1
1
1
1
1
1
1
1
1
1
1
2
1
1
1
1
1
1
2
1
2
3
2
2
1
3
1
1
1
2
1
2
1
1
5
1
1
1
1
1
161
1
1
1
1
1
1
1
1
1
2
1
1
1
1
1
52
1
1
1
1
1
1
1
1
1
1
1
1
1
2
1
1
1
1
1
1
1
4
1
274
8
1
1
1
2
1
1
1
186
3
1
1
18
2
1
1
2
1
1
1
1
3
8
1
1
1
1
1
1
32
1
114
1
2
1
1
1
1
1
1
1
1
1
1
1
1
1
1
1
1
1
1
1
38
1
1
1
1
1
1
1
1
1
1
1
1
1
1
1
1
1
1
2
1
1
1
1
2
1
1
1
4
1
1
1
1
1
1
2
2
1
1
1
1
2
1
1
1
30
1
1
1
1
1
1
1
1
1
1
1
1
1
1
1
1
2
2
1
1
35
1
1
1
1
1
1
1
1
2
1
2
1
1
1
1
1
1
2
2
1
1
1
2
1
1
2
66
1
4
1
2
1
3
2
1
1
1
2
300
31
2
2
1
2
1
1
2
1
3
1
3
1
1
75
1
1
1
1
1
1
1
1
1
1
2
1
2
1
1
1
1
1
1
1
1
1
1
2
1
1
1
1
1
1
1
1
1
2
1
2
1
1
1
2
1
1
1
1
1
1
2
1
1
3
1
1
1
1
1
42
1
1
3
1
1
2
1
2
1
2
3
2
1
1
1
1
1
1
1
7
1
146
1
1
1
1
1
1
1
1
1
1
3
2
2
1
1
1
1
1
1
1
81
2
1
1
50
1
45
1
2
1
1
1
2
1
1
1
1
1
1
1
1
1
52
1
1
1
1
1
2
1
1
1
2
1
1
1
1
1
1
1
6
1
1
3
2
1
1
1
1
134
1
1
1
1
1
1
1
1
1
1
1
2
51
2
1
1
1
1
1
3
3
1
33
1
1
1
1
1
1
1
2
1
1
1
1
1
1
1
1
1
2
1
1
87
2
1
2
1
1
1
1
32
1
1
1
1
1
1
1
6
1
1
1
1
1
1
1
1
1
1
1
1
1
82
1
1
1
1
1
1
1
1
1
1
1
2
1
1
1
1
1
1
15
6
3
1
143
1
1
2
1
2
3
1
1
1
29
1
1
2
1
5
4
1
2
1
2
1
1
1
1
1
1
1
1
1
3
6
1
1
1
1
1
1
1
2
1
1
2
1
3
1
1
1
3
1
1
362
1
1
1
1
1
1
25
1
2
1
1
1
18
1
1
1
1
3
1
1
1
1
2
1
1
2
1
1
2
1
1
1
1
1
1
172
3
1
1
1
2
1
1
1
1
1
1
1
1
1
1
1
1
1
1
1
1
1
1
1
1
2
1
1
1
1
1
3
2
1
1
1
1
3
1
1
2
1
1
1
1
1
48
3
1
1
1
1
1
1
1
1
1
1
1
4
1
2
1
1
2
1
1
1
1
1
1
1
1
3
3
2
25
1
1
1
1
1
1
1
1
1
1
3
1
3
1
2
2
1
1
1
1
1
1
1
1
2
1
1
1
1
1
1
1
1
1
1
1
1
1
1
1
2
1
1
1
2
1
1
1
1
1
1
1
1
1
2
1
1
1
1
2
2
2
215
1
1
1
1
2
2
1
1
2
1
1
1
1
1
3
1
2
17
2
1
1
2
1
1
2
1
1
2
1
1
1
1
1
1
1
1
1
98
1
1
1
1
2
1
1
1
2
1
1
1
1
1
1
1
2
1
1
2
1
1
1
2
2
1
1
1
2
1
1
1
1
1
215
1
1
98
85
1
1
1
1
1
1
2
1
1
1
1
41
1
1
1
103
1
1
1
1
1
22
85
1
1
2
1
2
1
1
1
1
3
1
1
1
1
1
1
1
1
1
1
1
1
1
1
1
1
1
1
458
1
2
1
1
1
1
2
1
1
1
1
8
1
2
4
1
1
1
2
1
1
2
1
1
1
1
1
1
1
1
1
1
1
1
1
1
1
1
2
1
1
3
1
2
1
1
1
1
3
1
26
1
2
1
1
1
29
1
1
37
1
1
1
15
11
1
1
3
1
1
1
1
1
1
1
2
1
1
1
44
1
1
4
3
1
1
1
1
1
1
2
1
1
1
2
1
2
44
1
1
2
1
1
5
1
1
3
1
2
1
1
1
2
1
1
1
2
1
1
2
45
1
1
1
1
1
1
1
1
1
1
1
1
1
2
1
161
1
1
1
2
1
258
1
4
1
1
1
1
1
1
1
1
1
6
1
1
1
1
1
1
1
1
1
2
1
1
7
1
1
1
1
2
2
1
1
1
2
2
1
2
1
1
1
1
1
5
2
1
1
19
1
2
1
3
1
1
1
1
1
1
1
1
1
2
1
1
2
1
2
1
2
3
1
15
1
1
1
1
1
2
1
1
6
1
2
1
1
2
5
1
1
4
1
1
56
3
32
1
1
1
2
1
2
1
1
1
2
1
2
2
1
1
2
1
2
29
21
1
1
1
1
1
195
1
1
1
1
2
2
1
2
1
4
1
5
1
1
1
2
1
2
3
1
1
2
1
1
1
3
1
1
2
1
1
1
3
1
1
86
1
1
2
1
2
1
1
1
1
1
2
1
3
1
1
2
1
1
1
1
1
2
5
2
1
1
1
1
9
24
1
1
57
1
3
3
1
2
1
2
1
2
8
1
2
1
1
2
1
1
1
2
2
1
2
3
1
1
1
1
1
1
1
1
1
1
2
1
1
1
2
1
1
1
1
19
2
1
1
1
1
1
1
1
2
1
4
1
1
1
1
1
1
1
25
1
1
1
1
18
1
1
1
1
1
1
189
1
190
1
222
1
1
1
1
1
1
1
1
1
8
1
1
109
1
3
1
1
1
1
1
1
1
1
2
1
2
1
1
1
2
2
2
1
1
1
1
1
1
1
1
1
1
1
1
1
1
2
1
1
5
1
1
1
1
1
2
1
1
1
2
1
1
2
1
1
5
3
1
1
1
189
1
1
2
1
1
1
1
1
1
10
2
1
1
1
2
1
2
1
2
1
3
1
1
1
1
1
6
2
1
2
2
1
1
3
1
2
2
1
4
1
1
2
1
1
1
4
1
1
2
3
1
1
1
1
2
1
2
1
3
1
1
1
1
1
1
3
3
7
1
1
1
1
1
5
78
2
1
2
1
1
1
1
3
1
2
1
1
1
1
1
2
5
3
3
1
1
2
1
1
1
1
1
1
1
1
1
1
1
1
1
1
45
3
1
1
2
1
2
1
1
1
1
1
1
4
2
1
1
1
1
1
1
1
1
1
1
1
86
1
1
3
1
1
1
1
44
1
1
1
1
1
2
1
1
1
2
1
1
1
2
206
2
4
1
1
1
3
1
1
9
1
1
1
1
1
15
1
2
1
3
1
2
1
1
15
1
2
1
1
1
1
1
35
1
6
2
2
1
1
1
2
2
1
1
1
213
1
1
1
2
1
1
1
1
1
2
1
1
1
3
1
1
3
1
1
1
3
1
1
1
2
1
1
2
5
4
1
1
1
1
1
29
1
2
1
2
1
2
1
1
1
1
2
2
1
1
1
2
1
1
1
1
1
1
1
1
1
1
1
4
5
1
1
1
1
2
3
1
2
1
3
1
1
2
2
1
1
1
1
3
1
2
2
1
1
1
1
1
1
2
1
1
1
1
2
2
1
1
2
1
1
2
1
2
2
1
1
1
1
4
1
1
1
74
1
1
3
1
1
17
8
1
1
1
1
4
3
1
2
3
2
1
1
3
1
1
1
1
2
1
1
1
1
1
1
1
2
1
1
1
1
1
24
1
1
2
1
2
1
1
3
21
1
1
1
37
1
1
2
1
5
1
1
5
1
3
1
1
2
2
70
1
1
1
1
1
3
1
1
1
1
1
1
1
2
8
1
1
1
1
2
282
1
2
1
1
1
2
3
1
1
1
1
1
2
1
1
1
1
2
1
1
1
1
38
1
3
1
4
1
1
1
1
7
1
2
2
1
1
1
2
3
1
1
1
4
1
1
1
23
1
1
1
1
28
2
1
2
1
87
2
1
2
1
2
2
1
15
1
1
1
1
1
1
1
1
2
1
3
2
2
1
74
2
1
2
1
2
1
1
1
5
2
1
1
293
1
1
1
1
204
1
1
1
1
2
1
1
1
1
1
1
2
1
1
2
1
1
3
7
1
1
1
5
2
1
2
2
1
5
1
2
1
2
1
1
1
2
2
1
1
1
3
1
1
3
1
1
3
5
2
2
5
83
1
1
1
2
1
2
1
1
1
1
1
2
1
2
1
1
1
2
2
1
1
1
1
2
1
1
1
5
24
2
3
1
1
1
2
1
5
17
1
1
3
1
4
1
1
1
2
1
1
3
2
1
1
1
2
1
2
1
7
1
1
1
1
1
2
1
1
1
1
1
295
2
1
183
2
5
21
1
4
4
148
10
1
1
1
3
2
1
1
1
1
1
1
1
2
2
1
1
11
1
1
2
1
4
1
1
1
1
1
3
2
1
1
1
56
23
1
1
1
1
1
1
2
2
1
26
1
1
4
2
1
1
1
1
1
1
1
1
2
2
3
10
1
1
1
1
2
1
1
1
1
1
1
1
66
2
1
1
1
1
9
1
1
3
4
1
1
1
7
1
2
1
2
2
1
1
1
1
1
1
1
1
4
3
1
1
1
2
2
1
1
1
3
1
1
1
1
5
1
6
1
2
1
1
2
2
196
1
1
1
2
2
2
2
1
3
4
1
1
102
3
1
29
1
3
1
1
1
1
1
1
1
1
2
5
1
1
1
2
4
1
1
1
1
1
1
2
1
2
1
2
1
1
1
4
1
1
1
4
1
2
1
1
1
1
1
1
1
1
1
1
1
1
2
1
3
152
1
1
1
1
1
1
1
2
7
1
3
3
1
1
44
1
1
1
2
1
1
6
5
2
1
1
1
1
1
1
1
1
1
1
1
1
1
6
1
2
1
1
1
1
1
1
3
4
1
47
3
4
1
1
2
1
1
5
1
7
2
1
1
3
2
1
2
1
195
1
1
3
8
4
5
1
1
2
1
4
3
1
2
3
1
1
1
1
1
1
77
1
3
1
6
2
1
3
1
1
3
2
1
5
1
1
1
1
1
1
1
1
1
1
1
1
1
2
1
3
6
2
1
1
2
17
2
21
2
1
2
1
1
1
1
30
2
34
1
1
1
1
1
1
1
1
2
2
3
2
1
2
1
1
4
1
1
1
1
3
2
1
1
1
1
1
1
1
1
1
4
1
2
1
1
1
1
1
1
1
1
99
1
1
1
2
29
1
4
1
81
3
1
4
1
1
4
1
1
1
1
1
2
5
10
1
4
71
1
1
1
1
2
1
1
362
1
1
2
2
1
1
1
2
2
1
1
2
1
1
4
1
1
2
4
1
1
1
2
1
1
2
1
3
1
193
2
1
1
3
1
3
2
1
1
1
1
1
2
1
1
26
1
8
2
1
1
1
1
3
1
1
1
1
11
1
1
1
1
1
2
1
1
2
1
2
2
1
1
1
1
1
2
1
8
1
1
2
1
1
1
1
2
1
1
1
1
3
1
2
2
1
1
1
2
4
1
1
5
1
1
1
3
1
4
2
1
3
1
1
1
2
1
1
5
13
1
2
1
1
1
1
1
2
2
3
2
1
2
1
1
1
1
2
1
1
1
1
2
1
2
1
1
2
1
4
1
1
3
1
2
2
5
1
2
225
2
1
1
1
3
2
2
1
2
1
1
1
2
3
2
1
1
1
2
1
1
1
1
1
1
1
1
1
1
1
1
5
1
1
1
2
3
1
1
1
3
2
2
1
3
1
2
1
1
2
1
1
1
1
1
1
2
4
1
1
3
1
3
1
4
1
1
1
1
1
2
3
1
3
2
1
5
1
2
1
1
1
1
1
3
1
2
1
1
1
1
3
1
1
1
2
1
1
1
2
2
5
1
3
1
2
1
2
1
1
1
2
2
1
1
9
1
2
1
1
1
1
1
1
1
1
2
1
2
3
1
1
1
2
1
1
1
3
2
1
1
1
2
1
2
3
3
1
2
1
2
1
4
1
1
1
1
1
1
1
1
2
2
2
2
1
1
1
6
1
1
2
70
2
1
3
1
1
43
2
1
1
1
1
2
3
1
2
3
1
1
1
1
1
4
3
4
1
3
2
1
3
1
3
1
2
6
3
2
1
1
1
4
3
4
382
1
1
1
1
1
4
1
1
1
1
1
2
2
1
1
4
1
1
2
1
2
1
2
1
1
2
1
1
1
2
1
1
1
1
1
1
1
3
2
2
1
1
1
1
1
2
1
1
2
1
1
2
1
1
3
4
1
6
1
1
1
1
2
3
1
1
1
2
1
1
2
1
3
1
1
1
1
1
1
1
71
1
2
1
1
1
1
7
1
1
2
4
2
1
2
1
3
1
4
2
1
2
1
4
2
1
2
1
1
1
5
1
1
1
14
1
1
1
1
3
1
2
1
1
1
2
3
1
1
1
2
2
2
1
1
1
1
1
2
2
2
1
1
1
3
1
1
1
2
4
1
3
6
1
2
1
1
1
3
3
2
3
1
1
1
2
4
1
1
1
1
2
1
3
3
5
3
1
1
4
27
1
1
2
5
1
1
6
1
1
1
12
1
1
2
1
8
1
2
1
2
1
1
3
1
46
31
1
2
1
4
1
2
9
1
3
1
1
2
1
1
1
1
1
3
1
10
1
1
1
2
1
1
1
121
1
2
10
6
1
1
1
2
3
1
1
4
2
2
1
1
1
1
26
34
1
1
1
1
1
1
4
1
3
4
2
26
4
2
1
2
1
1
1
1
1
16
2
2
4
1
35
2
1
5
1
2
7
53
2
2
2
2
2
1
1
2
35
1
131
103
1
1
1
3
1
1
1
3
1
1
2
1
12
1
1
1
1
4
37
195
4
38
5
1
1
1
1
1
1
2
5
1
1
2
1
1
1
1
1
1
1
53
1
1
1
1
1
1
2
1
2
1
1
1
1
2
1
1
3
1
11
1
1
1
1
3
38
1
3
2
1
1
1
6
3
2
3
1
2
5
1
4
1
5
1
1
3
1
6
2
1
1
1
1
4
1
1
2
1
2
4
2
1
5
1
1
1
2
1
3
1
3
2
1
1
1
1
4
1
1
1
2
1
2
2
1
1
1
1
1
1
3
1
1
2
2
1
1
1
3
1
2
3
2
134
1
1
1
1
2
1
1
1
1
3
3
1
1
1
1
1
1
1
2
1
2
1
1
1
4
38
1
1
2
1
1
1
2
2
1
1
2
5
1
1
1
1
1
1
2
2
4
3
1
2
2
1
5
1
1
1
2
4
2
1
1
2
2
14
2
1
1
1
1
1
2
4
1
1
1
2
1
1
1
1
1
2
3
1
1
1
2
1
1
2
3
1
1
6
1
1
3
2
2
2
2
2
1
2
2
1
4
1
1
1
1
1
79
2
1
6
3
2
3
1
1
2
1
3
1
1
37
3
7
2
2
1
1
1
317
1
2
1
1
1
2
1
2
2
4
4
1
1
4
5
1
1
1
1
1
200
3
1
1
1
1
2
1
10
2
1
1
1
1
1
1
1
1
1
2
1
1
3
128
1
36
1
3
2
1
38
1
2
7
1
3
1
2
4
1
2
97
2
1
10
1
1
1
7
5
1
1
1
3
1
1
1
2
1
1
4
1
1
3
2
2
1
4
8
5
4
2
1
2
1
2
1
1
1
1
1
1
1
1
3
3
1
1
1
1
4
1
2
1
4
2
2
2
1
1
3
1
7
1
2
2
1
84
1
23
1
1
1
1
1
3
1
1
1
1
1
1
1
2
2
1
2
5
2
1
5
1
1
1
1
1
2
1
36
1
6
12
1
46
1
1
1
2
1
1
9
1
7
1
5
2
4
1
2
1
1
5
1
1
3
1
1
1
1
1
2
1
1
25
9
2
1
1
2
3
1
1
1
1
3
1
1
4
3
1
3
1
1
1
1
3
3
8
2
2
2
1
1
2
5
1
5
1
1
5
1
1
1
1
4
2
2
45
1
2
5
2
2
1
3
1
11
1
6
1
2
1
1
110
1
4
1
2
2
62
4
1
1
178
1
1
1
2
2
1
2
1
3
1
18
1
1
3
1
1
3
7
2
1
1
2
1
1
2
1
2
1
1
2
1
1
1
1
1
1
1
1
1
1
1
1
2
2
2
1
1
2
1
1
34
2
1
1
2
2
1
4
119
2
1
2
1
1
1
1
1
1
1
5
2
1
4
2
2
1
1
2
1
2
2
2
6
1
1
4
2
4
2
1
2
3
20
6
1
3
2
6
1
2
2
1
1
1
1
1
1
1
4
1
1
4
1
1
1
1
1
1
1
4
3
1
1
2
1
2
6
1
254
7
7
1
3
3
2
1
10
1
1
1
2
3
1
1
2
1
2
1
2
2
1
2
1
7
2
1
1
2
2
1
1
1
2
12
6
1
4
3
1
3
1
1
2
1
2
2
1
2
1
1
2
1
15
2
1
2
2
3
2
1
1
2
1
1
1
1
1
2
1
3
1
1
1
1
2
3
1
1
1
1
2
3
7
1
2
1
1
1
1
3
1
1
3
3
1
3
1
1
3
1
3
1
4
3
3
11
2
5
1
3
8
3
2
1
1
1
2
1
3
6
7
2
2
1
7
1
4
1
5
1
2
1
1
6
1
1
2
1
1
2
2
1
7
1
1
1
2
1
3
2
4
1
4
1
1
276
1
1
3
174
2
1
3
1
1
11
1
1
2
2
9
1
1
4
1
3
1
3
7
1
2
4
3
2
1
1
1
6
3
6
1
2
1
1
12
1
2
1
1
10
4
1
1
3
1
1
3
4
2
1
1
5
1
2
1
1
1
1
2
2
8
1
5
2
29
2
1
1
1
3
1
1
2
1
1
2
2
2
1
1
5
9
8
6
1
2
1
2
1
9
2
32
3
2
6
65
1
1
1
3
2
3
2
1
2
1
6
3
2
2
2
3
2
4
1
2
1
2
1
1
2
1
1
1
1
1
1
10
2
2
3
3
5
1
6
1
2
1
1
7
1
5
2
1
6
1
3
1
3
1
4
2
5
55
1
1
4
178
1
1
2
1
1
5
8
1
1
34
6
3
4
1
114
5
1
1
3
5
8
2
1
1
1
4
1
3
2
6
3
3
1
1
1
1
9
1
1
2
1
2
5
4
1
2
9
3
1
3
5
2
1
1
2
1
1
14
1
1
3
1
4
5
1
2
2
2
98
1
168
2
2
1
2
1
3
7
1
3
1
4
4
3
1
1
6
2
1
1
2
1
1
2
6
1
2
3
4
2
2
7
112
3
1
4
1
1
2
2
5
1
1
4
6
2
2
210
6
2
1
2
11
1
3
1
1
6
1
1
1
5
1
2
57
1
1
3
1
6
1
1
2
3
3
9
5
63
2
2
1
5
1
5
2
131
2
6
2
2
1
1
2
5
16
1
2
11
2
2
1
1
1
2
3
3
196
4
1
1
4
1
8
12
5
2
1
1
13
10
63
1
2
1
1
1
4
2
12
1
2
4
2
7
1
2
1
1
2
1
1
1
2
1
2
1
6
10
3
1
228
3
1
6
1
2
1
3
7
3
13
4
2
3
5
1
3
1
2
4
1
1
1
1
4
1
4
1
10
1
1
2
9
2
3
363
1
11
1
3
9
2
1
18
5
2
1
1
2
2
1
4
5
1
1
1
1
3
2
1
1
1
1
2
5
2
6
2
8
3
1
2
1
1
8
1
1
4
3
1
4
15
1
6
2
1
3
7
1
8
1
4
2
4
1
1
1
1
2
3
6
2
3
1
1
2
1
2
13
1
3
1
11
37
66
1
1
3
1
1
1
3
1
1
1
5
2
1
1
5
4
6
2
3
6
47
4
1
1
4
1
4
3
12
1
1
2
1
3
2
16
1
1
1
2
1
1
1
4
1
2
2
1
4
2
1
5
1
2
2
1
1
3
6
1
1
1
8
1
9
9
1
1
7
9
1
1
1
58
1
1
2
1
7
11
9
2
5
1
2
1
2
1
5
54
4
2
8
3
8
2
2
1
2
3
1
1
1
4
1
3
4
1
6
58
3
1
6
1
2
1
1
7
3
6
5
3
6
5
2
4
7
1
1
5
1
1
1
1
1
18
11
2
1
1
1
1
1
2
1
2
1
3
1
2
2
1
2
3
9
1
1
7
1
1
99
1
5
1
4
1
33
2
19
5
1
2
1
5
1
1
1
4
1
1
1
2
1
1
1
1
1
187
2
1
2
2
1
2
1
1
3
1
2
1
1
3
1
2
2
3
3
2
16
1
10
1
10
1
2
1
1
6
1
1
3
1
2
100
1
1
4
1
1
1
1
2
1
1
1
1
2
3
1
1
1
7
1
1
1
2
1
1
1
2
2
4
3
2
2
1
8
1
1
129
7
5
1
2
1
1
1
1
3
1
1
23
4
14
1
3
2
9
3
9
1
27
1
2
1
2
13
1
1
4
3
1
1
22
6
2
2
1
1
1
2
12
1
59
1
1
1
7
2
2
2
1
4
1
3
5
1
9
3
1
2
3
2
11
3
2
6
1
14
4
53
16
2
1
1
2
1
1
1
16
1
1
1
1
17
1
4
2
1
1
3
3
1
31
6
2
1
4
1
2
2
2
200
7
2
1
1
5
1
2
2
70
62
1
5
15
1
7
1
1
2
1
2
3
2
1
2
2
2
12
2
6
2
318
5
1
2
5
5
2
1
6
2
2
1
5
2
1
5
9
2
1
6
93
8
38
2
69
1
2
2
4
1
1
1
9
2
4
1
2
2
3
4
1
4
15
3
1
1
2
2
4
2
1
1
2
1
4
3
1
1
1
2
4
3
2
1
3
1
1
5
14
11
2
5
1
1
9
4
2
1
1
8
1
2
1
3
7
3
2
34
2
1
3
2
7
4
2
8
1
3
1
2
2
228
4
6
10
2
1
9
105
5
4
1
2
6
1
1
1
1
3
8
1
5
1
7
3
2
1
4
4
7
10
5
1
8
1
5
2
17
3
4
2
7
1
2
3
2
3
4
2
1
5
1
3
1
1
4
3
2
3
6
2
23
1
2
1
81
9
1
32
1
2
1
1
4
1
2
6
2
4
3
17
11
1
10
1
4
13
11
1
3
7
2
4
2
2
1
1
2
1
1
2
3
1
2
4
16
3
3
2
5
1
19
12
1
1
9
4
1
1
5
3
2
1
2
1
2
1
1
2
7
4
2
1
1
3
1
1
5
1
2
1
1
2
6
3
8
2
2
2
3
1
1
2
1
2
1
3
5
7
1
3
3
7
2
1
1
1
1
9
44
1
1
26
1
1
1
4
1
177
1
3
1
1
7
5
5
2
11
3
1
2
3
1
16
1
5
5
11
1
3
2
1
1
7
1
29
2
1
1
8
8
4
32
1
1
2
1
7
1
7
1
1
1
4
4
3
1
5
4
14
1
3
2
3
1
5
19
4
1
1
4
1
7
1
1
1
229
2
2
1
1
184
1
4
1
3
1
3
6
1
1
4
3
3
4
8
1
1
12
1
1
1
2
1
1
19
1
8
5
4
1
1
1
5
1
1
1
1
3
2
11
13
2
9
8
199
3
2
5
1
10
1
9
2
2
2
2
5
2
1
1
1
2
2
3
1
1
1
1
3
1
1
2
1
1
3
1
316
1
4
16
5
3
1
1
2
1
1
2
2
1
1
5
20
17
1
3
1
2
1
1
2
6
1
14
2
3
79
13
7
1
2
1
2
1
4
2
6
2
1
3
2
1
10
1
4
3
1
1
15
4
11
1
1
1
10
3
1
3
1
1
20
11
3
2
6
7
3
1
1
3
4
2
1
1
1
1
1
3
3
1
1
1
4
1
1
3
2
7
6
7
1
5
1
37
1
1
7
4
2
1
5
2
4
2
9
1
2
1
1
1
6
1
2
1
6
1
1
1
1
3
3
6
3
2
5
5
1
8
4
1
4
1
2
47
7
1
8
2
1
2
22
1
3
4
2
3
1
26
5
6
9
1
1
2
3
2
3
1
15
1
1
2
5
104
3
7
2
333
1
2
3
1
10
1
1
2
3
1
8
3
1
2
3
12
6
1
1
4
1
8
1
1
3
1
3
1
1
78
2
1
2
3
2
1
1
4
1
3
5
1
7
1
2
2
4
2
1
1
7
3
2
11
10
1
1
1
5
2
2
2
2
9
57
1
1
9
6
3
1
3
1
3
2
3
2
1
7
1
3
2
1
55
3
7
1
1
1
1
4
1
5
8
1
1
2
1
6
3
3
1
9
2
5
1
7
1
1
1
4
12
1
2
4
2
5
14
6
1
1
8
1
15
5
3
5
6
3
5
1
2
22
12
2
4
2
1
7
5
2
2
1
2
1
1
2
4
3
1
6
1
2
10
4
13
3
2
1
2
1
2
1
20
1
3
6
2
8
3
4
10
7
1
1
5
1
1
1
4
1
13
1
9
1
1
2
1
2
2
1
22
1
1
1
14
1
4
2
1
1
10
6
2
9
1
1
2
3
1
6
3
8
1
1
3
1
1
4
9
4
8
1
8
3
2
3
1
1
1
1
1
1
1
5
1
1
2
1
4
6
1
9
1
1
5
17
3
1
2
1
5
1
1
16
13
2
2
1
1
7
1
1
4
20
1
2
21
4
12
5
3
2
1
1
1
1
1
4
50
16
1
9
1
4
1
2
6
16
2
1
1
5
1
1
1
1
1
168
3
1
2
1
1
2
2
1
2
5
82
1
7
1
8
6
5
1
1
9
2
2
1
9
2
45
3
2
1
5
1
1
1
18
1
4
1
3
2
6
5
1
3
2
4
2
1
1
2
3
4
5
2
2
16
5
8
3
1
8
5
14
3
7
1
3
1
7
4
1
1
1
1
1
1
1
6
2
1
1
1
4
1
1
10
1
2
2
2
1
2
93
14
2
1
1
2
1
1
4
4
5
2
6
3
1
22
4
1
4
2
2
7
8
1
10
5
2
2
9
3
1
3
1
1
3
14
2
22
7
3
1
4
5
2
2
3
1
16
1
5
9
4
1
7
1
5
1
3
2
7
1
17
18
1
48
1
1
1
4
22
2
1
7
23
2
6
3
1
13
2
6
4
1
2
1
4
5
3
5
14
8
3
1
1
3
4
4
6
9
2
4
2
8
5
3
6
3
99
2
1
2
1
1
2
1
1
3
13
2
5
2
16
6
1
5
1
1
1
11
1
14
10
2
7
1
6
1
3
138
1
1
2
1
3
3
1
4
6
5
1
1
1
2
1
340
11
1
4
6
2
33
333
4
6
6
1
2
1
3
9
2
3
2
1
3
1
2
20
1
5
129
6
1
2
1
12
20
16
1
2
4
1
1
2
3
5
5
2
1
4
7
1
23
8
1
7
3
2
1
16
1
4
4
25
6
1
3
8
15
4
10
5
29
1
1
2
4
305
19
1
59
21
4
1
4
2
5
1
2
1
2
2
8
2
1
2
1
1
2
3
1
2
1
5
13
1
1
2
93
9
7
13
8
2
2
2
2
19
7
1
6
10
2
1
2
8
4
7
11
2
8
1
1
5
3
5
1
8
11
1
1
3
4
2
3
27
2
1
17
1
1
5
2
1
2
5
18
8
14
20
1
10
9
4
10
2
1
3
4
46
1
1
8
2
2
1
34
5
27
5
1
9
8
4
16
2
1
15
8
2
10
2
4
2
41
1
6
9
3
25
4
18
11
1
445
2
3
1
51
7
2
1
1
6
20
92
51
3
2
6
28
2
8
10
5
8
3
4
2
17
1
2
6
1
19
7
10
4
1
16
1
6
1
26
1
1
1
2
1
2
137
1
1
6
3
1
2
1
3
5
4
1
7
1
9
4
19
2
10
1
1
3
22
3
15
17
6
2
6
181
21
4
15
17
2
14
1
12
1
2
1
1
24
12
1
5
1
2
1
8
4
2
23
1
11
1
1
5
14
1
1
5
3
14
1
1
1
2
3
8
1
4
6
5
1
27
8
14
3
2
16
3
1
1
3
1
1
8
1
1
3
1
1
4
2
10
1
3
1
2
4
5
2
33
1
2
15
1
70
1
2
2
63
257
1
6
13
3
1
3
4
14
3
32
17
8
11
3
1
1
55
23
2
3
2
2
1
14
2
2
6
4
4
1
8
5
2
2
8
3
7
30
4
27
3
20
1
1
2
4
9
1
4
5
17
9
1
8
3
1
4
9
3
6
1
19
50
1
16
44
1
1
8
11
5
3
2
8
4
5
1
4
2
20
20
23
2
13
12
2
1
1
1
4
1
4
6
4
1
6
12
2
2
12
23
27
22
2
1
12
2
3
2
2
3
13
1
8
1
4
2
1
7
5
1
6
3
1
1
66
2
5
37
3
5
41
2
6
1
1
4
4
59
3
22
15
1
2
1
1
26
21
12
10
2
1
4
3
5
5
11
9
1
1
1
1
4
4
9
38
2
1
1
2
1
6
220
1
4
3
166
20
1
1
8
1
3
1
1
138
4
1
2
6
18
3
195
6
1
4
4
1
25
1
11
6
18
11
4
1
2
20
7
3
12
1
56
2
1
2
1
1
15
1
1
23
2
2
26
7
1
1
1
6
1
49
1
2
28
6
48
9
2
26
1
1
7
7
1
10
3
1
2
1
1
32
1
1
5
2
2
5
5
1
2
252
1
17
3
17
1
28
13
4
2
2
5
1
3
1
2
2
3
1
12
1
29
2
28
1
37
1
3
16
11
1
5
79
3
2
6
8
2
4
1
2
8
3
2
4
16
1
2
24
9
1
2
2
5
62
3
2
28
2
4
21
1
3
1
9
16
4
2
1
21
3
4
5
3
6
2
5
99
1
1
31
1
27
47
9
3
2
4
2
1
3
3
2
2
3
6
4
14
43
1
4
1
1
1
4
2
15
22
1
2
5
2
2
1
57
1
3
1
10
5
2
4
4
1
6
56
2
5
1
42
2
11
5
2
2
1
5
3
6
1
2
1
1
35
4
1
2
4
28
4
3
3
1
7
3
2
1
2
7
2
5
2
9
1
4
2
21
3
1
1
2
24
5
23
58
4
28
1
1
175
11
1
2
1
2
4
1
6
1
2
1
7
10
6
1
9
1
3
3
1
68
5
12
19
1
5
1
2
5
6
1
5
1
2
3
2
25
1
5
1
1
2
3
12
1
1
1
7
3
4
13
178
4
4
1
1
4
1
1
7
1
2
35
43
16
19
2
1
1
3
1
25
1
7
1
2
1
2
15
10
1
1
17
2
1
11
1
3
2
1
5
8
34
1
1
2
1
1
20
56
1
30
1
5
24
6
8
6
17
3
5
20
7
1
8
19
5
29
1
3
4
9
5
1
35
2
24
1
16
24
2
1
2
1
29
3
124
1
1
2
4
2
5
1
1
5
146
4
10
1
33
30
5
1
1
11
7
7
2
8
2
1
6
2
5
1
6
9
273
5
2
6
2
4
1
2
20
4
7
1
13
148
3
2
13
9
3
147
1
1
2
1
2
4
3
8
1
5
202
2
1
8
18
11
4
4
1
11
8
23
10
1
13
3
7
1
102
2
2
1
1
5
3
1
6
2
12
1
38
2
5
8
29
10
10
25
6
1
36
3
2
3
1
31
12
23
1
5
4
1
2
6
35
6
18
1
1
8
10
3
1
2
8
2
1
5
21
7
4
9
1
16
1
1
1
6
1
2
5
3
1
18
35
50
53
1
3
5
3
1
5
3
1
33
1
3
3
12
4
1
2
25
2
2
10
8
2
1
1
7
2
6
3
1
4
3
1
5
1
24
27
2
1
1
6
19
1
1
1
5
27
2
17
2
6
63
3
4
199
42
3
19
4
10
1
1
8
6
3
1
1
11
1
1
2
1
1
1
5
1
1
1
19
6
2
4
23
1
9
1
3
1
5
6
10
3
2
8
7
29
13
49
6
12
21
1
23
2
2
26
5
1
7
16
5
3
5
6
1
5
2
6
2
8
1
11
1
11
1
11
166
2
7
2
1
27
39
26
5
10
1
13
4
6
3
15
49
1
2
1
1
41
2
19
21
3
9
18
124
20
8
11
1
1
1
5
39
1
9
1
1
2
2
1
1
31
14
1
1
1
2
1
1
1
1
6
4
1
8
43
6
17
18
2
1
2
1
25
3
4
52
14
7
1
3
2
16
1
3
5
6
2
7
1
1
26
1
14
1
7
2
1
2
1
194
31
3
3
1
9
5
11
7
8
46
1
1
2
38
6
5
1
2
4
2
5
33
2
1
5
19
1
20
2
1
6
25
17
37
2
3
6
8
32
1
7
5
2
41
1
1
11
1
4
34
25
23
1
1
8
7
41
3
5
17
6
30
23
23
3
2
154
31
3
1
4
2
1
1
4
1
3
2
1
11
9
1
1
1
1
2
12
47
1
1
26
15
1
1
40
5
22
31
2
7
1
1
8
16
9
18
1
7
1
68
1
2
1
27
13
28
3
1
1
1
1
25
1
1
14
4
9
30
3
19
1
1
8
6
4
115
29
2
1
2
1
14
4
4
6
1
14
13
20
12
11
6
2
62
1
1
6
9
32
8
14
2
1
17
5
4
2
14
1
2
1
1
36
2
1
5
14
5
1
10
6
11
1
2
5
21
2
3
3
9
11
4
1
18
9
2
12
11
11
68
1
6
4
5
1
2
11
54
5
8
2
1
1
5
1
41
1
1
1
1
2
3
15
1
22
21
14
5
19
1
14
19
8
21
13
4
1
2
1
12
1
1
13
11
5
3
1
26
4
1
1
1
1
21
24
25
10
1
5
7
322
2
10
2
11
9
10
6
3
2
1
11
1
2
5
1
16
1
1
24
5
3
3
30
34
148
8
2
1
3
11
13
8
17
12
1
2
4
5
18
6
3
14
47
27
32
3
1
33
13
5
4
10
74
19
1
5
3
1
3
4
49
3
2
16
15
311
11
1
6
9
2
14
3
2
1
52
1
20
11
15
2
6
20
7
6
1
36
1
25
1
12
5
14
2
5
2
1
1
38
29
1
287
11
3
1
5
71
1
11
13
86
3
76
2
3
1
6
12
1
29
1
187
6
5
1
1
2
4
2
12
5
3
5
16
2
4
1
2
28
12
1
3
1
5
2
2
7
7
22
1
8
7
1
3
12
3
1
2
21
5
1
37
1
1
4
10
1
2
4
7
8
1
6
1
6
1
1
1
3
2
3
88
16
8
10
15
10
2
1
8
28
47
49
24
1
5
22
1
11
23
3
3
44
4
10
18
3
32
3
1
80
3
1
4
12
1
5
17
6
35
18
9
37
2
1
17
3
15
3
3
4
3
1
6
18
2
10
3
1
1
26
1
5
6
205
6
39
2
7
64
13
4
3
21
5
3
14
2
25
34
2
1
1
182
16
7
15
14
1
5
1
5
11
10
3
18
6
75
16
2
1
50
7
2
12
74
2
257
3
3
1
1
3
1
1
184
58
8
11
1
115
49
31
22
3
1
11
5
7
14
8
6
1
3
2
13
6
34
16
8
5
18
4
4
1
7
8
8
17
3
7
11
5
3
17
1
2
3
5
31
22
2
14
62
2
18
32
2
8
8
8
7
19
3
98
12
28
1
1
44
23
1
3
33
2
13
32
5
2
14
2
6
144
12
18
1
6
4
1
5
10
62
1
2
11
89
24
1
1
23
4
1
2
1
31
1
6
2
17
3
12
41
22
14
72
3
1
1
1
16
15
4
72
34
42
59
3
38
5
4
1
2
1
7
3
6
1
2
15
33
60
4
9
10
24
2
3
3
11
1
3
16
2
2
11
8
6
14
28
7
13
12
12
1
3
37
23
6
18
12
1
3
36
15
1
1
8
1
2
3
1
9
2
42
33
10
10
49
4
13
2
8
13
5
4
37
9
1
74
1
68
7
1
35
13
17
10
35
1
58
5
1
5
23
2
8
2
3
3
3
1
18
17
38
5
7
2
3
3
8
6
30
2
1
3
10
7
10
3
55
2
4
34
1
7
34
1
3
46
1
7
1
21
1
1
94
11
48
6
6
1
1
7
6
32
22
13
1
1
8
2
3
3
5
8
53
3
11
14
16
3
16
11
18
68
1
2
6
82
7
9
25
93
12
58
1
1
1
2
5
26
33
3
28
1
24
29
4
17
3
5
10
14
12
17
21
9
61
3
26
5
1
5
14
11
11
2
9
48
79
14
1
99
2
9
6
59
49
2
8
14
23
1
1
3
12
57
2
2
38
8
25
13
55
1
1
93
14
2
2
14
12
2
6
16
3
36
169
2
38
42
75
10
87
58
4
7
36
20
1
20
2
14
38
9
33
8
2
1
1
1
22
82
1
29
3
5
60
6
2
2
1
2
15
154
17
62
4
2
16
7
1
4
5
68
91
15
4
5
11
2
7
12
13
10
44
4
1
3
4
1
7
1
83
63
8
4
1
11
8
23
13
1
5
5
8
1
17
48
19
3
14
37
49
4
3
2
1
13
8
12
5
24
1
4
2
1
1
4
41
7
4
36
16
10
402
14
35
1
12
1
236
3
21
6
9
4
76
3
16
1
3
8
15
1
7
11
6
12
30
18
7
3
2
3
1
3
17
2
12
29
4
1
9
8
1
6
31
1
5
1
1
9
30
8
11
10
4
3
19
3
11
18
61
200
1
2
4
1
4
1
33
20
6
220
5
1
7
1
16
25
1
9
29
84
6
12
63
1
2
3
4
1
128
5
3
1
9
4
14
7
31
8
11
50
1
8
3
5
2
25
15
9
45
3
15
5
28
30
2
19
31
68
82
3
26
9
1
4
5
3
2
1
42
16
16
4
8
13
2
29
2
7
2
1
1
2
46
2
7
1
3
13
119
10
1
2
2
155
3
4
20
6
7
34
1
1
3
63
18
28
43
1
3
1
17
36
6
33
1
13
3
3
8
13
172
19
1
111
6
11
71
18
2
1
7
22
19
22
221
28
8
1
76
1
17
2
109
6
2
7
28
4
79
200
47
40
7
19
24
48
1
4
17
14
5
86
3
29
6
81
1
3
2
5
2
3
134
5
58
1
124
10
11
320
31
25
25
20
6
40
63
11
3
16
20
8
10
10
3
26
4
6
3
68
2
26
2
5
31
4
3
3
3
18
16
6
3
2
2
13
68
16
9
2
68
22
92
4
19
8
18
8
2
2
18
15
1
15
2
1
16
2
23
73
5
4
1
15
3
21
9
60
6
13
5
63
3
3
17
13
26
5
10
32
305
5
7
152
3
3
38
1
8
1
1
3
1
9
17
7
3
143
88
25
50
45
39
42
8
7
1
4
29
5
38
1
2
5
3
60
1
16
1
1
1
9
34
26
4
14
29
6
31
129
3
5
36
29
2
43
5
2
5
34
54
117
3
4
2
1
8
3
3
98
3
5
6
341
241
9
2
65
3
1
8
43
74
13
22
7
5
2
16
18
6
18
16
18
2
3
3
39
3
3
37
37
1
59
8
60
10
12
27
42
9
2
42
35
11
3
25
3
5
6
2
87
11
1
5
3
93
32
5
23
6
30
1
4
38
7
50
28
8
16
5
10
6
36
18
4
49
35
22
2
30
89
22
19
5
13
28
1
39
3
1
2
3
101
81
269
3
15
4
7
9
58
81
23
3
4
3
4
271
12
10
13
14
106
48
15
10
16
1
34
3
35
4
3
5
3
14
28
15
53
37
19
11
8
14
8
8
9
1
119
1
28
2
30
8
7
16
2
24
9
56
13
13
1
3
13
3
3
47
9
9
86
39
8
70
45
2
20
73
20
7
9
6
7
89
7
56
30
3
9
8
51
4
1
53
59
7
1
16
3
79
32
18
13
54
34
119
5
29
8
7
18
17
126
12
6
3
2
5
3
46
36
1
34
13
1
2
17
10
2
13
133
4
3
6
14
1
67
8
55
56
9
25
1
10
7
195
35
5
19
17
22
21
19
2
16
7
13
22
79
15
8
18
3
14
2
17
191
1
5
6
1
82
1
9
40
29
73
13
12
41
1
11
11
3
106
4
127
14
56
45
5
1
25
14
69
5
89
12
2
34
7
7
74
87
4
14
105
7
20
77
4
1
20
63
57
11
9
15
29
8
5
21
4
4
4
90
17
8
5
121
9
11
17
8
1
8
5
11
27
9
3
1
27
8
13
9
1
4
6
11
14
2
32
40
73
4
12
19
10
5
7
6
20
3
11
71
1
47
4
20
162
25
9
4
65
1
1
10
4
1
14
46
1
9
86
5
158
20
3
23
34
4
2
30
64
287
47
1
38
2
30
61
12
4
12
266
20
335
14
9
60
4
10
41
38
10
4
3
213
1
65
11
27
8
8
19
18
22
8
1
1
3
4
38
18
8
27
3
6
20
94
21
4
93
21
16
46
40
40
50
20
2
200
13
40
3
23
63
89
3
61
16
4
24
30
46
2
33
9
85
26
126
1
53
10
4
127
30
3
49
1
2
35
25
8
300
32
4
1
2
8
11
10
8
1
17
15
2
3
59
4
8
79
20
14
3
35
86
58
17
3
2
50
57
3
83
2
4
48
1
1
3
5
3
2
15
7
21
25
37
3
6
4
4
19
205
22
6
3
16
79
2
2
6
13
24
85
26
8
13
32
70
2
8
19
29
5
64
5
9
1
12
4
13
3
6
3
1
8
96
11
2
120
9
5
14
16
11
6
149
2
5
146
1
15
6
4
15
2
5
13
12
5
32
214
203
34
32
3
88
4
3
3
8
2
17
5
10
86
20
6
28
20
35
1
27
141
1
31
14
34
5
21
25
3
209
152
24
39
7
90
9
48
105
7
23
4
60
7
155
58
3
28
6
9
42
8
18
24
1
31
4
166
23
149
2
3
2
15
129
8
20
21
33
11
33
283
1
102
115
7
24
23
51
1
23
12
91
1
4
17
34
282
1
30
3
4
1
1
11
89
179
51
12
133
5
92
20
38
9
1
2
21
52
33
2
18
12
9
20
2
25
19
11
9
51
84
52
324
81
19
7
6
195
62
68
39
14
22
47
221
9
341
1
67
7
4
64
86
12
139
49
35
7
16
176
158
43
21
40
119
41
98
115
2
16
6
72
22
16
11
54
175
100
8
15
163
1
38
2
5
25
1
37
29
14
59
34
12
4
18
3
168
29
63
12
185
48
3
62
1
1
25
8
82
1
22
1
1
1
7
19
1
38
35
57
205
75
72
2
1
235
1
10
24
2
104
87
133
46
5
22
119
9
6
56
41
3
57
1
40
2
58
18
29
21
44
46
12
133
1
40
362
