4
86
15
1
2
1
2
52
45
2
5
13
180
42
246
4
1
23
12
57
6
74
14
48
3
16
2
9
19
2
15
21
1
8
9
2
34
2
5
4
5
8
12
5
33
4
2
54
17
112
2
9
20
1
2
3
156
9
55
8
4
2
186
25
13
76
2
5
26
15
5
5
8
47
1
12
58
26
20
269
2
14
33
2
35
4
13
4
47
4
21
4
3
1
10
21
1
1
7
15
1
1
13
2
1
6
16
3
2
2
11
7
29
36
2
17
4
1
3
2
1
87
5
106
3
6
11
85
33
1
11
67
6
9
10
21
2
1
2
2
7
7
3
1
27
4
2
2
88
35
1
7
101
11
2
4
4
3
7
44
1
9
3
2
3
96
2
24
6
115
42
1
2
74
5
74
22
5
2
30
17
17
53
3
102
48
3
21
497
3
3
55
3
14
41
1
7
24
1
4
2
3
12
3
8
1
108
1
1
3
34
51
33
25
3
59
20
1
1
172
9
1
32
2
2
4
69
1
15
4
4
80
6
25
41
44
22
4
1
2
4
3
3
10
8
12
1
32
2
64
6
41
2
53
147
19
1
58
201
34
7
2
1
24
46
3
53
69
13
9
99
6
28
2
13
7
1
1
35
12
46
3
6
40
22
32
1
29
412
2
17
1
2
8
21
6
1
39
6
1
79
8
54
8
33
5
38
8
36
91
2
79
15
120
1
9
2
5
27
1
53
4
4
110
10
47
4
3
9
40
13
1
6
23
42
5
8
4
17
3
2
13
15
8
1
29
14
4
4
7
4
3
26
12
2
4
50
1
6
11
2
23
2
4
22
63
3
10
106
14
13
37
2
1
21
5
5
20
2
195
23
26
23
22
73
2
8
124
1
59
2
1
51
7
79
11
1
23
2
16
3
1
13
37
3
39
7
4
7
110
5
2
1
14
7
55
29
123
1
13
47
2
5
1
58
12
7
3
30
18
2
2
9
72
23
14
1
2
210
87
6
1
3
7
2
20
4
3
1
167
17
3
2
2
37
2
2
30
8
29
2
5
8
1
1
38
2
8
11
30
8
42
1
22
24
4
218
35
1
2
57
1
38
24
128
14
7
74
220
2
39
7
2
21
2
2
231
4
1
158
5
3
2
87
3
43
7
53
23
32
12
10
26
3
1
75
221
33
85
6
15
34
1
19
6
75
8
63
4
12
4
103
3
28
2
5
30
1
4
6
78
2
2
3
255
2
1
6
151
96
185
27
5
18
3
46
46
1
11
9
26
3
84
7
1
48
3
1
19
3
3
2
2
7
13
7
7
3
3
184
40
45
3
54
98
4
13
6
3
2
40
5
41
2
11
3
2
7
5
23
23
4
59
97
10
4
51
12
22
88
87
81
33
220
1
42
2
15
15
235
2
14
1
4
25
3
15
172
1
16
76
5
2
7
9
66
50
71
10
2
40
1
13
68
5
6
5
17
55
72
76
3
8
207
8
4
18
14
16
20
46
2
3
10
21
20
10
35
25
5
74
1
39
4
3
251
11
7
7
6
3
1
2
19
1
3
1
29
427
157
8
3
35
29
3
2
62
4
1
4
2
398
64
2
1
2
2
1
1
14
30
5
4
4
5
17
14
24
9
30
11
43
9
47
89
7
35
1
5
4
16
3
4
8
1
228
6
31
24
4
3
123
111
10
3
18
7
2
1
140
45
30
21
3
100
67
1
172
21
1
13
4
25
58
7
15
2
38
1
2
31
33
200
11
9
2
20
28
38
1
3
14
31
9
36
1
83
1
1
98
21
4
3
47
27
35
72
11
1
5
9
83
27
2
2
166
17
1
24
3
9
15
9
39
31
9
6
10
5
29
3
54
10
142
7
13
2
181
1
23
2
7
2
5
3
3
1
7
9
1
4
1
19
1
2
1
21
29
18
20
2
111
11
28
8
30
2
1
1
8
7
20
21
1
90
4
1
1
21
4
3
16
1
2
1
30
24
1
53
3
2
3
5
1
49
4
21
2
4
46
2
3
14
34
8
2
138
4
2
1
8
8
93
45
198
52
1
1
5
4
4
22
1
45
9
2
3
2
1
5
32
2
6
9
14
3
2
1
17
74
12
4
1
12
4
32
2
9
27
2
4
1
5
1
4
110
295
31
28
1
20
3
20
93
3
14
157
49
6
20
41
5
50
51
7
79
133
21
23
46
1
16
26
45
31
164
4
3
5
16
3
3
3
23
2
2
68
18
2
385
104
1
8
13
1
113
18
10
15
12
14
2
2
2
15
345
2
2
3
47
4
7
38
1
8
10
54
2
2
16
2
1
90
19
39
10
