2927
1393
781
1674
1824
4471
131
93
438
169
2892
941
626
36
104
3140
4086
31
705
230
4227
894
587
20
9
1206
272
3
147
2974
1079
123
264
394
1591
1835
35
2644
4588
1393
3492
72
88
58
604
2738
1142
2
615
566
73
337
3
2956
48
1
53
351
2392
3498
2152
82
3585
38
1
57
663
1
89
2654
1062
1156
219
480
31
2813
3808
2821
2776
70
190
2351
534
4071
1
4
33
289
328
4607
3653
791
117
907
2631
423
3
32
24
1029
215
2
1
514
120
2120
51
1269
1440
3588
3019
24
1224
580
143
9
2870
144
2212
35
3056
2241
40
1760
106
1756
2892
673
3959
338
2537
180
8
535
3062
3529
2825
3023
466
73
1225
3
465
4420
211
303
245
263
96
24
559
184
1443
4720
400
2082
2356
193
7
467
1
1511
1951
363
1805
38
5
3142
2874
1494
2918
4693
3
87
2857
4120
4696
4573
2844
262
839
3150
343
1971
3105
1512
184
65
187
1555
4
2150
2776
551
22
228
3064
4322
2
3503
257
18
213
3447
373
145
2944
1308
3598
2769
529
910
2190
376
2021
60
670
212
3395
31
4504
1142
15
77
1448
2343
45
1146
1971
1473
12
1468
48
1000
169
3957
1357
109
2818
3327
723
2738
862
4174
3763
3357
4
85
4117
1967
364
240
15
38
429
3479
1308
169
2269
1766
3
2
6
2146
3507
2374
4294
1073
37
3247
265
268
2882
1851
201
3739
4136
231
108
1995
79
1399
2591
3915
60
282
432
354
3633
3
364
3666
4484
2900
3028
19
363
4623
14
395
882
186
17
74
4173
1281
96
138
1
1511
86
2432
4445
109
208
1790
562
30
3379
255
2519
2982
83
1591
3234
2559
3997
204
3
64
1763
15
3197
114
1196
3123
3229
93
1953
2123
3437
6
2759
4635
711
637
292
9
13
950
146
831
1
1834
4289
14
4242
4594
1398
274
1372
1666
2533
186
105
920
20
2970
45
3851
650
4287
2097
1358
4
1
440
217
4675
2494
128
2904
440
404
33
540
3054
1348
3450
35
1214
939
2105
51
1201
108
2018
2358
2776
232
2475
852
1612
229
1518
4319
90
1402
1163
1561
30
2839
3025
24
6
5
35
5
748
908
1108
3326
759
17
4695
353
2698
531
1602
8
696
431
522
3403
578
8
2699
469
315
3339
2199
146
539
2
4317
801
4624
1045
268
125
286
103
223
748
2490
4539
3205
1971
2226
1732
261
2117
2940
597
1596
1935
20
4683
3
3291
2165
735
3
929
136
1
123
2395
1165
1
2706
2
2
130
2154
121
2345
774
132
2
3992
4140
1397
1846
1370
13
305
461
1521
2
859
3478
4542
3
2250
2
9
2006
199
537
1141
4689
4251
716
76
17
2335
3
4272
82
102
54
4
1
4742
3
3194
2391
2976
102
1051
2936
15
770
1446
291
1015
13
3202
6
553
158
876
1937
20
2319
333
292
38
7
40
27
2034
2484
4064
4340
953
1950
1146
34
21
179
1982
27
4191
2209
453
2222
2264
2672
317
4524
54
1756
19
2713
44
699
1738
3
54
3547
209
1903
540
4094
695
749
160
3348
2273
202
1577
437
3107
78
773
3583
1055
2177
340
68
2949
2453
4638
6
9
20
2137
3912
455
59
347
2258
2468
3
1123
29
407
3395
425
2
2872
4576
910
31
168
1421
437
913
4459
2873
63
2
1329
2971
1154
1832
730
2687
820
3981
1804
176
1446
1885
3173
143
353
422
1984
3887
48
2072
1635
1029
102
247
1638
107
919
265
201
139
83
59
1924
11
2736
103
3878
2015
206
2919
3049
53
17
405
1628
2676
137
4
1735
4123
60
2352
14
6
4383
4
2114
3230
8
3410
12
1418
1
1112
66
14
1
991
1518
2164
1765
2807
62
3737
3584
633
461
1100
185
2
111
3
3456
121
5
999
4337
38
3961
1391
3770
78
3966
3310
1526
2978
3504
41
2622
754
39
3587
1160
103
1908
1098
9
20
2
443
101
