1
4
1
1
1
1
1
1
2
1
1
2
300
10
49
5
1
11
107
671
3
216
2
105
5
1
1
59
15
51
1
5
106
1
1
3
43
29
9
3
237
3
6
3
65
1
1
5
5
1
18
1
1
1
1
2
1
320
97
43
1
166
2
1
2
1
1
1
13
5
1
2
1
5
560
1
5
1
1
1
1
1
1
82
1
1
2
1
2
1
3
1
2
27
1
2
6
12
150
11
6
1
7
27
1
1
1
7
3
1
15
1
2
42
1
1
2
1
54
14
4
1
14
5
2
1
2
2
4
19
1
1
1
40
1
1
4
221
2
4
1
8
1
446
2
1
51
515
77
6
3
448
12
9
2
2
1
7
1
2
1
3
7
128
10
2
1
4
2
22
655
4
112
194
1
11
66
4
94
2
2
1
1
2
3
1
2
1
1
1
2
2
1
4
17
3
1
25
1
1
9
1
4
1
18
18
769
1565
6
2
3
221
1
15
61
18
1
2
3
1
1
2
4
1
1
1
717
88
7
2
1
178
1
1
36
8
3
3
6
16
1
45
859
774
3
38
1
2
2
1
6
28
1
1
1
320
1
1
1
1
1
578
286
2
1
1
1
1
414
2
1
3
1
540
1
2
2
1
1
5
1
2
1
7
1
1
1
2
3
32
107
28
19
9
2
72
1
1
1
1
13
1
1
1
1
1
2
996
7
1
1
1
1
1
1
57
1
2
1
1
2
587
2
1
1
1
1
1
1
1
1
1944
1
1
1
1
73
1000
3345
1
1
3
1
1
1
1
1
1
1
1
1
1
1
1
1
1
1
1
1
3
1
1
1
1
1
1
2
7
1
13
168
1
1
1
2
1
1
1
1
4
3
1
1
2
1
2
1
3
1
12
1
1
1
2
6
1
17
4
11
3
1
1
2
24
25
1
1
5
1
264
25
3
1
2
3
3
1
1
3
1
4
1
1
24
4
2
1
62
1
2
1
1
247
6
2
1
4
1
1
44
1
1
8
4
1
6
1
13
6
1
1
1
1
1
2
3
1
288
1
1
15
1
1
1
1
1
1
2
1
10
1
2
7
5
1
4
1
2
5
1
2
1
1
1
3
3
7
40
1
1
1
4
1
1
1
1
1
1
1
1
22
1
3
1
1
2
1
1
2
1
4
2
1
17
6
22
3
91
37
4
1
8
4
3
1
1
1
1
2
3
1
1
1
1
4
4
3
2
1
3
2
2
1
2
5
1
51
2
14
2
1
207
2
1
1
2
3
1
3
1
2
11
6
2
4
1
1
7
4
2
1
1
3
1
1
1
1
1
4
1
3
1
3
1
1
1
6
1
1
30
1
1
1
1
1
1
1
1
1
1
1
1
1
1
1
1
3
1
2
1
1
1
1
2
1
1
1
47
14
1
1
1
1
4
1
1
1
3
5
2
2
1
1
3
1
36
1
23
1
3
9
2
1
2
1
15
6
11
43
1
2
1
6
9
1
1
11
142
84
5
3
1
1
21
1
180
1
7
1
1
2
5
1
58
1
1
1
488
1
2
1
1
66
2
24
2
7
19
16
1
1
2
2
593
38
1
1
1
1
2
83
10
1
490
100
9
1
837
1
3
1
1
2
1
2
4
1
1
1
6
1
17
1
1
1
1
2
1
1
1
4
22
1
1
1
1
1
2
44
91
1
1
2
3
1
8
22
1
98
2
1
46
434
395
11
70
13
2
105
206
6
21
13
477
11
53
8
7
460
93
45
4
14
2
2
16
8
12
1
175
1
31
2
3
2
355
1
1
1
641
7
2
2
1
1
7
6
1
26
2
5
1
1
1
2
1
1
3
1
10
45
3
1
1
4
119
1
2
3
2
1
85
1
4
1
3
1
2
1
2
1
1
1
1
1
3
1
1
3
2
959
345
1
92
1
1
1
1
1
1
1
2
129
3
1
5
1
1
372
1
1
1
1
1
1
13
1
26
1
308
1
1
3
89
812
17
1
2
61
1610
36
14
6
2
1
4
1
2
15
1
2
1
6
65
3
1
69
1
13
1
22
916
59
4
1
13
34
14
28
36
1
1
1
2
1
1
2
3
6
3
1
12
9
1
137
1
1
1
1
1
3
3
3
4
2
1
1
36
1
18
527
2
1
86
13
1
1
1
1
14
8
16
2
1
1
1
1
31
236
58
794
1
4
1
4
1
4
1
15
2346
7
2
1
13
1
2
1
1
1
3
1
1
1
1
3
2
1
2
3
3
50
1
67
1
1
1
1
14
1
1
2
1
1
162
1
1
1
109
1
24
297
2
1
58
1
1
254
109
1
1
1
1
245
1
2
1
1
142
1
1
1
1
1
3
1251
1
1
1
2
1
1
336
1
1
1
1
1
1
1
1
1
1
1
1
1
1
2
7
1
2
3
1
2
9
6
1
1
2
1
1
1
2
2
3
1
1
1
2
1
1
2
1
1
1
1
1
1
8
1
1
1
243
2
1
1
1
1
1
1
1
326
7
408
1
29
1
1
42
3
1
1
13
239
1
1
1
1
1
1
1
4
1
1
4
3
1
49
1
10
2
18
4
1
2
4
1
1
1
1
2
1
2
1
5
1
6
1
2
1
7
4
1
1
1
1
106
39
2
1
1
17
1
1
17
2
8
1
28
2
1
3
38
72
41
11
29
42
4
1
1
1
1
1
1
1
1
22
1
1
7
1
1
1
2
1
6
1
28
1
1
1
19
3
3
2
10
13
1
3
1
43
1
1
5
3
1
9
6
1
2
7
1
15
6
3
5
3
1
5
1
1
63
2
4
2
5
3
4
1
12
3
1
1
4
1
5
1
4
2
1
1
3
4
1
1
1
2501
2
1
3
21
1943
2
525
1
3
1
12
10
2
1
11
8
4
9
7
47
6
5
3
2
1
1
1
73
3
1
5
2
7
1
2
21
3
1
2
1
2
1
1
6
1
4
6
1
1
1
33
75
1
2
1
1
94
35
10
5
1
3
12
2
3
2
1
33
18
2
1
2
1
14
2
4
52
1
4
20
12
1
9
1
1
2
7
1
21
1
1
1
1
2
1
1
2
6
8
1
12
6
3
160
35
17
5
24
18
1
3
478
2
2639
557
4
9
1
421
788
2
1
1
5
1
15
143
5
51
2
4
171
45
1
1
1
5
1
1
1
1
30
1
1
351
1
1
2
5
1084
3
1
34
4
18
9
1
157
123
81
21
1
3
1
1
72
1
3
1
6
4
3
1
3
1
17
3
1
1
1
1
1
2
1
17
1
1
2
19
15
4
1
2
5
1
6
1
1
1
1
16
1
2
1
1
1
1
1
4
1
1
5
1
1
1
1
2
1
5
1
1
1
7
1
1
1
1
1
1
1
1
1
4
5
1
3
2
2
1
1
1
1
1
1
1
5
1
1
2
1
1
2
1
2
4
1
1
1
1
1
1
1
2
2
1
1
1
1
1
1
1
2
1
2
4
2
2
7
1
2
1
1
2
1
1
2
1
1
1
2
1
1
2
4
1
1
5
7
1
1
1
1
1
2
2
5
1
2
1
3
2
11
3
1
2
1
1
1
3
1
16
2
2
13
1
1
678
3
1
2
39
1
996
1
3
1
10
1
2
1
1
1
1
6
2
5
1
1
1
1
1
3
1
3
3
16
1
1
1
1
5
2
2
1
226
1
3
1
3
2
1
1
3
1
1
26
1
1
5
1
2
1
1
1
1
1
1
1
2
5
1
1
1
1
1
24
2
1
14
1
63
1
3
1
2
2
1
3
1
1
1
1
447
1
1
1
3
3
19
1
1
2
3
3
4
5
1
4
1
212
2
8
1
20
1
2
3
12
78
2
1
178
2
1
1
3
1
3
4
4
68
22
1
3
2
2
1
1
4
4
1
3
2
1
1
77
106
1
1
502
3
1
4
148
652
24
509
7
6
2349
197
1108
1
82
1
2
2
2
1
117
1
1
1
1
1
4
10
238
1
351
7
1
1
1
135
1
8
1
1
2
1
2
5
1
1
1
5
1
3
2
1
1
1
1
1
50
11
1
3
1467
269
4
1
1
46
52
1
1
1
3
87
1
1
1
31
4
2
1
20
1
388
720
3
1
1
3
557
1
1
2
268
1
1
1
1
1
1
2
1
1
1
1
2
3
1
1
1
1
1
2
1
1
3
1
2
1
3
1
1
1
1
1
2
1
1
1
1
3
1
7
1
1
89
12
18
2
483
3
1
8
3
1
1
2
1
1
1
1
1
3
1
21
23
498
1
1
1
1
1
1
1
2
1
4
3
2
1
1
1
1
4
1
2
2
114
3
2
1
31
1
2
7
3
2
1
1
684
37
1
1
1
1
5
1
2
1
1
1
1
1
1
1
3
1
19
1
1
1
1
1
1
1
1
1
1
5
2
1
5
1
2
1
2
3
1
2
1
3
1
4
1
3
1
1
2
2
1
24
2
1
1
2
10
1
1
1
5
2
1
1
8
1
2
5
1
4
1
1
1
3
2
1
2
2
1
2
1
9
1
3
1
1
2
2
1
3
1
1
1
18
2
2
1
2
1
1
3
1
2
1
2
2
2
2
2
1
6
1
2
1
3
1
2
20
26
47
1
35
245
1
33
8
1
18
1
4
2
5
6
2
1
72
4
1
1
1
2
1
2
1
1
2
6
1
1
1
1
1
1
1
2
1
2
4
2
4
2
1
1
2
46
1
1
8
4
3
21
1
1
1
3
1
3
7
4
2
12
4
1
2
48
2
1
2
2
14
1
1
1
1
2
2
1
2
1
1
1
1
2
1
1
5
12
1
1
16
2
30
2
1
1
1
9
1
1
1
2
1
1
2543
1
1
2
5
1
2
1
8
1
1
11
38
1
1
1
4
1
1
2
1
1
1
3
1
2
1
3
6
1
7
2
3
1
1
1
1
1
1
287
3
1
1
1
1
2
2
2
349
1
1
1
4
1
1
1
5
2
15
1
3
4
1
1
2
1
2
1
11
1
1
1
1
1
2
2
2
3
1
2
6
3
1
1
2
2
1
2
1
1
1
2
1
1
1
3
1434
2
6
1
1
1
4
1
9
4
1
1
12
3
1
1
1
4
1
1
3
1
1
1
1
1
7
2
2
7
4
2
1
2
4
1
6
1
1
3
2
1
1
8
2
3
2
1
1
3
1
1
2
1
2
1
1
2
1
2
2
2
1
1
1
1
1
46
3
1
1
1
2
1
58
5
22
7
1
100
1
2
3
2
1
1
2
1
2
1
1
2
1
1
53
3
1
1
6
1
1
486
1
2288
1
648
1
1
1
756
1
10
1
1
1
1
1
1
1
11
12
2
7
1
1
4
4
13
97
1
9
4
5
1
1
1
3
14
3
4
7
8
3
41
41
1
25
181
22
10
2
157
1
2
139
35
6
1
1
1
1
1
6
4
1
271
2
1
1
2
1
3
1
2
1
3
2
1
1
4
7
1
11
1
1
3
4
26
3
1
1
1
3
1
1
9
1
3
1
5
2
3
2
3
1
1
14
1
1
1
2
1
6
1
1
1
2
1
5
1
8
3
1
1
1
9
63
1
1
1
1
2
1
1
2
2
1
1
1
1
1
1
1
1
1
1
2
1
1
1
2
14
1
1
1
1
3
2
1
32
1
1
1
1
1
2
2
4
1
9
1
2
5
134
1
628
437
1
2
1
1
1
3
1
1
1
4
1
1
3
1
4
2
1
1
1
2
1
1
2
4
69
16
1
1
1
1
1
1
7
1
1
1
1
1
1
1
1
1
3
1
2
1
1
3
8
1
2
1
17
2
1
1
2
1
1
1
1
2
200
1
3
1
5
1
1
1
3
3
1
3
3
1
1
3
1
1
1
1
2
1
1
1
1
1048
1
2
1
1
2
1
20
1
5
1
1
1
21
1
1
1
2
1
343
1
1
1
1
3
1
1
2
1
1
1
3
2
1
1
1
99
708
1
8
2
2
3
2
1
1
1
439
1
1
1
2
28
1
1
6
3
1
3
1253
8
1
1
2
9
2
1
1
1
1
1
1
450
1
2
30
1
617
6
6
1
2
6
1
2
4
1
2
2
1
1
1
2
2
169
3
1
1
1
1
2
2
1
1
3
4
2
1
4
1
1
1
2
1
1
1
1
2
1
1
1
1
1
1
1
1
1
1
4
2
1
1
1
1
3
1
1
1
1
2
1
1
2
1
1
1
1
1
3
1
1
1
1
15
26
1
17
1
2
1
1
1
1
1
1
1
1
6
16
1
1
1
1
1
1
1
36
1
3
2
1
7
6
4
6
982
48
1
4
3
18
1
2
11
5
5
1
1
1
1
1
1
1
13
14
2
1
2
3
2
1
40
6
1
13
2
1
1
2
8
6
1
1
3
2
1
1
1
1
26
1
9
2
12
1
1
38
1
11
1
3
1
3
1
1
7
1
4
4
2
27
4
1
4
3
6
1
1
4
3
3
29
10
39
2
1
2
4
52
8
29
2
1
5
1
9
2
2
5
1
1
9
14
7
14
1
1
1
10
2
5
2
1
1
2
26
11
233
2
2
1
1
1
13
1
1
1
3
13
1
14
2
28
1
1
8
9
4
1
1
3
12
3
1
10
1
1
1
2
1
5
16
1
4
1
3
10
1
1
31
1
111
20
1
1
21
2
12
1
6
1
1
1
1
6
1
1
1
2
1
1
1
3
1
1
1
1
2
1
1
1
1
1
2
1
1
1
2
1
5
1
1
4
1
1
1
3
1
1
1
2
2
3
1
4
1
2
2
3
1
1
1
2
5
2
1
2
14
1
1
2
31
1
1
1
1
1
1
4
1
1
4
1
33
1
1
2
2
1
1
1
27
1
2
1
1
1
15
20
1
10
1
2
1
4
414
1
1
1
1
91
165
2
6
1
1
5
1
1
1
1
2
3
1
1
1
1
1
2
4
1
4
3
1
7
5
2
5
4
5
3
2
1
24
1
2
1
1
1
1
1
1
1
1
1
3
1
1
1
1
1
1
1
3
1
1
322
15
1
1
1
1
18
1
7
9
2
49
1
2
2
3
1
2
1
63
1
5
3
1
3
1
1
1
1
11
1
2
1
1
1
1
1
4
5
2
1
1
4
1
1
4
1
3
17
2
1
3
4
1
1
1
3
2
2
2
9
1
1
16
7
3
2
1
1
1
1
1
4
1
1
2
3
1
1
2
1
1
1
1
1
1
1
1
1
2
1
1
1
1
2
1
1
3
1
1
1
2
1
1
1
1
1
1
1
1
1
1
152
116
1
3
7
27
5
178
2
6
3
27
4
1
1
1
110
169
13
1
166
45
1
65
3
150
1
6
4
11
1
1
1
554
2
19
1
151
1
2
1
588
1
3
2
1
1
1
1
1
1
1
1
1
1
1
1
3
1
4
1
1
1
7
4
1
1
1
1
2
1
2
1
3
1
1
3
4
1
5
8
1
5
2
31
15
1
7
1
1
2
17
1
17
293
24
4
4
3
16
27
66
1
3
5
11
1
4
1
1
30
4
4
21
3
5
1
15
20
10
1
14
1
638
40
1
14
11
1
3
5
5
48
3
5
1
3
1
4
11
46
13
17
1
10
1
3
16
2
35
1
1
2
1
12
3
197
1
1
1
5
2
1
4
1
1
5
88
1
3
2
3
42
10
1
1
6
4
13
158
2
6
3
3
1
1
1
2
210
1
2
414
3
1
1
1
8
1
7
1
2
8
7
6
1
3
1
1
1
1
1
11
2
1
2
1
6
2
1
1
2
1
1224
1
2
1
1
1
1
8
1
1
1
144
2
1
2
1
1
1
2
1
50
2
1
1
2
6
1
35
1
1
1
2
4
172
56
5
5
3
2
2
1
11
1
35
8
24
2
184
1
5
1
1
1
3045
181
1
2
2
1
1
2
1
2
1
1
1
1
1
1
1
1
1
4
2
1
1
1
1
1
1
6
12
1
13
3
1
1
1
2
1
1
1
1
1
6
2
1
205
1
1
12
4
97
3
8
71
3
3
2
4
129
7
1
1
1
1
1
1
1
2
2
6
2
1
1
2
1
1
1
1
1
1
1
1
7
132
6
1
29
1
2
14
2
6
1
1
1
1
1
1
2
1
1
6
28
1
43
1
2
3
1
1
7
3
3
2
1
37
1
129
1
1
2
2
1
2
2
1
1
1
2
20
6
7
1
1
4
7
6
2
2
1
23
15
1
1
8
1
27
35
232
1
2
125
7
1
1
1
1
1
1
1
1
1
2
1
1
1
2
1
3
2
1
2
2
1
8
2
34
1
1
7
7
5
2
1
1
1
1
1
1
1
1
1
1
1
1
1
1
1
2
1
5
1
2
108
1
815
1
1
1
7
1
1
2
1
1
4
1
1
1
1
2
1
1
2
1
1
1
1
1
1
1
1
1
10
1
1
1
1
1
5
2
2
1
5
16
13
4
1
1
3
7
5
2
1
1
2
2
1
1
1
1
1
1
1
1
1
11
45
1
1
3
1
7
2
130
1
2
13
4
2
1
34
1
1
2
1
1
1
2
5
1
6
1
1
1
1
7
1
1
9
2
1
4
7
3
161
2
2
1
1
2
2
4
1
1
1
1020
1
36
433
1
2
1
559
1
13
1
1
1
1
1
15
48
1
1
2
14
1
4
10
1
2
20
5
1
1
2
2
1
2
1
7
6
213
35
1
12
2
51
46
1
1
1
1
2
4
1
5
2
1
1
1
72
1
1
1
2
1
3
1
49
1
8
6
4
1
125
1
1
2
4
2
1
1
1
2
1
4
3
1
1
1
4
20
1
1
2
16
9
1
2
2
2
1
2
37
1
2
1
1
1
1
1
1
1
3
1
2
1
1
1
1
1
1
1
1
1
75
1
8
2
7
1
14
1
6
13
1
1
1
1
1
3
1
6
2
1
2
1
5
3
1
1
3
1
3
10
1
2
13
2
1
1
3
23
1
2
2
1
2
19
1
3
1
45
2
4
17
1
1
15
62
1
8
2
2
2
1
1
1
1
1
2
2
1
1
2
1
24
6
6
91
1
2
2
2
7
1
1
1
2
9
1
1
1
1
1
1
733
2
2
1
4
1
1
14
1
1
1
8
29
1
1
1
6
1
593
1
4
1
1
3
1
56
1
1
1
1
1
1
1
1
2
1
1
1
1
1
1852
1
4
1
15
3
1
1
1
1
1
6
1
171
1
1
1
1
1
1
1
1
1
25
12
1
3
1
1
1
1
23
1
1
1
15
6
4
1
1
1
1
6
7
3
1
1
4
3
1
1
1
1
7
1
2
1
1
20
2
6
14
1
1
13
6
1255
1
1
1
1
1
1
1
121
1
1
2
1
1
16
2
1
2
88
1
1
1
9
63
1
7
7
2
1
1
1
4
2
1
1
3
1
1
5
1
1
1
6
1
157
1
1
1
2
1
2
1
1
1
1
2
7
7
1
1
45
1
1
16
1
7
2
1
2
2
14
4
1
2
1
3
3
2
1
5
3
30
1
79
14
37
1
9
62
6
4
26
1
4
177
1
3
2
1
8
1
4
1
2
48
5
2
8
2
3
2
2
1
1
1
1
1
1
1
328
12
13
1
2
3
1
1
1
1
1
3
1
5
3
35
14
9
5
2
1
1
1
9
1
1
4
1
6
11
5
1
1
1
7
3
1
8
1
1
4
2
1
4
1
1
1
1
1
2
509
1
3
1
2
1
1
1
1
1
2
990
1
1
1
1
72
7
6
4
17
1
1
2
24
2
3
1
1
1
72
4
9
5
282
2
1
1
1
18
3
762
1
1
263
1
30
2
2
11
1
1
2
1
1
1
1
1
1
2
2
1
1
1
20
160
1
1
8
1
6
1
18
5
1
1
5
5
1
1
1
2
1
4
1
53
29
7
1
35
1
1
1
1
8
2
57
1
5
2
2
2
1
4
9
2
5
1
2
1
77
8
7
1
1
1
2
1
1
1
1
1
5
9
1
1
1
3
1
20
6
4
3
1
1
4
1
10
5
3
1
2
1
2
10
2
1
6
1
33
12
3
1
1
3
1
3
2
11
21
1
2
1
1
2
1
1
3
6
1
1
16
4
1
4
1
1
1
1
1
1
1
35
34
7
3
10
2
6
6
1
9
9
2
4
77
1
5
1
1
1
1
4
2
2
4
1
12
3
1
1
1
5
3
6
1
2
15
1
1
1
1
1
1
10
1
1
1
1
1
1
20
4
2
2
1
2
1
1
1
1
2
1
3
1
7
95
1
1
1
3
23
1
1
70
1
1
1
3
1
55
1
4
86
1
1
1
1
5
1
6
408
2
3
1
6
2
1
6
1
1
43
1
1
1
3
9
1
1
2
21
50
1
1
1
6
4
1
1
1
4
2
2
4
7
132
4
148
1
4
216
6
1
1
7
1
100
1
1
2
2
1
1
38
1
5
141
4
1
2
150
1134
169
21
4
1
1
9
5
7
3
1
1
1
1
10
5
1
3
23
1
1
1
1
1
236
1
1
1
2
14
1
1
4
1
1
4
9
1
1
1
2
1
6
59
4
11
1
1
1
1
4
7
1
15
20
2
3
2
3
2
42
2
645
14
104
2
39
55
1
167
1
6
2
7
9
4
1
19
19
2
1
1
1
4
1
3
5
35
1
1
3
1
1
2
1
1
1
1
4
1
19
1
9
1
1
1
20
2
50
33
1
1
8
1
1
1
1
1
1
1
1
1
1
1
1
2
1
7
9
7
1
1
2
2
5
1
1
3
2
15
1
2
1
18
3
12
1
5
1
1
2
1
4
1
1
2
1
1
3
1
69
1
1
1
2
2
2
2
1
5
1
32
1
5
1
2
1
1
1
1
1
1
3
2
5
33
1
1
1
5
1
1
1
1
1
2
49
1
563
1
1
1
1
1
1
3
1
1
2
3
1
62
1
1
1
1
7
6
3
17
1
6
1
2
13
1
1
1
1
1
7
14
55
1
2
3
2
4
2
2
3
8
1
18
1
1
1
1
1
1
1
1318
1
1
1
1
4
1
20
21
8
2
1
1
1
5
1
1
1
3
10
101
3
1
369
1
1
19
1
2
1
1
1
1
5
7
1
92
3
23
1
16
1
1
9
1
1
18
1
1
12
1
1
319
1
1
1
1
5
1
1
15
1
2
1
1
5
1
1
1
2
2
1
1
2
9
1
1
9
2
1
1
1
1
6
2
281
1
1
28
1
1
10
15
2
1
30
1
1
2
1
3
2
20
5
259
109
1
7
15
1
1
16
1
1
41
29
3
27
1
1
2
1
1
1
1
1
1
1
4
1
1
2607
2
1
4
1
32
1
2
1
1
1
2
1
2
1
1
32
1
1
1
881
2
1
1
2
2
1
1
1
62
1
17
50
1
4
1
1
1
19
2
1
1
2
4
3
1
1
1
1
8
6
3
9
2
2
1
7
1
1
2
1
1
86
4
1
23
9
1
8
2
2
3
1
6
1
9
1
1
1
9
1
3
2
1
2
8
1
5
1
1
1
1
1
1
1
1
1
1
7
1
10
1
3
1
1
2
1
1
1
2
7
1
1
12
1
1
1
1
1
4
1
915
1
1
2
1
1
1
4
1
1
1
1
1
1
1
1
1
1
1
2
2
3
1
2
1
2
5
2
24
2
1
2
1
1
4
1
1
1
1
43
1
2
1
3
1
3
1
1
1
1
181
1
1
1
1
2
1
1
1
2
1
4
1
1
1
2
1
96
1
149
112
1
1
1
62
1
282
7
10
4
1
1
8
1
2
1
3
1
4
1
2
1
3
1
1
147
1
1
1
1
1
2
562
1
1
1
1
1
1
2
1
1
2
1
1
1
1
2
2
2705
1
1
1
1
1
10
1
1
1
1
1
1
1
35
306
1
1
126
1458
1
2
3
1
2
2
1
455
1
1
3
1
1
1
81
544
1
5
3
24
1
216
43
1
1
2
3
1
49
1
1
1
18
6
3
4
3
4
1
21
2
10
7
26
29
1
2
2
1
5
1
1
2
1
4
12
1
6
1
3
168
4
1
2
2
1
1
409
1
25
2
4
2
1
2
2
1
6
1
1
2
5
1
3
1
9
27
35
1
2
1
1
1
2
694
2
5
4
5
1
2
1
1
11
1
2
2
1
1
2
4
1
1
1
4
7
1
8
1
2
1
1
1
1
2
1
1
1
12
1
1
7
1
34
1
1
1
4
1
1
1
6
3
1
6
1
2
1
1
6
2
2
2
1
403
1
1
1
36
8
6
1
5
3
15
1
1
1
3
1
1
1
3
5
1
8
2
13
1
1
1
1
1
3
1
1
1
8
7
2
4
49
2
4
3
1
2
2
3
1
2
1
5
14
18
1
1
12
4
4
8
1
1
1
2
1
1
10
163
1
13
1
5
1
1
21
1
10
198
5
1
1
8
2
2
2
117
1
7
1
2
2
1
1
457
3
1
2
29
6
15
1
2
1
2
1
1
2
7
1
1
1
1
1
3
6
2
26
1
1
5
1
28
1
11
17
3
5
13
1
2
273
2
2
16
1
1
1
2
1
143
6
5
1
25
1
1
2
8
2
3029
1
3
1
3
1
1
1
1
1
1
11
19
1
2
2
1
1
2
4
1
5
1
25
1
39
259
1
2
2
3
1
3
1
1
2
3
2
1
1
1
2
2
1
8
6
1
2
1
2
3
1
2
1
2
1
1
2
6
4
1
1
84
1
1
3
99
1
1
3
1
22
2
2
3
4
3
1
1
1
1
5
6
1
1
1
2
2
5
1
7
1
7
14
2
6
1
1
2
5
1
1
1
43
385
10
1
3
2
1
1
3
5
9
7
8
1
1
1
8
2
2
1
1
1
1
1
1
5
7
1
3
1
1
9
2
1
1
3
1
1
67
1
1
1
3
1
1
8
1
1
1
2
1
1
2
2
1
3
1
183
4
1
1
1
10
1
1
16
1
1
1
1
2
2
1
2
87
1
1
2
1
2956
1
4
2
5
1
3
3
2
2
1
1
1
1
2
3
1
1
30
2
4
354
1
1
2
2
1
1
1
2
1
1
1
31
1
1
2
1
1
9
46
65
4
62
8
1
22
1
1
1
43
1
3
2
2
2
1
5
2
2
1
1
1
1
1
5
71
30
1
2
3
1
5
2
4
1
1
1
3
4
4
7
1
1
1
2
1
5
2
4
6
1
1
18
6
370
18
4
200
4
3
1
1
10
1
461
1
1
1
2
1
1
1
87
6
51
3
1
1
1
1
2
4
3
1
2
2
3
1
1
1
5
1
1
1
1
1
22
2
6
4
1
1
4
5
1
17
1
7
1
17
2
1
1
1
4
1
5
4
1
2
6
2
3
5
1
435
15
1
1
1
1
5
1
5
1
1
3
11
13
4
6
26
18
1
1
3
3
3
1
2
27
2
9
1
195
1
2
1
1
27
11
6
2
5
1
1
2
3
3
6
1
1
1
1
1
1
10
37
16
39
24
19
11
6
23
11
4
1
3
12
1
3
1
2
17
1
28
1
3
1
12
3
1
5
1
1
1
2
2
4
1
1
2
2
1
9
2
8
1
1
1
1
1
2
2
5
3
1
1
3
10
1
12
69
1
1
1
4
1
3
1
4
5
9
1
1
1
40
1
1
268
20
48
1
13
16
13
1
1
2
4
4
3
2
1
1
1
1
1
2
1
1
37
11
4
3
1
1
1
2
9
1
7
74
1
5
1
1
1
1
1
6
1
11
3
1
1
12
1
1
3
1
4
4
1
1
1
1
1
1
1
1
1
5
2
3
3
1
2
3
1
4
1
1
1
2
1
1
1
1
1
1
1
3
1
1
1
1
2
1
1
1
1
1
1
1
2
3
1
1
1
1
1
5
11
3
5
1
7
1
1
1
2
1
2
14
1
1
1
1
5
104
2
1
1
1
3
1
12
1
1
3
26
2
289
5
3
1
86
1
1
6
3
1
9
1
5
2
13
3
11
2
5
1
1
1
1
2
6
13
2
1
75
5
25
48
1
2
4
16
52
1
7
1
1
1
1
6
1
2
1
6
2
14
4
63
2
3
1
1
2
1
1
2
1
1
45
1
1
4
1
1
1
1
1
4
14
4
1
1
4
228
44
1
1
9
2
2
2
115
2
2
4
1
1
5
11
2
31
6
1
19
1
1
1467
1
1
1
1
1
1
154
25
1972
20
1714
35
1154
11
3
951
1
1
372
1
9
360
4
5
26
3
1
3
6
1
2
25
3
2
9
31
2
1
1
1
1
1
2
1
1
1
1
19
2
1
1
8
2
2
10
9
22
3
5
1
8
1
1
3
6
1
2
8
11
1
11
1
1
1
20
842
41
1
1
1
4
1
1
2
1
1
1
20
1
1
1
1
1
1
1
1
2
1
1
4
64
1
4
10
8
2
38
2
1
1
1
2
1
1
1
1
1
1
12
14
1
1
1
1
1
22
47
13
18
11
1
3
7
2
14
628
1
1
7
5
1
1008
37
2
134
1
16
3
1
4
7
9
65
759
1
4
20
1
203
1
2
23
1
82
2
2
1
2
90
9
2
5
60
8
1
3
1
2
2
2
1
1
21
2
1
1
1
1
117
2
1
24
42
2
5
1
2
1
2
2
3
1
1
2
1
1
3
1
1
2
1
1
27
1
1
1
2
1
1
13
2
1
1
8
3
1
1
1
1
2
1
1
4
1
1
1
1
53
2
51
2
1
1
1
1
203
33
26
2
1
4
2
2
1
1
66
1
29
1
2
1
1
5
4
1
3
1
38
31
3
9
1
1
26
119
2
13
125
2
10
94
52
2
11
76
58
2
124
5
1
1
1
1
3
1
1
330
1
2
1
11
4
13
1
1
1
11
2
3
5
1
4
2
35
4
29
3
7
24
2
8
6
19
9
2
1
26
1
1
1
5
1
55
59
10
1
1
1
1
22
1
38
3
3
1
1
4
2
8
3
1
1
1
2
1
2
2
1
1
1
3
5
3
2
4
1
1
1
1
1
1
2
252
1
19
1
34
62
1
2
1
1
1
1
1
2
1
1
3
22
4
2
17
1
10
21
33
272
1
1
4
2
6
2
2
4
1
38
1
1
8
1
1
2
1
2
1
1
1
1
1
1
1
1
1
1
1
4
1
1
1
1
34
4
1
13
1
54
2
3
1
1
7
1
42
7
1
1
1
1
2
2
1
1
1
1
43
1
1
2
1
2
9
42
1
2
1
154
1
3
3
1
1
1
1
1
1
1
2956
1
1
1
2
1218
884
2
1
11
1
1
1
1
1
1
1291
550
2
2
1
1
2457
2
1
1
1
2257
3
5
1
3
8
3
151
1
299
2
2
1
2
1
1
1
3
1
10
1
1
1
1
12
3
1
1
1
2
2
1
1
31
1
586
1
1
1
1
1
1
2
1
7
1
1
6
1
1
1
2
61
6
1
2
1
196
1
4
1
1
2
4
1
1
1
1
2
2
2
23
1
2
33
1
2
15
4
5
2
1
1
2
4
4
1
1
2
3
1
1
3
1
3
1
1
1
2
17
6
1
1
3
1
1
1
1
1
1
1
3
1
5
49
459
24
1
3
3
1
1
1
1
1
1
3
1
1
1
1
4
1
2
1
2
1
3
1
2
3
1
1
1
2
1
1
1
1
1
1
1
1
2
1
1
1
1
52
2
289
1
1
1
1
1
1
1
1
1
1
1
1
3
1
1
44
2
1
1
2
2
1
1
1
1
3
2
2
1
1
7
1
3
3
132
2
1
4
1
2
1
1
3
1
1
27
9
4
1
26
3
1
1
9
2
4
35
384
1
1
1
1
1
7
10
15
3
1
1
1
1
1
1
1625
6
1
2
1
1
1
1
1
1
1
7
138
1
1
3
2
4
2
23
19
3
1
1
1
1
1
3
403
4
1
1
2
8
2
11
2
9
3
25
1
7
5
7
2
88
6
4
4
8
1
1
1
20
3
1
5
2
1
6
12
35
2
3
4
3
10
21
2
1
3
1
1
2
1
4
19
4
6
6
7
4
61
1
6
1
1
11
35
4
6
3
3
9
5
1
1
1
2
2
1
15
55
6
2
1
6
4
1
1
1
1
3
2
1
2
5
5
3
1
1
1
7
1
1
1
2
2
1
2
1
3
1
2
1600
1
4
1
1
178
1
361
407
70
13
120
14
9
12
1
15
1
10
6
3
1
1
73
1
1
34
8
2
1
4
3
64
2
5
39
2
2
1
3
1
29
1
30
4
1
5
1
1
12
4
1
13
131
114
1
4
8
19
69
1
34
1
1
1
3
2
17
1
3
1
1
1
4
6
15
3
1
14
12
3
12
2
1
1
9
2
3
1
1
2
8
1
7
4
1
1
1
2
4
1
1
2
4
1
9
41
13
1
18
4
3
2
3
2
2
3
10
3
1
2632
8
25
1
5
3
2
239
4
8
36
344
1
2
2
2
8
1
2
5
24
7
3
32
1
2
16
3
3
3
1
3
3
2
1
2
59
1
790
3
7
5
13
243
84
2
38
4
1
1
11
2
2
1
5
1
3
1
1
1
21
1
1
752
1
104
9
8
3
2
1
1
1
1
1
1
3
6
2
46
20
8
1
1
1
1
4
9
2
1
5
3
1
1
2
1
1
1
1
2
4
1
5
16
2
4
1
2
2
11
1
6
1
1
7
1
6
17
1
14
6
4
2
6
19
1226
15
7
1
1105
1
1
6
149
1
1988
1
1
1072
1
3
2
2
1
4
1
2
1
1
2
9
3
2
4
170
1
2
4
2
1
2
1
5
35
1
1
1
1
3
1
30
1
4
3
4
1
1
1
2
1
17
1
3
368
27
3
1
1
40
1
4
2
2
2
1
1
1
15
79
3
8
25
1
25
2
1
1
7
5
4
8
1
1
7
6
3
3
6
18
4
3
111
4
31
3
9
1
4
13
1
6
2
1
1
3
17
1
1
2
5
7
24
64
1
2
3
1
5
2
74
2
3
1
4
9
5
4
2
5
1
20
1
10
7
1
63
2
19
2
5
10
3
1
1
28
1
1
2
1
6
2
24
1
1
1
1
1
5
8
1
1
18
1
3
1
3
1
1
1
6
1
1
3
13
4
45
15
11
1
1
2
3
3
1
1
1
3
1
1
18
3
4
178
1
2
1
2
1
1
2
3
2
1
1
1
3
1
1
4
1
2
1
2
2
1
2
4
3
1
2
1
1
1
2
2
7
3
1
2
18
2
1
3
1
8
1
11
19
6
1
1
2
3
5
2
1
1
1
1
1
23
1
4
1
1
99
3
3
11
6
3
1
1
16
1
1
1
1
1
11
25
1
66
3
28
9
3
1
232
2
1
1
2
1
2
1
12
3
1
1
3
11
2
1
1
1
1
1
2
1
6
1
7
1
1
1
2
30
1
1
2
6
5
24
2
1
29
1
1
3
1
23
1
2
3
2
2
4
259
25
2
1
1
1
21
1
2
2
1
1
1
1
3
9
1
1
3
2
1
9
4
1
11
3
3
1
1
8
4
2
4
2
7
19
1
23
1
1
1
1
3
18
1
2
20
3
2
1
2
18
9
9
3
1
3
4
2
1
15
1
1
1
155
3
2
2
6
410
1
28
2
1
1
1
1
2
143
5
1
1
1
1394
113
3
222
2
13
3
1
1
1
38
4
16
1
6
23
9
20
1
4
65
1
1
94
1
1
1
1
1
9
1
1
1
1
10
3
18
1
1
247
1
1
2
1
3
1
15
1
1
1
1
1
1
1
2
3
6
26
4
112
2
1
1
1
3
5
33
8
2
1
3
3
1
1
2
1
3
3
1
3
1
3
3
1
1
1
3
1
1
1
1
1
1
1
1
1
1
1
1
5
1
7
3
3
1
2
1
1
1
2
3
1
2
1
2
1
1
1
1
2
1
3
1
1
1
1
1
1
1
4
2
1
2
2
1
2
1
1
7
3
1
1
1
4
1
1
2
1
38
37
26
4
89
7
1
1
1
1
1
1
1
1
1
2
1
1
1
1
1
2
1
1
2
1
4
1
1
2
1
1
1
1
1
1
1
7
1
1
7
1
4
1
3
2
87
1
1
14
171
3
2
217
3
13
1
1
1
1
1
1
1
1
1
3
1
1
5
1
1
1
1
19
2
1
1
1
1
1
3
27
4
48
1
1
1
1
3
1
1
5
4
3
9
2
1
1
21
16
1
1
2
2
1
1
8
1
1
1
4
12
2
2
5
1
1
3
1
1
1
3
1
1
1
5
1
3
3
1
3
55
1
2
22
1
1
1
1
3
1
1
8
8
2
1
11
3
1
20
1
1
4
2
1
1
3
2
1
16
6
1
1
3
1
1
1
1
3
1
1
2
1
33
1
5
7
88
1
81
1
9
18
48
8
50
53
2
1
35
197
8
1
1
1
2
1
3
1
1
8
1
1
1
758
1
2
1
2
22
5
2
1
1
74
1
2
1
1
2
2
5
1
1
2
1
28
22
1
2
1
9
2
53
1
19
3
2
2
4
6
1
1
1
1
1
1
1
1
3
4
10
1
1
1
1
8
1
1
6
30
1
1
3
6
1
1
2
1
1
1
4
1
1
1
1
6
1
3
1
3
8
1
231
1
3
1
1
1
1
1
9
2
26
20
2
20
2
12
53
1
1
52
3
88
79
2
4
4
28
5
1
18
1
2
1
2
1
4
22
3
453
6
31
169
2
32
5
1
17
361
1
1
13
813
2
1
1
1
1
256
1
1
1370
23
78
80
1
1
1
1
68
12
1
26
4
7
4
1
3
1
28
1
17
1
1
1
38
1477
6
1860
1
18
24
1
4
1
1
19
22
3
3
1
1
1
1
2
1
1
3
2
52
1
1
1
22
1593
1
1
1
3
1
47
2
4
10
3
1
6
2
12
15
14
28
7
9
19
8
7
8
163
1
1
19
2
2
1
9
4
7
174
20
31
1
1
2
2
2
1
1
3
1
1
1
1
1
1
6
2
2
2
1
9
1
25
6
22
1
3
1
16
1
1
32
2
1
13
3
29
10
17
10
1
7
6
1
1
25
5
41
1
3
1
79
1
1
2
8
1
1
3
5
1
4
1
1
934
4
6
77
1
1
1
2
1
1
17
1
1
2
1
1
5
1
190
104
2
19
20
80
8
81
1
2
7
1
28
1
1
1
1
5
58
75
3
1
4
1
1
15
44
1
1
3
2
3
2
3
1
2
1
1
1
72
1
1
26
1
1
2
1
210
4
13
1
1
15
1
26
1
18
1
1
1
5
124
3
9
15
1
22
1
10
2
1
74
21
1
15
2
1
3
58
2
13
19
36
10
25
19
2
22
3
77
3
1
3
543
9
1
1
6
3
11
42
61
337
7
9
10
16
2
3
1
2
1
3
12
116
72
1
319
44
122
1
43
16
2
1
240
2
93
3
4
1
2
1
4
2
11
12
204
23
7
1
1
195
1
4
1
2
1
1
130
1
2
1
1
1
1
144
1
1
1
1
1
3
1
1
4
1
1
624
10
1
1
137
1112
1
1
620
70
48
2
1
1
1
2
38
4
1
1
1
1
1
1
2
68
3
1
1
2
1
1
1
1
1
1
1
1
1
1
1
1
14
11
1
1
2
2
3
2
3
1
4
4
2
2
9
2
6
1
14
2
3
37
4
10
3
2
1
5
1
1
1
7
2
3
1
8
1
1
13
1
1
1
1
1
1
2
1
1
1
264
1
1
2
2
1
1
1
1
1
1
3
1
250
134
1
1
1
1
1
1
4
7
68
4
1
1
1
1
1
1
1
1
1
1
1
1
2
1
1
153
2
1
1
1
1
1
1
1
2
1
1
470
1
1
4
4
3
1
1
2
1
1
1
1
3
1
1
6
2
1
1
2
4
1
12
36
143
1
1
1
1
1167
1
1
1
1
1
1
5
16
4
1
1
1
1
1
36
1
5
95
2
1
2
1
1
2
2
1
1
27
1
2
59
1
1
2
1
1
13
1
1
1
21
1
17
2
1
20
2
2
12
2
1
1
35
1
2
1
2
187
11
1774
1
2
1
1
2
116
1
1
4
4
1
1
151
1
7
9
4
11
1
3
2
3
44
26
1
18
1
4
1
2
2
8
30
3
1
2
1
1
1
6
2
1
2
1
5
3
4
1
2
1
1
6
1
9
14
9
8
1
5
4
1
1
1
3
1
1
2
1
1
61
386
1
1
2
3
188
1
41
2
2
1
1
1
1
1
5
4
1
2
1
1
1
1
1
1
1
1
2
2
3
1
1
1
37
1
1
2
1
1
3
2
4
1
1
10
1
1
1
1
1
29
1
3
1
1
458
9
1
1
26
1
1
1
1
1
1
2
1
6
10
2
1
1
2
1
1
1
2
1
17
1
1
1
946
1
1
67
2
1
2
1
1
1
58
11
1
1
1
8
1
1
4
1
1
2
2
18
7
1
6
1
3
10
497
1
1
1
1
139
314
1
1
1
1
4
1
1
238
1
1
2
4
3
2
1
3
1
6
6
1
1
1
1
1
27
1
9
1
1
1
4
3
1
15
2
1
1
1
1
1
1
1
2
1
2
2
20
21
1
36
1
1
1
1
2
1
1
4
2
1
27
1
901
1
1
28
2
5
2
1
13
1
1
2
1
1
289
1
1
2
19
1
2
3
2
1
1
2
1
9
8
4
1
22
1
13
3
1
2
21
1
8
6
16
1
9
2
6
3
1
7
15
4
1
1
84
2
4
2
1
34
1
5
1
1
389
1
1
65
3
4
1
9
1
2
1
5
1
2
1
1
1
1
1
1
5
11
2
3
1
8
3
2
79
1
3
2
11
2
1
3
4
6
1
2
2
1
2
2
3
1
1
1
9
1
1
3
1
1
6
1
12
44
1
40
2
2
1
1
28
1
13
4
420
1
1
9
23
1
1
10
14
1
2
5
1
18
8
1
1
1
1
3
1
1
1
1
23
1
1
1
13
2
2
1
1
1
1
1
815
810
266
1
132
1
1
1118
1
1
5
7
1
1
2
2
1
61
3
1
1
1
1
1
425
1
1
1
340
4
1
4
1
2
1
1
5
1
5
3
1
1
1
2
1
1
7
1
30
2
27
107
1
12
85
4
1
32
56
1
1
1
2
3
2
1
1
2
1
1
1
1
14
2
3
5
21
1
1
25
32
5
1
1
3
1
2
1
1
1
2
6
68
1
2
39
1
73
20
1
32
586
1
36
1
6
7
3
2
29
3
5
1
1
50
1
23
1
73
7
1
2
1
1
1
6
2
1
15
24
6
10
8
9
2
4
1
17
2
25
7
3
1
9
3
24
5
8
38
1
5
3
87
2
124
12
285
72
43
288
84
4
135
14
1
3
2
33
2
16
3
9
1
1
3
2
1
1
1
1
33
7
3
1
1
1
1
3
1
1
1
1
1
4
1
1
1
40
1
1
1
277
1
1
2
2
497
1
1
12
1
1
9
1
1
1
5
2
226
59
2
1
1
1
4
5
9
3
1
1
2
1
2
265
16
3
31
2
2
1
1
32
5
4
4
22
58
1
1
3
1
1
1
1
2
317
1
1
1
1
3
1
2
8
1
3
1
6
26
3
1
1
1
12
12
1
1
1
1
1
1
1
1
1
1
1
1
1
1
71
1228
1142
1
1
2
1
5
2843
1
43
3
1
1
1
175
3
1
1
1
228
1
10
93
661
1
1
1
3
1
3
2
1
1
1
1
1
1
51
1
1
1
1
1
11
1
1
1
2
1
1
6
1
1
3
1
1
6
9
5
1
2
3
1
1
1
1
1
1
43
1
3
1
14
1
1
6
1
11
1
2590
1
3
2
1
3
1
6
1
12
1
1
1
1
1
1
2
1
2
1
3642
1
1
2
1
1
1
2
3
1
6
1
1
1
17
1
59
1
1
6
16
1
1
1
1
2
1
1
1
66
1
1
1
1
2
2
2
12
2
1
1
1
1
1
18
2
105
1
2
1
4
1
1
1
1
1
69
1
1
1
1
1
1
1
1
449
1
1
1
1
1
1
1
1
1
1
2
1
1
286
4
1
1
1
187
2
5
1
1
1
1
1
1
1
5
2
134
19
62
1
1
1
1
1
1
1
1
86
83
1
5
18
20
2
2
3
1
1
1
1
1
2
1
1
1
1
20
1
1
5
2
31
1
470
1
1
1
1
1
1
1
1
1
2
1
1
5
1
1
453
1
1
2
1
1
1
1
1
2
1
1
4
4
1
1
1
1
1
2
5
4
59
1
3
2
3
6
1
1
43
295
153
1
1
13
2
1
1
9
1
1
1
3
5
3
1
2
1
2
1
1
3
1
1
1
1
1
1
6
4
1
667
1
1
1
1
73
5
1
1
2
2
9
5
2
2
1
19
33
1
1
1
1
3
274
1
1
1
1
2
1
1
1
1
1
1
1
1
1
1
1
1
20
2
6
1
1
1
1
3
1
433
1
1
55
1
1
2
1
2
7
2
3
1
1
1
928
2
2
1
1
4
3
1
1
2
1
1
1
1
1
1
2
10
1
11
25
6
30
4
1
1
130
1
1
1
4
41
4
745
1
1
1
23
1
1
3
9
1
1
5
5
4
1
1
1
376
1
2
2
1527
1323
1
3
1
1
1
1
1
10
1
1
2
62
1
414
1
1
5
3
1
1
1
39
1
1
4
1
1
1
1
4
1
1
1
1
2
1
6
1
49
4
1
1
23
1
1
1
3
1
1
1
1
1
1
2
1
5
1
1
1
1
1
1
1
1
1
1
1
1
2
2
2
1
1
1
2
2
63
1
1
1
1
22
914
225
1
1
13
505
1
3
11
1
9
1
1
1
20
7
1
2
9
2
1
13
2
1
3
2
1
240
1
2
1
1
9
76
2
1
1
1
1
1
4
3
1
3
1
1
1
3
3
1
1
1
1
1
6
22
7
11
1
3
3
4
1
1
1
1
4
19
4
2
1
1
1
1
3
4
11
6
1
13
6
28
6
1
1
4
1
12
15
7
1
2
4
5
2
1
8
1
2
3
2
1
1
23
5
144
1
1
1
2
1
1
10
10
1
1
3
1
1
2
6
1
2
1
11
1
1030
9
1
1
1
1
1
12
308
1
1
6
8
1
5
1
3
14
4
1
4
1
1
3
3
1
13
2
5
2
6
8
43
3
1
3
1
589
1
59
2
38
1
1
1
1
4
1
1
2
1
29
5
5
3
112
1
1
2
1
2
6
9
1
2
5
1
2
1
6
1
130
33
2
6
1
1
26
50
1
6
2
1
3
2
7
1
1
3
33
3
1
1
1
1
1
1
1
1
1
1
3
1
113
2
1
44
1
1
1
1
1
1
24
2
1
31
10
13
116
1
1
1
1
1
1
1
1
2
1
1
1
1
1
1
2
1
1
412
1
2
836
3
1
1
5
1
2535
