35
5
14
1
14
9
2
34
116
42
4
2
6
17
1
6
65
1
20
4
98
3
24
2
5
5
45
7
9
4
9
4
50
8
10
53
12
33
6
1
21
5
3
311
3
33
5
22
347
71
3
11
26
10
30
8
23
13
50
2
1
2
130
2
1
42
2
218
5
2
3
38
89
1
93
76
1
2
1
22
2
5
21
4
6
5
5
140
8
68
3
3
3
76
1
39
6
15
3
11
18
4
40
7
18
14
13
3
15
48
2
51
68
2
2
4
20
12
5
8
17
7
26
8
6
17
70
10
53
7
40
2
2
181
1
1
49
1
15
7
80
21
2
63
3
3
4
4
1
176
2
1
5
16
3
2
2
19
3
4
1
148
196
31
54
28
2
1
15
3
2
10
15
7
68
1
24
2
14
22
33
67
3
11
143
4
2
36
15
1
4
1
7
38
2
4
2
2
1
1
1
1
6
85
150
4
2
53
3
5
17
37
3
1
58
71
3
4
5
14
1
1
5
8
11
212
26
94
2
2
12
13
7
6
60
42
8
19
35
5
8
2
88
1
5
15
5
20
17
53
39
4
54
14
5
120
4
42
4
1
3
8
32
315
2
70
3
16
16
11
4
2
2
1
8
95
55
13
7
24
10
10
11
11
25
60
7
5
1
16
1
58
1
3
16
14
7
27
4
18
48
4
3
4
4
90
66
3
2
27
2
2
18
5
8
2
8
46
29
16
81
13
29
2
14
6
30
38
28
60
1
214
1
40
14
5
1
9
1
1
101
2
2
2
37
5
33
23
8
5
3
58
25
19
12
1
56
14
5
43
36
56
43
43
7
2
1
111
35
3
17
8
3
7
1
2
2
5
1
10
4
21
1
2
71
6
121
9
3
2
5
3
1
2
2
102
28
12
5
13
27
23
15
2
141
6
1
2
2
67
3
25
2
2
1
7
1
4
4
9
1
2
27
1
126
58
18
21
37
1
3
1
5
8
12
86
8
7
157
2
2
127
9
5
4
25
7
13
4
3
12
3
9
7
8
14
12
3
21
40
33
7
1
6
57
2
15
8
3
22
8
1
4
9
18
4
10
1
64
200
39
2
21
88
65
84
20
9
16
23
2
13
5
16
15
1
89
2
41
3
8
1
102
12
5
2
188
2
16
45
16
2
167
2
16
24
14
1
19
8
1
23
20
60
332
3
4
38
2
1
1
14
29
2
24
328
6
46
6
6
6
1
11
1
90
2
42
7
11
17
4
2
74
94
20
11
18
35
1
115
1
34
3
54
25
8
3
6
2
5
3
13
150
2
2
1
87
113
1
1
13
45
2
1
1
143
6
28
3
214
60
1
17
6
5
4
14
2
6
325
16
5
2
89
33
22
2
44
32
35
6
23
1
3
1
25
3
2
25
13
5
69
10
3
44
18
4
1
1
1
46
2
3
8
18
2
21
4
2
2
56
221
58
5
6
17
1
57
5
2
26
17
7
21
26
34
101
41
23
4
5
3
1
22
55
16
273
3
2
70
16
4
165
6
15
12
153
5
1
2
7
3
301
2
2
6
17
3
19
68
24
1
3
44
26
19
9
12
188
5
3
1
5
2
53
16
7
1
1
8
8
8
41
21
15
35
6
103
3
151
7
3
82
3
2
47
2
10
72
17
48
32
4
76
5
3
46
1
12
2
27
12
17
155
1
59
10
10
5
1
1
144
105
35
40
18
8
5
34
4
2
170
2
35
36
10
103
16
10
62
10
1
45
33
57
72
2
94
1
3
20
12
1
2
93
55
12
2
3
4
26
2
1
42
1
6
6
2
2
8
31
10
18
14
10
14
5
4
10
8
25
2
40
13
6
149
7
8
118
6
7
4
17
194
4
54
1
82
2
17
93
45
5
5
1
20
5
382
3
39
14
7
6
37
1
32
2
4
53
1
19
29
28
4
1
23
61
2
57
72
3
3
1
15
6
6
38
156
1
4
6
21
59
44
8
3
18
5
4
6
21
14
89
6
44
38
5
7
19
13
1
3
2
15
46
17
10
3
1
8
11
12
1
6
9
3
1
4
2
22
25
3
18
2
2
8
32
6
2
25
1
9
16
4
95
14
154
8
1
1
2
20
21
1
1
1
34
40
2
1
2
14
43
56
3
8
32
23
3
12
114
289
61
4
58
46
2
1
3
1
14
79
40
5
5
2
1
2
1
8
84
32
9
23
1
16
4
7
23
15
37
6
1
5
90
21
7
73
16
24
29
4
8
60
3
136
14
2
13
20
16
40
6
3
6
4
4
166
10
69
6
7
6
3
12
154
67
72
30
1
27
4
105
24
5
80
14
46
21
54
35
12
154
1
37
17
1
2
1
3
1
10
20
6
4
9
16
22
20
2
3
1
18
2
4
15
