81
1
1
10
3
1
2
1
1
1
11
30
6
10
1
2
37
2
2
49
2
10
13
1
1
2
4
7
20
1
2
43
22
2
10
4
6
10
14
6
4
8
3
3
1
1
7
13
4
24
2
2
5
6
4
2
13
3
1
1
1
2
2
28
10
1
2
1
2
10
1
32
1
1
16
3
4
1
1
8
1
3
10
1
2
38
1
1
1
2
4
2
1
2
6
3
14
4
2
53
1
2
2
2
2
82
2
1
13
2
1
1
1
2
14
6
7
7
2
20
9
3
2
6
1
5
24
1
5
1
22
2
12
15
4
6
6
16
15
1
1
3
7
1
2
1
11
2
4
1
45
25
5
19
1
5
6
1
1
5
25
7
17
6
8
2
1
3
2
1
7
5
1
3
2
29
1
2
20
2
7
33
5
27
4
4
1
1
1
3
2
7
29
2
4
1
7
2
5
2
8
1
16
2
4
1
1
3
1
2
4
3
3
2
21
6
17
39
4
15
7
6
1
5
3
8
5
1
2
20
1
9
1
111
4
3
8
4
4
57
6
3
1
10
23
2
5
1
14
3
35
3
1
47
1
16
1
18
3
3
47
3
1
12
2
3
1
12
1
2
2
4
1
2
2
10
1
2
10
1
12
4
1
6
4
7
1
26
2
4
5
17
1
4
1
4
1
2
1
9
17
3
1
5
8
1
1
1
1
3
1
1
2
8
21
1
5
7
19
2
1
2
42
1
10
15
4
2
7
5
12
1
2
4
3
2
1
13
1
59
1
9
7
3
3
9
1
2
1
34
1
1
1
12
1
21
4
5
1
2
2
2
9
1
1
3
11
1
2
1
6
1
2
1
1
1
3
2
25
10
6
2
4
3
5
2
1
7
1
2
10
1
1
1
1
4
30
5
4
1
17
1
1
9
21
9
3
5
3
14
4
5
1
1
2
7
2
2
13
3
1
1
1
3
1
2
1
2
1
1
1
7
8
1
3
2
1
10
1
12
1
32
54
5
17
1
15
2
47
3
6
2
3
2
7
7
4
2
7
8
1
5
50
4
6
1
9
3
3
48
21
9
14
4
4
3
2
1
3
3
1
1
28
4
7
14
3
11
6
27
5
2
8
8
4
15
10
2
1
1
1
1
1
1
7
2
8
6
1
6
13
26
3
58
1
1
2
9
2
2
3
1
11
9
2
4
12
1
2
30
12
15
3
2
2
15
10
28
1
4
21
3
2
1
1
1
10
2
30
2
1
1
7
1
2
7
1
8
3
1
1
4
4
2
1
2
13
1
1
3
2
1
4
5
2
11
3
2
2
10
2
12
34
12
9
2
6
8
6
3
5
1
2
3
2
1
13
16
1
3
1
5
3
1
4
3
15
10
1
3
13
1
2
5
6
3
5
1
9
2
1
2
1
1
7
8
1
30
2
1
1
2
3
1
37
1
1
11
5
2
8
17
24
11
1
19
1
2
1
2
2
5
2
1
2
3
1
5
9
25
1
2
8
3
1
2
2
3
12
2
1
1
15
2
12
34
2
14
10
1
2
1
16
6
8
1
1
2
24
1
1
5
5
4
1
3
11
1
5
2
14
2
3
5
5
1
1
1
1
1
1
17
1
1
24
1
1
4
1
3
5
11
15
8
1
3
8
18
1
2
1
8
23
2
2
1
2
11
16
14
3
3
4
1
1
1
5
1
2
2
8
2
5
9
1
13
1
3
14
1
11
6
21
5
8
5
11
2
2
64
1
3
1
5
6
2
9
16
31
1
1
4
1
3
4
13
8
2
28
1
2
6
9
5
2
1
8
74
4
2
4
2
7
6
1
1
8
38
1
67
1
1
2
12
27
10
12
16
14
2
13
1
1
6
1
1
2
30
2
3
11
2
4
3
10
1
1
1
2
6
1
1
2
6
5
28
6
14
11
10
4
3
23
14
7
1
1
1
1
3
48
3
5
1
11
1
2
24
2
2
15
1
1
15
2
15
2
42
24
1
2
1
1
1
2
1
8
7
3
1
29
1
1
2
1
1
30
1
40
1
14
2
7
19
1
2
6
2
6
1
4
3
1
11
98
2
2
4
1
18
1
1
43
1
5
9
33
1
5
1
1
1
2
18
1
2
2
2
1
4
1
6
2
1
2
1
1
3
1
7
13
9
4
23
1
4
11
3
1
1
5
2
14
3
4
16
1
2
1
2
3
1
11
4
1
3
8
29
4
6
3
7
2
3
5
16
6
1
2
4
1
11
99
1
1
2
2
1
69
15
16
2
1
3
3
6
1
2
30
1
19
2
4
7
7
2
2
33
16
7
3
4
22
2
30
4
4
15
15
37
2
5
2
9
6
10
7
9
3
9
36
10
2
25
6
31
1
2
12
10
2
2
5
4
5
1
1
18
3
13
1
1
2
1
1
1
11
2
7
2
5
8
20
4
2
2
3
9
2
5
2
2
7
2
35
2
1
1
9
3
3
1
1
1
14
2
4
4
3
11
2
3
2
3
7
1
2
3
1
7
6
4
3
2
2
3
1
24
3
1
3
7
8
3
1
13
1
1
1
4
11
1
9
20
2
10
1
15
11
1
2
7
4
17
2
7
4
16
2
3
11
3
2
8
2
2
59
8
9
1
5
2
2
2
29
4
10
3
1
1
2
3
1
2
2
1
1
2
34
2
1
1
5
4
3
3
19
3
1
4
4
1
2
3
2
2
1
2
4
34
1
2
2
4
17
11
1
2
18
5
1
4
1
8
2
2
6
3
3
4
1
3
1
6
10
2
1
5
1
8
1
2
6
11
18
4
5
2
13
1
2
9
6
1
1
6
2
2
3
2
2
2
6
3
1
8
1
4
2
1
2
3
8
2
6
1
23
2
5
4
43
14
7
1
1
1
1
3
4
24
11
8
1
1
7
2
2
6
18
3
1
4
36
10
2
7
1
17
8
3
1
25
1
4
2
7
1
1
5
2
1
1
1
7
3
27
15
5
1
9
6
52
1
17
1
3
1
1
3
2
11
2
24
2
46
2
2
7
1
3
8
1
2
33
1
1
2
2
18
3
56
13
6
5
32
2
22
2
5
1
1
2
8
5
4
1
1
3
8
1
3
11
5
13
14
20
3
8
2
1
2
12
1
1
2
1
2
6
1
2
10
7
11
1
2
1
7
22
10
6
2
1
1
1
2
8
1
10
9
2
5
4
6
44
4
4
2
1
64
3
14
1
34
3
5
3
2
1
20
3
21
3
2
2
6
68
16
2
2
2
13
32
4
71
33
11
7
4
4
1
70
14
3
7
5
4
3
19
3
1
3
1
3
4
2
21
3
31
12
2
6
4
18
12
4
3
1
4
2
1
3
11
21
40
2
8
3
1
1
2
1
4
12
1
1
3
1
5
2
39
15
5
1
1
8
1
41
2
4
6
2
1
1
17
1
1
1
1
11
17
5
3
3
3
1
4
3
3
1
4
6
1
9
2
6
1
6
10
3
2
2
21
1
1
2
2
3
8
1
2
1
6
1
5
27
5
3
1
5
2
10
1
1
7
2
1
6
1
10
4
1
3
1
4
1
54
11
3
1
17
5
2
1
2
9
8
4
2
2
2
2
3
2
105
17
1
78
2
8
1
4
1
3
1
3
15
10
2
10
10
6
7
1
3
2
12
1
3
1
2
1
1
2
2
13
2
34
2
36
19
2
6
1
2
1
10
1
10
8
3
2
16
12
3
8
3
2
1
2
5
3
3
1
1
7
1
1
15
23
6
24
1
6
6
2
2
7
9
33
5
3
14
1
17
1
26
17
1
4
10
3
3
13
1
2
3
4
3
4
1
10
1
1
7
1
5
1
5
2
1
4
3
16
1
11
2
1
4
2
1
27
1
8
56
2
10
12
1
4
6
8
5
16
1
17
3
2
1
88
46
9
3
8
6
3
2
4
1
14
10
13
4
1
2
2
1
8
2
3
13
12
1
2
1
1
3
4
37
1
9
1
16
1
14
5
2
2
3
7
25
2
1
23
34
13
16
1
1
1
1
1
14
1
18
9
1
4
2
2
1
26
1
63
5
5
1
4
1
4
5
3
1
22
5
8
1
11
1
2
2
12
1
3
20
6
1
2
5
1
8
2
1
9
19
22
25
4
4
4
12
3
2
16
56
2
15
4
1
3
1
4
2
1
1
4
12
27
1
23
4
15
3
2
1
2
23
14
5
12
2
2
32
51
1
1
3
1
5
18
1
25
2
1
1
1
21
7
1
7
1
11
1
6
2
5
1
47
13
1
1
1
4
12
5
2
3
30
1
1
1
65
3
48
1
1
4
2
2
2
7
2
5
2
7
10
5
3
2
1
4
1
10
13
5
2
1
3
5
2
1
28
1
23
3
10
3
4
1
1
1
22
2
3
2
13
2
1
44
2
3
3
31
1
2
4
1
22
9
2
8
4
4
9
2
12
20
2
1
2
1
2
1
5
6
3
21
2
5
1
2
2
7
10
41
7
4
1
1
1
1
1
1
7
12
8
1
3
2
3
3
1
1
38
1
7
3
4
32
16
2
7
1
1
1
18
6
2
1
4
3
1
1
4
8
1
1
1
1
22
4
1
1
2
11
15
1
7
1
3
1
14
6
1
4
2
2
2
1
20
2
1
7
3
3
1
4
2
10
1
2
1
28
2
4
10
4
1
4
1
3
1
9
4
1
1
4
6
1
20
3
5
1
4
4
1
5
1
11
1
1
5
1
1
7
36
6
3
2
2
21
1
1
14
1
44
1
3
7
7
2
1
1
1
7
5
11
2
26
1
8
2
6
13
10
2
1
18
2
4
1
3
1
1
51
2
1
2
14
1
9
6
1
1
1
1
2
3
6
3
2
1
3
2
6
3
5
3
1
3
1
1
5
4
8
8
1
3
25
9
3
45
2
4
8
1
4
35
1
40
3
2
1
12
2
1
45
29
2
31
2
5
26
3
2
2
1
7
2
3
4
1
2
2
23
3
2
1
6
6
2
1
2
14
7
2
50
1
34
1
1
39
5
1
2
1
4
26
5
1
4
7
13
1
3
9
94
24
7
1
12
30
18
13
6
1
11
11
5
2
52
4
5
2
7
1
32
8
7
1
5
3
1
4
3
1
6
1
12
49
1
2
15
14
3
1
3
3
2
6
3
16
1
12
1
1
3
2
2
22
3
38
8
3
8
1
10
4
1
2
3
3
2
41
21
27
1
1
5
4
8
2
9
2
13
4
1
6
1
1
2
25
39
32
3
24
2
4
3
3
13
10
3
1
1
15
2
1
7
3
4
2
38
3
41
1
9
3
1
8
7
2
1
6
1
7
21
1
1
4
3
5
1
1
3
3
4
2
1
1
2
1
29
6
3
3
1
3
3
4
3
2
1
6
2
1
7
2
5
14
6
1
6
2
23
25
6
1
2
1
3
13
4
16
1
2
6
7
2
3
15
3
2
4
3
5
1
36
35
3
5
3
1
1
13
5
43
15
4
4
1
2
1
2
2
2
3
8
2
4
2
2
7
12
2
13
11
3
1
2
2
2
4
1
6
6
6
2
6
11
1
1
1
2
6
2
1
2
1
4
1
1
1
1
35
8
18
2
3
10
7
10
3
1
2
36
11
2
3
4
2
35
2
1
11
3
4
1
8
9
1
4
1
8
4
8
2
25
25
8
1
4
1
15
3
61
4
1
1
1
1
16
9
3
1
4
71
8
1
9
2
1
2
7
1
4
2
1
1
4
4
2
3
7
1
1
2
7
1
1
2
1
13
22
4
26
6
31
2
1
15
1
104
1
1
4
16
3
5
1
4
2
16
13
2
19
13
5
13
3
2
1
4
2
1
5
16
21
2
4
4
3
2
1
4
8
1
1
3
1
3
4
2
2
2
4
5
2
4
2
1
15
5
3
8
41
1
5
2
8
6
4
6
1
1
1
15
6
2
3
1
26
1
9
7
1
9
6
2
3
21
5
13
2
1
2
2
3
3
1
1
1
1
20
3
2
1
3
10
1
21
34
5
2
11
1
56
3
44
1
3
9
1
3
3
4
2
5
3
2
5
1
1
10
2
3
8
1
84
4
11
1
2
10
1
12
1
14
21
1
1
9
1
2
6
9
6
1
2
5
3
9
1
1
7
2
7
15
16
2
2
4
3
94
2
4
9
1
7
1
5
2
1
1
14
3
1
1
2
14
2
26
6
1
5
7
35
1
2
1
5
4
1
1
6
6
47
3
3
1
3
2
1
1
6
1
2
5
16
19
2
18
59
10
10
1
10
7
2
2
2
1
3
16
5
2
42
9
1
7
1
4
18
2
2
10
2
2
1
1
50
2
3
3
5
4
4
3
2
3
6
4
14
2
32
1
3
3
63
17
33
5
1
15
24
33
5
45
1
1
2
1
6
5
5
2
1
1
9
18
23
16
10
1
4
5
6
2
1
1
2
17
28
5
14
1
10
9
60
4
5
2
4
5
1
18
19
1
1
1
5
2
2
2
25
4
5
1
1
2
7
4
3
6
3
27
6
19
2
2
3
5
20
33
8
10
10
1
1
1
1
1
5
11
5
5
4
5
33
36
1
5
2
10
31
7
1
1
9
5
1
2
3
15
2
1
2
11
9
1
1
11
3
33
29
4
2
5
17
9
19
8
1
1
6
1
3
10
1
11
3
40
2
3
2
1
3
25
11
3
3
6
9
1
11
3
12
1
14
4
4
2
2
2
1
4
1
4
4
8
4
2
1
1
2
4
1
5
2
1
50
41
29
1
3
7
1
16
10
2
1
4
24
24
2
6
1
1
20
5
1
4
5
1
4
9
3
1
2
9
3
1
2
1
1
2
4
7
1
30
1
13
9
2
1
22
10
3
7
9
1
1
7
1
8
8
15
18
1
6
1
33
2
1
31
2
10
8
3
4
2
11
4
2
17
2
2
9
9
1
1
3
27
2
2
31
8
25
1
1
1
2
1
12
3
1
6
1
1
2
2
1
1
1
3
3
4
1
1
3
3
2
4
6
3
19
2
4
1
2
13
3
10
17
4
1
15
1
12
1
8
3
1
2
11
2
2
11
20
7
5
1
7
5
7
1
2
1
1
32
1
1
9
1
2
1
3
6
1
3
33
5
1
35
1
5
29
5
53
1
