23
2
56
3
21
13
2
1
1
3
18
1
1
21
22
1
46
1
4
2
2
34
13
2
8
2
1
4
35
8
2
31
1
10
9
1
7
11
13
22
4
1
1
10
6
84
3
1
1
1
3
2
1
1
1
2
1
7
25
42
11
18
4
37
4
1
1
1
3
3
11
3
1
2
12
13
19
2
31
6
29
4
7
2
2
2
2
1
13
4
3
27
2
4
2
2
4
1
16
6
2
55
2
4
13
1
1
7
12
1
5
1
32
4
41
1
20
2
8
4
3
3
19
2
5
1
1
3
139
32
2
40
15
17
6
15
42
54
24
29
5
3
9
14
3
3
2
1
25
4
1
19
24
8
23
6
18
2
9
1
10
6
8
2
67
11
16
7
5
1
1
17
2
6
1
1
3
4
3
1
17
13
2
1
4
19
5
15
21
9
10
9
4
1
7
6
15
19
5
7
16
6
2
2
2
20
1
20
66
6
2
10
29
12
11
2
62
21
1
2
9
2
4
4
1
18
2
7
81
2
3
7
1
4
3
7
37
3
90
39
9
1
11
3
19
21
2
2
15
4
1
35
2
3
1
1
2
6
5
3
4
20
1
2
2
3
2
2
1
9
7
1
3
2
2
1
2
21
57
6
10
6
1
2
3
15
11
11
4
15
10
2
5
1
128
16
2
2
9
2
12
7
2
1
1
15
18
3
14
2
1
2
7
1
5
1
29
10
1
2
71
7
9
3
2
48
2
5
1
24
27
13
1
1
1
13
3
1
2
1
3
4
5
3
17
1
6
1
4
2
2
20
21
2
3
4
2
1
9
1
11
10
2
12
7
12
13
1
2
1
9
5
17
79
7
15
36
1
3
3
2
1
15
3
1
3
3
4
3
2
30
6
40
1
36
3
22
4
6
18
5
81
6
14
6
15
8
2
2
2
2
4
6
4
1
2
25
22
10
1
84
26
4
27
1
2
1
1
1
6
10
2
11
5
2
1
2
2
5
4
54
38
1
1
4
10
10
2
6
5
22
4
8
2
1
2
48
18
3
17
2
13
18
1
5
4
1
3
4
7
4
1
1
6
32
2
3
2
20
1
3
1
5
11
15
61
1
3
3
3
4
5
8
20
20
30
10
9
19
6
68
1
8
22
32
10
11
5
49
28
14
1
11
1
24
2
2
1
1
41
1
2
41
46
19
7
5
4
1
26
1
1
1
24
3
2
2
35
10
1
16
5
61
16
11
1
1
1
5
4
3
4
36
21
2
1
80
1
2
2
1
2
2
4
1
12
16
1
24
3
1
1
37
2
1
5
9
7
3
3
2
1
6
10
11
10
11
27
4
4
13
3
4
10
2
1
15
1
14
3
58
9
15
4
11
5
10
11
2
1
42
3
2
3
10
72
3
8
19
2
3
1
2
9
1
9
3
5
2
1
1
10
2
2
9
2
4
2
44
41
6
4
2
1
8
1
9
2
3
94
9
17
18
5
2
4
1
1
2
5
1
44
24
38
6
7
5
34
48
2
34
17
3
2
1
23
4
1
13
2
1
1
5
20
7
3
3
18
1
14
3
2
17
5
2
5
2
11
43
1
1
2
83
17
3
48
11
1
18
5
1
15
7
46
1
3
11
15
6
16
18
3
3
1
9
3
6
1
22
1
2
7
9
5
3
77
81
9
1
1
5
81
13
1
5
1
26
11
1
4
4
3
5
2
6
1
23
1
18
3
5
8
29
9
33
3
1
25
1
1
4
2
1
47
15
1
1
4
12
3
5
1
8
5
4
17
3
3
3
11
12
2
5
5
2
10
10
25
1
3
59
2
1
16
4
5
3
6
20
40
5
104
12
7
14
37
14
2
1
2
14
12
22
2
10
2
12
10
2
2
1
9
9
1
9
1
1
1
9
3
3
6
40
36
11
1
1
94
26
41
34
1
1
4
2
18
2
9
52
1
6
40
11
2
1
2
3
11
67
1
10
20
4
27
19
18
8
3
56
7
33
3
1
6
15
17
3
41
1
27
20
2
1
36
4
28
28
95
14
1
35
1
4
8
57
25
3
1
4
1
7
4
19
5
1
6
3
2
2
6
34
5
1
49
120
4
5
8
84
10
6
3
5
71
9
13
23
2
1
6
2
3
1
14
2
2
39
8
1
24
11
2
12
29
19
53
1
2
23
12
4
1
34
3
10
51
34
4
63
5
1
3
1
42
1
1
2
2
2
2
13
1
4
8
8
1
31
1
19
1
20
38
20
5
32
3
31
4
2
38
2
39
1
13
2
14
3
34
3
2
8
40
3
47
2
24
2
1
3
2
14
1
82
4
1
1
1
3
9
11
69
3
3
1
4
1
8
82
29
44
9
1
1
44
15
33
11
2
8
3
21
1
5
1
3
31
3
102
5
19
2
6
13
10
20
2
4
12
7
85
97
3
4
3
4
1
5
1
12
54
5
16
1
3
4
6
12
1
6
7
1
1
24
3
27
3
48
1
57
43
9
5
8
1
2
16
3
3
7
1
25
39
34
13
13
3
4
16
65
1
2
2
52
1
1
10
39
26
2
9
4
1
1
41
1
6
16
1
20
4
14
5
3
22
2
14
5
2
4
17
18
7
7
20
4
10
2
2
3
2
31
11
2
14
2
2
13
3
1
1
36
1
5
1
19
1
30
9
6
3
1
3
3
1
3
3
7
18
1
21
1
3
11
4
24
3
2
1
49
21
1
4
2
13
1
1
3
6
47
4
1
20
4
14
1
1
8
6
5
65
33
8
3
2
6
40
4
3
2
3
32
32
5
6
1
2
1
8
1
3
1
18
4
4
1
2
11
6
57
5
1
2
3
38
3
1
6
1
47
1
8
13
4
1
14
1
8
62
4
9
1
4
1
5
2
6
2
1
18
2
1
2
5
34
2
4
1
2
37
5
59
3
1
7
2
5
6
18
8
5
6
6
2
86
10
7
1
7
10
9
11
1
6
47
50
1
22
20
27
1
4
5
1
12
3
2
1
3
28
2
12
21
9
2
2
3
2
3
16
1
1
4
1
1
17
6
4
4
1
2
2
16
4
12
1
11
7
22
2
7
3
9
77
2
3
1
3
17
1
3
12
7
6
4
26
1
7
1
31
2
3
1
9
1
2
2
13
6
4
6
2
20
42
1
2
37
10
1
14
2
1
3
10
8
1
3
2
57
142
1
1
1
1
3
1
3
10
8
9
7
38
1
4
1
19
1
15
2
5
5
2
7
13
1
1
3
121
9
2
1
1
1
4
16
1
9
1
10
4
1
1
5
2
1
6
18
21
50
9
4
26
2
42
1
8
1
61
2
13
1
1
2
1
4
1
2
3
5
76
3
1
24
2
3
1
2
4
2
5
1
2
2
18
4
1
37
5
8
33
41
17
3
2
3
1
13
3
4
6
3
3
1
49
3
31
1
29
52
2
8
1
4
2
6
8
34
2
21
2
1
7
2
5
6
2
5
5
9
2
2
7
2
4
5
3
2
8
9
3
1
21
7
8
18
1
8
7
29
1
68
7
1
2
5
15
3
11
13
33
1
3
39
6
8
1
7
2
23
3
57
2
37
10
8
14
1
12
1
1
5
32
9
4
4
2
25
6
9
7
7
8
7
6
17
2
7
3
17
18
1
7
4
5
31
18
7
16
2
4
5
1
1
8
3
27
2
44
3
10
1
19
1
52
1
9
16
1
1
2
48
3
1
4
57
32
13
58
30
1
9
10
1
5
3
1
1
17
26
6
3
2
1
13
19
3
3
1
3
30
4
2
8
55
7
1
3
1
22
1
121
8
2
2
25
4
3
24
1
1
1
1
22
7
28
6
2
6
46
1
5
1
3
21
23
1
25
1
1
1
4
2
3
30
7
4
27
2
2
12
10
4
1
1
2
29
85
1
3
86
1
2
9
32
15
88
2
10
13
1
3
8
6
2
2
13
12
2
2
1
9
1
59
1
11
40
8
5
1
3
2
3
2
1
18
4
3
9
1
37
43
28
20
4
14
6
2
3
6
2
8
8
1
1
14
3
1
1
60
44
2
11
31
4
12
8
30
13
20
4
4
2
18
10
31
2
14
1
1
98
8
7
2
21
2
6
6
1
7
4
9
44
37
11
1
5
1
12
1
17
14
81
11
1
7
22
17
27
5
9
4
2
1
6
21
2
1
2
25
7
4
38
2
19
1
35
6
15
30
1
17
48
5
4
1
3
9
4
15
4
37
2
4
2
5
43
4
15
6
5
1
36
1
10
1
1
1
6
2
3
4
35
45
19
1
2
24
1
9
2
5
3
9
1
67
4
54
10
3
6
17
24
2
1
6
10
1
14
4
24
2
35
2
1
3
6
2
13
1
41
62
1
1
6
1
1
8
77
4
3
10
59
9
2
1
2
3
2
23
6
15
1
16
11
2
1
2
95
7
1
2
1
2
1
2
21
1
4
3
1
7
1
16
13
1
3
42
1
1
29
43
9
33
3
2
30
17
3
1
1
3
2
1
48
1
12
24
2
1
11
1
3
3
2
2
3
3
74
3
2
35
10
82
10
15
1
1
2
1
6
1
2
2
10
1
14
3
5
3
29
2
1
5
4
1
14
1
4
14
1
27
17
136
13
15
1
1
24
22
4
13
5
6
14
17
19
14
4
1
8
1
9
11
1
5
3
43
2
4
3
2
6
1
5
2
1
2
22
1
3
90
1
18
14
54
15
42
11
6
3
6
9
26
10
2
2
11
3
5
19
6
2
131
2
1
55
5
3
2
5
17
14
1
2
3
21
1
18
10
3
1
16
79
12
31
14
8
2
2
2
4
37
9
9
4
3
6
13
2
1
1
2
9
2
2
6
8
1
1
48
98
23
15
7
9
2
13
26
1
5
1
1
3
8
2
7
1
60
37
2
15
4
22
12
1
1
1
1
56
4
9
1
21
27
2
2
30
2
2
5
3
1
1
2
3
3
55
14
3
2
4
1
9
3
1
6
24
6
56
4
3
4
3
7
1
4
10
15
16
35
4
1
1
35
1
4
1
1
11
12
2
1
2
5
2
67
3
2
1
75
2
14
1
4
22
1
1
7
1
2
1
5
19
3
1
1
6
25
35
1
13
3
4
3
3
13
1
3
1
11
3
1
2
9
1
7
11
9
4
2
2
1
126
76
2
7
6
3
1
30
1
8
2
13
1
12
13
29
11
3
6
3
1
1
1
1
7
2
3
2
10
7
33
18
72
11
2
9
3
8
4
2
6
1
1
21
1
1
9
2
3
3
7
3
9
2
34
3
2
10
7
2
2
13
1
6
5
1
4
9
22
73
10
1
4
12
13
1
15
2
1
2
14
46
5
13
5
3
2
25
1
2
5
2
28
20
7
13
16
1
14
10
7
46
1
17
9
2
2
1
29
6
2
3
22
26
1
25
7
2
4
2
3
39
5
2
11
1
3
23
4
22
4
3
2
10
1
6
8
99
1
21
3
9
2
3
5
4
1
1
3
80
1
78
13
1
5
3
10
1
5
15
1
8
18
1
1
1
5
3
2
31
3
1
6
1
3
1
25
22
2
4
4
20
1
2
4
1
2
3
1
2
8
2
3
1
3
7
5
10
2
5
1
2
17
1
11
9
48
3
5
2
1
3
7
22
4
2
1
2
13
3
9
1
34
52
5
83
3
4
33
62
13
1
2
2
1
1
6
13
4
5
1
2
1
7
7
20
6
9
15
8
1
13
3
13
12
27
2
12
2
1
46
5
38
33
8
2
1
15
6
14
3
1
18
2
1
1
10
4
4
3
10
3
14
2
4
11
2
1
1
10
32
1
44
2
97
70
2
2
8
3
1
11
7
3
9
18
1
6
2
48
1
2
87
35
7
1
1
2
6
