2
6
1
4
3
1
1
6
2
7
1
1
2
3
4
8
2
2
2
1
1
2
4
12
23
5
1
1
2
1
2
4
1
2
1
1
1
2
2
4
16
2
1
2
5
3
3
5
22
1
4
16
9
6
1
3
2
2
1
12
5
2
5
5
2
3
9
21
1
1
2
4
2
1
3
1
5
6
1
18
1
1
1
3
2
1
1
10
5
3
1
2
4
5
2
4
2
1
2
3
1
19
1
3
1
12
1
1
9
26
2
2
2
1
2
2
2
2
5
2
4
11
1
1
6
1
1
3
2
1
6
3
3
1
4
1
14
2
3
2
2
7
2
3
7
22
2
1
3
2
2
1
8
3
3
2
7
1
2
1
2
20
3
3
4
3
2
2
1
6
2
8
3
1
1
1
4
2
7
8
13
5
2
14
4
2
6
1
2
7
4
2
1
2
1
1
2
1
1
4
1
1
1
4
15
4
11
1
2
1
2
1
1
1
1
3
11
17
7
3
2
8
1
2
8
28
5
4
4
1
2
2
3
9
2
7
2
5
2
4
4
11
1
1
1
3
1
2
1
3
4
12
4
2
1
