12
24
2
5
22
103
301
272
35
8
4
27
5
45
4
1
1
7
1
6
1
2
2
1
2
69
1
3
1
84
1
3
11
14
30
3
17
1
21
186
2
11
7
38
21
5
56
1
50
6
3
9
3
1
1
23
3
71
28
206
12
1
8
7
95
70
4
1
4
17
62
1
2
53
3
10
3
51
24
17
11
7
3
1
23
2
5
7
66
22
8
41
16
26
1
2
2
16
14
50
2
2
35
7
15
2
4
22
1
12
11
1
1
32
9
2
87
7
21
50
1
12
20
18
21
9
8
1
1
2
9
9
9
18
51
2
8
1
5
43
23
189
1
3
18
1
10
17
64
2
1
4
1
42
2
9
94
6
2
2
5
10
10
5
1
200
12
38
130
19
98
1
14
2
1
9
2
271
1
1
13
54
11
21
3
4
191
35
1
8
2
30
22
7
6
17
10
2
142
52
13
41
5
3
3
23
1
1
83
3
109
7
16
11
31
30
4
40
4
24
1
3
4
30
220
2
1
8
25
2
2
70
5
1
15
5
85
4
21
3
2
2
10
6
1
1
1
1
1
8
1
40
90
18
2
33
1
2
39
5
108
8
79
3
1
3
8
15
4
77
4
17
3
1
5
1
5
3
5
20
10
88
12
14
6
65
2
3
1
3
11
1
67
1
39
194
34
10
34
220
5
2
1
18
10
6
15
11
1
18
2
2
54
8
10
13
5
5
5
119
120
1
7
13
43
6
47
14
32
108
14
42
2
6
34
2
79
22
5
1
42
4
80
1
20
32
38
2
1
55
4
1
24
18
199
1
1
24
3
1
1
1
22
3
3
10
9
4
2
1
19
2
4
4
15
30
1
3
115
29
5
95
6
1
13
66
1
1
28
49
18
10
29
19
6
10
1
3
2
1
9
20
61
2
25
119
10
41
47
1
107
1
3
2
2
2
12
1
29
193
5
61
18
12
6
2
8
3
10
3
32
1
1
2
2
8
60
6
15
27
6
2
58
1
2
2
33
138
157
1
158
4
291
4
8
3
16
34
28
17
5
29
31
67
110
2
3
33
18
1
3
35
53
1
1
65
5
3
5
2
12
75
12
40
108
1
1
73
33
65
1
33
2
9
20
2
80
49
3
10
22
2
3
2
1
2
3
13
2
12
2
1
132
10
13
107
4
4
15
3
4
20
5
12
29
121
63
83
1
5
3
83
38
6
14
2
8
58
27
15
3
160
2
1
7
1
9
10
3
4
16
2
2
6
56
104
25
249
33
2
75
6
1
2
47
6
1
7
77
1
118
3
5
2
1
2
43
6
56
10
4
2
1
7
2
2
3
1
2
3
2
18
1
29
24
171
2
24
42
11
3
6
3
10
1
20
54
27
3
1
11
41
10
2
1
2
3
1
2
4
1
14
1
21
1
1
26
3
2
6
2
97
308
2
22
17
47
8
4
1
58
11
2
10
12
4
2
3
1
51
11
3
2
8
71
104
7
7
10
1
1
52
2
9
1
1
5
5
5
15
16
106
29
191
31
52
54
7
98
21
4
30
13
43
3
45
16
25
2
16
12
17
1
2
36
16
24
93
93
3
6
44
30
1
2
1
2
11
2
7
2
22
4
2
13
7
30
105
6
4
5
55
155
2
3
12
18
5
44
1
3
108
88
19
25
51
4
4
1
2
13
1
1
4
46
3
40
10
32
7
2
114
5
3
1
13
14
33
7
25
13
3
2
1
3
1
2
1
1
1
3
2
11
23
6
2
7
4
4
3
1
2
11
3
3
229
1
2
3
29
1
3
6
108
19
5
1
1
6
139
166
18
116
2
1
29
15
3
4
5
2
2
14
29
2
11
1
2
2
29
3
6
1
271
2
2
24
10
14
5
6
6
1
13
2
36
128
6
7
35
17
11
8
93
40
15
4
4
92
16
1
61
30
6
6
2
5
43
1
14
12
7
23
3
1
1
2
44
2
124
1
92
5
3
48
2
2
69
23
12
201
28
1
1
2
23
7
14
31
1
51
54
1
3
13
4
1
4
11
5
3
3
3
25
2
18
22
1
13
7
3
14
18
2
12
5
17
13
25
9
4
7
1
9
22
1
12
34
1
3
3
3
87
5
125
35
2
1
2
5
4
2
16
5
3
3
2
2
1
2
12
7
2
9
118
1
3
1
2
3
5
16
1
6
1
2
7
6
1
1
6
10
260
1
3
83
59
29
9
5
1
1
2
106
4
34
24
2
5
19
1
4
2
2
14
2
9
1
2
2
11
2
2
26
2
1
4
55
8
187
36
16
2
3
2
4
2
1
127
22
14
1
42
25
3
5
7
4
55
12
7
87
10
41
2
8
2
3
1
3
4
1
6
2
3
90
11
4
20
1
2
24
26
10
50
6
3
5
12
1
80
2
13
77
8
29
2
5
20
3
14
1
15
14
7
3
61
36
9
189
4
13
79
2
8
76
1
29
32
14
3
7
116
14
1
2
25
33
44
1
3
287
3
6
12
18
193
1
10
11
10
2
5
8
12
102
5
7
4
7
314
12
3
2
2
4
2
3
101
66
3
17
2
56
1
1
112
16
2
12
3
3
76
1
1
18
38
2
9
4
5
241
12
6
9
8
1
4
3
1
1
6
15
45
6
3
31
11
7
1
3
1
105
71
18
4
4
257
2
4
4
45
9
16
8
1
5
4
7
2
10
4
7
12
2
3
33
5
2
29
140
30
23
15
3
35
4
13
1
4
15
3
2
26
146
36
5
6
5
17
64
3
3
96
4
29
6
3
13
3
9
2
6
3
3
122
4
21
2
32
1
2
42
4
8
18
4
1
14
16
1
171
3
96
4
9
64
13
14
12
1
1
3
17
7
2
1
10
2
2
94
2
2
1
3
36
3
103
8
1
1
17
31
6
33
7
1
4
2
2
1
2
1
2
2
1
2
12
15
4
2
15
7
72
5
2
15
8
2
3
4
1
11
1
11
1
3
12
13
69
1
169
2
3
5
117
31
119
3
5
5
19
5
2
17
5
2
1
2
7
21
38
9
6
1
9
3
55
6
14
23
118
5
9
4
8
4
9
57
1
18
1
2
23
1
22
66
1
3
7
5
6
2
3
9
157
17
3
8
13
11
288
29
14
2
7
4
35
16
13
5
2
179
5
23
43
21
24
110
2
1
1
101
6
1
9
1
12
7
7
14
1
8
3
4
41
3
29
2
4
2
8
5
16
24
5
9
2
2
157
2
4
1
22
1
2
31
5
15
19
3
10
1
18
6
13
2
2
6
5
9
63
5
4
1
2
2
20
6
1
3
3
15
2
8
54
1
5
1
17
40
2
2
6
5
209
1
1
5
11
198
1
4
2
30
2
1
4
1
7
4
61
2
6
49
2
4
11
2
3
2
3
25
4
10
1
4
5
21
2
35
2
42
5
11
16
1
6
4
1
1
6
4
31
7
15
5
1
10
8
1
13
29
3
1
6
13
5
17
3
11
11
15
2
35
5
7
20
3
45
5
4
3
23
4
7
4
1
2
3
10
5
2
5
25
2
3
6
9
18
1
1
14
51
6
8
9
28
6
24
5
16
2
12
7
35
8
23
7
4
11
88
5
45
5
11
54
4
101
6
8
1
11
26
4
11
8
1
3
4
31
1
10
10
22
1
4
1
38
2
1
2
6
10
1
7
144
224
129
35
21
7
1
2
2
8
1
25
3
7
18
12
12
6
12
1
2
3
3
13
15
1
8
1
8
1
8
178
5
1
66
2
13
2
4
11
6
21
61
3
5
11
22
19
2
6
49
26
56
11
244
1
10
21
16
22
1
14
33
22
4
2
17
7
4
11
52
2
79
1
3
1
26
6
14
41
7
13
24
7
73
4
1
23
6
3
7
6
35
5
4
14
4
4
6
1
57
39
2
17
1
15
9
1
8
3
38
4
14
11
1
5
2
1
37
6
3
12
232
14
8
4
7
9
50
15
19
6
7
4
63
5
2
71
7
15
4
19
3
2
13
52
8
6
131
10
1
2
50
7
7
9
1
12
53
7
16
12
9
52
3
63
6
29
37
5
5
13
7
20
40
30
1
20
18
44
2
1
25
9
4
12
8
6
27
2
2
1
20
4
4
60
7
39
4
19
23
31
3
3
34
14
13
1
4
12
3
28
3
9
36
30
2
1
40
2
56
3
4
122
1
16
67
24
44
51
24
38
17
45
6
2
59
4
1
32
16
4
1
33
55
39
1
