29
14
13
2
1
59
2
3
136
241
293
34
26
3
2
5
5
2
12
13
1
8
25
1
198
13
3
113
125
1
19
47
69
2
146
17
1
2
156
2
3
39
1
18
3
19
17
2
2
12
36
1
4
7
3
41
96
20
3
2
1
3
23
46
143
2
44
66
16
1
15
2
57
1
4
25
16
1
195
34
8
5
9
126
22
4
129
26
383
2
53
3
3
4
45
19
2
13
4
78
20
1
33
6
136
5
3
4
5
105
3
16
20
1
1
31
2
1
2
33
35
1
24
23
128
44
1
76
5
2
1
4
6
4
22
10
1
8
30
4
272
72
1
17
26
2
26
3
8
11
35
3
18
18
6
1
70
5
2
3
4
5
2
15
1
11
6
2
15
5
6
148
2
42
2
20
1
68
4
1
2
4
56
24
8
51
5
18
1
2
4
50
1
1
74
17
28
26
1
7
47
3
16
72
5
2
16
120
6
3
107
19
18
148
1
90
4
9
79
2
34
8
45
11
9
8
25
386
1
105
14
46
1
25
1
6
2
109
1
10
5
116
25
11
2
1
149
45
88
1
2
167
16
98
26
21
10
3
9
36
1
4
6
11
3
50
53
33
3
7
121
9
40
1
3
2
229
4
39
35
12
4
6
30
5
2
5
75
20
6
3
4
2
25
2
22
2
2
16
20
12
2
36
4
6
15
12
206
2
7
9
77
90
42
11
4
33
68
7
19
133
3
20
135
169
27
4
1
5
18
9
8
14
10
175
33
12
10
2
3
2
3
1
5
164
59
101
8
16
15
193
1
1
4
15
2
25
46
23
18
158
3
10
148
1
9
1
24
2
33
17
46
1
24
12
18
5
7
6
1
101
6
3
4
16
47
8
5
9
3
1
22
6
37
12
3
2
3
6
21
2
2
5
15
39
281
3
1
1
5
6
11
2
2
4
11
5
134
82
5
48
93
5
4
220
13
1
33
4
2
1
3
1
30
2
1
6
17
9
20
36
3
1
26
12
37
49
1
15
18
17
7
7
5
2
4
3
131
73
53
10
8
73
27
6
3
15
2
2
167
2
2
41
8
9
2
21
16
3
59
2
2
2
47
4
1
16
2
4
6
7
3
1
1
3
59
4
37
1
8
53
5
170
1
13
1
9
1
38
86
9
7
5
79
2
23
10
2
255
2
24
11
27
7
23
42
2
166
3
362
3
69
82
23
1
38
1
157
11
15
34
8
4
2
50
44
6
1
7
193
8
4
9
23
2
2
117
18
31
4
53
4
74
2
3
22
179
2
65
69
177
17
3
8
26
3
38
2
4
6
26
3
61
51
1
2
34
2
1
6
5
3
23
19
3
8
65
6
193
33
2
76
3
1
2
2
312
4
20
33
1
50
112
54
11
5
36
6
12
6
34
4
44
14
5
8
5
56
88
9
83
2
23
57
2
1
18
58
319
1
7
66
1
2
21
2
2
16
183
1
74
4
18
5
48
2
141
1
2
27
12
31
16
35
39
5
1
4
23
14
29
18
3
2
142
9
18
8
114
16
14
2
34
1
39
5
10
157
34
4
102
1
8
2
9
25
12
6
8
1
3
2
124
1
50
24
11
17
20
8
22
1
138
105
25
1
4
1
3
1
33
1
2
51
45
53
38
2
70
1
8
9
8
109
57
5
6
93
2
6
22
15
3
3
13
15
62
6
7
11
23
2
30
5
5
44
3
13
18
49
3
5
3
2
2
7
36
1
4
2
3
22
292
55
4
36
61
29
6
19
3
2
1
7
8
1
103
4
2
27
29
1
12
21
1
7
1
2
2
8
14
13
1
214
2
2
1
37
1
13
12
103
36
2
1
2
5
19
4
175
44
27
31
3
3
10
22
9
50
1
21
1
4
91
49
6
8
6
13
140
6
3
4
14
14
2
19
58
107
15
127
46
3
5
3
30
11
41
2
15
19
2
3
2
3
18
16
27
65
162
5
58
12
15
3
86
183
37
9
82
37
4
7
4
1
22
83
2
184
6
20
98
2
66
42
1
50
16
3
1
160
18
22
2
1
207
1
15
2
9
4
2
3
1
15
26
15
13
1
98
31
355
230
57
11
6
3
150
9
23
6
8
3
2
2
10
13
18
5
2
35
1
5
104
1
6
42
19
1
32
8
107
25
10
31
110
1
2
8
2
192
17
8
17
10
19
1
26
4
32
5
33
5
74
20
115
21
3
14
14
2
2
10
81
2
11
10
4
62
2
1
3
21
137
9
6
5
13
34
4
187
1
2
58
3
36
4
4
2
20
2
96
3
57
4
3
5
2
9
4
1
20
5
11
20
1
2
1
80
2
