111
24
28
20
2
62
29
2
3
10
12
8
1
15
65
12
191
61
13
48
104
21
1111
59
2
4
81
116
233
215
90
12
20
398
968
47
11
12
198
2
11
76
3
3
25
4
2
1252
159
56
4
352
109
13
370
706
1
338
1
53
128
64
20
160
375
140
58
240
718
7
8
72
213
4
666
5
28
160
17
1
1
845
172
1
30
22
3
1
8
34
3
4
816
539
20
9
23
37
57
154
3
45
341
3
17
19
6
18
24
276
345
24
10
2
768
2
3
619
2
103
24
22
130
4
10
197
75
174
93
109
1126
57
1
58
49
4
339
485
6
56
1
5
62
63
903
21
46
2
227
24
21
3
1
9
3
6
35
46
976
90
54
10
48
11
136
91
57
829
29
70
6
848
52
729
414
18
27
19
50
54
308
30
4
443
1
4
10
7
320
1353
131
800
399
23
65
5
118
37
87
391
12
3
175
60
3
732
212
136
22
7
15
66
299
5
102
695
415
4
46
165
152
72
533
377
538
392
6
366
276
46
473
38
145
13
85
6
153
640
221
2
2
120
323
295
15
78
281
22
987
192
773
1
24
1
30
91
29
8
331
53
328
5
444
3
2
5
358
1022
4
1041
8
312
181
2
3
24
4
307
1206
223
215
1
31
112
4
29
3
3
137
22
519
8
188
2
143
2
9
41
4
7
1034
665
124
1151
37
6
1163
398
8
7
5
330
27
11
147
4
3
18
168
365
21
7
215
30
13
326
3
33
118
12
228
1
1026
30
12
115
2
10
46
871
4
10
40
5
111
28
16
192
2
3
2
20
27
963
104
70
101
651
210
43
16
48
5
31
5
32
828
17
3
231
346
69
67
209
5
137
30
2
132
40
43
225
47
27
27
591
7
1
390
764
13
363
10
20
156
1
60
77
13
231
12
209
2
91
32
64
32
10
1
98
1
5
21
11
28
1
7
81
17
37
663
163
50
36
581
383
41
607
111
17
9
106
127
11
91
7
14
384
1269
15
1
11
14
40
10
7
4
8
41
8
73
356
26
1090
4
274
63
825
206
136
247
136
1
11
12
63
418
25
670
23
514
3
169
10
549
12
2
77
12
114
3
2
1
775
7
5
66
273
8
90
336
3
173
201
3
96
39
153
85
3
145
7
21
18
6
1
195
39
208
12
19
266
6
667
6
16
1
4
24
136
31
73
27
20
12
1288
1000
7
30
212
24
93
85
5
1102
38
2
44
132
2
2
112
2
19
285
1
69
2
14
1
61
848
14
154
6
9
85
14
5
6
18
9
156
18
19
55
39
10
8
42
172
47
614
3
2
108
73
15
15
28
8
174
5
188
137
1
6
16
6
3
162
15
4
1308
1
135
767
31
384
6
36
25
452
116
8
2
642
174
8
83
37
8
3
2
5
45
26
13
13
70
822
149
16
252
14
4
645
12
35
600
108
12
355
363
611
6
26
64
65
37
196
13
24
19
5
433
123
2
5
1
571
15
72
1
22
4
11
42
5
36
9
5
4
129
1
1326
56
7
188
185
2
27
56
10
6
31
14
25
199
22
17
129
48
1
9
1
389
746
14
11
126
19
145
316
182
2
2
70
6
2
247
17
168
151
166
355
67
52
50
46
19
2
2
74
16
6
61
180
131
15
287
21
179
1
81
12
1334
88
