15
383
80
3
498
74
102
17
3
4
30
65
39
14
137
4
69
3
353
55
3
3
722
97
18
678
13
2
849
542
7
52
12
45
4
25
90
5
62
111
25
235
471
133
83
23
49
27
3
1321
29
176
32
154
12
612
1
256
155
83
577
37
208
89
29
1379
305
32
1
20
1502
25
322
21
20
1382
49
741
22
65
3
335
56
42
3
90
122
241
4
32
7
32
181
631
155
18
34
1649
11
4
120
735
30
5
460
31
29
101
13
6
82
23
59
254
58
101
18
33
15
12
125
97
83
153
792
267
567
137
289
141
256
430
1
699
52
1
2
1097
27
31
694
80
149
87
63
9
23
300
314
444
168
1107
482
360
251
60
115
413
1
72
86
4
343
574
1473
3
664
22
101
468
370
6
473
22
85
367
225
37
221
17
575
161
239
87
263
54
123
55
126
80
26
51
31
24
60
255
1
84
75
34
193
24
118
255
946
84
190
1034
89
5
3
27
9
54
477
68
1
232
158
195
411
43
361
4
5
173
26
466
244
241
1481
149
332
152
13
409
292
132
21
41
91
71
1
1
1
418
364
819
145
1226
221
20
252
18
6
254
2
44
2
224
4
1358
19
54
970
250
424
484
49
14
2
1168
108
1283
6
15
1
199
120
194
823
186
165
75
145
128
110
629
20
87
10
478
47
30
87
25
178
120
13
254
22
35
18
68
18
760
683
641
105
106
47
149
46
105
680
22
26
138
170
117
119
6
66
37
6
130
1
149
229
5
146
470
181
371
95
209
122
116
6
64
350
10
8
94
265
20
2
3
139
81
90
3
379
30
924
165
657
11
40
6
86
2
343
5
119
105
350
2
1
1
59
40
91
380
288
47
159
71
129
109
10
3
13
975
46
85
254
241
132
449
17
4
112
32
90
4
2
407
152
626
137
125
59
3
57
195
2
221
22
6
279
2
273
481
434
255
54
169
23
84
24
62
59
67
2
28
144
66
260
34
2
1
249
31
207
247
1
104
14
4
5
442
249
62
14
123
281
29
801
27
519
3
89
1
180
40
146
167
5
32
120
3
12
32
194
101
1
1
1
1
1
1
1
1
1
1
1
1
1
1
1
1
1
2
1
1
1
1
1
2
1
1
10
1
2
1
1
2
1
1
1
2
59
1
1
1
111
1
1
1
1
24
7
2
1
1
1
2
1
4
6
6
4
2
9
1
1
1
1
1
2
1
1
1
1
2
3
1
1
8
26
1
100
5
1
1
1
1
3
7
1
1
2
3
10
1
5
17
1
1
1
30
2
1
1
1
1
3
1
18
1
1
3
8
48
3
1
1
3
1
1
2
1
28
25
2
5
1
1
1
1
1
334
131
8
8
28
1
4
7
6
3
2
1
14
1
28
7
8
1
1
15
1
2
3
20
5
1
6
1
16
1
1
1
3
1
1
1
1
4
86
2
2
2
62
19
1
6
1
159
29
24
5
28
18
73
1
68
3
29
4
8
1
1
1
12
12
3
1
2
7
7
3
1
1
23
10
29
1
2
1
2
1
1
1
1
10
3
1
1
1
2
3
1
1
9
1
2
10
1
162
6
52
20
2
1
1
4
1
6
1
1
1
2
12
4
1
1
1
1
20
24
1
3
1
1
8
1
10
1
1
1
1
4
1
1
1
2
1
1
1
3
15
2
2
3
1
65
2
5
1
1
1
1
1
1
1
1
1
1
2
1
3
1
1
4
7
3
6
5
1
1
56
1
4
1
2
1
1
1
1
2
1
1
4
1
1
1
1
2
43
1
1
1
130
1
1
225
5
1
7
1
1
1
1
1
1
1
12
2
1
1
3
2
3
1
13
1
1
6
2
7
1
17
12
1
1
6
20
1
12
1
1
1
2
191
1
9
1
2
1
1
1
1
2
1
1
1
1
6
1
1
1
1
61
2
10
1
1
1
2
2
14
13
3
3
3
1
3
1
48
104
4
5
2
2
3
666
2
1
2
4
1
1
17
21
2
4
2
1
3
1
1
1111
9
1
50
9
3
4
6
10
1
1
4
1
1
1
2
1
1
1
4
1
1
1
1
1
1
1
1
2
4
1
1
1
1
2
3
59
1
1
9
5
1
3
1
2
1
1
1
1
1
1
1
1
2
8
2
2
1
2
7
1
2
1
1
4
1
81
3
2
1
1
1
22
20
116
7
92
4
1
1
2
1
5
233
1
4
3
1
1
1
1
1
3
215
1
5
3
90
2
2
1
1
7
2
12
1
4
3
8
3
2
1
5
2
1
5
3
2
8
3
1
1
1
5
5
10
2
1
1
20
14
191
1
1
1
2
1
1
2
7
2
1
1
1
2
12
1
398
31
6
1
1
1
5
1
1
1
1
5
968
1
1
9
48
477
47
782
19
46
22
4
5
1
1
1
4
3
1
6
1
1
2
1
2
2
1
1
3
1
4
1
45
187
2
1
1
29
52
11
123
325
106
12
15
1
1
64
21
2
3
1
1
1
10
3
123
1
1
70
1
1
3
2
3
4
7
12
1
4
12
4
1
56
144
3
248
5
198
12
105
1
11
249
30
3
12
2
1
5
16
15
2
10
3
131
51
121
2
2
129
1
21
20
18
7
1
1
1
1
2
11
1
1
8
7
1
3
1
1
10
31
1
1
114
76
4
4
1
1
3
504
3
1
2
1
1
5
1
1
1
1
2
1
4
1
1
2
2
32
27
1
3
1
1
1
1
1
1
1
5
5
1
2
1
1
3
81
1
11
1
2
2
25
1
1
17
1
4
1
1
1
4
1
3
1
4
1
1
1
1
1
2
2
18
11
2
8
1
2
2
3
9
9
3
1
3
1
1252
2
120
6
6
80
7
3
1
3
6
1
5
1
1
1
7
70
3
1
2
1
1
7
5
4
1
159
1
1
1
3
1
1
1
2
1
1
33
2
5
7
8
1
44
12
6
6
3
1
6
1
1
1
13
14
12
1
6
15
1
1
4
1
5
1
12
4
1
1
10
3
1
56
1
3
1
16
1
15
1
4
2
2
1
2
1
1
1
1
1
89
5
1
2
11
2
1
2
1
1
9
1
1
4
1
2
2
1
1
6
1
352
6
4
13
109
16
13
108
1
370
8
2
1
5
1
6
1
4
89
1
1
706
8
4
1
2
2
1
8
3
1
1
12
1
1
1
1
1
1
2
1
1
10
1
1
2
1
3
1
2
2
1
1
1
42
1
1
2
27
1
1
2
1
1
1
25
23
1
338
1
2
28
7
7
1
1
1
1
1
13
1
1
2
2
4
1
1
5
2
1
1
1
1
1
1
1
1
1
1
1
1
1
1
1
2
3
23
4
1
1
3
1
1
1
1
1
1
1
1
1
1
1
2
1
53
2
4
1
6
1
4
1
1
3
1
11
1
1
1
1
2
9
1
17
1
22
3
2
1
2
2
3
1
1
2
4
5
1
1
4
2
1
2
1
6
1
5
2
14
1
1
1
1
2
2
1
6
128
36
1
1
1
1
1
4
1
10
1
1
3
1
2
3
3
1
1
1
1
1
3
64
1
2
1
1
1
3
1
1
3
1
1
13
1
1
1
2
1
3
1
2
5
3
3
3
3
4
1
1
1
2
1
1
18
20
1
1
1
1
1
1
5
81
1
1
1
1
3
3
1
6
2
21
1
1
1
1
7
14
2
1
1
160
1
1
1
5
7
1
7
2
3
6
2
1
1
2
2
1
1
1
1
2
3
2
1
375
1
43
1
1
3
3
1
1
1
1
1
3
1
3
8
1
1
1
140
1
9
2
1
2
25
5
3
1
2
2
1
1
3
10
1
8
58
6
1
19
2
1
10
18
1
1
8
1
4
1
1
1
1
1
240
1
2
1
718
16
310
48
13
11
27
7
1
30
2
1
20
25
7
1
1
1
2
8
4
8
1
25
3
4
13
1
1
1
72
2
5
1
3
1
1
4
1
1
4
2
1
1
17
3
1
213
26
3
4
138
1
1
1
5
2
1
1
2
1
1
1
5
2
1
1
1
1
1
1
1
2
1
1
1
1
10
1
1
1
7
1
4
3
1
1
1
1
2
1
1
1
1
2
1
1
2
2
2
1
1
1
1
1
1
1
1
8
11
37
1
1
1
1
1
1
1
1
666
1
1
2
1
4
1
1
1
5
1
28
1
288
1
1
1
1
3
1
1
1
1
1
1
160
2
1
1
2
1
1
1
1
1
8
2
1
1
1
2
1
1
1
1
1
1
1
17
1
1
2
2
1
1
1
1
2
1
1
1
1
2
1
1
4
1
1
30
1
1
2
1
5
1
494
2
1
1
1
1
1
45
9
10
42
1
1
71
7
94
1
5
1
1
1
1
1
1
1
3
1
2
3
1
4
3
1
1
7
1
1
1
3
1
1
1
1
1
1
1
1
1
1
1
1
2
1
1
4
2
1
3
9
1
1
1
8
2
1
1
4
5
1
1
4
1
1
1
3
1
1
3
1
1
2
1
1
1
3
1
1
1
1
2
1
1
1
2
3
8
2
5
1
6
1
2
7
1
2
1
1
3
1
1
1
2
7
2
1
2
2
1
2
3
2
1
1
1
1
1
7
1
6
5
1
845
172
2
2
2
3
88
1
3
2
1
8
1
2
9
1
1
38
43
3
1
1
1
7
2
2
8
3
43
1
2
8
4
1
7
28
2
40
1
1
7
2
54
2
1
1
1
2
85
21
2
43
46
19
1
15
4
6
22
2
1
81
1
6
4
6
15
15
8
195
3
17
9
34
1
4
23
2
17
30
51
1
22
21
5
3
1
1
8
22
28
2
1
6
4
1
158
1
4
1
1
4
1
14
2
3
47
19
6
3
1
8
14
7
9
23
3
2
34
3
23
15
5
2
2
3
3
3
5
1
2
2
1
1
4
1
11
1
6
1
1
1
2
1
1
5
1
2
6
40
1
93
11
816
1
1
2
7
1
172
4
5
1
4
30
2
22
137
2
11
1
3
2
1
16
6
1
5
44
1
3
3
539
20
36
3
7
53
4
7
1
2
1
1
36
2
2
8
89
3
1
1
2
44
1
2
39
1
5
1
2
1
1
1
1
1
1
15
1
1
1
7
3
1
2
6
2
1
1
1
10
1
1
1
1
1
146
15
33
25
9
8
65
1
1
1
4
23
1
1
4
1
1
4
10
4
1
2
1
61
37
11
1
2
57
21
1
21
1
4
1
3
1
1
4
1
1
1
70
4
30
154
44
1
1
2
1
2
3
2
27
45
1
2
25
15
4
3
4
1
6
341
10
1
4
21
1
1
1
1
1
3
1
7
1
2
2
1
4
3
20
1
3
1
2
17
20
19
1
264
6
2
1
1
3
1
1
2
18
1
3
5
1
4
34
24
5
51
11
1
109
1
2
11
37
276
2
37
6
47
9
2
3
1
13
1
2
1
2
5
14
345
1
1
1
1
1
1
1
16
1
223
7
1
24
3
1
4
2
21
1
1
10
2
5
4
8
1
1
4
2
3
4
1
2
768
1
3
15
1
1
91
1
5
1
1
2
1
2
13
4
2
2
517
1
1
2
132
13
1
3
9
1
1
1
1
1
5
1
1
4
3
1
1
1
1
1
1
5
3
3
4
7
1
1
2
3
2
5
3
49
14
24
2
7
1
2
1
13
1
1
1
2
1
4
1
14
1
21
619
1
1
11
3
2
2
2
2
1
2
2
1
1
4
2
1
1
2
29
103
16
1
1
1
5
2
1
1
1
1
32
19
3
15
1
2
1
24
22
242
13
1
1
1
2
2
1
1
21
1
14
18
2
2
5
10
1
1
1
2
1
13
1
1
1
5
6
2
1
29
8
2
1
7
130
1
1
6
4
1
1
2
1
8
1
2
6
10
1
37
63
9
16
1
12
14
172
197
25
155
199
61
1
10
1
1
1
75
1
1
1
76
63
1
1
15
174
93
5
41
605
3
18
2
2
3
1
109
1
1
4
14
4
27
1
17
1
1
3
1
1
2
1
9
1
7
1
2
1126
1
2
1
1
2
1
4
1
7
2
20
11
57
2
1
1
53
1
1
157
2
26
3
2
1
1
8
97
6
4
1
1
2
1
1
1
2
1
1
1
143
5
1
1
1
5
1
1
5
6
2
58
49
9
1
78
1
1
24
1
1
4
78
4
339
3
2
25
14
485
1
2
7
1
1
1
2
1
47
1
6
6
2
1
1
8
1
3
56
2
3
2
1
7
2
1
1
9
1
1
1
8
4
1
2
81
5
2
1
3
3
154
1
3
1
62
22
2
10
41
1
1
1
2
2
2
2
9
4
1
7
2
1
1
1
1
63
1
2
3
13
9
16
1
2
1
7
26
2
9
1
7
6
3
2
4
1
8
19
9
1
1
2
1
1
1
2
19
15
903
3
9
2
5
2
21
196
1
166
1
2
46
9
2
8
1
1
227
1
1
4
2
6
8
24
21
1
1
8
2
4
6
2
1
26
3
9
2
12
8
1
1
3
1
1
4
3
3
5
62
3
14
1
15
3
2
1
1
39
2
1
386
1
1
1
1
1
12
26
1
5
3
13
2
2
8
2
1
7
2
1
2
10
4
8
7
9
26
4
1
3
2
2
1
6
6
2
1
1
1
1
1
1
10
3
1
4
2
14
6
10
10
58
19
32
3
7
23
6
64
35
1
9
1
38
1
1
2
4
1
1
46
4
11
1
1
4
976
6
1
90
24
5
1
1
54
10
6
1
1
2
2
1
1
8
1
1
1
4
1
2
48
1
1
1
11
1
1
1
117
1
11
5
17
1
136
1
1
3
2
19
1
1
1
2
1
1
1
1
28
1
1
1
5
1
1
6
19
1
4
1
1
7
34
3
2
1
7
4
1
1
1
10
11
6
1
2
9
22
1
4
2
3
303
91
7
3
1
1
1
1
28
1
4
1
1
2
2
5
2
2
8
1
1
1
2
2
1
20
2
1
57
16
39
32
1
829
16
1
1
1
1
3
1
2
1
3
29
43
8
18
53
70
449
16
17
3
7
916
1
2
14
2
1
23
14
1
1
1
4
3
1
7
9
6
1
4
7
1
1
26
1
17
3
2
1
2
7
4
848
353
1
2
1
1
2
49
1
1
1
2
52
2
1
4
1
729
414
21
18
4
2
2
3
1
1
1
1
27
19
36
1
2
1
1
1
407
1
3
1
3
1
1
1
2
21
2
3
1
1
4
1
1
1
9
3
1
1
8
1
3
2
1
1
21
3
32
2
1
1
42
14
14
32
1
1
1
50
2
1
1
2
3
3
2
5
11
25
126
54
308
231
30
11
3
2
1
13
13
4
2
1
30
443
2
19
59
4
1
1
255
1
2
3
25
3
12
119
1
7
2
1
14
32
2
1
2
4
3
5
8
5
1
5
1
1
2
1
10
1
32
1
1
7
1
1
3
42
1
18
1
5
14
2
6
1
5
2
3
1
1
1
1
7
11
36
32
1
1
1
5
320
9
3
5
1
21
2
4
3
2
1
1
1
20
1
1
6
5
1
1
1
1
1
1
5
14
4
14
18
26
3
1
3
4
1
3
5
1
3
2
1
1353
1
1
131
8
6
3
800
1
1
2
7
3
3
1
399
1
1
1
2
5
1
1
3
1
1
2
8
1
1
2
3
7
1
62
23
1
23
2
2
2
3
6
24
2
24
32
3
17
1
1
1
4
1
12
1
2
1
71
2
4
1
2
1
9
60
13
65
139
327
4
5
1
3
2
9
2
85
118
1
1
1
1
1
3
4
4
1
2
7
6
2
37
14
6
17
1
87
13
391
2
1
1
1
1
1
1
12
22
59
1
1
1
1
1
42
59
146
19
1
1
1
1
1
1
1
1
1
1
4
1
1
12
3
1
1
1
1
2
1
8
5
1
1
1
1
2
1
1
1
3
2
175
1
2
1
18
2
15
44
4
13
2
1
8
1
1
1
1
1
20
2
1
60
1
1
27
243
3
3
2
56
1
24
404
85
182
4
242
12
20
1
1
732
1
2
1
1
1
1
2
1
1
212
1
5
23
2
3
1
1
1
1
1
1
1
1
2
1
3
2
136
304
1
1
1
1
22
31
48
1
1
1
1
2
15
3
1
1
9
1
1
1
7
15
1
22
30
1
1
4
2
7
5
18
1
1
1
1
1
1
1
1
1
66
1
1
1
1
1
1
1
1
1
1
2
1
59
39
299
1
1
2
1
2
1
2
6
2
1
1
1
24
1
37
11
32
28
9
2
5
1
1
1
1
167
102
2
1
1
695
8
5
4
2
3
415
3
6
1
1
1
10
5
1
4
2
279
1
1
2
8
11
1
40
2
7
10
2
2
109
3
44
185
46
12
165
77
132
97
19
1
3
1
15
16
17
3
2
2
2
3
1
17
3
17
1
12
2
8
1
1
1
3
1
152
4
2
3
6
89
72
1
3
7
4
1
3
533
1
1
1
3
2
2
1
7
1
85
1
1
5
1
4
83
377
1
16
6
2
7
16
13
20
4
1
1
7
2
1
1
18
11
7
538
3
392
168
378
1
4
6
5
5
8
366
3
2
7
276
34
46
5
473
3
19
28
9
1
204
1
591
1
66
1
8
137
8
58
72
38
145
1
92
7
1
1
1
1
4
23
1
1
13
1
1
12
2
2
2
5
1
3
15
1
1
5
3
1
3
3
1
3
2
21
1
1
1
3
1
2
2
5
1
2
2
5
1
14
4
85
5
3
1
3
6
7
153
1
640
253
9
22
26
19
2
3
2
1
35
221
11
2
239
91
1
1
1
2
2
13
1
2
13
1
1
120
323
1
2
11
82
1
89
1
204
19
104
66
1
1
1
2
2
2
1
1
17
4
105
10
4
171
4
12
1
3
1
1
12
3
295
1
3
2
1
3
4
2
1
74
2
2
15
1
1
4
1
3
6
1
1
8
1
1
3
26
1
1
2
1
2
1
1
3
1
2
1
1
20
1
58
1
1
78
1
1
1
4
1
4
1
1
1
12
5
42
3
67
1
167
1
11
111
1
4
281
2
1
24
14
22
1
1
1
1
1
2
1
987
2
17
1
1
1
1
1
1
1
4
1
2
11
1
1
2
33
4
1
1
1
1
1
1
1
1
1
1
1
2
3
1
1
4
70
4
1
1
3
2
1
1
1
192
1
1
1
1
1
3
1
4
1
1
1
1
1
2
1
1
1
1
1
1
2
2
1
1
2
1
1
1
3
8
7
1
1
1
6
1
13
1
16
2
1
2
6
1
1
2
1
773
1
1
5
2
1
2
6
1
2
2
1
1
1
1
1
65
1
2
1
1
3
1
1
1
1
1
1
46
1
1
1
6
1
2
1
1
1
7
1
6
1
3
24
46
1
98
20
10
14
4
5
17
30
3
30
29
2
1
283
269
632
18
1
1
1
3
42
1
1
1
1
1
1
1
91
1
1
1
2
1
2
1
1
1
1
4
6
29
1
1
2
1
1
1
2
1
2
2
8
3
100
36
19
331
1
29
332
1
53
1
2
1
2
3
1
2
11
1
2
4
6
5
328
1
1
59
1
27
14
1
128
1
4
7
1
6
1
1
1
54
5
67
3
1
1
1
2
8
1
2
3
1
1
1
12
8
1
1
1
1
1
1
1
444
1
89
14
3
1
1
1
199
3
4
1
3
43
8
2
1
1
18
33
2
1
5
22
2
1
1
51
13
268
3
358
254
2
2
4
1
1
1
2
2
1
1
1
7
1
2
1
4
1
2
1
1
1
1
7
1
1
1
2
2
1
2
1
1
1022
1
1
9
10
1
1
1
10
1
2
2
1
15
1
7
2
1
7
1
1
4
3
2
1
2
2
2
1
3
1
2
2
1
1
2
1
1
239
1
2
1
1
1
3
1
1
2
1
1
1
1
2
2
1
1
1
1
1
2
1
1041
20
1
1
2
3
1
1
5
50
1
1
5
2
5
3
1
1
2
7
1
2
1
8
19
2
9
2
14
1
2
3
5
1
2
1
4
2
6
14
2
10
1
3
1
3
1
2
2
312
6
1
59
1
3
1
1
181
2
1
7
1
2
1
2
1
1
1
15
1
3
1
1
7
2
1
2
1
1
3
2
1
1
1
1
1
1
12
1
3
1
36
1
2
7
21
1
1
1
175
1
2
1
3
66
1
1
1
1
1
1
1
2
1
1
1
1
2
1
24
54
11
4
1
307
1
1
1
1
1
1
1
3
1
1
3
2
1
1
1
1
1
1206
3
1
1
119
90
13
8
1
1
1
9
1
1
223
2
1
1
50
13
1
1
3
2
3
7
1
9
3
2
4
1
1
1
86
3
1
12
6
215
1
3
1
1
1
1
135
35
1
1
3
1
28
224
2
1
1
1
2
17
9
23
31
223
1
1
1
17
20
4
11
8
2
112
48
9
55
6
4
2
1
2
1
2
1
2
1
2
5
4
1
1
1
1
3
4
1
2
1
1
1
13
1
2
1
2
1
7
2
33
9
21
29
50
90
55
1
3
1
1
4
1
1
2
1
3
2
1
1
3
1
2
2
1
16
1
1
3
3
9
2
137
626
1
4
22
2
2
2
2
1
2
1
2
7
2
2
8
6
1
1
1
1
6
7
1
2
1
1
1
12
1
4
1
3
1
1
1
1
519
1
1
18
1
18
1
7
51
1
1
47
1
3
2
1
233
1
2
1
8
2
7
1
3
2
1
1
1
1
1
6
1
5
1
1
4
1
295
10
1
1
1
1
1
188
10
4
1
1
1
4
2
2
1
1
2
3
2
3
4
27
143
1
1
2
1
1
7
4
94
1
1
1
3
1
7
2
4
1
1
3
2
16
4
2
1
1
1
3
1
1
41
15
12
23
16
1
3
1
11
4
2
1
1
1
1
30
9
6
1
10
91
41
1
1
1
8
5
2
1
1
2
70
2
4
4
1
1
2
68
21
1
1
1
19
1
1
1
6
1
4
2
281
10
1
2
1
1
1
11
1
1
1
14
1
1
1
4
1
3
1
1
4
10
1
6
3
20
63
7
1
1
1034
1
1
1
1
1
2
1
1
665
1
1
1
2
1
1
4
2
1
3
10
82
1
35
1
4
16
318
2
1
2
4
1
1
1
1
5
1
1
1
1
2
1
1
1
1
1
1
1
2
3
1
1
124
5
4
1
1
4
1
6
2
2
365
1
1
7
1
1
1
24
3
2
1
1
2
1
2
1
1
1
1
4
1
1
1
1
1
1
2
1
2
3
1
1
1
1
1
1
1
1
3
1
1
1
1151
1
10
1
1
1
1
15
1
98
37
15
6
5
11
11
7
14
1
1
2
1
12
1
3
1
1
2
1163
1
1
4
6
3
3
1
1
2
1
1
1
1
1
1
1
2
4
398
1
1
1
1
5
4
1
2
1
1
1
1
1
1
1
1
1
5
16
5
26
1
4
8
30
32
50
50
34
89
43
19
1
1
1
1
1
11
2
1
2
1
1
9
9
1
1
1
1
3
74
2
1
50
7
1
1
1
1
3
3
7
7
3
1
2
1
1
16
11
1
1
3
41
1
5
4
6
9
3
1
1
2
1
1
5
1
25
5
1
251
1
1
1
10
1
1
1
1
1
1
1
1
1
1
6
1
1
2
1
1
1
330
2
2
1
1
1
1
5
1
1
13
392
27
3
1
1
3
1
31
5
1
1
1
1
5
1
1
1
1
1
1
2
1
1
1
2
1
1
1
1
1
1
1
1
1
2
11
22
147
1
2
1
2
1
1
1
1
3
1
1
1
1
1
1
1
4
4
1
1
1
2
1
1
4
1
3
4
8
16
1
2
1
46
1
1
1
1
1
2
1
1
1
1
1
1
18
6
1
1
2
1
9
1
4
1
9
2
1
1
3
3
19
4
3
1
168
1
31
365
1
1
2
1
2
20
3
1
1
1
1
1
1
1
1
1
21
1
1
1
1
24
5
1
6
1
7
3
1
1
3
3
1
7
1
11
7
1
1
1
4
2
1
1
2
215
1
2
3
1
1
1
1
1
1
9
1
1
30
1
11
3
1
1
3
2
28
13
1
4
3
2
1
1
4
1
1
1
1
1
5
1
1
1
1
1
158
1
9
1
2
1
326
2
4
240
3
1
3
1
18
1
85
1
81
3
11
12
1
2
1
52
31
1
1
1
1
8
33
1
259
69
2
1
6
212
1
1
1
1
20
1
8
118
1
1
1
1
1
1
1
1
3
3
23
2
2
1
1
1
2
2
1
11
3
1
4
1
2
1
1
48
12
1
1
1
1
1
1
1
2
1
1
1
1
2
3
1
15
1
228
9
126
1
1
1
1
3
1
1
452
2
3
1
1
3
2
1
1
2
2
1
6
1
1
1
1
1
1026
1
1
4
1
1
1
1
3
1
1
1
10
6
1
1
1
1
1
1
1
1
1
2
1
1
1
1
1
1
1
3
1
2
4
6
1
1
2
109
1
1
3
1
1
1
1
1
1
2
30
1
311
12
1
223
48
12
2
2
1
1
248
7
3
2
1
1
1
2
19
1
10
1
1
5
8
115
1
1
1
2
2
1
2
2
19
1
30
53
169
26
10
9
2
2
1
1
1
1
1
1
1
1
2
1
1
1
2
1
20
10
46
84
361
1
1
4
1
1
3
1
1
1
1
1
1
1
123
4
1
2
8
2
1
10
5
1
871
1
2
4
10
1
3
3
1
1
1
1
1
1
6
21
107
1
1
1
18
2
2
6
2
4
2
9
2
1
1
1
16
36
1
1
1
1
1
1
53
1
1
1
1
10
1
16
1
1
40
1
1
5
1
1
1
3
2
1
3
1
3
1
111
1
43
3
5
11
2
1
1
1
111
1
1
1
1
1
1
1
4
2
2
1
4
9
4
3
5
4
1
1
1
8
4
2
1
28
16
2
1
3
1
1
1
2
1
1
7
1
1
1
1
1
2
1
3
1
4
1
1
3
2
1
1
1
1
1
1
9
1
1
6
1
2
1
1
1
1
1
2
28
4
1
1
1
3
192
2
2
1
34
7
1
1
4
1
1
1
1
1
1
2
1
2
1
3
4
1
1
1
1
1
1
2
1
1
1
18
36
1
20
1
1
1
4
2
1
1
6
1
1
1
1
3
1
98
1
1
2
1
1
1
4
1
1
1
1
1
2
1
13
3
76
1
7
4
2
170
1
4
1
1
1
18
10
1
1
1
2
2
27
1
963
104
1
3
2
1
2
1
21
2
1
1
70
1
1
1
1
1
4
1
2
1
1
3
1
1
1
1
1
1
4
101
651
25
38
8
3
8
74
40
15
1
19
162
1
25
15
3
14
1
1
3
11
1
1
1
1
1
1
1
3
1
2
11
1
1
1
1
1
210
1
1
1
31
13
1
1
1
3
3
1
1
43
1
1
1
16
20
1
1
5
1
22
40
48
2
2
1
1
4
2
2
13
3
1
3
8
5
71
38
1
186
1
1
1
3
2
1
1
7
2
1
1
1
2
31
1
1
1
10
1
2
1
1
5
25
1
1
1
1
1
32
1
71
1
1
1
1
1
6
1
4
1
2
2
1
1
1
2
4
2
1
11
63
828
24
1
1
24
1
2
2
1
3
17
4
1
1
4
4
1
1
1
4
1
7
14
1
1
2
1
1
14
11
1
1
1
1
12
20
2
2
36
6
1
1
17
3
1
1
1
231
346
2
2
2
1
8
1
142
134
69
213
4
1
1
7
1
9
1
1
1
1
2
1
1
1
67
1
1
1
1
1
12
1
1
2
21
2
11
1
1
1
5
1
2
1
1
1
1
2
4
12
1
303
1
6
15
3
1
2
1
1
1
1
1
2
6
1
12
1
4
1
1
2
1
209
1
1
2
16
5
6
1
18
2
1
1
1
1
1
3
1
1
1
2
4
2
1
2
1
1
3
1
1
137
1
2
1
1
7
30
1
1
1
6
1
1
37
1
1
25
1
1
5
1
1
1
6
2
40
5
1
132
10
32
44
2
1
2
1
40
3
1
2
3
3
4
43
158
15
90
97
225
6
12
33
1
1
1
47
1
13
2
25
45
1
1
1
6
1
1
1
1
2
2
5
1
3
1
1
27
1
2
1
1
2
3
1
27
9
82
591
3
9
28
34
1
1
1
2
1
2
22
7
1
1
1
1
1
1
1
1
1
70
1
1
1
390
1
1
4
3
1
1
1
764
2
21
5
6
63
1
1
5
1
1
10
7
1
2
1
2
1
1
1
3
6
5
2
1
4
1
11
103
1
17
13
1
2
16
1
4
363
1
2
3
1
1
1
1
47
8
8
1
1
3
1
3
1
3
2
2
1
2
2
1
47
10
1
1
85
2
1
15
2
30
34
1
1
1
5
1
1
6
1
2
3
1
2
1
1
1
3
1
5
5
40
582
7
1
20
1
1
1
156
1
2
2
1
4
1
1
26
1
3
4
1
1
14
1
1
1
1
1
1
2
2
1
1
1
2
1
60
51
2
2
1
2
1
1
2
1
11
1
36
77
1
2
1
1
38
1
1
1
13
1
1
1
1
1
1
2
2
1
1
1
7
2
6
11
2
2
1
1
39
1
10
1
2
1
1
1
1
1
1
1
1
1
1
1
1
2
1
3
1
1
1
2
1
2
1
3
1
1
13
1
1
1
15
33
27
5
231
10
1
2
12
1
1
1
1
2
1
1
2
2
209
1
2
105
1
9
1
1
1
1
2
151
10
2
1
1
1
1
1
1
5
8
4
1
1
1
1
1
2
28
4
7
1
1
11
1
1
2
9
3
1
2
1
2
1
2
6
2
1
19
2
1
1
2
42
91
22
1
41
2
2
32
53
3
1
64
6
7
2
2
1
51
1
2
1
1
32
1
2
2
1
1
1
1
8
2
1
10
1
1
1
6
3
5
1
9
75
2
1
1
1
1
1
6
1
6
1
1
1
3
1
251
2
98
1
2
1
3
5
1
735
1
1
4
1
150
2
4
2
2
10
1
1
7
17
1
1
1
2
7
5
5
631
1
1
2
1
6
5
1
1
2
1
10
2
5
3
5
5
1
7
1
24
3
3
5
1
21
9
1
1
1
3
6
5
1
130
1
2
3
3
11
1
1
1
1
4
1
36
1
1
53
373
28
31
1
12
12
1
12
34
24
11
7
44
435
81
146
44
32
591
2
2
1
1
2
1
1
2
6
32
3
3
3
1
1
1
1
1
1
278
17
2
8
2
1
37
1
1
1
1
9
1
1
3
1
1
1
3
1
2
1
2
1
1
1
90
1
1
1
1
6
9
33
1
1
219
2
1
1
1
1
663
1
4
120
163
4
6
2
70
18
1
4
11
50
42
1
2
1
2
15
1
1
2
2
1
1
2
7
1
1
4
1
36
1
1
2
1
1
2
1
8
1
6
2
4
2
1
2
1
1
1
4
2
15
1
1
6
581
56
1
130
63
2
70
26
3
43
69
3
1
1
1
2
1
1
4
2
2
1
2
1
1
1
1
1
383
1
1
2
7
46
1
4
8
1
1
11
1
1
2
24
8
9
1
6
1
41
28
1
2
4
1
1
1
2
1
1
8
1
1
3
1
2
1
1
2
12
1
1
607
1
1
1
1
6
1
2
1
2
2
4
1
3
12
1
4
1
1
4
1
4
3
1
1
1
10
1
1
7
1
1
1
2
2
4
1
1
1
4
5
1
1
6
2
111
15
1
1
2
2
1
1
4
1
1
1
1
1
9
1
1
1
3
17
2
8
10
1
1
1
1
2
9
1
11
2
1
2
1
1
1
1
1
1
1
1
4
6
1
2
3
1
9
22
106
127
86
52
15
11
1
1
1
47
1
1
1
91
1
1
3
1
10
6
25
1
1
7
2
1
14
1
1
1
1
8
1
6
1
5
5
384
40
1
1
1
1
1
2
1
1
4
2
8
1
1
1
4
7
1
1269
65
1
34
15
17
1
3
4
11
1
1
1
1
2
14
2
1
3
1
40
2
10
1
1
1
4
1
7
1
1
3
2
1
1
1
7
3
28
1
1
4
11
6
2
1
3
2
64
2
52
1
2
1
1
1
1
10
1
11
45
8
41
2
1
1
3
1
1
2
1
1
2
21
1
1
1
1
8
15
1
1
6
73
1
5
1
1
2
1
4
1
1
3
20
1
1
1
2
1
2
356
26
1
1
3
3
1090
1
1
5
1
5
2
4
4
1
16
5
3
1
2
2
3
1
4
1
3
1
1
1
1
1
1
5
5
274
2
37
63
825
4
1
1
5
21
2
1
1
23
2
1
1
1
2
1
5
3
1
1
1
21
3
1
67
2
2
2
1
1
5
1
1
3
2
1
2
2
1
2
12
1
2
2
4
1
1
1
1
2
1
2
1
3
2
1
1
1
1
206
2
8
3
1
1
1
1
136
247
1
2
6
136
3
3
3
7
2
2
1
2
1
11
1
1
1
5
6
1
1
1
1
1
1
1
1
1
11
13
12
36
18
1
1
1
1
1
3
63
1
418
1
3
1
1
25
1
670
4
1
1
3
1
1
6
1
47
6
1
1
1
1
2
1
3
1
1
1
1
1
1
1
1
1
1
1
23
1
2
1
13
514
7
1
3
20
11
2
6
43
73
1
11
94
8
3
83
1
1
1
2
25
6
259
2
9
1
1
1
8
1
108
14
1
169
1
1
30
15
2
3
2
4
10
36
1
265
409
24
1
17
44
83
26
10
5
3
243
1
40
4
19
9
549
58
12
20
26
5
137
10
18
105
1
43
1
2
3
1
1
23
1
2
1
2
1
1
12
3
10
77
114
40
3
4
4
4
3
2
12
285
114
1
1
1
3
1
1
2
3
1
1
1
25
3
4
2
1
5
1
3
15
1
1
7
1
13
2
7
1
5
3
2
1
1
6
1
1
1
256
2
3
1
5
1
1
6
1
1
1
1
3
1
1
775
2
2
1
1
1
1
1
7
1
4
5
1
3
2
1
2
1
4
1
1
1
36
5
1
30
1
1
2
5
16
2
1
3
9
1
165
2
1
1
2
3
8
1
1
1
1
90
26
1
2
6
1
1
3
1
1
1
6
1
7
1
1
1
3
2
3
145
1
1
23
247
1
1
18
2
6
9
1
1
1
1
4
66
4
1
1
1
46
1
273
3
5
3
4
1
2
2
1
1
1
9
2
1
1
2
2
1
1
3
1
1
1
1
1
9
8
1
1
3
1
5
2
3
3
1
1
1
1
8
1
1
1
1
2
1
90
1
1
1
2
1
1
3
1
1
4
31
13
1
1
8
4
1
2
1
5
1
1
1
1
3
1
1
1
1
10
7
13
5
14
1
4
1
1
3
7
1
2
1
30
10
49
3
2
1
2
2
1
1
1
1
5
2
2
1
1
2
1
2
1
6
4
1
14
336
2
1
1
5
1
1
49
1
1
1
8
3
1
1
8
10
1
1
5
1
2
1
1
6
4
273
3
31
10
1
1
222
1
30
3
1
3
9
1
2
2
2
1
1
1
2
1
1
1
1
2
1
4
3
1
1
5
3
6
4
5
1
14
1
28
2
78
1
1
1
1
3
5
13
3
2
173
12
3
201
8
10
11
20
3
6
2
4
2
526
14
193
7
1
37
96
1
1
1
2
2
1
1
1
1
1
2
1
1
1
1
2
44
93
2
1
96
13
1
1
1
1
2
2
1
1
7
1
1
1
15
1
1
1
39
1
1
1
10
3
6
13
1
18
29
9
153
5
85
3
2
145
4
7
1
160
21
18
40
112
1052
6
30
8
26
1
29
1
4
130
16
3
6
3
1
2
10
2
1
195
2
27
12
2
1
39
1
2
1
208
52
4
1
3
26
1
1
2
1
1
1
1
3
1
46
3
3
1
1
1
8
1
1
2
1
5
47
12
1
1
19
1
1
1
1
1
1
266
1
1
1
3
51
89
6
667
1
1
4
3
2
1
1
1
1
2
2
3
1
5
1
1
4
46
1
2
1
2
1
1
1
3
6
3
194
8
1
1
1
1
1
101
3
16
28
1
37
8
6
4
1
1
1
4
1
13
1
1
2
1
1
3
6
1
1
13
1
1
1
1
1
1
1
1
5
2
1
1
1
1
1
1
1
5
1
1
1
1
1
1
1
1
4
87
1
1
1
1
1
1
1
1
1
1
3
1
3
2
1
1
1
1
2
1
2
1
1
1
1
1
1
1
1
1
1
24
1
1
2
1
1
3
1
136
2
31
11
9
1
1
1
1
1
2
1
12
73
39
104
53
257
3
7
1
5
1
27
51
21
1
83
55
15
5
724
20
24
2
1
1
1
1
1
12
1
1
3
1
3
1
1
1
1
1
1
1
41
3
1
68
3
1
1
1
2
25
1
1
2
1
1
1
2
1
3
1
3
1
1288
2
1
2
2
1
1
1
12
1
1
1
1
1
1
1000
1
1
1
7
13
460
1
2
3
1
1
2
5
1
1
3
1
1
1
11
4
1
30
1
1
1
2
1
1
1
1
1
2
1
1
4
2
1
1
6
1
2
1
1
212
1
1
1
1
6
2
4
1
11
1
1
2
2
122
17
7
64
10
43
24
51
1
1
1
1
1
1
1
1
1
1
1
4
4
1
93
8
1
85
2
1
5
3
1
13
1
1
1
4
1
1
2
3
52
1
1
2
1
2
1
3
2
3
1
1
1
1
1
1
1
1
1102
38
1
2
1
2
2
1
1
30
1
44
4
1
132
1
1
1
1
1
2
2
407
2
1
1
1
1
1
1
2
1
1
1
17
1
3
1
1
2
1
1
1
1
1
1
1
1
1
8
5
2
112
2
1
1
1
1
1
1
1
2
1
1
1
1
1
2
1
1
1
150
1
1
1
1
1
1
1
1
1
2
1
2
1
1
1
1
4
1
1
9
4
1
4
2
1
1
2
1
1
1
1
1
1
67
1
1
1
7
3
6
1
1
4
8
52
19
9
115
9
36
285
24
3
81
55
1
5
1
1
1
2
69
6
1
1
2
4
6
2
2
1
1
1
3
2
14
3
3
1
1
2
1
1
1
2
1
61
37
41
2
1
6
1
17
2
1
1
5
1
1
2
2
2
1
1
1
2
5
1
1
1
2
1
1
1
2
1
1
1
1
1
1
1
1
1
1
1
1
1
1
1
1
1
1
2
1
2
1
30
2
6
1
3
1
848
3
2
1
1
1
1
1
1
1
2
1
14
1
2
1
1
2
3
1
21
1
2
2
2
1
1
2
8
1
1
4
1
1
1
1
1
1
1
1
1
5
1
37
1
1
1
1
3
1
2
1
1
1
1
3
2
2
134
2
2
1
3
1
1
1
2
1
1
1
1
154
6
1
1
1
1
1
1
1
1
1
3
1
1
1
1
23
9
76
3
2
3
2
3
1
1
2
4
19
1
4
3
2
1
85
1
10
1
1
166
1
2
3
5
27
35
14
1
1
1
1
4
5
43
3
1
5
2
1
2
1
3
1
1
1
1
1
2
1
1
103
1
1
1
8
1
6
3
3
1
1
8
181
1
1
1
1
85
1
2
1
32
2
1
1
1
1
4
1
7
3
1
6
430
3
1
1
1
1
1
1
1
1
1
1
2
2
1
1
5
18
1
3
3
18
3
14
1
1
1
2
2
1
1
8
17
9
198
1
1
1
1
468
2
1
1
1
2
1
9
1
156
1
1
18
13
1
1
19
1
1
55
1
25
39
92
23
37
12
10
7
1
2
1
1
2
1
8
42
32
7
29
6
1
1
1
1
69
8
1
2
2
3
18
33
23
34
78
26
92
711
42
56
129
1
1
1
2
3
1
172
5
6
2
1
1
1
47
1
2
2
1
1
4
1
3
1
2
6
614
1
2
1
2
2
1
1
3
6
2
10
1
1
1
1
1
2
1
1
2
1
3
5
1
2
108
1
42
1
1
16
2
1
1
3
1
1
208
1
3
2
14
2
1
73
1
2
1
1
1
15
1
1
2
25
27
7
20
1
3
4
1
1
2
7
1
6
66
1
18
1
1
1
1
1
3
1
1
2
7
5
1
1
8
22
3
2
7
1
2
2
1
1
12
1
1
1
15
27
1
2
1
11
15
28
1
1
2
7
2
3
1
1
1
1
1
1
1
1
8
1
1
1
8
1
1
6
1
1
1
1
1
1
1
3
1
5
1
1
1
1
1
1
5
1
1
1
1
1
1
1
2
3
1
1
1
1
1
1
1
1
1
174
1
1
1
1
5
1
1
1
1
1
1
3
1
2
1
2
3
1
1
5
3
2
1
1
3
5
2
1
1
1
10
11
1
9
1
2
1
1
8
1
2
1
1
1
1
2
1
1
1
1
1
1
1
4
10
1
30
1
1
1
1
1
1
2
3
3
3
1
4
7
2
1
1
1
1
264
2
1
1
1
1
1
1
7
1
237
188
4
1
1
20
7
1
5
1
1
3
3
1
3
3
137
3
1
2
9
1
2
2
1
1
1
1
5
5
10
15
15
1
1
3
1
6
8
1
2
1
11
1
6
1
1
1
16
1
2
2
1
1
1
1
6
2
2
6
4
2
1
1
2
3
1
1
3
5
1
1
1
3
2
3
56
1
18
3
9
10
67
1
3
3
10
1
1
1
162
1
2
10
1
10
15
7
3
1
1
3
3
3
4
5
1
2
9
1
3
7
4
1
1308
6
1
47
1
1
1
1
1
10
3
5
9
4
3
2
1
135
4
1
767
8
1
1
2
3
3
2
1
2
1
1
1
1
1
1
1
5
22
3
1
1
1
4
1
14
9
5
4
44
31
1
1
384
1
1
4
17
4
11
1
2
2
4
1
2
1
2
4
1
1
9
131
103
2
1
1
1
1
3
1
3
3
4
1
1
2
1
1
1
1
1
1
5
6
15
1
36
1
1
1
15
1
1
1
1
1
1
1
1
1
1
1
1
1
1
8
3
2
1
1
6
1
1
31
15
1
1
2
1
3
8
1
1
1
1
49
9
12
1
4
1
9
25
1
1
2
13
2
7
1
1
452
1
1
116
1
1
3
1
1
8
1
51
2
1
1
1
1
5
1
5
3
1
1
1
1
3
9
10
1
1
6
1
16
1
12
2
16
2
36
2
1
2
1
4
1
2
3
1
10
2
2
24
1
1
642
4
1
5
1
1
2
1
1
1
2
1
1
2
4
1
3
11
10
1
6
12
2
6
2
1
1
1
3
2
1
6
6
4
2
1
1
1
2
1
174
1
1
2
1
3
1
5
1
3
1
1
11
7
8
2
2
5
1
1
1
2
1
10
1
1
4
1
2
2
1
1
7
3
1
1
1
1
1
5
2
1
1
83
2
1
1
1
1
2
3
1
48
5
17
2
40
1
6
112
45
43
2
1
8
1
4
1
2
1
1
1
1
4
2
5
37
6
1
1
3
2
1
1
1
2
1
1
1
8
3
1
5
3
5
1
1
2
11
1
1
1
1
1
3
1
2
1
1
3
3
7
1
4
3
3
2
2
1
1
1
3
1
1
7
1
5
6
45
4
1
1
2
1
1
1
2
1
3
1
2
2
1
1
2
9
1
1
1
4
13
7
1
2
1
7
3
2
4
6
21
1
1
2
2
2
1
2
1
1
3
3
2
1
2
3
1
1
1
10
1
6
1
4
1
2
1
2
1
9
3
1
1
2
1
24
1
1
2
1
1
2
1
1
1
1
1
1
6
1
1
1
1
1
2
1
1
1
2
2
1
4
1
3
1
1
2
1
6
1
1
1
1
1
1
1
26
1
33
3
42
1
3
1
1
5
1
2
1
1
1
1
2
1
2
2
1
12
2
1
1
20
6
4
142
1
13
1
1
27
19
9
1
13
1
1
1
4
1
1
2
1
1
2
1
2
1
11
1
1
6
1
70
1
1
1
1
1
6
1
822
1
1
2
2
1
3
2
2
1
4
1
1
2
1
21
9
2
1
33
1
1
1
1
1
5
2
4
1
1
1
4
3
1
3
3
1
1
7
2
1
3
5
1
1
8
23
14
11
1
1
1
1
55
1
1
2
1
1
1
5
1
1
10
1
4
13
1
1
149
36
1
1
2
1
1
15
11
1
1
1
1
1
1
1
2
1
16
1
2
1
1
2
9
2
8
4
3
1
1
10
1
1
3
1
2
3
4
1
1
4
6
1
1
1
3
7
3
1
252
1
2
2
14
1
1
4
2
3
1
3
6
1
4
2
9
4
1
2
5
1
27
1
5
1
3
7
2
1
1
3
2
3
2
1
1
1
2
2
9
1
1
1
5
1
1
7
645
2
33
1
12
1
7
4
2
1
28
35
16
17
2
27
600
13
8
2
2
15
17
2
3
4
4
60
13
3
10
20
1
1
1
1
6
1
1
1
6
1
1
1
1
3
1
4
3
4
108
12
355
1
1
1
1
1
1
363
1
16
2
5
1
1
5
1
3
2
1
1
1
3
1
1
1
3
12
1
1
6
6
1
2
7
2
1
1
1
1
1
1
1
1
1
3
2
1
1
1
1
1
1
1
1
1
2
2
611
44
66
172
12
109
6
1
1
1
1
1
1
1
3
1
1
2
1
6
26
1
3
64
3
1
1
3
2
1
1
2
1
3
1
7
71
322
7
1
2
65
1
3
1
2
1
1
1
1
1
1
128
1
1
3
1
21
9
1
1
1
1
1
25
1
2
1
1
7
1
2
1
3
1
1
1
5
1
1
243
1
1
1
1
3
1
1
1
1
3
1
1
1
1
3
7
1
3
2
5
24
2
1
37
1
1
1
7
1
1
1
5
1
2
1
1
1
4
1
1
1
9
1
5
2
7
1
196
1
2
1
1
1
1
2
7
1
10
13
1
210
24
1
25
2
4
494
2
1
1
2
1
1
6
2
19
1
19
1
2
1
2
3
5
1
2
10
28
40
1
1
1
1
1
1
1
9
2
1
2
1
1
1
6
8
5
2
4
2
1
433
6
2
1
2
1
2
2
3
1
4
1
2
13
1
3
1
14
3
2
27
1
3
2
1
4
18
15
2
1
1
1
1
1
2
123
8
27
1
12
1
1
12
1
1
1
1
7
1
1
42
1
2
3
1
5
1
6
4
2
1
1
4
1
1
3
1
3
2
2
5
1
6
1
2
1
4
6
2
1
1
1
1
5
2
1
5
2
1
2
4
4
3
1
1
2
6
10
1
3
1
2
12
5
3
1
4
1
22
1
1
1
1
2
1
4
1
7
1
71
18
1
1
19
3
8
1
21
5
1
6
2
1
1
1
1
1
1
13
1
1
31
1
1
1
2
2
571
15
2
1
1
1
3
1
6
1
1
72
2
1
1
2
1
4
3
1
1
1
1
1
1
455
78
4
14
836
37
25
2
1
101
131
22
152
50
5
1
1
1
1
1
1
1
9
8
1
1
1
6
1
1
2
1
1
15
1
4
1
1
1
11
1
1
1
2
2
1
1
6
1
1
4
42
1
10
3
3
2
3
1
2
4
4
5
14
1
1
1
1
1
3
1
1
1
3
1
2
4
1
1
2
2
1
5
3
1
2
1
1
12
2
22
1
1
2
2
2
7
2
2
4
3
2
1
16
1
3
17
1
6
1
7
1
5
1
1
1
36
4
1
6
12
1
2
1
9
1
3
1
1
2
3
4
1
1
5
3
1
1
1
3
1
59
1
1
1
1
5
1
2
1
1
9
4
1
3
1
1
129
1
56
4
1
1
3
1
1326
8
1
2
1
1
12
2
2
1
3
56
1
1
1
83
12
6
1
2
6
1
1
6
2
1
4
1
2
7
1
5
1
1
1
1
1
14
133
2
16
10
2
141
1
7
1
1
1
1
2
1
4
84
1
1
5
1
1
1
1
5
1
2
37
7
188
3
1
1
2
4
2
1
6
2
2
9
10
5
2
1
1
10
1
2
4
185
2
2
1
8
49
1
1
17
4
13
16
3
1
2
1
1
16
1
1
1
1
1
1
27
3
8
6
1
3
3
1
16
1
1
2
1
15
2
1
5
1
1
3
1
6
7
1
41
2
1
1
1
9
9
15
2
1
2
1
3
1
108
3
2
1
3
4
1
1
2
1
1
56
1
1
333
9
4
10
168
1
116
83
1
1
3
1
1
3
4
4
1
1
2
2
1
1
1
6
3
1
1
2
6
1
2
1
4
4
3
2
2
1
1
2
1
1
1
1
1
1
1
1
1
2
1
1
2
3
1
1
1
1
1
2
2
3
7
1
2
1
2
1
1
1
6
1
1
1
31
1
1
1
12
1
3
1
4
1
1
1
2
7
1
1
2
1
1
1
3
1
1
1
2
2
1
1
1
1
1
1
1
1
1
1
1
3
1
1
1
1
1
14
2
3
22
1
1
14
12
3
3
4
1
2
2
1
2
4
1
3
1
1
3
1
25
5
8
15
1
1
2
1
4
3
1
199
1
2
88
4
22
2
3
131
112
1
1
1
2
2
1
2
2
1
1
1
7
1
1
2
1
1
1
7
10
6
2
1
1
1
2
1
1
6
1
1
1
1
1
1
1
1
13
1
4
3
1
2
5
2
2
17
129
1
1
4
12
48
3
1
1
1
3
1
1
6
82
1
9
3
1
1
1
1
1
1
5
2
1
1
1
3
1
4
1
389
1
1
2
1
24
3
2
1
2
3
4
2
4
1
1
1
1
2
1
1
1
746
30
3
8
3
1
1
2
1
1
1
2
1
10
42
1
9
1
1
34
1
14
1
1
3
1
12
1
9
1
19
11
1
2
24
2
3
4
1
6
2
44
1
1
17
1
1
2
1
4
1
104
1
1
126
120
91
1
1
1
1
1
1
1
1
19
2
1
10
1
1
1
1
5
145
1
316
2
2
1
264
1
1
1
1
182
1
4
1
2
1
5
2
2
70
6
1
1
1
3
3
1
3
22
101
45
1
2
1
19
5
2
1
2
3
1
9
113
17
6
296
1
1
1
1
2
1
1
1
12
1
16
1
1
3
2
6
1
1
1
1
4
7
1
1
297
59
1
1
1
1
1
1
1
1
2
2
2
13
1
10
1
1
1
3
7
3
1
247
1
1
1
12
1
1
1
12
2
1
1
7
1
1
4
12
1
3
2
17
3
1
1
1
1
1
7
16
1
3
11
6
3
1
12
4
1
1
1
20
1
1
2
1
1
4
4
5
14
3
7
3
168
1
1
1
151
4
2
3
5
5
19
1
1
1
2
5
12
1
1
2
1
1
3
7
1
1
1
1
7
1
1
1
2
65
1
1
1
1
1
1
1
1
1
1
1
1
1
1
9
3
1
1
1
3
8
1
1
2
1
1
1
1
1
2
166
1
1
9
10
1
1
1
15
355
41
1
1
1
1
6
1
9
1
30
2
1
1
2
1
1
1
67
13
3
1
4
52
2
1
1
1
12
14
1
2
1
6
2
1
1
2
4
1
1
1
2
1
1
1
3
1
2
1
1
1
1
1
1
50
46
1
1
3
1
1
3
1
1
2
1
1
1
4
19
6
1
1
4
1
5
1
1
1
1
8
1
2
2
7
2
1
11
3
1
12
1
2
1
7
1
3
5
2
1
1
1
17
1
2
33
1
15
1
2
1
1
2
1
1
3
3
8
10
1
5
2
1
2
1
8
1
1
2
1
1
36
1
2
1
2
74
1
2
3
11
7
5
1
1
1
1
1
2
1
1
1
1
1
1
16
1
6
1
1
1
1
1
1
61
1
6
1
180
1
7
1
5
1
1
18
4
15
1
2
8
23
4
1
6
2
5
2
1
1
1
1
1
2
131
7
1
1
1
11
1
4
1
12
2
4
1
9
4
6
12
1
15
5
6
2
1
1
1
287
3
1
2
1
2
1
1
35
1
2
1
1
1
1
5
3
2
23
21
4
1
1
1
2
3
3
18
52
1
1
3
1
5
1
1
179
1
2
3
1
3
1
1
3
1
1
1
4
1
1
2
1
1
1
1
1
33
2
1
1
3
1
1
2
1
3
1
1
6
8
2
1
3
3
1
1
6
1
2
81
1
2
1
1
1
1
17
26
1
2
1
2
1
1
5
3
4
1
1
1
2
2
716
1
1
12
1
1
1334
2
1
1
1
8
1
1
3
2
2
4
1
1
2
1
88
