2
5
22
531
11
101
107
86
6
4
212
100
382
85
3
42
358
189
4
32
30
89
61
158
10
41
10
28
17
418
14
234
1
8
325
165
233
371
30
2
32
1
1
190
137
17
63
17
176
14
13
136
155
119
327
120
2
9
14
109
16
364
17
7
58
470
34
452
1
7
4
4
41
9
218
6
2
110
3
1
15
417
12
381
95
5
333
63
12
14
8
229
69
22
4
64
346
32
13
1
8
57
156
4
2
20
292
95
127
1
82
34
4
2
17
2
460
618
5
6
107
36
148
217
5
27
82
45
87
168
4
22
14
31
46
10
56
2
106
64
78
228
48
12
292
3
32
183
28
14
6
4
5
5
1
516
90
11
43
35
120
591
48
2
535
115
1
84
109
28
481
119
9
115
2
2
95
134
118
18
2
26
55
21
169
25
133
12
72
5
5
21
57
152
52
13
62
4
49
155
1
63
206
2
1
1
170
2
202
143
30
2
54
12
3
225
635
1
98
53
4
144
8
67
65
239
630
20
190
250
12
6
120
31
22
12
291
12
217
133
572
37
6
2
890
25
37
17
6
11
59
174
70
31
57
11
83
11
78
50
12
134
119
16
9
312
9
2
32
656
373
33
149
214
2
171
1
31
26
22
34
4
7
226
70
1
248
17
127
153
101
9
6
892
198
8
57
3
233
2
137
82
1
6
55
69
6
187
25
69
2
256
197
133
10
2
38
802
4
14
419
94
478
3
572
4
2
16
64
43
1
21
2
103
5
55
10
516
2
2
2
4
145
4
85
159
10
536
257
160
3
2
49
9
25
205
18
18
10
18
84
5
246
1
17
180
9
3
31
238
4
201
1
1
37
187
54
115
13
8
351
1
57
136
6
54
3
5
87
5
147
16
15
206
217
42
21
4
883
19
113
83
1
12
5
2
6
59
730
26
7
6
10
326
147
2
1
239
3
343
8
244
45
14
28
1
5
499
576
4
107
2
23
24
15
41
6
138
46
31
35
19
42
3
3
179
208
2
298
233
16
13
3
6
174
170
35
29
6
5
270
29
270
5
4
131
13
16
3
210
45
2
19
550
579
85
55
11
38
43
9
144
8
2
69
25
53
41
9
84
169
683
51
1
84
10
10
527
2
190
3
455
37
11
469
3
2
51
171
5
71
11
3
6
5
54
17
476
3
31
2
9
5
8
12
1
622
2
33
1
77
3
1
2
31
3
190
28
8
39
10
9
151
758
21
745
130
29
8
78
4
188
35
131
34
42
84
28
8
5
27
3
97
215
2
161
39
19
2
671
31
15
234
8
15
3
115
15
64
63
62
9
22
326
37
16
6
33
477
9
1
8
241
46
15
7
7
40
2
81
51
75
6
465
17
5
51
1
15
121
57
19
3
17
9
114
296
3
93
86
13
3
713
10
1
81
305
14
14
3
145
11
155
5
1
244
150
11
670
27
162
6
16
6
29
496
55
634
80
3
2
5
68
95
3
4
13
9
3
13
5
3
4
30
6
252
29
20
59
98
32
4
6
590
24
80
86
36
6
444
8
20
9
1
3
102
43
9
2
6
7
49
202
141
18
129
178
28
31
22
10
101
1
30
91
20
15
70
15
312
3
158
4
4
34
3
30
38
28
4
3
648
172
534
2
5
30
25
25
7
22
72
211
11
607
160
402
313
2
24
20
637
2
8
63
453
27
92
18
297
73
93
197
108
3
65
3
6
28
362
121
8
92
176
10
126
95
287
16
54
17
137
10
258
2
8
109
182
4
55
