14
91
134
96
585
108
36
519
76
60
1015
628
601
812
252
781
27
5
15
41
205
50
78
75
333
35
278
301
497
413
95
3
42
107
6
150
6
1
59
13
443
4
3
19
241
7
22
23
97
84
55
22
143
226
39
883
15
60
23
169
126
1
93
54
22
39
437
767
8
93
22
689
1
11
36
92
30
31
217
8
5
63
95
1
29
187
197
3
9
1
689
72
100
51
13
25
11
640
378
86
4
38
228
2
351
43
36
154
69
43
290
319
74
2
394
131
4
14
6
1
465
87
13
72
293
130
336
276
69
38
2
34
260
9
357
118
46
169
166
35
4
3
37
16
87
58
16
18
60
20
4
170
126
111
142
4
5
64
361
10
213
18
89
2
281
23
15
24
611
223
101
121
177
155
50
84
2
20
136
31
162
1
8
3
65
40
27
228
142
11
70
3
98
12
398
197
78
82
2
131
361
23
246
8
101
1
5
11
182
208
43
46
2
102
27
8
288
175
103
21
16
15
39
16
325
28
154
63
77
30
465
295
43
12
185
241
6
119
22
80
19
1
30
83
22
16
39
396
32
3
43
166
93
192
226
71
24
771
52
82
7
5
240
47
278
44
495
791
61
169
60
2
137
409
13
14
165
57
98
423
239
509
7
168
28
70
24
19
18
60
84
465
65
45
138
21
3
122
1011
20
17
10
13
64
60
92
473
49
253
53
58
708
154
506
23
9
184
12
124
7
77
73
120
20
3
15
130
60
89
23
31
398
10
30
4
220
47
28
2
62
23
7
104
11
339
78
701
168
35
11
82
2
1034
783
37
47
520
10
48
67
12
85
154
16
17
15
7
33
8
18
67
25
9
73
2
143
2
212
3
835
3
19
32
1
35
63
380
36
101
85
9
7
18
4
1
400
75
354
246
17
107
79
9
29
378
25
468
159
153
437
25
63
34
10
1
103
85
21
46
68
183
23
230
12
357
48
78
383
25
11
332
19
938
1
20
39
22
56
24
501
45
37
20
168
16
15
45
6
41
208
80
725
2
11
71
72
2
178
18
65
11
42
2
504
52
518
241
52
266
1
1
1
1
1
2
1
2
2
1
2
1
1
8
64
3
2
10
1
38
2
1
115
2
3
6
3
105
69
5
4
26
22
1
4
1
7
1
285
1
3
12
3
38
531
5
145
20
18
11
115
42
101
1
42
1
3
2
1
2
1
13
2
5
1
1
9
107
4
203
1
86
1
1
3
2
1
1
1
39
1
2
145
1
1
48
1
1
1
1
2
2
1
1
204
5
1
39
1
1
1
1
2
19
1
1
2
1
4
1
202
1
2
13
24
5
1
2
2
2
20
5
16
6
1
19
1
2
3
1
2
3
13
3
6
1
33
4
1
4
5
1
1
7
4
2
1
1
10
2
6
4
5
1
1
212
2
4
1
15
2
2
4
4
10
2
4
100
1
4
1
382
1
2
1
2
18
1
3
1
2
34
23
20
15
68
6
9
4
2
3
11
76
3
24
4
1
1
3
4
1
25
2
1
2
1
1
1
1
1
1
1
2
2
4
1
1
416
2
1
42
1
1
85
75
1
1
2
95
11
3
42
1
1
1
9
3
4
34
15
3
3
2
9
3
1
20
1
5
2
1
1
3
358
83
1
1
10
2
288
1
1
1
189
30
4
1
1
4
24
11
1
12
9
47
1
1
1
4
1
2
5
32
1
2
1
227
1
1
30
1
1
58
8
6
1
1
1
5
1
43
4
5
1
6
1
137
1
1
1
1
4
23
13
16
48
1
1
4
1
1
1
1
13
102
5
17
1
18
1
89
2
1
1
1
1
146
1
13
1
3
1
1
1
10
1
3
1
1
1
1
1
1
4
1
1
3
1
1
24
1
1
1
1
1
1
1
1
1
61
1
1
1
1
158
1
4
215
46
1
1
1
1
1
1
1
1
1
1
1
1
1
2
1
1
1
1
1
1
1
1
1
1
1
2
3
1
6
2
3
10
2
1
5
1
1
1
1
1
1
4
1
1
1
3
2
1
41
2
1
1
2
1
1
221
2
1
6
3
19
19
2
3
1
1
1
33
2
1
10
1
1
1
15
14
10
7
1
28
1
1
17
2
1
7
418
2
2
2
1
1
21
1
3
26
56
9
5
1
1
2
35
52
1
1
2
14
1
2
2
1
1
1
234
1
1
3
1
65
1
1
1
1
1
1
1
3
1
1
1
1
1
1
1
1
1
1
1
1
3
1
1
1
14
1
1
1
1
1
2
3
1
1
1
2
1
5
1
14
3
3
1
4
1
1
10
1
3
1
1
1
1
1
1
1
1
1
1
1
4
1
2
1
1
1
2
10
2
1
6
170
174
2
1
1
3
1
4
8
1
2
2
1
1
2
3
1
2
3
2
1
1
2
1
1
2
325
2
1
2
31
1
5
1
1
15
1
1
3
4
15
1
1
1
3
2
5
1
1
1
4
1
2
2
1
56
1
1
9
1
38
1
1
12
2
3
2
4
2
1
1
12
1
1
1
1
1
1
1
1
1
2
1
1
165
12
1
1
1
1
1
1
1
233
3
1
4
1
1
2
1
6
4
371
3
15
1
1
1
1
3
1
1
1
1
1
2
2
1
1
19
15
11
4
30
1
1
8
1
30
3
1
22
15
1
3
14
2
1
1
18
1
1
37
4
1
116
44
1
1
1
8
1
1
3
1
1
1
1
1
3
2
1
4
1
2
8
1
1
1
1
79
3
3
2
1
37
2
131
1
2
3
1
1
2
32
1
1
2
1
1
1
16
14
1
2
63
1
1
1
36
2
1
1
3
4
1
1
1
1
4
1
1
1
2
26
1
1
1
2
5
1
1
6
1
2
190
61
137
1
1
1
73
4
17
1
1
2
10
3
1
4
5
17
1
2
63
512
139
5
4
42
242
19
41
116
118
131
17
176
14
4
128
1
92
2
60
13
44
136
49
159
77
1
1
9
4
3
80
1
8
117
1
2
155
9
21
2
1
1
16
1
8
3
4
1
2
4
3
1
16
4
7
17
1
1
1
1
1
37
3
2
1
5
12
32
48
1
2
16
1
2
1
1
1
713
1
1
1
2
4
2
1
1
1
63
1
1
2
3
119
1
1
1
1
17
1
3
27
1
1
327
1
1
1
1
1
7
1
4
1
3
1
1
231
1
1
2
1
1
1
1
1
1
3
21
1
15
1
2
120
33
4
2
1
1
19
9
14
39
323
1
1
2
1
15
1
2
1
2
2
109
1
2
13
3
1
1
16
4
75
3
1
6
1
1
329
1
4
5
1
175
5
1
2
6
1
1
1
1
1
1
6
1
4
1
7
1
1
1
1
2
364
1
4
1
1
1
3
2
2
279
1
7
5
1
1
2
8
4
1
3
1
10
2
1
1
4
1
2
6
3
2
12
8
17
25
1
1
1
1
2
7
1
175
4
1
1
5
1
1
1
1
1
1
1
1
1
1
58
3
1
470
1
1
34
1
1
452
1
87
1
1
1
2
1
1
1
1
3
1
1
142
1
1
2
7
1
107
76
1
2
4
1
1
1
26
109
1
1
1
1
46
4
1
1
1
1
39
2
1
1
1
1
1
28
1
1
1
1
1
1
69
1
1
1
6
2
1
1
2
1
1
1
1
1
3
41
2
9
1
2
1
3
2
1
1
1
3
1
1
1
3
2
2
1
1
1
3
1
1
1
1
1
1
1
1
1
1
5
1
1
1
9
9
1
1
1
7
1
1
1
3
1
1
2
2
218
1
2
1
4
1
1
24
24
2
1
6
1
1
1
1
1
1
6
1
7
1
2
3
1
1
1
110
1
4
3
1
22
10
1
39
1
20
1
1
3
1
1
1
1
1
4
1
1
1
1
8
2
1
4
1
1
1
1
87
1
16
2
62
22
1
1
4
1
11
2
30
1
6
1
3
2
2
138
18
1
23
1
298
1
1
1
7
15
1
1
1
1
417
1
1
1
6
2
1
2
1
3
1
22
2
2
2
6
1
2
12
381
1
2
1
5
5
1
80
44
1
1
15
5
1
2
2
4
95
55
1
5
55
9
1
3
6
4
13
2
36
7
6
1
1
21
3
8
3
22
3
10
1
1
8
6
1
3
6
3
2
2
1
1
10
1
1
4
1
24
1
1
45
9
23
2
39
2
3
1
15
5
1
2
41
2
3
333
3
4
2
2
1
5
1
1
1
1
1
56
9
1
9
5
1
3
1
5
1
11
2
1
1
1
11
8
2
1
2
7
1
2
1
4
63
1
41
1
1
1
12
14
1
8
1
1
16
1
1
1
1
2
5
1
229
1
2
6
1
4
3
41
2
4
69
7
4
11
1
18
2
31
2
3
8
1
4
11
1
22
2
4
2
1
1
10
1
3
5
2
8
4
3
5
1
2
1
6
2
4
1
221
3
358
22
1
11
5
1
253
1
1
1
1
10
4
11
2
2
47
2
19
2
3
64
6
3
2
1
6
1
3
3
9
346
50
1
1
16
2
1
1
1
86
32
1
65
3
14
11
1
27
2
13
114
2
1
1
1
19
1
1
1
1
1
1
1
2
1
2
1
4
8
1
18
1
3
1
1
1
1
1
1
1
1
1
37
57
156
1
1
2
1
1
1
2
1
1
1
4
1
2
1
1
1
1
1
1
1
1
2
2
1
5
2
2
3
1
4
1
1
6
1
20
1
1
3
1
2
1
1
1
2
1
1
292
1
1
95
1
1
1
1
2
1
1
1
1
1
1
1
3
5
1
3
5
1
1
4
1
1
1
2
2
1
1
13
4
3
3
4
1
127
2
1
2
1
3
6
1
1
1
1
1
1
15
3
1
2
2
3
1
1
1
1
2
2
2
3
3
1
1
1
1
2
2
1
1
1
1
8
1
1
2
8
1
1
1
1
2
1
82
3
9
2
6
48
1
1
34
4
2
3
1
17
1
54
3
1
1
2
1
3
2
1
1
1
39
1
1
1
1
1
1
4
1
2
1
3
2
6
1
1
1
1
2
1
2
2
1
1
1
1
2
1
2
2
1
2
1
13
2
1
1
1
2
1
1
1
1
460
1
618
1
1
1
1
2
1
1
1
1
5
5
1
1
18
2
253
3
5
2
1
1
1
1
1
1
1
1
1
6
1
1
1
3
1
107
14
4
1
22
2
4
61
2
5
1
1
1
2
1
1
1
1
1
2
16
2
245
2
4
2
4
1
2
2
2
3
1
36
148
42
86
1
6
217
2
13
1
12
3
2
3
2
4
4
1
1
8
5
6
1
3
125
1
1
99
10
62
14
4
4
2
10
27
6
115
1
1
82
1
1
1
45
1
1
2
1
2
5
18
72
1
113
1
2
1
1
2
2
1
3
1
2
6
5
1
2
2
2
1
3
3
1
2
1
1
3
1
3
95
7
1
3
52
60
3
1
1
3
4
12
4
70
1
8
1
87
1
4
1
1
10
1
13
168
1
1
11
4
5
1
2
1
1
1
2
22
3
1
1
38
14
1
1
3
1
1
1
1
1
1
1
1
3
1
1
1
1
2
2
1
2
4
1
1
1
1
31
2
1
2
1
1
1
1
1
1
1
1
2
2
1
2
1
1
1
78
9
1
46
1
49
2
1
1
1
1
2
2
2
4
2
1
1
2
10
2
10
1
63
2
1
1
1
1
1
6
1
56
1
3
2
5
2
2
1
1
276
1
1
4
50
2
3
1
62
1
4
58
2
2
1
2
106
43
14
1
1
1
1
1
1
64
1
1
1
1
1
1
1
2
4
1
9
1
1
1
1
78
1
228
1
1
48
10
6
12
3
1
2
2
2
1
1
3
3
4
3
1
2
1
4
3
1
1
1
40
1
1
2
8
1
11
2
7
2
292
1
1
5
2
2
7
2
4
1
1
3
2
1
1
1
1
2
7
18
1
6
1
1
1
1
1
2
2
7
1
3
1
1
2
2
7
3
2
4
1
1
13
1
3
2
2
2
1
1
1
1
1
1
1
1
2
3
2
2
32
2
183
28
20
2
14
4
3
1
1
2
2
1
1
2
1
1
1
3
4
1
1
1
1
2
1
1
1
1
1
1
1
7
1
5
3
1
6
5
1
6
3
2
6
1
1
1
2
65
1
1
11
2
1
468
1
1
2
2
1
1
1
2
1
1
4
1
1
4
5
1
2
21
1
31
2
15
1
1
1
1
2
1
2
4
4
5
1
3
1
1
1
516
5
3
2
1
6
1
5
1
8
4
2
1
1
1
1
90
1
1
1
5
4
11
1
1
43
2
1
1
2
2
1
1
2
1
2
1
4
1
35
1
1
2
1
6
5
1
1
1
1
1
1
1
1
1
1
1
2
2
1
1
2
3
1
120
4
1
508
3
2
1
1
1
1
2
17
1
2
1
1
6
1
2
1
1
1
1
2
1
2
7
591
48
1
1
3
1
1
1
1
3
2
2
1
2
535
4
1
115
1
2
1
7
1
1
10
2
2
1
19
8
3
1
1
2
1
4
1
2
1
1
1
88
129
3
1
1
5
1
1
84
1
2
1
5
109
1
1
2
3
1
1
2
1
1
3
2
1
1
2
1
1
4
1
2
4
1
4
1
2
2
28
481
1
1
1
1
1
1
1
2
1
1
17
1
1
1
6
2
2
2
1
1
10
3
17
4
1
4
1
119
1
1
1
3
1
2
1
2
1
2
1
1
1
2
4
1
1
9
1
1
1
1
2
1
2
20
1
115
1
159
1
1
1
2
1
2
1
1
2
2
95
8
3
4
2
4
1
1
1
6
1
2
3
19
2
17
9
1
1
2
1
2
1
3
1
39
2
71
5
150
2
1
1
16
22
4
134
50
14
1
4
118
15
1
5
18
2
1
1
1
14
1
1
4
18
4
1
3
57
1
8
2
3
1
1
5
1
4
1
26
1
1
1
55
1
1
1
1
3
19
21
2
169
1
1
14
2
1
1
3
1
1
2
7
1
2
1
1
1
1
36
1
1
1
2
1
1
1
1
1
2
1
1
1
1
1
1
20
5
1
1
12
25
2
1
1
3
4
1
3
1
1
13
1
2
1
1
2
1
1
1
3
1
1
1
1
2
12
49
7
1
1
1
133
12
10
1
1
3
1
1
1
1
2
1
1
1
5
1
1
72
1
1
1
1
5
142
5
4
7
1
1
2
1
1
2
1
1
1
5
6
2
5
2
1
1
1
2
21
4
2
2
57
1
1
6
24
1
3
152
3
1
1
1
1
2
1
1
2
1
2
1
3
2
1
1
1
2
1
9
4
3
1
7
2
1
1
1
4
1
1
1
4
1
1
52
1
1
1
1
4
1
1
1
1
1
2
1
1
2
6
1
1
10
1
1
1
1
13
1
1
1
1
30
2
2
1
1
1
1
7
1
1
1
1
5
1
6
1
1
1
1
1
1
1
71
1
2
62
5
1
1
4
2
2
1
17
1
1
4
1
1
1
1
21
178
1
1
1
1
2
7
1
1
1
27
1
1
49
1
2
39
9
1
5
1
1
1
32
2
2
1
3
116
1
1
1
2
4
1
1
21
155
2
33
1
3
88
1
1
2
3
1
1
2
1
2
3
5
2
2
1
1
1
1
16
1
1
11
2
1
1
1
1
2
1
3
13
3
1
1
1
1
1
1
1
1
1
1
1
1
1
2
1
1
2
1
1
1
1
1
63
1
1
1
1
1
1
3
1
5
1
1
2
1
1
1
1
2
1
1
1
2
1
1
1
206
5
6
1
2
4
2
2
2
1
2
1
1
1
1
2
9
15
1
1
1
1
1
1
1
1
57
1
1
1
1
11
1
4
1
2
6
201
1
1
9
15
1
1
1
2
1
4
1
3
2
1
2
1
2
1
11
2
7
21
1
170
2
1
1
1
4
8
1
2
3
1
2
1
34
5
3
1
1
1
1
1
1
2
1
1
151
2
8
10
2
1
1
5
1
1
1
1
2
3
1
2
1
1
2
1
1
1
13
1
1
3
3
6
1
1
1
11
6
1
7
2
1
30
202
20
3
1
1
14
7
2
5
1
5
1
143
1
3
2
3
5
1
121
1
9
30
28
2
1
1
3
9
1
1
1
1
5
2
1
1
7
53
60
54
1
1
1
1
2
12
7
1
2
2
3
1
22
2
1
2
19
3
31
6
17
8
1
1
22
1
1
5
1
9
1
1
16
1
1
1
4
1
3
50
11
8
1
1
1
2
1
1
1
2
3
225
1
1
1
1
1
2
635
2
2
1
1
1
1
1
1
1
3
3
1
1
1
2
4
1
1
1
98
2
3
2
1
1
2
1
1
1
1
1
2
53
3
1
1
8
3
1
1
1
1
1
1
1
1
4
1
1
1
3
2
7
1
20
1
1
3
9
2
7
3
6
1
1
5
1
1
3
1
15
1
2
3
2
1
2
5
1
1
3
1
1
4
243
1
3
1
8
1
2
37
1
38
144
1
1
1
1
81
4
1
3
2
1
1
3
2
7
1
4
3
1
1
1
1
1
1
8
2
1
1
110
3
2
7
2
1
1
1
1
1
67
1
1
1
2
1
1
1
1
1
1
475
2
1
1
1
1
1
1
1
1
2
1
14
1
4
1
129
10
1
1
1
1
2
1
1
433
1
65
1
1
1
1
1
1
1
1
239
1
2
1
1
1
1
2
1
1
4
3
1
2
1
1
1
2
2
2
1
2
1
630
1
3
8
20
7
1
1
18
61
1
4
2
1
1
1
2
4
2
1
5
5
1
2
2
3
7
2
3
1
1
33
5
1
3
1
4
3
2
5
1
2
1
1
1
1
1
20
1
1
1
1
3
1
1
1
1
190
2
1
1
1
1
1
1
2
1
1
3
1
1
250
1
28
1
1
3
2
25
4
12
37
3
6
120
4
3
2
3
31
2
3
174
1
1
22
1
2
1
29
204
1
15
31
45
61
1
1
12
1
5
1
18
1
2
1
45
1
1
1
4
1
1
1
1
1
2
2
2
1
1
2
1
2
1
2
2
1
2
1
22
2
1
1
1
1
1
8
13
1
2
1
1
1
1
4
291
30
10
8
8
1
180
3
30
1
12
19
1
217
133
1
11
1
1
2
2
20
1
33
10
2
572
5
1
13
2
10
8
1
37
4
3
2
6
1
1
1
59
1
2
4
1
39
1
71
5
2
10
7
9
5
1
1
29
6
5
16
1
1
5
4
6
12
5
4
20
3
2
2
45
1
9
8
1
1
1
1
3
3
8
18
890
1
3
25
8
1
37
1
1
17
6
5
31
11
2
1
48
2
1
1
1
1
1
71
8
1
2
1
1
1
1
59
1
9
1
2
694
1
1
2
1
1
1
2
1
1
14
2
1
1
1
1
2
1
1
1
1
1
12
2
2
2
2
1
1
6
1
1
6
1
4
1
3
1
2
1
2
168
174
70
2
1
1
1
4
3
1
2
1
3
3
54
10
2
1
31
1
19
11
9
5
31
2
10
4
1
2
1
3
3
2
1
14
86
1
1
8
1
3
1
1
57
5
10
20
1
3
1
11
2
1
1
1
1
3
1
1
2
7
1
4
1
1
1
1
1
4
1
49
4
1
1
83
1
11
3
3
1
1
1
1
78
1
1
1
2
1
1
1
1
7
1
3
50
1
1
4
1
1
8
12
1
22
3
1
1
134
119
7
2
1
1
1
1
1
1
1
1
1
6
1
2
1
1
2
1
1
1
16
2
1
16
1
58
39
3
2
44
1
10
2
8
71
1
2
1
1
1
1
1
2
1
1
1
1
1
3
7
1
1
2
1
20
1
1
1
1
1
1
9
1
1
9
1
312
2
1
1
1
2
1
9
1
2
1
8
11
13
2
1
2
1
1
1
1
1
8
68
15
1
1
1
3
1
12
212
33
1
1
90
32
2
2
4
2
4
1
1
1
1
1
1
1
1
1
656
8
1
1
1
1
1
1
373
10
28
8
1
300
4
1
1
1
1
1
1
1
1
1
2
2
2
1
1
33
2
1
1
1
2
2
1
1
1
1
5
3
1
1
12
1
1
1
1
1
3
1
1
204
2
1
3
3
1
1
1
1
1
1
1
2
1
21
1
1
1
1
1
1
4
149
1
2
2
2
16
4
214
3
2
2
1
1
1
17
2
1
1
2
5
1
1
3
6
1
1
1
10
6
7
1
2
14
21
1
11
29
10
1
2
1
28
9
2
1
1
1
1
171
1
1
1
1
1
5
7
1
1
1
1
1
4
5
2
4
2
5
1
7
1
32
2
2
1
1
1
4
3
1
73
1
1
2
1
13
1
1
2
1
1
1
6
1
72
2
1
1
1
2
1
40
2
3
3
31
2
1
2
3
26
7
1
6
36
1
1
3
1
1
1
10
4
2
35
2
1
4
9
22
14
3
1
2
2
1
1
1
1
1
5
5
1
57
1
3
1
2
1
3
2
20
8
2
7
1
2
1
34
1
1
1
2
17
1
1
5
11
2
1
3
1
2
1
1
1
3
19
1
1
5
2
9
1
1
1
1
1
4
2
1
17
1
5
7
1
1
1
3
3
1
2
7
1
1
1
3
1
1
1
1
1
1
1
37
1
226
70
4
8
25
3
4
3
5
1
5
1
1
1
1
1
21
1
2
7
3
2
24
1
1
1
1
1
1
2
1
2
28
23
1
1
2
1
35
1
1
1
3
1
22
1
2
9
1
8
1
1
8
5
4
17
3
2
100
5
2
11
1
1
1
1
1
2
2
1
6
1
2
1
248
227
52
5
3
17
1
1
127
3
2
1
1
4
2
1
1
2
12
1
1
1
70
1
4
13
2
1
1
2
1
1
7
2
3
4
1
5
1
4
45
153
1
25
1
2
3
1
101
1
9
1
1
1
1
1
1
1
1
1
1
2
1
1
1
165
1
2
3
1
2
1
1
1
2
1
1
1
32
1
2
1
1
1
1
1
1
1
28
3
1
3
1
1
2
1
1
1
3
1
3
6
2
3
1
1
1
1
892
1
2
2
2
1
1
1
1
1
1
1
3
1
1
198
2
19
1
4
17
8
2
3
5
63
4
1
57
1
1
1
1
1
12
3
1
3
1
2
4
1
5
7
1
26
233
1
1
2
5
3
4
10
1
1
1
2
1
2
1
1
2
1
1
1
1
1
1
1
3
1
137
9
2
1
1
1
6
1
1
1
1
3
2
1
1
1
1
1
2
1
82
1
21
4
7
1
126
11
9
4
3
2
1
1
16
3
1
3
9
1
308
14
1
1
3
22
6
55
2
4
2
72
1
1
8
1
23
69
1
3
1
1
49
6
6
4
3
3
1
3
1
1
1
1
16
1
1
180
1
2
11
18
187
29
3
1
2
1
25
1
1
3
4
69
1
8
1
1
1
1
1
8
5
1
5
3
5
1
1
1
3
11
1
1
1
5
5
2
2
1
1
8
1
2
1
1
1
2
1
277
1
1
29
1
7
1
1
1
4
2
31
1
1
1
1
1
25
256
14
1
6
2
6
1
17
2
4
1
1
112
1
2
1
65
91
3
1
1
1
1
1
5
2
1
1
1
1
3
19
5
1
8
1
1
197
1
1
1
1
133
1
1
1
3
2
1
10
127
1
2
1
3
1
1
13
3
2
1
1
1
38
9
1
1
1
802
4
1
1
532
1
37
4
49
1
1
14
1
30
8
1
10
2
6
419
35
6
17
46
1
1
72
94
1
3
1
1
95
1
8
1
1
1
4
1
1
5
13
1
2
2
9
1
1
2
1
2
5
2
2
1
1
1
6
1
2
2
1
1
1
1
1
3
1
1
1
9
1
4
1
1
9
2
1
478
2
15
6
12
1
1
5
1
11
1
1
2
2
5
3
500
1
32
1
2
2
1
1
2
1
14
1
1
2
572
2
1
4
1
7
2
154
4
1
4
11
1
1
1
1
5
1
1
2
1
22
1
2
3
2
44
1
1
1
1
28
1
1
3
4
1
5
1
1
1
1
1
1
3
1
1
1
1
1
1
2
1
16
1
3
1
1
2
1
1
1
1
5
1
64
4
1
1
1
1
48
2
1
6
2
1
2
1
1
5
14
1
22
1
43
1
1
2
1
1
2
4
35
2
21
3
1
1
1
1
1
53
1
1
2
32
1
5
1
1
9
65
3
1
1
1
1
2
2
2
1
1
1
5
1
103
43
2
3
2
5
1
15
6
5
48
1
1
16
1
16
1
2
1
55
4
2
6
3
4
11
1
1
2
1
23
7
10
1
2
1
1
5
4
9
516
2
1
1
4
1
2
2
92
2
1
1
2
4
2
2
3
45
1
1
6
1
1
1
1
2
3
4
1
1
8
1
1
1
3
1
4
3
1
16
1
7
1
1
2
2
1
15
36
2
1
4
1
1
1
22
1
145
1
5
9
21
3
15
26
8
1
2
2
1
1
30
4
59
1
3
1
1
1
2
1
1
6
1
1
1
7
4
1
4
1
1
1
2
1
1
4
1
1
1
1
1
4
4
26
2
43
1
85
5
1
1
1
1
1
1
1
1
1
1
1
2
1
1
1
1
1
3
1
1
4
9
1
1
1
2
1
1
2
3
1
2
2
12
2
1
6
1
1
1
1
1
2
1
1
3
2
159
2
20
7
4
1
1
31
1
2
7
1
10
1
1
1
3
2
1
3
1
1
1
1
1
1
21
4
1
2
3
1
1
1
1
4
1
10
1
615
1
536
16
1
1
1
1
1
257
7
1
1
6
1
1
29
331
1
1
160
1
84
2
4
1
1
4
1
1
9
1
3
2
1
1
11
4
105
1
2
2
49
7
5
2
1
18
4
3
1
2
9
2
1
1
8
1
1
25
1
4
2
1
6
1
6
1
2
1
2
3
1
96
1
205
1
3
1
7
2
1
1
1
490
1
1
1
1
551
1
1
1
1
1
18
5
1
15
2
117
1
18
1
1
1
4
1
2
1
1
5
1
1
16
1
2
1
1
1
13
8
2
4
10
1
1
1
28
1
1
1
1
2
9
1
1
1
1
3
26
1
2
2
1
1
2
1
6
1
15
2
1
1
18
84
1
2
6
5
42
1
4
1
1
1
1
1
1
1
1
246
1
42
1
17
28
1
1
1
1
1
1
8
1
4
11
3
1
1
5
1
180
3
1
1
1
1
1
1
1
30
1
4
1
1
2
2
5
2
1
2
1
2
1
3
1
1
19
1
1
1
150
5
3
2
1
2
1
1
9
24
3
13
3
31
12
1
36
5
238
2
2
2
4
1
13
3
4
1
3
2
3
201
8
1
4
1
2
1
2
1
1
1
57
1
2
1
1
1
13
6
5
1
1
1
2
37
2
3
1
1
8
8
1
1
4
1
1
3
6
1
1
1
2
1
3
3
2
1
1
3
4
187
3
1
1
2
9
1
1
2
1
2
1
1
62
1
2
4
1
1
1
3
9
54
2
86
1
1
1
28
1
4
1
115
1
1
1
18
1
1
1
2
1
3
1
2
1
16
1
1
2
1
1
1
1
1
1
1
1
4
1
4
1
21
1
3
1
1
4
1
1
1
100
2
2
13
1
2
2
1
1
1
1
2
2
1
1
1
2
20
8
2
237
1
1
1
17
351
12
1
1
5
1
5
3
6
9
2
3
1
2
1
1
2
9
1
1
5
1
1
1
1
1
1
57
1
1
1
1
1
12
12
1
1
136
1
1
6
1
1
1
1
1
22
3
54
1
9
1
157
4
1
1
1
1
1
1
3
128
168
1
5
11
1
1
1
2
1
87
3
2
1
69
1
1
1
1
1
1
66
30
1
7
1
2
3
3
46
9
1
1
2
1
1
15
57
1
2
1
5
1
1
1
1
1
1
7
4
1
15
1
57
1
2
1
58
22
3
1
1
3
6
4
5
3
1
147
1
144
1
1
2
1
3
1
141
1
35
3
1
4
16
7
1
15
2
1
8
1
11
1
1
3
1
7
15
20
1
2
1
1
1
1
1
2
1
1
1
1
1
53
1
1
3
1
4
1
1
2
2
2
1
1
1
1
4
1
3
4
1
6
1
6
1
9
206
1
1
1
1
2
1
2
3
1
1
10
1
16
3
1
6
2
217
5
3
2
42
4
1
1
2
21
5
1
1
3
4
15
2
2
5
3
4
1
3
1
10
43
883
7
1
2
6
6
1
19
5
2
1
1
1
6
1
1
1
2
1
5
4
9
4
113
12
1
6
5
6
4
8
47
2
2
1
1
2
10
2
1
2
83
53
2
1
4
2
12
7
2
42
22
1
1
2
1
3
1
1
7
1
1
1
7
83
1
2
59
10
1
3
12
5
7
2
4
23
7
1
1
11
1
5
8
6
5
3
1
3
59
13
11
1
1
1
3
1
6
4
730
1
1
5
1
1
1
9
6
29
5
16
2
1
18
6
1
2
1
9
14
237
1
1
1
1
26
7
1
1
2
1
1
6
2
4
1
1
3
1
40
6
1
2
1
9
1
6
1
1
2
3
1
3
1
1
2
5
2
3
1
2
2
5
2
1
2
8
1
43
1
11
33
1
1
1
4
1
5
1
1
1
10
3
10
326
3
2
1
2
1
1
147
4
2
1
1
3
1
1
2
2
23
15
1
1
1
2
60
13
1
1
3
3
2
1
1
2
1
1
3
1
1
2
5
14
4
1
1
4
1
2
1
1
4
6
239
6
1
58
1
2
1
26
1
15
2
1
1
1
15
3
6
2
1
7
1
3
20
62
2
4
27
1
1
1
1
5
3
1
3
14
2
1
343
13
5
42
2
5
1
1
1
1
1
2
1
2
2
1
2
2
6
1
14
1
2
4
19
2
1
1
1
3
1
1
2
1
2
2
8
1
1
1
1
1
4
244
31
9
4
1
1
3
4
2
9
1
1
1
1
1
1
1
1
2
3
19
1
1
1
1
2
52
2
1
2
4
1
1
1
1
2
1
2
2
1
1
2
3
1
1
1
3
3
45
14
1
1
1
2
4
13
2
2
1
3
2
1
28
1
2
1
1
1
1
1
1
77
1
35
5
1
15
1
1
55
499
11
576
4
11
1
1
1
1
6
1
2
1
1
6
1
1
6
4
3
1
29
2
37
9
55
1
1
2
1
5
1
1
2
1
1
1
1
1
1
1
1
1
1
6
1
107
1
1
1
1
2
1
2
120
76
1
2
23
2
1
1
1
24
4
1
3
1
2
5
1
1
12
12
1
1
1
1
1
1
1
1
3
1
1
2
11
1
1
2
2
1
6
1
1
1
3
5
3
37
15
1
1
1
1
3
5
41
2
212
1
1
1
4
1
1
10
1
1
1
1
1
2
1
2
3
1
1
6
1
138
4
1
1
12
1
1
1
2
1
1
5
4
18
18
2
14
1
23
1
1
1
2
1
4
2
5
29
1
25
1
6
1
1
1
1
46
8
2
1
2
31
1
1
18
1
8
2
6
1
7
1
12
3
41
8
21
2
35
21
5
1
10
3
1
23
244
2
1
1
1
2
19
3
5
2
1
42
5
3
23
1
2
1
1
2
1
1
1
3
1
1
179
1
1
2
9
1
3
1
3
4
3
1
1
1
2
1
208
1
1
2
2
1
3
1
1
24
76
2
6
1
2
2
1
1
43
3
4
1
1
2
1
1
1
298
7
15
1
1
52
1
1
7
1
1
2
19
1
1
1
4
1
1
1
1
1
2
1
3
7
3
2
1
2
233
4
2
1
16
6
7
1
1
1
1
1
9
3
2
1
1
1
10
3
13
1
1
2
3
2
1
1
1
1
24
1
1
3
5
6
3
1
2
1
1
9
1
5
5
6
1
2
1
1
2
1
4
1
174
3
2
2
3
3
1
2
1
1
1
1
1
170
1
3
5
4
1
4
1
1
2
35
29
39
1
4
1
1
1
1
2
1
1
6
2
2
17
1
4
1
2
10
71
1
2
2
2
1
1
1
15
1
3
5
2
6
10
2
3
3
3
3
1
2
2
17
17
2
1
1
12
5
3
1
4
4
2
1
1
1
1
1
1
3
6
4
1
1
4
6
9
1
4
1
1
1
1
2
6
2
1
1
2
2
7
1
2
2
2
6
1
5
5
6
1
1
3
1
2
1
1
1
4
1
270
1
3
5
1
1
1
4
1
8
1
3
1
29
11
6
5
2
30
270
2
2
11
2
3
5
1
1
3
2
31
13
1
1
299
2
2
1
137
25
1
1
4
4
1
1
13
6
80
3
18
131
13
9
1
10
1
1
275
1
4
2
3
2
16
1
16
3
4
9
1
3
1
2
2
1
1
3
1
1
14
1
1
1
2
1
1
1
3
202
1
1
2
210
13
1
2
11
3
64
1
45
2
1
1
1
3
14
7
3
6
4
1
5
4
1
1
1
1
55
669
1
1
1
1
2
1
1
1
1
1
284
1
1
1
1
2
1
1
1
1
1
1
2
82
1
1
2
7
46
1
1
9
2
1
1
3
5
4
1
1
1
2
4
1
5
1
1
1
1
13
2
41
8
7
24
2
1
2
1
4
1
19
550
1
30
1
5
579
38
2
6
56
1
9
1
1
2
5
2
107
10
1
1
4
85
1
55
1
1
11
1
38
36
43
1
5
10
10
3
1
9
22
1
1
1
1
3
1
1
1
2
22
104
1
3
1
1
5
2
1
1
22
1
5
144
1
1
1
2
1
2
2
3
1
3
1
1
6
4
1
1
2
1
1
6
1
1
2
1
1
2
5
3
1
1
5
1
8
1
1
1
1
4
2
2
1
1
1
2
3
6
1
15
26
3
2
1
8
2
1
11
35
1
2
1
2
2
1
1
85
1
350
1
1
1
1
2
56
1
1
1
1
69
12
139
2
1
6
22
1
95
25
1
20
8
1
6
53
324
71
3
1
2
4
53
1
41
1
3
1
1
3
1
2
1
2
1
9
1
84
1
1
9
2
1
1
1
1
2
5
1
318
169
6
2
3
1
2
1
8
2
1
16
8
1
1
1
2
3
2
10
2
1
11
1
4
9
4
4
11
2
6
1
683
3
2
1
3
5
12
1
1
3
1
1
1
6
1
1
1
1
5
3
1
1
1
1
1
1
1
1
1
74
8
1
10
3
51
2
1
1
1
3
1
1
4
1
43
13
26
32
1
84
10
3
6
14
21
3
1
10
198
39
3
1
9
1
4
14
44
1
1
4
1
1
1
2
3
527
2
1
1
3
2
9
2
1
1
2
1
2
190
1
1
1
15
3
1
3
1
368
16
1
2
2
2
1
1
2
5
30
2
2
1
4
2
1
1
1
15
1
1
11
1
9
1
11
1
1
1
20
6
34
1
1
15
2
1
3
1
4
9
4
1
1
1
241
1
2
1
1
1
34
127
1
3
1
1
1
2
2
1
1
1
1
1
3
8
3
2
1
455
1
1
1
1
1
37
2
1
2
1
8
11
25
1
9
1
1
1
1
1
3
469
1
1
1
3
1
1
3
1
1
2
1
1
1
2
3
2
1
1
1
1
266
1
1
2
1
1
1
2
5
1
1
1
1
1
2
2
1
1
1
1
51
15
4
2
1
1
24
1
2
4
1
1
1
1
1
2
171
3
2
1
2
1
5
2
1
71
2
1
1
6
1
1
21
2
1
11
3
1
6
1
1
1
4
3
2
6
1
4
1
5
1
3
1
12
3
1
1
54
1
1
1
1
2
1
1
1
4
1
1
1
54
77
1
1
1
14
1
1
2
1
17
1
476
1
2
1
1
1
1
1
1
2
1
1
1
1
6
2
1
2
1
3
1
1
1
1
1
1
1
1
1
1
1
2
5
2
17
1
1
4
2
1
1
1
1
1
1
1
1
1
2
1
1
1
13
6
1
2
18
1
2
1
1
1
16
1
1
1
1
73
1
1
1
11
1
12
7
1
8
3
7
1
5
5
3
4
4
1
2
1
3
1
8
1
31
5
2
13
1
38
5
3
7
1
7
1
2
3
3
12
2
1
2
1
1
2
1
1
501
1
1
1
8
2
1
3
3
1
1
6
3
1
1
4
11
1
1
3
2
1
11
1
1
1
9
1
11
7
5
5
1
1
9
4
2
5
2
2
1
12
3
1
2
8
2
7
39
12
6
6
2
4
8
3
56
1
24
14
8
41
1
2
20
622
14
3
6
2
2
1
7
2
6
33
2
42
5
1
3
4
4
9
11
1
5
5
1
24
36
1
2
5
1
1
1
1
1
32
48
6
5
9
6
77
2
1
3
5
1
2
2
9
1
1
1
1
9
1
2
2
1
1
3
2
1
1
2
3
2
3
3
1
1
9
1
1
2
1
12
38
2
3
2
5
2
59
36
31
2
9
11
38
36
3
1
55
6
2
11
2
13
9
34
31
18
8
16
3
3
39
8
11
22
11
22
7
5
9
8
190
4
6
6
25
28
3
2
2
8
2
1
39
26
24
24
2
4
22
5
20
20
2
3
34
1
1
2
8
6
2
1
62
1
3
5
1
4
10
4
9
2
1
17
42
2
10
1
3
1
1
1
6
9
2
8
151
45
7
7
1
3
1
1
5
758
5
1
1
1
3
16
72
6
1
6
2
2
17
9
4
4
1
3
21
13
1
11
23
74
45
1
7
2
143
78
1
4
2
63
1
1
745
1
130
18
8
1
20
4
29
56
3
3
16
24
4
1
18
1
6
5
3
1
6
1
1
1
29
8
1
21
4
78
12
5
55
4
7
23
127
20
1
15
32
3
1
1
1
27
1
5
1
1
1
20
4
12
46
4
5
10
1
3
3
2
2
3
2
9
54
1
188
4
3
8
1
1
1
1
2
103
1
8
9
1
1
4
1
1
3
1
3
1
4
11
1
1
1
4
1
22
1
3
1
1
1
2
1
35
1
3
7
131
1
1
2
4
10
26
87
19
11
2
1
38
1
1
43
34
1
42
1
1
58
3
1
13
2
3
1
84
1
1
2
1
2
1
4
1
11
7
3
1
1
1
16
1
1
1
1
2
28
1
1
20
5
1
1
5
1
6
1
18
2
1
1
4
3
1
1
1
1
141
18
8
1
1
8
2
1
1
8
7
3
1
2
1
11
18
2
2
1
11
13
7
1
12
7
1
1
1
5
5
5
6
12
1
6
12
55
6
22
9
1
6
5
4
2
3
3
5
1
1
1
1
27
2
3
5
2
9
4
8
2
25
4
6
20
8
8
1
97
12
1
2
6
2
2
3
12
215
1
24
1
2
7
63
4
6
2
3
7
9
6
6
14
39
1
1
1
1
4
3
2
3
2
11
1
1
1
2
2
3
40
1
4
19
1
2
10
1
1
3
1
4
3
1
2
6
14
1
161
8
1
4
15
1
1
1
38
1
1
5
1
1
1
1
1
3
11
1
304
41
1
1
1
1
3
1
3
10
2
3
1
1
1
2
1
9
4
5
1
2
1
1
1
7
11
56
1
1
2
5
1
1
2
2
1
1
1
62
1
1
2
3
1
5
1
1
2
39
1
1
1
1
1
6
1
19
1
2
2
3
5
671
5
1
1
1
20
1
31
2
10
1
1
1
5
3
1
1
1
63
2
2
42
11
2
4
2
2
9
14
1
8
2
1
1
1
4
10
2
1
15
1
41
234
2
2
4
8
1
3
2
1
33
2
1
1
1
1
41
1
1
1
7
2
15
1
6
76
1
1
4
1
3
38
1
1
54
2
4
2
2
1
1
2
39
53
1
3
1
1
10
14
1
1
1
1
1
3
3
5
1
115
1
12
1
1
3
2
1
1
15
3
2
1
5
9
4
2
6
1
3
1
2
4
4
15
6
1
1
64
44
1
6
23
3
1
6
26
5
2
8
1
2
1
2
8
21
63
1
2
1
1
9
1
1
1
1
1
697
1
1
34
1
1
4
62
1
2
83
9
1
1
1
104
16
1
22
1
326
2
1
5
2
1
3
6
1
5
19
26
1
1
37
1
2
1
4
2
1
1
1
4
1
2
1
4
1
1
1
1
1
1
38
1
11
1
1
1
9
2
1
1
1
2
25
2
1
1
1
2
1
1
1
4
1
1
3
1
1
1
7
5
6
1
16
10
4
2
77
63
1
1
11
1
4
13
2
3
1
5
6
1
1
33
1
14
5
1
4
1
3
2
1
2
1
4
477
2
3
1
1
1
2
1
3
1
1
2
9
2
1
2
1
1
1
1
1
1
1
1
1
2
3
1
1
8
1
1
2
1
1
1
1
241
2
3
1
2
1
2
1
1
3
3
2
3
1
1
1
2
2
2
1
46
3
1
1
73
129
1
15
1
15
2
4
7
1
1
4
7
1
1
2
1
5
5
7
1
1
6
1
1
4
1
1
1
4
1
1
40
1
1
1
2
1
1
1
1
1
1
2
9
2
1
1
2
1
1
2
3
2
81
2
6
18
10
12
2
11
4
2
1
1
1
1
1
3
1
1
2
16
1
1
1
2
3
1
1
1
1
150
4
1
1
4
2
2
51
1
1
1
357
4
2
2
62
1
1
2
2
1
1
4
1
2
2
1
1
75
8
4
49
1
1
5
6
1
2
1
465
1
1
1
1
3
2
1
92
1
1
1
1
1
1
1
1
210
1
1
2
2
2
1
1
1
1
6
16
2
1
1
1
1
1
1
1
1
2
2
1
2
1
2
23
3
2
4
1
1
1
2
1
1
17
1
2
1
1
1
1
1
1
1
1
1
1
1
1
1
97
2
1
4
50
1
9
1
1
2
7
4
45
6
59
6
10
17
68
1
1
11
3
1
1
2
1
171
1
1
2
183
7
30
3
4
5
1
1
1
7
16
1
2
1
1
6
10
6
1
1
2
1
13
55
15
1
1
1
1
1
4
3
31
52
1
5
2
1
153
2
10
1
1
3
2
1
8
51
1
1
1
1
3
13
4
1
1
3
22
2
1
1
46
22
1
1
1
1
1
16
1
1
1
15
1
3
1
1
23
4
9
1
2
121
21
57
1
2
1
1
1
1
1
2
1
72
4
2
2
2
8
504
16
1
63
1
19
24
27
1
1
15
14
3
6
2
1
1
1
1
3
4
1
1
3
3
89
6
1
3
2
10
9
17
1
1
4
7
1
1
9
1
1
1
114
1
1
29
39
83
21
1
1
1
1
40
1
3
46
4
1
44
1
10
1
12
1
142
1
1
1
2
24
65
42
48
1
7
3
1
3
1
1
1
5
3
1
1
1
1
1
1
4
1
1
296
1
2
25
1
2
1
253
1
1
1
1
5
53
238
4
7
1
8
11
10
4
23
4
6
13
198
7
7
4
28
1
5
3
3
1
1
1
12
2
1
11
3
7
8
62
24
1
1
1
1
93
1
4
2
1
1
1
1
2
6
1
86
55
15
27
95
13
9
3
32
1
1
3
9
1
25
4
2
1
1
3
42
2
713
5
1
1
2
3
2
2
1
2
8
1
12
1
14
1
2
3
34
21
1
2
1
1
1
1
1
10
1
3
10
1
1
1
2
2
1
1
2
1
1
2
1
2
1
1
4
1
2
81
1
2
8
1
7
2
19
12
1
12
13
1
1
1
1
8
51
17
15
1
2
1
19
1
1
5
17
178
4
3
27
1
1
305
3
2
22
18
4
1
1
1
1
2
1
3
7
1
1
8
2
149
2
6
9
1
8
4
14
17
1
1
1
4
3
1
33
14
14
14
19
1
4
6
19
4
19
3
18
5
25
21
17
2
90
145
56
1
16
4
1
58
16
3
6
7
99
15
1
2
2
1
1
37
18
1
2
17
2
1
11
17
12
48
2
5
2
1
155
1
1
5
3
18
2
16
1
2
6
42
93
1
28
1
3
1
23
1
12
2
1
1
72
29
1
244
4
3
19
4
7
1
150
1
102
1
1
2
2
1
1
11
2
1
2
1
1
1
2
1
1
670
1
1
26
1
5
1
1
27
1
1
1
23
8
1
1
162
43
2
1
1
97
1
9
2
20
1
1
1
1
3
6
3
1
1
1
1
1
2
16
2
4
6
1
1
1
1
2
1
1
1
1
1
1
1
1
3
2
13
1
2
1
1
1
1
4
27
1
1
5
1
5
8
3
2
29
1
10
1
4
9
1
12
2
1
1
9
2
1
2
6
2
10
1
2
1
496
2
1
1
1
1
1
1
1
1
7
11
1
1
1
1
1
1
1
1
4
3
1
1
1
1
1
1
5
2
299
1
4
2
1
1
1
2
2
2
9
6
1
1
1
1
1
1
1
1
1
55
1
1
4
3
1
3
105
1
1
1
2
1
1
634
1
1
1
2
1
1
80
2
3
3
1
1
1
2
3
2
1
1
1
3
2
1
1
1
1
1
3
1
39
1
4
5
164
1
1
1
3
52
1
1
2
1
1
1
3
2
1
2
2
1
1
2
5
2
31
36
68
42
2
1
1
2
1
3
1
5
3
1
1
2
3
7
1
5
1
1
1
19
2
1
1
2
1
2
6
49
1
18
2
6
3
95
20
1
7
1
4
1
1
372
4
63
1
2
1
1
1
3
2
1
2
3
1
1
92
2
1
4
1
1
13
22
8
6
9
41
28
3
38
8
1
1
1
2
9
8
5
1
5
1
1
7
1
1
2
1
2
2
3
7
1
1
1
2
3
8
4
5
37
1
3
2
1
1
1
2
1
10
1
2
7
2
2
1
56
11
1
13
1
1
3
1
6
23
37
21
2
1
1
1
2
3
1
1
5
1
1
7
1
1
1
2
7
1
1
1
2
5
9
1
1
20
1
1
2
7
14
1
1
1
3
1
1
1
1
1
5
12
1
1
3
2
37
1
9
1
1
1
15
3
1
1
4
1
3
5
1
30
6
1
1
1
7
1
1
1
2
3
1
1
1
1
1
1
5
2
1
2
2
252
2
34
1
3
1
1
1
1
13
3
2
1
1
3
2
2
1
1
2
16
4
29
1
1
8
2
1
114
2
1
1
1
1
20
142
5
1
1
1
1
1
1
59
1
1
1
1
2
2
98
6
3
1
5
3
1
1
1
1
1
78
32
44
1
1
1
4
6
4
197
4
1
11
2
1
2
1
1
2
4
12
1
8
1
35
1
7
1
1
1
1
1
1
6
7
11
1
12
1
67
13
1
1
18
3
5
2
3
3
1
1
1
1
1
1
1
1
1
590
1
6
25
2
4
1
1
3
5
59
5
1
4
1
2
21
1
1
22
2
24
1
3
1
3
4
3
7
1
3
9
13
1
1
80
1
2
1
1
86
9
2
1
7
1
47
1
1
6
1
1
1
4
1
3
1
2
36
1
2
1
2
4
1
1
1
2
2
1
1
1
1
2
1
1
1
4
3
6
217
2
1
1
1
4
6
1
1
1
2
1
3
1
1
2
1
1
2
1
1
1
16
1
1
78
1
1
9
2
2
1
1
1
43
3
7
1
17
1
444
2
50
1
1
1
8
26
1
20
1
1
4
1
1
1
1
1
1
1
1
1
3
1
1
1
3
37
1
1
1
1
1
1
9
54
41
1
274
7
1
1
1
1
1
3
102
1
1
1
1
26
1
43
1
1
1
1
1
1
9
1
1
1
61
1
33
5
2
2
1
4
1
1
2
4
3
1
10
1
2
1
22
1
31
6
1
3
24
4
1
158
1
1
2
8
1
1
1
1
2
2
1
2
1
93
2
1
1
1
3
1
1
1
5
1
60
2
1
1
1
1
1
7
4
1
1
49
1
105
3
4
17
12
34
1
7
202
25
33
141
18
1
9
3
3
1
1
129
4
1
2
16
5
45
7
2
1
4
1
84
22
178
5
3
1
1
1
1
5
28
6
2
10
10
1
1
227
31
129
22
10
10
101
1
36
17
8
8
49
8
28
6
57
1
7
1
1
30
7
91
5
20
10
183
16
15
71
70
4
15
3
5
2
23
64
4
11
28
1
1
1
1
1
4
5
1
1
2
56
1
1
1
1
1
1
2
2
17
1
312
6
1
2
1
1
1
1
1
3
1
1
1
7
1
1
1
1
4
29
1
1
2
2
1
1
1
11
1
6
1
28
2
1
1
186
1
1
4
2
1
3
2
5
1
1
1
59
1
71
7
1
2
1
158
1
1
1
1
3
1
16
1
1
1
1
1
1
1
1
1
1
2
12
1
8
2
1
1
2
1
1
3
1
8
1
1
1
1
2
1
1
1
2
16
5
3
1
1
1
2
1
1
1
1
1
1
6
1
1
6
8
11
4
1
1
1
1
4
27
1
19
146
1
1
1
3
1
1
1
1
2
2
3
1
1
90
34
1
8
3
1
1
1
9
1
1
1
1
1
1
1
3
1
1
3
1
1
30
2
1
2
1
1
1
4
1
2
1
2
5
1
2
1
2
38
8
2
1
1
1
1
1
28
1
1
1
16
1
8
1
3
1
1
448
1
1
2
48
1
100
4
7
1
2
1
1
1
3
2
3
1
2
1
648
1
1
1
1
1
1
25
1
1
3
1
1
1
2
1
2
1
215
172
1
1
1
534
34
1
4
6
6
1
1
1
1
1
1
1
1
2
6
1
1
1
2
1
1
1
2
1
1
1
1
1
1
2
1
5
1
1
3
3
1
1
1
5
3
1
4
4
1
30
1
1
1
1
1
1
19
1
2
1
1
2
25
2
1
2
2
1
1
1
8
1
1
1
1
94
1
25
1
1
1
1
18
2
1
1
7
22
17
39
2
1
1
1
1
1
1
1
1
1
2
1
391
1
3
14
3
2
5
2
1
1
1
2
1
1
1
1
1
1
204
6
2
1
72
211
19
1
11
1
607
1
1
1
1
1
1
1
1
1
1
1
1
1
1
2
1
160
1
1
1
1
2
1
1
1
1
402
1
2
257
3
1
1
1
1
1
1
313
2
6
96
1
2
5
1
2
1
1
1
13
129
1
20
79
1
1
34
1
1
1
3
1
1
1
4
2
8
1
1
1
3
2
1
11
3
2
5
1
1
2
4
2
1
24
3
1
2
1
20
4
1
1
5
2
3
2
8
14
39
2
14
16
1
1
1
1
2
1
1
1
2
3
4
1
24
1
1
1
1
1
3
2
1
2
9
19
1
4
1
1
1
2
1
1
1
10
1
1
6
76
1
1
1
637
2
1
9
2
1
1
16
1
1
2
1
4
4
1
2
1
1
1
1
1
1
1
1
8
3
154
14
26
1
1
1
1
2
315
4
1
63
5
3
3
453
46
1
1
1
5
1
1
1
31
6
1
27
3
1
1
1
6
15
3
2
2
92
18
3
3
1
2
1
297
1
2
13
73
4
1
93
5
3
1
1
1
1
1
1
1
37
1
1
2
5
4
2
1
1
197
1
1
1
1
2
1
16
2
108
1
1
202
2
1
1
2
1
1
1
13
1
1
2
1
1
1
3
1
1
4
6
1
1
2
1
1
1
1
1
1
12
1
3
4
1
1
1
1
1
168
65
2
1
1
4
2
9
26
1
1
5
99
1
1
1
1
3
1
1
1
2
1
1
1
4
1
1
3
1
1
3
1
1
85
2
4
1
1
1
8
1
2
2
1
4
2
1
21
1
1
3
1
3
3
1
1
1
1
1
1
1
7
6
28
1
1
2
1
362
1
1
1
1
1
2
5
1
3
12
1
4
1
1
7
7
2
1
16
1
11
1
1
1
121
1
8
7
92
176
10
2
2
1
1
3
6
27
4
1
2
2
7
126
95
1
1
1
12
1
1
1
1
1
287
1
1
1
1
1
2
1
1
46
1
16
1
1
1
1
1
3
1
1
1
1
2
4
19
3
4
1
4
54
3
1
1
1
2
4
4
21
2
1
8
1
1
2
1
22
35
31
1
8
1
17
1
1
1
1
25
2
1
4
3
1
1
6
1
2
1
1
42
6
4
66
1
1
5
2
3
1
3
8
1
1
2
1
137
1
4
4
5
1
2
3
1
3
32
11
15
1
1
1
1
1
1
1
1
1
2
5
6
1
1
10
13
2
2
1
1
258
1
1
2
1
2
20
8
1
1
7
2
1
2
1
1
1
1
109
3
182
106
189
2
34
1
4
1
1
1
1
2
1
1
4
1
1
1
1
1
1
1
1
1
2
7
312
5
1
1
282
1
1
1
1
6
55
