15
326
12
15
45
10
3
21
84
10
96
5
9
4
15
7
73
384
1
23
3
5
120
14
9
36
57
187
82
5
13
153
136
61
17
2
20
1
8
15
230
7
1
8
25
81
4
83
28
77
11
22
82
9
161
3
24
132
42
10
8
188
53
3
2
51
23
3
315
7
29
19
8
1
2
363
3
6
67
2
144
3
5
2
2
16
32
5
6
294
1
17
15
2
148
13
7
31
16
30
10
9
24
88
7
8
20
11
7
132
18
4
3
10
1
1
8
203
2
32
171
34
174
83
6
28
4
2
8
69
3
6
83
10
8
15
209
20
4
17
41
8
12
29
19
7
220
14
71
1
86
103
335
110
235
106
2
154
56
1
131
10
347
10
91
41
2
56
117
15
28
12
28
2
295
38
1
3
11
143
50
212
98
491
4
20
5
143
9
2
113
8
24
17
4
1
46
1
17
209
9
1
14
103
299
5
3
2
108
143
201
6
109
77
2
37
43
21
2
16
8
306
15
15
3
173
1
19
14
40
7
16
9
112
39
19
20
172
1
87
5
18
25
178
3
31
106
7
10
39
66
15
183
51
3
24
53
145
1
45
75
41
51
30
5
392
147
2
27
55
50
37
16
1
14
43
1
2
1
109
1
16
11
403
1
1
41
57
19
7
4
140
6
117
5
3
104
25
1
4
22
15
1
34
47
1
56
18
48
58
14
58
10
12
8
14
66
2
160
2
13
137
7
63
129
29
59
75
95
1
3
26
4
23
1
6
74
52
7
28
27
3
33
15
2
10
246
141
2
82
3
43
3
2
44
40
16
175
4
48
9
7
8
25
103
227
48
221
3
28
535
5
247
7
93
56
188
11
137
1
64
121
60
98
29
22
109
6
26
2
6
193
34
2
10
2
11
16
2
19
41
1
114
1
27
4
2
80
18
8
4
112
2
53
2
362
2
45
6
88
277
74
76
33
65
62
7
5
13
1
95
3
8
15
87
1
2
2
18
2
24
300
3
41
228
19
121
2
85
6
109
45
4
33
50
49
1
97
1
2
105
15
420
2
41
28
103
1
68
21
142
1
200
4
77
62
5
1
2
84
10
19
2
33
3
13
3
2
1
29
11
146
3
11
27
8
14
2
13
11
22
31
195
1
1
5
440
7
161
21
21
9
1
166
89
81
101
15
6
11
131
357
1
305
165
133
202
25
2
1
47
11
1
18
21
53
85
32
181
5
76
1
106
1
93
1
16
6
2
6
26
172
150
26
170
4
50
12
58
126
21
36
23
123
197
14
23
288
11
35
25
149
11
11
225
4
135
128
1
3
2
76
42
1
1
47
29
161
175
4
204
204
87
2
2
2
190
58
59
7
86
6
3
1
75
106
1
1
1
331
67
1
1
1
2
4
172
48
10
16
43
283
57
1
3
46
310
4
2
59
8
104
12
1
21
321
6
2
2
122
13
7
153
2
15
62
152
146
1
63
245
116
4
33
1
20
1
28
4
251
1
2
3
48
6
4
77
3
12
17
3
82
219
197
58
6
186
103
218
14
77
3
119
4
96
56
251
25
34
91
13
222
32
7
122
14
1
39
2
99
5
177
1
7
239
121
1
28
7
57
14
6
181
1
79
22
22
3
60
3
58
61
9
1
2
3
22
70
6
25
77
35
18
13
50
57
8
58
1
54
111
4
24
2
7
1
1
208
1
2
37
61
39
3
50
11
6
71
57
2
5
36
116
44
115
344
62
124
24
15
359
42
169
3
11
55
65
9
2
1
23
144
41
29
257
324
4
14
8
117
210
5
442
1
2
17
10
61
1
7
5
41
4
44
6
41
6
7
70
125
16
2
97
129
6
10
1
8
1
24
144
117
226
397
4
147
5
4
5
244
15
9
93
30
7
2
5
21
11
69
6
3
1
57
2
8
1
19
135
1
5
123
28
4
2
4
1
2
196
41
4
53
44
293
1
20
53
140
130
1
15
19
13
8
14
213
42
53
45
22
37
14
6
4
184
2
3
24
4
1
9
3
2
2
41
55
98
80
3
75
3
29
2
87
3
186
123
2
30
9
1
27
21
3
1
2
12
16
3
52
211
41
16
219
4
27
26
119
2
146
1
12
183
4
10
9
1
1
37
5
17
4
26
37
3
5
39
17
2
24
6
14
22
5
3
2
5
5
319
53
40
21
230
56
2
3
5
77
70
10
31
293
30
141
11
18
5
97
44
26
2
58
2
17
27
199
13
38
1
10
1
38
339
1
1
3
86
20
21
5
3
281
3
3
1
52
277
331
94
4
82
10
6
6
29
1
79
1
85
1
54
1
18
1
63
35
29
2
7
4
36
3
377
1
122
129
91
6
256
3
3
10
102
1
2
4
1
8
27
25
3
42
1
2
49
25
7
9
63
1
20
1
42
2
123
13
2
82
143
9
35
93
201
9
37
1
5
3
329
6
25
4
2
247
27
3
21
23
2
18
6
26
4
43
190
1
6
4
60
37
173
14
51
24
15
23
162
70
76
7
313
18
3
5
156
150
17
3
242
1
8
17
6
39
19
8
5
3
4
1
7
148
71
3
45
13
4
5
47
46
12
30
46
66
7
1
34
19
198
10
126
32
102
2
30
1
96
43
12
43
13
100
5
1
207
12
5
1
14
22
18
5
97
46
16
3
6
9
1
12
9
21
19
30
11
1
223
4
4
1
4
44
5
5
143
5
2
2
41
2
3
86
58
200
2
7
2
3
4
476
49
7
24
116
20
334
1
2
5
5
8
51
31
57
151
10
138
5
199
10
9
32
351
2
19
76
281
6
38
246
175
16
5
10
26
48
8
17
1
53
19
311
228
19
3
7
24
58
6
1
7
235
21
18
21
20
28
113
1
1
26
3
1
10
9
2
69
34
2
2
110
38
320
1
8
94
33
5
15
2
59
7
14
28
106
34
27
209
18
27
155
7
69
1
5
275
522
16
62
80
2
1
1
265
415
43
66
16
201
124
189
36
38
35
3
3
22
1
119
19
67
93
6
11
161
18
6
15
31
258
8
2
3
10
76
2
25
4
240
5
3
2
37
108
76
146
10
6
21
5
5
6
17
6
21
9
13
38
134
3
268
4
4
1
1
157
118
15
4
129
6
5
3
38
1
343
12
373
533
7
37
3
294
345
3
2
101
13
216
80
49
3
146
280
56
167
420
71
1
9
4
14
1
1
1
4
2
344
6
1
6
1
11
61
288
2
149
15
1
11
38
4
57
2
52
72
80
16
13
7
61
86
2
1
170
22
50
1
1
6
1
2
14
6
46
425
66
115
11
12
74
2
1
1
2
1
1
19
61
1
2
20
13
15
17
19
1
2
1
4
3
217
12
27
41
335
183
4
4
2
5
21
2
1
1
4
10
6
4
7
12
172
29
11
9
20
359
47
14
2
1
138
41
7
8
2
163
16
1
5
21
44
1
5
57
1
84
244
153
2
343
34
161
67
8
10
3
17
19
123
1
1
39
92
14
38
18
17
125
74
19
15
5
205
42
1
25
45
5
40
4
18
7
6
170
1
5
11
82
178
175
2
21
10
35
80
5
99
1
29
19
30
19
1
66
13
65
2
1
21
52
50
1
34
36
3
8
6
10
2
8
81
58
144
2
57
6
2
3
23
4
42
288
166
4
5
50
74
3
3
5
68
1
173
46
1
