59
4
18
1
107
22
398
1
41
95
269
29
12
410
418
15
30
259
20
1
13
1
23
4
133
45
351
8
35
251
1
13
12
38
24
7
3
28
2
4
105
15
22
50
59
159
1
207
25
14
15
2
5
1
2
64
30
120
1
18
224
1
191
63
17
48
35
126
1
25
157
25
10
135
193
81
60
18
2
1
16
88
2
1
11
6
15
15
6
79
9
4
95
137
6
15
23
17
91
137
100
35
18
205
9
281
63
51
33
66
46
50
59
79
3
6
28
88
2
6
39
175
307
253
87
8
31
140
208
6
46
115
98
8
51
52
67
53
41
120
292
1
257
46
6
79
22
400
2
132
34
3
276
22
59
166
46
132
74
48
3
4
114
34
34
39
43
1
15
137
35
2
102
9
22
1
94
5
15
75
1
85
31
13
68
121
2
9
9
104
6
9
4
47
14
38
4
64
11
22
4
38
11
290
4
31
13
88
101
9
125
13
7
7
32
14
19
19
36
6
1
47
90
36
10
179
31
46
100
33
2
87
7
1
1
40
2
140
423
37
201
3
42
7
21
36
2
135
11
2
75
3
75
6
10
40
2
1
7
34
28
36
24
1
283
139
135
28
3
59
31
187
58
195
5
32
3
44
34
80
17
2
1
5
6
114
79
102
21
18
33
2
1
4
103
49
1
82
78
1
247
18
62
413
239
1
22
1
1
48
35
73
4
13
24
45
45
4
13
238
368
90
30
29
1
286
1
99
13
7
3
55
30
1
12
11
101
156
257
1
135
54
249
15
46
51
10
29
3
3
4
51
42
9
1
122
127
47
396
99
1
48
170
23
8
155
37
17
127
37
3
11
15
1
42
310
2
243
15
28
3
12
91
7
4
147
151
22
269
4
81
325
5
14
11
5
19
67
171
159
62
14
74
2
66
5
187
15
3
122
64
39
7
48
52
14
95
192
124
96
47
87
5
6
32
107
179
10
1
2
28
4
3
60
28
33
1
167
13
7
50
4
5
4
54
20
1
27
276
30
28
3
89
4
1
4
36
10
5
1
25
14
10
33
8
2
61
4
34
74
62
7
67
7
32
1
25
13
33
37
55
11
87
55
100
2
15
77
4
174
71
1
46
31
33
1
38
42
12
2
8
198
82
10
4
4
20
185
3
2
27
72
1
18
3
29
1
272
21
430
1
4
28
14
5
197
1
61
135
53
40
1
4
3
9
3
17
106
17
37
32
273
10
140
5
101
32
102
32
3
2
16
5
1
24
302
1
72
7
33
57
24
9
40
1
39
7
254
100
12
77
97
31
106
30
123
26
6
1
87
143
1
4
2
6
1
2
58
5
264
10
120
29
213
134
151
36
23
56
25
8
17
43
197
4
1
7
3
172
3
22
108
16
10
78
3
37
13
8
15
1
116
6
58
97
3
9
23
2
31
11
59
2
4
1
145
47
1
120
28
106
7
174
15
76
86
1
7
9
5
5
8
26
3
41
58
42
14
70
89
47
29
27
14
5
47
217
11
137
21
6
6
131
1
25
63
11
155
25
111
112
100
149
8
74
281
8
1
142
41
302
20
9
247
217
20
2
174
5
5
213
7
4
29
7
10
1
18
6
228
4
2
145
100
15
5
478
17
50
10
19
2
37
125
13
141
43
33
100
22
3
259
200
4
23
37
10
33
1
13
3
122
1
6
9
29
207
35
34
93
195
17
23
21
27
11
17
31
65
36
192
89
13
2
4
1
49
43
71
8
12
34
43
2
3
13
38
44
268
106
65
2
37
1
25
74
13
363
3
4
9
2
54
15
31
266
19
444
73
135
14
297
370
89
22
9
12
85
30
8
4
14
34
6
2
27
93
8
12
365
12
154
25
16
17
3
148
63
333
299
106
13
80
17
23
5
14
26
47
5
5
388
65
8
51
373
25
1
277
4
265
144
10
37
6
40
2
3
8
44
18
29
33
1
27
1
30
14
1
2
230
61
10
2
71
73
42
181
15
69
14
9
203
55
21
39
36
3
13
29
30
55
67
2
6
12
33
96
31
2
10
7
6
20
16
1
248
3
88
267
24
1
16
29
102
90
18
55
51
44
250
53
37
28
129
165
20
171
1
4
1
24
119
29
3
11
70
43
117
18
59
82
89
9
1
7
159
1
52
36
30
185
2
12
2
36
6
19
31
44
3
19
51
15
1
27
37
2
48
62
17
221
67
23
48
24
202
48
286
22
154
8
21
15
16
4
29
116
54
58
43
65
140
6
13
77
52
137
1
333
51
39
75
6
3
34
39
97
1
38
3
5
21
109
43
8
102
4
2
9
13
50
5
375
4
6
10
156
2
1
18
205
97
28
142
37
102
168
1
57
5
70
19
31
25
1
8
36
7
6
82
5
126
85
74
83
94
8
35
154
5
1
25
45
2
56
1
1
42
4
71
40
4
2
20
65
108
32
157
80
98
9
1
162
14
9
17
22
6
52
3
7
6
167
90
90
293
1
20
408
149
9
4
83
74
237
1
2
15
51
326
160
292
132
1
20
2
286
42
42
55
127
112
1
25
41
22
173
74
26
30
7
2
13
34
39
43
50
13
6
89
388
13
2
4
46
299
138
76
1
71
20
69
45
151
73
37
1
25
146
45
29
24
2
3
29
84
72
77
1
219
39
353
71
5
17
13
338
149
26
17
21
6
1
6
45
68
1
40
7
111
33
463
17
167
2
348
1
2
6
3
10
32
12
288
185
36
22
69
35
83
134
131
4
7
69
5
71
72
245
47
19
4
14
2
20
1
55
17
1
140
11
75
117
163
44
430
8
40
1
5
40
11
53
40
10
9
207
140
104
26
9
47
73
135
253
3
9
12
140
82
72
329
5
109
43
2
21
33
115
308
148
120
311
80
2
88
4
12
134
155
110
27
3
1
29
3
124
5
8
13
105
15
4
1
326
1
1
1
1
1
2
1
1
1
4
14
39
29
4
4
12
8
2
18
4
2
1
2
8
2
1
26
15
57
45
48
1
5
3
1
1
3
10
38
1
3
4
156
3
6
3
5
32
1
1
1
21
5
1
6
1
1
1
1
2
5
1
39
39
34
84
1
22
2
3
2
1
1
1
8
5
1
6
2
1
2
10
1
5
1
1
1
1
1
1
5
1
1
2
1
2
1
3
1
2
27
71
1
96
6
5
104
12
3
1
7
27
1
1
1
5
2
1
9
4
25
42
1
1
1
2
15
10
3
7
2
1
3
2
4
2
1
73
384
36
34
1
1
1
38
1
1
4
1
74
2
4
1
6
1
2
2
1
4
15
1
2
5
23
7
13
2
5
1
5
1
1
9
2
3
1
2
5
120
4
4
1
4
2
4
1
10
59
16
2
23
20
1
5
14
4
4
66
2
2
1
9
36
3
1
57
1
1
1
187
82
1
4
53
3
1
23
1
1
5
3
1
3
1
13
18
153
245
6
136
61
34
1
13
31
5
17
1
1
1
2
1
1
2
20
1
1
1
9
8
41
2
1
19
1
100
1
3
17
348
31
8
2
3
3
5
15
230
22
7
7
3
13
1
2
2
1
6
1
1
1
1
8
1
1
1
1
1
30
25
15
2
1
1
1
1
81
2
1
1
27
1
246
1
2
2
1
1
5
4
3
2
1
1
1
1
1
83
2
4
29
28
10
18
20
17
2
29
1
1
1
1
9
1
462
1
1
1
1
2
1
7
1
1
1
1
77
1
1
11
1
2
1
1
2
283
2
1
1
1
1
1
1
22
1
2
1
1
1
82
1
1
19
13
15
1
1
1
1
1
1
1
1
1
1
1
1
1
1
1
1
1
1
1
1
1
4
1
1
1
3
1
1
2
5
4
9
29
1
1
1
2
1
1
1
1
4
4
1
2
1
1
2
1
3
161
3
1
1
1
40
5
24
6
1
14
4
13
2
1
1
2
5
16
132
1
1
5
1
76
21
3
1
3
3
3
1
4
1
42
3
1
1
4
2
1
1
13
4
2
1
3
1
1
1
1
10
22
2
3
1
4
1
1
50
1
1
8
3
1
1
4
188
13
2
1
1
1
1
1
1
2
1
1
67
1
1
4
1
1
1
1
1
53
2
1
1
1
1
3
2
4
1
4
1
2
7
1
2
1
1
1
3
3
2
38
51
1
1
1
1
1
1
23
1
3
1
1
1
22
1
3
1
1
2
315
1
2
1
2
7
1
2
29
6
6
3
19
8
3
1
7
4
4
1
1
1
1
2
1
5
1
1
1
4
3
3
2
1
3
2
2
1
2
5
2
17
2
14
2
1
363
2
1
1
2
2
1
3
1
2
3
5
2
4
1
1
6
4
2
1
1
3
1
1
1
179
1
1
1
1
67
1
3
1
1
1
6
2
1
13
2
1
1
144
1
3
1
1
1
1
5
1
2
1
2
1
16
1
3
1
2
1
1
1
1
32
1
1
1
34
5
1
1
1
1
4
1
1
1
3
5
6
294
1
1
3
1
59
17
15
1
3
9
2
1
2
1
148
5
7
19
25
2
1
6
4
1
1
11
1
13
73
4
3
1
1
10
1
1
10
1
3
5
1
1
5
1
50
1
1
1
44
1
7
1
1
2
2
15
31
7
16
19
11
1
1
2
1
1
48
30
1
1
1
1
1
2
10
8
1
9
24
88
7
3
4
1
3
1
8
2
1
2
4
1
1
1
4
1
18
1
20
1
1
1
1
11
1
1
4
16
1
1
1
1
1
2
13
1
5
1
7
132
3
5
8
19
1
23
3
1
34
18
2
1
1
3
4
3
12
3
5
5
153
6
2
5
52
10
4
6
14
1
1
8
1
4
6
203
2
5
3
7
1
9
1
2
2
3
2
11
50
1
1
1
2
32
10
1
4
1
1
5
171
34
26
12
174
83
6
1
1
2
1
3
1
3
1
9
30
2
1
6
4
11
1
2
1
2
1
15
28
3
4
1
1
3
1
2
1
163
1
1
8
1
1
1
1
1
1
1
20
1
17
1
69
1
2
1
1
1
1
1
70
2
1
5
1
1
111
1
1
1
1
1
1
1
13
1
2
339
1
28
3
1
3
6
1
16
1
2
36
1
83
3
5
2
1
4
1
2
7
1
2
1
5
2
3
1
10
1
8
1
9
184
57
4
1
35
29
10
15
1
1
1
1
3
2
1
1
1
2
1
209
6
20
1
5
10
2
2
1
121
4
1
1
1
1
3
3
3
4
2
5
1
1
31
1
17
20
2
1
36
14
1
1
41
1
8
12
9
15
2
1
1
1
1
31
33
41
8
1
12
1
29
1
4
1
11
4
10
1
1
19
6
2
2
1
13
1
1
3
1
1
7
1
1
3
2
220
1
3
3
32
1
17
1
1
1
1
14
71
1
2
1
5
1
22
86
1
1
53
1
24
131
2
1
1
1
103
335
110
84
1
1
1
1
55
1
2
1
1
1
2
1
235
1
1
1
3
18
1
1
1
2
106
1
347
1
1
1
1
1
1
1
1
2
1
1
1
1
2
1
1
1
154
7
1
1
1
1
2
56
6
1
1
1
2
1
2
2
2
2
3
1
1
1
1
2
1
1
13
2
1
1
1
1
1
1
8
1
1
1
54
2
1
1
1
1
1
1
1
26
7
32
1
25
1
1
42
3
1
1
14
50
1
1
1
1
131
1
1
4
1
1
1
5
3
1
9
1
2
10
2
16
4
1
347
5
1
1
2
1
1
2
1
10
1
5
1
6
1
1
2
1
7
4
1
1
1
1
91
24
2
1
4
3
1
1
18
17
6
1
1
41
2
1
2
3
39
2
56
117
30
3
60
3
1
1
1
1
1
1
15
1
2
1
1
1
2
1
1
2
1
6
1
25
28
2
1
1
4
3
3
1
5
12
1
3
1
1
28
27
1
1
5
3
1
9
2
1
2
3
1
1
14
6
4
5
2
295
5
38
1
37
5
3
1
2
5
3
1
1
7
3
1
1
4
1
5
1
4
3
3
1
1
1
10
2
3
11
1
72
143
50
3
87
2
2
64
1
2
1
12
10
2
1
10
9
2
9
15
42
3
2
1
3
2
1
1
1
1
6
212
98
6
491
4
1
20
19
2
1
1
2
1
1
1
1
2
1
4
4
1
1
1
5
1
1
1
1
143
49
11
18
10
4
9
3
2
2
4
2
1
32
13
2
1
3
1
4
1
1
4
30
2
4
69
2
1
10
1
9
113
6
1
8
1
1
24
2
2
2
1
1
2
6
4
17
1
4
6
3
22
11
16
5
4
18
1
1
3
12
4
32
25
287
2
8
9
1
258
51
1
2
1
1
1
4
1
1
12
6
5
21
2
1
8
46
1
1
1
3
1
1
1
1
1
14
1
1
1
1
1
2
5
7
5
1
20
4
18
8
1
17
28
1
10
1
3
1
1
17
1
3
209
1
6
24
9
3
1
1
1
14
3
1
1
1
1
1
1
2
1
15
1
103
1
2
9
14
4
1
2
299
1
6
5
1
1
1
3
14
1
2
1
1
1
1
1
4
1
108
6
1
1
1
1
2
1
5
143
1
1
5
1
1
1
1
1
201
1
1
6
2
2
1
3
1
2
1
1
1
109
1
1
1
5
1
1
2
1
1
2
1
2
4
1
1
1
1
1
1
1
77
2
2
1
1
1
1
37
43
2
2
1
21
4
2
2
7
2
1
2
16
1
1
1
1
2
1
1
1
2
1
1
8
4
1
2
3
1
2
7
1
306
1
1
1
2
2
15
1
1
1
1
2
9
3
1
1
1
15
3
173
1
1
2
2
17
1
1
3
19
14
1
2
6
1
107
1
3
1
5
2
40
1
1
1
1
6
1
4
1
1
1
1
1
7
1
3
1
16
1
1
1
1
4
2
2
16
9
1
112
1
1
3
2
39
1
3
1
1
19
1
1
1
1
1
1
1
5
1
1
1
1
1
1
1
2
3
20
1
1
172
1
22
2
1
5
1
37
16
87
2
1
1
2
1
2
1
1
1
5
6
1
1
2
1
3
1
18
1
25
2
3
3
1
5
1
1
178
1
13
2
6
1
13
1
2
3
13
1
2
1
3
2
1
1
9
3
1
1
4
2
50
17
3
3
31
1
106
1
2
3
7
1
1
3
2
1
1
24
13
7
1
43
14
1
4
77
21
149
10
5
6
5
65
67
1
39
66
2
2
2
1
2
15
1
1
1
1
1
4
8
23
1
3
9
1
1
1
23
1
3
1
1
2
2
2
5
1
1
1
5
1
3
2
3
183
1
1
1
51
3
11
1
3
2
3
3
1
1
1
9
24
1
29
1
1
3
21
1
1
1
30
53
5
1
4
1
1
3
145
2
1
1
1
1
3
1
37
1
1
1
45
1
1
1
1
1
75
1
41
1
1
1
1
1
51
1
1
1
30
1
2
1
1
1
3
5
1
1
2
1
5
1
1
1
2
1
1
1
1
1
3
1
7
392
1
147
104
4
3
5
2
30
6
1
3
3
1
1
2
2
1
1
1
1
27
3
1
33
26
161
1
1
1
55
50
1
1
1
3
1
1
37
2
1
1
1
1
3
1
1
2
121
3
2
1
8
1
2
16
3
2
1
1
1
29
27
1
1
14
1
5
1
1
1
1
1
1
1
43
1
3
1
2
10
1
1
1
3
1
1
1
1
1
1
1
2
1
2
5
1
2
1
2
2
3
1
2
1
1
3
1
4
1
1
1
1
2
2
1
3
8
1
1
2
3
109
1
1
5
1
1
1
3
1
2
16
1
4
1
1
1
2
1
1
2
2
1
2
2
10
1
3
1
11
2
2
1
3
1
1
1
403
1
2
1
2
1
1
3
1
1
1
3
41
2
57
2
1
6
1
2
1
3
1
2
20
19
26
1
34
81
1
19
7
2
7
1
3
3
1
4
6
8
2
1
58
4
140
1
1
2
1
1
1
1
2
5
1
1
1
1
2
1
1
2
1
2
6
2
4
27
2
1
1
2
1
1
117
8
4
3
65
1
1
1
5
1
3
3
1
2
12
3
1
2
26
2
1
2
2
3
3
1
2
1
1
2
3
104
2
1
1
1
25
2
1
1
5
7
1
1
4
2
22
2
1
1
1
5
1
1
1
15
1
1
10
1
1
1
2
5
1
2
1
4
1
1
16
34
1
1
1
2
47
1
3
2
1
1
1
3
1
2
1
2
2
1
6
1
3
1
56
1
1
18
1
1
3
1
1
1
1
2
2
2
48
5
1
1
58
1
1
4
1
1
1
5
2
15
1
1
3
1
1
2
1
14
1
10
58
10
12
1
1
1
2
2
8
2
1
2
14
6
3
66
1
2
2
1
2
1
1
1
2
1
1
1
3
133
2
3
6
1
1
1
3
1
3
4
160
1
17
2
2
1
1
1
5
2
1
3
13
1
1
1
2
7
4
2
7
137
1
1
2
4
1
5
1
7
4
63
1
1
6
3
3
129
1
1
1
29
59
1
2
1
1
1
75
2
1
1
1
1
1
95
1
1
1
1
1
29
3
1
1
1
2
1
66
3
6
7
1
32
1
2
3
2
1
26
4
1
2
1
23
2
1
1
48
3
1
1
1
1
6
1
9
1
307
1
114
74
1
52
25
1
263
1
1
1
7
4
28
1
1
18
17
10
1
5
3
1
27
4
13
88
1
9
1
3
1
1
1
3
13
3
20
4
1
8
3
1
33
1
14
169
15
2
2
23
1
2
2
10
3
1
1
1
1
1
1
6
246
1
1
12
1
1
1
2
1
2
1
141
1
3
2
1
1
1
82
3
1
3
13
1
3
43
3
4
28
3
3
2
1
1
3
1
1
44
40
1
2
1
6
1
2
2
3
1
16
175
13
1
4
1
2
1
5
1
1
1
2
1
5
1
20
3
3
1
1
1
9
48
9
1
1
1
1
2
1
1
2
1
1
7
1
1
1
8
1
1
1
1
25
1
1
1
103
10
14
1
1
1
1
4
2
13
1
5
1
2
1
1
1
1
1
2
2
3
1
2
1
227
1
6
48
221
41
13
1
2
3
1
28
4
1
1
1
535
1
1
3
1
4
1
2
1
1
1
5
2
1
1
1
4
25
2
1
2
1
1
1
1
1
247
1
1
7
93
1
1
1
56
1
3
1
2
1
1
2
8
1
188
1
2
2
1
1
2
1
1
5
11
1
2
31
1
3
1
5
1
1
1
1
3
1
1
3
1
1
3
1
2
5
1
1
1
2
1
137
1
1
1
97
1
2
1
1
2
1
25
64
5
2
1
1
1
1
121
1
1
1
2
1
1
4
1
1
1
1
3
1
1
60
1
1
1
1
3
3
1
1
1
1
4
155
1
8
2
2
3
2
1
1
1
70
1
98
1
1
2
29
1
22
8
3
1
2
161
1
1
109
2
1
2
6
1
1
26
1
1
5
1
2
1
2
1
24
6
5
1
2
6
1
193
1
1
2
2
1
1
1
2
9
2
39
3
1
1
1
1
1
2
34
1
1
2
4
1
1
4
1
1
1
2
1
1
1
1
2
10
1
1
1
1
1
1
1
2
1
11
2
1
16
2
1
1
1
3
1
2
19
1
1
1
1
41
1
1
1
1
1
2
1
1
1
1
13
9
111
2
10
114
2
2
1
1
1
1
1
1
1
5
15
1
1
1
1
27
1
3
1
35
1
3
2
1
14
4
5
4
6
44
13
1
7
5
2
1
80
18
8
4
5
1
1
1
1
112
1
1
2
4
7
2
1
53
2
2
1
2
1
13
362
1
13
3
2
1
1
2
5
6
1
1
1
1
2
1
1
2
45
18
1
19
2
8
1
3
13
1
1
2
1
3
1
3
2
1
6
1
3
4
2
24
3
1
10
3
10
88
1
4
3
2
277
74
14
4
36
2
14
1
76
4
33
65
13
1
1
2
4
62
7
2
2
5
1
1
5
1
13
10
1
1
1
2
1
5
2
1
1
2
14
7
6
2
5
1
1
2
12
1
1
95
1
3
9
3
8
2
2
1
1
10
9
5
1
2
3
12
3
1
15
87
4
1
1
1
1
2
2
21
1
3
1
2
74
1
18
34
1
2
4
24
1
12
2
300
1
4
1
1
1
1
6
3
1
1
2
1
1
1
1
3
1
1
1
41
2
1
1
1
1
1
2
1
1
2
5
1
228
1
2
1
5
1
1
4
1
1
19
3
1
1
121
2
2
3
1
4
1
2
2
2
2
85
1
1
2
5
2
1
6
8
109
1
2
24
1
1
1
1
1
1
3
2
45
4
1
11
1
4
2
3
33
50
1
28
1
1
1
1
49
1
15
11
1
10
1
2
1
4
97
1
1
1
1
1
73
5
2
1
2
1
105
1
1
1
1
1
2
4
1
1
1
1
1
2
3
1
15
3
1
420
5
2
2
4
1
41
1
2
1
21
1
1
1
28
1
103
1
1
1
1
1
1
2
1
1
1
1
1
1
2
3
1
1
4
262
4
1
68
1
1
11
1
5
9
3
6
21
142
2
3
1
1
1
1
8
1
5
2
1
3
1
1
200
1
1
12
1
2
1
1
1
1
1
4
1
5
2
1
1
4
1
1
4
1
3
16
1
1
12
4
1
1
1
3
3
2
2
9
1
1
15
7
3
2
1
1
1
1
1
77
1
1
2
4
1
1
2
1
1
1
1
1
62
1
2
5
2
1
1
1
1
1
1
1
2
1
2
1
2
1
84
1
1
1
1
1
1
1
1
1
99
135
1
3
10
27
6
19
26
2
5
3
1
17
1
1
33
98
9
8
1
1
22
25
1
63
1
1
1
37
3
13
1
1
1
260
2
8
1
110
1
2
1
115
1
3
1
1
1
1
1
1
1
1
1
2
1
1
1
4
1
4
1
1
1
7
4
29
11
1
1
1
1
146
1
1
1
3
1
1
3
4
1
8
8
1
19
11
2
27
18
1
8
1
3
1
2
13
1
14
1
24
2
13
3
3
11
22
31
195
4
4
10
1
2
1
1
12
3
4
15
3
5
26
1
1
10
10
1
2
1
57
5
3
1
5
9
6
1
2
2
2
29
3
440
9
14
102
7
1
161
4
21
21
16
1
12
1
3
9
8
35
1
1
1
2
1
13
3
166
1
89
1
1
81
6
1
1
1
2
101
1
2
2
3
38
10
15
1
6
4
3
143
2
6
3
3
1
1
1
108
2
58
11
2
1
131
1
1
1
7
1
8
1
2
8
357
1
1
3
305
1
1
1
1
10
165
1
1
2
133
6
2
1
1
2
202
305
25
2
1
1
1
1
5
1
1
1
68
2
1
2
1
1
1
2
1
47
1
11
1
2
6
1
18
1
1
1
2
3
61
45
5
5
2
2
3
1
1
1
1
19
21
30
2
3
1
5
53
85
32
1
17
181
5
1
76
2
1
106
1
1
1
2
1
2
1
1
93
8
1
1
1
1
1
1
1
77
2
1
1
16
1
1
1
6
12
1
6
1
1
1
1
2
1
1
1
1
6
6
2
1
43
1
1
12
12
4
17
2
7
26
3
3
2
2
14
2
1
1
1
172
1
1
1
1
150
3
3
2
1
2
2
1
1
1
1
1
1
1
1
1
7
128
2
5
1
1
26
1
170
14
2
4
1
1
50
1
1
1
1
1
1
21
17
1
13
1
2
3
1
1
7
3
3
2
1
12
29
1
1
22
1
1
2
2
1
2
1
58
1
1
1
2
8
6
7
1
1
126
7
1
6
2
2
1
16
21
14
1
1
2
36
23
123
214
1
2
72
2
1
1
1
1
1
1
1
1
1
2
1
1
2
2
1
3
2
1
1
2
1
1
3
2
83
1
1
4
6
2
2
2
197
1
1
1
1
14
1
1
1
1
1
1
1
1
1
23
1
1
1
2
95
1
27
288
1
11
5
1
35
25
1
1
3
149
11
14
1
1
2
11
225
2
1
1
1
1
1
4
1
1
1
9
135
128
1
1
1
5
2
2
1
3
16
9
4
2
76
4
1
4
2
42
1
2
2
1
1
1
1
1
1
1
1
1
18
10
7
10
1
1
2
1
7
47
14
1
29
13
4
161
1
34
1
1
2
1
1
1
2
175
1
2
4
1
1
1
1
4
1
1
204
2
204
6
7
2
1
29
2
87
1
5
1
1
2
4
8
1
1
2
1
40
1
33
90
2
2
2
1
190
12
58
1
1
1
2
3
2
1
1
2
8
1
4
2
10
1
2
16
6
59
1
2
2
1
2
1
5
7
37
35
1
9
2
49
25
1
1
1
1
2
4
1
5
2
1
1
1
1
48
1
1
1
86
1
6
3
1
9
1
6
3
1
1
58
1
1
2
4
4
2
1
1
1
3
75
106
1
1
93
1
1
4
11
1
1
2
1
8
1
2
2
1
1
2
1
2
4
1
2
1
1
1
1
1
1
1
1
1
2
1
1
1
1
331
1
1
1
1
1
117
1
2
2
7
1
13
67
1
19
1
1
1
1
1
1
3
1
2
2
1
3
15
4
172
3
3
1
1
3
1
48
9
1
2
10
2
1
16
1
2
43
1
2
1
2
29
1
283
1
57
1
4
17
3
1
15
46
1
1
8
2
2
2
1
1
310
1
1
1
2
1
2
1
1
1
4
4
6
10
81
1
1
2
2
7
1
1
1
3
2
1
1
1
1
1
1
1
15
2
1
1
4
1
1
13
1
1
1
8
3
2
1
59
1
6
1
44
1
8
1
1
2
1
2
1
1
1
1
1
1
1
1
1
1
1
1
1
1
1
1
173
1
4
104
12
1
1
1
1
1
1
6
1
21
1
1
1
1
1
1
1
1
1
7
16
1
3
1
321
1
6
15
2
1
1
2
6
4
1
1
1
1
1
7
7
2
1
1
1
3
1
1
1
1
122
5
1
2
1
1
16
4
6
13
1
1
7
1
70
1
1
1
153
2
1
1
1
26
1
1
2
1
1
15
2
1
2
1
5
1
1
1
8
9
1
5
7
2
1
62
1
6
3
1
1
3
1
1
152
1
1
146
1
1
1
63
1
1
1
2
1
2
245
1
1
1
2
6
7
1
116
1
4
1
1
12
1
33
3
1
2
2
15
8
1
2
1
3
3
2
3
5
3
29
1
20
14
30
1
3
56
7
1
28
1
28
22
4
251
2
1
8
1
4
1
2
2
21
1
2
8
2
3
2
2
1
1
1
1
1
1
1
2
12
1
11
1
2
3
1
1
1
1
1
2
1
5
3
6
14
7
5
2
1
1
3
9
1
1
5
1
1
9
4
1
48
1
6
3
1
1
4
77
3
2
2
1
5
12
1
1
2
1
2
234
1
3
1
1
17
1
1
1
1
2
73
1
3
1
1
1
58
1
1
4
16
4
1
1
24
2
2
1
1
1
70
2
8
45
82
2
1
1
1
1
3
26
1
1
2
2
1
5
1
2
219
12
1
1
2
197
1
1
1
1
1
2
2
1
1
1
20
1
58
1
1
6
1
2
6
1
11
4
186
1
5
5
1
1
1
103
218
1
1
1
26
1
1
14
1
1
1
1
7
22
2
2
31
1
4
2
77
2
1
2
8
2
3
1
1
2
1
51
4
1
119
1
3
4
1
1
1
2
1
4
8
1
1
1
3
1
13
7
8
1
1
1
4
2
9
5
7
96
1
1
2
10
1
56
6
1
26
251
3
25
1
1
1
2
1
1
34
11
21
1
2
35
91
4
2
1
13
3
6
1
15
1
15
3
4
1
4
1
222
1
3
1
1
1
1
36
1
32
3
11
2
6
6
1
1
3
2
5
5
1
5
1
1
1
1
3
2
2
4
1
12
7
1
1
1
5
3
122
4
1
1
10
14
1
1
1
1
1
3
1
1
1
1
39
1
20
1
2
2
1
2
1
1
1
1
2
1
3
99
6
3
1
1
1
4
15
1
1
5
1
1
1
3
1
4
1
4
12
1
177
1
1
6
1
1
6
6
4
2
7
239
121
1
1
1
28
36
1
1
1
2
7
1
1
1
2
2
45
1
1
1
1
6
4
1
1
1
2
4
2
4
57
7
15
1
3
4
1
6
14
6
1
1
7
1
6
1
1
2
181
1
1
30
1
5
11
70
79
1
2
9
17
22
14
22
1
1
4
5
3
1
1
1
1
1
10
1
60
3
15
1
1
1
1
58
1
20
5
61
1
1
2
9
1
1
2
3
3
22
4
7
1
1
70
2
1
6
39
4
6
1
25
1
2
4
11
1
15
20
2
77
1
2
3
2
11
35
35
11
18
2
31
11
1
7
1
6
2
13
1
5
1
19
50
2
1
1
57
4
1
8
5
58
1
1
1
1
1
1
2
1
1
1
54
7
1
22
1
9
111
1
1
19
1
4
1
24
1
2
7
7
1
1
1
1
1
1
1
1
1
1
1
2
1
6
2
2
1
1
4
1
1
1
1
2
208
14
1
1
1
13
19
3
12
1
4
1
1
2
1
4
1
1
2
1
1
3
2
37
1
1
1
2
2
2
2
61
4
1
31
1
5
1
1
2
1
1
1
1
39
1
3
2
3
35
1
1
1
8
1
1
50
1
1
3
2
11
1
1
6
1
1
1
1
71
1
57
1
2
1
2
3
1
5
1
1
1
1
36
6
3
16
1
116
1
2
13
44
115
1
1
1
344
9
7
1
2
2
2
2
4
1
2
4
5
2
62
1
5
1
1
1
124
1
1
211
1
1
1
24
4
1
10
5
8
2
1
1
15
4
1
124
1
1
359
5
10
83
3
1
53
1
1
18
3
2
1
1
1
2
5
24
6
1
75
2
19
1
42
1
1
6
169
3
11
1
1
12
1
1
55
1
1
1
1
5
1
1
13
1
2
1
1
1
8
65
1
9
2
2
1
1
2
23
1
1
1
144
1
1
1
1
1
1
2
2
24
1
1
1
7
1
41
29
10
257
324
1
11
1
1
1
2
4
3
1
22
5
4
86
1
7
14
8
1
1
117
1
1
22
29
3
26
1
1
2
210
1
1
1
1
1
1
1
5
1
1
37
2
1
5
1
7
29
1
5
1
1
1
1
442
1
1
1
250
1
1
1
53
5
1
1
2
2
1
1
1
61
1
15
50
1
15
1
1
1
17
3
1
1
2
4
4
1
1
1
1
10
8
3
5
2
2
1
7
1
1
2
1
1
49
3
1
23
61
1
8
1
7
29
3
1
1
1
5
1
41
1
9
1
1
1
1
1
8
1
4
44
1
1
1
1
1
1
1
6
1
7
41
6
2
2
7
1
2
1
1
70
2
125
1
1
5
1
1
1
1
1
4
1
16
1
1
26
1
1
2
1
1
1
1
1
1
1
1
1
1
1
1
2
1
3
1
2
1
2
5
2
21
97
1
2
1
129
6
1
1
1
1
10
1
2
1
1
1
3
1
1
1
1
102
1
1
1
8
2
1
1
1
2
1
2
1
1
1
2
24
1
1
6
19
1
1
1
20
1
115
144
117
4
1
1
6
1
2
1
3
1
4
1
2
1
226
1
1
9
1
1
1
1
397
2
4
1
1
147
2
1
2
343
2
1
1
2
1
1
1
1
2
5
1
140
1
1
1
1
1
6
1
4
5
1
1
1
5
23
203
1
1
67
244
1
2
3
1
2
1
2
1
1
135
1
1
3
1
1
1
11
10
15
5
1
2
43
1
104
9
1
1
2
3
1
38
1
1
93
18
5
3
1
3
3
1
30
7
2
10
8
25
29
1
2
2
3
7
5
1
1
4
1
1
12
1
5
1
3
21
4
1
2
2
1
1
2
1
11
2
5
11
1
69
2
1
6
1
1
2
6
1
3
1
10
21
3
30
1
1
1
1
1
1
2
4
2
1
5
5
1
2
1
1
8
57
2
2
1
1
2
2
1
1
1
4
6
1
8
1
2
1
1
1
1
1
1
2
1
8
1
1
7
1
1
19
1
135
1
1
4
24
2
1
5
1
5
3
1
6
1
2
1
1
5
2
123
2
1
40
1
2
1
28
3
4
6
1
5
4
15
1
1
2
5
1
1
1
1
1
4
1
7
2
14
1
1
4
1
1
2
1
1
1
8
7
1
1
46
2
4
2
196
2
2
3
1
41
2
1
4
8
12
53
1
4
4
4
8
1
1
2
2
1
1
44
293
1
7
5
2
5
1
1
21
1
4
11
20
4
1
1
7
1
2
1
44
1
7
1
2
2
1
1
86
3
53
1
1
26
6
15
1
2
1
2
1
1
2
6
1
1
1
1
1
140
15
6
130
1
1
15
1
19
1
11
13
3
5
8
1
2
81
2
2
2
14
213
1
1
3
1
99
6
5
1
1
25
1
168
1
42
1
2
4
1
3
1
3
1
53
45
1
1
1
7
4
18
1
2
2
1
1
2
4
1
5
1
22
1
29
1
3
1
2
2
37
1
7
1
14
6
3
4
2
1
1
1
2
2
1
8
6
184
2
1
2
3
1
1
2
2
1
3
3
1
1
2
6
24
4
1
1
134
1
1
3
83
6
5
1
1
1
4
9
2
1
1
3
4
1
1
1
9
1
6
17
1
1
3
2
2
4
1
8
1
2
7
5
9
1
1
2
5
1
1
1
29
53
9
2
2
1
1
1
3
5
1
4
4
8
1
1
1
7
2
2
2
1
41
1
1
55
1
98
4
1
3
1
1
9
80
1
1
3
1
1
1
1
1
1
3
1
1
1
8
1
1
1
1
1
1
2
2
1
3
1
75
3
29
1
1
11
1
1
5
1
1
1
1
2
1
1
2
1
2
1
64
1
1
2
1
124
12
1
3
87
4
1
3
2
2
2
1
1
3
1
1
2
3
1
1
6
2
4
29
1
1
1
2
186
1
1
1
2
1
1
1
29
1
1
2
1
1
1
123
52
2
4
30
2
8
6
1
2
9
1
1
1
307
27
1
3
3
21
1
3
1
5
2
2
1
7
31
1
1
6
1
1
1
19
80
1
1
1
2
4
2
2
1
1
1
5
4
4
7
1
1
1
2
1
1
2
4
12
1
1
16
3
4
10
12
4
129
4
1
1
1
1
1
34
1
1
1
2
1
1
1
87
22
5
1
3
1
1
1
1
2
2
3
1
2
2
1
1
1
1
5
1
1
1
1
1
52
2
7
211
4
1
1
2
5
1
1
4
41
16
6
2
219
3
23
4
27
26
119
5
4
2
2
6
2
5
146
1
410
5
12
1
1
1
12
183
4
5
1
1
4
2
12
8
10
5
7
35
17
1
1
3
4
3
1
2
21
1
9
1
3
1
2
9
1
15
8
1
1
3
7
1
2
1
2
3
1
4
1
1
1
1
2
1
1
87
37
5
8
2
26
15
17
1
3
6
1
11
4
26
3
2
37
2
1
2
17
3
12
21
1
1
3
1
5
2
1
4
39
1
17
2
2
4
1
1
2
2
1
4
2
8
1
2
1
1
1
2
2
5
2
1
1
2
5
24
16
37
1
1
1
3
1
3
1
1
6
14
1
1
1
18
1
1
12
4
22
1
13
16
5
1
1
2
4
4
3
2
1
1
1
1
1
2
1
1
36
1
14
2
3
1
1
2
1
17
1
7
46
1
5
1
1
6
1
1
5
1
15
1
1
1
12
1
1
3
1
2
4
319
1
1
1
1
1
1
53
1
1
5
2
3
3
1
2
2
1
40
1
1
1
2
1
2
1
1
1
1
1
1
3
1
1
1
1
2
1
1
1
21
1
1
1
1
230
56
2
1
1
1
1
1
9
11
3
3
5
1
1
4
1
77
1
70
1
2
15
13
10
1
1
5
31
1
2
1
1
1
3
1
2
4
293
3
8
30
119
5
3
141
3
1
1
5
3
1
9
3
1
2
2
2
3
3
11
2
18
1
1
1
1
1
2
6
9
2
1
68
4
33
9
1
2
4
16
36
1
7
1
1
5
1
97
1
1
1
44
1
14
3
3
7
2
3
1
1
1
2
26
1
1
1
1
1
1
4
1
1
1
1
1
3
7
2
1
1
4
17
58
1
1
27
2
2
2
103
2
2
1
1
1
4
7
110
3
19
5
1
17
1
3
1
17
36
1
1
1
1
1
1
97
7
309
6
27
6
35
2
3
425
1
1
9
2
9
18
4
199
25
3
1
2
6
1
2
19
13
2
6
38
2
1
1
1
37
1
1
1
2
1
1
1
1
10
2
1
1
8
1
3
10
4
14
3
5
1
38
1
1
1
4
5
339
1
8
10
1
8
1
3
1
1
24
23
86
20
1
1
4
1
1
4
1
1
1
21
1
1
1
1
1
1
1
1
2
1
1
5
13
1
7
2
4
3
2
30
2
1
1
281
1
2
1
1
1
3
1
1
3
2
1
1
1
1
1
1
10
18
2
1
8
1
3
52
2
11
70
1
1
2
5
1
20
16
2
152
28
1
11
7
1
4
1
9
95
79
277
1
4
20
1
331
1
2
5
94
24
13
2
1
2
54
8
2
1
57
2
1
2
1
2
2
1
1
1
1
4
82
1
1
10
6
6
29
1
2
4
1
2
7
79
2
1
2
2
1
1
1
2
1
1
85
1
2
1
1
2
1
54
27
1
1
1
1
1
1
14
2
1
1
18
1
1
1
1
1
2
1
1
4
1
1
1
1
1
63
2
43
1
1
1
1
35
1
132
28
46
2
1
5
1
29
1
1
1
1
2
1
2
1
1
5
4
1
3
1
5
25
3
17
2
1
26
1
2
6
57
2
4
91
1
11
2
5
16
4
2
66
7
4
36
117
1
3
3
3
1
34
1
3
1
3
4
10
1
1
377
11
2
3
5
1
4
2
14
4
26
2
1
122
2
8
6
12
4
2
129
26
1
1
1
5
1
91
9
9
1
1
190
1
1
20
1
2
9
3
6
3
1
1
4
1
9
3
1
1
1
2
1
2
2
1
1
256
3
2
3
3
2
2
10
1
1
1
1
1
102
20
1
20
1
14
9
1
3
1
1
1
1
1
2
1
1
2
4
21
7
2
17
1
4
2
8
113
1
1
3
2
27
25
2
5
7
1
12
1
1
7
3
1
1
1
1
2
1
1
1
1
1
3
1
1
1
42
1
4
2
1
1
1
29
4
1
13
1
15
2
3
1
1
1
4
7
1
40
2
7
1
1
49
1
25
2
1
1
7
1
46
9
1
2
1
2
1
3
6
32
44
1
1
1
1
3
3
1
1
1
1
63
1
1
8
1
1
1
1
2
176
20
2
1
42
1
1
1
28
1
1
1
1
2
138
1
2
2
1
1
8
123
13
1
1
210
2
4
1
3
8
2
166
82
108
143
2
1
1
2
1
1
1
1
1
9
1
1
1
1
13
3
1
35
93
1
2
2
1
1
201
1
105
1
1
1
1
1
1
2
9
1
1
7
1
1
1
1
37
1
1
2
6
44
5
1
6
2
3
1
2
329
1
4
1
1
1
4
1
1
1
1
2
2
6
2
20
1
25
15
1
2
7
4
5
2
1
4
1
9
3
1
1
2
3
1
1
2
2
4
1
1
1
2
3
1
8
247
1
3
1
1
1
27
1
1
1
1
3
1
5
16
27
5
1
3
3
1
1
1
1
1
1
1
3
1
1
1
1
4
1
4
1
2
1
3
1
2
3
1
1
21
2
23
1
2
1
1
1
1
1
1
1
1
18
1
9
1
1
1
1
1
6
1
1
1
1
1
1
1
1
3
1
1
1
1
26
1
1
1
2
2
1
1
1
4
2
2
2
1
1
7
43
3
3
76
1
190
15
1
4
1
8
1
1
3
1
1
3
6
4
1
1
27
2
60
1
10
2
6
37
131
1
1
1
1
13
1
1
5
10
13
3
1
2
1
173
1
1
14
305
6
51
2
24
1
1
1
1
1
1
66
53
1
1
15
4
2
3
2
23
2
3
1
1
23
162
1
70
7
4
76
1
2
1
2
11
2
7
313
18
3
3
2
7
1
5
5
156
4
8
1
1
1
19
3
1
5
1
1
4
12
17
2
1
1
3
150
21
2
1
3
1
1
2
17
1
4
1
4
6
7
3
3
14
1
3
1
242
1
8
7
6
3
2
8
5
17
6
3
2
2
1
39
51
1
1
1
6
3
1
19
1
1
7
8
1
2
5
5
3
1
1
2
4
4
1
1
13
2
2
1
2
1
2
3
1
4
2
337
1
8
5
1
1
6
7
148
71
69
4
5
44
8
9
12
1
12
1
3
6
2
1
1
45
17
1
1
13
36
8
2
1
4
3
13
2
5
15
3
3
1
3
1
17
1
4
4
1
1
5
47
1
13
46
1
5
112
101
2
3
4
16
11
2
34
1
1
12
6
2
11
1
3
1
30
46
5
1
15
4
1
66
7
1
1
2
1
1
7
2
3
1
1
1
2
8
2
1
1
1
4
1
1
1
2
6
1
1
1
1
1
9
34
8
1
14
2
3
1
11
2
2
1
2
5
3
1
19
8
3
1
198
3
2
10
2
3
1
29
262
1
2
2
2
1
126
2
1
2
24
8
3
25
32
2
1
18
5
3
102
1
3
3
2
1
1
60
1
160
3
6
4
13
19
60
2
19
5
30
1
1
11
1
2
47
1
5
1
96
1
1
1
43
1
1
106
1
93
7
4
1
4
1
1
8
1
10
1
1
1
3
9
2
444
17
7
12
43
1
1
6
4
9
3
1
5
3
1
13
2
1
1
1
1
2
89
1
4
1
1
4
1
2
2
100
1
1
1
1
9
1
5
1
1
8
6
4
3
2
207
12
213
14
5
1
118
1
1
2
13
1
69
1
1
1
8
1
1
3
2
2
1
1
1
1
1
1
2
5
3
14
8
22
18
2
4
2
1
1
1
1
5
26
1
1
1
1
1
3
1
30
1
3
3
4
1
1
1
2
1
15
1
3
36
9
3
1
97
27
1
46
4
2
2
2
1
1
1
2
16
3
1
8
25
1
25
2
1
1
3
3
6
6
8
1
1
1
7
4
4
2
6
18
4
4
96
4
28
3
9
1
6
10
1
1
2
1
1
7
4
12
1
1
2
9
7
21
13
1
4
6
2
1
12
2
9
19
3
1
30
9
5
4
3
11
6
1
6
1
1
6
1
40
2
223
2
5
4
3
4
1
1
19
1
1
2
1
7
6
24
1
2
1
1
1
1
5
7
1
1
18
1
4
1
4
44
1
1
6
1
1
2
13
5
31
7
11
1
1
2
5
2
9
2
1
1
3
1
1
13
2
143
5
2
1
2
41
2
1
1
2
3
2
2
3
1
1
2
1
1
10
86
2
1
2
2
1
2
1
3
58
2
1
1
200
1
2
7
3
7
2
3
3
2
1
3
1
3
1
5
14
4
1
1
2
3
4
2
1
110
1
1
476
1
22
1
49
4
1
1
97
3
3
10
25
3
1
1
7
1
1
1
1
43
11
25
9
63
3
24
6
3
1
82
2
1
1
116
1
1
1
20
3
1
1
3
8
2
1
1
334
1
1
2
1
5
1
2
1
4
1
5
9
1
1
1
1
2
5
5
8
1
2
1
27
1
1
51
3
1
7
1
2
7
31
1
1
1
10
25
57
1
1
151
23
10
10
2
1
1
1
1
1
138
5
1
1
3
2
199
1
4
1
10
2
9
1
1
8
2
2
32
2
4
1
7
19
1
23
4
1
1
1
351
2
1
2
20
3
2
1
1
17
19
76
32
281
1
2
4
1
1
6
1
1
1
38
1
3
2
246
7
80
1
175
16
2
1
1
1
1
2
280
5
1
1
10
60
6
1
2
3
85
8
2
13
3
1
26
48
38
8
17
1
1
1
8
9
53
1
2
19
1
1
1
6
1
311
228
1
1
9
1
1
1
1
7
3
5
19
1
1
22
1
1
2
1
3
1
14
1
1
1
1
1
1
1
2
3
6
25
1
7
1
4
47
7
1
1
1
3
7
1
24
2
58
2
3
6
1
4
1
4
4
1
9
1
3
2
1
1
1
1
1
1
1
1
1
1
7
1
1
1
1
1
235
1
3
3
4
1
7
3
3
1
2
1
1
1
2
1
1
2
1
1
1
1
2
1
1
2
21
3
1
2
1
1
1
1
1
1
4
2
1
18
2
1
2
1
1
7
2
1
1
1
4
1
1
2
2
1
7
21
20
19
12
7
6
70
6
1
2
1
1
1
1
1
1
1
1
1
2
28
3
1
1
1
1
1
2
1
1
2
1
4
2
1
2
1
113
1
1
1
1
1
2
1
1
7
1
3
1
3
2
31
1
1
14
1
3
8
2
22
2
13
1
1
1
1
1
1
1
1
1
26
1
4
1
1
5
1
1
1
1
11
3
1
1
1
1
1
4
1
1
3
1
1
10
1
22
9
1
1
1
1
1
1
5
4
3
4
2
1
1
18
16
1
1
2
2
1
2
1
6
1
1
1
1
12
2
2
2
2
1
3
1
1
69
1
3
1
1
1
5
1
34
3
1
3
2
1
2
22
1
1
1
2
2
1
1
8
8
110
1
12
3
1
21
1
1
5
38
1
1
3
1
4
16
5
3
320
1
3
1
1
1
1
3
1
1
2
1
2
23
1
5
4
19
1
4
1
7
16
43
4
31
2
2
1
8
1
7
94
1
1
2
1
1
1
1
8
1
1
1
181
1
2
1
33
14
5
2
1
1
32
5
2
1
1
3
2
3
1
15
2
1
18
9
7
7
1
2
59
7
3
40
1
14
3
1
2
36
2
1
2
28
1
1
1
1
1
3
4
9
1
1
1
1
9
1
1
7
39
2
1
1
3
6
1
1
1
1
106
1
1
34
1
43
1
1
1
1
14
27
3
27
4
8
1
88
1
2
1
1
1
1
1
209
2
5
18
2
7
2
2
3
1
1
33
3
14
44
3
27
4
8
2
155
4
1
7
2
1
1
1
7
3
3
69
6
29
142
1
30
4
1
12
8
1
1
19
222
2
1
1
1
1
1
13
1
1
49
12
123
61
1
1
1
1
21
4
5
275
2
24
3
1
522
1
9
1
5
1
1
16
1
19
27
6
62
1
80
10
1
4
2
1
1
10
21
3
3
1
1
1
1
2
1
1
3
265
415
43
1
1
66
207
1
1
1
16
1
201
2
5
8
1
10
3
1
67
1
124
13
12
23
7
7
2
8
7
189
49
36
1
3
2
3
78
1
8
3
38
21
1
3
1
1
2
2
2
1
1
3
1
1
35
1
1
1
1
2
1
2
1
7
1
25
1
21
1
3
1
14
1
1
3
15
2
22
14
3
29
10
1
10
1
7
1
1
1
10
1
1
1
119
1
55
1
1
19
5
1
1
2
67
1
4
1
93
120
1
3
65
1
1
1
1
1
1
6
2
1
1
1
1
2
11
161
2
18
2
6
15
31
8
258
8
1
2
2
1
14
3
1
9
1
10
4
33
76
3
2
20
1
4
2
1
15
22
5
18
1
1
1
2
2
1
2
3
1
2
1
1
25
1
4
240
1
7
1
1
3
1
31
5
41
1
5
11
3
2
37
1
17
1
4
1
1
5
108
3
2
76
1
146
1
8
1
2
4
10
165
21
1
21
1
1
3
57
2
6
4
21
6
12
22
19
2
5
7
2
17
3
1
2
8
8
5
1
6
3
3
42
19
243
6
4
4
17
2
2
1
2
1
2
1
6
24
73
1
37
7
6
1
7
5
2
1
1
2
38
1
4
1
2
1
21
1
9
11
13
22
7
1
4
1
115
1
4
1
1
1
1
47
1
2
3
1
1
1
2
1
1
1
1
1
2
1
3
1
1
2
1
1
1
48
5
38
1
11
28
312
1
134
243
62
48
2
2
1
1
1
1
2
2
3
1
1
2
1
1
1
1
2
27
3
1
3
2
268
1
1
1
1
1
1
4
1
1
1
4
14
3
1
1
2
2
1
2
3
3
2
4
2
1
10
2
1
1
13
157
3
33
2
118
3
15
1
2
1
1
1
7
26
2
3
2
1
1
8
1
1
4
1
129
1
1
1
1
1
17
1
1
1
6
1
1
3
2
1
1
1
1
1
1
1
3
1
60
73
1
1
5
1
1
1
3
7
16
4
1
38
1
1
1
1
1
1
1
343
1
1
1
2
2
1
1
14
2
2
1
12
1
1
1
1
373
1
2
1
1
25
1
1
4
4
3
1
1
2
1
1
1
1
1
3
1
1
5
1
1
1
2
4
1
533
7
144
1
1
1
1
13
37
3
294
345
1
1
5
1
15
5
3
1
1
1
1
1
27
1
5
72
2
1
2
101
1
2
2
1
1
1
30
1
2
13
1
1
4
1
1
6
1
1
1
9
216
6
1
1
8
80
2
6
11
1
49
1
35
3
2
1
2
1
146
42
1
2
1
280
2
60
1
1
4
1
1
1
76
1
7
9
4
11
1
3
3
3
37
24
1
7
5
25
1
2
2
8
28
2
1
4
1
56
1
167
420
1
2
1
5
71
4
1
2
1
1
1
1
9
8
1
6
1
1
1
3
1
1
1
1
2
1
9
1
1
1
1
43
4
1
1
1
2
1
14
1
40
4
2
2
1
1
1
1
1
1
1
3
1
1
2
1
1
1
1
1
1
1
1
4
1
1
2
2
1
1
1
1
2
1
1
1
1
1
1
1
2
3
1
1
9
1
1
1
1
1
3
1
2
1
1
25
9
1
1
2
1
344
1
1
1
1
1
2
1
1
2
2
1
1
4
2
1
1
1
2
1
13
1
1
1
1
1
1
6
1
1
2
1
1
1
32
11
1
1
1
1
1
1
6
1
1
1
2
2
7
1
5
1
3
9
4
1
1
1
1
22
3
1
1
6
1
4
1
3
4
1
1
2
1
3
1
2
1
3
1
1
6
1
1
1
1
1
5
1
6
1
1
1
11
3
1
2
2
1
1
61
1
1
288
1
1
1
2
3
2
1
15
1
31
1
1
1
1
2
1
1
4
2
149
15
1
17
2
1
1
18
1
6
2
1
15
1
1
2
1
11
20
1
1
38
4
57
3
2
2
1
52
1
1
9
7
1
1
25
1
8
72
1
2
22
1
3
6
13
6
4
2
4
80
1
6
5
4
1
1
1
1
2
3
2
1
34
16
5
1
1
135
1
1
63
1
3
1
13
1
2
1
2
3
1
2
1
1
1
1
1
1
7
61
2
3
2
86
8
2
2
50
1
1
3
2
1
1
3
4
7
1
2
2
1
2
2
3
1
170
1
10
1
1
3
1
1
22
1
12
50
1
1
3
2
1
2
1
1
2
1
1
4
4
1
1
6
12
1
1
10
6
1
2
3
1
14
6
1
1
1
1
4
1
1
1
1
20
1
1
1
13
2
2
1
1
1
1
1
22
82
62
1
3
1
1
3
1
46
5
7
1
1
2
2
1
49
1
1
1
1
1
1
1
1
425
1
1
1
24
4
1
2
1
2
1
1
66
1
115
3
1
1
1
1
1
1
6
1
30
18
3
10
32
1
11
86
12
1
16
6
1
1
74
2
3
1
2
1
1
3
1
1
1
1
5
2
3
5
1
1
1
27
10
1
5
1
1
3
1
2
1
1
1
2
6
10
21
1
2
27
1
2
23
23
13
1
18
4
1
1
1
2
6
19
2
27
3
5
1
1
51
1
22
1
61
7
1
2
1
1
1
2
2
1
10
10
3
20
8
2
2
4
1
13
2
24
6
1
1
15
49
18
3
4
10
7
7
17
1
5
1
1
80
1
19
41
197
8
16
2
51
1
61
1
2
299
8
1
2
5
2
3
3
9
1
1
3
2
1
1
1
1
1
4
7
3
1
1
1
1
1
1
3
1
1
5
1
1
1
4
1
1
1
40
1
1
1
104
4
1
217
1
2
1
1
12
11
1
1
5
1
1
1
27
2
10
41
2
2
1
1
1
4
5
9
335
1
1
2
1
1
183
17
4
30
2
2
1
4
1
1
2
5
3
3
1
3
38
1
1
1
3
1
1
1
1
2
92
21
159
1
1
1
3
1
2
2
3
1
3
1
6
2
2
4
1
1
1
11
18
1
1
1
1
1
1
1
1
1
1
1
1
1
1
1
28
46
9
1
1
2
10
3
44
1
6
4
7
1
1
1
113
1
1
1
1
1
5
1
10
6
86
1
1
1
3
1
3
12
1
172
1
1
29
1
1
36
1
1
1
1
11
9
1
9
1
2
1
1
1
6
1
20
4
1
1
359
4
9
47
1
2
3
1
1
1
1
19
1
1
1
21
1
3
1
11
1
1
1
1
10
1
21
1
14
3
2
1
1
1
6
1
8
1
17
1
1
1
1
1
2
1
1
2
1
113
1
1
4
2
1
1
1
2
3
1
6
1
1
1
16
1
53
1
1
6
138
41
1
1
1
2
1
7
1
36
1
1
1
1
2
2
2
1
8
2
2
163
1
1
1
20
16
17
1
1
1
4
1
1
5
1
1
2
1
1
1
21
1
1
1
1
44
1
5
1
1
1
1
1
1
1
1
1
1
57
1
1
30
4
84
244
153
9
2
3
1
1
2
1
1
1
1
1
17
343
112
8
2
34
1
1
161
1
1
1
1
1
3
2
67
1
1
8
32
4
4
2
1
1
1
1
1
1
2
1
1
1
10
7
1
1
5
3
30
1
33
1
1
1
1
1
1
1
1
1
1
17
1
1
6
19
1
7
1
123
2
2
1
1
1
1
1
1
1
1
1
4
4
1
1
5
1
1
1
2
4
4
80
39
1
3
2
3
3
6
1
1
27
85
1
92
1
1
1
1
1
1
1
9
14
1
1
3
4
40
1
38
1
2
1
1
3
1
1
1
1
1
18
6
17
1
77
1
1
2
1
125
74
1
1
19
1
5
6
3
2
2
1
15
30
1
5
1
1
3
205
1
1
2
1
2
1
1
42
1
1
1
1
1
1
1
1
1
4
2
9
1
25
1
1
3
1
1
3
1
1
45
1
1
2
1
5
7
1
5
40
1
1
31
3
2
4
1
2
3
1
1
2
1
1
1
18
1
1
1
7
1
4
25
7
30
3
1
1
1
93
1
1
1
6
170
1
3
8
1
5
1
11
82
1
3
9
1
1
4
178
4
1
1
1
66
1
1
2
80
175
1
3
2
1
1
1
21
10
1
1
1
2
21
1
6
1
10
7
3
1
1
1
35
80
1
1
5
1
1
1
1
1
4
1
1
1
1
2
23
99
6
1
1
49
29
1
1
20
1
1
1
2
1
1
1
1
1
1
2
1
1
20
1
1
1
1
1
1
1
1
1
1
1
1
2
19
2
1
1
1
2
2
40
30
1
1
1
21
4
19
1
1
28
178
1
1
4
1
12
66
1
1
13
6
1
2
6
2
1
4
2
1
3
1
1
65
1
2
1
1
8
12
1
1
1
1
21
1
1
12
1
1
2
1
1
1
3
3
1
1
1
1
52
5
6
50
4
5
1
1
3
8
1
1
1
1
1
17
4
34
1
1
1
4
3
5
36
6
1
13
6
5
5
1
1
3
1
12
3
6
1
1
1
5
2
1
7
1
2
3
2
1
1
8
6
10
1
1
1
2
1
1
10
6
8
1
3
81
1
2
11
1
58
1
3
1
158
3
1
1
1
1
1
1
3
144
1
1
2
2
1
1
7
1
3
4
57
1
1
1
1
1
3
4
4
3
2
5
2
6
8
36
3
2
3
23
9
1
57
1
2
40
4
2
1
1
1
1
3
5
1
2
1
42
3
5
1
31
1
1
288
1
2
6
8
1
2
5
1
2
166
4
1
6
10
2
6
4
1
6
19
56
1
6
2
1
3
1
5
1
1
3
40
2
1
1
1
50
1
1
1
1
2
1
3
1
50
74
8
1
4
3
1
1
3
1
1
1
1
5
68
2
2
32
6
31
1
1
109
1
1
1
1
1
1
173
2
1
3
1
1
1
1
1
2
46
1
2
8
1
2
2
52
9
1
1
1
1
147
