4
1
1
1
1
1
1
2
1
1
1
4
14
39
29
4
4
8
2
18
4
2
1
2
8
2
1
26
57
48
1
5
3
1
1
3
38
1
4
156
3
6
3
5
32
1
1
1
5
1
6
1
1
1
1
2
5
1
39
39
34
1
22
2
3
2
1
1
1
8
5
1
6
2
1
2
1
5
1
1
1
1
1
1
5
1
1
2
1
2
1
3
1
2
27
71
1
6
5
104
12
3
1
7
27
1
1
1
2
1
25
42
1
1
1
2
10
3
2
1
3
2
4
2
1
36
34
1
1
1
38
1
1
4
1
74
2
4
1
6
1
2
2
1
4
15
2
5
7
13
2
5
1
5
1
1
9
2
1
2
4
4
1
4
2
4
1
10
59
16
2
23
20
1
5
4
4
66
2
2
1
3
1
1
1
1
1
4
53
3
1
23
1
1
3
1
3
1
18
245
6
34
1
13
31
5
1
1
1
2
1
1
1
1
9
41
2
1
19
1
100
1
3
17
348
31
8
2
3
3
5
22
7
3
13
1
2
2
1
6
1
1
1
1
1
1
1
1
30
15
2
1
1
1
1
2
1
1
27
1
246
1
2
2
1
1
5
3
2
1
1
1
1
1
2
4
29
10
18
20
17
2
29
1
1
1
1
9
1
462
1
1
1
1
2
1
7
1
1
1
1
1
1
1
2
1
1
2
283
2
1
1
1
1
1
1
1
2
1
1
1
1
1
19
13
15
1
1
1
1
1
1
1
1
1
1
1
1
1
1
1
1
1
1
1
1
1
4
1
1
1
3
1
1
2
5
4
29
1
1
1
2
1
1
1
1
4
4
1
2
1
1
2
1
3
1
1
1
40
5
6
1
14
4
13
2
1
1
2
5
16
1
1
5
1
76
21
3
1
3
3
3
1
4
1
3
1
1
4
2
1
1
13
4
2
1
3
1
1
1
1
22
2
3
1
4
1
1
50
1
1
3
1
1
4
13
2
1
1
1
1
1
1
2
1
1
67
1
1
4
1
1
1
1
1
2
1
1
1
1
2
4
1
4
1
2
7
1
2
1
1
1
3
3
38
1
1
1
1
1
1
1
3
1
1
1
22
1
1
1
2
1
2
1
2
1
2
6
6
3
3
1
7
4
4
1
1
1
2
1
5
1
1
1
4
3
3
2
1
3
2
1
2
5
2
17
2
14
2
1
2
1
1
2
2
1
3
1
2
5
2
4
1
1
4
2
1
1
3
1
1
1
179
1
1
1
1
1
3
1
1
1
6
2
1
13
1
1
1
1
1
1
1
1
1
1
1
3
1
2
1
1
1
1
1
1
1
34
1
1
1
1
4
1
1
1
3
5
1
1
3
59
1
3
9
2
1
1
5
7
19
25
2
1
6
4
1
1
11
1
73
4
3
1
1
10
1
1
10
1
3
5
1
1
5
1
50
1
1
1
44
1
1
1
2
2
15
7
19
11
1
1
2
1
1
48
1
1
1
1
1
2
8
1
3
4
1
3
1
2
1
2
4
1
1
1
4
1
18
1
1
1
1
1
1
1
4
16
1
1
1
1
1
2
13
1
5
1
3
5
8
19
1
23
3
1
34
2
1
1
3
12
3
5
5
153
6
2
5
52
4
6
14
1
4
6
2
5
3
7
1
9
1
2
2
3
2
11
50
1
1
1
10
1
4
1
1
5
26
12
6
1
1
2
1
3
1
3
1
9
30
2
1
4
11
1
2
1
2
1
15
3
1
1
3
1
1
163
1
1
1
1
1
1
1
1
1
20
1
17
1
1
2
1
1
1
1
1
70
2
1
5
1
1
111
1
1
1
1
1
1
1
13
1
2
339
1
28
3
1
1
16
1
2
36
1
3
5
2
1
4
1
2
7
1
2
1
5
2
3
1
1
1
9
184
57
4
1
35
29
10
1
1
1
1
3
2
1
1
1
2
1
6
1
5
10
2
2
1
121
1
1
1
1
3
3
3
4
2
5
1
1
31
1
20
2
1
36
14
1
1
1
12
9
15
2
1
1
1
1
31
33
41
8
1
1
1
4
1
11
4
10
1
1
6
2
2
1
13
1
1
3
1
1
1
1
3
2
1
3
3
32
1
17
1
1
1
1
1
2
5
1
22
1
1
53
1
24
131
2
1
1
1
84
1
1
1
1
55
1
2
1
1
1
2
1
1
1
1
3
18
1
1
1
2
1
347
1
1
1
1
1
1
1
1
1
1
1
1
2
1
1
1
7
1
1
1
1
2
6
1
1
1
2
1
2
2
2
2
3
1
1
1
2
1
1
13
2
1
1
1
1
1
1
8
1
1
1
54
2
1
1
1
1
1
1
1
26
7
32
1
25
1
1
42
3
1
1
14
50
1
1
1
1
1
1
4
1
1
1
5
3
1
9
1
2
2
16
4
1
5
1
1
2
1
1
2
1
1
5
1
6
1
1
2
1
7
4
1
1
1
1
24
2
1
4
3
1
1
18
17
6
1
1
1
2
3
39
2
30
3
60
3
1
1
1
1
1
1
1
2
1
1
1
2
1
1
2
1
6
1
25
2
1
1
4
3
3
1
5
1
3
1
1
27
1
1
5
3
1
9
2
1
3
1
1
14
6
4
5
2
5
1
37
5
3
1
2
5
3
1
1
7
3
1
1
4
5
1
4
3
3
1
1
1
10
2
1
72
3
87
2
2
64
1
2
1
12
10
2
1
10
9
2
9
15
42
3
2
1
3
2
1
1
1
1
6
6
1
19
2
1
1
2
1
1
1
1
2
1
4
4
1
1
1
1
1
1
1
49
11
18
10
4
3
2
2
4
2
1
32
13
1
3
1
4
1
1
4
30
2
4
69
2
1
10
1
9
6
1
1
1
2
2
2
1
1
2
6
4
1
6
3
22
11
16
5
4
18
1
1
3
12
4
32
25
287
2
8
9
1
258
51
1
2
1
1
1
4
1
1
12
6
5
21
2
8
1
1
1
3
1
1
1
1
1
14
1
1
1
1
2
5
7
5
1
20
4
18
8
1
17
28
1
10
1
3
1
1
1
3
1
6
24
3
1
1
3
1
1
1
1
1
1
2
1
15
1
1
2
9
14
4
1
2
1
6
1
1
1
14
1
1
1
1
1
1
4
1
6
1
1
1
1
2
1
5
1
1
5
1
1
1
1
1
1
1
2
2
1
3
1
2
1
1
1
1
1
1
5
1
1
2
1
1
2
1
2
4
1
1
1
1
1
1
1
2
1
1
1
1
2
2
1
4
2
7
2
1
2
1
1
1
1
2
1
1
1
2
1
1
4
1
2
3
1
2
7
1
1
1
1
2
2
1
1
1
1
2
9
3
1
1
1
1
2
2
17
1
1
3
1
2
6
1
107
1
3
1
5
2
1
1
1
1
6
1
4
1
1
1
1
1
1
3
1
16
1
1
1
1
4
2
2
1
1
1
3
2
1
3
1
1
1
1
1
1
1
1
1
5
1
1
1
1
1
1
1
2
3
1
1
1
22
2
5
1
37
16
2
1
1
2
1
2
1
1
1
6
1
1
2
1
3
1
1
2
3
3
1
5
1
1
1
13
2
6
1
13
1
2
3
13
1
2
1
2
1
1
9
3
1
1
4
2
50
17
3
3
1
1
2
3
7
1
1
3
2
1
1
24
13
1
43
14
1
4
77
21
149
5
6
5
65
67
1
2
2
2
1
2
1
1
1
1
1
4
8
23
1
3
9
1
1
1
23
1
3
1
1
2
2
2
5
1
1
1
5
1
3
2
3
1
1
1
3
11
1
3
2
3
1
1
1
9
1
29
1
1
3
21
1
1
1
30
5
1
4
1
1
3
2
1
1
1
1
3
1
37
1
1
1
1
1
1
1
1
1
1
1
1
1
1
1
1
1
2
1
1
1
3
5
1
1
2
1
1
1
1
2
1
1
1
1
1
3
1
7
1
104
4
3
5
2
30
6
1
3
3
1
1
2
1
1
1
1
3
1
33
26
161
1
1
1
1
1
1
3
1
1
2
1
1
1
1
3
1
1
2
121
3
2
1
8
1
2
3
2
1
1
29
27
1
1
1
5
1
1
1
1
1
1
1
1
3
1
2
10
1
1
1
3
1
1
1
1
1
1
2
1
2
5
1
2
1
2
3
1
2
1
1
3
1
4
1
1
1
2
2
1
3
8
1
1
2
3
1
1
5
1
1
3
1
2
1
4
1
1
1
2
1
1
2
2
1
2
2
10
1
3
1
2
2
1
3
1
1
1
2
1
2
1
1
3
1
1
3
2
2
1
6
1
2
1
3
1
2
20
19
26
1
34
81
1
7
2
1
3
3
1
4
6
8
2
1
58
1
1
2
1
1
1
1
2
5
1
1
1
1
2
1
1
2
1
2
2
4
27
2
1
1
2
1
1
8
4
3
65
1
1
1
1
3
3
1
2
12
3
1
2
26
2
1
2
2
3
1
2
1
1
2
3
2
1
1
1
2
1
5
7
1
1
2
2
1
1
1
5
1
1
1
1
1
10
1
1
1
2
5
1
2
1
4
1
16
1
1
1
2
1
3
2
1
1
1
3
1
2
1
2
2
1
6
3
1
1
1
1
1
3
1
1
1
1
2
2
2
5
1
1
1
1
4
1
1
1
5
2
15
1
1
3
1
1
2
1
1
10
1
1
1
2
2
2
1
2
6
3
1
2
1
2
1
1
1
2
1
1
1
3
133
2
3
6
1
1
1
3
1
3
4
1
17
2
1
1
1
5
2
1
3
1
1
1
2
7
4
2
7
1
1
2
4
1
5
1
4
1
1
6
3
3
1
1
1
1
2
1
1
1
2
1
1
1
1
1
1
1
1
1
29
3
1
1
1
2
1
66
3
6
7
1
32
1
2
2
1
1
2
1
2
1
48
3
1
1
1
1
1
9
1
307
1
114
1
25
1
263
1
1
1
4
1
1
18
17
10
1
5
3
1
4
13
88
1
9
1
1
1
1
3
13
3
20
4
1
8
3
1
1
14
169
2
23
1
2
2
3
1
1
1
1
1
1
6
1
1
12
1
1
1
2
1
2
1
1
3
1
1
1
3
1
13
1
3
3
4
28
3
1
1
3
1
1
1
2
1
6
1
2
2
3
1
13
1
1
2
1
5
1
1
1
2
1
5
1
20
3
3
1
1
1
9
1
1
1
1
2
1
1
2
1
1
1
1
1
1
1
1
1
1
1
1
10
14
1
1
1
1
4
2
13
1
5
1
2
1
1
1
1
1
2
2
3
1
2
1
1
6
41
13
1
2
1
4
1
1
1
1
1
3
1
4
1
2
1
1
1
2
1
1
1
4
25
2
1
2
1
1
1
1
1
1
1
1
1
1
1
3
1
2
1
1
2
8
1
1
2
2
1
1
2
1
1
5
1
2
31
1
3
1
5
1
1
1
1
3
1
1
3
1
1
3
1
2
5
1
1
1
2
1
1
1
97
1
2
1
1
2
1
25
5
2
1
1
1
1
1
1
1
2
1
1
4
1
1
1
1
3
1
1
1
1
1
1
3
3
1
1
1
1
4
155
1
8
2
2
3
2
1
1
1
70
1
1
1
2
1
8
3
1
2
161
1
1
2
1
2
1
1
1
1
5
1
2
1
1
24
6
5
1
2
1
1
1
2
2
1
1
1
2
9
2
39
3
1
1
1
1
1
2
1
1
2
4
1
1
4
1
1
1
2
1
1
1
1
1
1
1
1
1
1
1
1
2
1
2
1
1
1
3
1
1
1
1
1
1
1
1
1
2
1
1
1
1
13
9
111
2
10
2
2
1
1
1
1
1
1
5
15
1
1
1
1
1
3
1
35
1
3
2
1
14
4
5
6
44
13
1
7
5
1
5
1
1
1
1
1
1
2
4
7
1
2
1
2
1
13
1
13
3
2
1
1
5
6
1
1
1
1
2
1
1
2
18
1
19
2
8
1
3
13
1
1
2
1
3
1
3
2
1
1
3
4
2
24
3
1
10
3
10
1
4
3
2
14
4
36
2
14
1
4
13
1
1
2
4
2
2
5
1
1
1
10
1
1
1
2
1
5
2
1
1
2
14
7
6
2
5
1
2
12
1
1
1
3
9
2
2
1
1
10
9
5
1
2
3
12
3
1
4
1
1
1
21
1
3
1
2
74
1
34
1
4
1
12
2
1
4
1
1
1
1
6
1
1
2
1
1
1
1
3
1
1
1
2
1
1
1
1
1
2
1
1
2
5
1
1
2
1
5
1
1
4
1
1
3
1
1
2
2
3
1
4
1
2
2
2
1
1
2
5
2
1
8
1
2
24
1
1
1
1
1
1
3
2
4
1
11
1
2
3
1
28
1
1
1
1
1
15
11
1
10
1
2
4
1
1
1
1
1
73
5
2
1
1
1
1
1
1
2
4
1
1
1
1
1
2
3
1
3
1
5
2
4
1
1
2
1
21
1
1
1
1
1
1
1
1
1
2
1
1
1
1
1
1
2
3
1
1
4
262
4
1
1
1
11
1
5
9
3
6
2
3
1
1
1
8
1
5
2
1
3
1
1
1
1
12
1
2
1
1
1
1
1
4
1
5
2
1
1
1
1
4
1
3
16
1
1
12
4
1
1
1
3
3
2
2
9
1
1
15
7
3
2
1
1
1
1
1
1
1
2
4
1
1
2
1
1
1
1
1
1
2
2
1
1
1
1
1
1
2
1
1
2
1
1
1
1
1
1
1
1
1
1
99
135
1
3
27
6
26
5
3
1
17
1
1
98
9
8
1
1
22
25
1
63
1
1
1
37
1
1
1
260
2
8
1
110
1
2
1
115
1
1
1
1
1
1
1
1
1
1
1
1
1
4
1
4
1
1
7
4
1
1
1
1
1
1
1
1
1
3
4
1
8
8
1
19
2
18
1
1
3
1
2
13
1
1
24
3
3
4
4
10
2
1
1
12
3
4
15
3
5
26
1
10
10
1
2
1
57
5
3
1
9
6
1
2
2
2
29
3
9
14
102
1
4
16
1
12
1
3
8
35
1
1
2
1
13
3
1
1
1
6
1
1
1
2
1
2
2
3
38
10
1
6
4
3
143
2
3
3
1
1
1
108
2
58
2
1
1
1
1
7
1
8
1
2
8
1
3
1
1
1
1
10
1
1
2
6
2
1
1
2
305
2
1
1
1
1
5
1
1
1
68
1
2
1
1
2
1
1
2
6
1
1
1
1
2
3
61
45
5
5
2
2
3
1
1
1
1
19
30
2
3
1
5
1
17
1
2
1
1
1
2
1
2
1
8
1
1
1
1
1
1
77
2
1
1
1
1
1
6
12
1
1
1
1
1
1
1
1
1
6
2
1
43
1
1
12
12
4
17
2
7
3
3
2
2
14
2
1
1
1
1
1
1
1
3
3
2
1
2
2
1
1
1
1
1
1
1
1
1
7
128
2
5
1
1
1
14
2
1
1
1
1
1
1
1
1
21
17
1
13
1
2
3
1
1
7
3
3
2
1
29
1
1
22
1
1
2
2
1
2
1
1
1
1
2
8
6
7
1
1
7
1
6
2
2
1
16
14
1
1
2
214
1
2
72
2
1
1
1
1
1
1
1
1
1
2
1
1
2
2
1
3
2
1
1
2
1
1
3
2
83
1
1
4
6
2
2
2
1
1
1
1
1
1
1
1
1
1
1
1
1
1
1
1
2
95
1
27
1
5
1
1
1
3
14
1
1
2
2
1
1
1
1
1
1
1
1
9
1
1
1
5
2
2
16
9
4
4
1
4
2
1
2
2
1
1
1
1
1
1
1
18
10
7
10
1
1
2
1
7
14
1
13
4
1
34
1
1
2
1
1
1
2
1
2
1
1
1
1
4
1
1
2
6
7
2
1
29
2
1
5
1
1
4
8
1
1
2
1
40
1
33
90
2
1
12
1
1
1
2
3
2
1
1
2
8
1
4
2
10
1
2
16
6
1
2
2
1
2
1
5
37
35
1
9
2
49
25
1
1
1
1
2
4
1
5
2
1
1
1
1
48
1
1
1
1
6
3
1
9
1
1
58
1
1
2
4
4
2
1
1
1
3
1
1
93
1
4
11
1
1
2
8
1
2
2
1
1
2
1
2
4
1
2
1
1
1
1
1
1
1
1
2
1
1
1
1
1
1
1
1
1
117
1
2
2
7
1
13
19
1
1
1
1
3
1
2
1
3
15
3
3
1
1
3
1
9
1
2
2
1
1
2
1
2
1
2
29
1
1
4
17
1
15
1
1
8
2
2
2
1
1
1
1
1
2
1
2
1
1
1
4
6
10
81
1
1
2
2
7
1
1
1
3
1
1
1
1
1
1
1
15
2
1
1
4
1
1
13
1
1
1
8
3
2
1
1
6
1
44
1
1
1
2
1
2
1
1
1
1
1
1
1
1
1
1
1
1
1
1
1
1
173
1
4
1
1
1
1
1
6
1
1
1
1
1
1
1
1
1
1
7
16
1
3
1
1
15
1
1
2
6
4
1
1
1
1
1
7
7
1
1
1
3
1
1
1
1
5
1
2
1
1
16
4
6
1
1
1
70
1
1
1
1
1
1
26
1
1
2
1
1
2
1
2
1
5
1
1
1
8
9
1
5
7
2
1
1
6
3
1
1
3
1
1
1
1
1
1
1
1
1
2
1
2
1
1
1
2
6
7
1
1
1
1
12
1
3
2
2
15
8
1
2
1
3
3
2
3
5
3
29
1
14
30
1
3
56
7
28
1
22
2
1
8
1
4
1
2
2
21
2
8
3
2
2
1
1
1
1
1
1
1
2
12
1
11
1
2
3
1
1
1
1
1
2
1
5
3
6
14
7
5
2
1
1
9
1
1
5
1
1
9
4
1
1
3
1
1
2
2
1
5
1
1
2
1
2
234
1
3
1
1
1
1
1
1
2
73
1
1
1
1
58
1
1
4
16
4
1
1
24
2
2
1
1
1
70
2
8
45
2
1
1
1
1
3
26
1
1
2
2
1
5
1
2
12
1
1
2
1
1
1
1
1
2
2
1
1
1
20
1
1
1
6
1
2
1
11
4
1
5
5
1
1
1
1
1
1
26
1
1
1
1
1
1
7
22
2
2
31
1
4
2
2
1
2
8
2
1
1
2
1
51
4
1
1
3
1
1
1
2
1
4
8
1
1
1
3
1
13
7
8
1
1
1
4
2
9
5
7
1
1
2
10
1
6
1
26
3
1
1
1
2
1
1
11
21
1
2
35
4
2
1
3
6
1
15
1
15
3
4
1
4
1
1
3
1
1
1
1
36
1
3
11
2
6
6
1
1
3
2
5
5
1
5
1
1
1
1
3
2
2
4
1
12
1
1
1
5
3
4
1
1
10
1
1
1
1
3
1
1
1
1
1
20
1
2
1
2
1
1
1
1
2
1
3
6
3
1
1
1
4
15
1
1
1
1
1
3
1
4
1
4
12
1
1
1
6
1
6
6
4
2
1
1
36
1
1
1
2
1
1
1
2
2
45
1
1
1
1
6
4
1
1
1
2
4
2
4
7
15
1
3
4
1
6
6
1
1
7
1
1
1
2
1
30
1
5
11
70
1
2
9
17
14
1
1
4
5
1
1
1
1
1
10
1
15
1
1
1
1
1
20
5
1
1
2
1
3
4
7
1
1
2
1
6
39
4
1
1
2
4
11
1
15
20
2
1
2
3
2
11
35
11
2
31
11
1
7
1
6
2
1
5
1
19
2
1
1
4
1
5
1
1
1
1
1
2
1
1
1
7
1
22
1
9
1
1
19
1
1
1
7
1
1
1
1
1
1
1
1
1
1
1
2
6
2
2
1
1
4
1
1
1
2
14
1
1
1
13
19
3
12
1
4
1
2
1
4
1
1
2
1
1
3
1
1
1
2
2
2
2
4
1
31
1
5
1
1
2
1
1
1
1
1
3
2
35
1
1
1
8
1
1
1
1
3
2
1
1
1
1
1
1
1
1
1
2
3
1
1
1
1
1
6
3
16
1
1
2
13
1
1
1
9
7
1
2
2
2
2
4
1
2
4
5
2
1
5
1
1
1
1
1
211
1
1
1
4
1
10
5
8
2
1
1
4
1
124
1
1
5
10
83
3
1
53
1
1
18
3
2
1
1
1
2
5
24
6
1
75
2
19
1
1
1
6
1
1
12
1
1
1
1
1
1
5
1
1
13
1
2
1
1
1
8
1
2
1
2
1
1
1
1
1
1
1
1
1
2
2
24
1
1
1
7
1
10
1
11
1
1
1
2
3
1
22
5
4
86
1
7
1
1
1
1
22
29
3
26
1
1
2
1
1
1
1
1
1
1
5
1
1
37
2
1
1
7
29
1
5
1
1
1
1
1
1
1
250
1
1
1
53
5
1
2
1
1
1
61
1
15
50
1
15
1
1
1
3
1
1
2
4
4
1
1
1
1
8
3
5
2
2
1
7
1
1
2
1
1
49
3
1
23
1
8
29
3
1
1
1
1
1
9
1
1
1
1
1
8
1
1
1
1
1
1
1
1
1
7
2
2
1
2
1
1
2
1
1
5
1
1
1
1
1
4
1
1
1
26
1
1
2
1
1
1
1
1
1
1
1
1
1
1
1
1
3
1
2
1
2
5
2
21
1
2
1
1
1
1
1
1
2
1
1
1
3
1
1
1
102
1
1
1
2
1
1
2
1
2
1
1
1
2
1
1
6
19
1
1
1
20
1
115
4
1
1
6
1
2
1
3
1
4
1
2
1
1
1
9
1
1
1
1
2
1
1
2
1
2
343
2
1
1
2
1
1
1
1
2
1
140
1
1
1
1
1
6
1
1
1
1
5
23
203
1
1
67
1
2
3
1
2
1
2
1
1
135
1
1
3
1
1
1
11
10
5
1
2
43
1
104
1
1
2
3
1
38
1
1
18
5
3
1
3
3
1
2
10
8
25
29
1
2
3
7
1
1
4
1
1
12
1
5
1
3
4
1
2
2
1
1
2
1
11
2
5
1
2
1
6
1
1
2
1
3
1
10
21
30
1
1
1
1
1
1
2
4
2
5
5
1
2
1
1
8
2
2
1
1
2
1
1
1
4
6
1
2
1
1
1
1
1
1
2
1
8
1
1
7
1
1
1
1
4
24
2
1
5
1
5
3
1
6
1
2
1
1
2
2
1
40
1
2
1
3
4
6
1
5
15
1
1
2
5
1
1
1
1
1
4
1
7
14
1
1
1
2
1
1
1
8
7
1
1
46
2
4
2
2
3
1
2
1
8
12
1
4
4
4
8
1
1
2
2
1
1
1
7
5
2
5
1
21
1
4
11
4
1
1
7
1
2
1
44
1
7
1
2
2
1
1
86
3
1
1
26
6
15
1
2
1
2
1
1
2
6
1
1
1
1
1
15
6
1
1
1
11
3
5
1
2
81
2
2
2
1
1
3
1
99
6
5
1
1
25
1
168
1
1
2
4
1
3
1
3
1
1
1
1
7
4
18
1
2
2
1
1
2
4
1
5
1
1
29
1
3
1
2
2
1
7
1
3
2
1
1
1
2
2
1
8
6
2
1
2
3
1
1
2
1
3
1
1
2
6
4
1
1
134
1
1
3
83
6
5
1
1
1
9
2
1
3
4
1
1
1
1
6
17
1
1
2
2
4
1
8
1
7
5
9
1
1
2
5
1
1
1
29
53
9
2
1
1
1
3
5
1
4
4
8
1
1
1
7
2
2
2
1
1
1
1
4
1
3
1
1
9
1
1
3
1
1
1
1
1
1
1
1
1
8
1
1
1
1
1
1
2
2
1
3
1
1
1
11
1
1
5
1
1
1
1
2
1
1
2
1
2
1
64
1
1
1
124
12
1
3
4
1
2
2
2
1
1
3
1
1
2
3
1
1
6
2
4
29
1
1
1
2
1
1
1
2
1
1
1
29
1
1
2
1
1
1
52
4
2
8
6
1
2
1
1
307
1
3
3
1
1
5
2
2
1
7
31
1
1
6
1
1
19
80
1
1
1
2
4
2
1
1
1
5
4
4
7
1
1
1
2
1
1
2
4
1
1
4
10
12
4
129
4
1
1
1
1
1
34
1
1
1
2
1
1
1
87
22
5
1
3
1
1
1
1
2
2
3
1
2
2
1
1
1
1
5
1
1
1
1
1
2
7
4
1
1
2
5
1
1
4
6
2
3
23
5
4
2
6
2
5
1
410
5
12
1
1
5
1
1
4
2
12
8
5
7
35
17
1
1
3
4
3
1
2
21
1
9
1
3
1
2
1
15
8
1
1
3
7
2
1
2
3
4
1
1
1
1
2
1
1
87
8
2
26
15
1
3
6
1
11
3
2
2
1
2
17
12
21
1
1
3
1
2
1
4
1
2
2
4
1
1
2
2
1
4
2
8
1
2
1
1
1
2
2
5
1
1
2
5
16
37
1
1
1
3
1
3
1
1
1
1
1
18
1
1
12
4
1
13
16
1
1
2
4
4
2
1
1
1
1
1
2
1
1
36
1
14
2
3
1
1
1
17
1
7
46
1
1
1
6
1
1
1
15
1
1
1
12
1
1
3
1
2
4
1
1
1
1
1
1
1
1
5
2
3
3
1
2
2
1
1
1
1
2
1
2
1
1
1
1
1
1
3
1
1
1
1
2
1
1
1
1
1
1
1
1
1
1
1
1
9
11
3
1
1
4
1
1
1
2
15
13
1
1
5
1
2
1
1
1
3
1
2
4
3
8
119
5
3
3
1
1
5
3
1
9
3
1
2
2
2
3
3
2
1
1
1
1
1
2
6
9
2
1
68
4
33
9
1
2
4
16
36
1
7
1
1
1
1
1
1
1
14
3
3
7
2
3
1
1
1
2
1
1
1
1
1
1
4
1
1
1
1
1
3
7
1
1
4
17
1
1
27
2
2
2
103
2
1
1
1
4
7
110
3
19
5
1
17
1
3
1
36
1
1
1
1
1
1
97
7
309
6
6
35
2
3
425
1
1
9
2
9
18
4
25
3
1
2
6
1
2
19
2
6
2
1
1
1
37
1
1
1
2
1
1
1
2
1
1
8
3
10
4
14
3
5
1
1
1
1
4
5
8
10
1
8
1
1
24
23
1
1
4
1
1
4
1
1
1
1
1
1
1
1
1
1
1
2
1
1
13
1
7
2
4
2
30
2
1
1
1
2
1
1
1
1
1
2
1
1
1
1
1
10
18
2
1
8
1
3
2
11
70
1
1
2
5
1
20
16
2
152
28
1
11
7
1
4
1
9
95
79
1
4
20
1
1
2
5
24
13
2
1
2
54
8
2
1
57
2
1
2
1
2
2
1
1
1
1
1
1
1
2
4
2
7
2
1
2
2
1
1
2
1
1
1
2
1
2
1
27
1
1
1
1
1
1
14
2
1
1
1
1
1
2
1
1
4
1
1
1
1
1
2
43
1
1
1
1
1
132
28
46
2
1
5
1
1
1
1
1
1
2
1
1
5
4
1
3
1
5
25
3
17
2
1
26
1
2
6
57
2
4
91
1
11
2
5
16
4
2
66
117
1
3
3
3
1
34
1
3
1
4
10
1
1
11
2
3
5
1
4
2
14
4
26
2
2
8
6
12
4
2
26
1
1
1
5
1
9
9
1
1
190
1
1
20
1
2
9
3
3
1
1
4
1
9
3
1
1
1
2
1
2
2
1
1
2
3
2
2
1
1
1
1
1
20
1
20
1
14
9
1
3
1
1
1
1
1
1
2
21
7
2
17
4
2
113
1
1
3
2
2
5
7
1
12
1
1
7
3
1
1
1
1
2
1
1
1
1
1
1
1
1
1
4
2
1
1
1
29
4
1
13
1
15
2
3
1
1
4
7
1
40
7
1
1
1
2
1
1
1
46
1
2
1
2
1
3
6
32
44
1
1
1
1
3
3
1
1
1
1
1
1
8
1
1
1
2
176
2
1
1
1
28
1
1
1
1
138
1
2
2
1
1
8
1
1
210
2
4
1
3
8
166
108
2
1
1
2
1
1
1
1
1
1
1
1
1
13
3
1
1
2
2
1
1
1
105
1
1
1
1
1
1
2
1
1
7
1
1
1
1
1
2
6
44
1
6
2
1
2
1
4
1
1
1
4
1
1
1
1
2
2
2
20
1
15
1
2
7
5
2
1
4
1
9
3
1
1
2
3
1
1
2
4
1
1
1
2
3
1
8
1
3
1
1
1
1
1
1
1
3
1
5
16
27
5
1
3
3
1
1
1
1
1
1
1
3
1
1
1
1
4
1
4
1
2
1
3
1
2
1
1
2
1
1
1
1
1
1
1
1
1
1
9
1
1
1
1
1
1
1
1
1
1
1
1
1
3
1
1
1
1
1
1
1
2
2
1
1
1
2
2
2
1
1
7
3
3
76
1
15
4
1
8
1
1
3
1
1
3
1
1
27
2
1
10
2
6
131
1
1
1
1
13
1
1
5
10
13
3
1
2
1
1
1
305
6
2
1
1
1
1
1
1
66
53
1
1
4
2
3
2
23
2
3
1
1
1
7
4
1
2
1
2
11
2
3
2
7
1
5
4
8
1
1
1
19
3
1
5
1
1
4
12
17
2
1
1
3
21
2
1
3
1
1
2
1
4
1
4
6
7
3
14
1
3
1
7
6
3
2
8
5
3
2
2
1
51
1
1
1
6
3
1
1
1
7
1
2
5
3
1
1
2
4
4
1
1
13
2
2
1
2
1
2
1
2
337
1
8
5
1
6
69
4
5
44
8
9
12
1
12
1
6
2
1
1
17
1
1
13
36
8
2
1
4
3
2
5
15
3
3
1
3
1
17
1
4
1
1
1
13
1
5
112
101
2
3
4
16
11
2
34
1
1
6
2
11
1
3
1
5
1
15
4
1
1
1
2
1
1
7
2
3
1
1
1
2
8
2
1
1
4
1
1
1
2
6
1
1
1
1
1
9
8
1
14
2
3
1
11
2
2
1
2
5
3
1
8
3
1
3
2
2
3
1
29
262
1
2
2
2
1
2
1
2
24
8
3
25
2
1
18
5
3
1
3
3
1
1
60
1
160
3
6
4
13
19
60
2
19
5
1
1
11
2
47
1
5
1
1
1
1
1
1
106
1
93
7
4
1
4
1
1
8
1
10
1
1
1
3
9
2
444
17
7
1
1
6
4
9
3
1
5
3
1
2
1
1
1
1
2
89
1
4
1
1
4
1
2
2
1
1
1
1
9
1
1
8
6
4
3
2
213
14
1
118
1
1
2
13
1
69
1
1
1
8
1
1
3
2
2
1
1
1
1
1
2
5
3
8
2
4
2
1
1
1
1
26
1
1
1
1
1
3
1
30
1
3
3
4
1
1
1
2
1
15
1
3
36
9
3
1
27
1
4
2
2
2
1
1
1
2
3
1
8
25
1
25
2
1
1
3
6
8
1
1
1
7
4
4
2
6
18
4
4
96
4
28
3
1
6
10
1
1
2
1
7
4
1
1
2
7
13
1
4
6
2
1
12
2
9
3
1
9
5
4
3
6
1
6
1
6
1
40
2
2
5
3
1
1
19
1
1
2
1
7
6
24
1
2
1
1
1
5
7
1
1
18
1
4
1
1
1
6
1
1
2
13
31
7
11
1
1
2
2
9
2
1
1
3
1
1
13
2
1
2
1
1
2
3
2
1
1
2
1
1
10
2
1
2
2
1
2
1
3
2
1
1
1
7
3
3
2
1
3
1
3
1
5
14
1
1
2
3
4
2
1
110
1
1
1
22
1
4
1
1
97
3
3
10
25
3
1
1
1
1
1
1
43
11
25
9
63
3
6
3
1
82
2
1
1
1
1
1
3
1
1
3
8
2
1
1
1
1
5
1
2
1
4
1
9
1
1
1
1
2
5
1
2
1
27
1
1
3
1
7
1
2
7
1
1
1
10
25
1
1
23
10
2
1
1
1
1
1
1
1
3
2
1
4
1
2
1
1
8
2
2
2
4
1
7
19
1
23
4
1
1
1
1
2
20
3
2
1
1
17
32
1
2
4
1
1
1
1
1
1
3
2
7
80
1
2
1
1
1
1
2
280
1
1
60
6
1
2
3
85
8
2
13
3
1
38
1
1
8
9
1
2
1
1
1
6
1
1
1
9
1
1
1
1
7
3
5
1
1
22
1
1
2
1
1
14
1
1
1
1
1
1
1
2
3
6
25
1
7
1
4
47
1
1
1
3
7
1
2
2
3
4
1
4
4
1
9
1
3
2
1
1
1
1
1
1
1
1
1
1
1
1
1
1
1
1
3
3
4
1
7
3
3
1
2
1
1
1
2
1
1
2
1
1
1
1
2
1
1
2
3
1
2
1
1
1
1
1
1
4
2
1
2
1
2
1
1
7
2
1
1
1
4
1
1
2
2
1
7
19
12
7
6
70
6
1
2
1
1
1
1
1
1
1
1
1
2
3
1
1
1
1
1
2
1
1
2
1
4
2
1
2
1
1
1
1
1
1
2
1
1
7
3
1
3
2
31
1
14
1
3
8
2
22
2
13
1
1
1
1
1
1
1
1
1
1
4
1
1
5
1
1
1
1
11
1
1
1
1
1
4
1
1
3
1
1
22
1
1
1
1
1
1
5
4
3
4
2
1
1
18
16
1
1
2
2
1
2
1
6
1
1
1
1
12
2
2
2
1
3
1
1
1
3
1
1
1
5
1
3
1
3
1
2
22
1
1
1
2
1
1
8
8
1
12
3
1
21
1
1
5
1
1
3
1
4
16
5
3
3
1
1
1
1
3
1
1
2
1
2
23
1
5
4
19
1
4
1
7
16
43
4
31
2
2
1
1
7
1
1
2
1
1
1
1
8
1
1
1
181
1
2
1
14
5
2
1
1
32
2
1
1
3
2
3
1
1
18
9
7
7
1
2
3
40
1
3
1
2
36
2
1
2
1
1
1
1
1
3
4
9
1
1
1
1
9
1
1
7
39
2
1
1
3
6
1
1
1
1
1
1
1
43
1
1
1
1
14
3
27
4
8
1
88
1
2
1
1
1
1
1
2
5
2
7
2
2
3
1
1
33
3
14
44
3
4
8
2
4
1
2
1
1
1
7
3
3
6
29
142
1
30
4
1
12
8
1
1
19
222
2
1
1
1
1
1
13
1
49
12
123
61
1
1
1
1
21
4
2
24
3
1
1
9
1
5
1
1
1
19
27
6
1
10
1
4
1
10
21
3
3
1
1
1
2
1
1
3
1
1
207
1
1
1
1
2
5
8
1
10
3
1
67
1
13
12
23
7
7
2
8
7
49
1
3
2
3
78
1
8
3
21
1
3
1
1
2
2
2
1
1
3
1
1
1
1
1
1
2
1
2
1
7
1
25
1
21
1
1
14
1
1
15
2
14
3
29
10
1
10
1
7
1
1
10
1
1
1
1
55
1
1
5
1
1
2
1
4
1
120
1
3
65
1
1
1
1
1
1
2
1
1
1
1
2
2
2
8
1
2
1
14
1
9
1
4
33
3
2
20
1
4
1
15
22
5
18
1
1
1
2
2
1
2
3
1
2
1
1
1
1
7
1
1
3
1
31
5
41
1
11
1
17
1
4
1
1
5
3
2
1
1
8
1
2
4
165
21
1
21
1
1
3
57
2
4
6
12
22
19
2
7
2
17
3
1
2
8
8
1
6
3
3
42
19
243
4
4
2
2
1
2
1
2
1
24
73
1
37
7
6
1
7
5
2
1
1
2
38
1
4
1
2
1
1
11
22
7
1
4
1
115
1
4
1
1
1
1
47
1
2
3
1
1
1
2
1
1
1
1
1
2
1
3
1
1
2
1
1
1
48
5
1
11
28
312
1
243
62
48
2
2
1
1
1
1
2
2
3
1
1
2
1
1
1
1
2
27
3
1
2
1
1
1
1
1
1
1
1
1
14
3
1
1
2
2
2
3
3
2
4
2
1
10
2
1
13
3
33
2
3
1
2
1
1
1
7
26
2
3
2
1
1
8
1
1
1
1
1
1
1
1
17
1
1
1
1
1
3
2
1
1
1
1
1
1
1
3
1
60
73
1
1
1
1
1
7
16
4
1
1
1
1
1
1
1
1
1
1
2
2
1
1
14
2
2
1
1
1
1
1
1
2
1
1
25
1
1
4
4
3
1
1
2
1
1
1
1
1
3
1
1
5
1
1
1
2
4
1
144
1
1
1
1
13
1
1
5
1
15
5
1
1
1
1
1
27
1
5
72
1
2
1
2
2
1
1
1
30
1
2
1
1
4
1
1
6
1
1
1
9
6
1
1
8
2
6
11
1
1
35
2
1
2
1
42
1
2
1
2
60
1
1
4
1
1
1
76
1
7
9
4
11
1
3
3
3
37
24
1
7
5
25
1
2
2
8
28
2
1
4
1
1
1
2
1
5
4
1
2
1
1
1
1
9
8
6
1
1
1
3
1
1
1
1
2
1
1
1
1
1
43
1
1
1
2
1
1
40
4
2
2
1
1
1
1
1
1
3
1
2
1
1
1
1
1
1
1
1
1
2
2
1
1
1
1
2
1
1
1
1
1
1
1
2
3
1
1
9
1
1
1
1
1
3
1
1
1
25
9
1
1
2
1
1
1
1
1
1
2
1
1
2
2
1
1
4
2
1
1
1
2
1
13
1
1
1
1
1
1
1
2
1
1
1
32
11
1
1
1
1
1
1
6
1
1
1
2
2
7
1
5
1
3
9
4
1
1
1
1
22
3
1
1
1
4
1
3
4
1
1
2
1
3
1
2
1
3
1
6
1
1
1
1
1
5
1
6
1
1
1
3
1
2
2
1
1
1
1
1
1
1
2
3
1
15
1
31
1
1
1
1
2
1
1
4
2
15
1
17
2
1
1
18
1
6
2
1
1
2
1
20
1
1
3
2
1
1
1
9
7
1
1
25
1
8
1
2
22
1
3
6
13
6
4
2
4
1
6
5
4
1
1
1
1
2
3
2
1
34
5
1
1
135
1
1
63
1
3
1
1
2
1
2
3
1
2
1
1
1
1
1
1
2
3
2
8
2
50
1
1
3
2
1
3
4
7
1
2
2
1
2
2
3
1
1
10
1
1
3
1
1
1
12
1
1
3
2
1
2
1
1
2
4
4
1
1
6
12
1
1
10
3
1
1
1
1
1
4
1
1
1
1
20
1
1
1
13
2
2
1
1
1
1
1
22
82
62
1
3
1
1
3
1
5
7
1
1
2
2
1
49
1
1
1
1
1
1
1
1
1
1
1
24
4
1
2
1
2
1
1
1
3
1
1
1
1
1
1
6
1
30
18
3
10
32
1
86
1
16
6
1
1
2
3
1
1
1
3
1
1
1
5
2
3
5
1
1
27
10
1
5
1
1
3
1
2
1
1
1
2
6
10
21
1
2
27
1
23
23
13
1
18
4
1
2
6
2
27
3
5
1
1
51
1
22
1
7
2
1
1
1
2
1
10
10
3
8
2
2
4
1
2
24
6
1
1
49
18
3
4
10
7
7
1
5
1
1
80
1
41
197
8
16
2
51
61
1
299
8
2
5
2
3
3
9
1
1
3
2
1
1
1
1
1
7
3
1
1
1
1
1
1
1
1
5
1
1
1
4
1
1
1
40
1
1
1
104
4
1
1
2
1
1
11
1
1
5
1
1
1
2
10
2
2
1
1
1
4
5
9
1
1
2
1
1
17
30
2
2
1
1
1
3
3
1
3
38
1
1
1
3
1
1
1
1
2
92
159
1
1
1
3
1
2
3
3
6
2
2
1
1
1
11
18
1
1
1
1
1
1
1
1
1
1
1
1
1
1
1
28
46
9
1
1
2
3
44
1
1
1
1
113
1
1
1
1
1
5
1
10
6
86
1
1
1
3
1
3
1
1
1
1
1
36
1
1
1
1
9
1
1
2
1
1
1
6
1
4
1
1
4
9
1
2
3
1
1
1
1
19
1
1
1
21
1
3
1
11
1
1
1
1
10
1
21
1
3
1
1
1
6
1
8
1
17
1
1
1
1
2
1
1
2
1
113
1
1
4
2
1
1
1
2
3
1
6
1
1
1
16
1
53
1
1
6
1
1
1
2
1
1
36
1
1
1
1
2
2
2
1
2
1
1
1
20
17
1
1
4
1
1
1
1
2
1
1
1
1
1
1
1
1
1
1
1
1
1
1
1
1
1
1
30
4
9
2
3
1
1
1
1
1
1
1
17
112
8
2
1
1
1
1
1
1
1
3
2
1
1
32
4
4
2
1
1
1
1
1
1
2
1
1
1
7
1
1
5
30
1
33
1
1
1
1
1
1
1
1
1
1
1
1
6
1
7
1
2
2
1
1
1
1
1
1
1
1
4
4
1
5
1
1
1
2
4
4
80
1
3
2
3
3
6
1
1
27
85
1
1
1
1
1
1
1
1
9
1
1
3
4
40
1
1
2
1
1
3
1
1
1
1
1
6
1
77
1
1
2
1
1
1
1
5
6
3
2
2
1
30
1
1
1
3
1
1
2
1
2
1
1
1
1
1
1
1
1
1
1
4
2
9
1
1
1
3
1
1
3
1
1
1
1
2
1
5
7
1
1
1
31
3
2
1
2
3
1
1
2
1
1
1
1
1
1
1
4
25
7
30
3
1
1
1
93
1
1
1
3
8
1
1
1
3
9
1
1
4
4
1
1
1
66
1
1
2
80
1
3
1
1
1
10
1
1
1
2
21
1
6
1
7
3
1
1
1
1
1
1
1
1
1
1
4
1
1
1
1
2
23
6
1
49
1
1
20
1
1
1
2
1
1
1
1
1
1
2
1
1
20
1
1
1
1
1
1
1
1
1
1
1
1
2
2
1
1
1
2
2
40
1
1
1
21
4
1
1
28
178
1
4
1
12
1
1
6
1
2
6
2
1
4
2
1
3
1
1
1
1
1
8
12
1
1
1
1
1
12
1
1
2
1
1
1
3
3
1
1
1
1
5
6
4
5
1
1
3
8
1
1
1
1
17
4
1
1
1
4
3
5
6
1
13
6
5
5
1
1
3
1
12
6
1
1
1
5
2
1
7
1
2
3
2
1
1
1
1
1
1
1
10
6
1
3
1
2
11
1
1
3
1
158
3
1
1
1
1
1
1
3
1
1
2
1
1
7
1
3
4
1
1
1
1
1
3
4
4
3
2
5
2
8
36
3
9
1
57
1
2
40
2
1
1
1
1
3
5
1
2
1
3
5
1
31
1
1
1
2
6
8
1
2
5
1
2
4
1
6
10
2
6
1
6
19
56
1
6
2
1
3
1
1
1
3
40
2
1
1
1
1
1
1
1
2
1
3
1
50
8
1
4
1
1
1
1
1
1
2
2
32
6
31
1
1
109
1
1
1
1
1
2
1
3
1
1
1
1
1
2
1
2
8
2
2
52
9
1
1
1
1
147
