51
1145
507
17
3169
770
196
11
18
2
244
45
542
21
863
23
304
14
12
4
678
116
458
108
76
492
573
2096
50
246
34
100
113
63
116
80
102
2
797
2
10
3
69
4
1027
9
847
72
68
38
251
862
35
336
181
2683
16
121
196
3
53
651
87
10
4
15
3
439
652
808
213
2
3892
170
160
396
11
6
10
132
2756
4
204
200
6
5
156
5
820
179
13
3
49
1
675
16
7
17
35
17
4
502
6
4
406
297
724
10
27
157
127
623
2
305
110
390
33
6
6
612
433
93
2
15
2
91
815
8
17
52
1044
56
81
358
5
2991
1
2430
2
70
94
795
21
2
693
75
2055
472
142
64
578
970
3065
37
2417
1022
928
17
250
9
2469
25
81
490
47
157
11
5
73
1340
8
2969
6
32
10
1513
107
321
403
3
670
82
4
174
845
132
2943
1373
282
252
22
27
191
3551
47
236
50
1
4
4
3
750
214
24
389
340
612
34
1618
2744
59
72
9
4
158
837
380
3
967
1
296
158
1000
36
1
13
75
2456
23
1
9
337
4
7
1204
3307
80
127
297
870
106
1044
117
316
15
15
10
1098
25
418
1085
1503
4
796
18
2933
59
175
3242
610
369
19
4
5
7
111
23
6
4
11
1862
5
108
3
86
916
504
418
4
7
28
12
1484
1
1
330
1619
102
925
3511
1555
1
398
912
312
737
857
580
778
143
4
4
14
89
4
7
8
82
13
1
865
55
513
1009
116
566
10
45
22
141
180
119
109
415
400
936
69
293
767
382
251
96
157
178
564
16
1743
105
473
954
