3684
1127
1050
2359
920
639
1727
1280
1600
222
230
609
30
775
1067
1426
761
1380
409
1658
720
931
295
1
337
154
1245
1251
51
33
75
269
109
2960
21
543
2742
886
720
248
2876
2365
3510
1091
1517
3427
487
2041
469
95
1582
29
3645
2094
2718
2766
281
3564
3607
932
43
1774
240
150
11
1721
212
42
1218
1081
39
296
1265
1082
3623
1789
55
68
2866
1592
243
208
371
3730
140
469
442
198
218
583
1485
1905
2023
1116
261
8
3122
92
1543
1083
1336
392
2774
707
1298
2828
344
1898
1252
135
133
891
29
2177
3415
54
339
1500
3499
3305
483
286
282
787
11
277
4
691
2295
3440
1483
1808
720
1
1
1
1
1
1
3
10
1
1
2
3
1
5
52
30
15
2
1
1
1
12
13
2
18
53
12
1
2
16
408
598
390
1
24
2
6
7
9
1
1
18
68
7
15
2
30
28
2
1
78
700
1
1
275
1
1
2
6
1
1
3
4
8
1
1
2
346
651
40
22
30
1
3
1
1
1
1
3
3
1
1
20
1
1
108
1
1
2
1
2
4
1
1
354
11
1
5
1
1
2
1
2
317
51
2
23
4
10
2
225
1
3
2
5
4
1
3
1
2
4
1
2
8
27
6
1
1
2
1
1
1
8
9
6
1
15
5
15
2
1
1
2
1145
7
3
1
2
84
1
3
12
1
1
2
6
5
9
1
1
1
1
19
34
507
1
11
2
1
12
1
3
1
617
3
1
5
4
1
3
1
17
3
55
6
4
8
3
5
3
20
2
2
2
18
2
1
12
5
3169
1
29
2
2
5
2
1
1
1
1
4
1
13
2
1
1
1
8
3
1
4
1
4
1
81
1
2
2
515
3
1
3090
1
2
1
1
3
2
6
13
24
11
1
1
1
1
7
4
1
3
1
1
770
196
293
1
1
48
1
87
1
2
11
1
4
16
24
11
16
1
1
1
5
44
9
14
12
1
1
1
2
6
18
1
1
1
7
1
1
12
1
4
436
21
1
1
4
1
3
1
358
1
17
1
172
1
14
2
3
1
2
1
1
7
1
6
1
4
2
1
5
1
2
5
21
44
7
1
1
49
10
4
1
1
1
1
5
2
244
1
1
1
1
1
5
45
2
1
1
1
1
1
1
3
1
1
3
2
1
234
1
1
1
1
1
1
1
1
1
23
1
1
1
542
1
1
3
197
353
2
3
1
1
1
1
1
3
1
1
1
1
1
1
1
21
2
1
4
1
1
1
3
1
4
35
1
1
5
1
1
17
4
1
2
1
1
1
1
1
1
3
1
1
2
3
1
1
1
1
1
1
1
1
1
220
2
1
34
1
5
8
1
2
1
1
1
59
3
1
14
1
1
1
66
67
1
3
1
114
34
2
107
1
1
6
28
1
1
1
1
2
3
8
78
2
41
53
83
1
1
4
387
1
1
1
1
1
1
3
1
1
1
6
63
2
1
1
2
150
1
1
1
1
1
1
1
2
1
863
1
1
120
1
1
1
1
1
1
1
2
1
4
9
2
2
2
2
1
4
1
1
1
1
1
1
2
1
6
2
3
5
1
3
2
1
1
1
4
1
5
1
23
2
314
1
1
2
2
2
1
1
1
7
3
1
1
1
39
6
97
304
14
419
3
1
15
2
1
4
2
1
1
10
4
1
3
2
1
1
2
2
1
5
1
1
4
1
1
2
1
181
1
7
1
6
1
5
1
1
2
138
1
1
4
6
3
10
2
3
2
1
1
1
2
1
3
1
1
1
2
75
1
1
59
1
12
1
2
3
1
2
4
1
6
3
1
1
1
1
1
1
1
1
1
1
35
1
1
1
3
1
1
1
2
1
3
1
1
1
3
1
1
3
1
2
246
1
1
1
2
1
1
1
1
1
1
7
1
1
1
15
3
6
3
21
1
1
1
1
2
1
3
5
12
8
3
5
3
1
38
27
2
51
21
2
1
1
4
1
1
1
678
2
1
116
1
1
2
1
1
1
1
2
1
1
1
138
4
1
1
1
458
4
171
1
1
6
2
48
5
10
3
7
1
322
108
3
1
1
1
1
9
76
99
492
1
44
8
2
1
74
573
1
3
1
3
1
2096
1
4
7
1
4
3
3
2
1
3
2
1
1
1
1
10
1
13
1
1
1
1
1
2
868
50
16
1
1
3
5
1
1
41
646
467
189
5
246
1
149
12
232
121
494
79
20
46
102
73
299
39
11
23
114
203
13
24
10
33
16
183
598
12
6
1
1
6
10
2
399
1
4
20
1
1
1
76
34
1
1
1
899
1
11
15
18
10
3
3
6
1
2
1
4
1
10
1
1
2
1
403
1
1
1
67
2
18
2
1
1
41
1
1
1
1
2
183
1
2
1
1
1
2
1
2
1
100
3
1
1
1
1
1
1
4
1
50
107
2
77
1
1
1
1
1
1
1
1
1
42
1
1
2
1
2
696
1
1
1
6
1
1
2
10
1
1
116
1
5
1
1
1
113
62
240
1
1
12
12
63
4
282
1
2
1
6
1
2
1
1
1
13
107
2
8
6
1
110
1
51
32
5
1
1
8
9
3
116
4
1
1
1
1
2
1
1
1
1
1
2
1
2
1
135
1
1
1
5
1
1
1
1
10
1
2
80
1
1
1
2
2
1
25
1
14
819
1
4
4
1
1
4
1
2
3
7
59
16
3
1
1
1
5
8
583
497
104
1
121
1
2
1
47
4
1
102
128
2
1
18
2
1
1
2
4
2
1
2
1
1
3
3
1
1
1
3
2
1
1
797
1
60
3
1
1
1
12
1
1
6
1
2
1
10
1
1
1
5
1
4
49
2
1
350
1
1
1
50
3
10
1
1
1
71
1
1
1
2
1
911
1
1
4
1
1
2
815
1
1
2
2
3
1
686
1
1
1
1
1
1
1
1
1
1
1
1
3
1
2
6
1
1
1
1
4
7
1
1
1
8
1
2
1
1
1
2
1
1
2
1
2
1
2
1
1
1
1
2
1
1
1
1
1
1
1
1
2
1
1
10
1
1
1
1
1
1
3
5
329
1
111
1
10
1
3
44
352
1
3
41
22
1
1
1
1
1
3
1
1
4
1
2
1
1
1
161
1
2
1
44
57
3
1
5
4
5
1
1
1
1
3
1
2
3
6
2
1
2
1
3
1
1
1
2
2
1
1
6
3
304
10
2
69
1
1
2
5
27
2
1
1
11
1
1
2
3
23
3
12
47
150
27
3
1
1
1
1
1
1
1
1
85
1
2
13
1
1
1
5
5
2
1
1
4
1
23
21
1
1
12
1
4
76
1
2
1
2
2
4
1
1
11
1
7
1
1
8
2
48
1
1
12
2
2
2
1
1
106
1
36
13
2
1
5
4
1
7
4
29
6
1
1
1027
1
2
7
7
1
14
1
1
2
1
1
1
4
1
9
2742
1
1
847
151
782
1
95
3
2
3
5
2
19
1
11
2
19
2
3
2
4
3
1
1
1
2
1
1
1
117
4
2
42
1
3
3
1
10
1
4
1
2
1
1
4
1
1
1
1
2
2
1
1
1
2
1
1
2
12
138
86
11
7
1
63
1
36
1
2
1
1
14
61
1
1
1
4
72
1
68
1
30
1
2
393
1
5
1
1
3
31
1
7
15
1
1
3
11
1
4
1
1
1
1
2
2
32
1
6
1
8
38
1
1
3
1
4
14
7
13
2
145
10
251
5
444
862
35
336
117
1
1
1
1
2
11
2
1
54
59
3
14
3
12
3
147
1
1
1
7
1
3
2
1
1
15
1
6
4
1
1
2
1
65
552
1
181
4
2
3
1
13
2
700
61
1
1
1
2
133
1
1
2
2
1
236
1
1
1
1
1
2
1
3
3
2
1
1
1
1
1
81
1
1
1
2
63
35
4
1
2
1
1
1
1
5
3
2
1
1
6
1
3
1
1
1
5
1
1
15
1
1
2683
1
1
2
12
1
2
1
4
12
2
1
1
1
1
2
1
1
1
3
1
1
1
5
2
2
1
4
1
2
1
2
1
3
1
1
1
8
4
1
1
3
1
1
2
5
1
1
1
1
3
2
1
1
1
1
1
1
1
4
1
4
1
1
1
1
1
1
2
1
2
1
1
3
1
1
1
4
1
1
1
1
1
2
2
16
1
11
11
1
1
1
2
3
1
1
2
1
1
1
1
1
8
1
3
1
1
1
1
1
1
5
3
7
5
4
3
121
13
2
1
1
105
1
61
1
1
2
5
1
2
2
1
1
1
8
1
1
2
1
1
2
1
1
1
1
1
302
15
1
1
1
1
2
1
2
408
1
1
1
2
1
1
4
1
1
1
1
7
4
1
2
1
1
1
1
1
1
1
1
1
1
1
1
2
196
1
1
1
1
1
20
3
1
3
3
214
431
1
1
1
1
2
1
1
1
2
5
2
220
1
1
1
1
1
1
8
1
1
4
1
53
6
4
1
1
1
4
70
1
2
1
1
1
1
18
26
152
3
1
80
11
1
1
1
1
1
4
2
4
21
4
2
12
1
1
15
2
3
2
4
5
1
1
11
1
2
74
71
121
3
56
121
4
1
81
11
8
150
5
1
651
87
542
14
3
1
1
1
1
1
1
35
2
1
2
2
2
6
10
191
1
3
4
1
1
1
50
1
144
2
3
1
6
1
3
2
1
1
2
1
1
1
1
1
1
1
1
1
15
6
1
1
184
305
1
4
2
1
336
303
1
79
1
1
4
9
1
1
1
66
6
1
2
164
1
1
11
86
1
1
1
3
1
1
3
207
130
1
1
439
2
1
4
5
1
1
6
1
2
1
1
1
1
3
1
1
4
5
2
1
1
1
1
1
1
1
4
1
1
1
1
2
1
1
1
2
1
1
1
8
1
1
1
1
1
969
652
3
127
1
283
1
1
1
3
12
2
1
1
1
2
1
1
1
68
2
808
2
213
8
1
1
1
3
1
2
1
1
1
2
1
6
1
5
1
1
5
2
1
2
139
3
1
1
2
8
1
223
1
5
1
2
11
784
303
2
3
1
1
1
2
1
3
1
1
1
1
2
1
2
3892
8
2
1
3
4
3
1
2
1
1
1
1
1
2
1
7
1
1
1
1
1
2
4
1
1
2
1
4
1
18
1
7
1
1
17
2
1
7
1
4
3
1
1
8
2
4
1
1
1
3
1
1
1
7
1
3
1
1
1
1
1
1
1
1
1
5
2
3
3
4
1
1
2
1
3
1
2
1
1
11
11
17
1
2
2
3
3
1
1
1
5
1
1
2
1
2
1
1
39
2
1
3
1
2
52
28
8
2
2
1
1
8
1
2
2
1
9
8
2
2
3
1
3
35
3
2
1
1
1
1
1
1
5
79
2
1
1
2
3
12
1
21
1
1
2
1
1
4
6
1
1
1
2
2
1
3
7
64
1
158
1
1
1
1
2
15
1
1
2
1
2
1
1
16
3
5
2
5
1
2
1
17
1
1
2
1
1
6
1
1
2
2
1
2
1
2
2
170
15
7
1
283
3
1
2
1
17
1
1
1
1
1
1
417
1
1
1
1
1
4
2
3
1
1
4
1
62
1
1
2
1
1
2
4
1
2
1
1
1
2
1
2
1
1
1
2
1
1
1
2
4
1
1
1
424
1
1
2
1
1
3
1
5
1
3439
2
1
1
1
1
4
1
7
1
1
2
2
2
10
2
9
2
1
1
1
1
2
3
2
1
1
1
1
1
2
1
1
1
2
2
1
1
2
1
5
6
1
2
3
1
1
3
1
1
1
1
8
1
2
1
1
1
1
3
4
4
2
1
1
2
4
1
1
1
1
1
1
1
1
1
1
6
1
160
2
1
1
1
3
2
1
4
3
1
2
1
1
8
2
2
1
1
1
2
4
1
2
2
3
1
1
1
2
1
1
1
1
1
1
1
2
13
1
1
3
1
4
1
8
23
1
1
10
1
3
10
2
9
1
1
1
1
1
1
1
1
1
7
10
1
1
2
4
1
2
4
5
1
1
1
1
1
1
396
1
29
1
180
1
1
1
108
1
116
2
3
1
2
11
2
1
1
44
1
1
3
24
1
3
1
2
10
2
1
5
6
10
3
1
3
1
1
6
26
1
17
5
157
5
57
23
4
14
60
4
232
102
18
16
46
61
1
1
134
1
1
1
1
1
1
1
1
225
1
3
5
107
1
1
2
8
1
1
47
6
1
3
3
5
1
1
4
1
1
2
1
1
1
10
6
1
2
1
1
2
1
19
1
2
5
3
132
2
2
1
2
1
1
1
1
3
13
2
2
4
2
1
1
1
3
4
1
1
9
14
1
5
1
2
7
30
1
1
1
1
4
1
1
2
2
3
1
2756
2
1
1
1
1
1
2
1
1
3
1
40
1
3
14
1
8
1
1
8
85
2
3
29
1
1
1
2
3
4
1
6
12
3
23
1
1
1
2
1
12
66
36
76
10
1
1
1
1
1
1
6
1
5
1
1
1
3
1
1
2
1
1
1
1
1
1
1
1
1
10
204
1
2
1
1
1
1
1
1
1
1
1
1
1
1
1
2
2
1
1
2
1
3
3
3
1
4
2
1
1
7
1
5
2
1
200
5
1
1
2
1
15
3
1
1
1
1
2
1
1
57
2
2
2
2
1
2
6
1
2
1
4
7
1
1
1
1
277
1
1
1
1
1
1
6
1
1
1
1
2
1
1
9
1
1
1
1
1
3
3496
1
1
1
5
1
1
1
15
1
1
9
1
2
9
1
2
1
1
332
286
2
7
2
1
1
1
1
1
1
49
1
1
1
3
4
2
2
4
1
1
1
1
397
1
1
1
4
37
4
1
1
1
3
1
1
202
1
48
49
5
1
389
1
1
1
1
2
3
1
1
1
3
1
1
1
1
1
1
1
56
1
1
1
1
1
1
1
1
1
1
3
10
2
1
9
1
1
1
1
1
1
1
1
1
1
2
1
1
1
8
1
1
3
1
1
1
1
2
1
1
2
1
4
1
1
5
1
1
1
1
1
1
2
1
1
4
1
1
2
1
1
4
17
21
14
171
1
4
1
1
14
3
1
1
3
2
63
18
1
1
1
1
1
1
1
1
74
1
1
1
1
1
13
3
20
1
303
279
1
25
10
1
1
23
1
3
1
2
1
2
1
1
1
2
1
1
35
2
3
5
1
1
2
17
2
1
1
2
1
4
30
2
3
5
52
4
2
2
1
1
4
1
2
1
1
2
1
15
21
14
6
1
2
22
11
1
3
3
1
2
1
1
1
1
2
1
1
1
1
1
2
1
1
1
2
1
6
17
3
1
4
1
2
2
22
74
6
2
1
5
8
2
3
1
4
3
2
1
1
8
2
2
7
68
26
2
5
2
4
1
2
1
12
1
3
1
2
7
2
34
8
9
57
236
1
25
1
1
1
3
1
1
4
1
37
24
1
13
1
10
1
156
1
1
1
7
1
5
1
8
3
3
2
1
54
3
1
12
1
1
1
2
1
3
18
2
21
3
2
1
10
21
2
1
22
6
1
1
1
2
1
1
1
1
2
1
1
1
1
2
1
1
3
1
2
1
1
1
3
1
2
1
1
3
1
1
3
1
2
1
1
1
1
1
2
2
2
1
1
1
5
1
1
2
1
1
1
1
1
3
1
1
1
1
4
1
9
3
81
1
1
1
8
1
1
3
5
1
1
5
2
1
1
1
19
1
2
2
1
2
1
1
1
1
2
2
1
1
2
8
1
1
17
1
2
23
4
188
1
1
1
1
1
175
820
1
1
1
1
3
2
1
4
1
2
4
1
1
2
2
1
1
6
1
2
1
7
8
1
12
6
179
1
3
2
3
5
1
22
2
2
1
1
1
1
3
2
244
3
1
1
1
1
1
1
1
1
1
1
120
1
4
3
113
148
4
2
1
1
750
1
1
1
3
19
1
1
1
1
3
1
1
1
245
1
1
13
1
1
1
1
2
1
2
21
1
1
1
2
2
1
2
1
6
1
2
2
1
1
2
2
5
1
1
2
8
2
11
12
1
1
1
1
16
1
2
40
3
2
2
1
1
1
1
7
1
1
66
1
1
8
5
7
3
1
3
1
2
1
1
1
1
1
1
1
3
1
1
1
1
1
1
1
26
1
2
3
2
1
1
1
1
1
1
1
1
1
3
4
1
12
1
1
1
11
8
34
13
8
12
7
1
29
1
2
18
5
13
47
1
1
13
24
2
10
4
3
8
2
535
23
6
1
1
26
3
10
1
279
1
5
1
131
1
6
6
2
1
1
1
1
1
1
1
1
1
2
1
1
1
1
4
1
1
7
2
43
1
2
1
1
6
3
16
1
1
1
1
3
10
1
1
3
3
1
9
1
6
1
103
35
1
2
29
30
1
119
2
16
45
5
15
5
16
2
3
49
1
9
55
2
1
53
10
5
1
32
3
2
11
1
1
23
675
94
1
37
9
23
1
101
136
16
20
8
7
4
2
30
1
7
9
14
6
2
4
20
13
1
2
2
2
13
8
1
38
256
1
36
5
1
1
4
2
2
37
7
17
275
1
1
6
8
6
35
8
2
1
10
12
1
53
17
67
1
3
14
1
1
1
4
2
59
17
9
5
1
1
1
21
2
390
3
3
185
30
3
1
1
8
1
25
1
1
5
1
2
1
1
1
1
1
1
1
1
2
4
3
1
1
1
3
2
4
1
1
887
1
3
1
1
3
1
19
10
51
1
950
2
1
1
1
1
1
1
1
14
1
4
4
5
19
1
21
4
1
1
7
12
220
2
1
1
1
1
15
5
1
1
1
502
51
1
3
57
6
3
64
1
1
1
742
147
1
1
1
304
10
1
1
2
1
1
1
1
1
1
1
6
1
1
1
1
1
2
1
263
1
1
1
1
1
4
2
1
3
1
7
1
1
1
2
1
1
1
1
1
6
114
2
1
5
1
1
163
85
4
20
8
150
27
6
1
1
96
6
2
1
3
2
1
1
1
2
1
2
1
2
1
1
1
1
1
1
1
1
23
1
1
1
1
120
15
12
2
37
2
3
1
1
6
1
1
1
2
1
1
1
1
1
1
1
35
66
1
1356
1
1
42
1
11
28
1
1
1
1
1
9
2
1
195
1
2
1
1
1
1
1
2
1
2
2
53
5
4
2
1
1
1
1
1
6
1
1
5
21
48
1
1
1
1
1
1
2
1
1
1
406
245
1
1
1
1
1
1
1
1
1
1
1
1
3
2
1
5
2
1
1
1
2
1
6
2
28
2
1
199
1
2
1
1
1
1
1
1
1
1
1
1
1
2
1
1
1
1
2
1
1
8
1
2
12
1
117
3
2
1
1
1
1
1
1
2
20
1
1
354
1
1
1
2
1
1
1
1
1
1
1
1
1
3
1
1
1
1
1
297
1
1
3
1
1
1
100
11
2
4
2
1
1
2
1
1
1
1
13
2
1
5
724
2
1
1
2
8
32
1
20
14
1
1
10
1
27
9
27
5
1
9
10
33
2
3
1
1
1
1
1
1
29
12
1
3
1
1
1
1
1
9
6
2
1
3
15
1
2
2
10
224
7
5
1
1
2
1
3
12
157
1
3
3
1
19
1
1
127
1
1
31
3
1
3298
2
1
1
1
12
2
6
1
4
1
1
2
1
1
4
2
3
2
1
42
1
2
1
1
3
1
2
7
5
1
6
4
4
8
43
2
1
1
1
1
1
1
1
1
1
62
63
2
11
1
5
8
1
1
1
5
6
36
1
2
30
4
1
249
1
1
2
1
1
2
1
1
1
4
1
6
6
22
12
3
2
18
47
1
1
8
42
14
1
623
1
1
1
1
6
2
150
1
1
2
3
4
1
1
10
1
2
5
1
2
1
3
2
1
1
1
1
1
2
7
1
1
43
1
1
25
48
1
11
305
3
5
1
3
2
1
6
80
1
1
19
2
1
48
9
40
1
1
4
6
1
1
1
2
1
2
1
1
1
2
1
1
2
2
1
21
1
1
8
42
1
3
15
1
3
1
56
1
1
212
2
1
1
1
1
1
1
1
1
1
1
1
2
1
2
2
34
17
3
19
2
1
1
3
5
5
1
1
1
14
1
1
1
41
1
1
1
16
8
7
1
1
1
1
13
1
1
64
1
1
4
1
2
1
8
2
844
1
1987
1
1
1
1
93
1
1
1
1
1
2
2
1
2
1
1
1
1
1
1
1
110
1
1
5
112
1
1
1
1
4
1
1
1
14
2
2
1
1
1
1
2
1
1
206
2
1
8
1
1
1
1
36
1
1
1
1
5
1
1
1
1
1
1
1
1
2
1
1
2
2
2
1
1
390
1
1
1
1
6
1
25
3
5
8
6
1
3
1
33
3
1
1
30
1
6
3
1
55
1
1
6
1
6
1
2
1
1
1
1
1
1
1
2
84
1
4
7
3
1
5
2
1
19
1
1
10
2
1
1
1
1
1
1
10
1
304
58
4
1
1
5
12
3
1
2
1
2
6
2
1
1
67
1
23
1
44
1
247
1
1
1
6
4
12
4
10
4
2
3
11
15
1
3
21
1
39
5
4
1
88
89
8
3
3
5
1
26
1
1
1
6
43
1
1
3
4
1
1
2
60
19
2
2
1
1
1
1
1
1
1
3
2
287
11
1
2
21
1
3
1
1
1
1
3
1
1
4
2
6
24
10
7
1
5
1
1
2
5
1
9
8
2
2
1
1
1
71
3
1
1
4
11
11
6
1
1
11
23
5
1
1
1
1
2
205
2
1
40
1
5
1
1
23
4
1
6
1
2
2
1
1
32
98
1
1
5
5
2
2
1
1
4
1
1
41
22
17
2
4
612
6
1
1
8
4
1
8
1
1
2
1047
1
7
32
4
18
2
1
7
1
22
1
1
1
1
2
1
1
7
1
2
17
433
3
2
2
4
1
1
1
2
8
1
2
1
3
60
1
1
1
3
2
3
1
93
3
1
2
23
6
1
2
2
11
3
1
15
27
1
9
40
26
45
30
10
21
4
13
25
7
1
3
105
1
4
1
2
4
5
4
5
2
3
1
1
7
35
1
7
9
1
93
1
33
1
1
2
1
6
49
1
1
1
1
2
4
1
1
1
2
1
25
1
7
1
1
91
1
5
1
1
1
1
4
2
3
14
6
3
1
1
1
2
2
2
191
1
23
2
1
1
2
1
1
2
1
3
1
1
5
2
8
14
4
14
1
1
164
1
815
8
4
621
393
1
19
1
1
1
1
5
1
1
7
4
17
1
1
1
1
22
2
1
6
1
1
100
1
2
1
1
2
2
37
1
1
1
1
1
1
1
2
1
1
1
1
2
1
1
1
1
1
4
2
82
48
1
2
2
2
1
1
1
3
2
2
1
522
1
3
2
7
53
1
2
2
1
1
11
1
14
40
91
1
25
2
1
1
17
1
1
2
1
6
1
52
2
2
1
1
1
369
4
1
2
1
1
1
1
1
2
1
4
1
1
2
42
4
92
6
25
22
1
4
1
16
1
3
2
1
16
1
1
1
4
7
35
2
2
10
59
19
3
2
1
1
160
101
4
1
2
1
23
2
1
16
8
1
2
2
1
2
3
42
5
5
1
1
1
1
2
2
1288
1
1
3
1
1
6
4
1
1
1
1
2
3
1
1
1044
56
1
3
4
1
81
1
1
1
5
3
4
1
1
11
4
1
3
3
4
1
1
2
1483
1
35
2
3
103
1
8
1
5
2
7
47
6
1
6
1
1
1
1
1
2
2
1
1
22
23
1
1
9
1
1
2
1
1
1
1
2
1
5
3
1
1
5
1
1
1
2
30
3
1
1
1
1
1
1
1
1
1
1
6
1
358
1
2
1
1
2
9
3
3
1
1
1
1
1
2
1
1
1
5
1
1
78
93
3
14
1
4
1
1
1
1
1
7
1
2
6
1
1
15
949
11
4
1
2
1
2
8
1
6
2
19
1
2
1
1
3
1
1
6
1
1
1
1
1
5
5
1
3
1
1
1
1
3
1
1
7
5
34
1
3
43
1
1
1
1
1
1
16
1
1
3
1
1
11
114
1
1
2
1
18
1
11
2
1
7
2
1
12
1
1
2
4
1
13
2
212
1
1
6
4
4
23
1
1
1
8
1
6
1
16
1
1
2
1
2991
1
4
1
1
1
1
1
1
4
17
15
1
1
4
1
14
1
51
1
1
4
15
4
1
1
2
39
1
1
9
5
265
1
1
1
13
22
1
21
14
4
1
1
5
1
5
4
2
1
2
16
1
1
2
1
1
689
1
1
1
1
8
1
3
1
2
10
1
1
2
1
1
1
1
1
6
1
1
1
3
1
1
256
1
1
2430
1
1
2
1
2
1
70
1
1
1
2
1
1
4
6
2
94
2
1
4
1
1
1
1
4
4
3
26
795
2
4
11
6
47
3
1
6
1
23
1
10
7
1
1
1
1
1
1
2
3
3
1
1
1
131
1
1
1138
2
1
1
1
147
223
1
21
1
4
1
1
2
2
1
1
693
1
1
1
130
1
1
1
1
2
1
1
1
6
1
25
7
14
5
5
2
37
5
12
8
1
1
1
40
1
40
1
1
3
4
1
1
1
4
3
4
1
4
3
1
6
135
4
1
2
2
1
19
2
1
4
5
1
1
5
75
1
2055
3
10
4
1
5
2
1
1
1
1
1
4
1
1
2
1
1
1
1
1
2
1
1
3
2
1
1
1
1
1
1
1
1
1
3
11
1
1
2
1
1
3
3
472
1
1
1869
2
1
1
443
1
4
1
9
1
1
1
899
2
1
1
7
1
1
1
7
3
13
1
1
5
2
1
1
1
1
1
1
1
1
1
67
2
137
1
2
1
2
1
1
1
1
110
2
2
1
1
1
1
2
1
2
1
1
2
1
1
8
1
4
1
142
184
1
1
1
96
4
572
4
1
6
1
2
3
1
2
1
3
1
4
1
1
2
2
1
1
64
5
1
1
2
1
1
43
1
6
4
1
1
12
29
1
1
1
2
1
1
1
1
1
1
5
1309
1
1
1
5
1
110
1
1
1
1
3
1
1
315
512
680
1
127
13
2
1
2
1
1
48
1
1
1
578
1
3
1
1
8
1
48
970
1
1
2
11
35
5
209
1
1
1
1
2
1
1
52
1
1
1
1
9
1
2
2
1
1
28
1
6
2
1
167
4
2
17
1
8
1
3065
2
2
1
21
3
4
2
2
1
30
1
1
1
1
1
1
525
1
30
2
7
1
14
1
1
42
8
1
1
1
4
1
1
15
1
112
2
101
4
4
3
1
3
1
1
8
20
3
1
1
1
37
3
2
2
1
1
1
1
1
3
1
1
2
1
6
5
1
2
4
1
2
1
4
2
1
1
1
1
4
33
2
19
1
6
6
10
1
2
20
21
2
1
2
2
4
10
2
1
2
2
1
7
1
3
1
2
1
2
31
4
2
1
4
1
1
1
2
2
5
8
3
2417
1
2
4
1
1
11
1
1
2
1
3
1
1
1
1
1
21
41
4
2
1
8
2
4
26
27
1
4
1
2
2
1
1
2
1
2
1
11
4
688
6
1
1
2
16
7
2
33
3
1
3
2
18
3
2
1
50
2
1
1
1
6
4
1
217
1
1
1
1
3
23
3
1
169
1
1
1
1
2
1
31
90
1
1
33
4
8
15
6
1
1
1
1
1
8
1
1
1
1
7
1
1
1
279
4
3
3
2
4
1
14
1
2
4
1
14
4
113
2
59
1
1
635
12
1
1
1
6
2
1
2
2
1
1
1022
1
13
15
2
10
3
795
1
1
1
1
1
1
1
1
1
2
42
5
7
3
2
3
1
4
1
1
1
2
1
4
5
2
18
1
1
2
2
5
2
3
1
1
3
928
1
2
1
5
1
2
1
1
3
2
1
2
7
1
1
1
4
12
11
1
7
3
1
1
5
17
21
1
1
2
250
1
1
6
530
8
12
1
6
2
1
4
1
1
1
1
8
1
6
22
10
5
1
3
1
96
1
33
38
1
1
19
14
2
3
3
1
51
19
1
9
1
9
1
6
671
7
4
5
9
1
4
1
1
1
1
4
2469
2
3
4
14
4
3
1
1
1
7
1
1
1
1
4
1
1
1
3
1
1
1
2
1
1
1
2
3
1
1
1
2
2
1
2
1
1
1
1
1
1
2
3
6
1
1
52
2
5
1
1
1
1
1
112
7
1
25
1
1
1
1
8
1
3
4
151
1
2
1
1
2084
2
1
2
2
1
2
1
1
2
1
6
1
1
2
2
1
2
1
3
98
1
81
490
1
1
1
1
4
5
1
1
4
1
8
1
4
1
1
1
1
1
1
11
3
195
2
5
47
8
5
3
1
1
2
1
2
17
15
3
2
2
1
24
4
15
4
2
17
1
1
3
2
2
1
25
2
157
26
11
1
1
1
13
1
1
1
1
1
1
1
1
2
1
3
1
1
1
1
1
5
1
1
1
2
8
1
5
407
227
1
4
4
1
1
2
5
8
62
1
1
2
2
1
73
10
18
5
1
72
12
1
1
1
1
1
9
1
1
1
2
1
1
7
2
2
1
1
1
1
1
19
3
22
1
1
1
2
1
5
2
1
18
147
3
10
1
4
15
8
1
4
2
1
1
1
1
1
13
1
8
1
4
145
397
1
1
1
182
1
23
2
25
6
1
2
3
38
2
1
12
111
28
103
2
1
6
1
3
1
1
81
1
2
1
14
1
1340
1
1
116
1
4
7
1
8
2
1
9
1
1
1
38
35
8
1
23
1
6
257
21
12
65
3
10
3
2969
3
1
30
118
5
1
13
1
5
12
1
3
1
3
2
6
1055
503
3
4
1
1
1
1
4
1
1
1
1
2
1
2
1
2
2
22
5
9
1
15
2
2
2
2
1
3
1
1
1
1
1
1
1
2
39
32
3
1
1
2
6
1
1
1
7
13
1
1
3
388
1
1
580
12
1
1
1
4
1
1
5
1
1
2
7
1
1
3
1
1
1
1
3
1
41
1
2
1
1
1
1
9
1
1
1
4
1
54
2
1
4
4
1
1
1
2
3
2
2
2
3
2
1
1
1
1
1
7
1
1
2
1
5
1
1
1
31
2
19
2
1
1
2
1
2
1
2
2
3
1
1
1
1
1
1
3
1
1
2
4
3
1
1
1
1
1
1
1
1
1
1
1
1
1
1
3
1
1
1
1
1
1
2
1
19
2
1
3
10
2
9
6
1
1
90
2
20
1
1
3
104
1
1
1
1
1
1
1
1
1
1
1
6
5
447
3
1
1
5
2
1
2
1
24
1
3
1
1
9
2
2
1513
1
2
2
2
2
1
1
1
1
2
1
3
3
14
2
8
12
6
1
8
1
13
3
6
1
1
3
1
4
2
1
1
1
2
16
1
12
1
9
1
8
1
1
7
2
1
1
1
36
2
6
1
4
1
1
7
1
1
12
107
2
1
3
367
67
2
3
5
19
6
1
58
1
2
1
1
1
10
5
59
46
63
3
5
3
4
2
1
321
403
3
1
3
1
2
1
174
69
670
1
82
4
971
28
1
68
1
1
54
1
4
3
1
1
174
1
1
7
1
1
1
330
2
18
1
2
1
1
1
1
2
1
1
1
1
6
3
1
9
2
2
2
1
3
10
4
1
32
3
845
1
4
4
1
3
1
7
64
2
2
7
18
1
2
4
2
2
1
8
49
34
4
1
1
4
2
1
2
2
1
2
47
1
1
1
1
1
1
2
1
1
2
132
6
187
1
12
5
36
26
4
3
18
1
2
1
1
1
1
1
5
1
1
2943
2
18
12
2
14
18
14
2
156
6
58
4
3
1
1
1
1
4
144
1
1373
1
2
9
629
231
2
467
57
9
15
4
5
1
1
282
209
252
1
41
82
23
1
46
1
1
22
1
151
6
2
1
2
9
135
1
5
27
10
1
1
1
1
1
1
2
1
1
11
1
1
1
191
1
46
7
3551
1
30
20
2
44
1
3
1
1
1
2
19
1
1
1
1
1
1
4
1
2
2
2
1
3
1
1
1
2
2
1
2
1
1
2
2
8
1
1
1
1
1
1
1
1
1
1
4
1
1
84
1
126
2
1
8
5
2
2
32
4
3
2
1
4
1
1
1
1
47
1
236
1
1
1
1
1
134
1
1
2
50
2
1
3
5
1
1
9
1
6
47
1
2
8
1
2
1
154
25
103
1
5
3
57
1
51
3
1
2
3
1
39
6
1
1
1
39
7
2
1
1
2
1
4
1
1
1
1
3
12
11
14
7
3
12
8
1
2
3
1
1
1
1
6
1
6
1
19
56
2
1
1
16
1
27
2
1
1
206
2
1
2
1
1
1
10
1
4
1
4
1
3
1
2
2
2
1
1
6
4
4
7
1
1
2
1
1
2
1
1
1
44
4
6
8
12
20
1
15
3
1
1
4
5
6
1
1
2
7
7
3
52
11
57
3
2
7
134
3
165
20
19
3
1
7
6
5
2
47
1
1
1
1
4
1
1
1
3
750
1
1
1
1
214
1
1
1
1
1
1
1
1
1
1
1
6
1
2
2
21
3
1
1
1
1
5
62
1
142
5
1
9
1
3
24
1
2
1
3
1
1
40
1
1
2
1
5
2
1
5
1
36
2
2
26
1
2
8
1
71
1
389
1
1
1
1481
1
1
1
1
1
186
340
1
3
1
1
1
1
3
1
1
3
1
2
24
346
1
2
1
2
612
6
1
1
3
578
2
6
1
3
15
1
240
2
34
3
1
1
2
1
2
1
1
1
1
2
1
1
1
1
7
6
1
2
1
1
1
1
1
2
15
1
720
1
1618
1
1
1
1
5
40
1
1
1
1
1
2
2744
1
3
1
1
246
42
7
7
2
1
115
1
6
15
1
1
1
1
1
1
1
1
2
1
1
1
20
1
5
1
3
1
1
2
6
10
5
1
1
59
6
1
1
1
1
3
1
8
1
2
1
72
1
1
1
1
2
42
6
1
1
1
1
1
1
1
1
1
1
1
2
1
5
1
395
11
9
1
2
3
1
3
4
1
1
1
1
3
1
1
2
4
1
13
1
1
2
2
2
1
1
1
2
1
1
1
1
1
158
1
1
1
1
1
1
1
5
1
3
1
837
2
1
1
1
2
3
1
1
1
1
1
2
380
1
1
2
1
103
3
1
2
1
1
2
2
2
1
9
2
1
1
1
2
1
1
7
26
1
3
4
1
2
14
3
1
2
2
2
2
8
11
12
20
6
25
22
1
40
5
2
3
31
967
1
1
2
1
1
1
3
3
5
174
1
1
1
1
1
1
1
1
695
3
1
22
2
1
8
1
1
1
2
1
1
1
1
36
62
1
1
3
60
1
1
1
1
1
1
1
30
75
17
2
1
1
22
1
20
6
19
5
5
1
1
1
1
15
10
1
92
11
7
1
41
1
67
1
3
1
1
5
7
2
6
2
1
3
18
1
1
9
2
1
3
4
1
70
2
6
13
1
1
1
11
3
74
6
15
1
2
3
50
3
1
2
1
3
2
1
1
40
68
1
1
3
23
18
6
3
1
6
2
1
1
1
1
1
2
1
6
3
2
1
4
1
1
3
2
1
1
2
3
1
2
13
1
5
1
1
7
296
2
2
2
5
1
16
10
14
158
362
1
216
10
25
1
21
1
1
1
1
2
1
5
1
5
1
2
3
1000
5
1
38
10
2
1
3
6
1
12
2
1
8
2
4
1
1
36
7
1
2
2
1
1
285
7
1
2
5
71
1
1
41
1
37
13
82
1
2
5
1
1
6
2
5
2
1
6
4
2
5
18
27
31
7
1
9
2
4
10
5
13
2
1
16
8
2
4
182
66
3
9
2
1
1
1
9
1
2
1
5
1
1
13
7
54
1
66
13
4
75
12
2
1
1
1
2
1
1
550
83
388
279
1
1
1
51
2
6
26
121
325
2
1
7
1
1
58
3
5
9
16
1
1
2
11
1
4
22
1
5
2
4
1
1
1
10
3
76
2456
2
4
17
6
12
227
11
8
1
11
1
6
2
6
4
1
92
4
2
1
1
9
23
2
2
1
1
330
1
115
2
6
2
4
1
5
5
4
2
1
1
17
36
29
3
52
55
1
1
1
1
1
1
5
2
1
1
1
5
4
3
1
2
1
3
1
1
5
1
1
3
1
6
1
10
1
9
1
23
3
1
36
1
1
1
4
2
5
5
4
1
3
27
337
37
1
1
8
8
1
230
120
1
47
1
1
49
2
1
1
1
2
21
1
3
1
9
1
9
1
1
1
4
7
1
1
1
3
50
1
2
3
3
1
9
1
3
1
3
3
5
4
24
3
1
2
4
1
1
2
2
4
1
1
2
1
496
54
1
1
1
8
3
1
8
4
3
2
1
2
5
56
24
2
10
5
7
1
16
4
3
1
5
3
36
1
1
7
7
2
15
15
2
5
3
5
1
1
3
2
3
1
1
1
43
1
1
2
1
3
23
1
2
10
2
7
1
1
2
3
1
1
1
15
9
1
7
59
1
1
2
3
1
8
1
1
3
1
1
1
2
31
1
19
1
4
1
1
52
5
1
7
12
2
1
1
1
2
1
2
1
16
7
23
3
3
2
3
6
21
1
12
2
2
1
3
4
1204
2
1
2
1
1
1
7
11
3
23
1
1
1
17
11
1
1
1
3
1
1
1
1
11
3
4
33
29
2
12
1
1
1
1
2
12
2
1
1
1
1
1
1
8
21
1
1
1
1
1
1
6
5
111
1
12
3
1
7
1
4
3
1
5
1
7
1
1
2
3307
1
17
1
1
2
1
2
6
1
2
1
5
2
115
3
1
1
2
3
1
1
10
2
6
68
3
2
13
4
1
1
80
2
1
1
2
5
52
1
27
36
88
16
47
1
1
6
158
2
1
3
1
4
1
2
3
1
5
8
1
34
1
4
2
6
1
1
7
1
1
1
6
31
2
1
2
2
1
2
2
2
1
1
5
20
41
1
4
1
1
127
14
297
1
1
1
1
1
2
1
1
1
29
12
18
1
3
2
3
21
1
1
1
2
1
1
8
1
1
2
2
11
1
1
1
1
4
3
1
3
1
2
9
1
1
1
1
870
1
2
6
7
2
5
6
1
1
8
1
2
25
2
6
1
3
54
1
2
4
21
6
9
1
1
3
2
23
1
1
1
20
1
7
1
1
2
54
1
1
15
1
1
15
3
1
1
106
1
1
2
1
1044
63
1
1
2
203
5
1
266
4
1
2
13
2
2
30
3
2
2
18
1
16
1
10
17
1
4
2
22
1
3
2
1
1
7
4
1
1
1
117
2
42
1
1
1
316
1
1
1
1
4
140
3
1
2
1
1
1
4
1
2
1
9
1
1
2
5
1
15
1
2
1
15
1
1
29
3
1
1
9
1
1
11
1
1
3
2
3
1
1
1
1
3
1
3
1
1
1
1
1
1
1
2
1
1
1
1
8
1
1
1
1
2
1
1
2
2
1
1
1
1
1
1
1
2
1
2
15
2
1
3
1
1
1
1
7
4
1
3
2
1
1
2
2
1
2
1
2
4
1
1
1
1
5
1
1
2
2
2
2
1
1
1
1
10
19
8
7
4
5
1
1
2
5
4
1
1
2
1
1
1
1
2
1
1
1
4
1
3
1
1
2
2
1
1
1
1
1
1
3
1
1
1
1
1098
1
1
1
25
1
1
6
1
8
2
1
2
11
1
8
2
53
2
41
9
7
1
1
2
1
1
1
1
1
1
1
1
2
1
1
1
1
7
1
1
1
1
1220
5
2
1
4
1
1
1
1
1
1
1
1
1
3
377
1
1
1
2
7
1
2
1
1
2
1
2
3
3
3
1
1
1
23
4
1
1
3
13
1
1
1
6
2
1
2
24
1
1
3
1
1
2
1
1
64
2
1
2
1
5
1
1
19
32
3
6
3
1
6
4
1
1
1
2
1
1
4
1
25
4
4
5
1
2
1
1
1
418
2
3
6
1
1
1
4
2
2
1
1
6
1
1
4
1
1
4
1
3
1
1
58
127
1
1085
1
2
1503
248
20
10
34
65
16
192
161
93
1
1
1
2
3
6
1
1
4
1
1
2
15
1
33
10
1
3
18
1
1
1
30
1
1
3
1
1
1
10
2
90
4
1
23
5
1
10
1
2
2
3
2
2
32
31
1
1
1
796
46
1
4
7
1
3
1
1
1
78
1
1
2
1
1
15
1
1
1
1
39
1
1
1
30
2
2
1
4
1
1
10
1
6
1
336
1
1
1
1
1
2
4
54
1
11
8
92
1
2
1
1
1
1
1
2
1
18
2
1
13
1
28
691
3
3
10
1
116
165
13
38
3
2
1
20
1
1
1
1
1
13
1
1
15
13
12
1
190
9
1
1
11
161
4
4
2
11
25
67
1
2933
1
1
1
1
622
1
1
2
1050
310
31
1
1
1
1
1
4
15
8
1
2
14
1
4
1
59
1
34
1
1
1
1
175
787
40
243
1
2
3242
1
173
16
19
2
25
14
1
7
610
2
1
1
1
369
1
2
1
50
1
2
1
5
19
4
1
5
1
4
3
59
4
223
3
15
4
247
66
1
76
2
5
7
9
1
16
50
1
1
8
2
5
8
60
23
1
23
5
1
1
88
18
8
1
1
5
5
5
1
1
1
1
1
3
1
1
1
2
18
9
1
8
6
21
87
3
8
1
1
3
11
1
1
3
5
5
1
1
81
23
7
14
1
10
1
3
6
1
16
1
1
3
1
1
4
2
4
9
47
14
5
5
6
1
6
7
1
111
1
6
22
1
1
1
8
1
1
70
1
1
2
2
1
1
3
2
13
19
4
1
16
3
44
1
16
1
1
1
1
39
80
1
14
1
1
3
2
69
34
52
5
1
23
8
1
9
10
25
6
1
7
1
1
16
123
85
1
2
1
1
1
1
2
16
3
1
99
1
1
29
1
7
2
4
16
2
35
2
17
27
1
2
1
1
9
1
1
6
2
98
17
38
6
39
1
8
1
9
107
13
3
6
6
2
73
3
41
1
42
6
1
77
3
166
52
98
191
3
8
10
3
3
1
746
3
1
19
4
48
9
2
1
1
4
11
81
2
3
19
1
1862
11
5
37
33
77
6
1
202
8
53
3
108
667
1
1
15
13
8
4
2
1
2
11
6
10
1
2
4
1
11
9
6
1
51
1
1
1
3
4
1
1484
86
1
1
1
1
1
328
2
1
1
1
916
9
1
1
2
1
504
1
1
1
228
4
2
1
1
219
418
1
2
176
41
4
2
1
1
1
1
1
10
19
6
1
1
1
2
2
2
100
40
2
4
1
6
7
1
1
1
3
1
1
2
1
2
1
1
1
4
5
1
4
1
1
1
10
16
3
1
3
7
5
7
72
3
8
1
1
2
211
4
8
4
1
1
18
1
14
1
3
14
28
13
1
8
2
5
2
2
1
1
1
1
1
1
1
35
675
1
1
1
229
4
1
1
4
1
1
2
1
1
1
2
2
2
6
28
1
249
1
1
1
1
3
2
24
8
3
1
1
1
1
1
1
1
1
1
1
1
1
3
2
2
2
3
1
1
1
1
1
2
1
1
12
1
2
1
1
1484
1
1
4
1
2
1
2
1
1
1
2
1
1
1
1
1
1
1
1
1
1
2
1
5
52
174
1
1
1
1
1807
1
1
1
1
1
1
14
2
1
1
1
16
1
1
1
1
54
19
196
1
5
1
1
1
1
1
1
5
6
1
1
3
1
6
1
1
2
4
2
82
1
1
1
2
1
2
15
10
3
31
72
1
8
1
8
12
6
1
2
1
1
330
1
1
1
1
1
1
14
384
3
2
1
1
2
1
1
1
1
1
1
12
57
51
5
10
3
32
2
24
24
4
1
3
1
4
3
1
2
5
2
1
1
2
1
7
1
1
14
10
3
3
2
3
1
1
7
3
2
19
26
1
1
7
1
2
1
1
1
6
1
1
1
1
3
2
60
748
15
2
1
1
8
2
5
425
23
1
1
1
1
1
1
1
1
1
16
1
1
1
1
1
1
1
15
1
1
1
1
7
2
10
1
4
1
1
2
2
1
6
1
1
2
1
1
1
4
4
1
1
1
1
1
1
73
8
9
1
1
1
129
2
1
1
542
1
7
6
2
3
1
1
1
1
2
1
1619
2
2
6
1
1
1
2
1
1
22
3
1
1
191
1
5
61
2
1
1
4
1
1
15
1
5
1
1
14
3
1
3
1
1
2
6
57
2
1
4
1
1
54
102
1
3
1
1
669
436
925
1
1
2
1
1
3511
7
1
4
1
1
1
1
1
2
5
2
12
1
3
1
2
3
1
13
1
128
1
1
1
1
1
2
295
1
1
2
2
1555
1
1
9
2
33
2
337
1
1
11
1
3
1
1
1
1
1
1
1
4
1
1
4
1
21
6
1
1
4
8
1
1
6
1
1
1
1
1
1
11
2
1
2
151
1
1
1
1
7
1
1
2
19
108
4
1
76
1
20
8
1
1
5
4
1
14
1
8
2
10
1
6
1
1
1
2
1
1
32
1
1
3
2
1
59
5
1
1
1
906
2
1
70
61
1
1
2
1
2
1
1
5
1
1
398
1
2
1
2
1
9
912
1
1
1
1
2
18
2
25
1
1
3
35
1
10
2
1
1
1
2
1
1
1
1
5
1
1
1
3
2
1
1
1
1
117
1
1
87
4
1
11
1
1
1
1
1
214
1
2
1
89
1
1
1
1
1
7
13
6
4
312
2
2
23
6
737
5
1
1
2
1
1
1
3
48
1
1
1
5
4
1
1
1
1
4
1
182
353
560
1
857
1
1
620
1
1
12
74
1
1
9
11
1
66
1
6
6
1
1
1
1
1
119
1
1
1
580
1
20
2
2
3
1
3
1
1
1
1
1
1
778
1
6
1
1
1
3
17
1
10
7
1
4
44
6
1
1
38
1
1
1
1
1
1
1
1
1
5
29
1
1
7
8
5
3
12
2
7
7
3
13
1
2
1
1
1
1
1
1
160
1
24
5
1
28
39
8
10
5
24
19
5
2
1
10
8
31
5
1
143
45
2
4
1
85
5
4
8
1
1
28
1
88
6
7
7
2
27
1
1
2
1
121
104
5
4
14
12
1
89
4
159
15
7
18
4
6
60
8
78
2
3
33
36
64
10
58
193
1
30
8
13
168
2
10
118
82
9
30
4
89
6
5
30
30
76
3
107
13
21
158
1
3
1
2
76
29
2
1
1
3
3
7
1
1
1
1
1
1
1
8
1
1
1
1
1
1
1
1
1
1
27
1
1
1
865
1
1
1
1
2
42
6
1
7
1
1
1
1
9
1
2
541
24
55
3
1
22
1
1
13
1
1
1
1
20
1
1
1
9
1
4
51
1
1
1
38
4
3
1
9
5
49
30
3
31
1
1
1
1
1
1
1
1
1
513
1
115
1
1
1
7
1
3
27
1
8
1
1
1
7
1
1
2
1
1
1
27
1
1
1
1
1
1
1
1
1
1
1
1
1
1
3
19
616
1009
1
2
1
1
9
860
1
1
15
2
1
1
1
345
1
1
1
1
1
116
1
7
42
566
1
1
5
1
1
1
1
1
1
1
1
1
1
1
3
1
1
1
1
1
271
1
1
1
1
1
1
2
1
1
3
8
1
1
1
10
4
11
3
2
3
1
1
1
1
314
1
1
3
1241
1
77
1
16
1
3
10
1
6
3
222
1
143
1
2
7
2
1
1
1
4
1
205
1
1
1
1
1
1
2
1
1
1
142
5
1
2
1
1
1
1
2
3
2
9
1
1
1
43
1
157
1
4
70
4
1
1
1
1
1
1
2
1
9
6
2
1
1
2
1
3
1
82
4
1
1
2
1
1
5
1
45
2
1
8
1
1
1
1
3
1
3
5
5
1
1
1
1
1
1
1
1
22
2
1
1
2
2
1
141
1
3
2
1
1
1
30
5
1
1
180
34
1
2
1
2
1
1
3
1
1
1
14
1
5
168
38
1
1
1
1
1
1
2
1
1
1
1
861
1
2
4
15
1
1
3
1
119
1
1
1
1
1
1
1
1
199
157
3
1
1
1
10
1
129
1
1
1
1
1
1
1
2
1
1
1
1
1
1
1
1
8
1
1
1
4
2
1
1
1
1
1
1
1
2
1
1
1
3
2
1
3
2
2
5
6
319
374
1
1
1
1
2
2
1
1
19
34
1
46
172
1
1
60
1
2
1
1
1
1
1
6
2
5
1
1
1
1
1
1
2
1
3
1
1
1
1
3
6
1
109
1
1
2
1
14
1
5
1
1
1
1
1
2
1
10
1
7
3
1
1
1
1
1
21
1
16
1
1
7
2
86
1
1
1
1
4
4
1
1
28
2
1
1
2
1
1
2
1
1
2
1
331
1
1
3
146
1
2
1
17
1
1
3
1
1
1
687
2
1
1
1
3
33
1
1
1
1
1
1
1
1
2
1
41
8
1
2
1
11
26
1
1
1
98
1
1
1
66
75
5
695
415
1
1
1
1
1
1
1
9
3
1
11
1
1
2
1
13
400
936
1
2
69
293
2
22
1
2
1
1
1
1
515
4
1
3
224
4
767
1
1
4
1
1
1
1
4
1
1
5
2
1
1
2
1
1
2
1
1
1
1
1
663
1
1
1
2
117
1
1
1
629
1
1
7
2
1
1
1
5
2
1
1
1
1
5
5
2
1
2
1
1
9
1
1
2
1
1
1
1
1
1
1
1
3
382
251
1
1
1
1
2
49
78
1
1
43
15
1
10
6
2
1
1
1
1
26
10
1
1
15
4
1
7
1
1
3
1
1
1
1
2
1
1
15
11
1
1
8
1
1
1
1
42
1
1
2
1
1
1
4
1
1
1
1
1
1
3
3
96
3
157
3
1
1
1
1
1
1
1
1
1
1
3
1
14
2
23
6
2
1
2
1
28
5
1
3
1
1
1
2
1
3
1
8
3
1
3
1
1
3
2
13
1
1
9
1
1
80
74
1
178
1
8
1
2
1
1
564
1
3
1
2
1
2
1
1
1
599
1
691
1
1
1
1
2
22
3
23
1
1
1
8
5
4
1
67
3
2
31
1
6
1
1
1
10
4
1
1
1
1
17
5
2
2
1
4
1
4
1
44
1
16
2
1
99
2
1
1
1
1
1
15
4
4
1
2
107
5
2
2
2
1
1
2
1
1
1
1
2
1743
1
1
2
3
12
46
5
5
2
42
8
1
41
1
65
1
1
1
1
2
1
12
1
5
1
105
6
1
1
4
5
1
1
1
1
3
2
1
6
6
2
1
1
1
3
25
2
9
3
1
1
1
473
36
1
13
37
1
2
2
1
18
1
1
1
1
1
1
1
21
1
1
1
1
1
1
1
1
2
5
1
954
1
1
1
632
1
1
1
1
1
495
