9
10
5
1
3
13
5
1
1
4
3
9
2
3
2
7
2
2
4
4
4
20
3
6
1
1
3
2
5
7
1
1
3
1
1
2
1
2
12
1
6
30
4
1
4
2
1
1
7
8
15
8
4
1
4
10
3
1
1
1
2
5
3
4
7
2
1
1
1
1
2
7
2
15
10
1
2
3
2
4
4
6
1
6
6
2
1
1
1
1
8
2
1
7
3
1
3
2
2
5
2
1
1
3
1
2
7
1
11
1
1
2
2
1
11
7
1
2
2
2
9
2
20
1
1
9
2
1
4
5
14
6
1
4
1
1
15
4
3
2
2
1
12
1
1
2
7
2
1
3
1
1
4
1
1
6
2
2
1
2
2
1
1
1
1
1
6
5
3
19
3
2
3
1
1
1
2
1
2
5
2
1
2
2
14
2
1
1
1
1
12
2
13
4
2
1
7
2
3
1
2
3
2
1
1
2
2
8
4
4
3
2
2
1
1
13
7
1
2
14
7
4
2
2
2
3
1
1
6
3
1
1
5
5
1
3
3
2
3
1
2
2
1
1
1
6
1
2
1
4
2
1
4
1
3
1
6
14
1
2
2
1
1
2
2
1
3
1
1
4
1
2
7
6
1
2
2
1
1
1
1
6
3
1
6
7
1
6
1
5
1
1
2
7
4
1
3
2
2
5
2
9
5
3
1
7
2
4
5
3
7
4
5
2
1
4
4
1
1
2
1
1
2
1
3
2
4
1
4
1
1
8
1
2
1
6
1
2
4
5
4
1
1
1
2
11
1
4
1
1
1
3
1
2
1
2
26
7
3
1
2
2
2
5
4
2
22
3
2
7
1
7
1
5
7
9
5
1
3
4
1
6
1
3
1
7
2
2
1
12
2
1
5
3
5
2
3
2
1
4
1
11
1
2
6
1
2
3
1
1
11
8
1
2
2
7
3
9
1
1
8
4
7
1
2
1
7
2
1
16
15
3
2
1
4
1
11
2
3
6
2
17
6
1
1
1
2
1
3
2
5
1
2
8
1
1
7
6
1
4
1
9
4
2
1
4
1
4
1
3
2
5
16
2
1
2
1
4
1
2
4
3
3
1
17
10
1
2
2
4
1
2
1
4
1
1
13
1
1
1
1
16
4
12
2
1
4
1
1
2
1
1
12
1
4
13
1
1
1
5
2
1
3
15
6
2
1
7
4
3
1
1
1
1
23
8
1
4
1
1
4
1
11
1
5
2
1
1
2
2
1
2
1
2
1
3
3
3
2
13
1
9
4
1
1
1
1
3
1
3
1
3
1
7
8
1
1
8
2
1
2
11
9
1
3
8
1
55
1
1
1
4
1
1
4
3
6
3
2
