27
22
17
1
24
1
2
7
2
4
1
6
7
1
40
1
104
4
34
2
2
1
14
3
36
1
1
5
20
12
22
3
3
7
1
4
2
3
10
9
5
7
2
7
63
27
164
13
2
3
5
46
9
4
2
5
25
2
7
1
3
4
6
5
72
1
6
2
2
9
40
17
10
2
52
2
26
2
8
2
32
6
2
2
2
5
21
10
33
46
2
3
26
62
8
35
2
222
1
6
58
54
42
26
16
106
1
194
2
1
12
1
49
14
12
17
6
2
3
3
19
2
2
22
1
11
25
35
2
2
45
2
33
1
13
26
1
18
2
29
50
10
1
106
6
9
1
34
2
14
2
44
1
65
41
5
1
22
5
17
46
2
6
1
26
35
11
2
16
2
141
7
2
2
3
3
1
110
1
5
8
13
35
9
33
75
17
1
2
14
21
2
15
61
2
87
29
2
27
2
1
71
5
1
3
9
1
28
3
9
138
120
21
1
4
3
13
5
14
30
6
53
81
19
3
25
37
2
26
27
1
8
2
6
3
1
23
41
1
193
39
63
4
87
2
9
5
1
1
2
11
23
21
3
3
2
108
7
76
11
5
3
3
11
3
109
64
1
14
177
7
2
15
1
3
3
3
8
26
3
89
5
1
4
42
11
12
38
89
5
1
41
3
1
8
1
7
40
48
58
115
13
1
2
2
23
21
28
6
2
3
2
5
14
5
19
7
1
45
70
8
2
1
1
19
10
2
74
5
24
36
29
27
5
1
36
12
130
1
27
21
3
4
5
1
4
6
2
8
24
74
34
9
148
7
56
3
21
12
2
3
3
101
11
16
1
3
13
25
13
3
6
18
17
9
3
11
4
7
11
6
2
1
2
12
33
5
4
5
3
103
3
1
4
1
2
1
32
5
2
3
20
9
1
3
4
1
1
4
124
43
47
111
16
6
4
1
74
3
57
27
129
1
45
3
12
27
85
4
35
1
51
4
1
20
2
67
7
6
3
4
3
5
9
7
9
9
2
9
1
16
3
32
8
36
28
7
1
27
1
9
31
2
1
2
2
6
4
166
11
3
2
3
25
28
109
13
1
3
6
10
38
6
3
3
2
13
4
15
1
34
37
33
9
1
1
1
14
2
1
26
2
25
112
3
2
8
50
14
192
224
134
4
4
15
31
4
51
11
13
6
43
41
1
40
24
3
65
3
8
147
24
84
6
18
15
29
3
21
5
22
5
5
37
2
1
27
7
12
12
135
78
99
1
10
1
6
29
8
11
3
1
6
20
45
8
215
68
63
19
1
2
11
11
3
4
10
23
4
4
1
12
85
63
2
1
5
6
9
1
9
2
5
46
8
4
4
2
8
20
4
19
7
8
2
23
22
2
52
2
3
58
14
13
29
51
79
1
3
16
1
1
2
5
5
34
1
19
21
19
1
115
1
1
61
50
6
2
35
3
55
6
58
5
136
1
127
5
7
2
29
5
8
3
3
40
15
17
7
13
46
10
109
19
9
74
3
5
1
114
8
8
15
2
7
6
6
31
40
35
109
71
46
3
28
4
3
23
6
61
2
5
4
2
15
14
1
17
11
8
101
4
13
20
2
14
1
1
5
3
4
3
3
1
166
9
111
1
16
52
2
4
9
3
1
2
28
1
82
1
19
9
23
241
13
3
5
9
18
7
7
24
15
6
1
70
12
3
2
32
19
6
5
1
1
38
4
2
8
52
1
2
4
12
5
122
5
5
40
13
23
2
42
2
24
6
4
23
2
57
99
3
4
5
22
3
9
1
1
1
115
2
7
30
1
3
2
23
198
30
2
3
1
4
33
2
28
8
21
1
1
3
1
173
2
3
1
4
3
44
2
70
8
2
11
3
4
174
3
28
3
68
1
2
54
2
11
8
3
2
9
3
15
5
1
32
122
13
11
28
27
16
5
5
5
5
3
3
10
64
4
17
1
5
3
3
1
10
5
74
1
7
1
17
32
1
4
50
3
8
11
1
39
2
33
94
1
4
1
1
10
4
2
4
18
6
1
10
2
12
3
29
1
88
137
12
14
9
188
5
208
2
4
1
14
9
2
17
34
2
2
17
39
3
17
6
1
2
12
73
2
11
7
1
2
74
1
3
2
9
8
1
4
2
2
1
213
52
31
25
2
9
20
1
5
11
1
13
5
31
18
2
45
19
7
5
1
12
4
14
70
2
5
8
8
2
1
1
2
6
11
2
44
7
22
1
2
1
1
1
21
1
20
1
5
4
17
4
1
4
4
5
4
3
2
2
9
3
2
11
27
15
1
1
57
1
1
23
1
137
36
3
4
3
6
19
193
5
10
19
42
2
4
1
4
1
4
2
1
17
2
4
6
4
9
2
3
22
68
3
16
56
23
63
2
2
7
5
1
2
17
2
1
19
43
28
1
56
37
1
5
7
73
7
1
38
21
5
177
13
96
63
2
3
30
4
57
2
5
37
1
3
2
7
6
44
25
3
2
2
103
2
3
3
32
35
2
1
3
8
8
1
28
26
4
2
4
13
5
8
2
2
2
78
3
4
3
2
2
19
29
25
3
3
6
107
54
4
47
2
14
3
4
3
2
13
21
39
24
39
28
89
5
84
1
19
2
41
6
17
6
8
2
96
2
5
74
1
51
8
1
1
20
1
14
1
1
8
2
1
3
4
3
4
42
110
4
66
1
23
179
57
3
1
9
1
1
2
152
2
1
4
14
10
32
13
5
20
172
2
40
5
39
8
31
1
46
18
3
2
40
3
24
1
3
12
16
8
3
5
3
7
5
5
9
5
24
7
24
18
8
3
34
1
3
13
32
1
1
26
43
8
24
120
14
3
16
2
4
3
1
95
3
15
6
4
6
30
12
21
1
228
19
3
11
2
77
5
12
46
1
3
9
8
73
1
2
22
77
4
8
21
7
28
2
105
4
33
2
1
76
15
18
144
4
44
3
3
8
229
1
2
9
1
9
3
6
5
4
33
2
6
117
4
5
1
2
55
30
4
16
12
2
15
1
25
9
2
1
1
4
72
5
7
33
2
1
33
4
1
1
50
1
8
124
20
39
5
3
2
20
5
31
10
71
12
1
124
2
14
3
2
28
98
6
31
18
33
36
58
9
3
2
1
11
9
4
1
1
5
4
20
68
19
9
3
46
6
20
1
3
5
92
12
2
4
66
4
1
10
25
3
1
9
7
1
4
1
108
10
1
29
1
48
2
1
20
9
1
34
22
259
12
4
12
4
2
57
2
88
5
2
126
4
83
12
8
3
149
2
10
34
11
64
4
1
5
8
1
1
35
2
4
4
9
1
28
2
16
38
90
7
41
3
1
6
9
4
52
10
55
5
2
3
16
3
7
2
12
2
7
1
17
21
3
23
129
3
7
2
3
2
4
2
19
1
6
7
57
1
5
54
15
2
3
5
3
4
3
5
4
3
2
17
2
11
3
14
18
20
34
8
8
7
123
6
54
3
64
1
3
11
1
90
1
11
29
12
13
31
1
50
1
19
8
3
1
2
14
15
27
8
9
3
13
3
30
3
3
5
1
13
1
14
4
5
3
17
112
3
13
106
9
11
1
9
3
68
58
1
38
7
10
42
19
16
2
18
2
45
26
24
33
26
2
21
1
48
12
3
10
2
3
39
5
52
2
39
35
1
8
31
3
1
27
8
4
3
3
102
13
1
1
1
8
3
66
29
1
1
9
17
2
21
13
6
1
29
2
32
1
15
5
3
78
1
29
1
35
31
77
87
2
5
222
5
5
39
1
49
5
6
10
4
1
5
55
1
1
22
6
3
1
9
67
4
2
4
1
2
6
30
4
26
12
8
4
50
2
3
1
1
14
11
5
11
43
9
3
3
1
15
1
14
12
7
4
1
1
3
2
44
177
63
6
6
7
78
16
85
30
5
1
3
26
2
48
26
1
1
12
1
5
2
21
5
17
6
21
23
4
3
2
4
31
2
35
5
89
116
5
83
2
4
5
12
32
37
5
46
87
1
26
1
4
60
6
121
5
10
2
60
13
9
20
29
13
6
3
16
41
5
1
11
2
2
70
1
8
28
2
21
2
5
79
144
78
2
1
4
14
20
7
43
13
53
24
23
14
14
102
5
38
1
7
29
92
4
23
6
2
66
72
96
2
6
2
4
3
1
11
4
19
17
6
95
29
7
41
4
5
15
2
2
11
94
21
3
15
14
67
76
3
35
1
1
4
11
3
3
44
11
1
35
4
1
3
60
14
39
36
1
4
19
25
2
40
19
19
21
31
2
3
5
11
10
74
28
4
2
35
23
20
6
20
9
16
