1
2
4
7
3
13
1
1
1
6
3
13
1
1
1
1
1
2
1
10
2
4
1
1
3
2
1
5
1
2
1
1
5
1
2
2
12
1
4
4
8
4
3
5
2
4
1
1
4
5
2
1
2
2
1
4
1
1
1
4
18
2
1
4
10
1
5
2
1
11
16
1
1
2
1
2
1
1
4
3
1
5
1
2
2
2
3
3
2
18
2
3
2
1
2
1
2
3
2
1
17
3
2
2
3
2
2
1
1
1
2
2
5
1
1
1
2
4
2
3
3
1
1
1
20
1
1
4
1
1
4
2
2
2
2
1
1
1
13
3
1
2
3
1
4
3
2
2
8
2
6
3
1
10
4
1
1
1
2
3
1
6
1
1
6
5
1
2
3
2
2
13
1
4
5
5
1
2
2
5
1
8
2
2
1
1
2
1
5
2
1
1
1
1
1
4
2
3
17
2
1
2
3
7
2
2
6
1
1
1
2
1
3
2
2
14
4
3
3
1
2
1
3
2
1
2
4
1
2
1
2
2
1
3
1
4
10
2
39
3
2
1
2
7
2
9
3
22
2
2
5
1
14
1
1
3
4
2
4
7
1
3
4
3
2
1
2
1
1
3
6
2
3
3
1
2
2
1
2
2
1
2
3
2
3
1
1
2
12
5
2
8
4
2
12
11
5
1
18
4
4
1
1
2
2
1
1
4
2
36
5
8
3
9
5
1
2
1
1
1
2
2
1
4
4
2
4
5
1
2
4
1
9
3
1
6
12
1
1
2
1
1
1
15
2
4
2
6
1
7
1
2
17
5
2
5
2
6
1
1
2
2
3
1
2
3
3
9
1
1
6
22
1
1
2
3
9
3
2
1
2
5
1
1
1
1
1
6
4
1
1
13
2
1
2
1
2
13
13
1
3
7
10
1
1
1
2
5
17
4
1
8
2
1
4
2
1
1
7
2
10
6
2
1
3
1
1
2
5
3
6
2
1
1
1
2
2
1
2
1
1
2
1
1
14
3
8
2
3
2
1
1
7
5
3
8
3
1
10
4
1
3
6
10
1
2
2
1
16
2
2
1
8
9
1
2
3
3
1
2
2
1
6
2
8
1
4
1
1
11
1
1
1
1
2
2
4
7
2
2
3
3
2
3
1
3
4
1
7
29
2
6
2
5
2
1
8
6
1
2
2
6
2
5
3
5
2
2
4
5
5
1
1
3
1
2
2
9
2
5
2
2
1
2
2
2
1
6
1
6
1
1
1
6
4
2
1
1
2
10
4
8
15
7
2
3
3
6
7
9
2
4
5
1
3
1
2
1
2
4
3
5
1
5
2
1
1
1
1
3
1
2
7
2
1
8
6
13
3
5
1
3
2
1
6
5
2
1
14
2
5
7
4
1
2
1
2
1
1
1
3
1
3
1
1
2
3
1
2
1
1
2
1
1
21
3
3
1
2
1
11
1
2
1
2
8
7
3
2
7
1
24
2
3
3
4
2
3
4
4
6
5
1
1
2
13
3
3
2
1
1
1
1
1
3
2
2
6
7
1
1
1
7
1
11
11
8
1
2
2
3
1
1
1
1
1
2
1
2
3
14
1
4
6
1
4
2
1
10
5
2
2
3
5
10
2
3
2
7
1
5
2
3
1
8
4
3
1
3
1
2
1
6
3
1
3
1
10
1
4
1
1
3
1
20
4
1
1
3
7
4
2
1
2
2
1
1
9
2
3
1
1
2
2
1
3
1
6
1
4
5
1
2
2
2
2
1
1
1
1
4
14
5
1
1
2
1
4
1
6
1
3
1
1
2
3
1
2
3
4
4
5
10
2
1
4
2
3
2
2
1
5
2
1
2
12
3
2
1
1
1
2
1
1
3
1
1
1
2
1
3
2
1
1
1
3
2
2
3
14
1
1
2
2
4
2
3
6
1
1
1
2
2
3
3
1
6
1
1
1
2
1
5
6
5
2
2
5
6
1
9
1
3
3
1
2
3
1
2
1
1
1
1
4
1
2
1
6
3
1
3
2
3
5
2
1
1
1
9
1
8
2
2
8
1
1
2
1
3
2
2
1
30
2
1
5
2
9
3
5
1
2
4
1
2
1
1
1
4
1
4
16
3
1
1
2
1
1
4
1
1
1
2
12
1
4
2
1
10
4
2
1
4
3
16
1
1
6
