1
1
4
3
2
1
3
15
8
2
1
8
18
1
1
1
9
6
1
5
2
10
2
4
1
1
9
4
6
1
1
1
2
2
1
2
1
26
2
4
1
2
12
1
3
1
29
3
1
1
1
2
1
2
1
1
1
1
4
1
9
2
5
5
2
2
2
1
12
1
3
10
2
1
1
1
3
2
1
4
2
5
1
5
3
1
7
6
2
1
7
3
9
1
1
1
1
2
1
2
3
2
1
2
3
4
2
8
10
4
3
25
2
4
1
4
1
6
1
2
1
2
2
2
3
6
7
1
11
1
1
2
2
1
1
5
2
4
1
1
2
1
3
2
2
1
4
1
1
1
1
3
1
5
1
17
1
2
1
1
4
5
1
7
2
2
1
3
1
1
1
3
3
4
4
2
1
29
2
1
3
4
6
12
1
9
1
2
4
1
5
2
10
3
4
1
1
3
1
3
2
1
1
2
4
3
1
1
3
1
1
2
1
1
1
3
2
3
2
5
11
1
4
2
1
1
2
2
10
4
2
2
1
2
2
1
2
14
2
1
1
2
1
1
2
1
2
3
2
11
1
1
4
1
2
1
2
2
1
1
1
8
3
3
1
1
14
1
1
1
2
1
1
1
1
3
2
1
1
11
1
2
1
1
3
10
2
1
3
1
1
1
1
1
1
1
2
2
2
3
6
1
3
1
4
7
2
3
2
5
2
14
12
1
2
17
8
3
4
2
3
1
2
1
2
1
1
3
2
4
2
1
5
1
2
2
2
1
2
2
1
2
2
1
1
1
4
2
11
1
3
1
1
3
4
14
1
1
1
10
2
10
2
2
4
1
4
17
2
2
1
3
2
10
9
14
3
12
3
1
1
16
1
1
1
2
1
1
2
6
1
3
1
1
3
26
4
3
1
3
1
5
1
1
1
1
2
8
1
10
3
1
1
1
1
1
1
3
1
2
1
1
9
1
2
2
1
1
4
3
1
1
2
5
19
1
1
2
5
4
2
6
1
11
7
7
1
1
3
2
1
1
1
1
1
1
7
1
1
1
1
1
1
2
3
2
2
8
1
1
1
2
1
2
10
2
9
1
1
1
7
3
2
1
4
16
2
1
1
5
3
5
2
10
8
2
10
2
1
2
1
4
1
3
3
1
1
13
1
2
2
2
2
1
1
1
2
1
3
1
2
1
1
1
2
2
1
8
1
1
1
5
3
1
1
2
3
1
2
1
2
2
5
9
1
2
3
1
2
1
2
4
10
2
1
8
1
4
1
3
2
2
4
13
3
5
1
2
4
2
1
4
3
1
1
2
11
4
1
8
3
1
2
2
1
3
4
3
6
1
8
2
1
2
3
1
3
1
1
1
1
1
1
1
4
1
4
7
12
3
3
3
15
1
2
10
8
6
2
7
2
1
2
2
3
1
3
1
6
1
1
5
1
2
2
1
1
2
1
2
1
11
2
7
1
3
7
7
3
1
2
2
2
1
1
5
10
8
2
1
3
3
1
4
7
19
1
5
2
7
1
1
6
1
3
3
1
6
2
2
3
3
1
33
1
4
4
5
2
1
4
4
1
2
4
3
3
2
1
7
2
8
2
1
1
3
1
1
1
1
2
8
9
2
3
2
4
1
5
2
4
4
1
1
2
1
1
1
9
1
1
16
1
3
2
25
1
16
1
15
8
7
1
1
3
11
10
5
4
4
5
3
8
5
13
1
2
1
3
1
1
3
4
3
1
2
11
8
1
2
1
6
1
1
2
1
2
1
1
2
2
1
1
4
1
6
2
15
3
1
3
6
3
4
6
1
2
2
1
6
3
2
10
7
1
3
8
1
10
1
4
2
2
3
1
1
1
7
3
1
9
2
13
2
10
5
7
10
3
4
4
9
5
3
3
2
7
1
5
3
2
4
3
1
1
2
3
4
4
4
9
1
3
3
1
2
1
9
1
2
1
2
1
7
8
8
1
4
1
3
1
3
6
2
5
2
2
7
3
3
5
7
2
1
6
4
1
32
1
1
1
5
1
4
3
1
1
3
2
5
2
3
2
9
4
3
2
10
1
2
4
6
2
1
2
2
1
1
2
1
2
5
8
5
10
2
1
1
3
3
2
1
12
10
1
7
2
18
3
4
9
5
1
1
4
3
6
6
30
1
4
1
1
5
1
5
1
6
2
5
14
1
4
2
4
1
7
11
9
10
13
2
1
1
2
1
1
1
2
1
1
14
1
6
1
6
5
2
3
5
5
3
2
1
5
