1
2
1
21
2
2
1
14
2
2
5
6
2
2
1
8
7
9
2
5
12
6
1
8
2
4
1
3
2
1
2
1
8
4
2
13
1
15
2
8
4
1
1
19
21
7
2
1
1
1
13
1
2
3
4
2
1
2
5
3
1
1
2
4
3
31
2
2
10
2
2
1
3
3
2
5
1
1
10
6
7
7
3
2
2
3
1
5
2
9
2
6
1
3
2
1
1
1
2
1
1
9
9
2
2
8
1
1
11
13
3
7
2
1
1
5
1
1
2
13
1
2
1
7
2
1
1
13
2
3
2
2
3
2
3
1
8
12
3
1
11
1
9
1
6
5
2
2
2
1
1
3
2
6
17
1
3
3
4
6
4
3
2
1
1
1
7
1
2
1
2
9
3
4
7
1
1
1
1
4
1
2
1
1
14
1
1
3
5
2
5
1
6
2
2
2
1
21
1
2
5
6
2
1
1
3
1
9
1
1
1
1
1
1
1
2
1
2
1
3
1
2
8
4
1
6
1
1
3
1
5
5
1
4
2
3
3
1
1
1
3
2
7
2
1
6
5
2
9
1
3
4
2
2
3
4
8
1
9
1
7
1
3
6
3
2
3
2
7
2
1
4
1
5
1
3
3
2
2
21
2
5
3
3
3
1
2
2
40
2
2
2
4
3
7
2
3
1
3
4
4
1
3
2
3
15
8
1
17
16
14
1
2
2
3
6
7
1
1
2
2
3
1
1
2
6
1
14
1
2
1
2
8
16
2
2
1
2
2
18
4
1
2
4
1
2
1
14
6
1
2
1
1
2
1
1
3
6
1
1
1
2
1
1
8
2
2
1
22
1
5
12
2
3
2
7
1
1
2
2
3
14
4
1
1
5
2
17
2
7
20
4
6
4
7
3
16
4
1
2
18
12
17
5
2
2
2
2
3
