2
1
2
2
21
2
22
2
2
2
1
1
1
2
1
3
3
1
4
17
2
3
3
11
8
5
13
2
1
1
4
1
1
1
5
3
1
2
2
2
1
2
3
1
1
9
1
1
1
1
2
9
2
3
5
2
6
1
3
1
12
4
2
11
8
4
1
1
5
1
1
9
2
1
18
1
1
2
3
3
2
2
1
9
7
2
25
2
2
2
12
6
2
2
2
1
12
2
5
1
1
2
1
1
2
2
1
7
1
2
2
6
2
1
1
1
8
1
1
13
12
3
9
1
2
3
2
1
1
1
2
2
1
1
9
2
1
4
2
1
2
1
1
12
1
3
2
4
3
2
4
2
1
1
1
2
5
1
6
2
1
1
1
1
1
20
1
7
8
1
16
5
1
1
2
2
1
1
2
1
1
5
11
1
12
1
1
1
1
2
2
1
2
1
3
2
7
19
1
1
4
1
2
2
3
3
8
11
2
2
13
1
3
2
1
3
2
1
2
14
8
3
1
2
6
3
1
1
1
4
1
1
1
12
9
1
1
2
1
2
4
4
1
1
6
3
2
2
1
1
9
7
2
2
10
4
7
1
1
1
2
3
2
11
8
16
6
1
2
4
1
4
1
2
3
2
7
5
2
2
4
3
2
1
9
4
2
2
1
2
2
7
18
2
5
1
2
1
3
4
3
1
1
1
5
2
4
1
1
1
2
1
1
3
3
2
1
1
1
2
3
11
1
6
5
5
1
6
1
9
6
4
1
6
2
1
1
1
3
1
1
3
8
2
1
2
3
1
3
1
2
1
2
2
6
17
2
3
1
12
3
18
2
11
1
2
1
4
1
38
3
10
1
1
2
3
2
7
2
13
3
2
8
2
3
1
4
4
1
2
2
1
4
3
1
1
1
1
2
2
8
3
2
1
1
2
3
2
13
5
9
1
1
9
4
1
3
1
1
5
3
1
7
4
1
7
1
1
2
9
1
7
1
2
3
5
1
1
10
1
1
1
2
2
4
1
5
9
3
1
4
2
4
2
1
7
1
2
19
2
1
1
2
6
1
3
6
1
1
13
8
2
9
2
2
9
1
7
2
3
2
9
8
1
4
1
1
9
4
1
18
1
1
1
4
2
1
2
3
3
1
1
4
1
2
1
7
1
2
4
3
1
8
3
2
1
1
4
5
9
1
2
5
2
1
3
1
2
3
3
3
1
7
1
3
1
11
5
2
1
1
1
1
10
3
10
1
6
10
4
2
4
4
1
4
2
2
2
2
3
5
15
1
2
3
3
10
2
1
4
4
4
1
2
1
2
1
2
11
1
1
1
2
3
1
1
2
2
1
2
1
1
2
4
1
6
2
3
6
1
3
1
6
1
1
