1
1
4
2
1
2
1
6
1
1
4
3
1
4
113
25
16
7
16
18
33
202
1
2
4
4
33
29
22
1
31
2
19
1
2
1
7
9
30
1
4
3
7
8
1
4
18
1
118
1
23
10
1
1
56
1
1
6
6
6
2
1
1
4
1
3
10
2
18
67
9
12
1
2
1
3
5
1
7
17
1
2
6
2
3
48
1
1
1
1
1
1
1
1
7
2
1
1
1
2
1
1
3
1
1
4
3
1
1
3
7
1
4
2
4
1
2
5
3
4
23
1
8
3
1
8
1
1
1
5
1
2
2
2
1
2
94
7
1
1
1
1
2
39
3
1
1
1
31
1
1
4
8
5
1
2
1
30
1
23
1
2
1
1
9
1
4
90
6
2
1
1
1
40
6
1
1
3
3
2
1
81
26
55
1
9
21
2
3
1
18
2
2
1
7
4
1
3
36
16
1
4
11
1
1
1
1
1
1
2
1
1
16
1
1
1
2
23
2
1
1
1
1
1
15
1
1
5
7
1
1
677
2
1
2
38
1
2
4
2
12
1
1
9
3
1
4
1
17
2
1
1
759
81
185
1
1
30
1
127
1
1
68
67
1
1
1
13
2
7
185
7
10
254
211
4
1
1
2
1
4
1
14
1
1
1
3
1
1
3
1
1
23
45
4
2
1
1
2
1
75
8
1
2
22
1
10
2
1
4
3
1
2
1
1
2
1
5
4
1
2
1
2
3
3
8
7
2
7
3
15
18
2
1
1
2
1
1
41
2
1
1
1
1
55
4
1
1
1
1
1
1
1
7
2
6
7
3
1
42
1
1
1
1
1
1
1
1
1
13
1
1
1
2
1
1
72
17
7
1
1
1
1
4
1
1
1
1
1
1
1
1
1
1
1
1
2
1
1
1
1
2
1
2
1
1
1
5
1
1
276
1
1
1
4
5
1
2
3
2
1
2
1
3
2
1
1
1
1
1
1
2
1
1
117
16
1
3
1
15
2
2
7
1
1
4
3
9
21
3
1
1
1
65
16
8
2
1
7
29
1
5
1
1
1
4
1
1
1
1
1
29
17
3
4
2
73
30
1
8
7
1
6
2
1
2
1
1
12
1
1
2
1
9
1
7
1
1
52
1
1
1
1
1
1
1
1
1
325
1
1
12
1
1
1
1
1
1
1
4
1
3
1
3
8
1
2
1
13
1
1
5
1
2
1
1
1
13
10
1
15
2
1
9
1
2
2
22
2
1
1
1
1
9
1
1
1
2
1
1
1
1
3
1
1
1
4
1
1
8
4
151
9
1
1
14
2
13
1
1
2
1
1
1
2
1
2
2
5
2
1
1
1
3
2
1
1
2
5
1
220
1
8
3
1
23
1
1
4
1
1
1
1
2
5
1
9
1
1
1
15
2
1
1
2
1
5
3
3
1
317
1
1
2
1
1
1
18
1
1
2
4
1
1
71
1
3
1
1
1
2
2
1
1
2
53
2
1
1
1
1
1
1
2
1
1
5
1
1
2
1
2
1
1
1
14
1
1
1
1
1
1
1
1
1
27
2
1
1
1
10
4
9
1
2
1
1
1
3
1
2
1
6
5
2
1
7
1
1
22
3
1
6
19
12
7
9
6
2
1
1
36
1
1
78
2
1
3
1
1
9
1
19
1
1
2
11
1
1
1
1
220
1
3
1
1
56
14
7
1
26
15
2
1
2
251
1
1
1
1
1
4
14
126
1
7
3
1
20
1
2
1
3
1
1
1
1
1
1
1
1
1
10
1
1
2
1
1
1
2
2
1
1
21
4
6
1
5
1
1
1
1
13
7
2
1
2
2
1
6
3
9
21
4
1
9
3
67
153
4
50
31
358
59
21
72
1
4
11
58
2
2
9
220
8
2
34
9
7
8
29
102
1
4
1
2
2
1
7
21
15
43
2
1
3
151
12
1
1
1
642
1
6
1
3
1
7
5
60
1
7
1
1
1
2
2
1
1
1
117
1
1
2
69
1
4
5
1
2
1
1
6
1
1
2
23
3
3
1
1
2
1
1
1
1
295
1
1
1
2
1
1
1
7
1
316
49
3
41
1
1
1
1
1
1
1
1
4
5
1
1
1
1
1
89
1
1
1
2
1
1
1
1
1
3
12
1
41
4
1
1
20
62
1
1
1
93
535
8
10
2
1
1
7
4
2
4
9
1
1
2
243
1
11
1
1
1
2
6
21
1
11
1
82
2
6
58
2
1
1
2
3
1
2
1
2
1
1
2
2
1
2
19
7
6
2
4
122
1
2
3
1
1
1
1
2
4
3
1
3
1
163
1
11
9
1
2
2
3
7
1
1
4
1
47
23
4
1
7
1
2
6
1
33
134
71
1
7
1
1
1
5
1
7
188
208
1
1
3
1
1
1
1
2
1
1
1
3
3
3
2
3
1
1
1
1
1
2
4
1
307
1
1
1
2
4
1
1
5
1
1
3
226
1
1
1
14
1
176
187
1
1
204
1
3
1
171
17
1
2
1
1
2
3
1
1
1
1
59
1
1
2
1
1
1
4
1
1
1
2
1
1
114
1
1
1
1
1
1
1
1
1
1
1
1
1
2
1
2
9
4
1
2
4
1
2
3
7
1
1
1
4
1
1
3
1
2
2
5
1
1
1
1
1
2
1
6
1
1
2
1
1
1
1
2
3
1
1
2
1
1
2
1
1
1
2
3
33
2
2
1
23
2
1
1
95
1
1
29
3
1
1
1
1
2
1
2
1
1
1
7
1
3
1
5
1
1
5
2
7
95
1
1
59
1
1
1
1
1
1
1
1
1
2
3
1
1
1
1
1
2
1
1
1
2
2
76
6
4
71
117
1
1
1
57
1
8
1
9
1
10
2
1
3
28
20
1
80
1
41
1
4
1
1
1
1
1
1
1
1
1
1
1
5
1
1
3
5
1
1
1
5
5
8
4
16
1
2
13
19
6
8
1
2
2
1
3
1
1
1
4
8
5
2
2
1
2
4
3
1
3
3
1
1
1
1
4
2
1
1
1
3
2
1
10
3
1
2
14
1
2
1
4
1
1
3
1
1
1
3
1
4
1
1
6
14
1
122
2
1
3
1
18
1
83
2
6
1
1
10
9
2
2
5
2
1
11
4
18
1
1
3
12
1
1
1
2
14
8
6
14
1
1
8
1
2
6
5
3
1
1
1
7
1
1
14
7
1
1
3
1
7
385
1
1
1
1
3
3
4
2
11
19
4
4
1
1
2
1
39
35
2
1
2
7
1
1
1
2
110
4
10
1
4
1
7
2
1
9
2
5
14
1
1
1
4
1
1
1
1
1
1
5
2
1
1
2
8
3
9
3
1
1
1
24
1
1
2
1
38
21
1
3
1
228
89
13
84
2
2
1
6
1
1
20
1
11
1
6
1
1
5
3
3
1
1
5
4
1
2
1
5
1
1
1
2
65
29
1
3
2
10
2
2
23
4
9
1
1
15
112
50
11
1
1
2
1
76
1
1
1
1
1
76
3
1
1
4
2
1
33
1
1
1
1
2
1
1
1
228
1
1
1
1
9
204
10
1
1
2
1
2
1
1
4
1
1
5
5
1
2
1
3
1
3
2
3
1
1
1
1
1
1
1
2
1
2
4
1
8
1
1
1
1
1
4
1
2
1
1
1
1
1
2
1
1
1
1
1
1
1
1
4
1
1
1
1
2
1
1
1
1
1
2
2
2
5
1
4
1
1
1
2
1
1
1
1
2
3
5
7
1
1
1
1
3
6
1
2
1
1
1
1
3
1
2
1
1
1
2
3
2
1
1
2
7
1
3
58
1
2
1
2
2
1
2
1
6
1
1
1
2
29
1
1
1
1
1
1
5
1
1
1
1
1
1
1
6
2
1
1
1
116
2
197
5
1
2
2
2
2
1
1
1
1
16
1
1
5
1
1
2
1
1
1
1
1
18
1
2
1
1
1
1
1
1
1
1
1
1
1
1
5
2
6
1
1
1
55
1
1
1
1
1
1
1
3
3
1
1
1
2
1
1
1
51
1
1
1
1
2
18
1
1
37
1
54
132
2
1
1
4
3
1
1
1
1
3
1
167
1
1
1
2
1
5
17
1
1
23
2
373
7
5
3
1
1
1
2
1
1
3
1
4
1
2
4
2
1
1
5
9
1
1
1
1
1
2
1
1
12
10
1
6
4
2
6
1
1
1
3
4
1
3
1
3
1
58
5
3
1
3
1
1
1
19
13
118
154
3
13
93
6
8
14
1
1
1
1
2
3
2
3
1
1
2
1
1
53
2
141
2
17
1
1
1
1
4
2
22
1
1
2
1
1
2
3
1
1
2
1
1
4
1
1
1
1
1
3
320
2
1
1
186
170
1
2
4
4
411
3
4
3
1
3
1
13
3
1
3
10
9
2
2
72
1
1
189
189
1
1
1
1
1
1
1
174
125
4
1
144
2
1
1
1
1
1
1
1
4
1
1
1
2
1
1
1
1
3
1
1
2
1
3
3
2
1
11
1
1
1
1
1
1
2
1
2
2
1
1
1
1
1
1
1
1
103
137
1
223
1
9
1
1
1
2
1
4
1
2
1
1
1
1
1
21
1
4
7
1
1
1
1
1
1
1
3
1
2
1
1
1
1
2
2
2
1
6
1
1
1
2
1
5
2
19
2
8
7
1
1
1
1
41
1
1
1
1
1
1
2
1
1
5
1
1
1
2
1
1
1
1
1
1
1
1
2
2
1
3
1
1
1
2
6
5
1
1
1
1
2
4
1
2
2
1
1
2
1
1
2
8
1
1
1
1
7
1
1
2
8
1
2
1
1
2
1
1
6
1
1
1
1
1
1
7
2
1
1
1
3
5
1
1
1
6
1
3
1
1
1
1
1
1
1
2
1
1
1
2
1
1
19
1
1
3
4
1
5
3
1
1
1
2
3
1
1
1
2
1
1
1
1
1
1
1
2
63
8
6
12
1
3
5
1
1
2
1
15
1
1
1
8
1
1
1
1
1
1
1
9
1
1
5
2
2
1
2
1
2
7
4
4
1
15
4
6
2
3
14
90
12
1
1
1
2
1
3
9
2
1
179
1
1
1
1
1
3
1
1
2
2
7
1
1
2
1
12
3
5
8
1
1
1
2
1
1
1
1
1
6
1
1
1
4
1
1
1
1
5
3
11
1
1
1
2
1
1
13
1
1
1
1
1
1
144
1
1
1
15
5
1
1
1
1
2
5
1
36
1
1
2
1
2
1
1
1
1
2
2
1
1
1
3
1
2
2
1
1
1
1
2
2
1
2
1
136
1
1
1
4
1
1
2
3
1
12
1
2
1
1
1
2
2
1
1
1
6
4
4
1
11
2
1
1
2
2
1
1
2
1
2
5
1
1
1
1
1
1
1
1
2
2
1
6
1
1
1
1
2
1
1
1
1
1
1
1
1
49
2
1
1
1
1
1
1
1
1
3
1
1
19
23
1
1
1
3
34
2
1
1
1
2
3
1
1
2
1
3
6
1
1
1
5
1
1
1
1
1
2
1
1
1
3
3
4
1
4
3
1
5
1
1
2
3
1
1
1
1
1
1
1
1
2
1
5
1
1
1
1
13
10
5
5
1
4
1
31
13
43
11
1
4
2
3
2
26
1
1
1
6
1
1
1
10
16
1
67
1
1
2
2
1
1
1
299
1
639
1
77
1
1
1
2
1
4
2
3
2
1
54
8
5
1
3
6
1
3
22
1
2
1
1
1
4
4
12
1
1
2
1
1
1
1
1
24
1
1
1
124
71
1
71
1
71
1
21
1
34
6
31
148
34
2
5
7
1
1
2
1
12
1
1
2
56
9
2
1
253
1
1
1
1
4
4
1
3
1
1
1
9
1
1
1
1
1
1
3
5
3
5
2
4
1
5
3
1
3
1
1
1
1
11
137
1
2
1
1
1
8
60
3
2
5
8
1
1
1
1
1
1
2
3
1
1
1
1
1
1
1
1
7
87
4
1
1
1
1
1
1
2
1
1
2
1
1
1
1
1
1
1
1
1
1
1
1
8
2
9
1
1
1
1
1
3
40
3
1
1
8
2
1
1
2
1
1
11
3
2
7
2
1
1
6
1
3
92
60
334
4
1
1
1
3
1
1
20
3
1
2
1
1
2
1
1
1
1
1
3
4
4
1
1
2
4
20
4
7
31
3
1
1
1
1
1
1
1
1
1
2
1
1
2
2
1
1
1
1
1
1
18
2
1
1
1
3
1
1
3
2
2
6
1
1
1
11
1
1
1
1
4
1
1
1
2
3
1
1
2
1
1
1
1
1
1
1
4
2
1
1
1
1
1
4
1
1
1
2
3
1
48
1
1
1
3
1
1
1
2
1
1
1
1
1
4
988
1
2
1
6
1
1
1
9
1
2
7
1
1
2
1
1
1
1
180
76
1
1
1
1
1
1
1
1
1
60
1
1
1
1
15
1
11
2
3
3
1
1
187
1
1
1
1
13
2
1
1
3
3
1
1
126
1
13
19
5
1
48
1
4
1
2
2
1
1
1
4
1
1
1
1
1
1
1
1
16
2
1
1
4
1
1
1
4
2
1
2
2
1
1
7
1
1
1
1
3
2
2
1
1
2
1
1
1
1
1
2
1
1
1
1
1
1
1
1
1
1
2
2
2
2
1
1
1
1
1
2
1
1
2
3
3
1
1
1
1
1
1
7
4
19
2
2
2
1
1
1
1
4
1
1
1
2
1
2
1
1
1
1
1
1
1
99
1
10
1
1
49
13
12
1
2
189
1
1
4
2
21
1
4
2
6
2
4
1
1
1
1
2
1
2
2
1
1
7
1
7
1
5
2
2
5
1
4
4
2
6
3
1
1
6
31
7
2
1
1
5
2
1
1
1
4
1
3
11
18
7
1
12
7
3
1
1
1
1
2
2
1
1
12
1
2
3
6
3
1
1
2
8
26
1
1
8
8
3
8
1
4
1
25
2
24
1
2
5
45
3
2
1
35
5
1
1
3
4
2
1
3
1
1
5
1
31
5
1
1
3
2
1
1
1
1
2
1
2
107
2
3
47
6
3
5
1
1
1
1
2
3
1
1
4
57
1
10
1
2
2
58
2
5
2
45
2
3
2
2
2
1
11
1
5
9
1
12
4
1
2
19
1
4
9
6
88
11
1
1
1
2
1
1
4
2
1
1
1
2
1
1
2
2
1
3
1
1
1
1
1
1
1
1
3
1
1
1
1
1
1
1
3
1
1
1
3
1
1
1
1
1
3
1
1
1
1
3
1
1
1
1
1
1
1
1
1
1
2
2
1
1
1
1
1
5
2
3
29
1
1
6
2
1
5
1
1
7
1
2
1
1
2
1
4
2
13
3
2
3
1
1
1
2
1
1
1
2
1
10
1
2
5
1
1
32
1
2
2
1
1
2
1
20
1
4
8
2
1
3
1
2
1
2
1
1
1
1
1
1
1
1
8
3
2
1
12
13
1
8
1
1
2
10
1
1
3
1
2
1
1
1
1
1
1
1
1
6
1
1
1
4
1
1
1
1
3
1
1
8
1
1
2
18
5
2
1
1
1
21
1
1
8
1
26
1
1
3
1
2
1
1
1
90
1
5
1
1
1
1
1
2
1
2
2
1
1
1
1
1
3
2
1
1
3
1
1
1
9
1
3
2
1
1
5
15
1
5
6
1
1
1
1
2
1
8
1
3
1
1
2
2
2
1
3
1
1
1
9
1
6
4
2
1
5
6
1
1
1
2
1
1
1
1
1
1
1
1
1
1
4
1
2
12
1
1
1
1
1
1
1
1
1
1
1
1
1
1
2
2
91
1
1
1
1
16
22
9
3
5
2
1
66
2
2
1
12
117
54
1
1
34
20
1
17
4
75
1
38
38
65
46
1
1
1
1
2
1
46
1
7
1
117
1
1
1
1
1
1
1
6
1
1
1
1
1
2
1
6
1
1
1
2
1
1
4
203
1
2
1
1
3
7
4
7
1
1
3
1
1
6
2
1
1
14
24
1
2
65
36
7
2
6
36
3
7
144
1
2
35
2
1
32
2
8
43
20
4
3
9
5
13
2
2
19
3
8
14
2
10
1
1
4
9
2
76
28
1
23
22
110
6
7
17
7
2
6
1
1
1
29
38
2
8
1
4
8
32
5
1
50
18
7
11
1
21
22
1
2
18
1
1
1
1
4
1
4
2
1
1
3
1
5
1
5
1
1
1
12
2
6
24
1
4
15
1
1
5
1
3
1
8
2
6
3
1
1
1
1
20
2
212
1
2
727
9
1
1
2
1
1
7
1
2
33
2
1
1
1
1
3
1
1
1
2
1
2
3
1
1
1
2
1
1
3
1
197
2
1
1
3
2
1
6
1
1
1
42
1
2
1
2
1
3
1
1
86
3
1
1
10
1
8
17
1
20
4
5
21
23
65
5
1
1
2
1
1
4
1
2
1
10
9
19
2
1
1
18
1
1
1
19
508
1
1
1
4
7
1
1
1
1
1
1
1
1
18
1
12
1
1
1
1
2
1
2
21
2
1
1
2
1
11
1
1
5
2
3
1
2
1
1
2
1
1
1
1
3
3
1
1
25
1
1
2
2
2
2
8
17
6
3
2
8
128
4
2
1
3
1
7
1
1
10
1
1
1
1
1
1
1
1
1
1
2
1
12
1
1
1
2
2
1
41
4
7
2
27
1
12
7
2
2
1
1
1
1
1
2
2
1
1
37
11
1
37
2
1
3
1
5
7
1
1
1
1
1
2
1
2
18
4
1
2
1
1
1
4
1
1
1
1
1
6
6
2
1
1
17
1
2
1
1
1
1
68
4
20
1
1
2
1
2
1
15
1
1
41
16
2
1
1
10
1
1
1
1
1
1
1
1
4
2
1
20
1
1
2
1
2
2
1
2
25
1
1
25
10
6
1
1
1
1
1
1
1
1
1
1
1
1
2
1
1
1
1
1
1
9
1
5
10
1
303
4
4
1
7
1
1
1
1
1
4
1
2
23
1
1
3
1
1
1
1
1
1
1
1
1
4
2
1
1
1
1
4
1
1
3
3
17
2
2
2
14
1
4
1
1
5
1
4
3
1
1
3
2
5
1
1
7
2
1
1
2
81
18
1
1
1
15
31
1
1
50
53
1
1
4
26
4
2
2
1
1
1
8
1
1
8
1
1
15
2
1
1
3
1
1
1
2
2
5
1
1
4
2
12
30
2
1
1
1
1
1
2
1
3
1
1
1
1
163
1
1
68
1
2
1
24
1
3
1
1
1
1
1
110
30
5
1
1
1
1
1
1
1
1
1
2
1
6
1
3
1
1
1
2
1
3
6
14
5
2
1
19
62
1
1
1
1
1
1
5
1
2
1
4
10
12
1
1
1
3
1
1
2
1
1
5
4
15
1
5
3
11
2
2
1
1
1
5
1
8
1
5
1
1
4
8
3
8
1
40
1
3
1
3
5
2
1
1
2
1
1
1
5
8
1
1
1
1
1
1
1
2
1
1
2
1
1
6
1
4
1
1
1
1
1
1
3
17
1
33
13
118
4
15
18
1
5
2
1
1
1
2
1
1
2
3
6
2
3
6
1
23
2
9
1
1
6
3
8
3
1
16
3
1
1
1
1
105
2
1
2
1
1
59
1
2
20
4
1
12
1
1
12
1
1
1
1
17
8
6
7
1
1
6
1
1
1
2
1
3
1
1
1
1
16
1
2
18
9
1
1
1
9
3
1
1
5
1
1
1
1
375
1
1
1
222
1
32
2
1
2
1
1
1
1
1
5
1
70
1
1
1
1
2
75
1
769
1
11
7
1
300
1
1
1
1
2
1
1
1
1
1
1
4
1
1
1
1
397
1
2
1
1
1
1
1
1
1
1
6
1
2
2
1
1
1
1
1
1
1
1
63
1
1
4
1
1
7
1
28
1
1
1
6
1
1
2
1
1
1
4
1
3
4
1
1
1
1
1
1
1
2
1
2
1
1
2
3
9
1
1
1
7
4
8
27
331
5
1
1
2
1
62
2
3
103
1
1
6
2
7
3
13
16
4
8
103
1
1
1
20
15
12
6
8
8
1
3
3
1
1
1
2
1
1
3
1
1
1
1
1
2
1
11
81
1
1
1
1
1
4
1
1
1
2
1
3
1
1
56
1
35
1
2
1
4
2
17
1
1
3
4
26
1
3
4
3
3
2
1
1
2
1
82
63
11
1
17
10
1
15
15
1
1
185
1
3
2
1
6
2
1
1
1
1
12
1
4
30
3
2
1
1
1
1
1
1
8
2
1
28
5
3
5
6
3
3
2
1
1
1
5
1
2
16
1
3
2
9
2
1
1
1
1
2
1
1
1
13
2
5
1
2
2
2
6
1
1
5
2
2
2
8
3
9
1
1
1
1
1
1
1
55
1
1
36
1
5
1
1
3
1
3
92
2
1
2
1
1
1
28
1
1
11
1
3
3
1
35
2
2
1
2
2
80
1
3
244
1
1
1
5
1
2
2
2
1
1
9
2
1
4
1
2
1
1
2
1
8
1
1
1
1
1
1
1
2
2
1
3
62
1
1
1
2
1
2
2
1
3
1
4
1
3
36
1
1
2
1
2
1
1
34
22
25
1
3
2
7
12
7
97
12
20
27
1
11
9
16
1
6
1
1
1
3
372
5
2
1
6
19
5
10
1
1
2
25
2
1
1
1
4
1
1
1
2
9
1
2
13
1
7
1
1
1
3
1
1
3
1
1
1
5
1
4
2
1
19
1
9
1
1
2
1
14
1
3
14
1
8
2
16
1
2
14
1
10
1
1
3
3
13
2
5
1
4
2
1
2
1
1
1
1
7
1
1
1
51
24
1
6
1
8
6
46
10
1
21
2
1
1
1
1
4
1
1
1
1
1
3
1
4
3
2
1
1
1
3
54
5
1
2
3
1
124
1
1
1
1
2
1
14
1
1
1
2
2
1
6
2
8
3
1
1
4
1
1
1
1
1
2
1
150
41
2
1
1
1
6
1
1
2
1
1
1
52
1
18
11
18
11
1
3
1
1
5
41
5
16
5
8
2
25
1
2
1
21
1
1
280
2
6
1
5
28
1
1
2
1
171
65
1
1
1
1
1
1
1
1
1
1
3
1
30
58
5
1
2
12
2
5
1
6
25
9
1
4
6
1
1
1
1
1
8
2
2
4
3
9
5
29
1
1
137
26
1
26
1
1
1
10
1
5
10
4
1
9
1
1
1
1
1
4
1
1
1
1
3
3
1
353
1
2
2
1
1
1
1
1
2
1
1
1
29
1
1
1
4
1
1
3
1
2
1
5
1
1
1
2
1
5
3
10
1
1
1
2
4
7
1
48
1
14
29
2
1
8
8
1
3
1
4
1
1
7
1
107
2
2
2
1
2
1
1
8
1
5
1
7
22
11
1
1
1
1
1
1
3
1
1
4
1
2
1
1
1
1
26
2
17
1
2
5
1
1
1
1
1
1
1
1
1
1
1
1
3
1
1
12
1
1
1
1
10
8
1
1
1
1
1
1
5
5
3
5
1
1
5
2
2
1
14
1
3
1
2
1
2
1
1
1
74
1
2
2
16
1
2
1
3
1
1
2
2
3
1
1
1
1
1
1
1
1
1
2
3
2
3
1
1
3
1
1
1
1
5
1
10
2
10
1
1
22
1
1
1
1
1
1
4
1
1
3
1
1
8
20
1
1
1
1
8
1
31
5
4
1
1
1
9
1
1
3
20
1
2
1
32
1
1
3
4
1
1
1
4
5
1
1
2
2
5
1
1
1
12
1
1
151
1
2
2
1
11
1
2
2
3
2
8
1
1
3
1
743
6
1
5
4
4
16
1
1
123
2
1
1
1
19
1
1
1
1
1
11
6
2
6
2
3
4
1
9
3
1
1
1
3
1
1
1
1
1
78
1
4
1
1
1
2
6
4
9
4
1
1
2
7
1
1
1
1
5
2
1
1
3
1
1
16
1
1
2
1
1
1
1
1
1
6
1
1
1
6
1
1
4
8
1
1
2
34
1
1
1
1
1
1
3
2
6
1
6
1
4
51
49
1
1
2
3
2
2
12
1
1
1
2
1
2
1
1
1
2
1
1
1
61
1
1
643
1
1
8
1
2
3
5
1
1
1
1
2
2
1
2
1
19
1
1
2
493
1
3
3
5
1
2
1
1
3
1
15
115
10
2
12
1
6
1
3
3
1
4
1
4
5
5
1
1
1
1
2
1
1
2
1
3
1
1
1
1
2
17
4
1
1
1
1
24
7
1
1
1
12
3
1
2
3
10
1
2
1
1
8
1
3
1
1
4
1
2
3
1
1
1
1
1
1
1
3
1
16
2
1
1
1
1
2
1
1
1
1
1
1
4
1
1
1
1
1
1
1
289
2
2
6
2
1
1
409
1
1
1
5
1
1
1
188
1
1
2
5
1
5
1
1
1
6
1
2
3
2
1
3
1
1
1
2
4
1
1
6
1
13
1
2
1
2
3
1
1
1
22
1
1
1
1
2
2
1
3
1
1
1
1
3
1
1
1
1
6
442
79
1
1
1
46
1
35
2
4
1
1
1
6
5
1
3
3
1
6
4
6
2
8
1
1
191
17
1
1
1
1
3
19
1
2
1
3
1
20
2
1
1
1
2
2
6
2
1
1
1
1
142
1
2
1
1
1
3
1
1
1
1
1
1
1
75
117
16
1
3
2
2
1
1
2
1
72
1
4
1
7
2
1
1
1
1
1
2
65
2
1
2
2
34
4
2
26
1
1
1
4
3
4
2
1
1
2
1
1
1
1
1
1
1
3
1
1
1
1
7
3
2
4
67
1
2
1
1
4
1
1
7
2
2
1
1
27
1
1
1
1
1
1
42
1
133
5
1
1
2
1
1
16
2
2
1
8
1
1
1
3
1
268
1
24
1
1
9
1
1
14
1
78
2
1
5
1
1
23
1
1
1
1
1
1
2
2
3
3
1
1
1
10
6
1
1
2
1
1
3
1
1
1
1
1
1
3
4
1
12
1
1
6
1
1
1
8
1
10
1
1
1
4
1
12
1
3
1
2
6
3
14
1
17
1
2
284
1
2
2
9
12
5
2
4
3
2
14
1
1
1
2
1
31
7
1
1
3
6
1
1
1
1
7
1
1
8
4
1
7
17
1
2
2
1
8
8
4
3
1
1
1
1
1
3
16
1
1
1
165
1
22
2
1
109
5
2
1
1
1
1
6
9
34
1
2
3
2
1
1
1
11
1
2
2
1
1
1
95
4
1
1
1
3
7
14
1
1
1
1
6
16
7
8
1
1
22
2
84
1
2
1
1
1
7
1
2
1
1
1
1
1
1
26
5
4
2
3
6
1
17
2
4
61
2
13
6
5
1
17
1
1
45
1
1
1
1
1
1
15
13
2
1
1
8
1
307
1
2
26
2
11
1
2
1
1
1
1
1
2
6
1
7
5
9
2
2
2
1
1
3
3
1
1
1
3
5
99
54
5
2
3
1
7
3
4
2
1
30
2
2
8
6
1
1
1
1
4
1
1
5
1
1
3
8
5
2
2
4
1
3
1
1
1
2
2
14
1
1
1
22
1
1
1
10
1
2
5
1
1
2
54
3
2
3
1
2
6
1
3
55
1
13
1
1
1
1
32
2
4
2
3
1
2
1
2
3
2
4
3
1
1
2
7
2
13
5
2
7
4
1
2
3
2
2
5
18
1
1
1
4
45
1
1
2
2
1
1
1
1
1
1
2
3
8
3
1
4
1
1
6
1
2
1
1
1
4
1
12
12
2
1
1
1
1
1
4
1
1
1
2
3
1
3
36
6
1
1
2
1
1
3
11
4
1
1
1
1
1
1
1
1
6
1
25
1
1
1
1
87
2
1
5
2
1
1
1
1
1
1
4
1
1
1
1
1
1
1
1
202
1
13
18
1
2
1
1
3
1
4
1
1
1
2
1
2
1
1
1
1
1
1
1
1
33
2
1
8
11
2
1
3
2
4
4
1
3
83
3
1
1
2
3
3
1
5
6
2
2
2
9
1
1
4
3
5
11
11
7
1
1
7
1
2
1
1
1
2
1
11
1
6
1
2
3
1
3
1
4
1
4
5
1
7
1
5
1
128
42
1
8
1
1
1
2
6
39
15
1
2
1
1
2
2
12
3
9
1
4
1
1
1
1
1
1
3
1
2
7
1
5
1
1
1
1
1
1
1
1
1
59
3
4
1
8
1
4
1
13
10
19
1
35
5
1
1
1
3
61
2
3
3
1
1
1
1
2
4
2
2
3
4
317
66
2
1
8
2
1
6
3
9
1
1
1
1
1
1
1
2
116
1
5
1
5
13
6
2
1
2
3
1
4
1
2
1
1
1
1
57
10
15
2
1
11
4
3
1
1
3
1
1
1
1
1
2
11
2
4
4
1
6
10
3
3
8
3
1
13
84
2
22
1
8
3
19
1
1
2
1
3
9
125
138
1
3
10
1
5
2
1
2
1
2
1
1
1
10
1
3
1
4
3
1
16
12
2
6
1
8
2
3
1
1
7
1
2
2
2
1
12
13
1
1
2
1
1
1
1
1
15
4
1
1
1
4
1
1
64
1
159
2
3
2
1
1
5
1
1
2
1
1
1
1
1
1
1
1
4
1
6
1
6
4
1
1
4
6
1
2
7
1
1
4
1
1
1
16
2
1
1
1
1
1
2
1
11
12
1
1
1
3
3
2
1
1
3
2
3
2
1
11
12
3
17
3
5
1
1
1
2
1
1
2
1
1
1
1
2
1
4
2
1
1
1
1
1
1
1
1
1
1
1
1
1
2
1
2
2
5
1
1
1
2
2
1
28
2
1
1
1
1
1
5
3
1
2
5
4
2
9
11
4
1
1
1
2
1
1
1
1
1
1
1
2
2
1
1
2
1
100
1
1
1
1
1
1
2
1
3
9
1
2
1
1
2
3
1
4
2
1
2
1
1
1
1
1
5
1
1
1
1
2
6
5
1
1
14
2
10
1
4
11
1
1
3
4
8
4
7
1
1
1
1
4
17
1
1
6
2
3
2
1
1
1
1
4
1
6
2
1
1
9
1
1
1
1
9
1
3
1
377
13
1
12
1
1
9
1
5
1
1
1
3
1
1
6
34
10
15
1
4
14
1
3
1
26
24
1
1
1
12
1
1
37
1
174
7
118
104
610
19
4
695
1
1
10
1
5
46
2
1
69
2
1
1
2
1
1
70
1
1
4
7
1
1
8
2
21
2
1
2
1
1
2
4
2
2
1
2
1
1
3
1
14
8
4
32
17
2
5
1
1
1
1
4
18
3
2
4
1
9
6
1
1
1
12
26
202
2
1
1
1
1
1
3
1
3
1
42
1
2
1
2
2
1
1
1
1
1
1
3
28
1
8
70
20
56
4
212
22
1
1
3
1
5
2
1
1
1
1
1
1
30
1
10
1
18
32
4
13
6
4
5
1
1
1
1
2
8
202
5
2
1
2
1
1
4
2
1
11
9
7
1
1
2
7
2
37
22
1
6
9
4
1
19
1
1
40
2
1
3
4
1
4
1
5
10
1
29
2
1
1
2
1
1
1
3
1
1
4
8
1
2
2
1
35
1
1
1
30
14
1
4
1
1
2
1
1
1
3
1
21
5
1
2
1
2
2
3
2
1
1
1
1
1
1
1
5
2
1
1
1
3
3
2
1
1
1
1
1
3
1
1
1
1
2
2
1
4
1
20
1
2
7
2
4
1
2
4
36
1
1
2
1
2
2
1
2
1
29
1
1
2
1
1
8
1
1
1
11
7
41
34
1
1
4
47
1
24
5
1
1
1
1
1
9
249
17
5
2
6
11
2
1
101
6
1
1
1
1
39
1
4
1
21
46
1
1
1
1
6
2
1
1
1
2
1
10
3
27
4
5
1
2
5
18
3
8
3
1
4
3
1
1
1
1
93
20
34
5
1
41
1
7
9
2
1
3
1
2
2
1
1
2
1
3
50
1
1
1
3
1
1
1
1
1
1
3
4
2
2
1
1
1
8
1
1
1
1
1
10
1
12
4
1
282
1
1
2
1
2
2
8
1
2
17
13
1
4
2
3
2
2
15
2
32
1
2
6
13
4
1
1
9
1
2
4
4
1
2
7
2
1
1
1
4
2
1
1
1
1
1
2
15
1
1
1
1
1
1
1
1
2
2
1
1
5
2
12
14
1
1
1
2
4
50
3
1
10
2
3
1
1
4
1
1
1
5
1
1
11
1
1
1
1
1
1
1
9
4
70
3
1
39
1
1
1
1
57
2
1
28
1
1
59
2
1
1
3
1
27
1
1
6
3
1
1
9
15
1
1
2
1
1
19
8
1
1
2
1
492
1
1
2
1
20
1
1
1
1
1
1
1
1
18
2
1
1
1
1
1
1
1
1
1
1
1
1
4
1
10
2
2
1
2
4
1
1
1
1
4
1
62
1
1
1
2
1
2
11
1
1
1
4
1
2
2
22
1
2
1
1
5
38
1
1
1
2
1
2
1
27
1
3
1
1
1
4
3
1
1
1
3
1
1
1
2
1
1
31
1
1
21
1
3
1
1
2
2
11
18
1
1
1
2
3
2
3
1
11
1
1
1
1
2
83
3
1
1
1
1
1
1
1
1
1
1
1
1
2
2
8
15
2
1
2
1
1
2
1
1
2
1
1
1
3
1
1
1
1
1
2
2
1
3
1
2
1
3
2
1
1
1
1
1
2
1
3
1
1
5
3
1
1
1
1
105
2
7
1
1
1
2
1
3
2
1
1
1
2
1
2
1
1
3
1
99
2
1
2
1
1
3
1
1
1
7
3
1
1
1
32
1
2
1
1
4
3
3
23
2
3
1
1
1
1
1
1
2
1
5
4
1
1
4
1
2
8
1
5
12
355
5
1
1
4
7
1
19
1
1
13
1
1
1
1
1
1
2
1
46
1
1
2
1
2
1
1
1
4
1
54
1
1
1
24
1
1
1
6
4
6
3
1
1
1
1
1
3
26
3
10
6
6
2
6
6
1
1
1
1
2
1
2
2
5
6
1
1
27
3
2
1
10
1
2
4
3
2
1
3
46
1
11
1
1
1
21
2
2
1
3
1
1
5
4
9
2
15
1
5
1
2
3
4
1
9
4
2
2
1
3
7
2
1
5
1
1
2
1
6
1
8
1
1
1
2
2
3
1
1
1
4
2
1
1
11
1
1
1
2
1
1
1
3
1
1
2
5
2
1
55
3
1
2
3
1
4
1
204
1
51
1
1
1
1
1
1
116
16
10
99
1
7
2
2
3
10
2
1
1
3
3
1
13
3
1
1
1
33
17
2
1
5
3
1
18
2
27
1
2
29
4
2
7
1
8
22
3
2
1
1
1
2
15
1
4
68
23
9
1
3
35
16
9
2
1
3
6
2
14
25
9
8
1
3
15
3
12
2
7
11
1
9
13
81
17
1
1
3
24
2
10
1
2
19
2
68
1
2
3
1
1
1
1
9
1
1
3
7
4
2
10
13
11
2
16
2
1
6
2
2
4
1
1
9
1
1
41
337
9
14
1
5
6
58
16
4
1
127
63
8
1
2
1
1
7
8
1
1
13
1
2
12
10
1
1
21
1
8
14
11
2
2
2
2
4
5
1
2
5
10
8
20
133
24
2
17
8
1
20
2
22
18
2
9
10
1
1
3
1
7
2
1
1
1
359
4
69
1
2
3
3
1
41
1
6
5
1
1
1
1
6
2
66
3
3
8
1
1
1
1
217
1
1
19
1
13
5
4
2
1
1
4
1
3
149
3
1
13
7
1
1
12
1
1
5
7
6
4
16
1
3
2
3
1
8
3
3
1
1
154
45
1
3
27
18
1
1
288
5
1
22
1
1
25
1
1
8
2
1
22
4
1
1
2
1
1
1
3
1
1
1
6
1
2
3
134
1
1
1
1
2
21
1
4
8
4
5
15
15
4
6
1
1
1
2
4
1
1
1
1
1
1
13
53
11
1
1
1
1
1
2
1
1
1
1
1
1
12
52
2
1
2
4
2
1
1
2
11
4
4
3
5
8
2
1
1
9
5
1
31
9
2
26
1
5
4
3
2
6
2
1
7
4
12
2
1
7
3
3
2
2
2
7
17
21
67
1
15
2
17
14
7
1
59
7
1
1
1
3
2
2
1
4
11
2
1
1
6
2
1
9
12
6
3
5
2
2
3
40
1
18
5
7
3
6
1
1
18
4
8
1
45
2
2
2
15
1
2
2
2
4
2
3
2
37
4
1
2
1
2
2
1
1
25
6
4
1
1
2
1
1
2
1
1
1
1
1
5
2
2
1
2
42
1
1
1
5
1
1
8
16
1
1
1
1
5
1
1
29
3
1
1
1
3
1
1
1
2
81
2
3
1
2
1
1
2
1
1
1
10
8
11
2
1
2
1
1
1
8
2
1
1
1
1
1
1
7
12
13
1
1
1
1
1
1
2
2
1
1
28
1
1
11
4
3
1
2
1
55
1
2
1
3
1
3
7
1
1
4
20
1
2
60
3
1
2
1
1
1
5
4
4
1
5
8
2
2
1
2
1
23
1
1
1
1
2
17
2
1
2
1
44
1
4
1
4
3
1
1
28
19
2
1
13
5
1
2
1
1
14
2
1
1
4
1
5
1
17
1
16
4
1
1
1
12
1
1
2
1
1
1
15
7
1
8
3
4
1
1
3
2
10
1
1
2
2
1
2
2
2
3
5
1
1
1
3
15
1
18
1
1
2
4
9
1
24
1
1
6
19
2
1
5
5
49
9
1
7
4
12
1
1
1
6
1
13
1
1
1
1
2
1
1
1
218
1
1
30
1
2
1
5
1
1
1
1
57
48
1
1
2
24
13
1
2
2
3
1
3
1
2
17
1
1
1
4
1
3
1
1
15
1
1
1
12
3
3
2
1
1
1
1
1
1
1
41
1
39
1
1
1
349
1
1
1
2
1
2
3
1
1
1
2
1
2
1
1
2
3
8
3
2
1
8
7
11
9
1
15
1
1
4
66
1
1
2
1
4
10
3
2
1
1
2
1
2
1
1
2
1
1
1
2
1
8
2
1
1
1
1
1
1
1
1
3
1
1
1
2
2
7
5
1
3
1
2
1
2
1
1
1
1
2
2
1
1
2
2
1
1
1
1
6
2
1
1
1
3
1
1
4
1
1
7
1
1
5
6
1
1
1
1
1
1
3
10
2
4
1
1
422
1
16
58
1
2
3
3
4
2
9
1
1
1
1
1
1
1
2
1
3
1
4
1
1
1
1
1
1
2
1
1
1
4
1
1
4
1
1
1
2
1
1
1
456
1
1
1
4
2
1
2
1
1
1
3
1
2
18
1
13
66
1
3
1
1
1
2
1
1
1
1
4
22
1
1
1
2
4
1
1
1
1
457
2
2
1
1
1
1
1
1
1
11
4
11
2
5
128
1
4
1
6
2
2
2
2
6
4
2
1
1
5
1
1
2
1
1
1
3
1
1
1
1
1
1
1
1
1
1
1
1
1
6
1
1
1
1
1
33
2
1
2
2
5
1
1
1
30
2
7
35
1
5
1
1
1
1
1
1
1
2
1
2
1
1
1
4
1
2
2
1
1
1
1
5
2
9
3
7
1
1
1
1
17
1
1
1
1
1
1
1
37
3
1
6
41
1
24
1
7
30
1
1
42
1
8
3
8
6
77
1
3
2
4
1
3
1
6
31
1
1
2
66
3
3
7
3
4
6
2
1
1
20
1
1
1
1
11
2
1
2
9
3
1
5
1
7
8
2
1
2
2
10
3
1
1
1
1
5
486
17
1
1
1
1
1
1
1
2
27
2
1
3
4
1
12
1
2
1
1
5
4
1
1
6
3
1
1
3
1
1
3
1
5
2
6
1
1
1
1
1
6
1
11
1
124
1
8
1
2
1
1
1
1
1
1
1
43
1
2
4
1
1
370
1
4
2
1
1
43
19
4
8
15
1
1
12
1
1
1
1
1
1
1
3
1
6
4
8
6
4
1
1
6
38
95
2
13
1
7
2
1
1
1
1
1
2
1
1
255
9
32
15
1
1
1
1
2
5
6
7
11
1
1
1
1
1
4
1
193
1
1
1
1
34
140
35
1
1
12
2
1
90
32
3
1
42
8
2
1
3
1
1
2
4
1
1
2
1
20
1
2
1
1
59
2
1
1
1
1
5
6
11
20
13
7
1
130
4
1
20
20
4
3
1
11
15
3
6
1
96
1
1
8
12
53
1
1
17
1
5
3
1
7
1
32
1
1
1
1
1
1
1
1
2
1
2
8
1
7
20
2
3
1
2
2
2
37
1
8
1
1
1
18
1
32
1
1
30
2
17
9
35
1
17
8
1
1
1
3
2
2
2
1
1
17
1
2
4
34
8
1
31
12
1
1
6
1
457
3
8
6
1
1
1
2
1
1
9
4
1
1
3
1
2
1
3
1
2
2
44
8
5
2
3
2
27
3
1
3
6
2
1
24
1
1
15
3
26
1
1
12
1
2
1
1
6
17
20
3
17
4
1
1
24
8
12
36
1
1
1
1
1
1
1
1
1
27
2
2
47
1
59
1
58
2
5
6
3
16
18
1
11
1
3
1
1
1
1
7
17
3
1
8
4
22
4
1
15
36
12
7
1
1
3
32
20
4
1
15
11
5
1
1
8
47
10
98
2
4
1
15
2
5
274
7
1
9
1
1
1
2
1
2
11
1
9
5
1
11
1
2
18
1
19
8
9
102
1
14
10
1
1
1
40
8
1
1
1
9
6
11
2
2
1
4
2
2
8
27
46
3
1
1
1
11
1
1
1
2
14
1
32
40
1
1
1
1
1
281
1
1
1
1
2
24
1
7
1
1
117
1
1
1
104
1
1
1
1
9
356
1
1
95
10
23
3
11
1
1
1
1
1
5
2
1
1
2
1
4
1
18
1
100
1
1
1
2
1
1
2
2
1
1
2
1
1
1
18
1
1
1
9
1
7
1
3
1
2
7
1
2
6
1
14
1
27
10
7
1
2
62
1
1
2
2
1
1
1
3
2
1
1
8
6
1
6
1
3
1
1
1
1
1
1
1
1
1
276
2
1
2
1
29
1
1
2
2
1
2
3
2
1
1
1
1
1
4
36
1
16
1
2
1
1
2
1
92
1
1
1
1
1
1
2
1
1
1
2
1
1
1
4
3
1
3
14
2
1
1
1
1
1
2
1
1
1
1
1
1
313
3
10
1
1
1
1
4
3
1
4
1
2
1
2
1
2
5
1
2
2
1
1
1
1
66
82
1
1
1
1
214
1
1
1
1
1
1
1
1
2
1
2
5
1
1
1
1
54
16
23
52
2
1
1
2
1
1
5
1
6
1
3
6
1
2
1
1
3
1
1
20
1
1
1
1
11
2
18
3
7
1
2
1
4
2
1
15
11
2
1
2
1
3
3
29
1
1
1
1
25
9
1
1
1
3
1
1
67
2
19
1
1
7
49
1
3
7
18
2
1
1
1
2
1
20
8
6
2
3
11
1
2
2
1
1
1
6
1
1
1
5
6
4
6
1
1
1
5
9
9
10
4
3
1
10
1
1
1
1
2
3
3
1
2
1
1
1
269
4
1
1
1
1
1
18
4
1
1
2
1
1
6
1
2
4
1
1
2
1
1
2
1
1
1
1
5
2
1
1
1
1
1
8
2
2
1
1
3
1
8
6
1
2
2
1
1
1
1
1
2
7
2
1
3
1
2
2
1
2
1
1
233
1
1
1
74
1
2
1
1
1
1
1
1
1
2
1
1
6
1
1
1
1
1
2
1
1
4
1
1
1
9
1
4
20
2
1
1
13
1
1
5
5
2
1
1
9
2
1
1
1
1
5
2
2
6
2
16
2
1
8
274
1
2
1
1
19
12
33
1
1
1
1
2
1
1
2
3
4
2
1
1
1
13
1
2
3
2
1
2
1
2
1
2
1
111
1
1
1
1
1
1
19
2
1
1
5
3
4
1
1
37
1
1
2
5
1
2
1
51
1
1
1
1
1
1
1
12
10
1
37
1
101
8
1
1
27
7
2
3
3
2
7
1
1
2
1
5
1
1
1
56
1
5
5
1
1
1
1
2
7
16
1
1
104
1
4
2
1
1
2
7
2
6
1
3
2
1
12
1
1
1
2
25
1
1
65
1
2
2
1
1
58
3
1
23
1
42
3
1
23
6
2
3
2
1
1
1
1
2
1
1
1
1
28
1
1
1
22
34
1
1
1
1
1
5
1
26
94
2
3
16
2
3
2
1
3
1
1
2
2
2
1
1
1
2
1
1
1
1
10
1
1
3
1
1
10
3
1
237
2
4
2
1
1
89
4
10
5
16
1
1
27
90
1
3
6
14
1
1
2
1
39
3
3
1
1
2
1
1
1
1
1
2
1
1
1
3
2
1
2
1
2
1
1
327
1
6
1
6
4
1
28
1
1
3
10
1
1
3
1
1
117
1
1
1
1
1
1
1
1
1
1
1
1
394
1
3
3
7
1
4
3
2
1
3
1
1
1
1
2
11
1
4
1
4
9
5
3
1
4
10
30
1
2
67
22
1
1
13
8
1
2
1
2
2
80
2
1
2
1
91
1
4
1
5
2
1
23
19
3
1
2
1
14
1
1
1
98
1
1
5
9
1
45
75
2
3
3
11
29
1
2
169
37
50
33
1
1
9
2
4
1
12
1
7
1
2
1
4
1
30
13
2
3
4
69
1
1
15
1
19
4
2
20
3
1
1
25
1
9
3
56
9
1
4
7
77
1
96
3
13
3
1
30
1
44
1
39
1
7
4
3
2
2
1
2
25
3
16
32
12
52
2
99
50
13
2
3
45
9
2
1
10
1
3
1
1
2
1
10
4
1
1
2
3
5
1
11
2
1
1
1
1
1
1
1
1
1
1
26
1
1
1
75
4
1
2
1
2
117
3
1
11
3
2
1
1
1
1
2
232
28
41
7
1
61
1
1
8
1
12
2
1
11
1
1
1
7
7
19
4
1
3
1
4
1
1
3
88
20
79
7
26
1
1
1
1
2
1
1
1
1
2
24
1
32
1
1
1
1
1
1
5
2
4
1
2
1
2
2
2
2
1
4
6
2
1
1
1
1
1
2
1
2
1
1
1
2
1
1
3
4
198
11
1
1
1
1
9
3
1
4
9
5
1
1
1
3
1
1
1
1
1
9
1
5
2
828
1
2
25
2
1
1
5
4
1
1
1
1
1
1
49
1
1
1
1
2
6
1
1
1
1
1
1
1
1
1
2
7
1
1
1
11
1
1
2
4
1
1
1
1
1
9
1
1
1
502
1
3
1
41
1
2
435
1
1
2
30
1
10
64
1
2
1
2
1
1
7
1
15
1
1
1
1
1
1
1
1
1
1
154
1
1
1
1
2
2
7
1
3
1
2
1
1
1
1
1
22
1
2
3
38
1
1
1
1
3
1
1
1
19
4
1
1
2
1
1
1
1
2
1
1
1
1
1
1
2
1
62
1
3
5
1
1
1
1
6
1
1
53
3
1
1
1
1
2
1
1
1
18
1
1
1
1
1
1
1
1
1
1
1
1
1
26
1
1
1
1
73
1
21
1
1
1
1
3
4
1
1
177
1
175
203
274
1
1
1
1
1
2
1
1
1
99
1
20
1
1
39
210
1
1
4
1
1
2
1
1
1
1
1
1
1
30
1
1
2
1
1
2
1
461
1
1
2
1
1
1
2
1
1
1
2
1
1
1
1
1
17
1
1
1
5
1
1
1
1
1
1
1
1
1
1
6
2
2
1
1
1
3
7
1
8
185
7
1
2
8
1
6
1
1
1
4
4
1
13
6
1
9
152
2
1
1
1
5
1
1
3
1
1
2
7
1
2
1
1
4
1
1
1
1
1
1
1
1
1
66
361
5
1
51
3
1
2
1
1
2
6
6
3
1
11
1
12
1
1
1
1
1
1
4
1
3
7
1
1
1
15
1
1
1
1
3
5
1
1
2
4
20
8
1
1
1
1
1
1
1
1
82
1
6
10
6
1
1
1
18
1
1
3
1
1
1
84
1
1
1
1
3
3
1
1
1
2
1
1
1
1
1
1
55
32
2
8
15
13
4
1
1
1
50
1
1
1
3
2
4
95
138
1
1
1
2
1
1
1
2
1
1
3
1
1
3
2
8
173
1
1
1
198
34
1
2
1
2
1
1
1
18
1
5
5
1
99
2
2
7
134
1
1
1
1
2
1
1
1
1
2
1
4
1
1
1
1
2
1
1
1
1
122
1
1
2
1
22
1
1
1
159
2
1
14
1
1
2
1
1
1
1
1
2
1
13
3
1
1
1
1
1
2
1
1
1
1
1
1
2
3
1
1
1
1
809
622
1
1
3
5
7
6
5
1
2
152
71
1
1
5
5
2
1
1
1
484
9
1
1
1
2
1
7
1
1
1
1
1
5
1
7
2
1
22
10
1
1
1
1
1
2
1
63
1
1
44
1
1
1
1
2
1
1
4
1
1
1
1
3
1
1
3
1
1
1
3
1
1
2
3
1
1
7
1
2
4
2
3
1
1
4
1
4
1
4
1
1
1
1
3
1
99
10
1
5
1
7
1
1
1
1
2
5
1
2
6
11
23
20
1
3
1
3
1
6
1
1
2
2
2
1
1
4
2
1
2
1
16
1
47
3
1
1
1
26
2
1
1
1
1
8
1
2
1
3
3
1
1
8
7
1
3
6
1
41
2
1
3
17
3
1
1
4
19
41
11
1
1
1
10
1
15
3
3
6
3
1
1
1
1
1
1
2
3
1
1
23
1
1
8
17
1
1
2
1
1
5
3
1
2
2
1
1
3
11
25
14
1
6
1
12
10
3
1
123
1
4
1
7
2
1
1
1
2
2
4
9
1
1
6
1
1
1
2
1
2
3
7
5
1
2
1
1
21
3
1
1
21
1
1
1
1
1
18
2
87
6
1
39
34
1
19
1
2
1
1
2
2
1
1
1
1
1
1
1
1
1
1
3
3
3
12
2
1
2
62
4
1
1
1
1
5
