1
1
5
13
3
11
20
2
20
2
15
2
1
11
7
3
3
7
5
1
7
10
5
1
16
3
1
3
11
13
1
9
10
4
2
10
14
9
4
4
7
8
9
2
3
1
11
6
3
56
3
38
1
3
18
41
1
1
2
2
4
7
1
20
6
2
4
1
2
1
25
2
21
12
3
13
2
35
11
2
8
8
5
3
3
6
49
7
4
1
2
2
7
12
1
45
27
1
5
1
4
1
2
1
53
26
38
3
28
8
7
5
29
2
3
9
4
25
6
21
8
4
2
1
4
20
1
5
1
2
5
5
2
12
1
3
2
2
1
2
5
1
1
2
4
11
3
1
5
1
6
2
2
1
6
3
33
5
1
3
1
1
7
52
7
29
137
5
2
3
1
1
2
12
1
3
1
5
2
1
9
1
9
8
33
2
10
4
16
10
6
5
1
39
14
3
12
14
31
6
1
34
15
5
5
6
4
21
6
4
2
12
3
2
48
2
4
1
9
2
3
2
2
9
3
1
16
3
17
1
26
1
54
3
52
4
4
14
3
2
3
30
10
26
36
1
16
1
15
1
16
2
2
2
75
1
9
9
7
1
4
2
3
2
1
1
2
3
5
8
2
10
4
1
2
6
4
13
6
2
3
41
2
2
2
4
14
1
30
1
5
4
26
2
23
10
2
7
1
9
20
47
19
3
7
9
2
2
2
9
6
2
11
4
1
18
1
2
1
3
1
1
15
2
1
3
9
7
5
1
1
2
3
2
13
10
4
1
12
10
4
1
2
14
10
1
2
3
4
1
9
17
3
38
2
3
13
12
32
3
3
1
26
3
11
5
2
1
3
21
1
4
6
3
12
9
2
1
2
5
4
6
29
4
3
5
3
4
5
8
5
13
1
2
1
10
4
2
9
31
6
40
22
5
3
1
1
7
4
2
1
2
12
10
2
1
4
23
4
7
2
36
1
1
1
4
11
3
4
2
16
2
46
1
4
6
20
8
117
1
4
2
1
26
1
16
2
6
11
1
28
1
3
5
24
6
34
7
32
2
25
5
20
5
1
14
62
3
18
1
3
14
1
3
5
12
7
6
4
17
2
8
14
14
1
8
2
2
3
2
4
19
2
28
5
4
38
4
1
3
1
3
2
36
51
24
3
2
2
3
4
42
11
9
1
2
2
16
17
8
3
32
5
4
14
1
2
3
20
7
3
1
6
13
1
4
1
5
15
7
1
4
1
8
5
12
1
5
12
1
16
20
2
11
4
4
2
1
1
27
9
7
5
1
1
2
16
2
15
1
20
8
20
32
3
2
6
1
1
37
4
6
3
8
10
1
9
2
3
3
3
1
20
6
2
2
1
1
2
1
2
1
4
15
2
1
1
36
3
24
1
11
57
12
10
2
23
7
2
6
3
1
2
7
23
1
6
2
15
7
2
20
3
5
10
6
19
26
1
1
6
18
13
5
5
22
35
2
2
15
12
7
30
10
18
1
8
1
3
3
2
1
4
2
15
41
1
2
5
5
1
16
12
2
24
2
7
1
1
34
1
6
3
15
3
18
1
3
8
20
3
13
2
16
36
3
12
9
2
1
3
10
8
10
2
24
2
4
5
3
4
4
1
15
19
2
33
3
6
2
7
22
15
9
57
10
1
1
1
3
5
1
3
1
8
2
1
4
1
3
1
2
2
3
1
2
1
1
5
1
4
3
11
1
2
2
23
2
4
50
12
2
22
15
1
37
4
1
1
32
14
1
41
4
5
1
1
38
9
1
12
9
3
24
20
1
1
19
1
5
6
1
1
3
28
26
1
17
7
1
11
25
3
6
3
2
2
4
25
5
2
1
8
6
4
1
1
2
5
2
2
7
2
1
4
1
10
5
24
4
3
14
2
3
3
12
6
16
11
3
67
18
3
3
2
42
1
1
2
2
13
3
23
19
43
4
1
19
1
31
1
1
6
3
12
21
10
1
25
25
1
1
32
2
23
30
4
2
4
5
7
1
1
12
1
1
27
5
4
3
1
5
7
3
26
1
9
3
2
19
1
22
9
2
7
10
2
6
3
4
18
32
2
6
2
1
17
3
12
3
17
13
1
1
21
2
2
4
3
11
3
2
15
1
4
1
9
9
6
4
25
54
83
2
12
4
1
6
26
3
1
1
2
5
38
2
2
3
1
9
6
29
12
1
23
3
2
10
13
4
3
10
5
23
9
2
1
63
59
5
10
1
4
6
11
4
3
2
14
1
22
2
8
6
7
1
1
7
14
9
2
2
2
2
39
6
1
12
2
3
3
1
1
13
2
3
16
1
37
9
10
2
4
1
1
25
3
1
6
1
30
1
1
52
10
10
7
3
1
18
8
2
7
55
1
23
9
12
3
5
56
5
9
9
10
8
12
29
12
2
96
2
1
18
19
7
1
53
4
1
2
13
12
4
29
12
2
5
121
2
4
1
3
13
7
15
74
6
30
3
2
13
5
8
2
2
12
22
2
29
2
1
1
3
19
6
1
2
2
33
17
18
8
118
1
7
9
1
3
6
13
19
1
2
3
6
3
31
8
12
2
1
3
2
1
6
9
11
7
5
13
20
27
9
125
4
1
7
19
22
3
10
9
1
1
9
16
2
1
7
21
3
1
2
4
5
1
1
18
1
3
3
22
2
1
5
1
45
10
2
23
5
2
1
1
1
2
11
2
6
2
2
12
1
4
1
4
2
3
16
3
3
2
28
1
11
2
4
12
1
1
2
4
1
5
13
17
5
6
1
6
5
12
9
3
3
1
3
1
1
4
4
2
3
4
3
2
1
6
1
3
7
27
8
13
10
1
1
4
15
2
2
3
5
6
26
6
2
5
12
1
4
6
4
16
8
2
5
2
7
38
23
7
15
3
3
7
3
6
1
1
6
1
1
5
6
4
1
2
1
2
11
26
1
2
1
5
2
4
12
2
2
3
5
1
6
2
4
1
21
4
4
8
24
17
2
1
1
24
2
2
12
4
6
11
21
3
7
2
8
2
4
6
1
2
9
4
18
1
3
19
1
10
1
31
6
10
7
5
1
16
15
2
3
1
4
7
1
2
1
1
6
28
1
2
8
2
20
4
23
10
3
31
1
5
4
14
3
11
1
11
16
4
1
9
2
4
41
2
3
6
6
1
1
2
11
2
1
1
10
1
32
39
7
1
9
3
2
3
83
3
2
120
3
40
1
1
33
21
3
1
2
2
17
9
6
1
1
3
4
8
7
2
2
11
8
1
1
1
2
1
1
5
10
1
1
31
9
1
3
1
1
8
6
3
6
1
1
1
3
1
5
4
10
2
21
2
133
2
10
10
34
1
2
5
18
15
10
2
11
1
6
9
2
1
2
3
1
9
20
38
3
6
29
95
1
13
2
1
1
63
3
11
1
2
4
6
1
1
3
3
12
1
2
1
9
1
3
1
7
11
9
9
30
4
3
1
1
12
2
1
3
12
6
1
2
3
4
4
11
19
30
4
6
8
1
43
26
20
4
131
16
36
2
20
2
17
2
8
1
18
1
7
1
4
5
1
17
63
3
1
15
4
2
3
1
2
134
9
2
23
8
2
3
27
17
13
53
2
1
1
8
18
2
4
10
8
31
4
2
5
3
6
2
26
5
4
5
24
3
6
5
6
7
2
11
2
3
36
1
3
3
3
3
1
2
94
1
9
7
1
3
5
1
1
1
4
14
4
1
11
21
2
1
2
5
1
2
1
7
4
3
1
86
3
1
3
4
1
7
2
5
1
8
2
10
9
22
1
4
8
2
7
12
1
10
11
9
8
1
6
1
1
1
1
1
2
5
14
7
1
10
7
25
10
7
4
1
4
2
29
5
14
49
7
13
3
1
10
17
1
2
2
13
3
2
29
4
3
37
1
2
10
31
3
1
3
43
3
66
4
2
3
6
1
2
3
9
11
12
1
6
4
1
2
2
2
2
3
33
3
29
2
47
139
21
1
12
2
113
9
33
1
32
3
1
1
15
1
7
4
12
35
3
48
1
2
10
19
6
5
3
17
1
2
2
5
26
1
2
26
1
1
11
6
5
1
6
1
1
1
1
1
3
14
11
19
12
4
6
5
1
2
2
5
4
6
7
1
8
1
1
47
2
14
21
3
1
14
2
11
3
4
6
2
3
8
2
5
2
4
5
1
4
1
2
1
1
4
6
38
1
1
13
22
37
1
2
3
3
1
3
7
18
52
7
3
3
2
2
2
1
10
20
16
2
7
13
10
1
1
6
7
11
21
16
1
4
16
3
31
3
5
6
3
1
7
85
7
21
2
2
1
2
5
1
2
3
7
2
2
4
4
10
3
5
6
3
16
2
11
3
7
1
1
3
4
2
2
3
12
3
11
7
1
1
7
1
1
10
6
8
5
7
29
1
2
32
45
18
60
5
1
1
10
41
9
4
1
22
1
1
14
4
1
35
1
4
3
14
2
10
49
6
4
6
4
15
3
4
14
6
2
3
12
28
32
11
1
17
9
5
14
1
1
28
6
23
1
17
12
2
10
28
3
3
49
1
13
5
1
28
4
2
1
5
2
25
16
1
1
9
1
16
1
6
3
4
2
1
7
1
2
11
3
30
16
5
1
1
1
7
3
8
5
25
16
2
18
6
1
7
5
18
3
1
5
3
2
10
15
34
7
5
1
1
4
1
9
1
8
1
2
1
2
3
2
1
22
8
4
1
5
2
24
7
2
1
8
13
1
8
2
2
18
18
1
4
11
7
2
1
2
4
4
2
4
16
1
6
1
10
6
2
4
77
63
4
1
88
9
11
7
2
12
18
3
8
3
1
8
4
1
1
1
2
22
65
9
14
3
4
1
2
2
2
21
8
6
9
28
4
1
8
14
2
2
14
9
2
2
3
14
102
68
9
3
2
7
4
5
16
2
6
3
12
3
1
12
59
19
1
1
1
4
1
6
1
2
1
16
2
1
4
1
1
2
4
4
10
12
1
12
10
5
2
3
1
3
1
2
4
25
1
28
54
16
1
3
3
8
2
1
1
6
2
26
4
1
2
11
13
3
1
1
29
27
5
31
1
2
2
5
3
15
3
55
1
3
1
2
143
32
4
11
1
2
9
11
2
1
12
4
6
1
10
5
35
3
1
6
1
1
4
2
3
8
3
10
13
2
13
1
2
1
18
28
6
6
2
1
1
6
4
7
4
38
5
1
32
4
5
11
2
3
3
2
5
44
11
2
4
3
26
4
1
1
1
4
6
1
3
10
1
1
3
1
10
7
12
3
4
8
2
4
5
13
33
4
12
2
4
42
6
7
3
1
2
3
8
9
3
2
6
3
1
25
25
2
7
1
7
2
1
6
4
2
1
1
4
12
25
2
4
21
11
1
4
15
41
1
1
6
5
43
8
18
6
1
39
3
2
12
4
8
4
1
15
1
9
8
4
17
27
1
1
2
3
2
4
25
7
7
37
2
1
4
6
26
7
3
1
8
10
6
16
10
2
12
1
1
1
5
1
4
3
2
16
1
1
3
21
1
9
5
11
17
1
11
2
1
7
7
9
3
1
1
4
3
2
1
3
2
6
2
3
18
8
2
11
1
8
4
11
2
2
4
5
59
4
29
2
16
2
19
55
4
8
2
22
5
4
36
2
1
9
2
13
2
4
11
10
41
1
2
6
1
2
2
3
7
29
1
7
1
4
2
1
26
14
19
1
16
20
38
1
1
5
5
2
28
2
3
12
27
39
1
4
26
6
2
26
1
1
1
1
20
3
3
5
4
23
2
4
2
1
6
12
9
2
1
2
5
5
23
9
10
33
30
14
4
1
6
22
4
11
1
3
4
4
34
4
2
18
6
5
6
3
7
5
6
5
2
6
5
1
1
67
4
5
11
5
2
6
14
5
1
5
1
15
10
1
4
3
7
11
2
2
21
1
3
1
1
12
2
1
2
11
10
2
5
28
1
11
10
4
3
1
3
8
4
1
2
5
2
20
5
5
1
3
1
3
1
14
1
4
46
2
4
7
1
11
11
5
7
1
1
12
8
3
11
47
3
5
2
4
8
1
20
1
2
21
11
1
24
6
78
2
3
2
35
3
2
5
1
24
3
1
4
3
7
10
1
2
44
1
1
2
1
3
1
2
2
22
2
3
2
12
4
14
4
27
2
52
3
1
2
9
10
4
9
10
3
11
1
6
6
4
1
34
5
10
1
1
2
3
2
2
15
11
1
13
1
6
4
3
6
55
6
12
1
71
1
11
8
2
8
1
1
2
1
1
1
2
5
1
3
2
6
2
3
7
13
4
25
2
42
3
6
1
2
1
1
9
2
1
2
2
3
7
8
21
2
22
1
6
20
1
1
3
1
2
5
8
2
3
14
3
2
1
2
2
1
3
63
4
1
5
4
2
7
2
2
3
5
23
2
7
29
1
5
63
9
7
18
1
1
3
3
1
10
1
3
1
1
1
20
4
3
4
4
3
3
4
2
2
2
7
1
6
3
2
2
14
3
1
2
11
8
3
7
5
1
2
5
1
2
8
14
1
2
1
2
12
3
10
30
2
1
1
25
9
1
1
7
11
2
7
3
1
12
1
1
11
22
15
2
20
14
3
2
18
1
35
5
1
3
5
4
2
3
7
1
2
2
1
5
1
1
4
3
9
3
3
9
3
6
1
121
1
5
26
3
2
28
9
1
3
1
1
1
1
1
5
2
21
1
2
3
1
40
1
7
8
2
5
12
1
14
1
1
58
10
2
1
1
11
16
5
5
3
2
12
1
1
5
1
1
2
1
5
3
2
3
1
22
1
3
1
1
9
3
4
2
21
2
1
4
4
6
2
11
1
7
1
16
4
2
3
3
10
36
11
1
1
6
13
18
1
9
7
5
11
1
3
32
1
22
24
9
1
3
7
1
25
7
9
24
2
6
6
26
1
1
7
14
2
10
2
4
27
3
11
21
1
10
1
2
17
4
5
5
1
6
2
1
18
2
8
1
2
15
5
6
8
13
16
2
7
2
1
11
5
1
1
1
7
4
4
23
6
2
7
3
58
22
21
1
2
6
1
6
1
1
1
5
3
3
1
1
1
2
1
1
5
2
15
6
1
2
9
1
1
1
10
2
11
1
16
2
1
3
3
1
1
46
5
1
2
8
17
3
26
1
20
11
20
6
6
20
1
1
47
10
2
1
9
1
2
10
8
5
9
6
4
14
6
3
1
2
18
13
5
6
1
4
5
10
3
1
1
5
1
5
6
2
5
11
1
2
10
1
8
68
1
49
3
2
5
3
11
5
3
6
9
19
7
15
1
8
4
2
22
21
1
2
8
5
5
1
1
15
16
1
59
5
1
1
2
1
2
2
26
2
3
1
1
