841
3639
1387
3835
688
3188
854
736
2600
1
51
1724
1433
1576
1740
3149
52
2042
2
37
1061
98
1355
381
2682
384
265
1984
208
274
305
164
462
302
12
1550
454
386
23
31
2402
2313
3530
1
1332
2127
836
1935
16
2662
2703
3195
124
585
2789
1903
1877
1892
2
515
1185
529
12
340
13
723
1074
673
271
833
1942
207
1836
698
704
2421
904
488
1747
1954
175
411
1321
21
699
1235
555
356
1610
670
1877
721
944
962
533
438
1543
1086
1862
184
2451
1078
1
833
3822
3478
300
574
17
2308
643
48
187
1866
3324
3683
23
3371
265
59
1274
136
1751
2598
138
47
1392
2524
1496
670
256
248
2006
1810
358
386
197
2963
15
253
908
1447
482
65
1145
2856
30
259
3719
107
2305
1628
998
247
5
75
166
113
2318
561
657
72
162
543
1265
414
19
767
156
262
371
2471
1219
633
819
630
188
2207
205
561
499
1926
317
793
5
3362
14
393
1440
2565
1170
222
28
1576
10
1
772
450
18
243
3634
997
1437
28
188
690
537
1374
1108
720
1844
417
1503
79
940
2082
789
1343
977
1878
1899
1149
1153
2377
201
189
21
340
1675
210
420
159
519
1486
529
577
332
3012
1635
202
355
2937
111
1665
90
104
546
385
167
1998
81
477
299
1966
3725
10
78
2024
2426
5
785
1875
1393
30
2118
797
324
1
135
4320
2405
2481
812
2170
1684
3999
3524
27
1911
2416
125
597
1080
963
1061
2252
1096
907
1351
1413
321
2955
3079
606
87
4
61
3324
2565
1
6
371
1720
1953
2119
1944
2413
11
52
973
55
24
628
268
254
2248
436
2534
3679
527
1586
5
95
2034
181
48
1942
19
614
1866
191
1744
6
622
1776
3580
342
83
633
1178
801
101
47
3249
809
25
952
2930
224
291
1660
916
727
1977
139
1077
335
831
422
1565
1835
8
2921
265
3
1
4229
442
3050
1502
1
412
226
2565
2212
670
1204
1092
601
2080
2242
2358
26
7
55
115
899
573
356
3535
2880
556
398
693
323
2024
2182
21
1484
1008
1754
83
760
1
116
813
33
1203
1052
2299
36
1813
3
2659
3616
1730
575
3134
71
831
1
950
40
1718
157
48
5
241
1724
537
3639
3501
1295
1164
1341
1110
2870
444
145
745
2089
1853
2623
18
64
1084
2972
66
29
30
868
3587
1696
1359
167
27
1
2127
1141
1803
1601
866
2594
53
627
2141
517
1515
549
49
33
470
2388
159
3260
193
1849
3033
2452
2548
3323
2838
1283
745
3264
4246
3824
1373
115
806
177
12
101
138
338
1178
3175
3363
1988
88
2365
555
89
1731
1544
326
1785
1673
3066
15
1
1
1638
835
338
18
754
13
290
117
1354
2623
423
567
1861
716
1974
356
113
120
982
694
909
1250
1154
84
55
1710
659
768
2687
47
2532
53
3613
4
1312
2463
425
79
139
1050
422
1270
762
372
1201
1199
1017
444
1320
3679
99
848
2156
2636
3092
2822
620
257
1727
249
109
865
84
982
34
169
1980
1131
3639
454
3370
511
30
207
402
2943
200
142
50
238
940
316
721
160
75
2797
5
97
56
264
598
20
135
44
408
518
120
498
1875
1827
1126
73
47
609
1900
4
4433
3879
1826
887
2
2865
17
480
1537
77
20
558
1413
2580
754
4185
579
3777
3221
36
330
79
1727
207
3999
185
404
11
1736
2930
1478
320
1329
414
948
10
1540
317
256
5
2535
1
1
1
1
1
1
1
103
1
1
1
1
1
1
1
1
1
1
1
1
1
1
1
1
1
1
1
1
1
4461
1
1
1
1
1
1
1
1
1
1
1
1
1
1
1
1
1
1
1
1
1
1
1
1
1
1
1
1
1
1
1
1
1
1
1
1
1
1
1
1
1
1
1
1
1
1
1
1
1
1
1
1
1
1
1
1
1
1
1
1
1
222
1
1
1
1
1
1
1
1
1
1
1
1
1
1
83
3470
1
1
1
1
1
1
1
1
1
1
1
1
1
1
1
1
1
1
1
1
1
1
1
81
1
1
1
1
1
1
1
1
1
1
1
1
1
1
1
1
1
1
1
1
1
1
2272
1
1
1678
1
1
1
1
1
1
1
1
1
1
1
2
1
1981
1
1
1
1
1
1
1
1
1
1064
1
1
471
1
1
1
1
4241
1
1
1
1
1
1
1
1
1
1
1
1
1
297
1
1
1
1
1
1
1
1
1
3561
1
1
1
1
1
1
1
1
1
1
1
1
1
1
1
1
1
1
1
1
1
1565
1
1
1
1
1
544
1
1
1
2704
1
1
1
1
1
1
3025
1
1
1
1
1
1
1
1
2
1
1
1
1
1
1
1
1
1
1
1
1
1
1
1
1
1
1
1
1
1
1
1
1
1
1
1
1
1
1
1
1
1
1
1
1
1
1
1
1
1
1
1
1
1
1
1
1
1
1
1
1
1
1
1
1
1
1
1
1
1
3823
1
1
1
1
1
1
1
1
1
1
1
1
1
1
1
1
1
1
1
1
1
1
1
1
1
1
1
1
1
1
1
1
1
1
1
1
1
1
1
1
1
1
1
1
1
1
1
1
1
1
1
1
1
1
1
1
1
1
1
1
1
3968
1
1
2
3506
2011
1
1
1
1
1
1
1
1
1
2871
1
1
1
1
1
1
2
1
1
1
1
1
1
2
1
1
1
1
1
1
1
1
1
1
1
1
1
1
1
1
1
1
1
1
1
1
1
1
1
1
1
129
1
1
1
1
1
1
1
1
1
1
1
1
1
1
1
1
1
1
1
1
1
1
1
1156
1
1
1
1
1
1
1
1
1
1
1
1
1
1
1
1
2827
1
1
1
1
1
1
1
1
1
2
1
1
2
1
3941
1
1
1
1
1
1
1
1
1
1
1
1
1
1
1
1
1
1
1
1
1
1
1
1
1
1
1
1
1
1
1
1
1
1
1
1
1
1
1
1
1
1
1342
1
1
1
1
1
109
1
45
1
1
2
2
1
1
1
1
1
1
1
1
1
1
1
1
2731
1
3184
1
1
1
1
1
1
1
1
1
1
1
1
1
1
1
2712
1
1
1
1
1
1
1
1
1
1
1
1
2
1
1
1
1209
1
1
1
1
1
1
1
1
1
1
1
1
1
1
1
1
1
2
1
1
1
1
2
1
1
1
1
1
1
146
1
1
1
1
1
1
1
1
1
1
1
1
1
1
1
1
1
1
1
1
1
1
1
1
1
1
1
1
1
1
1
1
1
1
1
1
1
1
1
1
1
1
1
1
1
1
1
1
2
1
1
1
1
1
1
1
1
1
4148
1
1
1
1
2
1
1
1
1
1
1
1
1
1
1
1
1
1
2
1
1
1
1
1
557
1
1
1
1
1
1
1
1
1
1
1
1565
1
1
1
1
1
3
1
1
1
1
1
1
1
1
1
1
1
3
1
1
1
1
1
1
1
1
1
1
28
1
2
1
1
1
1
1
1
3599
1847
1
1
1460
1
1
2
397
1
1
1
1
1
1
1
1
1
1
1
1
1
1
1
1
1
1
1
1
1
1
1
1
1
1
1
1
1
2
1
1
1
1
1
3
1
1
1
1
1
1
1
1
1
1
1
1
1
1
1
1
494
1
1
1
1
1
1
1
2
1
1
1
1
1
1
1
1
1
1
1
1
1
1
1
1
1
1
1
1
1
1
1
1
1
1
931
1
1
1
1
1
1
1
1
1
1
659
1
1
2
2579
1
1
1
1
1
1
2
1
1
3961
1
1
1
1
1
1
1
1
1
1
2
1
1
1
1
1
1
1
1
1
1
1
1
3
1
1
1
2
1
1
1
3
1
1
1
1
1
1
1
1
1
1
1
1
1
1
1
2
1
1
1
1
2252
1
1
1
2190
1
1
1
1
230
1
1
1
1
1
1
1
1
1
1
1
1
2
1
1
1
1
1
1
1
1
1
2
2
1
1
1
1
1
1
1
1
1
1
1
1
1
1
1
2
1
121
1
2
1
1
1
2
1
2
2
1
1
1
2
1
1
1
1
1
1
1
1
1
1
1
1
1
1
1
1
1
1
1
1
1
1
1
1
1
1
1
1
1
1
1
2011
1
1
1
1
1
1
1
1
1
1
1
1
1
1
1
1
1
1
1
1
1
1
1
1
2
1
1
1
1
1
1
1
1
3
1
2
1
1
2
1
2
1
1
1
359
1
1
480
1
1
1
1
1
1
2
1
1
1
1
2
1
1
1
1
1
1
1
2
1
2711
1
1
1
1
1
1
1
1
2
3667
1
1
2
1
3
1
1
1
1
1
1
1
1
1
1
1
1
1
1
1
1
1
1
1
1
1
1
1
1
1
1
1
1
1
2
2
1
1
1
1
209
541
1
1
2645
1
1
1
1
1
1
1
1
265
2
2
1
2
3
2
1
101
1
1
1
1
1
1
1
1
1
1
1
1
1
1
1
1
2
1
1
1
1
1
2
1
1
1
3147
1
1
1
1
2
1
1
1
1
1
1
1
1
1
1
1
1
2
1
1
1
1
1
1
1
1
1
1652
9
1
1
924
1
1043
1
2
1
1
1
1
1
530
1
2
1
1
1
1
1
1
1
1
1
1
2
1
3
1
1
1
1
1
1
1
1
1
1
1
2
1
1
2
1
2
1
1
3
1
1
2
1
1
2
1
1
2
1
1
1
1
1
1
1
1
1
1
1
1
1
1
1
1
1
1
1
1
1
1
1
1
2134
1
1
1
1
2
4
1
1
38
1
1
2
1
1
1
1
1
1
1
1
1
53
1
1
1133
1
1
1
1
1
2
1
2
2
1
1
1
1
1
1
1
1
1
1
1
1
1
1
1
1
1
1
2
1
4467
657
1
1
1
1
1
2891
1
1
1
1
1
442
1
4
1
1
1
3
1
1
1
1
1
1
1238
1
1
1
1270
2
1
1
1
1
1
1
1
1
1
2
1
1
1
1
1
1
1
1
1
1
1
1
1
1
1
2
1
1
1
1
1
2
2
1
2
1
1
1
2036
1
1
1
1
1
3354
37
2
1
1
4075
1
1
1
2
1
1
1
1
1
4
1
2
2
639
1
1
1
1
1
1
136
1
1
1
1
3
1
1
4
1
1
2
1
1987
2
2
1
1
1
1
1
1
1
1
1
1
1
1
1785
1
1
1
1
1
1
1
1
2
1
1
1
1
1
1
1
1
2395
3
1
1
1
1
1
1
1
1
1
1
2
1
1
1
1
1
1
1
1
1
1
1
1
3
2
3
1
2
1
1
1
1
1
25
1
2906
1
1
1
1
1
1
1
1
1
1
1
1
1
1
1
1
1
1
1
1
1
1
1
1
2
3
1
1
1
1
1
1
1
2
1
2
1
1
1
1
1
1
1727
1
1
1
1
1
1
1
1
1
2
1
1
1
1
1
1
1
1
1
14
2
2
1
2
1
1
1
1
1
1
1
2
1
2
1
1
1
1
1
1
1
1
1
1
3
1
1
1
1
1
2
2
2
1
1
1
1
1
1
1
1
1
1
1
1
2
1
1
1
1
4136
1
2
1
1
1
1
1
3970
1
1
1
1
1
1
1
1
1
1
1
1
1
1
1
1
1
2
1
1622
1
1
1
1
1
4
1
1
1
1
1
4352
1
2
1
2
2
1
2
2
1
2
2
1
1
1
2
1
1
1
4
2
1
1
1
1
2
1
1
4
1
1
1
1
1
1
1
2
1
1
1
59
1
1
2
1
1
1
2
2
1
1
1
1
2
1
1
1
1
2587
586
1
94
1
1
2
3037
1
1
1
1
4
1
1
1
1
2
1
1
1
1152
1
1
1
1
1
1
1
1
1
1
2
1
1
1
2
493
1
1
1
1
1
1
1
2
712
1
1
1
1
1
1
2
1
2
1
548
1
2
1
1
2
1
1
1
1
2
1
1
1
1
1
1
1
1
1
1
2
5
3
1
1
7
1
1
1
1
1
1
1
1
1
1
1
1
1
1
1
1
1
1
1
1
1
3
3
1
1
1
1
1
2
2
1
2
2460
1
1
1
2
1
1
1
1
1
1
1
1
1
1
1
1
1
1
1
1
1
1
1
1
1
1
1
3
1
2
1
2
1
1
1
1
2
1
3
2
1
3
1
1
1
1
1
1
1
1
1
1
1
1
1
2
1
1
1
1
1
1
1547
3
1
1
1
1
1
1
1
1
1
1
1
1
573
1
1
1
1
1
1
1
1
1
1
1
1
1
1
1
1
1
1
1
1
1
1
1
2
1
1
1
1
1
3
1
414
1
1
3464
1
1
1
1
1
1
1
408
3
1
2096
2
1
1
1
2
1
1
1
1
1
1
1
1
2
2
1
2
1
1
1
1
1
1
4287
1
2
1
1
1
1
2
2
1
1
1
1
1
1
1
1
1
2405
1
1
1
1
1
1
1
1
1
1
3
1
2
1
1
2
1
1
1
172
3
1
1
1
6
1
1
1
1
1
1
1
1
1
1
1
1
1
1
1
1
1
1
2
2
1
39
1
1
1
240
1
2
1
1
1
1
1
3324
1
1
1
1
1
1
10
1
6
1
1
3
1
1
1
1
1
1
1
2
1
3
1
1
2
2
2
2
1
1
3
1
1
1
1
1
2
2
1
1
1
1
1
2191
3
1
1
1
1
1
1
2
2
1
1
1
1
1
1
2
2
1
566
1
1
1
1
1
1
1
4
1
1
1
2
1
1
1
2
2
1
1
1
2
1
1
1
1
1
2
1
2509
2
3773
1762
2
1
1
1
1
2
1
1
1
10
1
1
1
1
1
1
1
1
1
1
1
1
1
1
1
1
2
1
2
1
1
1
1526
1
2
1
1
2
1
1
3
1
1
1
1
2
2
2
2
1
2
1
1
1
1
1
1
3
1
1
3
1
1
1
2
1
1
2888
1
1
1675
2
1
1
1
1
1
1
1
1
1
1
1
1
2
2
1
1
1
62
1
126
1
1
1
1
1
1
1
1
1
1
4
1
1
1
1
1
1
1
1
2
37
1
3
1
1
1
2
2693
2
1
2
3
2
2
1
1
1
1
1
3
1
1
2
2
2
2
1
2
7
1
1
2
6
1
1
1
1
1
2
1
1
1
1
2
1
1
1
1154
2
2
1
1
2
2
1
3887
1
1
1
1
1
1
1
1
2
1
1
2
2413
1
1
1
2
1
1
1
4134
2
1
1
1
1
1
1
1
1
1
1
2
1
1
1
3
1
1
1
1
1
1
1
1
1
5
1
1
1
2
2
1
1
1
1
1
1
1
1
1
1
1
1
3
1
1
3896
1
1
1
2
1
1
1
1
1
1
2
1
1
1
1
1
3
732
1
1
1
1
1
3
1
1
1
1
1
1
1
1
1
37
2
1
1
1
1
1
1
1
1
1
1
1
1
1
1
2
2
2
1
3
1928
1
1
2
502
1
1
2
1
1
1
2
1
1
1
4
1
1
3164
6
4
1
1
1
1
1
2
3
2
1
1
1
1
1
1
1
1
549
2
1
1
1
2
1
1
1
1
1
1
3
24
1
3121
1
1
2
1
1
2
1
1
1
1
1
3509
1
3
1
1
1
2
1
2
1
1
5
1
1
2
1
1
1
1149
2
1
1
1
2
1
1
2
1
1
2
2
1
1226
1
1
4
1
1
1
1
1
1
1
1
1
7
1
3
1
2
2
1
1
1
1
2
2
3
1
1
1
1
1925
1
1
1
1
1
1
3
1
655
1
2
2
1
1
2
1
1
600
1
1
1
1
1
2
2
1
2
3
1
1
1
748
1
16
1
1
1
1
2
1
1
3
2
1
1
1
2
2
1
1
2
1
1
2
1
1
1
2
2
1
1
1
1
1
1
1
5
4
1
1
1
1
1
1
2
1
2
1
1
1
1
1
2
3517
4
1
535
1
2
1
2
1
2
1
1
1
1
3
1
1
1
1
1
1
1
1
3
1
1
1
1
1
1
2
1
1
1
1
1
1
3
1
1
1
2
1
5
1
2
1
1
1
2
1
1
1
1
1
1
2
3
1
1
4302
1
1
1
1
1
1
1
2
1
3
3
1
1
1
1
1
1
1
2
3
1
3
1
1
1
1
1
1
1
1
1
1
2
1
2958
1
1
2
2
1
1
2
1
1
1
1
3
1
2
1
1
1
2
1
1
1
1
1
3
1
1
1
1
622
1
1
3
1
5
3
1
1
1
3
1
1
1
1
1
1
1
1
1
2
4
1
2
2
1
1
1
1
1
3
1
1
1
5
1
2
5
3
1
1
1
1
1
1
1
1
1
1
2
1
1
1
1
1
1
1
1
1
1
1
1
2
1
2
54
1
1
1
1462
1
1
1
1
1
3
1
1
2
1
1
1
1
2
1
2
1
1
1
1
2
1
2
2
1
2
1
1
2
1
1
1
2
1
1
2
3
2
1
2
1
149
1
1
1
1
2
418
1
1
1
1
1
1
1
2
2
1
1
1
1
1
1
2
1
2
1
2
1
1
3
2
2
1
1
1
3
1
1
1
1
1
2
1
1
1
2
1
1
3
1
1
1
1
3
2
1
2
2
1
2
2
2
1
3
1
1
1
1
2
1
2
1
5
1
4
1
1
1
1
1
1
2
1
2
1
3
1
1
1
1
1
1
2
1431
1
1
1
3
1
1
1
1
2
1
3
1
1501
1
2
1
3
1
2
8
1
1
5
1
1
1
1
4
1
1
1
1
1
1
137
2
1
1
1
2
1
1
1
2
1
2
1
1
2
3
1
2
2
2
4
1
3
2
1
1
1
1
1
1
1
3
2
1
1
4
1
2
1
1
1
1
3
3
1
1
1
1
1
1
2
1
1
1
1
1
1
2
1
2
1
1
1
1
1
1
1
3
1
47
1
2
1
1
1
1
2
1
1
5
1
1
1
1
1
3
1
1
1
2
1
1
1
1
2
1
1
1
1713
1
2
1
2
1
2
2
3
1
1
2
1
1
2
1
1
2
1
1
1
2
1
2
1
2
1
1
1
3971
1
1
1
1
2
1
1
1
2
1
1
1
1
2
1
3
1
8
3341
3
1
1
2
1
4
1
2
1
1
1
1
2
1
1
1
1
2
737
1
2
1
1
1
1661
1
1
2
2
1
1
3
1
118
2
1
4
1
1
1
1
1296
1
1575
7
1
2
1
1
1
2
4079
1
1
1
1
2
4
1
1
2
1
4
2
1
2
1
2
1
2
1
1
1
1
1
3
1
296
1
145
2
2
1
1
1
2
2715
2
2
3
2
1
1
2
1
1
3
1
1
1
1
3
1
1
2
2
1
1
1
1
1
1
2
2
2241
1
1
1
1
3371
15
1
1
1
1
2
66
1
1
1
2
1
1
1
2354
2
1
2
1
1
2
1
2
1
1
2
1
2
2549
1
1
2
1
2
2
1
1
2
1
1
2
1
1
1
1
1
1
1446
943
1
1
1
1
1
3
1
2
1
2
1
2
1
2
1
1
1
2
4
1
1
190
1
5
2
3
2
2
1
985
1
2
1
4
1
1
1
1
1
3
1
1
1
522
1
1
1
87
1
1289
1
3
69
1
630
1
1
2985
39
1
1
1
3
2
2
1
2
1
1
1
1
301
1
1
3
1
1
1
1
1
1
4
1
2
1
2
3
1
2
3
1
1
2
1
1
9
2
1
2
1
1
1
1
3
1
1
1
2
1
1
2
1
1
1
1
1
1
1
1
1
2
1
1
1
2
1
2
1
3
2
4
1
4
4
1
2
3
1
2
1
1
1
1
1
1
1
1
1
2
2
2
3995
1
1
1
1
1
1201
1
1
2
5
1
2
1
1
1
2
1
5
1
1
1
237
1
1
1
1083
1
1
1
1
1
1
2
2
1
1
1
1
2038
1
1
470
3
1
1
2
1
2
2
1
2
1
2
2
2044
1
2
1
2
1
1
2773
2
1
1
1
1
1
1
1
2
2
3
1
1
2816
2
876
1
1
1
1
1
2
2
1
3
1
1
1532
1
205
1
1
1
1
2
1
6
1
2
1
1
1
1
1
2
4
2
2
30
2
1
1
1
1
4
2
1
1
1
1
1
1749
1
1
1
1
3
1
5
3
1
2
1
1
2
1
5
1
1
3
1
1
1
1
2
1
1
1
3
1
1
1
1
1
1
1
1
2
1
1
3
1
1
1
2
3
3
1
1
1
1
1
3
1
12
1
1
6
1
3
3
2
1
1
2
2
1
2
1213
1
2
2
1
5
1
1
1
2
2
1
1
1
1
2
1
8
1
1
4
1
5
1
1
1
690
1
2
2
2
1
1
3201
1
1
3261
1
1
1
5
1
1
1
2
1
2
2896
1
2
3
1
3
1
1
1
1
1
1
1
1
1
1
1
736
1
1
1
8
3
2
1
1
1
4
1
1
1
4
1
1
1
2
1412
4
1
1
1
1
1
2
2
1
1
2
1
1
1
1
1
648
1
1
4
1
3753
1
2
1
1
2
1
1
3
1
1
3
2
1
1
1161
1
1
5
3
1
1
81
649
2
1
1
1
1
5
2
1
3
1
1
2
3
2902
1
1
1
1
2
2
1
1
1
1
1
1
2
2
1
2
8
1
1
1
1
2
1
7
2
3
1413
1
2983
2
1
1
2
2
1
1
2
3
2
1
1
2
2
1
1
1
3
1
2
1
1
7
2
3
1
1
1
2
927
1
1
1
2
2
1
5
2
2
4
1
1
1
6
3
6
164
3935
2132
2
2
2
2
1
2
1
1
918
1
2
1284
3
2
1
1
1
1
4
2
2
1
1
1
1
1
3
2
1
2
1
1
2
1
2
1
1
1
1
1
2
2
1
1
2
1
1
1
1
5
4
2
1
1
2
1
1
5
2
1
456
1
6
3
1
2
1
1
1
7
2
1
1
8
4
2
3
2
2
2
4
2
2
1
1
2
2
1
1
1
1
1
1
4
2
2
129
1
1
2
1
1
547
1
2
1
523
1
2
5
1
2
1
1
1
1
1
1
1
1
1
1
2
1
2
1
4
2
1
1
1
1
689
1
1
1
1
1
1
2
2
1
1
1
1
3680
1
1
2
29
1
2
1
1
1
1
3
1
1
1
1
1
1
1
1
1
4
1
1
1
1593
1
1
1
1
2
1
1
1
4262
4
3
1
5
2
2
1
9
1
2
1
4
1
549
7
1
1
2
1
1
1
1
4
5
6
1
1
1
577
1
1
1
1
1
1
1
1
1
1
1
1
1
1
1
2
2
3
1
2
1
2
5
1
1
1
2
3
1
132
2
1
1
1
1
2
1
1
1
1
10
1
1062
1
2
1
1
1
1
3
2
6
1
1
1
1
1
1
1
1
1
8
1
2
182
2
1
1
1
2
4
1
1
1
1
2
1
1
1
1
1
1
1
2
1
1
1
1
1
4
1
1
2
1
1
1
2
1
2
4187
1
1
4
1
2
1
1
1
2
2
1
1
2
1
1
2
2
4
1
2475
1
3
1
624
1
2
2
55
1
1
3
3
1
1
1
4
311
3
1
1
1
2
1
1
1
1
2
1
3
2
1
1
1
1
2
2
2
2
1
1
1
1
1
2
214
2
1
39
3
5
3
3
3
1
1
4
1
6
10
4
1
1
1
1
1
1
1
1
1
2
3
1
6
1
1
4
1
1169
1
1
2
3
1
3
1
5
1
4
1
1
3
3
2
2
1
1
1
1
1
1
3
1
716
1
1
2
1
26
2
1
1
2
3
2
2
1
1
3
2
4
1
1
1
4340
3
2
2
1
1
5
1
2
1
1
1
1
1
1
4
1
1
1
1
2
1
2081
3
1
1
1
1
5
4
1
13
2
2
5
1
1
1
1
1
1
9
2
2
1
1
1
2
2
1
1
1
1
3
9
1
1
4
4
6
3
5
1
4
1726
1
1
4
2
8
2
1
1
3
1
1
1
1
1
3
1
1
6
2
1
243
1
1
1
1
137
1
3
1
2
1
5
1
3
3
2
1
1
2
1
1
1
3
1
2
1
1
2
1
2
1
2
1
1
2
1
2
12
1
3
2
1
1
1
15
1
2
3
3
4
1
1
1
1
1
1
1
1
1
1
3393
1
1
1
6
1
1
2
2
1
2
2
1
1
1
1
1
2
1
11
30
1
1
2
1
1
1
1
2
1
5
1
4
1
1
1
8
1
3
1
1
1
2
1
1
3
1
77
7
6
1
1
1
3
2
1
2533
1
3
1
3
1
1
1
1
1
1
3
1
2
1
3
6
1
2
1
1
4
2
2
3
1
1
1
1
2
1
2
1
1
3
3
1
1
1
2
1
2
3
1
1
2
1
1
1
2
3
1
1
1
1
3
2
1
1
97
1
2
4
1
1
2
2
1
1
1
4
2
1
3
2
1
5
2
1
1
4
5
1
4
3248
1
1
1
1
3
1
3
5
1
4
1
2786
1
2
1
31
2
1
1
1
1
2
1
3
1
1
3
1
1
1
1
1
1
1
1
2
4
1
1
2
1
1
1
2
1
1
1
1
4
18
18
4
5
1
1
1529
1
1
2
3
1
1
1
1
3
4
4
3
1
3
3
1
4
2
1
1
1
1
3
3
2
1
2
1
4
1
5
4
3
1
1
1
2
2
3
1
1
4
2
1
1
1
2
1
2
2
1
2
1
1
3
4
1
1
2
6
436
1
3
1
913
1
1
1
5
835
1210
1
3
1
1
1
2
1
1
3
3
2
1
1
2
2
1
1
1
3
1
1
3
1
1
1
1
1
2
2
2
2
272
1
1
3
1
1
2
2
1
1
1
1
1
1
1
1
1
3
2
2
1
2
2
1
2
1
1
2
2
1
1
1
1
1
1
2
1
2
524
7
3
2
1
1
1
1
1
1
9
2710
1
1
1
1
1
3243
1
4
3034
1
2
1
3
9
1
1
1
1
1
1
3
1
1
1
1
6
2
1
2
3
1
1
2
3
3
4
5
1
1
1
3
9
2
1
6
2
1
1
3
2
1
1
4
1
1
3
1
5
1
1
6
1
1
1
7
1
2
1
15
1
2
1
1
1
1
2
4
2
1
1
1
6
1
5
1
1
1
2
2
1
1
5
1
5
3
1
1
1
6
1
1
2
1
2
1
1
1
1
2
1
2
3
1
1
1
1
2
1
5
1
1
2
2
1
1
1133
3
1416
3
9
1
1
4
2
2
4
2
3
3
2
4
2
1
8
4
1
3
2
4
1
2
1
192
1
2
1
12
1
2
1
7
1
2
1
1
306
1
1
3
1
1
2
1
1
1
657
3
1
2
1
4
1
1
3
1
2
1
1
306
1
3
1
2
2
1
88
1
12
4
1
4
1
4
1
1
1
1
3
5
1
2
1
2
1
1
1
3
1
6
1
1
1
3
1
1
2
1
6
7
1
2
1
4
1
1
2
2
1
1
1
2
2
1
1
2
1
2
1
2
1
3
2
1
5
1
1
1
2
1
4
1
1
9
10
5
1
6
2
1
1
6
1
1
1
1
1
1
1
7
1
1
1
1
2
2041
1
1
1
944
1
1
3
1
2
1
2
1
1
2
2
1
5
1
1
1
6
1
2
1
2
1
1
1
1
3
7
1
7
1
2
2
1
1
3
4347
1
12
1
3
2
1
1
5
4
1
3
7
2
5
1
3
3
1
1
1
2
1
1
1
1
1
3
1
2
1
4
2
1
6
3
1
2
1
1
1
1
1
2
3
2
1
1
3
1
3
39
1
1
1
1
1
1
1
1
1
1
1
7
1
4
1
3
3
2
1
1
3
6
1
1
1
1
2
1
3
8
1
1
5
2
3
1
1
5
2
2
2
1
1
1
4
2
3
7
1
1
2
2
11
1
1
2
1
1
2
5
2
1
16
1
2
1
1
3
3
1013
3
1
2
2
1
12
1
9
2
1
1
1
1
3
1
2
1
1
1
2
1
1
10
1
5
1
1
1
1
4
3
1
1
1
1
1
4
1
2
11
3
3
1
1
12
3
5
1
1
1
1
2
1
1
1
3
51
1
2
5
4
1
1
1
1
2
4
3
1
1
380
1
3
2
2
6
3
13
3
1
63
1
2
1
2
4
2
1
1
1
2
1
2
2
1
1
1
8
1
12
9
2
4
1
1
2
2
1
2
2
1
2
1
1
4
1
2
1
1
12
2
1
5
2
5
1
4
1
5
1
2
3
1
9
1
3
1
1
2
1
2
2
1
2
1
1
1
1
2
2
1
1
1794
2
4
1
12
7
1
1
2
4
1
1
1
8
2856
1
1
6
4
1
1339
1
1
1
2
3
2
2
5
1
4
2
5
1
3
1
1
5
1330
1
1
1
13
2489
176
22
1
1
1
1
125
1
1
1
3
4
2
1
1
2
3
1
3
4
1
10
3
1
1
2
4
1
1
1
2
5
3
1
4
1
2
2
1
4
1
1
7
2
1
1
2
2
3
1
1
3
1
1
1
6
39
2
2
1
2
1
4
2
2
3521
1
1
1
1
1
2
1
1
6
6
2
1980
2
3865
2
1
1
6
1
18
2
4
2
2
4
1
1
2
2
1
1
16
2364
1
1
2
2
5
4
2
1
2
3
891
2785
1
1
5
1
1
1
2
1
1
2
1
3
1
1
1
1027
1
1
1
2
1
1
1
1
1
1
5
710
1
3
1
5
2
1
2
1
4
4
1
2
2
2
1
1
5
3
30
2
1
1
7
2
1
1
27
1
3
1
3
1
2
1
2
2
5
2
685
2
2
2
1
2
6
2
1
1
1
1
3
3
2
1
1
1
1
1
1
627
5
1
3
3
2
206
8
4
3
1
1
1
1
6
10
2
10
2
1
13
2
1
6
5
6
1
1
1
1
3
2
1
1
2
1
2
1
2
1
1
3
231
1
7
1
1
1
1
3
10
1
1
3
1
15
1
1
4
2678
2
1
1
2
2
2
3
3
1
8
2
3
4
3
1
3
1
4
2
15
1
1
5
3
1
1
2
1
1
2
2
7
1
9
1
1
1
1
1
1
2
1
3
9
21
1
3
5
1
3
2
3
2516
1
10
418
1
3
5
160
15
3
241
1
1
4
1
4
1
96
305
2
1
1
2
2
2
7
1
4
4
3
1
2
4
8
5
2
2
1
1
2
2
2
2
1
1
1
1
2
1
1
4
2
4
3068
1
1
4
5
2
2
2
4
3
1
1
2
2
1
5
2
2
1
7
1
1
14
1
1
1
1
1
1
2
6
6
1
9
1
2
2
1
1
2
12
2
1
1
3
1
1
6
2
1
4
3
2
2
1
2
1
3
3422
6
3
1
7
4
4
1
1
1
3
2
8
4
1
1
1
3
2
2
19
5
4
1
1
1
5
1
2
1
2
4
640
6
1
3
7
2
1
5
2
1
1
1
128
1
1
5
4
1
5
1
1
6
1
1
1
2
3
2
13
1
3
2
1
1
1
2
2
4
2
1
1
4
9
4
1
6
1
2
5
2
1
1
2
2
2
1
5
1
1
2
2
1
1
1
2
2
4
2
5
1
1825
14
1
6
1
1
1
1
1
1
1
4
3
5
1
2
1
1
1
12
3
1
1
1
3
2
1
1
3
2
1
2
1
1
1
1
3
5
2
7
2
1885
2
3
6
2
1
2
9
1
1
1
2
1
2
2
371
3
1
9
1
4
2
2
1
5
2
1
1
2
7
3
6
1
1
1
9
1
1
2
1
1
2
1
1
1
1
22
3
4333
2
1
1
3
2
1
1
4
1
3
2
4
1
3
2
2
4
1
1
13
1
1
2
15
1
396
3
1
1
2
4
1
2
1
3
1
3
1
1
181
9
2
3
1
3
1
1
3749
1
5
5
2
4
1
1
9
2614
3039
1
7
1
1
7
6
5
5
11
2
4
1
2
1
1
2
2
1
7
17
1
1
10
3
1
3
4
3
1
2
1
7
6
1
6
2
2
1
6
5
1
9
3
1
6
2
1
3
1
1
2
2
1
15
5
6
1
396
4
5
12
5
1
4
1
1
1
1
1
1
2
1
1
2
1
1
1
602
1
2
2
1
1
3
4
25
2
10
1390
1
4
1
11
4
1
4
1
78
1
1
1541
1
696
3
1
2
555
9
1
181
2720
2
1
1
7
6
1
2
4
1
4
1
14
12
2
2
1
3213
2
1
3
1
5
2
7
1
1
1
5
1
6
4
2
4
3
1
7
1
128
1
14
8
1
5
2
2
2
2
70
1
2
2
10
1
2
4
2
2
3
2
1
2
3
1
1
1
1
1
15
1
8
5
2
6
1
2
258
1
3
7
5
1
2
1925
3143
2
1
2
1
1
2
2
1849
2
1
3
2
1
2
3
7
2
6
1
1
3
312
1
3
1
6
1
1
3
3
2
3
1
1
1379
8
6
2
1
2
5
1
2
1
2
2
6
5
3
1
1
2
8
1
2
2
1
1
1
6
1
3
7
6
3
3
2
2
6
2
1
7
1
2
2
2
5
4
1
1
1
2
2
10
1
3
3
1
1
2
2
3
1
6
1
592
11
6
1
4
1
546
1
1
7
6
4
1
3
2
1
4
1
1
1
1
10
5
1
3
9
1
1
6
5
12
5
3
1
2
1
1
1
1
1
1
1
2
3
6
3
1
3
2
3
1
3
5
3
1
2
5
1
7
1
6
2
2
6
1
8
1
15
2
1
1
5
2
1
1
1
5
5
9
1
1
2
1
2
1
2
9
4004
3353
4
2213
1
4
1
6
1
1
1
3
5
211
1
3
1
1
1
8
4131
5
1
2
1
2
10
1
1
3
13
2
1
5
2
3
2
6
1
6
4
1
3
3
1
4
6
1
3
1
14
1
1
1
1
1
5
6
2
3
3
1
1
2
6
1
2
1
8
1
7
21
1
10
2
1
1
1
13
8
1
2
5
1
1
2
4
2
2
2
2
2
3
2
4205
4
8
1
1
3
1
4
1
1
1
1
7
1
7
2
4
1
3
2
1
2
1
1
3
1
2
2
4482
2
1
1
1
9
1008
5
3
1
1
2
1
1
3
1
2
1
2
10
1
1
3
2
2
3
1
6
1
9
1
7
1
2
1
333
2
12
2
5
3
1
15
1
1
4
2
1
5
11
1
2
4
1148
22
1
1
7
3
8
1
1
2
1
1
2
1
10
2
1
3
8
1
3
11
3
12
3
1
1
3
1
1
1
3
2
1
2
24
21
9
521
6
7
1
5
4
13
4
2499
2
3
1
1
5
3
1
1
3
4
2
3451
8
5
1
1
3
3
21
7
1
3
14
2
1
2
4
3
1
3
1
3
10
14
2
2
3
4
1
1
1
1
4
10
1
2
7
1
1
1
3
32
3
1
4
5
1
7
2
4
8
1
1
2
1
2
2
1
1
6
1
2
2
7
4
12
6
14
1
5
6
1
2357
4
8
2
5
7
5
2
5
2
2
8
2
3
1
2
5
532
1
4
1
2
6
2
2
13
2240
1
1
9
1
6
1
3596
3
1
8
1
1
1
5
1
1
2
2
6
4
6
1
1
3
1
5
2
1
2
2131
1
1
4
4
2
1
10
1
2
2
5
17
6
200
3
3
12
1
5
8
5
2
1
1
4
4
1
2
1
3
1
4
1
2
12
6
2
2
1
4
13
3
3
2
4
5
6
1
1
2
4
1
10
21
5
7
3
2
8
3
3
5
9
4
4
5
8
1
1
1
2
1
2
1
20
5
1
2
3
2
3
1
1
5
2
3
1
1
4
3
5
3
2
1
1
1
4
2
6
1
1
1
12
2
2
23
3
2
5
6
1
1813
3
1
15
485
5
2
2
3
2
15
5
1
1
651
4
1
3
1
2
8
1
9
1
1
1
1
6
1
1
2
7
18
1
21
6
13
1
3
1
3
3
7
1
7
25
3305
3
2
3
2
3
2
6
1
1
1
4
1
6
10
12
1
6
8
8
14
6
2690
591
2
2
1
1
2
1
1
2
2179
3
7
1
2
1
1
2
2
2
1
1
3
2
1
2
5
2
15
1
6
1
3
1
3
1
1
3
3
1
4
1
1
4
1
6
1
3
1
2
2
5
10
1
1
1641
3
3
2573
15
2
1
3
1
73
1
2
2
1
1
2
2
6
2
8
1
2
1
1
2
1
4
16
18
8
1
1
1
15
4
2170
1
6
1
1
3
1
1
5
377
2
2
1
1
1
4
1
1
4
2
1
4
5
1
20
3
1
11
1
1
1
2
3
3
1
17
4
3
1
4
6
4
1
8
3
1
1
553
4
3
40
1
3
7
1
10
1
7
2
5
565
560
6
8
3
1
22
3
9
8
2
2
144
1
5
3
1
1
9
2
7
18
1
4
31
10
535
2
1
1
1
1
1
5
3
3
3
1
8
2
1
2
5
1
1
5
24
1
3
3
1
11
1
4
1
1
4
30
1
2
4
1
2
1
2
8
3
3
2
3
2
2
1
29
1523
3
3
2
8
2
3338
1
1
2
1
1
13
444
1
2
2
2
2
19
1
2
1626
3
2
4
1
1
6
2
16
2
6
1
4
1
1
3
2
1
13
4
5
16
2
14
5
1
1
1
1
3
2
2
1
2
1
4
6
2
10
3
1
3
5
1
3
1
2
1
3
2
19
2
2
1
2
1
2
3
1
2
5
18
1
7
7
2
1
13
4
2
1
7
3
3
2
3
7
13
9
7
13
3
5
925
1
3
1
1
2
12
1
17
3
2
22
23
22
1
1
5
3
8
11
1
1
6
1
1
1
1
2
4
43
10
1
23
1882
7
1
1
2
2
11
12
3
2
2
3
2
1
1
1
2
14
5
1
8
1
207
15
1
6
1
5
4
1
7
2
7
5
45
2
1
4
7
6
1
409
2
1
6
1
3
2
4
331
2
4
1
933
1
8
3
3
6
1
1
4
2
1
1
1
2
14
2
10
1
1
6
4
4
2
3
7
7
1461
7
1
2
4
1
1
13
1
14
2
1
1
13
40
3
1
5
3
10
22
1
6
2
1
5
3
7
2
2
8
6
1
8
2
1
12
1
5
2
1
2
5
5
3
3
6
9
4
5
29
1
2
1
1
8
1
2
8
6
1
1
5
7
5
1
1
8
1
1
6
27
5
1
4
9
30
2
1
1
1
1
1
1
15
1
1
10
5
2020
2
2
2
7
1
1
1
1
1
9
1
1433
6
2
14
4
1
2
1
1
12
4
9
3
1
1
6
16
1
1
14
27
7
2
1
4
3
5
1
9
3
10
2
1
13
1
4
610
1
4
3
1
1
2
2
1
4
1
17
14
7
2
2
8
8
3
1
10
1
1
1
3
2
13
1
2
6
1
1
3
1
18
3
1
5
7
5
1
2
1
4
2009
4
4
1
1
44
4
1
10
6
1
7
5
18
12
1
5
3
2
5
3
4
2602
7
7
3
114
1
2
856
3904
1
2
12
2349
4
14
2
4
4
5
2
3
4
2
3
14
2
10
2755
2
3
3
38
2
2
613
2
3
46
1
19
4
3
2
1
2
55
5
2
3
3
5
8
6
15
1
31
2
7
15
2
178
2
16
11
1
19
1
5
8
2
2
6
1
2
15
2
4
7
8
1
1
1
16
1
3
2
2
2
1
1
1
4
11
1
36
1
1
1
1
4
753
1
14
15
11
2
3
129
4
2
15
1
10
3
1
2169
5
1
1
4
1
3
2
5
1
3
1
112
61
2
15
1518
1
3
12
1
18
1
1
6
6
6
1
1
15
10
7
9
3
6
16
14
16
7
2
1592
5
4
2
3
2
3
3
1
5
12
2
1
8
11
1
5
3
3
2
1
1
8
5
1
7
4
27
1
4
11
4093
5
3
1
2990
10
3
1
1
1
2
2
4
3
5
3
3
3
21
7
11
1
2540
2
36
2
5
1
8
1
1
8
40
1065
2
4
1
2
11
4
1
11
2
1
3
1
5
20
1
16
1
1
1
3091
1
5
170
1
44
5
2
7
7
1
3
8
3
2
3
39
4
13
3
12
1
235
4
2
39
1
5
1
3
1756
1
1
1
4
2
4
25
44
1
4
3
1
1
4
1
6
13
24
1
768
7
3
5
6
2
1
1
5
2
15
5
3456
16
36
51
2
1
2128
1
4
3
1
19
1
1
1
1
1
18
31
2725
23
1
1
1
1
5
10
5
1
12
1
4
1
2
2
1
1
5
33
1
8
18
9
23
7
27
9
4
1
5
14
336
2
3
2918
5
1
2
15
2
11
8
2
1
1
2356
1
1
77
3
107
4
7
1
5
3603
7
8
8
4
14
3
5
3
1
2
6
3596
1
1
30
8
7
1
23
15
9
4
2
2
1
4
1
12
20
2972
3
3
16
3147
7
12
1
3
5
5
3
2
32
1
5
109
1
51
5
6
776
1
1
31
4
3
18
20
16
7
1
22
3
9
9
3
1
12
1
1
9
1
3
3
3
1
50
13
1
6
1585
3
148
1
1
2
1
1
3
7
10
53
19
1
1
7
5
20
5
1
19
1
3
3
12
2
23
1
1
1
1
5
10
8
18
8
1
49
2
2
2
11
1
7
2
4
101
14
3
1
2
5
25
660
8
5
3
7
10
6
32
2
47
1
10
562
3
7
1
4
5
8
1
17
16
2
4
4
3
1100
18
1
5
89
21
57
4
1
121
6
8
12
2
2
21
3
2
13
24
2
3
4
2
2
2
21
14
4
22
5
1
1
6
1
2
10
64
4
2
1781
2
3
3
13
8
11
5
6
21
3
1
1
15
1
5
1
8
2
2
5
5
10
1725
1
14
5
12
5
61
8
53
18
3
24
13
1
1
33
48
6
1
19
9
3
35
9
1
10
30
15
13
60
1
1
5
37
3
12
12
1
16
1
4
2
3
20
12
1
25
1
8
1
10
5
5
4
25
3
1
5
33
25
8
23
4
20
1
4
1
5
1
1
1
32
7
1
1
1
1
4
8
1
1
3
1
4
9
1
1
20
10
4
1
2
1
7
1
13
2
1
1
2
11
1
1
37
1
1
2
4
6
22
7
12
24
12
5
1
23
26
11
1
2
4
1
2
6
1
2
1
2686
16
2204
2
27
554
68
8
4
1
3
14
1
13
17
18
1134
4
1
142
9
1
2
3
14
3
4
30
4
8
26
2
3
1
2
920
27
11
1
19
7
21
17
426
3
44
4
3
1
2
2
1
24
5
2
1
73
11
8
38
3
2
3
4
1
5
2
8
19
5
27
1
362
1994
1
7
1
3
7
1
8
25
1
5
2
91
3
4
455
1
17
1
3
1
12
59
19
68
1
4
9
1
85
2
2
12
8
1
1
29
1
2
4
9
1
1
1
1
1
4
4
1
1
4
1
75
11
4
8
3
3
5
5
2
12
10
1
1
27
6
5
3
4
3616
13
11
8
14
21
3
2
2
2
7
1
3
5
7
23
2
2
26
3210
3
7
5
27
17
3
3
25
2
3001
1
2588
4
31
11
3
25
5
1
1
1
3
25
4
1
1287
2
9
3
1
21
26
12
34
5
4
1
1
25
11
1
22
3
5
20
2
1
12
3555
11
1
1
9
7
4
1
1
30
3
24
10
1
32
3
7
3
1
13
26
4
1
5
29
8
4
53
13
2
10
2
1
6
3
6
1
8
1
24
6
21
4
7
65
3
87
11
35
1
8
14
21
41
4
1
3
1
6
4
33
744
3
4
27
1
4
1267
7
1
13
53
1
5
1241
11
9
28
4
2173
2
2
1071
4
1
3
8
5
1
8
3
2282
1
2
25
17
3
9
1
3
13
1
3
12
19
14
26
4
19
1
367
6
2
3786
12
1
5
12
14
17
36
7
2
15
236
1
113
3498
1
1
1
67
93
6
8
17
7
5
1
78
417
4
17
22
31
2237
8
33
8
16
26
3
1
7
17
10
31
1
6
15
12
2
2
37
1
5
1
8
32
423
20
9
5
74
10
1608
3
1
6
2
2
15
2
2322
128
1
2
2
4
12
7
2911
3
25
7
49
47
2821
32
33
2
2
2716
1
16
16
27
2
1
25
3
7
31
12
5
6
7
1
2
5
3
2
2
6
28
31
1
6
1
1
2334
4
18
1
4
58
4
51
2
1
3
40
2249
37
36
29
7
23
1653
2
2
1
51
1
13
2
38
8
26
10
515
1
35
1
727
11
2
33
4
7
22
8
7
12
3
13
5
44
1
4552
2228
10
10
9
523
7
3
6
1
6
2
2
11
3
1
4
28
1
1
2
13
1
8
13
2
2
4
6
24
9
3
22
12
1
3
17
6
1
2
33
2
1
12
229
11
9
33
18
1
5
6
1667
2
22
1
3
5
3
1
13
8
5
1
5
1
1
199
411
38
2
2
1
46
10
2
4
30
2
4
17
1
1
4
2
49
1
11
55
6
1
3
18
23
2
2
21
6
3409
95
8
14
2
3
8
26
105
8
9
4
2
7
69
5
2
2151
20
2
5
1
33
16
44
2
20
6
1
36
31
2
2
2
5
3
7
33
2
2272
18
9
25
37
5
1
24
2
1727
18
9
2
1
1
11
3
1
17
15
65
37
16
1
1
5
37
3
2
11
1
2
7
1
1
2
1
50
160
36
1
32
12
2
11
1430
1728
7
17
17
421
12
25
1
2
7
10
3
15
8
20
5
4
4
1
3
38
18
1
40
15
90
6
12
25
299
2
2
70
1
1
3
4
5
10
34
5
2
30
49
3107
5
3
474
4
5
2
42
6
4
29
3
1
19
28
15
14
3603
22
34
29
4
4
34
21
4
1
41
1
16
49
1102
2
10
1
6
1
1
19
19
13
47
24
2
4590
5
14
73
4
28
2
5
47
22
1
29
18
2
183
4428
5
42
5
47
2
1
7
3
103
40
2
3
12
163
791
16
1
45
466
1
2
16
38
2
53
5
74
39
53
2
1
9
2
4
1
4
1
4
14
25
51
1
53
24
4
2
12
44
30
13
106
19
279
16
1
1
7
3
11
38
517
19
13
7
14
30
2
3
4
509
33
3
82
8
2887
1
10
10
16
8
99
3
5
6
1
138
1
7
28
110
11
2
1
58
61
10
1
12
7
185
1
115
2
4
51
2791
78
6
1
34
7
3
12
8
1737
12
13
3
2
14
1
1
2
13
3
12
76
11
8
1
1
3
33
3
3
35
15
1
3
66
7
2
27
4
13
20
5
72
3
5
71
1
26
5
3681
20
2
11
2
50
59
1
15
23
1
106
18
12
21
47
5
68
2
7
137
4
1898
1
6
3
29
31
13
3
105
7
5
10
79
6
44
14
33
19
2
24
17
1
7
1
4
2
128
39
974
10
34
2
2
1
132
1
4
190
1
20
7
7
81
13
14
2
195
133
2592
27
57
1
144
15
1
53
15
2
2
5
1
4
19
5
25
10
77
1808
110
10
1
124
2
7
1
23
144
1
126
7
149
1
10
14
7
6
1
7
6
3
252
25
3
24
7
164
1
56
2
19
249
8
1
83
16
1
10
2
2796
7
9
1
8
25
151
32
1
6
4
1
6
18
133
13
7
1
28
5
155
1
7
8
6
8
46
6
4
131
1
117
211
80
1
3187
2
48
3486
217
1
18
4
4
40
559
56
1
1
2
2
1
1
27
43
1840
15
20
305
7
11
10
3
8
5
10
2
14
25
77
4
19
62
20
72
7
39
9
72
13
190
2
87
50
1
19
4
17
5
37
1
27
47
21
24
3
8
145
1
191
20
7
4
1
39
25
17
147
18
4
9
172
42
1
3
27
69
4
1
55
50
77
11
1
13
76
1
1
1
1749
5
155
4
17
84
982
76
12
1
14
25
13
7
1
38
8
2
7
21
1
17
1
240
3
3
11
3
7
3
1
11
4
23
1
54
6
91
2548
2
5
140
14
18
2
4
49
8
15
1
52
6
7
8
29
4
12
13
218
32
135
6
6
1
21
11
15
1
8
38
29
1
1
4
20
198
3
2
1
24
3
8
1
53
2
32
70
13
6
2
4225
119
6
21
13
4328
33
37
9
4
258
18
26
2
2
16
8
24
1
1
137
34
16
91
5
11
10
4
10
5
11
17
2
2
98
89
10
8
13
1
3
5
84
11
55
3
60
6
20
7
19
21
41
6
58
49
39
65
10
6
17
213
1
1
128
198
4
4
35
1
84
14
1
165
4517
177
58
1
132
1
7
2
23
1
180
7
33
7
18
7
76
1
3
3703
9
32
6
18
2
63
2
4
2
127
1
3
831
44
208
37
974
4501
62
35
12
3
7
80
57
8
4
63
6
9
39
2
5
68
369
5
4578
218
937
19
45
21
49
4
41
187
49
2
7
23
48
173
48
35
147
1
22
95
14
14
1
3
181
18
12
6
38
13
281
85
37
6
1
59
521
9
460
5
1
346
2
3
2
106
17
77
4435
9
845
2
62
8
2
71
3
1716
36
3
7
251
5
114
37
23
46
19
1
33
17
8
132
17
20
374
37
4
204
3
5
1
447
1
12
5
226
10
32
113
31
28
1
7
8
1
179
4
19
273
179
15
2
134
20
382
3
46
7
92
12
23
33
73
6
6
1
5
3
42
1
1
13
464
1
13
1
10
120
17
1
1
47
1
90
121
320
7
15
4
22
6
1
4294
2
8
14
103
879
3
53
1
3
274
46
32
2574
2
71
9
36
1
90
8
15
2
171
7
456
201
349
405
2
114
4
54
5
1
24
19
1
24
8
11
1
35
298
8
28
23
253
97
4
248
7
2
23
7
4
1
16
108
42
2
77
14
88
35
39
1
7
2
1
90
478
24
26
2708
158
5
24
44
68
372
1
1
436
180
1
78
90
33
72
3
11
6
357
3
46
1
279
2
1
22
27
54
6
1
29
4
12
2
1
6
8
2
4
6
121
54
10
241
22
1
37
3
69
12
5
213
2
59
1510
7
10
6
3014
13
453
57
29
169
7
9
14
2
765
29
24
358
11
54
20
1840
2
33
320
1003
331
29
11
29
252
828
4
3932
436
45
35
4
8
42
6
3
296
10
22
1
308
74
1
8
8
6
28
45
336
284
327
4
307
58
22
18
80
6
9
16
42
3
316
1
360
123
25
8
10
1
15
36
33
8
4203
5
208
143
326
7
460
31
198
20
51
102
52
1
34
103
28
142
434
186
3
496
81
8
13
3
1
2722
3
1
114
57
1
26
120
288
21
39
32
2
82
195
43
77
34
25
3
11
14
45
8
1
19
3
20
72
11
20
256
1
4
853
4
165
5
2
27
1
1226
57
76
15
4
1
112
325
2952
604
504
8
2
4
4
316
225
1
19
375
1
17
21
145
3
13
13
137
1
1
345
36
341
27
34
13
519
42
358
44
13
135
4
59
58
17
568
531
63
16
290
246
4
13
4
111
341
384
426
207
211
25
505
6
4
210
4
6
4
19
113
26
90
111
8
4
6
15
1784
53
13
131
31
2
5
25
92
32
33
76
90
110
58
53
473
26
49
1
172
54
2
1
801
56
44
50
71
76
7
562
111
3
12
591
1211
1
49
9
5
62
27
35
255
41
1
60
1
371
1
69
282
475
83
839
180
166
57
1
1
247
322
569
280
843
11
73
3067
1
409
44
7
19
3
255
6
20
182
70
5
44
34
153
292
4
186
13
14
6
145
74
333
1
294
10
122
21
7
148
405
3263
192
45
4
1
121
17
2
1
140
3025
11
59
2
69
27
19
149
40
6
166
333
453
26
47
5
55
334
29
210
147
1
9
2
45
1
14
178
16
23
465
46
5
274
170
110
43
5
138
54
4
1
132
440
1094
16
8
3
59
112
36
49
266
948
330
19
533
110
30
26
45
329
212
90
4
227
534
80
146
4079
45
75
850
143
77
33
974
15
49
38
13
4
47
924
738
18
5
371
11
455
244
21
30
5
3
1
46
228
361
137
67
1
340
786
268
4
23
41
4
34
8
91
207
22
487
72
126
149
420
125
34
71
439
3
97
6
82
1128
118
4
9
17
1157
10
1
30
67
4
167
113
574
73
25
52
607
24
435
686
296
909
96
569
78
522
98
355
301
4
107
126
715
39
851
14
1
21
64
343
2
36
76
241
542
390
111
1333
391
590
39
4
28
107
458
53
32
390
4
57
41
77
11
6
77
488
10
76
1062
7
5
344
915
291
5
434
412
2
1
25
397
16
2516
467
22
612
90
1104
5
844
97
9
7
218
134
602
1
724
33
17
46
5
177
604
229
23
4
59
137
129
1
6
30
53
340
507
66
29
11
51
632
28
24
149
186
207
680
61
965
260
336
20
5
15
262
27
3
381
18
4385
69
61
184
5
410
49
84
1
83
98
71
90
35
47
132
1
12
498
259
8
205
1255
460
138
962
114
82
191
7
12
776
667
2
494
54
1
1
20
111
1273
858
1
202
63
438
191
467
995
151
389
1103
1238
1363
16
7
50
12
67
2
47
2542
44
109
123
9
158
836
1208
8
59
333
330
76
498
1
6
320
33
10
16
817
36
76
3
444
44
1362
74
743
5
261
1
1
40
346
134
21
3
216
3
169
232
1152
921
756
957
108
490
284
17
431
202
1542
645
18
56
82
44
66
9
29
590
462
1664
357
94
11
1
49
835
103
759
575
207
40
417
707
387
516
2
29
2
411
12
13
973
190
855
762
332
422
2329
2544
990
679
300
178
31
1128
57
562
114
1
100
3
96
996
357
615
519
39
897
356
87
241
1151
261
60
1399
637
15
1
1
1270
387
143
18
533
13
122
94
1155
2397
423
337
1662
16
1354
157
113
8
296
645
842
251
990
6
15
714
496
593
1693
44
2364
12
350
3
710
2296
314
73
21
902
324
531
22
372
1186
1191
31
337
1313
444
99
433
228
2478
2937
2668
468
253
1340
208
109
673
79
788
34
4
1964
57
3495
246
3266
316
30
12
76
2848
199
141
50
156
847
241
721
158
75
913
5
86
45
264
390
20
54
44
408
229
114
431
1683
99
1044
20
47
609
661
4
90
3424
1747
887
2
2788
17
466
1233
59
20
282
1411
2506
680
4134
577
3728
3177
36
329
79
1688
207
3961
152
397
11
1734
2898
1476
320
1327
414
948
10
1526
292
256
5
2535
