4
1
15
1
2
9
1
13
8
2
61
3
26
6
8
5
1
15
2
4
1
2
18
9
4
26
4
8
2
10
1
18
18
5
1
3
3
1
1
1
2
1
3
6
26
1
19
10
4
43
1
3
1
2
1
31
1
7
4
1
1
2
2
3
8
4
1
1
2
12
1
3
3
4
19
1
2
10
7
1
17
7
3
33
55
2
5
13
4
15
9
6
11
2
22
9
1
2
2
3
2
17
6
11
5
1
2
32
58
2
2
8
21
10
11
4
17
7
3
3
2
1
7
1
7
4
4
1
2
18
8
29
6
1
14
2
1
45
3
10
7
13
20
28
1
9
30
13
2
9
2
8
3
1
1
6
3
1
9
7
4
4
3
3
5
1
10
19
4
3
22
1
1
1
15
28
4
5
11
3
2
2
36
24
1
2
12
2
2
21
4
32
1
4
9
2
1
3
4
7
2
57
3
1
10
18
40
71
1
27
2
1
4
6
1
2
2
6
3
9
2
1
1
5
8
2
1
7
23
2
7
2
1
65
7
7
3
30
9
14
1
1
8
1
1
19
3
5
3
12
1
4
5
1
5
3
3
2
8
4
1
2
4
5
1
25
6
4
9
27
2
1
3
4
5
1
3
18
1
3
1
20
44
2
1
15
3
24
6
2
35
6
9
2
9
2
21
11
7
1
50
5
8
12
7
3
2
6
35
1
5
13
4
2
12
1
5
12
17
16
8
1
2
4
7
1
11
9
3
11
7
1
7
6
1
14
25
3
50
31
22
6
36
3
10
12
2
5
3
4
3
6
4
1
26
4
2
117
1
4
5
13
5
2
5
1
4
11
1
4
1
4
71
20
8
2
5
5
3
44
4
6
21
3
3
2
26
1
1
4
2
3
27
5
9
1
4
1
9
3
20
3
2
2
2
6
19
12
33
3
3
37
2
3
1
18
1
10
9
10
3
10
3
2
2
24
4
2
4
1
3
1
5
32
3
5
1
4
21
6
6
2
46
4
9
32
1
26
26
2
3
2
3
3
8
4
1
10
16
11
1
9
2
19
2
20
3
2
12
8
6
3
2
1
2
3
8
15
68
2
23
8
3
2
17
1
5
2
1
1
1
1
1
6
1
1
37
14
1
1
4
2
18
2
7
1
12
5
2
1
5
16
1
2
2
1
8
13
43
16
6
3
14
5
1
89
7
9
59
5
13
15
2
4
6
2
19
2
5
3
2
15
1
3
1
6
34
3
10
3
4
8
5
3
2
2
21
2
8
2
2
2
1
2
33
3
5
3
5
2
2
3
3
10
1
1
1
2
35
1
18
1
14
8
5
30
1
1
53
84
15
18
2
10
3
1
4
2
2
8
8
6
3
38
2
4
2
64
1
4
2
2
5
1
6
1
14
1
3
60
1
17
2
2
3
28
4
24
2
3
33
3
1
1
5
3
5
68
4
3
12
5
1
3
3
4
3
1
1
1
1
15
2
2
5
4
2
5
22
4
27
4
1
2
4
1
13
37
3
3
12
18
2
15
6
2
5
3
5
9
5
1
1
1
3
2
16
6
9
1
4
4
1
11
14
32
4
3
3
17
8
1
6
1
2
2
6
2
1
1
2
17
27
14
5
1
1
1
3
9
2
34
6
19
7
1
6
2
1
1
34
4
26
17
21
3
9
6
2
2
3
7
32
20
4
2
5
9
53
11
3
8
5
6
1
45
36
20
2
3
1
2
7
3
2
18
3
26
9
1
1
2
4
2
10
1
1
2
2
2
14
2
1
7
1
2
1
1
1
37
2
2
5
4
35
15
3
1
2
37
3
1
8
5
3
1
85
2
2
2
7
18
15
2
1
3
21
3
16
1
1
1
37
17
25
3
6
6
1
1
2
2
21
1
3
23
5
7
17
2
3
35
12
4
5
5
8
8
1
10
3
2
2
22
16
2
1
1
1
5
28
38
13
2
1
2
5
1
20
38
1
9
2
1
1
1
26
53
30
1
3
4
1
5
2
6
7
50
2
2
6
12
10
14
31
1
1
3
25
2
7
14
1
1
10
32
2
13
1
24
17
2
1
16
2
1
50
2
9
57
2
8
14
5
2
2
2
13
11
15
10
14
8
2
5
14
1
41
16
29
7
10
4
3
4
28
5
1
15
18
1
4
3
1
6
3
15
2
2
6
1
19
14
16
24
16
6
1
1
2
11
3
2
2
3
2
2
1
7
3
1
53
3
6
4
20
1
2
1
1
3
1
5
1
18
5
20
2
2
1
11
3
2
7
4
1
8
3
104
7
8
4
1
1
1
2
18
4
3
1
19
2
2
2
4
4
2
1
5
4
5
1
2
6
3
53
5
4
4
2
37
3
1
1
2
1
4
7
2
5
9
1
6
9
25
2
7
2
3
29
28
24
1
5
1
45
3
4
18
5
3
1
3
33
5
45
15
5
1
17
3
3
2
2
17
3
10
3
4
1
2
5
1
2
13
14
20
5
28
6
2
4
7
2
31
22
6
10
5
18
2
11
4
11
15
8
30
6
1
27
8
1
25
13
2
2
1
4
2
2
8
9
58
1
8
3
6
2
13
10
1
2
1
5
7
6
2
5
26
12
3
14
10
16
15
5
3
8
2
2
2
1
2
2
2
48
4
13
3
6
1
15
3
23
2
30
5
1
8
17
1
11
10
6
46
10
3
1
2
12
4
2
2
1
5
8
10
33
8
4
19
2
1
18
9
6
1
5
6
22
15
1
15
82
8
1
50
5
10
12
29
3
5
1
3
8
3
2
4
24
16
1
1
1
4
1
11
3
3
2
4
17
2
12
2
2
5
92
9
31
2
2
1
10
2
13
5
6
12
5
4
3
5
1
26
6
3
17
6
3
4
2
6
28
11
2
9
2
1
1
15
29
1
2
2
6
7
4
3
4
2
5
2
14
4
2
3
10
2
4
2
3
1
4
21
48
9
5
11
8
3
10
2
1
4
6
1
10
26
10
2
2
8
6
9
11
29
2
1
5
1
10
2
2
4
1
19
2
11
11
3
2
1
1
13
10
54
2
2
1
3
33
6
6
1
3
2
11
26
22
2
1
25
6
18
17
5
30
1
4
39
2
33
26
2
3
4
7
1
17
3
26
3
2
63
5
22
9
4
3
5
3
23
1
2
17
1
3
2
22
22
2
2
3
2
2
9
32
3
13
41
59
3
6
19
1
1
7
2
2
14
2
6
16
16
4
1
16
1
5
11
2
1
24
1
1
4
3
31
10
2
30
2
2
8
3
9
1
2
10
10
3
1
3
6
11
3
4
2
11
4
9
1
3
3
21
7
5
2
5
2
2
4
16
3
3
1
10
3
3
64
1
4
13
11
4
65
4
9
3
14
1
4
4
1
1
1
1
2
6
3
2
2
15
57
13
8
32
2
10
4
6
2
1
1
3
6
2
2
11
2
1
10
3
59
2
1
13
6
2
7
1
1
1
34
1
32
4
2
3
5
1
5
8
2
4
1
1
31
6
16
20
8
1
2
26
1
2
2
1
5
2
44
3
4
2
5
6
1
1
10
1
1
26
2
64
47
17
1
1
1
1
1
3
2
3
31
5
34
59
2
3
2
5
3
1
2
3
34
2
34
1
5
2
1
3
5
16
9
3
1
12
9
85
73
23
3
1
1
3
1
14
1
16
1
1
8
8
10
2
2
2
4
9
1
30
2
6
6
5
2
2
3
14
1
1
3
63
1
5
4
3
3
3
5
8
4
2
16
14
44
5
12
3
6
7
3
2
2
2
1
6
19
1
8
5
1
6
1
6
2
14
20
41
5
30
16
1
5
12
1
4
7
5
34
1
3
1
2
2
2
1
2
24
