20
3
5
5
10
7
4
3
2
1
3
3
2
2
6
1
1
1
2
3
8
3
3
1
14
2
1
4
5
7
3
5
2
1
20
4
8
2
2
28
2
1
3
1
1
12
24
2
8
2
4
4
2
4
1
1
3
1
1
1
4
2
2
1
1
1
23
1
2
2
14
1
3
1
5
3
11
9
1
2
6
4
1
5
1
18
8
21
4
2
1
1
1
3
16
2
1
1
2
3
4
2
1
2
1
6
16
1
2
1
2
1
3
4
1
2
3
7
24
3
11
13
6
1
27
3
1
2
3
3
6
2
4
17
2
1
3
5
2
2
1
4
1
2
2
7
10
1
4
2
4
4
8
1
4
8
1
1
1
4
1
1
1
1
8
1
6
5
1
25
1
2
1
2
1
5
10
7
3
4
17
4
14
16
9
1
7
15
2
1
5
8
2
2
6
2
2
4
3
3
1
2
1
2
2
1
6
1
22
1
1
23
3
9
17
4
3
2
2
3
1
5
5
16
1
3
2
15
1
3
2
1
1
4
4
5
4
1
2
7
3
8
5
3
4
11
1
2
1
1
1
8
2
10
9
8
