346
1
53
2
1
1
5
21
3
2
7
20
2
304
6
33
8
6
28
10
18
2
36
8
399
1
3
33
26
2
28
73
22
15
2
3
5
12
9
94
35
2
7
6
6
288
6
7
9
1
3
4
180
5
2
12
2
47
16
14
9
72
57
47
44
4
12
26
186
8
1
2
7
8
31
8
6
21
4
4
3
1
1
2
1
28
30
11
10
82
2
3
11
39
5
5
3
8
2
8
2
152
2
25
3
34
126
3
120
27
17
2
34
37
16
5
17
5
48
1
1
2
24
191
23
82
138
1
1
9
34
3
12
33
12
33
1
7
67
33
2
15
1
1
90
47
10
1
1
2
113
4
36
1
2
9
15
58
2
4
2
6
4
20
8
382
3
1
130
10
1
50
2
23
3
1
36
3
4
11
4
5
311
6
4
5
47
9
2
1
1
1
23
2
6
3
10
2
47
1
4
1
11
3
5
51
28
2
5
3
83
18
8
2
5
42
5
11
342
3
3
5
5
7
1
202
21
28
24
4
164
10
76
2
1
9
3
9
15
10
15
2
1
2
10
1
7
96
34
7
3
12
61
17
8
6
41
10
15
42
47
87
3
3
11
11
3
3
5
1
1
4
5
31
78
5
15
1
52
55
17
5
2
5
1
328
16
2
46
9
13
13
2
2
150
3
2
2
43
6
51
2
3
5
1
14
21
8
3
3
17
2
3
67
17
52
7
2
57
27
11
4
93
17
1
5
2
1
76
6
32
11
1
31
81
9
3
67
109
5
1
30
1
1
79
10
4
74
390
1
6
7
2
23
25
33
136
14
178
3
138
1
315
2
254
3
4
40
2
4
1
2
123
1
21
6
10
35
66
7
1
21
16
4
15
3
40
13
1
2
1
16
19
29
4
4
191
19
41
73
36
323
5
84
4
43
187
3
2
57
207
19
24
13
3
10
53
4
74
1
30
2
53
4
2
3
8
34
1
59
2
10
1
53
5
6
6
5
5
56
11
20
1
7
177
3
9
25
5
3
22
1
2
10
21
18
7
3
3
5
3
26
2
149
3
165
5
369
7
165
41
182
11
3
4
8
5
2
74
1
17
43
44
4
30
178
2
28
6
42
29
9
1
186
129
2
12
100
3
3
61
3
4
2
15
12
32
39
1
23
55
10
3
111
2
4
39
8
4
27
203
154
4
119
2
46
51
20
235
2
2
52
3
9
13
1
6
6
10
2
5
13
33
28
16
5
4
18
50
2
145
12
26
2
1
13
325
18
2
42
4
3
4
5
4
3
12
5
79
2
73
75
22
103
159
1
117
2
2
8
3
70
7
2
5
18
8
1
36
48
5
6
3
6
1
28
4
20
1
40
13
4
8
56
5
77
59
38
29
6
50
8
32
86
2
3
1
23
2
59
8
1
2
5
1
3
12
124
56
1
6
103
3
14
1
3
25
7
22
38
18
289
41
20
3
219
1
30
1
92
10
21
1
43
2
1
2
19
38
54
16
6
261
8
4
14
15
11
111
5
1
1
1
70
1
25
6
9
11
10
4
14
7
12
2
6
47
5
58
50
6
12
15
2
31
11
2
6
11
26
15
2
3
5
9
28
7
137
55
1
1
3
1
30
16
87
16
6
141
4
2
1
81
2
3
6
23
31
288
48
77
4
5
5
201
3
9
4
58
10
8
2
32
4
6
3
1
3
10
1
56
1
1
108
163
4
220
1
25
26
18
11
219
20
1
1
2
3
2
7
2
47
14
7
1
2
35
3
50
2
52
8
192
8
4
2
1
5
10
22
1
7
21
29
22
121
21
14
30
4
52
2
3
16
64
46
1
9
24
3
159
7
90
5
9
2
4
2
12
173
88
3
191
8
82
4
348
21
13
194
23
74
70
2
6
127
7
1
37
1
2
5
1
2
4
17
2
1
2
31
5
3
5
5
22
2
4
33
3
27
22
12
73
36
2
8
141
15
4
2
6
4
132
64
2
65
2
18
90
9
3
28
7
13
2
42
6
2
331
1
22
1
9
2
161
36
6
16
293
1
3
4
6
93
3
12
3
1
5
2
12
3
9
5
18
1
61
2
7
163
5
3
216
17
2
3
10
8
52
2
104
16
221
7
22
1
2
19
10
2
9
12
11
23
8
39
2
3
22
27
47
34
17
3
7
3
2
39
2
10
11
3
2
56
7
72
5
2
7
8
2
2
2
1
16
