1
1
4
22
39
3
1
2
3
1
11
2
4
7
1
1
6
1
39
6
1
2
9
9
12
2
1
1
2
1
31
2
1
15
14
3
6
2
2
4
2
3
1
29
4
6
8
7
1
5
1
23
11
3
5
37
1
1
1
10
6
2
1
1
9
19
2
1
2
4
16
13
1
39
5
3
3
31
8
28
7
1
4
3
1
1
1
1
6
2
6
1
8
4
15
3
1
14
3
7
22
2
10
1
12
1
1
1
1
3
1
24
13
1
8
4
17
4
1
2
2
17
3
2
16
8
8
20
31
32
2
1
5
1
1
27
46
1
5
1
4
5
22
2
5
6
2
1
1
1
4
6
6
7
15
1
5
2
4
4
2
8
17
10
1
2
21
13
2
2
2
6
3
2
7
3
2
5
12
3
1
2
1
2
7
3
4
3
1
6
1
2
7
2
3
14
1
1
6
14
9
8
8
5
12
28
11
14
4
2
4
11
3
13
16
2
17
1
25
2
7
5
12
1
2
7
6
1
4
4
3
3
2
2
3
5
1
1
22
1
2
2
1
10
1
2
2
1
2
19
11
3
4
1
2
4
9
3
24
4
1
4
1
8
3
1
11
4
12
6
3
10
1
3
1
1
42
26
12
24
2
1
1
1
4
8
1
6
10
1
5
4
11
1
3
17
1
2
1
6
2
22
4
3
2
13
15
9
11
20
2
28
1
2
3
2
1
1
4
10
1
3
3
1
12
1
2
48
25
1
27
2
5
4
9
2
6
2
3
8
2
2
2
3
6
1
3
1
1
7
8
3
2
2
5
7
1
20
1
1
1
4
1
3
2
12
17
1
8
4
27
1
11
3
33
1
5
1
2
3
4
8
10
19
13
1
3
7
8
9
120
4
5
3
14
4
23
6
3
1
4
13
1
35
3
1
6
1
18
3
7
1
5
2
3
2
8
9
62
5
2
11
8
1
10
1
1
3
1
3
3
4
4
1
1
4
4
2
17
4
16
119
2
1
14
8
3
2
17
3
1
4
4
21
68
7
1
1
3
4
1
3
7
2
2
11
1
3
3
2
11
3
13
3
2
5
39
2
3
1
1
1
1
3
4
7
3
9
1
1
2
22
15
2
4
28
9
12
1
2
1
3
3
5
1
7
7
8
10
4
17
116
1
3
3
2
1
2
2
49
12
1
69
34
10
14
2
2
14
1
4
1
5
4
4
19
6
3
2
2
4
1
7
2
2
1
2
2
1
2
3
5
4
1
3
2
2
8
28
6
10
1
2
3
1
10
8
39
53
1
1
17
2
2
5
1
3
10
2
32
2
28
2
21
100
2
2
3
11
2
1
2
2
1
11
4
3
12
1
40
1
1
11
2
8
5
8
1
1
1
3
1
12
1
39
7
1
10
1
3
6
28
11
10
3
3
2
5
1
4
5
6
4
5
15
30
19
1
16
17
1
1
3
1
1
11
8
25
1
3
12
2
5
3
11
2
3
1
3
1
4
5
2
3
3
10
35
22
2
8
2
2
6
17
1
8
3
9
1
3
3
4
1
16
39
1
1
1
1
3
3
8
1
1
3
4
6
10
1
2
2
14
36
2
1
4
2
20
5
1
3
4
1
4
2
5
1
39
2
1
1
1
2
4
3
1
22
6
3
2
2
2
2
2
28
1
1
1
2
3
2
28
3
1
1
13
1
7
10
35
2
17
7
9
3
3
5
9
3
8
19
12
24
2
7
2
4
7
50
2
3
2
15
1
12
6
3
2
1
22
63
1
3
12
2
4
8
19
30
9
1
10
4
9
2
1
45
6
1
1
13
16
3
15
3
2
2
97
38
2
1
3
3
1
1
1
2
2
5
3
6
6
5
4
27
1
3
2
1
5
2
2
5
19
2
7
1
10
2
2
4
3
31
2
7
6
1
3
5
2
2
4
5
4
1
2
34
1
7
1
2
5
4
21
1
3
1
2
6
2
2
10
2
1
1
69
2
1
16
2
4
10
3
52
5
10
1
4
1
4
1
2
2
2
31
1
6
2
3
2
20
24
2
2
1
17
8
27
30
15
19
15
9
2
16
3
21
1
2
3
1
39
13
1
15
14
4
13
3
8
5
3
4
2
9
13
7
1
2
1
19
9
1
90
8
8
3
2
1
1
3
21
4
1
12
1
4
2
8
2
2
8
10
1
2
17
13
1
7
2
2
5
7
3
1
2
7
49
1
9
11
1
1
2
111
1
1
3
9
5
1
3
2
1
6
2
16
14
3
11
15
7
1
1
48
2
2
2
1
2
1
28
1
4
7
1
7
9
1
4
2
2
10
7
41
2
3
13
1
5
1
2
17
2
2
14
3
17
2
5
9
104
1
6
1
2
1
5
2
9
18
1
6
3
2
4
2
1
2
1
6
56
1
1
6
2
5
2
2
2
33
1
1
2
1
19
11
1
2
7
3
18
2
1
6
1
115
11
2
19
2
1
91
4
3
3
4
39
2
1
2
3
4
1
17
26
1
7
3
16
1
9
44
2
2
1
15
1
2
11
6
1
40
8
2
19
5
29
2
1
80
2
13
1
2
7
20
4
1
11
1
1
3
8
1
2
2
4
3
8
4
2
4
1
8
2
1
3
4
3
26
2
3
2
3
1
4
7
1
1
2
1
25
16
1
2
5
8
6
4
3
63
12
1
1
4
6
1
1
12
8
12
5
9
1
27
2
15
47
6
3
31
1
1
1
54
1
5
1
1
1
2
1
2
2
3
8
6
18
4
10
2
2
5
4
12
25
1
4
4
5
1
1
6
31
2
1
5
12
16
6
2
29
1
7
4
5
1
13
2
6
4
10
2
4
4
5
61
11
1
1
11
11
2
2
29
3
1
1
4
4
1
6
2
1
1
98
1
20
18
7
7
6
1
7
1
1
4
5
5
9
1
25
1
8
31
4
62
2
1
1
53
4
2
1
3
12
6
4
1
2
2
3
1
2
14
15
8
27
4
3
3
6
4
15
11
2
7
2
2
6
3
5
7
1
15
4
2
2
1
1
16
32
1
2
4
4
1
6
9
2
1
2
2
12
7
40
1
2
19
3
5
1
3
4
3
1
2
9
14
1
3
2
1
1
3
12
13
15
1
10
1
11
5
3
7
28
1
1
5
2
1
10
4
1
1
1
1
11
2
4
7
24
4
1
24
1
8
1
1
12
34
1
28
19
14
6
15
11
5
3
2
3
1
7
21
5
2
2
1
2
6
2
6
13
3
2
20
2
5
4
2
2
5
9
7
8
25
2
2
1
12
3
1
16
8
6
69
4
2
5
55
3
10
20
1
7
7
3
1
5
2
1
2
7
8
1
102
3
1
2
7
28
3
4
1
2
4
37
1
1
4
4
1
2
12
7
2
16
2
1
11
9
1
2
22
39
7
13
7
6
3
11
7
8
9
5
7
2
15
2
5
3
5
15
2
3
2
2
4
2
1
19
4
1
2
8
5
30
26
5
1
6
17
1
15
1
3
4
2
8
1
1
1
1
11
22
3
1
3
32
2
