15
4
13
7
6
17
7
4
1
6
1
2
1
5
2
4
3
2
1
9
3
7
5
3
15
4
2
9
2
22
2
8
51
3
8
2
9
43
9
13
1
3
2
1
2
2
1
27
4
4
3
2
1
2
11
1
9
1
12
4
10
5
2
10
8
2
2
9
20
3
1
7
9
4
83
2
25
30
3
10
1
2
19
2
32
53
14
4
9
34
2
3
10
2
4
2
39
2
1
2
31
6
2
6
1
60
1
1
2
25
3
18
2
9
1
2
24
7
3
1
3
1
1
9
7
3
2
1
10
3
3
2
2
7
29
3
1
6
2
1
2
1
5
1
3
1
3
5
1
5
120
5
3
1
1
10
3
42
1
2
7
4
1
3
5
2
2
45
3
3
12
5
5
5
5
1
11
7
29
1
18
1
6
2
1
2
1
1
4
1
2
5
12
1
1
1
1
9
4
2
2
1
9
6
1
1
1
1
2
12
6
3
3
7
7
2
4
4
15
2
5
7
1
5
2
6
3
2
4
2
45
11
3
3
10
1
9
1
4
1
26
1
12
4
8
91
18
1
46
2
3
1
17
27
5
6
1
10
1
7
2
6
3
2
7
2
2
28
5
14
2
1
1
17
3
2
1
2
12
1
8
2
142
10
47
8
3
20
11
9
8
10
9
12
2
2
1
4
82
7
4
16
1
2
1
13
31
7
1
1
7
2
9
56
2
1
4
8
4
3
9
3
4
2
2
12
7
1
2
7
21
33
3
6
3
12
11
1
5
4
2
77
3
5
6
5
2
21
2
1
1
3
2
48
6
1
5
4
6
6
2
1
1
4
24
1
1
5
14
1
5
10
25
17
50
1
2
22
7
6
2
1
5
2
3
2
2
4
12
6
1
20
9
149
1
2
3
3
4
6
2
2
19
3
1
1
1
2
1
2
3
1
2
19
6
2
3
12
1
14
3
1
1
1
4
9
3
1
2
12
7
12
14
1
6
139
3
2
3
1
2
1
1
2
1
1
5
4
5
1
4
1
2
1
8
1
1
6
4
1
4
3
3
17
1
2
9
6
4
21
2
5
6
1
2
1
4
3
9
7
5
5
12
6
13
3
1
1
6
2
14
31
3
1
11
36
1
1
1
1
2
5
1
3
3
3
6
7
26
3
1
3
2
1
1
22
8
62
1
2
1
10
3
7
2
1
2
35
5
2
3
2
28
3
5
1
4
3
3
1
3
3
1
3
1
2
5
3
2
3
6
1
1
5
14
7
9
7
12
1
1
7
1
8
2
12
6
1
1
1
4
13
4
1
1
18
2
1
7
1
2
7
3
13
11
3
8
9
1
5
6
3
5
4
44
2
31
1
1
2
2
15
1
3
2
3
2
2
4
5
1
1
57
8
2
1
1
3
2
16
7
2
4
11
1
3
18
5
1
4
3
1
2
29
7
2
1
6
1
3
131
4
2
1
3
9
1
7
42
6
2
15
1
31
3
2
8
2
2
2
1
3
14
4
1
8
2
1
3
13
3
1
127
1
2
4
26
1
19
1
3
4
20
24
2
1
1
3
22
19
147
2
2
4
14
1
4
2
1
1
3
8
1
22
2
6
5
1
1
5
49
1
10
3
1
7
5
1
13
11
1
2
1
4
1
2
1
2
3
2
94
1
1
9
2
1
4
1
1
8
1
2
1
3
1
1
2
1
1
3
2
2
2
2
6
1
1
4
2
17
5
38
1
8
3
13
2
17
28
10
2
1
9
1
2
22
1
14
2
12
5
8
1
9
33
1
3
4
1
1
6
2
9
2
10
2
1
1
2
11
3
4
7
1
3
10
2
10
22
1
1
2
13
36
1
30
1
2
1
2
7
16
9
16
3
2
42
1
1
4
1
18
1
4
2
6
3
2
14
1
1
3
1
2
1
11
2
7
4
2
11
1
5
1
1
1
1
2
3
2
1
1
9
1
3
2
1
12
11
2
6
3
3
4
1
1
1
9
118
4
1
2
2
4
1
2
4
4
1
1
8
3
1
2
6
6
5
1
2
2
2
6
1
2
26
1
4
4
6
4
73
10
1
15
1
3
6
1
11
2
3
21
2
117
2
1
2
1
4
7
2
1
8
4
6
5
9
13
33
1
14
3
2
3
1
9
5
1
2
3
5
1
18
4
7
6
11
2
4
2
2
2
9
3
6
1
1
3
38
1
5
8
36
1
2
6
3
24
2
14
1
8
18
6
3
2
4
6
2
7
10
1
2
8
1
3
1
6
1
7
6
1
3
4
10
1
8
1
1
1
2
2
19
2
11
3
45
2
2
1
2
8
1
1
3
4
11
1
5
1
11
1
1
13
70
1
7
5
2
5
5
12
145
3
8
1
22
4
5
5
9
6
15
1
5
2
8
1
2
1
1
2
1
8
23
39
5
10
2
1
2
6
9
2
5
2
23
23
7
2
2
11
1
3
9
23
7
50
13
2
18
3
1
1
1
2
6
2
2
2
72
3
3
37
2
69
10
2
37
2
1
4
7
3
28
2
5
17
2
5
9
4
8
1
1
1
2
1
3
23
4
1
20
7
1
3
4
1
1
16
2
4
1
2
3
9
28
46
3
6
73
4
1
2
1
58
1
6
5
2
6
3
4
45
1
4
1
2
11
4
48
5
6
30
4
1
2
1
2
34
2
6
20
5
12
4
20
22
1
6
4
2
2
2
1
2
15
3
2
3
3
6
1
1
8
4
2
8
3
2
24
3
1
10
5
2
11
13
6
2
6
1
8
2
19
2
2
2
21
4
1
3
1
2
1
2
3
3
4
1
1
4
4
3
3
4
1
10
17
1
4
6
3
1
2
8
1
5
1
4
4
2
57
11
10
136
10
1
5
1
8
17
6
2
2
1
3
1
3
12
20
7
2
1
2
13
1
3
13
4
3
3
13
2
3
5
7
1
3
1
2
1
5
5
7
4
20
2
17
1
12
10
4
11
3
2
14
2
1
1
3
1
5
2
11
4
6
2
18
3
1
1
1
1
3
8
2
9
7
1
12
13
1
17
3
1
2
3
50
1
15
1
5
10
19
1
1
2
2
10
36
21
1
2
6
9
5
2
1
1
3
5
9
24
39
1
5
7
1
1
17
2
11
1
3
5
1
1
3
26
1
3
1
1
5
2
2
3
13
2
3
2
5
2
4
1
1
19
3
12
7
24
2
2
9
3
2
5
11
2
2
2
27
2
1
2
7
19
23
4
2
1
1
7
3
1
10
7
15
2
2
4
1
2
3
14
2
2
6
1
1
3
6
11
1
4
2
2
1
1
1
1
4
34
2
2
3
11
1
5
1
7
1
32
5
6
2
24
26
11
2
1
4
8
2
123
2
1
1
2
36
8
3
2
2
2
1
1
1
2
13
4
12
3
2
2
1
4
2
1
3
4
2
1
20
21
1
10
2
1
2
1
1
2
4
8
2
2
1
5
82
2
4
23
2
2
11
1
7
2
5
9
1
1
1
7
11
2
2
20
5
3
2
1
8
2
4
4
2
5
13
2
1
3
14
2
11
8
4
139
9
