4
1
2
14
7
5
5
3
1
1
1
1
1
1
2
3
1
2
1
1
1
8
15
3
1
10
14
4
1
1
1
2
4
3
1
22
1
3
7
4
7
1
1
2
3
15
2
1
4
1
3
2
8
8
1
4
1
2
1
1
4
3
5
2
7
2
2
4
1
4
2
1
5
9
6
1
1
1
4
1
1
4
1
3
3
2
3
3
4
1
4
4
3
10
1
3
2
3
1
2
2
4
3
3
1
1
1
21
3
3
2
2
2
7
1
1
5
1
4
1
2
2
1
5
3
5
3
1
2
1
2
1
4
1
1
1
3
4
2
1
20
1
12
2
3
5
2
2
1
2
2
6
4
1
1
3
1
4
1
4
3
1
2
2
14
1
1
1
6
1
1
4
4
1
2
10
1
1
1
1
1
20
1
4
11
1
2
1
1
2
1
3
16
1
1
2
1
2
5
2
1
5
2
3
1
1
9
2
2
2
9
3
11
1
1
1
8
15
1
4
1
17
1
1
4
2
2
1
2
1
1
1
2
4
4
6
2
7
1
1
1
5
2
1
1
4
6
1
5
1
2
2
2
1
2
2
1
4
1
2
3
3
5
2
6
2
4
2
1
2
3
8
1
3
2
2
1
2
1
1
1
5
1
1
2
1
4
1
27
8
1
1
1
6
1
4
3
1
1
2
2
1
9
4
1
1
2
2
1
1
1
18
1
2
2
1
2
4
3
1
1
2
1
1
3
2
4
3
2
2
4
1
3
1
1
1
1
2
3
1
1
1
2
3
2
4
4
4
1
1
1
1
5
2
1
2
2
4
7
1
2
15
2
1
2
2
2
1
2
4
1
1
1
4
1
8
2
1
1
5
1
1
1
3
1
1
2
2
1
5
3
1
3
1
2
1
1
2
7
9
1
4
1
1
3
3
3
1
2
1
8
1
1
2
10
2
2
2
4
3
2
2
3
2
2
1
2
5
1
2
3
2
5
1
5
2
1
2
1
4
4
3
3
1
1
1
3
1
7
14
2
3
13
2
1
2
3
1
3
4
5
4
1
5
7
1
1
16
1
1
2
1
13
2
2
6
2
1
3
1
1
2
4
6
1
2
2
2
4
2
11
2
4
4
1
8
2
1
9
4
2
2
2
5
1
4
1
10
1
1
1
1
1
1
3
1
2
1
3
8
1
8
1
2
1
1
2
3
2
3
3
2
4
2
1
1
18
8
3
1
2
2
1
1
11
1
10
4
2
1
1
1
1
1
1
2
2
4
1
1
4
2
3
1
3
1
5
3
1
2
1
5
2
7
1
1
2
2
1
7
2
1
2
1
2
2
1
17
2
2
2
1
1
2
15
6
9
3
3
2
1
2
1
2
2
1
6
3
9
2
1
6
1
1
4
1
2
1
5
1
4
1
25
1
2
3
1
1
4
1
3
6
2
14
2
4
3
1
2
1
4
2
2
2
4
1
6
2
1
16
1
2
1
1
1
2
3
11
1
1
1
2
2
1
1
7
1
3
3
1
2
1
3
1
2
1
3
2
2
5
3
1
7
1
1
2
3
1
1
24
1
3
1
10
2
2
3
2
3
1
8
1
6
1
3
1
2
1
1
10
8
1
2
1
2
1
3
1
2
1
1
7
9
1
1
6
1
1
1
2
4
1
1
1
1
1
2
2
2
4
2
1
1
1
1
3
2
1
1
1
4
1
2
10
1
7
3
2
2
1
2
2
1
1
4
3
3
2
1
2
2
9
2
1
9
2
1
3
1
2
5
1
1
2
1
2
2
6
1
6
3
3
1
2
6
3
6
5
4
4
3
3
3
5
1
1
8
2
1
2
3
14
3
6
1
34
1
4
6
3
1
1
1
1
3
2
2
3
3
7
2
4
2
1
1
7
3
1
5
1
2
1
1
1
7
1
4
1
5
1
1
4
2
2
2
1
1
29
1
2
3
2
4
1
1
13
9
3
4
8
1
2
1
6
1
1
1
1
5
1
1
1
1
1
1
4
5
5
2
1
1
1
1
1
1
7
4
2
2
2
1
1
2
8
2
1
7
1
8
2
6
2
1
1
2
4
5
1
2
2
1
1
1
2
3
1
2
3
2
1
2
2
1
2
7
1
1
2
4
1
4
1
4
17
1
3
1
1
2
3
1
1
3
2
1
1
1
5
13
14
2
5
2
1
3
1
7
1
2
5
5
1
2
3
1
1
1
2
2
9
3
1
2
1
1
1
3
6
3
4
1
2
3
5
1
8
1
4
6
2
3
1
2
4
3
2
1
1
2
3
1
2
4
1
15
12
2
2
3
7
6
1
11
3
6
4
2
13
8
1
4
2
4
1
5
1
1
3
3
2
1
14
1
1
1
1
8
1
3
2
2
2
2
2
6
1
2
2
1
1
1
1
2
1
1
2
2
4
1
5
3
2
1
5
7
1
2
8
2
4
3
3
1
8
1
38
1
4
1
3
1
1
5
1
2
15
6
1
11
5
1
2
1
2
1
3
1
3
1
4
1
9
1
3
1
1
4
17
4
8
2
1
2
3
1
9
1
8
5
1
1
4
3
1
3
8
6
2
2
1
4
2
3
2
1
1
8
9
1
8
1
3
4
2
3
5
1
8
1
1
2
2
1
4
4
3
1
1
3
1
5
1
2
2
2
1
2
1
1
1
2
7
3
3
8
1
2
1
4
4
1
1
2
1
7
1
1
5
1
3
2
15
9
2
2
1
1
1
1
1
2
1
2
3
1
1
1
2
1
9
1
17
1
10
11
1
1
5
2
1
2
1
3
1
1
1
1
4
1
2
2
1
2
9
3
2
1
1
5
2
1
2
1
5
1
1
13
1
1
1
4
4
10
3
1
3
1
1
2
1
1
2
1
2
1
2
1
1
2
12
1
1
1
1
4
1
3
2
4
1
1
2
2
4
5
1
1
1
5
3
1
2
2
3
1
1
1
3
1
1
3
3
1
1
1
3
1
1
2
2
3
1
5
1
1
2
2
2
4
2
2
1
4
2
4
7
1
1
1
2
1
5
1
1
3
5
1
1
1
11
18
3
1
1
1
10
2
1
2
1
3
1
19
1
2
3
4
2
3
1
1
1
10
1
1
2
3
5
2
1
2
1
2
2
10
5
3
9
1
2
2
11
2
2
6
6
4
31
3
6
2
8
3
2
5
2
5
1
1
1
1
2
1
1
9
2
1
3
1
10
28
1
2
4
1
1
3
1
1
2
5
2
2
3
5
2
8
1
3
1
4
2
1
5
1
3
2
3
2
2
3
3
2
1
2
3
1
7
