4
38
9
1
23
6
1
1
9
3
19
29
1
1
9
39
22
11
39
3
2
3
2
3
25
18
1
22
4
1
4
22
5
3
2
6
26
1
2
1
2
4
1
4
5
1
29
7
15
39
1
15
37
2
1
17
5
19
15
8
29
1
2
11
18
6
15
7
1
2
3
2
30
13
7
3
1
2
11
8
18
1
13
20
9
14
14
2
2
1
3
9
8
5
1
10
10
11
18
6
1
46
5
14
8
103
27
9
1
9
28
1
7
8
10
1
2
14
1
12
3
8
7
2
2
2
3
11
5
1
1
1
3
2
22
3
12
5
30
9
4
75
13
15
6
4
3
2
2
15
39
5
9
4
2
8
6
1
32
16
4
3
2
52
1
15
4
8
67
5
4
65
1
2
48
27
2
25
4
12
1
1
2
42
100
7
3
3
12
33
2
60
5
3
3
1
41
23
4
3
5
1
24
6
2
2
4
19
1
6
100
4
8
8
8
25
26
1
7
11
19
49
24
3
1
2
9
13
2
10
8
3
1
13
1
1
17
26
1
11
11
5
13
5
14
1
1
7
2
4
1
2
1
1
2
2
2
2
1
1
2
2
78
2
1
17
1
5
24
3
6
2
2
13
4
2
3
3
1
38
1
15
6
16
4
1
12
17
1
1
12
2
1
11
1
3
34
2
5
3
16
6
2
10
1
1
1
1
3
2
4
5
1
5
21
3
31
1
1
2
33
2
6
1
1
5
1
1
3
1
1
131
2
39
4
21
41
3
10
4
17
3
1
12
1
1
69
27
1
12
3
40
4
1
2
12
6
20
14
6
11
17
2
13
11
2
27
2
2
3
4
1
54
8
1
2
2
1
1
9
15
5
1
18
1
1
20
4
1
1
1
42
8
11
2
1
1
1
41
5
12
10
27
2
62
6
7
11
1
1
29
6
25
2
4
28
44
90
2
1
17
3
18
2
16
3
2
3
4
20
11
1
8
9
5
2
6
5
7
3
37
27
16
7
14
2
6
19
2
2
24
3
3
41
5
2
2
2
10
1
4
4
1
1
5
5
5
27
2
12
3
10
1
25
3
9
2
96
6
2
2
2
7
4
4
5
3
3
1
16
3
80
1
4
6
5
1
3
1
1
1
5
10
8
2
5
88
3
3
18
15
3
1
84
10
2
2
9
3
10
4
4
5
1
1
8
2
23
2
48
18
20
13
4
3
7
3
62
10
1
4
2
4
2
1
3
4
1
1
7
1
7
3
2
6
2
3
26
2
2
2
2
2
7
1
11
19
37
6
17
4
2
2
10
9
13
2
11
1
20
6
2
6
1
1
16
17
3
23
6
1
2
2
5
2
1
39
36
2
23
3
5
15
1
32
16
5
33
12
2
1
16
9
5
23
3
5
4
3
85
1
2
2
2
20
5
3
2
1
1
3
1
6
6
5
7
10
8
3
1
4
2
6
26
1
5
11
11
4
9
52
1
4
1
4
1
2
2
2
1
2
1
5
26
1
1
5
29
1
15
1
1
6
18
4
2
52
31
26
11
9
8
4
51
10
2
1
19
5
2
1
5
1
8
20
1
1
17
2
3
1
1
2
5
1
23
7
1
1
2
29
2
1
15
12
10
5
54
12
26
8
3
2
4
2
4
4
4
1
7
35
2
5
17
6
3
1
1
4
2
4
2
1
1
3
2
1
3
6
17
6
47
2
1
3
4
6
4
19
11
2
8
33
2
1
2
8
9
1
6
10
2
5
11
7
9
4
1
1
20
16
7
2
6
10
7
2
8
3
4
1
5
1
2
4
10
4
2
2
1
1
2
3
1
4
3
2
5
25
10
1
1
1
4
7
2
11
4
3
2
6
1
1
1
17
3
2
8
13
1
21
27
1
2
28
3
16
4
14
6
6
1
54
46
3
2
5
2
1
8
1
9
1
2
1
4
5
8
3
11
53
5
3
2
2
1
4
1
2
1
3
8
2
25
1
1
15
1
2
2
11
4
3
3
6
3
1
3
2
1
3
4
3
1
4
3
3
40
2
16
7
2
1
3
4
39
10
16
2
6
2
13
12
14
2
3
2
12
7
6
3
11
20
3
2
1
1
3
6
3
3
3
1
7
9
1
39
1
12
1
63
1
13
1
90
16
12
28
22
2
3
1
24
51
7
1
5
2
3
2
72
1
10
60
2
1
99
3
5
26
13
10
6
1
8
9
5
9
3
50
1
1
2
3
3
3
9
1
1
9
10
73
2
36
2
2
1
2
8
2
8
2
1
5
5
2
2
2
3
13
2
4
3
3
27
23
3
2
2
37
1
1
5
1
10
12
77
4
2
2
15
20
16
13
9
1
67
2
5
2
3
12
4
27
14
42
1
4
39
3
60
1
1
4
2
3
8
4
3
1
10
2
22
1
21
10
2
1
64
11
24
1
11
4
4
13
11
3
9
4
3
8
1
14
4
83
1
21
1
4
20
4
1
6
2
3
2
1
3
1
2
3
5
11
2
3
17
2
8
2
5
1
1
18
10
68
22
1
3
3
15
39
2
2
32
16
3
3
1
2
1
4
15
4
2
3
1
13
15
48
3
14
32
2
1
24
4
19
8
1
3
6
2
3
3
12
1
45
49
1
8
1
2
1
2
1
1
5
2
1
5
1
33
3
31
3
3
26
6
90
5
3
31
16
3
4
3
2
11
15
3
1
25
1
2
12
70
44
10
7
3
2
2
1
6
37
2
21
4
4
4
4
3
2
3
1
8
16
10
15
9
4
8
1
1
1
3
25
3
12
2
2
9
1
1
3
2
127
4
7
21
2
13
14
27
10
1
15
7
16
11
11
1
31
1
3
2
40
1
3
1
1
2
2
24
12
4
11
1
1
5
4
11
9
27
9
13
2
1
1
27
6
1
4
3
1
4
2
12
14
1
2
5
24
1
2
10
2
3
7
1
7
3
53
2
1
1
2
3
5
2
5
1
14
3
4
12
2
2
4
1
1
3
1
22
3
7
8
14
3
5
41
5
5
2
3
1
7
8
4
5
38
4
5
12
28
9
2
2
4
18
6
2
4
1
3
33
39
2
40
5
7
18
10
1
17
8
6
2
4
40
3
5
2
8
1
1
1
6
2
3
2
42
15
6
3
13
2
3
11
5
19
16
14
23
1
44
34
34
13
4
1
20
1
6
53
8
7
33
16
1
1
11
6
3
2
3
2
47
9
8
3
23
5
15
1
3
4
4
29
3
4
4
12
3
3
1
8
35
4
1
10
1
3
34
10
6
18
1
1
7
3
10
3
2
16
2
3
2
5
12
15
14
16
81
9
6
2
1
2
7
3
13
4
37
2
10
1
1
7
4
6
2
6
7
1
1
2
1
11
30
5
24
1
6
7
8
3
16
1
17
6
18
1
12
10
20
2
4
63
12
1
9
8
8
2
8
2
2
5
21
3
2
20
2
2
12
29
10
3
14
4
26
1
2
1
8
2
5
1
4
1
1
3
2
2
3
1
42
5
20
3
5
3
8
3
66
22
1
8
1
2
4
4
1
5
19
31
6
2
21
1
4
1
4
16
1
2
13
1
3
51
5
6
15
40
2
8
3
6
21
1
8
22
2
3
38
10
3
3
47
9
1
2
15
36
3
24
1
15
1
33
2
5
4
3
39
27
11
34
2
4
16
2
3
5
1
2
1
3
1
17
1
1
30
18
14
6
2
5
11
1
2
2
13
3
2
1
9
1
20
1
