12
238
16
12
9
9
18
1
65
293
7
34
205
80
27
20
1
3
2
7
38
22
13
6
19
52
33
74
14
1
31
30
41
89
2
1
59
16
8
8
102
2
4
47
1
8
25
3
1
44
9
5
3
92
38
1
1
13
7
1
2
6
46
57
11
1
22
5
27
5
10
5
5
226
124
44
7
15
16
3
30
1
1
19
42
1
3
4
2
5
4
1
36
13
6
2
63
8
14
18
1
2
42
2
9
72
1
49
60
15
2
2
1
1
23
12
37
4
37
5
32
6
4
361
41
1
1
18
5
63
10
156
72
300
18
73
9
1
7
22
8
25
44
25
3
4
2
93
21
1
21
2
15
2
128
5
2
1
6
24
58
5
1
7
1
2
108
16
41
32
1
7
2
5
3
11
1
132
113
28
43
24
6
4
125
11
14
34
2
36
16
4
70
10
1
2
3
7
398
72
24
2
5
2
23
18
51
1
2
23
35
9
8
100
1
6
3
78
5
3
25
5
71
5
4
1
24
20
2
5
17
23
2
6
18
1
71
9
6
13
27
2
10
24
10
18
22
6
11
12
2
3
32
9
1
2
28
1
6
1
1
51
32
22
13
1
403
1
138
2
35
7
1
2
2
2
4
16
18
53
32
1
51
4
1
145
20
19
11
2
6
25
34
2
31
1
1
1
75
1
185
5
29
2
1
1
22
28
34
73
1
96
11
71
13
180
14
14
2
1
2
136
192
66
1
153
45
14
2
24
2
29
2
32
4
6
131
1
13
8
2
252
5
44
1
32
12
21
1
8
3
6
2
32
17
3
169
4
2
1
74
62
2
16
55
9
2
8
15
52
1
2
2
1
120
16
6
2
18
23
14
69
2
4
11
32
1
2
3
56
2
6
2
13
5
15
2
21
2
1
84
4
1
14
4
25
30
138
334
8
12
14
38
154
1
11
13
2
2
1
15
6
23
114
65
7
2
9
1
4
39
32
75
137
15
99
38
26
18
73
10
10
1
35
10
8
11
17
57
229
7
43
79
2
75
1
3
23
1
4
2
1
1
14
23
5
5
26
13
3
16
3
38
74
2
3
13
6
1
1
3
2
2
23
6
1
28
5
168
10
72
62
1
1
94
25
21
6
3
20
11
5
36
1
10
11
21
1
1
1
13
97
3
4
1
60
20
99
2
2
16
5
1
3
4
11
3
3
95
27
3
41
234
122
19
98
2
16
105
24
224
33
1
39
6
1
9
216
12
10
1
1
71
2
48
90
79
24
9
42
5
1
11
8
78
2
7
6
12
2
62
9
1
9
82
10
14
16
12
15
15
1
1
229
14
72
73
47
11
8
5
70
18
4
37
1
1
14
46
2
1
2
1
34
10
12
7
15
28
11
1
1
14
1
32
49
1
3
32
6
37
20
50
174
9
1
1
1
1
7
10
1
129
6
13
2
34
15
44
17
2
117
1
1
2
7
2
2
1
3
13
10
13
1
37
2
1
1
37
59
44
3
1
110
3
16
118
3
4
3
2
3
20
36
76
3
315
1
1
109
1
14
23
11
3
6
143
2
6
16
2
1
23
4
1
1
3
9
21
19
3
9
34
38
4
58
1
3
19
84
8
132
1
91
1
24
3
21
34
1
23
2
139
22
48
2
68
6
1
7
114
94
30
77
13
4
47
20
8
13
343
8
19
20
6
13
62
2
1
1
4
81
14
2
6
1
50
2
12
154
1
122
9
10
1
10
3
1
2
39
2
23
2
9
1
48
2
2
9
1
5
1
26
1
6
18
15
29
5
1
1
44
69
2
7
174
89
58
17
3
13
24
1
2
40
4
69
5
1
8
24
22
1
17
1
26
4
2
2
1
6
8
1
2
12
59
49
177
15
11
15
41
2
1
4
3
4
1
1
17
7
13
3
1
79
2
3
169
2
3
1
3
11
3
4
1
12
4
3
2
60
52
18
24
23
1
5
277
29
13
10
4
1
3
8
115
5
6
5
27
6
3
3
13
1
116
3
3
3
3
34
2
3
3
29
66
1
90
10
1
1
1
2
1
24
104
3
21
14
57
8
1
7
4
9
90
46
2
1
1
26
31
6
1
6
2
25
9
1
5
3
7
46
1
24
26
3
95
8
13
21
4
129
1
126
2
78
1
1
14
1
11
1
63
19
4
2
25
186
4
4
5
29
29
90
3
5
9
30
3
144
14
19
138
1
5
3
9
20
4
31
2
2
10
23
10
102
36
3
15
15
9
3
25
13
37
5
49
2
37
40
89
213
1
1
17
2
271
3
2
2
37
17
81
9
1
17
1
9
1
1
3
23
16
5
21
5
1
195
55
40
14
11
5
1
2
5
5
1
78
5
1
1
11
56
1
5
46
31
1
5
55
2
10
11
16
13
19
5
3
5
1
10
2
10
2
16
392
8
6
12
76
34
33
3
22
5
103
4
22
138
1
11
84
395
7
64
18
2
15
9
14
5
11
7
12
3
4
1
145
2
2
2
3
6
2
8
1
4
1
2
3
6
14
7
5
16
7
29
28
2
2
214
1
22
67
2
2
6
58
10
2
14
182
16
4
1
1
2
36
49
2
48
36
8
22
7
2
20
2
7
2
147
77
18
9
36
3
11
4
19
12
7
25
18
2
3
8
51
4
4
2
5
1
3
1
2
4
36
37
2
4
2
1
9
2
2
7
31
15
5
39
5
1
2
9
8
88
23
6
40
51
24
6
2
5
12
7
1
13
68
1
1
2
261
23
13
12
132
27
4
21
9
5
1
2
1
29
1
108
5
25
1
80
3
14
1
30
2
5
4
1
11
6
75
1
2
14
32
23
1
9
1
5
127
4
47
7
25
1
2
3
32
86
84
23
61
5
4
1
123
9
1
1
16
12
1
186
4
8
3
6
33
3
1
11
1
2
119
38
18
5
3
2
27
2
13
10
160
106
171
2
1
3
19
17
51
1
1
212
1
13
13
10
17
4
152
2
2
3
15
52
71
27
1
178
9
6
1
7
4
95
1
149
78
8
4
2
6
6
4
155
12
2
63
118
14
8
201
2
4
2
1
18
16
4
1
2
119
5
7
57
3
71
2
14
6
3
8
28
18
4
10
1
1
48
10
35
5
2
100
2
2
2
4
4
2
7
5
22
4
289
212
2
2
2
17
1
13
3
1
1
119
1
2
11
10
8
1
8
1
15
2
2
21
47
1
6
1
3
1
12
2
11
31
1
1
15
112
7
2
1
61
53
23
1
2
50
1
3
2
23
1
13
2
2
2
1
4
2
3
7
21
2
271
1
29
21
2
2
1
3
18
8
103
7
1
12
3
3
11
1
8
1
419
2
1
3
8
5
2
3
6
1
2
12
3
1
55
3
38
5
11
112
72
3
2
6
1
2
8
2
8
18
2
8
428
11
3
1
144
5
30
1
1
5
5
2
5
7
5
1
2
5
8
3
47
2
2
261
10
122
8
98
11
12
8
3
34
3
13
7
3
5
3
1
9
28
7
283
1
9
2
61
58
2
1
6
5
101
8
30
6
4
4
87
2
3
22
1
16
23
3
1
16
116
5
8
39
1
3
27
10
19
2
323
15
27
3
3
1
14
13
2
5
54
1
10
89
8
2
5
6
7
9
5
2
14
1
4
24
6
2
8
3
8
4
38
1
54
1
159
3
6
60
1
7
5
5
87
2
23
4
28
3
10
4
1
4
28
21
79
19
3
2
2
11
1
11
2
1
75
2
6
2
1
29
3
3
1
8
3
11
2
10
1
2
2
2
9
31
10
110
5
5
3
21
1
9
2
10
3
1
3
3
3
1
16
2
1
9
325
9
3
11
3
37
46
7
20
151
19
14
11
1
9
176
5
5
3
117
6
46
50
3
2
2
7
193
17
3
12
3
21
2
47
207
2
2
205
10
20
4
4
178
6
2
9
1
225
14
34
5
1
16
8
1
4
42
5
2
13
25
1
1
26
1
6
3
15
5
3
1
8
2
11
19
4
7
73
64
5
3
9
39
5
1
2
61
1
151
3
119
19
26
28
45
2
16
1
1
44
1
2
94
37
2
4
1
1
92
37
26
19
5
29
1
1
10
39
10
1
10
10
33
1
2
54
33
19
4
4
3
56
23
25
1
24
1
31
4
1
2
21
1
6
16
1
33
14
50
6
9
2
1
2
64
2
4
17
7
4
72
2
27
20
91
1
3
3
2
17
92
20
34
2
38
49
86
50
227
183
2
8
38
3
13
39
37
1
5
17
3
10
3
7
3
19
2
4
28
11
5
1
3
20
3
4
1
2
7
15
2
6
11
3
110
2
59
4
16
18
5
2
5
4
2
47
160
75
3
2
2
8
10
9
5
4
3
53
1
14
7
9
1
12
8
27
8
1
58
5
2
3
3
19
15
37
3
23
2
2
1
27
4
78
1
21
8
9
3
3
4
7
6
113
179
2
105
12
4
29
32
2
1
27
3
13
10
65
7
21
17
9
13
5
27
3
4
9
54
1
25
150
1
5
7
20
15
8
1
15
1
7
4
43
1
6
1
25
2
91
62
6
14
9
1
14
1
3
4
3
4
1
3
33
19
232
10
7
2
2
8
107
1
1
16
2
1
57
41
9
11
28
1
5
36
8
13
1
74
20
10
18
2
7
192
14
211
127
2
12
5
1
2
6
1
3
9
4
23
3
15
9
63
9
2
1
1
4
1
355
2
26
7
86
7
12
86
9
1
15
4
1
13
37
2
1
5
3
23
115
8
2
4
2
4
24
17
34
6
1
1
3
118
3
2
2
6
2
1
6
9
14
13
5
22
2
5
1
1
2
1
15
143
7
1
129
8
2
6
3
59
4
6
14
34
3
24
2
7
1
3
1
2
10
2
14
17
8
4
5
24
9
4
8
1
5
4
16
6
30
1
1
1
3
43
30
1
5
12
2
29
1
32
5
4
1
16
12
244
53
11
1
8
7
1
3
1
3
1
2
8
5
1
3
2
17
257
55
5
3
18
201
4
16
90
4
7
51
15
8
6
3
19
26
4
9
6
3
45
18
70
7
10
2
6
2
1
5
14
18
2
14
10
7
14
1
11
39
5
5
3
44
24
1
7
17
18
11
9
1
3
7
16
5
20
1
2
9
18
6
5
5
3
10
39
18
1
16
17
13
22
7
2
17
3
5
17
9
15
2
1
25
11
2
7
7
21
45
23
23
27
1
2
11
27
2
8
9
20
14
6
13
14
2
8
10
1
8
6
15
23
34
28
6
19
21
18
2
13
31
51
16
22
33
15
44
15
3
