12
24
6
1
7
3
1
8
1
4
23
175
28
16
27
27
15
2
7
50
4
85
10
12
6
1
9
9
24
266
35
2
4
1
50
1
21
3
3
5
23
21
6
25
26
5
210
1
1
86
41
2
9
8
70
1
7
13
1
1
2
88
7
1
5
10
4
9
2
1
5
58
6
1
10
7
2
4
86
2
2
154
26
2
8
11
11
14
2
1
1
2
2
51
1
23
2
18
1
1
4
2
29
7
22
3
2
20
19
14
24
38
44
1
28
6
23
4
77
5
3
6
138
48
45
3
8
2
2
31
1
1
40
1
24
22
67
112
4
57
7
153
3
41
16
7
7
2
55
24
10
3
2
43
93
8
11
64
42
5
1
1
5
10
4
41
1
1
17
2
1
2
1
26
91
3
1
16
37
2
10
61
3
98
7
1
2
5
25
9
20
123
19
79
2
22
5
10
41
4
17
6
2
19
134
2
8
2
61
2
8
4
2
2
3
5
1
1
274
35
5
12
22
128
7
32
2
2
40
4
2
25
50
16
97
1
46
5
1
5
38
1
19
33
66
13
6
4
3
13
23
2
77
41
20
2
2
15
1
47
8
42
4
19
4
4
13
104
2
8
8
7
10
1
1
1
6
1
2
2
1
44
23
6
4
15
20
53
5
65
122
16
2
7
2
33
19
14
6
30
2
1
268
5
3
4
32
12
1
97
54
3
93
5
33
13
20
4
1
348
1
1
5
25
4
4
1
3
7
3
41
10
2
14
21
43
9
6
9
11
22
3
5
122
27
52
1
6
20
28
2
1
4
5
60
4
6
34
1
2
1
5
1
1
72
7
7
7
80
2
26
2
24
3
10
62
9
6
93
128
3
23
5
20
7
23
2
5
2
11
3
3
12
2
4
32
108
2
3
7
104
1
1
1
4
37
39
2
3
2
16
1
1
2
2
1
2
9
1
1
1
14
17
43
46
3
18
1
7
159
1
9
19
14
2
14
1
21
4
23
40
1
1
3
18
10
4
22
1
32
11
16
138
7
20
23
23
4
31
17
19
142
16
2
5
73
25
65
11
199
7
1
1
1
14
23
11
22
7
1
6
5
24
3
3
22
100
4
2
1
10
19
2
18
8
13
15
132
3
10
2
94
8
12
16
13
125
1
1
11
14
8
6
3
10
117
50
6
189
2
5
1
8
3
22
4
3
1
1
1
5
12
28
8
2
26
7
43
19
23
18
5
9
3
5
57
27
7
15
2
3
2
1
2
5
6
23
19
95
5
16
20
2
1
1
6
20
58
25
153
2
26
329
3
1
1
186
9
1
1
11
3
6
41
10
2
117
2
83
8
6
10
15
1
1
9
72
5
19
1
96
16
2
23
7
2
26
21
72
10
1
18
3
4
85
10
23
4
2
2
9
7
43
22
6
4
8
11
14
20
4
36
5
1
20
2
22
16
5
2
1
22
2
7
1
1
7
32
6
1
8
6
70
2
13
3
2
2
10
15
1
6
3
37
13
19
1
1
3
8
37
12
7
62
164
111
1
16
14
121
2
4
1
37
5
1
86
9
1
1
6
1
3
4
34
6
358
2
63
12
2
18
9
19
8
3
7
3
3
3
1
70
24
22
3
10
49
76
7
23
3
1
66
18
1
15
5
42
33
1
3
45
2
140
2
44
11
31
1
6
239
2
37
2
18
3
4
169
1
45
30
28
13
1
44
1
46
4
6
11
4
15
47
2
41
2
3
2
7
8
117
95
77
1
6
11
34
5
1
38
2
37
1
29
9
8
1
14
8
1
12
1
7
22
4
52
13
8
4
36
2
7
25
9
151
1
7
119
11
25
10
40
58
2
3
128
9
3
2
34
10
2
16
78
5
7
31
58
3
30
3
9
1
49
23
1
3
11
5
14
72
9
15
13
1
3
1
15
9
80
309
144
10
42
8
14
59
1
16
1
1
31
103
19
21
1
3
5
3
1
18
15
26
54
5
9
30
15
2
5
3
11
1
14
15
8
3
2
16
8
1
5
5
64
2
1
3
1
2
33
5
170
24
12
3
2
1
11
3
26
17
27
5
10
17
38
3
4
29
5
2
1
247
17
10
11
10
58
112
5
133
6
29
3
4
1
7
1
1
58
36
90
25
2
8
19
13
14
22
5
3
12
4
1
1
2
2
5
38
50
17
4
4
48
1
89
1
8
3
18
14
6
6
220
95
45
5
3
5
31
32
133
11
6
27
4
28
95
73
8
16
2
20
1
1
3
25
36
1
136
3
41
14
6
3
7
132
146
6
5
138
1
73
16
20
34
45
28
10
164
4
2
135
11
10
1
4
12
3
63
2
18
20
7
22
34
11
100
30
2
35
5
46
34
16
2
46
3
9
10
1
1
2
112
51
5
22
1
26
11
7
6
85
1
7
73
14
153
1
1
2
28
24
44
183
86
136
142
1
241
49
2
71
2
33
39
11
6
1
5
57
44
9
5
79
20
7
9
5
6
4
2
4
1
13
4
25
37
156
19
6
5
1
4
15
65
313
7
26
3
5
3
5
5
17
19
1
3
76
33
103
10
6
7
4
5
1
2
6
1
131
58
9
1
9
22
25
7
7
18
38
1
14
33
100
33
52
2
9
162
34
26
5
1
1
127
3
54
130
48
9
13
1
2
2
8
1
1
104
69
2
6
6
41
2
3
99
2
26
2
26
6
19
6
2
11
40
11
5
40
43
1
66
103
4
23
95
4
124
22
4
6
1
2
2
4
10
9
70
54
1
3
28
1
1
144
25
9
1
13
7
11
1
9
3
4
160
77
2
202
1
2
30
3
41
3
1
3
1
3
33
33
4
8
7
5
1
7
1
36
371
1
293
108
3
4
1
254
15
42
6
2
65
120
11
2
2
4
5
84
6
18
24
7
99
9
161
33
129
8
16
61
10
1
71
151
18
1
1
8
11
40
1
6
8
18
25
6
11
23
1
38
1
14
34
104
16
27
10
4
366
25
107
2
29
18
23
6
40
2
119
120
1
2
1
9
10
1
2
8
4
1
1
37
15
3
125
40
2
1
5
4
19
3
303
6
1
24
1
4
1
72
17
8
5
1
23
15
106
2
101
52
26
136
25
21
26
7
9
3
44
20
4
4
4
156
1
19
108
1
38
53
18
4
54
12
171
2
3
2
4
2
15
1
28
79
51
20
7
116
12
33
21
22
33
29
2
7
2
2
3
2
146
9
10
6
8
1
3
6
119
17
2
25
70
5
10
20
4
5
14
224
4
1
209
5
5
4
22
16
17
6
2
8
2
3
4
6
3
1
27
7
16
4
1
66
2
5
3
2
31
2
1
1
2
1
9
109
10
5
7
7
8
8
36
2
28
58
36
12
16
1
6
32
1
35
7
1
47
5
5
2
4
9
6
8
23
5
3
4
12
4
3
3
3
60
9
15
2
2
3
4
8
3
11
136
27
1
12
1
34
2
19
2
6
10
73
7
4
143
1
1
1
41
3
19
4
1
90
12
1
74
4
159
26
3
16
2
171
10
1
7
14
3
25
114
68
44
1
7
17
22
17
2
231
1
1
10
5
33
2
7
12
1
2
2
22
22
3
4
10
57
2
2
21
10
206
13
13
21
2
4
262
1
9
97
33
1
2
7
26
293
22
97
7
3
1
14
7
5
193
1
132
6
2
7
1
17
4
1
1
3
3
25
1
2
83
38
155
14
1
10
3
4
16
78
4
45
1
34
3
27
2
6
14
19
1
3
4
100
143
41
34
55
5
10
8
10
1
1
5
4
44
1
29
6
20
7
50
29
7
34
3
8
39
299
39
5
11
35
2
8
9
3
6
144
15
1
1
3
5
17
10
7
39
41
10
45
101
4
7
6
14
69
6
16
11
1
26
154
52
8
177
1
8
18
75
20
1
10
8
3
23
15
13
1
1
5
6
71
1
1
3
89
195
2
8
13
1
82
30
33
2
1
10
40
33
2
3
1
28
22
5
46
2
3
2
9
2
50
3
2
3
148
2
20
37
4
2
83
3
11
24
5
2
22
3
2
2
4
7
3
10
9
19
18
6
10
1
1
14
6
1
10
4
3
3
22
2
23
4
18
6
3
2
3
2
4
5
72
16
27
39
8
31
14
145
2
20
36
30
52
6
16
2
2
6
7
52
3
3
20
5
2
5
1
2
8
27
9
3
17
4
3
23
15
3
2
3
2
31
32
6
38
1
6
8
47
1
47
76
35
21
1
8
27
4
37
1
4
26
7
1
5
16
63
1
3
134
1
1
6
44
2
29
5
3
83
4
24
1
1
6
15
29
9
4
1
3
10
1
8
46
44
2
3
2
21
2
3
5
3
13
25
16
1
16
1
22
37
12
145
30
1
6
13
3
55
1
2
23
54
202
17
3
4
22
141
31
68
6
89
2
3
5
171
180
98
57
56
15
4
13
18
2
1
3
4
13
4
1
302
6
3
1
143
8
18
10
12
2
1
1
3
63
29
36
1
9
19
21
56
5
24
1
2
3
9
8
3
1
18
3
2
5
12
1
2
7
1
35
2
7
17
170
1
1
43
5
1
13
1
4
7
1
7
14
17
2
6
4
2
1
5
1
1
98
2
41
15
4
66
17
3
3
4
6
5
3
39
13
2
3
1
2
2
8
2
3
23
6
16
3
13
9
1
1
24
4
27
37
1
5
1
2
1
16
8
1
8
1
3
1
2
2
9
27
97
1
42
2
22
1
28
2
1
1
18
18
18
2
3
17
10
2
18
34
62
11
4
5
1
23
2
116
7
1
16
75
1
15
1
5
4
8
9
5
1
2
1
13
4
6
6
12
4
15
1
5
1
15
1
3
1
78
2
69
10
60
8
5
2
20
5
3
3
1
3
4
19
3
129
2
20
9
3
3
1
6
73
4
15
27
1
46
15
11
4
3
1
72
5
47
37
3
16
15
2
93
2
12
29
7
7
17
4
125
14
2
34
57
9
6
2
29
1
30
11
1
218
56
3
7
3
23
1
1
9
1
9
7
6
8
126
14
2
3
3
69
4
8
3
5
24
8
1
2
2
1
9
59
5
6
169
13
8
70
16
14
4
4
14
11
11
12
21
63
16
8
1
151
1
16
124
4
6
3
5
3
16
1
31
14
49
74
12
9
3
4
11
3
44
27
15
65
1
14
10
7
1
1
22
14
11
10
1
201
2
