18
9
7
2
5
2
1
2
1
4
1
14
2
2
2
21
21
4
2
8
1
2
7
5
2
9
3
1
9
2
5
1
2
4
6
8
6
1
1
13
8
3
12
2
1
1
10
1
2
3
1
17
7
3
6
1
2
2
5
2
11
33
24
1
2
3
9
42
2
3
17
1
11
1
1
1
1
4
4
4
4
8
11
3
6
7
7
1
2
9
2
1
2
5
1
2
13
1
2
2
2
1
4
1
2
2
5
5
3
2
52
9
10
2
21
2
2
2
3
1
3
8
10
3
1
13
4
58
1
2
1
5
6
3
2
3
3
46
1
3
2
2
1
6
11
53
3
7
2
6
5
15
4
6
11
1
9
2
5
14
1
3
10
3
1
6
2
3
6
1
11
15
1
2
5
2
1
3
1
2
6
2
38
1
23
5
17
1
10
3
3
2
9
3
4
2
3
5
5
24
1
1
1
66
12
1
6
1
5
1
5
1
3
1
2
1
7
35
2
1
4
11
1
1
21
8
2
1
2
2
9
2
4
2
1
1
10
26
1
1
1
1
1
10
17
1
1
9
17
2
1
5
18
3
14
1
46
4
3
5
5
3
2
2
2
1
7
4
1
1
3
29
2
9
4
1
1
18
5
25
4
5
18
2
1
1
20
3
9
6
4
1
14
6
9
2
9
8
1
1
1
1
2
39
3
2
2
9
9
8
1
5
3
2
1
4
35
2
4
5
1
20
18
5
5
7
5
1
97
2
1
3
1
91
1
1
2
2
5
1
7
9
5
1
1
2
5
16
4
2
3
5
6
25
1
1
2
25
3
3
18
4
4
1
6
4
1
2
10
2
2
3
9
1
2
4
1
5
15
1
3
9
5
7
15
8
2
6
4
15
6
21
10
13
7
11
9
2
12
2
12
2
2
7
1
8
9
7
1
2
2
2
2
2
29
4
1
2
1
6
6
32
16
2
3
3
3
7
4
1
4
1
1
4
4
5
1
3
7
6
1
2
3
5
4
1
34
1
2
9
4
2
1
5
21
3
2
8
1
1
12
2
3
7
2
3
3
2
4
1
2
1
7
1
2
4
4
1
1
1
13
4
6
2
1
12
19
5
3
9
5
2
2
11
1
1
14
9
2
42
1
6
31
1
1
12
1
2
8
2
11
14
1
1
5
8
5
1
19
16
4
2
11
19
6
4
15
1
4
2
1
2
2
3
1
2
15
6
1
1
17
5
3
4
2
2
3
7
2
3
3
5
5
21
1
6
3
3
1
1
7
17
17
1
2
1
21
1
1
2
2
12
49
1
3
3
1
6
3
8
2
2
5
1
4
4
2
2
1
5
1
2
2
1
29
2
5
1
5
24
2
1
4
2
3
1
14
22
3
1
1
1
3
7
1
1
1
22
2
1
1
1
16
1
4
2
3
5
20
7
2
2
1
6
6
7
1
2
6
13
10
1
1
2
1
1
13
1
10
14
3
5
14
1
1
7
14
11
1
2
5
6
14
5
2
2
1
3
1
5
1
16
10
1
2
10
6
1
1
5
2
1
2
1
1
8
2
2
1
3
7
11
5
22
1
1
1
2
1
2
1
13
4
1
10
35
1
4
3
2
8
1
2
3
1
1
8
1
3
6
13
1
6
7
2
1
1
1
16
1
3
6
1
4
14
4
1
4
9
3
2
2
2
1
2
2
15
4
1
1
2
2
6
3
1
6
4
4
2
4
49
19
1
5
11
2
1
3
3
2
10
9
6
2
1
16
15
1
3
1
7
3
2
10
10
6
1
12
2
1
9
14
9
29
10
2
2
1
24
9
7
1
2
5
14
4
9
1
1
2
3
17
2
8
1
1
1
6
1
9
3
1
1
1
27
2
1
8
1
9
14
30
15
28
2
1
1
4
2
8
1
1
3
7
4
1
38
4
5
3
22
3
16
1
2
5
4
1
1
5
2
1
8
11
2
15
3
1
16
1
2
3
1
7
18
1
15
2
10
15
1
1
5
8
47
3
4
2
22
1
5
8
1
8
3
2
2
1
28
1
1
2
2
1
1
1
13
2
3
2
1
1
1
2
2
1
12
18
2
41
13
9
2
21
5
1
9
1
1
2
7
5
1
1
1
9
3
18
19
2
8
1
1
5
7
2
1
5
3
6
3
6
1
2
4
24
1
4
4
5
2
2
2
2
2
2
1
3
1
6
9
3
1
7
2
3
2
13
1
10
2
2
1
5
8
9
3
1
16
15
4
5
14
8
13
14
6
2
1
1
8
1
4
7
1
9
1
21
56
9
30
3
1
2
11
13
1
5
3
1
10
10
6
62
6
2
9
3
4
4
4
9
30
13
5
1
2
3
3
5
14
1
2
5
1
2
2
7
1
2
2
2
22
3
2
1
1
12
1
2
2
30
2
1
8
6
1
5
1
2
5
1
4
9
4
32
3
5
4
1
1
3
1
22
3
3
4
9
7
11
2
3
2
3
7
1
7
5
12
1
1
1
2
6
1
2
1
7
1
1
1
4
2
25
1
10
58
6
5
1
1
10
4
1
8
17
6
1
6
1
7
2
1
1
2
2
3
1
1
20
9
2
17
1
1
2
3
2
3
25
40
1
9
2
1
3
3
22
2
4
1
24
7
10
3
7
1
1
4
2
2
2
7
1
1
3
1
2
1
3
4
13
1
1
29
1
6
12
9
1
1
74
1
4
1
1
17
5
5
3
2
1
1
31
14
1
23
2
18
2
2
10
6
1
1
2
8
1
11
11
3
14
1
2
2
2
8
6
12
7
1
4
1
1
2
5
1
7
1
1
1
1
8
3
6
1
1
11
23
7
3
4
4
2
1
1
2
4
3
7
1
1
4
1
1
10
3
2
4
4
7
24
2
2
1
1
1
2
15
18
12
14
11
1
27
1
1
2
10
3
1
1
1
8
3
3
3
6
3
1
2
27
1
1
1
12
9
4
50
1
1
6
3
2
43
6
6
29
2
4
1
2
3
1
1
22
6
1
42
4
4
2
1
1
1
2
7
5
1
17
10
1
7
6
3
12
2
2
8
2
3
5
8
14
1
6
2
3
2
15
3
3
3
10
1
2
1
3
11
15
1
1
8
4
23
16
50
5
3
2
3
1
2
4
1
5
1
2
2
17
3
2
5
3
1
1
4
2
1
2
18
1
4
2
18
8
13
10
3
1
7
2
1
5
2
1
13
23
3
2
5
10
2
1
3
2
20
4
6
7
1
2
1
1
1
1
41
5
1
22
19
2
2
1
1
2
9
6
1
17
8
4
8
1
8
4
1
2
1
1
6
11
3
2
4
1
3
3
3
1
1
3
7
1
16
1
3
1
4
1
8
5
3
12
1
1
7
3
4
1
1
2
9
2
3
1
6
37
11
1
1
5
1
5
13
9
18
4
1
1
4
2
1
1
2
9
3
5
26
6
2
1
2
1
5
2
3
13
2
2
3
20
13
1
3
2
2
3
3
6
12
1
8
9
2
22
1
1
7
4
2
1
1
2
3
7
17
3
1
2
2
1
3
10
36
4
2
1
2
3
4
2
8
41
33
1
14
3
2
9
2
1
9
1
12
7
5
3
7
22
7
2
1
1
1
1
3
1
7
1
1
5
5
1
3
1
6
2
3
2
3
6
12
3
12
16
1
4
1
9
10
18
2
5
1
1
13
4
2
7
3
7
2
2
4
7
1
14
2
10
4
2
2
21
3
1
2
3
1
2
14
1
4
4
18
5
7
13
4
4
7
1
2
2
1
1
17
3
1
1
3
2
4
7
3
2
3
13
3
19
7
3
3
4
1
2
2
4
59
5
2
2
12
3
2
8
5
15
1
1
2
1
1
1
63
5
10
4
1
86
5
1
2
3
5
4
1
1
2
5
8
2
1
4
3
13
13
1
2
1
1
3
1
3
2
1
12
13
2
6
2
4
1
7
1
1
2
2
1
5
3
2
14
2
11
11
24
4
3
2
2
2
1
2
2
2
2
25
3
8
4
6
2
3
4
4
1
6
4
11
1
1
2
8
13
4
7
2
1
72
12
1
3
4
1
1
30
2
4
15
3
1
2
1
1
1
1
3
17
3
2
11
1
3
2
5
18
67
8
16
2
17
4
1
20
5
2
18
4
16
2
2
2
3
1
2
2
1
2
1
6
1
1
3
2
1
2
1
1
11
2
2
14
7
1
1
10
1
6
11
12
1
5
9
1
40
5
19
1
2
5
3
2
3
1
21
4
1
3
60
1
1
1
1
3
1
1
4
5
5
3
4
1
2
2
1
3
8
1
9
3
1
1
2
19
14
4
15
4
2
1
2
2
7
2
25
1
9
1
12
24
8
2
4
9
2
12
4
6
2
2
1
9
16
1
2
1
2
19
1
2
7
6
2
4
15
1
5
6
3
2
3
34
4
7
5
9
5
5
12
1
5
1
2
3
2
3
8
11
11
1
1
3
3
3
8
1
28
1
9
2
25
1
6
1
8
2
3
1
13
2
2
7
7
2
3
2
1
1
5
9
4
7
6
20
1
2
1
1
12
14
6
1
15
3
1
8
1
51
13
2
1
7
15
7
1
9
5
3
1
25
1
4
5
2
1
1
5
2
2
1
12
1
6
18
1
1
4
1
11
3
3
1
15
1
9
1
1
3
3
9
1
1
9
27
2
2
1
4
1
7
4
12
3
15
2
2
2
4
1
5
1
2
1
27
5
2
1
9
3
7
9
1
6
1
1
1
2
2
8
2
1
4
3
1
5
2
3
4
1
3
1
25
8
12
3
3
48
1
13
1
2
2
1
2
7
9
19
1
32
13
3
1
6
2
13
2
2
14
10
1
5
1
2
15
3
1
3
1
2
2
8
1
4
3
11
19
3
3
3
1
3
1
3
5
3
5
8
2
11
1
1
7
1
1
6
2
2
1
1
15
4
1
5
7
1
4
7
3
1
1
1
17
2
1
2
2
8
1
2
2
1
1
16
14
26
26
3
10
14
1
2
1
9
3
21
8
19
3
42
8
1
4
1
7
18
1
4
2
3
9
2
3
3
2
26
7
8
7
6
2
1
3
1
1
4
1
34
2
1
2
5
3
1
2
27
3
34
9
4
7
3
1
2
4
2
5
5
3
10
5
5
2
7
1
15
7
6
2
10
1
7
12
1
1
9
11
1
4
2
4
1
5
7
4
3
10
1
1
4
14
1
1
2
3
1
1
1
2
3
20
3
12
3
1
5
3
1
34
3
2
2
8
10
6
2
6
2
1
30
1
1
12
12
2
1
3
6
1
2
7
3
10
2
21
1
1
1
1
2
1
12
3
5
6
1
2
5
2
11
1
1
7
28
24
