1
28
14
8
9
3
22
8
1
11
7
31
4
1
1
4
9
19
18
8
1
1
7
3
14
34
2
2
1
1
4
2
11
4
2
9
2
1
3
9
1
8
1
4
2
1
6
2
4
2
4
30
2
2
2
5
10
3
26
24
11
15
18
2
2
7
1
1
112
11
4
1
1
1
1
4
4
2
84
1
4
4
5
3
1
1
2
1
15
5
36
1
14
9
1
1
32
4
27
17
10
3
3
20
5
1
1
8
2
2
4
1
1
1
4
8
2
1
4
2
3
2
9
20
5
1
1
8
1
4
2
2
2
2
1
1
6
10
12
3
6
1
2
26
1
3
21
3
1
1
6
1
2
3
2
1
2
32
7
2
1
1
2
9
6
16
5
13
2
1
1
2
2
1
3
3
1
1
2
1
2
14
3
10
2
13
3
9
27
14
1
11
32
4
2
30
2
34
12
7
5
2
6
4
2
1
2
2
4
4
1
3
4
1
1
8
1
1
2
3
7
9
2
3
1
1
4
5
4
17
1
2
8
25
1
6
1
3
1
2
4
2
3
2
6
1
1
9
2
7
4
1
6
7
1
8
5
1
5
1
42
18
5
2
1
1
5
23
6
26
2
1
10
2
2
1
20
1
57
2
4
1
20
15
17
1
1
1
7
1
4
1
1
2
106
2
2
1
1
3
3
1
33
2
8
4
3
1
14
1
1
43
1
6
2
1
5
3
20
1
3
2
2
2
4
1
6
7
7
6
17
4
2
3
2
23
1
10
14
1
4
1
4
4
13
4
5
2
11
1
1
9
1
2
15
5
1
3
13
3
10
14
14
1
6
1
6
3
2
1
8
8
8
1
16
1
33
1
1
12
6
1
1
4
4
2
7
16
10
2
1
4
9
1
6
5
6
6
1
28
1
4
1
2
17
34
1
2
1
2
1
1
1
1
3
2
1
2
1
2
14
5
6
3
7
2
2
3
7
1
2
3
3
2
2
11
2
9
2
1
1
2
1
4
5
4
40
8
1
7
2
10
5
3
4
1
2
2
1
26
9
3
5
4
3
1
21
16
1
1
2
11
1
1
1
2
1
1
1
1
1
8
7
7
14
3
1
1
3
31
2
2
2
2
7
11
7
7
3
1
36
1
1
12
22
6
1
9
1
3
1
7
1
5
1
2
9
6
3
6
6
3
5
30
1
3
13
4
1
3
2
1
2
19
1
10
3
4
1
1
4
1
1
2
2
1
15
2
3
3
1
4
3
2
1
4
3
7
1
2
2
1
5
3
2
4
2
6
5
2
36
2
2
12
10
6
15
1
3
1
1
3
1
2
2
1
6
22
2
7
2
1
4
2
2
1
8
1
9
1
1
1
3
1
3
17
17
4
2
3
1
1
10
6
4
10
1
2
2
2
2
2
4
34
1
1
2
3
4
1
1
2
10
6
1
3
7
3
16
4
1
2
13
1
1
2
1
3
2
3
6
3
1
1
5
4
28
5
1
1
12
4
36
2
3
6
18
61
6
2
2
16
2
1
1
2
2
5
6
7
5
1
3
2
3
1
3
7
6
1
2
5
6
4
2
12
2
1
1
4
2
22
6
1
1
4
23
1
2
2
3
3
1
1
10
1
6
2
4
1
2
11
104
5
1
5
1
103
1
1
3
1
1
4
22
1
9
6
3
6
1
3
3
18
3
2
3
3
5
6
5
4
16
13
1
14
2
2
1
17
3
1
3
1
21
1
4
2
9
1
2
1
2
3
20
1
4
6
1
6
11
3
2
3
1
8
8
2
1
1
4
19
3
3
10
3
7
1
3
2
7
1
5
5
2
3
8
1
6
27
20
4
3
34
14
29
1
1
5
1
5
2
5
5
1
26
25
23
51
1
4
1
1
1
1
3
2
31
1
1
3
2
2
5
5
1
1
4
2
1
2
14
5
1
3
2
1
14
2
2
2
7
3
3
5
1
2
1
1
2
11
8
1
3
6
2
13
16
2
1
1
25
10
13
2
8
2
4
45
10
8
1
2
1
1
1
29
2
4
2
4
3
36
16
5
1
5
1
1
4
1
7
3
2
1
1
25
1
33
2
10
6
4
3
7
3
1
3
1
3
2
2
2
6
2
6
3
4
8
3
4
1
2
9
1
9
7
2
2
4
15
5
8
16
23
5
1
5
11
21
3
9
2
2
8
1
4
2
3
6
1
6
20
7
9
1
1
1
2
4
3
3
9
53
2
1
1
4
1
11
1
2
7
4
2
2
4
1
109
1
3
2
2
3
6
43
1
21
3
8
25
7
2
9
4
15
1
7
2
1
2
27
1
8
2
6
16
1
2
31
2
3
4
1
1
2
2
1
2
2
1
1
2
2
2
3
3
2
7
2
2
1
3
2
2
18
12
1
2
1
2
3
47
12
2
1
1
2
1
10
34
3
1
3
16
16
24
2
4
4
3
2
1
3
7
5
13
10
2
2
2
1
11
1
1
6
1
1
1
1
1
1
3
1
5
1
1
34
3
4
2
1
2
4
2
1
3
1
10
37
20
6
20
1
4
5
1
1
1
7
2
1
1
2
2
1
2
2
5
5
5
1
1
10
1
10
2
3
12
3
6
1
2
14
11
3
4
1
20
31
10
3
10
1
3
3
1
2
7
1
7
7
8
25
3
8
1
2
25
3
5
2
1
1
2
14
2
2
4
6
23
9
11
6
22
1
9
1
2
3
4
3
2
11
1
8
4
4
3
2
5
1
2
13
1
3
4
11
1
8
1
2
1
13
15
18
4
8
2
2
6
5
20
16
10
2
17
6
2
13
4
20
9
1
8
5
1
4
3
6
21
1
2
2
31
9
10
2
1
8
1
2
3
1
39
11
6
2
17
1
2
5
13
95
3
6
7
1
1
2
2
1
37
1
7
5
3
1
14
4
2
1
2
10
4
1
12
2
39
1
4
3
13
1
7
18
4
11
1
17
31
4
1
6
6
9
34
4
6
1
1
1
1
1
3
2
5
3
6
3
1
2
2
1
11
5
5
1
2
7
8
1
1
5
4
1
1
2
2
11
10
2
3
6
2
3
4
5
2
2
5
5
7
9
4
9
1
8
4
8
11
1
1
1
14
10
7
3
5
5
27
1
14
1
13
12
7
1
8
1
5
1
23
14
32
6
4
2
1
5
1
1
2
11
2
3
1
10
7
10
9
3
1
4
1
2
5
1
2
3
11
5
1
1
2
14
1
15
5
6
20
8
3
14
1
1
3
2
9
1
3
1
6
4
2
3
7
26
1
2
5
23
4
30
5
47
1
1
4
3
3
2
2
37
5
4
3
2
2
1
2
1
3
1
1
6
11
1
2
1
16
1
2
2
21
5
1
9
6
9
2
1
7
6
2
3
15
1
22
2
4
2
3
5
2
7
20
21
15
3
2
16
34
1
104
1
2
5
2
5
3
27
3
22
12
19
2
1
1
23
5
4
1
1
1
2
11
1
2
32
11
4
8
1
3
30
1
4
14
2
2
5
8
17
1
5
9
6
4
1
10
5
17
9
2
1
7
10
21
3
2
2
8
1
6
7
10
1
7
1
12
8
2
1
2
8
12
1
6
43
1
10
8
1
2
3
4
2
4
1
19
8
2
4
1
1
1
2
11
1
2
1
6
1
9
11
4
14
52
3
2
14
25
3
1
2
3
22
2
2
52
10
5
2
8
2
62
9
4
14
17
1
7
1
1
4
6
2
6
2
2
30
2
18
11
2
2
1
4
2
8
1
1
33
2
1
3
4
5
4
2
3
3
1
21
1
1
38
2
3
7
5
2
1
4
7
12
40
3
2
2
3
1
4
6
1
19
3
2
7
1
17
5
2
23
3
3
12
15
3
4
2
2
11
39
6
2
3
14
4
1
10
11
1
6
2
1
3
3
1
2
1
1
81
6
12
2
1
3
1
4
4
1
1
8
2
80
20
1
17
3
2
3
3
3
3
10
2
5
1
21
6
2
6
1
1
2
5
10
2
16
8
2
6
10
4
2
15
5
1
5
4
3
2
2
3
27
8
4
1
16
2
11
2
5
2
2
1
1
3
3
5
2
1
4
1
21
4
7
3
8
2
35
1
6
3
4
14
1
14
2
27
1
5
1
3
2
25
5
1
5
1
2
1
13
26
3
1
2
9
16
3
5
5
1
1
13
3
4
2
15
3
12
3
2
3
7
1
1
22
13
1
1
1
1
20
7
2
1
1
22
6
11
2
2
5
2
5
2
1
2
17
7
11
2
31
14
5
3
2
2
34
3
1
3
3
1
3
1
5
2
7
4
8
6
2
3
2
6
2
1
4
29
4
1
2
2
5
1
4
4
2
3
2
7
1
2
1
4
1
12
3
2
10
9
1
2
2
5
9
3
2
6
2
4
10
1
3
2
5
1
3
1
