1021 5245 6146.32653364195539325010 0
1024 5245 6831.52977091278171428712 0
229 5245 5468.97407054337418230716 0
251 5245 5499.36453765490932710236 0
256 5245 6109.68770257387950550765 0
389 5245 5624.07225929456672020024 0
5245 5245 6639.00000000000000000000 0
5261 5245 6671.05901715026720921742 0
6151 5245 6885.48944028409277962055 0
751 5245 5935.40571973307942243991 0
769 5245 6118.85900300119010353228 0
8191 5245 7884.98660251505134510808 0
8192 5245 8445.28848708214900398161 0
128 1788 1930.73825503355715227372 0
1788 1788 2302.00000000000000000000 0
1789 1788 2300.77922439266239962308 0
2039 1788 2288.64613965042508425540 0
2048 1788 2400.28091792506347701419 0
251 1788 2041.69127516778598874225 0
256 1788 2115.57941834451867180178 0
257 1788 26538.76836497532349312678 0
3079 1788 2895.02783233174750421313 0
389 1788 2160.60015642702182958601 0
509 1788 2272.97968557025023983442 0
79 1788 1873.81991051454133412335 0
97 1788 1891.06599552572674838302 0
131 2947 3068.47607736681356982444 0
193 2947 3132.72989480827982333722 0
251 2947 3192.47811333559548074845 0
256 2947 3552.29317950458016639459 0
2947 2947 3787.00000000000000000000 0
2953 2947 3863.91170332722595048836 0
3079 2947 3759.51716274074078683043 0
4093 2947 4185.35522009445685398532 0
4096 2947 4419.25928463402669876814 0
431 2947 3418.31116389548651568475 0
509 2947 3435.51918137255461260793 0
512 2947 3838.47126712546878479770 0
769 2947 3609.48806681366022530710 0
11111 11111 13869.00000000000000000000 0
11113 11111 13954.43237141016834357288 0
12289 11111 14429.17422800335407373495 0
1597 11111 12776.19794962507330637891 0
16381 11111 16076.77320317108205927070 0
16384 11111 16073.38383346981754584704 0
2039 11111 13019.92052523277197906282 0
2048 11111 12957.51664084999538317788 0
3079 11111 13706.93740006249208818190 0
487 11111 11553.83502835028230038006 0
509 11111 11624.08307083070758380927 0
512 11111 11577.76185761857595934998 0
769 11111 11817.10278102780102926772 0
103 2334 2434.31276778063420351828 0
128 2334 2455.58183376178249091026 0
193 2334 2514.29220222793446737342 0
2334 2334 2962.00000000000000000000 0
2339 2334 3076.04083838991391530726 0
251 2334 2595.17223650385631117388 0
3079 2334 3170.25893265403919940582 0
337 2334 2669.44228397651522755041 0
389 2334 2742.66666666666515084216 0
4093 2334 3820.36822957915410370333 0
4096 2334 3768.24675399660009134095 0
509 2334 2774.38611589504080257029 0
512 2334 2842.43525064267169000232 0
1021 5245 6250.25636560728889890015 1
1024 5245 27636.68848010009241988882 1
229 5245 5475.08655862726391205797 1
251 5245 5501.37445185891374421772 1
256 5245 18694.24691819590225350112 1
389 5245 5654.77693040991471207235 1
5245 5245 6661.00000000000000000000 1
5261 5245 6606.62011274569158558734 1
6151 5245 6911.72759964156284695491 1
751 5245 5947.49716234724928654032 1
769 5245 5935.44842707340831111651 1
8191 5245 8363.47682695748517289758 1
8192 5245 52486.88797943729150574654 1
128 1788 6658.34381991051486693323 1
1788 1788 2508.00000000000000000000 1
1789 1788 2312.78369929084146860987 1
2039 1788 2289.89756515290400784579 1
2048 1788 14644.97597699944162741303 1
251 1788 2031.86465324384880659636 1
256 1788 8861.67987975391588406637 1
257 1788 2049.67561521252764578094 1
3079 1788 2794.43028221052099979715 1
389 1788 2127.96592823910259539844 1
509 1788 2213.55258149725477778702 1
79 1788 1870.72706935123051152914 1
97 1788 1869.25727069351205500425 1
131 2947 3082.96742449949124420527 1
193 2947 3122.51340346114693602431 1
251 2947 3189.41194435018678632332 1
256 2947 16097.38433682558388682082 1
2947 2947 3665.00000000000000000000 1
2953 2947 3705.33781660904332966311 1
3079 2947 3756.20030686108020745451 1
4093 2947 4280.52230906284239608794 1
4096 2947 49576.50054743170039728284 1
431 2947 3369.46352222599261949654 1
509 2947 3448.66067186970076363650 1
512 2947 23517.79343400067955371924 1
769 2947 3575.39025647293419751804 1
11111 11111 14103.00000000000000000000 1
11113 11111 13998.44317125900852261111 1
12289 11111 14415.49821699147832987364 1
1597 11111 12671.39062272901173855644 1
16381 11111 15937.13424123478762339801 1
16384 11111 16106.15222807399368321057 1
2039 11111 13116.61154684627763344906 1
2048 11111 13050.57476886291078699287 1
3079 11111 13614.33234935463042347692 1
487 11111 11576.27621276212630618829 1
509 11111 11601.72756727567139023449 1
512 11111 11614.62622626226402644534 1
769 11111 11860.70551705516118090600 1
103 2334 2455.84832904884342497098 1
128 2334 6261.69146315338366548531 1
193 2334 2519.41902313624632370193 1
2334 2334 2902.00000000000000000000 1
2339 2334 2911.52687358977709664032 1
251 2334 2591.51585261353920941474 1
3079 2334 3269.82904953893739730120 1
337 2334 2639.68894601542388045345 1
389 2334 2720.99999999999863575795 1
4093 2334 3807.22208167390681410325 1
4096 2334 14576.72732985887705581263 1
509 2334 2799.22421772280904406216 1
512 2334 10979.37917068337628734298 1
1021 5245 6256.24805173343338537961 2
1024 5245 6112.95580575249732646625 2
229 5245 5503.98989513822652952513 2
251 5245 5520.03794089609073125757 2
256 5245 5496.06863679694924940122 2
389 5245 5601.22917063870409037918 2
5245 5245 6687.00000000000000000000 2
5261 5245 6751.55891348621662473306 2
6151 5245 7024.54190532848224393092 2
751 5245 6000.69761677788392262300 2
769 5245 5981.77902764538157498464 2
8191 5245 7909.94604040632202668348 2
8192 5245 8093.09993874370957200881 2
128 1788 1907.97315436241615316248 2
1788 1788 2258.00000000000000000000 2
1789 1788 2210.66179348566629414563 2
2039 1788 2297.06930076045682653785 2
2048 1788 2374.55180369128265738254 2
251 1788 2013.68699252208216421423 2
256 1788 2023.65995525727112180903 2
257 1788 2042.48881431767313188175 2
3079 1788 2776.00833168037024734076 2
389 1788 2114.96745512787265397492 2
509 1788 2164.23360055906368870637 2
79 1788 1856.32326621923948550830 2
97 1788 1883.90492170022343998426 2
131 2947 3102.25958601968113725889 2
193 2947 3108.49847302341368049383 2
251 2947 3171.35561588055634274497 2
256 2947 3178.93450967085163938464 2
2947 2947 3659.00000000000000000000 2
2953 2947 3683.34183890564736429951 2
3079 2947 3730.45264510080323816510 2
4093 2947 4205.20076336807687766850 2
4096 2947 4134.84061121481590816984 2
431 2947 3408.73100175804938771762 2
509 2947 3413.08076009501473890850 2
512 2947 3423.12046148625631758478 2
769 2947 3629.99407080352375487564 2
11111 11111 14113.00000000000000000000 2
11113 11111 14066.47772959613575949334 2
12289 11111 14391.95601330351018987130 2
1597 11111 12629.47526122098133782856 2
16381 11111 16390.67181662154325749725 2
16384 11111 15822.59501328673832176719 2
2039 11111 13068.92880200509353016969 2
2048 11111 12986.47957304767442110460 2
3079 11111 13555.59678816337691387162 2
487 11111 11580.57159571595730085392 2
509 11111 11616.93663936639313760679 2
512 11111 11650.10818108181229035836 2
769 11111 11955.10890108900093764532 2
103 2334 2435.46015424164534124429 2
128 2334 2480.80891173950340089505 2
193 2334 2499.57326478149070680956 2
2334 2334 2924.00000000000000000000 2
2339 2334 2957.76237400686841283459 2
251 2334 2531.07797772065123353968 2
3079 2334 3229.13090167991731505026 2
337 2334 2642.57669237360732950037 2
389 2334 2704.99999999999863575795 2
4093 2334 3704.82419730970832461026 2
4096 2334 3767.74346866294354185811 2
509 2334 2769.95526285221103535150 2
512 2334 2858.37978657883286359720 2
1021 5245 6170.37892400673263182398 3
1024 5245 6201.54687164859115000581 3
229 5245 5484.08064823641598195536 3
251 5245 5468.45014299332706286805 3
256 5245 5550.53879885605329036480 3
389 5245 5628.96720686368007591227 3
5245 5245 6623.00000000000000000000 3
5261 5245 6647.03453873661237594206 3
6151 5245 7005.76968284193389990833 3
751 5245 5961.17883698760761035373 3
769 5245 6063.59065776930765423458 3
8191 5245 7975.81260519952502363594 3
8192 5245 7918.07331335830167517997 3
128 1788 1908.83221476510061620502 3
1788 1788 2326.00000000000000000000 3
1789 1788 2328.83066852740194008220 3
2039 1788 2432.01280017292174306931 3
2048 1788 2327.85483955537711153738 3
251 1788 2000.41946308724891423481 3
256 1788 2034.25503355704722707742 3
257 1788 2072.27016687122977600666 3
3079 1788 2856.18251153626079030801 3
389 1788 2161.96074371847635120503 3
509 1788 2172.97781982480819351622 3
79 1788 1897.06040268456376907125 3
97 1788 1852.11409395973123537260 3
131 2947 3053.36240244316240932676 3
193 2947 3158.14014251781509301509 3
251 2947 3192.47811333559548074845 3
256 2947 3480.01900237529662263114 3
2947 2947 3699.00000000000000000000 3
2953 2947 3665.15061503652850660728 3
3079 2947 3809.00878991004901763517 3
4093 2947 4241.62611470285264658742 3
4096 2947 4341.26258794698151177727 3
431 2947 3351.40083548726670414908 3
509 2947 3379.70887979717917914968 3
512 2947 3707.12684907321045102435 3
769 2947 3595.87715218535322492244 3
11111 11111 14167.00000000000000000000 3
11113 11111 14100.51912683545742766000 3
12289 11111 14323.01346316518174717203 3
1597 11111 12737.84876495602293289267 3
16381 11111 16141.53016061673770309426 3
16384 11111 16274.78944990396485081874 3
2039 11111 13078.35918697102897567675 3
2048 11111 13132.87992218787803722080 3
3079 11111 13513.33983778619403892662 3
487 11111 11620.10665106650958477985 3
509 11111 11669.34380343803604773711 3
512 11111 11746.04770047700549184810 3
769 11111 11913.30564305642110412009 3
103 2334 2432.28277634961432340788 3
128 2334 2497.80976863753221550724 3
193 2334 2500.56555269922819206840 3
2334 2334 2972.00000000000000000000 3
2339 2334 2947.65535334130163391819 3
251 2334 2591.30077120822625147412 3
3079 2334 3106.99657630413094011601 3
337 2334 2683.00514138817425191519 3
389 2334 2697.99999999999818101060 3
4093 2334 3863.76778168087821541121 3
4096 2334 3853.11962095648686954519 3
509 2334 2780.06775049958014278673 3
512 2334 2775.65183831405147429905 3
