1
2
3
3
1
10
3
4
16
21
2
3
68
3
17
8
4
3
2
18
3
1
2
14
36
2
5
4
1
35
2
5
3
1
2
3
2
1
29
9
1
1
2
3
2
1
4
21
8
20
10
13
1
13
3
7
2
5
3
15
1
3
2
2
3
16
6
8
3
1
2
2
3
5
2
4
2
4
21
2
3
3
3
1
3
2
11
16
12
11
4
4
4
3
2
2
2
2
7
1
2
3
68
6
8
3
12
1
9
2
4
34
17
3
1
29
19
20
1
1
7
5
5
4
10
20
2
1
37
3
2
1
1
9
36
1
1
15
3
5
3
5
3
17
2
3
4
13
5
2
9
2
1
40
22
2
32
13
13
1
2
23
3
35
1
2
1
1
2
12
1
1
4
2
3
2
1
3
3
1
9
3
2
26
2
12
3
51
8
2
29
11
14
1
37
3
8
1
14
1
2
8
2
9
4
1
7
1
28
6
4
1
5
38
1
2
7
6
17
7
4
4
2
6
5
2
1
3
2
13
2
5
10
25
3
90
18
2
49
11
3
8
1
2
3
33
73
65
2
2
3
37
3
20
44
4
5
3
6
2
6
2
7
3
15
2
9
3
1
1
6
3
35
1
2
1
54
11
22
4
4
8
1
2
3
1
5
5
8
4
14
7
11
4
33
19
2
21
4
2
4
3
1
15
1
1
11
10
2
23
5
1
37
13
2
3
3
3
2
33
3
20
16
26
6
1
4
1
2
18
28
1
5
2
56
6
1
29
18
1
1
18
5
18
2
1
2
7
7
1
1
2
6
1
8
27
1
20
1
34
1
3
10
8
1
1
5
1
3
2
1
3
3
3
3
17
20
1
2
8
1
2
2
5
21
2
1
1
4
1
2
21
12
1
3
7
5
2
1
1
4
4
9
8
1
6
11
2
2
4
1
2
4
2
9
2
4
50
6
29
3
1
2
2
13
4
16
4
4
32
1
1
6
80
18
4
10
1
6
1
1
2
1
41
4
2
1
24
14
3
2
2
1
8
21
13
3
2
11
1
7
7
2
3
2
1
1
1
5
4
3
31
1
4
4
5
13
2
1
1
1
2
4
1
14
11
42
27
2
1
15
1
1
50
6
33
3
1
1
5
85
26
59
41
1
15
14
2
6
13
5
5
2
1
6
14
6
3
4
4
1
11
3
23
3
1
1
6
1
6
6
1
11
1
4
6
1
1
2
3
13
4
1
9
1
4
24
2
7
24
1
6
2
35
3
3
20
8
1
2
30
24
3
1
1
3
60
13
1
7
13
1
2
3
2
2
2
3
1
11
1
19
81
3
7
1
1
2
2
13
1
6
3
11
9
1
2
11
2
22
2
2
1
1
1
11
10
6
11
3
4
1
2
1
5
3
3
10
1
5
1
1
10
2
2
5
1
18
9
2
2
2
2
14
8
2
3
13
4
3
1
13
12
36
1
4
5
5
3
9
1
8
1
51
1
24
10
2
6
2
13
1
41
1
1
3
11
11
3
2
2
7
1
2
2
4
5
8
1
1
8
4
4
19
1
1
1
7
13
3
2
3
1
2
2
3
1
1
4
23
3
25
2
12
3
8
5
5
37
1
4
2
2
2
2
15
1
1
24
4
3
26
4
2
1
3
2
6
1
1
2
3
2
23
5
1
1
1
4
4
1
3
2
3
4
8
4
2
2
1
6
22
2
14
4
1
15
4
67
6
19
6
18
2
1
24
3
12
1
1
2
2
13
15
67
15
1
3
1
13
5
1
26
50
5
18
1
3
5
62
5
6
4
13
5
1
4
1
3
6
2
1
2
12
1
24
2
1
7
4
10
1
8
14
1
3
1
10
4
1
22
15
8
6
2
5
8
9
7
6
8
19
1
3
17
8
1
3
4
9
3
1
9
1
43
2
21
2
5
10
1
10
2
2
6
2
3
12
1
3
5
1
90
1
1
17
2
3
10
3
4
16
6
13
1
1
1
1
3
2
5
1
3
9
2
1
1
1
1
17
1
2
1
1
13
1
8
1
1
1
34
7
3
1
5
20
7
10
30
1
3
3
2
13
3
1
55
2
24
17
29
2
12
6
1
1
2
2
4
1
7
9
1
1
4
2
8
3
4
3
3
1
9
1
1
2
2
4
5
1
20
20
6
8
1
3
2
22
3
1
7
1
2
3
1
64
5
29
2
1
6
1
14
1
14
15
3
18
1
1
6
4
18
3
8
3
2
5
1
4
1
5
1
2
1
12
2
1
47
2
2
2
1
10
11
1
8
2
10
35
2
2
8
3
16
5
2
1
1
4
10
3
2
1
33
1
5
2
5
2
1
1
3
17
10
56
1
10
2
1
6
1
19
18
6
4
4
2
5
2
1
12
5
31
3
2
1
75
2
1
3
2
1
8
13
22
1
3
3
3
12
21
3
11
1
2
1
8
1
18
28
31
2
2
1
1
1
13
5
1
2
3
6
1
2
7
1
32
3
1
7
1
8
5
3
1
17
10
3
6
3
1
1
5
1
66
4
2
6
2
1
5
11
22
24
19
1
2
2
73
7
1
6
4
6
4
2
1
5
3
3
20
2
15
6
11
1
2
1
1
1
14
5
3
1
17
1
7
3
1
13
1
1
1
5
2
13
2
22
1
8
18
1
7
20
1
3
2
1
4
6
1
2
83
3
2
3
7
20
7
6
2
26
10
5
2
12
1
17
1
1
6
1
1
2
2
10
1
2
2
1
7
3
22
27
36
4
6
15
5
3
6
53
2
1
4
2
1
1
2
1
2
11
49
22
22
3
2
6
7
13
4
4
4
13
1
4
16
45
5
1
1
21
8
9
14
1
23
3
1
2
2
1
2
1
1
3
9
25
17
2
8
45
6
8
86
21
6
2
1
3
13
2
7
42
3
9
1
2
2
11
1
5
3
44
11
3
2
2
3
1
3
9
2
1
1
17
1
1
22
5
2
2
2
4
2
17
8
1
4
17
1
17
7
1
15
10
2
3
14
1
35
8
2
4
10
23
5
13
6
2
1
4
4
8
7
1
2
2
3
1
1
1
2
3
1
1
1
16
1
24
1
6
2
10
41
4
39
3
1
12
33
17
8
26
3
11
12
19
2
40
2
1
2
8
5
1
2
1
43
1
2
2
3
1
1
24
2
4
1
5
2
1
4
16
2
4
2
2
1
2
3
1
3
2
4
1
2
15
6
42
1
2
19
3
5
4
1
2
1
1
4
11
2
1
2
2
2
10
1
26
11
10
2
1
3
3
1
3
3
1
1
1
8
1
22
14
36
4
16
22
1
14
2
3
16
4
4
3
111
18
2
2
1
3
4
2
25
7
19
5
5
13
3
10
2
1
6
2
3
14
4
4
32
22
4
2
23
6
3
1
21
1
9
1
1
15
16
2
1
8
1
1
15
48
2
3
8
2
7
8
3
10
12
11
57
5
3
12
3
2
3
2
2
27
4
1
31
1
1
6
5
11
1
3
1
10
4
6
4
6
3
3
3
2
6
2
1
1
4
1
2
5
5
1
11
13
2
1
7
2
25
14
1
1
2
1
5
1
5
2
2
2
2
2
2
3
2
2
1
37
7
29
13
2
1
1
5
1
5
1
2
3
7
3
25
1
3
2
6
5
5
56
19
6
10
3
2
55
1
2
1
6
32
14
1
6
2
1
10
1
3
2
2
5
24
1
8
1
1
37
5
4
10
18
1
4
15
1
1
1
1
11
2
2
12
1
16
7
24
2
8
10
1
4
8
2
4
2
2
20
3
19
11
3
13
3
5
4
1
4
1
10
2
1
4
4
2
5
4
21
1
5
2
22
2
1
15
7
3
26
2
14
16
19
2
14
1
23
62
5
3
2
12
3
1
20
51
16
6
1
19
53
1
2
2
8
18
5
20
19
2
3
4
1
2
1
1
3
23
5
2
16
6
14
1
1
5
2
6
8
6
1
6
4
1
3
13
2
8
13
1
3
5
1
2
1
3
2
3
1
103
14
10
1
1
7
14
3
3
1
7
47
1
1
82
6
7
4
1
6
5
1
11
10
2
2
40
4
1
6
3
16
15
26
6
4
6
3
1
1
5
5
1
1
1
1
2
4
1
47
1
2
3
1
6
11
43
2
2
53
97
46
1
1
7
1
2
5
5
2
1
6
9
2
7
11
1
3
3
4
3
2
56
2
5
2
61
9
2
2
25
3
1
1
5
15
2
3
1
10
2
1
6
11
4
2
18
1
1
1
11
2
3
1
1
6
1
15
3
7
46
2
6
5
3
2
6
21
5
4
28
5
12
7
3
1
41
7
3
23
8
1
15
18
3
1
3
2
1
1
1
1
7
109
13
8
7
2
1
1
4
1
3
6
6
1
1
2
38
1
4
2
2
1
2
4
9
4
3
13
11
1
4
1
9
6
2
23
2
2
5
1
4
5
3
21
4
14
1
2
2
21
5
2
1
34
1
1
2
24
34
3
14
3
26
4
15
3
9
2
4
4
3
10
2
11
4
4
1
12
4
1
1
3
2
11
9
3
5
3
40
5
1
10
2
8
1
1
4
16
6
38
15
9
1
1
2
7
10
5
2
2
2
1
1
11
5
39
42
2
1
2
2
10
6
22
3
1
34
1
11
1
2
12
5
9
6
4
6
2
3
2
4
7
12
5
33
1
1
14
2
21
7
5
24
1
13
17
3
2
4
3
2
3
2
21
2
6
17
6
1
37
1
8
1
1
4
3
1
29
8
15
1
10
1
1
25
36
1
1
21
2
1
2
2
3
1
7
6
2
1
5
33
4
43
1
4
4
4
2
37
4
2
1
13
1
1
1
1
66
2
12
1
2
5
1
1
6
1
4
32
8
10
9
2
1
2
40
3
1
1
4
11
55
11
7
2
41
2
34
6
2
1
4
6
3
2
3
15
1
25
27
3
3
4
18
2
2
2
19
5
1
1
2
24
6
1
3
39
14
3
21
2
1
1
3
7
1
5
2
3
3
42
1
3
63
6
1
1
1
13
4
1
2
8
3
4
34
1
48
4
1
1
10
2
2
3
51
2
29
17
3
15
3
29
3
15
3
2
2
5
5
5
22
1
11
1
1
1
2
1
2
1
33
7
2
1
6
9
10
2
2
1
7
1
1
2
1
2
1
2
17
17
6
1
2
1
1
4
1
11
62
3
2
12
2
2
4
16
6
16
13
4
3
1
5
3
14
5
3
10
3
1
2
2
11
2
1
1
2
11
2
2
2
21
25
4
4
1
1
2
35
1
11
3
1
3
2
2
17
8
5
21
3
6
11
2
7
38
1
13
2
1
3
63
5
6
2
1
2
8
34
3
98
1
1
3
4
2
2
1
14
15
3
1
8
8
1
11
1
2
6
2
3
1
3
2
18
7
6
12
2
43
1
8
7
5
2
7
5
1
33
1
44
12
4
2
2
15
5
2
5
2
5
6
2
2
5
1
4
9
3
2
1
8
4
3
9
8
5
1
27
17
12
12
4
4
2
1
10
1
18
3
1
2
7
8
4
1
3
2
1
3
4
5
8
3
3
2
1
2
2
1
1
2
6
4
3
8
6
49
5
2
1
7
9
