1
1
2
2
10
7
1
4
3
2
1
30
3
7
3
1
12
19
2
3
1
1
1
8
1
2
11
3
2
11
4
9
11
7
21
2
4
8
3
1
1
10
1
2
1
3
3
2
3
2
3
6
1
2
2
1
2
13
5
3
10
1
1
3
14
11
1
5
8
6
3
1
1
1
5
8
1
1
2
2
12
3
4
8
3
1
1
7
3
1
1
4
1
1
1
51
5
6
31
4
2
7
10
1
12
2
1
2
1
3
2
3
7
2
1
27
22
4
3
11
3
1
10
1
1
1
1
1
1
8
27
11
5
2
3
6
1
2
1
27
2
59
3
1
3
1
1
1
1
2
2
5
69
2
22
12
1
2
1
2
1
3
2
3
7
1
6
1
4
1
2
19
46
2
3
14
10
1
4
4
32
2
9
14
1
3
2
2
2
6
1
6
2
6
6
1
4
3
1
2
34
14
1
12
3
4
9
1
1
7
2
1
1
4
1
9
9
1
22
1
1
1
1
53
1
2
4
2
2
16
9
1
15
5
7
1
26
1
1
5
6
7
1
2
1
4
4
3
2
2
1
1
21
1
4
2
9
9
1
4
19
2
2
1
16
1
2
1
3
1
8
1
10
9
1
5
3
15
2
2
2
3
49
4
8
1
2
1
4
2
20
2
1
3
7
2
79
11
14
2
9
4
2
2
12
9
5
2
3
2
4
1
1
2
2
3
6
2
3
1
3
27
2
6
1
2
2
2
2
2
6
14
4
1
1
10
5
8
5
2
1
1
37
1
8
18
3
1
1
2
5
3
12
12
23
8
5
1
26
5
1
29
1
13
8
9
4
2
1
9
14
13
2
1
1
2
20
3
1
2
2
4
5
2
10
1
2
4
4
1
7
3
1
1
5
20
10
14
2
1
1
1
1
5
1
13
3
5
5
1
2
2
1
1
2
4
28
1
42
2
7
1
5
1
1
5
1
6
4
10
1
7
3
3
1
1
2
1
3
14
1
1
2
1
2
2
1
3
2
4
15
1
8
1
9
8
3
4
1
5
10
4
1
2
3
11
2
1
7
50
1
8
1
1
4
2
5
1
18
1
1
1
3
19
8
51
26
1
1
8
8
7
1
47
1
7
4
1
26
9
3
9
3
2
7
3
1
24
2
1
10
1
13
1
39
6
3
2
1
29
8
1
1
4
4
17
1
5
27
9
1
1
1
16
10
2
11
5
1
10
2
2
1
2
7
12
7
1
3
6
1
5
2
1
3
4
7
1
2
2
1
1
2
1
2
3
1
3
1
4
2
1
2
1
4
3
1
1
1
15
8
1
2
8
9
2
6
2
1
2
1
5
1
1
4
13
23
23
3
13
2
2
6
2
6
1
60
2
2
4
2
1
2
2
2
3
2
1
1
3
1
3
9
42
2
5
58
2
1
1
2
2
4
2
12
2
4
1
5
1
2
2
6
23
15
8
1
2
6
80
1
1
10
3
1
1
3
15
5
3
14
4
2
10
1
1
5
3
2
1
2
1
7
5
4
13
14
7
1
1
3
4
1
3
5
20
3
1
2
3
1
5
1
10
7
2
24
4
6
1
3
1
1
2
6
3
27
57
1
11
3
3
6
7
3
3
1
5
5
17
13
2
1
4
6
3
66
4
3
1
5
1
1
1
8
14
5
4
4
1
4
1
4
3
23
1
14
14
7
3
10
19
4
5
3
6
2
22
2
6
1
1
1
1
2
6
2
13
1
2
9
3
3
5
10
27
1
1
71
1
1
42
6
44
1
14
1
8
1
4
1
1
1
1
1
5
6
5
9
2
2
24
1
1
6
4
1
6
1
1
1
1
2
1
4
4
29
2
61
2
11
40
1
7
5
39
3
1
1
54
40
2
1
5
6
8
1
1
5
4
2
25
3
1
5
9
1
1
6
2
2
9
3
2
7
2
2
12
28
7
20
8
12
1
2
24
2
2
3
21
3
15
2
1
1
8
2
14
12
1
1
52
11
38
1
4
2
12
48
15
1
2
2
2
4
3
1
13
3
3
4
2
1
22
3
1
1
4
1
1
5
1
1
28
3
3
49
1
4
2
3
1
1
6
1
13
20
1
38
4
2
1
2
16
1
16
19
63
14
3
14
2
4
2
3
3
2
1
1
3
1
3
5
7
2
38
42
5
1
31
1
8
3
2
20
2
3
2
38
19
16
3
10
4
7
3
15
3
15
6
2
5
40
6
2
5
1
3
2
1
4
3
2
1
6
1
6
1
26
13
8
6
4
3
2
3
2
4
13
6
2
40
4
4
2
2
2
1
1
9
1
13
1
1
1
2
10
1
10
1
4
4
20
1
2
3
1
1
7
4
17
7
6
1
3
4
6
9
3
3
5
5
1
2
1
2
1
52
13
12
3
1
5
1
21
5
2
7
40
39
5
7
5
6
8
4
3
3
4
10
5
14
6
14
2
2
13
2
33
18
3
8
3
1
2
10
1
3
35
18
6
1
8
40
2
2
1
6
2
3
3
24
2
3
1
2
1
1
1
2
12
6
3
1
32
1
23
2
19
3
1
2
1
2
3
1
5
27
2
1
6
7
8
3
1
51
47
1
2
16
1
1
18
1
2
4
6
1
1
10
5
3
1
3
1
1
1
22
3
1
6
1
2
2
3
10
1
4
3
2
1
7
5
2
1
2
2
5
3
1
2
1
1
3
4
3
2
1
1
4
3
3
1
4
21
1
2
8
1
1
5
10
1
1
1
8
5
13
8
1
1
9
2
33
6
1
5
1
1
3
1
1
77
4
1
1
1
6
1
18
1
3
15
34
3
2
11
1
17
2
3
1
3
3
2
1
4
5
11
2
8
1
1
24
2
1
3
6
2
1
1
5
7
1
1
1
4
11
2
3
12
1
7
1
4
5
1
8
7
3
2
2
3
1
10
3
34
3
3
3
36
1
1
3
1
2
26
5
7
2
1
2
4
20
1
3
1
7
1
3
3
19
3
1
2
4
18
17
4
3
7
1
15
1
2
7
13
1
5
1
13
2
39
14
2
8
4
1
4
5
2
3
1
7
2
2
2
4
2
1
1
1
5
7
2
1
3
6
26
1
3
4
12
1
1
10
1
12
25
5
1
5
1
1
7
6
5
6
1
2
5
3
7
2
2
8
17
1
1
23
5
2
2
2
2
1
3
1
3
2
2
2
1
3
1
7
4
2
5
1
10
17
7
6
7
5
3
6
2
1
1
6
4
1
2
8
11
14
64
5
13
2
6
3
20
13
4
4
1
5
2
15
70
11
5
36
2
14
14
5
1
1
11
1
2
1
1
6
2
2
2
3
1
8
7
3
2
8
31
5
19
38
2
1
1
1
1
1
1
2
5
10
4
10
3
10
5
17
1
2
1
3
5
3
1
14
1
2
5
1
3
1
2
2
3
3
1
1
1
3
1
30
15
2
5
11
1
2
13
3
9
1
25
1
2
19
2
9
4
6
15
25
1
2
10
2
2
9
1
2
27
2
9
23
2
3
3
17
3
2
1
4
1
6
12
1
5
9
1
3
3
6
3
2
3
4
20
1
2
4
4
1
1
8
2
1
7
9
1
1
24
1
6
4
9
5
2
2
45
4
6
1
1
4
6
5
1
18
55
1
5
25
1
2
19
5
1
8
1
1
1
5
8
2
1
2
2
2
1
1
8
1
17
1
23
3
17
1
2
4
5
24
2
1
1
4
44
4
2
2
2
8
2
1
8
11
9
1
6
1
45
1
8
2
33
1
2
1
4
1
2
1
2
9
2
9
6
1
1
1
2
3
4
2
1
46
3
1
4
22
3
12
13
47
2
1
5
3
1
2
9
4
3
25
6
2
5
3
5
1
2
6
2
2
2
3
2
1
22
3
1
13
69
34
3
15
12
1
3
12
2
4
1
25
1
12
4
2
8
3
7
12
1
26
6
4
6
2
1
35
2
1
15
2
26
1
1
1
4
5
6
1
3
2
3
6
3
3
20
2
3
3
4
1
2
3
2
7
1
1
1
1
1
1
9
50
2
5
8
4
2
2
18
1
3
1
1
2
23
5
1
1
2
1
11
35
4
1
2
1
7
1
6
2
1
1
7
6
1
1
73
2
1
7
1
1
1
2
5
2
1
4
1
1
3
2
5
3
8
2
16
14
3
8
1
2
1
1
2
5
6
2
57
2
2
8
3
1
1
1
41
5
2
19
2
6
5
3
42
1
6
1
1
5
5
1
1
7
2
1
1
8
2
1
1
6
11
1
7
1
2
7
4
2
22
1
8
4
1
12
3
4
1
1
10
2
1
4
1
4
1
15
2
3
27
2
2
1
1
1
14
7
1
2
2
2
10
2
2
1
3
1
6
8
34
19
6
4
2
3
7
12
3
6
17
3
2
36
1
2
17
8
3
3
18
1
1
2
20
1
2
1
1
4
1
2
1
2
2
2
7
11
1
1
2
1
8
5
9
2
1
1
23
1
22
1
19
2
1
1
2
10
1
1
1
23
5
4
1
2
6
1
2
9
30
2
1
3
1
1
1
1
1
5
7
6
2
2
1
5
18
37
1
7
2
3
1
2
3
1
2
1
1
4
9
1
24
6
1
1
2
2
1
3
1
2
3
2
1
29
2
2
8
1
1
8
2
4
2
1
3
7
5
1
5
4
12
1
2
2
4
1
10
39
9
6
2
1
9
2
22
48
4
3
2
1
3
53
2
1
1
7
2
3
18
3
6
7
1
18
10
1
2
1
1
1
11
7
22
1
3
21
5
1
4
5
2
1
3
30
2
1
6
1
1
9
58
2
1
2
2
8
21
3
1
3
8
42
17
17
2
3
5
3
2
2
11
4
4
2
1
1
36
14
1
3
1
1
2
6
8
8
4
1
1
9
1
3
1
1
5
2
9
1
1
3
6
4
1
1
11
7
3
1
2
7
3
5
7
4
1
3
7
2
1
1
4
1
9
3
6
6
1
3
2
3
1
1
4
7
4
2
1
13
3
1
8
3
1
1
8
4
2
7
4
2
27
3
1
26
1
66
5
1
2
2
2
9
34
15
1
1
6
4
5
5
2
1
6
83
6
1
16
1
13
1
1
3
32
1
1
1
3
6
2
3
2
10
3
3
2
27
6
1
5
1
3
1
4
7
5
10
6
1
1
1
1
2
4
4
1
4
6
1
1
2
8
5
14
15
6
4
1
3
11
21
4
1
15
2
6
3
1
2
2
1
3
4
1
2
1
3
1
9
9
1
2
1
3
24
2
19
1
1
8
1
1
1
1
18
12
11
17
6
4
1
1
1
2
1
4
1
22
1
5
2
1
2
1
6
3
2
3
6
8
25
9
6
3
1
6
2
1
1
21
1
1
1
1
6
2
3
6
2
1
33
1
52
11
1
60
5
4
2
1
1
7
3
8
19
2
2
8
1
9
1
32
1
2
2
3
7
1
4
1
2
13
2
4
4
54
2
4
1
4
1
2
3
2
8
1
8
4
1
8
2
43
11
3
6
2
40
3
1
1
21
10
2
1
2
1
10
1
4
1
3
36
1
6
1
11
2
2
7
1
4
1
1
1
6
17
3
1
8
2
1
1
2
1
11
1
54
4
7
2
19
3
2
23
1
5
8
26
1
9
2
3
5
1
10
1
1
1
1
2
1
3
4
4
16
1
7
3
1
4
15
1
5
3
28
3
6
28
10
2
7
3
2
7
3
13
1
7
5
5
4
2
5
3
3
1
40
7
2
6
31
4
1
2
3
4
2
4
5
4
1
2
2
1
1
7
1
13
7
2
2
4
18
17
4
3
1
3
1
3
1
15
15
7
4
1
2
1
3
14
11
34
7
2
16
2
7
3
1
3
1
13
1
29
27
2
4
3
3
17
5
1
2
1
1
2
5
1
1
8
6
5
16
2
1
5
1
9
8
1
1
1
5
5
1
1
3
2
3
25
2
3
4
1
2
3
1
9
4
2
5
6
2
3
1
2
1
1
9
8
4
1
1
84
3
1
1
4
1
4
12
7
2
5
2
7
8
7
1
10
14
8
10
12
7
3
1
1
3
3
3
28
2
23
22
1
1
48
2
5
3
9
1
4
6
1
2
3
18
6
3
1
4
5
8
6
35
1
2
1
1
1
1
1
13
5
4
3
22
3
1
11
1
29
2
4
1
5
2
1
1
5
1
1
10
1
1
9
2
1
3
4
5
10
2
3
1
3
1
4
1
1
2
1
41
51
9
12
2
2
17
20
1
1
9
1
1
8
8
4
3
3
13
5
2
10
2
22
2
5
7
1
1
14
1
21
3
6
4
3
11
4
22
4
2
1
1
8
2
9
2
24
1
1
3
7
43
11
9
1
7
6
14
1
20
2
4
9
3
25
2
2
7
14
6
5
9
1
2
43
1
3
20
1
35
2
4
4
2
6
5
4
1
1
1
3
12
5
2
1
1
1
20
2
3
24
12
2
4
3
4
4
13
9
14
1
18
2
9
6
29
1
2
24
4
2
2
3
41
4
1
2
1
1
2
5
4
1
1
1
3
2
3
1
2
1
4
13
43
1
2
2
3
1
2
5
10
5
8
5
6
58
1
2
1
3
3
1
7
3
8
10
1
3
5
3
5
8
1
11
41
8
7
2
4
1
2
5
1
3
2
1
11
1
11
15
4
1
2
3
4
4
10
1
7
1
5
7
5
3
1
24
4
15
9
1
1
1
7
1
1
1
1
3
12
5
13
1
75
20
15
2
14
42
6
3
1
1
7
12
2
3
6
12
2
46
16
1
2
1
3
4
19
3
2
1
3
2
2
1
11
2
2
4
1
16
35
1
2
1
9
3
9
3
2
1
1
6
1
1
2
1
10
1
1
1
4
6
1
3
16
1
2
1
5
16
2
1
1
2
6
6
3
4
3
1
4
1
6
3
2
2
8
6
1
1
9
1
6
2
3
13
3
1
16
16
1
2
1
34
5
3
54
1
5
3
1
1
4
1
11
1
6
2
17
7
3
5
11
1
1
1
7
1
2
8
22
5
4
10
2
4
9
3
2
1
1
5
3
1
1
1
2
9
7
10
10
2
13
7
2
9
1
3
2
2
1
1
1
18
7
1
2
3
2
2
1
6
1
3
1
1
11
2
2
4
1
5
2
3
47
6
1
2
11
38
3
3
2
2
1
3
2
1
9
19
1
8
14
2
4
2
26
4
2
1
5
5
2
1
1
2
3
7
1
1
1
2
4
1
1
1
3
1
2
1
1
8
3
1
3
1
1
24
2
1
1
1
2
3
1
12
31
21
17
5
2
2
1
10
1
1
35
1
49
2
3
1
2
6
14
23
1
2
9
3
13
1
2
2
2
1
3
5
1
1
10
6
1
27
2
13
1
19
23
3
7
8
24
72
2
1
2
3
13
1
1
3
1
8
2
3
9
4
1
33
6
1
10
3
1
3
44
2
1
2
2
6
1
7
1
2
7
14
11
27
3
14
1
11
5
1
10
7
7
4
2
1
15
2
9
12
6
4
2
1
2
5
2
1
4
1
1
3
2
1
2
15
4
7
1
1
35
6
8
1
22
2
1
9
6
1
37
2
2
1
1
5
16
3
65
12
3
2
3
4
15
2
3
1
2
1
9
14
8
1
4
3
1
4
1
1
5
2
15
26
2
2
5
8
2
1
6
1
1
1
3
2
9
9
3
1
2
10
13
12
23
7
7
2
15
3
11
5
3
2
4
4
12
1
18
1
3
2
12
4
3
2
4
1
10
7
15
2
5
8
21
4
3
2
12
41
1
2
2
3
6
6
6
1
16
17
3
4
1
2
1
1
3
5
6
18
1
7
9
4
4
6
3
3
1
1
27
3
32
5
8
1
1
3
3
3
19
3
4
1
