5
1
1
1
92
2
5
1
1
20
57
19
85
6
2
18
158
37
11
3
5
3
25
6
13
5
17
1
86
21
3
13
4
2
8
3
17
2
26
25
71
1
11
24
16
3
1
56
35
2
2
2
1
23
42
5
3
9
34
98
4
24
1
7
159
5
1
1
4
12
14
1
6
3
30
2
1
14
2
17
9
2
15
1
2
5
4
95
13
7
69
5
3
14
20
39
79
3
9
3
4
1
2
11
4
4
1
107
2
2
5
6
13
4
1
4
23
1
4
8
31
1
5
24
16
18
31
39
22
21
17
1
5
18
46
39
17
1
12
3
1
10
33
13
34
11
201
1
1
1
1
4
51
9
8
3
10
13
27
5
1
191
1
1
1
1
2
32
1
5
1
6
2
19
10
1
40
3
2
9
10
1
1
5
13
6
2
24
29
9
11
3
6
1
2
57
2
1
9
3
4
18
14
1
12
15
10
2
42
14
105
44
25
2
36
23
1
3
2
10
1
16
2
1
1
2
8
6
10
38
10
20
1
13
1
27
56
1
2
2
2
8
42
1
17
5
64
4
26
9
2
175
17
1
20
4
42
13
3
1
8
2
3
38
5
2
46
3
2
5
1
44
22
7
2
80
22
25
13
11
3
10
5
1
33
4
9
1
1
1
2
10
9
8
58
2
2
32
5
1
23
35
2
2
16
5
26
61
24
7
1
16
1
2
12
14
14
15
6
14
2
1
3
14
116
6
1
4
93
1
3
34
1
1
1
4
13
1
1
9
5
13
2
1
11
1
27
38
1
5
1
21
1
9
8
6
11
85
2
113
3
2
20
56
2
77
36
1
2
44
1
56
14
17
3
18
1
2
2
12
4
14
1
43
12
41
1
1
19
11
8
1
173
4
54
13
1
8
8
1
2
1
3
44
55
6
1
4
4
1
9
143
4
6
11
5
15
14
9
2
10
16
29
1
158
9
1
2
5
1
15
39
7
3
3
15
16
5
3
5
1
13
2
35
1
1
24
10
3
30
2
50
55
1
6
2
7
3
19
1
22
2
4
24
13
15
124
2
1
2
2
1
1
27
3
12
108
7
4
1
2
48
13
5
2
11
6
10
28
1
1
4
52
2
104
14
6
1
55
2
8
8
12
34
20
42
11
1
5
106
39
6
2
23
6
12
1
1
1
1
1
27
17
58
1
4
23
2
38
16
3
7
61
22
2
1
1
7
24
14
11
1
3
3
2
1
12
1
1
1
25
39
1
1
1
16
40
1
2
1
21
1
1
19
28
20
8
6
5
106
15
2
3
1
4
61
1
4
3
10
1
23
8
32
1
3
12
14
59
2
2
4
1
39
2
10
45
1
3
1
159
13
1
6
5
4
2
2
54
31
36
20
17
14
14
17
1
10
1
25
15
2
33
13
1
18
15
147
3
1
3
5
6
4
4
1
22
3
2
8
5
1
98
7
2
1
17
22
10
2
7
13
16
12
13
4
1
2
115
18
1
1
3
2
2
1
1
1
4
19
4
5
12
61
1
6
3
2
7
2
5
12
6
3
111
4
20
2
12
3
3
2
3
3
11
29
18
138
2
3
1
38
25
3
2
2
9
65
1
1
4
44
74
8
1
23
2
22
1
1
68
71
34
3
2
56
4
1
34
108
10
91
3
42
1
2
29
5
4
2
10
17
5
7
15
22
2
15
1
3
25
2
14
24
5
3
1
63
14
4
129
80
19
5
56
25
15
4
2
48
7
71
19
2
2
1
1
2
2
6
15
4
1
2
5
6
4
4
1
9
3
8
4
7
121
1
26
45
111
1
24
21
24
14
10
2
3
206
22
46
39
8
26
41
5
14
1
4
4
4
10
1
1
80
167
8
15
5
16
1
7
12
16
2
5
119
4
1
8
1
35
5
33
19
25
2
41
39
9
10
3
1
25
1
1
20
41
2
6
143
25
7
5
1
1
11
8
11
4
2
100
13
52
3
7
5
67
7
2
14
3
3
3
14
28
1
5
3
8
1
16
2
5
1
1
16
42
3
2
7
2
6
50
1
1
34
2
1
71
1
2
14
105
7
1
19
13
2
2
5
5
39
22
1
2
31
9
1
25
40
2
2
2
53
17
13
6
3
17
5
21
5
3
2
2
1
3
3
4
6
2
2
2
2
3
2
1
51
19
5
2
1
2
22
5
1
12
3
18
8
2
1
3
2
1
7
1
80
5
9
31
25
36
3
2
2
2
18
1
3
11
1
61
36
1
4
32
3
1
17
16
1
2
29
5
1
28
64
2
7
17
6
19
8
1
51
3
3
2
3
1
12
6
4
2
7
1
1
17
5
33
2
5
1
5
1
2
2
7
3
3
7
1
3
2
6
1
97
20
3
24
21
1
1
4
30
2
3
4
8
2
1
61
27
3
43
1
3
4
5
52
11
109
6
13
3
3
2
17
9
90
4
19
4
2
27
26
20
39
71
15
26
2
4
1
35
7
1
17
3
9
2
28
2
2
2
3
2
5
2
80
3
27
1
80
12
2
40
36
1
4
30
3
10
4
25
5
2
51
6
1
59
1
10
1
1
2
20
19
1
3
54
7
15
17
7
12
6
6
17
1
1
5
2
35
1
6
7
1
6
4
2
19
2
9
2
1
70
68
9
3
2
1
8
6
10
1
28
4
26
178
2
11
4
4
1
3
2
3
2
3
17
4
4
2
1
2
15
1
5
108
66
2
2
3
4
4
73
16
1
2
6
64
2
31
13
3
8
7
3
5
10
22
5
6
67
2
1
2
2
4
3
7
2
15
1
2
3
1
1
15
1
12
53
3
15
2
1
4
2
14
38
3
22
18
7
66
13
3
2
9
2
4
34
5
30
3
62
5
39
8
9
2
14
8
3
59
35
12
7
14
26
74
4
15
1
2
1
1
3
1
1
8
1
5
128
9
1
1
14
3
14
3
1
2
11
13
3
2
5
1
30
1
9
134
1
1
9
2
1
1
2
25
1
5
29
2
60
38
1
14
17
9
7
21
112
12
18
7
1
18
1
13
3
44
50
16
60
8
21
27
14
4
3
1
2
120
10
19
1
30
5
1
35
2
11
14
48
2
1
18
1
13
3
53
50
1
9
13
124
56
4
19
1
96
3
3
5
2
16
50
30
2
9
6
2
1
13
14
35
2
9
50
9
37
1
1
52
2
5
5
100
2
5
1
136
5
17
3
13
24
1
1
5
1
1
36
61
14
7
15
15
31
2
3
1
13
4
1
1
2
4
1
17
1
1
15
25
28
17
21
38
4
7
6
99
1
7
4
6
1
2
5
1
5
24
1
12
3
1
3
2
40
1
1
4
107
28
8
1
1
2
36
1
49
2
2
2
7
1
15
5
3
3
1
21
8
4
22
43
4
4
2
12
3
26
37
11
4
65
42
13
12
7
3
1
4
2
72
10
1
1
2
2
6
3
11
35
9
1
2
48
3
24
11
26
4
97
2
3
5
3
24
5
3
50
8
22
1
1
17
2
5
30
48
44
12
2
5
42
2
3
1
130
5
1
1
6
5
8
14
1
3
10
1
6
1
7
5
41
37
2
20
2
8
1
24
134
6
3
57
4
53
3
6
71
1
2
3
7
6
8
14
3
2
1
9
49
3
1
133
1
3
14
1
6
24
11
8
64
1
2
2
4
2
4
2
77
14
12
22
2
6
1
6
4
2
3
4
1
2
5
1
1
12
62
2
24
3
54
1
28
6
1
2
2
9
9
33
97
24
10
2
4
3
4
6
4
44
1
2
4
8
28
3
1
2
24
49
192
6
28
1
15
1
62
2
12
69
2
8
13
20
12
4
1
3
1
7
2
8
3
23
2
6
3
6
6
14
7
24
22
3
3
12
3
1
22
2
10
83
1
1
14
2
1
9
7
10
53
1
95
47
8
10
29
2
78
59
14
1
5
31
28
5
1
2
11
1
1
9
1
2
1
6
2
2
16
1
8
3
3
9
3
2
1
1
1
53
11
19
10
19
7
3
1
14
7
46
1
1
6
3
5
9
1
6
15
4
2
4
10
1
24
2
4
1
1
79
2
5
4
1
3
12
1
4
5
14
10
1
37
3
4
9
51
58
1
16
5
116
42
17
1
53
3
3
1
1
3
3
1
4
1
11
3
13
41
1
1
2
5
20
32
1
1
2
6
1
2
1
7
33
2
1
2
3
39
14
64
1
2
11
1
3
5
4
2
5
4
38
2
34
1
26
1
4
3
2
3
1
13
5
18
8
17
1
35
7
83
1
1
1
5
3
4
1
3
66
2
1
7
41
39
3
2
5
35
6
3
2
2
2
1
202
15
2
9
3
5
1
4
4
6
75
2
11
6
6
6
11
3
7
1
3
12
7
2
1
5
3
84
25
1
7
5
1
1
3
1
1
1
5
1
22
1
11
35
1
4
7
1
32
2
2
2
1
4
4
24
3
2
30
25
63
5
3
11
140
7
4
1
86
2
8
7
116
8
28
11
15
12
2
3
5
1
11
6
191
4
2
1
2
19
1
21
117
1
19
1
1
21
9
1
4
8
1
58
1
3
1
37
26
40
5
10
1
15
2
18
6
7
5
31
7
1
2
1
10
1
8
10
5
5
4
1
25
5
2
19
56
4
3
42
12
15
4
10
86
20
1
27
18
1
2
2
14
44
55
1
1
3
14
9
53
4
11
2
1
1
1
2
2
1
1
13
4
5
3
14
16
42
2
2
15
18
3
4
8
3
16
12
33
1
13
1
9
2
57
94
3
41
35
59
2
2
17
10
2
9
24
49
8
2
7
50
9
3
3
84
6
1
21
19
29
2
1
2
66
11
70
5
1
26
111
3
2
71
2
39
7
12
10
12
1
6
2
108
1
3
2
161
1
6
1
38
5
1
13
5
36
4
10
4
8
1
6
6
2
1
44
52
14
14
2
4
2
27
9
3
12
4
8
3
45
2
59
9
46
1
111
5
7
100
1
3
4
7
2
1
32
4
7
9
9
10
1
7
3
4
3
18
1
11
1
19
1
4
1
64
7
4
27
16
21
24
12
62
2
7
16
3
3
26
1
12
4
3
2
1
1
14
3
8
4
10
5
2
2
6
2
35
3
4
1
26
3
23
60
6
9
1
6
3
6
10
3
11
51
7
1
6
1
5
4
4
21
1
2
4
1
43
1
1
15
2
1
2
1
5
10
9
42
4
13
19
1
5
4
15
15
5
1
22
6
13
5
1
1
6
1
3
4
2
8
6
1
12
5
4
2
2
11
8
1
39
27
2
1
171
6
9
1
3
1
4
21
15
41
1
2
3
2
7
4
35
10
28
2
1
3
12
19
4
1
58
6
16
17
32
5
4
7
5
15
2
1
6
2
2
45
6
12
3
1
59
12
2
2
35
7
4
4
7
36
21
13
74
1
1
20
22
23
31
1
2
20
3
6
1
2
1
12
16
11
45
1
52
1
1
1
2
21
1
5
93
3
10
2
2
1
106
1
3
3
6
17
113
20
31
3
4
10
91
1
3
2
8
2
12
1
58
15
4
6
16
11
13
41
3
5
15
9
11
110
1
1
27
7
9
2
57
4
4
9
7
1
3
4
6
10
53
7
2
2
10
1
25
130
10
10
4
6
6
5
11
22
3
2
2
1
1
46
2
22
2
7
11
6
55
7
7
6
15
12
13
3
68
43
13
12
49
14
22
5
2
150
9
16
50
1
2
4
11
10
5
8
6
88
9
2
19
102
1
1
20
3
6
1
3
10
1
5
2
99
103
5
5
7
70
1
4
1
7
2
4
114
6
20
8
2
50
7
2
18
6
1
12
14
41
3
2
27
2
7
4
5
2
41
14
8
52
6
9
1
9
1
12
8
12
12
1
15
20
13
6
18
4
1
3
1
3
6
1
51
4
19
15
16
1
1
10
7
12
