10
5
1
1
11
70
29
7
2
50
19
2
1
2
18
3
3
5
20
33
2
1
1
1
1
1
24
1
26
1
1
12
8
11
2
4
1
15
15
2
5
10
12
1
20
5
5
1
14
19
5
15
7
28
2
3
5
9
2
2
48
1
7
29
3
3
9
1
2
1
1
2
1
2
1
16
41
1
2
1
45
25
8
48
3
4
5
1
1
1
6
2
1
2
24
3
2
19
8
71
3
6
46
16
22
11
4
38
3
3
14
4
1
7
4
1
6
1
3
51
13
1
10
17
8
5
2
3
4
3
23
13
2
1
6
5
4
12
4
2
12
5
27
2
23
2
1
34
2
2
22
1
25
5
2
3
33
17
15
60
14
11
18
20
10
22
2
1
4
14
6
2
4
3
1
8
8
9
5
13
7
3
8
1
2
2
7
20
31
38
22
28
2
14
4
1
48
4
5
1
87
69
4
1
11
4
1
9
2
9
13
1
7
67
5
1
3
7
4
33
7
26
2
14
1
3
5
1
1
3
4
6
2
4
1
7
2
10
14
5
1
1
16
3
1
32
10
51
20
3
1
1
1
18
23
2
1
8
3
2
15
1
13
11
74
1
2
5
3
7
67
32
3
1
2
1
40
1
1
4
5
1
9
4
6
66
63
1
68
3
3
14
4
1
27
6
1
5
6
1
3
10
1
1
3
6
2
41
3
2
57
7
1
2
2
12
28
7
10
2
4
41
41
2
1
65
1
21
3
68
19
3
1
2
1
2
15
1
16
14
8
1
4
1
3
13
16
4
19
21
25
7
10
11
2
7
4
1
4
4
22
4
20
2
54
2
3
4
20
4
15
3
36
1
45
2
16
2
2
13
1
8
3
4
19
2
2
4
2
2
1
22
1
21
2
1
18
8
69
2
2
2
3
1
3
11
11
1
3
4
15
3
25
15
4
5
5
2
1
7
2
3
4
1
7
3
1
6
1
2
5
4
43
5
1
2
14
4
40
3
15
17
2
1
1
1
3
1
2
1
25
12
1
35
19
43
9
11
56
5
18
13
1
5
1
2
8
5
1
20
3
8
1
1
1
4
9
2
3
1
2
2
3
3
17
1
21
8
38
11
17
2
2
2
1
1
1
1
6
31
7
7
2
7
3
44
1
46
24
22
5
2
1
38
16
2
37
6
1
7
1
46
1
4
15
2
4
2
4
7
68
1
3
13
9
30
1
1
15
1
1
1
17
6
1
33
11
3
13
15
12
10
3
3
4
3
1
2
12
1
2
8
9
57
17
2
8
1
2
6
6
1
32
2
8
2
1
1
1
14
3
28
9
69
45
1
5
1
26
1
1
33
1
5
1
31
2
14
28
7
4
2
12
5
9
30
1
3
4
62
2
37
73
9
1
1
25
11
1
1
2
3
13
13
12
6
4
3
12
3
1
17
1
15
29
13
2
18
4
1
1
3
2
4
14
2
7
9
7
2
5
6
2
34
2
9
17
2
27
9
2
11
1
50
18
1
21
13
15
3
1
3
22
3
8
3
24
2
18
5
2
11
4
27
11
6
1
1
20
2
4
12
2
9
4
3
8
62
8
1
1
3
2
72
2
3
2
22
8
11
70
48
8
2
5
1
2
1
1
34
2
10
2
2
40
12
6
11
8
1
8
4
6
31
2
2
3
1
1
2
2
23
1
22
8
5
16
3
2
3
2
3
2
1
3
2
18
3
7
3
8
2
3
1
2
22
1
16
2
2
5
2
29
2
2
14
1
3
7
30
7
7
35
20
3
1
19
2
6
6
3
14
5
57
4
3
15
1
2
14
5
8
2
11
1
5
5
1
4
13
5
1
5
2
1
2
24
2
8
4
5
1
32
9
62
3
3
2
28
21
1
2
54
11
6
3
9
1
2
5
28
34
1
9
3
2
39
1
29
3
20
39
8
10
1
9
3
4
1
18
1
3
3
50
1
3
9
6
1
2
3
1
2
1
2
15
10
3
29
1
32
1
11
2
1
3
1
1
1
1
7
5
2
5
1
4
6
2
2
1
9
1
3
10
1
4
4
1
2
16
1
37
25
20
1
18
12
13
74
1
5
10
7
7
67
3
81
60
9
3
3
13
25
6
33
27
32
84
1
16
22
33
4
1
13
5
8
4
5
5
4
1
2
3
1
1
4
1
2
20
28
10
35
1
2
11
1
19
19
3
1
1
75
2
11
37
1
19
16
1
1
7
7
1
5
9
3
3
46
4
19
2
4
5
1
3
5
3
19
11
23
4
11
5
1
17
15
24
2
5
5
2
12
33
3
3
28
6
52
1
2
9
2
8
1
1
2
29
5
9
8
15
9
18
3
10
26
1
3
5
1
27
4
11
3
1
5
2
20
1
11
10
3
1
4
2
1
68
7
4
3
2
17
2
64
1
6
6
30
11
3
33
3
2
13
2
14
4
4
1
8
1
46
18
1
14
19
6
5
5
2
14
7
21
14
34
1
2
1
25
4
2
1
9
14
2
3
4
39
37
3
1
1
3
3
19
1
66
4
3
2
1
19
1
19
12
17
1
1
12
4
1
13
2
14
23
4
35
13
14
1
5
2
1
2
1
3
6
3
8
6
6
1
2
5
3
1
15
1
20
1
10
52
7
1
41
1
1
32
9
2
23
1
6
2
3
31
7
2
24
4
1
1
21
2
10
1
3
1
17
5
16
81
5
11
4
18
9
87
2
27
43
2
7
16
1
48
2
2
21
2
3
2
12
3
2
29
1
1
14
1
1
1
24
2
10
2
1
1
4
5
11
10
11
1
2
1
2
7
7
7
10
14
11
18
13
3
4
5
3
78
1
13
25
22
1
14
15
3
1
12
36
39
2
6
90
4
1
17
3
1
1
1
5
4
1
11
12
25
7
4
20
23
1
1
3
1
38
2
1
3
16
11
8
26
6
1
13
4
26
2
3
1
3
1
2
25
12
9
2
1
2
1
12
6
2
7
7
2
1
11
23
18
6
35
23
1
1
15
7
56
7
2
2
8
26
19
3
31
1
2
21
20
14
17
1
2
7
30
2
1
3
2
14
19
1
9
7
1
4
2
2
4
2
1
23
4
2
1
1
33
4
4
24
4
1
41
5
44
4
32
43
1
44
31
37
2
33
11
3
3
2
2
17
2
6
5
1
11
1
13
10
13
18
13
13
8
15
5
3
9
1
2
10
1
2
7
1
4
1
1
12
1
1
27
24
2
20
9
3
2
3
18
1
5
1
15
1
1
17
6
2
3
9
1
1
16
1
1
3
14
13
3
2
4
1
15
85
14
7
9
12
73
13
17
1
2
27
29
2
22
4
5
3
1
2
4
12
1
7
3
2
29
28
3
67
8
2
6
23
7
5
11
11
9
8
3
2
1
1
5
9
5
25
32
4
29
2
31
12
4
2
35
21
3
79
26
8
1
3
2
3
4
14
1
1
1
49
4
2
24
23
3
70
12
1
2
3
11
3
2
10
4
2
39
4
51
4
4
2
33
2
1
7
103
20
21
13
1
12
8
21
1
17
13
3
1
10
10
6
1
1
18
15
95
14
1
51
7
8
34
1
5
4
5
4
5
2
7
43
21
60
54
39
14
21
23
5
1
41
11
11
4
13
16
1
2
1
6
2
27
35
12
1
3
1
1
6
10
1
1
10
11
5
1
27
3
1
2
3
1
7
1
1
4
27
1
18
1
3
60
3
17
1
10
5
3
2
8
41
3
2
2
2
11
1
6
5
6
68
45
27
1
1
17
7
2
4
1
22
14
3
25
13
4
10
36
63
21
1
14
8
56
11
8
7
27
1
7
3
37
8
1
2
9
34
8
1
5
1
3
25
16
23
4
1
1
14
3
16
1
4
19
1
8
5
12
3
2
1
15
3
2
2
1
10
18
17
2
13
23
7
2
4
13
6
1
2
1
23
1
5
2
24
7
1
6
7
2
11
3
6
3
3
1
30
2
82
90
69
2
2
15
1
16
22
1
5
9
1
15
2
19
5
1
74
5
10
35
2
22
3
11
58
3
3
2
3
49
14
60
11
17
2
1
2
1
6
21
21
5
31
40
3
47
4
1
2
1
21
3
1
1
1
2
4
9
2
16
2
32
2
1
8
14
6
41
9
23
4
14
2
76
3
5
39
1
1
6
8
4
26
62
67
10
16
2
3
2
2
1
21
2
23
10
3
1
14
2
1
7
21
4
8
2
54
2
27
17
19
46
30
1
13
29
2
1
1
1
2
3
3
1
3
3
1
3
71
5
1
3
1
3
25
1
17
1
25
3
39
1
5
14
2
2
3
11
1
6
1
3
2
1
7
2
45
1
10
9
2
2
18
3
33
1
1
1
36
1
1
1
10
3
1
2
29
1
6
1
29
14
2
29
6
33
20
4
1
2
4
4
1
3
2
32
12
2
17
1
12
2
6
4
3
12
2
2
2
5
65
54
1
53
22
29
1
27
1
6
2
1
13
14
89
4
1
10
2
3
39
61
6
3
4
20
1
10
1
8
6
2
4
2
83
1
6
16
20
1
2
1
56
11
3
2
2
14
2
11
1
12
2
1
1
2
4
1
13
6
8
2
11
3
1
6
6
52
3
3
80
14
95
1
2
2
1
27
2
1
3
10
17
1
24
9
14
22
2
64
14
2
19
7
10
73
38
16
26
13
2
38
8
9
7
1
14
2
22
2
1
6
14
91
23
24
1
84
8
50
9
1
2
30
78
21
8
2
13
31
1
6
38
2
5
2
2
8
1
3
2
9
8
2
11
8
9
2
36
22
7
1
14
3
1
21
2
2
20
21
8
11
1
4
4
12
105
1
13
6
7
31
3
106
9
4
8
3
2
6
3
2
41
26
37
4
9
2
3
16
40
4
7
14
13
9
3
4
1
2
12
1
5
5
4
2
9
5
38
10
2
34
1
15
3
1
11
3
9
78
7
5
3
10
16
1
4
19
36
1
10
11
56
1
1
2
5
2
29
1
16
9
3
2
9
6
1
4
4
16
29
36
9
1
22
16
5
2
5
4
2
17
1
31
2
2
3
22
27
2
14
2
1
1
2
2
9
2
2
5
34
28
64
2
3
7
2
1
2
21
7
1
6
1
1
8
2
2
4
5
4
17
2
41
8
33
1
3
15
7
3
8
1
2
1
18
48
1
3
2
10
5
3
19
7
22
3
10
2
3
2
3
1
12
4
2
10
6
15
2
1
6
7
2
10
9
1
7
20
1
4
2
2
3
7
4
22
5
7
1
3
9
14
1
20
8
37
3
1
1
1
6
8
1
7
5
7
4
12
13
5
1
7
1
3
1
33
2
21
21
1
20
12
1
3
3
20
2
2
4
21
2
82
1
6
4
51
1
40
3
2
2
3
66
6
6
1
15
11
36
9
30
5
3
49
48
1
1
2
16
2
1
62
10
25
3
21
8
2
21
1
4
2
1
16
15
4
1
10
20
3
2
7
26
45
2
11
13
33
1
23
2
2
43
6
1
2
1
21
5
5
24
4
1
1
1
19
4
2
17
66
7
5
55
1
31
1
5
7
4
19
4
1
1
2
55
3
14
5
22
8
35
15
4
3
4
1
6
34
4
30
102
9
10
14
1
33
5
1
4
1
6
3
5
2
3
2
2
5
18
26
25
5
10
3
1
34
3
1
4
2
1
2
1
7
47
2
33
44
12
11
9
24
22
4
62
17
6
1
2
1
2
6
3
5
2
2
2
1
5
1
5
6
5
2
10
26
2
4
1
2
5
2
4
6
2
10
1
13
10
4
2
2
5
2
1
9
13
2
33
2
1
26
1
1
8
1
37
5
22
33
5
2
2
2
1
1
70
2
1
2
4
16
7
8
1
14
1
20
9
3
3
6
75
3
14
4
2
28
38
35
1
18
4
3
17
5
6
66
7
1
3
9
3
27
33
3
2
5
2
3
16
2
24
39
1
12
8
4
1
17
42
1
12
54
4
4
1
4
4
8
5
1
7
36
1
6
46
10
1
1
14
5
31
1
2
2
4
1
1
11
2
1
58
1
5
26
2
4
1
1
1
45
5
1
8
4
5
12
30
1
20
2
1
1
7
4
15
4
24
1
18
17
2
2
3
5
29
2
10
1
3
11
2
4
15
36
8
14
37
4
1
1
10
2
6
14
3
23
57
3
14
2
17
30
1
15
11
27
10
16
2
1
4
2
1
4
7
16
3
9
56
1
35
1
10
1
1
4
3
5
1
4
4
1
2
6
2
1
8
1
17
3
3
1
17
2
1
3
1
11
8
11
5
1
2
8
26
13
2
21
1
1
8
3
3
24
25
6
15
1
1
1
16
7
12
17
5
6
2
29
1
3
17
1
27
2
3
16
4
50
4
5
5
9
1
4
14
90
1
15
8
3
2
62
2
1
14
31
4
2
27
15
5
5
2
21
29
2
1
1
4
27
1
6
2
13
2
2
2
9
1
10
11
1
5
1
2
1
29
28
22
2
60
11
19
7
4
5
4
14
2
2
32
19
4
1
20
2
1
6
16
29
9
7
3
1
2
1
6
1
17
2
18
45
2
9
2
1
47
28
7
2
8
22
11
1
1
69
1
1
4
9
11
3
1
6
3
5
1
45
12
1
37
1
16
17
15
4
3
13
2
3
10
10
10
1
12
2
20
14
13
19
59
3
22
1
7
32
13
27
66
1
6
7
4
73
33
4
2
4
13
13
4
3
9
2
7
75
1
1
27
10
5
3
2
4
2
18
1
4
5
1
1
1
22
