1
8
16
7
15
6
9
3
4
3
1
50
7
11
5
63
1
5
1
2
14
6
2
1
4
1
1
2
1
4
4
1
24
1
2
1
59
2
1
10
1
1
1
1
3
1
20
1
10
7
4
8
1
1
37
3
2
2
5
1
1
30
1
1
2
3
1
7
26
2
8
4
50
2
29
1
2
8
8
6
1
17
17
3
3
55
1
29
3
2
3
4
7
18
7
6
1
2
24
10
1
1
2
4
9
6
2
2
1
4
6
1
2
6
2
4
1
6
9
10
17
4
2
1
8
1
1
9
1
1
2
16
1
1
3
2
8
2
2
26
10
10
16
17
6
11
1
1
4
2
17
8
3
1
4
1
3
1
2
1
3
3
2
3
2
3
1
5
3
1
1
2
9
10
5
2
20
2
3
16
20
1
3
5
2
3
1
4
2
2
11
10
6
39
3
1
1
2
1
11
17
2
1
1
8
15
5
5
5
8
8
2
6
2
1
2
8
4
1
5
2
2
2
6
4
28
4
36
2
13
2
13
3
1
1
2
58
2
6
10
3
2
6
5
1
8
4
5
1
17
6
2
4
6
6
3
45
14
22
6
1
1
3
7
25
1
1
44
4
13
2
3
2
3
2
1
3
1
13
1
9
1
3
14
5
7
15
3
8
1
1
1
2
4
2
2
1
6
46
3
5
2
2
2
6
24
1
2
3
1
2
4
44
1
1
8
7
4
6
1
1
1
1
1
3
1
4
2
3
4
4
2
11
12
1
5
2
1
7
9
1
10
7
2
9
8
3
9
1
1
10
1
14
8
8
1
1
2
23
16
2
1
11
2
1
4
1
15
4
1
2
2
3
3
4
2
4
1
3
43
2
13
3
1
2
2
13
1
1
3
2
8
25
1
6
15
9
1
1
2
4
6
17
1
1
12
15
1
18
2
3
14
2
5
3
5
5
1
1
1
2
4
6
2
20
3
2
1
2
1
21
2
12
3
18
2
3
54
2
1
1
3
1
7
20
14
2
11
8
4
1
5
19
14
13
16
2
2
8
3
1
5
1
3
3
14
6
2
2
34
4
3
7
4
2
3
1
3
11
5
7
1
28
1
15
5
1
5
2
40
13
1
1
7
61
2
5
7
37
29
68
13
26
12
3
22
9
3
2
2
38
3
2
5
2
73
2
5
11
2
1
1
8
8
6
3
2
6
1
30
2
1
7
3
2
5
7
17
2
11
9
4
2
6
2
5
3
4
2
2
1
1
1
2
1
3
6
4
2
2
3
4
1
4
1
2
5
2
3
1
15
5
2
4
12
38
1
4
2
2
8
2
2
4
1
1
4
3
2
1
4
2
1
12
2
1
38
1
10
7
2
1
12
1
11
2
12
2
3
6
3
11
32
7
11
3
12
2
1
2
1
49
4
6
4
1
1
21
3
15
4
2
8
20
4
4
2
1
4
10
2
2
3
9
1
8
1
2
1
2
1
2
2
76
24
6
1
1
1
1
3
7
2
10
1
4
6
14
8
8
1
10
3
1
5
13
14
1
8
2
8
5
3
3
7
15
1
6
4
3
3
2
2
2
6
1
1
1
6
1
7
3
2
1
4
4
7
2
1
1
68
3
8
1
3
2
10
60
10
4
18
21
15
2
7
3
1
4
11
3
17
8
3
5
3
10
3
1
2
1
4
10
9
2
1
15
2
5
6
10
2
2
1
1
6
3
5
10
1
1
1
1
4
1
3
2
3
6
3
10
3
12
7
5
6
7
1
11
7
2
4
27
2
2
4
1
4
7
1
2
5
16
3
17
1
4
1
19
3
37
7
10
1
36
9
2
2
13
2
33
1
3
4
30
1
25
2
6
29
3
8
55
2
9
2
1
1
17
1
12
2
5
3
3
6
5
1
3
8
5
5
7
13
3
4
3
3
2
5
1
1
12
13
7
1
3
23
5
1
2
1
3
3
3
39
7
1
2
10
2
8
1
1
1
2
5
6
3
2
2
9
14
1
1
2
1
5
6
2
10
3
7
17
1
3
10
10
15
1
3
1
5
7
2
2
12
4
4
3
10
20
11
1
6
8
3
2
2
14
4
2
2
3
2
15
2
1
2
2
2
15
9
8
4
9
22
1
1
2
6
1
15
7
2
2
8
1
1
7
15
3
16
3
31
3
4
2
3
1
5
3
3
2
1
2
9
5
4
2
3
1
8
2
5
1
1
3
3
2
1
2
11
5
2
1
2
11
2
3
3
6
5
20
4
23
2
19
6
1
2
6
1
2
2
1
13
1
3
5
4
1
19
82
2
3
4
19
5
3
1
1
1
34
5
2
4
1
3
3
4
3
2
48
2
1
33
2
22
1
1
2
5
2
3
2
1
4
9
2
6
6
7
1
2
3
3
4
5
6
8
12
1
5
1
3
3
2
1
6
3
14
11
33
1
2
1
5
4
1
8
6
5
2
5
16
1
1
3
4
2
2
14
4
2
4
14
1
1
