21
3
42
2
13
75
1
57
3
8
6
1
1
6
29
2
1
26
39
59
37
2
4
19
18
1
1
1
5
16
14
5
2
3
1
10
7
13
44
124
3
8
1
14
1
9
3
7
96
4
14
7
2
4
3
12
8
2
1
14
6
182
1
1
52
5
3
4
1
16
17
14
9
48
9
2
3
44
1
14
92
7
1
4
79
1
1
2
2
19
17
18
1
1
1
5
9
23
2
3
69
2
114
5
6
9
2
21
19
28
45
19
3
5
149
18
40
2
52
46
8
1
6
2
36
11
17
8
5
3
9
181
177
31
5
68
85
67
5
11
9
1
4
10
1
4
31
6
8
79
7
11
12
7
2
7
26
3
61
7
23
2
2
2
95
8
14
12
2
8
46
88
1
1
6
3
10
41
3
5
3
3
160
105
5
183
6
4
3
2
25
22
39
28
10
3
47
90
3
6
105
52
5
3
2
17
80
2
2
15
2
38
9
2
5
22
5
3
3
31
113
119
2
19
4
4
2
7
10
20
2
2
2
3
66
58
8
6
2
3
54
2
9
16
16
5
18
18
1
3
12
2
1
26
6
4
1
1
30
151
3
1
12
27
46
5
7
9
2
92
56
34
13
92
24
21
44
188
1
2
4
14
3
14
143
9
21
18
4
5
1
1
7
1
2
11
3
1
1
17
4
9
69
7
123
29
63
22
12
60
3
4
76
3
6
62
32
16
55
8
38
2
1
4
36
24
18
1
3
25
36
5
2
8
14
43
40
69
7
3
1
2
4
48
30
96
4
11
13
2
10
1
9
30
1
16
4
10
30
8
30
2
35
18
6
3
4
19
2
5
4
1
6
1
80
1
2
134
49
38
67
6
1
6
23
16
29
3
23
1
1
2
9
11
1
34
39
4
39
1
50
30
17
2
1
3
10
45
1
10
47
11
57
1
1
18
18
37
21
6
47
1
9
7
21
13
46
22
4
71
7
2
46
32
3
1
2
37
51
6
7
2
61
2
3
2
51
3
86
3
15
11
64
5
2
29
8
6
1
29
57
1
7
6
3
10
12
2
4
1
3
5
57
8
69
2
8
149
3
1
5
1
1
30
4
4
35
1
96
4
2
2
5
78
48
2
9
6
5
3
1
14
42
16
3
14
26
114
7
6
2
84
4
2
13
16
3
1
16
7
11
1
29
1
51
40
21
2
22
15
7
6
42
1
3
11
50
1
60
9
3
11
3
56
1
2
37
1
2
1
1
3
5
23
1
3
1
1
8
37
2
2
12
2
11
55
5
4
1
9
1
16
7
7
3
3
26
36
14
90
1
20
4
5
14
103
9
3
9
4
1
13
9
1
2
8
11
2
1
52
19
15
1
1
4
7
11
3
2
160
2
1
3
1
14
28
24
33
4
81
180
12
32
8
7
2
2
1
34
1
24
1
5
6
13
1
2
15
3
9
1
4
1
8
6
6
7
27
12
2
2
1
1
1
47
10
38
87
18
12
6
13
1
8
29
98
1
6
14
2
24
4
15
29
10
10
1
41
47
36
19
43
65
2
28
3
11
1
71
1
20
2
113
22
5
29
3
29
1
166
31
15
2
63
1
2
49
65
2
20
22
6
2
3
3
1
44
1
1
3
4
4
7
37
28
23
2
5
130
46
46
6
16
4
10
41
19
7
12
1
135
5
7
4
32
8
29
1
9
18
1
1
47
3
2
21
2
1
7
6
1
24
10
3
52
1
37
2
8
11
7
29
113
1
128
2
176
1
194
1
10
1
20
9
6
7
40
1
2
14
11
45
42
10
4
70
10
3
1
7
27
34
14
90
4
20
4
1
1
2
2
3
1
3
4
9
3
1
3
27
82
164
85
6
10
5
1
3
1
63
2
3
3
10
120
4
2
6
59
43
1
77
55
3
1
2
10
3
17
5
4
16
3
1
14
18
5
2
1
2
33
2
3
42
7
13
140
9
54
3
3
14
13
37
36
1
2
60
2
8
20
65
44
9
9
34
8
10
4
42
1
10
19
1
2
9
1
12
18
3
1
3
152
5
94
26
1
9
16
16
2
1
3
1
15
19
16
5
2
3
55
1
1
2
5
4
23
4
3
74
1
25
26
186
1
4
10
2
1
18
165
7
2
20
92
5
6
30
1
6
13
19
56
35
3
7
25
1
2
43
2
100
2
57
14
28
95
4
4
5
136
6
6
61
1
11
143
27
2
3
4
1
2
72
4
124
3
14
2
7
3
89
2
5
1
1
11
2
18
63
13
26
3
1
21
83
1
53
5
138
3
1
100
15
1
1
73
11
1
1
9
56
82
22
17
22
6
29
3
4
171
3
1
3
29
11
18
6
23
1
3
26
20
1
25
18
6
2
79
54
26
91
45
35
2
33
4
1
2
1
40
186
1
158
1
135
6
3
26
27
25
32
1
2
40
22
1
22
5
29
10
20
8
27
1
5
28
4
13
3
50
4
34
18
49
23
4
38
1
5
2
1
3
13
5
2
4
12
5
2
7
40
1
86
4
2
3
37
8
2
68
11
23
15
6
32
4
2
6
6
27
17
5
52
4
52
1
184
17
37
4
51
1
99
2
41
1
13
6
22
5
1
23
7
1
4
1
3
9
2
18
4
6
4
2
2
148
1
65
1
22
9
158
2
1
10
36
1
15
3
2
2
1
96
1
13
14
1
18
5
4
35
26
24
12
3
4
69
1
9
34
3
1
55
61
1
24
1
42
5
73
1
2
3
19
11
1
8
83
34
17
15
53
1
2
7
4
4
41
66
4
31
85
3
14
134
48
3
27
2
1
72
1
8
24
2
2
6
1
28
62
39
16
59
2
1
23
9
61
12
3
34
5
2
21
4
102
4
3
29
7
5
20
15
18
2
1
1
7
14
2
2
84
4
5
14
13
1
1
19
1
12
24
60
19
2
3
3
31
39
1
3
3
7
104
1
7
12
14
174
26
4
52
43
83
4
12
12
86
10
166
3
8
1
7
1
16
1
4
3
19
1
2
7
23
20
1
1
101
1
2
3
5
5
4
40
27
1
1
54
1
13
2
4
5
1
86
4
3
4
1
39
18
3
3
7
1
15
1
167
2
93
13
1
6
18
4
7
9
6
2
2
2
12
6
1
42
25
9
8
18
2
28
60
12
136
2
71
76
33
12
36
1
11
80
2
11
152
44
1
7
2
11
16
1
2
3
3
15
3
14
4
32
4
3
7
1
12
18
5
4
4
6
13
60
16
5
26
4
8
2
1
15
41
60
9
21
19
12
134
47
17
1
1
2
2
1
2
87
1
131
2
9
2
1
2
1
1
15
2
20
12
9
39
67
6
45
3
16
1
60
4
24
2
6
20
21
6
12
26
28
1
17
1
39
5
5
134
43
2
43
2
4
1
7
8
4
22
13
58
3
12
7
26
14
8
2
14
6
3
2
9
13
2
48
5
21
11
1
5
1
47
36
1
4
14
2
41
55
7
17
96
4
3
4
3
4
6
19
44
2
3
78
7
3
1
26
22
1
2
61
7
39
192
90
11
3
1
6
5
4
2
128
161
2
3
12
77
3
4
2
9
13
8
1
2
4
3
2
7
68
43
5
2
3
38
4
2
16
81
181
16
4
2
22
1
2
5
162
4
2
2
44
20
2
1
3
4
106
1
147
155
97
124
1
30
7
33
2
1
60
12
3
26
3
5
74
35
9
29
4
6
6
4
165
47
1
4
61
24
38
67
37
95
1
2
3
81
1
5
1
46
11
11
4
22
12
2
12
2
50
14
57
9
2
2
85
2
10
1
5
166
1
18
39
3
32
8
13
2
3
17
8
3
68
7
18
101
23
11
5
5
15
5
120
25
1
6
15
117
1
11
69
4
112
28
10
21
1
1
3
7
32
26
29
1
1
20
38
16
2
2
11
35
17
1
111
2
32
8
34
5
67
2
2
28
5
32
48
6
44
2
4
9
6
16
5
45
52
11
42
4
13
31
1
1
4
72
4
5
97
106
90
2
2
1
11
62
17
18
10
7
1
4
6
2
3
17
103
1
1
44
2
14
2
1
2
16
50
14
6
49
3
15
28
2
48
25
31
49
19
2
2
31
148
5
26
1
1
2
68
32
72
1
3
2
13
20
14
13
2
2
19
2
2
5
15
124
17
137
22
5
51
10
26
6
3
5
2
6
7
55
7
3
3
8
1
2
43
22
3
83
16
19
10
11
12
21
50
2
60
5
15
20
1
30
132
44
1
13
85
25
59
3
12
8
8
10
18
2
41
3
2
5
2
34
37
16
2
2
64
103
4
22
20
17
16
99
5
24
4
5
17
2
43
2
7
31
2
58
7
58
160
11
2
14
2
5
1
72
110
13
22
7
60
1
36
2
13
5
4
2
2
16
63
8
4
2
2
1
14
18
1
2
19
6
21
8
4
12
102
2
4
17
4
7
23
6
30
1
2
12
1
3
5
4
69
1
13
9
1
2
4
7
27
7
5
17
16
70
2
32
11
1
4
41
67
117
3
4
19
1
2
24
1
14
1
1
1
7
54
54
46
32
5
1
82
1
6
1
8
18
9
31
28
5
6
1
1
12
2
20
54
3
9
6
1
2
1
1
2
6
2
175
3
1
27
24
2
2
11
1
2
5
23
22
19
7
28
1
14
54
36
1
6
7
13
45
12
2
15
4
8
33
35
6
16
37
4
8
1
62
11
22
16
85
160
4
3
116
71
5
9
9
17
25
3
31
3
36
10
27
6
48
2
2
6
9
1
1
9
2
10
1
59
1
1
5
9
4
2
2
1
55
5
4
8
2
61
45
28
2
1
1
2
1
9
2
84
8
41
1
10
2
50
5
12
9
11
6
6
21
3
138
2
10
3
7
18
30
1
14
57
31
3
4
111
41
54
16
5
6
2
2
1
9
7
161
2
2
57
12
7
2
4
38
16
4
2
179
26
22
9
4
10
1
36
7
2
1
1
20
6
5
21
83
2
12
1
2
2
63
3
20
1
3
21
5
64
53
181
4
13
21
3
2
3
7
1
4
58
18
11
9
95
3
13
6
12
19
3
151
12
2
1
32
15
13
11
5
16
14
1
45
46
54
52
1
5
3
11
11
10
3
1
2
1
21
4
27
1
15
2
114
6
13
2
14
3
77
4
21
