22
12
12
1
2
1
15
8
39
1
10
1
14
11
2
1
2
1
5
3
13
1
3
1
9
10
6
15
1
2
3
1
1
1
12
1
2
1
2
4
12
13
18
2
2
1
1
1
1
2
2
3
4
18
1
3
24
3
1
24
1
1
1
16
10
12
36
12
2
8
1
1
2
3
15
6
6
19
3
2
4
1
11
2
2
2
1
50
3
63
1
3
6
25
29
1
1
5
8
2
2
4
9
2
4
3
47
2
3
2
2
2
1
5
3
4
9
9
6
1
3
1
5
8
4
3
2
1
15
3
5
3
1
1
2
22
9
3
1
5
1
13
3
1
7
3
1
3
5
2
6
2
1
2
1
3
8
1
3
5
53
1
5
15
3
3
1
2
1
2
10
2
1
53
8
10
4
4
8
1
3
9
18
2
3
1
2
2
6
2
13
2
3
20
1
1
1
18
1
3
1
2
8
1
7
2
30
1
4
1
6
3
1
35
1
13
2
11
6
24
1
1
3
4
2
3
3
16
2
11
5
6
1
8
4
12
4
1
2
17
27
2
1
16
1
9
2
4
7
10
2
2
3
2
2
3
8
2
4
4
9
32
11
2
1
1
4
1
3
5
1
1
1
2
6
2
6
5
12
2
1
4
1
1
6
3
14
1
5
1
10
12
2
1
21
1
4
5
5
1
12
2
18
35
1
2
5
2
4
8
1
4
4
6
2
1
52
4
7
5
1
1
2
5
17
4
2
3
2
11
1
21
4
1
1
2
1
4
4
3
6
20
17
44
1
24
7
2
1
1
1
6
1
15
11
1
32
3
6
2
2
1
5
2
6
1
1
10
1
1
5
10
8
2
1
2
1
2
9
3
1
1
12
24
6
1
1
22
1
3
2
4
2
3
1
1
1
2
1
3
8
36
22
2
1
2
1
30
14
8
4
3
2
4
2
4
7
1
3
1
34
7
2
3
2
2
7
5
54
6
13
10
3
2
1
1
9
8
3
1
2
1
6
7
2
4
6
3
6
7
15
6
2
3
5
7
1
7
17
13
3
1
2
2
1
8
3
2
14
6
2
11
1
1
1
1
20
7
2
6
14
3
2
1
1
3
11
24
3
4
1
2
3
1
2
4
1
1
3
1
2
57
2
5
4
8
5
3
12
7
4
8
4
15
1
6
2
1
1
8
15
1
2
8
18
5
3
3
4
1
14
1
3
1
1
10
10
15
2
2
7
14
2
5
4
1
1
12
1
1
2
19
4
3
2
22
1
1
10
4
2
2
1
15
11
3
40
25
3
1
3
2
1
1
4
3
23
2
1
25
1
2
10
45
7
1
8
23
2
2
17
1
35
4
11
6
22
31
2
3
1
4
8
6
1
3
2
8
2
1
3
1
2
2
3
3
9
1
4
1
12
1
1
3
2
1
2
9
20
2
2
2
5
1
3
3
1
37
6
43
4
10
2
2
2
1
2
5
2
14
2
1
5
1
8
6
1
31
5
8
5
5
6
1
4
1
2
1
20
2
1
6
2
4
1
4
2
5
2
22
7
11
4
6
29
2
2
2
6
6
3
1
2
24
18
1
4
1
2
2
3
34
1
1
56
26
1
2
10
2
2
1
2
1
7
14
21
2
1
4
3
1
3
13
2
24
56
2
4
2
1
3
4
1
2
2
2
29
20
2
26
5
1
4
14
10
17
22
29
2
2
4
1
1
1
3
4
3
5
8
2
6
1
3
2
2
4
8
45
2
4
1
1
3
2
6
7
14
1
1
1
2
6
15
2
2
3
2
3
16
4
1
24
3
3
1
2
25
9
2
11
5
7
1
1
1
8
7
3
4
21
4
5
5
4
3
1
4
9
1
6
1
11
3
12
1
1
1
12
10
4
7
12
3
12
6
3
8
3
6
10
1
13
2
2
2
15
1
109
3
6
3
6
3
3
5
16
15
8
4
6
1
2
2
4
1
21
5
1
3
1
1
4
8
15
4
10
1
1
1
1
1
16
7
1
5
10
2
7
2
16
6
1
6
2
6
1
3
22
1
60
4
2
3
1
2
20
29
22
1
20
4
2
11
2
3
2
2
6
10
2
9
8
2
1
3
19
2
1
4
6
4
2
3
3
12
5
1
14
2
4
7
1
3
3
8
10
4
3
3
22
8
1
43
1
4
1
1
6
8
12
5
2
20
20
45
16
6
2
8
1
3
2
14
5
1
22
11
11
2
15
2
1
1
6
40
13
13
2
1
7
8
1
3
4
3
2
1
2
1
2
13
1
7
10
4
19
5
6
4
3
2
36
12
4
3
1
7
2
13
3
10
2
1
2
9
1
5
8
1
8
10
2
2
1
5
9
7
1
25
4
2
1
8
33
8
3
1
2
29
1
12
7
9
1
1
2
1
2
8
5
1
4
2
3
3
1
1
18
16
1
2
5
4
2
1
2
8
1
2
6
2
3
14
2
2
2
1
1
10
7
1
6
1
2
42
3
2
7
1
29
1
4
1
4
2
1
23
8
2
1
26
5
2
2
4
7
2
19
6
1
11
19
1
1
1
6
8
29
3
7
2
5
4
15
7
3
7
1
23
6
8
18
1
1
3
18
2
13
1
6
1
2
5
11
3
1
1
3
2
14
1
1
2
12
3
1
34
6
3
1
7
1
1
1
5
2
12
59
1
3
12
3
5
4
9
6
6
1
1
1
11
1
5
6
2
2
19
4
35
1
1
1
1
2
2
3
8
5
1
20
1
2
1
2
1
8
5
3
2
22
2
14
2
7
6
1
5
1
2
3
12
2
1
2
7
23
14
4
12
31
1
1
1
1
1
23
2
4
3
2
10
4
2
2
4
4
4
1
20
1
3
2
6
27
2
7
6
4
2
6
5
1
3
3
1
1
1
3
11
19
7
1
10
8
2
2
2
4
5
1
1
3
1
26
1
3
3
6
1
7
16
7
4
1
1
2
20
3
1
1
4
14
5
4
10
1
6
2
5
1
12
1
2
15
7
7
6
2
6
9
2
2
4
6
4
11
28
9
2
2
1
1
3
3
3
2
1
5
6
3
33
1
4
4
7
27
1
5
4
14
5
2
1
13
5
1
7
4
4
9
2
2
4
13
1
1
1
3
7
3
22
10
1
1
11
2
25
4
2
2
8
2
14
3
5
6
14
21
1
2
3
3
1
3
2
34
46
32
21
1
1
1
1
20
1
8
18
1
2
14
2
17
1
22
1
1
1
5
2
1
1
1
2
2
17
4
1
2
3
8
3
1
33
1
1
4
2
8
5
1
3
1
1
19
1
5
12
1
7
16
2
31
4
1
4
3
1
14
2
13
1
12
2
3
1
2
1
1
6
10
1
8
3
11
6
20
1
8
2
7
2
2
99
2
1
2
7
3
1
8
1
3
1
3
29
1
2
1
1
5
3
11
1
16
2
1
3
2
1
1
5
8
12
1
1
3
12
7
1
26
17
2
2
9
5
9
1
2
1
22
4
2
2
1
1
4
1
7
1
2
4
2
1
1
5
9
8
22
2
3
7
1
2
5
6
5
7
4
4
1
28
2
1
4
1
1
2
9
1
1
7
8
1
2
23
3
2
2
18
2
1
5
4
6
29
1
1
3
6
2
2
1
3
11
5
4
1
1
14
2
1
1
12
7
8
8
1
40
5
2
24
7
2
1
5
1
4
1
1
3
1
10
5
4
5
16
1
17
1
2
1
1
1
1
1
74
1
3
2
2
28
2
1
14
7
13
1
2
1
2
15
1
1
8
19
1
6
2
3
46
1
4
5
2
3
4
17
2
7
10
2
2
2
3
1
1
2
18
16
4
1
3
2
1
4
1
4
2
1
8
7
6
2
1
5
7
28
1
7
2
2
47
28
2
4
1
1
39
1
3
1
2
4
32
1
1
5
1
1
10
1
1
16
10
4
2
1
1
8
58
4
3
2
3
2
2
1
1
4
4
4
1
5
4
54
5
3
40
2
1
1
1
1
7
11
4
2
2
4
4
2
1
6
14
24
2
2
7
8
1
2
6
5
1
12
1
3
2
1
1
2
1
2
18
3
72
1
1
2
9
2
2
1
3
1
7
8
3
6
2
33
2
5
1
5
3
3
87
16
37
19
2
1
15
4
1
1
2
1
1
15
3
1
17
1
2
4
8
13
4
13
1
12
1
6
3
3
9
2
3
1
1
3
3
5
14
6
5
2
6
1
2
21
7
4
15
1
14
2
5
3
5
1
1
1
14
8
4
6
4
20
13
1
4
8
9
1
1
1
4
1
6
10
2
4
2
1
1
2
3
3
1
12
3
2
3
3
1
9
5
30
2
1
2
1
18
2
4
17
2
3
3
1
15
1
4
16
3
10
4
2
1
7
6
7
2
4
4
1
1
21
6
9
2
19
7
1
1
2
1
4
1
6
4
13
24
4
17
19
13
17
2
1
25
1
1
2
3
1
11
1
17
4
5
1
2
1
2
6
5
4
3
2
2
2
38
2
1
3
1
1
10
2
1
4
1
1
6
14
3
23
2
1
2
3
1
10
34
