8
1
2
23
3
1
5
2
1
3
2
2
1
1
11
2
2
24
2
36
4
5
5
1
2
1
1
3
3
4
1
2
10
3
8
12
12
2
8
1
2
1
3
5
2
5
3
2
4
20
2
8
10
12
13
3
5
1
4
3
5
4
6
1
3
2
3
2
2
2
1
2
17
12
20
5
3
2
4
14
10
1
1
25
21
1
2
1
3
5
3
2
3
1
27
1
46
2
1
7
1
9
1
3
3
2
11
10
5
7
3
7
4
18
14
2
2
4
1
1
3
4
1
8
9
1
24
4
1
3
2
2
13
1
1
1
8
1
1
2
10
1
25
2
2
3
2
2
1
1
5
2
1
7
2
2
2
5
9
2
1
2
5
2
8
12
34
3
1
5
26
4
1
23
2
7
3
1
5
7
11
6
5
3
3
20
2
5
4
1
6
1
1
7
2
29
29
2
12
4
38
2
6
16
1
13
2
2
1
12
20
33
2
11
2
21
1
43
50
17
2
2
1
1
1
1
5
1
1
1
19
32
5
1
2
34
1
6
3
5
2
41
32
2
1
21
1
13
1
3
3
27
1
11
2
2
2
12
1
2
2
1
7
38
1
23
6
1
26
3
4
54
4
1
1
1
5
2
20
14
1
1
3
34
15
1
2
18
5
14
4
2
1
4
3
1
1
1
1
18
10
3
1
7
2
1
11
3
1
9
4
5
48
2
3
2
8
21
6
1
3
6
2
1
3
4
2
6
2
7
4
16
21
8
6
1
3
4
2
9
10
6
2
17
2
2
2
1
1
1
2
3
27
1
1
3
2
1
2
8
6
3
3
11
12
77
26
1
9
5
12
1
9
4
37
1
3
2
2
8
1
2
4
1
16
27
1
3
16
1
3
2
2
5
35
7
8
3
7
10
8
3
4
3
8
2
15
6
3
3
10
4
5
6
5
20
26
8
5
1
2
1
8
6
37
15
2
7
1
9
2
82
3
8
8
1
4
1
1
7
2
2
25
1
2
7
2
6
1
1
2
2
2
1
4
7
11
2
1
32
6
1
4
3
34
15
2
4
1
2
3
10
7
3
8
8
2
1
1
11
2
6
5
5
3
3
4
37
1
20
1
4
16
1
3
14
1
2
6
6
5
15
1
4
2
2
2
3
15
1
5
1
19
1
2
2
15
4
1
2
6
3
5
5
3
2
1
1
19
1
1
1
29
1
5
50
2
3
3
5
1
2
2
19
5
2
2
1
20
10
1
4
2
1
1
36
2
1
7
2
2
2
3
3
8
2
12
3
1
1
5
3
6
2
11
4
7
8
9
1
2
10
2
5
7
1
4
15
1
2
1
9
5
2
9
81
3
3
2
1
25
2
5
4
1
16
8
12
5
16
6
1
11
10
4
1
5
6
2
17
4
16
1
8
4
3
14
14
10
7
1
10
2
7
49
2
9
3
3
2
2
1
1
5
1
1
1
6
1
13
3
3
1
1
11
2
6
61
9
51
16
1
5
2
12
1
3
7
2
48
1
2
1
2
4
2
3
22
3
66
1
9
1
3
1
11
2
3
1
16
6
9
2
1
6
4
20
2
13
1
1
17
9
9
2
7
1
3
21
1
1
1
7
6
2
8
32
41
8
14
17
19
3
2
2
12
4
1
2
1
3
1
3
1
2
1
39
1
6
1
16
1
5
1
8
1
8
1
12
3
37
2
4
6
3
1
1
1
3
1
1
3
1
30
12
3
18
2
11
1
2
13
4
6
6
18
2
33
9
13
11
3
2
4
28
3
2
18
2
2
113
1
2
29
9
2
13
4
4
1
1
14
4
2
1
7
3
1
1
3
13
6
30
4
7
7
6
1
1
1
10
4
4
2
1
1
1
3
8
15
2
4
1
2
2
1
1
14
7
2
9
6
1
1
39
5
5
6
2
1
2
8
6
1
6
3
3
10
2
1
6
1
1
20
17
19
3
1
49
12
10
1
2
5
29
1
5
5
87
1
12
2
1
29
9
2
1
1
2
2
1
20
2
4
1
9
1
19
23
11
4
1
1
2
1
1
13
5
2
28
2
18
2
3
2
1
1
5
5
2
16
1
2
1
1
8
23
1
2
8
11
2
4
3
2
4
1
1
7
43
6
3
17
14
2
6
1
8
20
3
1
5
3
4
25
1
3
3
13
39
6
1
5
3
7
1
5
2
4
1
10
17
8
2
9
3
1
2
43
4
8
10
1
4
2
1
1
10
4
49
5
8
1
11
1
3
7
1
4
2
25
2
1
1
13
1
1
4
2
2
8
9
2
8
5
6
4
8
2
3
13
1
1
4
1
3
2
26
1
2
29
8
7
2
1
7
1
41
18
14
4
1
5
3
3
9
2
2
1
3
3
11
34
2
11
1
1
15
4
1
2
3
8
7
4
3
8
2
9
1
1
18
4
3
25
6
6
2
16
3
2
2
1
3
1
1
3
1
4
14
13
8
4
16
7
12
1
3
10
1
1
5
4
11
1
2
10
20
3
1
1
3
2
9
3
26
10
1
2
77
17
1
2
2
8
2
1
2
17
2
22
8
1
1
6
10
5
2
2
1
1
18
9
7
7
20
5
7
1
4
3
1
12
1
19
1
2
2
16
35
2
13
7
1
1
1
14
15
21
2
2
13
86
1
3
7
1
1
2
1
1
6
2
1
2
7
3
28
2
1
4
1
17
10
1
3
6
1
4
16
3
7
4
2
71
3
1
5
5
4
8
3
17
2
31
2
2
3
5
3
2
3
3
9
2
1
1
13
8
1
1
3
3
1
57
7
4
4
20
1
15
8
1
6
2
3
9
1
7
16
1
3
6
1
2
1
59
6
2
2
7
15
1
6
5
1
12
2
1
12
2
1
9
1
9
9
2
10
3
6
15
1
2
10
37
2
19
3
13
5
8
3
7
3
1
11
6
4
2
19
1
4
18
2
24
1
10
1
3
6
6
1
3
5
2
8
1
2
1
16
1
1
23
6
46
2
4
31
5
2
7
19
9
1
1
1
2
63
2
11
5
11
8
4
1
3
8
1
15
4
2
1
2
7
15
8
4
1
1
2
2
1
6
1
2
12
13
3
7
5
3
1
18
2
1
3
8
5
14
2
34
2
1
18
11
2
2
25
2
4
18
3
5
2
14
25
36
1
2
5
8
1
3
4
1
1
29
14
1
1
5
7
4
5
2
35
48
3
4
1
1
11
3
4
28
4
4
5
3
1
1
16
2
33
1
4
38
2
1
2
3
6
5
1
8
1
2
4
2
10
1
2
1
2
4
3
3
1
2
3
4
1
6
2
16
5
4
2
14
48
1
23
3
9
2
1
26
1
9
46
3
3
8
3
9
3
5
10
14
7
5
2
102
1
13
1
1
56
1
9
5
2
12
3
4
15
9
1
1
1
1
9
4
2
2
1
2
1
4
23
1
6
2
2
6
2
39
36
1
2
2
14
2
3
8
1
5
2
10
1
15
13
2
12
11
47
7
4
2
1
8
1
18
9
24
4
2
2
2
1
2
1
3
28
1
3
14
4
9
2
1
1
7
4
21
1
1
2
12
12
6
4
1
2
1
15
2
1
3
11
1
3
4
3
2
1
22
72
5
14
2
12
12
2
3
1
5
24
4
1
4
1
18
1
5
1
3
3
2
4
4
1
9
21
1
6
2
3
6
1
2
4
1
9
6
15
8
1
1
11
2
5
1
3
65
19
12
86
1
1
1
1
12
2
11
2
3
2
5
3
1
21
2
15
6
2
3
3
1
4
4
2
1
3
14
1
4
10
9
2
2
13
8
24
30
5
8
1
1
2
7
3
75
2
37
1
9
2
1
3
27
3
2
39
1
1
4
3
1
3
3
3
7
4
1
1
1
12
1
26
1
22
4
26
3
5
3
5
1
2
1
2
6
4
9
4
16
14
1
2
32
3
1
3
26
1
1
1
3
6
10
8
1
17
2
29
1
10
6
1
1
1
16
32
2
6
4
11
4
14
2
14
3
4
2
9
1
29
3
15
4
1
2
2
21
1
5
1
1
3
21
17
16
1
2
3
6
6
23
3
14
8
1
25
1
9
15
5
5
5
2
17
7
39
4
1
4
3
1
5
1
3
1
2
3
2
22
9
2
2
4
1
2
2
3
4
4
4
3
10
1
1
5
2
6
14
1
7
2
2
14
13
4
2
6
3
2
1
6
5
1
1
5
4
1
8
1
2
3
1
3
2
1
9
1
1
3
37
2
3
1
5
1
2
1
7
2
104
2
3
1
9
1
29
4
2
18
4
24
10
1
18
8
21
1
2
9
1
18
1
10
3
23
7
1
20
18
1
2
5
3
2
6
1
4
18
19
10
1
2
21
3
14
6
12
3
6
23
1
23
2
1
9
2
5
10
3
1
4
5
1
27
5
7
1
1
1
1
14
4
3
14
5
5
19
1
2
12
2
2
1
6
7
2
8
1
14
2
3
112
2
3
11
1
33
3
10
1
34
4
1
2
1
1
4
14
56
8
1
2
1
6
1
3
5
6
2
1
4
5
2
7
24
2
11
4
4
2
38
6
1
14
3
5
1
1
1
5
18
7
1
1
8
5
3
1
11
1
15
