1
39
5
10
3
2
28
2
1
1
1
3
9
6
1
14
2
3
3
3
4
4
3
2
2
12
13
4
3
5
4
3
2
2
1
4
4
8
6
4
2
17
2
1
19
11
34
29
2
3
2
25
2
31
2
3
11
1
2
1
2
4
15
2
3
4
13
1
1
6
2
1
4
1
4
3
1
20
6
15
3
1
8
18
2
1
39
1
2
3
6
26
1
1
1
1
5
4
2
1
69
31
22
1
5
2
3
2
1
11
2
2
7
2
5
1
16
1
16
2
5
2
7
1
1
2
9
17
5
3
10
4
1
2
3
5
7
2
2
1
2
4
3
1
2
1
6
1
2
1
7
2
9
5
1
3
5
4
2
11
6
1
1
8
2
8
3
2
8
5
10
16
2
8
5
3
1
1
1
8
4
5
2
12
1
2
29
3
3
6
3
17
2
2
1
14
3
19
1
3
5
15
1
16
2
1
1
1
8
2
1
7
2
2
40
101
4
18
22
1
18
4
1
12
1
13
11
6
4
16
3
2
1
9
15
3
2
2
30
4
3
6
4
5
2
11
4
1
5
44
27
7
11
1
8
1
2
1
2
4
5
4
1
5
1
28
5
4
1
1
6
15
1
1
2
1
9
5
1
2
7
1
16
3
24
2
1
23
2
1
3
10
25
10
6
1
2
1
5
15
9
12
33
1
5
95
4
2
2
16
4
2
10
1
16
12
23
7
3
2
62
3
4
6
4
1
2
8
2
1
2
39
2
11
2
3
4
17
3
4
2
2
3
5
3
3
3
1
2
16
4
1
7
2
7
1
45
12
8
12
25
14
14
92
5
2
1
18
5
2
1
13
2
5
35
2
4
3
7
2
4
10
2
4
1
27
18
4
13
12
3
1
4
6
3
3
1
2
29
2
1
3
2
2
26
1
3
2
7
5
8
8
1
2
3
1
25
1
28
5
2
22
4
1
6
1
2
1
6
1
3
3
8
6
6
2
2
1
13
8
7
1
4
6
1
7
1
22
7
1
15
2
1
48
1
61
3
3
2
3
3
2
55
6
2
1
12
6
3
2
1
4
1
13
3
41
5
11
15
4
4
2
23
3
1
1
6
1
4
1
1
12
1
43
5
2
2
3
8
4
1
1
17
2
26
1
2
2
1
2
1
1
4
18
5
2
1
1
3
14
1
1
6
2
3
2
59
6
2
7
1
2
2
3
2
123
1
31
11
1
2
16
12
3
3
8
4
1
1
2
3
10
4
2
13
5
4
13
2
5
2
1
22
6
27
1
1
1
39
2
3
10
1
1
14
11
2
4
84
1
3
4
29
43
1
2
13
10
31
14
7
4
6
2
4
1
1
1
2
1
2
30
11
2
5
6
2
1
1
5
2
4
1
3
4
3
6
6
15
3
6
4
5
1
3
3
3
2
9
1
11
2
1
2
1
4
5
2
3
4
2
5
2
25
12
2
2
7
15
5
1
3
5
1
1
7
3
6
2
13
2
4
3
1
1
4
6
10
3
4
11
10
9
2
1
3
12
28
1
1
3
6
2
1
2
2
2
1
7
7
4
1
3
1
2
2
3
1
20
4
10
2
57
3
2
12
1
2
92
2
38
19
12
2
32
1
1
2
3
4
1
6
9
2
2
14
8
1
8
3
9
2
3
1
12
3
3
5
3
8
4
2
19
1
4
2
1
1
2
2
1
8
4
1
24
1
1
5
3
7
2
3
37
5
2
4
1
3
1
58
1
3
1
1
1
3
3
13
28
4
1
1
3
2
1
2
4
3
18
1
12
1
5
1
2
2
1
33
3
3
17
2
2
2
4
2
43
2
1
2
2
6
1
4
1
5
20
7
2
8
15
10
6
6
2
2
5
2
4
14
8
1
10
16
2
3
1
1
4
9
7
12
4
3
7
1
11
2
1
26
2
2
11
4
1
5
8
3
6
1
3
3
9
1
1
3
1
4
12
40
4
4
5
2
3
2
1
1
1
5
6
2
2
86
5
7
1
1
3
14
6
1
1
29
3
1
2
5
8
4
1
10
3
1
4
5
21
1
4
25
2
6
10
7
8
4
2
2
2
13
4
1
7
9
2
1
7
10
2
1
1
7
3
6
7
6
3
4
2
3
1
4
1
6
5
1
10
5
2
5
2
3
11
27
1
1
1
4
3
94
6
21
7
4
61
1
2
1
5
3
1
2
4
7
12
6
3
2
1
7
2
2
12
19
2
4
7
8
4
1
2
9
6
7
1
1
4
20
5
1
2
6
1
108
2
1
2
1
6
8
1
1
2
27
2
26
1
3
4
1
2
7
1
1
2
7
19
7
8
9
2
20
8
1
3
4
1
2
1
1
2
1
23
3
1
4
2
27
1
3
5
2
2
15
35
6
2
1
5
1
5
4
6
6
2
1
2
2
1
2
2
1
1
1
12
1
4
1
2
1
1
11
7
1
2
1
4
1
9
2
1
7
2
1
29
14
10
2
1
1
6
3
6
2
5
1
3
3
20
1
5
2
5
1
3
5
74
2
3
3
1
5
5
1
7
1
1
1
1
1
2
14
6
8
4
1
1
3
9
7
1
2
11
4
25
13
7
1
62
5
5
1
1
6
6
20
2
2
5
1
2
2
5
2
4
1
2
5
15
1
2
7
3
5
19
1
5
2
1
1
16
2
4
1
1
1
2
6
14
2
2
19
1
4
1
1
53
8
5
6
2
2
16
3
2
7
2
11
3
6
7
10
1
3
7
5
1
3
12
4
2
5
11
7
4
8
3
1
29
2
6
1
7
8
2
1
2
17
8
1
4
38
2
1
1
35
7
1
2
1
20
14
8
1
3
10
123
5
1
3
105
2
1
35
1
4
1
1
2
2
1
2
2
31
9
3
1
10
30
6
3
7
3
34
10
1
7
2
6
3
3
2
2
1
2
1
1
4
4
1
18
1
2
2
10
6
2
4
3
5
2
16
1
4
6
1
2
7
4
15
3
1
1
2
8
5
8
2
8
55
6
3
3
1
2
5
6
1
13
21
1
14
11
3
1
1
2
2
2
3
1
26
1
1
9
2
2
6
1
15
1
48
5
2
1
2
4
4
7
5
10
35
27
7
6
7
21
1
18
6
88
4
15
1
1
1
15
2
9
5
27
8
15
1
1
3
14
2
2
29
1
8
4
3
1
2
1
1
3
2
5
7
15
8
4
2
24
1
12
2
5
2
2
14
9
5
4
2
7
2
3
7
41
1
3
2
2
8
2
6
2
3
4
6
11
1
2
2
15
95
2
1
6
1
2
1
62
4
1
3
1
6
7
2
1
10
1
3
4
7
2
4
1
5
6
15
1
4
1
10
20
15
6
2
3
2
33
1
102
1
