1
1
4
1
3
1
4
5
1
2
1
1
1
1
12
5
1
1
17
1
1
4
1
1
4
1
2
53
1
1
1
1
1
1
1
1
5
1
10
1
7
2
7
1
1
1
19
1
4
1
22
1
4
3
3
6
1
4
5
6
11
4
1
2
2
1
5
2
1
1
1
3
1
1
1
5
3
16
11
10
2
2
2
9
1
303
1
1
33
2
1
1
1
2
15
2
1
1
4
2
1
33
1
1
1
1
2
1
2
2
1
1
31
1
3
1
2
27
3
2
18
1
106
3
1
37
1
1
2
7
6
2
1
1
1
5
6
1
1
8
76
1
1
41
1
1
2
1
1
1
11
1
3
5
10
1
1
28
29
1
1
1
1
1
1
1
1
1
1
1
3
1
1
3
1
1
1
1
2
2
7
2
1
49
1
3
34
4
3
1
1
1
1
1
1
1
51
1
1
11
4
1
23
100
1
1
23
5
1
23
1
1
1
1
1
2
1
4
1
3
1
1
1
1
2
1
5
2
3
2
1
1
1
2
1
1
3
1
2
2
1
1
4
3
1
1
1
1
1
2
4
25
7
3
1
1
1
1
2
1
2
20
52
2
1
1
1
90
2
1
1
1
1
1
1
4
1
1
2
7
1
1
2
1
1
1
1
1
1
6
1
1
1
1
1
2
1
137
1
1
1
1
1
1
14
1
3
1
1
1
2
1
1
2
1
1
1
1
6
1
1
1
2
7
1
1
1
34
1
8
3
1
2
3
7
5
1
11
1
1
19
10
2
2
2
3
3
370
1
1
1
2
1
7
2
1
7
2
3
1
3
1
1
1
1
2
2
14
1
5
4
5
3
2
1
2
77
9
2
1
1
2
1
14
217
1
1
1
2
33
6
15
1
2
3
1
9
1
1
1
3
2
1
1
2
1
1
5
1
2
5
1
1
4
23
25
2
3
12
2
1
1
1
2
5
4
1
10
8
1
38
2
1
2
2
1
5
2
1
257
1
1
3
1
1
1
2
1
1
6
27
1
1
2
4
1
1
2
1
26
16
1
1
1
3
3
4
1
1
1
1
1
8
3
9
3
7
1
2
14
2
1
6
2
3
3
11
1
1
1
1
1
1
1
5
2
1
1
1
1
1
2
3
10
2
1
1
1
81
1
2
2
1
2
2
10
4
64
1
1
3
1
1
1
1
5
1
2
1
1
44
1
10
3
231
1
1
1
12
1
6
1
1
11
1
37
2
1
1
1
3
1
1
8
1
1
4
2
476
2
1
1
1
1
24
1
123
1
8
4
2
1
8
1
59
1
2
1
4
1
7
3
10
10
3
2
8
1
28
2
1
1
2
3
1
4
1
2
2
1
1
1
13
4
1
22
1
1
1
1
1
1
2
1
1
1
8
7
1
11
21
1
1
1
3
1
7
1
1
1
11
2
1
15
1
1
28
1
1
1
1
2
1
3
24
4
1
1
2
1
4
1
3
3
2
2
2
1
4
1
1
1
1
1
1
1
1
1
1
1
1
8
1
5
1
1
2
2
4
2
72
10
1
1
1
1
1
1
1
1
1
2
6
1
2
40
1
5
1
8
1
1
6
4
2
23
3
1
6
1
1
5
1
1
1
4
1
1
175
7
39
30
1
1
2
1
7
5
74
1
2
1
2
1
1
2
1
1
6
1
2
1
1
5
1
1
6
1
1
2
1
4
2
9
2
55
5
1
1
1
2
1
1
1
1
2
3
2
1
1
2
6
1
2
3
1
3
18
1
1
1
5
6
1
1
2
1
1
1
7
2
1
2
38
3
1
6
4
6
2
1
1
1
2
2
1
1
1
1
1
1
2
1
4
1
10
1
68
11
1
1
6
208
18
1
72
1
8
4
1
1
2
3
88
6
1
1
18
2
3
1
2
1
2
2
1
1
350
3
1
1
11
3
1
5
2
1
2
1
1
1
1
2
1
3
1
3
1
65
4
1
1
1
87
1
3
2
1
1
3
1
1
1
4
1
2
1
1
1
1
2
61
1
1
2
2
9
14
138
1
1
2
1
80
3
1
2
1
1
22
2
1
11
8
12
1
1
1
5
1
1
1
1
1
1
1
9
9
1
1
2
1
1
1
1
1
17
5
8
5
2
1
1
1
1
1
5
1
6
13
1
1
50
1
4
1
3
1
1
3
2
2
10
2
5
1
1
45
2
6
1
1
5
97
1
1
1
4
1
4
2
3
1
12
2
1
1
1
1
13
1
3
1
1
2
1
3
2
4
1
1
3
1
17
8
1
1
20
3
2
4
1
5
1
1
3
3
5
1
32
2
13
1
5
8
1
1
1
4
2
2
2
1
1
46
7
5
1
10
1
2
4
3
7
1
6
1
1
4
1
2
1
3
2
7
7
1
1
3
2
4
2
1
3
5
3
3
3
35
3
93
1
2
7
3
1
1
12
2
5
2
1
1
1
1
9
12
1
9
1
1
1
3
1
1
2
1
161
1
3
1
1
1
1
1
40
14
1
8
1
1
1
1
44
1
6
1
37
2
1
1
3
5
1
1
1
18
1
53
6
1
1
1
1
2
22
1
1
1
1
1
1
1
3
1
3
1
11
27
2
12
1
1
1
2
1
3
12
1
21
1
1
67
2
26
2
1
9
7
3
1
2
1
2
3
1
2
92
5
4
2
308
1
1
7
1
1
1
2
4
1
1
2
2
3
1
3
1
2
1
6
4
1
14
1
1
1
21
1
1
1
6
3
26
1
1
1
1
1
1
1
1
3
1
1
1
1
1
2
7
5
1
1
1
1
47
1
1
2
1
3
2
1
1
13
1
1
2
1
7
1
1
1
1
170
9
77
1
1
1
1
1
2
1
1
1
2
1
1
2
6
3
1
2
1
28
1
8
1
4
1
2
2
2
1
7
6
2
4
4
4
272
1
2
1
1
2
2
17
1
2
9
1
1
1
14
1
3
203
13
6
1
1
9
2
2
1
1
2
1
1
5
40
1
15
4
2
1
1
1
2
1
1
54
1
6
2
1
1
1
1
5
9
1
2
1
2
2
386
1
183
1
22
1
1
1
1
2
1
8
2
4
1
2
20
1
1
1
3
2
1
2
1
1
1
4
1
26
1
1
9
1
1
1
7
1
19
1
2
1
5
26
9
1
1
1
1
3
3
2
1
1
1
99
1
3
1
1
2
13
1
42
34
2
1
1
1
1
1
1
24
2
2
3
1
4
3
3
1
1
2
42
1
1
3
104
15
2
1
1
3
1
18
1
4
1
1
1
3
82
2
1
1
1
1
7
1
1
1
5
3
7
1
4
2
2
1
3
1
1
1
1
1
1
2
1
1
7
1
2
1
1
1
1
109
1
1
1
1
1
6
1
1
1
11
1
2
18
45
16
1
2
1
1
5
1
1
1
2
84
2
1
13
7
2
9
1
2
52
1
10
2
12
1
1
1
38
10
2
2
68
1
1
1
1
1
669
1
1
1
23
4
2
3
1
28
1
3
1
1
4
1
4
1
14
1
1
2
5
1
1
1
1
1
1
1
3
2
1
2
8
26
5
1
1
41
1
8
1
1
1
1
1
1
7
1
1
2
10
1
1
2
3
1
1
3
1
2
1
1
1
11
1
1
1
1
2
9
3
2
1
1
2
14
1
1
1
1
1
12
1
216
1
1
1
3
1
1
6
2
5
1
14
7
1
52
1
1
1
9
1
1
1
3
13
1
3
2
4
1
1
1
31
1
1
1
1
2
1
5
1
1
2
1
2
43
1
1
1
4
10
2
1
1
4
13
14
1
1
4
7
284
1
1
2
1
1
22
61
1
4
1
16
2
3
1
2
6
1
79
1
9
28
1
56
3
60
1
1
5
1
1
1
1
1
1
85
4
1
1
1
1
439
5
4
23
7
1
8
6
3
17
11
1
5
1
66
1
1
1
3
2
1
1
2
3
1
1
1
11
1
4
9
3
2
1
5
16
1
11
1
1
6
2
21
2
1
1
1
3
10
2
1
1
1
5
30
1
1
1
1
1
2
1
1
1
7
2
4
33
2
6
2
63
1
1
30
1
1
1
1
1
1
1
2
1
1
3
1
1
1
6
1
1
1
64
2
1
6
9
3
4
1
3
4
2
1
12
1
1
2
1
1
4
12
3
2
2
1
1
8
7
14
2
2
1
1
1
83
1
1
1
1
6
18
2
1
3
1
125
1
21
3
1
4
2
1
265
1
3
1
1
1
1
2
1
1
12
1
5
64
1
1
1
2
1
2
1
2
4
67
1
12
1
27
1
1
29
3
12
2
2
1
1
1
1
6
4
2
2
1
1
1
1
1
8
17
1
1
4
2
6
36
1
1
4
1
1
3
2
2
2
1
7
1
2
1
1
3
1
2
5
2
1
5
4
1
2
71
1
6
10
4
212
80
1
3
1
7
118
1
1
1
6
2
82
3
6
7
24
22
2
6
79
7
1
6
1
35
13
1
1
2
2
3
2
1
2
10
76
2
1
1
1
1
1
1
8
1
1
1
2
1
3
1
1
1
2
1
1
1
1
1
1
29
1
2
1
1
1
3
1
1
2
1
2
1
180
1
2
1
2
13
2
14
1
1
1
1
1
6
298
1
1
2
1
1
1
2
1
1
1
1
1
1
1
5
60
1
1
1
2
2
65
1
5
3
7
2
1
1
1
1
5
1
26
3
29
1
1
2
1
2
2
7
1
9
1
2
5
1
1
1
1
2
1
2
3
19
3
176
1
1
9
1
6
1
4
1
1
1
1
3
1
1
1
1
1
1
1
34
2
2
25
1
1
1
1
1
3
4
1
1
1
1
4
1
3
1
1
1
1
1
4
285
32
21
25
1
5
2
5
1
1
1
7
70
1
1
1
1
1
15
1
1
2
1
36
1
1
2
12
1
2
49
2
78
1
1
3
1
1
1
1
15
1
93
1
1
1
2
1
1
1
2
1
2
2
6
2
12
1
2
4
1
1
4
38
1
6
1
1
1
1
1
2
2
1
6
1
1
1
1
4
1
1
2
2
1
1
10
1
1
1
17
6
2
2
1
18
1
5
3
1
1
2
93
3
4
1
1
1
1
1
1
1
2
1
1
1
17
2
3
367
2
1
1
2
2
2
16
1
2
3
1
36
1
12
2
1
19
1
1
10
1
1
1
11
1
8
3
11
1
4
1
1
1
1
1
1
1
1
1
24
1
3
5
1
169
4
6
1
1
3
1
2
22
3
5
3
1
2
5
29
27
1
1
1
11
27
1
57
1
1
1
1
1
1
3
5
2
1
4
1
10
120
1
2
2
4
13
1
1
2
2
2
1
1
46
1
1
3
2
2
1
1
1
4
2
195
1
1
3
4
10
2
1
1
1
1
30
1
2
1
1
1
1
1
1
3
6
1
1
1
20
1
1
1
1
2
1
9
1
2
1
1
1
9
2
1
1
1
7
42
1
1
1
1
3
2
6
3
1
1
2
2
11
1
1
1
1
38
1
1
1
1
2
2
5
12
1
1
1
9
1
8
1
7
1
1
1
1
1
17
3
1
1
6
1
1
5
11
1
3
3
1
5
35
4
1
1
1
1
6
1
4
1
1
2
1
1
5
1
3
1
55
16
2
1
4
2
9
15
1
2
1
1
1
1
2
1
7
17
1
3
15
8
2
1
17
1
2
1
2
11
4
10
9
46
24
1
4
2
2
1
1
7
10
3
1
1
2
5
1
6
157
1
51
1
1
11
4
1
1
1
1
2
1
1
2
1
2
11
1
7
6
2
1
1
33
2
1
1
1
1
1
2
3
7
4
2
1
1
2
54
2
1
1
498
1
1
1
1
23
2
1
1
1
24
2
1
1
1
2
5
1
1
1
1
1
121
1
1
1
2
1
3
37
9
1
2
1
3
1
1
2
2
9
1
30
1
1
1
1
1
1
1
198
1
10
2
1
1
1
5
2
1
1
3
6
2
13
24
2
42
4
1
1
14
1
17
12
1
6
1
1
2
1
1
4
11
5
1
15
3
1
2
1
1
1
1
11
1
1
1
1
7
101
1
1
14
1
40
4
29
5
14
1
1
35
1
1
1
1
1
1
42
1
2
1
1
1
7
2
1
1
106
1
1
2
5
2
6
3
1
1
1
1
1
1
1
1
1
1
1
1
7
1
5
1
59
1
1
1
2
2
5
5
1
28
3
171
1
38
1
1
7
1
242
2
1
2
1
1
1
1
3
6
1
1
11
5
1
1
1
1
1
1
1
1
1
5
1
68
1
1
15
2
1
1
1
1
1
1
5
4
1
12
1
3
1
5
4
5
1
1
4
12
1
1
1
3
11
1
4
1
5
4
1
1
1
4
1
1
3
1
1
1
2
1
1
4
1
6
62
1
11
64
4
2
2
379
1
3
1
1
17
2
1
2
1
2
1
2
1
7
1
1
1
120
2
1
14
1
2
1
1
3
11
1
1
1
1
22
12
2
2
1
5
1
1
4
2
1
17
9
1
3
1
62
1
1
1
1
3
1
1
4
7
1
1
1
1
2
13
1
4
3
1
1
1
1
2
9
2
2
8
1
1
1
2
56
1
1
6
4
1
10
26
1
1
1
1
5
1
1
2
2
1
2
6
1
5
1
1
2
30
4
1
1
1
2
1
7
234
1
5
2
1
4
33
1
1
2
1
1
1
2
2
1
87
1
1
1
2
5
13
1
1
6
6
6
1
35
1
548
2
1
2
1
1
2
2
2
1
1
10
2
6
3
1
6
1
3
2
8
1
1
2
5
1
2
75
1
7
5
1
26
3
1
1
3
1
3
1
12
1
25
17
1
15
2
2
1
1
1
2
1
1
1
1
1
1
6
7
1
1
7
8
1
4
4
2
1
2
10
20
54
5
1
1
7
1
3
1
15
2
20
69
4
2
4
2
2
1
1
1
1
1
1
1
1
2
11
1
20
1
1
1
24
16
2
10
1
1
3
1
1
1
69
2
1
1
1
3
9
5
5
3
2
1
1
1
1
1
1
1
13
2
1
160
1
1
1
1
15
75
18
1
1
30
1
1
53
1
2
1
2
1
1
1
3
1
1
85
1
1
8
1
1
4
1
14
21
1
1
6
3
2
1
5
6
1
58
11
5
1
46
19
1
1
9
1
55
10
1
1
13
1
1
3
1
68
6
1
1
70
1
1
2
1
2
2
1
2
1
1
1
5
2
1
1
514
1
26
1
7
1
4
1
19
1
5
1
1
1
3
1
2
3
6
1
104
1
1
5
2
1
1
1
1
2
2
2
1
4
1
1
2
8
4
1
1
2
22
15
155
3
2
1
1
4
4
7
1
1
1
1
1
1
88
1
4
1
1
2
2
3
1
2
4
3
2
1
4
2
1
1
1
4
1
1
1
1
1
5
2
13
1
2
1
2
3
1
4
1
1
2
193
1
1
1
9
4
3
5
1
2
2
2
1
3
1
1
71
4
2
3
14
7
31
13
1
2
8
1
1
2
1
27
1
3
5
1
2
1
1
2
1
1
1
1
1
6
1
9
1
21
1
4
1
1
8
1
19
1
1
1
8
6
5
7
1
1
1
10
2
6
1
1
35
1
1
7
1
20
1
1
1
3
1
1
1
1
1
1
1
2
2
1
1
1
1
1
2
12
1
2
11
6
1
1
2
19
2
1
1
1
1
1
1
1
1
5
2
2
1
13
1
1
3
13
1
112
6
1
1
4
2
7
5
1
1
1
41
1
6
4
38
1
2
8
34
1
1
8
33
1
1
4
2
1
1
1
1
1
1
1
27
18
1
1
2
1
1
2
1
3
1
217
1
1
129
1
3
1
4
1
9
1
1
2
81
3
3
5
33
1
3
8
1
1
3
1
1
1
6
2
1
1
3
3
1
1
2
37
4
13
1
1
1
1
3
1
4
1
1
4
19
1
1
1
78
1
5
12
1
3
2
54
7
1
1
1
1
1
1
2
1
1
1
11
2
1
1
1
13
1
1
1
1
2
3
10
1
1
2
1
4
1
1
1
1
1
9
4
1
2
1
20
6
67
1
1
2
1
1
1
2
1
1
89
324
5
3
1
5
3
1
1
8
8
3
4
2
12
1
1
1
1
1
3
2
10
1
2
569
1
1
5
1
5
2
1
1
1
1
1
1
145
1
4
4
1
5
3
1
1
1
1
1
8
1
451
1
1
1
1
1
1
2
37
30
1
1
1
2
1
8
1
1
1
1
1
6
1
3
84
1
4
2
2
1
1
2
266
1
1
1
9
57
1
10
19
2
13
4
1
2
10
1
1
1
5
52
1
3
5
4
1
108
2
1
1
2
2
1
1
1
2
4
5
1
3
2
1
1
45
4
6
13
1
4
1
1
1
3
5
1
1
1
1
1
2
20
2
1
167
1
11
1
3
1
1
1
3
1
81
37
3
1
4
1
1
5
4
190
1
1
1
3
1
1
169
1
25
1
15
7
15
1
1
3
1
1
1
1
11
1
1
1
102
3
2
1
4
1
2
1
4
2
1
18
3
61
1
3
77
1
1
1
1
55
4
1
1
19
4
2
1
2
1
2
3
1
1
1
2
1
5
1
104
1
1
1
1
6
24
1
1
1
1
3
1
3
19
1
1
2
18
2
2
17
3
2
2
3
1
1
2
1
1
3
1
2
1
1
3
1
3
1
4
1
45
1
247
4
1
1
31
1
1
1
1
1
1
4
3
1
1
8
2
1
6
1
1
1
1
1
2
1
1
2
1
3
1
3
7
1
63
1
1
1
2
1
1
1
4
6
123
1
1
131
3
1
1
48
3
1
5
17
9
8
2
1
3
47
1
1
1
1
2
4
1
1
1
5
1
1
1
1
25
2
1
185
24
1
1
36
1
1
2
1
1
1
1
6
4
5
13
48
1
6
1
1
12
1
1
3
6
1
1
11
12
1
3
116
1
3
5
1
10
1
1
31
68
17
2
1
1
1
28
50
110
1
3
5
1
1
8
2
4
1
4
1
22
1
1
1
6
3
3
22
2
4
51
2
3
1
1
2
1
2
1
2
109
1
5
1
1
2
1
1
1
3
6
19
10
1
1
1
1
1
4
2
1
2
7
1
1
57
4
1
9
1
1
1
1
1
1
2
1
1
1
1
1
1
4
42
1
1
4
1
1
1
1
3
1
1
1
1
2
2
2
1
1
1
4
28
2
18
1
50
1
5
1
8
6
6
12
1
2
8
1
2
16
1
1
1
9
1
3
16
1
4
1
1
1
2
4
1
2
1
5
1
9
2
2
6
3
1
1
1
1
28
1
3
9
1
1
1
1
1
143
7
1
1
14
2
4
1
1
1
1
1
6
2
1
3
25
2
30
39
1
3
1
1
1
2
1
1
1
3
4
1
67
1
1
7
1
1
1
2
2
1
1
5
2
6
2
1
10
1
1
4
1
1
1
1
2
5
3
1
1
5
1
2
84
1
1
1
1
3
4
1
2
1
1
1
2
15
6
7
1
1
1
1
1
38
4
1
3
1
3
1
3
19
1
149
1
11
1
3
1
1
1
1
2
61
1
11
42
1
5
180
1
2
2
1
1
1
23
1
1
1
14
6
1
2
1
1
1
5
8
1
1
1
4
1
2
19
409
2
1
1
1
12
6
6
1
1
1
2
2
2
1
1
3
1
21
3
1
10
1
1
1
4
29
8
7
4
1
4
1
1
1
1
5
1
1
1
1
1
1
3
3
20
75
7
1
1
10
1
1
17
1
2
2
1
1
1
3
1
12
1
1
82
4
6
1
1
1
1
1
225
1
3
2
12
3
4
1
67
1
1
13
1
52
11
7
46
1
2
1
2
1
2
1
1
1
1
1
1
1
3
1
4
1
2
9
763
1
1
2
1
3
1
1
2
23
2
24
1
11
1
1
3
20
2
2
2
3
1
1
3
5
1
2
11
1
2
1
1
1
27
1
119
1
1
138
1
1
153
2
1
1
1
5
6
8
27
1
1
1
1
4
1
16
9
1
1
1
38
2
1
6
1
2
1
1
2
1
1
3
36
1
1
2
1
3
8
1
600
2
3
1
1
3
1
17
17
1
1
459
20
4
1
9
1
1
1
1
1
1
1
1
1
24
1
1
1
1
1
1
1
59
1
1
1
1
4
1
34
5
1
1
2
2
1
1
1
7
1
1
1
1
2
1
24
1
1
1
2
1
2
1
1
769
8
196
1
2
5
1
4
1
1
18
1
1
1
1
1
1
1
1
79
1
1
3
2
1
1
1
1
2
1
4
2
4
2
1
1
19
1
8
1
7
9
1
1
1
13
1
4
1
1
5
4
1
1
2
4
14
14
35
2
1
1
2
1
5
7
3
2
2
1
1
15
2
1
1
11
1
2
1
1
1
1
1
5
1
16
3
25
2
20
1
1
8
1
9
1
1
2
54
1
3
1
18
1
1
18
1
1
1
1
1
1
11
2
1
86
41
2
1
3
1
47
4
1
1
1
1
1
1
3
30
1
1
1
1
1
8
3
25
4
27
1
1
3
1
1
2
1
6
1
85
12
16
1
1
4
4
1
4
3
2
4
2
1
1
1
2
5
4
2
1
1
3
1
1
1
2
8
1
2
217
23
1
1
293
12
6
1
5
3
1
1
3
14
1
1
1
5
1
1
1
1
1
1
1
1
1
1
2
1
1
1
7
2
1
9
1
1
1
1
47
1
1
1
6
1
1
1
2
1
3
2
1
1
2
1
2
1
3
10
38
1
1
1
32
5
1
1
56
10
2
1
6
2
1
1
1
4
8
9
1
11
6
2
1
1
1
3
1
10
1
1
5
1
13
14
3
1
1
1
1
40
1
1
1
1
22
1
31
1
1
1
1
1
1
3
2
3
1
1
4
3
3
1
1
7
5
1
1
1
1
26
6
12
12
6
2
62
1
1
1
55
1
1
19
3
2
1
1
5
31
1
1
2
1
1
2
1
48
129
1
131
2
10
6
1
4
11
1
8
156
1
2
1
1
1
41
2
1
1
1
3
1
1
1
3
1
1
18
2
17
8
1
1
27
34
1
6
5
6
34
2
24
1
7
1
10
14
2
1
6
3
4
2
5
3
2
1
1
1
1
1
1
1
1
1
1
1
1
2
4
1
2
3
69
1
1
1
1
19
5
1
2
1
1
1
1
3
4
2
2
1
1
1
1
1
1
2
2
3
1
11
1
1
5
1
1
2
4
2
1
1
1
1
1
1
12
2
1
3
1
1
1
1
1
12
1
11
1
1
5
73
1
2
1
4
4
1
1
22
1
15
1
1
1
3
1
1
1
6
1
1
1
3
20
2
2
1
1
1
1
1
20
5
2
1
1
1
1
3
1
4
1
8
1
1
1
1
1
519
1
1
1
12
8
1
1
1
1
1
4
1
17
31
10
1
1
6
1
1
20
2
2
1
1
1
1
1
1
1
1
1
54
4
1
3
1
1
1
1
7
1
2
1
2
1
1
1
2
1
1
1
4
1
1
2
1
1
6
1
15
1
1
1
2
47
1
5
460
2
3
1
1
2
3
6
6
1
1
1
1
437
1
1
2
1
1
9
1
1
2
1
8
1
9
1
5
16
1
1
2
1
7
1
1
41
34
2
1
1
1
5
2
1
6
107
1
71
2
1
2
1
1
4
1
1
6
53
1
1
1
16
1
6
1
11
2
1
1
2
1
60
3
1
4
26
1
1
2
9
1
3
20
2
1
2
30
1
1
3
1
1
2
1
12
126
2
1
1
1
1
1
1
3
1
1
1
1
27
15
1
1
1
340
1
1
1
1
7
1
2
3
2
1
2
1
18
39
1
2
2
1
10
1
2
1
2
14
3
1
12
4
1
19
1
10
1
229
17
1
1
1
1
1
1
1
1
2
6
3
5
4
1
1
1
10
22
1
1
1
3
1
2
1
5
1
1
34
9
1
8
1
2
2
1
1
1
1
1
1
19
1
1
13
2
1
4
1
1
1
6
1
1
12
7
2
2
1
9
1
1
1
1
2
2
2
1
6
1
2
4
1
1
1
2
69
45
1
1
2
1
1
2
1
1
3
1
6
1
9
1
7
1
3
1
1
1
1
19
1
5
1
51
2
1
1
1
2
1
1
5
1
10
7
222
31
1
1
1
3
1
1
1
8
1
80
1
4
1
2
1
1
2
12
7
1
2
1
1
1
1
2
1
1
1
4
46
1
31
6
1
24
1
3
1
1
3
1
4
2
1
2
517
1
2
3
1
1
1
4
12
1
1
49
1
14
2
1
1
3
1
1
4
1
1
2
15
356
66
1
8
1
6
1
2
1
41
1
2
1
1
1
1
1
93
2
1
1
1
1
11
1
1
2
1
1
1
8
1
1
2
3
1
1
1
11
1
2
4
1
2
1
82
28
2
1
7
1
1
2
1
90
1
4
1
1
2
4
1
2
1
3
1
1
10
3
1
3
1
1
1
3
1
1
2
2
1
2
1
2
1
20
8
1
73
1
1
1
1
2
11
6
5
2
63
6
2
1
3
252
18
1
1
3
2
11
20
1
1
3
13
7
1
1
1
7
1
12
13
1
1
3
1
10
6
2
3
1
1
62
2
1
1
1
3
6
6
1
1
1
1
1
4
1
1
1
1
7
1
6
1
32
1
1
2
1
1
17
6
1
16
349
7
1
1
1
3
1
2
1
1
16
3
4
1
1
1
1
1
6
1
1
1
5
1
3
2
3
1
1
1
3
1
1
1
4
2
1
1
1
1
1
1
1
1
1
3
2
1
84
1
2
2
6
6
1
1
22
2
2
1
3
3
84
2
1
3
2
1
14
2
1
1
1
1
5
7
1
2
3
1
18
2
1
1
1
517
27
1
1
1
1
1
4
1
1
41
1
10
1
1
1
12
1
1
81
1
4
2
8
1
2
9
165
1
1
1
1
1
1
1
1
1
42
8
1
56
8
1
1
1
1
1
1
2
22
1
3
4
2
1
2
1
4
11
1
2
1
4
95
1
1
2
2
1
1
1
6
2
423
5
1
3
83
2
25
1
1
6
23
1
2
1
1
95
2
1
2
3
4
23
33
1
1
1
1
1
1
1
1
4
2
1
21
1
1
3
1
2
2
1
171
2
1
145
1
1
1
1
3
5
1
1
1
1
1
1
1
1
3
5
2
15
1
1
4
1
10
2
1
2
3
12
1
1
1
1
1
1
3
1
141
22
9
63
11
1
29
1
1
2
1
3
1
3
2
6
2
3
1
1
1
2
1
25
1
3
8
15
4
1
2
1
1
11
1
1
314
3
1
1
33
1
6
1
1
1
1
8
6
89
2
36
2
1
1
11
1
1
1
1
1
1
1
2
1
1
1
1
1
1
1
15
1
41
1
1
6
2
192
19
1
1
1
1
1
4
2
18
1
1
1
1
1
1
2
4
2
1
3
1
13
3
2
1
4
1
7
2
3
34
2
1
65
8
1
13
2
6
1
1
3
2
3
1
2
2
1
6
2
1
1
1
24
1
1
38
3
1
1
8
6
123
24
4
1
1
6
2
10
4
1
1
2
1
1
1
2
1
4
137
1
2
2
3
3
99
1
33
37
2
1
1
1
3
1
6
1
1
1
36
19
3
1
2
1
1
2
2
11
1
1
8
32
1
1
3
1
1
2
63
5
1
1
1
1
4
200
1
1
1
1
2
2
1
165
22
383
2
4
1
3
5
19
5
50
4
1
3
65
322
1
7
1
1
14
12
36
1
1
6
84
1
3
10
2
1
1
2
1
12
3
1
3
1
4
7
1
20
1
1
1
6
1
1
13
115
3
2
1
1
17
7
1
19
4
1
2
1
3
36
12
1
2
2
1
1
1
7
23
2
1
1
3
1
2
1
1
1
1
1
1
1
1
1
5
1
6
107
2
1
1
2
1
1
16
5
1
1
1
1
1
21
4
1
1
1
1
1
8
4
1
6
1
1
1
14
3
1
5
8
1
1
5
1
36
30
2
1
1
1
1
2
1
1
2
2
3
2
19
12
4
1
1
4
1
1
2
1
2
7
5
4
2
1
7
3
1
5
1
1
10
9
1
5
2
7
1
2
15
10
1
1
1
1
2
1
1
1
6
1
1
5
1
15
6
15
434
1
1
1
1
1
3
1
1
3
1
1
1
3
1
17
1
3
11
1
1
1
2
1
1
10
3
2
1
3
2
1
1
3
5
1
2
1
1
56
1
1
1
1
1
1
1
1
1
8
1
1
9
8
1
6
1
72
2
3
1
12
1
1
1
1
5
2
18
1
1
1
2
2
1
180
2
1
1
1
3
1
6
3
1
53
2
1
1
1
6
2
1
1
1
1
1
1
1
110
1
1
1
2
1
3
2
3
1
1
1
1
5
1
1
453
1
1
5
102
1
2
1
1
1
1
3
1
11
1
1
1
13
1
2
12
1
4
1
1
2
3
3
3
32
6
1
1
1
17
322
1
1
5
1
2
1
2
2
1
1
1
1
2
3
3
1
1
4
5
2
1
1
1
35
1
15
3
1
12
17
2
2
5
6
1
1
6
1
2
1
55
562
1
10
26
2
1
2
75
4
3
1
1
1
1
1
1
1
2
4
1
1
1
2
1
68
1
1
4
1
1
2
1
1
2
1
1
6
1
3
1
1
1
1
1
1
5
2
1
1
314
9
1
1
1
4
2
47
29
1
1
1
1
1
1
8
4
1
1
1
1
2
7
43
1
2
1
4
1
3
20
1
10
1
1
1
9
2
1
13
72
34
1
4
28
1
23
1
4
1
1
2
21
18
1
1
1
1
18
1
12
2
2
1
1
1
5
2
1
1
1
1
1
2
1
1
2
28
1
1
1
1
1
4
1
1
70
1
1
1
2
4
1
1
14
1
8
1
14
1
3
6
1
6
1
2
1
3
37
10
304
1
2
1
1
1
1
1
2
2
1
1
1
1
1
9
1
4
8
1
1
2
1
3
1
2
1
1
1
1
2
1
16
2
1
2
1
2
6
1
3
13
3
1
1
1
4
6
1
2
2
1
2
6
1
9
2
3
1
15
1
1
1
3
1
3
1
1
1
1
2
2
1
1
1
2
3
36
1
25
3
19
1
1
1
1
2
2
694
1
1
1
57
261
1
17
1
1
1
1
1
1
2
1
4
3
1
2
1
1
1
1
6
5
3
3
1
1
1
12
8
33
1
1
2
1
7
1
1
7
2
91
1
5
18
1
4
3
1
3
7
17
10
1
1
40
3
1
1
1
2
14
1
1
18
2
9
1
1
2
1
1
1
1
1
1
1
3
1
588
1
1
1
3
2
1
7
63
36
1
1
1
1
1
1
1
1
1
1
7
2
5
1
1
9
1
1
5
8
3
1
1
1
9
1
159
1
1
1
1
15
2
1
2
1
1
20
2
2
12
16
1
1
2
43
78
122
1
26
1
1
2
6
1
3
1
1
1
1
1
1
52
1
2
1
6
1
2
62
1
1
6
2
2
1
1
7
16
14
1
1
1
1
1
1
3
1
1
2
1
2
1
1
1
6
2
1
5
1
14
6
1
6
2
2
2
10
1
20
1
3
1
1
1
1
1
3
24
1
1
1
1
1
2
1
1
1
2
1
8
2
2
4
1
3
1
2
2
4
4
1
3
1
25
1
11
1
2
5
1
3
3
1
2
1
1
1
1
4
1
8
4
6
1
8
24
81
8
1
1
1
3
3
607
27
25
1
4
4
2
1
1
1
1
2
7
36
1
4
20
1
2
1
1
5
1
2
1
14
1
10
2
1
7
1
2
1
9
27
1
2
4
28
364
2
1
2
1
9
2
3
16
1
2
1
24
1
1
2
1
1
1
1
1
2
1
1
5
1
1
2
1
3
21
3
2
6
20
5
1
1
5
117
25
1
1
1
1
2
580
1
3
1
1
1
1
1
3
12
2
1
1
5
73
1
1
1
3
13
1
1
1
10
1
1
1
9
1
12
1
2
1
1
3
2
214
3
1
1
1
1
1
4
9
2
168
1
2
1
1
23
2
1
1
1
1
1
1
1
1
1
2
1
1
14
1
4
1
1
1
1
308
162
1
1
1
1
8
1
1
1
6
1
1
7
4
1
2
3
564
1
1
4
1
1
1
27
2
1
1
1
7
1
1
4
1
1
2
1
4
1
1
1
1
4
1
2
1
5
3
1
1
1
3
2
1
3
1
8
1
1
14
1
1
1
1
1
1
13
1
1
1
1
1
1
1
1
1
3
24
1
1
52
1
1
1
4
1
1
1
1
1
1
1
149
1
1
9
1
37
3
1
2
1
1
2
243
3
1
1
1
10
1
1
14
1
1
5
2
1
1
4
1
8
1
1
2
56
1
1
11
1
5
1
2
1
1
1
1
2
1
1
3
1
1
1
7
1
3
1
1
2
1
1
1
3
2
2
1
1
1
7
1
1
1
1
1
6
5
2
2
17
1
1
4
1
4
1
2
1
1
3
5
1
1
6
172
2
23
1
64
1
1
1
1
1
1
3
17
3
120
3
1
1
1
1
14
1
1
12
11
1
1
1
1
1
2
1
2
1
2
1
1
1
17
1
5
2
268
1
1
33
1
2
1
2
2
2
11
1
1
3
1
2
3
1
1
6
164
1
1
1
1
2
1
4
5
4
1
3
14
1
1
3
2
3
1
8
49
1
1
4
3
1
1
3
2
18
1
1
3
1
1
1
1
1
2
2
1
1
48
12
1
1
1
2
1
3
24
2
11
1
1
11
34
8
1
1
15
1
9
30
2
1
1
2
4
2
4
2
2
47
3
2
2
1
1
1
3
2
10
1
8
84
1
1
2
16
1
1
1
27
1
1
1
1
1
1
6
1
1
1
1
1
1
3
2
1
42
1
1
2
1
4
3
1
74
1
1
4
1
1
1
2
1
185
1
1
1
10
4
1
2
1
1
44
230
83
1
1
1
3
4
2
146
152
1
2
1
1
1
6
1
3
1
1
1
1
2
14
1
44
1
3
1
1
29
1
1
4
1
3
14
1
1
3
2
15
6
1
13
9
6
1
11
2
22
1
1
1
1
1
1
1
7
1
1
1
3
4
1
1
8
1
1
1
3
1
1
1
8
1
1
2
1
1
1
2
57
1
1
4
1
25
1
2
1
1
1
4
1
1
1
7
1
4
4
2
2
1
16
1
1
1
10
1
1
1
49
1
1
5
1
1
1
2
1
10
2
1
1
1
1
1
1
1
1
1
3
1
1
13
3
2
1
1
85
16
2
1
1
24
158
4
1
1
1
209
1
1
4
1
4
2
1
1
1
1
1
1
1
1
3
2
3
3
1
3
1
1
48
1
1
10
1
9
1
1
4
493
1
4
2
3
1
18
1
9
1
2
1
1
2
10
4
1
1
1
2
1
1
2
2
1
1
1
2
1
21
1
1
42
1
1
1
1
2
1
2
1
132
5
1
1
1
1
1
1
2
6
110
1
5
1
1
1
37
1
2
1
4
1
1
2
83
2
1
1
16
1
1
2
1
2
1
4
1
2
2
4
1
444
6
2
50
4
1
1
2
1
1
1
1
8
2
1
1
14
1
9
2
1
24
3
41
1
18
1
312
1
1
1
1
39
3
1
2
1
2
24
1
1
6
2
1
1
122
1
16
24
2
1
11
1
1
8
1
1
1
1
4
2
25
6
1
1
6
1
2
11
1
1
17
3
4
2
1
1
28
1
1
2
1
3
3
11
5
13
1
1
1
1
2
35
1
1
4
1
4
1
1
2
2
5
1
147
6
16
1
1
1
8
1
1
65
1
82
1
1
1
1
1
269
1
1
2
5
1
3
2
1
4
3
1
1
2
13
4
5
9
1
1
5
2
1
1
1
1
1
1
3
2
1
2
6
1
2
1
1
1
3
4
3
1
25
1
1
1
1
3
7
5
3
2
2
5
1
4
179
133
1
1
4
1
2
1
6
1
1
3
2
2
1
40
2
1
5
5
119
24
1
26
1
2
1
1
42
1
1
1
8
3
58
1
1
4
1
7
1
2
2
224
1
1
1
1
2
1
4
41
17
1
110
11
2
1
1
1
2
2
1
1
2
1
1
1
1
11
3
1
1
9
1
1
15
2
3
3
1
13
1
1
2
16
2
2
3
1
2
3
1
2
1
1
22
1
81
4
7
1
5
21
2
2
131
2
1
1
2
1
2
1
14
4
3
2
1
1
6
2
1
1
16
2
1
1
2
1
28
5
1
1
1
1
2
2
1
1
4
6
1
1
33
2
1
297
1
2
43
1
1
4
2
1
3
1
4
1
70
1
1
3
1
1
2
1
1
1
1
2
1
1
18
25
1
3
2
6
13
1
3
2
1
1
1
2
1
1
1
4
116
12
1
1
1
1
1
1
5
3
201
1
1
1
76
1
7
1
1
33
1
1
2
74
1
64
1
1
3
1
7
33
5
7
4
6
1
1
1
1
8
1
1
21
1
1
23
1
1
5
2
1
48
6
1
1
1
4
1
1
4
1
6
6
5
2
4
1
1
110
1
9
8
1
1
1
6
1
1
1
6
1
1
1
6
2
324
1
1
5
15
2
80
1
1
26
1
1
1
2
1
167
1
6
1
1
2
46
4
1
2
1
32
2
3
4
2
1
1
3
1
1
1
1
1
15
15
1
31
1
11
1
1
2
1
1
10
31
1
1
1
1
1
2
12
11
1
1
2
3
24
1
6
1
1
2
2
5
37
113
1
2
1
1
1
1
2
1
2
1
18
9
4
6
1
1
2
43
33
1
16
1
6
4
12
3
1
1
4
7
1
1
1
1
3
3
1
1
2
1
3
3
3
14
44
3
3
1
1
1
1
2
1
1
1
607
1
3
50
14
2
1
2
5
1
1
1
1
1
1
1
1
1
12
30
1
2
1
116
3
9
1
14
1
6
1
38
1
3
1
1
1
1
2
4
1
18
5
2
1
1
1
1
2
1
1
3
1
1
1
1
1
1
8
7
1
3
2
2
2
18
11
3
2
28
1
3
1
38
1
11
6
1
3
1
5
1
1
1
1
2
1
2
1
2
1
32
1
3
1
3
2
1
1
1
1
2
1
4
1
1
1
5
2
1
674
36
16
1
1
1
1
1
12
1
1
7
203
16
1
4
1
1
1
25
1
2
1
6
1
10
1
1
22
1
9
1
3
14
7
32
266
10
42
1
1
1
2
18
1
1
200
1
1
1
1
2
5
1
1
2
259
2
1
1
1
1
6
6
2
1
1
1
16
1
1
3
7
3
1
1
12
1
1
1
2
12
1
1
1
1
1
280
7
11
1
2
10
1
1
6
7
130
1
4
1
1
5
8
13
1
19
11
2
1
8
1
13
4
4
1
1
1
1
1
1
3
1
2
1
1
2
16
1
1
2
2
1
1
1
1
1
4
10
1
2
15
4
2
1
1
1
4
20
7
12
1
2
25
1
60
1
1
1
1
1
1
6
3
1
1
1
1
10
3
4
197
1
1
1
43
3
16
1
1
1
5
2
10
4
2
125
1
1
1
2
29
1
1
1
1
1
3
2
7
1
5
1
1
1
7
3
19
2
7
1
8
1
1
1
4
5
36
2
1
1
1
2
4
2
7
14
2
20
3
4
1
1
3
1
1
2
17
2
2
5
1
1
64
27
3
1
112
7
103
12
12
1
1
12
1
3
1
45
1
33
1
1
2
1
2
6
49
1
1
7
1
3
1
5
1
3
1
2
1
1
4
6
1
1
1
19
1
14
2
6
1
11
74
2
1
2
1
11
2
5
1
43
2
13
1
1
2
1
3
12
1
1
8
2
2
1
4
32
1
1
1
1
3
1
25
3
1
3
36
2
1
1
8
1
2
1
2
7
1
1
1
1
1
1
1
1
2
3
3
1
1
1
1
1
6
5
9
1
1
4
2
5
1
1
1
564
2
19
1
1
1
9
1
8
1
2
1
21
2
1
1
1
1
2
1
3
2
1
1
4
1
99
2
3
1
1
2
3
3
4
1
1
3
1
1
2
17
1
1
2
7
1
1
4
1
1
43
1
1
8
2
20
1
2
1
1
39
1
1
1
211
1
1
3
8
1
5
3
2
2
59
6
3
2
1
1
2
3
24
4
3
1
4
1
5
2
2
1
1
1
1
1
1
1
1
1
1
1
74
1
1
1
16
1
1
1
2
1
6
3
2
1
4
20
1
1
10
1
8
1
1
1
2
1
6
1
1
5
36
36
1
1
739
392
4
1
8
3
2
3
1
1
2
3
1
1
1
1
7
7
5
1
1
1
27
1
1
1
1
4
2
3
1
1
2
1
1
2
1
8
15
28
31
21
1
2
26
1
19
1
1
1
1
24
1
1
1
2
3
2
1
2
1
1
42
6
1
1
48
1
1
2
1
2
1
3
2
1
59
1
38
2
5
4
9
7
6
1
12
1
1
1
6
1
1
15
1
1
3
14
1
1
1
1
1
1
9
4
1
7
1
1
2
1
1
1
1
153
2
6
1
13
1
3
2
1
1
29
6
2
3
1
17
26
1
1
1
208
1
1
1
2
25
2
1
1
5
1
1
1
7
1
1
2
1
4
2
1
7
1
1
3
1
1
5
56
770
3
1
4
1
4
2
1
2
16
18
1
1
3
1
1
1
1
1
1
1
1
1
1
4
1
2
1
2
1
6
9
1
1
1
1
1
1
1
2
1
81
1
1
1
1
4
6
1
4
1
1
8
1
3
1
1
1
1
1
1
1
1
1
10
1
1
1
1
1
1
5
1
1
1
1
2
1
1
2
12
1
1
1
6
3
1
1
1
1
72
4
4
148
1
6
1
10
1
27
1
1
1
3
1
28
1
4
1
1
18
4
1
10
2
25
1
1
7
1
12
2
5
2
3
1
22
1
1
1
9
1
1
3
1
1
11
9
1
1
1
7
3
2
4
5
1
1
1
6
1
1
1
1
2
1
1
3
3
1
1
8
2
52
1
1
15
2
5
29
76
2
1
7
2
1
2
1
1
1
1
1
1
2
5
1
1
1
2
2
178
3
1
1
4
1
4
83
3
1
2
36
1
2
65
2
1
1
1
1
2
204
1
14
19
3
1
7
1
4
1
4
1
7
5
1
1
1
124
1
19
5
1
1
97
1
1
21
2
3
1
2
2
3
3
1
1
4
5
33
1
11
1
10
2
1
1
3
1
1
1
1
1
1
6
1
3
2
4
1
2
16
1
1
5
5
11
5
3
1
5
4
2
1
19
1
2
1
1
2
5
11
12
1
28
1
1
4
4
2
1
3
3
14
1
1
1
3
2
15
1
9
3
1
1
126
1
12
1
1
1
1
16
2
3
2
5
1
1
1
2
1
61
7
1
1
1
1
1
1
1
1
1
1
1
1
1
2
9
1
6
1
3
5
2
2
1
11
23
1
1
1
1
1
2
14
41
2
3
1
1
1
5
1
6
8
1
15
1
3
1
3
2
2
272
4
1
1
1
1
1
1
1
7
1
1
34
12
1
1
2
1
1
1
1
1
1
7
17
1
1
1
1
1
1
1
1
1
1
4
3
1
3
4
1
1
2
1
1
10
1
7
9
1
1
2
1
1
8
2
1
1
1
1
21
9
1
1
46
1
1
1
1
1
6
1
3
1
4
3
1
1
9
8
2
4
4
1
1
1
1
1
4
58
1
4
2
1
2
55
1
2
1
1
3
2
2
42
7
1
1
21
1
19
1
1
1
20
48
1
2
2
1
1
1
2
3
4
36
1
14
1
1
2
6
1
2
2
1
8
1
23
1
1
1
1
11
1
4
5
34
1
3
14
3
2
1
2
1
3
1
1
2
2
4
1
3
4
1
235
5
1
5
4
2
16
1
1
5
24
1
1
6
5
2
1
9
1
1
1
1
1
53
6
8
1
1
1
2
3
1
11
1
2
2
1
1
6
1
1
1
6
40
1
2
1
1
9
1
1
4
1
1
1
2
1
3
4
2
1
2
1
7
3
2
1
1
20
1
4
1
1
1
3
12
1
1
1
1
10
1
7
4
1
1
7
38
1
2
10
1
1
3
1
6
4
1
1
1
1
5
2
80
1
2
39
4
5
1
2
1
1
2
1
3
1
1
1
2
4
2
4
1
1
1
48
2
1
2
1
2
5
1
3
10
1
3
2
3
5
1
18
18
1
1
1
4
1
1
12
1
1
1
1
2
1
1
1
1
1
2
1
4
8
2
1
2
4
17
3
1
1
36
2
1
1
2
1
1
1
1
1
2
1
3
1
1
1
7
2
10
1
6
4
2
4
2
2
1
50
2
1
5
4
9
1
119
31
1
1
2
1
2
1
2
2
1
1
2
1
2
1
1
1
2
5
4
1
1
1
116
4
3
6
4
285
3
4
2
1
1
1
1
1
3
1
4
14
9
1
3
1
3
7
1
1
4
11
2
15
1
3
1
1
2
1
4
1
3
1
1
12
3
3
1
5
2
1
1
1
3
1
1
1
2
5
2
15
1
11
2
1
1
1
1
1
1
7
1
1
1
2
1
2
2
20
2
1
1
12
1
7
4
3
44
1
1
1
1
1
1
1
5
1
84
1
1
9
4
1
1
12
1
9
1
1
101
1
1
2
3
1
95
54
6
3
27
1
1
6
6
1
2
1
2
1
5
1
42
32
1
2
1
6
1
32
1
6
9
1
2
1
1
1
1
35
40
1
3
1
4
1
1
4
1
1
8
1
1
1
1
13
1
1
1
13
8
1
1
1
1
33
2
8
1
14
56
1
2
2
3
1
2
1
1
3
1
1
1
1
1
1
2
6
10
1
1
1
6
1
1
62
1
1
1
1
1
3
1
2
1
2
1
1
1
1
1
1
5
1
1
10
2
1
1
1
1
1
1
1
1
10
2
4
1
1
2
120
1
3
2
3
3
25
1
28
1
4
1
1
1
1
2
1
1
1
1
3
1
8
1
3
1
1
4
9
7
16
1
1
4
1
1
1
1
1
1
1
1
1
1
1
2
1
3
10
1
3
17
1
7
1
1
1
1
1
1
1
1
2
4
63
1
24
1
10
12
1
1
1
3
25
2
5
1
5
1
1
1
3
1
13
1
1
23
6
1
3
1
8
2
1
2
3
1
4
7
1
1
1
1
8
1
2
2
1
1
1
1
3
1
1
3
3
25
3
12
1
1
2
41
2
1
4
8
1
1
1
1
1
1
2
5
4
9
8
1
1
9
1
1
5
1
1
1
2
47
12
1
1
39
2
20
9
3
2
1
11
2
1
1
1
1
1
1
1
1
2
3
2
6
3
1
1
6
4
3
1
1
1
2
29
1
1
1
1
1
1
3
1
1
5
4
2
1
1
2
104
1
1
1
1
2
18
7
1
95
1
91
3
4
6
8
1
1
2
1
2
21
1
7
1
1
1
1
1
40
1
5
1
4
43
2
5
1
1
1
1
1
1
26
1
14
3
2
1
1
1
1
12
5
3
2
3
9
7
6
1
5
1
1
1
2
18
37
381
1
1
2
1
36
1
2
6
1
2
1
1
1
31
1
1
1
3
7
1
1
1
1
15
1
1
41
1
1
1
2
1
8
1
1
13
1
3
1
8
1
2
1
1
2
2
13
13
1
3
5
1
1
1
32
5
10
2
1
1
1
2
2
1
21
1
13
1
5
1
1
1
8
1
6
3
1
1
1
1
2
2
1
1
1
1
8
1
1
4
1
1
1
2
180
1
43
2
1
2
10
6
1
2
2
1
1
1
7
4
2
2
1
3
1
1
2
5
2
2
21
5
1
1
4
1
7
2
1
3
10
1
2
1
1
2
2
1
1
1
1
2
1
1
1
20
221
5
1
1
2
2
8
2
14
1
12
1
3
1
1
4
8
1
3
1
33
1
8
1
3
1
9
2
10
1
1
1
1
1
1
2
24
1
4
25
2
1
3
1
5
1
1
9
1
5
1
2
52
4
1
2
130
8
1
1
1
2
2
321
1
1
1
2
9
2
7
2
1
1
1
5
5
1
1
1
2
1
2
1
26
2
3
2
3
1
4
6
1
4
1
38
3
1
3
2
2
15
2
2
2
1
1
1
82
40
3
1
1
7
1
1
1
1
2
2
70
9
2
1
1
13
1
1
1
2
1
2
1
1
1
1
1
1
2
1
4
192
1
2
1
2
1
2
2
2
1
253
1
1
1
1
5
1
1
1
1
1
1
5
16
2
4
5
1
1
4
1
1
1
1
1
1
2
4
72
18
1
2
78
25
6
1
2
8
8
1
1
1
94
53
1
1
1
1
1
1
7
44
1
4
3
9
1
68
1
1
1
23
2
3
1
1
1
1
1
37
3
1
1
1
1
1
3
1
1
1
1
111
5
1
6
1
15
35
1
1
1
1
1
2
1
2
198
10
15
2
17
1
3
1
13
5
1
1
1
6
2
5
5
1
1
1
1
1
1
1
2
1
1
1
1
1
4
1
1
1
1
195
1
3
10
6
1
1
59
35
1
1
1
2
2
5
1
1
8
3
1
1
2
1
23
4
1
1
1
2
2
1
1
6
1
1
1
1
31
1
1
1
1
73
3
69
3
1
1
1
1
3
1
2
2
1
2
3
1
25
1
16
1
1
17
2
42
1
3
1
12
1
1
1
2
38
3
24
2
1
1
1
1
26
4
10
1
1
1
1
1
1
3
1
1
1
1
1
3
2
1
2
1
3
1
2
1
1
4
3
2
2
1
1
2
4
1
1
3
40
1
2
4
15
1
36
1
1
1
1
1
1
1
39
2
1
2
5
1
1
1
10
2
14
14
1
1
1
3
38
3
92
1
5
1
3
1
1
4
9
5
1
5
1
1
3
1
1
8
16
1
1
30
9
1
36
1
1
4
16
1
122
5
419
2
6
1
1
1
3
1
1
1
1
1
1
8
7
1
1
56
1
1
58
3
3
3
1
4
39
1
1
5
1
10
1
85
2
131
2
1
4
210
3
2
4
1
1
1
1
1
1
2
2
1
3
1
1
23
1
9
1
1
1
2
1
4
1
1
419
1
1
1
1
2
1
1
4
2
2
1
2
33
1
4
1
43
1
4
1
2
