14
99
20
2
2
4
6
2
24
14
31
1
1
1
1
7
8
20
4
3
3
2
2
3
10
4
5
9
13
1
2
1
12
1
5
4
13
13
6
1
1
1
3
55
4
46
3
2
5
4
14
57
29
3
6
19
1
4
7
2
42
8
5
16
3
12
18
36
1
3
11
180
2
3
7
5
3
2
1
4
96
11
4
2
1
26
2
4
3
9
2
12
3
6
8
2
3
5
21
9
2
3
2
3
45
1
4
1
41
2
77
3
1
6
5
8
2
1
1
2
12
2
38
2
8
16
24
25
2
18
24
4
77
4
11
6
2
20
9
5
14
1
1
5
17
11
2
1
15
3
1
4
3
11
1
7
2
63
1
11
2
2
16
18
8
28
4
3
4
1
4
2
26
4
2
1
2
1
1
31
5
2
2
22
22
12
2
3
13
3
22
2
3
2
13
1
2
2
1
56
2
1
5
6
2
9
2
8
1
7
2
27
193
9
37
30
1
16
1
17
1
9
2
5
2
23
5
5
3
34
8
258
6
3
21
1
1
11
1
3
14
4
8
52
5
3
7
5
3
13
1
1
1
1
1
6
1
5
5
1
9
2
217
21
9
2
4
5
9
1
1
1
1
2
49
6
9
2
2
2
3
1
3
1
41
1
104
9
52
64
3
51
2
1
1
4
2
3
4
3
30
3
1
34
1
1
6
3
4
1
1
1
10
3
4
3
42
6
19
11
3
50
12
7
13
2
2
21
45
26
22
2
24
1
70
13
4
1
1
1
4
38
15
1
2
5
9
1
2
8
3
3
8
25
87
18
3
6
1
2
14
1
3
8
2
8
4
16
1
1
1
1
1
25
8
20
6
19
3
2
2
2
15
2
6
20
3
6
5
4
5
3
3
1
9
2
85
20
2
4
2
5
17
11
3
2
1
79
1
36
5
2
1
6
5
5
6
2
4
3
1
3
5
19
8
7
4
3
1
2
30
50
3
3
1
12
48
4
29
9
2
5
3
1
6
22
34
1
2
23
1
6
1
24
4
7
11
2
58
9
1
60
3
13
4
1
1
2
9
1
4
1
23
2
16
15
44
4
1
81
3
63
16
4
21
3
1
6
2
2
4
11
19
2
24
2
3
83
3
39
55
1
4
2
32
5
70
1
20
2
19
4
2
2
13
2
10
6
2
6
1
1
2
4
10
18
9
8
5
2
14
7
2
4
2
3
17
2
1
12
1
1
1
19
8
17
1
3
2
3
45
2
2
37
9
8
5
7
2
3
8
37
2
5
1
1
1
3
12
2
1
11
11
1
1
37
19
6
3
2
2
52
4
7
7
9
12
2
2
49
57
3
22
4
1
12
21
4
82
7
28
42
1
9
40
10
2
4
5
4
5
2
2
3
1
2
1
26
14
2
6
1
30
13
1
5
1
1
1
15
24
1
2
19
9
1
5
3
15
1
2
3
27
32
2
15
20
1
24
15
16
28
14
45
2
3
2
50
11
9
7
14
2
7
25
1
7
3
7
83
4
1
68
2
10
5
5
3
2
10
3
5
22
70
1
31
1
12
89
1
76
2
6
3
15
44
2
4
8
2
2
1
2
4
1
3
3
9
13
8
11
22
8
11
10
8
57
1
7
9
3
3
4
2
61
15
8
1
2
69
5
1
77
2
3
68
28
9
6
3
4
1
6
2
5
11
5
1
11
17
2
1
1
3
15
3
10
93
3
13
1
21
3
19
5
10
38
35
3
3
4
15
8
1
4
1
2
5
3
9
3
81
73
2
16
21
5
9
2
1
4
9
3
7
6
40
16
8
47
1
11
2
5
2
3
4
4
2
6
1
5
1
3
35
26
2
67
1
13
5
5
10
2
3
1
4
3
35
1
23
6
7
6
7
3
5
14
12
4
32
2
3
18
12
4
5
3
1
11
83
2
8
14
11
4
99
7
87
4
1
50
1
11
3
1
3
2
2
56
5
6
2
50
1
1
2
46
2
6
1
4
3
2
3
1
2
3
1
3
34
3
3
10
11
1
153
4
4
5
5
1
1
5
1
2
2
10
5
2
2
4
1
1
102
1
2
1
12
2
29
3
1
5
43
2
25
9
4
24
4
2
2
5
12
35
6
5
2
11
21
127
2
12
9
1
1
26
24
1
2
15
1
30
2
39
1
14
3
12
7
4
7
7
12
4
3
3
1
1
4
1
1
2
42
3
3
9
14
1
7
2
5
4
11
3
8
5
1
3
1
6
4
1
4
16
1
7
1
1
10
1
2
2
68
6
7
6
2
2
21
1
15
4
31
3
4
3
1
22
5
2
18
1
4
22
4
2
2
21
105
8
3
4
3
2
3
3
85
1
2
3
2
261
3
3
1
9
93
1
8
3
55
4
42
114
37
24
43
50
6
5
2
11
2
5
34
46
2
25
1
1
9
3
3
205
2
4
2
4
1
1
5
2
15
85
10
52
15
9
15
18
20
2
3
3
1
5
3
1
19
8
25
8
5
2
2
3
1
1
1
1
4
2
49
2
1
2
23
30
31
1
1
11
5
1
2
3
7
7
9
4
7
2
1
2
3
4
3
26
7
2
1
9
4
3
4
7
2
33
5
72
7
3
5
2
4
12
6
15
2
55
7
2
1
58
9
1
17
1
1
8
10
54
50
9
2
2
3
56
1
2
5
2
3
35
19
6
2
7
85
1
1
3
7
17
8
42
3
2
1
15
50
42
13
12
2
1
7
1
1
53
1
4
3
3
52
1
9
47
1
2
7
93
1
17
2
4
5
2
2
1
15
6
1
3
2
1
1
19
1
35
2
4
78
7
13
