1
16
20
11
4
1
37
11
6
3
17
31
4
12
3
17
4
2
4
1
24
7
1
18
1
2
13
2
3
2
4
2
61
4
7
2
1
4
16
2
5
2
6
6
2
15
30
2
1
1
7
1
1
1
11
6
5
58
4
28
2
1
6
15
2
1
4
3
3
2
2
1
13
8
2
4
3
1
46
4
12
1
4
1
1
5
1
10
1
6
7
11
4
4
39
3
2
33
4
2
10
11
3
1
4
56
2
9
4
11
1
10
9
13
5
13
2
3
15
2
1
1
1
1
3
2
2
11
3
1
41
23
9
6
2
1
3
1
1
1
22
2
11
19
1
1
3
2
9
46
1
3
2
1
9
21
38
2
1
12
7
2
1
54
3
1
10
5
1
2
5
1
1
13
3
1
3
3
3
12
3
4
5
4
3
4
1
56
3
1
3
7
21
9
1
3
2
3
4
1
5
2
7
3
22
20
3
2
12
1
4
17
4
72
7
9
5
8
3
4
1
3
10
2
3
3
5
2
1
5
4
1
8
20
1
12
34
16
2
30
1
2
1
22
9
16
16
13
11
1
6
30
18
2
4
7
3
43
7
2
17
2
6
13
2
1
3
67
3
3
1
2
3
26
1
8
6
1
3
1
1
70
1
2
1
1
7
1
14
2
1
5
1
7
2
1
18
51
6
24
3
16
2
1
1
2
2
8
4
3
1
4
4
8
1
3
3
8
1
9
11
2
2
17
1
12
1
4
9
15
19
3
4
1
4
1
4
4
1
1
2
1
5
1
5
5
1
21
3
9
1
10
8
2
3
21
6
11
20
3
2
4
1
3
3
1
6
1
1
2
1
1
6
2
3
9
6
2
1
7
13
1
2
9
2
6
1
8
3
53
20
1
16
3
3
1
5
14
9
3
28
1
4
8
57
1
5
28
1
1
1
35
3
1
2
61
1
39
1
71
2
2
1
8
2
2
8
14
2
5
6
9
22
89
12
1
1
70
4
14
12
3
25
1
2
14
15
12
2
4
1
1
36
18
6
1
2
8
4
10
13
3
13
4
6
1
4
1
7
4
18
1
3
2
1
2
1
5
3
55
23
6
2
1
24
2
2
1
1
4
8
2
1
38
37
2
37
2
1
2
6
8
22
13
2
13
6
4
3
2
1
1
1
4
2
1
15
4
10
1
4
14
4
6
11
2
9
2
1
23
10
3
2
34
32
6
7
2
8
74
4
2
2
2
9
10
23
6
21
8
2
2
4
38
1
6
8
5
4
7
48
10
1
12
1
5
1
1
9
2
4
2
1
1
1
7
36
3
5
1
37
5
3
26
4
1
42
1
5
7
5
5
19
1
1
5
1
19
2
1
5
4
4
4
8
4
4
5
7
2
5
8
1
3
2
1
2
1
3
5
18
3
4
7
42
1
5
9
2
10
52
2
1
1
3
3
6
2
3
7
4
3
20
2
5
1
13
3
4
4
22
23
1
19
3
13
45
6
9
2
4
11
4
9
14
5
2
1
2
4
6
5
7
1
2
3
4
1
6
4
8
10
10
9
2
15
3
28
8
4
1
3
1
1
4
1
9
14
8
2
23
2
5
7
2
3
23
2
2
4
35
24
1
7
30
8
28
11
7
10
3
6
1
1
3
1
11
2
7
2
1
3
4
2
20
1
18
1
1
13
2
10
1
1
2
2
1
2
2
5
4
6
3
55
1
1
7
1
1
9
16
1
10
21
6
13
20
1
9
6
2
3
1
1
17
28
1
2
83
31
27
9
10
1
11
6
3
72
42
2
36
3
14
20
3
5
1
2
1
1
22
3
1
20
6
2
2
3
43
52
1
7
1
4
1
7
1
1
24
4
2
1
10
4
51
2
1
7
11
6
10
3
4
22
5
1
46
2
3
1
7
4
18
29
15
5
1
2
1
3
13
2
7
7
1
5
4
6
4
2
4
27
3
1
4
2
5
4
45
8
2
2
3
2
4
14
1
4
5
2
22
1
1
9
1
3
10
2
4
3
2
4
2
10
59
2
1
6
4
15
1
50
1
8
6
4
1
7
3
7
3
1
1
5
10
31
10
18
7
34
3
5
6
7
4
29
4
12
8
26
2
14
1
2
12
3
2
35
53
1
6
7
1
4
3
3
12
17
3
2
1
9
5
2
2
2
61
4
16
3
3
2
2
1
33
14
12
33
2
33
10
1
9
2
7
18
6
4
1
2
2
14
1
2
3
7
3
5
8
1
2
2
1
5
3
1
2
1
1
1
3
3
1
1
2
3
10
6
3
3
2
5
3
1
16
60
1
2
2
7
3
2
2
48
1
3
4
1
2
10
3
2
9
3
15
3
2
4
31
4
1
6
3
51
2
6
3
1
18
70
12
2
15
26
31
5
9
5
10
34
1
1
2
4
41
13
1
5
19
3
1
5
13
5
22
28
1
1
2
6
4
3
13
1
2
2
2
1
1
3
2
11
2
4
4
6
36
1
3
11
1
50
4
1
18
4
11
11
1
1
1
6
1
2
3
2
2
1
18
23
5
38
7
5
5
3
2
3
1
5
3
1
2
1
1
2
1
5
2
75
1
27
2
1
5
2
1
11
22
1
48
3
13
15
2
6
7
48
1
3
1
1
8
1
4
12
42
1
1
11
8
3
25
7
2
16
8
3
12
6
3
9
3
34
3
31
28
46
2
25
11
2
1
1
2
2
2
3
1
13
26
1
23
13
13
2
5
1
1
1
5
9
1
9
4
2
2
3
5
5
8
4
6
4
1
1
2
1
4
1
2
12
6
2
4
6
8
20
4
6
2
6
4
4
27
28
22
13
14
7
4
3
2
1
2
2
1
6
6
7
52
2
1
1
13
6
2
45
3
1
18
4
19
3
1
12
5
1
46
4
1
1
42
34
1
10
5
1
1
7
24
7
6
17
37
26
33
11
2
3
3
13
32
4
23
33
43
11
2
1
23
3
4
1
2
1
4
48
3
3
2
12
2
1
13
12
9
1
5
53
3
1
40
3
1
2
4
15
9
2
1
6
36
57
3
1
2
2
7
28
1
1
11
15
2
2
2
1
26
4
4
1
62
2
1
6
1
3
13
3
7
1
4
6
4
10
5
3
1
1
11
2
3
1
1
3
2
9
3
4
2
2
9
3
15
1
16
10
3
1
2
1
2
4
4
2
1
2
4
3
8
2
34
2
18
3
1
10
26
1
5
5
22
3
6
1
12
34
1
16
4
1
5
3
3
1
3
3
13
1
22
22
9
10
1
10
1
2
4
17
2
1
1
3
1
16
2
9
32
38
8
13
9
2
1
1
1
2
30
15
3
1
1
8
2
6
51
25
1
2
2
23
1
4
1
8
1
37
79
3
17
3
2
5
5
2
24
3
1
3
19
9
1
2
3
7
1
1
1
1
1
2
3
2
2
13
2
1
1
37
31
3
2
2
1
3
8
2
2
3
1
1
3
10
2
2
37
1
33
64
14
4
5
12
1
4
1
1
11
2
1
19
2
3
17
1
5
7
2
3
1
28
4
1
15
1
26
24
2
2
7
1
1
2
3
4
1
1
1
1
7
1
41
2
3
1
1
5
3
3
4
39
10
3
1
1
5
4
5
2
16
16
1
7
4
1
3
18
5
5
4
10
19
10
8
13
4
10
24
1
31
5
2
1
1
1
2
51
2
3
31
18
18
3
18
1
7
15
2
2
1
13
11
5
4
1
8
15
1
9
1
45
26
2
19
24
30
4
8
21
8
20
16
30
13
34
35
9
1
3
5
1
5
13
2
5
1
4
4
6
6
12
1
1
23
5
2
4
2
1
6
2
40
1
17
6
8
1
2
2
22
16
19
1
30
31
2
1
27
7
12
1
1
48
5
2
2
3
3
1
3
2
9
1
1
1
29
17
8
3
1
1
1
3
2
4
2
38
2
14
2
2
1
25
4
10
2
1
33
34
6
1
47
3
1
3
12
14
2
2
26
52
2
2
17
6
6
4
1
39
8
3
21
6
6
1
11
2
1
1
14
5
1
2
1
1
2
9
7
10
3
21
11
1
9
1
10
17
17
4
2
50
3
1
1
13
1
4
5
14
7
23
2
23
1
2
11
26
9
9
2
2
5
22
5
7
2
2
6
3
27
11
8
43
1
2
3
7
4
2
13
5
27
2
2
50
3
2
16
1
10
8
13
2
9
5
24
9
2
4
4
1
4
33
1
31
1
38
4
1
1
1
5
4
3
2
1
20
2
2
1
1
1
14
2
4
7
6
32
3
11
6
9
1
2
3
10
1
5
11
1
73
1
3
5
1
6
3
34
1
2
2
2
8
2
1
12
3
5
42
3
7
1
13
1
20
4
29
3
2
11
2
2
1
1
49
68
6
5
2
35
8
1
8
14
22
13
1
1
8
2
4
3
11
2
11
10
2
2
9
10
3
8
21
38
2
2
6
4
9
15
2
8
14
52
2
9
2
2
2
56
3
11
5
1
18
8
2
2
2
30
1
9
10
5
3
5
53
1
1
1
7
3
51
2
10
1
5
3
37
3
30
8
2
1
16
5
1
16
15
2
5
8
5
7
13
1
1
2
2
1
1
1
2
17
3
3
1
1
1
7
11
2
8
2
15
2
13
12
4
7
2
58
6
2
5
2
3
22
7
1
1
1
7
5
7
2
5
5
3
6
3
1
9
3
6
5
6
9
1
41
3
13
3
2
16
10
2
5
2
80
13
8
6
18
1
27
11
1
1
7
2
10
1
20
1
1
34
32
2
4
3
1
8
2
24
33
1
5
11
8
3
6
1
44
1
9
3
20
1
2
2
2
26
4
2
1
29
1
8
9
4
36
10
1
1
3
1
1
3
21
4
1
2
11
4
1
2
5
68
2
5
4
18
2
2
1
5
1
9
26
8
1
3
6
3
7
1
14
2
2
1
2
7
4
7
12
1
3
11
10
10
4
1
1
3
19
6
5
2
2
2
2
45
3
4
1
22
1
26
1
29
11
2
3
1
10
1
2
29
15
5
3
1
39
3
7
59
27
9
3
14
31
7
1
1
12
22
2
1
21
4
43
5
1
44
5
2
4
2
1
21
22
4
12
4
5
5
7
3
10
25
4
9
1
2
10
1
10
5
14
3
12
4
3
5
2
3
19
32
1
25
5
5
1
1
14
2
2
1
7
15
2
4
3
1
2
4
4
3
44
22
6
1
29
15
6
18
2
5
5
4
47
9
12
1
3
1
2
2
7
3
20
1
1
1
36
3
1
15
2
2
8
4
6
4
8
3
16
1
5
2
4
1
21
9
1
6
1
3
12
1
40
6
3
37
1
2
4
2
11
11
6
4
1
7
2
17
34
2
14
17
3
1
1
2
1
6
50
3
3
3
6
4
1
5
35
33
5
15
1
2
17
7
4
2
13
37
2
3
2
1
23
4
1
4
1
1
2
11
14
2
14
3
9
1
3
6
11
1
7
19
1
1
13
3
19
1
10
2
2
2
4
15
32
6
42
2
19
10
14
1
2
6
2
1
2
2
1
2
3
2
7
17
2
2
2
2
2
18
20
13
4
9
6
1
3
11
33
42
3
1
4
2
2
2
12
41
29
1
1
13
3
1
21
4
3
2
2
6
3
2
5
31
5
1
39
2
1
2
1
1
3
5
1
1
32
4
1
2
12
19
8
24
35
1
2
2
37
26
1
1
9
2
16
33
8
4
2
40
1
19
10
5
1
3
1
1
2
1
1
5
7
2
5
2
1
3
2
9
7
30
3
2
21
21
2
6
10
28
2
14
1
2
1
12
3
1
2
1
2
7
5
18
21
23
1
10
1
2
1
1
11
4
7
14
1
17
3
2
38
2
5
7
22
8
10
2
3
1
20
18
2
2
5
1
1
2
5
2
2
3
11
1
2
7
2
3
14
2
13
15
1
1
3
4
9
1
21
12
1
4
21
3
5
2
2
1
5
2
1
13
2
19
18
23
15
49
92
1
7
13
4
2
6
1
2
11
2
8
12
11
1
3
2
7
3
6
2
10
9
1
16
11
3
3
4
1
8
8
12
2
3
6
19
2
7
14
13
6
1
1
1
56
7
2
14
1
3
10
1
11
2
30
49
1
41
5
1
2
1
2
1
1
9
11
10
1
1
2
11
21
3
3
8
33
12
12
1
9
3
7
6
11
1
5
6
33
6
11
58
1
5
3
7
1
1
2
5
3
30
1
1
3
1
4
34
1
7
15
41
11
14
3
1
2
20
1
7
2
7
19
12
2
1
25
35
18
1
28
3
7
1
3
17
1
2
1
34
8
3
40
2
3
2
14
2
23
4
3
14
5
5
3
7
1
4
3
1
4
3
7
4
5
2
5
7
2
1
4
10
7
1
14
13
1
1
2
16
2
1
28
4
1
5
2
1
51
33
12
2
13
5
46
13
6
6
1
3
4
2
6
4
3
2
3
5
2
2
8
2
20
7
3
4
1
21
6
1
8
4
