2
1
1
5
1
4
2
6
3
3
1
2
5
2
2
4
3
2
2
2
7
1
1
1
1
2
3
1
1
1
3
1
3
2
21
1
2
1
2
2
2
4
4
5
1
2
1
2
1
7
4
2
5
1
2
1
1
8
1
8
2
16
1
1
1
1
1
1
3
2
4
2
1
2
6
3
5
1
1
1
2
2
3
1
2
6
3
1
2
4
1
4
2
1
2
2
1
1
1
5
13
6
2
1
12
1
4
3
1
1
1
1
1
2
1
2
1
1
1
1
11
1
1
1
2
9
1
1
1
3
1
1
2
1
6
3
2
1
1
2
2
3
2
1
2
1
1
2
5
2
2
4
1
9
2
3
2
1
2
2
2
4
10
11
1
2
1
2
3
4
1
8
2
5
1
1
2
3
2
1
2
1
1
6
6
1
2
4
2
3
4
1
4
3
3
1
2
3
4
1
7
4
9
3
2
1
1
6
1
1
1
2
7
3
1
1
1
4
1
2
1
4
11
3
1
4
1
1
2
2
1
1
3
3
14
4
1
2
2
2
1
1
2
1
1
1
2
1
2
2
1
1
4
1
2
5
1
2
2
4
1
1
1
1
1
3
7
1
1
15
1
9
3
2
5
2
1
1
3
1
1
1
3
1
2
1
1
2
1
3
3
2
1
1
2
1
1
1
5
1
1
1
1
2
2
4
8
1
2
1
7
2
1
1
2
2
3
4
5
2
2
1
1
2
4
1
5
8
1
8
1
2
5
5
1
2
1
2
1
2
1
1
2
2
1
1
3
1
16
2
1
1
2
4
1
1
3
3
1
1
1
1
3
4
5
1
11
4
2
5
2
2
1
3
4
2
3
1
1
4
1
4
4
1
2
1
1
2
1
2
1
2
1
2
1
1
12
3
1
3
3
3
4
2
1
2
1
2
13
3
1
3
3
2
1
6
1
3
2
3
2
1
3
1
3
2
4
1
1
1
1
2
1
2
5
1
18
3
2
1
4
3
1
6
3
1
1
13
1
1
1
3
2
6
3
6
2
2
1
1
2
1
1
1
3
4
1
2
1
1
7
2
1
5
1
4
24
2
5
1
1
1
1
1
2
4
5
1
2
1
3
6
1
2
2
5
2
1
4
1
1
1
1
1
1
5
3
3
3
2
8
1
1
1
1
12
1
1
1
1
1
1
3
1
3
1
1
1
1
4
2
2
2
5
1
1
5
1
2
5
8
5
3
6
3
4
2
3
1
7
1
2
1
6
1
1
1
1
1
1
5
3
1
4
1
3
1
5
1
1
5
1
1
1
1
1
9
6
2
2
4
3
1
1
9
1
2
2
2
2
1
5
1
2
3
2
3
1
1
5
11
2
2
4
4
10
1
2
1
3
1
1
1
2
3
1
3
4
4
2
1
4
3
2
2
2
1
1
1
6
1
3
1
33
1
5
3
1
1
3
9
3
4
2
1
1
5
1
1
1
8
3
4
1
15
1
4
1
3
1
5
2
