10
222
18
43
73
763
850
195
51
1
2
3
1053
8
25
2
19
45
717
6
10
14
493
471
29
11
11
4
9
159
48
6
121
22
1
10
12
5
3
161
787
2
724
20
38
1028
5
18
18
12
3
370
237
177
291
52
5
66
26
6
2
76
27
27
3
54
12
8
6
642
685
1
115
421
337
126
225
27
126
302
66
138
7
193
18
142
11
2
13
64
15
3
8
2
103
15
4
27
836
1
88
192
156
24
5
268
4
100
3
41
2
221
227
1
405
2
50
11
17
83
20
248
271
6
97
51
92
23
97
1018
356
10
1062
3
23
302
8
330
93
25
43
4
15
17
14
3
1076
7
640
133
238
1078
12
54
333
952
67
350
298
26
22
3
126
8
16
1
2
40
105
320
2
5
1
15
237
3
293
475
5
47
178
2
33
4
5
57
14
17
63
1331
273
607
4
8
598
26
164
67
164
11
3
398
105
139
130
843
151
17
50
1
809
5
76
1001
15
66
4
9
87
282
2
226
45
5
64
10
162
1079
58
2
1
275
1331
44
187
6
4
19
7
417
388
13
47
3
135
826
361
195
131
201
645
180
1
48
46
80
12
613
239
75
12
243
9
76
272
2
14
12
14
5
56
4
6
149
92
202
31
10
8
56
22
89
26
753
188
932
66
2
2
364
4
73
15
733
483
287
1
62
209
932
12
2
8
2
26
60
29
15
76
179
788
72
583
20
153
10
1301
70
99
29
1
343
485
13
215
2
1004
18
1
1045
452
10
45
2
18
5
20
1
158
48
635
196
39
198
6
64
9
619
15
4
11
703
366
16
1
60
45
565
1
134
14
6
5
7
50
13
120
218
7
19
10
6
5
478
73
6
1
22
723
994
71
1
1
2
11
2
5
14
27
787
13
297
63
50
403
9
3
12
2
30
141
476
226
15
11
48
10
3
940
3
18
118
181
31
46
8
9
77
132
4
31
3
255
2
26
1109
20
398
19
1
2
73
425
109
198
489
453
18
12
43
184
139
25
31
80
23
178
46
786
18
4
5
2
6
17
1
1156
9
18
309
4
269
4
2
10
2
53
57
130
14
838
24
5
11
2
12
163
1106
901
247
1
405
7
122
28
5
142
4
487
200
721
10
4
84
2
1428
6
36
2
12
11
61
83
8
228
382
1077
4
1074
10
64
7
111
5
823
476
163
1169
2
327
7
363
11
186
12
358
122
6
326
4
611
1
475
35
756
64
264
889
25
253
2
43
2
13
1
13
167
1
4
177
69
5
552
76
19
4
462
23
1
22
8
40
8
26
3
911
156
3
9
1286
1
16
20
222
187
12
98
11
115
189
431
31
7
70
293
1
80
1
656
13
30
94
16
16
19
2
105
584
19
13
2
3
231
1416
2
3
767
6
31
116
15
19
462
16
487
15
1
92
5
4
2
11
4
4
15
49
46
59
22
800
51
9
502
1
294
336
58
28
4
92
13
21
14
3
3
307
5
2
1
725
1399
1
35
41
129
102
5
5
191
60
610
673
203
175
16
59
121
790
4
11
1124
474
840
81
15
41
207
193
35
124
295
4
78
4
12
94
5
1
366
23
10
4
500
5
1166
796
3
5
271
113
18
411
24
58
161
5
92
426
3
295
17
3
9
3
64
12
157
125
2
3
47
1261
348
2
180
81
4
9
41
20
76
139
145
14
13
1
3
2
6
25
2
24
30
9
533
7
9
77
1047
1150
705
1
231
3
22
145
111
1
31
5
482
268
7
280
8
28
62
112
13
243
14
289
2
598
3
43
1
27
439
5
123
92
3
38
112
117
12
236
16
10
2
8
527
227
52
105
52
44
4
13
25
164
74
360
1
31
24
471
1066
1418
857
2
204
2
2
83
2
3
2
2
9
1
13
3
435
7
49
92
4
192
113
116
986
9
1053
62
107
50
34
119
273
1
341
301
102
534
4
13
1
341
41
7
579
2
2
7
1
1
116
3
10
2
10
74
10
118
107
238
94
103
3
6
31
2
281
7
63
10
23
145
33
82
3
1
1426
61
36
148
127
3
2
2
747
3
4
264
7
17
2
38
875
1
497
33
452
1
7
289
192
19
34
7
51
38
3
4
2
14
73
51
163
1
913
3
6
51
281
27
15
213
284
376
60
5
2
9
1
20
1
24
13
25
488
158
3
4
589
7
4
315
259
1
40
23
4
538
74
52
343
12
276
3
194
486
2
1
3
150
3
1414
67
2
287
5
42
573
633
194
18
2
247
14
114
288
32
54
3
263
191
194
1
42
17
373
3
55
138
449
8
30
42
9
11
2
6
3
213
8
55
14
743
23
4
3
8
5
46
39
2
651
5
1421
348
299
4
878
4
203
181
265
794
2
8
146
427
12
2
5
11
57
18
160
11
5
256
143
17
1
66
20
11
37
5
16
1112
114
39
247
287
335
110
2
78
2
962
2
436
27
5
157
7
316
477
82
424
3
10
93
123
652
34
47
948
1
5
16
1
19
1
60
12
72
197
525
135
330
209
1
211
188
382
29
109
75
212
13
119
11
15
382
38
54
997
12
98
292
358
1
210
14
12
10
21
24
19
541
36
10
34
70
1
2
78
55
1354
181
3
715
398
35
11
6
138
78
4
642
2
255
1
22
95
929
486
8
16
24
9
28
80
6
37
260
157
241
109
73
725
1
310
414
18
1
10
482
3
1100
2
3
410
16
1
2
115
283
164
2
24
286
98
66
1
18
9
97
4
5
3
214
337
311
342
22
1
160
86
87
3
188
41
21
35
3
125
12
339
7
267
21
146
5
2
66
12
20
15
311
183
796
799
123
1
24
1110
1
53
101
185
2
136
94
22
2
54
152
3
287
5
196
12
3
6
11
5
2
17
25
95
2
