5
127
47
402
2
354
1
658
60
503
473
243
3
463
98
43
321
51
9
155
28
197
62
278
529
108
3
76
81
170
47
180
318
53
173
35
48
279
17
15
182
26
174
127
560
7
203
155
79
7
182
402
478
20
221
262
451
257
318
376
29
13
316
39
2
247
7
282
309
20
181
2
82
60
256
349
98
219
1
36
2
184
73
3
1
7
132
342
387
19
239
20
278
29
87
18
111
635
159
25
11
60
85
354
342
48
33
172
540
287
13
22
34
3
311
457
49
41
70
91
9
13
85
200
741
12
23
131
449
2
1
108
363
86
10
25
145
11
72
19
248
191
70
202
118
578
38
7
49
3
204
341
5
10
30
199
122
1
122
10
8
92
367
8
37
26
269
57
37
8
12
478
1
1
35
1
4
345
33
13
28
89
383
41
170
311
216
12
1
72
26
263
585
138
8
56
440
44
85
3
96
35
5
10
112
56
104
5
81
142
34
99
36
67
207
676
31
37
134
14
21
4
69
83
68
135
3
5
116
12
113
5
11
20
2
17
178
16
51
122
341
1
84
5
227
80
17
54
17
9
216
192
120
94
61
107
191
30
2
17
101
6
170
126
65
2
134
129
441
17
83
31
7
55
327
42
2
423
370
182
96
14
34
66
189
7
262
1
36
50
262
26
30
60
46
2
3
218
82
130
209
2
176
31
92
103
95
260
116
20
30
116
435
18
107
302
306
200
86
1
5
22
20
108
9
4
477
111
83
120
57
128
105
70
12
90
10
6
46
9
40
41
451
8
170
34
144
60
4
75
8
79
24
381
1
44
62
96
8
49
17
5
139
318
118
36
109
80
1
122
17
54
148
12
35
12
347
121
12
29
17
148
11
94
305
17
86
1
2
2
13
117
240
285
28
12
3
72
97
110
416
239
82
31
49
1
589
53
3
22
171
35
4
7
85
2
6
45
104
1
497
1
105
1
70
77
10
3
552
287
70
123
372
4
31
130
125
22
538
1
633
1
28
619
26
46
9
21
54
103
100
49
35
169
160
4
12
23
384
92
61
61
1
126
50
17
21
52
44
26
2
69
90
9
39
43
487
115
214
63
402
47
240
214
3
85
16
52
1
6
159
9
136
6
1
210
5
255
24
37
91
382
149
1
68
11
39
60
365
96
1
188
554
21
16
45
24
385
110
131
4
192
31
32
145
22
18
18
148
19
43
1
1
71
101
69
47
491
56
558
162
1
113
11
40
32
6
17
216
58
192
6
33
30
91
1
59
458
76
173
36
49
265
350
94
663
265
23
430
796
56
175
118
61
7
74
217
105
15
18
9
443
332
218
28
6
462
391
411
27
82
14
10
199
16
70
4
12
3
3
9
325
55
233
42
185
3
274
154
56
165
88
9
33
361
241
256
73
36
5
23
27
11
289
59
9
28
1
5
16
60
138
11
33
52
25
81
13
15
40
3
39
135
87
252
2
186
10
51
104
342
129
9
75
216
92
64
79
244
306
29
491
6
151
152
46
440
112
13
17
624
463
281
431
166
214
214
58
102
62
603
302
292
1
17
456
57
262
4
22
212
7
297
39
252
345
664
5
116
154
96
65
224
110
202
436
19
192
192
167
379
43
3
113
273
306
612
182
33
321
923
66
23
21
48
325
441
41
69
1
208
60
13
254
101
28
26
146
151
386
58
162
291
63
43
116
35
264
20
55
38
103
1
133
169
217
5
14
18
2
3
22
207
149
1
140
47
7
40
43
7
25
3
51
25
479
118
163
4
89
199
10
447
1
81
34
75
6
265
8
13
3
229
45
340
116
10
147
18
32
23
32
415
328
143
15
1
137
100
164
17
66
101
56
93
1
107
538
36
325
295
30
7
183
116
24
156
234
55
24
90
14
3
78
175
286
366
1
207
7
468
68
10
105
154
552
59
149
154
495
3
211
7
27
595
46
447
13
77
6
58
283
2
2
32
17
41
81
645
220
92
32
17
827
317
181
19
261
341
102
89
8
41
3
82
97
91
368
364
138
294
181
354
1019
544
3
211
194
740
1
91
83
94
829
19
412
564
9
5
230
96
5
37
601
654
4
103
60
6
239
15
34
116
202
136
182
64
11
95
92
30
3
209
476
286
362
11
387
1009
110
221
134
118
75
264
69
1
388
13
2
59
141
146
430
8
198
531
13
172
246
77
389
31
434
18
357
11
121
957
61
9
61
38
1
10
1
1
1
222
19
11
3
18
1
1
43
1
2
1
1
1
13
1
1
2
73
1
44
763
1
1
2
1
850
195
51
1
8
1
7
2
1
1
1
6
253
1
15
2
309
2
1
1
406
1
24
1
1
50
1
3
1
1
7
1
1
4
1
2
1
1
1
1
1
3
2
1
6
50
1
12
20
3
3
1
1
1
1
1
4
14
3
2
2
19
8
1
48
54
1
2
2
1
1
5
1053
14
18
1
1
2
1
2
1
8
2
2
2
25
2
29
2
4
60
1
20
8
6
14
1
2
1
3
4
2
1
1
3
19
1
1
1
1
17
2
2
110
19
10
1
3
1
1
3
1
7
4
45
1
1
4
1
717
3
1
3
9
1
6
1
1
1
1
1
10
1
1
1
1
1
1
1
1
1
14
1
16
1
1
14
1
3
493
1
471
1
1
1
1
29
1
1
4
22
1
4
7
46
22
15
21
1
1
11
1
2
1
8
1
1
19
1
11
6
1
4
1
1
3
9
1
1
1
2
1
2
2
1
1
29
2
1
1
1
1
1
1
1
1
1
1
1
159
1
21
2
1
1
3
1
1
4
11
1
12
48
29
1
1
1
60
1
1
1
1
1
4
9
4
1
1
78
1
1
1
1
1
1
1
1
20
1
3
6
1
1
1
1
121
1
13
1
1
1
1
1
4
22
2
311
1
4
1
1
1
2
5
1
1
1
1
41
1
3
2
1
10
1
1
1
10
2
5
1
12
1
1
33
1
1
1
1
1
88
2
1
1
1
1
2
82
1
1
2
1
1
52
5
1
19
6
3
1
1
3
2
1
1
1
9
1
1
161
1
787
2
7
2
1
2
21
1
1
1
12
1
14
2
1
1
1
1
1
1
7
1
2
20
13
724
1
1
20
1
1
1
1
7
10
1
3
23
8
1
2
4
8
93
2
1
3
38
3
1
1
2
2
7
42
1028
15
51
1
4
1
1
1
8
1
4
1
1
337
1
5
1
1
1
1
5
4
1
31
11
8
1
1
5
5
1
1
1
13
1
2
1
22
18
1
1
1
2
1
18
1
2
5
12
7
2
2
1
24
2
1
1
2
1
1
1
2
5
3
1
1
1
370
3
2
3
1
237
1
1
1
15
1
2
6
2
1
1
177
1
1
291
1
52
3
3
165
11
1
1
1
1
5
2
1
1
5
1
5
1
1
1
7
66
26
4
1
4
1
3
7
1
15
17
9
6
2
5
31
1
2
3
6
1
1
7
1
151
2
2
1
1
2
2
76
46
1
64
11
1
1
22
1
1
1
1
1
108
1
37
1
5
27
5
11
1
1
6
5
5
1
3
1
1
57
1
1
1
2
1
3
6
7
136
15
2
27
2
1
3
2
54
1
1
1
6
2
2
6
22
1
12
1
7
29
11
2
1
1
4
5
1
69
8
19
14
2
1
1
4
1
2
38
1
93
1
1
1
2
2
6
1
1
2
2
642
4
685
7
1
1
1
1
115
14
421
1
1
1
1
16
98
4
337
1
1
1
1
1
116
126
1
1
1
1
1
3
2
2
2
1
3
1
1
11
1
2
225
277
1
2
27
11
1
69
1
126
1
1
3
11
1
1
1
8
1
1
86
16
64
3
302
1
1
1
2
1
21
66
1
138
1
1
6
7
1
1
4
26
2
1
3
16
1
1
1
1
2
1
1
1
9
4
1
11
128
235
1
1
1
1
1
2
2
193
4
5
1
1
3
8
2
7
11
2
1
18
1
3
1
3
1
1
1
1
142
4
1
11
11
218
15
57
2
3
13
1
2
2
1
14
64
1
1
15
1
3
1
1
2
1
1
1
1
1
1
540
8
1
1
22
269
1
1
25
22
87
1
1
2
1
1
12
1
1
1
183
3
2
2
1
1
4
1
1
1
93
1
1
3
1
5
2
2
1
6
3
1
2
2
1
103
4
5
2
1
3
15
10
4
1
1
316
1
1
2
4
11
27
1
1
1
6
836
19
1
3
8
138
1
7
1
88
1
1
1
14
240
1
1
1
192
5
6
1
2
156
1
1
1
24
11
5
2
1
4
4
24
4
1
1
1
6
3
1
268
6
55
9
1
1
3
2
1
2
3
6
4
6
1
1
1
1
1
3
3
1
3
1
1
1
9
3
1
3
1
1
100
19
1
3
2
1
4
1
2
9
11
5
1
1
41
2
1
1
1
163
1
1
1
1
1
3
1
3
1
4
2
12
3
6
221
1
2
1
4
1
10
1
2
4
2
3
1
227
1
18
4
146
11
1
1
1
1
2
5
3
1
1
1
1
2
1
405
1
1
1
2
4
7
70
2
1
50
4
33
1
11
1
17
2
1
1
1
3
2
2
2
1
1
1
4
4
15
2
1
1
22
2
1
1
7
8
2
1
2
83
17
1
82
1
1
20
248
4
1
3
271
1
2
1
8
2
2
9
2
2
7
3
2
1
1
1
1
1
6
113
1
2
1
2
2
1
1
7
1
1
1
1
4
2
1
13
1
4
1
1
1
1
1
97
4
3
51
1
5
1
92
5
1
1
23
1
4
10
2
4
1
3
1
1
1
8
1
1
8
2
27
97
4
1
1
1
1
1018
2
1
1
11
2
2
3
9
2
3
1
5
356
1
2
1
1
3
10
2
1
12
1
2
7
176
1
1
9
1
1
5
1
6
1
1
1
1
1
3
2
1062
1
3
2
2
1
132
3
1
1
116
1
2
3
1
23
84
1
2
302
1
1
8
1
1
330
2
1
1
1
1
1
35
8
1
93
1
3
7
4
18
2
1
25
212
1
1
7
2
1
1
1
23
1
2
30
1
43
4
15
1
1
1
1
1
2
5
2
1
1
1
17
6
1
14
2
1
1
35
2
1
3
1
1
3
6
3
1
4
1
3
1
7
2
236
1
1
1
1
1
2
3
1
22
3
1
1
1
2
4
2
208
2
1
3
1
16
2
2
2
1
15
1
3
2
1
46
99
10
1
2
6
5
2
1
1
72
1076
1
1
1
6
2
8
1
7
1
1
1
19
43
143
1
330
9
8
1
1
640
1
2
2
2
12
2
11
14
3
1
1
1
2
1
1
3
3
2
3
5
1
13
133
1
1
1
1
238
3
1
17
3
4
1
2
4
2
1
25
1
2
2
1
1078
1
7
1
3
6
27
1
1
2
30
1
12
11
1
9
1
1
1
2
1
35
4
1
5
3
3
3
1
4
1
1
127
1
5
31
54
43
1
333
1
952
1
67
1
1
2
1
3
13
48
2
1
1
1
1
1
1
1
4
15
2
3
1
19
1
3
350
1
1
1
1
1
298
1
3
1
4
2
2
2
1
2
3
1
135
1
1
2
1
1
5
26
1
12
16
1
1
41
58
2
1
1
1
1
1
43
1
1
1
1
22
1
26
3
2
1
126
1
8
2
1
6
16
1
1
1
8
1
5
1
151
2
1
1
7
9
47
15
1
2
2
1
5
85
1
1
2
3
27
40
6
1
105
1
1
320
1
2
1
6
2
1
35
1
1
1
5
16
5
1
1
15
1
1
4
237
1
68
3
1
1
1
3
1
3
1
1
3
293
5
1
6
1
8
475
13
1
2
2
2
9
5
2
1
1
14
47
3
6
1
178
1
2
1
1
7
10
1
2
56
1
139
9
2
4
1
10
1
9
33
1
1
20
15
4
349
1
2
1
28
1
1
1
1
154
1
1
1
1
1
2
1
45
5
4
1
47
5
57
14
2
1
63
1
25
5
4
1
1
83
2
3
1
1
1
5
1
1
1
15
14
17
4
1
1
63
48
1331
1
6
1
1
303
1
1
1
1
364
2
1
1
3
1
1
221
1
138
1
273
12
1
1
1
1
1
1
3
607
1
2
1
1
8
13
1
10
4
1
4
8
1
45
44
1
4
1
3
1
1
1
1
18
1
2
8
4
2
1
29
1
35
11
2
2
1
1
60
3
1
6
8
1
1
1
2
3
1
1
1
1
598
1
1
1
1
1
42
5
13
1
2
1
1
3
1
2
1
1
3
5
26
16
1
34
1
1
1
2
1
1
1
1
1
1
1
1
5
8
5
1
7
1
3
1
14
6
1
3
2
164
1
1
1
2
1
67
1
1
1
3
164
1
3
2
11
43
4
110
3
5
1
5
1
1
3
1
2
2
398
10
1
1
1
4
1
1
1
1
5
261
1
90
9
5
8
1
5
1
1
1
1
105
1
1
1
1
139
6
1
130
53
1
2
1
843
23
3
1
1
1
151
1
59
1
4
17
1
3
1
1
1
50
3
1
1
5
2
7
1
1
19
1
10
1
1
6
2
1
1
3
1
4
3
1
809
15
1
1
5
1
6
2
1
1
1
1
1
1
12
1
1
22
5
1
8
59
2
2
3
76
11
245
179
1001
22
1
1
15
66
6
1
7
1
4
9
87
1
1
2
1
5
1
4
6
2
2
1
3
2
3
2
1
1
282
1
2
8
226
57
137
18
1
2
1
1
1
1
2
2
1
1
1
1
8
1
1
1
2
2
1
2
1
2
45
5
1
1
1
5
1
41
1
1
1
1
5
233
65
7
1
2
1
3
6
144
2
10
1
1
1
2
261
1
64
10
1
1
1
8
1
1
162
1
1
1
1
61
32
2
4
1079
1
3
3
1
2
2
1
2
1
1
1
1
7
4
261
1
20
2
1
1
2
2
3
58
3
2
1
2
1
1
1
1
4
5
1
3
1
1
1
275
9
3
1331
1
5
3
44
1
1
23
1
13
1
1
1
3
1
1
2
187
1
4
502
1
2
1
2
2
6
1
2
4
1
2
1
1
2
1
19
1
9
85
25
36
7
4
2
1
1
2
13
9
1
1
3
8
1
1
21
24
1
3
6
2
3
3
4
417
1
12
6
1
1
124
2
1
2
1
388
1
1
1
16
1
1
12
1
1
2
7
1
1
1
60
2
13
1
22
2
1
1
1
34
3
2
47
2
1
5
1
2
1
1
3
1
135
1
1
1
1
1
5
826
2
361
1
1
1
1
4
1
1
6
10
1
1
2
23
1
1
195
2
131
1
5
88
2
201
1
1
2
1
1
2
1
1
645
1
4
1
2
2
378
13
1
1
180
1
6
1
1
1
3
1
36
1
27
5
1
191
1
4
4
1
2
5
2
1
2
190
125
1
1
6
3
1
3
6
1
1
2
2
49
1
5
1
2
48
1
1
26
1
2
1
25
14
5
1
12
34
171
23
6
291
1
1
1
75
3
46
80
1
3
3
1
1
1
1
97
2
1
1
1
3
35
12
4
1
1
1
1
24
613
239
2
1
75
306
12
1
1
243
1
2
2
1
4
9
37
1
1
2
76
1
1
1
1
9
4
5
1
2
2
3
272
1
2
1
8
79
2
1
1
2
3
1
1
1
14
1
3
1
3
1
34
1
1
1
6
1
1
17
12
1
1
1
1
2
1
1
4
2
1
2
2
4
5
1
1
11
6
2
1
184
1
3
2
2
3
1
3
1
1
2
1
1
12
14
3
1
1
5
47
2
2
3
7
3
56
2
73
1
10
3
2
14
9
1
1
1
1
1
3
4
1
1
10
1
1
1
1
1
1
1
8
52
1
1
5
1
1
2
1
1
1
2
3
1
93
1
5
46
1
1
1
17
1
22
5
1
1
1
1
38
5
2
1
2
14
1
4
13
4
2
1
2
1
3
6
1
1
13
5
10
112
1
957
2
3
14
16
8
6
12
8
1
1
1
1
149
1
6
1
1
18
7
1
1
27
1
1
1
4
1
1
4
1
6
1
1
92
2
1
2
30
33
1
9
202
3
1
1
31
1
1
10
8
1
2
1
1
2
1
2
1
1
1
29
2
75
1
1
1
1
1
25
20
8
1
5
2
1
1
3
1
1
5
1
12
1
8
1
1
3
1
1
56
1
2
1
1
1
1
1
1
2
1
1
3
1
48
22
24
9
5
1
1
89
8
2
1
2
3
1
5
1
1
1
2
26
31
1
1
1
1
753
188
6
932
66
401
1
2
1
1
31
5
1
1
1
1
40
1
1
5
1
36
2
3
2
1
1
4
7
1
2
1
1
3
1
2
2
1
1
1
35
1
1
2
1
1
1
4
3
6
1
1
1
364
8
2
3
4
1
18
90
1
31
1
73
2
1
1
3
1
15
4
1
105
733
483
1
287
1
1
1
1
3
2
1
1
1
2
1
62
13
2
2
1
1
209
2
932
1
1
1
1
12
7
1
20
1
173
7
1
16
2
1
3
1
4
1
1
22
15
2
1
1
8
1
51
107
25
1
4
1
2
2
1
1
1
12
1
8
2
239
1
1
1
1
1
1
1
1
1
2
3
32
1
1
3
1
2
7
18
1
14
2
3
1
8
2
1
1
2
26
57
60
30
2
137
1
2
1
8
1
29
1
15
2
313
55
11
29
2
1
2
53
4
1
7
6
76
3
1
10
1
179
1
1
788
9
13
72
583
1
1
20
6
6
8
1
153
1
1
1
1
2
1
1
1
2
2
1
1
1
3
2
1
1
10
1
7
1
1301
6
6
1
70
5
3
1
1
10
49
4
5
3
2
1
14
1
81
99
7
2
1
1
1
5
1
9
1
29
1
100
8
1
3
1
16
54
2
18
1
2
1
2
1
1
2
1
36
1
1
1
1
1
1
28
3
1
1
1
2
4
1
1
343
1
5
485
13
215
133
3
4
2
1
1
1004
91
2
1
1
2
3
18
1
27
1
1
8
2
1
5
9
1045
2
1
4
34
1
10
2
1
11
12
452
2
2
1
1
1
50
14
4
11
9
12
1
1
1
1
1
1
4
1
1
1
3
1
1
10
1
1
5
335
3
45
1
1
1
3
1
1
2
18
2
3
11
5
1
1
29
1
2
20
1
3
64
1
4
1
1
1
1
1
1
1
1
1
2
1
82
1
1
1
1
115
1
9
1
1
158
1
1
1
7
2
3
48
3
3
8
3
635
8
4
1
1
1
1
1
1
1
3
1
1
151
1
3
1
2
1
279
1
2
196
157
1
1
39
6
2
1
3
1
2
1
1
1
3
198
36
1
6
1
3
5
1
1
20
3
64
1
2
1
1
3
4
9
1
619
20
1
15
32
1
1
1
2
4
82
11
1
27
2
1
1
1
9
1
1
1
2
3
1
2
2
4
1
4
1
1
1
703
74
7
1
2
49
9
7
2
2
2
3
1
366
1
3
1
3
1
2
1
2
2
2
1
158
1
1
1
1
14
1
1
1
2
1
1
1
138
1
1
1
16
1
1
1
8
3
60
9
45
3
1
565
39
1
1
1
1
2
1
134
1
389
1
14
1
7
2
6
1
1
1
5
1
1
1
1
1
1
2
6
2
1
7
1
2
1
2
8
5
7
4
1
1
50
1
1
1
1
1
13
2
74
4
9
8
5
3
2
2
4
2
1
2
1
1
3
3
120
3
3
3
218
6
4
1
16
1
2
1
2
7
2
3
1
1
104
1
2
3
5
1
1
17
19
26
10
2
6
221
1
198
5
2
3
1
2
1
7
5
24
35
3
20
1
4
10
6
1
1
6
1
48
1
2
25
1
1
2
1
2
478
1
1
1
73
5
1
1
1
3
1
1
1
2
6
1
5
1
1
7
1
1
1
2
76
2
1
1
1
4
22
1
1
1
723
1
2
4
15
1
1
1
203
83
4
994
1
1
2
1
5
71
1
1
1
11
1
5
3
22
1
1
1
42
1
1
3
41
1
17
1
1
10
1
5
1
1
1
1
99
1
2
1
1
1
1
1
1
1
1
18
90
5
23
2
7
1
1
1
9
11
7
1
2
1
1
2
2
6
3
4
2
1
1
1
1
1
2
2
5
1
14
15
1
1
2
2
27
3
1
1
1
1
1
2
12
1
1
5
1
106
1
1
7
7
4
3
2
1
1
10
9
787
1
13
1
6
1
5
3
2
4
1
1
1
1
45
26
1
1
8
2
7
2
1
191
1
297
1
1
1
4
1
4
3
3
2
3
1
1
1
139
5
1
63
24
1
1
1
1
50
2
6
135
25
1
1
4
403
9
1
31
1
2
3
3
22
2
1
1
1
1
2
1
6
1
8
95
1
1
2
1
12
2
1
1
1
30
5
3
7
141
5
1
1
1
3
1
1
1
1
1
1
1
163
1
1
1
1
1
1
2
20
7
1
1
476
1
1
8
1
1
226
2
2
92
1
14
25
39
3
1
1
14
1
1
83
3
1
5
1
1
1
168
19
2
6
44
15
11
3
1
1
1
49
4
1
1
1
1
13
48
2
1
3
9
2
1
1
1
1
3
1
3
4
10
1
1
1
7
2
22
7
3
1
1
1
1
3
1
1
1
2
1
3
7
1
1
316
2
10
1
1
1
1
9
7
3
13
3
5
6
940
1
1
2
3
5
10
1
1
2
3
1
121
1
18
12
118
7
21
1
181
2
7
31
1
1
1
5
1
1
31
2
3
2
46
2
1
8
2
1
1
1
9
49
77
1
12
5
132
4
1
2
8
1
1
168
1
3
2
1
31
1
1
1
1
1
2
1
4
3
4
255
1
3
1
2
25
3
2
1
1
1
1
1
20
3
1
12
1
2
26
56
1
1109
1
1
20
2
6
1
1
37
1
1
1
4
6
398
1
4
3
1
92
2
19
1
1
6
14
1
1
7
2
1
1
3
7
1
2
6
2
1
73
1
1
3
1
2
1
1
1
1
2
2
2
4
4
1
17
5
1
1
4
1
1
1
2
5
103
1
1
85
1
425
1
7
1
1
1
218
2
4
1
1
1
363
3
1
1
11
1
1
1
5
1
7
1
1
7
1
1
1
109
14
198
1
489
22
3
453
15
1
2
3
1
20
1
1
25
17
1
18
1
1
1
5
1
11
46
1
1
9
18
1
9
12
1
43
1
1
1
7
1
24
48
23
184
1
1
2
25
139
34
25
31
4
3
1
3
1
1
1
1
1
80
2
2
1
12
1
1
36
1
2
79
6
1
1
1
2
4
4
5
1
8
1
23
1
1
1
1
178
46
2
4
15
22
786
1
1
1
18
1
2
1
4
3
1
4
9
1
5
2
1
1
1
1
3
1
14
1
1
1
1
1
1
2
20
1
1
3
1
2
2
1
1
1
1
1
6
1
1
2
1
1
1
2
140
45
30
1
2
1
1
1
4
2
91
52
1
4
5
1
4
1
1
17
1
1
1
1
1156
1
3
1
22
9
1
9
6
1
3
1
1
18
1
1
309
1
4
1
269
1
4
1
1
4
3
2
1
6
1
134
21
1
1
1
1
1
1
2
1
4
1
1
1
2
1
134
3
8
10
1
3
1
2
1
6
1
2
1
4
8
1
20
1
4
8
53
2
26
2
7
1
57
1
16
9
1
1
130
1
1
14
1
90
25
1
838
1
1
1
24
38
2
2
122
1
1
4
1
2
94
1
6
10
1
1
59
62
18
3
1
3
1
1
1
41
4
2
17
8
4
1
1
5
1
1
1
2
5
1
2
3
11
1
2
4
2
3
12
1
1
39
1
1
2
12
1
1
200
4
1
163
10
3
1
5
1106
1
1
1
2
2
2
2
2
1
1
6
220
6
1
7
1
20
1
217
5
1
901
2
1
1
1
1
12
1
4
10
3
1
1
1
247
1
38
14
5
1
3
1
5
1
1
1
1
1
2
1
1
1
2
1
4
3
270
1
1
3
16
2
1
2
1
2
17
1
2
1
1
1
90
1
1
359
1
1
1
1
1
405
15
305
2
1
1
1
52
1
2
7
1
1
11
1
1
3
122
1
1
1
1
3
1
1
1
1
1
1
2
1
4
1
1
2
1
5
1
3
2
1
7
1
1
1
2
1
65
5
28
1
1
5
1
1
12
1
1
2
1
36
1
5
2
142
1
2
1
2
1
1
1
1
1
2
3
1
102
1
1
28
2
6
2
1
8
63
2
74
1
1
1
1
1
1
5
1
1
18
27
1
2
2
4
1
1
2
3
2
1
1
4
4
1
1
2
1
3
487
5
556
1
1
1
1
1
17
4
10
3
200
96
1
4
1
1
1
2
1
1
2
1
3
1
1
721
2
2
18
1
2
1
10
4
1
2
9
1
1
1
91
2
1
1
1
1
84
1
8
1
1
1
1
1
1
2
1
7
1
1
1
7
2
1
1
92
1428
1
6
1
9
3
1
1
36
24
1
1
1
2
1
2
2
8
40
1
1
4
1
12
4
2
3
14
1
9
2
1
1
1
2
11
15
8
61
14
83
8
9
1
1
1
4
228
1
1
65
1
4
1
1
382
1
23
1
4
1
1
1
12
1
2
1
2
1
1
1077
1
2
2
4
2
2
1
1
4
1
1074
1
8
2
35
10
368
59
8
2
1
64
7
4
111
1
5
1
1
1
4
1
1
44
1
1
1
1
4
1
432
5
3
1
6
2
1
2
823
9
17
1
1
476
1
2
1
163
5
1
1169
1
1
1
35
1
2
1
2
2
1
7
1
1
1
327
5
1
277
1
1
1
1
1
7
1
2
363
1
34
1
1
1
2
2
11
9
2
4
1
2
9
1
1
17
3
2
2
30
21
5
186
340
12
2
1
4
2
358
122
1
10
1
3
1
1
1
1
1
2
2
1
1
6
1
1
1
1
1
2
6
10
326
6
4
1
1
1
39
3
15
3
2
5
16
2
1
1
13
1
1
1
611
6
1
1
1
2
20
1
1
3
1
20
1
1
4
2
1
1
9
1
1
1
1
1
475
4
1
29
6
6
3
1
1
35
1
756
2
1
1
1
7
14
1
64
1
1
264
13
1
2
889
25
63
3
1
4
1
1
2
1
2
253
1
1
1
1
3
1
9
1
1
1
2
1
1
1
2
63
1
2
1
15
1
5
1
6
1
1
1
1
3
1
2
1
1
1
43
1
2
3
1
2
2
1
75
13
3
51
3
2
5
1
16
1
1
1
13
1
167
3
1
1
4
1
1
1
5
8
1
3
1
2
1
1
1
6
5
1
1
1
32
41
1
17
1
3
3
177
31
1
10
1
69
1
5
1
2
3
552
1
12
40
255
1
1
9
1
1
2
1
3
1
2
131
2
1
10
5
6
1
47
76
2
1
2
32
4
1
3
1
2
1
3
1
1
3
1
1
19
1
1
180
9
1
4
1
1
1
1
1
3
2
1
1
462
1
23
2
1
1
3
1
18
1
1
2
1
1
7
1
1
10
1
22
1
1
1
2
8
8
1
1
40
1
1
19
1
16
1
1
1
1
2
1
1
4
1
1
2
1
24
2
1
1
3
1
1
25
30
3
3
1
1
1
1
5
1
1
1
6
1
2
1
1
6
27
1
1
1
3
6
1
1
8
2
1
1
1
4
7
8
26
1
3
1
1
4
18
1
1
1
4
1
4
33
1
1
1
72
7
911
7
1
1
1
1
5
156
2
20
1
3
1
1
1
53
1
3
80
9
1
2
1
2
1
1286
4
1
1
1
1
1
3
59
424
1
3
4
1
12
5
30
1
1
3
16
1
151
2
1
2
1
1
1
1
2
1
20
10
2
1
1
7
113
222
1
1
1
40
1
3
256
187
16
1
1
6
6
1
1
134
75
1
16
3
1
1
2
1
4
12
1
74
98
1
1
11
35
1
115
1
2
1
189
3
8
1
2
7
1
3
431
1
31
1
3
1
2
4
2
1
1
7
2
1
70
3
1
1
3
5
39
1
6
2
2
1
1
1
293
1
1
1
16
60
6
1
1
1
357
1
80
1
7
5
2
1
1
1
1
1
11
656
75
1
2
2
1
13
30
1
1
19
5
94
1
5
16
2
16
1
7
1
12
1
1
2
1
3
16
2
1
1
1
1
1
19
1
1
1
1
4
2
1
1
1
5
1
10
3
105
1
3
11
2
4
584
1
2
6
1
1
5
1
1
1
8
1
1
1
1
1
5
1
19
1
13
4
1
1
1
1
2
1
8
2
1
2
3
5
1
2
2
2
1
1
2
1
6
1
3
5
3
1
2
231
1
2
1
1
2
2
1
66
1
2
1
38
1
1
1
1
1
1
14
1
1
11
1
59
1
1
1
1416
10
2
3
1
767
3
55
61
1
3
1
1
2
2
11
10
24
6
1
1
1
1
2
1
2
7
2
2
1
1
1
1
31
2
1
1
59
13
3
1
525
5
1
3
1
2
2
1
116
4
13
2
1
1
202
1
2
1
15
1
1
1
19
2
19
462
4
1
1
2
1
7
1
1
2
1
1
1
45
39
16
487
2
1
1
3
7
7
18
1
1
1
1
1
1
2
116
1
1
15
2
1
46
1
1
1
1
92
1
307
1
1
1
1
1
1
6
1
1
1
3
1
1
1
94
52
2
25
2
1
15
2
1
40
1
9
1
1
1
6
1
1
2
1
1
1
6
92
1
5
1
32
404
2
1
1
1
14
4
4
4
1
1
23
2
1
25
1
1
1
1
1
10
29
2
1
3
1
2
29
2
124
1
1
2
3
1
28
183
1
21
1
1
1
2
1
1
5
1
16
1
1
1
11
1
1
4
19
1
4
1
11
13
1
3
1
1
3
1
2
1
3
5
2
15
1
7
1
49
1
2
1
1
1
1
1
1
8
1
3
3
46
1
63
3
1
2
1
1
2
1
1
2
18
1
5
1
2
1
1
2
4
1
1
2
44
1
92
2
7
1
1
1
8
59
1
1
3
26
1
4
1
1
1
1
1
1
1
1
321
1
315
1
1
10
18
181
22
1
19
2
5
1
5
1
72
1
2
2
1
279
11
800
1
1
51
6
9
13
1
1
1
1
8
1
1
4
502
77
5
2
1
1
1
1
1
1
1
158
1
2
5
2
1
5
294
1
113
7
1
2
336
58
2
28
54
1
2
1
1
1
1
1
1
1
1
33
1
18
4
1
92
2
2
1
1
3
12
1
1
2
1
1
2
4
1
9
2
9
4
14
253
2
1
13
2
1
1
4
4
41
18
1
1
1
23
1
21
2
1
14
1
1
23
3
2
3
1
307
1
1
1
2
3
3
1
6
1
1
5
2
1
10
2
1
4
1
1
1
1
2
1
1
42
1
1
725
8
1
2
1
5
2
1399
1
1
1
6
1
1
1
3
1
5
3
1
4
23
35
1
2
1
3
4
5
2
1
1
2
1
1
34
1
235
3
1
41
11
1
1
1
1
1
1
2
1
1
3
1
129
1
1
2
4
8
1
102
1
1
1
5
1
1
5
270
3
9
1
2
178
3
191
1
58
1
1
7
1
60
1
5
1
110
2
4
1
1
1
1
2
1
2
1
1
1
1
1
2
610
1
673
1
203
1
175
1
65
1
1
10
1
46
1
1
6
1
1
1
5
16
4
1
59
1
2
8
1
8
1
11
1
9
1
79
1
108
1
1
1
121
2
2
19
1
1
790
5
1
50
4
32
1
4
11
2
3
1
1
1
1
1
1
1
1
1
3
51
1
2
1
2
1124
36
13
67
2
474
2
1
1
4
840
5
1
1
2
1
5
1
1
1
1
8
1
37
1
1
6
81
1
5
16
1
15
1
6
1
10
5
1
1
1
41
1
207
2
2
2
1
1
1
193
1
5
35
124
1
295
5
1
1
1
4
78
1
1
1
1
1
14
2
1
4
1
9
1
1
202
41
22
1
3
1
1
1
12
4
41
1
94
1
1
5
1
1
366
2
67
12
1
1
1
2
1
1
1
1
1
4
1
23
10
18
2
1
3
1
4
31
2
12
1
6
3
2
3
1
7
11
8
4
4
2
13
1
500
46
1
1
1
1
4
43
5
1
1
1
1
1166
1
1
29
14
4
1
1
2
1
2
1
1
1
5
3
1
1
1
1
796
5
1
1
2
1
1
1
1
3
3
1
1
1
1
1
44
1
8
1
2
1
1
1
5
5
1
1
2
1
58
271
113
18
1
411
1
11
2
126
24
4
5
1
1
2
8
1
3
17
58
2
1
9
13
11
161
2
5
2
1
8
4
2
6
92
1
11
1
49
1
4
3
1
1
426
16
1
8
1
1
1
3
161
126
1
1
295
1
1
1
1
1
1
1
8
1
2
3
2
8
225
1
1
1
1
1
7
1
1
17
1
1
1
16
1
11
1
22
1
2
1
1
1
1
6
3
5
1
2
2
3
4
5
1
4
2
4
1
61
23
4
9
1
1
1
1
9
3
1
9
1
3
8
1
2
1
3
64
1
2
12
3
1
4
2
2
378
1
157
2
125
11
1
3
2
20
1
1
1
1
2
2
41
28
1
104
3
3
1
1
10
2
47
4
2
1261
1
9
1
18
2
1
348
1
1
1
5
37
1
1
1
2
1
1
2
2
2
1
2
165
2
180
81
2
1
1
1
2
4
65
1
1
53
4
4
1
9
216
1
1
2
2
1
1
41
10
1
1
20
5
3
2
1
3
1
6
2
45
3
2
1
1
1
1
3
1
1
1
1
19
9
1
1
1
1
3
76
28
1
2
5
1
1
2
1
139
1
5
145
14
2
416
13
1
1
1
1
1
1
107
2
1
19
1
2
1
24
13
2
1
20
1
1
3
1
2
1
1
1
1
6
2
11
8
2
2
6
1
1
1
6
146
1
1
6
1
2
9
6
1
4
36
13
25
2
15
1
1
237
1
1
2
24
1
1
1
1
1
1
1
2
1
1
6
13
1
1
1
1
1
9
52
6
1
2
1
1
31
1
1
1
74
30
1
5
16
9
7
1
1
3
533
1
7
137
2
3
1
1
4
1
2
14
3
1
3
1
9
11
77
93
1
1
1
8
1
1047
2
7
1
1
17
1
1150
9
2
3
13
6
24
705
1
1
1
3
2
1
279
4
2
1
2
1
3
6
231
3
3
22
2
1
13
1
145
1
1
2
111
1
1
1
282
1
246
1
1
1
1
3
1
1
1
1
1
15
2
1
2
31
1
1
1
1
23
7
2
1
1
1
1
5
31
482
1
1
268
1
7
1
3
1
1
280
2
2
1
34
1
2
8
5
1
2
1
1
1
1
1
1
1
4
2
15
2
1
1
1
28
18
1
1
1
62
1
1
4
1
2
2
112
1
13
7
205
7
243
29
4
1
3
2
1
1
6
1
12
1
3
1
1
1
3
1
1
2
6
2
1
1
1
1
3
118
1
1
4
1
14
2
1
1
1
27
1
1
14
1
3
1
4
1
2
17
39
1
1
7
10
1
7
1
1
106
1
1
26
1
1
1
2
289
2
1
1
6
1
1
9
6
1
196
2
2
1
1
2
1
8
4
6
4
1
1
6
1
1
2
2
6
1
1
1
8
1
17
5
598
1
2
2
3
3
1
1
34
2
12
15
2
2
2
120
2
1
32
2
1
16
29
5
43
9
1
1
1
9
5
14
1
1
2
27
1
1
5
1
2
6
1
1
2
439
5
1
1
3
4
1
2
6
3
4
24
7
2
1
5
22
123
21
2
1
48
92
1
1
3
1
1
1
1
3
6
1
1
6
1
2
2
1
167
5
1
38
112
11
66
1
1
1
1
17
4
1
1
2
3
1
117
2
1
2
1
1
1
83
1
2
1
1
8
1
2
6
1
4
1
1
2
1
1
4
1
2
45
1
14
1
8
6
1
2
1
3
1
1
2
1
2
2
1
2
1
2
1
12
1
2
115
1
1
2
5
1
29
1
1
1
17
1
2
1
1
236
6
1
6
16
1
3
11
1
1
1
1
1
1
1
1
6
1
1
1
1
1
16
5
1
1
69
10
3
1
35
141
11
1
2
2
183
1
1
85
1
1
1
10
1
15
2
1
1
30
1
2
2
1
4
1
1
1
1
1
11
8
1
1
261
2
7
1
1
2
527
2
1
1
227
1
1
102
1
1
1
1
1
1
1
11
1
2
1
1
2
6
2
1
1
4
18
1
1
1
1
3
1
5
4
1
3
1
6
10
1
2
1
9
52
1
1
1
1
1
1
64
1
29
105
2
6
1
2
1
21
1
1
1
1
1
3
1
52
7
1
3
61
1
2
2
1
2
1
84
36
30
2
6
1
3
2
1
1
1
1
1
1
2
1
1
1
222
1
3
14
1
44
8
4
2
2
1
1
2
13
1
1
1
17
1
4
1
1
1
25
1
3
1
1
2
5
2
5
1
164
14
3
74
2
1
5
1
1
3
2
1
12
1
1
1
1
5
1
1
1
360
1
20
3
1
1
1
1
4
5
1
4
1
1
1
1
1
2
1
1
1
31
1
1
1
31
1
24
1
2
1
1
471
67
1066
1
35
1
42
2
6
2
1
1
1
5
2
24
2
1418
15
2
1
1
3
1
1
4
1
1
1
1
1
6
1
1
1
2
1
1
1
28
857
2
1
24
8
4
2
1
1
1
5
204
1
1
1
5
2
2
9
1
1
1
11
2
1
1
38
1
1
1
1
22
4
1
1
10
12
1
2
2
3
46
1
9
1
6
1
1
3
1
1
1
1
1
1
2
1
1
1
1
2
8
1
1
3
2
1
1
1
1
1
1
1
1
2
83
3
25
1
5
1
60
1
5
17
1
5
67
1
2
1
1
76
1
1
1
1
1
2
2
1
1
1
15
1
3
1
1
1
1
1
1
4
1
3
3
1
1
1
25
5
1
7
2
1
1
1
202
1
1
1
256
149
1
1
1
1
2
2
1
1
3
15
8
2
1
17
1
9
1
1
1
13
5
1
9
11
1
3
2
8
1
1
2
1
3
13
7
23
4
1
89
1
3
435
2
38
1
1
6
1
6
11
7
23
204
1
19
49
1
1
53
1
1
2
1
4
1
2
1
2
4
3
6
92
1
10
1
2
1
1
1
1
9
1
1
1
1
3
4
1
12
4
192
1
1
1
1
1
3
120
1
1
1
113
2
1
2
1
7
116
66
7
986
9
1053
3
2
1
62
61
12
1
1
1
1
1
1
2
1
1
1
1
1
254
1
7
1
3
2
2
1
1
1
1
1
2
1
2
2
1
1
6
107
1
1
39
2
1
3
1
2
1
2
5
50
1
1
1
2
1
1
34
8
10
1
1
1
1
1
1
7
1
2
1
1
6
1
2
1
1
1
1
7
1
1
1
119
3
1
3
1
1
273
1
1
1
1
7
1
1
1
3
3
14
4
3
1
1
1
3
341
3
7
1
301
1
102
173
1
3
1
16
2
1
534
1
4
1
1
1
1
13
4
3
2
1
4
1
40
3
2
1
341
1
1
1
13
43
1
41
10
7
1
579
2
1
2
53
1
1
11
2
6
1
1
1
2
6
1
7
1
1
4
1
4
4
35
9
1
28
1
1
2
58
1
3
1
1
22
14
1
2
2
1
2
1
76
7
3
2
1
1
1
15
1
1
1
1
48
1
3
2
1
1
1
21
9
1
3
6
1
4
3
1
346
1
1
1
1
1
116
1
5
3
41
1
2
1
1
2
7
1
1
2
57
1
1
1
6
1
1
3
10
2
1
1
2
1
1
1
1
1
1
1
10
74
2
1
10
11
1
1
1
1
1
1
3
10
118
4
1
1
1
98
107
2
1
1
13
1
1
1
1
3
1
1
2
72
1
2
1
1
1
58
9
238
1
1
1
1
1
3
20
94
1
1
34
103
1
16
2
1
1
2
2
1
3
1
2
11
1
1
1
6
31
1
1
5
2
2
1
1
1
1
1
1
1
281
4
2
2
3
2
1
3
1
3
60
3
1
1
1
3
1
6
2
3
2
1
2
1
10
23
2
1
7
4
63
1
35
158
1
1
1
1
4
69
1
1
4
10
23
2
1
16
2
1
1
2
2
145
1
3
1
1
1
33
1
2
1
1
1
1
1
10
1
7
25
1
82
16
1
1
3
1
1
4
1
11
1
1
1
1
1
1
1
1
7
37
1
15
1
5
15
11
3
1
1
258
1
1
4
1
1426
8
4
2
20
61
3
6
1
5
124
1
1
1
1
3
3
29
1
2
11
1
107
10
1
1
2
36
1
2
3
86
3
1
2
4
10
8
1
3
3
56
1
174
11
1
1
1
1
1
3
1
2
1
1
1
148
3
18
4
127
1
4
1
3
4
1
3
1
6
8
1
1
1
6
4
2
2
2
2
3
1
5
1
2
4
1
3
7
4
747
5
2
1
2
11
1
1
3
1
1
1
1
3
1
1
1
3
3
6
2
1
1
5
1
1
1
20
1
1
6
1
1
3
1
2
3
1
4
2
18
264
55
11
6
26
9
7
53
17
4
1
1
28
1
60
1
4
2
172
2
38
277
324
2
1
5
4
875
2
1
8
2
1
36
1
1
10
32
2
497
1
1
1
33
2
3
1
3
1
2
202
1
1
1
1
1
1
1
452
4
2
1
6
10
8
1
10
1
13
1
5
1
1
154
1
7
1
1
4
4
289
463
4
146
192
1
35
1
2
19
3
1
2
59
2
1
2
1
3
5
1
2
34
7
1
1
1
51
2
1
4
3
38
11
3
1
18
18
4
1
1
2
1
1
4
1
1
1
11
1
30
31
1
1
2
1
68
1
1
2
14
1
104
2
1
7
1
1
1
1
1
196
73
1
1
2
51
163
2
1
12
1
2
2
1
3
1
1
1
1
1
1
1
7
1
1
1
1
3
1
26
1
2
1
1
4
1
4
913
1
1
1
4
3
2
3
2
1
1
4
1
418
1
6
30
1
1
1
8
1
2
51
2
1
1
1
1
6
1
10
3
2
3
228
1
2
2
1
9
3
2
1
281
8
27
3
2
34
15
1
1
1
15
1
1
3
1
1
1
1
213
1
2
1
1
5
13
1
1
284
10
1
2
1
3
13
7
10
295
137
2
1
1
12
2
376
2
1
1
52
1
2
60
2
1
2
33
2
13
5
8
1
1
2
2
1
18
1
9
1
1
20
1
6
24
1
1
5
2
1
1
1
2
1
13
1
1
2
1
1
7
3
1
2
10
1
1
17
25
1
21
1
2
1
12
488
22
1
4
2
3
12
1
8
158
1
2
1
1
4
3
1
1
1
1
3
93
2
3
2
3
4
2
1
1
1
2
589
1
2
4
3
1
1
1
21
7
4
1
1
1
1
315
10
1
1
26
3
20
259
2
1
4
7
55
1
1
1
9
1
1
1
1
17
1
1
1
40
1
22
2
8
23
11
2
1
1
4
1
1
2
4
1
2
2
1
1
1
1
1
7
88
1
1
1
1
1
1
2
2
1
2
538
16
1
1
74
87
40
1
1
1
52
1
1
1
5
1
343
3
1
1
147
8
8
2
22
1
1
1
12
18
4
1
11
1
20
276
1
1
1
2
263
4
1
3
1
4
1
2
1
1
3
1
6
1
1
1
3
1
1
14
194
1
2
2
2
486
1
6
6
287
2
3
1
1
4
2
4
1
1
1
19
2
1
1
1
1
55
1
5
1
1
1
1
2
1
9
1
1
3
2
1
1
1
7
31
1
1
2
347
39
1
1
1
1
24
1
14
6
3
10
1
1
2
2
3
1
1
430
2
1
150
1
1
3
3
1
1
1
1
25
8
1
2
2
23
1
1
1
3
10
2
1
1
1
1414
3
40
2
21
67
1
15
3
2
1
13
1
1
4
2
25
8
1
2
3
3
7
50
1
287
4
2
7
2
16
1
3
2
5
13
1
6
1
3
1
1
42
573
1
1
10
1
633
1
7
2
1
2
1
8
1
1
3
1
1
1
1
7
1
40
1
1
1
3
194
18
21
5
1
2
2
33
247
1
1
424
1
70
1
1
2
1
9
2
1
1
14
1
1
8
1
15
1
1
1
2
1
25
2
1
1
3
8
2
1
5
1
1
1
1
1
114
1
3
5
1
1
2
1
1
4
2
1
1
2
2
2
1
288
1
1
3
1
1
51
1
2
4
1
136
32
11
54
1
1
3
6
1
2
3
1
33
1
1
2
1
1
2
5
1
5
1
1
2
1
25
1
11
1
1
1
1
1
1
2
1
2
263
6
1
14
3
1
5
4
1
1
13
2
1
191
10
32
5
2
9
1
194
1
1
3
16
1
42
58
3
2
17
25
27
1
3
1
1
387
1
1
39
1
3
3
1
373
193
2
1
3
3
3
1
1
2
55
1
18
2
1
3
2
1
138
9
44
1
2
1
19
2
1
449
8
2
2
45
1
5
1
19
1
2
10
1
30
6
1
2
1
2
2
1
1
1
42
9
2
3
146
2
2
11
2
1
1
91
27
1
1
2
1
2
1
1
2
1
13
1
1
1
1
9
1
1
1
22
2
1
1
6
1
1
1
1
3
2
1
12
3
16
2
3
3
199
7
213
2
1
3
62
11
1
12
2
8
1
1
1
55
1
1
86
1
1
6
1
1
5
1
3
14
1
1
2
13
2
11
743
1
1
62
2
2
16
3
1
23
2
1
1
4
3
1
2
5
1
1
5
1
1
1
1
6
4
1
1
1
1
2
1
3
3
2
12
8
6
1
5
2
1
1
46
1
39
2
1
1
1
31
41
1
12
1
33
2
2
1
8
1
1
1
1
7
2
3
1
1
1
2
1
1
22
4
3
35
1
1
5
651
1
5
1421
348
1
1
7
4
5
4
1
1
2
47
299
1
7
1
3
1
4
18
1
1
2
1
1
2
1
878
1
8
1
3
2
1
1
2
1
1
4
1
203
1
4
1
1
1
1
1
1
1
181
265
1
6
1
2
1
1
1
1
2
9
1
1
1
18
1
1
1
1
1
1
1
1
1
2
1
26
1
1
794
2
3
2
2
9
3
1
1
3
1
29
6
2
116
4
1
1
1
2
29
4
6
1
8
1
146
1
1
1
1
116
1
1
1
2
238
1
1
2
1
2
3
1
1
1
1
5
2
427
1
4
1
1
2
1
1
2
6
1
1
3
5
12
3
8
1
1
1
1
2
1
1
3
5
1
1
6
11
16
1
1
15
1
1
3
6
6
2
12
14
8
3
1
8
4
2
1
1
1
1
1
1
1
1
3
57
1
1
5
1
60
18
1
18
2
4
4
236
1
4
1
1
3
2
46
2
13
1
1
3
1
18
1
18
2
76
1
1
1
39
160
1
1
11
2
1
2
1
3
1
13
2
1
1
8
1
5
19
2
6
2
1
1
1
1
1
1
3
1
14
2
1
1
5
1
2
2
4
1
2
1
3
1
1
3
1
256
3
2
1
1
78
1
143
1
1
33
1
17
1
7
1
1
1
66
1
2
20
1
1
4
1
10
4
7
11
1
20
1
1
1
5
1
7
4
3
2
1
37
14
1
2
2
5
1
1
16
1
1
1
1
1
1
1
1112
2
1
6
5
114
1
1
52
5
1
2
1
2
2
1
2
1
1
1
39
1
1
2
1
1
1
1
1
247
2
17
1
6
17
1
287
1
1
1
335
19
1
110
4
1
1
7
6
2
1
7
1
1
1
1
1
2
2
3
89
78
2
1
1
962
1
1
2
2
4
1
7
190
436
5
27
1
28
3
1
1
1
113
11
1
1
1
1
2
11
1
2
1
1
5
2
1
1
157
3
1
1
1
17
7
1
8
316
3
2
1
2
1
1
2
1
1
1
1
32
1
477
1
1
3
5
1
1
1
2
1
7
1
82
95
1
2
3
1
9
1
2
2
1
1
1
2
1
51
1
6
1
2
2
106
2
424
1
1
1
1
1
1
7
1
4
49
1
22
1
1
3
17
85
1
3
1
1
1
1
1
26
6
22
1
1
1
5
10
1
1
2
93
3
1
19
12
1
2
1
123
7
1
153
2
27
1
4
5
4
1
1
1
3
2
14
1
13
1
2
1
652
3
1
2
34
47
14
1
3
4
1
948
2
1
1
1
1
1
1
1
5
1
1
1
5
16
1
9
16
1
1
19
2
1
1
1
1
19
3
1
1
1
1
2
4
8
12
1
2
1
1
7
1
1
1
60
64
4
2
3
1
2
2
1
3
2
1
15
12
1
1
12
1
2
72
1
197
2
2
5
2
1
1
525
2
6
6
1
7
1
135
1
330
209
1
1
2
3
1
1
1
1
1
4
5
1
211
1
4
1
2
1
1
1
188
1
1
4
1
1
1
2
2
1
382
1
1
2
6
5
1
4
29
1
1
1
3
1
2
1
1
109
3
75
8
11
13
1
1
2
15
1
1
5
1
2
2
212
13
1
119
3
1
1
11
2
1
6
2
2
1
75
64
1
2
15
9
11
1
1
1
3
1
5
2
6
1
1
420
1
5
382
1
2
2
38
4
1
1
54
26
1
1
3
1
1
2
13
220
1
49
4
1
1
1
1
1
1
22
1
1
1
7
1
7
1
1
243
1
1
1
2
1
3
173
21
3
1
31
997
997
2
1
1
1
8
1
1
1
12
1
3
9
1
1
1
8
1
98
1
1
89
3
18
1
292
1
10
6
358
5
2
2
1
1
1
1
5
18
16
1
1
1
1
1
1
210
1
8
3
1
29
2
3
1
3
3
1
14
1
1
2
3
1
1
1
84
1
1
1
2
5
1
12
1
6
1
2
1
16
1
3
1
1
10
1
10
1
46
1
1
2
1
1
1
103
3
4
2
8
29
1
21
24
1
3
115
19
7
1
63
2
541
1
8
2
3
1
1
9
5
36
1
5
1
1
10
29
31
178
1
18
5
2
1
34
1
1
1
18
7
2
1
9
8
1
2
2
1
2
1
1
15
1
1
235
1
70
1
8
1
3
1
2
2
78
1
50
1
15
6
1
2
2
1
1
1
1
2
5
1
5
1
2
2
1
1
1
1
4
1
1
6
1
1
267
1
1
44
1
55
2
1
1
1
1
1
5
1
2
1
1
1
1
3
1
1
1
1
1
2
1
1
3
1
1
2
7
1
1
1
101
2
5
2
3
2
34
1
1
1354
181
2
1
1
3
1
4
1
1
715
1
1
7
4
2
5
2
2
110
307
1
1
1
1
3
398
35
1
2
1
2
1
1
11
2
7
1
8
114
6
1
16
1
3
1
138
1
1
78
17
1
1
4
1
3
8
1
642
2
18
1
2
1
1
6
1
255
1
1
1
2
1
22
1
1
1
1
12
2
1
1
2
1
1
1
2
1
1
1
1
1
2
95
3
8
1
3
1
1
1
1
1
19
929
1
2
4
1
1
1
1
1
8
15
1
1
1
1
1
1
1
1
1
2
486
8
16
24
4
1
1
9
2
1
2
1
1
2
11
13
28
8
80
6
1
4
1
32
1
1
37
260
2
1
157
241
1
4
6
6
2
9
5
15
1
4
109
1
11
9
3
1
2
5
34
1
1
2
1
1
9
2
4
73
1
725
2
1
1
310
14
3
1
2
1
1
1
4
1
104
414
36
1
8
1
18
3
1
22
1
1
6
3
13
8
2
2
1
2
1
1
1
1
2
2
1
1
2
1
1
1
1
1
10
1
4
4
790
1
482
2
2
1
2
3
1
1
10
1
3
1
1100
1
1
1
45
22
5
2
1
2
4
3
23
1
36
16
2
1
1
3
35
2
1
2
1
1
2
1
410
1
1
1
1
16
1
3
10
1
1
1
2
1
1
3
2
2
1
1
1
1
115
31
283
1
2
6
1
1
9
2
1
3
10
4
1
1
1
3
1
5
1
2
14
3
17
1
4
1
2
1
42
1
1
1
10
2
1
1
2
1
1
42
1
1
164
2
1
26
1
8
1
1
2
1
3
24
1
1
286
137
1
2
2
1
98
2
1
5
1
1
1
1
66
3
2
1
1
1
94
18
2
2
1
3
9
9
1
2
3
4
97
93
1
2
9
1
1
9
4
1
1
1
3
62
8
2
2
1
1
1
1
43
8
2
5
3
214
2
1
6
160
1
2
2
4
3
337
311
22
1
13
2
1
2
1
4
1
2
342
1
30
22
1
1
1
1
4
2
1
2
160
1
86
1
2
27
11
87
3
3
2
26
188
1
1
1
6
41
2
1
21
8
33
1
1
2
27
2
1
1
1
9
1
1
1
8
1
2
138
1
4
2
1
35
1
4
1
2
1
2
4
1
316
2
4
3
2
2
1
2
125
3
12
339
5
7
1
22
86
2
10
1
267
4
65
6
9
2
1
3
2
4
1
21
1
1
9
1
1
1
1
2
146
2
3
10
6
6
1
1
2
4
2
5
1
56
1
1
1
9
1
60
1
1
1
3
1
4
39
2
10
49
2
2
66
10
1
3
2
4
1
1
12
20
2
27
5
24
2
1
15
4
25
8
2
1
10
16
37
2
1
1
1
311
1
1
9
2
8
1
1
1
2
2
1
2
1
3
58
1
1
1
183
3
35
4
1
1
2
5
796
7
1
799
1
2
70
123
1
3
1
58
26
2
2
24
2
1
1
1110
1
37
492
6
1
4
8
2
3
84
1
1
1
3
2
2
83
2
1
1
1
1
1
2
1
1
53
2
2
1
1
2
1
1
1
2
8
1
1
2
1
2
101
17
1
1
5
1
1
1
2
2
1
1
3
3
1
1
1
2
2
1
1
2
12
185
1
1
9
3
3
1
4
816
1
2
1
2
136
4
142
1
1
1
1
2
7
1
1
1
1
6
4
2
1
1
4
94
1
3
1
64
1
3
22
2
1
1
1
1
26
6
1
3
1
3
2
4
22
40
6
2
3
3
4
1
1
6
2
1
5
1
2
1
4
1
1
1
32
8
1
1
1
2
1
4
4
1
2
1
4
7
1
2
56
54
3
1
152
1
6
1
1
1
1
1
1
1
7
1
1
1
1
3
1
1
90
1
68
60
1
2
1
3
287
1
45
1
6
1
1
3
1
1
27
54
1
16
1
7
7
1
5
1
1
1
1
16
5
1
5
1
1
196
12
3
2
1
1
1
1
3
1
2
3
1
1
1
1
4
1
56
3
4
1
8
6
1
18
1
10
1
1
1
4
1
1
10
13
5
1
33
1
18
2
1
11
420
5
1
2
2
1
1
1
1
1
1
3
2
1
5
1
3
3
3
4
1
1
2
1
1
1
6
19
1
9
1
17
4
1
25
2
14
1
2
2
1
2
1
14
95
2
1
1
1
