1
1
1
1
19
11
3
1
1
1
2
1
1
1
13
1
1
2
1
44
1
1
2
1
1
8
7
1
1
1
6
253
1
15
2
309
2
1
1
406
1
24
1
1
50
1
1
1
7
1
1
4
1
2
1
1
1
1
1
3
2
1
6
50
1
12
20
3
3
1
1
1
1
1
4
14
3
2
2
19
8
1
48
54
1
2
2
1
1
5
14
18
1
1
2
1
2
1
2
2
2
2
29
4
60
1
20
8
6
14
1
2
1
3
4
2
1
1
3
19
1
1
1
1
17
2
2
110
10
1
3
1
1
3
1
7
4
1
1
4
1
3
1
3
9
1
1
1
1
1
1
1
1
1
1
1
1
1
1
1
1
16
1
1
14
1
3
1
1
1
1
1
1
1
4
22
1
4
7
46
22
15
21
1
1
1
2
1
8
1
1
19
1
6
1
1
1
3
1
1
1
2
1
2
2
1
1
29
2
1
1
1
1
1
1
1
1
1
1
1
1
21
2
1
1
3
1
1
4
11
1
12
29
1
1
1
60
1
1
1
1
1
4
9
4
1
1
78
1
1
1
1
1
1
1
1
20
1
3
1
1
1
1
1
13
1
1
1
1
1
4
2
311
1
4
1
1
1
2
5
1
1
1
1
41
1
3
2
1
10
1
1
2
5
1
1
1
33
1
1
1
1
1
88
2
1
1
1
1
2
82
1
1
2
1
1
52
1
19
6
1
1
3
2
1
1
1
9
1
1
1
2
7
2
1
2
21
1
1
1
12
1
14
1
1
1
1
1
1
7
1
2
20
13
1
1
1
1
1
1
7
10
1
3
23
8
1
2
4
8
93
2
1
3
3
1
1
2
2
7
42
15
51
1
4
1
1
1
8
1
4
1
1
337
1
5
1
1
1
1
5
4
1
31
11
8
1
1
5
1
1
1
13
1
2
1
22
1
1
1
2
1
1
2
5
7
2
2
1
24
2
1
1
2
1
1
1
2
5
1
1
1
3
2
3
1
1
1
1
15
1
2
6
2
1
1
1
1
1
3
3
165
11
1
1
1
1
5
2
1
1
5
1
1
1
1
7
4
1
4
1
3
7
1
15
17
9
6
2
5
31
1
2
3
1
1
7
1
151
2
2
1
1
2
46
1
64
11
1
1
22
1
1
1
1
1
108
1
37
1
5
5
11
1
1
6
5
5
1
3
1
1
57
1
1
1
2
1
3
6
7
136
15
2
2
1
2
1
1
1
6
2
2
6
22
1
1
7
29
11
2
1
1
4
5
1
69
19
14
2
1
1
4
1
2
38
1
93
1
1
1
2
2
1
1
2
2
4
7
1
1
1
14
1
1
1
1
16
98
4
1
1
1
1
1
116
1
1
1
1
1
3
2
2
2
1
3
1
1
11
1
2
277
1
2
11
1
69
1
1
1
3
11
1
1
1
8
1
1
86
16
64
3
1
1
1
2
1
21
1
1
1
6
1
1
4
26
2
1
3
16
1
1
1
1
2
1
1
1
9
4
1
11
128
235
1
1
1
1
1
2
2
4
5
1
1
3
8
2
7
11
2
1
1
3
1
3
1
1
1
1
4
1
11
218
15
57
3
1
2
2
1
14
1
1
1
1
1
2
1
1
1
1
1
1
540
1
1
22
269
1
1
25
22
87
1
1
2
1
1
12
1
1
1
183
3
2
1
1
4
1
1
1
93
1
1
3
1
5
2
2
1
6
3
1
2
2
1
4
5
2
1
3
10
4
1
1
316
1
1
2
11
1
1
1
6
19
3
8
138
1
7
1
1
1
1
14
240
1
1
1
5
6
1
2
1
1
1
11
2
1
4
4
24
4
1
1
1
6
3
1
6
55
9
1
1
3
2
1
2
3
6
6
1
1
1
1
1
3
3
1
3
1
1
1
9
3
1
3
1
1
19
1
2
1
4
1
2
9
11
5
1
1
1
1
1
163
1
1
1
1
1
3
1
3
1
4
2
12
3
6
1
2
1
4
1
10
1
2
4
2
3
1
1
18
4
146
11
1
1
1
1
2
5
3
1
1
1
2
1
1
1
1
2
4
7
70
1
4
33
1
1
2
1
1
1
3
2
2
2
1
1
1
4
4
15
2
1
1
22
2
1
1
7
8
2
1
2
17
1
82
1
1
4
1
3
1
2
1
8
2
2
9
2
2
7
3
2
1
1
1
1
1
113
1
2
1
2
2
1
1
7
1
1
1
1
4
2
1
13
1
4
1
1
1
1
1
4
3
1
5
1
5
1
1
1
4
10
2
4
1
3
1
1
1
8
1
1
8
2
27
4
1
1
1
1
2
1
1
11
2
2
3
9
2
3
1
5
1
2
1
1
3
2
1
12
1
2
7
176
1
1
9
1
1
5
1
6
1
1
1
1
1
3
2
1
2
2
1
132
3
1
1
116
1
2
3
1
84
1
2
1
1
1
1
2
1
1
1
1
1
35
8
1
1
3
7
4
18
2
1
212
1
1
7
2
1
1
1
23
1
2
30
1
1
1
1
1
1
2
5
2
1
1
1
6
1
2
1
1
35
2
1
3
1
1
6
3
1
4
1
3
1
7
2
236
1
1
1
1
1
2
3
1
22
3
1
1
1
2
4
2
208
2
1
3
1
16
2
2
2
1
15
1
3
2
1
46
99
10
1
2
6
5
2
1
1
72
1
1
1
6
2
8
1
1
1
1
19
43
143
1
330
9
8
1
1
1
2
2
2
12
2
11
14
3
1
1
1
2
1
1
3
3
2
3
5
1
13
1
1
1
1
3
1
17
3
4
1
2
4
2
1
25
1
2
2
1
1
7
1
3
6
27
1
1
2
30
1
11
1
9
1
1
1
2
1
35
4
1
5
3
3
3
1
4
1
1
127
1
5
31
43
1
1
1
1
1
2
1
3
13
48
2
1
1
1
1
1
1
1
4
15
2
3
1
19
1
3
1
1
1
1
1
1
3
1
4
2
2
2
1
2
3
1
135
1
1
2
1
1
5
1
12
16
1
1
41
58
2
1
1
1
1
1
43
1
1
1
1
1
26
2
1
1
2
1
6
1
1
1
8
5
1
151
2
1
1
7
9
47
15
1
2
1
5
85
1
1
2
3
27
6
1
1
1
1
2
1
6
1
35
1
1
1
16
5
1
1
1
4
1
68
3
1
1
1
3
1
1
1
3
5
1
6
1
8
13
1
2
2
2
9
2
1
1
14
3
6
1
1
1
1
7
10
1
2
56
1
139
9
2
4
1
10
1
9
1
1
20
15
349
1
2
1
28
1
1
1
1
154
1
1
1
1
1
2
1
45
4
1
47
5
14
2
1
63
1
25
5
4
1
1
83
2
3
1
1
1
5
1
1
1
15
4
1
1
48
1
6
1
1
303
1
1
1
1
364
2
1
1
3
1
1
221
1
138
1
12
1
1
1
1
1
1
3
1
2
1
1
8
13
1
10
1
4
8
1
45
44
1
4
1
3
1
1
1
1
18
1
2
4
2
1
29
1
35
11
2
2
1
1
60
3
1
6
8
1
1
1
2
3
1
1
1
1
1
1
1
1
1
42
5
13
1
2
1
1
3
1
2
1
1
3
5
16
1
34
1
1
1
2
1
1
1
1
1
1
1
1
5
8
5
1
7
1
3
1
14
6
1
3
2
1
1
1
2
1
1
1
1
3
1
3
2
43
4
110
5
1
5
1
1
3
1
2
2
10
1
1
1
4
1
1
1
1
5
261
1
90
9
5
8
1
5
1
1
1
1
1
1
1
1
6
1
53
1
2
1
23
3
1
1
1
1
59
1
4
1
3
1
1
1
3
1
5
2
7
1
1
19
1
10
1
1
6
2
1
1
3
1
4
3
1
15
1
1
5
1
6
2
1
1
1
1
1
1
12
1
1
22
1
8
59
2
2
3
11
245
179
22
1
1
6
1
7
1
1
1
2
1
5
1
4
6
2
2
1
3
2
3
2
1
1
1
8
57
137
18
1
2
1
1
1
1
2
2
1
1
1
1
8
1
1
1
2
2
1
2
1
2
1
1
1
5
1
41
1
1
1
1
5
233
65
7
1
2
1
3
6
144
2
10
1
1
1
2
261
1
1
1
1
8
1
1
1
1
1
1
61
32
2
4
1
3
3
1
2
2
1
2
1
1
1
1
7
4
261
1
20
2
1
1
2
2
3
3
2
1
1
1
1
4
5
1
3
1
1
1
9
3
1
5
3
1
1
23
1
13
1
1
1
3
1
1
2
1
4
502
1
2
1
2
2
1
2
1
2
1
1
2
1
1
9
85
25
36
4
2
1
1
2
13
9
1
1
3
8
1
1
21
24
1
3
6
2
3
3
4
1
12
6
1
1
124
2
1
2
1
1
1
1
16
1
1
12
1
1
2
7
1
1
1
60
2
1
22
2
1
1
1
34
3
2
2
1
5
1
2
1
1
1
1
1
1
1
1
5
2
1
1
1
1
4
1
1
6
10
1
1
2
23
1
1
2
1
5
88
2
1
1
2
1
1
2
1
1
1
4
1
2
2
378
13
1
1
1
6
1
1
1
3
1
36
27
5
1
191
1
4
4
1
2
5
2
1
2
190
125
1
1
6
3
1
3
6
1
1
2
2
49
1
5
1
2
1
1
26
1
2
1
25
14
5
1
12
34
171
23
6
291
1
1
1
75
3
1
3
3
1
1
1
1
97
2
1
1
1
3
35
4
1
1
1
1
24
2
1
306
1
1
1
2
2
1
4
37
1
1
2
1
1
1
1
9
4
5
1
2
2
3
1
1
8
79
2
1
1
2
3
1
1
1
1
3
1
3
1
34
1
1
1
6
1
1
17
1
1
1
1
2
1
1
4
2
1
2
2
4
5
1
1
11
6
2
1
184
1
3
2
2
3
1
3
1
1
2
1
1
12
3
1
1
47
2
2
3
7
3
2
73
1
10
3
2
14
9
1
1
1
1
1
3
4
1
1
10
1
1
1
1
1
1
1
8
52
1
1
5
1
1
2
1
1
1
2
3
1
93
1
5
46
1
1
1
17
1
22
5
1
1
1
1
38
5
2
1
2
14
1
13
4
2
1
2
1
3
6
1
1
13
5
10
112
1
957
2
3
14
16
8
12
8
1
1
1
1
1
6
1
1
18
7
1
1
27
1
1
1
4
1
1
4
1
6
1
1
2
1
2
30
33
1
9
3
1
1
1
1
1
2
1
1
2
1
2
1
1
1
29
2
75
1
1
1
1
1
25
20
8
1
5
2
1
1
3
1
1
5
1
12
1
8
1
1
3
1
1
1
2
1
1
1
1
1
1
2
1
1
3
1
48
24
9
5
1
1
8
2
1
2
3
1
5
1
1
1
2
31
1
1
1
1
6
401
1
2
1
1
31
5
1
1
1
1
40
1
1
5
1
36
2
3
2
1
1
4
7
1
2
1
1
3
1
1
1
1
35
1
1
2
1
1
1
4
3
6
1
1
1
8
2
3
1
18
90
1
31
1
2
1
1
3
1
4
1
105
1
1
1
1
3
2
1
1
1
2
1
13
2
2
1
1
2
1
1
1
1
7
1
20
1
173
7
1
16
2
1
3
1
4
1
1
22
15
2
1
1
8
1
51
107
25
1
4
1
2
1
1
1
12
1
2
239
1
1
1
1
1
1
1
1
1
2
3
32
1
1
3
1
2
7
18
1
14
2
3
1
8
1
1
2
57
30
2
137
1
2
1
8
1
1
2
313
55
11
29
2
1
2
53
4
1
7
6
3
1
10
1
1
1
9
13
1
1
6
6
8
1
1
1
1
1
2
1
1
1
2
2
1
1
1
3
2
1
1
1
7
1
6
6
1
5
3
1
1
10
49
4
5
3
2
1
14
1
81
7
2
1
1
1
5
1
9
1
1
100
8
1
3
1
16
54
2
18
1
2
1
2
1
2
1
36
1
1
1
1
1
1
28
3
1
1
1
2
4
1
1
1
5
133
3
4
1
1
91
2
1
1
2
3
1
27
1
8
2
1
5
9
2
1
4
34
1
10
2
1
11
12
2
2
1
1
1
50
14
4
11
9
12
1
1
1
1
1
1
4
1
1
1
3
1
1
1
1
5
335
3
1
1
1
3
1
1
2
3
11
1
1
29
1
2
1
3
64
1
4
1
1
1
1
1
1
1
1
1
2
82
1
1
1
1
115
1
9
1
1
1
1
1
7
2
3
3
3
8
3
8
4
1
1
1
1
1
1
1
3
1
1
151
1
3
1
2
1
279
1
2
157
1
1
6
2
1
3
1
2
1
1
1
3
36
1
1
3
5
1
1
20
3
1
2
1
1
3
4
1
20
1
32
1
1
1
2
82
1
27
2
1
1
1
9
1
1
1
2
3
1
2
2
4
1
4
1
1
1
74
7
1
2
49
9
7
2
2
2
3
1
1
3
1
3
1
2
1
2
2
2
1
158
1
1
1
1
14
1
1
1
2
1
1
1
138
1
1
1
1
1
8
3
9
3
1
39
1
1
1
2
1
1
389
1
1
7
2
1
1
1
1
1
1
1
1
1
2
6
2
1
1
2
1
2
8
5
7
4
1
1
1
1
1
1
1
2
74
4
9
8
5
3
2
2
4
2
1
2
1
1
3
3
3
3
3
6
4
1
16
1
2
1
2
2
3
1
1
104
1
2
3
5
1
1
17
26
2
221
1
198
2
3
1
2
1
7
5
24
35
3
20
1
4
10
6
1
1
6
1
48
1
2
25
1
1
2
1
2
1
1
1
5
1
1
1
3
1
1
1
2
1
5
1
1
7
1
1
1
2
76
2
1
1
4
1
1
1
1
2
4
15
1
1
1
203
83
4
1
1
2
1
5
1
1
11
1
5
3
22
1
1
1
42
1
1
3
41
17
1
1
10
1
5
1
1
1
1
99
1
2
1
1
1
1
1
1
1
1
18
90
5
23
7
1
1
1
9
7
1
2
1
1
2
2
6
3
4
2
1
1
1
1
1
2
1
15
1
1
2
2
3
1
1
1
1
1
2
12
1
1
5
1
106
1
1
7
7
4
3
2
1
1
10
9
1
1
6
1
5
3
2
4
1
1
1
1
45
26
1
1
8
2
7
2
1
191
1
1
1
1
4
1
4
3
3
2
3
1
1
1
139
5
1
24
1
1
1
1
2
6
135
25
1
1
4
1
31
1
2
3
22
2
1
1
1
1
2
1
6
1
8
95
1
1
2
1
1
1
1
5
3
7
5
1
1
1
3
1
1
1
1
1
1
1
163
1
1
1
1
1
1
2
20
7
1
1
1
1
8
1
1
2
2
92
1
14
25
39
3
1
1
14
1
1
83
3
1
5
1
1
1
168
19
2
6
44
3
1
1
1
49
4
1
1
1
1
13
2
1
3
9
2
1
1
1
1
3
1
3
4
1
1
1
7
2
22
7
3
1
1
1
1
1
1
1
2
1
3
7
1
1
316
2
10
1
1
1
1
9
7
3
13
3
5
6
1
1
2
3
5
10
1
1
2
1
121
1
12
7
21
1
2
7
1
1
1
5
1
1
31
2
3
2
2
1
2
1
1
1
49
1
12
5
1
2
8
1
1
168
1
3
2
1
1
1
1
1
1
2
1
4
4
1
3
1
2
25
3
1
1
1
1
1
20
3
1
12
1
2
56
1
1
1
2
6
1
1
37
1
1
1
4
6
1
4
3
1
92
2
1
6
14
1
1
7
2
1
1
3
7
1
2
6
1
1
1
3
1
2
1
1
1
1
2
2
2
4
4
1
17
5
1
1
4
1
1
1
2
5
103
1
1
85
1
1
7
1
1
1
218
2
4
1
1
1
363
3
1
1
11
1
1
1
5
1
7
1
1
7
1
1
1
14
1
22
3
15
1
2
3
1
20
1
1
25
17
1
1
1
1
5
1
11
46
1
1
9
18
1
9
1
1
1
1
7
1
24
48
23
1
1
2
25
34
4
3
1
3
1
1
1
1
1
2
2
1
12
1
1
36
1
2
79
6
1
1
1
2
4
4
5
1
8
1
1
1
1
1
2
4
15
22
1
1
1
1
2
1
3
1
4
9
1
2
1
1
1
1
3
1
14
1
1
1
1
1
1
2
20
1
1
3
1
2
1
1
1
1
1
1
1
2
1
1
1
2
140
45
30
1
2
1
1
1
4
2
91
52
1
4
5
1
4
1
1
1
1
1
1
3
1
22
1
9
6
1
3
1
1
1
1
1
1
1
4
1
1
4
3
2
1
6
1
134
21
1
1
1
1
1
1
2
1
1
1
1
1
134
3
8
1
3
1
1
6
1
2
1
4
8
1
20
1
4
8
2
26
2
7
1
1
16
9
1
1
1
1
1
90
25
1
1
1
1
38
2
2
122
1
1
4
1
2
94
1
6
10
1
1
59
62
18
3
1
3
1
1
1
41
4
2
17
8
4
1
1
1
1
1
2
5
1
2
3
1
4
2
3
12
1
1
39
1
1
2
1
1
200
4
1
10
3
1
5
1
1
1
2
2
2
2
2
1
1
6
220
6
1
7
1
20
1
217
5
1
2
1
1
1
1
12
1
4
10
3
1
1
1
1
38
14
5
1
3
1
5
1
1
1
1
1
2
1
1
1
2
1
4
3
270
1
1
3
16
2
1
2
1
2
17
1
2
1
1
1
90
1
1
359
1
1
1
1
15
305
2
1
1
1
52
1
2
1
1
11
1
1
3
1
1
1
1
3
1
1
1
1
1
1
2
1
4
1
1
2
1
5
1
3
2
1
7
1
1
1
2
1
65
5
1
1
1
1
12
1
1
2
1
36
1
5
2
1
2
1
2
1
1
1
1
1
2
3
1
102
1
1
28
2
6
2
1
8
63
2
74
1
1
1
1
1
1
5
1
1
18
27
1
2
2
4
1
1
2
3
2
1
1
4
1
1
2
1
3
5
556
1
1
1
1
1
17
4
10
3
96
1
4
1
1
1
2
1
1
2
1
3
1
1
2
2
18
1
2
1
1
2
9
1
1
1
91
2
1
1
1
1
1
8
1
1
1
1
1
1
1
7
1
1
1
7
2
1
1
92
1
1
9
3
1
1
24
1
1
1
2
1
2
8
40
1
1
4
1
4
2
3
14
1
9
2
1
1
1
2
15
8
14
9
1
1
1
4
1
1
65
1
4
1
1
1
23
1
4
1
1
1
12
1
2
1
2
1
1
1
2
2
4
2
2
1
1
1
1
8
2
35
368
59
8
2
1
4
1
1
1
1
4
1
1
44
1
1
1
1
4
1
432
5
3
1
6
2
1
2
9
17
1
1
1
2
1
5
1
1
1
1
35
1
2
1
2
1
7
1
1
1
5
1
277
1
1
1
1
1
1
2
1
34
1
1
1
2
2
9
2
4
1
2
9
1
1
17
3
2
2
30
21
5
340
2
1
4
2
1
10
1
3
1
1
1
1
1
2
2
1
1
1
1
1
1
1
2
6
10
6
1
1
1
39
3
15
3
2
5
16
2
1
1
13
1
1
1
6
1
1
1
2
20
1
1
3
1
20
1
1
4
2
1
1
9
1
1
1
1
4
1
29
6
6
3
1
1
1
2
1
1
1
7
14
1
1
1
13
1
2
63
3
1
4
1
1
2
1
2
1
1
1
1
3
1
9
1
1
1
1
1
1
2
63
1
2
1
15
1
5
1
6
1
1
1
1
3
1
2
1
1
1
1
2
3
1
2
1
75
3
51
3
2
5
1
16
1
1
1
3
1
1
1
1
5
8
1
3
1
2
1
1
1
6
5
1
1
1
32
41
1
17
1
3
3
31
1
10
1
1
1
2
3
1
12
40
255
1
1
9
1
1
2
1
3
1
2
131
2
1
10
5
6
1
47
2
1
2
32
4
1
3
1
2
1
3
1
1
3
1
1
1
1
180
9
1
1
1
1
1
1
3
2
1
1
1
2
1
1
3
1
18
1
1
2
1
1
7
1
1
10
1
1
1
2
8
1
1
1
1
19
1
16
1
1
1
1
2
1
1
4
1
1
2
1
24
2
1
1
3
1
1
25
30
3
3
1
1
1
1
5
1
1
1
6
1
2
1
1
6
27
1
1
1
3
6
1
1
2
1
1
1
4
7
8
1
1
1
4
18
1
1
1
4
1
4
33
1
1
1
72
7
7
1
1
1
1
5
2
20
1
3
1
1
1
53
1
80
1
2
1
2
1
4
1
1
1
1
3
59
424
1
3
4
1
12
5
30
1
1
3
1
151
2
1
2
1
1
1
1
2
1
10
2
1
1
7
113
1
1
1
40
1
3
256
16
1
1
6
6
1
1
134
75
1
16
3
1
1
2
1
4
1
74
1
1
35
1
1
2
1
3
8
1
2
7
1
3
1
1
3
1
2
4
2
1
1
2
1
3
1
1
3
5
39
1
6
2
2
1
1
1
1
1
1
16
60
6
1
1
357
1
1
7
5
2
1
1
1
1
11
75
1
2
2
1
1
1
19
5
1
5
16
2
1
7
1
12
1
1
2
1
3
2
1
1
1
1
1
1
1
1
1
4
1
1
1
5
1
10
3
1
3
11
2
4
1
2
6
1
1
5
1
1
1
8
1
1
1
1
1
5
1
1
4
1
1
1
1
2
1
8
2
1
2
3
5
1
2
2
1
1
2
1
6
1
3
5
1
2
1
2
1
1
2
2
1
66
1
2
1
38
1
1
1
1
1
1
14
1
1
11
1
59
1
1
1
10
1
3
55
61
1
3
1
1
2
2
11
10
24
1
1
1
1
2
1
2
7
2
2
1
1
1
1
2
1
1
59
13
3
1
525
5
1
3
1
2
2
1
4
13
2
1
1
202
1
2
1
1
1
1
19
2
4
1
1
2
1
7
1
1
2
1
1
1
45
39
2
1
1
3
7
7
18
1
1
1
1
1
1
2
116
1
1
2
1
46
1
1
1
1
307
1
1
1
1
1
1
6
1
1
1
3
1
1
1
94
52
2
25
2
1
15
2
1
40
1
9
1
1
1
6
1
1
2
1
1
1
6
92
1
1
32
404
2
1
1
1
14
4
4
1
1
23
2
1
25
1
1
1
1
1
10
29
2
1
3
1
2
29
124
1
1
2
3
1
28
183
1
21
1
1
1
2
1
1
5
1
16
1
1
1
1
1
19
1
1
11
13
1
3
1
1
3
1
2
1
3
5
2
1
7
1
1
2
1
1
1
1
1
1
8
1
3
3
1
63
3
1
2
1
1
2
1
1
2
18
1
5
1
2
1
1
2
4
1
1
2
44
1
92
2
7
1
1
1
8
1
1
3
26
1
4
1
1
1
1
1
1
1
1
321
1
315
1
1
10
18
181
1
19
2
5
1
5
1
72
1
2
2
1
279
11
1
1
6
13
1
1
1
1
8
1
1
4
77
5
2
1
1
1
1
1
1
1
158
2
5
2
1
5
1
113
7
1
2
2
54
1
2
1
1
1
1
1
1
1
1
33
1
18
1
2
2
1
1
3
12
1
1
2
1
1
2
4
1
9
2
9
4
14
253
2
1
2
1
1
4
4
41
18
1
1
1
23
1
2
1
1
1
23
2
1
1
1
1
2
3
3
1
6
1
1
2
1
10
1
4
1
1
1
2
1
1
42
1
1
8
1
2
1
5
2
1
1
1
6
1
1
1
3
5
3
1
4
23
1
2
1
3
4
5
2
1
1
2
1
1
34
1
235
3
1
11
1
1
1
1
1
1
2
1
1
3
1
1
1
2
4
8
1
1
1
1
1
1
270
3
9
1
2
178
3
1
58
1
1
7
1
1
5
1
110
2
4
1
1
1
1
2
1
2
1
1
1
1
1
2
1
1
1
1
65
1
1
10
1
46
1
1
6
1
1
1
5
4
1
1
2
8
1
8
1
11
1
9
1
79
1
108
1
1
1
2
2
19
1
1
5
1
50
4
32
1
2
3
1
1
1
1
1
1
1
1
1
3
51
1
2
1
2
36
13
67
2
2
1
1
4
5
1
1
2
1
5
1
1
1
1
8
1
37
1
1
6
1
5
16
1
1
6
1
10
5
1
1
1
1
2
2
2
1
1
1
1
5
1
5
1
1
1
1
1
1
1
1
14
2
1
1
9
1
1
202
41
22
1
3
1
1
1
4
41
1
1
1
1
2
67
12
1
1
1
2
1
1
1
1
1
4
1
18
2
1
3
1
4
31
2
12
1
6
3
2
3
1
7
11
8
4
2
13
1
46
1
1
1
1
4
43
1
1
1
1
1
1
29
14
4
1
1
2
1
2
1
1
1
5
3
1
1
1
1
5
1
1
2
1
1
1
1
3
1
1
1
1
1
44
1
8
1
2
1
1
1
5
1
1
2
1
58
1
1
11
2
126
4
5
1
1
2
8
1
3
17
2
1
9
13
11
2
2
1
8
4
2
6
1
11
1
49
1
4
3
1
1
16
1
8
1
1
1
161
126
1
1
1
1
1
1
1
1
1
8
1
2
3
2
8
225
1
1
1
1
1
7
1
1
1
1
1
16
1
11
1
22
1
2
1
1
1
1
6
5
1
2
2
3
4
5
1
4
2
4
1
61
23
4
1
1
1
1
9
3
1
9
1
3
8
1
2
1
1
2
3
1
4
2
2
378
1
2
11
1
3
20
1
1
1
1
2
2
41
28
1
104
3
1
1
10
2
4
2
1
9
1
18
2
1
1
1
1
5
37
1
1
1
2
1
1
2
2
2
1
165
2
2
1
1
1
2
4
65
1
1
53
4
1
216
1
1
2
2
1
1
10
1
1
5
3
2
1
3
1
6
2
45
3
2
1
1
1
1
3
1
1
1
1
19
9
1
1
1
1
3
28
1
2
5
1
1
2
1
1
5
2
416
1
1
1
1
1
107
2
1
19
1
2
1
24
13
2
1
20
1
1
1
2
1
1
1
1
6
2
11
8
2
1
1
1
6
146
1
1
6
1
2
9
6
1
4
36
13
15
1
1
237
1
1
2
1
1
1
1
1
1
1
2
1
1
6
13
1
1
1
1
1
9
52
6
1
2
1
1
31
1
1
1
74
1
5
16
7
1
1
3
1
137
2
3
1
1
4
1
2
14
3
1
3
1
11
93
1
1
1
8
1
2
7
1
1
17
1
9
2
3
13
6
24
1
1
1
3
2
1
279
4
2
1
2
3
6
3
2
1
13
1
1
1
2
1
1
1
282
1
246
1
1
1
1
3
1
1
1
1
15
2
1
2
1
1
1
1
23
7
2
1
1
1
1
31
1
1
1
1
3
1
1
2
2
1
34
1
2
5
1
2
1
1
1
1
1
1
1
4
2
15
2
1
1
1
18
1
1
1
1
1
4
1
2
2
1
7
205
7
29
4
1
3
2
1
1
6
1
12
1
3
1
1
1
3
1
1
2
6
2
1
1
1
1
3
118
1
1
4
1
14
2
1
1
1
27
1
1
1
3
1
4
1
2
17
39
1
1
7
10
1
7
1
1
106
1
1
26
1
1
1
2
2
1
1
6
1
1
9
6
1
196
2
2
1
1
1
8
4
6
4
1
1
6
1
1
2
2
6
1
1
1
8
1
17
5
1
2
2
3
1
1
34
2
12
15
2
2
2
120
2
1
32
2
1
16
29
5
9
1
1
9
5
14
1
1
2
1
1
5
1
2
6
1
1
2
1
1
3
4
1
2
6
3
4
24
7
2
1
5
22
21
2
1
48
1
1
1
1
1
1
3
6
1
1
6
1
2
2
1
167
5
1
11
66
1
1
1
1
17
4
1
1
2
3
1
2
1
2
1
1
1
83
1
2
1
1
8
1
2
6
1
4
1
1
2
1
1
4
1
2
45
1
14
1
8
6
1
2
1
3
1
1
2
1
2
2
1
2
1
2
1
1
2
115
1
1
2
5
1
29
1
1
1
17
1
2
1
1
6
1
6
16
1
3
11
1
1
1
1
1
1
1
1
6
1
1
1
1
1
5
1
1
69
10
3
1
35
141
11
1
2
2
183
1
1
85
1
1
1
1
15
2
1
1
30
1
2
1
4
1
1
1
1
1
11
1
1
261
2
7
1
1
2
2
1
1
1
1
102
1
1
1
1
1
1
1
11
1
2
1
1
2
6
2
1
1
4
18
1
1
1
1
3
1
5
4
1
3
1
6
10
1
2
1
9
1
1
1
1
1
1
64
1
29
2
6
1
2
1
21
1
1
1
1
1
3
1
7
1
3
61
1
2
2
1
2
1
84
36
30
2
6
1
3
2
1
1
1
1
1
1
2
1
1
1
222
1
3
14
1
8
2
2
1
1
2
1
1
1
17
1
4
1
1
1
1
3
1
1
2
5
2
5
1
14
3
2
1
5
1
1
3
2
1
12
1
1
1
1
5
1
1
1
1
20
3
1
1
1
4
5
1
4
1
1
1
1
1
2
1
1
1
31
1
1
1
1
1
2
1
1
67
1
35
1
42
2
6
2
1
1
1
5
2
24
2
15
2
1
1
3
1
1
4
1
1
1
1
1
6
1
1
1
2
1
1
1
28
1
24
8
4
2
1
1
1
5
1
1
1
5
2
2
9
1
1
1
11
2
1
1
38
1
1
1
1
22
4
1
1
10
12
1
2
3
46
1
9
1
6
1
1
3
1
1
1
1
1
1
1
1
1
1
2
8
1
1
3
2
1
1
1
1
1
1
1
1
2
3
25
1
5
1
60
1
5
17
1
5
67
1
1
1
76
1
1
1
1
1
2
2
1
1
1
15
1
3
1
1
1
1
1
1
4
1
3
1
1
1
25
5
1
7
1
1
1
202
1
1
1
256
149
1
1
1
1
2
2
1
1
3
15
8
1
17
1
1
1
13
5
1
9
11
1
3
2
8
1
1
2
1
3
7
23
4
1
89
1
2
38
1
1
6
1
6
11
23
204
1
19
1
1
53
1
1
2
1
4
1
2
1
2
4
3
6
1
10
1
2
1
1
1
1
9
1
1
1
1
3
1
12
4
1
1
1
1
1
3
120
1
1
1
2
1
2
1
7
66
7
3
2
1
61
12
1
1
1
1
1
1
2
1
1
1
1
1
254
1
7
1
3
2
2
1
1
1
1
1
2
1
2
2
1
1
6
1
1
39
2
1
3
1
2
1
2
5
1
1
1
2
1
1
8
10
1
1
1
1
1
1
7
1
2
1
1
6
1
2
1
1
1
1
7
1
1
1
3
1
3
1
1
1
1
1
7
1
1
1
3
3
14
4
3
1
1
1
3
3
7
1
1
173
1
3
1
16
2
1
1
1
1
1
1
4
3
2
1
4
40
3
2
1
1
1
1
13
43
1
10
1
2
1
2
53
1
1
11
2
6
1
1
1
2
6
1
7
1
1
4
1
4
4
35
9
1
28
1
1
58
1
3
1
1
22
14
1
2
2
1
1
76
3
2
1
1
1
15
1
1
1
48
1
3
2
1
1
1
21
9
1
3
6
1
4
3
346
1
1
1
1
1
1
5
41
1
2
1
1
2
7
1
1
2
57
1
1
1
6
1
1
3
1
1
2
1
1
1
1
1
1
1
2
1
11
1
1
1
1
1
1
3
10
4
1
1
1
98
2
1
1
13
1
1
1
1
3
1
1
2
72
1
2
1
1
1
58
9
1
1
1
1
1
3
20
1
1
34
1
16
2
1
1
2
2
1
1
2
11
1
1
1
1
1
5
2
1
1
1
1
1
1
1
4
2
2
3
2
1
3
1
3
60
3
1
1
1
3
1
6
2
3
2
1
2
1
10
23
2
1
4
1
35
158
1
1
1
1
4
69
1
1
4
2
1
16
2
1
1
2
2
1
3
1
1
1
1
2
1
1
1
1
1
10
1
7
25
1
16
1
1
1
1
4
11
1
1
1
1
1
1
1
1
7
37
1
15
1
5
15
11
3
1
1
258
1
1
4
1
8
4
2
20
3
6
1
5
124
1
1
1
1
3
3
29
1
2
11
1
107
10
1
1
2
1
2
3
86
3
1
2
4
10
8
1
3
3
56
1
174
11
1
1
1
1
1
3
1
2
1
1
1
3
18
4
1
4
1
3
4
1
1
6
8
1
1
1
6
4
2
2
3
1
5
1
2
4
1
3
7
4
5
2
1
2
11
1
1
1
1
1
1
3
1
1
1
3
3
6
2
1
1
5
1
1
1
20
1
1
6
1
1
3
1
2
3
1
2
18
55
11
6
26
9
53
4
1
1
28
1
60
1
4
2
172
277
324
2
1
5
4
2
1
8
2
36
1
1
10
32
2
1
1
1
2
3
1
3
1
2
202
1
1
1
1
1
1
1
4
2
1
6
10
8
1
10
1
13
5
1
1
154
1
1
1
4
4
463
4
146
1
35
1
2
3
1
2
59
2
1
2
1
3
5
1
2
1
1
1
2
1
4
3
11
1
18
18
4
1
1
2
1
1
1
1
1
11
1
30
31
1
1
1
68
1
1
2
1
104
2
1
7
1
1
1
1
1
196
1
1
2
2
1
12
2
2
1
3
1
1
1
1
1
1
1
7
1
1
1
1
3
1
26
1
2
1
1
4
1
4
1
1
1
4
2
3
2
1
1
4
1
418
1
30
1
1
1
8
1
2
2
1
1
1
1
6
1
10
3
2
3
228
1
2
2
1
9
3
2
1
8
3
2
34
1
1
1
15
1
1
3
1
1
1
1
1
2
1
1
5
13
1
1
10
1
2
1
3
13
7
10
295
137
2
1
1
12
2
2
1
1
52
1
2
2
1
2
33
2
13
8
1
1
2
1
18
1
1
6
1
1
5
2
1
1
1
2
1
1
1
2
1
1
7
3
1
2
10
1
1
17
1
21
1
2
1
12
22
1
4
2
3
12
1
8
1
2
1
1
4
3
1
1
1
1
3
93
2
2
3
2
1
1
1
2
1
2
4
3
1
1
1
21
1
1
1
1
10
1
1
26
3
20
2
1
4
7
55
1
1
1
9
1
1
1
1
17
1
1
1
22
2
8
11
2
1
1
4
1
1
2
1
2
2
1
1
1
1
1
7
88
1
1
1
1
1
1
2
2
1
2
16
1
1
87
40
1
1
1
1
1
1
5
1
3
1
1
147
8
8
2
22
1
1
1
18
4
1
11
1
20
1
1
1
2
263
4
1
1
4
1
2
1
1
3
1
6
1
1
1
3
1
1
14
1
2
2
2
1
6
6
287
3
1
1
4
2
4
1
1
1
19
2
1
1
1
55
1
5
1
1
1
1
2
1
9
1
1
2
1
1
1
7
31
1
1
2
347
39
1
1
1
1
24
1
14
6
3
10
1
1
2
2
3
1
1
430
2
1
1
1
3
1
1
1
1
25
8
1
2
2
23
1
1
1
3
10
2
1
1
1
3
40
2
21
1
15
3
2
1
13
1
1
4
25
8
1
2
3
3
7
50
1
4
2
7
2
16
1
3
2
13
1
6
1
3
1
1
1
1
10
1
1
7
2
1
2
1
8
1
1
3
1
1
1
1
7
1
40
1
1
1
3
21
5
1
2
33
1
1
424
1
70
1
1
2
1
9
2
1
1
1
1
8
1
15
1
1
1
2
1
25
2
1
1
3
8
2
1
5
1
1
1
1
1
1
3
5
1
1
2
1
1
4
2
1
1
2
2
2
1
1
1
3
1
1
51
1
2
4
1
136
11
1
1
6
1
2
3
1
33
1
1
2
1
1
2
5
1
5
1
1
2
1
25
1
11
1
1
1
1
1
1
2
1
2
6
1
14
3
1
5
4
1
1
13
2
1
10
32
5
2
9
1
1
1
3
16
58
3
2
25
27
1
3
1
1
387
1
1
39
1
3
3
1
193
2
1
3
3
1
1
2
1
18
2
1
3
2
1
9
44
1
2
1
19
2
1
2
2
45
1
5
1
19
1
2
10
1
6
1
2
1
2
2
1
1
1
2
3
146
2
2
1
1
91
27
1
1
2
1
2
1
1
2
1
13
1
1
1
1
9
1
1
1
22
2
1
1
1
1
1
1
3
2
1
12
16
2
3
3
199
7
2
1
3
62
11
1
12
2
1
1
1
1
1
86
1
1
6
1
1
5
1
3
1
1
2
13
2
11
1
1
62
2
2
16
3
1
2
1
1
1
2
5
1
1
5
1
1
1
1
6
4
1
1
1
1
2
1
3
3
2
12
6
1
2
1
1
1
2
1
1
1
31
41
1
12
1
33
2
2
1
8
1
1
1
1
7
2
3
1
1
1
1
1
22
4
3
35
1
1
5
1
1
1
7
4
5
4
1
1
2
47
1
7
1
3
1
18
1
1
2
1
1
2
1
1
8
1
3
2
1
1
2
1
1
1
1
4
1
1
1
1
1
1
1
1
6
1
2
1
1
1
1
2
9
1
1
1
18
1
1
1
1
1
1
1
1
1
2
1
26
1
1
2
3
2
2
9
3
1
1
3
1
29
6
116
4
1
1
1
2
29
4
6
1
1
1
1
1
1
116
1
1
1
2
238
1
1
2
1
2
3
1
1
1
1
5
2
1
4
1
1
2
1
1
2
6
1
1
3
5
3
8
1
1
1
1
1
1
3
1
1
6
16
1
1
15
1
1
3
6
6
2
12
14
8
3
1
8
4
2
1
1
1
1
1
1
1
1
3
1
1
5
1
60
18
1
2
4
4
236
1
4
1
1
3
2
46
2
13
1
1
3
1
18
1
18
2
76
1
1
1
39
1
1
2
1
2
1
3
1
13
2
1
1
8
1
19
2
6
2
1
1
1
1
1
1
3
1
14
2
1
1
5
1
2
2
4
1
2
1
3
1
1
3
1
3
2
1
1
78
1
1
1
33
1
1
7
1
1
1
2
1
1
4
1
10
4
7
1
20
1
1
1
5
1
7
4
3
2
1
14
1
2
2
1
1
1
1
1
1
1
1
1
2
1
6
5
1
1
52
5
1
2
1
2
2
1
2
1
1
1
1
1
2
1
1
1
1
1
2
17
1
6
17
1
1
1
1
19
1
4
1
1
7
6
2
1
7
1
1
1
1
1
2
3
89
1
1
1
1
2
4
1
7
190
5
1
28
3
1
1
1
113
11
1
1
1
1
2
11
1
2
1
1
2
1
1
3
1
1
1
17
1
8
3
2
1
2
1
1
2
1
1
1
1
32
1
1
1
3
5
1
1
1
2
1
7
1
95
1
2
3
1
9
1
2
2
1
1
1
2
1
51
1
6
1
2
2
106
2
1
1
1
1
1
1
7
1
4
49
1
22
1
1
17
85
1
3
1
1
1
1
1
26
6
22
1
1
1
5
1
1
2
3
1
19
12
1
2
1
7
1
153
2
27
1
4
5
4
1
1
1
3
2
14
1
13
1
2
1
3
1
2
14
1
3
4
1
2
1
1
1
1
1
1
5
1
1
1
9
16
1
1
2
1
1
1
19
3
1
1
1
1
2
4
8
12
1
2
1
1
7
1
1
1
64
4
2
3
1
2
2
1
3
2
1
15
1
1
12
1
2
1
2
2
5
2
1
1
2
6
6
1
7
1
1
1
1
2
3
1
1
1
1
4
5
1
1
4
1
2
1
1
1
1
1
4
1
1
1
2
2
1
1
1
2
6
5
1
4
1
1
1
3
1
2
1
1
3
8
11
13
1
1
2
15
1
1
5
1
2
2
1
3
1
1
2
1
6
2
2
1
75
64
1
2
9
11
1
1
1
3
1
5
2
6
1
1
420
1
5
1
2
2
4
1
1
26
1
1
3
1
1
2
13
220
1
49
4
1
1
1
1
1
1
22
1
1
1
7
1
7
1
1
243
1
1
1
2
1
3
173
21
3
1
31
997
2
1
1
1
8
1
1
1
1
3
9
1
1
1
8
1
1
1
89
3
18
1
1
10
6
5
2
2
1
1
1
5
18
16
1
1
1
1
1
1
1
8
3
1
29
2
3
1
3
3
1
1
1
2
3
1
1
1
84
1
1
1
2
5
1
1
6
1
2
1
16
1
3
1
1
1
10
1
46
1
1
2
1
1
1
103
3
4
2
8
29
1
1
3
115
7
1
63
2
1
8
2
3
1
1
9
5
1
5
1
1
29
31
178
1
18
5
2
1
1
1
1
18
7
2
1
9
8
1
2
2
1
2
1
1
15
1
1
235
1
1
8
3
1
2
1
50
1
15
6
1
2
2
1
1
1
1
2
5
1
5
1
2
2
1
1
1
1
4
1
1
6
1
1
267
1
1
44
1
2
1
1
1
1
1
5
1
2
1
1
1
1
3
1
1
1
1
1
2
1
1
3
1
1
2
7
1
1
1
101
2
5
2
3
2
34
1
1
2
1
1
1
4
1
1
1
1
7
4
2
5
2
2
110
307
1
1
1
1
3
1
2
1
2
1
1
2
7
1
8
114
1
16
1
3
1
1
1
17
1
1
1
3
8
1
2
18
1
1
1
6
1
1
1
2
1
1
1
1
1
12
2
1
1
2
1
1
1
2
1
1
1
1
1
2
3
8
1
3
1
1
1
1
1
19
1
2
4
1
1
1
1
1
8
15
1
1
1
1
1
1
1
1
1
2
4
1
1
2
1
2
1
1
2
11
13
8
1
4
1
32
1
1
2
1
1
4
6
6
2
9
5
15
1
4
1
11
9
3
1
2
5
34
1
1
2
1
1
9
2
4
1
2
1
14
3
1
2
1
1
1
4
1
104
36
1
8
1
3
22
1
1
6
3
13
8
2
2
1
2
1
1
1
1
2
2
1
1
2
1
1
1
1
1
1
4
4
790
1
2
2
1
2
3
1
1
10
1
1
1
1
1
45
22
5
1
2
4
23
1
36
16
2
1
1
3
35
2
1
2
1
1
2
1
1
1
1
1
3
10
1
1
1
2
1
1
3
2
1
1
1
1
31
1
2
6
1
1
9
2
1
3
10
4
1
1
1
3
1
5
1
2
14
3
17
1
4
1
2
1
42
1
1
1
10
2
1
1
2
1
1
42
1
1
2
1
26
1
8
1
1
1
3
1
1
137
1
2
2
1
2
1
5
1
1
1
1
3
2
1
1
94
2
2
1
3
9
1
2
3
4
93
1
2
9
1
1
9
1
1
1
3
62
8
2
2
1
1
1
1
43
8
2
2
1
6
160
1
2
2
4
3
22
1
13
2
1
2
1
4
1
2
1
30
1
1
1
4
2
1
2
1
1
2
27
11
3
2
26
1
1
1
6
2
1
8
33
1
1
2
27
2
1
1
1
9
1
1
1
8
1
2
138
1
4
2
1
1
4
1
2
1
2
4
1
316
2
4
2
2
1
2
3
5
1
22
86
2
10
1
4
65
6
9
2
1
3
2
4
1
1
1
9
1
1
1
1
2
2
3
10
6
6
1
1
2
4
2
1
56
1
1
1
9
1
60
1
1
1
3
1
4
39
2
10
49
2
10
1
3
2
4
1
1
2
27
5
24
2
1
4
25
8
2
1
10
16
37
2
1
1
1
1
1
9
2
8
1
1
1
2
2
1
2
1
3
58
1
1
1
3
35
4
1
1
2
5
7
1
1
2
70
1
3
58
26
2
2
2
1
1
1
37
492
6
4
8
2
3
84
1
1
1
3
2
2
83
2
1
1
1
1
1
2
1
1
2
2
1
1
2
1
1
1
2
8
1
1
2
1
2
17
1
1
5
1
1
1
2
2
1
1
3
3
1
1
1
2
2
1
1
2
12
1
1
9
3
3
1
4
816
1
1
2
4
142
1
1
1
1
2
7
1
1
1
1
6
4
2
1
1
4
1
3
1
64
1
3
2
1
1
1
1
26
6
1
3
1
3
2
4
22
40
6
2
3
3
4
1
1
6
2
1
5
1
2
1
4
1
1
1
32
8
1
1
1
2
1
4
4
1
2
1
4
7
1
56
3
1
1
6
1
1
1
1
1
1
1
7
1
1
1
1
3
1
1
90
1
68
60
1
2
1
1
45
1
6
1
1
3
1
1
27
54
1
16
1
7
7
1
5
1
1
1
1
16
5
1
1
1
2
1
1
1
1
3
1
2
3
1
1
1
1
4
1
56
3
4
1
8
1
18
1
10
1
1
1
4
1
1
10
13
5
1
33
1
18
2
1
420
1
2
2
1
1
1
1
1
1
3
2
1
5
1
3
3
3
4
1
1
1
1
1
6
19
1
9
1
4
1
2
14
1
2
2
1
2
1
14
1
1
1
