27
24
3
13
7
2
21
71
5
11
1
9
18
4
4
3
1
2
2
11
2
36
1
63
13
5
2
9
2
8
4
1
3
9
1
13
5
28
5
2
4
16
3
3
2
1
72
8
24
8
1
3
1
23
1
17
49
13
2
1
5
1
8
114
14
68
22
8
2
28
6
3
4
159
16
45
433
38
4
6
11
1
13
19
6
2
2
58
52
7
7
1
6
12
2
10
2
47
6
9
1
5
1
1
6
3
2
2
21
256
2
1
2
17
1
2
14
4
5
2
1
16
285
12
56
2
2
2
48
3
18
2
110
2
32
20
1
33
1
2
180
3
6
1
5
1
12
1
39
1
24
34
3
12
11
56
3
2
2
3
5
9
40
16
2
9
4
19
11
46
1
305
2
3
77
10
1
10
7
23
1
7
3
34
2
3
5
9
65
4
3
2
6
3
4
5
3
17
15
1
2
15
23
24
2
47
7
3
6
122
7
10
4
19
46
36
3
23
4
9
1
4
1
4
38
1
5
2
1
103
2
15
7
2
5
20
39
8
1
1
1
3
1
1
13
2
9
3
43
4
3
2
27
1
14
1
2
4
35
3
2
1
13
2
2
7
1
3
2
56
8
2
9
52
6
17
14
52
13
22
8
3
71
2
76
26
7
25
3
7
68
7
8
3
2
2
66
5
3
2
33
10
2
36
5
33
2
19
43
2
2
6
2
2
1
2
26
34
14
45
14
78
4
2
2
21
3
2
6
2
1
17
6
3
1
12
12
6
24
2
2
3
2
1
5
5
1
30
26
5
3
2
7
1
2
11
11
2
3
55
2
85
48
20
3
2
2
15
2
3
1
9
3
5
13
87
2
1
2
9
2
1
1
11
3
10
4
21
1
2
44
2
160
11
4
48
7
3
1
28
9
63
8
20
1
8
6
9
2
11
7
4
2
97
1
1
89
37
160
10
2
2
1
18
1
53
18
1
5
4
34
2
25
9
3
4
4
29
19
8
8
2
6
3
3
1
1
2
2
2
1
81
3
21
9
95
22
17
27
42
25
9
2
32
4
3
3
2
20
87
4
27
2
3
9
1
1
2
43
8
6
10
1
1
97
3
7
3
7
4
1
4
2
8
1
12
30
29
7
1
6
1
78
4
1
8
4
1
4
11
3
26
3
7
2
9
4
2
2
12
13
7
4
4
22
1
6
21
12
1
5
1
14
2
15
5
1
326
1
2
4
15
57
1
17
3
41
4
9
1
5
3
23
1
2
16
5
3
1
4
7
8
47
1
2
2
40
2
1
69
37
5
1
1
68
7
52
7
1
13
67
4
2
7
4
7
5
1
2
127
12
7
23
2
21
8
14
35
26
109
6
3
20
2
1
43
3
2
1
1
5
2
2
2
1
3
1
4
14
2
1
12
1
17
31
3
18
372
7
3
8
113
5
4
10
1
8
2
5
63
3
1
95
4
7
4
57
95
3
4
1
71
3
8
5
4
1
6
11
7
14
2
2
2
2
7
10
13
71
4
1
6
83
12
1
13
18
75
8
8
2
5
2
6
127
11
13
7
3
1
1
10
2
4
4
1
1
2
3
7
19
47
3
1
10
51
10
4
2
48
3
4
40
12
1
2
2
2
1
4
39
2
2
4
2
32
2
1
457
4
4
5
2
1
67
4
1
6
5
168
2
52
2
4
17
2
14
2
24
8
1
4
26
58
38
1
40
5
11
5
30
104
1
2
5
1
15
3
2
27
8
23
37
5
11
1
31
1
16
50
2
20
425
3
2
1
4
1
2
1
1
31
4
12
19
45
8
421
1
47
423
2
10
1
1
1
22
19
24
62
3
2
1
1
3
56
5
5
8
1
8
51
63
1
1
19
