1
2
1
1
7
6
1
1
2
2
2
6
3
1
6
1
5
13
3
1
2
1
1
1
8
1
2
27
3
8
4
4
1
2
3
2
2
1
1
2
2
2
1
1
3
1
1
9
1
2
2
2
1
3
4
5
3
1
9
2
3
1
1
5
1
3
2
1
2
2
1
2
12
2
5
3
4
3
1
2
2
1
4
1
2
2
1
3
3
1
1
2
1
3
3
5
6
3
1
2
1
1
1
4
9
2
7
1
1
3
1
8
3
1
2
4
1
5
1
3
2
1
1
1
7
1
4
1
6
2
2
1
2
1
1
1
1
1
1
2
1
6
2
1
11
6
4
1
3
1
3
1
5
1
1
1
2
1
3
1
1
2
3
1
4
3
2
1
2
4
2
1
1
1
2
7
2
2
2
2
1
2
2
1
2
1
1
1
1
3
1
4
1
2
2
1
2
2
6
1
5
1
2
2
3
5
1
1
1
4
1
6
1
4
1
2
4
1
6
5
3
2
1
5
1
1
2
4
2
3
1
2
3
2
5
1
2
2
1
4
2
1
1
1
2
1
1
2
4
1
17
1
5
2
3
2
2
8
2
1
1
1
1
2
5
1
2
2
2
3
5
2
4
1
1
3
1
3
6
1
1
8
1
5
2
2
1
1
1
6
2
3
3
2
1
2
1
1
1
2
1
2
2
1
1
1
3
1
3
2
1
1
2
1
10
1
1
1
1
