1
3
3
3
6
1
7
11
9
6
5
27
1
2
9
2
11
7
20
2
5
2
2
1
1
3
6
1
3
3
2
13
3
7
3
10
4
1
10
4
7
1
5
1
1
12
3
2
10
1
1
2
3
6
2
19
6
5
3
9
2
1
13
9
12
4
2
12
1
2
1
24
1
12
1
8
1
4
2
1
1
12
1
2
5
1
6
2
2
2
2
3
1
1
3
6
1
1
21
1
7
3
4
9
1
1
5
27
1
1
2
1
2
3
1
5
1
5
12
2
1
3
3
1
2
25
4
1
2
1
2
14
9
11
3
25
1
3
3
8
2
2
14
4
7
2
1
1
9
26
1
2
1
8
4
6
9
7
4
3
14
4
1
1
5
3
1
1
6
1
6
18
5
2
6
24
4
2
14
2
9
1
5
5
5
3
1
2
2
6
1
2
2
7
1
13
11
8
2
2
3
2
1
10
1
1
3
3
7
3
1
1
28
1
2
2
3
2
28
2
2
1
1
1
1
2
16
2
3
34
11
14
4
1
6
10
1
2
1
2
4
1
2
9
7
19
4
1
6
11
2
1
4
3
4
6
1
3
2
1
1
2
25
5
9
11
1
1
2
23
2
5
4
5
3
3
4
1
3
1
8
6
2
3
4
16
7
1
10
13
24
3
2
1
3
11
1
9
3
2
1
1
2
5
1
1
1
13
1
3
1
1
1
8
2
6
5
4
1
3
6
14
1
1
1
3
1
2
3
2
1
25
1
3
8
1
5
8
33
1
2
2
3
1
21
1
4
3
10
5
1
1
1
2
3
2
3
1
1
3
2
3
3
1
52
10
1
2
28
7
50
4
2
3
2
13
2
6
1
1
1
1
2
2
10
2
4
6
1
1
1
1
1
2
17
1
2
2
1
7
1
1
2
2
10
4
8
2
2
1
1
2
1
2
1
3
1
1
2
2
5
2
3
4
6
1
1
1
1
6
3
1
5
1
25
2
19
9
18
21
2
2
3
1
7
4
1
9
3
4
1
16
4
9
1
2
3
4
3
1
4
2
1
8
30
9
5
2
2
2
4
2
2
2
15
14
1
1
1
2
13
6
3
2
1
2
2
5
8
22
2
1
9
10
2
2
2
7
2
2
13
1
4
2
2
3
6
1
2
1
2
24
2
11
8
2
4
2
2
3
1
5
26
1
1
1
1
5
34
1
4
1
1
2
21
1
2
1
17
5
5
8
11
1
2
2
1
8
2
8
2
1
1
3
1
5
8
1
1
4
2
1
1
3
13
2
17
2
1
1
9
1
2
2
1
1
1
15
2
1
3
1
15
1
3
3
2
12
8
6
1
13
1
15
19
1
5
1
2
1
20
7
2
27
1
5
1
2
67
8
1
1
2
20
1
1
1
3
1
2
4
2
14
25
2
1
35
1
3
11
1
13
15
3
11
1
1
1
3
1
3
2
2
8
8
5
1
3
8
1
1
4
3
13
6
1
1
3
1
9
1
2
6
16
5
4
2
9
8
1
6
1
3
2
6
2
2
5
2
12
13
3
1
13
14
9
1
4
2
3
2
1
3
1
1
11
2
4
2
6
25
3
1
3
3
3
1
4
8
11
3
4
4
11
1
2
2
4
2
1
11
3
2
35
4
1
1
2
3
3
8
1
25
1
7
5
3
1
1
12
6
4
1
2
3
4
2
18
2
13
4
1
1
5
7
3
2
15
8
3
1
3
1
16
1
1
2
1
1
1
26
8
1
15
3
10
5
2
4
4
2
9
4
6
3
4
1
5
1
4
1
2
5
5
9
10
1
22
5
4
2
1
2
2
3
1
1
6
11
3
8
4
4
1
7
5
5
20
5
20
1
2
5
2
7
3
3
4
2
2
2
2
1
2
6
5
1
2
1
8
9
2
34
3
1
1
3
4
5
13
1
4
3
1
2
15
10
7
1
1
10
6
1
8
2
32
1
1
3
1
1
3
1
7
3
11
1
6
8
2
18
3
5
1
3
2
2
2
1
27
3
2
1
30
3
3
16
1
1
58
2
10
2
7
4
1
2
1
9
1
10
1
3
1
2
1
1
3
11
11
1
3
2
25
5
3
5
17
1
2
1
1
2
11
2
2
1
2
7
2
18
3
4
12
3
3
3
10
6
1
2
12
1
1
1
7
7
1
1
1
6
29
2
1
1
3
6
1
4
3
3
1
9
1
3
3
22
1
1
3
4
9
2
10
7
3
2
3
2
1
4
1
2
8
2
20
1
1
1
2
17
1
2
1
11
2
4
1
5
24
1
3
1
4
1
23
6
2
1
1
27
8
2
10
2
3
6
1
4
1
3
1
3
2
20
2
36
6
1
1
2
1
1
1
22
3
3
4
5
1
35
2
1
6
3
9
3
4
3
11
1
7
6
19
8
2
1
1
6
2
2
2
1
1
1
3
5
2
5
5
4
5
3
6
7
1
2
8
1
3
16
3
7
2
4
10
1
2
1
1
1
5
4
22
22
2
8
3
1
6
1
27
2
1
1
1
5
1
1
3
1
1
22
3
1
9
4
36
1
1
1
9
9
2
5
3
1
3
15
9
1
2
9
12
1
8
4
1
1
7
1
1
5
2
4
1
1
1
5
1
2
3
8
1
1
2
7
2
4
3
2
1
10
10
1
4
1
2
1
4
2
1
1
3
1
23
22
2
5
2
15
1
1
2
2
3
3
1
4
6
2
2
4
6
1
10
3
3
3
1
1
1
25
3
2
24
27
1
1
3
2
4
3
7
2
7
2
2
11
2
7
6
3
5
19
1
2
6
1
20
5
1
2
2
8
1
1
4
1
5
2
3
1
8
4
2
10
8
2
12
3
2
3
2
2
1
1
1
2
3
8
1
1
2
1
4
8
10
3
1
2
6
1
4
1
11
1
2
5
2
3
1
12
5
2
1
22
42
1
2
3
2
2
2
1
2
1
1
20
2
1
3
2
7
5
1
56
2
1
1
4
2
7
3
2
16
7
13
1
1
21
2
1
3
2
3
13
15
2
5
3
9
5
2
34
3
1
1
10
2
1
2
3
30
3
7
7
2
1
1
1
7
4
3
13
1
1
2
3
2
3
2
2
2
4
1
1
1
14
2
2
3
1
28
2
7
26
7
3
6
4
32
1
1
5
2
7
4
10
7
3
14
16
3
1
3
5
5
12
1
2
2
2
7
5
1
1
11
1
1
3
2
1
7
1
2
3
2
1
2
10
1
3
1
1
1
6
5
2
8
3
1
1
1
1
3
3
24
2
2
2
1
3
11
1
6
19
5
1
2
6
5
1
11
4
3
5
6
2
3
4
3
15
2
2
6
5
3
1
13
30
1
6
3
2
4
5
1
4
1
2
3
6
4
3
2
3
3
3
4
1
1
10
1
26
1
23
1
2
1
4
1
34
1
1
1
1
1
10
3
20
3
1
2
4
1
3
34
5
13
1
2
3
4
4
1
2
41
6
3
3
1
2
1
9
6
4
5
1
4
1
2
1
2
2
5
4
17
1
17
8
4
18
5
4
1
3
5
2
2
3
1
5
3
1
1
3
1
6
2
1
13
2
1
2
14
3
1
4
1
5
2
4
1
5
10
2
5
2
1
1
1
46
1
9
2
7
5
6
2
4
2
3
11
1
3
8
4
1
1
1
7
6
1
5
16
23
25
5
6
2
1
2
4
13
12
8
5
4
20
9
1
9
1
8
1
1
1
2
2
1
1
13
8
2
2
3
1
15
1
2
1
3
9
1
1
1
6
6
6
1
2
2
2
1
34
1
27
1
16
6
25
42
1
1
16
2
1
13
2
1
1
2
8
2
2
3
1
10
1
10
1
1
4
1
15
33
1
2
3
1
1
7
5
6
2
2
11
1
19
2
19
4
6
1
2
1
2
3
1
1
38
1
1
7
6
6
2
11
4
4
1
1
2
2
3
7
3
2
4
2
4
2
1
1
17
8
7
4
7
1
1
19
45
1
3
11
1
2
4
8
4
7
1
5
3
1
2
1
4
4
6
11
1
2
2
1
22
6
5
2
6
2
2
1
2
1
3
6
5
12
17
6
10
4
4
19
3
11
7
2
22
1
4
4
2
11
1
5
6
4
20
5
8
1
3
5
8
3
3
1
4
9
11
22
2
12
11
46
2
2
9
1
5
8
3
1
2
1
9
8
2
19
2
1
16
1
2
1
5
3
2
8
7
19
5
18
1
15
2
2
3
2
9
7
5
1
8
2
1
8
2
1
2
1
2
1
3
4
3
1
2
4
14
3
13
2
3
14
1
1
16
3
4
3
11
1
14
21
4
2
9
10
4
2
1
3
2
1
7
2
2
11
13
1
9
2
4
3
1
8
15
2
8
5
17
11
8
12
1
4
1
1
34
2
3
7
1
1
2
2
9
