5
4
2
3
4
1
3
1
1
2
2
12
1
4
27
4
1
1
4
1
19
7
1
1
10
4
1
3
1
6
3
10
4
7
4
10
9
2
9
1
2
1
2
12
2
1
2
3
3
5
3
1
1
1
1
8
3
1
1
35
7
1
8
1
2
2
1
1
11
3
1
1
1
1
3
3
4
1
2
4
1
10
2
10
7
2
1
2
6
14
26
1
3
12
3
5
5
6
12
1
4
1
5
3
1
2
2
1
2
3
2
4
1
5
11
6
3
3
2
2
9
8
2
1
6
20
2
14
10
3
6
1
8
1
10
4
8
2
2
3
3
1
1
1
3
1
4
10
2
3
2
2
2
1
2
3
5
18
1
4
3
4
10
3
1
1
2
22
2
2
2
8
13
1
1
1
2
1
13
1
1
3
1
1
5
15
49
6
5
1
2
1
8
2
1
1
6
6
1
5
3
4
2
3
3
4
4
4
1
2
1
9
12
1
30
5
3
2
3
1
1
1
2
1
5
1
14
1
7
7
1
1
6
1
1
2
1
1
3
3
1
4
3
1
3
4
1
1
1
7
1
3
18
3
11
1
1
1
1
3
1
1
1
2
2
16
1
1
4
11
3
4
6
2
4
4
1
1
2
2
1
2
3
19
1
10
2
2
2
3
5
10
1
5
5
2
3
3
1
1
1
21
5
10
1
8
6
9
2
2
3
1
2
5
18
3
1
1
7
1
12
4
2
6
4
2
1
1
1
1
14
4
1
1
2
8
9
1
5
15
2
1
1
2
1
6
2
1
1
3
12
3
2
2
2
4
2
3
2
1
1
1
2
2
2
4
2
6
7
1
11
4
13
2
4
2
2
38
1
2
1
1
5
30
1
2
4
11
3
2
1
1
1
14
1
2
2
6
2
2
1
1
1
1
1
1
2
1
10
2
2
1
1
15
5
29
1
9
1
4
5
5
2
5
4
7
5
8
1
2
1
1
2
18
10
1
2
2
8
6
3
1
3
3
2
4
2
1
6
2
14
3
2
2
18
1
1
1
7
2
5
4
2
2
1
2
5
1
1
4
5
1
11
10
1
4
4
1
1
2
6
1
2
13
2
7
3
5
4
1
7
6
2
1
31
3
2
8
1
1
4
11
5
4
3
2
3
4
1
1
5
3
1
1
3
4
2
1
3
3
1
1
1
1
6
1
4
2
1
2
2
1
3
5
1
3
4
6
8
1
6
1
7
8
6
6
7
1
1
1
8
2
2
11
2
1
1
1
3
1
2
4
5
1
1
1
4
4
1
1
2
6
4
1
1
1
2
1
2
1
5
4
2
5
1
1
3
2
11
1
10
2
1
1
1
1
1
1
2
1
1
1
1
2
1
8
1
5
1
4
1
6
6
3
1
1
1
1
3
5
11
18
2
1
1
1
9
1
1
1
3
6
8
1
5
4
2
1
1
1
1
2
1
11
2
4
3
2
4
4
3
10
3
4
1
1
1
1
2
4
6
2
1
2
1
2
8
1
4
2
1
1
5
4
1
2
1
1
15
4
2
1
3
1
3
3
1
2
3
1
17
4
4
2
10
1
18
1
4
5
3
1
2
5
9
24
22
1
2
1
11
2
3
8
1
1
8
1
3
3
1
2
1
1
1
2
2
1
6
5
2
4
6
3
3
9
2
2
3
1
4
2
2
5
2
1
4
5
4
6
9
6
1
2
1
2
1
1
1
1
12
4
1
8
1
1
3
3
13
13
1
9
22
10
1
12
2
2
1
7
15
20
3
6
3
1
1
3
1
4
3
2
1
3
1
1
15
1
2
2
6
5
1
12
30
2
2
1
3
7
1
2
1
1
4
1
2
5
21
7
7
7
2
1
1
3
1
1
1
1
1
3
1
6
3
5
2
4
4
2
1
4
1
2
2
4
2
1
7
2
2
7
4
10
2
2
1
2
12
2
1
3
1
1
2
1
1
1
9
1
1
12
35
2
1
4
4
1
1
3
1
1
7
2
7
13
1
2
6
31
3
38
4
18
1
17
3
2
1
11
1
1
1
1
1
1
2
1
9
9
3
1
4
6
1
4
1
14
1
4
2
8
3
1
1
9
1
2
2
1
1
2
1
3
12
3
1
1
1
2
1
51
3
1
2
10
3
1
1
7
5
2
3
3
4
11
12
11
4
10
2
4
2
2
1
11
1
6
1
3
1
4
2
1
1
2
12
1
1
7
21
27
5
1
9
2
1
5
2
1
1
12
2
3
6
6
1
3
3
6
3
1
1
2
3
1
1
5
2
1
2
2
7
5
4
3
2
2
1
1
5
1
4
2
1
4
19
2
3
2
3
11
1
2
4
7
5
3
1
1
3
1
8
1
2
3
2
2
3
2
2
1
3
7
2
3
2
2
7
20
2
2
1
3
6
1
14
4
3
2
7
1
8
3
1
2
3
2
1
1
7
8
4
1
3
2
7
1
3
8
5
2
4
1
3
1
1
7
3
5
7
5
1
2
1
1
2
8
2
1
2
1
2
2
2
4
1
2
1
1
1
1
1
5
2
9
1
2
6
3
1
2
2
1
5
1
2
1
1
21
2
1
2
1
12
1
2
1
2
3
9
1
4
1
1
6
1
5
28
3
20
18
1
5
1
1
5
7
3
2
19
13
4
23
9
6
1
2
4
2
24
2
1
4
1
11
1
2
7
1
1
2
1
4
4
5
2
2
2
1
11
2
25
1
1
1
2
4
2
5
1
28
2
1
1
2
1
1
1
29
1
2
2
2
3
3
1
6
6
5
3
12
1
4
1
3
2
1
10
7
10
3
1
10
1
1
3
1
1
5
1
2
2
1
6
1
1
5
2
1
4
1
7
8
1
1
2
1
2
7
2
1
29
2
4
1
5
1
2
1
2
1
1
1
1
1
1
3
1
1
1
22
5
3
1
2
2
2
1
2
5
15
1
1
9
2
11
1
1
4
1
3
1
3
2
2
2
3
6
1
1
4
1
3
1
2
3
1
1
7
1
8
1
1
1
30
2
5
3
8
1
1
2
2
2
3
5
1
8
1
1
3
3
5
3
5
3
20
4
1
31
4
7
14
3
1
5
2
1
16
1
3
1
7
3
8
9
2
4
1
8
2
9
20
10
9
3
1
1
7
1
3
1
8
2
5
2
1
1
1
1
1
1
1
4
1
1
3
1
10
7
3
1
14
8
4
2
1
2
5
1
1
1
1
1
5
1
1
4
1
1
1
11
3
3
9
9
2
1
1
1
2
1
3
2
14
9
1
2
1
2
2
1
2
1
2
1
2
9
7
1
2
8
1
2
3
3
1
3
1
2
12
1
3
14
15
13
1
1
5
1
3
2
7
3
1
1
2
2
1
2
4
1
1
1
1
8
2
1
1
1
3
3
3
6
1
5
2
3
2
5
2
3
4
1
16
1
2
2
2
1
6
4
2
1
2
1
5
3
1
4
1
2
10
1
1
2
1
3
6
1
1
1
3
2
1
1
26
3
2
1
8
14
12
2
2
5
2
1
1
1
2
2
1
7
2
2
2
1
1
2
1
8
2
1
1
3
23
10
2
8
1
1
1
1
2
1
2
1
2
5
9
3
1
6
4
1
1
1
2
1
1
3
1
12
1
1
5
1
17
1
3
4
1
16
1
1
3
4
3
2
2
1
3
3
6
