1
4
2
1
3
19
17
2
13
4
6
4
3
14
1
3
1
1
4
7
4
1
3
15
1
5
8
10
11
14
12
1
6
1
7
33
11
1
5
1
24
8
2
1
1
5
19
13
2
1
4
61
34
5
15
1
1
5
4
93
2
4
20
2
28
1
2
13
2
17
65
1
13
76
9
2
59
1
2
10
8
3
2
6
7
7
13
3
4
5
3
10
4
11
1
16
2
3
2
2
8
2
1
3
6
3
15
3
5
1
9
20
2
6
2
1
9
2
1
8
1
11
34
6
1
19
1
2
5
24
8
1
3
1
1
4
9
1
2
9
2
1
1
6
2
4
3
4
1
20
1
1
2
3
12
1
7
15
2
17
1
18
32
3
67
4
17
13
14
5
7
29
11
4
3
16
4
2
2
6
1
1
2
18
3
1
1
6
7
5
4
6
3
5
3
2
1
2
11
60
8
4
24
4
59
7
3
1
3
11
1
13
1
2
8
6
1
14
18
15
44
34
21
29
17
2
1
2
7
2
12
6
1
1
1
2
1
7
7
18
1
3
1
7
2
7
1
2
1
3
4
10
1
3
2
1
4
11
2
1
1
48
7
2
5
4
4
58
1
8
1
23
116
48
68
8
3
30
5
1
27
2
10
37
2
1
3
12
1
2
15
14
42
2
9
18
4
1
9
1
3
7
2
5
26
7
14
9
10
2
12
5
1
9
19
8
3
14
9
8
16
3
58
2
1
12
3
1
15
30
16
4
5
4
1
6
74
1
11
91
14
15
1
2
8
2
5
4
10
6
10
8
1
5
2
14
3
1
2
7
2
6
9
12
1
20
4
16
2
8
4
5
3
9
3
2
2
39
2
3
5
3
59
21
6
4
1
5
2
4
4
1
1
5
7
4
12
16
8
1
1
39
3
3
2
2
3
12
4
14
1
19
8
1
12
3
1
40
5
12
12
3
20
10
2
12
4
1
55
18
2
15
6
2
7
3
1
4
18
17
1
4
17
1
1
60
33
6
2
7
9
5
11
7
10
3
2
17
3
4
1
3
33
5
2
21
1
8
12
14
1
1
17
7
7
1
2
6
8
23
42
3
9
5
1
6
35
1
9
1
2
3
79
15
10
4
8
93
1
2
19
25
6
8
2
2
20
1
2
6
18
2
26
1
1
26
3
2
1
5
3
2
41
5
25
2
4
5
35
1
10
7
6
9
1
16
5
15
4
1
3
5
9
4
36
73
45
2
14
3
4
9
9
6
16
1
6
5
1
4
1
19
8
16
2
2
13
37
8
1
2
5
10
30
1
1
1
2
2
5
17
34
30
2
23
1
1
1
3
3
3
1
1
1
2
1
1
7
13
13
13
30
1
33
8
10
2
8
16
2
45
2
3
6
9
1
11
5
2
10
4
27
2
6
1
3
2
2
10
8
1
1
11
2
4
1
3
1
2
3
5
42
20
2
17
1
6
8
6
12
22
1
4
3
36
4
1
4
3
26
2
2
7
4
2
8
2
17
23
3
6
18
1
5
1
7
2
2
1
2
5
2
1
1
37
3
22
24
6
31
6
23
3
4
2
17
2
7
1
5
2
7
1
2
1
8
1
77
2
6
21
4
36
5
1
1
13
3
11
4
1
83
11
9
16
50
15
2
4
1
10
1
1
8
15
25
1
8
2
3
3
2
2
3
23
5
7
15
8
8
8
2
4
26
11
8
4
1
12
16
7
45
1
1
1
38
3
18
6
6
10
7
1
5
2
15
16
1
3
5
5
3
3
18
10
4
1
106
6
2
2
2
5
38
1
1
4
1
12
52
1
39
9
5
1
13
4
1
27
18
4
112
32
3
2
9
15
2
5
3
9
5
26
2
1
1
6
76
3
2
37
1
1
6
13
3
1
13
10
33
7
2
8
14
34
4
1
1
25
1
5
2
31
6
4
2
2
8
18
5
1
2
6
5
12
6
20
1
20
2
122
4
1
6
2
5
4
7
2
43
50
1
1
6
3
2
19
5
2
2
1
12
6
5
40
4
1
3
1
1
1
2
88
2
2
1
2
28
5
8
1
20
4
2
13
5
15
100
28
2
38
15
2
3
16
6
18
4
20
5
5
3
52
2
5
26
31
5
19
12
2
17
4
6
3
2
7
2
1
7
1
1
24
5
2
22
1
2
3
2
9
9
22
5
2
1
6
5
1
4
4
34
76
10
7
8
7
8
1
4
1
18
2
7
26
135
1
8
1
2
1
5
1
6
2
7
7
10
84
15
7
15
11
1
37
1
37
1
3
5
2
1
16
21
1
1
43
6
1
1
13
17
2
2
5
11
44
3
38
30
1
15
1
3
9
4
1
46
1
2
3
3
2
2
1
7
12
1
2
4
15
4
7
2
8
5
3
7
14
1
1
28
3
7
12
17
2
2
5
5
1
1
2
4
3
8
8
1
68
94
2
1
3
6
4
77
8
9
7
5
6
1
19
6
1
2
23
2
3
1
2
3
26
10
10
4
7
4
1
5
4
5
7
1
10
1
2
2
8
1
2
26
4
4
7
2
1
3
12
2
22
23
1
1
5
11
2
37
18
3
1
8
2
6
45
33
15
9
24
2
1
4
1
3
2
6
45
2
10
10
28
1
2
6
2
7
12
8
1
4
18
5
1
4
3
9
2
2
2
8
6
6
1
4
3
9
1
24
1
13
57
6
6
1
2
7
18
2
1
4
3
10
1
14
13
9
42
16
2
7
1
2
40
3
2
2
3
73
1
2
1
5
4
15
8
7
4
43
3
1
32
3
4
3
1
2
17
2
5
11
47
2
1
1
2
13
3
1
10
11
8
3
5
3
2
15
23
3
1
2
1
5
8
2
7
4
1
35
3
33
7
9
1
2
5
4
16
5
9
43
31
18
2
5
2
3
9
1
46
46
18
1
2
2
2
4
3
2
2
17
5
3
43
1
78
1
9
2
15
1
2
1
2
9
1
6
2
58
1
3
7
8
1
19
1
14
7
2
1
1
1
37
6
20
27
8
1
2
1
4
3
12
3
25
29
16
2
9
24
1
19
1
2
15
1
4
2
4
11
12
2
5
4
3
1
6
3
2
18
7
2
11
2
6
7
3
54
6
2
21
1
4
19
2
18
60
4
4
3
6
2
2
3
3
2
52
2
4
2
3
3
52
37
2
32
9
18
2
12
2
1
40
2
1
2
34
16
1
1
8
3
15
2
5
1
2
7
1
6
3
9
2
9
1
5
1
27
2
33
18
1
1
4
1
8
20
5
3
2
1
9
3
1
6
2
12
44
1
5
1
2
2
11
1
2
4
7
4
16
1
2
6
3
9
3
1
1
10
14
2
1
2
16
5
11
1
4
9
1
2
2
1
5
2
2
2
8
15
2
1
5
2
21
4
11
7
10
9
2
43
3
2
16
2
7
9
7
3
1
1
2
7
16
1
20
1
6
2
1
2
9
1
15
1
8
16
3
28
1
26
9
6
45
2
1
6
2
7
15
3
4
1
14
39
8
4
41
1
1
2
9
58
2
4
2
18
3
4
8
1
5
7
5
4
11
11
17
1
19
3
1
1
2
16
4
1
11
29
35
3
1
1
5
1
1
24
1
37
4
4
2
1
1
1
14
13
1
2
4
6
15
3
2
2
4
3
8
2
1
2
11
2
50
1
9
2
10
32
6
2
18
112
2
4
1
3
12
2
6
6
2
38
9
33
1
4
13
1
5
5
40
21
1
1
15
3
3
2
1
33
4
23
5
16
29
1
9
3
3
13
30
3
14
4
5
5
19
1
2
4
2
16
13
5
3
4
2
7
5
4
3
3
2
3
4
1
1
1
3
3
6
45
6
12
2
12
3
30
2
3
2
1
9
5
2
2
8
5
2
1
3
6
1
2
39
2
12
19
2
8
2
3
2
10
2
9
2
13
3
3
1
26
5
5
1
2
2
5
4
1
3
1
2
3
2
17
28
1
4
12
6
14
4
7
9
9
3
9
2
4
6
41
3
3
37
58
11
20
5
1
29
3
2
8
1
7
18
4
20
3
1
12
3
3
105
1
5
2
9
1
2
30
2
3
10
21
1
5
2
4
14
8
3
1
26
40
15
1
3
17
19
2
6
1
2
4
7
6
12
12
1
11
52
2
1
4
3
1
7
1
1
4
2
5
2
3
1
1
13
5
20
1
6
2
3
26
4
9
35
28
1
2
2
1
2
3
18
1
24
7
2
1
2
1
4
7
2
12
2
5
1
1
4
5
12
7
1
3
3
18
13
6
10
3
27
46
5
4
2
102
3
20
15
4
11
22
29
2
3
2
17
2
48
1
1
30
1
26
80
6
11
17
5
2
2
3
1
1
25
14
30
4
11
41
3
2
8
9
2
2
1
6
4
1
2
1
1
5
1
7
3
6
2
21
7
6
16
3
16
1
3
2
2
4
35
9
4
28
1
1
7
18
25
1
19
19
10
2
1
11
6
3
31
7
2
5
2
5
2
4
28
1
5
2
4
3
5
16
4
5
10
14
4
7
10
21
4
5
8
4
1
10
1
8
6
12
2
4
55
6
1
45
1
13
1
45
2
53
12
1
4
9
1
1
1
15
18
20
9
16
3
1
9
8
12
1
3
2
1
1
6
1
3
1
8
14
18
1
2
9
5
1
1
3
1
1
8
4
1
4
1
3
1
28
6
3
11
1
7
3
12
4
62
7
1
51
5
4
1
8
2
5
1
35
2
2
17
18
66
8
8
1
2
12
3
58
34
1
58
2
2
5
15
38
3
1
1
4
14
7
29
51
19
1
11
21
4
1
1
8
8
2
2
2
4
8
7
1
39
4
7
3
8
3
1
1
2
42
2
4
1
5
