23
2
2
3
2
3
2
1
2
3
2
2
1
12
1
2
3
2
4
7
2
4
2
66
2
2
1
1
1
4
6
1
1
7
1
2
1
2
13
20
2
1
1
1
2
6
2
4
3
1
1
3
1
8
1
2
9
2
10
3
14
1
5
3
11
2
3
2
21
3
2
1
2
7
1
1
8
2
2
1
5
5
4
1
2
2
3
1
1
1
3
2
6
4
7
3
1
1
10
1
2
5
2
7
1
2
12
2
1
1
3
1
3
5
1
7
10
1
1
1
2
1
4
4
1
1
1
4
4
1
1
2
1
4
10
6
2
1
1
2
2
7
9
1
2
1
4
1
3
6
5
1
20
7
2
4
1
1
1
1
1
1
1
1
1
7
5
2
1
2
2
4
3
1
2
25
10
1
3
1
12
4
6
3
2
2
4
1
2
5
2
4
1
7
1
2
2
9
1
1
2
4
2
11
3
8
5
3
2
1
2
1
9
1
1
1
1
1
1
3
2
2
3
3
2
5
1
8
2
1
1
2
2
7
2
13
2
13
5
1
4
