3
2
5
8
1
1
1
4
3
2
2
2
4
9
1
1
1
2
1
16
1
5
2
2
4
7
2
1
1
2
7
3
4
1
2
8
1
4
10
2
15
1
1
6
2
3
13
1
1
2
2
4
3
8
3
34
7
2
1
4
2
4
1
12
1
2
1
3
6
1
16
1
2
1
11
3
2
2
4
32
2
3
2
3
3
1
2
7
2
2
13
3
26
2
1
2
2
1
2
2
2
3
10
2
2
2
1
2
1
2
1
2
1
3
2
1
13
8
4
2
18
6
2
5
2
3
2
1
1
4
2
2
3
1
3
3
12
1
9
12
1
2
4
6
2
2
2
7
2
2
3
4
11
3
1
3
2
2
1
8
3
1
1
1
13
14
1
3
4
1
10
3
3
8
2
1
1
1
2
1
7
3
1
1
2
4
1
12
1
1
2
2
4
5
1
1
17
1
2
1
2
1
3
3
10
1
1
1
11
2
2
28
1
1
3
3
1
4
5
1
1
1
16
1
3
3
3
2
2
3
5
1
12
1
1
1
14
3
1
5
1
2
2
3
5
3
1
5
1
1
1
4
3
5
15
1
3
2
4
3
2
4
1
5
9
4
5
1
3
3
3
3
1
3
11
5
6
1
10
3
1
1
1
3
1
5
5
9
1
1
3
1
1
2
2
2
1
4
1
4
2
6
3
2
1
2
1
2
10
1
6
7
1
14
7
2
1
1
5
1
1
9
1
1
3
7
7
2
5
5
1
3
12
22
13
2
1
1
6
2
2
10
1
1
1
1
1
1
2
1
1
2
3
1
2
1
4
2
3
4
3
1
1
2
3
2
6
5
2
5
4
12
1
4
1
1
2
13
1
2
2
4
17
3
3
1
3
14
1
4
1
1
1
3
1
4
1
1
2
1
6
3
2
2
9
6
2
2
1
1
4
2
