3
1
9
57
6
2
12
11
6
1
1
6
15
14
5
24
6
10
1
1
17
1
66
2
7
2
17
49
16
6
8
7
15
14
4
4
25
59
1
7
10
5
7
1
2
6
8
1
57
5
18
1
4
11
11
8
1
2
11
6
32
2
13
1
1
10
1
1
4
2
20
1
2
2
18
57
3
8
1
3
33
1
2
3
1
1
3
7
13
2
71
1
3
55
1
14
9
1
10
3
2
15
8
1
41
2
1
11
49
6
4
3
3
11
11
87
17
2
1
2
15
3
3
21
2
1
5
65
11
4
3
9
44
2
5
34
1
2
4
2
17
23
6
3
6
1
18
17
1
10
16
18
22
6
42
10
5
3
57
1
1
2
1
1
5
34
27
4
3
1
1
1
7
1
12
2
1
3
1
13
16
17
2
27
4
1
3
2
26
6
53
2
2
11
3
3
8
2
4
1
7
6
1
7
4
55
13
19
3
6
1
8
3
67
1
6
1
4
26
12
5
6
7
1
1
38
1
1
3
6
3
2
49
1
37
29
5
1
7
2
89
1
10
31
1
1
3
7
19
1
1
27
3
8
15
83
50
1
17
1
2
2
8
10
8
1
2
2
29
2
15
65
1
6
2
9
14
2
5
29
28
76
1
7
9
23
3
25
3
55
3
14
5
3
2
1
1
1
36
1
3
6
27
13
52
6
2
2
2
11
15
2
8
12
7
20
3
1
2
1
6
16
5
6
1
1
5
8
9
2
9
1
3
5
4
10
1
33
4
15
9
3
10
1
3
1
4
6
1
19
11
6
11
11
12
1
12
33
2
2
3
64
14
36
1
8
1
7
2
1
1
1
8
3
5
5
1
7
7
14
1
13
1
18
6
5
15
1
10
44
1
16
15
1
1
10
49
7
1
33
26
2
28
2
16
1
6
37
7
3
106
1
32
1
5
1
50
4
4
2
1
1
80
2
2
3
4
29
8
27
8
2
1
17
10
16
1
11
3
6
31
18
32
4
14
1
10
10
6
3
15
11
3
1
11
4
35
1
19
47
58
1
39
2
1
41
2
3
1
5
5
62
2
33
1
51
1
2
1
7
4
13
1
1
7
9
12
2
109
11
1
2
5
2
7
1
7
4
2
14
1
10
2
4
1
9
44
15
7
10
2
15
5
18
1
2
10
12
15
2
2
11
17
14
82
5
5
3
2
9
2
5
10
7
5
1
3
2
2
18
3
1
8
12
2
32
16
7
6
1
22
9
17
1
1
6
2
2
4
70
2
6
30
2
3
4
1
14
27
27
6
30
2
1
2
1
2
2
1
69
7
21
39
1
1
4
45
2
70
1
1
1
11
3
10
105
22
79
19
13
8
2
1
7
30
6
49
2
9
15
4
12
2
2
7
2
2
3
12
10
25
2
3
6
1
56
19
14
5
50
4
1
104
1
4
1
48
6
7
13
3
9
48
50
9
55
1
17
1
8
26
1
84
1
1
32
7
2
10
4
4
6
3
10
1
49
3
32
64
21
2
10
2
5
1
2
1
36
81
1
96
1
2
4
14
9
27
9
1
4
2
34
5
20
9
3
10
20
28
6
3
53
2
6
2
5
1
59
36
27
3
8
1
2
1
2
1
2
4
16
1
4
4
8
3
20
7
1
2
1
73
12
32
4
2
2
6
17
16
6
2
2
9
11
3
4
3
26
13
1
3
14
11
12
1
102
10
9
2
16
4
3
1
15
71
1
15
2
97
2
17
21
14
33
21
87
1
2
2
6
4
4
4
3
15
6
18
78
1
1
47
20
4
20
4
42
1
3
20
8
19
12
3
7
11
1
58
42
1
1
9
2
4
3
3
2
51
5
20
3
73
5
1
3
3
2
1
2
1
6
10
4
9
5
14
1
2
58
4
2
4
59
5
17
8
3
2
71
7
1
3
2
22
1
3
15
1
40
2
1
7
40
2
11
49
1
13
1
1
9
4
3
33
30
2
28
1
2
12
15
10
1
17
16
38
30
2
5
32
6
1
7
5
2
13
6
1
2
4
49
1
7
26
2
1
2
1
56
2
10
1
4
3
44
1
15
3
2
1
1
1
3
12
12
5
2
29
1
4
23
12
1
2
1
1
54
5
3
10
10
7
61
1
2
1
4
2
22
3
2
4
1
2
19
2
3
5
24
54
8
10
3
2
2
5
23
82
1
2
14
56
1
2
12
1
1
5
37
1
21
2
1
5
2
3
3
5
1
10
23
17
3
5
29
25
10
3
7
1
59
17
15
44
3
2
23
17
46
93
1
8
10
36
2
7
1
2
52
35
20
2
7
2
21
1
3
4
8
2
1
2
10
18
8
15
2
15
1
1
17
4
5
17
6
1
41
6
2
1
38
3
16
1
1
1
1
28
1
2
3
2
1
80
2
2
1
1
12
6
28
61
3
1
1
14
39
12
1
36
18
2
24
2
1
44
1
3
2
1
2
8
42
54
1
2
2
2
4
1
2
3
2
5
21
1
1
2
3
6
39
32
6
4
5
11
3
2
2
13
6
3
1
1
2
1
9
1
1
1
1
33
6
15
30
10
15
20
6
57
1
1
4
4
1
47
1
3
3
9
2
1
2
2
1
2
1
1
10
81
2
8
63
12
5
1
4
7
14
2
2
25
12
4
3
1
2
1
28
2
3
2
1
3
13
18
19
3
3
1
24
1
1
3
1
3
5
4
5
8
1
12
8
24
9
2
6
2
2
3
1
5
13
22
56
2
1
17
1
2
3
1
1
13
4
20
5
28
4
6
49
13
1
7
46
5
5
1
7
2
2
2
15
2
25
31
1
3
2
3
1
1
1
1
8
3
1
11
4
3
16
25
2
20
2
4
33
2
21
3
2
3
1
2
1
76
3
6
2
6
2
10
9
2
99
2
5
9
1
4
2
1
1
38
36
11
25
3
12
10
51
1
1
1
1
3
3
2
2
14
4
1
5
4
19
11
7
1
2
17
16
1
4
2
5
3
2
13
2
3
15
2
11
20
3
1
2
3
71
8
15
28
55
17
20
21
2
7
4
6
4
2
20
2
2
4
1
10
2
2
4
59
11
4
5
2
62
17
45
3
4
21
2
39
3
2
2
40
18
26
6
3
1
1
56
1
2
3
1
8
5
4
13
2
49
26
14
31
4
4
2
44
32
1
4
1
13
3
1
2
1
2
17
61
2
22
1
13
2
4
1
48
2
2
1
1
2
3
1
5
1
3
7
1
2
24
15
14
20
10
7
15
2
32
31
2
37
10
12
43
5
11
5
10
2
3
5
4
1
1
3
5
1
5
7
1
1
2
30
5
3
8
9
55
4
21
2
1
15
20
3
2
6
11
3
21
19
43
42
3
1
42
1
1
24
7
4
4
2
13
38
2
3
2
1
2
1
8
1
8
2
4
32
1
3
24
21
4
23
6
1
1
1
1
1
19
1
24
1
10
1
4
2
25
1
1
42
8
2
1
2
1
18
2
6
1
13
2
1
2
26
3
5
12
5
3
4
1
3
4
18
15
14
1
6
1
3
2
6
4
3
47
1
2
3
24
1
20
1
76
12
11
26
2
1
4
1
6
6
3
21
7
1
4
3
5
49
12
22
2
6
5
7
1
1
3
5
7
2
101
3
2
98
1
2
2
3
83
6
17
33
9
7
53
43
6
5
9
1
64
3
6
1
14
2
10
1
18
1
6
45
15
3
2
7
2
7
4
37
11
3
1
2
1
4
5
1
3
18
4
2
14
2
1
1
1
3
7
1
2
18
1
2
2
41
4
11
1
1
24
15
1
2
3
10
6
1
41
2
71
64
12
5
8
3
17
2
1
10
17
2
1
6
7
1
19
1
2
65
2
1
48
4
15
2
6
5
4
2
2
97
1
3
2
2
26
42
2
6
33
3
4
1
15
1
1
2
1
2
4
2
2
1
4
20
1
23
26
5
10
2
3
18
2
11
5
5
1
14
1
2
5
50
29
2
6
35
1
1
1
15
2
3
9
4
8
23
2
19
19
1
8
9
1
22
1
1
1
1
3
1
11
3
10
3
14
1
1
3
7
14
5
4
4
2
16
1
2
11
5
1
13
1
5
1
3
2
2
1
3
39
1
1
2
40
2
1
1
3
15
3
5
3
8
7
28
3
2
1
6
4
1
2
1
15
2
7
1
14
3
2
1
1
8
1
9
3
2
2
3
5
12
3
2
1
11
3
1
1
2
5
3
4
4
7
68
1
5
1
2
18
3
1
7
1
2
11
6
3
2
11
17
1
1
1
7
2
58
1
9
2
19
2
62
81
10
4
1
3
58
1
2
2
1
4
5
44
3
3
1
17
1
6
16
1
51
5
37
7
2
7
7
7
37
3
1
17
43
16
6
8
2
2
4
5
35
23
2
3
8
3
21
4
6
1
72
1
1
4
3
2
1
1
2
2
5
15
21
3
4
1
3
8
1
17
4
1
2
4
1
27
7
16
35
2
11
2
2
2
1
1
5
3
3
7
7
1
2
3
2
3
8
9
1
4
18
9
34
3
10
6
1
8
1
1
6
8
1
3
24
19
13
14
4
22
4
1
1
16
1
1
1
66
7
5
14
8
2
14
50
2
19
23
1
3
25
14
2
11
54
3
2
8
5
12
5
9
7
1
2
12
3
21
3
9
15
38
1
37
1
1
40
1
2
3
12
4
1
2
6
73
3
1
21
3
3
5
1
25
12
2
7
1
101
11
12
1
7
11
6
15
19
13
23
10
4
9
5
14
14
5
1
12
2
34
3
2
1
84
2
3
10
23
3
2
102
38
2
27
7
12
54
2
8
3
3
2
4
1
17
4
2
5
2
1
12
2
1
1
4
1
1
97
6
3
2
4
10
16
1
2
6
2
2
3
3
12
1
8
57
1
7
27
8
11
3
3
41
8
3
1
4
2
12
8
9
2
1
19
1
34
8
4
10
97
5
6
3
42
4
1
2
12
2
2
1
2
2
24
18
1
1
32
1
1
6
12
32
1
1
1
2
12
2
2
1
1
2
69
4
4
11
1
1
8
1
2
9
7
1
3
15
1
5
4
1
1
29
3
8
2
76
3
3
15
2
58
1
15
6
1
23
8
13
3
3
1
1
54
1
1
2
1
2
1
12
5
2
3
3
9
16
4
1
13
31
32
24
2
52
26
2
1
1
12
5
17
3
2
18
17
9
1
8
20
1
22
34
1
2
11
7
3
2
8
4
7
7
7
7
5
2
12
26
1
2
1
1
2
3
3
2
11
27
3
18
12
1
39
50
9
6
44
16
3
5
1
2
1
3
1
5
4
4
3
2
6
4
7
51
4
13
14
2
1
2
5
79
11
3
15
11
47
5
1
2
2
14
1
15
17
2
6
20
4
21
5
1
6
8
5
17
29
1
17
1
8
7
15
1
9
2
34
15
1
2
18
2
2
1
6
8
2
7
23
12
1
19
5
7
6
45
2
1
1
22
6
4
17
16
2
14
18
24
1
1
7
1
13
1
7
1
3
16
16
25
4
1
40
24
3
12
2
12
8
23
2
13
1
10
6
15
6
7
11
15
1
1
3
1
56
3
9
13
7
12
8
1
12
30
3
17
4
22
2
2
9
2
21
2
3
4
25
14
17
11
17
26
8
2
6
57
67
14
3
17
24
