12
42
3
68
2
2
27
8
7
11
2
20
6
3
7
22
39
9
2
1
4
4
8
13
24
12
3
1
2
41
11
4
3
2
7
2
106
19
20
1
2
1
1
26
8
1
1
21
11
1
7
100
16
1
8
54
88
10
1
4
1
1
53
1
50
2
11
22
4
6
19
9
9
13
13
2
3
2
11
2
4
2
8
6
3
5
6
2
1
2
7
28
1
9
1
93
9
1
2
35
16
52
7
3
5
1
1
9
2
20
5
1
3
7
7
1
42
8
52
11
2
1
1
1
7
23
62
76
15
12
22
22
2
4
57
20
1
2
41
1
14
10
3
286
4
3
6
15
52
10
18
20
2
50
1
100
1
7
91
17
14
5
1
299
2
2
1
1
3
3
1
14
2
6
10
3
6
2
103
60
1
2
2
4
1
10
1
3
2
33
1
1
2
13
44
1
2
9
2
7
1
92
57
57
4
2
1
2
3
9
4
3
5
3
2
2
3
40
1
10
2
1
10
6
1
34
22
1
3
6
9
93
3
2
4
3
3
9
38
58
3
5
1
1
1
4
25
9
3
2
1
1
45
7
1
30
1
5
7
6
27
1
6
5
4
22
19
14
11
2
9
8
18
1
3
20
8
24
17
16
6
2
8
1
12
20
16
35
18
1
6
1
3
1
5
3
12
1
1
4
168
4
4
4
5
8
1
15
22
1
4
3
2
12
1
3
2
18
14
2
2
2
2
21
13
14
38
19
8
3
8
5
33
1
1
7
5
15
1
1
47
15
4
14
28
5
3
5
16
3
34
5
23
2
5
75
26
3
2
1
5
10
9
9
2
1
59
2
15
2
3
1
8
1
13
4
9
2
2
54
16
5
13
5
13
32
18
9
5
1
1
2
1
13
5
8
4
3
1
15
1
2
2
1
46
6
9
18
16
17
6
1
14
12
1
17
6
27
74
1
51
3
4
4
3
3
4
7
124
5
1
75
3
44
320
3
8
4
98
53
1
25
1
1
4
15
3
4
2
1
2
184
73
11
1
1
33
66
3
1
3
20
2
3
12
2
2
70
2
2
14
2
26
1
20
2
9
2
130
1
1
1
79
3
9
2
1
1
23
19
8
19
4
1
2
13
1
5
8
13
1
21
8
3
27
1
6
11
11
10
11
1
112
17
11
19
18
5
15
3
49
13
14
1
10
1
1
4
5
1
3
15
34
1
12
19
2
3
2
8
26
53
2
20
2
1
72
7
5
2
4
18
12
29
1
1
4
95
4
6
6
1
5
2
3
412
8
9
1
66
2
5
1
1
1
8
5
3
4
3
1
19
55
14
12
1
11
9
6
3
5
4
1
16
3
1
7
5
4
3
34
16
21
13
2
3
2
157
3
2
2
2
2
4
6
22
2
4
4
3
9
107
8
3
23
12
1
2
22
6
2
4
3
2
20
44
2
3
1
12
18
2
3
12
1
1
8
4
7
44
4
2
41
36
2
92
2
143
11
2
53
11
1
4
2
69
3
1
9
1
7
41
3
15
2
122
2
1
2
24
3
5
1
36
8
8
8
7
1
7
6
38
19
67
4
7
52
2
12
35
94
10
4
28
38
4
4
2
10
4
37
2
8
4
57
14
5
2
14
1
17
2
1
16
2
15
2
16
7
8
15
14
8
97
1
1
9
11
5
11
7
6
12
2
8
2
1
10
5
2
4
46
40
2
77
20
16
5
20
4
9
4
18
1
17
3
78
3
2
6
11
8
8
62
16
430
8
13
2
4
4
22
23
6
1
1
25
8
8
20
17
1
4
4
121
3
30
2
4
5
6
4
15
17
20
19
3
5
90
1
2
1
26
45
438
12
1
1
6
22
25
1
3
4
25
4
29
20
32
7
18
1
2
6
2
1
21
1
17
2
270
1
18
1
5
3
27
38
13
9
1
417
46
32
5
24
2
8
2
14
4
12
2
1
3
44
11
1
24
4
4
5
4
1
59
36
5
39
