1
2
1
3
11
3
2
6
1
2
2
19
3
7
2
3
1
8
2
13
28
8
9
3
1
1
1
1
3
23
5
7
63
1
3
1
9
2
3
10
8
7
2
9
1
4
9
2
3
7
1
2
1
2
4
4
2
5
1
5
2
2
1
29
2
2
2
1
2
1
16
2
8
3
19
1
1
8
20
1
2
1
2
3
1
3
4
6
15
15
34
8
1
1
1
11
23
2
1
1
9
2
2
1
3
1
2
10
2
1
6
1
5
6
9
7
3
2
1
38
2
1
3
15
16
1
8
24
10
2
11
3
3
12
1
4
1
3
66
4
15
4
29
6
2
1
1
1
8
1
2
1
1
5
1
1
2
1
6
8
4
7
1
7
1
1
1
3
1
2
17
1
7
2
19
2
8
16
5
8
2
1
7
1
3
1
9
2
13
1
1
1
3
6
2
8
15
3
20
1
19
1
17
4
3
8
2
4
4
4
1
2
9
1
18
1
1
2
143
2
1
1
4
1
1
1
1
3
2
1
148
1
5
38
1
1
2
5
5
4
1
2
4
1
7
33
10
2
2
2
8
2
4
1
1
3
4
1
20
3
2
10
45
1
17
2
2
1
15
15
24
7
5
1
4
10
9
2
21
10
3
7
1
1
1
5
20
19
2
43
2
2
1
2
12
5
26
1
1
1
2
6
3
68
14
1
2
1
126
19
1
4
1
1
1
9
1
18
1
1
1
1
2
1
4
2
1
1
1
4
8
5
9
2
1
2
2
10
3
17
1
9
2
5
12
2
2
25
5
3
3
28
4
2
1
10
10
1
1
1
1
2
10
20
3
9
2
16
6
1
4
1
42
13
23
2
2
4
2
1
2
9
2
15
3
10
17
17
2
1
14
4
1
5
5
13
1
11
1
1
2
2
7
18
3
1
1
8
2
1
2
1
2
2
1
6
5
1
14
7
4
8
1
1
1
2
4
23
3
3
3
1
2
1
3
3
1
1
5
9
5
11
2
6
1
4
2
5
6
8
44
2
7
8
4
1
9
1
14
2
2
4
5
10
1
5
20
5
15
1
3
6
1
3
3
1
1
21
3
1
3
1
2
1
1
2
4
1
3
2
4
4
13
2
1
2
2
8
16
2
4
5
4
5
24
3
2
24
7
2
1
7
2
9
2
1
1
7
2
1
2
6
1
4
9
18
92
2
2
1
1
1
7
1
7
4
4
13
11
2
19
1
5
43
1
17
9
1
1
4
46
1
2
1
7
1
4
5
19
1
2
16
1
3
5
2
11
1
54
2
2
6
2
4
7
13
6
1
3
20
43
4
1
5
2
1
2
2
1
4
10
6
2
14
2
3
20
25
1
15
1
5
2
8
10
8
3
18
16
1
2
1
2
4
1
9
10
1
5
11
66
2
2
1
2
18
11
9
2
13
3
6
6
1
2
32
3
3
2
3
8
1
2
4
1
21
1
16
7
17
1
1
1
8
2
7
25
3
6
4
3
4
1
3
3
4
2
2
6
1
5
15
5
3
16
1
4
1
1
2
1
2
5
2
2
2
15
5
4
2
1
2
9
7
16
10
20
6
3
6
3
1
1
2
5
6
12
11
2
12
4
5
4
2
1
1
1
15
1
3
12
4
4
2
2
5
7
1
1
6
18
3
5
1
1
3
8
15
1
1
1
2
1
6
1
2
2
2
1
1
1
20
1
1
1
1
2
2
1
1
2
1
5
5
2
63
12
4
1
4
3
12
2
5
9
3
2
4
2
1
1
27
4
4
1
5
2
15
1
3
13
4
49
1
4
4
2
1
1
3
3
1
1
15
27
6
1
1
15
8
1
1
4
10
1
9
1
2
1
5
3
9
1
2
2
15
8
2
8
1
1
2
5
7
20
1
1
16
12
1
3
1
2
3
2
16
4
2
1
4
2
2
1
4
2
7
5
1
1
15
11
4
6
1
2
1
6
1
2
3
31
8
1
1
3
4
1
1
3
25
7
8
3
10
2
3
1
2
3
1
13
81
5
2
1
10
4
51
2
15
13
6
11
1
1
2
4
1
3
3
1
7
4
2
1
6
15
2
1
2
1
2
8
1
4
7
2
1
8
11
25
2
14
7
1
3
1
70
3
1
1
2
18
1
2
4
4
1
1
7
1
10
10
1
6
2
1
3
7
10
1
22
11
1
1
33
1
2
4
2
1
2
1
5
1
5
1
12
3
4
6
1
13
3
4
2
3
104
3
11
3
3
2
3
1
1
1
5
17
2
18
3
4
24
1
1
11
1
13
7
2
10
2
7
1
2
15
4
1
9
14
17
2
3
1
4
1
6
4
1
6
2
11
1
2
1
8
3
5
1
7
4
2
4
2
1
1
1
4
1
1
1
2
4
1
16
1
1
7
1
9
8
1
4
7
8
12
11
12
4
1
72
2
1
3
4
5
3
1
5
5
1
5
1
2
3
5
25
5
2
97
1
1
2
2
5
2
3
6
6
3
15
1
2
3
3
6
1
1
1
2
2
3
9
3
2
5
3
4
2
2
3
1
2
19
1
1
8
3
9
15
1
26
2
1
1
7
16
7
1
2
6
5
6
4
6
1
5
6
1
4
2
4
3
2
1
1
2
1
1
2
1
24
3
2
6
4
8
2
2
6
9
4
1
5
1
2
4
2
1
2
11
1
13
2
3
1
3
10
10
1
6
20
20
14
5
1
1
3
7
5
1
9
1
2
3
1
4
1
7
3
1
7
38
2
1
16
2
4
2
2
1
3
1
1
2
2
10
3
21
2
10
60
8
2
1
7
1
3
2
1
2
1
10
6
1
4
63
3
14
1
3
10
12
1
1
2
1
3
4
3
5
11
5
1
4
5
2
1
3
1
1
4
5
1
4
1
3
1
1
3
3
12
3
1
25
2
1
9
14
1
3
11
11
5
1
2
15
8
4
1
1
2
2
3
121
4
1
3
1
1
20
1
1
19
3
1
1
11
1
3
2
1
50
4
15
1
1
8
1
18
2
34
2
2
16
2
7
28
2
5
5
2
3
4
1
78
4
9
3
5
5
1
1
16
1
2
1
1
1
7
1
5
2
4
3
29
1
2
2
5
1
2
5
9
11
1
2
7
3
7
2
2
4
37
17
27
6
17
12
5
4
10
3
1
2
3
29
7
4
2
4
3
2
3
3
11
5
3
2
1
1
3
4
16
4
6
8
2
16
14
1
3
6
1
1
2
1
1
121
4
2
11
3
2
1
1
19
2
8
6
2
1
1
6
1
3
2
12
4
3
2
1
10
2
13
5
120
5
15
2
11
1
2
2
5
1
1
4
2
8
1
6
10
23
7
3
2
23
20
1
1
2
2
1
1
1
3
2
1
2
13
1
4
1
1
3
8
6
5
5
3
2
1
2
2
1
1
12
2
1
8
3
23
1
15
2
9
7
13
10
1
1
2
2
13
5
2
1
10
4
4
1
1
40
2
3
1
3
2
1
10
1
33
1
6
7
3
1
1
2
1
3
1
1
3
1
1
2
4
1
12
2
5
47
1
73
1
1
5
1
22
2
4
5
2
1
2
1
2
18
2
1
10
1
1
3
2
5
17
4
13
2
2
2
3
9
9
5
3
11
3
2
18
2
2
25
2
1
5
2
5
4
2
1
1
1
6
17
1
17
2
7
1
1
2
19
89
1
1
2
6
1
5
1
4
16
7
1
1
9
18
41
6
3
3
1
1
18
2
8
9
7
1
1
2
2
1
10
14
9
3
2
10
1
14
4
1
3
2
2
1
2
7
1
4
14
2
1
1
2
3
3
21
1
11
13
1
3
1
5
5
3
8
2
1
2
4
8
3
1
2
1
1
28
6
1
1
1
6
1
2
1
1
2
2
2
4
6
4
20
3
1
2
4
4
5
2
11
3
2
1
1
4
15
4
3
2
7
7
1
1
1
4
7
16
11
4
4
7
4
20
3
1
1
1
2
2
6
5
1
9
5
5
5
3
2
1
1
8
17
10
1
2
15
6
2
1
2
1
23
5
23
1
1
4
4
3
1
5
2
2
1
1
10
21
1
1
11
1
1
7
4
1
2
1
2
1
4
4
1
1
1
8
1
17
2
2
1
2
40
2
1
3
13
2
3
2
1
4
2
11
3
3
1
1
2
3
13
8
5
17
6
2
1
5
2
3
9
14
3
9
5
1
1
1
4
1
5
4
99
2
6
1
5
8
1
7
6
3
5
1
14
6
9
9
1
5
14
34
1
2
9
9
11
1
2
1
1
1
1
7
2
16
27
12
3
2
10
1
4
10
1
1
26
1
3
27
9
1
1
16
5
2
2
3
2
1
11
3
10
1
8
18
2
2
3
20
12
2
14
2
1
1
2
1
2
87
25
2
3
2
4
3
2
1
7
3
2
13
33
2
1
9
1
6
1
8
1
1
6
1
3
15
1
12
6
17
1
2
1
1
4
14
2
1
6
4
16
4
2
4
2
3
1
1
2
1
8
17
6
1
17
8
1
4
1
5
2
3
1
1
1
2
21
1
4
13
1
4
11
2
3
2
5
5
6
1
2
1
1
5
8
1
1
19
5
5
3
1
1
29
1
1
2
2
16
5
5
5
12
21
3
1
8
1
2
2
3
9
1
2
2
7
8
2
6
1
3
3
2
1
4
3
4
1
8
1
6
16
1
2
25
1
1
3
21
3
1
7
5
2
20
2
2
1
1
1
4
1
1
7
72
1
2
1
3
3
1
1
6
6
6
1
2
9
9
19
1
1
13
1
8
6
1
8
1
1
1
1
2
4
6
4
29
3
4
2
3
8
32
2
1
2
8
8
1
8
9
28
9
4
119
4
1
2
3
3
1
100
4
1
5
2
1
6
28
6
2
2
15
6
1
7
32
4
15
16
3
14
2
1
4
1
1
8
3
10
20
7
27
2
4
6
1
4
13
39
5
2
2
3
1
1
5
2
1
9
1
1
2
59
1
12
3
3
3
1
1
4
4
7
3
5
2
1
1
3
7
1
1
7
2
2
2
3
1
4
141
8
1
4
5
4
1
7
12
3
1
2
7
1
6
5
1
2
2
10
2
10
7
3
12
19
3
8
6
133
1
44
8
2
3
1
11
1
1
1
6
6
8
9
10
1
10
12
3
1
1
2
6
3
18
9
2
1
3
26
17
1
3
2
2
3
14
4
3
3
6
2
5
5
2
2
1
7
13
2
8
19
3
2
4
2
8
6
5
3
2
18
4
2
3
4
2
6
1
2
1
2
3
4
3
6
6
2
9
7
2
1
4
25
1
1
90
9
6
2
15
2
68
1
1
31
1
3
1
2
1
4
3
1
2
1
3
1
1
12
1
4
1
1
1
5
10
3
4
4
2
3
4
4
1
10
3
2
1
2
1
10
2
26
4
7
11
1
11
43
1
5
49
9
32
4
7
3
4
3
7
28
3
1
2
11
1
3
3
10
14
1
1
1
2
6
3
36
6
10
2
10
3
2
2
2
2
1
1
1
18
10
2
2
2
4
12
4
2
2
3
1
5
3
5
8
2
38
2
9
8
1
6
10
2
16
14
9
4
7
7
4
3
1
3
22
15
6
27
26
5
10
1
2
3
1
5
1
1
2
1
1
1
9
3
1
3
14
1
1
2
5
2
11
3
3
3
12
17
1
1
1
6
2
1
3
7
2
11
2
5
1
2
1
1
3
2
1
1
1
3
34
1
2
7
18
4
1
2
5
2
1
9
1
8
2
3
2
13
2
1
10
6
11
3
3
4
2
2
2
2
2
30
1
13
1
1
1
4
14
9
1
2
1
2
1
1
3
1
2
2
1
1
17
5
1
63
1
5
1
2
2
4
12
1
2
3
1
2
11
3
1
1
2
28
1
1
9
1
4
17
2
2
4
93
3
6
1
13
7
12
1
7
1
4
19
1
2
2
3
10
3
3
2
14
1
2
1
1
7
1
1
3
1
1
2
12
1
1
14
96
13
7
1
8
4
2
1
1
5
1
4
1
1
22
4
4
1
4
3
1
5
1
50
22
2
3
7
3
5
1
5
1
4
2
1
1
1
1
4
2
1
6
21
5
9
3
11
13
1
3
1
1
4
2
2
1
1
1
4
5
2
4
1
2
1
3
3
4
4
9
1
11
1
4
3
1
7
14
12
6
2
2
34
1
1
2
3
3
1
10
14
55
1
8
1
56
14
4
1
4
6
3
3
7
1
6
2
4
6
2
3
1
2
2
2
3
3
2
4
1
2
8
4
3
17
1
5
1
5
2
1
1
5
3
2
1
3
1
1
13
1
2
7
1
2
1
3
4
1
3
1
1
1
1
5
1
2
68
1
1
1
3
9
3
7
10
1
7
1
1
1
11
1
1
2
7
13
7
9
7
1
2
2
1
18
12
1
1
1
2
1
8
7
4
13
4
3
8
9
10
2
5
1
1
1
1
3
1
1
5
1
14
11
5
6
2
3
12
2
1
4
35
1
5
18
1
2
5
102
1
1
1
10
1
1
2
2
13
2
2
5
3
1
3
39
3
2
1
1
16
1
3
1
4
11
2
9
2
2
1
1
3
2
1
4
21
20
3
6
4
2
4
26
2
11
2
4
20
20
3
6
5
3
21
4
2
18
2
2
5
5
2
1
1
2
1
24
5
5
4
1
20
1
2
1
1
1
5
11
1
11
14
2
2
1
2
1
20
13
4
2
1
1
3
6
1
1
20
7
6
5
1
2
13
1
17
14
1
14
18
2
1
1
4
11
1
34
54
92
21
15
18
5
13
1
1
2
7
4
12
7
4
30
3
25
1
4
7
2
1
1
2
14
2
4
15
4
5
1
1
3
5
8
10
21
5
2
3
3
3
2
5
6
1
1
1
4
2
1
1
2
10
1
4
2
2
1
1
5
26
3
7
1
1
2
1
2
2
5
1
3
27
2
1
2
2
8
1
3
7
1
26
4
23
2
8
3
14
1
23
2
2
2
3
4
5
1
2
2
1
1
2
1
4
2
2
2
2
1
2
11
4
9
102
34
15
20
3
2
7
18
13
9
1
1
1
3
21
1
11
1
1
5
8
3
2
11
1
1
2
3
2
1
1
1
2
3
1
2
2
2
2
4
8
6
1
12
3
3
5
1
1
1
7
4
1
2
18
1
12
1
2
9
7
1
19
2
1
5
4
3
3
1
11
19
3
3
4
1
1
6
5
2
3
4
2
8
10
1
3
2
1
1
5
6
1
1
7
1
2
2
18
5
4
1
2
37
41
1
1
3
4
14
1
2
2
6
5
1
3
1
1
3
14
26
16
11
17
4
2
4
7
7
5
15
14
1
64
1
35
1
31
2
1
14
3
1
1
1
2
2
1
3
3
4
2
12
16
10
2
2
3
1
1
2
29
1
14
5
61
4
1
1
2
2
2
4
3
1
25
27
1
6
8
10
2
89
4
2
3
2
2
16
1
19
6
3
2
2
7
13
2
2
4
1
9
2
4
1
4
1
1
10
2
21
2
1
4
9
8
18
2
14
1
3
1
1
1
2
2
100
2
4
1
4
3
8
2
1
8
20
24
6
4
1
1
15
2
1
5
2
1
9
6
8
1
2
1
2
1
8
6
2
2
2
5
1
1
10
2
9
2
1
4
1
1
1
21
4
1
3
2
1
5
2
14
91
2
1
1
15
1
1
2
4
1
5
5
2
5
1
17
4
23
8
28
5
5
1
1
1
25
4
25
3
3
2
2
2
1
2
20
3
1
1
1
2
6
6
6
1
2
2
5
2
1
2
2
2
3
1
2
3
6
7
4
1
2
1
1
2
5
8
2
1
1
2
1
2
3
9
2
4
3
6
7
2
10
7
5
1
12
3
1
33
2
1
2
1
1
6
1
7
6
1
2
2
1
2
2
14
22
4
11
1
11
15
12
7
2
1
1
1
1
1
1
1
1
4
2
3
1
1
23
1
11
11
9
6
3
5
1
8
20
2
2
63
1
2
6
8
2
23
68
1
4
1
3
15
23
20
11
1
2
6
23
3
2
4
9
4
3
4
2
1
4
5
27
1
4
2
1
1
1
1
14
1
2
9
1
1
3
2
1
3
60
19
4
2
2
17
1
4
2
3
4
33
9
2
6
2
3
2
1
9
1
3
6
23
1
1
13
9
3
2
28
3
8
26
1
5
1
1
6
1
3
1
18
19
2
1
2
6
7
16
1
1
5
12
1
4
1
2
2
31
113
1
17
1
17
2
4
7
2
2
9
1
22
1
4
1
8
1
5
5
2
1
6
2
1
7
3
1
3
1
58
35
9
1
1
6
6
1
10
5
18
37
1
1
13
2
8
1
17
5
4
1
1
7
1
1
3
6
3
1
1
3
2
2
1
1
2
10
3
3
1
1
1
2
2
1
2
14
3
15
2
1
3
20
2
4
1
1
11
1
31
1
6
8
10
1
2
1
1
2
3
1
2
8
34
2
8
8
3
3
5
4
6
10
7
2
1
1
1
1
1
1
5
2
3
5
4
15
1
1
5
4
4
14
2
12
4
3
2
1
10
2
2
1
2
1
2
6
1
2
15
4
23
8
1
1
2
2
1
3
6
2
1
1
1
2
2
3
18
1
4
13
1
2
1
1
1
3
1
2
12
16
1
4
1
9
3
1
2
2
1
1
2
1
1
1
14
1
3
11
2
6
1
1
9
2
