7
1
1
1
3
3
1
1
11
1
39
1
2
6
6
27
23
5
11
1
6
5
4
7
1
1
7
3
39
8
1
2
2
7
2
1
6
1
7
2
10
1
5
8
2
1
32
2
2
14
18
1
15
1
1
2
11
1
19
2
4
3
3
4
1
3
2
4
1
24
4
1
1
12
3
2
1
2
4
2
2
6
3
36
2
18
2
8
1
23
10
1
7
8
1
4
1
3
22
12
20
4
3
8
4
4
5
6
3
29
3
18
2
15
2
1
18
12
4
4
1
3
1
6
37
7
21
3
37
2
2
1
1
3
4
25
9
12
5
7
14
4
4
15
8
13
1
2
1
3
1
1
2
6
9
2
1
14
4
1
2
5
1
6
12
1
3
1
2
1
3
23
1
2
6
14
3
1
3
7
1
1
2
9
3
15
1
8
1
7
2
1
2
11
3
1
2
5
5
15
17
2
2
1
15
23
14
1
1
3
1
1
5
1
3
4
2
13
4
13
1
4
1
5
12
1
3
2
6
2
4
2
2
2
2
3
20
31
2
3
2
1
3
1
2
5
4
1
1
1
1
13
6
1
1
14
2
2
47
1
3
10
1
3
3
1
1
1
5
4
3
6
1
2
1
1
14
4
1
5
5
2
12
3
4
1
4
27
25
1
1
2
18
1
1
19
17
1
2
7
3
1
3
12
2
1
2
1
8
2
6
9
1
2
3
2
4
4
26
5
5
1
1
44
1
7
1
3
1
10
40
3
1
2
7
19
2
3
3
2
3
6
2
28
2
5
3
1
1
2
4
4
1
2
2
3
1
4
2
3
1
7
1
1
6
3
1
1
1
2
2
3
5
60
2
4
7
3
38
3
2
1
3
1
6
10
8
10
8
3
4
3
3
17
1
16
1
3
21
4
1
4
5
15
1
1
5
6
3
1
1
6
12
13
1
1
1
11
2
9
6
1
5
19
10
3
3
14
5
5
3
1
11
3
1
5
4
31
14
2
12
10
16
3
1
3
2
2
5
3
12
10
1
1
3
1
29
2
2
5
23
3
12
2
2
1
2
39
10
2
19
6
1
1
4
10
1
33
1
8
14
22
59
2
1
1
6
1
49
2
2
3
1
17
1
1
2
1
3
1
16
49
4
1
2
1
12
3
6
3
18
1
1
1
3
3
11
4
1
1
2
3
8
2
14
2
4
1
61
3
15
1
13
1
3
13
5
2
2
1
6
1
3
1
1
23
2
13
18
3
6
7
6
1
7
9
20
3
30
2
2
14
1
17
1
33
1
12
15
2
9
1
12
3
5
4
1
1
1
8
1
8
1
7
14
1
1
1
2
21
3
1
2
3
46
5
13
3
22
1
2
1
2
3
1
2
1
5
2
4
5
1
11
20
26
2
9
2
2
3
4
4
2
4
5
1
4
1
12
1
3
3
13
25
12
3
20
4
1
3
8
2
3
4
34
1
7
4
4
2
2
9
11
1
1
13
8
5
1
26
57
2
2
1
2
1
4
2
4
2
2
8
7
3
6
4
22
2
41
1
1
1
9
8
2
1
2
4
1
9
2
1
1
5
14
5
2
7
1
3
3
11
2
8
1
16
3
5
5
10
4
4
6
2
3
5
1
1
4
3
7
2
4
17
4
2
1
33
14
30
3
11
4
16
2
4
11
13
1
2
1
7
2
4
11
34
5
2
18
2
7
15
3
1
12
3
5
1
11
7
1
3
1
5
2
2
4
1
1
15
18
15
1
4
1
2
2
9
2
14
3
1
2
2
6
4
1
3
4
1
2
10
12
2
2
5
1
3
5
4
13
1
2
1
3
22
5
1
1
5
4
35
14
8
13
16
1
6
11
18
5
11
31
1
1
2
23
1
4
4
15
2
10
6
2
8
2
1
1
18
2
2
1
2
5
21
4
2
1
53
1
2
10
3
3
17
10
2
1
5
9
13
2
6
1
10
2
1
1
3
2
11
4
1
2
5
1
5
2
24
1
22
2
7
5
1
8
2
8
4
4
16
1
4
3
1
6
2
20
2
1
8
10
1
8
10
1
2
1
3
19
1
3
4
2
3
2
8
1
2
1
7
4
10
1
9
27
15
3
4
3
4
1
2
4
1
32
2
1
7
6
18
38
39
9
8
1
31
1
7
2
1
23
18
1
1
1
17
8
2
8
1
1
21
4
2
2
1
1
4
4
1
1
1
2
1
2
5
1
3
4
5
8
5
2
20
34
7
44
3
5
3
3
2
3
1
18
10
35
7
11
5
3
43
2
3
37
13
1
13
3
1
1
1
7
7
7
11
5
2
30
27
4
1
3
14
2
1
7
2
2
8
10
42
3
1
37
1
1
1
2
25
3
2
12
24
1
8
2
4
5
1
6
8
2
14
5
2
1
9
1
7
11
16
6
7
1
13
11
1
1
6
12
2
4
4
2
2
1
5
1
3
4
2
2
6
11
6
29
1
1
1
3
2
3
5
1
5
1
2
2
1
4
4
5
23
2
3
1
10
11
6
19
1
5
5
3
2
2
5
1
3
3
1
5
2
1
1
7
21
6
3
1
7
3
1
2
1
4
1
5
1
34
3
3
14
2
2
2
1
5
2
8
5
4
1
2
8
9
3
2
8
1
1
3
36
7
1
1
1
1
1
2
2
1
2
3
11
3
2
10
7
5
33
2
2
13
1
5
3
2
31
6
2
6
1
4
34
3
1
13
1
29
1
8
59
32
10
2
3
12
10
17
7
2
2
3
12
17
2
14
2
2
4
1
2
15
1
1
28
3
3
4
2
1
16
1
4
1
2
1
1
13
2
15
3
2
24
1
1
1
1
2
5
2
4
11
1
13
1
2
1
4
1
2
32
20
9
1
8
2
13
1
1
17
1
10
23
4
12
1
1
4
1
6
6
6
2
1
3
7
15
25
8
5
1
10
29
1
7
4
2
1
1
3
4
2
6
1
25
2
2
6
4
1
15
2
1
12
2
18
5
1
3
1
2
7
1
2
1
2
2
1
1
3
2
1
6
14
13
4
4
24
8
1
10
1
1
1
5
3
3
22
1
2
1
1
2
4
1
1
1
1
2
21
1
2
10
3
13
9
12
1
2
1
2
3
4
7
6
2
2
1
1
1
6
3
2
1
14
11
6
2
2
4
1
8
2
5
3
1
1
4
8
1
2
2
2
2
4
7
3
3
4
22
3
3
2
1
1
22
12
13
1
2
14
13
2
1
1
2
1
7
4
2
14
4
1
2
2
12
1
5
2
1
20
5
3
3
3
3
4
4
9
1
4
2
4
7
2
28
1
3
1
4
8
11
20
4
1
1
6
1
7
2
6
1
15
1
13
1
6
1
2
2
1
7
1
7
7
4
4
1
5
5
11
26
3
1
1
1
3
39
2
4
5
2
9
1
2
1
1
1
1
12
2
1
3
4
1
2
6
15
2
2
1
2
9
12
3
2
3
1
4
5
8
4
1
15
1
2
3
9
2
1
3
11
4
2
11
8
1
10
3
1
9
18
2
2
2
3
2
2
11
2
4
3
34
3
4
25
2
1
19
37
22
1
2
5
8
2
5
3
10
1
3
2
2
8
3
6
3
1
5
6
3
1
18
1
24
12
2
29
11
22
1
3
46
1
3
3
7
4
1
4
48
8
17
1
2
3
4
5
3
16
3
1
2
3
15
9
12
2
1
8
1
16
14
6
5
1
1
12
1
4
1
1
1
15
77
15
8
9
34
4
2
1
26
1
2
1
1
6
3
18
1
1
1
25
5
2
9
1
1
2
13
4
9
15
6
1
1
14
18
3
2
14
3
2
13
4
2
29
3
5
14
2
3
10
4
7
4
1
7
2
32
3
1
4
3
17
1
9
13
1
1
1
2
3
7
6
8
4
6
1
9
1
1
3
1
7
7
5
3
3
9
1
1
22
1
5
14
23
6
1
1
5
1
5
2
2
5
1
2
1
1
1
4
2
2
1
1
33
1
2
1
1
5
1
3
8
4
10
2
1
1
2
1
1
7
2
2
26
3
1
1
1
23
2
3
2
25
2
2
1
7
5
3
23
1
6
15
8
1
1
5
2
2
1
1
1
9
3
2
2
2
2
3
5
3
1
2
4
11
9
1
2
15
10
20
5
2
1
17
15
7
7
5
1
2
1
18
2
3
1
1
28
2
5
3
4
1
1
9
11
7
3
6
8
28
4
1
3
2
2
6
1
16
1
10
21
6
1
1
2
11
1
12
2
1
4
8
49
71
24
3
3
3
3
7
11
9
4
3
5
1
5
6
2
8
4
2
6
1
2
2
9
11
1
2
3
1
6
1
7
1
2
4
3
18
16
1
3
1
1
9
29
2
6
2
3
2
8
5
11
2
1
1
5
11
15
4
1
6
2
15
1
3
2
10
26
24
1
1
2
4
1
1
4
1
12
10
40
3
18
3
1
1
4
2
1
2
6
3
13
1
6
1
1
16
6
1
12
3
11
2
2
6
2
12
3
1
1
6
5
3
4
2
1
4
5
2
1
2
6
11
1
1
21
6
28
3
22
11
3
1
3
1
4
2
20
4
1
1
1
1
8
6
7
4
2
1
9
1
10
1
3
15
23
11
19
4
2
6
1
8
2
1
6
19
13
3
3
2
1
1
1
2
13
1
3
1
16
1
1
2
1
31
1
17
1
5
1
8
8
12
6
6
20
3
3
8
4
1
8
2
2
1
5
19
1
15
21
1
2
1
5
1
1
4
1
33
12
2
1
1
2
3
3
2
15
10
8
1
3
34
4
1
7
1
1
12
6
1
11
3
2
3
1
13
4
7
1
5
15
1
1
13
2
11
15
10
2
2
3
3
10
17
2
1
1
1
3
1
6
27
2
8
1
2
3
2
7
2
5
9
6
19
5
1
2
1
1
27
10
45
1
1
7
2
10
1
2
3
1
3
4
13
6
5
1
1
3
4
12
1
2
2
4
3
1
2
2
17
3
6
31
3
8
2
5
40
2
5
2
19
3
2
9
1
8
2
3
3
4
4
4
40
1
1
3
7
15
4
7
1
1
4
2
7
1
3
1
1
3
24
1
1
6
8
10
1
1
3
6
6
22
2
6
1
8
7
3
1
1
4
20
1
1
1
1
22
1
40
2
14
1
2
2
15
1
1
1
2
5
2
57
1
3
12
11
3
4
1
2
1
1
1
14
1
2
9
6
10
6
5
2
8
65
14
4
4
