43
5
7
3
4
9
1
8
9
1
6
1
35
3
1
6
25
44
6
4
81
10
10
1
1
9
7
2
13
4
38
34
11
8
6
18
109
7
2
14
5
33
3
32
6
7
3
1
19
6
3
10
21
1
17
5
5
1
9
10
1
2
6
1
1
7
2
38
8
1
21
5
7
3
7
2
2
25
51
13
1
3
3
13
2
2
8
10
13
1
13
1
1
2
17
1
44
6
15
5
14
3
29
1
4
2
90
18
2
11
66
5
1
10
61
7
34
36
7
60
9
1
5
3
65
18
2
1
28
7
1
2
103
71
1
1
4
5
108
5
1
1
4
32
28
2
69
7
50
22
13
8
6
6
1
2
3
3
43
13
11
3
1
15
1
137
21
2
3
79
3
2
46
1
7
56
3
6
12
7
1
48
6
13
1
26
2
9
1
4
2
4
49
35
8
56
11
17
2
12
2
1
2
5
1
1
5
4
71
2
2
2
8
20
14
6
42
12
13
1
8
9
2
5
9
7
6
1
7
12
7
14
3
3
1
5
20
26
3
8
3
2
117
45
92
1
2
56
2
13
4
7
5
24
112
18
16
40
5
3
8
5
2
56
2
6
17
4
5
2
2
8
2
20
1
2
19
24
2
62
12
85
1
13
4
5
2
17
2
9
36
1
7
5
2
4
2
2
42
46
8
1
39
13
1
2
148
1
4
30
1
1
10
2
2
26
26
4
1
38
1
35
8
30
2
93
1
19
3
22
1
8
3
3
11
36
2
14
1
2
30
19
1
4
7
39
11
6
6
34
6
3
29
1
23
9
20
25
1
2
2
32
12
10
4
2
109
29
2
14
21
6
13
1
9
7
13
2
3
3
7
2
1
1
5
53
1
13
7
19
9
3
2
12
1
2
14
2
7
2
3
28
26
14
3
6
13
59
129
13
4
1
4
8
12
1
2
2
67
29
2
19
9
11
5
1
13
26
3
3
2
2
36
24
4
70
3
110
26
21
4
68
4
27
23
12
2
4
11
1
4
63
2
21
11
14
3
1
1
20
4
3
16
14
9
15
6
181
42
10
91
5
1
8
14
4
8
2
32
5
2
21
20
5
3
18
1
8
4
97
7
5
44
6
1
1
11
4
9
1
39
1
116
31
2
5
94
8
22
2
2
1
21
1
10
14
30
1
47
14
7
2
58
9
1
2
6
41
24
3
17
43
3
1
2
69
1
181
13
3
47
62
4
3
28
4
85
10
2
10
23
37
116
2
46
3
1
51
4
7
8
27
88
5
26
1
9
15
51
15
4
2
22
1
58
59
76
38
1
54
1
1
6
16
13
4
1
5
111
22
23
9
8
4
1
4
4
2
10
34
5
4
3
3
6
10
2
17
41
17
40
1
37
25
12
1
23
18
37
21
1
1
4
9
13
15
21
3
11
4
12
4
38
9
4
44
4
2
7
6
18
2
6
67
2
1
8
18
11
2
2
1
14
14
28
17
1
99
4
3
7
19
11
1
1
1
41
39
2
1
2
8
2
2
19
67
7
2
15
140
19
2
8
3
98
82
5
51
2
32
4
1
37
9
3
24
1
20
13
2
5
3
42
7
3
6
80
4
2
6
2
1
18
18
3
2
4
4
1
10
1
11
24
73
11
105
3
46
1
15
7
45
24
8
8
169
10
2
28
13
12
1
3
10
3
4
6
1
44
1
79
12
8
1
2
5
2
12
37
1
16
6
8
2
15
2
4
28
2
4
10
3
2
2
3
3
1
21
2
1
5
2
10
1
26
7
23
1
9
24
16
4
2
9
10
3
2
41
39
2
6
1
5
1
2
13
8
2
2
4
17
31
13
9
5
10
61
2
44
6
1
45
3
3
8
1
6
100
2
20
62
30
18
21
5
6
6
55
81
3
2
37
97
1
5
4
2
2
57
6
5
1
2
6
1
3
9
3
1
1
10
5
2
1
1
1
16
4
14
4
12
7
82
3
3
1
2
34
38
4
3
1
1
92
1
4
28
7
57
4
3
1
2
35
38
4
7
7
8
4
40
5
30
10
35
2
1
11
29
17
35
6
4
47
11
29
6
28
3
1
3
3
1
1
84
53
23
4
5
3
29
1
1
13
2
5
39
5
1
31
10
2
3
2
1
92
6
1
23
2
4
4
4
38
35
2
1
89
14
5
12
26
59
3
16
1
45
31
12
1
4
98
4
3
97
16
27
39
2
32
8
3
4
4
6
30
6
16
6
45
6
2
1
24
9
1
7
80
26
1
1
8
9
1
7
11
2
67
3
3
1
8
1
1
12
8
8
137
32
1
1
24
25
1
2
3
1
2
1
1
7
1
12
116
18
57
2
11
45
1
45
1
1
6
1
10
2
1
67
6
28
3
2
4
1
8
27
63
11
3
5
12
2
57
1
4
9
1
11
1
6
9
1
3
8
29
1
11
57
4
2
14
1
2
1
15
83
3
19
8
4
94
5
30
2
5
6
4
27
17
2
11
2
3
1
27
4
3
1
42
38
7
2
3
11
2
3
5
1
67
13
20
14
6
9
1
27
8
6
1
1
3
85
56
2
1
2
4
12
1
5
6
2
11
33
8
1
1
8
1
2
1
23
4
6
53
47
4
3
3
8
1
1
3
32
69
9
1
14
2
1
62
46
4
55
76
9
3
6
7
90
15
28
18
5
15
1
18
11
6
52
6
4
21
72
4
1
3
30
2
2
42
23
4
3
18
33
12
4
25
4
41
1
17
2
1
73
3
20
1
3
7
1
4
4
123
19
3
4
45
12
6
5
5
6
47
1
2
1
3
102
20
3
2
3
46
1
4
5
8
11
12
23
4
9
7
4
24
36
34
84
2
1
12
3
12
3
23
14
8
6
7
35
1
12
1
85
5
3
3
4
2
35
1
18
8
1
24
40
3
3
1
21
10
2
14
1
1
2
2
21
1
165
14
16
12
1
1
2
7
16
27
4
5
17
4
164
10
8
7
12
3
61
26
5
11
20
2
34
6
5
8
4
2
1
5
43
5
15
13
31
1
16
1
2
10
3
1
2
3
2
7
20
22
14
2
2
9
3
16
5
2
3
23
1
1
2
3
7
4
23
