4
3
1
3
6
3
1
1
7
1
14
2
5
2
1
1
1
13
10
2
10
3
1
4
2
4
1
1
3
2
2
1
2
9
2
2
1
5
3
2
1
5
1
1
1
2
2
1
1
21
2
3
2
1
1
8
1
12
3
17
16
1
4
2
10
1
1
1
5
3
1
4
18
10
2
9
5
4
3
3
1
2
1
3
17
3
24
6
7
3
10
2
6
2
1
3
1
8
6
1
6
7
1
1
3
8
14
9
5
1
4
7
3
2
2
2
1
1
3
3
3
2
4
1
3
3
2
27
15
3
9
1
3
5
1
1
1
5
2
1
3
51
18
5
6
6
1
15
1
7
1
3
1
3
1
2
2
1
1
2
1
8
20
4
3
11
17
1
1
5
2
2
25
1
5
4
13
7
2
1
1
1
1
13
4
1
1
10
1
7
15
8
1
4
2
3
14
2
2
1
11
2
1
19
1
1
3
3
2
6
2
1
3
2
1
17
6
1
1
2
1
21
2
7
4
2
3
2
13
3
21
1
23
4
3
2
1
1
1
17
2
1
2
15
12
11
5
2
