62
57
7
2
44
77
634
8
441
144
25
562
210
7
27
51
69
10
22
2
6
9
2
2
34
523
4
1
15
100
14
3
75
4
12
4
3
18
368
14
8
293
2
315
41
1
1562
27
190
45
124
6
8
52
71
724
17
364
6
60
55
212
3
211
330
4
357
44
77
2
24
52
92
80
67
8
803
84
80
108
1
11
355
12
1271
96
126
67
143
1
19
312
3
125
437
394
96
11
292
66
6
21
24
204
1182
90
1042
1
374
24
51
9
20
47
69
650
4
1018
10
240
410
19
71
151
450
268
1
108
239
22
733
8
11
993
89
40
82
227
52
16
207
14
156
223
23
6
195
73
2
49
187
64
89
40
110
80
132
528
2
981
173
43
77
113
22
136
132
70
24
15
17
259
60
17
71
9
10
391
8
3
260
1595
248
1256
4
2
87
55
289
18
2
13
22
3
27
944
128
24
40
6
9
5
199
2
32
5
50
1
59
5
2
114
5
169
3
305
3
1
752
13
16
18
102
816
44
634
82
19
2
2
122
2
930
3
612
3
14
153
320
80
1218
16
25
326
47
237
4
16
21
175
700
84
185
289
173
315
2
2
1259
38
13
102
26
111
72
5
13
4
97
1
31
530
1
1
34
111
1170
826
9
106
2
9
20
121
4
2
52
3
1
742
5
83
46
115
97
193
417
201
6
32
3
433
45
2
56
29
757
90
4
34
73
747
213
105
134
1
14
196
28
274
2
4
56
5
111
102
30
34
1005
25
1
1
5
9
4
169
10
77
4
3
78
51
38
2
38
10
5
616
481
19
24
14
18
59
31
124
16
164
36
35
441
153
138
13
6
113
1
4
23
413
325
519
815
2
42
7
766
47
1
15
1
9
2
2
150
519
15
41
1266
14
106
538
54
13
18
66
163
167
4
307
170
1335
5
518
18
723
287
1151
1323
1
320
81
78
334
9
213
5
13
1191
21
55
2
6
25
4
2
196
11
16
15
739
40
30
1
1077
2
3
11
98
940
111
241
300
23
1043
193
1109
318
36
255
178
34
1291
51
83
11
4
42
18
12
43
579
15
4
786
334
58
17
15
1482
177
33
1230
39
397
14
10
233
126
778
184
168
3
45
80
201
1
13
36
30
104
127
128
27
9
222
71
1
11
3
2
1
25
262
6
336
10
30
479
67
130
59
115
721
587
289
8
10
240
1
15
1074
24
328
142
823
3
13
10
1
4
248
81
122
11
134
5
20
686
10
49
1
47
18
41
65
1
5
90
14
38
1
234
93
257
39
8
3
11
235
19
26
74
2
75
7
6
1
32
724
7
2
349
365
10
6
19
309
184
22
107
7
13
248
7
19
400
15
9
90
16
6
296
16
2
30
93
611
17
120
11
15
157
165
134
1
66
2
836
637
15
4
884
4
4
281
12
8
32
145
19
3
1597
162
184
1173
9
175
46
132
52
27
213
18
140
606
796
184
29
1616
1
590
117
4
34
200
3
4
221
23
1
6
11
30
20
214
6
618
239
36
5
150
32
17
89
1068
249
5
13
32
2
4
4
82
297
15
151
26
2
9
2
38
138
1
996
39
325
276
1
5
3
233
383
1
2
196
944
166
28
3
359
442
61
7
193
33
9
1166
5
307
23
243
7
239
1
1596
63
250
272
3
114
8
28
45
82
350
15
470
32
4
14
30
305
91
22
2
963
4
5
198
9
29
305
2
26
25
1
6
64
55
117
2
54
133
248
306
44
2
885
2
350
139
5
46
27
2
20
19
2
834
323
9
129
1060
24
61
227
105
41
253
8
5
2
7
138
1493
2
45
247
67
85
37
20
111
42
1
22
16
31
34
31
1076
67
286
7
3
9
18
4
44
762
205
79
160
940
34
415
77
6
2
1598
36
7
1037
13
147
9
605
96
7
540
34
45
24
88
5
80
253
18
59
22
118
92
41
50
170
71
502
986
131
924
103
16
925
494
7
140
17
309
32
257
5
18
1
6
15
109
8
22
4
3
28
1
7
4
10
173
229
3
208
1126
2
101
11
8
84
18
450
2
44
117
13
8
3
596
18
2
6
34
76
4
3
490
23
4
1
38
1251
73
1
189
46
1604
2
19
9
27
13
343
16
174
136
21
48
27
2
6
323
177
276
362
7
3
828
70
6
38
232
20
113
262
1
634
1
19
71
5
5
11
6
732
100
2
15
228
30
396
215
3
117
9
55
1294
584
158
4
88
17
22
1461
21
4
2
5
4
1
9
102
48
935
338
22
11
2
327
8
485
16
29
4
6
87
12
135
18
1037
2
23
113
17
67
251
435
167
407
28
1014
4
20
2
3
300
74
1574
3
47
5
1
3
2
489
70
831
21
58
13
29
25
14
3
94
331
1118
3
1
3
38
340
131
26
53
13
100
494
129
20
23
2
16
293
29
105
2
22
2
432
814
55
98
156
846
1
13
13
137
2
4
1
22
10
7
16
23
190
73
13
1
11
43
1
3
73
111
3
1438
4
2
1
464
10
188
688
11
174
792
12
19
131
192
20
13
240
68
8
156
27
690
871
117
1106
19
144
160
52
8
1
79
725
3
16
130
721
78
50
135
1146
2
1201
1
206
9
1146
6
56
32
11
13
23
2
44
1129
715
363
46
9
14
976
3
193
127
1230
5
3
929
58
44
60
440
2
3
3
34
1
31
2
100
3
17
26
85
475
6
1280
85
42
8
201
111
26
26
3
21
11
8
7
15
4
27
5
68
2
18
23
11
599
1069
2
7
101
1
2
181
27
94
177
4
189
35
2
802
34
400
8
17
284
83
11
24
308
111
5
4
53
636
179
799
32
20
1
705
37
77
5
1
2
1580
121
13
2
16
5
12
10
4
317
20
753
744
3
860
47
31
21
168
126
47
43
8
49
48
5
249
311
