1
1
1
1
1
3
51
1
1
1
1
1
3
3
1
8
133
33
36
20
344
3
1
2
6
279
18
50
1
10
1
3
28
1
1
7
87
5
34
1
7
3
3
25
100
3
1
399
1
5
1
1
1
1
3
3
2
11
2
1
31
44
1
1
2
1
2
90
3
1
1
1
1
2
1
1
1
2
1
1
1
1
5
9
17
2
1
2
1
2
11
56
1
14
3
1
4
9
4
25
2
4
1
1
2
1
14
14
53
14
1
2
1
1
1
5
21
1
1
24
1
2
3
1
9
32
2
1
1
59
1
1
7
4
7
2
2
2
3
1
2
1
10
1
90
15
3
1
3
1
9
4
1
11
5
1
1
17
1
1
4
3
7
3
12
1
86
4
1
12
13
54
3
2
2
1
1
1
1
1
4
1
3
1
1
18
5
1
85
2
1
17
3
2
2
1
1
81
2
1
1
5
3
6
52
8
2
3
1
1
1
31
6
1
2
1
7
2
1
1
17
1
5
1
1
66
338
4
7
38
23
1
6
2
9
413
338
1
42
1
1
1
1
1
42
1
1
2
87
1
3
7
1
28
1
1
2
1
10
1
35
4
4
4
1
309
1
1
1
1
1
18
14
1
1
14
1
1
8
1
4
4
1
13
1
1
1
1
13
1
13
1
1
1
1
18
1
1
1
1
1
1
1
1
11
1
1
1
1
1
1
1
1
1
1
1
1
1
1
1
1
1
1
1
2
1
1
1
5
1
1
1
1
1
1
2
1
1
2
1
1
2
3
1
8
1
11
4
1
1
3
1
2
51
30
1
1
1
1
3
1
1
3
1
4
2
1
7
1
1
1
4
1
1
11
56
1
1
3
3
5
4
1
1
2
11
4
10
1
1
1
14
4
2
1
23
60
1
1
1
6
1
1
1
1
1
11
2
29
30
10
2
1
1
2
595
2
2
1
1
1
1
2
2
3
30
1
23
1
5
1
1
1
2
1
2
2
1
239
1
74
1
1
1
17
1
1
7
7
4
1
1
5
1
2
3
1
1
3
3
9
1
21
1
3
2
5
3
2
3
4
1
1
12
1
1
1
1
1
1
1
3
2
3
1
1
1
3
1
29
117
2
1
17
1
2
20
1
5
1
5
1
5
2
6
4
1
3
2
2
19
1
3
1
1
1
285
1
2
2
14
1
1
6
3
1
1
2
16
5
2
1
1
1
1
1
5
43
2
5
1
36
1
1
17
1
1
1
2
1
1
1
2
14
1
1
1
1
1
1
1
2
1
2
1
4
1
1
1
1
1
1
2
1
1
2
2
1
2
1
1
2
1
25
3
1
1
1
2
1
1
1
2
1
2
1
1
1
1
1
2
2
5
1
1
1
10
10
2
1
3
4
33
3
62
4
2
33
11
4
2
1
3
4
1
133
1
2
6
13
1
2
1
1
1
1
1
1
3
19
3
1
1
1
1
10
30
1
1
276
3
1
1
5
10
20
2
2
164
5
9
1
178
1
1
6
1
2
1
1
3
1
3
1
1
1
2
3
1
1
1
2
1
1
1
76
1
1
1
1
1
7
7
36
1
1
2
1
1
1
1
8
1
9
434
20
11
13
30
190
9
27
1
6
7
1
15
1
1
30
1
16
130
5
16
57
10
19
6
1
3
2
5
1
3
102
1
2
1
5
3
1
1
4
1
4
2
1
2
3
17
1
72
20
5
1
5
2
1
1
4
1
1
1
11
5
5
1
2
1
7
1
1
1
2
1
1
7
1
1
1
1
1
1
3
1
1
2
6
1
124
20
5
1
1
1
1
1
1
14
103
2
1
1
8
1
60
1
1
1
1
1
1
1
1
17
1
81
1
1
1
58
33
124
1
368
42
167
14
1
1
1
1
1
2
1
2
2
1
3
1
3
20
3
82
1
1
1
9
5
1
15
2
1
2
4
4
1
3
2
1
1
1
4
2
316
1
4
1
73
1
1
3
1
1
1
1
1
2
1
1
1
1
1
1
2
6
1
4
4
1
2
2
43
34
1
1
1
3
10
33
1
125
20
2
1
6
3
1
3
93
10
1
1
1
1
1
2
7
1
1
2
1
1
1
2
1
1
3
1
1
1
3
6
5
5
1
2
1
6
1
2
1
2
1
1
1
5
1
3
196
1
3
16
1
2
1
1
1
1
1
1
45
9
1
1
1
1
275
2
1
1
1
1
1
17
1
1
1
1
3
1
25
1
2
1
1
1
1
1
1
5
2
1
1
1
9
2
6
1
1
1
1
2
1
1
1
2
1
3
2
1
1
3
1
1
1
1
2
1
37
2
1
2
1
1
1
1
1
149
5
1
1
1
1
14
3
158
3
9
1
2
1
1
11
3
1
1
2
10
2
1
2
1
1
1
3
1
1
1
1
33
13
1
24
2
1
1
1
2
1
1
1
1
3
1
2
1
1
3
1
1
1
4
1
8
1
42
49
56
2
73
1
1
1
7
1
2
1
3
2
1
17
8
222
56
13
1
1
1
3
1
1
4
1
1
1
2
1
1
2
1
1
1
3
29
5
3
5
16
3
1
1
11
1
1
33
2
1
3
1
1
31
2
7
2
20
6
27
22
8
5
8
6
1
1
2
4
4
1
1
5
10
11
1
1
2
1
3
2
1
7
1
1
1
8
2
1
1
3
1
2
3
1
21
9
6
6
1
1
15
3
2
5
1
12
1
8
32
2
1
2
7
1
1
1
27
1
1
62
10
1
1
1
11
6
3
1
2
2
1
10
3
1
1
1
1
14
1
4
1
5
8
4
2
1
1
4
1
1
30
1
1
1
1
1
20
4
1
145
1
5
1
3
1
12
70
10
1
1
1
41
5
1
1
1
1
1
2
2
2
13
3
3
2
68
3
2
3
14
17
2
1
10
53
33
2
11
381
25
286
436
1
1
1
1
1
5
2
5
14
1
9
8
164
4
1
1
49
1
9
1
2
68
10
1
1
9
3
1
2
49
2
2
1
1
50
34
1
4
1
1
16
1
1
2
1
2
28
1
1
2
1
6
1
3
1
1
1
2
1
3
4
1
1
1
1
11
18
1
3
3
1
1
2
1
1
4
1
2
1
2
1
6
6
1
1
2
1
2
4
1
4
1
1
1
1
1
1
1
1
1
5
7
3
1
1
1
1
8
4
1
4
1
1
4
1
1
3
1
1
1
1
1
6
1
3
4
4
1
1
1
2
1
1
1
1
1
1
1
1
1
1
2
3
2
8
1
1
1
4
4
1
3
1
1
1
2
1
1
1
1
2
1
6
3
1
4
1
1
2
7
10
11
1
1
1
1
1
1
2
1
2
1
2
2
1
2
1
1
1
1
1
10
5
6
2
5
1
1
1
18
13
2
1
1
5
1
1
1
1
3
1
1
1
2
1
1
1
2
1
4
1
1
2
1
1
6
1
1
2
39
1
2
2
1
2
1
25
1
1
1
1
2
1
2
2
1
12
1
1
1
3
2
2
2
1
1
1
1
1
1
1
25
2
1
1
1
1
59
1
100
1
1
4
1
4
1
1
1
1
2
1
33
2
2
2
1
1
117
1
1
1
1
21
1
1
1
1
19
1
1
1
3
1
38
29
4
4
9
1
1
3
1
1
1
1
1
276
1
1
4
2
1
10
1
5
1
2
1
1
12
1
1
1
7
54
23
1
69
140
1
1
6
10
4
2
43
126
7
434
215
106
1
1
1
1
2
1
117
1
1
1
1
1
3
226
1
2
1
1
1
8
1
8
5
2
1
2
1
1
1
1
9
4
3
1
1
1
3
1
3
23
3
1
1
6
1
3
14
9
3
1
1
1
3
3
1
2
3
16
4
1
6
2
2
1
9
32
1
4
1
2
1
1
1
94
13
2
1
82
1
2
1
1
1
1
1
1
1
1
1
1
1
2
1
1
1
1
1
3
1
1
1
1
3
3
1
1
1
1
1
1
1
1
1
1
1
2
1
2
1
1
2
62
3
3
369
2
5
2
1
1
2
1
1
1
1
2
1
1
4
1
3
177
1
2
3
1
1
12
1
2
1
1
1
1
1
1
29
1
2
6
1
1
120
1
8
1
1
3
1
2
4
245
1
1
2
3
1
2
1
1
2
1
1
1
1
1
1
2
1
10
4
1
3
2
1
2
1
4
1
1
1
1
2
1
1
1
2
3
1
1
4
2
1
2
1
1
21
2
1
8
1
1
1
8
1
1
1
3
7
12
2
1
1
2
2
1
1
1
1
2
1
8
7
1
1
1
6
1
1
1
3
2
6
1
1
3
1
3
1
3
2
1
2
3
11
2
1
12
1
1
1
3
3
65
8
3
4
4
4
1
151
26
2
3
2
31
3
2
1
1
2
7
2
1
2
1
1
1
1
2
1
1
15
16
1
3
3
20
2
1
4
2
23
1
1
1
1
32
2
3
1
5
274
1
4
1
1
1
1
1
3
1
5
1
2
1
1
1
4
5
6
1
1
2
1
6
1
3
2
2
3
2
3
1
2
1
2
4
6
3
11
4
7
1
1
1
11
1
1
1
2
1
21
1
1
1
1
1
1
1
2
2
1
1
7
9
1
2
1
2
3
1
1
1
1
1
1
2
1
3
2
1
1
1
1
1
1
1
1
1
1
1
241
2
1
1
1
1
2
1
1
1
10
4
1
1
1
1
1
1
2
3
2
5
10
1
11
1
1
1
1
1
1
1
1
1
2
1
1
2
3
3
1
1
1
4
2
3
1
1
2
3
1
1
1
1
1
4
1
7
2
1
1
3
1
1
1
1
1
456
222
1
2
1
2
1
1
1
1
6
1
1
1
2
1
2
6
1
3
1
1
1
1
3
4
5
1
4
1
1
1
1
3
2
2
1
1
2
4
1
1
2
2
1
3
3
1
11
2
1
8
2
2
3
1
4
1
24
10
2
1
25
1
3
5
1
54
3
2
2
9
2
8
1
2
3
1
1
1
1
2
1
1
77
232
1
1
1
4
1
1
1
1
1
1
3
1
12
3
1
4
1
1
12
5
1
24
10
13
1
1
1
2
3
8
1
7
3
58
1
58
87
15
99
241
1
4
4
2
56
2
2
2
5
1
1
1
1
2
1
1
1
1
4
8
3
1
2
1
1
1
4
1
9
2
1
2
11
1
2
9
1
2
7
10
31
1
2
3
1
3
1
13
1
5
3
1
3
2
2
3
11
1
1
1
1
3
1
1
2
1
3
1
2
20
1
1
6
1
1
10
102
3
1
1
1
1
1
2
4
1
1
1
2
1
1
12
2
1
1
2
4
1
19
1
39
1
1
1
2
12
2
1
1
1
11
1
2
1
3
1
1
1
19
48
1
1
1
1
2
76
42
50
1
1
1
1
4
1
3
1
2
1
1
1
1
4
1
1
1
1
1
1
2
1
1
2
3
1
1
1
2
1
2
1
1
1
1
1
1
1
2
4
3
4
2
1
4
1
5
1
1
14
1
1
2
1
1
43
1
3
1
103
2
1
1
1
1
2
2
1
2
28
1
1
1
2
1
2
1
1
3
1
1
1
1
53
1
3
3
1
33
1
1
1
1
1
2
1
8
2
1
4
3
2
1
239
1
2
1
1
1
1
1
1
8
10
2
1
3
1
1
1
12
271
1
4
4
1
1
1
1
1
26
1
1
1
1
4
5
2
1
3
1
1
1
1
1
1
3
1
6
1
1
1
1
62
1
12
1
2
1
116
2
3
1
1
1
2
1
1
1
1
2
1
1
2
9
1
1
1
1
10
1
1
1
1
1
1
1
1
2
1
1
19
1
1
4
1
1
1
1
1
1
1
1
2
1
1
1
1
1
1
1
1
1
1
1
1
5
1
1
1
1
1
1
1
1
1
1
1
1
1
1
2
1
5
13
15
5
3
1
1
1
2
1
1
1
2
1
1
4
1
1
1
1
1
1
3
1
1
1
3
1
12
3
3
6
24
6
1
1
1
20
2
1
35
1
3
1
1
1
1
1
1
1
1
1
1
2
3
2
22
8
3
20
1
48
4
7
3
8
3
7
7
1
1
9
1
1
2
1
1
23
1
1
2
2
3
1
2
1
1
1
1
1
20
1
1
2
1
1
2
1
1
1
1
2
9
2
1
4
1
1
3
1
1
12
2
3
2
145
2
8
2
1
3
3
10
2
1
7
4
1
30
10
1
1
2
1
2
1
1
1
7
2
11
1
20
14
18
12
1
1
3
6
1
10
2
4
5
2
1
2
3
1
77
1
2
2
55
1
1
1
2
2
2
12
2
4
1
1
1
37
1
2
1
9
21
7
1
8
1
1
10
1
1
1
1
2
1
1
1
1
1
1
1
2
2
1
1
1
8
1
1
1
1
2
1
1
1
1
2
2
1
1
1
1
1
1
1
4
2
1
2
1
1
3
1
1
1
4
1
2
1
2
2
1
2
1
3
1
1
1
1
1
8
2
1
1
3
1
6
1
1
2
1
4
1
1
3
1
1
2
2
3
3
1
1
1
1
2
2
1
9
1
1
2
1
160
1
1
1
1
37
128
7
1
1
2
3
2
2
1
1
2
1
2
1
1
1
3
3
1
1
2
67
1
1
1
1
3
1
1
1
1
1
1
1
1
1
6
2
42
2
2
1
3
1
1
1
1
1
1
14
1
34
1
109
9
1
1
7
1
1
1
10
2
1
2
1
1
3
1
1
21
1
1
4
1
1
1
1
1
2
1
1
1
4
1
1
1
2
1
1
1
1
3
1
2
2
1
2
52
1
1
1
1
1
1
1
67
2
1
4
1
1
1
1
2
1
1
1
6
1
6
1
3
2
1
2
1
1
1
2
1
1
1
1
1
1
2
1
1
1
2
2
1
1
1
1
1
1
1
1
1
2
3
4
250
3
1
1
4
2
2
3
3
1
4
3
1
1
1
56
1
34
1
2
1
9
17
1
1
8
2
28
1
1
1
1
25
1
219
1
1
3
56
1
1
1
1
1
1
4
1
1
1
2
2
1
1
1
2
9
1
3
3
4
1
1
7
1
1
3
1
2
2
1
2
1
1
9
1
3
3
2
12
4
3
8
3
15
76
4
40
2
54
4
50
1
2
1
11
1
6
43
14
12
5
4
1
1
9
229
1
13
10
7
15
1
1
30
1
80
9
89
5
2
2
42
16
7
1
2
9
3
3
10
1
39
28
11
2
1
1
21
1
5
9
1
2
1
26
1
1
4
5
39
1
1
1
1
2
10
1
1
3
106
2
39
1
15
33
2
8
1
1
14
11
224
6
2
1
4
1
1
1
4
2
5
1
2
1
1
1
1
1
1
6
1
1
11
2
5
6
5
2
1
6
1
2
1
1
2
1
2
3
1
1
1
1
1
1
37
1
1
1
1
1
1
14
2
54
2
2
1
1
1
1
15
1
195
2
2
8
8
32
5
2
2
49
66
2
1
209
1
1
1
2
14
1
1
8
61
33
18
7
13
55
1
1
1
179
164
1
2
1
1
1
2
1
1
1
1
1
2
1
1
1
1
1
1
1
1
1
1
1
211
1
1
1
1
1
34
5
9
1
1
1
1
1
1
1
1
1
1
1
74
1
1
1
2
4
1
2
16
27
22
3
1
9
4
34
2
1
1
1
5
1
1
4
1
1
1
1
1
1
1
1
1
33
1
1
1
1
6
81
1
1
18
5
1
1
1
1
1
1
1
1
3
1
60
1
1
30
1
4
1
1
1
1
1
1
1
44
1
2
1
2
2
1
1
3
1
2
1
18
3
18
3
1
2
2
1
1
1
1
2
13
1
1
2
4
6
1
1
158
20
1
48
3
3
1
3
1
1
2
1
1
1
1
1
1
1
1
2
4
1
1
1
1
1
5
18
4
1
4
1
1
1
5
1
1
1
1
1
1
2
1
3
2
1
1
2
1
1
7
1
4
1
1
20
1
1
1
1
38
1
2
1
1
3
12
1
1
5
1
1
3
4
1
1
1
1
1
4
1
1
1
4
1
2
1
1
2
2
1
5
18
1
5
8
1
2
1
8
2
3
1
3
1
1
1
1
5
3
1
30
2
1
1
4
9
1
44
2
2
2
5
2
80
3
1
9
3
47
9
1
3
1
1
1
9
1
1
3
6
10
1
1
1
1
1
1
1
1
1
19
2
2
4
3
7
7
1
1
1
1
1
39
1
3
1
1
113
12
1
22
1
5
26
1
17
1
1
1
1
1
29
7
1
2
1
1
1
1
5
1
3
3
3
2
1
1
1
1
2
1
2
1
35
6
3
5
13
1
1
2
1
4
3
1
1
1
10
1
2
1
2
2
1
3
4
14
9
1
1
7
1
2
1
3
5
2
1
4
1
1
4
5
2
2
21
1
1
1
11
6
1
1
3
1
1
4
1
3
2
1
1
1
1
1
3
3
1
1
1
1
1
1
1
1
2
1
1
1
1
11
26
6
3
42
1
16
1
1
7
1
1
1
1
18
1
1
16
1
13
1
49
4
1
1
1
1
32
15
1
1
1
1
3
1
1
1
1
1
296
1
1
3
69
4
3
8
7
1
5
3
2
8
7
1
2
1
5
1
1
1
1
2
5
1
1
1
5
1
158
1
3
1
2
1
2
1
126
1
4
1
1
1
1
1
15
1
2
1
3
1
1
19
1
1
1
1
1
1
4
7
14
4
1257
1
1
1
45
1
1
1
1
1
1
1
1
1
2
1
2
1
1
1
1
1
5
116
1
7
1
1
5
1
1
1
1
1
3
1
1
1
1
1
10
1
3
1
1
1
1
1
1
1
1
1
1
1
1
1
1
1
2
2
2
16
2
1
1
1
2
1
1
1
1
1
2
3
1
7
30
1
3
7
2
71
2
1
1
2
1
27
1
1
5
1
1
1
3
1
8
8
1
1
2
51
1
1
13
1
25
4
1
3
1
28
18
1
1
6
3
3
1
1
1
1
1
2
1
12
3
1
1
1
1
1
4
3
1
1
1
8
1
1
1
62
1
1
1
1
1
36
1
2
8
6
5
10
6
6
1
7
12
1
1
6
2
1
12
1
12
239
4
4
35
1
4
3
1
1
2
3
2
2
3
2
1
91
1
1
24
1
2
1
3
1
1
1
1
14
2
1
71
3
1
1
1
19
5
1
3
1
1
4
1
1
11
1
1
2
3
1
2
12
2
1
1
4
7
13
2
1
1
6
4
1
1
1
1
11
2
4
1
10
1
1
1
1
1
4
17
1
18
1
2
1
45
1
1
3
1
1
2
1
1
11
27
1
4
1
1
13
7
1
1
3
264
3
30
3
1
1
1
4
2
36
1
1
1
3
2
1
3
1
22
1
1
2
13
1
1
1
1
1
1
11
1
1
171
141
1
1
1
15
1
1
1
26
2
1
1
4
75
1
1
2
4
1
2
1
7
7
1
31
1
2
7
121
3
3
1
1
4
2
1
41
7
10
1
5
1
7
5
14
2
7
1
2
8
10
6
3
3
1
4
3
3
4
2
1
6
1
3
6
1
11
3
17
2
6
1
20
1
1
2
4
1
23
1
1
4
1
14
1
2
7
2
32
1
1
1
1
1
1
3
1
1
1
1
1
2
6
1
1
2
1
1
2
1
2
2
4
2
4
113
1
1
488
1
2
66
457
1
5
1
1
1
1
3
1
1
1
15
4
1
1
1
1
1
1
1
2
2
1
3
1
1
1
5
1
29
1
2
1
2
2
2
8
3
1
1
1
1
1
1
3
1
4
3
1
1
1
1
1
99
2
1
1
16
1
5
3
1
5
2
1
1
3
2
57
2
20
36
1
5
1
1
1
1
57
3
3
1
48
7
1
1
3
61
26
2
1
1
2
1
1
1
1
1
1
7
11
19
31
8
18
2
2
7
337
204
4
1
8
12
1
1
1
1
1
19
1
8
38
19
3
1
1
38
34
1
1
1
6
3
7
4
2
1
20
1
1
8
2
2
1
3
2
2
138
1
1
1
2
1
2
7
2
1
2
1
4
5
2
1
1
28
1
2
1
2
10
1
2
1
1
1
8
1
3
14
1
1
2
2
1
1
13
1
3
8
1
13
6
5
1
2
23
2
2
51
1
1
1
1
4
1
1
1
1
2
1
1
4
1
1
2
1
5
2
1
2
5
1
93
1
9
7
23
1
1
8
1
2
1
2
1
1
1
2
5
1
1
2
8
1
2
2
4
7
1
1
1
1
2
2
17
6
11
1
23
2
12
1
9
5
1
1
3
1
1
1
143
1
16
3
24
1
1
2
47
1
1
1
1
2
1
1
1
1
1
1
1
1
2
1
1
1
1
1
1
3
1
1
1
27
1
1
1
1
1
1
1
1
2
7
1
4
24
1
1
2
5
1
2
4
2
2
2
1
1
3
2
1
2
3
5
16
6
1
1
3
1
1
224
1
144
1
1
2
53
1
29
1
1
3
2
1
2
1
3
6
2
1
1
121
1
12
1
1
1
50
3
1
40
2
1
1
1
13
3
1
2
2
1
7
1
2
1
11
48
1
1
1
1
1
2
1
1
560
1
1
1
1
1
4
5
24
1
8
1
1
1
2
1
1
1
1
1
2
1
1
1
1
2
11
1
1
1
1
1
2
1
1
1
38
1
1
1
1
1
1
1
2
8
66
1
3
3
1
1
1
12
1
2
1
8
1
1
5
6
178
1
2
7
2
2
7
1
2
1
1
1
1
1
1
1
1
1
1
3
1
1
1
3
3
1
1
1
2
10
1
1
1
1
2
1
1
1
351
1
1
1
112
1
1
2
1
1
2
2
4
2
183
17
26
4
2
1
2
2
1
1
3
1
5
12
1
1
1
8
4
3
1
2
2
1
2
1
1
1
8
1
3
67
7
1
1
1
1
1
37
1
11
1
1
1
1
1
1
6
1
1
1
7
1
2
1
1
2
1
1
1
12
1
1
1
1
1
1
15
1
1
1
1
6
1
1
3
9
1
1
1
3
1
2
1
2
1
185
1
1
1
23
1
1
1
16
1
1
6
1
1
9
1
1
2
1
1
1
1
1
1
1
1
1
1
1
3
1
1
1
1
3
1
1
1
44
1
1
1
1
1
1
1
1
4
1
1
1
1
1
1
1
132
1
1
2
3
277
1
2
2
1
3
2
1
2
1
12
1
1
2
3
1
171
1
1
1
1
1
2
120
1
1
1
1
2
112
1
1
1
3
1
3
1
1
2
2
1
3
1
1
1
1
1
5
5
1
1
1
1
1
58
60
147
1
37
20
2
1
1
2
2
15
2
1
1
1
1
1
2
1
1
41
5
7
1
1
1
196
1
89
383
1
1
2
1
1
24
2
5
1
2
2
1
3
3
1
1
95
4
1
1
6
16
3
7
5
1
9
1
1
2
6
2
3
2
2
5
5
1
1
1
1
1
100
1
1
2
5
1
3
1
144
3
28
1
1
4
1
2
71
1
1
1
2
2
1
3
6
2
1
1
19
1
1
1
1
1
1
1
2
2
1
1
1
10
1
1
6
2
2
1
3
4
2
1
1
1
1
31
1
19
2
1
3
2
1
5
2
1
6
1
2
1
1
2
1
4
1
2
3
3
7
7
3
3
15
1
2
6
2
1
2
1
20
1
1
2
13
2
3
9
5
1
1
4
1
5
1
1
1
3
1
2
5
15
4
1
2
6
6
5
3
1
1
1
3
1
1
2
1
1
1
372
1
1
6
4
106
4
1
6
1
1
2
1
8
24
1
4
7
2
1
2
1
1
1
4
1
33
1
4
1
2
5
1
1
15
3
1
6
4
1
18
3
1
1
138
1
1
1
5
3
6
1
1
1
3
2
4
1
1
4
4
157
5
1
1
10
1
78
4
94
34
1
1
1
2
1
415
1
6
1
1
3
1
4
3
1
1
1
64
1
6
1
1
1
1
1
1
1
151
5
1
1
4
2
1
2
1
1
1
6
1
14
45
1
6
4
5
1
1
5
2
1
1
1
3
2
1
1
2
1
3
4
1
2
3
23
1
50
4
1
5
6
1
1
1
2
1
2
846
3
1
1
7
1
3
1
9
2
1
1
4
1
3
1
2
1
11
6
1
1
4
8
14
1
1
7
1
1
13
6
3
1
7
2
3
2
143
5
3
36
1
1
2
1
1
1
5
3
25
2
1
2
1
1
1
1
7
2
3
2
2
2
9
1
1
1
1
1
13
5
1
2
2
7
1
2
2
2
1
1
1
1
1
1
1
1
100
1
2
1
3
1
1
1
2
1
1
1
1
1
1
49
1
1
1
1
2
2
6
1
1
2
1
1
3
1
4
1
4
1
1
1
1
4
19
9
1
1
2
2
1
88
1
6
1
1
1
1
169
1
3
1
1
4
2
2
1
21
3
11
1
16
1
7
1
1
5
126
26
1
1
1
2
18
4
3
4
12
1
1
3
1
1
1
1
161
1
2
10
4
1
1
5
1
1
1
1
1
1
1
1
1
1
3
1
2
4
1
2
1
1
1
5
3
37
19
6
4
1
2
1
1
72
14
1
1
1
2
1
1
1
1
3
3
49
1
1
1
2
15
2
1
2
3
1
1
1
1
1
4
2
19
1
6
2
1
2
1
1
1
12
3
1
1
1
3
7
1
2
1
1
1
1
1
1
1
2
1
1
1
33
400
17
3
3
1
1
4
20
14
1
3
1
18
18
5
6
9
1
2
1
1
2
2
5
2
3
1
5
2
2
1
2
1
3
1
9
1
1
1
2
3
1
1
4
2
3
4
12
151
2
1
23
2
3
1
5
8
1
16
3
23
1
1
2
2
6
1
3
1
44
115
22
1
1
1
1
1
1
1
2
1
1
1
3
6
2
2
2
2
7
3
1
2
6
2
3
1
1
1
1
1
2
2
1
23
1
17
2
2
5
1
1
75
8
21
1
1
1
13
1
1
324
2
60
6
8
5
8
1
3
1
2
1
1
1
1
3
4
1
1
4
1
15
3
2
3
1
4
2
2
1
1
1
12
1
3
1
1
2
1
1
5
6
1
2
1
1
1
1
5
8
1
2
1
1
47
4
1
5
12
3
1
2
1
1
8
1
2
1
1
1
1
1
1
1
2
2
3
1
2
1
2
2
1
1
1
1
1
1
4
1
1
1
1
2
1
25
13
7
7
2
10
2
1
2
1
6
28
2
3
1
3
4
23
2
1
1
2
1
1
1
1
1
1
1
1
110
1
7
1
34
2
1
1
1
4
2
2
1
1
2
1
1
3
3
1
4
3
1
1
1
2
1
1
1
1
41
20
1
26
1
2
1
1
12
2
1
4
1
1
1
1
22
3
2
1
2
1
2
9
1
12
1
1
1
1
2
1
3
1
1
4
3
1
1
6
1
2
1
2
28
1
1
2
30
5
4
3
3
1
5
3
29
2
2
3
2
1
3
9
1
1
5
1
1
1
2
1
1
1
5
93
1
294
1
7
25
36
1
38
2
1
1
2
13
16
1
6
3
1
2
2
1
16
1
16
5
1
1
1
1
1
1
2
6
2
1
1
2
1
9
2
1
7
2
1
2
14
2
1
18
6
3
11
7
1
6
10
1
5
4
3
3
1
3
1
1
2
1
4
2
1
1
1
4
1
1
2
1
1
6
1
1
1
3
1
1
3
5
1
5
9
1
3
1
11
6
31
1
1
1
1
4
1
1
1
1
11
1
3
1
3
1
147
4
6
1
3
4
4
251
2
1
21
2
2
3
1
1
4
56
2
1
5
1
3
1
128
139
1
30
184
22
1
60
2
1
1
1
22
1
1
1
1
1
1
3
36
2
1
2
1
1
2
4
1
7
26
1
1
1
1
6
2
1
1
14
3
12
1
5
1
2
1
3
1
4
2
1
3
4
1
3
1
1
1
1
1
1
1
1
1
1
2
1
1
1
1
1
1
1
1
2
1
1
2
2
2
1
1
12
1
1
15
1
3
1
4
1
1
2
1
1
58
50
6
1
3
1
1
1
1
69
1
1
1
1
1
37
1
1
1
36
1
173
1
2
2
1
18
3
1
16
36
1
96
123
1
2
15
2
4
1
20
1
1
41
2
2
5
2
1
2
1
5
4
1
1
1
1
2
1
1
5
11
11
7
2
1
10
23
1
2
1
4
5
1
1
1
4
3
1
24
1
2
27
2
3
4
1
1
35
1
1
7
1
2
14
7
1
3
7
1
1
1
1
1
1
1
1
1
6
1
2
1
3
1
1
1
1
1
74
45
2
1
269
1
1
1
1
1
4
2
1
84
1
2
1
2
32
8
5
14
4
9
2
100
3
1
5
1
3
1
1
144
1
1
1
1
1
6
3
8
1
3
1
1
1
1
3
2
1
2
1
2
1
1
1
3
3
1
55
5
5
1
1
1
4
2
1
2
1
1
1
14
1
2
16
1
4
1
1
12
1
1
2
7
1
5
1
4
1
1
23
2
1
2
1
112
1
35
1
1
2
409
1
1
1
278
38
2
2
2
1
1
2
1
1
1
1
105
2
1
1
1
13
1
1
1
3
20
1
1
7
72
1
2
1
1
1
1
1
1
1
3
1
1
1
2
1
7
2
2
1
1
1
1
2
1
1
1
21
1
1
2
1
3
1
8
40
1
1
1
1
79
1
1
1
25
27
2
4
1
2
4
1
2
2
1
2
1
1
3
2
1
1
1
1
1
6
1
1
1
2
1
1
1
2
1
5
2
1
36
2
7
1
1
4
1
5
2
3
1
1
1
2
1
2
2
1
1
5
1
1
1
1
1
1
1
1
1
14
98
192
1
1
4
2
2
1
1
1
1
2
3
1
1
1
1
1
5
1
1
1
1
1
8
2
1
1
1
1
1
1
1
1
1
1
1
1
1
1
1
1
21
1
50
1
1
3
1
1
6
1
1
1
1
1
1
1
1
2
1
13
2
2
1
1
3
3
1
1
1
8
2
5
1
1
7
17
5
2
1
1
2
2
1
1
1
1
10
1
1
1
11
1
20
1
1
1
4
21
40
2
53
1
9
1
4
1
33
1
1
1
1
1
1
1
41
6
1
5
1
1
1
1
2
1
4
5
29
1
2
4
42
1
1
2
6
1
6
1
1
1
1
1
5
106
2
1
3
2
1
7
2
2
4
4
2
1
3
3
3
12
42
10
11
7
1
17
2
1
1
86
1
1
7
16
1
1
1
1
2
4
1
1
6
42
5
1
6
1
1
3
1
1
17
2
2
1
4
3
10
4
6
2
1
1
6
1
8
8
19
1
2
1
1
1
2
1
1
1
1
1
1
1
1
1
5
1
1
3
1
1
10
1
1
1
9
1
1
4
2
2
7
23
5
2
2
6
12
15
1
27
103
238
3
52
94
17
1
4
6
4
1
1
1
3
4
9
5
38
1
2
3
8
2
1
1
23
23
3
2
5
1
1
93
17
1
2
2
1
2
35
1
1
2
1
18
14
3
4
1
1
7
40
15
20
11
1
1
1
16
1
1
3
5
1
5
8
4
2
1
4
5
2
1
2
1
2
9
3
2
3
1
2
1
157
1
1
1
2
2
2
1
1
5
2
2
2
7
1
3
10
3
9
11
1
2
1
1
1
2
1
165
4
2
7
2
2
2
18
108
1
1
197
1
2
15
1
1
2
1
5
1
65
25
7
1
9
2
1
17
5
20
4
5
2
1
1
3
2
3
173
4
1
11
32
2
5
22
12
32
9
1
1
1
4
2
1
1
1
1
42
2
1
1
138
5
190
3
2
4
6
1
1
3
1
3
1
1
1
10
7
124
2
2
1
1
4
2
1
7
6
3
1
3
5
1
4
1
1
1
22
3
5
1
1
2
1
1
6
5
1
6
5
2
1
1
2
1
12
2
5
2
1
2
44
8
9
1
9
15
5
2
106
7
2
2
1
1
13
1
2
7
3
1
4
7
1
1
1
4
1
19
31
1
3
12
1
1
1
3
2
4
17
1
1
1
1
1
1
9
31
1
3
1
5
4
2
2
1
5
1
1
1
224
1
17
1
1
1
8
1
2
4
1
4
1
2
3
4
4
1
2
6
2
4
3
2
3
30
8
2
3
1
2
3
18
8
28
3
1
1
3
3
2
1
7
6
3
3
1
1
11
2
1
11
1
2
3
2
1
3
11
3
5
2
2
11
2
2
1
89
2
1
1
16
1
3
2
2
2
22
4
4
24
2
8
56
2
1
6
5
2
2
1
26
3
23
1
6
2
2
27
1
7
5
1
5
1
5
2
1
5
1
1
5
1
2
1
19
4
1
4
1
1
1
1
7
1
1
4
1
3
2
2
1
1
11
1
1
3
1
2
1
1
1
1
1
6
8
1
3
1
3
1
1
1
14
1
1
2
4
6
2
1
7
1
3
1
12
1
1
27
2
3
1
2
1
1
4
100
1
3
1
3
1
1
1
4
1
1
3
1
4
3
2
1
2
9
1
1
1
1
1
2
1
5
5
118
3
2
1
1
1
3
3
6
60
1
1
8
8
80
2
2
25
3
1
1
1
4
1
1
4
2
1
2
3
1
2
74
1
1
3
2
1
1
1
3
33
1
1
5
1
1
1
4
1
2
3
22
25
13
25
4
1
1
1
4
1
1
7
1
1
1
1
1
1
1
2
8
1
1
1
1
1
1
2
22
27
6
1
3
2
13
38
3
1
3
4
1
2
2
2
6
6
9
81
6
21
15
2
1
10
1
10
1
1
2
24
1
1
1
1
1
14
1
1
406
1
1
168
5
1
1
11
2
2
1
1
1
1
1
1
37
6
1
2
14
1
9
3
2
9
9
4
1
19
8
19
1
1
16
4
1
1
49
1
4
2
1
1
1
1
1
190
4
351
1
1
1
58
1
1
8
25
1
2
1
1
5
1
1
1
3
2
1
2
7
2
66
1
3
6
1
87
1
8
1
3
9
5
1
3
1
2
2
1
13
1
1
2
1
2
1
1
1
2
1
1
1
2
4
1
1
4
3
2
1
1
1
1
1
8
1
1
1
1
1
1
2
1
1
5
2
1
1
1
1
1
1
1
1
2
1
1
1
3
1
2
1
1
2
1
1
1
1
2
1
1
1
1
1
2
372
12
2
1
10
48
5
1
1
2
1
1
1
1
1
4
2
1
1
2
5
1
3
1
2
2
9
1
1
4
1
2
1
1
1
1
1
1
2
1
6
1
1
1
3
13
3
1
1
8
1
1
54
56
30
61
40
50
1
1
1
1
1
2
1
1
2
1
1
1
5
1
1
1
1
1
8
1
3
2
1
1
1
4
10
12
1
2
33
1
1
6
1
1
1
1
4
2
1
1
2
1
1
11
1
1
6
2
1
1
2
1
1
1
1
2
1
1
2
1
1
1
1
1
1
1
2
2
1
1
2
13
2
14
12
1
5
1
1
1
1
1
1
2
2
1
7
2
1
10
2
1
3
2
1
2
2
3
2
1
27
1
1
1
1
3
1
1
1
2
1
1
1
2
1
4
4
1
80
1
16
5
15
10
45
3
16
115
1
2
1
1
1
4
1
5
1
1
1
31
3
42
3
4
2
1
1
1
76
1
1
3
1
80
1
3
1
2
7
1
7
1
8
1
1
2
1
8
3
1
1
1
1
1
3
4
2
1
6
1
1
7
1
1
1
6
9
1
3
1
1
4
11
2
1
1
98
3
1
1
4
1
1
8
3
1
490
1
1
2
1
2
11
14
1
3
1
1
1
1
1
1
1
1
1
7
40
1
1
74
126
2
4
7
12
6
80
4
1
6
8
1
1
1
1
1
6
3
12
1
2
2
1
8
49
2
10
1
16
1
1
2
1
3
8
1
133
1
8
3
2
1
1
31
1
7
9
2
23
7
1
5
1
4
1
15
1
2
1
1
419
2
2
6
1
13
1
1
8
6
1
8
2
1
1
1
3
1
1
13
1
4
1
1
1
21
8
1
1
1
1
94
8
1
7
49
2
120
1
1
12
7
45
29
2
28
94
16
2
69
1
2
21
8
46
1
1
19
254
75
1
5
1
2
1
2
1
1
1
1
1
3
1
1
28
5
10
3
5
29
94
3
2
2
2
2
6
4
183
1
3
1
1
2
1
11
1
9
4
2
14
1
3
1
4
1
3
8
24
1
1
3
2
1
2
5
1
2
4
10
15
1
1
1
2
1
1
119
1
1
2
1
1
2
1
2
4
19
11
7
2
8
11
17
2
11
1
13
13
1
39
1
1
61
44
2
89
22
3
1
13
2
7
164
1
14
1
1
1
2
43
2
11
9
2
1
1
1
4
4
1
22
17
1
35
23
12
1
58
1
1
3
22
22
7
14
27
2
1
61
1
4
5
1
123
1
10
2
6
4
4
6
1
1
5
2
4
1
7
2
13
8
54
11
19
1
1
1
14
1
2
1
29
3
1
71
11
1
48
2
1
2
2
1
8
8
2
95
5
122
1
1
292
4
12
2
68
4
1
23
20
13
9
10
1
7
2
20
107
6
10
8
2
1
1
3
1
6
1
1
6
1
2
10
1
1
1
891
1
1
1
1
1
2
1
6
1
1
1
1
205
1
1
6
1
8
1
1
1
1
1
1
14
1
1
1
2
1
1
3
20
5
51
3
2
2
2
3
1
1
3
2
1
1
1
2
1
59
5
4
4
2
2
1
23
17
5
3
4
18
3
2
2
3
60
1
1
67
1
2
1
1
2
1
1
4
1
2
1
2
2
1
3
7
1
1
1
1
1
1
1
4
2
1
1
2
1
2
1
2
5
10
1
2
1
1
1
1
1
3
1188
1
15
1
1
1
1
7
386
5
3
2
1
1
1
1
1
1
1
1
1
9
1
1
1
61
1
1
1
1
3
1
1
1
1
1
1
1
2
2
1
3
5
1
1
2
2
1
2
1
1
1
1
1
2
5
1
2
18
1
2
1
23
1
1
1
1
1
2
2
1
4
5
1
1
1
1
2
37
1
1
1
3
1
1
1
1
1
7
2
4
18
2
4
2
1
1
8
1
1
1
1
1
7
2
7
1
29
1
1
4
9
1
11
1
1
3
1
3
1
241
1
1
1
1
35
2
1
1
1
1
34
1
7
2
13
90
2
1
1
7
4
1
4
6
1
8
16
2
1
3
1
1
1
1
1
1
8
13
15
1
1
1
8
1
1
5
7
2
1
1
2
1
1
1
1
2
1
1
1
4
1
1
3
215
1
4
1
1
5
4
85
1
23
6
2
1
1
1
1
1
2
1
1
1
1
1
1
1
1
1
1
2
6
2
1
1
4
4
4
2
1
2
1
1
1
2
1
1
1
6
1
1
1
62
1
1
1
19
2
1
1
2
1
1
1
1
1
2
1
1
64
1
1
1
1
1
1
2
23
1
4
2
25
1
1
1
1
1
2
13
2
1
1
3
35
1
1
1
1
1
3
9
1
7
1
1
1
22
1
3
1
1
35
68
1
1
3
1
1
5
6
1
1
1
2
1
3
1
2
1
1
1
1
1
1
16
1
80
2
1
1
14
2
1
71
1
2
48
1
1
1
1
23
3
1
1
4
2
32
1
31
1
1
1
1
1
1
78
11
1
1
1
63
1
1
1
19
1
3
1
1
8
4
1
1
2
208
1
1
1
9
1
6
1
1
4
1
1
4
32
1
1
1
1
19
4
1
1
4
2
3
1
2
20
1
1
5
1
1
1
60
49
1
1
63
1
1
1
1
2
21
1
1
27
1
76
1
2
2
8
1
1
1
2
5
3
1
1
1
1
1
4
1
1
2
1
3
2
2
1
1
1
19
1
6
2
2
30
3
2
1
1
3
1
1
1
1
1
1
6
1
1
1
2
1
1
3
1
1
1
1
3
8
2
3
171
2
6
1
1
1
9
2
14
1
7
2
26
2
1
1
1
15
2
10
1
1
28
1
2
1
1
3
1
1
1
1
1
1
1
26
1
2
1
2
6
1
160
11
1
4
2
1
12
1
1
1
1
1
1
1
1
7
1
1
1
1
1
1
1
213
2
1
1
8
4
226
1
2
2
1
1
1
1
1
1
1
1
1
16
2
1
1
2
2
6
1
5
11
4
1
15
62
1
2
4
1
2
1
1
265
2
1
1
8
1
1
14
119
6
5
7
28
1
5
1
3
1
4
1
1
2
2
1
36
4
3
2
6
1
2
1
39
3
24
1
1
1
2
1
109
5
4
1
1
4
1
2
5
1
7
3
2
3
2
1
20
29
19
34
143
1
1
3
26
30
15
7
15
1
1
19
229
201
7
17
50
2
1
4
1
1
1
17
16
10
6
13
1
47
1
11
1
1
3
1
5
4
2
1
2
2
37
7
2
2
2
3
2
1
1
1
10
1
1
1
1
1
1
1
1
1
1
1
1
1
1
1
1
1
1
243
34
1
179
1
1
5
1
1
1
60
6
20
56
4
1
1
1
3
6
12
1
12
3
3
2
1
21
4
28
1
2
1
25
1
1
24
2
9
4
21
2
1
2
1
1
1
1
1
133
1
64
1
1
12
1
46
2
2
1
2
7
3
1
1
1
1
4
1
1
1
1
1
1
1
1
1
1
1
1
14
1
4
134
1
1
1
1
2
45
1
5
5
1
5
1
1
46
1
1
1
1
1
1
15
324
1
2
17
1
1
2
3
1
1
1
1
1
1
11
1
1
1
1
1
25
1
1
1
1
1
1
1
2
1
2
1
1
2
4
3
7
1
2
1
1
2
77
1
1
1
1
1
255
1
1
2
19
1
8
5
1
2
1
1
5
1
14
2
1
1
1
1
1
1
1
1
89
3
1
1
1
1
1
1
1
2
1
1
1
7
1
59
1
1
13
18
1
1
1
1
2
1
24
1
1
1
5
1
74
1
1
1
1
1
11
1
41
3
1
1
3
2
1
1
1
1
1
1
1
1
1
1
1
1
2
10
2
1
1
1
1
1
1
2
1
1
2
1
1
2
69
1
3
1
2
1
1
17
1
2
1
35
2
7
53
13
1
1
1
1
1
1
1
1
7
32
4
15
1
31
1
1
1
1
1
1
2
1
43
175
1
3
3
1
9
1
439
1
1
1
1
1
1
1
1
1
1
1
1
1
21
1
1
1
1
1
10
1
1
1
1
1
1
4
15
1
1
1
1
1
1
5
1
1
11
1
4
5
1
1
1
1
46
1
5
110
1
1
12
1
1
1
4
3
2
1
1
16
2
6
1
7
1
2
1
1
1
2
1
1
1
3
1
1
13
5
8
6
6
2
1
1
1
37
8
4
57
3
4
1
1
1
1
2
1
17
1
1
2
14
1
1
1
5
1
2
8
6
6
1
1
1
1
1
93
1
7
3
63
1
1
2
11
4
1
1
1
1
13
1
2
1
1
1
4
1
1
1
1
1
1
1
1
1
45
4
3
12
5
4
1
1
1
1
1
24
20
3
3
1
1
1
4
2
1
1
8
1
2
20
2
1
5
3
10
154
3
1
30
48
1
2
1
1
4
2
2
116
9
73
7
24
17
11
1
1
1
1
2
1
1
1
1
1
1
6
1
1
1
1
1
1
151
1
6
1
1
3
1
44
1
1
7
18
4
1
1
1
1
1
1
1
3
2
1
1
1
1
1
1
1
1
3
1
1
2
1
1
10
646
2
1
1
2
252
1
1
2
8
1
3
2
1
3
1
1
1
9
1
4
1
7
1
6
1
1
1
1
45
1
2
1
1
3
20
1
2
1
1
1
1
1
7
1
1
2
1
1
1
2
1
1
4
6
1
1
3
11
6
2
2
3
1
1
1
4
2
1
1
1
1
1
2
1
1
18
2
1
3
4
1
12
4
7
1
1
3
1
3
1
12
1
3
5
1
1
1
1
11
1
5
1
10
10
24
1
3
2
17
1
5
1
1
10
1
2
1
1
1
1
1
1
1
3
1
3
11
9
3
1
4
6
4
1
4
4
12
2
2
1
7
3
1
1
1
1
3
4
25
69
2
1
6
11
1
11
1
15
1
1
3
7
2
1
8
3
1
4
66
1
1
1
1
1
2
1
1
1
2
1
1
2
1
1
1
1
7
4
2
6
4
7
16
1
14
1
52
1
4
1
1
1
2
1
1
1
14
1
1
1
2
1
2
4
2
1
4
2
1
1
20
9
12
8
3
1
6
2
1
1
21
6
6
1
1
1
1
1
1
2
1
1
6
1
1
2
1
3
1
1
12
3
1
116
11
1
22
3
1
2
1
1
146
