1
2
3
3
1
14
1
4
1
4
1
4
1
2
2
5
3
2
1
1
3
1
1
6
1
1
5
17
1
1
1
5
2
2
1
3
2
1
1
1
3
1
3
2
1
1
1
2
2
3
1
1
2
1
2
2
1
2
1
3
2
3
13
5
6
1
1
7
1
2
1
1
3
2
2
3
2
2
2
2
1
3
4
3
1
9
3
1
1
2
1
1
1
2
2
3
2
5
6
1
4
4
2
1
6
4
1
2
2
3
7
2
1
1
1
6
7
2
1
3
1
2
2
2
1
2
1
1
1
2
1
7
2
2
1
1
5
1
2
1
2
3
1
12
11
1
2
3
8
5
2
1
1
3
1
1
4
5
3
1
1
1
1
2
1
1
1
2
1
1
2
1
1
1
2
1
2
4
1
8
1
1
1
2
1
1
4
8
1
2
3
1
3
12
1
2
1
1
2
2
2
1
1
2
7
1
1
7
2
1
2
1
2
3
1
3
4
1
4
1
2
1
3
2
2
16
1
1
3
1
1
2
3
1
5
3
5
1
6
1
1
1
2
4
5
3
2
1
1
2
1
2
2
1
6
5
4
2
13
2
3
2
3
1
1
3
3
1
1
2
2
5
4
1
1
2
1
3
9
1
1
9
2
4
2
2
2
2
2
1
1
3
2
4
1
1
3
1
1
1
2
6
1
2
2
1
4
3
1
1
1
2
1
1
1
2
2
2
3
1
1
1
4
1
1
3
2
1
4
2
4
2
2
3
3
2
10
1
7
3
3
1
3
2
3
1
1
2
1
2
1
1
1
16
2
11
2
1
2
1
1
1
1
2
1
1
1
7
1
2
1
2
2
1
4
1
2
1
2
3
8
1
14
2
4
1
3
5
2
1
3
1
3
7
4
3
5
3
1
2
1
3
2
1
9
1
2
1
2
1
2
10
2
1
3
2
2
5
1
6
7
1
2
1
9
3
1
5
1
1
2
1
2
9
2
2
1
4
8
2
3
1
4
1
4
4
1
2
2
2
3
1
1
1
1
1
1
2
1
2
2
5
2
2
1
1
3
14
1
2
1
1
3
2
3
2
1
1
3
2
3
5
2
1
4
1
3
5
5
3
2
2
1
22
2
2
8
2
6
1
23
22
2
3
2
3
1
4
4
1
2
3
2
7
1
1
1
3
3
1
2
1
2
3
3
2
5
2
1
2
5
6
1
2
3
2
1
3
1
4
1
5
2
2
2
1
5
3
2
2
2
1
2
1
1
8
2
13
2
5
2
2
1
4
1
3
1
2
1
1
1
2
2
7
1
1
1
3
2
1
2
1
1
1
1
1
1
5
3
1
4
1
5
3
1
4
1
2
5
1
3
2
7
2
1
2
2
6
6
2
2
1
1
1
1
1
1
1
1
3
7
1
2
2
1
2
1
2
5
3
1
2
1
1
2
19
1
2
1
1
3
4
2
1
2
1
4
1
2
1
1
2
2
4
2
1
1
4
1
1
23
3
2
11
1
3
3
