87
10
341
178
251
237
1
149
263
13
52
30
180
26
167
41
312
38
49
119
85
176
8
1
490
373
275
264
176
104
27
177
210
6
1
7
75
17
158
278
329
29
11
38
5
156
255
104
89
167
172
12
15
2
10
54
64
123
153
62
69
32
79
21
36
154
147
40
812
59
794
137
74
50
12
1
148
16
9
173
74
122
1
4
191
208
303
2
65
184
138
314
257
434
82
54
273
46
122
184
466
156
11
326
43
7
265
12
2
28
50
10
40
352
4
250
207
265
39
144
61
35
3
20
34
6
434
6
84
15
363
433
493
12
147
16
46
12
359
141
126
25
393
176
121
181
19
8
418
355
21
10
92
4
344
229
333
182
53
405
6
371
80
380
140
133
302
292
73
1
431
240
3
48
154
115
25
102
122
178
404
229
74
108
18
96
180
237
8
502
181
7
74
149
249
8
345
134
128
14
10
62
451
65
295
194
56
46
7
114
28
359
81
49
126
16
169
124
6
4
19
3
85
280
8
177
204
1
62
100
852
1
129
12
8
130
62
91
155
17
14
57
70
190
430
359
17
9
1
1
11
13
33
7
129
125
522
51
25
63
1
79
348
36
265
4
19
15
324
51
168
32
29
14
23
513
124
15
1
6
633
1318
26
23
55
145
31
72
3
44
291
110
124
31
1
454
265
339
195
108
86
232
14
33
25
443
159
121
33
142
5
56
115
95
67
69
27
51
316
199
17
181
326
1
94
72
121
180
6
20
249
58
81
2
67
70
47
90
225
26
24
437
89
650
1
597
3
102
13
5
9
242
182
39
592
156
1
635
44
149
22
432
44
90
64
4
29
391
2
4
11
464
15
68
14
73
94
27
198
131
108
37
2
81
51
3
201
164
377
51
33
65
49
157
13
42
10
348
67
314
88
35
132
105
21
463
353
29
16
145
31
39
73
29
178
7
129
70
21
8
2
98
2
32
170
102
8
183
74
73
30
74
17
44
10
10
42
367
6
133
2
5
430
28
9
249
44
2
347
1
1
45
194
289
3
213
44
299
16
55
39
3
12
180
413
40
3
216
64
26
30
227
28
168
55
10
620
4
83
13
101
487
333
26
682
65
243
141
2
35
88
63
355
1
235
13
18
6
144
223
45
39
410
91
205
123
376
35
437
238
75
445
115
23
77
9
5
42
51
231
173
279
353
334
325
113
8
307
15
394
734
181
32
12
47
5
340
14
5
12
241
43
4
40
112
142
111
26
4
11
4
633
6
106
139
32
3
4
4
398
1
98
3
1
4
203
335
11
128
556
13
51
59
107
107
253
399
112
112
80
80
160
146
286
454
1
1
3
290
33
413
408
88
6
19
208
47
55
97
59
386
134
39
47
18
53
151
16
51
15
2
1
96
206
37
132
34
75
320
146
36
3
9
206
11
2
580
204
213
225
89
7
31
82
97
30
27
41
46
148
100
126
49
514
31
23
482
6
58
98
244
157
49
293
342
26
326
52
1
79
117
303
385
523
15
22
11
534
359
41
75
28
2
18
386
28
10
185
1
231
22
285
225
154
50
7
124
37
141
95
692
205
406
15
104
2
235
12
302
233
63
101
20
180
8
57
88
6
341
1
517
265
153
20
599
158
471
78
115
13
2
144
816
483
142
2
157
27
69
121
14
636
10
919
52
13
57
25
15
96
37
14
4
25
709
1
137
12
30
99
84
75
194
6
428
95
528
6
273
835
165
32
400
59
1383
36
9
358
8
27
127
43
1
11
461
475
298
3
12
562
210
14
11
4
698
83
1
7
856
4
675
43
522
255
988
26
175
19
1251
1
451
43
224
13
326
16
118
1282
701
97
479
62
20
2
57
1
16
1525
217
74
10
57
58
636
75
11
7
96
9
414
199
24
346
2
69
235
396
52
1
1
11
11
293
405
74
419
56
362
514
88
13
151
129
60
5
97
467
150
266
37
42
170
544
18
10
41
5
37
6
69
147
13
47
274
314
121
87
225
172
15
916
25
135
356
166
671
17
2
130
720
468
345
90
58
118
120
54
35
188
79
98
6
215
97
275
29
3
12
250
28
31
77
2
48
227
743
29
2
3
6
11
4
24
375
2
340
32
159
10
502
395
55
72
74
578
237
104
2
498
165
1418
16
27
594
35
192
5
186
40
485
128
10
15
28
74
245
245
5
80
42
122
42
3
129
1
29
45
297
41
2
36
59
7
65
327
501
1
1
1
1528
1
1
1
26
50
1
1
21
1
1
1
1
1
1
8
1
1
1
1
2
1
1
2
1
5
1
8
1
1
33
1
79
1
1
1
1
1
1
1
1
1
1
3
2
7
2
1
1
1
3
1
38
1
2
1
3
1
1
3
2
9
1
9
7
2
11
1
4
2
5
2
6
3
3
1
1
2
1
1
1
2
2
36
5
1
1
1
6
2
1
1
6
714
2
1
2
4
1
1
1
4
1
2
14
1
1
7
1
10
1
5
2
15
1
2
5
1
1
2
1
2
1
15
2
6
21
322
1
2
4
3
1
1
1
4
1
94
27
234
3
1
24
1
4
7
5
9
1
22
2
2
1
2
1
44
3
7
5
2
2
100
5
3
29
94
15
1
7
45
3
6
3
6
16
3
108
111
32
83
6
5
1
1
4
2
1
17
8
18
7
36
119
4
3
94
4
12
35
4
14
1
1
122
1
1
1
7
1
1
1
10
2
7
2
1
5
1
1
8
30
3
1
8
18
4
3
1
7
1
545
4
1
1
59
1
1
1
1
1
1
2
1
1
1
1
1
3
1
3
1
5
2
1
466
1
1
1
1
1
1
1
2
1
2
2
1
3
1
1
1
1
2
2
3
2
4
4
1
1
1
2
1
1
21
1
1
26
5
6
1
8
92
3
1
2
16
1
8
1
2
1
1
1
1
1
1
1
1
1
4
15
1
1
1
5
1
914
24
116
1
4
3
54
10
65
1
1
8
2
3
15
1
1
1
17
2
2
1
1
4
1
32
1
2
2
1
1
2
180
4
4
1
1
38
2
1
10
4
1
1
1
3
1
2
1
1
1
69
1
6
1
1
1
1
157
1
26
140
9
1
2
1
2
15
5
1
1
1
1
191
1
3
1
1
1
1
3
1
1604
1
2
2
4
1
281
1
2
1
2
1
8
12
1
1
1
2
138
7
2
2
1
6
1
1
3
1
1
1
1
1
1
1
6
1
1
3
1
2
1
1
1
1
1
1
1
1
3
9
25
1
1
3
1
2
1
1
1
3
1
1
3
1
1
4
1
1
1
2
1
2
1
5
3
1
1
4
1
1
1
1
1
1
1
1
1
12
12
18
7
4
12
1
2
65
1
1
2
1
1
1
1
3
3
1186
5
2
146
1
2
1
5
3
1
462
1
4
366
1
1
4
2
4
3
1
7
2
12
1
2
1
2
1
60
1
1
1
3
1
8
1
4
1
1
15
5
1
1
20
2
1
1
1
1
2
1
2
1
75
1
1
2
1
402
2
1
1
2
1
4
1
1
1
5
1
1
63
7
6
114
47
2
49
1
1
12
19
13
26
5
1
1
1
1
169
1
1
1
5
1
1
1
2
1
4
9
76
2
14
1
1
2
51
44
1
62
134
1
79
57
102
2
1
187
31
6
1
8
1
245
1
3
3
3
1
3
1
12
8
31
3
1
2
2
4
1
53
104
1
27
1
237
2
58
7
5
15
18
2
106
1
1
8
2
311
1
1
5
98
12
4
43
1
50
2
40
3
44
5
1
1
4
1
3
127
1
1
3
1
1
2
2
46
77
1034
2
1
8
7
5
3
1
3
1
19
6
1
2
122
1
2
1
1
2
1
1
1
1
1
6
1
2
117
6
2
1
4
4
1
1
5
2
1
5
1
19
2
1
113
10
9
2
16
5
462
1
104
7
1
5
1
1
4
43
1
2
51
3
1
3
1
1
1
1
1
1
11
3
2
3
2
1
2
7
6
2
3
7
3
149
3
136
16
15
153
27
12
1
12
3
4
2
1
21
1
1
1
12
72
3
1
2
4
2
9
11
32
18
447
1
1
2
3
1
775
1
1
1
1
9
1
6
3
1
2
614
6
89
6
34
1
2
58
14
1
1
10
13
2
11
7
1
1
6
4
1
1
2
2
3
1
3
8
1
1
1
1
1
72
1
8
40
1
2
4
3
1
1
14
1
1
1
21
2
1
1
1
1
29
1
1
1
5
1
1
27
1
1
1
1
404
1
1
5
6
270
93
5
5
32
11
1
14
4
4
9
1
6
1
3
2
13
1
17
6
4
1
1
2
2
1
14
1
41
1
2
1
1
1
1
1
2
1
1
5
4
1
97
3
1
1
1
1
2
1561
1
1
237
27
1
2
1
4
3
1
3
1
1
4
1
1
4
6
78
1
3
174
1
1
1
1
1
2
1
3
1
1
1
1
1
10
1
2
1
1
4
1
1
3
1
1
1
1
2
86
2
1
1
1
4
15
1
1
1
6
1
1
1
1
1
2
1
1
2
2
1
3
1
1
1
2
1
2
1
1
1
2
2
1
2
1
5
1
2
1
1
100
1
4
1
1
2
3
3
1
10
1
1
1
120
3
4
6
8
1
1
2
3
1
608
1
16
2
1
6
1
7
1
1
4
12
150
15
1
10
1
2
1
1
1
2
1
20
1
17
6
1
146
1
3
1
5
1
5
1
1
1
3
1
5
3
3
2
1
1
5
1
2
2
1
1
4
1
1
6
3
1
1
1
1
1
1
47
1
1
1
9
1
1
1
1
6
1
1
2
162
1
1
1
1
1
1
1
2
3
1
28
3
2
74
3
8
1
1
8
17
1
1
6
21
8
6
2
21
3
5
1
1
2
1
2
44
1
2
3
1
1
3
1
6
1
9
1
3
1
44
1
1
1
1
1
30
1
420
10
1
2
3
1
1
2
4
1
1
99
1
446
1
1
96
2
1
1
2
7
8
2
3
6
5
1
1
1
19
3
1
1
2
1
1
1
1
2
6
1
2
10
2
1
1
42
68
13
3
39
24
4
47
21
2
3
7
1
3
3
2
1
85
3
129
3
34
1
2
1
2
1
2
3
1
5
1
1
2
2
1
1
1
6
1
1
4
6
2
3
1
21
2
2
33
1
1
2
1
29
3
1
1
1
1
1
1
1
1
2
1
2
1
1
1
1
1
6
1
1
12
2
2
4
2
1
1
1
1
166
1
18
1
1
17
1397
1
2
1
3
20
1
1
1
1
1
2
1
4
1
4
2
1
2
9
1
2
18
1
1
1
1
1
1
2
2
2
1
20
1
4
46
6
1
2
31
5
14
1
1
1
2
2
1
1
1
1
103
1
2
4
4
1
1
1
1
1
156
1
136
1
1
96
2
2
1
2
1
86
1
1
1
1
2
3
38
99
1
1
12
1
1
1
1
2
1
1
1
1
1
18
3
1
1
1
53
2
27
4
1
1
1
1
1
373
2
2
4
1
1
9
1
3
1
1
1
1
2
1
1
1
1
1
6
4
2
2
88
2
1
3
1
1
5
1
7
1
47
18
1
599
2
1
2
1
1
74
1
1
1
1
1
1
1505
1
4
1
1
1
7
1
1
1
2
2
1
1
1
2
1
1
80
2
1
442
2
1
2
2
1
1
4
1
1
1
1
9
1
1
1
2
3
1
2
1
877
1
1
17
12
1
7
23
1
1
1
2
1
271
5
1
1
1
2
2
6
1
6
1
5
6
2
2
2
1
2
3
1
1
6
1
2
1
1
51
2
1
1
153
1
1
28
11
9
3
2
10
1
156
1
1
1
1
2
1
1588
1
29
1
1
8
8
1
8
5
2
1
96
2
24
4
5
1
2
2
1
1352
75
1
668
2
2
23
12
9
11
4
1
2
1
1
19
10
1
85
1
20
6
3
7
53
4
18
29
9
114
15
4
5
26
7
36
96
1
2
1
8
12
1
1
23
15
427
1
171
2
10
70
3
8
1
1
10
3
1
6
29
3
1
1
1
79
1
9
52
1
4
3
42
24
2
1
1
4
39
1
131
4
1
1
1
1
1
1
10
13
2
1
2
1
3
1
1
19
1
3
67
1
1
24
47
3
1
3
3
89
1
50
4
1
10
7
24
1
19
3
2
1
112
25
1
2
7
6
5
27
2
4
75
8
1
11
39
1
8
13
4
2
1
6
3
1
18
9
21
22
1493
3
1542
1
1
1426
1
1
40
8
1
18
26
32
9
6
1
1
1
1
1
4
1
1
1
1
8
13
1
1
1
3
1
1
1
2
2
5
15
218
147
11
7
2
8
1
99
1
3
4
5
1
8
1
2
1
5
1
1
201
10
3
1
76
9
90
115
26
10
1
5
3
2
22
1
1
2
2
1
1
101
13
50
39
1
16
22
3
1
2
15
22
1
11
2
3
26
11
2
1
2
9
1
2
3
1
1
5
8
1
1
76
6
2
2
520
6
3
2
1
1
1
3
2
5
2
28
15
3
49
2
1
3
3
1
1
1
2
1
9
16
1
56
1
2
2
55
12
2
2
3
16
1
19
2
20
2
40
42
7
1
82
5
2
7
1
3
261
11
1
1
4
1
1
2
1
1
8
1
1
12
2
373
2
17
2
1
1
1
1
1
2
3
1
95
4
3
2
7
9
44
44
1
1
2
1
2
3
1
1
31
37
1
8
11
9
1
1
2
8
6
23
19
1
1
6
1
64
1
160
6
43
41
14
1
1
1
123
1
3
5
3
6
4
2
4
1
2
1
1
6
6
4
1
1
1
2
5
2
3
1
23
4
2
8
1
1
1347
8
1
24
1
1
9
1090
1
1
2
95
2
6
5
2
4
1
345
6
6
88
1
1
140
1
1
1
4
1
3
1
3
10
26
1
1
1
1
4
1
1
1
1
1
2
1
7
1
25
149
2
18
6
59
3
303
1
3
3
2
38
10
10
29
1
4
9
14
41
5
1
10
44
12
4
14
11
12
4
1624
6
3
1
1
15
3
1
4
1
32
1
211
1
1
1
3
3
3
3
1
5
23
19
69
5
1
5
1
25
36
25
104
61
24
7
26
1
1
3
18
1
28
1
1
3
2
2
1
4
8
3
2
1
37
11
4
2
1
1
1
1
6
1
7
1
2
1
17
2
4
2
1
6
55
62
513
21
1
1
27
26
2
1
1
1
1
1
1
3
6
645
32
1
59
14
9
1
4
6
1465
1
284
11
5
65
1
2
1
1
8
10
2
3
1
1
2
1
1
1
1
1
266
4
62
2
1
75
1
3
2
1
1
1
1
1
1
95
4
2
3
2
51
58
17
22
3
13
18
49
315
4
67
3
3
1
1
1
3
1
1
1
8
4
7
1
12
4
1
1
1
103
10
40
6
1
5
4
1
1
10
5
5
3
1
4
3
1
3
37
1
8
1
157
1
1
9
1
16
8
1
13
43
57
1
2
10
11
2
5
2
9
26
1
13
3
1
1
17
6
25
5
1
16
77
1
13
2
27
6
15
2
10
1
1
5
21
1
4
4
12
2
5
2
54
3
35
3
1
5
1
4
6
14
2
6
19
18
1
3
20
1
1
8
12
16
3
15
1
1
1
4
1239
4
7
44
3
10
1
14
1
14
3
6
1
2
8
10
23
1
1
22
2
2
1
124
8
2
4
30
18
4
2
1
4
2
1
5
2
1
1
1
54
2
1
1
11
1
1
1
9
1
17
25
28
16
2
6
8
1
2
1
2
2
1
1
6
1
10
29
1
52
22
15
15
1
6
10
6
3
90
1
1
1
1
1
1
9
1
14
2
3
6
6
1
11
1
1
30
1
3
132
1
1
402
10
53
2
21
2
1
54
754
2
1
8
6
37
1
4
1
4
10
1
1
335
8
1
182
1
69
32
1
1
32
1
1
3
2
54
6
2
5
1
1
1
1
1
1
2
1
1
33
28
1
9
3
1
1
20
4
7
21
1
156
1
1
1
1
2
1
1
22
32
1
4
1
5
3
1
1
1
2
4
3
1
1
17
2
5
2
42
6
7
32
1
49
7
5
15
26
14
12
1
15
1
3
2
1
2
2
4
1
2
1
29
1
63
1
1
1
1
1
1
9
1245
1
1
6
1
1
2
116
16
62
1111
1
41
751
1
5
1
1
106
1
3
1
2
3
1377
78
20
1
28
11
20
50
6
149
4
402
120
723
2
4
2
6
1
18
19
1
9
1
1
2
1
15
1
1
1
4
1
2
1
3
2
12
1
1
6
6
10
8
1
369
1
3
1
6
1
3
1
1
2
1
1
2
3
1
1
8
139
118
2
1
2
1
161
1
2
1
522
142
21
6
147
2
1
1
28
12
3
2
38
1
1
30
2
1
1
5
1
2
1
2
5
1
1
1
2
1
1
6
11
1
2
2
1
30
3
2
22
5
1
223
74
25
65
1
1
5
3
3
4
1
95
1
1
3
227
309
145
110
99
4
47
51
12
2
451
1
4
6
7
11
1
3
350
5
2
4
17
39
54
4
1
16
9
3
20
7
36
1
22
3
1
1
1
1
1
2
1
6
1
3
1
1
2
1
1
1
2
2
1711
2
1
11
30
1
8
46
14
2
7
1
1
81
11
2
1
1
3
3
64
1
3
1
34
7
9
24
1
1
390
1
10
8
5
1
1
3
478
1
1
9
2
5
3
21
1
1
11
5
16
1
7
2
2
1
1
49
74
1
44
3
3
1
1
13
3
1
2
1
1
1
4
59
2
1
1
5
12
1
2
1
6
3
10
1
1
1
4
1
1
21
13
2
1
1
12
1
1
1
5
1
1
2
3
8
2
28
10
2
2
3
1
1
1
6
359
1
1
118
2
8
1
1
1
11
2
7
6
3
5
2
13
1
1
29
3
3
4
7
94
185
40
1
1
7
7
1
43
4
40
246
16
1
2
193
1
1
1
3
7
1
1
1
2
41
10
1
107
1
67
90
2
1
1
3
1
100
1
1
101
1
3
1
1
1
1
1
378
10
45
8
95
6
1
1
1
13
1
1
1
2
1
1
521
290
1
2
1
1
14
1
50
3
29
1
1
314
8
1
1
1
1
13
327
1
1
1
1
1
25
43
71
52
2
8
1
2
1
1
5
1
2
3
3
2
1
1
1
7
6
6
1
86
393
1
8
3
17
4
254
8
63
11
1
5
1
200
1
2
1
572
1
10
15
3
1
1
12
73
109
17
1
1
1
1
1
3
1
1
2
1
3
2
153
1
1
1
44
1
11
72
92
1
1
1
1
2
127
1
1
1
6
1
1
1
1
2
4
3
2
2
1
5
1
2
1
6
331
1
1
1
1
1
1
1
1
1
1
1
1
1
1
1
1
1
1
1
6
1
197
1
1
1
1
21
1
2
1
3
1
1
2
1
1
10
1
13
1
49
234
7
2
6
32
2
1
1
297
9
4
1
2
10
1
11
1
1
2
75
3
7
1
55
4
12
1
1
1
3
11
9
2
1
4
5
378
25
2
1
8
10
2
6
9
1
16
145
1
13
11
4
35
325
3
146
3
1
1
7
2
21
4
51
1
1
11
2
1
1
1
1
2
1
2
3
1
236
1
34
3
1
43
26
100
4
1
11
1
7
1
1
1
1
4
1
105
1
3
4
17
60
1
1
5
1
12
32
1
2
1
4
2
2
94
2
3
3
5
2
1
7
1
51
2
3
2
20
24
1
395
125
1
16
19
10
53
1
3
2
1
3
1
165
26
274
11
6
1
1
16
129
2
539
50
2
2
1
19
31
8
3
6
1
2
1521
40
3
3
1
2
2
1
76
1
1
1
1
2
3
4
3
200
4
13
1
14
1
1
1
2
3
1
1
1
1
1
84
20
49
1
21
1
3
6
2
107
29
1
43
2
2
1
5
58
329
2
2
16
1
4
1
3
54
1
12
9
2
1
5
3
2
60
6
2
244
96
26
1
1
9
3
1
1
3
1
2
16
1
52
28
1
11
2
2
20
3
1
35
18
104
7
2
20
2
1
1
3
1
1
94
29
268
2
2
1
1
17
12
4
1
9
150
1
1
1
5
1
1
1
2
1
4
57
2
3
2
1
1
2
2
5
1
1
1
7
1
3
39
13
2
4
4
1
11
50
1
8
1
40
1
68
3
115
86
1
1
2
102
8
1
1
1
1
1
9
1
72
4
1
6
1
8
50
40
1
292
3
1
2
12
1
15
1
334
19
1
1
1
5
1
1
2
4
12
1
1
11
2
1
2
1
1
2
1
1
1
1
1
1
1
1
1
3
1
1
1
1
1
3
1
2
16
2
1
2
1
17
1
1
1
1
21
2
1
1
3
1
3
1
2
1
984
2
2
1
1
1
1
1
2
4
1
2
2
2
2
1
4
4
1
1
1638
1
1
1
1
2
1
1
2
8
1
30
1
6
1
1
1
2
2
1
3
1
1
7
1
17
1
2
1
1
1
1
1
1
2
1
7
1
3
1
36
2
1
1
3
1
1
1
1
2
16
2
1
1
1
1
3
108
1
1
1
1
1
1
1
1
7
1053
44
157
47
2
22
11
208
308
62
40
2
158
321
2
12
1
56
1
1
1
1
17
1
1
24
2
1
1
1
1
2
3
309
4
1
1
1
1
1
372
1
1
1
1
1
1
1
1
20
3
3
2
415
2
3
14
28
69
2
123
1
127
5
4
4
2
1
2
7
1
1
1
5
1
10
2
1
121
2
1
740
2
1
2
1
11
16
24
1
2
2
1
10
1
32
6
3
1
1
7
2
8
7
2
1
5
1
1
1
46
50
1
1
1
25
1
2
1
11
4
7
94
26
295
1
1
35
12
5
1
1
7
5
1
1
1
4
9
1
1
29
83
2
1
1
29
6
111
584
15
54
1
541
4
2
1
1
1
1
1
1
1
5
1
498
1
1
1
1
1
1
1
5
3
1
2
1
1
2
2
1
3
1
6
71
1
67
1
1
22
2
1
1
1
1
40
2
1
6
1
75
1
1
2
12
8
3
2
49
1
1
1
2
1
1
1
1
1
1
1
2
61
1
1
3
7
1
14
2
1
1
1
1
2
2
2
1
1
659
1
1
22
1
3
1
2
2
1
3
184
2
1
1
42
6
2
1
1
1
3
1
3
7
1
3
39
1
1
2
26
1
1
11
1
3
1
1
1
6
4
4
3
1
874
1
7
1
1
3
1
1
4
8
11
8
4
104
1
1
1
1
28
3
1
9
1
1
1
1
1
5
10
17
3
1
1
1
2
1
1
2
6
1
3
2
1
2
1
1
1
14
377
1
1
2
5
1
1
4
61
1
1
1
63
35
1
1
1
1
1
1
1
1
1
4
1
10
9
1
1
7
1
1
1
11
1
1
8
1
2
1
1
2
1
1
1
2
1
2
1
2
1
1
2
1
1
1
4
51
1
4
1
4
200
1
1
1
37
1
1
1
1
1
1
5
79
1
2
1
2
5
1
1
5
2
2
1
1
1
4
2
1
1000
14
2
5
1
1
5
1
1
1
71
67
1
1
4
1
15
27
2
751
2
1
1
173
18
193
202
14
1
7
21
35
3
7
611
1
1
1
111
64
5
405
38
89
1
1
1
3
1
1
1
1
3
1
12
2
1
1
1
1
1
2
159
1
3
6
1
2
1
2
2
54
24
1
4
16
34
26
294
2
1
3
2
1
1
1
1
417
3
1
1
2
1
2
3
2
1
2
1
1
1
4
4
1
1
89
2
2
71
21
2
2
4
1
1
1533
1
1
5
82
2
75
1
2
1
3
1
1
1
1
1
1
1
727
1
1
2
3
1
3
127
1
43
3
1
1374
1
1
1
3
2
1
235
6
14
2
5
2
1
17
47
2
1
3
2
2
2
3
1
1
1
2
1
1
2
4
1
1
3
15
1
11
2
3
1
1
1
1
2
9
6
3
15
2
2
1
1
29
1
1
2
2
2
10
25
50
1
1
1
1
2
1
1
36
4
1
3
1
1
10
34
2
1
6
1
2
5
2
1
1
11
3
2
1
246
60
28
2
53
1
1
1
38
11
1
10
1
1
2
1
82
7
6
1
1
6
2
1
1
1
2
1
1
307
2
110
5
2
1
10
2
4
1
13
4
1
139
10
1
3
1
1
4
1
1
1
40
3
310
1
3
1
1
906
2
1
1
4
1
3
1
1
1
1
2
1
3
7
3
1
1
1
2
1
1
1
1
1
81
1
11
1
1
68
1
1
1
1
1
1
1
1
2
10
178
1
1
2
1
38
44
1
2
10
2
3
2
2
1
4
10
3
4
1
1
552
1
2
1
1
1
1
1
1
1
4
219
1
1
1
16
1
1
1
2
1
2
1
1
103
1
1
360
1
1
6
395
3
1
2
1
3
1
1
2
1
2
1
6
5
3
1
25
1
1
1
1
2
1
1
1
2
1
3
1
2
1
5
1
614
11
3
1
3
3
2
1
1
52
2
1261
4
2
7
1
14
60
169
16
1
1
1
1
12
2
4
4
3
215
1
2
1
1
2
1
1
1
1
1
1
1
1
7
138
1
1
7
1
1
4
1
1
321
18
7
99
2
1
2
75
1
1
1
1
1
1
2
17
1
209
9
1
1
10
2
3
74
33
40
523
1
453
1
1
1
1
6
1
1
1
2
1
2
3
1
1
48
348
6
31
283
88
34
47
1
1
2
1
2
1
6
14
32
3
1
1
1
72
2
1
3
2
15
1
2
1
39
4
2
1
1
1
184
2
1
1
2
168
1
1
1
1
1
1
1
3
1
1
363
3
1
1
1
4
1
1
1
4
1
3
1
1
1
1
73
236
106
1
44
21
4
2
25
4
91
1
1
86
1
2
10
1
132
1
13
7
3
1
1
1
1
1
1
38
1
1
2
2
1
46
1
1
1
3
1
1
20
36
38
1
1
1
355
1
1
1
84
1
1
1
1
1
3
1
2
1
1
99
1
3
1
3
2
1
5
1
2
28
48
37
1
2
3
151
4
1
1
1
1
13
2
1
1
1
1
1
1
3
1
1
525
2
15
1
3
2
1
1
1
1
1
2
60
4
1
3
1
1
27
5
38
2
1
1
1
9
11
3
5
1
1
1
1
1
1
1
1
4
1
1
1
1
3
77
2
1
1
1
1
1
612
2
1
50
4
6
2
2
17
1
1
1
2
1
1
1
1
6
1
1
2
2
3
1
2
2
2
4
1
1
2
1
1
1
8
22
1
39
1
1
22
4
2
1
2
2
2
1
2
3
1
3
1
1
1
1
174
1
6
1
2
1
2
6
27
50
7
32
2
2
6
8
28
3
47
13
1
15
3
62
32
261
4
1
12
5
1
5
13
12
32
134
46
1
724
364
2
1
1
1
1
31
3
486
1
1
25
353
1
1
1
1
1
9
25
15
3
79
1
1
282
1
1
1
3
25
6
1
1
1
22
2
81
325
1
1
2
2
1
34
1
1
2
1
2
1
1
1
5
1
1
31
12
2
1
2
2
1
1
29
1
1
2
1
1
2
3
3
1
2
1
3
1
1
2
56
1
1
1
1
2
1
2
2
1
1
1
1
143
2
13
4
572
1
4
2
4
1
1
1
1
1
4
1
6
4
1
1
1
1
1
5
3
1
4
1
1
3
1
1
48
1
1
1
1
1
1
2
8
1
17
22
76
2
3
6
1
210
1
1
11
43
1
19
1
2
1
225
6
3
1
1
4
20
1
159
1
3
1
1354
1
1
2
2
1
1
62
2
190
1
3
11
1
1
1
1
1
1
1
1
1
1
1
1
7
1
1
1
8
38
61
2
15
3
1
5
2
1
1
1
2
425
1
1
1
1
77
450
1
1
74
6
1
4
4
1
1
1
1
10
1
1
1
16
11
1
1
1
1
1
147
40
13
1
1
1
6
1
2
15
2
7
1
4
1
1
1
1
8
1
1
1
1
1
1
1
28
1
1
1
2
1
1
13
1
1
269
1
1
1
1
1
958
4
64
2
2
1
1
1
5
1
6
6
1
1
144
2
7
2
4
5
6
9
1
1
1
1
3
1
1
1
1
31
1
1
3
4
66
1
4
2
88
1
4
1
1
1
1
1
1
1
1
5
1
1
1
2
1
3
1
6
2
1
1
1
1
1
1
2
1
768
1
1
1
1
117
25
1
1
3
2
1
466
1
1
1
1
1
27
39
2
1
1
1
1
1
1
3
43
24
13
1
1
362
3
1
1
1
1
1
2
13
1
1
1
1
7
1
47
8
144
2
6
3
4
45
2
1
4
1
1
1
1
1
9
1
1
2
1
15
706
4
1
7
1
1
1
1
1
1
6
2
1
1
56
25
1
12
1
8
4
4
3
1
1
9
5
1
1
3
3
4
3
1
22
1
5
1
4
1
583
2
1
56
2
1
1
1
5
5
1
1
1
1
1
3
2
1
1
1
1
1
1
3
1
1
4
1
1
2
1
10
16
4
3
6
21
30
8
7
26
1
3
45
2
5
24
1
12
365
2
2
5
1
1
1
2
1
1
1
9
1
2
137
1
1
1
1
1
4
10
1
1
36
105
1
3
1
4
1
2
6
1
2
1
1
42
1226
4
1
1
3
58
11
3
1
1
1
1
4
2
1
43
2
1
11
4
17
23
1
2
2
1
1
1
28
1
1
2
7
1
1
1
1
1
6
1
123
2
2
4
6
1
1
3
7
1
1
1
1
3
3
1
173
1
1
1
1
1
22
1
5
2
1
1
1
3
19
1
1
1
1
8
1
15
5
3
1
1
211
1
2
1
1
1
2
2
44
7
1
1
1
5
1
1
76
13
1
2
12
1
1
7
4
2
7
13
24
1
1
1
12
5
1
380
54
1
2
3
1
1
249
7
6
2
1
5
1354
1
341
31
56
12
2
1
1
4
1
1
1
1
8
1
1
1
1
13
1
1
1
1
1
2
1
1
9
2
2
1
10
1
1
1
16
2
1
1
1
1
1
1
1
3
1
58
1
7
1
10
1
1
173
6
1
1
1
2
1
2
1
1
16
1
573
18
3
1
1
5
1
2
2
12
2
21
3
1
2
14
1
1
3
1
1
1
1
3
2
1
5
1
3
2
1
1433
1
3
1
1
1
11
1
1
1
2
1
1
3
4
3
2
2
1
1
1
1
1
1
1
3
31
1
1
1
1
4
1
3
2
1
2
25
19
1
2
2
1
321
18
202
6
153
23
1
139
294
119
1
1
1
1
2
12
1
2
10
1
1
1
1
375
1
1
121
1
3
1
3
2
1
1
1
36
1
1
1
1
1
1
166
25
1
1
16
2
5
39
1
1
1
3
2
51
3
50
2
1
1
1
2
1
1
1
28
16
2
1
1
1
1
2
2
3
1
1
7
1
3
11
206
1
1
1
1
4
1
1
7
14
532
1
1
1
1
1
605
1
2
18
3
47
4
5
8
157
1
1
1
2
2
5
3
1
1
1
5
3
1
1
2
1
25
4
143
9
3
1
2
1
1
6
2
1
1
1
1
1
10
32
1
1
316
6
1
18
1
7
31
2
1
1
19
5
1
13
1
2
1
2
1
1
1
261
1
1
1
83
1
11
1
1
137
1
1
1
1
8
3
13
2
2
1
7
1
1
34
15
1
1
11
1
1
1
8
1
2
14
1
499
2
1
1
1
1
1
1
1
457
2
4
1
15
1
10
3
1
1
1
1
1
1
44
1
1
1
2
1
1
1
1
43
1
1
26
1
22
1
1
61
1
13
5
1
1
1
3
4
1
3
1
1
2
1
13
1
1
1
1
1
1
5
1
1
1
81
1
1
1
1
245
1
6
1
2
4
34
22
1
1
17
613
11
3
2
30
1
2
3
1
1
1
3
1
1
2
1
1
1
1
1
2
1
3
2
1
2
1
3
2
41
1
1
4
1
1
40
1
1
555
1
1
1559
1
1
1
1
2
129
1
103
3
2
1
1
69
5
1
1
1
2
1
1
13
1
1
1
7
53
2
2
1
1
8
12
68
6
3
104
1
1
1
2
1
3
1
1
18
1
100
1
3
7
1
4
1
2
1
1
43
1
34
1
1
1
467
6
1
1
2
1
1
8
1
1
1
2
1
1
1
1
1
2
3
2
1
1
31
2
9
2
84
1
30
46
2
2
1
18
299
1
1
9
138
1
8
1
1
4
1
2
1
2
3
2
1
3
1
5
5
235
51
1
1
16
21
1
1
1
103
3
2
2
6
1
64
1
1
2
4
5
1
2
1
1
9
24
1
22
3
2
2
1
1
26
1
8
17
2
1
1
1
1
1
2
2
50
1
39
29
71
82
8
2
16
2
22
30
69
9
81
1
29
6
11
40
197
174
12
55
1
1
1
2
1
127
7
9
22
2
1
5
1
1
8
1
1
1
14
1
1
4
1
1
1
51
1
1
1
4
1
1
3
1
1
31
1
1
3
531
1
1
1
1
2
1
1
37
1
5
4
3
1
1
40
3
2
1
1
43
1
1
8
3
75
23
2
2
16
3
15
24
2
3
18
1
1
1
2
71
1
1029
1
4
1
1
1
2
2
2
50
1
1
1
2
2
1
102
1
243
6
18
1
2
17
1
1
1
1
1
1
2
4
11
1
1
8
1
14
1
2
7
1
3
1
10
136
3
1
1
4
1
1
1
1
571
1
4
3
3
1
1
1
1
1
3
1
1
8
2
2
1
20
86
108
2
45
6
1
88
17
1
2
4
3
1
1
1
321
1
1
2
21
2
2
1
1
3
71
1
1
1
1
1
1
3
3
2
1
1501
6
3
1
1
2
1
1
2
1
1
1
1
14
2
888
3
1
1
1
171
13
2
2
1
2
3
1
2
2
4
27
1
1
1
1
4
2
2
2
367
1
32
6
1143
87
1
1
1
1
1
1
1
6
11
1
1
1
5
13
1
1
1
3
1
1
1
1
1
1
1
1
1
4
1
1
2
13
12
13
1
1
1
1
1
1
1
3
2
3
1
1
1
2
13
33
60
157
7
3
1
1
1
1
35
1
2
1
1
1
2
3
1
4
8
27
1
8
1
1
472
1
1
1
1
1
21
2
2
1
41
4
1
29
1
2
1
2
2
1
13
1
1
1
2
1
2
39
1
8
1
1
12
2
12
10
2
21
1
3
3
2
2
1
6
1
1
2
1
5
1
19
2
1
2
1
1
1
243
1
1
5
1
1
1
1
1
1253
3
1
1
1
5
370
1
2
1
1
1
180
7
14
1
1
20
1
1
1
938
2
54
2
2
4
103
1
1
1
1
1
1
1
1
1
9
1
1
1
31
10
39
9
1
69
1
1
1
1
1
1
1
1
1
1
2
4
36
1
1
1
1
2
1
73
2
1
16
1
1
1
1
2
1
3
8
8
2
1
6
2
15
1
1
1
1
1
2
1
1
1
1
1
4
2
1
1
1
2
1
9
85
1
1
2
2
2
32
1
1
1
14
3
1
1
1
23
13
2
1
1
1
4
8
1
1
73
1
9
1
1
2
1
1
1
1
14
2
1
75
1
1
4
5
1
530
2
3
1
1
1
4
1
583
1
7
2
4
1
1
2
4
7
1
15
1
1
4
1
64
1
2
3
4
11
3
1
1
1
462
2
1
185
1
25
4
4
2
3
3
5
16
1
3
3
2
1
1
3
2
9
11
86
14
1
1
2
1
1
1
1
1
1
1
1
1
1
49
1
3
2
1
1
1
1
1
2
2
16
7
2
1
2
3
1
464
1
1
205
1
1
1
3
1
1
1
2
1
1
2
109
51
27
1
1
1
9
5
20
211
27
2
304
2
176
4
43
4
2
46
5
3
16
10
4
2
136
67
1
1
78
26
1
8
22
2
1
1
3
17
1
105
1
3
2
2
11
1
10
3
48
2
1
105
23
21
157
2
1
32
71
85
6
178
34
26
221
600
71
15
70
2
4
30
40
1
8
1
2
1
1
2
166
4
1
1
1
1
13
4
18
14
64
17
4
34
1
3
4
9
17
20
7
6
1
2
2
1
4
1
1
4
6
180
1
1
1
3
2
1
25
3
8
4
864
50
1
2
15
1
74
31
158
197
1
5
3
8
2
3
1
14
4
1
2
2
1
1
12
3
12
1
1
414
1
1
2
1
2
1
1
32
1
9
1
2
1
108
1
3
1
1
1
1
1
1
1
1
2
4
2
63
1
11
1
1
13
1
1
141
8
1
20
1
1
1
9
3
2
1
1
2
1
15
9
1
1
3
1
1
1
1
1
2
1
1
1
1
1
1
2
2
5
17
1
1
28
190
7
1
3
1
6
1
1
1
5
2
12
8
3
1
1
1
498
1
1
6
7
3
2
1
1
7
1
1
1
9
1
1
1
1
2
2
1
1
1
3
1
1
1
4
1
1
1
1
1
3
2
1
4
1
3
1
2
1
2
1
130
1
1
2
245
1
1
2
1
1
2
3
4
5
11
8
5
1
1
29
1
1
42
1
2
2
1
2
1
1
4
1
396
6
2
7
5
33
34
1
1
5
1
1
3
1
12
4
1
2
3
1
2
1
2
1
1
171
1
1
5
1
1
1
2
1
11
1
4
1
2
3
27
2
1
1
25
1
1
1
1
1
1
1
7
17
1
1
8
104
1
1
2
2
2
1
3
8
6
24
1
4
11
1
1
35
4
8
4
5
3
29
3
6
14
29
2
2
1
1
8
1
5
13
1
2
7
1
1
2
1
24
5
3
1
7
1
1
13
1
43
2
1
1
60
5
2
1
16
3
3
75
1
1
2
54
51
71
57
29
3
5
1
59
322
380
1
1
16
10
835
1
1
2
572
1
1
2
1
1
55
1
1
11
1
19
9
37
1
1
2
1
1
1
4
2
96
2
1
1
1
5
1
4
3
1
1
1
2
172
1
4
3
14
2
3
1
2
38
8
98
8
12
59
5
1
1
3
38
1
7
5
4
130
41
10
6
157
46
146
13
19
1
115
3
147
1
15
7
3
1
1
1
1
3
5
23
3
13
11
1
1
1
16
3
4
1
3
3
2
2
2
2
2
17
2
6
1
41
1
1
1
3
2
8
2
1
1
1
10
79
25
1
1
3
5
1
3
1
1
418
1
3
1
1
1
8
2
21
314
1
1
2
1
1
19
1
7
1
2
1
1
3
1
1
1
1
57
2
4
1
2
1
1
1
41
23
59
327
2
5
1
2
1
1
149
240
4
4
11
27
25
20
14
1
2
1
4
170
1
2
1
1
1
74
4
4
108
1
9
1
1
1
1
1
1
1
1
2
2
1
1
1
1
2
1
2
1
1
1
2
2
2
1
1
1
4
13
1
1
2
28
1
1
2
2
2
1
1
2
1
1
1
1
1
4
1
1
1
1
1
1
1
1
2
1
4
159
2
1
1
1
6
1
2
4
1
970
2
23
7
1
1
1
1
2
1
1
2
8
31
4
374
12
12
1
1
8
96
12
2
121
7
1
15
48
12
31
5
7
135
2
2
1
2
1
1
1
3
1
2
4
360
1
1
1
1
1
1
1
21
1
2
71
22
2
1
1
1
9
2
4
2
2
1
9
1
2
1
1
2
1
1
72
1
2
1
2
1
1
9
1
2
1
1
1
1
1
1
1
304
1
15
2
23
1
1
1
1
2
3
2
2
1
1
1573
1
1
7
1
1
2
1
176
1
2
1
1
1
1
1
8
2
1
1
1
1
1
1
1
1
1
1
5
1
2
2
102
2
1
1
1
1
1
2
161
2
6
49
11
5
6
4
70
1
1
10
1
1526
1
1
1
2
1
1
5
1
1
1
2
34
1
1
1
283
43
1
53
2
1
1
4
3
1
3
1
27
1
1
1
1
1
1
1
1
1
1
1
1
42
1
1
2
1
1
2
1
1
1678
1
15
1
1
9
1
1
2
1
1
1
2
30
1
1
2
1
44
1
1
1
2
94
1
1
8
3
1
1
1
1
3
1
1
1
1
1
1
1
1
1
1
1
12
1
1
1
1
1
1
1
4
3
1
1
5
3
1
1
1
2
1
1
1
1
2
43
1
1
2
1
2
145
430
1729
1
1
1
1
1
1
1
1
1
1
1
3
1
1
2
33
1
1
1
6
10
1
2
1
475
41
1
1
2
1
2
3
1
4
3
3
11
23
20
9
4
6
64
40
219
73
80
396
463
1
1
1
1
3
17
2
1
3
1
1
34
1
1
1
1
1
2
1
1
1
1
1
1
3
1
30
1
108
132
284
2
3
1
2
3
1
6
67
1
47
1
2
1
1
1
1
1
82
1
4
1
1
6
1
1
1
1
1
1
1
3
1
1
1
1
1
2
2
1
1
1
2
1
1
1
1
1
1
8
1
10
1
1
1
3
4
1
2
1
1
1
1
4
1
3
1
5
1
1
1
1
1
3
1
2
2
28
1
217
1
1
1
1
1
7
1
1
620
2
1
1
2
1
2
1
1
25
1
4
3
1
1
1
1
1
1
2
2
1
1
251
1
1
1
1
1
1
4
1
1
1
1
1
3
2
1
1
2
1
1
5
1
1
1
47
1
4
1
1
1
2
1
1
92
43
8
1
1
2
1
3
1
1
1
1
16
1
1
1
1
1682
12
1
1
6
4
17
35
1
10
2
79
18
8
2
2
83
8
1
7
2
1
32
1
6
2
1
3
1
88
74
1
1
1
4
1
1
54
1
1
1
13
1
6
2
2
1
2
1
8
1
3
1
6
281
5
1
1
50
470
1
2
65
4
2
2
1
26
1
86
1
7
1
2
1
1
1
205
1
1
90
1
6
2
1
30
4
1
1
1
1
1
1
1
1
1
2
1
1
522
1
48
3
26
93
1
1
1
1
17
4
1
20
1
1
1
4
1
3
1
1
21
2
2
11
1
1
1
1
569
12
97
85
52
95
4
66
20
163
1
1
1
2
1
1
25
21
22
69
10
604
1
1
164
1
6
2
13
150
53
102
49
11
73
4
12
102
9
190
5
28
1
3
1
1
1
1
2
4
2
1
2
1
2
41
1
2
1
2
2
1
1
1
2
1
5
1
1016
2
1
1
2
9
1
1
2
1
4
2
13
1
2
1
2
20
2
1
1
2
1
1
1
1
1
40
4
1
6
4
1
1
5
1
8
18
1
24
79
3
30
51
1
1
3
13
1
3
56
2
1
776
27
62
2
29
1
7
2
1
1
5
1
6
4
7
1
4
3
1
2
2
1
10
1
58
1
3
1
2
6
1
1
3
2
1
4
27
2
3
2
119
109
2
1
3
5
1
1
1
146
2
1
1
1
1
3
2
4
163
61
1
1
1
1
1
1
1
87
1
2
7
1
1
3
2
1
1
2
157
1
1
3
2
1
1
1
3
2
1
1
6
6
1
1
3
2
1
1
1
1
1
1
2
1
1
1
1
1
2
2
94
65
1
1
1
2
1
5
1
1
210
2
6
1
1
1
2
1
2
27
1
1
1
1
2
2
77
1
2
1
5
1
42
15
1
6
7
32
2
1
1
1
7
1
1
4
1
1
1
1
1
77
2
17
7
1
6
1
1
1
1
1
1
4
8
5
2
1
5
54
2
1
1
1
1
83
1
1
1
1
1
176
1
55
1
1
1
1
1
2
3
10
21
9
1
7
1
1
2
596
2
1
27
1
1
8
1
3
1
5
1
1
1
1
2
4
44
1
1
70
504
1
9
10
2
1
1
1
1
2
2
1
1
1
9
1
3
1
1
1
21
1
12
4
144
3
1
1
2
1
1
1
2
1
2
1
1
1
1
11
2
647
1
22
5
5
15
2
1
1
1414
2
21
1
45
1
226
1
1
1
3
15
1
1
2
1
835
218
1
18
18
9
1
89
1
1
1
3
1
1
2
1
44
17
2
1
1
590
3
6
7
16
474
1
1
1
72
4
5
80
1
3
3
2
3
1
18
4
1
1342
2
1
1
1
3
1
2
11
1
1
7
3
2
1
6
1
33
1
115
3
1
1
3
3
6
6
1
24
24
1
5
3
1
1
1
13
1
6
3
1
5
30
1
2
1
1
20
1
2
1
1
2
2
1
1
1
1
1
1
4
1
2
2
9
10
1
7
1
1
1
2
1
9
1
1
1
2
13
2
1
2
1
1
1
1
4
2
1
1
1
1
2
1
1
4
1
1
3
1
3
1
6
1
1
1
42
1
36
10
3
1
1
8
4
1
3
2
71
1
1
1
1
1
1
56
618
1
26
3
1
1
1
4
100
1
1
564
1
1
4
1
1
2
1
1
1
1
3
1
1
1
3
2
2
1
1
1
40
1
87
14
809
19
2
2
5
5
5
18
1
4
2
6
2
1
41
25
2
1
1
1
2
1
2
1
1
3
3
7
23
3
1
8
1
1
1
6
57
1
2
1
1
4
1
158
134
1
28
72
17
1
76
13
1
4
2
1
1
22
1
1
1
13
1
7
3
1
2
4
3
1
1
1
1
1
1
1
1
1
3
1
87
1
1
4
1
6
1
1
1
2
1
8
1
131
1
1
1
3
1
2
1
1
1
1
2
51
71
1
11
1
1
1433
45
1
1
170
1
1
14
1
350
1
1
1
386
4
1
2
98
1
3
1
6
1
1
2
1
1
1
1
1
2
1
1
1
1
9
28
19
1
1
1
1
1
1
1
4
1
2
3
1
1
84
1
1441
1
1
4
3
8
1
503
1
1
1
1
1
3
1
1
71
1
18
1
110
1
2
2
1
1
45
1
4
3
2
1
1
2
119
2
1
1
1
1
1
2
2
1
2
1
1
4
1
2
3
1
1
1
1
1
165
1
1
2
2
1
2
1
15
2
1
1
1
8
5
1
70
1
1
1
1
2
6
5
1
1
1
245
176
1
345
1
1
1
3
1
1
2
1
2
2
3
1
2
1
1
1
1
1
3
1
1
1
7
2
1
162
55
4
2
1
1
3
1
1
1
2
1
1
2
1
2
14
4
3
1
1
1
1
1
1
1
93
1
2
1
1
3
2
202
2
1
1
2
1
6
8
17
2
136
1
1
1
7
5
32
1
1
1
3
1
1
1
2
1
1
1
8
1
12
2
7
55
1
1
1
2
9
3
93
1
1
28
1
1
3
1
5
1
1
4
17
2
1
5
1
1
3
5
638
2
1
1
1
3
2
1
2
11
1
23
1
3
12
8
5
3
1
1
2
1
2
3
1
3
5
2
4
1
22
93
1
1
1
70
1
1
54
2
1
1
2
1
4
1
2
1
91
1
1
23
57
168
7
72
1
4
1
14
1
2
13
1
1
2
1
1
1
1
2
1
2
1
527
1
1
3
1
4
1
1
1
10
116
3
1
1
1
2
1
3
3
1
6
1
4
2
23
1
45
5
6
1
1
223
5
32
7
1
1
1
1
1
2
27
4
1
56
5
6
1
1
2
1
1
6
1
12
47
1
1
120
1
1
3
2
3
2
7
4
6
20
1
3
2
2
3
2
3
1
2
4
4
1
6
4
2
10
1
7
3
5
67
66
4
1
41
3
3
8
2
1
46
1
17
17
1
3
5
13
1
2
17
1
1
1
1
1
1
1
1
3
1
1
2
2
3
1
1
2
15
1
1
1
1
1
1
2
1
1
1
1
4
2
1052
218
5
6
5
1
42
1
9
1
1
4
1
1
7
10
1
1
1
2
4
2
1418
2
1
1
1
1
1
1
2
1
1
1
1
1
6
1
1
1
1
6
1
1
1
1
1
7
1
107
295
5
136
1
1
1
3
1
2
1
1
67
1
1
1606
181
1
1
1
1
162
1
1
2
1
1
1
1
1
1
29
6
269
7
29
1
2
3
1
1
1
1
26
1
1
1
1
1
3
1
9
1
152
1
6
4
1
1
1
1
7
1
4
5
2
38
1
1
1
6
1
1
1
5
1
1
32
1
10
1
30
6
1
1
1
1
2
1
1
2
7
3
2
1
2
2
4
3
1
99
55
1
1
3
2
2
1
1
3
1
1
2
75
1
6
84
1
1
19
1
1
5
1
12
12
1
1
426
4
1
1
2
9
353
390
1
1
13
21
1
14
9
4
6
1
1
1
1
3
1
1
81
2
2
10
1
2
1
1
1
1
3
3
8
6
17
1
1
1
1
1
3
5
15
1
1
7
2
1
220
13
2
2
1
3
3
1
3
4
5
1
1
1
1
159
1
10
1
2
12
2
1
11
1
1
1306
4
19
10
17
1
1
2
6
5
3
1
1
1
2
1
2
6
1
1
17
9
1
1
2
1
1
1
1
2
2
1
7
1
1
3
3
1
1
38
2
262
1
1
2
1
1
4
1
1
1
1
3
70
4
3
12
5
7
1
17
10
1
2
1
1
11
2
10
1
1
7
2
2
466
6
4
1
1
3
530
2
1
8
10
1
1
4
1
3
2
1277
2
1
1
2
2
2
3
1
1
2
1
1
2
5
8
13
1
1
25
35
1
2
1
1
1
1
1
5
1
1
1
9
1
1
22
1
1
1
2
3
1
1
1
8
1
1
2
12
1
1
2
14
1
1
4
3
3
3
1
1
1
1
9
137
36
3
139
44
2
2
1
2
88
3
1
53
20
1
12
1
2
1
2
1
45
1
1
1
1
2
1
3
1
19
2
1
1
5
4
592
7
29
92
21
1
1
2
10
1
2
1
1
1
23
1
15
1538
3
4
4
1
1
4
1
2
3
1
1
1
3
1
2
8
1
2
2
3
1
1
2
2
2
2
15
10
1
1
1
5
8
16
1
46
1
8
3
1
4
6
1
1
1
1
3
8
3
1
1
4
1
5
1
1
57
5
1
1
1
1
4
206
1
20
3
3
1
33
3
15
2
15
2
8
1
1
2
2
3
1
1
2
2
1
19
1
1
21
1
1
1712
1
1
1
2
3
2
1
1
5
1
1
19
2
6
1
2
5
1
1
1
2
1
83
5
1
1
1
1
1
1
1
1
137
1
39
1
2
1
11
2
7
1
1
3
1
1
1
1
1
40
1
3
1
1
27
36
1
34
7
11
6
3
1
1
3
5
1
2
4
1
16
2
1
1
1
1
3
195
2
1
1
56
1
3
2
1
3
1
1
77
1
1
3
1
2
14
60
2
2
3
1
1
1
2
2
2
1
54
2
1
1
1
53
1
23
1
1
1
4
1
14
7
1
1
1
1
1
1
1
1
8
11
1
4
808
1
6
1461
1
1
3
6
1
2
2
4
1
4
1
12
1
1
6
1
21
1
3
1
7
4
7
1
1
24
176
1
1
11
1
11
3
8
7
1
1
9
1
21
1
12
7
18
9
7
27
4
8
58
2
3
1
1
1
22
3
3
1
1
38
1
2
1
1
1
1003
2
23
1
2
1
1
1
2
1
30
3
12
1
18
1
1
119
1
1
1
1
2
1
242
1
2
1
1
279
3
51
1
1
1
1
2
1
5
12
36
17
5
5
1
1
1
1
1
1
1
1
375
1
18
59
1
1
5
1
1
3
1
1
1
213
16
1
1
2
3
25
2
2
2
1
40
1
42
3
1
2
4
1
1
1
1
1
2
1
1
1
1
4
160
8
2
1
164
654
4
12
22
6
1
2
28
1
1
1
1
3
1
2
8
1
3
16
16
1
1
1
12
13
1
1
3
34
1
1
100
1
3
388
4
75
66
2
3
1
1
5
1
5
3
1
3
2
37
1
1
3
3
1
2
3
1
16
2
3
2
1
1
1
2
2
1
1
1
1
2
19
1
1
16
2
1
2
3
1
1
1
2
2
6
2
1
32
41
1
2
1
1
1
6
1
11
1
2
1
4
2
1
1
1
1
2
1
14
1
1
1
1
1
1
854
1
7
1
1
1
1
1
1
5
1
7
1
1
1
1
3
1
2
1
1
6
1
1
1
8
3
6
1
1
1
1
71
1
1
3
2
18
70
11
19
21
1
13
20
1
2
4
1
1
7
5
1
36
55
103
1
1
12
13
1
1
2
2
1
15
1
5
143
1
1
1
76
32
11
182
1
1
188
77
9
2
1
1
2
1
1
1
1
2
1
3
1
2
6
1
5
5
1
146
1
48
5
15
5
1
1
1
1
1
1
2
1
1
1
129
4
2
5
9
3
1
1
23
1
4
35
18
501
29
1
1
1
3
4
1
1
7
4
1
2
12
788
30
128
39
176
1
1
3
1
1
1
1
1
6
1
2
1
1
3
1
2
1
1
1
1
1
11
120
25
1
2
1
1
1
1
4
1
1
1
3
11
1
165
122
1
1
4
3
1
1
2
1
1
1
2
1
1
1
1
1
2
2
2
50
27
10
31
1
4
2
3
53
1
1
36
1
1
2
5
2
1
1
4
1
1
1
1
12
1
1
5
1
1
2
2
2
1
3
1
1
2
21
4
1
1
1
1
1
1
3
3
1
15
4
1
1
1
3
5
3
1
1
1
1
2
7
5
4
1
1
1
21
1
1
1
14
1
1
28
1
80
1
985
5
1
1
26
7
1
1
10
1
7
2
1
149
1
3
1
1
1
1
1
1
1
1
2
2
4
10
4
6
58
1
1
3
5
1
2
16
1
3
2
2
2
1
19
41
1
69
8
1
1
3
4
6
1
1
2
1
9
1
1
4
1
1
1
1
1
1
1
1
1
1
1
1
624
27
2
2
1
1
4
1
2
2
1
1
1
1
1
1
1
1
2
1
8
171
26
1
1
15
11
1
1
6
1
1
2
3
2
1
7
2
3
1
2
1
1
1
8
2
1
1
37
85
1
1
1
2
1
1
1
3
23
1
1
4
1
4
1
1
9
1
3
1
1
1
1
2
2
1
2
3
8
1
2
13
1
1
9
3
4
1
2
1
1
2
7
1
1
1
1
1
21
7
1
1
14
1
1
1
3
1
1
1
272
2
1
2
1
1
14
5
86
1
8
2
1
1
94
22
1
3
1
1
1
1
1
2
1
1
3
1
1
5
1
4
4
8
15
400
1
1069
1
7
1
1
1
13
10
3
6
1
1
1
5
2
1
1
1
4
11
1
1
1
4
62
10
1
1
2
1
2
2
1
1
3
109
8
1
1
2
519
7
1
3
1
1
6
1
3
4
1
51
15
2
79
4
1
1
1
3
276
39
1
2
1
53
2
1
1
1
1
3
1
1
3
1
1
2
929
1
1
23
1
1
7
1
1
2
1
1
8
3
2
1
7
1
30
1
1
1
1
1
2
3
3
1
1
33
1
1
1
1
1
3
2
1
1
2
1
2
21
2
1
1
1
133
1
1
13
1
1007
1
1
1
1
1
15
1
68
9
2
1
1
1
1
1
1
4
1
1
8
5
14
7
3
2
5
1
191
