1
1
1
1
1
1
1
1
1
1
1
1
1
1
8
1
1
1
1
2
1
1
2
1
5
1
8
1
1
33
1
1
1
1
1
1
1
1
1
1
1
3
2
2
1
1
1
1
38
1
2
1
3
1
1
3
2
9
1
9
7
2
11
1
4
2
5
2
6
3
3
1
1
2
1
1
1
2
2
5
1
1
1
6
2
1
1
6
2
1
2
4
1
1
1
4
1
2
14
1
1
7
1
10
5
2
1
5
1
1
2
1
2
1
15
2
6
21
322
1
2
4
3
1
1
1
4
1
94
27
234
3
1
24
1
4
7
5
9
1
22
2
2
1
2
1
44
3
7
2
2
100
5
3
29
15
1
7
45
3
6
3
6
16
3
108
111
32
6
5
1
1
2
1
17
8
7
36
119
4
3
94
4
12
35
4
14
1
1
1
1
1
7
1
1
1
10
2
7
2
1
5
1
1
3
1
8
4
3
1
7
1
4
1
1
1
1
1
1
1
1
2
1
1
1
1
1
3
1
3
1
5
2
1
1
1
1
1
1
1
1
2
1
2
2
1
3
1
1
1
1
2
2
3
2
4
1
1
1
2
1
1
1
1
26
5
6
1
8
3
1
2
16
1
8
1
2
1
1
1
1
1
1
1
1
15
1
1
1
5
1
24
1
4
3
10
1
1
8
2
3
15
1
1
1
17
2
2
1
1
4
1
32
1
2
1
1
2
180
4
4
1
1
2
1
10
4
1
1
1
1
1
1
1
1
6
1
1
1
1
157
1
140
9
1
2
1
2
15
5
1
1
1
1
1
3
1
1
1
1
3
1
1
2
2
4
1
281
1
2
1
2
1
8
12
1
1
1
2
7
2
2
1
6
1
1
3
1
1
1
1
1
1
1
6
1
1
3
1
2
1
1
1
1
1
1
1
1
3
9
1
1
3
1
1
1
1
3
1
1
3
1
1
4
1
1
1
2
1
2
1
5
3
1
1
4
1
1
1
1
1
1
1
1
12
18
7
4
12
1
2
65
1
1
2
1
1
1
1
3
3
5
2
1
2
1
3
1
1
4
1
1
4
2
4
3
1
7
2
12
1
2
1
2
1
1
1
1
3
1
1
4
1
1
15
5
1
1
20
2
1
1
1
1
2
1
2
1
75
1
1
2
1
402
2
1
1
2
1
4
1
1
1
5
1
1
63
7
6
114
49
1
1
12
13
5
1
1
1
1
1
1
1
5
1
1
1
2
1
4
9
76
2
14
1
1
2
44
1
62
134
1
1
31
1
8
1
245
1
3
3
3
1
12
3
1
2
2
4
1
53
104
1
27
1
237
58
7
5
15
18
2
106
1
1
8
2
311
1
98
12
4
43
1
50
2
40
3
44
5
1
1
4
1
127
1
1
3
1
1
2
2
77
2
1
8
7
5
3
1
3
1
19
1
2
1
2
1
1
2
1
1
1
1
6
1
2
117
2
1
4
4
1
1
5
2
1
5
1
1
10
9
2
16
5
1
1
5
1
1
4
1
2
3
1
3
1
1
1
1
1
1
11
3
2
3
2
1
2
7
6
3
7
3
3
136
16
15
153
27
12
1
3
4
2
1
21
1
1
1
12
72
3
1
2
4
2
9
11
18
1
1
2
3
1
1
1
1
1
9
1
6
3
1
2
6
34
1
2
14
1
1
10
13
2
7
1
1
6
4
1
1
2
2
3
1
3
8
1
1
1
1
1
1
8
1
2
4
3
1
1
14
1
1
1
21
2
1
1
1
1
29
1
1
1
1
1
27
1
1
1
1
1
1
5
6
32
11
1
14
4
4
9
1
1
3
2
13
1
17
6
4
1
1
2
2
1
14
1
1
2
1
1
1
1
1
2
1
5
4
1
97
3
1
1
1
1
2
1
1
237
27
1
2
1
4
3
1
1
1
4
1
1
4
6
1
3
174
1
1
1
1
1
2
1
3
1
1
1
1
1
10
1
1
1
4
1
1
3
1
1
1
1
2
1
1
1
4
15
1
1
1
6
1
1
1
1
1
2
1
1
2
2
1
3
1
1
1
2
1
2
1
1
1
2
2
1
2
1
5
1
2
1
1
1
4
1
1
2
3
3
1
1
1
1
3
4
6
1
1
2
3
1
1
16
2
1
6
1
7
1
1
4
12
150
15
1
10
1
2
1
1
1
2
1
1
6
1
3
1
5
1
5
1
1
1
3
1
5
3
3
2
1
1
5
1
2
2
1
1
4
1
1
6
3
1
1
1
1
1
1
1
1
1
9
1
1
1
1
6
1
1
2
162
1
1
1
1
1
1
2
3
1
3
2
3
8
1
1
8
1
1
6
21
8
6
2
21
3
1
1
1
44
1
2
3
1
1
3
1
6
1
9
1
3
1
44
1
1
1
1
1
30
1
10
1
2
3
1
1
2
4
1
1
99
1
1
1
2
1
1
2
7
2
3
6
5
1
1
1
19
3
1
1
2
1
1
1
1
2
6
1
2
2
1
1
42
68
13
3
39
24
4
47
2
3
7
1
3
3
2
1
3
129
3
1
2
1
2
1
2
3
5
1
1
2
2
1
1
1
6
1
1
4
6
2
3
1
2
33
1
1
2
1
1
1
1
1
1
1
1
1
2
1
1
1
1
1
1
1
1
2
2
4
2
1
1
1
1
1
1
1
1
2
1
3
1
1
1
1
1
2
1
4
1
4
2
1
2
9
1
1
1
1
1
1
1
2
2
2
1
1
4
46
1
31
5
1
1
1
2
2
1
1
1
1
1
2
4
4
1
1
1
1
1
156
1
1
1
2
2
1
2
1
1
1
1
1
2
3
99
1
1
12
1
1
1
1
2
1
1
1
1
1
3
1
1
1
53
2
4
1
1
1
1
1
373
2
2
4
1
1
9
1
3
1
1
1
1
2
1
1
1
1
1
6
4
2
2
2
1
3
1
1
5
1
7
1
18
1
2
1
2
1
1
1
1
1
1
1
1
4
1
1
1
7
1
1
1
2
2
1
1
1
2
1
1
2
1
2
1
2
2
1
1
4
1
1
1
1
9
1
1
1
2
3
1
2
1
1
1
17
12
1
7
1
1
1
2
1
5
1
1
1
2
2
6
1
6
1
5
6
2
2
2
1
2
3
1
1
6
1
2
1
1
51
2
1
1
1
1
28
11
9
3
10
1
1
1
1
1
2
1
29
1
1
8
8
1
8
5
2
1
2
24
4
5
1
2
1
75
1
2
2
23
12
9
11
4
1
1
1
19
10
1
85
1
20
6
3
7
53
4
18
29
9
15
4
5
7
36
96
1
2
1
8
12
1
1
23
1
171
2
10
3
1
1
10
3
1
6
29
3
1
1
1
79
1
9
52
1
4
42
24
2
1
1
39
1
131
4
1
1
1
1
1
1
10
13
2
1
2
1
3
1
1
19
1
3
1
24
47
3
1
3
3
1
50
4
1
10
7
24
1
19
3
2
1
25
1
2
6
5
27
2
4
1
11
39
1
8
13
4
1
6
3
1
18
9
21
22
3
1
1
1
1
40
8
1
26
32
9
6
1
1
1
1
1
4
1
1
1
1
8
1
1
1
3
1
1
1
2
2
5
15
218
11
7
2
8
1
1
3
4
5
1
8
1
2
1
5
1
1
10
1
9
90
115
26
10
1
5
2
1
1
2
2
1
1
13
50
39
1
22
3
1
2
15
22
1
11
2
3
26
2
1
2
9
1
2
3
1
1
5
8
1
1
6
2
2
6
3
2
1
1
1
3
2
5
2
28
15
3
49
2
1
3
3
1
1
1
2
1
9
1
1
2
2
55
12
2
2
3
16
1
2
20
2
40
42
7
1
82
5
2
7
1
3
11
1
1
4
1
1
2
1
1
8
1
1
12
2
2
17
2
1
1
1
1
1
2
3
1
4
3
7
9
44
1
1
2
1
2
1
1
31
37
1
8
11
9
1
1
2
8
6
23
1
1
6
1
64
1
160
6
43
14
1
1
1
1
3
5
3
6
4
2
4
1
2
1
1
6
6
4
1
1
1
2
5
3
1
4
2
8
1
1
8
1
24
1
1
9
1
1
2
95
2
6
5
2
4
1
345
6
6
1
1
1
1
1
4
1
3
1
3
10
26
1
1
1
1
4
1
1
1
1
1
2
1
7
1
25
18
6
59
3
1
3
3
2
10
10
1
4
9
14
41
5
1
10
12
4
14
11
4
6
3
1
1
15
3
1
4
1
1
1
1
1
3
3
3
3
1
23
19
69
1
5
1
36
25
61
24
7
26
1
1
3
1
1
1
3
2
2
1
4
8
3
2
1
37
11
4
2
1
1
1
1
6
1
7
1
2
1
17
2
4
2
1
6
21
1
1
26
2
1
1
1
1
1
3
6
1
59
14
9
1
6
1
11
5
65
1
2
1
1
8
10
2
3
1
1
2
1
1
1
1
1
4
62
2
1
1
3
2
1
1
1
1
1
1
4
2
3
2
51
58
22
3
13
18
49
315
4
3
3
1
1
1
3
1
1
1
8
4
7
1
12
4
1
1
1
10
40
1
5
1
1
10
5
3
1
4
3
1
3
37
1
8
1
157
1
1
9
1
16
8
1
13
57
1
2
10
11
2
5
2
9
1
13
1
1
17
6
25
1
16
1
13
2
27
6
15
2
10
1
1
5
1
4
4
12
2
5
2
3
35
3
1
5
1
4
6
14
2
6
18
1
3
20
1
1
8
12
16
3
15
1
1
1
4
4
7
3
10
1
1
14
3
6
1
2
8
10
23
1
1
22
2
2
1
124
8
2
4
30
18
4
2
1
4
2
1
5
2
1
1
1
2
1
1
1
1
1
17
25
28
16
2
6
8
1
2
1
2
2
1
1
6
1
10
29
1
52
22
15
1
6
10
6
3
1
1
1
1
1
1
9
1
14
2
6
6
1
11
1
1
30
1
3
132
1
1
402
10
53
2
21
2
1
54
2
8
6
1
4
1
4
10
1
1
8
1
1
69
32
1
1
1
1
3
2
2
5
1
1
1
1
1
1
2
1
1
28
1
9
3
1
1
20
4
7
21
1
1
1
1
1
2
1
1
22
32
1
4
1
5
3
1
1
1
2
4
3
1
1
17
2
5
2
6
7
1
49
7
5
26
14
1
15
1
3
2
1
2
2
4
1
2
1
29
1
1
1
1
1
1
1
9
1
1
6
1
1
2
116
16
62
1
41
1
5
1
1
1
3
1
2
3
78
1
28
11
20
50
149
4
402
120
723
2
4
2
6
1
19
1
9
1
1
1
1
1
1
4
1
2
1
3
2
12
1
1
6
6
10
8
1
369
1
3
1
6
1
3
1
1
2
1
1
2
3
1
1
8
139
2
1
1
1
2
1
142
21
6
2
1
1
28
12
3
2
38
1
1
30
2
1
1
5
1
2
1
2
5
1
1
1
2
1
1
6
11
1
2
2
1
30
3
2
22
5
1
223
74
25
65
1
1
5
3
3
4
1
1
1
3
227
309
145
110
99
4
47
51
12
2
1
6
7
11
1
3
350
5
2
4
17
39
4
1
16
9
3
20
7
36
1
22
3
1
1
1
1
1
2
1
6
1
3
1
1
2
1
1
1
2
2
2
1
11
30
1
46
14
2
7
1
81
11
2
1
1
3
1
3
1
9
1
1
1
10
8
5
1
1
3
1
1
9
2
5
3
21
1
1
11
5
16
1
7
2
2
1
1
49
74
1
44
3
3
1
1
13
3
1
2
1
1
1
4
59
2
1
1
5
12
1
2
1
6
3
10
1
1
4
1
1
21
13
2
1
1
12
1
1
1
5
1
1
2
3
8
2
28
10
2
2
3
1
1
1
6
359
1
1
118
2
8
1
1
1
11
2
7
6
3
5
2
1
1
29
3
3
4
7
94
185
40
1
7
7
1
43
4
40
246
16
1
2
1
1
1
3
7
1
1
1
2
41
10
1
1
67
90
2
1
1
3
1
1
1
101
1
3
1
1
1
1
1
378
10
45
6
1
1
1
13
1
1
1
2
1
1
290
1
2
1
1
1
1
1
1
1
1
1
13
1
1
1
1
1
25
43
71
52
2
8
1
2
1
1
1
2
3
3
2
1
1
1
7
6
6
393
1
8
3
17
4
254
63
1
5
1
1
2
1
1
10
15
3
1
1
12
109
17
1
1
1
1
1
3
1
1
2
1
3
2
1
1
1
1
11
72
92
1
1
1
1
2
1
1
1
6
1
1
1
1
2
4
3
2
2
1
5
1
2
1
6
1
1
1
1
1
1
1
1
1
1
1
1
1
1
1
1
1
1
1
1
197
1
1
1
1
2
1
3
1
1
2
1
1
10
1
13
1
234
7
2
6
32
2
1
1
297
9
4
1
2
10
1
11
1
1
2
75
3
1
4
12
1
1
1
3
11
9
2
1
4
5
25
2
1
8
10
2
6
9
1
145
1
13
11
4
325
3
146
3
1
1
2
21
4
1
1
11
2
1
1
1
1
2
1
2
3
1
1
3
1
26
100
4
1
11
1
7
1
1
1
1
4
1
1
3
4
1
1
5
1
12
32
1
2
1
4
2
2
3
3
5
2
1
7
1
2
3
2
20
1
395
125
1
16
19
10
53
1
3
2
1
3
1
165
26
274
11
6
1
1
129
2
50
2
2
1
19
31
8
3
6
1
2
40
3
3
1
2
2
1
76
1
1
1
1
2
3
4
3
4
1
14
1
1
1
2
1
1
1
1
1
1
21
1
3
6
2
107
1
43
2
2
1
5
58
2
2
1
4
1
3
1
12
9
2
1
5
3
2
244
96
26
1
1
9
3
1
1
1
2
16
1
28
1
11
2
2
3
1
35
18
2
20
2
1
1
3
1
1
94
29
268
2
2
1
1
12
4
1
9
150
1
1
1
5
1
1
1
2
1
4
57
2
3
2
1
1
2
2
5
1
1
1
7
1
39
13
2
4
1
11
1
8
1
1
3
86
1
1
2
1
1
1
1
1
9
1
4
1
6
1
8
50
40
1
292
3
1
2
12
1
15
1
19
1
1
1
5
1
1
4
12
1
1
11
2
1
2
1
1
2
1
1
1
1
1
1
1
1
1
1
1
1
1
3
1
2
2
1
2
1
17
1
1
1
1
21
2
1
1
3
1
3
1
2
1
2
2
1
1
1
1
1
2
1
2
2
2
2
1
4
1
1
1
1
1
1
2
1
1
2
8
1
1
6
1
1
1
2
1
3
1
1
1
1
2
1
1
1
1
1
2
1
1
3
1
2
1
1
1
1
1
1
2
16
2
1
1
1
1
3
1
1
1
1
1
1
1
7
44
157
47
2
11
208
308
62
2
321
2
12
1
56
1
1
1
1
17
1
1
2
1
1
1
1
2
3
309
4
1
1
1
1
1
1
1
1
1
1
1
1
1
20
3
3
2
2
3
14
69
2
1
127
5
4
4
2
1
2
7
1
1
1
5
1
10
2
1
121
2
1
740
2
1
2
1
16
24
1
2
2
1
1
32
6
3
1
1
7
2
7
2
1
1
1
1
46
50
1
1
1
1
2
1
11
4
7
94
26
1
1
35
12
5
1
1
7
5
1
1
1
9
1
1
29
2
1
1
29
111
54
1
4
2
1
1
1
1
1
1
1
5
1
1
1
1
1
1
1
1
5
3
1
2
1
1
2
2
1
3
1
6
1
67
1
1
22
2
1
1
1
1
2
1
6
1
1
1
12
8
3
2
1
1
1
2
1
1
1
1
1
1
1
2
61
1
1
3
7
1
14
2
1
1
1
1
2
2
2
1
1
1
1
22
1
3
1
2
2
1
3
2
1
1
42
6
2
1
1
1
1
1
3
1
1
2
26
1
1
11
1
3
1
1
1
6
4
4
3
1
7
1
1
3
1
1
4
11
8
4
104
1
1
1
1
3
1
9
1
1
1
1
1
5
10
3
1
1
1
2
1
1
2
1
3
2
1
2
1
1
1
14
1
1
2
5
1
1
4
1
1
1
63
1
1
1
1
1
1
1
1
1
4
1
10
9
1
1
1
1
11
1
1
1
2
1
1
2
1
1
1
2
1
2
1
2
1
1
2
1
1
1
4
1
4
1
4
1
1
1
37
1
1
1
1
1
1
5
1
2
1
2
5
1
1
5
2
2
1
1
1
4
2
1
14
2
5
1
1
5
1
1
1
71
67
1
1
4
1
15
27
2
2
1
1
173
18
193
202
14
1
7
21
35
7
1
1
1
111
5
405
38
89
1
1
1
3
1
1
1
1
3
1
2
1
1
1
1
1
2
1
3
6
1
2
1
2
2
54
24
1
4
16
26
294
2
1
3
2
1
1
1
1
3
1
1
2
1
2
3
2
1
2
1
1
1
4
4
1
1
89
2
2
71
2
2
4
1
1
1
1
5
2
75
1
1
3
1
1
1
1
1
1
1
1
1
2
3
1
3
1
3
1
1
1
1
3
2
1
6
2
5
2
1
17
2
1
3
2
2
2
3
1
1
1
2
1
1
2
4
1
1
3
15
1
11
2
3
1
1
1
1
2
9
6
3
2
2
1
1
1
1
2
2
10
1
1
1
1
2
1
1
36
4
1
3
1
1
34
2
1
6
1
2
5
2
1
1
11
3
2
1
60
28
2
1
1
1
38
11
1
10
1
1
2
1
7
6
1
1
6
2
1
1
1
2
1
1
2
2
1
2
4
1
4
1
1
3
1
1
4
1
1
1
40
3
1
3
1
1
2
1
1
4
1
3
1
1
1
1
2
1
3
7
3
1
1
1
2
1
1
1
1
1
1
11
1
1
1
1
1
1
1
1
1
1
2
1
1
2
1
44
1
2
10
2
3
2
2
1
4
10
3
4
1
1
1
2
1
1
1
1
1
1
1
4
1
1
1
16
1
1
1
2
1
2
1
1
103
1
1
1
1
6
395
3
1
2
1
3
1
1
2
1
2
1
6
5
3
1
25
1
1
1
1
2
1
1
1
2
1
3
1
2
1
5
1
11
3
1
3
3
2
1
1
52
2
1261
4
2
7
1
14
60
169
16
1
1
1
1
12
2
4
4
3
1
2
1
1
2
1
1
1
1
1
1
1
7
1
1
7
1
1
4
1
1
18
7
2
1
2
1
1
1
1
1
1
2
1
209
9
1
10
2
3
33
523
1
1
1
1
1
6
1
1
1
2
1
2
3
1
1
48
6
283
34
1
1
2
1
2
1
6
32
3
1
1
1
72
2
1
3
2
15
1
2
1
39
4
2
1
1
2
1
1
2
168
1
1
1
1
1
1
1
3
1
1
3
1
1
1
4
1
1
1
4
1
3
1
1
1
1
1
4
2
25
4
1
1
1
2
10
1
1
13
7
3
1
1
1
1
1
1
1
1
2
2
1
1
1
1
3
1
1
36
38
1
1
1
1
1
1
1
1
1
1
3
1
2
1
1
99
1
3
1
3
2
1
5
1
28
48
37
1
2
3
151
4
1
1
1
1
13
2
1
1
1
1
1
1
3
1
1
2
15
1
3
2
1
1
1
1
1
2
4
1
3
1
1
27
5
38
2
1
1
1
9
11
3
5
1
1
1
1
1
1
1
1
4
1
1
1
1
3
2
1
1
1
1
2
1
50
4
6
2
2
1
1
1
2
1
1
1
1
6
1
1
2
2
3
1
2
2
2
4
1
1
2
1
1
1
8
22
1
39
1
1
22
2
1
2
2
2
1
2
1
3
1
1
1
1
174
1
6
1
2
1
2
6
50
7
2
2
6
8
28
3
47
13
1
15
3
32
261
4
1
12
5
1
5
13
46
1
364
2
1
1
1
1
3
1
1
25
1
1
1
1
1
9
25
3
1
1
1
1
1
3
6
1
1
1
1
1
2
2
1
1
1
2
1
2
1
1
1
5
1
1
2
1
2
2
1
1
29
1
2
1
1
2
3
3
1
2
1
3
1
1
2
1
1
1
1
2
1
2
2
1
1
1
1
2
13
4
1
4
2
4
1
1
1
1
1
4
1
6
4
1
1
1
1
1
5
3
1
4
1
1
3
1
1
1
1
1
1
1
1
2
1
22
76
2
3
6
1
1
1
1
19
1
2
1
3
1
1
4
20
1
159
1
3
1
1
1
2
2
1
1
62
2
190
3
1
1
1
1
1
1
1
1
1
1
1
1
1
1
1
8
61
2
15
3
1
5
2
1
1
1
2
1
1
1
1
1
1
6
1
4
4
1
1
1
1
10
1
1
1
16
1
1
1
1
1
147
40
13
1
1
1
6
2
15
2
7
1
4
1
1
1
1
8
1
1
1
1
1
1
1
28
1
1
1
2
1
1
13
1
1
269
1
1
1
1
1
2
2
1
1
1
5
1
6
6
1
1
144
7
2
4
5
6
9
1
1
1
1
3
1
1
1
1
31
1
1
3
4
66
1
4
2
88
1
4
1
1
1
1
1
1
1
1
5
1
1
1
2
1
3
1
6
2
1
1
1
1
1
1
2
1
1
1
1
1
25
1
1
3
2
1
1
1
1
1
1
27
39
2
1
1
1
1
1
1
3
1
1
3
1
1
1
1
1
2
13
1
1
1
1
7
1
8
2
6
3
4
45
2
1
4
1
1
1
1
1
9
1
1
2
1
4
1
7
1
1
1
1
1
1
6
2
1
1
1
12
1
8
4
4
3
1
1
9
5
1
1
3
3
4
3
1
22
1
5
1
4
1
2
1
56
2
1
1
1
5
5
1
1
1
1
1
3
2
1
1
1
1
1
1
3
1
1
4
1
1
2
1
10
16
4
21
30
7
26
1
3
45
2
5
24
1
12
2
2
5
1
1
1
2
1
1
1
9
1
2
1
1
1
1
1
4
10
1
1
36
1
3
1
4
1
2
1
2
1
1
42
1226
4
1
1
3
11
3
1
1
1
1
4
2
1
43
2
1
4
17
23
1
2
2
1
1
1
28
1
1
2
7
1
1
1
1
6
1
2
2
4
1
1
3
7
1
1
1
1
3
3
1
173
1
1
1
1
1
22
1
5
2
1
1
1
3
19
1
1
1
1
1
15
5
3
1
1
2
1
1
1
2
2
7
1
1
1
5
1
1
76
13
1
2
12
1
1
7
4
2
7
13
24
1
1
1
12
5
1
1
2
3
1
1
249
7
6
1
5
1
341
56
12
2
1
1
4
1
1
1
1
1
1
1
1
1
1
1
1
1
2
1
1
2
2
1
10
1
1
1
16
2
1
1
1
1
1
1
1
3
1
58
1
7
1
10
1
1
6
1
1
1
2
2
1
1
16
1
3
1
1
5
1
2
12
2
21
1
2
1
1
3
1
1
1
3
2
1
5
1
3
2
1
1
3
1
1
1
11
1
1
1
2
1
1
3
4
3
2
2
1
1
1
1
1
1
1
1
1
1
1
3
2
1
2
25
19
1
2
1
18
202
6
23
1
139
294
119
1
1
1
1
2
1
2
10
1
1
1
1
1
1
1
3
1
3
2
1
1
1
1
1
1
1
1
1
166
25
1
1
16
2
5
39
1
1
1
3
2
3
50
2
1
1
1
2
1
1
1
28
16
2
1
1
1
1
2
1
1
7
1
3
11
206
1
1
1
4
1
1
7
1
1
1
1
1
1
2
18
3
4
5
8
1
1
1
2
2
5
3
1
1
1
5
3
1
1
2
1
9
3
1
2
1
1
6
2
1
1
1
1
1
10
32
1
1
316
1
1
7
31
2
1
1
19
5
1
13
1
2
1
2
1
1
1
1
1
1
83
1
1
1
137
1
1
1
1
8
3
13
2
2
1
7
1
1
34
15
1
1
11
1
1
1
8
1
2
14
1
2
1
1
1
1
1
1
1
2
4
1
15
1
10
1
1
1
1
1
1
1
1
1
2
1
1
1
1
1
1
26
1
1
1
61
1
5
1
1
1
3
4
1
3
1
1
2
1
13
1
1
1
1
1
1
1
1
1
1
1
1
1
1
1
2
4
22
1
1
17
11
3
2
30
1
2
3
1
1
1
3
1
1
1
1
1
1
1
1
3
2
1
2
1
3
2
1
1
4
1
1
1
1
1
1
1
1
1
1
2
129
1
3
2
1
1
69
5
1
1
1
2
1
1
13
1
1
1
7
53
2
2
1
1
68
3
104
1
1
1
2
1
3
1
1
18
1
100
1
3
7
1
4
1
2
1
1
43
1
1
1
1
6
1
1
2
1
1
8
1
1
1
2
1
1
1
1
1
2
3
2
1
1
31
2
9
2
84
1
30
2
2
1
1
1
138
1
1
1
4
1
2
1
2
3
2
1
3
1
5
5
235
1
1
1
1
1
3
2
2
6
1
64
1
1
2
5
1
2
1
1
9
24
1
22
3
2
2
1
1
1
8
2
1
1
1
1
1
2
2
1
39
29
71
2
16
2
30
9
81
1
11
197
174
1
1
1
2
1
7
9
22
2
1
5
1
1
8
1
1
1
14
1
1
4
1
1
1
1
1
1
4
1
3
1
1
31
1
1
3
1
1
1
1
2
1
1
37
1
3
1
1
3
2
1
1
1
1
8
3
75
23
2
2
16
3
15
24
2
3
18
1
1
1
2
71
1
1
1
1
1
2
2
2
1
1
1
2
2
1
1
6
18
1
2
17
1
1
1
1
1
1
2
4
11
1
1
8
1
1
7
1
3
1
10
136
3
1
1
4
1
1
1
1
4
3
1
1
1
1
1
3
1
1
8
2
2
1
2
45
6
1
1
2
4
3
1
1
1
1
1
21
2
2
1
1
3
1
1
1
1
1
1
3
3
2
1
1501
6
3
1
1
2
1
1
2
1
1
1
1
14
2
3
1
1
1
13
2
2
1
2
3
1
2
2
4
1
1
1
1
4
2
2
2
1
6
1143
1
1
1
1
1
1
1
6
1
1
1
5
13
1
1
1
3
1
1
1
1
1
1
1
1
1
4
1
1
2
13
12
13
1
1
1
1
1
1
1
3
2
1
1
1
2
13
33
60
157
7
3
1
1
1
1
35
1
1
1
1
2
3
1
4
8
27
1
8
1
1
1
1
1
1
1
21
2
2
1
4
1
29
1
2
1
2
2
1
13
1
1
1
2
1
2
1
8
1
1
2
12
10
2
21
1
3
3
2
2
1
6
1
1
2
1
5
1
19
2
1
2
1
1
1
1
1
5
1
1
1
1
1
3
1
1
5
1
2
1
1
1
180
7
14
1
1
20
1
1
1
2
54
2
2
4
1
1
1
1
1
1
1
1
9
1
1
1
31
10
39
1
69
1
1
1
1
1
1
1
1
1
1
2
1
1
1
1
2
1
73
2
1
16
1
1
1
1
2
1
3
8
8
2
1
6
2
15
1
1
1
1
1
2
1
1
1
1
4
2
1
1
1
2
1
9
85
1
1
2
2
2
32
1
1
1
14
3
1
1
1
23
13
2
1
1
1
4
1
1
73
1
9
1
1
2
1
1
1
1
14
2
1
1
1
4
5
1
2
3
1
1
1
1
1
7
2
4
1
1
2
4
7
1
15
1
1
4
1
1
2
3
4
11
3
1
1
1
462
2
1
4
4
2
3
3
16
1
3
1
1
3
2
9
11
86
14
1
1
2
1
1
1
1
1
1
1
1
1
1
1
3
2
1
1
1
1
1
2
2
7
1
2
3
1
1
1
1
1
1
3
1
1
1
2
1
1
2
27
1
1
1
5
27
2
304
2
176
4
43
4
2
5
3
10
4
136
1
1
26
1
8
22
2
1
1
3
1
1
3
2
2
11
1
10
3
48
2
1
23
21
2
1
71
85
6
34
26
221
600
71
70
2
4
1
1
2
1
1
2
4
1
1
1
1
18
14
64
17
4
34
1
3
4
17
7
1
2
2
1
4
1
1
6
1
1
1
3
1
25
3
8
4
1
2
15
1
1
3
8
3
1
14
4
1
2
2
1
1
12
3
12
1
1
1
1
2
1
2
1
1
1
9
1
2
1
108
1
3
1
1
1
1
1
1
1
1
2
4
2
1
1
1
1
1
1
20
1
1
1
9
2
1
1
2
1
9
1
1
3
1
1
1
1
1
2
1
1
1
1
1
1
2
2
5
17
1
1
28
190
7
1
3
1
6
1
1
1
5
2
12
8
3
1
1
1
498
1
1
7
2
1
1
7
1
1
1
1
1
1
1
2
2
1
1
1
3
1
1
1
4
1
1
1
1
1
3
2
1
3
1
2
1
2
1
130
1
1
245
1
1
1
1
2
3
4
11
8
5
1
1
29
1
1
1
2
2
1
2
1
1
4
1
6
2
7
5
33
34
1
1
5
1
1
1
12
4
1
2
3
1
2
1
2
1
1
1
1
5
1
1
1
2
1
11
1
1
2
3
27
2
1
1
25
1
1
1
1
1
1
1
7
17
1
1
8
104
1
1
2
2
2
1
3
8
6
24
1
4
11
1
1
35
4
8
4
3
3
6
14
29
2
1
1
8
1
5
13
1
2
7
1
1
2
1
5
3
1
7
1
1
13
1
1
1
5
2
1
16
3
3
75
1
1
2
54
51
57
29
3
1
59
322
380
1
1
10
1
1
2
1
1
2
1
1
1
1
1
37
1
1
2
1
1
1
4
2
2
1
1
1
5
1
4
3
1
1
1
2
1
4
3
14
2
3
1
2
38
8
98
8
12
59
5
1
1
3
1
7
5
130
41
10
6
157
146
13
19
1
115
3
1
15
7
3
1
1
1
1
3
5
23
3
13
11
1
1
1
16
4
1
3
3
2
2
2
2
2
17
2
6
1
41
1
1
1
3
2
8
2
1
1
1
10
79
25
1
1
5
1
3
1
1
1
3
1
1
1
8
2
21
314
1
1
2
1
1
1
7
1
2
1
1
3
1
1
1
1
2
4
1
2
1
1
1
41
59
327
2
5
1
2
1
1
149
240
4
4
11
27
25
20
14
1
2
1
1
2
1
1
1
4
4
1
9
1
1
1
1
1
1
1
1
2
2
1
1
1
1
2
1
2
1
1
1
2
2
2
1
1
1
4
13
1
1
2
1
1
2
2
2
1
1
2
1
1
1
1
1
4
1
1
1
1
1
1
1
1
2
1
4
2
1
1
1
6
1
4
1
2
7
1
1
1
1
2
1
1
2
8
31
4
374
12
1
1
8
12
2
1
15
48
5
7
135
2
2
1
2
1
1
1
3
1
2
4
1
1
1
1
1
1
1
1
2
22
2
1
1
2
4
2
2
1
1
2
1
1
2
1
1
1
2
1
2
1
1
9
1
2
1
1
1
1
1
1
1
1
2
23
1
1
1
1
2
3
2
2
1
1
1
1
7
1
1
2
1
1
2
1
1
1
1
1
8
2
1
1
1
1
1
1
1
1
1
1
5
1
2
2
1
1
1
1
1
2
161
2
6
11
5
70
1
1
10
1
1
1
1
2
1
1
5
1
1
1
2
34
1
1
1
283
1
2
1
1
4
3
1
3
1
27
1
1
1
1
1
1
1
1
1
1
1
1
1
1
2
1
1
2
1
1
1
15
1
1
9
1
1
2
1
1
1
2
1
1
2
1
44
1
1
1
2
1
1
3
1
1
1
1
3
1
1
1
1
1
1
1
1
1
1
1
1
1
1
1
1
1
1
4
3
1
1
5
3
1
1
1
2
1
1
1
1
2
43
1
1
2
1
2
1
1
1
1
1
1
1
1
1
1
1
3
1
1
2
1
1
1
6
10
1
2
1
41
1
1
2
1
2
1
4
3
3
11
23
20
9
4
64
219
73
80
463
1
1
1
1
3
17
2
1
3
1
1
34
1
1
1
1
1
2
1
1
1
1
1
1
3
1
30
1
108
132
284
2
3
1
2
3
1
6
67
1
47
1
2
1
1
1
1
1
1
4
1
1
6
1
1
1
1
1
1
1
3
1
1
1
1
1
2
2
1
1
1
2
1
1
1
1
1
1
1
10
1
1
1
3
4
1
2
1
1
1
1
1
3
1
5
1
1
1
1
1
3
1
2
2
28
1
1
1
1
1
1
7
1
1
2
1
1
2
1
2
1
1
1
4
3
1
1
1
1
1
1
2
2
1
1
1
1
1
1
1
1
4
1
1
1
1
1
3
2
1
1
2
1
1
5
1
1
1
1
4
1
1
1
2
1
1
92
43
8
1
1
2
1
3
1
1
1
1
16
1
1
1
1
1
6
4
17
1
10
2
18
8
2
8
1
7
1
1
6
1
3
1
1
1
1
4
1
1
54
1
1
1
13
1
6
2
2
1
2
1
8
1
3
1
6
281
5
1
1
50
1
2
4
2
2
1
26
1
86
1
1
2
1
1
1
1
1
1
2
1
4
1
1
1
1
1
1
1
1
1
2
1
1
1
26
1
1
1
1
4
1
20
1
1
1
1
3
1
1
2
2
1
1
1
1
97
85
52
95
4
66
1
1
1
2
1
1
25
21
22
69
10
1
1
1
6
2
150
53
102
11
73
4
12
190
5
1
3
1
1
1
1
2
4
2
1
1
2
1
2
1
2
2
1
1
1
2
1
5
1
2
1
1
2
9
1
1
2
1
4
2
13
1
2
1
2
20
2
1
2
1
1
1
1
1
40
4
1
6
4
1
1
5
1
8
18
1
3
30
1
1
3
1
3
56
2
1
27
62
2
29
1
7
2
1
1
5
1
4
7
1
4
3
1
2
2
1
10
1
3
2
6
1
1
3
2
1
4
27
2
3
2
119
2
1
3
5
1
1
1
2
1
1
1
1
2
4
1
1
1
1
1
1
1
1
2
1
1
3
2
1
1
2
1
3
2
1
1
1
3
2
1
1
6
6
1
1
3
2
1
1
1
1
1
1
2
1
1
1
1
1
2
2
1
1
1
1
5
1
1
2
6
1
1
1
2
1
2
1
1
1
1
2
2
1
2
1
5
1
42
15
1
6
32
2
1
1
1
7
1
1
4
1
1
1
1
1
2
17
7
1
6
1
1
1
1
1
1
4
8
5
2
1
5
2
1
1
1
1
1
1
1
1
1
1
1
1
1
2
3
9
7
1
1
2
2
1
27
1
1
8
1
3
1
5
1
1
1
1
2
4
44
1
1
1
9
10
2
1
1
1
1
2
2
1
1
1
9
1
3
1
1
1
21
1
12
4
3
1
1
2
1
1
1
2
1
2
1
1
1
1
11
2
1
22
5
5
15
2
1
1
2
21
1
1
1
1
1
3
1
1
2
1
1
18
18
9
1
1
1
1
3
1
1
2
1
44
17
2
1
1
3
6
7
474
1
1
1
4
5
80
1
3
3
2
3
1
18
4
1
2
1
1
1
1
2
11
1
1
7
3
2
1
6
1
1
3
1
1
3
3
6
1
24
24
1
5
3
1
1
13
1
6
3
1
5
1
2
1
1
1
2
1
2
2
1
1
1
1
1
1
4
1
2
9
10
1
7
1
1
1
2
1
9
1
1
1
2
13
2
1
2
1
1
1
1
4
1
1
1
1
2
1
1
4
1
1
3
1
3
1
6
1
1
1
42
1
36
3
1
1
8
4
1
3
1
1
1
1
1
1
56
1
26
1
1
1
4
1
1
1
1
4
1
2
1
1
1
1
3
1
1
3
2
2
1
1
1
40
1
87
14
809
2
5
5
5
18
1
4
6
2
1
25
2
1
1
1
2
1
2
1
1
3
3
7
23
3
8
1
1
1
6
1
2
1
1
4
1
1
17
1
1
4
2
1
22
1
1
1
13
1
7
3
1
2
4
3
1
1
1
1
1
1
1
1
1
3
1
1
1
4
1
6
1
1
1
2
1
8
1
1
1
1
3
1
2
1
1
1
1
2
1
11
1
1
45
1
1
170
1
1
1
1
1
1
4
1
2
1
3
1
6
1
1
2
1
1
1
1
1
2
1
1
1
1
9
28
1
1
1
1
1
1
1
4
2
3
1
1
1
1
1
4
3
8
1
1
1
1
1
1
3
1
1
1
18
1
1
2
2
1
1
1
4
3
2
1
1
2
2
1
1
1
1
1
2
2
1
2
1
1
4
1
2
3
1
1
1
1
1
1
1
2
2
1
2
1
15
1
1
1
8
5
1
1
1
1
1
2
6
5
1
1
1
1
1
1
1
3
1
1
2
1
2
2
3
1
2
1
1
1
1
1
3
1
1
1
7
2
1
55
4
2
1
1
3
1
1
1
2
1
1
2
1
2
14
4
3
1
1
1
1
1
1
1
1
2
1
1
3
2
1
1
2
1
6
8
17
2
1
1
1
7
5
32
1
1
1
3
1
1
1
2
1
1
1
12
2
7
1
1
1
2
9
3
1
1
28
1
1
3
1
5
1
1
4
17
2
1
5
1
1
3
5
2
1
1
1
3
2
1
2
11
1
23
1
3
12
8
5
3
1
1
2
1
2
3
1
3
5
2
4
22
93
1
1
1
1
1
54
2
1
1
2
1
4
1
2
1
91
1
1
23
168
72
1
4
1
1
13
1
1
2
1
1
1
1
2
1
2
1
1
1
3
1
1
1
1
10
3
1
1
1
2
1
3
3
1
6
1
4
2
23
5
6
1
1
5
7
1
1
1
1
1
2
4
1
56
5
6
1
1
2
1
1
6
1
12
1
1
1
1
3
2
3
2
7
4
6
1
3
2
2
3
2
3
1
2
4
4
1
6
4
2
10
1
7
3
5
67
66
4
1
3
3
8
2
1
46
1
17
1
5
13
1
2
17
1
1
1
1
1
1
1
1
3
1
1
2
2
3
1
1
2
15
1
1
1
1
1
1
2
1
1
1
1
4
2
218
5
6
5
1
1
1
1
4
1
1
7
10
1
1
1
2
4
2
2
1
1
1
1
1
1
2
1
1
1
1
1
6
1
1
1
1
6
1
1
1
1
1
7
295
136
1
1
1
3
1
2
1
1
1
1
1
1
1
1
1
1
2
1
1
1
1
1
1
6
269
7
29
1
2
3
1
1
1
1
1
1
1
1
1
3
1
9
1
152
1
6
4
1
1
1
1
7
1
4
5
2
38
1
1
1
6
1
1
1
5
1
1
32
1
10
1
1
1
1
1
2
1
1
2
7
3
2
1
2
2
4
3
1
55
1
1
3
2
2
1
1
3
1
1
2
1
6
1
1
19
1
1
5
1
12
12
1
1
4
1
1
2
9
390
1
1
13
21
1
9
4
1
1
1
1
3
1
1
2
2
10
1
2
1
1
1
1
3
3
8
6
17
1
1
1
1
1
3
5
15
1
1
7
2
1
13
2
2
1
3
3
1
3
4
5
1
1
1
1
1
10
1
2
2
1
11
1
1
4
19
10
17
1
1
2
6
5
3
1
1
1
2
1
2
6
1
1
17
9
1
1
2
1
1
1
1
2
2
1
1
1
3
3
1
1
38
2
1
1
2
1
1
4
1
1
1
1
3
4
3
12
5
7
1
10
1
2
1
1
11
2
10
1
1
7
2
2
6
4
1
1
3
2
1
8
10
1
1
4
1
3
2
2
1
1
2
2
3
1
1
2
1
1
2
5
8
13
1
1
25
1
2
1
1
1
1
5
1
1
1
9
1
1
1
1
3
1
1
1
8
1
1
2
12
1
1
1
1
4
3
3
3
1
1
1
1
9
137
36
3
139
44
2
2
1
2
88
1
53
20
1
12
1
2
1
2
1
1
1
1
1
2
1
3
1
19
2
1
1
5
4
7
92
21
1
1
2
10
1
2
1
1
1
1
15
3
4
4
1
1
4
1
2
3
1
1
1
3
1
2
8
1
2
2
3
1
1
2
2
2
2
15
10
1
1
1
5
8
16
1
46
1
3
1
4
6
1
1
1
1
3
8
3
1
1
4
1
5
1
5
1
1
1
1
4
1
20
3
3
1
33
3
15
2
15
2
8
1
1
2
2
3
1
1
2
2
1
19
1
1
1
1
1
1
1
2
3
2
1
1
5
1
1
19
2
1
2
5
1
1
1
2
1
5
1
1
1
1
1
1
1
1
137
1
39
1
2
1
11
2
7
1
1
3
1
1
1
1
1
1
3
1
1
27
36
1
34
6
3
1
1
3
5
1
2
4
1
16
2
1
1
1
1
3
2
1
1
56
1
3
2
1
3
1
1
77
1
1
2
60
2
2
3
1
1
1
2
2
2
1
2
1
1
1
53
1
23
1
1
1
4
1
14
7
1
1
1
1
1
1
1
1
8
1
4
1
1
1
3
6
1
2
2
4
1
4
1
12
1
1
6
1
21
1
3
1
7
4
7
1
1
24
1
1
11
1
11
3
8
7
1
1
9
1
1
7
18
9
7
4
8
58
2
3
1
1
1
22
3
3
1
1
2
1
1
1
2
23
1
2
1
1
1
2
1
30
3
12
1
18
1
1
1
1
1
1
2
1
1
2
1
1
3
1
1
1
1
2
1
5
12
17
5
5
1
1
1
1
1
1
1
1
1
18
1
1
5
1
1
3
1
1
1
16
1
1
2
3
25
2
2
2
1
1
3
1
2
4
1
1
1
1
2
1
1
1
1
4
8
2
1
4
12
22
6
1
2
1
1
1
1
3
1
2
8
1
3
16
16
1
1
1
12
13
1
3
34
1
1
1
388
4
2
3
1
1
5
1
5
3
1
3
2
37
1
1
3
3
1
2
3
16
2
3
2
1
1
1
2
2
1
1
1
1
2
1
1
16
1
2
3
1
1
1
2
2
6
2
1
1
2
1
1
1
6
1
11
1
2
1
4
2
1
1
1
1
2
14
1
1
1
1
1
1
1
7
1
1
1
1
1
1
1
7
1
1
1
3
1
2
1
1
6
1
1
1
8
6
1
1
1
1
1
1
3
2
18
70
11
19
21
1
13
1
2
4
1
1
7
1
36
55
103
1
1
12
13
1
1
2
2
1
15
1
1
1
1
32
182
1
1
188
77
9
2
1
1
2
1
1
1
1
2
1
3
1
2
1
5
1
1
5
15
5
1
1
1
1
1
1
2
1
1
1
4
2
5
9
3
1
1
23
1
4
35
18
501
29
1
1
1
3
4
1
1
7
4
1
2
12
128
39
1
1
3
1
1
1
1
1
6
1
2
1
1
3
1
2
1
1
1
1
1
11
120
1
2
1
1
1
1
4
1
1
1
3
1
165
122
1
1
4
3
1
1
2
1
1
1
2
1
1
1
1
1
2
2
2
50
27
10
1
4
2
3
1
1
1
1
2
5
2
1
1
4
1
1
1
1
12
1
1
5
1
1
2
2
2
1
3
1
1
2
21
4
1
1
1
1
1
1
3
3
1
15
4
1
1
1
3
5
3
1
1
1
1
2
7
5
4
1
1
1
21
1
1
1
14
1
1
28
1
1
1
1
7
1
1
10
1
7
2
1
1
3
1
1
1
1
1
1
1
1
2
2
10
4
6
1
1
3
5
1
2
1
3
2
2
2
1
19
1
8
1
1
3
4
6
1
1
2
1
9
1
1
4
1
1
1
1
1
1
1
1
1
1
1
27
2
2
1
1
4
1
2
2
1
1
1
1
1
1
1
1
2
1
8
1
1
15
11
1
1
1
1
2
3
2
1
7
2
3
1
2
1
1
1
8
2
1
1
37
85
1
1
2
1
1
1
3
1
1
4
1
4
1
1
9
1
3
1
1
1
1
2
2
1
2
3
8
1
2
13
1
1
3
4
1
2
1
1
2
7
1
1
1
1
1
21
7
1
1
14
1
1
1
3
1
1
1
2
1
2
1
1
14
1
8
2
1
1
22
1
3
1
1
1
1
1
2
1
1
1
1
5
1
4
4
8
15
400
1
1
1
1
1
13
10
3
6
1
1
1
5
2
1
1
1
4
11
1
1
1
4
10
1
1
2
1
2
2
1
1
3
8
1
1
2
7
1
3
1
1
6
1
3
4
1
51
15
2
1
1
1
3
276
1
1
2
1
1
1
1
3
1
1
3
1
1
2
1
1
23
1
1
1
1
2
1
1
8
3
2
1
7
1
1
1
1
1
1
2
3
3
1
1
33
1
1
1
1
1
3
2
1
1
2
1
2
21
2
1
1
1
1
1
13
1
1
1
1
1
1
15
1
2
1
1
1
1
1
1
4
1
1
8
5
14
7
3
2
5
1
191
