39
1
14
1
16
40
2
26
3
2
39
2
19
1
7
43
14
26
14
13
50
59
6
231
25
101
12
4
3
10
168
1
67
1
11
72
26
3
5
13
64
1
6
2
7
4
110
2
2
15
28
24
77
20
1
1
141
3
4
158
2
5
6
8
76
218
4
5
2
6
63
10
4
19
53
5
124
1
14
9
32
128
48
103
11
3
8
7
3
1
3
6
21
1
3
176
2
9
9
67
2
1
134
112
7
36
89
5
1
3
1
2
1
38
1
4
8
92
1
13
11
75
10
1
46
2
1
5
1
5
5
34
1
169
6
4
16
6
1
15
1
2
1
2
6
7
16
1
1
116
2
50
6
1
75
31
20
2
2
25
5
46
42
2
88
142
7
26
3
3
7
2
28
6
1
38
1
6
2
1
4
7
5
2
4
124
3
3
15
1
8
33
5
61
15
3
5
141
42
3
6
1
2
1
2
68
4
50
79
13
1
127
5
4
1
4
4
20
7
20
1
8
44
13
12
49
16
18
9
29
130
2
1
27
72
18
37
1
112
1
2
62
39
23
3
28
2
2
23
10
61
4
1
1
2
2
2
42
1
4
3
50
4
6
3
2
1
14
1
1
4
3
2
14
8
4
12
4
8
1
2
11
2
65
8
3
76
27
1
19
5
5
41
4
65
1
9
9
21
1
8
31
4
3
146
8
7
7
2
3
1
14
4
2
2
21
8
1
1
7
1
1
4
2
2
81
14
6
122
1
153
3
2
5
8
101
1
48
220
5
5
6
7
6
5
8
82
1
61
8
18
17
1
1
90
9
4
1
1
1
59
2
29
13
65
13
4
13
17
7
2
3
6
33
1
2
1
2
18
3
10
145
25
2
26
2
16
1
22
58
4
2
5
11
41
46
102
2
2
2
1
6
2
1
15
11
1
88
5
58
49
2
7
1
132
1
3
21
18
1
1
6
124
42
1
1
18
18
1
47
9
39
45
5
33
8
55
4
18
13
6
2
66
4
11
1
15
133
22
87
1
4
32
1
5
1
64
30
163
1
8
48
2
15
1
29
39
19
2
26
4
2
3
90
83
1
10
5
69
2
8
57
1
1
1
4
1
4
7
3
69
25
1
1
25
2
5
10
35
1
6
7
117
2
2
3
2
1
87
42
3
25
1
2
11
2
11
10
24
15
2
14
3
35
24
5
3
4
10
1
4
10
2
37
5
5
1
2
1
26
4
3
7
10
15
2
228
10
5
67
2
1
20
52
6
8
3
1
3
9
70
12
2
2
6
13
4
19
1
2
11
6
3
50
2
2
4
7
5
3
38
15
115
1
1
1
1
4
5
4
2
6
1
3
10
1
2
17
2
15
5
55
7
1
1
33
220
4
1
18
10
1
29
1
3
85
2
105
8
50
16
12
23
75
52
5
1
23
15
35
78
5
16
5
1
33
1
3
88
3
33
8
44
1
1
1
100
2
6
21
1
13
2
2
33
107
2
2
6
4
5
3
1
4
11
54
1
15
6
4
4
1
3
22
1
21
72
23
4
5
3
18
4
2
20
38
120
1
1
66
14
3
80
2
37
5
1
17
2
1
8
180
3
166
8
56
22
2
27
166
2
7
4
2
1
10
2
37
17
1
146
1
3
3
118
1
122
5
1
9
9
2
38
6
69
5
26
3
20
25
2
58
8
16
1
6
1
19
2
78
6
8
4
4
15
1
27
4
7
6
1
6
10
10
5
3
3
2
123
19
82
1
3
3
9
2
40
1
24
4
1
1
151
7
10
13
226
54
5
4
24
43
1
12
1
14
22
7
2
4
7
14
13
11
2
3
3
24
11
51
9
3
1
6
1
1
25
41
117
2
11
11
3
7
5
3
2
1
57
2
3
106
2
12
10
66
5
1
4
6
20
1
6
10
2
2
2
4
37
162
1
5
120
31
2
32
32
2
22
14
23
14
57
2
124
5
1
7
4
146
44
1
2
31
1
33
1
2
3
1
95
3
8
28
8
1
39
2
112
1
42
6
110
43
2
183
2
1
3
2
2
23
4
2
2
114
1
1
55
11
2
3
1
1
71
1
3
93
11
4
18
24
5
7
26
6
1
7
19
55
5
7
50
34
14
10
62
2
40
1
9
1
1
4
5
13
2
93
6
27
14
2
2
5
4
12
2
33
73
9
12
46
3
22
63
3
16
15
1
3
7
2
1
11
3
2
1
1
1
14
36
2
5
3
6
2
10
6
41
30
1
8
3
10
13
1
1
11
4
1
1
34
2
4
6
5
29
49
9
78
4
2
4
6
1
1
3
53
9
6
91
8
124
7
3
126
15
6
9
1
9
1
70
8
16
6
132
1
15
127
114
4
29
2
24
6
9
3
2
12
7
11
4
2
1
2
2
1
14
139
1
6
4
81
30
29
18
61
6
207
26
1
62
44
73
20
2
5
27
13
4
66
22
2
2
86
14
10
3
4
1
102
9
29
87
10
1
37
5
41
1
2
5
38
47
14
42
14
34
48
9
2
127
28
1
2
11
49
14
2
127
42
8
3
1
4
108
5
5
6
1
4
14
7
59
1
71
8
25
1
23
1
5
9
23
4
47
113
1
8
31
17
10
8
1
3
33
3
13
7
2
20
2
98
18
24
6
23
32
2
1
9
1
1
158
7
7
32
1
4
1
27
6
36
146
147
123
166
44
5
139
4
122
33
8
1
12
13
12
2
1
1
7
34
8
67
6
4
1
13
11
39
22
7
4
10
1
23
4
3
2
169
211
11
37
14
29
194
1
2
3
22
1
6
3
15
223
15
16
13
1
3
2
7
13
7
1
3
7
1
11
31
6
31
2
7
33
7
51
8
25
1
6
2
16
36
2
1
144
2
14
1
2
6
1
3
1
3
5
9
1
40
3
1
2
81
17
66
2
15
2
1
146
58
3
3
1
40
1
3
1
28
143
1
55
15
33
15
8
49
15
139
112
5
8
2
18
19
12
3
5
5
91
14
5
43
2
17
3
75
33
1
8
11
145
9
5
46
25
33
4
32
3
1
25
7
204
17
8
1
8
7
161
7
2
138
10
3
2
18
1
97
17
1
1
1
103
9
6
1
5
6
170
17
20
43
12
11
1
1
141
5
8
11
4
5
2
23
12
2
4
8
22
131
31
11
1
1
21
3
2
2
1
2
11
4
13
141
2
7
2
35
11
15
175
15
13
2
1
6
9
4
13
3
7
2
17
21
41
2
155
1
6
2
1
26
21
97
5
171
2
40
2
3
1
42
2
7
2
57
1
1
18
2
6
31
10
2
5
1
26
2
13
24
10
173
220
6
18
20
10
8
2
1
66
11
19
127
27
1
4
38
53
27
22
2
57
8
2
3
39
3
7
5
7
38
4
145
14
1
30
1
22
18
17
1
22
2
2
1
2
10
25
17
77
12
2
60
2
3
220
3
5
3
2
7
3
43
1
3
14
1
141
27
5
19
12
119
1
4
1
24
2
2
1
5
1
1
157
4
3
22
10
27
1
1
20
31
8
78
22
3
2
1
65
17
9
2
101
8
1
11
2
1
3
2
1
3
30
24
12
3
1
110
6
33
2
25
56
3
57
1
5
7
13
9
1
3
27
1
10
3
7
5
7
59
1
7
5
37
9
27
11
38
28
3
4
1
2
2
4
1
5
234
8
8
5
5
3
2
21
13
217
4
7
2
18
6
1
11
3
52
3
12
14
8
5
3
9
5
5
29
30
6
4
6
34
17
1
83
3
19
9
1
100
4
18
54
26
33
6
13
11
1
3
13
28
37
165
6
7
4
25
2
90
1
42
1
2
44
3
2
42
4
3
16
16
13
4
4
4
174
46
7
15
1
19
22
1
5
16
19
101
6
2
2
59
6
1
4
1
6
11
1
2
37
37
31
4
5
9
8
6
1
2
3
5
16
19
36
27
5
4
14
28
21
58
23
12
2
7
158
3
35
11
1
2
4
4
32
1
46
172
4
1
10
2
2
126
13
1
13
13
1
3
34
21
8
6
3
10
35
13
8
17
1
14
12
1
16
6
6
62
43
18
3
3
2
8
8
12
2
5
14
2
2
27
2
119
4
80
110
6
10
10
7
109
1
6
4
151
14
29
1
3
8
4
31
166
10
1
7
5
110
25
1
2
75
2
1
5
18
37
38
6
5
24
17
8
8
6
128
4
14
3
1
1
2
4
3
8
9
164
5
7
2
1
17
3
10
2
5
61
16
1
52
30
3
21
1
2
2
8
1
2
22
16
2
2
53
1
2
10
1
38
20
175
19
60
13
39
36
48
6
1
11
3
8
26
29
18
2
13
46
10
3
12
61
3
19
2
2
31
17
12
20
3
11
10
1
1
131
13
9
2
3
30
3
15
9
5
6
24
7
2
21
8
12
5
1
1
7
6
18
22
15
8
1
2
8
3
23
2
7
2
6
2
150
1
18
7
1
2
78
1
2
1
12
187
9
11
20
2
2
1
1
38
32
61
172
2
131
1
1
2
63
130
2
5
1
3
6
25
29
10
1
12
2
1
106
33
12
50
39
8
69
98
4
58
12
4
8
2
33
3
2
3
1
26
2
6
4
1
37
46
2
6
17
137
13
18
4
10
6
29
15
35
2
13
135
18
87
23
4
5
11
103
8
3
6
16
1
10
1
16
1
138
59
9
2
34
5
49
11
33
5
4
28
2
1
1
3
2
11
5
12
1
27
9
6
6
1
34
26
1
14
1
127
4
15
3
1
1
13
7
9
5
8
80
32
3
18
1
5
30
1
9
3
1
72
7
3
2
3
3
44
4
4
36
1
23
3
1
2
51
2
2
2
60
2
43
1
34
6
55
14
6
172
3
2
3
10
2
22
75
6
2
6
4
32
1
12
7
29
5
3
6
168
85
20
3
5
3
5
37
2
15
4
1
2
7
42
3
1
2
8
1
43
1
6
13
4
40
1
1
59
2
6
3
32
77
1
4
56
1
8
9
1
11
8
3
12
3
4
1
3
21
4
170
2
21
86
20
2
5
1
23
1
133
3
6
4
1
5
34
51
45
92
7
14
2
13
2
17
10
22
5
2
7
1
2
11
1
10
2
53
18
13
38
3
158
20
11
10
2
16
20
1
70
5
2
14
6
7
71
44
14
2
25
1
8
4
2
5
68
172
37
11
9
1
14
5
6
1
59
17
4
4
17
3
8
4
1
31
2
32
42
17
31
1
6
1
1
20
24
9
1
33
4
12
3
3
3
1
31
47
5
16
9
1
16
141
8
1
39
5
27
6
1
2
90
4
10
11
2
1
3
9
8
35
5
87
27
44
8
90
50
10
2
1
4
2
3
4
13
104
1
3
18
3
1
27
5
141
2
18
36
135
1
9
3
