26
1
8
2
1
125
13
1
3
8
4
6
3
37
3
2
30
2
24
17
2
2
21
3
13
18
8
4
9
21
2
5
1
12
31
2
2
28
1
2
113
3
8
2
3
133
43
116
118
8
129
18
32
14
17
1
4
2
4
7
59
75
18
1
3
5
23
99
18
49
131
2
3
8
28
15
5
26
1
4
43
177
19
2
20
8
12
26
2
6
100
2
80
41
99
22
8
54
8
7
4
1
1
2
55
6
25
58
1
6
15
3
8
2
5
16
8
182
2
78
41
98
3
2
45
121
3
1
2
1
15
59
1
48
128
81
5
2
18
1
91
10
1
20
2
84
1
1
30
46
19
1
138
73
2
46
3
5
12
2
2
29
44
3
18
201
45
18
27
10
19
81
72
3
1
30
102
13
33
37
65
99
1
70
35
62
7
14
6
2
1
24
5
8
4
5
7
47
4
4
54
9
19
18
20
1
2
50
2
8
2
2
1
53
6
2
7
2
70
2
14
12
137
9
8
2
33
31
2
104
16
8
4
2
73
2
21
6
49
49
46
7
13
2
3
3
4
27
2
31
2
2
8
59
13
5
7
8
16
16
26
1
2
48
21
3
130
58
31
108
48
1
87
2
2
19
35
53
19
2
69
25
37
134
21
18
2
27
2
8
2
3
6
6
6
4
2
6
16
2
133
25
9
1
13
78
41
18
39
20
19
2
3
14
6
3
13
88
25
3
61
126
28
14
33
3
33
7
24
1
9
8
51
3
47
40
2
42
96
6
4
53
49
3
18
8
1
147
49
11
10
25
46
14
17
78
3
3
39
59
2
63
52
9
30
92
18
4
17
1
24
8
3
16
1
3
1
38
3
77
28
20
15
20
2
2
2
2
1
2
9
16
7
10
6
2
4
18
22
2
50
1
16
10
45
22
64
2
5
1
5
9
4
24
2
5
4
50
23
19
6
1
37
48
20
4
10
38
106
1
140
4
97
1
14
2
1
5
3
1
8
8
10
18
56
10
14
7
156
2
54
18
2
13
146
5
13
17
33
28
8
110
2
16
150
39
5
2
11
1
5
15
60
9
11
11
2
5
42
107
48
1
3
23
1
4
13
61
82
35
2
2
43
1
43
108
1
1
5
13
12
23
31
10
34
2
81
2
17
6
6
36
14
23
73
3
7
14
83
25
5
42
26
54
9
33
6
79
4
50
2
33
9
72
40
1
2
3
21
11
15
4
1
1
4
7
4
16
36
9
27
2
43
86
1
6
2
55
32
16
85
39
74
8
110
11
31
38
4
4
33
206
2
5
23
3
15
37
2
1
5
3
6
1
1
2
3
46
5
2
4
1
39
33
139
2
2
19
6
19
2
44
8
22
49
29
3
2
10
2
2
5
49
31
2
26
6
1
3
10
20
15
1
9
6
13
1
108
2
2
82
1
2
98
4
1
32
14
26
2
18
1
1
6
7
37
1
158
1
3
25
2
4
66
2
6
1
1
3
7
3
3
2
14
54
106
7
37
81
17
108
42
5
38
51
14
1
31
35
1
36
4
3
112
2
31
25
1
9
28
2
2
30
1
9
4
9
78
1
15
1
27
3
9
9
1
9
35
18
3
16
4
1
1
1
10
2
8
22
118
2
31
12
16
100
79
3
17
11
6
6
16
22
2
3
1
2
99
7
30
33
8
2
1
4
1
19
3
53
5
5
45
2
2
21
34
1
3
1
232
2
130
1
68
2
20
87
2
2
3
7
44
5
11
16
52
40
66
38
79
114
2
1
2
27
58
2
4
17
42
86
11
6
14
13
79
171
20
8
13
20
131
1
4
11
3
158
7
4
1
9
45
61
32
48
32
11
4
4
83
44
2
135
42
2
2
1
52
29
16
1
3
12
7
3
22
94
54
51
18
166
2
17
37
42
5
50
2
35
6
47
2
35
61
4
6
2
1
16
24
33
11
2
98
20
22
2
81
9
7
2
47
9
1
3
19
31
16
13
96
45
89
9
1
14
5
59
9
32
1
14
4
2
40
4
1
14
2
1
71
2
6
128
1
18
2
18
9
2
42
1
29
10
29
74
11
4
38
128
74
31
14
82
3
1
10
3
48
7
7
10
2
16
66
3
97
2
88
10
7
1
1
44
5
14
19
21
4
12
52
2
6
1
4
4
5
1
2
1
2
6
2
16
85
12
11
3
30
65
21
71
1
6
8
76
25
5
1
62
6
69
2
23
80
3
5
91
4
76
73
59
118
131
14
8
19
11
3
11
1
3
7
3
101
2
6
12
3
3
6
14
41
1
19
11
18
77
2
73
6
21
13
85
1
32
3
95
69
3
2
1
4
97
2
40
40
14
17
134
7
49
2
2
1
10
29
21
42
51
3
1
11
16
17
4
11
2
3
6
1
22
1
57
214
2
