2
15
8
15
1
47
48
5
5
1
5
18
2
8
1
3
2
1
1
1
1
22
15
11
5
15
2
3
2
4
9
1
2
8
1
49
15
1
52
2
2
41
1
10
2
4
4
9
2
3
16
3
7
17
5
1
48
48
25
9
13
2
7
2
9
13
39
17
4
4
5
1
4
3
3
1
13
2
1
19
14
7
14
10
1
4
2
4
5
54
15
3
1
1
5
4
3
1
2
1
2
2
15
12
5
4
1
18
25
2
31
9
4
6
8
3
8
6
1
2
5
12
3
2
6
6
1
6
23
1
1
15
2
2
3
9
1
57
13
2
21
4
11
6
2
9
3
33
4
2
3
24
6
61
5
3
27
1
2
38
3
2
13
2
6
43
1
9
14
2
6
3
13
3
7
19
43
1
4
7
1
21
4
8
2
2
2
16
2
2
1
14
2
2
3
2
1
5
43
5
27
1
3
1
2
8
9
3
3
12
1
4
1
1
4
9
1
2
2
1
23
1
17
2
54
2
4
28
8
1
6
15
1
7
3
5
54
26
4
51
12
10
2
5
73
1
1
2
17
3
4
1
2
18
38
2
3
26
11
54
64
7
10
43
1
7
3
12
10
3
2
23
1
1
4
5
6
29
21
4
7
20
1
1
7
43
4
73
1
2
3
1
1
32
1
1
12
8
3
2
1
9
1
40
4
14
23
8
1
5
1
12
1
6
12
1
3
7
3
1
2
2
20
2
10
7
18
9
13
27
3
2
5
3
4
10
1
22
2
3
13
9
7
2
1
2
6
41
11
2
7
1
17
37
1
13
3
1
7
2
5
3
17
1
2
9
7
8
10
7
3
5
5
24
2
2
1
1
2
25
1
14
2
16
18
10
28
10
1
1
7
1
4
8
2
4
10
63
3
1
12
4
12
5
1
1
20
3
13
7
11
3
4
1
5
5
6
1
2
1
3
6
22
2
38
1
4
2
1
48
8
31
42
2
9
2
81
11
1
4
8
3
28
4
45
4
6
6
28
44
7
58
4
3
3
3
1
1
4
2
4
4
4
13
3
2
20
28
9
1
2
7
1
1
9
1
1
10
2
2
18
18
2
105
22
3
2
18
2
3
1
5
6
1
2
1
5
9
13
1
1
4
4
4
1
2
2
30
1
2
2
12
2
5
30
17
8
23
3
6
1
4
2
15
36
4
7
28
3
21
2
2
1
4
1
19
1
21
2
1
2
18
3
2
4
2
2
5
9
2
1
1
1
8
3
1
4
5
7
3
1
2
44
23
1
3
3
2
37
6
9
19
11
4
4
45
1
3
6
4
5
41
2
41
19
2
4
3
8
1
4
26
1
25
11
2
13
3
13
25
3
1
35
10
6
4
13
5
29
1
1
2
30
46
12
11
24
2
45
1
1
10
7
5
50
1
4
14
5
24
3
10
26
1
1
10
39
2
16
2
6
4
16
10
4
9
15
7
32
19
2
2
4
2
66
6
3
1
3
2
2
1
2
3
18
3
2
8
13
1
55
13
29
22
17
5
7
8
8
7
16
2
2
16
2
1
12
1
2
2
2
1
1
1
7
2
25
1
10
10
6
2
4
1
10
7
6
92
28
1
1
4
3
26
1
31
17
37
6
13
1
2
7
2
1
2
15
13
6
3
3
3
79
16
24
32
27
1
1
11
2
1
8
1
28
1
1
3
3
8
2
6
32
2
1
4
2
20
3
25
9
3
4
1
15
1
25
3
42
1
1
3
1
18
4
5
37
24
7
9
2
4
24
2
4
1
1
3
1
14
2
1
3
20
8
2
2
3
4
5
3
2
1
6
4
28
1
8
2
2
1
33
6
1
8
25
2
2
1
34
2
11
1
2
2
2
18
2
2
2
9
3
1
10
6
2
2
11
1
8
2
6
11
15
13
45
20
2
1
21
1
2
4
9
2
19
37
4
52
2
2
2
2
3
12
3
1
1
17
15
14
12
6
11
1
15
2
2
3
5
35
1
9
3
40
1
7
16
1
90
9
6
3
21
4
1
1
6
1
11
34
2
9
1
16
7
1
13
6
7
6
11
50
3
2
1
8
7
6
8
3
2
14
1
1
2
4
1
1
3
3
7
11
4
2
1
1
23
30
45
7
2
2
3
2
1
22
7
2
54
15
48
1
7
4
1
2
20
2
24
15
3
6
2
8
18
5
1
3
2
9
2
2
69
12
1
1
14
2
1
6
2
2
6
8
3
1
1
2
2
69
2
1
62
6
1
1
8
6
15
55
8
26
19
1
2
7
8
2
3
7
14
3
1
1
46
3
11
2
7
6
2
2
2
73
8
1
4
12
6
10
2
1
1
1
4
5
3
2
1
24
1
49
7
1
1
1
3
8
2
5
1
16
23
19
4
11
6
92
19
2
2
9
1
1
19
1
13
9
8
3
14
33
21
8
2
28
3
1
34
23
6
12
24
2
24
3
41
1
1
17
3
3
2
12
2
4
1
4
3
16
5
8
25
19
27
7
19
1
10
11
5
4
6
3
1
1
35
11
2
1
35
14
2
9
2
4
22
2
9
2
16
8
11
1
1
4
1
14
2
10
10
3
3
13
18
1
30
3
7
2
8
19
4
19
1
3
15
1
7
27
16
39
2
1
2
2
10
6
1
12
10
7
4
1
35
3
1
3
1
8
2
1
8
1
15
38
22
8
11
5
29
4
33
26
74
15
33
2
2
3
23
3
1
7
15
10
37
3
9
19
17
1
2
15
40
6
11
42
1
7
10
6
1
7
10
17
27
55
9
8
1
40
25
1
1
3
6
7
5
2
2
1
25
2
6
1
2
3
3
2
1
6
1
5
2
1
1
10
2
5
35
45
7
9
2
4
6
32
4
48
4
40
70
60
24
57
1
2
5
2
4
13
7
10
30
2
6
1
9
6
61
21
1
3
3
3
10
4
10
2
7
1
5
2
10
49
3
7
1
13
6
9
3
4
3
9
7
8
16
3
2
9
19
18
10
33
2
7
8
10
2
7
6
3
7
8
24
1
2
2
19
11
3
35
22
5
1
5
2
5
69
3
19
12
21
5
16
3
3
11
17
5
79
1
2
21
1
5
3
1
3
8
1
2
52
23
3
14
2
11
3
15
5
7
2
6
9
14
4
7
1
12
3
7
4
12
2
9
26
2
2
27
2
2
24
1
6
5
4
1
10
8
5
9
38
2
7
3
5
5
1
2
7
1
5
31
30
9
2
2
2
1
15
50
2
13
12
13
2
1
7
3
6
4
1
4
20
35
2
19
1
2
2
1
5
2
2
17
14
18
17
1
5
1
1
5
97
1
1
6
4
5
6
9
2
12
5
8
3
28
2
2
4
14
2
13
50
10
16
2
2
5
27
3
8
39
1
1
8
2
2
1
11
1
3
41
1
21
7
1
1
33
2
19
1
5
1
16
4
5
2
3
2
1
12
1
2
16
3
3
1
2
1
23
29
2
1
23
8
1
6
3
4
24
7
6
2
44
20
3
1
36
24
6
1
1
2
4
10
3
5
1
39
2
10
1
5
1
12
2
14
26
4
4
25
1
13
2
1
33
11
16
14
1
1
2
4
2
5
3
6
1
3
15
1
3
2
6
2
2
15
57
2
12
4
6
2
3
13
16
19
2
1
1
2
1
11
15
1
2
1
2
1
7
12
1
11
3
4
3
1
40
5
6
9
12
4
4
4
5
1
1
3
13
20
12
3
2
4
1
8
1
4
8
14
3
1
1
1
22
3
1
23
1
1
2
13
2
6
56
14
2
3
9
2
6
5
5
2
9
7
16
2
2
5
19
1
4
1
1
2
41
37
1
1
2
8
19
14
9
21
7
1
2
29
5
1
12
1
1
61
5
4
14
9
2
3
1
3
5
11
1
8
16
1
3
1
2
5
7
2
2
2
4
20
72
1
7
5
1
4
1
4
33
6
5
3
2
57
1
23
18
27
7
1
3
7
19
2
11
9
2
2
7
4
2
1
45
2
8
7
11
16
4
7
2
2
8
5
2
25
1
2
5
6
7
17
14
1
2
1
91
6
45
9
4
65
8
30
50
4
28
23
4
17
1
20
12
22
1
36
1
6
4
36
19
10
3
9
2
1
7
6
3
5
4
13
15
42
1
1
2
1
6
2
53
1
2
2
3
3
1
1
19
17
16
2
9
67
78
27
5
1
5
11
2
2
1
11
3
4
12
30
3
2
4
3
8
41
2
5
2
5
6
10
5
53
2
16
7
1
13
36
21
2
1
2
1
8
1
14
4
2
1
7
3
5
6
4
56
5
18
8
4
2
7
3
2
3
27
3
12
3
2
5
3
1
28
7
3
3
12
1
2
1
24
2
23
27
3
5
8
1
2
1
43
10
12
2
1
17
8
4
2
10
2
16
11
3
11
1
4
29
1
2
8
2
1
4
7
17
12
10
2
17
1
1
9
5
71
2
13
26
32
21
10
2
2
10
17
1
1
47
3
7
6
1
7
17
17
7
1
4
13
2
1
2
1
3
10
6
27
9
2
32
1
7
1
1
14
5
2
27
3
9
2
13
3
2
8
2
42
1
8
9
21
28
1
2
7
8
8
3
6
2
24
5
39
3
8
1
2
38
1
2
1
1
5
6
1
3
4
2
7
12
10
1
3
1
10
4
5
9
26
2
1
8
1
15
5
2
1
1
7
1
1
16
2
12
4
1
3
11
2
2
1
28
2
4
1
3
19
78
3
7
1
4
5
18
3
3
31
1
23
18
6
23
5
18
7
18
26
1
1
27
5
3
3
3
2
2
8
2
12
1
1
36
1
14
14
1
18
5
1
2
35
1
3
1
1
1
5
2
1
11
15
2
1
9
3
3
10
1
30
1
4
2
7
7
2
4
10
7
5
3
7
5
3
10
6
2
6
18
4
14
7
3
3
2
2
4
3
7
2
1
12
2
42
3
1
18
1
30
8
1
3
6
1
3
8
3
22
26
1
10
14
1
14
10
8
1
10
7
6
58
8
3
4
10
2
1
5
7
13
1
25
6
4
41
2
5
21
52
1
47
28
8
9
4
9
10
1
1
10
5
3
4
4
3
1
8
4
1
6
4
1
3
8
11
2
1
11
2
8
3
10
1
2
3
4
28
1
5
7
3
1
1
2
27
1
6
12
24
18
3
2
2
4
4
7
8
4
14
2
1
4
15
1
9
3
3
2
2
12
1
7
2
2
1
19
16
13
1
5
22
6
6
1
3
1
1
1
14
1
13
11
4
2
6
2
1
21
2
1
4
36
10
1
2
13
17
2
24
1
4
11
2
5
14
5
31
1
1
6
33
1
5
10
3
4
2
3
4
9
3
6
13
18
1
12
14
32
4
2
4
3
16
5
6
89
26
1
12
34
13
2
11
18
4
1
20
1
6
24
1
1
20
5
1
2
2
3
1
11
6
39
6
6
3
41
39
4
3
13
2
2
1
3
1
56
1
56
20
3
11
11
9
5
1
11
16
28
43
17
10
1
2
1
4
8
1
12
2
2
4
64
19
13
7
2
18
1
43
1
56
2
38
9
10
7
1
9
18
2
3
1
7
18
5
1
4
13
5
1
2
2
14
15
10
1
2
8
4
7
15
1
5
1
10
1
21
2
4
18
1
14
3
10
2
56
1
10
4
10
3
1
12
1
4
1
22
3
3
21
13
1
1
1
47
3
1
3
1
5
20
24
17
1
13
1
3
1
2
12
11
17
3
36
2
1
3
1
63
1
2
46
9
30
1
79
1
1
1
1
