4
5
3
10
1
6
5
7
1
7
1
3
2
3
3
2
17
3
1
2
7
40
4
8
9
3
3
4
1
6
1
11
2
12
3
4
1
25
1
4
1
1
2
1
1
1
9
16
10
1
3
7
1
1
3
1
2
2
16
2
9
12
48
1
6
45
3
7
4
9
24
2
2
8
9
5
7
2
21
2
5
1
2
1
1
4
5
3
2
1
1
3
1
2
6
4
10
5
9
4
5
1
9
9
20
8
1
1
11
50
1
71
8
2
8
13
35
3
5
3
14
7
1
11
5
5
74
5
13
12
16
3
17
1
1
1
5
9
2
7
25
2
2
9
1
5
1
3
9
6
44
2
6
3
36
8
12
2
9
8
17
6
7
1
10
3
2
2
26
29
42
7
2
52
4
11
4
3
46
6
1
1
11
2
2
4
1
6
6
29
6
2
6
11
2
1
5
4
1
8
4
2
1
78
9
4
11
21
4
3
7
2
7
1
5
2
14
9
16
6
3
17
2
1
25
1
1
2
12
7
4
2
1
3
13
44
40
2
6
47
3
8
3
2
13
4
6
1
5
1
1
6
1
15
6
7
1
6
8
4
25
1
1
2
12
1
7
1
5
5
12
1
2
2
1
6
9
12
1
3
2
4
3
18
7
2
17
6
13
5
1
3
1
4
1
1
2
1
1
2
19
1
10
17
2
1
1
2
29
4
28
12
2
1
4
2
2
1
8
1
12
1
8
2
28
2
3
2
1
4
7
3
1
6
1
9
5
4
1
2
9
12
1
5
9
10
10
8
1
6
2
17
2
13
11
1
6
2
6
7
1
2
57
4
9
3
56
6
4
2
23
4
3
1
10
33
4
3
1
1
7
32
2
1
7
6
3
28
3
2
7
2
38
3
3
4
2
44
1
2
44
1
1
3
1
1
3
1
3
1
3
1
12
2
14
1
4
4
2
3
13
2
1
4
9
1
38
1
4
1
1
43
7
1
1
3
2
2
15
1
6
69
1
34
3
1
8
2
1
2
1
1
1
4
45
1
20
1
12
4
2
3
15
7
9
2
65
4
1
6
2
1
8
6
3
1
5
28
7
4
2
3
1
4
1
58
53
1
13
13
2
1
19
3
2
2
26
1
9
1
2
4
1
2
1
1
1
22
6
6
31
6
31
32
1
28
1
4
1
4
2
19
30
19
24
33
42
2
2
1
4
20
3
1
1
1
1
27
3
2
3
3
17
5
1
1
1
1
83
16
1
2
15
12
1
2
14
17
4
5
3
1
1
5
4
1
14
2
2
4
4
19
3
22
9
1
2
3
4
18
1
1
3
1
2
2
36
9
1
2
9
1
3
1
1
19
20
13
28
27
18
3
3
3
17
1
13
19
5
1
1
17
21
9
13
2
2
2
9
7
2
16
2
3
8
1
23
4
6
5
3
28
27
3
3
4
6
5
14
9
1
18
10
6
2
7
24
3
1
3
1
8
2
3
1
5
16
1
2
3
20
1
1
3
3
10
12
24
7
32
4
32
6
67
3
29
21
2
2
2
12
4
2
3
1
42
1
3
2
4
1
1
4
37
14
3
2
1
11
11
1
1
1
3
4
2
10
1
34
15
10
1
28
1
15
7
30
2
9
46
1
15
6
7
15
19
15
3
3
4
1
4
4
1
1
12
1
2
2
1
2
3
43
21
5
7
3
4
9
5
7
19
4
14
5
10
24
3
10
2
16
1
5
4
2
4
1
8
2
3
2
2
14
5
3
2
1
32
1
27
5
15
33
6
9
1
3
14
12
7
25
3
35
3
4
3
10
8
2
3
1
2
4
3
1
7
1
3
8
1
2
2
1
4
10
17
4
9
2
5
2
30
8
27
20
2
1
1
22
1
30
19
2
3
1
2
2
10
6
4
1
8
2
1
5
21
3
1
17
11
1
21
8
4
33
22
9
3
6
37
2
36
3
3
1
22
6
1
1
17
1
15
11
3
18
13
3
7
31
3
1
3
20
2
4
1
5
5
18
2
3
4
33
4
4
1
1
15
15
2
5
1
10
22
1
8
1
6
5
9
1
8
6
3
11
10
35
1
5
7
13
1
5
24
4
2
3
3
1
9
4
2
1
2
1
1
1
3
9
5
17
6
5
25
16
7
11
2
1
33
6
11
6
2
2
35
8
9
3
17
1
20
2
5
4
1
4
1
10
1
1
1
6
15
9
2
1
1
11
2
28
10
2
5
6
6
3
16
2
1
4
36
2
1
1
38
23
2
3
1
2
4
17
9
5
4
5
5
1
1
4
1
2
4
4
10
4
9
1
1
30
9
1
1
9
2
24
2
1
3
2
1
15
6
70
16
3
2
5
6
36
4
5
2
2
1
2
7
1
3
1
17
21
2
9
25
5
12
6
1
3
9
1
6
7
8
1
2
1
7
16
3
4
9
30
1
2
76
1
1
1
1
7
5
8
11
3
4
3
1
31
3
10
14
33
8
9
2
3
1
1
2
9
1
10
2
2
5
2
1
2
3
1
1
46
5
4
7
33
2
12
21
1
2
1
1
13
4
2
2
1
2
1
4
1
15
8
1
4
3
6
3
1
2
3
27
4
2
4
6
21
1
2
17
1
5
6
69
35
16
18
2
14
9
4
15
2
23
16
1
4
4
4
1
1
9
2
2
3
9
1
4
1
48
13
2
3
32
6
2
19
2
1
2
8
1
1
31
1
1
1
7
1
9
4
1
37
27
1
1
8
2
14
7
26
2
2
25
1
8
6
1
11
2
1
33
1
1
2
2
5
31
1
6
24
1
2
18
4
3
20
1
10
36
1
3
8
13
1
5
15
2
31
1
5
2
1
1
11
38
6
8
1
1
12
10
1
16
1
22
15
1
2
9
15
1
1
1
1
1
2
9
3
1
1
2
13
19
34
25
9
4
27
1
6
5
4
13
19
6
3
5
2
7
6
2
2
25
13
76
17
3
1
20
2
2
7
5
2
1
4
1
3
4
1
2
3
1
12
64
7
5
13
7
1
7
28
4
1
5
1
2
16
24
7
10
16
17
15
8
1
13
1
1
3
1
2
28
19
1
2
17
37
3
2
1
1
4
2
8
15
2
3
6
2
1
1
1
57
5
6
3
7
8
19
2
27
2
16
7
13
3
2
2
1
3
2
20
11
33
14
4
8
4
22
6
4
2
3
2
5
38
2
1
15
1
7
1
2
4
1
3
6
1
2
8
19
2
4
13
2
3
11
1
11
4
1
23
2
37
3
5
2
2
1
4
9
2
2
17
3
31
7
1
24
5
5
1
3
20
2
9
7
4
1
4
9
11
5
9
1
11
19
2
3
20
4
6
46
7
20
4
1
3
2
2
38
2
5
28
12
3
1
3
9
15
1
5
7
21
33
19
5
70
22
48
38
3
6
1
6
3
4
8
1
2
22
23
7
1
3
7
8
6
2
3
1
1
7
3
4
2
2
5
14
2
8
11
3
59
28
2
3
1
7
2
3
1
1
7
2
3
2
3
7
4
4
1
4
9
34
12
12
2
3
2
12
2
3
29
10
15
4
1
4
5
1
2
3
2
2
1
3
4
2
23
13
11
1
29
10
1
6
8
6
2
2
1
3
4
2
1
3
2
2
8
8
1
48
1
13
6
3
29
2
3
2
1
20
35
2
4
1
1
1
1
2
6
28
4
6
1
1
4
3
16
2
16
1
1
3
3
4
2
1
2
5
2
1
1
2
12
2
21
1
2
4
1
1
18
27
2
2
1
1
2
3
5
2
2
1
15
1
1
12
1
11
19
2
8
1
5
5
6
4
7
2
38
1
2
3
21
25
1
1
9
1
2
3
7
3
1
9
4
68
37
2
24
2
2
1
26
10
1
4
7
3
3
3
3
11
15
17
27
4
16
2
1
2
2
1
3
35
2
9
15
18
5
2
20
2
2
1
30
8
10
1
11
14
1
1
1
4
11
1
3
3
1
6
1
2
46
5
7
2
19
2
22
6
2
1
1
1
2
4
5
8
37
1
1
9
1
12
2
1
2
1
3
1
4
1
1
24
3
2
4
7
2
7
3
2
2
32
9
2
5
1
7
34
3
1
1
2
2
4
1
1
5
17
2
5
2
1
49
5
2
5
2
1
2
2
6
2
39
6
2
2
12
2
5
1
12
5
1
8
17
3
1
17
2
13
6
19
4
8
6
1
2
7
3
1
2
2
4
5
1
2
3
22
5
19
5
3
7
6
19
19
2
2
3
4
4
23
67
1
1
2
2
28
16
2
3
2
12
2
1
3
3
5
26
1
4
2
1
3
1
2
20
7
16
5
1
1
1
1
1
2
2
2
1
1
22
2
4
21
4
2
5
88
2
2
2
9
40
3
3
21
1
49
7
12
10
3
23
3
1
1
7
4
9
3
6
2
11
45
3
3
1
1
3
1
1
1
1
1
5
11
22
35
48
4
1
4
11
3
2
15
3
8
13
2
36
5
3
1
3
1
2
1
2
2
1
2
29
5
2
3
4
30
14
25
10
2
40
1
13
2
2
4
6
2
12
1
1
1
1
5
1
3
15
3
1
11
1
21
8
1
10
33
1
3
2
4
1
1
5
2
1
12
1
11
38
2
11
1
4
2
8
1
12
20
2
3
18
23
4
2
11
1
1
20
21
1
1
7
4
2
5
4
1
14
16
10
16
2
1
21
11
2
6
2
5
1
4
2
3
3
2
1
11
6
1
1
13
1
3
1
3
12
12
2
16
1
22
23
2
4
1
8
33
5
1
34
1
24
3
4
2
30
3
2
1
41
5
14
2
3
2
3
3
7
9
20
7
2
2
1
1
33
4
2
1
1
5
1
38
56
36
3
13
4
4
8
3
1
41
2
27
18
1
8
4
3
1
1
2
1
7
19
3
4
6
1
60
2
3
2
3
3
17
3
3
2
6
4
12
2
24
1
1
1
1
9
27
3
13
2
1
3
1
3
5
1
2
1
2
2
2
2
2
1
18
49
7
2
5
7
16
2
3
24
6
4
2
20
17
1
3
2
22
1
45
1
6
5
9
3
1
16
2
2
3
3
3
1
1
3
13
1
19
1
1
3
7
10
4
22
10
1
2
1
1
7
15
7
2
9
1
8
4
32
6
1
2
1
22
7
21
3
1
2
7
1
1
8
1
1
2
4
9
13
1
13
27
11
4
3
21
3
1
2
1
1
2
2
2
11
3
2
3
2
2
5
1
11
4
4
4
1
9
6
21
39
2
4
2
1
2
12
2
6
2
29
6
1
5
2
3
1
1
1
12
7
3
13
1
1
4
67
1
38
2
10
14
1
2
5
4
2
6
33
2
1
14
2
1
3
2
5
2
3
1
1
4
18
2
13
9
3
3
4
4
2
1
2
3
1
3
4
1
20
8
6
4
9
2
4
2
9
3
2
2
1
1
1
14
2
5
2
2
6
