130
29
13
9
2
5
89
11
18
2
5
32
253
1
13
2
2
6
6
118
4
1
25
4
11
11
4
26
2
2
8
4
1
1
1
2
2
13
6
4
3
1
2
2
3
16
1
1
136
2
26
29
30
5
27
46
2
26
109
7
1
11
4
131
3
18
1
3
6
8
2
1
66
8
2
24
3
5
1
39
2
24
3
1
1
156
1
26
4
6
51
98
1
2
17
123
5
31
22
31
3
8
14
27
1
3
1
2
29
1
2
2
2
5
11
9
2
9
1
1
6
2
7
11
7
5
62
55
10
34
10
7
3
2
107
5
1
6
47
47
1
34
4
18
33
10
4
1
6
100
232
38
70
40
14
1
8
4
4
2
4
72
2
3
2
3
26
1
1
4
5
3
2
1
19
11
1
2
7
2
69
5
7
269
66
39
20
3
2
30
189
1
4
2
2
143
9
140
25
82
10
3
6
3
114
8
7
3
134
14
4
5
48
122
7
1
3
1
1
20
11
3
11
24
23
6
10
70
16
2
2
3
12
36
2
1
15
6
12
72
3
82
3
43
1
2
11
3
28
28
1
5
81
105
5
1
304
5
26
4
5
3
14
5
23
2
185
4
146
87
3
172
52
90
3
4
5
25
1
19
103
7
2
127
2
1
1
3
26
1
47
8
27
84
5
1
2
3
1
2
3
31
15
2
1
17
2
3
1
2
5
3
55
1
9
1
1
2
5
184
1
6
1
16
2
16
24
31
2
31
6
3
58
197
57
27
3
5
17
20
1
3
20
1
8
3
79
72
2
19
106
14
4
28
77
13
8
11
1
3
57
4
3
43
93
42
19
2
2
4
2
19
21
4
38
40
1
63
2
32
197
3
2
2
16
20
4
52
2
3
274
2
1
193
2
1
1
7
5
15
215
37
1
2
9
7
14
5
48
27
4
3
4
5
28
43
90
70
3
15
36
27
3
66
27
15
16
1
2
1
66
18
4
14
1
2
2
2
75
3
1
56
13
46
15
18
27
1
1
1
32
13
27
24
6
5
1
2
1
3
57
27
46
8
24
234
89
4
20
8
2
4
2
2
82
243
47
28
11
3
2
16
44
1
29
4
2
1
41
6
1
10
2
1
2
1
37
1
36
9
2
9
6
1
2
4
19
1
93
141
1
27
1
128
1
3
4
2
23
6
5
182
28
40
5
8
4
1
21
2
11
3
4
61
9
11
107
56
2
4
21
38
101
6
1
15
135
13
1
251
13
1
3
42
2
3
60
5
1
1
2
10
15
60
15
1
20
237
58
16
2
2
5
1
41
2
4
10
17
10
45
4
18
1
233
1
5
4
1
1
31
1
71
1
4
6
8
47
35
5
39
1
9
135
8
15
20
12
2
3
4
20
2
10
11
28
2
23
26
23
2
2
158
8
2
2
8
70
4
2
47
104
4
31
4
4
19
8
5
1
2
28
5
6
181
18
1
19
3
15
247
8
5
1
17
1
1
13
135
90
54
20
3
19
1
1
8
3
46
16
6
5
2
186
6
5
16
36
14
156
1
53
1
1
6
87
1
83
119
39
3
1
3
4
4
1
105
32
22
1
25
5
1
11
33
11
4
9
1
2
17
1
1
54
75
8
102
3
1
6
2
3
3
5
20
7
3
8
38
15
1
9
4
50
4
105
9
24
11
1
1
25
1
10
71
2
8
5
13
49
2
27
18
9
3
1
16
9
8
3
10
3
13
17
1
2
1
57
49
9
8
31
5
5
43
28
1
2
69
10
2
8
7
174
10
1
1
8
37
2
23
13
17
25
7
2
4
20
5
1
1
4
4
8
9
17
1
2
4
9
7
3
13
13
1
2
11
46
10
27
30
8
10
2
41
193
1
3
16
16
215
10
1
68
4
1
2
22
1
8
2
2
4
10
208
1
5
10
14
32
1
2
63
12
3
2
2
1
1
111
3
4
15
1
4
14
11
3
5
80
14
16
3
18
1
7
51
2
9
2
91
2
2
8
5
1
28
1
6
4
2
42
15
4
141
1
2
4
1
4
5
2
50
63
26
1
13
1
1
3
1
101
2
3
3
238
21
3
3
2
7
283
298
2
2
24
6
12
20
2
43
1
43
2
3
1
3
3
89
102
10
10
52
3
61
3
9
36
10
32
13
4
6
5
2
13
18
14
3
4
26
1
3
37
78
71
19
32
6
10
8
2
1
1
3
12
39
52
32
104
10
5
6
141
2
8
5
1
2
6
12
1
18
3
1
3
2
1
3
6
68
23
1
1
1
1
1
5
30
20
6
1
21
8
16
8
4
8
1
2
2
1
4
83
8
3
56
50
3
13
73
18
3
3
2
17
3
6
1
1
3
61
81
3
52
14
1
13
52
60
1
5
42
1
2
26
1
1
1
42
1
2
14
37
1
4
13
2
70
8
3
1
2
3
1
7
1
2
7
74
15
11
3
3
2
1
7
4
19
15
28
1
28
1
105
2
14
58
38
4
17
4
2
2
3
118
9
2
5
4
4
2
2
65
8
17
103
57
1
36
8
16
6
1
47
22
102
10
3
3
2
23
3
4
58
4
14
2
28
1
20
1
28
1
8
1
5
2
52
9
19
32
9
15
28
8
11
56
56
2
1
5
1
48
10
2
1
6
52
24
2
5
10
2
3
2
11
21
9
3
3
13
2
4
1
32
10
88
1
4
54
3
8
2
2
3
216
36
2
4
2
4
41
1
1
38
1
6
68
1
6
3
1
13
19
4
101
1
30
6
81
2
16
2
3
43
40
3
1
15
2
19
1
1
13
20
7
60
1
23
13
33
23
60
83
4
4
5
29
76
4
2
13
3
23
9
2
1
1
1
6
2
1
22
4
7
59
1
2
2
1
66
6
3
7
22
89
1
4
52
20
14
16
88
43
1
1
7
112
10
82
6
1
1
1
1
4
4
8
5
4
26
41
15
130
65
19
12
8
8
11
67
3
31
7
3
255
11
6
4
14
2
5
8
103
3
1
24
26
234
81
20
20
16
1
6
219
10
88
77
2
1
2
1
85
10
3
7
5
38
19
15
21
35
5
67
33
1
1
9
2
6
1
14
40
3
89
6
23
2
2
2
15
5
4
37
3
4
11
96
6
2
8
3
5
2
43
5
3
2
1
28
18
1
1
2
3
15
4
100
37
2
6
5
5
2
5
9
4
7
11
269
8
3
8
4
19
11
68
20
48
8
6
9
2
3
14
12
1
1
1
14
7
7
13
2
3
15
2
2
1
2
1
5
1
96
23
11
8
7
2
12
34
252
134
7
3
78
26
15
46
259
3
3
44
1
30
1
26
7
8
65
4
7
12
31
104
3
10
85
21
2
1
27
2
12
26
2
22
2
1
82
1
9
3
32
1
1
9
1
1
10
8
118
23
5
1
2
4
76
3
15
6
16
2
3
14
1
1
1
5
5
2
8
1
35
12
1
4
6
2
100
21
2
8
25
16
2
4
29
2
1
16
38
1
2
1
1
131
2
15
1
23
35
12
9
57
86
2
13
2
32
9
2
15
41
2
3
294
2
4
15
2
8
26
125
25
8
11
23
2
1
3
7
5
4
1
4
12
3
27
6
22
38
2
20
2
29
6
88
4
11
1
24
21
3
4
2
19
28
1
8
1
28
4
82
8
23
161
1
34
1
1
7
9
91
2
8
72
1
13
2
3
4
15
2
95
4
6
11
5
8
1
4
1
1
105
193
4
4
230
146
20
5
8
14
39
5
1
62
4
2
3
2
3
56
1
4
2
75
74
3
66
78
10
7
11
8
21
4
36
1
3
1
5
38
4
68
18
3
15
12
3
9
2
17
2
13
9
5
3
2
1
6
77
4
1
38
4
3
114
19
3
2
4
41
7
34
2
5
97
2
91
19
2
33
7
4
21
44
10
47
20
5
27
48
1
14
27
1
1
1
15
11
1
1
13
4
5
199
2
2
12
113
39
6
78
3
2
15
3
45
1
60
2
2
8
12
56
4
18
3
40
13
1
14
5
9
2
18
9
3
5
80
5
4
2
9
1
3
13
76
34
2
221
3
1
1
7
4
3
2
4
287
7
26
51
7
91
96
2
55
5
1
19
100
21
4
38
5
9
2
2
17
3
3
15
59
10
4
1
3
3
1
8
28
16
2
12
1
2
3
1
16
5
4
36
14
21
45
113
13
95
4
7
14
1
2
3
2
6
4
6
7
27
7
26
285
1
1
18
