3
5
2
67
84
91
46
21
11
4
1
222
74
3
1
208
4
4
7
35
85
6
97
89
1
7
5
3
41
18
23
275
3
43
303
2
1
103
348
52
4
8
3
5
17
39
38
1
17
46
6
74
4
2
5
29
1
50
179
1
34
289
2
92
84
12
12
13
11
41
34
10
16
2
15
3
4
3
35
13
1
7
1
131
4
29
25
44
3
18
1
1
14
40
4
2
263
2
90
38
30
2
47
1
1
19
49
1
15
10
13
2
3
267
5
37
1
24
18
6
16
6
55
24
25
110
8
202
21
6
4
31
65
128
1
10
34
16
8
6
2
7
42
47
7
69
31
1
36
12
1
97
5
13
53
42
15
35
47
42
175
66
34
17
93
15
184
3
6
195
2
14
71
59
80
11
13
27
17
26
18
398
132
21
1
19
1
163
11
2
2
25
1
7
5
4
5
62
2
2
1
35
205
2
45
229
115
5
17
33
6
2
66
114
15
6
9
24
55
1
1
80
44
6
7
4
57
4
49
65
28
17
31
2
7
336
8
15
1
18
1
8
66
25
30
2
36
22
48
2
5
321
17
5
52
4
19
2
332
1
15
27
355
88
8
9
28
1
3
85
7
9
52
67
97
5
90
80
44
1
10
3
77
31
6
20
2
18
12
26
1
4
6
22
1
13
1
18
54
24
4
82
17
237
2
5
14
1
2
173
91
124
26
120
4
15
19
1
15
13
2
65
1
36
42
22
3
8
16
20
12
8
21
1
1
12
7
49
1
236
1
17
2
33
38
9
38
47
2
42
2
77
8
2
3
23
13
6
6
19
26
18
5
2
8
18
16
15
8
23
43
54
45
9
2
1
16
2
29
1
36
2
2
9
22
46
2
114
20
1
2
91
8
18
34
27
10
1
282
11
6
86
2
1
73
13
17
2
1
7
16
1
1
2
2
2
31
5
16
5
2
64
11
223
4
6
1
9
29
2
36
9
4
59
20
5
255
5
14
28
114
20
37
4
4
43
1
99
73
80
16
49
61
1
7
14
5
1
1
3
16
22
2
21
2
7
14
1
84
7
10
1
3
292
47
12
32
40
2
89
2
10
2
12
2
16
2
10
28
21
41
1
63
5
39
18
35
14
22
84
5
2
80
24
8
24
31
19
19
40
35
67
192
11
11
2
278
54
19
2
13
1
4
6
3
17
4
4
32
19
36
3
2
41
1
14
6
1
3
28
90
13
1
27
4
3
5
39
2
1
1
26
3
12
86
2
145
57
44
22
2
3
4
4
1
5
42
1
81
1
25
47
20
136
61
34
12
1
46
42
58
39
228
54
94
46
3
2
38
30
6
3
48
3
6
11
25
9
2
1
21
32
2
53
1
127
5
8
35
19
2
35
57
6
2
2
2
4
74
65
14
38
3
3
11
6
14
40
51
1
4
8
5
16
3
5
1
1
1
9
2
166
9
250
1
93
2
24
41
8
152
3
4
14
37
9
9
3
4
5
6
13
73
121
42
91
3
29
84
122
16
19
427
4
8
18
4
3
3
4
27
3
2
147
63
3
57
2
31
1
6
3
6
21
17
10
2
1
29
4
21
5
28
34
18
1
3
3
2
38
3
2
2
7
1
2
23
12
15
28
75
46
2
21
2
82
24
116
3
21
15
5
2
1
60
1
3
1
17
13
1
10
39
1
6
2
18
3
1
194
2
3
16
5
73
12
27
9
200
116
1
5
8
2
49
18
303
60
5
54
2
13
9
298
1
6
2
4
4
8
5
9
3
3
3
150
2
88
4
31
1
90
79
6
204
22
1
3
249
20
1
15
1
39
77
9
51
9
54
9
35
36
5
46
2
28
1
2
25
14
68
44
3
87
7
6
1
44
9
3
13
53
5
71
1
1
59
9
11
8
36
129
10
91
22
62
2
457
6
62
37
2
20
17
2
1
47
4
111
43
24
19
1
24
376
7
3
43
2
2
35
89
115
65
100
1
2
51
2
1
18
31
41
2
13
3
52
2
19
10
111
37
5
3
32
455
1
1
2
27
67
24
2
9
49
23
6
2
3
2
4
19
10
4
12
54
2
2
358
11
3
14
113
2
1
1
3
169
71
206
2
6
35
3
3
2
38
12
248
5
2
72
15
9
1
5
35
9
7
8
213
2
6
30
9
23
3
14
2
16
4
11
27
5
22
12
70
2
2
10
332
1
13
24
32
208
2
9
1
52
1
54
47
302
62
3
4
66
24
1
6
14
2
4
2
18
19
11
192
41
65
1
4
258
16
6
4
75
1
9
3
1
61
33
21
11
1
7
45
11
1
28
19
6
13
1
8
50
2
27
14
6
1
7
7
9
3
1
12
14
147
34
24
48
5
18
35
11
35
167
3
4
98
1
99
2
1
54
6
5
1
2
2
5
3
81
48
60
34
1
7
30
6
11
8
2
1
7
2
69
7
5
257
1
5
7
9
98
1
7
314
2
6
54
18
22
19
26
2
5
172
37
23
2
16
63
2
12
4
296
47
3
74
11
2
6
43
4
22
2
16
4
4
88
1
2
2
4
73
11
25
44
17
2
32
12
13
4
28
42
18
94
4
131
20
352
35
24
2
14
7
3
349
21
55
1
79
7
1
5
20
9
40
18
1
53
177
41
17
1
1
133
21
2
15
4
1
32
1
1
1
17
3
2
2
11
1
40
3
2
6
67
1
43
151
2
2
20
2
23
2
5
33
1
1
4
3
50
72
328
52
89
4
2
50
5
5
4
6
9
15
25
1
34
109
43
19
2
1
1
155
12
99
1
2
22
6
4
3
6
61
4
27
26
44
3
217
11
18
7
1
26
9
288
89
22
97
2
8
112
12
3
4
5
38
93
4
5
8
4
82
17
9
1
1
46
6
174
8
7
1
1
4
2
31
65
10
9
117
65
4
38
5
2
1
1
253
4
2
4
51
179
3
102
26
2
25
1
2
12
234
467
386
23
6
111
45
22
6
10
7
10
48
10
1
23
53
118
7
2
6
8
1
55
1
10
12
7
23
3
6
1
8
3
310
1
113
5
2
3
13
6
2
6
43
109
43
9
10
7
25
5
32
2
1
2
2
2
2
58
4
2
20
1
5
11
10
252
56
7
100
10
48
18
3
2
45
2
7
6
22
6
7
451
1
19
23
6
5
13
8
9
19
3
6
5
2
18
1
2
5
4
9
5
1
2
119
14
5
22
33
3
11
2
29
1
6
2
1
270
2
2
4
3
30
21
74
19
1
7
1
65
2
18
2
1
103
3
8
2
7
2
2
4
7
2
14
11
452
51
1
10
10
5
7
20
1
12
6
8
114
17
5
2
30
37
1
9
34
4
46
8
17
1
2
39
14
1
110
6
8
11
56
215
8
1
2
7
63
3
2
9
29
10
14
18
1
3
8
10
1
24
16
6
3
8
19
23
67
1
1
22
2
1
1
36
32
13
5
23
26
10
189
8
3
22
1
12
22
6
3
3
15
11
45
5
2
7
6
2
3
2
22
6
12
2
31
9
1
125
52
420
28
5
11
1
2
2
18
17
9
27
3
13
3
3
20
10
2
1
32
9
53
26
82
20
227
2
10
3
3
51
17
50
1
2
1
34
2
53
6
13
5
92
4
1
13
1
21
1
2
19
8
67
7
18
27
71
10
14
2
11
5
11
5
29
9
11
77
23
4
46
2
16
67
3
3
13
7
24
7
29
38
118
4
14
14
4
24
26
3
55
7
1
29
9
1
1
8
12
6
32
9
4
20
26
12
4
5
43
61
39
31
63
2
19
61
2
30
12
133
2
49
2
13
16
2
18
17
6
1
26
7
1
3
379
20
17
4
2
29
4
5
10
16
1
9
2
21
9
1
2
17
39
56
113
4
1
3
9
13
89
13
1
10
7
1
53
11
27
18
60
47
1
5
27
13
6
126
45
1
4
19
2
5
4
3
15
2
12
43
2
13
15
7
16
1
2
4
2
17
41
2
23
22
10
30
3
12
23
4
11
52
42
52
9
1
1
15
8
41
13
1
7
47
2
3
3
34
14
10
6
8
20
8
1
23
5
8
11
46
12
16
226
13
70
95
12
14
1
22
36
11
10
2
10
1
13
16
23
9
17
4
6
1
6
13
94
19
8
8
3
7
8
6
1
3
14
10
43
163
2
4
2
2
48
1
4
2
5
4
3
13
2
64
4
29
2
2
61
66
305
64
57
5
6
31
69
4
21
4
46
4
8
29
3
13
9
14
87
2
7
17
1
37
67
9
1
2
37
1
9
58
4
5
1
9
1
104
9
15
1
21
4
7
8
11
168
27
6
14
5
11
1
8
39
5
21
44
6
10
18
8
17
7
35
14
5
30
17
309
6
5
103
6
6
11
71
5
17
33
28
8
25
36
64
17
7
42
20
20
2
6
49
51
1
4
56
3
16
11
23
4
67
22
19
10
31
7
18
120
22
22
3
2
31
5
66
14
57
40
37
1
5
21
4
6
2
52
17
45
6
5
11
6
26
19
102
17
9
3
15
7
49
6
2
47
12
25
35
21
9
11
21
5
21
5
3
2
47
34
6
3
28
21
31
45
12
