2
455
28
14
1
215
641
241
6
263
22
53
11
174
72
3
56
377
6
6
2
6
117
341
292
112
10
14
7
5
76
306
258
4
128
15
364
136
3
179
12
3
6
335
2
3
59
4
4
426
8
6
17
445
4
26
2
280
92
579
2
85
194
644
601
43
7
55
6
8
4
70
116
291
3
4
379
143
446
8
79
6
4
1
1
126
5
84
251
6
2
24
2
1
178
4
12
15
4
72
444
104
140
2
16
10
144
307
37
7
54
34
72
135
2
6
16
65
2
410
2
16
399
35
36
47
189
39
5
2
34
164
18
17
97
6
24
49
22
86
30
220
335
46
2
63
7
37
131
5
9
42
383
182
556
843
37
391
10
54
9
5
34
5
5
2
1
106
1
219
241
236
18
2
3
18
63
22
1
211
17
12
176
2
355
24
392
152
42
4
32
11
430
171
37
2
58
20
14
9
6
6
20
95
15
2
34
3
2
5
20
22
1
321
6
19
7
1
32
29
12
189
66
1
16
50
537
5
21
2
139
3
214
238
547
4
11
190
3
161
5
12
80
3
320
276
1
434
52
498
72
36
17
13
3
1
238
70
271
78
402
32
179
119
16
49
20
35
114
3
497
17
306
20
28
1
228
21
1
1
4
16
16
211
20
33
4
49
3
19
127
9
335
1
269
112
35
443
15
12
76
6
62
2
442
133
1
863
14
33
4
198
367
6
10
11
2
2
17
10
350
128
770
27
41
16
68
200
187
11
1
1
49
478
11
2
3
45
1
19
247
3
9
11
53
29
102
86
189
52
456
6
98
3
335
8
15
11
1
28
15
193
4
3
4
6
19
334
208
9
3
13
1
3
2
320
5
223
15
4
8
403
7
84
43
1
69
246
170
26
1
23
1
30
2
131
2
27
11
645
19
11
108
165
242
552
15
37
20
13
53
8
364
14
201
206
1
43
9
38
13
33
5
40
66
27
6
19
605
7
1
5
42
65
117
7
459
14
94
28
32
11
1
21
341
47
12
52
8
7
454
411
353
4
2
353
4
2
77
249
71
21
552
716
5
64
10
1
62
2
491
160
15
590
2
2
4
181
57
5
3
95
39
46
2
314
10
5
48
36
9
40
141
303
2
128
389
7
188
2
516
272
3
1
2
26
2
446
2
400
9
15
289
5
6
2
55
2
17
6
39
8
8
167
235
7
419
105
25
33
2
108
69
5
128
80
3
2
47
3
54
6
79
74
658
1
14
9
78
31
20
2
94
339
473
122
833
413
55
2
15
36
35
70
222
92
4
594
1
5
70
9
73
74
75
189
234
598
11
2
4
40
1
81
32
7
412
26
14
37
218
548
572
85
4
6
110
1
252
73
171
198
24
5
5
324
362
506
464
11
9
274
425
76
13
25
403
119
80
5
137
3
47
3
1
13
2
2
110
18
90
39
3
379
29
263
145
7
39
447
3
28
433
23
51
36
271
10
10
100
6
31
31
29
34
16
2
4
444
47
66
26
126
138
35
50
1
11
9
50
4
410
1
59
20
643
81
31
416
38
6
11
5
370
76
17
3
4
415
232
3
240
106
225
459
15
22
64
39
26
11
3
2
9
445
2
53
73
1
9
17
206
2
9
14
3
27
52
781
1
40
4
86
28
379
40
194
3
380
4
320
4
20
7
1
89
1
22
11
4
15
483
54
1
28
13
3
3
21
2
60
1
323
187
210
98
270
92
3
11
171
19
152
162
189
4
20
10
