3
1
5
1
1
6
1
2
6
1
1
2
1
2
1
1
1
24
1
1
1
1
1
7
1
1
209
1
1
1
1
1
3
4
1
12
1
1
2
5
2
1
1
3
3
1
2
1
115
2
1
2
2
1
3
4
2
15
8
1
1
1
1
2
1
1
1
1
1
1
1
1
36
1
1
3
1
2
3
1
2
1
48
1
391
1
2
1
1
299
5
1
7
1
1
1
3
1
1
1
7
1
5
1
1
1
2
8
5
1
8
2
2
20
1
168
1
3
1
2
5
4
9
2
1
1
6
1
1
51
47
6
1
3
1
2
1
2
1
1
9
1
5
1
1
3
1
1
17
1
2
1
1
4
1
2
1
1
1
3
1
1
1
1
1
1
1
2
1
2
1
1
24
1
1
8
8
6
2
1
3
1
2
1
1
5
1
1
5
1
1
62
3
4
2
1
1
1
2
56
1
2
1
1
4
1
1
1
2
1
2
1
7
2
10
2
2
4
1
4
1
1
1
1
3
1
1
2
2
2
2
1
2
1
1
1
1
17
1
23
2
3
4
1
1
1
1
1
1
8
1
2
2
2
1
1
1
1
3
11
1
1
5
1
1
7
7
1
4
1
5
1
1
1
16
5
1
3
1
1
1
199
1
1
2
1
1
2
10
2
139
1
1
1
1
2
41
22
1
1
4
1
1
1
2
28
1
6
1
1
2
14
1
2
1
1
4
1
1
5
1
1
28
1
3
2
1
1
18
5
1
8
1
4
6
1
1
2
1
1
3
2
1
2
1
1
11
1
3
8
1
65
1
2
24
39
1
1
1
2
3
33
9
2
1
1
1
3
10
55
1
3
33
3
3
2
1
1
1
2
1
1
2
2
1
12
1
1
1
1
2
10
1
16
1
5
2
1
1
1
2
3
1
1
2
30
1
7
2
1
3
1
1
1
1
29
4
2
1
1
1
1
33
2
1
4
5
4
1
2
30
1
23
1
7
1
22
1
4
10
35
14
1
1
1
1
4
707
1
1
1
1
1
5
1
1
3
2
2
1
3
1
1
1
1
1
3
1
3
2
1
6
1
1
1
1
2
2
1
1
1
2
1
1
1
1
64
1
27
1
1
1
1
1
13
1
1
1
7
3
3
1
5
2
44
1
14
1
15
2
3
1
6
1
1
1
1
2
56
3
1
1
1
1
2
1
1
165
1
1
2
1
1
3
1
16
4
376
25
2
1
2
3
4
1
1
1
19
1
2
21
13
1
2
3
4
4
4
4
11
2
2
1
1
7
1
2
1
1
1
2
11
1
16
1
1
1
1
1
1
1
1
1
1
3
4
1
2
7
1
1
2
1
36
3
1
1
1
35
1
4
13
37
267
14
1
1
1
1
2
1
1
1
38
2
1
3
1
6
1
3
1
1
1
1
2
1
1
2
1
1
1
1
1
1
2
1
127
1
1
2
1
1
2
175
6
1
1
1
1
3
1
1
3
5
11
4
1
1
8
1
1
1
32
5
1
10
2
4
1
7
20
1
1
1
1
5
115
36
15
5
1
1
1
1
4
3
19
34
1
2
1
1
1
14
1
1
3
18
3
1
4
3
1
6
1
3
2
1
1
2
7
1
24
1
1
4
1
1
1
1
1
1
1
1
3
1
1
16
1
4
95
1
1
1
1
1
1
1
1
1
1
1
33
27
1
24
1
2
25
2
5
2
1
6
1
1
3
1
1
1
1
1
1
2
3
6
1
2
4
19
37
1
1
3
219
3
1
37
115
18
1
1
11
2
12
1
1
1
14
1
1
1
1
4
1
1
4
1
1
1
3
14
2
5
2
1
1
1
1
1
1
2
1
2
1
1
2
11
27
2
1
1
1
1
1
1
1
1
1
1
1
1
35
1
9
8
1
5
1
1
1
2
12
1
1
1
1
2
1
1
1
2
1
1
1
95
4
1
1
1
6
12
1
1
1
2
1
1
1
2
1
20
1
1
1
18
1
3
2
4
1
5
1
1
2
3
1
20
2
1
2
3
2
4
2
10
7
149
1
3
1
2
1
14
1
5
6
37
1
1
3
2
1
1
1
1
4
4
1
1
3
1
1
2
1
1
8
2
1
1
6
1
3
1
6
1
1
2
1
1
2
1
1
1
1
13
4
1
1
1
1
5
1
1
2
7
1
15
2
1
1
1
1
1
2
18
1
1
4
1
1
4
2
112
1
2
7
5
2
1
1
2
1
1
1
1
1
6
6
1
1
1
1
5
1
4
1
1
3
2
3
5
2
23
2
1
1
13
4
9
2
1
1
1
1
1
2
1
4
19
2
4
2
1
1
1
1
4
1
1
1
170
1
1
1
5
18
3
4
1
4
1
1
16
1
20
1
2
1
63
1
3
1
65
1
25
1
2
1
1
7
9
16
1
2
2
1
1
1
1
1
1
1
10
1
1
1
1
2
1
3
2
1
2
5
18
2
116
2
2
2
6
1
5
1
1
3
1
1
61
16
8
4
1
1
19
1
1
3
2
11
4
1
5
1
4
1
1
1
2
1
1
401
2
3
10
2
1
1
2
1
6
1
1
2
1
1
1
23
1
4
1
5
1
1
3
9
3
1
1
14
7
1
5
5
1
1
4
1
1
3
2
1
1
5
1
3
7
9
9
1
109
9
1
2
1
2
3
2
1
1
6
1
1
10
1
6
2
2
1
141
5
22
5
2
1
19
1
1
1
1
1
3
93
1
1
2
1
1
11
1
2
1
23
1
1
1
6
8
1
16
1
1
1
14
7
3
3
1
3
1
2
2
1
34
25
1
2
96
6
1
1
4
3
1
1
2
34
2
2
1
6
1
1
1
2
105
100
7
168
1
26
1
1
3
2
2
2
2
1
11
3
3
1
1
5
2
1
2
6
1
1
1
1
1
1
1
1
1
1
25
3
4
2
8
4
1
1
16
2
1
1
3
1
1
42
1
6
1
1
1
2
1
51
1
643
1
4
1
1
1
1
1
151
3
2
1
5
5
6
1
1
1
1
13
1
8
31
18
9
4
1
1
1
1
1
1
3
3
8
14
1
1
1
1
1
1
2
100
1
2
1
6
1
11
4
10
1
1
1
1
1
1
1
1
2
1
1
3
1
1
3
31
2
1
1
1
1
3
48
11
113
2
1
2
1
44
1
2
1
1
1
1
22
1
1
1
61
2
1
7
1
10
1
2
49
1
3
1
17
16
1
1
12
1
1
1
87
6
10
1
1
3
25
18
4
1
1
1
1
100
1
2
1
4
1
1
22
1
1
1
2
4
2
7
7
8
49
1
1
1
3
1
10
1
9
7
14
1
13
7
1
10
1
1
1
1
1
3
1
3
5
6
8
1
9
1
6
1
17
4
3
2
11
3
3
2
1
1
1
15
2
1
3
1
14
1
1
1
9
1
1
211
11
2
3
17
1
1
6
1
1
6
1
1
9
5
1
105
1
1
1
1
1
5
4
4
6
3
1
1
2
97
1
23
4
48
4
1
1
1
3
1
2
1
1
2
17
5
1
1
2
44
145
1
1
9
8
6
1
1
1
1
1
7
130
14
2
1
104
2
5
1
1
1
1
1
8
11
1
124
1
5
1
1
1
2
6
1
1
1
2
71
16
2
2
1
1
250
3
1
2
7
1
2
2
17
164
1
1
1
1
1
5
1
6
2
3
1
13
3
1
1
5
2
1
1
82
4
3
2
1
1
58
1
1
44
4
9
1
1
1
7
1
1
1
1
1
1
2
1
1
2
6
2
1
1
1
1
2
86
20
3
1
16
1
1
42
1
1
1
1
1
1
1
1
1
1
1
2
39
1
1
1
32
4
2
1
1
1
3
7
2
1
5
1
1
2
1
1
1
61
44
1
1
1
2
3
8
1
1
6
14
14
27
1
8
29
1
2
2
13
251
11
3
4
6
1
1
1
1
1
2
1
1
1
1
38
1
8
15
1
1
1
7
87
2
1
1
1
10
1
2
1
8
20
1
8
32
1
4
1
1
2
2
1
4
1
218
1
1
21
1
17
3
1
1
1
8
130
1
8
1
1
5
1
9
1
1
15
1
4
1
1
2
1
6
24
1
8
10
32
2
31
1
6
69
1
40
77
1
6
1
1
62
1
490
1
2
2
2
3
8
282
3
2
1
78
7
1
1
2
8
8
4
1
1
77
1
8
28
1
13
18
204
1
2
1
1
1
2
24
1
1
1
1
2
1
1
2
2
1
1
6
1
1
109
1
2
4
1
1
1
1
7
7
15
154
1
1
2
2
37
1
4
1
1
1
1
1
1
30
1
1
1
1
1
3
1
1
1
1
1
1
4
1
4
300
5
1
1
1
1
1
1
2
2
1
4
1
1
1
5
3
1
8
1
19
4
2
1
10
2
3
3
1
1
1
1
1
1
1
1
1
7
1
1
1
150
7
1
1
4
5
1
1
1
1
9
2
1
1
1
1
3
1
1
1
4
2
7
150
1
2
17
1
2
3
6
1
2
1
1
2
1
1
1
2
2
1
39
5
19
1
24
65
3
1
1
1
1
4
2
6
1
1
1
99
2
1
36
1
3
1
19
1
1
260
1
1
2
2
4
1
1
1
1
1
1
1
157
1
1
2
2
1
1
1
1
7
1
4
3
1
10
3
2
1
1
1
2
75
1
150
1
2
1
1
4
1
16
1
1
3
1
4
1
1
1
1
1
1
2
25
1
1
1
5
3
1
3
2
1
1
1
1
3
1
9
1
1
1
1
4
1
2
1
1
1
1
1
1
1
1
6
1
1
1
1
5
1
1
1
11
1
37
1
54
7
1
8
1
4
1
4
3
1
1
1
71
4
4
1
5
1
3
2
3
1
1
2
2
7
1
1
2
1
3
8
46
1
10
43
1
2
1
3
1
31
79
59
1
5
1
52
25
1
2
1
1
4
1
1
1
4
3
1
1
1
5
1
8
2
21
49
1
1
4
1
2
1
17
2
1
1
3
1
2
1
2
1
2
129
10
1
10
16
16
1
1
1
2
464
1
2
1
37
1
1
1
17
12
1
1
2
7
4
1
1
1
40
1
1
1
9
1
1
1
31
1
1
44
1
1
1
4
4
1
1
1
1
4
1
1
5
1
1
1
42
2
1
1
4
2
1
1
1
1
1
2
1
1
1
12
6
2
1
1
1
3
1
11
1
1
1
1
2
18
244
1
2
1
1
91
8
1
1
1
1
2
1
4
4
4
2
2
2
1
1
3
1
107
7
3
1
3
1
14
4
1
2
1
1
4
1
5
1
1
1
1
1
1
3
1
1
1
1
1
2
1
6
1
3
15
1
7
1
1
1
20
3
1
1
7
2
8
1
5
1
4
1
10
1
1
5
6
25
1
13
1
1
1
2
1
40
3
1
1
2
2
11
1
1
1
1
1
2
7
1
11
1
1
1
5
1
1
100
1
58
2
1
4
1
2
2
38
1
1
2
1
1
1
3
2
7
2
16
1
1
13
1
1
3
1
1
1
11
1
1
1
1
1
1
1
1
1
1
2
1
1
2
2
1
1
1
1
1
1
1
1
1
1
3
10
697
2
1
1
1
21
45
16
13
3
2
5
4
4
4
1
10
1
11
1
32
5
1
29
1
33
1
2
11
2
1
2
4
1
1
2
1
2
3
14
2
108
3
1
1
5
1
206
1
1
1
1
2
1
1
2
1
320
2
1
66
8
2
3
1
1
2
1
7
16
1
4
1
3
14
41
2
16
1
3
1
1
1
5
16
1
1
3
36
1
1
3
3
1
6
22
5
1
2
1
3
1
5
1
244
2
1
16
3
1
3
2
2
1
2
1
1
1
1
7
11
4
13
2
1
1
1
4
1
1
3
80
2
3
1
1
220
1
1
3
1
3
4
1
5
2
1
1
5
7
10
5
1
1
2
1
1
1
1
12
9
1
1
1
3
1
45
292
2
1
3
1
3
33
3
1
1
1
19
1
4
2
3
2
1
3
35
1
2
1
182
3
311
12
24
1
1
2
6
3
2
75
2
105
1
1
1
2
1
1
1
1
2
16
1
1
1
10
1
1
1
2
1
1
1
2
1
1
2
1
17
2
1
5
5
4
1
6
4
1
21
1
1
6
1
1
11
6
1
1
3
3
7
7
1
1
1
8
326
1
3
1
3
2
1
1
3
1
4
8
6
1
5
1
13
105
1
170
1
2
1
1
6
1
1
2
1
1
1
4
5
32
1
1
1
1
1
2
1
1
1
2
1
3
16
1
5
5
1
1
1
2
173
10
1
1
1
10
18
3
1
4
2
1
5
1
6
1
1
1
1
7
1
11
1
1
1
1
2
1
2
1
40
2
1
20
2
2
1
1
2
1
13
1
3
1
1
1
33
1
1
1
1
13
1
8
22
1
1
3
1
12
1
2
3
3
116
6
2
3
9
1
2
1
8
1
36
1
1
1
1
1
1
1
1
1
1
1
1
12
35
1
1
2
5
1
1
1
1
1
3
3
1
87
1
1
1
2
24
1
4
2
3
1
3
17
1
1
1
1
1
8
2
4
91
3
3
2
1
13
1
1
3
2
1
2
1
1
1
1
2
1
1
23
1
72
9
102
1
1
2
1
14
1
1
1
1
9
1
1
1
4
1
4
1
253
2
4
1
151
10
141
1
2
8
3
1
2
1
1
1
1
4
8
1
1
1
4
1
1
3
1
1
1
10
1
5
8
3
1
1
1
10
3
3
1
8
1
2
1
3
1
39
2
1
53
1
2
4
1
14
2
1
1
3
1
1
1
14
1
1
1
1
7
2
9
2
16
1
1
1
2
1
1
12
1
1
9
7
7
1
7
3
1
1
4
1
1
4
1
4
1
2
3
2
35
1
1
1
2
1
3
2
4
6
1
2
1
5
3
1
5
1
1
8
5
1
1
18
1
1
1
3
14
9
5
1
1
23
1
3
1
3
1
16
1
1
3
8
1
1
4
1
1
2
1
4
1
1
1
1
1
2
19
1
53
5
362
1
253
2
58
1
5
1
1
77
1
1
3
3
3
11
1
1
5
3
3
1
1
1
57
2
4
16
1
2
1
1
2
1
2
1
1
5
2
1
1
1
1
1
1
1
1
23
1
7
1
2
10
5
1
1
13
1
1
1
2
1
1
1
3
1
3
2
2
5
1
1
1
1
2
11
71
2
1
1
1
4
1
1
41
9
1
4
2
11
3
2
5
20
1
1
1
18
1
12
3
106
1
1
1
1
1
3
6
4
4
2
1
7
1
2
1
1
1
32
8
1
15
2
4
1
25
27
3
262
1
3
1
9
3
1
2
5
1
1
1
1
1
11
1
1
1
35
2
1
6
34
17
12
2
1
26
18
1
7
2
7
1
2
1
1
9
1
1
5
4
2
1
4
16
12
1
1
1
2
2
1
3
35
1
5
1
7
1
1
1
10
1
1
3
4
1
1
2
1
1
1
1
16
1
1
1
2
1
1
16
1
39
1
1
36
1
1
1
1
1
1
113
79
2
1
1
2
1
1
1
4
1
2
1
1
15
1
1
1
1
2
1
1
5
1
1
1
2
1
5
1
1
1
1
1
2
28
1
1
1
1
5
2
1
2
1
1
4
1
10
8
1
1
6
1
1
1
14
144
9
212
1
1
1
1
1
1
1
34
1
36
2
4
1
2
2
1
1
1
1
1
2
1
189
1
15
123
38
30
1
156
3
1
1
11
3
1
2
2
1
1
2
1
1
1
3
60
1
1
1
1
11
1
4
40
2
1
1
1
4
12
1
55
2
1
1
4
1
1
2
1
2
1
6
2
1
11
1
4
1
1
1
2
1
60
2
10
2
1
1
66
1
2
2
24
5
1
1
4
3
4
3
1
2
19
21
1
1
1
1
3
1
8
3
1
1
7
13
13
2
1
1
2
1
1
4
2
3
13
1
1
28
5
1
3
1
53
5
1
4
3
1
5
1
1
1
1
1
1
1
2
2
1
2
13
109
1
2
6
1
3
6
1
13
1
1
2
1
1
1
2
1
5
1
3
7
1
1
1
1
1
1
1
1
1
3
1
2
1
2
7
1
1
2
1
1
4
1
1
2
3
2
1
3
1
1
1
1
8
5
1
2
9
1
2
2
2
1
1
1
1
1
1
1
7
2
1
1
24
33
1
21
7
1
2
22
1
1
1
10
1
245
1
1
1
4
1
1
3
1
1
141
51
3
3
1
122
1
2
1
6
1
1
1
1
1
3
2
2
77
1
67
1
2
18
1
9
2
16
1
7
1
1
1
1
263
3
1
11
1
1
3
4
1
10
18
1
1
4
78
1
1
25
1
4
1
1
127
1
4
34
2
1
2
1
83
2
1
1
2
1
3
173
2
1
1
2
5
87
1
4
1
4
1
5
33
3
3
31
81
2
1
1
3
1
16
15
2
75
21
1
1
1
1
1
1
4
61
3
1
3
1
1
3
2
1
1
2
2
1
3
11
11
1
2
3
2
1
1
18
1
7
1
2
1
1
2
5
1
3
9
1
2
2
1
2
1
1
2
1
1
1
3
1
1
1
10
51
1
1
32
1
1
4
6
15
6
14
1
1
5
1
2
2
4
1
1
1
4
15
1
1
1
2
1
1
1
2
2
2
1
3
1
91
2
1
7
1
34
1
1
5
2
1
1
1
1
40
1
1
2
59
3
1
1
5
1
46
1
1
1
1
1
1
1
20
2
1
1
1
1
1
1
1
1
2
2
1
1
1
20
2
2
1
1
421
6
1
1
2
1
1
1
2
1
7
1
17
1
1
1
5
7
1
2
27
1
1
89
1
1
8
1
20
5
1
3
20
1
1
8
1
3
1
1
1
3
1
32
70
1
2
2
2
1
9
52
1
145
8
1
3
1
1
23
3
1
1
10
1
1
2
1
1
6
1
1
5
1
1
1
6
9
1
1
3
1
1
5
1
1
1
2
1
1
1
1
1
3
27
241
1
1
11
1
1
1
2
12
1
1
1
2
1
2
1
1
1
1
5
11
1
4
1
2
101
13
2
2
18
1
1
1
2
2
1
1
1
1
1
2
1
2
4
8
55
1
1
1
2
34
2
2
1
2
5
5
1
18
2
33
4
2
2
1
1
7
58
2
3
1
1
3
2
5
1
3
7
1
1
1
4
1
1
1
1
1
1
1
2
1
8
1
1
6
1
1
1
2
1
3
1
1
1
2
1
37
2
2
2
1
7
2
2
291
4
1
4
1
7
1
5
1
1
1
1
120
1
1
2
1
1
5
1
2
8
1
23
9
1
2
1
4
4
1
3
19
2
2
3
18
4
3
9
1
1
1
4
1
1
1
2
7
4
1
1
1
1
2
2
31
2
1
1
1
35
10
2
1
55
5
1
1
3
1
1
1
1
1
1
1
1
18
1
4
1
1
18
1
2
49
1
5
60
1
1
1
7
1
1
1
3
1
2
1
5
3
1
1
2
1
1
1
2
1
3
1
3
1
1
1
1
30
13
1
1
10
4
5
2
1
2
3
1
2
1
1
1
1
1
10
80
1
1
1
3
2
7
2
2
1
2
1
1
1
1
10
1
3
19
2
1
8
1
1
1
3
1
5
27
2
1
3
1
26
2
1
1
1
38
5
5
2
4
1
3
1
2
1
1
204
1
3
1
1
1
1
2
1
2
1
4
25
4
37
2
1
4
1
2
1
1
35
1
3
1
2
1
1
1
1
1
1
1
29
84
1
4
26
4
2
1
1
1
3
55
1
1
1
1
1
8
10
4
5
1
1
1
6
1
14
6
1
1
1
26
1
1
1
1
147
1
133
10
9
3
2
7
2
1
31
3
3
26
1
1
1
2
2
19
1
1
4
2
294
1
1
1
1
1
213
1
1
28
4
2
1
1
1
1
7
1
1
11
1
1
2
1
1
1
1
1
4
1
1
1
1
1
14
4
1
6
4
1
1
2
1
5
2
1
1
2
2
1
1
1
1
5
15
2
1
3
14
1
2
74
1
2
1
7
1
1
1
1
1
1
13
1
2
6
4
1
6
2
1
6
1
45
1
1
9
2
6
6
2
1
1
2
25
2
1
10
1
2
2
2
1
1
1
1
3
1
1
2
1
2
1
3
43
1
1
5
3
1
4
1
2
80
1
3
1
2
1
4
1
3
1
43
1
3
4
1
1
2
1
4
1
179
1
4
16
1
6
20
1
2
1
11
2
1
1
5
2
8
1
1
2
1
1
1
4
1
2
1
1
15
8
2
1
2
1
2
1
2
3
1
2
1
12
2
1
2
2
1
1
2
4
8
2
1
1
1
5
1
10
1
1
1
4
4
36
1
6
3
1
1
1
1
1
1
1
25
1
1
5
1
7
1
1
3
2
1
2
1
1
1
3
1
1
1
1
3
7
2
1
20
1
3
4
1
1
10
1
2
1
1
6
1
2
1
1
1
4
3
2
2
1
1
2
2
1
7
432
1
2
3
2
3
3
5
1
2
1
175
1
1
2
260
3
1
1
1
1
1
1
3
1
3
1
9
1
1
1
1
1
2
5
1
1
1
1
1
1
3
1
3
1
1
2
1
1
2
31
1
32
1
38
1
1
2
1
1
1
1
2
2
1
1
1
1
1
2
3
1
3
1
10
1
1
2
6
3
1
10
15
2
22
1
2
1
2
27
5
1
25
2
1
1
6
16
1
2
3
1
1
1
1
1
3
2
1
2
2
1
40
2
12
72
1
1
1
1
1
1
1
1
1
29
5
14
6
1
1
3
1
1
1
2
1
1
3
30
1
1
1
28
1
1
18
1
2
2
1
26
1
1
1
2
11
1
5
12
3
1
1
1
1
1
3
1
1
54
10
3
1
1
1
2
1
2
1
1
4
2
147
2
2
6
46
1
1
10
1
1
93
4
1
1
1
2
1
1
1
1
4
1
6
1
1
1
1
1
7
1
1
5
1
11
3
1
1
116
4
1
4
1
2
1
55
1
1
1
3
77
3
1
1
3
1
2
5
1
1
80
1
1
8
12
2
1
1
25
1
13
1
1
25
1
1
1
1
1
1
1
2
1
2
1
1
1
6
79
1
1
1
2
1
2
2
1
1
3
1
2
3
1
1
1
1
2
1
1
2
104
1
1
1
1
1
79
1
1
1
1
11
1
3
1
4
1
45
2
1
3
1
2
1
8
4
13
1
1
1
1
9
1
28
1
5
1
1
2
1
1
1
1
1
1
18
1
1
3
1
1
1
1
1
1
8
11
1
4
3
12
40
2
1
1
2
8
7
1
1
2
10
8
41
3
1
1
1
2
1
1
34
1
104
1
1
2
1
2
1
1
3
1
1
2
1
1
1
1
2
1
3
6
1
45
3
30
8
1
2
1
1
2
4
2
1
1
24
4
1
2
1
1
1
7
2
1
1
1
1
1
10
1
3
2
1
1
1
1
1
1
6
23
1
2
1
28
2
1
1
1
3
1
1
1
1
116
1
1
1
15
1
6
1
1
2
9
1
2
1
1
7
3
2
1
5
1
3
6
3
4
1
46
53
28
4
1
1
3
9
11
2
4
1
1
3
1
1
1
1
2
1
1
3
1
2
1
2
4
1
2
1
3
1
5
4
1
1
199
1
1
17
1
1
1
1
1
16
1
17
1
101
40
56
1
9
4
7
3
1
1
1
46
1
4
2
2
4
1
2
1
22
1
1
54
1
1
1
4
66
1
70
1
3
2
1
11
1
2
4
1
1
2
1
4
1
5
1
1
4
5
37
1
1
1
12
3
10
2
3
118
1
1
1
1
1
4
1
6
4
1
1
1
5
33
1
1
8
1
7
1
22
3
2
2
1
3
1
1
29
117
1
2
1
1
1
1
1
1
1
11
16
1
1
1
2
1
9
2
1
5
1
3
1
9
1
9
1
3
1
1
5
7
2
2
1
2
4
4
1
1
1
1
1
9
5
18
5
1
1
1
1
3
1
1
3
10
1
1
4
1
1
18
7
7
4
3
1
1
1
52
1
2
2
1
1
3
1
1
1
9
4
1
3
21
1
1
1
2
2
4
1
27
1
2
1
5
4
3
1
4
24
1
10
1
2
1
1
1
1
14
3
180
1
1
175
18
6
1
3
1
1
5
1
1
7
2
1
3
2
3
1
1
1
1
1
1
1
11
2
1
1
2
1
1
2
14
1
35
1
1
1
1
1
5
2
5
1
6
1
1
2
2
12
4
12
5
8
6
1
14
1
1
6
4
10
1
2
1
1
1
117
3
2
5
7
31
4
1
1
1
1
2
1
1
2
23
56
1
1
1
2
1
1
4
1
1
1
12
5
1
37
1
71
29
8
6
2
137
5
2
3
1
124
1
4
1
7
1
1
9
1
1
2
7
7
3
5
1
7
1
1
1
1
1
1
4
2
1
1
1
1
1
26
28
1
26
1
1
7
1
2
5
1
1
2
2
1
3
1
1
2
11
1
1
6
21
1
1
27
1
51
1
1
1
2
1
1
83
1
1
3
22
1
18
1
2
1
1
1
1
1
1
3
1
1
1
1
2
4
1
58
1
1
1
4
1
21
15
1
5
1
5
1
1
1
1
2
1
6
1
1
1
1
5
1
8
1
1
11
2
1
3
18
2
1
1
1
1
3
2
1
3
1
1
8
7
1
4
1
1
3
1
2
1
33
1
29
1
1
1
1
3
113
99
1
1
1
3
269
1
1
1
1
4
1
2
39
5
39
1
1
19
2
1
25
3
1
2
26
1
2
1
1
59
1
1
4
18
50
52
1
1
1
1
1
4
2
6
1
1
1
1
2
5
1
333
1
1
2
1
1
3
13
4
1
2
3
1
1
2
1
1
2
5
14
44
1
1
1
1
2
2
1
29
8
1
1
11
1
2
1
1
1
1
4
148
1
11
8
1
1
1
1
1
1
1
1
7
2
1
2
2
2
1
1
1
1
1
1
6
5
4
1
1
1
86
1
1
1
15
6
1
36
20
2
2
1
1
6
2
1
13
1
2
1
2
17
1
1
1
1
1
6
16
3
1
1
5
1
25
1
6
2
16
125
1
5
2
74
1
7
1
1
1
27
11
1
1
1
1
1
1
1
1
1
1
1
3
1
1
1
2
2
35
1
2
2
1
1
4
1
1
1
1
1
1
1
2
1
3
4
1
1
1
1
1
1
54
4
1
1
1
1
1
1
2
1
1
1
1
28
1
1
1
1
6
1
5
1
1
3
2
2
5
2
6
1
124
1
6
2
166
1
1
1
6
1
3
1
1
1
22
2
1
1
1
2
1
3
1
65
1
1
1
5
1
2
1
4
1
13
2
2
1
1
2
1
16
1
1
7
1
1
1
2
1
1
1
227
2
1
7
7
1
32
1
1
2
1
2
1
13
2
1
1
20
1
1
1
6
1
1
1
1
1
1
11
7
1
2
85
24
2
1
1
6
13
3
1
81
5
1
5
1
2
2
1
1
1
1
4
1
1
4
14
1
1
37
1
21
4
1
3
1
1
2
1
26
1
2
2
100
1
43
4
2
1
1
89
3
177
1
2
1
1
1
1
3
3
1
2
4
1
1
1
1
1
4
3
1
47
6
1
27
1
3
2
9
257
9
1
5
2
1
22
1
3
182
128
1
7
2
1
3
2
3
27
1
2
1
1
2
2
1
1
1
2
1
6
2
1
2
3
2
2
1
1
1
1
4
1
1
2
8
69
1
3
1
78
11
1
6
1
1
12
2
8
4
1
20
7
13
2
3
3
2
1
4
14
1
2
1
14
2
1
2
7
1
2
2
1
1
28
1
31
214
1
1
1
1
1
2
3
6
8
49
1
1
1
6
93
6
1
1
5
5
10
2
8
1
1
2
1
1
1
1
4
1
320
1
1
1
3
9
1
1
1
1
1
1
5
1
1
1
7
1
18
1
3
1
1
2
7
1
25
3
1
1
1
1
2
3
1
1
1
1
2
7
1
3
4
1
1
1
2
1
1
10
1
1
1
1
2
1
1
10
2
7
1
9
2
71
1
1
1
3
1
3
323
1
1
1
37
1
44
1
1
2
1
3
1
11
1
1
3
2
1
1
1
1
35
6
2
1
2
2
4
2
20
70
1
1
1
1
1
1
1
4
52
2
4
1
2
1
2
2
1
1
55
13
1
50
2
1
3
1
1
17
1
12
6
4
1
1
1
1
2
1
1
1
1
1
1
1
134
1
1
1
3
1
2
27
1
1
1
1
1
2
1
1
1
1
3
1
1
1
1
1
2
2
9
2
7
1
1
2
4
2
49
1
7
1
5
2
2
2
1
1
10
1
5
2
3
1
1
1
37
7
1
1
1
1
1
1
2
5
1
8
5
1
2
1
10
1
1
1
1
1
2
361
1
1
25
2
4
1
1
1
1
2
1
1
178
1
2
1
2
4
1
1
1
3
1
1
32
2
1
1
1
383
3
1
1
1
1
3
1
1
10
2
1
1
2
1
1
1
1
2
2
4
1
6
9
1
1
1
2
2
1
1
1
2
1
2
2
1
2
1
1
41
1
28
1
1
1
1
1
1
4
1
6
1
1
1
1
1
1
5
11
1
2
1
7
131
1
1
3
1
1
77
8
2
1
22
1
1
1
1
5
13
1
4
1
4
8
1
1
1
9
1
1
12
1
3
5
1
4
1
1
6
3
5
1
1
40
153
2
1
1
1
2
2
94
2
1
15
2
5
1
1
1
1
1
3
2
3
3
2
1
1
3
1
13
2
1
1
85
13
12
1
3
2
7
1
1
1
1
1
1
63
1
2
1
1
1
3
1
2
7
2
1
3
2
82
1
1
1
11
1
1
1
1
1
2
3
2
1
7
1
1
3
1
2
8
6
2
1
3
2
3
1
1
2
24
1
2
2
6
4
27
2
1
1
1
5
3
1
1
1
1
30
1
2
1
1
1
1
16
78
1
1
6
1
1
1
1
2
2
1
1
2
1
286
1
2
5
1
1
4
1
4
21
2
6
14
1
1
2
4
2
1
1
1
1
5
1
1
1
1
1
3
15
1
1
2
1
1
1
1
4
1
1
8
6
17
1
2
1
2
1
1
3
1
1
2
4
1
1
1
1
1
58
1
1
2
1
1
1
1
1
1
1
1
16
1
19
13
65
1
2
6
1
2
1
207
1
1
2
1
1
6
5
3
1
10
1
1
4
4
1
1
1
1
1
2
1
2
1
1
1
1
1
1
10
1
1
1
1
1
3
1
1
2
1
1
7
55
4
1
1
1
1
1
1
2
1
1
4
1
13
1
1
1
44
1
1
1
35
1
2
1
13
1
26
1
6
3
1
1
1
86
1
6
1
1
1
1
1
1
1
2
1
1
35
1
1
3
2
1
1
1
1
8
4
1
1
1
1
1
2
1
3
1
1
4
5
1
16
1
1
1
252
2
1
2
468
1
1
1
1
3
2
1
1
1
1
18
2
1
1
4
1
1
5
1
1
1
4
1
1
5
1
1
3
1
1
1
5
1
1
1
1
7
1
1
1
181
7
1
1
1
1
1
1
2
1
6
5
1
1
1
1
1
3
7
10
3
1
2
2
3
26
3
1
1
21
1
1
128
3
2
9
1
77
3
1
1
3
85
1
1
1
2
27
2
3
3
6
1
1
31
1
1
1
7
2
2
1
1
1
1
5
1
3
1
1
1
1
3
47
1
4
1
2
3
2
3
1
2
1
4
1
3
1
7
1
1
1
2
1
1
1
5
2
3
1
2
3
14
1
113
110
3
1
1
1
1
1
2
1
1
1
1
1
9
2
3
1
1
1
1
26
1
1
22
1
11
1
2
11
1
1
103
1
1
3
1
2
1
1
1
1
1
1
1
92
1
2
3
1
1
14
1
3
1
2
2
5
2
1
4
3
11
1
1
1
5
1
5
1
2
27
1
9
3
32
1
2
1
1
1
1
1
1
1
1
1
4
1
1
11
42
5
2
2
1
1
1
1
1
31
1
1
5
27
2
2
1
14
1
1
1
1
1
1
2
1
1
6
1
1
1
2
5
6
2
1
37
14
3
1
2
1
77
41
1
30
1
55
1
109
1
1
1
2
1
2
2
1
2
1
2
50
1
1
1
1
1
10
3
10
1
8
4
1
1
15
3
2
1
15
1
1
4
5
8
1
1
4
26
5
1
1
3
1
1
36
18
1
1
1
1
2
57
4
1
24
3
1
4
8
2
12
1
21
1
2
1
1
1
1
9
5
364
21
1
1
1
1
34
9
1
1
4
1
6
2
3
2
1
28
111
1
1
1
1
1
1
2
2
1
8
5
119
1
2
1
1
1
1
1
1
1
3
10
1
1
1
7
2
28
1
43
9
5
2
1
2
5
4
1
1
1
4
1
1
3
1
4
1
1
7
1
1
1
6
1
44
1
1
4
31
1
1
1
1
1
4
1
1
11
6
1
4
2
4
1
1
12
1
18
1
2
1
3
1
1
2
1
2
1
33
1
11
9
2
1
1
2
8
1
1
1
1
1
2
1
1
1
2
1
11
1
4
35
1
92
1
45
18
10
228
1
2
1
1
1
1
1
6
3
8
1
1
11
1
1
1
1
4
5
4
3
1
1
7
1
1
1
1
1
2
7
1
6
5
5
1
1
6
1
1
30
1
1
4
2
60
1
1
1
1
2
1
1
3
16
2
1
32
132
326
5
12
7
1
1
17
1
7
5
3
1
39
1
1
1
1
2
33
1
14
6
1
11
4
1
1
1
3
1
38
55
1
4
11
2
1
7
1
5
7
2
2
5
3
1
5
2
32
1
16
2
1
1
1
1
4
1
1
3
1
1
1
7
4
5
1
1
1
1
2
2
2
2
32
3
1
1
2
9
2
2
7
5
38
2
2
1
1
5
1
10
3
2
1
5
27
1
5
1
1
4
13
1
1
1
1
1
1
1
2
52
41
3
1
1
31
1
1
6
16
1
2
1
1
1
1
7
2
1
2
1
3
1
6
4
47
79
1
1
2
1
28
2
1
1
1
1
2
52
367
1
1
1
15
3
2
1
29
6
51
1
2
30
7
1
1
1
1
3
1
1
1
1
3
1
76
35
3
1
1
2
1
1
2
8
1
1
9
131
1
5
1
1
16
1
1
4
1
1
1
1
2
9
1
3
1
17
1
3
7
1
1
1
1
1
1
43
1
2
1
1
1
4
5
1
15
10
4
2
1
1
1
8
1
40
2
114
1
21
2
1
1
3
2
10
9
2
2
1
1
2
1
2
2
1
1
2
6
1
2
19
1
2
2
4
49
1
1
1
2
48
3
1
2
31
2
1
11
1
28
1
1
1
2
3
1
1
1
2
1
1
1
10
8
52
1
3
2
2
2
1
1
9
47
1
2
1
1
1
1
61
11
1
1
2
6
1
1
1
2
8
2
34
2
1
1
1
1
1
31
1
3
2
65
3
2
19
1
2
1
4
1
2
2
3
17
39
90
1
53
4
3
1
1
6
3
1
1
1
1
1
1
1
26
1
2
2
1
1
3
1
2
1
3
9
328
16
5
3
9
2
1
1
1
1
1
1
2
1
8
2
8
2
4
1
28
2
1
3
10
9
1
1
1
2
2
3
1
1
1
3
1
3
10
2
4
3
1
2
4
26
1
1
1
1
1
8
1
1
3
4
1
2
3
1
1
4
1
1
3
1
21
4
1
1
10
1
1
51
1
5
3
40
5
1
1
2
1
27
1
2
3
2
5
2
2
1
1
1
1
1
22
1
3
1
189
115
11
9
1
4
2
3
19
13
1
3
122
1
1
1
1
3
2
1
1
1
13
1
1
2
1
6
1
2
17
1
1
40
106
1
1
4
8
4
3
2
566
2
1
1
1
1
1
1
5
21
374
1
1
1
1
1
5
1
3
1
2
2
1
1
14
4
2
1
10
3
1
1
5
113
1
1
3
14
1
4
1
9
10
1
1
12
1
76
1
1
11
4
1
9
1
16
2
1
7
1
16
1
2
1
1
1
2
1
1
1
3
3
3
1
9
11
3
3
2
2
1
1
13
44
32
1
2
1
2
227
2
1
1
1
2
72
3
10
1
1
12
1
31
1
1
1
1
2
2
7
3
1
42
3
2
2
1
1
3
3
3
3
1
3
4
1
35
1
1
4
2
1
45
1
1
6
1
4
2
401
1
1
15
2
1
13
1
1
1
2
3
1
1
1
1
5
3
1
1
66
9
1
1
1
2
1
1
1
9
27
2
25
1
4
1
1
4
1
8
1
47
4
3
1
1
2
9
1
1
110
1
1
1
1
1
1
489
190
1
1
1
6
1
1
1
1
2
3
4
14
3
1
2
1
1
8
1
1
4
2
9
1
8
1
2
4
219
1
14
1
3
1
6
6
1
1
1
6
3
1
1
7
20
1
11
2
1
4
2
1
1
1
1
8
1
1
1
6
4
1
1
1
14
1
2
2
1
19
2
26
1
1
5
19
1
19
2
8
18
1
1
1
1
1
1
1
12
1
5
1
6
1
1
1
2
1
1
1
8
6
3
7
5
18
49
1
1
7
1
1
1
48
1
3
1
1
2
8
1
3
6
1
2
2
1
1
2
1
2
1
2
1
1
2
1
1
1
1
1
1
4
1
1
1
5
1
1
1
46
1
1
4
2
4
2
2
20
1
1
1
2
6
1
1
29
1
1
6
1
2
2
3
1
1
10
6
1
42
1
1
2
1
1
28
1
2
1
1
15
2
1
2
2
1
1
2
1
3
1
1
50
1
1
3
2
2
1
1
1
2
1
12
1
1
3
1
4
2
828
1
4
1
1
2
1
1
23
5
1
3
3
19
1
8
17
16
1
5
3
3
2
81
5
3
1
3
1
4
1
4
1
1
2
1
1
18
3
5
2
1
1
1
1
1
1
3
2
1
5
2
2
25
27
6
5
1
14
39
5
9
2
2
1
3
1
4
1
6
3
1
1
1
1
5
145
1
1
5
1
1
1
1
2
8
1
6
4
110
10
13
1
1
2
5
8
2
1
2
1
1
1
1
11
1
1
2
6
12
1
2
1
2
1
30
2
1
1
1
1
1
2
63
3
1
2
6
1
6
1
1
1
4
1
1
1
9
379
1
1
1
28
1
1
1
1
3
1
1
2
3
1
1
2
1
1
1
1
1
1
16
8
2
1
5
1
32
26
36
2
2
1
1
1
1
1
1
18
1
1
4
2
2
1
23
26
3
2
1
1
1
6
1
1
4
1
1
1
32
1
26
1
2
1
1
1
9
1
3
3
1
1
3
1
1
1
2
1
1
2
2
3
1
1
1
1
1
1
1
41
2
1
1
1
1
2
1
3
1
1
1
12
2
1
7
1
5
1
1
1
1
1
4
1
1
117
3
1
2
226
1
13
1
2
1
16
1
191
2
1
1
1
1
3
4
1
59
26
1
6
4
2
1
1
1
2
7
1
1
1
2
1
4
1
2
1
1
1
11
1
1
4
1
2
3
2
1
3
5
2
1
1
1
1
4
3
1
22
1
2
6
1
1
1
15
1
1
1
2
3
2
2
1
1
1
1
1
1
1
1
1
5
24
1
3
1
2
12
1
7
1
15
92
1
28
1
3
1
1
38
1
3
18
237
1
1
1
23
1
2
1
1
8
3
2
1
6
2
5
1
1
1
1
1
9
2
33
6
1
1
1
6
4
1
2
1
91
1
2
1
11
1
2
1
1
1
1
2
3
1
1
5
1
3
9
3
3
2
9
1
1
3
3
38
4
1
1
3
1
1
12
6
1
1
1
1
1
1
15
3
9
1
1
1
19
22
5
1
5
7
2
1
1
1
3
3
11
6
3
1
38
2
3
1
1
7
1
7
3
2
2
2
1
7
20
1
2
22
4
1
1
1
2
1
1
9
1
1
1
5
1
1
12
1
2
1
1
2
6
1
3
3
1
10
1
1
1
10
2
1
1
1
1
15
2
6
5
1
1
1
2
3
1
1
2
3
3
1
1
4
1
2
1
1
9
1
62
9
1
37
1
1
1
1
1
1
1
20
34
2
1
1
7
1
13
1
2
1
7
5
4
1
1
2
1
1
1
2
10
12
2
3
3
1
1
6
1
1
1
1
1
1
4
1
11
66
1
1
1
3
1
1
1
1
13
1
2
8
1
1
1
7
2
3
1
4
1
1
1
3
1
10
8
1
1
3
13
2
1
2
31
4
1
1
11
1
6
3
2
1
1
11
3
1
4
3
1
4
4
1
291
3
5
2
4
1
1
1
2
1
3
8
2
2
4
2
2
1
3
3
12
1
1
37
1
1
1
1
1
71
2
1
2
1
1
1
12
1
60
54
4
2
1
11
35
1
2
3
1
2
1
1
5
3
14
1
1
1
1
2
4
33
82
1
1
1
6
4
1
5
1
21
1
1
2
2
1
4
2
6
1
1
1
2
2
1
5
2
13
3
2
2
1
2
4
1
1
1
9
4
1
1
1
2
6
1
1
1
1
1
40
3
1
1
2
1
52
2
1
6
1
31
1
5
2
1
1
6
1
1
1
1
1
3
3
5
88
2
4
5
1
3
3
1
1
2
3
1
2
2
1
2
7
8
1
3
1
41
1
4
1
1
2
5
2
7
1
1
1
2
2
2
2
47
1
1
1
1
2
2
26
1
1
4
2
2
2
1
6
1
7
1
3
1
2
2
1
1
2
7
2
2
1
3
4
1
2
7
1
1
1
1
10
1
2
2
1
1
7
3
60
2
1
1
1
1
1
1
43
1
2
13
1
1
1
2
2
1
1
1
2
1
23
1
2
1
42
6
2
1
1
1
1
1
1
2
4
1
7
25
4
2
1
1
1
2
1
1
5
1
1
5
1
1
1
1
1
1
1
26
1
6
50
1
6
2
2
3
1
28
1
2
1
1
1
1
1
1
1
2
1
1
1
1
1
1
1
5
1
1
1
1
1
1
3
1
1
1
1
1
2
206
1
1
16
1
3
1
6
1
11
1
3
1
5
17
73
1
1
1
1
12
1
28
1
1
1
4
3
1
37
1
4
1
1
2
1
1
15
2
2
36
15
2
2
12
1
1
1
1
3
1
1
1
11
1
54
10
1
1
1
37
25
5
1
6
3
1
1
1
1
4
1
8
2
1
7
18
1
1
1
1
2
1
1
9
1
1
24
1
7
1
6
73
5
1
1
1
24
4
1
3
13
1
4
1
1
5
1
1
1
7
1
4
2
1
9
1
6
1
2
1
1
3
101
1
2
3
2
1
1
2
1
1
1
3
1
4
15
1
4
1
1
4
1
1
1
1
1
2
1
3
1
2
3
1
2
1
2
7
2
6
11
1
2
1
3
1
2
2
2
1
3
3
1
1
1
1
1
1
1
1
3
1
4
9
35
1
1
1
3
1
1
1
1
1
2
2
1
1
7
1
1
3
47
5
1
2
4
2
1
3
1
1
1
1
1
26
1
72
2
64
1
1
5
1
1
1
1
3
1
9
1
1
1
3
1
14
1
1
171
3
1
1
2
3
2
1
2
3
1
14
3
1
1
1
2
1
1
3
3
1
1
1
111
1
2
2
4
2
9
3
1
4
5
1
1
8
1
1
1
1
2
1
1
17
11
102
2
4
10
1
7
2
1
1
4
1
1
1
1
2
9
7
5
8
1
4
5
7
1
1
1
2
1
42
7
3
12
11
3
4
1
23
135
22
1
2
44
1
1
1
1
1
1
3
19
1
1
1
4
1
1
2
17
6
4
68
1
3
3
3
1
14
2
5
7
1
4
1
8
1
2
1
2
2
1
1
1
2
7
2
2
1
1
17
1
4
1
1
3
1
1
3
2
1
1
2
1
2
3
1
10
1
1
8
3
8
1
1
1
2
1
1
14
9
1
1
2
21
35
1
2
1
1
1
1
1
22
3
1
1
1
1
3
1
1
1
4
1
2
1
10
1
172
1
1
1
4
1
1
2
2
1
1
5
1
3
1
21
2
1
1
1
4
1
1
3
1
5
22
3
1
1
2
2
1
2
10
1
1
3
1
1
5
2
147
10
1
1
2
1
1
10
1
2
1
1
3
1
6
1
3
4
1
199
3
16
1
4
2
74
47
1
3
16
2
2
1
2
6
1
1
1
2
1
1
14
1
1
32
73
1
1
1
1
5
2
3
1
1
1
4
23
1
1
1
2
1
9
1
1
1
1
1
1
1
7
1
2
1
28
1
2
70
1
3
4
5
142
1
4
1
1
1
12
1
11
3
3
1
10
1
1
1
1
1
3
4
3
11
8
2
2
4
1
3
1
1
1
1
1
1
3
1
4
1
4
14
1
1
2
2
11
103
4
1
5
4
6
1
1
2
3
2
1
1
4
23
1
1
6
3
2
36
5
1
1
2
1
1
2
6
6
11
4
1
3
4
2
1
1
2
1
1
4
10
14
3
1
2
47
1
15
1
4
3
5
2
1
10
1
1
1
2
1
1
2
1
14
1
2
1
1
1
35
10
11
1
1
3
2
1
17
1
523
1
8
1
1
2
123
2
6
1
1
1
1
2
4
5
2
1
3
4
1
1
1
2
1
3
3
3
1
4
4
2
5
2
1
1
1
2
3
6
1
1
1
1
2
2
7
1
1
1
1
57
1
1
1
5
3
83
1
2
1
1
2
1
2
1
1
4
1
1
3
5
3
2
1
3
1
20
29
2
1
1
1
1
7
1
3
44
1
1
1
5
3
24
1
1
1
5
7
1
25
2
1
1
1
1
1
1
1
1
3
1
1
1
1
2
1
2
1
2
15
1
2
2
1
3
5
8
4
2
1
3
1
1
1
3
2
1
2
7
1
9
1
1
1
1
2
1
2
3
13
1
1
14
2
1
1
1
88
1
3
1
1
1
2
5
1
2
1
29
12
4
2
1
43
1
1
3
2
104
1
19
12
6
1
1
25
17
5
1
4
1
4
4
1
2
1
4
1
2
220
1
1
10
4
1
1
1
1
1
1
1
1
1
1
22
4
10
1
5
6
1
54
1
1
2
1
1
1
1
4
4
44
38
5
1
438
1
1
1
1
2
1
1
4
1
1
1
3
1
93
5
20
59
1
1
1
9
1
1
6
2
1
4
2
1
9
92
1
1
2
1
2
3
7
10
1
2
10
67
1
46
2
1
1
1
4
1
11
1
2
1
1
1
1
2
1
1
1
1
1
3
10
2
1
2
3
1
31
5
2
3
3
7
43
1
4
2
10
1
1
5
1
119
1
2
81
1
1
19
1
3
1
2
1
1
6
1
1
5
1
1
4
1
8
3
1
1
1
2
1
3
1
4
1
1
1
1
1
1
3
4
2
1
16
2
1
2
7
1
1
1
3
