1
2
10
7
1
25
17
4
4
1
3
1
3
2
5
1
15
6
2
4
1
8
2
18
1
35
7
2
1
1
27
2
2
61
2
12
3
1
2
3
6
11
1
1
5
1
4
5
18
15
2
14
3
1
11
1
1
3
45
7
3
16
21
13
22
21
49
14
44
28
10
1
3
1
18
43
19
7
1
2
3
9
6
3
1
1
1
2
2
2
8
7
5
2
1
1
1
3
2
10
19
2
2
18
20
2
5
1
56
16
9
5
7
1
4
4
2
1
2
1
6
2
5
1
3
1
2
1
16
4
15
24
2
4
1
3
41
2
7
2
35
1
67
3
1
2
1
9
3
5
1
2
1
14
2
4
1
1
7
8
1
1
7
3
2
7
8
11
3
35
2
1
6
1
5
1
2
3
2
2
1
1
58
53
4
1
7
1
5
1
6
3
5
6
1
4
7
4
2
3
10
4
4
1
3
2
6
2
1
1
5
1
8
1
28
35
2
15
6
1
7
2
1
1
3
4
3
2
8
5
8
1
5
3
22
5
2
11
3
3
1
1
4
3
6
4
1
2
41
2
21
3
16
4
2
5
1
1
1
6
3
2
8
5
2
2
1
3
1
4
1
1
2
1
8
1
4
2
2
9
8
2
5
6
3
3
2
1
1
2
2
64
3
2
2
6
1
6
5
4
15
29
2
1
6
3
2
7
25
15
1
2
1
1
4
1
5
8
3
18
4
1
2
1
27
6
9
3
5
3
2
3
8
3
2
21
4
14
1
2
1
1
1
2
1
2
1
2
20
1
6
5
2
6
3
7
20
2
2
2
1
6
1
2
6
9
5
1
4
1
1
2
7
6
8
5
11
2
3
4
12
7
2
3
5
1
3
6
6
21
4
1
15
3
38
2
4
6
7
1
1
1
29
9
21
1
1
7
2
4
7
16
1
3
5
2
4
26
1
5
8
4
2
9
1
2
3
10
10
5
30
3
1
1
12
2
18
2
12
2
3
5
2
10
1
2
10
44
2
9
3
43
1
1
2
12
30
1
38
4
2
4
36
6
3
11
2
3
10
3
1
2
1
1
1
11
1
1
2
25
1
5
16
10
2
5
16
2
9
2
8
3
1
2
2
1
2
8
6
33
4
3
3
1
1
2
1
4
8
3
5
4
1
1
6
1
1
1
3
2
17
1
21
3
3
5
15
2
7
22
1
13
1
23
8
5
4
3
16
1
2
2
27
3
11
7
2
19
2
26
1
11
17
8
2
10
20
1
1
5
1
5
2
1
5
8
8
2
7
2
12
1
1
3
5
2
45
1
1
4
3
5
13
3
2
1
1
8
1
2
4
3
4
5
11
1
4
3
13
3
1
4
2
1
5
7
3
11
3
5
1
6
1
1
5
1
68
3
2
2
1
1
6
2
9
8
1
2
12
24
15
1
6
6
6
2
4
10
1
8
2
2
1
29
3
1
1
2
1
2
3
8
2
18
1
3
3
3
2
21
1
7
30
13
2
3
1
3
5
2
1
1
9
34
4
1
1
2
19
2
1
2
7
1
3
1
1
11
3
6
1
2
6
1
4
2
4
42
23
5
1
1
18
1
3
1
2
23
11
4
8
21
1
5
1
3
12
2
7
9
23
25
3
3
3
4
2
2
2
2
7
13
2
4
33
4
8
4
2
1
6
3
4
33
2
1
2
1
34
2
7
6
18
1
3
2
2
7
2
2
1
1
1
4
12
1
8
1
5
3
5
2
5
2
14
1
2
1
13
1
1
3
1
1
3
1
1
2
1
5
9
51
2
19
8
1
7
12
1
2
1
6
1
7
12
5
17
2
2
7
5
3
1
1
4
8
12
23
1
5
1
2
1
2
9
52
1
1
1
3
1
2
2
2
2
1
1
2
26
4
1
9
1
2
2
17
13
7
1
9
5
16
3
1
27
3
2
2
1
2
67
1
1
4
1
3
1
6
1
2
22
17
2
2
3
3
1
6
2
29
15
15
2
4
2
1
3
1
3
2
7
6
1
2
15
4
49
7
1
26
17
1
3
21
1
1
12
2
2
9
4
4
3
9
2
1
10
2
5
2
11
4
5
1
1
1
15
30
2
2
2
3
2
5
24
6
5
1
3
1
3
1
4
4
3
1
1
2
2
10
2
3
17
13
17
1
3
4
17
1
8
3
30
3
2
5
1
1
7
3
24
17
16
2
1
1
2
5
30
1
1
1
2
3
2
4
14
9
7
28
1
2
1
9
47
2
63
1
8
1
4
3
2
1
3
7
3
1
1
2
14
1
5
3
83
3
1
4
1
10
2
1
10
3
19
8
5
3
2
3
2
4
12
2
4
5
2
1
3
4
1
5
3
4
6
3
5
12
11
1
4
1
1
7
3
3
1
2
11
9
3
1
61
21
1
1
1
2
4
17
3
1
1
34
9
15
10
12
1
1
3
6
1
7
1
3
16
1
36
3
31
13
1
1
1
6
1
1
1
13
18
2
7
4
10
2
1
4
3
1
1
5
1
53
2
6
1
1
2
11
2
1
9
3
1
3
3
1
1
11
1
8
13
9
1
5
35
8
5
11
17
3
2
2
5
2
2
2
1
3
59
2
1
10
3
24
1
2
6
2
1
2
3
1
3
2
2
2
3
16
1
1
2
5
44
4
11
2
6
3
1
2
3
1
8
1
13
1
1
8
2
4
1
3
2
2
23
4
9
1
8
8
9
7
14
1
30
3
11
2
1
1
1
1
1
7
1
15
17
43
3
3
2
1
8
4
3
1
1
3
6
24
26
5
1
4
1
2
1
2
4
16
4
1
7
2
1
2
4
5
3
1
4
3
5
3
27
11
2
1
23
2
5
1
6
2
3
8
4
8
19
8
1
4
5
2
1
21
4
3
17
3
10
4
2
3
1
37
1
1
9
4
4
5
16
3
2
2
1
2
3
5
5
2
1
3
3
4
4
2
15
8
2
4
5
1
4
1
1
3
1
3
2
1
2
9
1
2
9
11
23
6
1
2
6
2
48
6
7
8
13
2
16
5
13
12
2
2
2
1
10
1
4
5
3
5
1
3
1
24
3
5
1
13
2
16
1
12
1
4
1
10
1
16
2
6
4
3
18
2
4
3
1
1
4
2
1
5
1
2
21
1
1
2
7
5
1
2
2
49
4
7
6
6
3
1
6
1
5
1
3
1
4
1
7
3
5
1
23
2
2
14
2
2
7
7
6
1
4
10
2
3
4
69
3
1
2
11
10
3
5
2
1
36
1
13
21
15
2
1
2
8
13
53
1
11
1
1
1
1
2
2
6
19
7
3
2
2
7
6
7
3
2
13
2
1
10
4
1
4
3
2
1
3
4
8
3
1
1
2
4
1
1
8
2
2
1
47
1
1
8
2
1
1
4
28
2
13
6
8
1
15
2
1
3
1
3
5
6
11
2
2
6
1
5
2
7
1
2
2
9
4
2
4
1
47
1
3
2
12
2
2
8
2
22
3
4
6
4
1
13
4
2
11
5
3
2
27
5
68
3
3
3
3
1
4
2
1
7
5
1
15
7
1
24
1
1
10
3
17
1
2
9
4
3
5
15
2
1
5
10
12
1
3
4
26
2
2
9
1
1
1
28
30
8
32
1
19
2
3
1
3
2
4
1
7
27
10
7
3
3
17
3
1
6
7
8
9
35
24
4
34
7
6
3
4
1
1
9
7
6
1
1
3
3
2
6
1
5
1
17
2
41
4
2
20
7
1
1
16
2
19
2
5
6
2
4
1
2
8
10
24
2
1
1
2
1
2
1
1
3
2
1
1
7
3
4
2
2
80
2
6
1
7
2
3
1
64
1
1
2
1
4
1
2
1
2
1
2
11
19
4
3
3
6
8
3
16
13
6
1
6
4
9
2
2
4
4
23
1
4
45
2
16
29
11
3
1
4
5
8
2
34
2
1
7
9
5
3
1
2
14
1
1
21
1
4
2
21
19
27
1
3
3
3
3
1
9
5
7
6
2
3
5
1
2
8
7
49
2
4
1
7
19
1
6
16
3
3
3
2
6
4
5
2
4
1
3
12
12
1
1
1
4
4
7
1
9
1
2
17
1
11
8
1
9
35
16
3
1
49
30
12
4
44
1
44
2
19
11
17
1
2
4
6
1
10
10
11
3
2
10
1
1
24
4
1
1
2
3
20
1
2
3
1
13
19
11
16
4
13
2
3
20
3
6
14
12
9
8
10
7
2
4
1
1
3
11
9
2
6
2
10
17
8
1
13
40
23
3
4
8
5
2
1
1
1
1
1
1
5
3
2
15
3
17
1
1
1
14
39
4
6
12
2
15
2
3
2
4
2
5
7
22
16
1
15
4
11
1
3
2
2
3
1
6
1
8
2
1
5
1
16
4
4
7
1
