7
19
13
55
18
3
12
3
16
7
31
2
49
2
9
44
45
105
42
36
17
5
8
11
4
18
27
11
22
101
37
9
7
3
4
8
70
29
6
150
12
37
159
4
6
3
3
4
16
119
11
1
133
1
34
28
5
14
81
5
1
2
21
7
51
13
37
178
73
18
38
72
19
7
273
213
113
76
5
41
16
396
55
2
25
58
7
1
5
39
55
1
36
36
9
1
324
19
7
36
57
55
14
5
16
2
118
1
66
224
21
3
65
91
1
9
2
11
2
16
39
43
3
19
9
156
5
7
25
75
120
4
2
10
57
10
25
18
4
254
14
5
30
102
101
17
1
13
6
19
13
16
9
2
17
6
66
1
1
18
1
56
107
335
9
19
11
170
24
14
111
2
3
16
26
3
24
2
6
56
2
4
65
20
33
2
10
12
89
70
106
3
139
90
3
2
1
45
27
4
3
83
3
88
76
62
8
119
1
46
1
2
120
16
3
2
40
4
183
135
1
2
59
2
58
108
43
1
115
1
1
7
83
14
47
3
30
97
71
1
1
6
146
85
3
102
1
4
147
140
124
6
11
15
15
237
2
128
46
27
14
143
31
279
2
12
2
281
27
6
6
30
31
5
7
17
1
15
57
15
16
4
60
71
50
12
35
7
21
63
35
1
8
12
1
4
57
7
36
24
9
11
65
49
128
12
14
7
2
104
5
18
23
3
1
7
7
49
10
6
120
1
6
77
34
1
4
80
17
71
1
1
214
2
13
111
1
2
28
50
20
76
23
75
16
1
3
2
258
66
2
89
15
25
4
17
11
65
338
18
111
150
232
93
3
42
56
23
19
2
14
13
7
196
82
33
47
21
54
5
157
3
5
11
7
3
18
1
99
202
23
32
21
388
1
25
45
13
87
2
66
22
3
20
102
3
112
118
59
33
4
24
71
46
136
45
12
38
3
3
13
154
33
131
43
2
2
16
13
15
2
30
5
4
154
54
100
2
3
2
3
219
56
2
12
72
7
2
175
1
8
56
12
12
3
9
99
11
18
43
25
2
7
3
245
122
263
4
14
31
28
75
2
110
2
10
28
49
1
2
48
2
52
40
227
52
19
7
3
33
3
15
13
9
4
1
48
65
32
2
62
5
16
59
35
46
2
2
64
3
45
162
2
4
80
89
3
3
351
60
126
4
70
41
7
6
24
296
6
107
32
192
97
11
3
2
36
26
8
30
71
7
106
2
5
166
34
3
28
222
11
33
114
20
49
4
33
55
3
5
58
60
5
19
53
3
112
1
52
3
14
219
84
19
299
2
54
3
80
32
25
1
41
11
3
109
6
29
39
5
55
133
137
21
2
14
2
47
3
20
83
4
2
93
384
206
85
90
2
17
4
4
11
17
51
28
12
28
4
3
81
104
98
3
2
2
1
207
4
4
1
2
106
6
159
6
5
28
2
2
32
4
4
3
44
37
202
52
1
2
28
2
92
6
1
21
147
11
18
1
5
4
2
120
245
2
3
93
1
186
1
24
1
69
2
53
15
2
216
11
190
45
151
1
43
2
22
1
4
97
226
144
24
18
1
6
48
36
135
4
2
10
2
80
1
1
1
2
11
147
16
6
2
205
4
15
21
9
134
170
1
3
2
58
48
14
14
31
51
1
11
39
16
16
34
8
2
17
35
72
263
3
50
99
1
8
15
2
18
148
2
5
1
15
1
24
8
55
151
5
130
3
6
17
60
9
7
278
33
3
191
33
129
68
5
213
17
6
9
92
12
87
241
19
30
36
4
81
86
5
17
1
101
24
35
30
2
95
30
37
2
25
2
142
11
61
28
60
95
8
39
18
3
36
160
3
36
9
2
7
159
161
8
119
16
63
127
18
15
2
14
6
13
31
24
6
2
71
1
10
28
4
1
7
2
32
126
71
7
28
7
82
188
94
7
4
5
94
23
3
1
7
10
130
21
35
25
44
12
2
6
8
1
12
26
28
2
12
129
14
5
6
16
19
128
20
62
7
11
9
166
2
4
4
152
18
376
6
9
5
27
274
29
321
2
13
6
26
12
4
3
10
300
1
8
52
138
101
1
8
5
6
72
6
110
8
3
15
15
5
9
236
2
17
2
10
23
190
1
2
2
126
17
10
169
20
1
9
1
6
46
1
11
2
251
1
16
19
17
26
5
29
77
42
29
7
124
3
135
1
5
2
2
30
7
10
32
9
30
4
67
76
3
19
32
26
120
2
26
12
135
227
1
1
1
30
67
4
25
10
111
198
250
4
2
4
4
28
3
42
41
2
3
32
27
27
3
22
10
6
4
19
47
35
198
2
4
28
19
61
10
34
306
25
4
3
77
363
38
96
6
23
3
11
5
4
7
1
94
11
2
2
120
235
67
4
298
2
32
26
355
22
18
3
159
17
48
2
1
14
28
162
70
19
54
10
10
9
24
4
7
2
13
51
60
71
63
1
1
24
68
118
7
11
200
1
2
19
24
23
108
54
52
38
2
1
324
13
41
12
5
1
167
4
14
4
3
38
10
80
6
237
2
7
11
44
22
85
153
7
1
1
80
4
56
1
24
67
18
82
122
184
181
3
91
17
22
5
28
96
6
224
117
31
7
53
82
2
6
2
12
45
1
1
374
1
2
84
25
2
119
75
8
19
1
360
22
9
23
122
79
8
11
1
106
3
13
16
14
33
1
7
20
16
1
1
2
22
4
7
45
1
21
69
85
13
24
125
20
1
105
63
1
5
72
4
8
5
1
2
56
4
2
20
23
156
19
22
30
48
74
16
265
2
3
126
3
2
36
3
14
6
12
85
28
17
1
37
39
36
187
10
392
3
11
33
7
20
8
71
9
3
120
92
2
29
45
16
35
33
27
3
29
89
1
143
47
30
73
8
16
55
66
75
40
1
73
247
4
6
176
61
14
28
117
9
20
5
1
120
8
25
108
28
15
3
3
1
58
7
11
89
17
15
17
31
25
37
66
4
7
1
4
22
12
6
1
36
1
127
38
1
2
5
1
94
4
109
169
11
23
169
42
109
2
29
13
20
28
2
3
30
31
3
3
7
60
9
85
197
1
3
1
37
55
1
92
6
15
10
1
163
103
17
5
8
388
6
14
2
101
183
6
3
29
9
1
168
2
2
8
28
119
5
23
80
36
19
5
43
1
21
1
39
5
369
5
2
30
1
53
5
304
19
321
1
101
1
14
3
22
76
27
5
2
30
3
88
23
47
56
15
131
1
54
32
10
3
4
81
3
5
6
5
3
186
39
69
17
1
2
24
50
5
26
6
17
48
368
1
23
13
46
1
55
3
28
7
49
102
5
5
54
4
6
1
144
334
140
34
64
12
2
1
103
1
34
133
2
19
4
2
19
66
72
1
6
78
55
1
1
329
2
12
8
262
87
12
8
153
2
10
107
69
73
8
5
1
6
25
93
37
2
5
51
1
150
1
1
4
2
116
2
11
1
36
1
26
5
12
157
14
6
80
42
14
70
5
8
17
76
3
23
2
1
16
33
70
1
26
71
107
62
11
54
288
73
66
23
4
4
3
2
27
52
209
51
31
117
38
22
57
14
98
1
11
2
1
118
42
156
11
42
339
5
24
344
6
2
6
33
16
24
86
62
23
57
25
82
94
84
377
3
1
26
31
5
10
23
1
184
70
10
24
65
107
4
1
4
3
82
7
134
10
1
45
4
3
52
52
185
55
2
15
27
37
15
9
42
3
11
78
55
89
12
6
5
61
2
14
7
17
2
80
50
2
118
60
2
2
21
1
137
2
8
1
2
94
46
38
1
3
6
147
10
43
20
11
115
3
40
9
8
2
4
1
62
21
11
1
151
2
43
42
5
23
13
4
93
1
10
3
56
9
88
93
4
28
55
27
9
238
5
46
2
112
