212
232
38
217
37
1
9
108
29
2
28
87
2
89
23
34
38
4
92
10
2
84
7
5
38
28
91
13
18
120
251
47
127
20
8
15
6
94
12
10
8
12
17
2
69
9
23
19
114
5
30
13
1
8
25
99
210
75
10
239
127
65
66
6
110
36
15
14
50
26
406
6
13
68
63
241
71
192
13
40
1
6
10
275
324
15
158
74
53
54
30
46
5
176
13
183
6
83
16
3
141
7
4
17
160
72
30
27
3
1
26
2
5
54
18
19
18
182
374
89
32
3
4
56
2
2
1
24
250
18
25
13
23
295
1
65
57
1
48
189
3
11
68
2
2
195
1
1
112
15
1
6
10
39
65
36
5
12
14
17
374
56
3
93
81
263
7
5
2
219
25
187
88
32
86
11
23
5
16
52
33
12
5
35
8
324
71
415
58
40
6
4
72
3
12
2
181
56
229
176
47
99
151
1
240
2
63
420
8
1
5
83
22
205
9
23
301
17
1
165
166
15
49
2
215
85
31
66
24
48
64
40
23
109
1
24
7
3
97
8
48
17
18
2
2
2
3
89
57
18
126
58
42
11
29
7
9
70
22
117
137
8
26
49
2
21
20
6
30
30
51
2
123
217
42
22
93
19
2
27
46
48
1
76
51
57
17
9
269
7
32
89
167
412
4
38
72
15
29
60
262
55
19
20
51
9
135
83
1
20
1
41
13
9
21
7
42
5
5
47
279
2
204
1
30
55
15
66
66
3
90
69
13
156
40
4
325
28
25
63
9
379
61
3
45
13
86
46
88
167
49
65
19
150
116
17
15
114
11
126
62
213
7
44
4
29
7
59
98
219
20
169
119
187
185
62
167
35
13
105
36
2
229
7
199
121
1
83
2
75
18
1
27
92
32
1
39
2
150
68
1
2
7
7
320
1
12
139
20
136
7
12
11
3
23
410
25
4
3
27
297
5
44
6
120
283
11
13
5
24
3
205
184
49
40
39
21
9
10
60
90
208
9
16
103
164
2
1
53
7
55
10
24
3
8
11
17
220
157
50
6
32
116
8
7
105
3
21
1
4
7
42
17
3
1
61
7
4
64
280
8
34
2
54
11
38
8
5
9
1
8
8
1
9
233
25
13
20
84
28
33
107
171
124
11
1
16
25
187
93
28
5
67
31
16
10
3
149
29
5
10
60
6
5
6
167
79
14
33
36
99
119
122
3
11
104
259
4
4
10
35
20
126
3
4
53
12
27
4
6
17
321
33
116
9
15
96
76
1
17
5
63
14
6
49
9
1
104
85
92
43
9
38
45
20
2
11
2
51
37
98
2
2
162
121
52
17
19
19
1
39
76
27
2
30
118
108
25
20
34
137
56
7
30
1
24
64
225
8
4
60
33
32
4
182
37
105
54
2
41
13
61
38
68
21
9
15
245
316
9
3
86
274
313
71
199
8
5
19
7
7
9
2
79
48
61
57
15
72
3
7
19
56
32
1
58
17
16
36
213
8
24
38
154
18
4
26
8
230
11
209
1
31
36
98
3
41
2
5
3
44
56
279
80
5
3
116
96
18
58
13
34
12
53
27
1
60
1
74
12
65
257
47
8
1
2
8
9
110
49
65
8
9
3
18
92
62
176
75
12
13
8
5
57
14
129
9
48
28
30
7
16
2
5
66
72
1
32
1
14
1
12
10
10
3
47
44
54
81
224
4
33
3
7
5
96
5
160
1
8
182
28
12
9
1
27
26
68
24
82
128
125
11
10
9
183
26
24
35
4
197
5
56
11
6
6
13
2
5
146
10
40
4
15
28
69
30
168
40
2
34
1
45
12
14
1
185
129
12
68
10
1
36
5
19
91
17
8
62
108
1
97
13
1
64
227
15
1
124
25
12
24
38
16
3
82
33
7
118
12
6
53
28
10
7
5
16
12
6
7
12
205
16
8
155
7
402
1
1
109
18
6
18
2
6
156
6
148
5
145
30
47
9
15
275
17
55
8
34
131
172
12
219
23
12
92
135
2
2
90
124
53
20
341
8
8
43
2
11
190
42
14
17
113
63
56
12
54
14
39
20
4
17
60
27
5
3
18
34
36
97
15
384
10
22
25
16
15
52
7
7
16
3
59
60
29
22
5
16
6
234
13
12
4
6
5
22
7
13
13
36
4
11
52
11
6
56
3
8
158
25
90
8
24
63
25
3
67
103
7
22
23
55
23
85
47
13
16
20
5
2
31
37
29
131
76
8
188
319
97
393
8
187
18
2
164
46
446
19
52
1
46
14
8
277
4
14
4
26
234
39
95
315
26
5
31
120
23
124
50
11
124
114
17
16
75
40
17
45
7
131
122
31
458
65
1
20
506
17
23
2
8
167
3
74
3
1
168
99
142
48
18
17
28
119
29
232
55
114
54
27
23
1
47
109
8
43
19
31
1
11
88
59
3
14
11
1
3
82
109
121
2
26
33
37
35
38
9
1
3
69
3
399
114
140
4
57
63
53
63
1
75
136
102
7
49
2
39
1
15
4
157
107
14
188
50
24
64
20
48
225
76
46
2
120
53
50
6
15
82
160
28
5
88
104
2
165
165
19
92
8
5
24
29
230
31
64
139
11
3
75
44
143
277
12
67
33
412
23
3
1
1
22
91
137
120
442
1
177
3
13
21
37
248
1
15
6
28
29
3
172
29
6
2
49
78
161
24
38
5
335
243
77
13
200
373
60
1
7
62
25
4
38
387
133
108
10
2
136
55
190
385
3
55
150
68
1
104
191
9
7
34
43
172
5
5
95
89
4
32
7
111
7
2
15
41
19
15
16
80
158
40
59
63
4
21
15
2
3
48
264
277
66
10
204
342
170
165
78
80
63
17
42
1
66
19
7
13
197
28
40
11
25
39
14
133
201
23
171
31
35
25
210
10
25
44
84
9
12
8
7
1
1
19
1
1
19
11
5
1
1
1
1
1
2
1
1
1
13
1
1
2
1
1
39
4
1
1
2
1
2
1
1
1
55
1
7
18
1
1
1
6
3
1
12
2
7
2
3
1
359
1
6
16
1
3
1
3
2
1
7
1
1
31
1
2
1
1
1
1
1
3
1
1
4
32
1
12
20
3
4
1
1
1
1
12
4
15
1
1
2
49
5
1
8
53
1
2
2
1
1
5
1
8
17
1
1
2
1
2
1
9
2
2
2
1
2
15
2
10
44
1
16
2
6
16
1
2
1
3
2
45
105
1
3
5
1
1
1
1
42
36
17
14
6
5
1
16
1
1
1
1
7
6
3
1
1
4
1
1
1
8
3
11
1
4
1
1
1
18
1
2
1
2
27
1
1
1
1
2
4
1
1
16
1
1
2
11
1
1
1
1
1
1
1
1
60
1
1
8
22
1
10
5
45
22
101
37
1
1
21
9
2
1
4
2
1
7
1
2
2
1
12
1
1
2
7
1
3
1
2
1
2
1
1
4
8
2
1
70
1
1
1
1
1
1
29
2
1
41
1
6
2
1
1
3
150
1
4
8
1
12
37
9
1
1
1
58
1
1
1
1
1
4
9
50
1
2
126
1
1
1
1
1
159
4
1
20
6
3
22
1
1
3
1
1
1
9
1
1
1
1
1
4
54
2
51
3
4
1
1
1
2
4
1
16
1
1
40
1
8
2
119
12
1
11
1
1
2
4
1
1
1
1
23
1
133
1
1
1
34
3
1
1
1
1
2
4
1
1
2
1
1
28
6
1
5
8
14
1
1
3
2
1
81
1
5
1
2
6
1
3
2
2
21
1
2
26
1
1
1
7
1
14
2
1
1
1
2
1
1
33
1
51
25
13
4
1
1
1
37
1
1
1
178
9
73
4
6
8
1
18
1
6
8
1
1
3
38
72
1
1
19
2
7
43
1
9
29
7
4
1
1
1
12
273
213
1
1
55
1
4
1
1
113
1
5
4
76
8
7
8
1
2
5
1
1
2
1
4
5
2
1
21
1
1
1
1
2
41
1
1
2
5
16
7
2
3
1
396
2
1
1
2
55
1
1
2
6
1
1
1
1
2
3
2
1
1
1
2
1
1
15
2
2
7
2
1
25
58
1
1
1
1
7
14
1
131
11
1
1
1
1
1
2
1
1
5
1
5
1
1
1
5
39
7
2
1
55
1
3
1
1
13
15
36
4
2
4
30
1
3
3
1
1
1
5
1
63
1
2
1
36
3
2
9
39
1
26
13
1
1
17
1
2
324
1
1
19
1
7
36
5
57
5
9
1
1
4
3
5
1
2
1
1
55
1
1
1
2
1
3
1
5
40
14
2
1
1
1
3
2
1
5
16
1
2
2
2
118
18
1
1
1
7
12
11
2
1
1
9
5
1
42
1
13
8
2
1
1
4
1
1
34
1
66
1
1
2
2
1
1
1
1
224
2
1
4
3
5
1
21
1
3
65
15
1
1
1
1
1
12
1
4
1
91
1
1
1
1
80
4
1
1
1
1
1
3
2
2
2
1
3
1
1
12
2
2
1
232
1
2
9
2
1
7
1
1
1
1
3
37
1
1
1
8
1
1
71
5
63
11
1
1
1
1
2
1
16
1
1
2
1
1
6
10
1
1
39
24
2
1
3
43
1
3
1
1
2
1
19
1
2
4
1
9
2
156
1
1
1
1
1
5
2
1
4
5
1
1
3
10
2
7
2
2
1
44
1
3
25
3
3
1
1
1
75
120
1
1
4
14
11
4
2
3
1
1
1
2
1
2
1
2
1
1
1
2
1
1
2
1
1
1
1
1
1
26
10
1
57
10
76
1
1
25
7
3
1
1
7
1
1
18
1
1
1
154
4
6
2
1
1
3
254
1
1
54
1
14
3
1
5
2
30
1
102
3
1
2
1
1
1
5
5
2
1
101
17
37
3
1
1
145
1
1
2
1
12
1
1
1
1
7
1
5
3
3
6
144
1
13
1
6
19
1
1
13
17
1
16
1
41
7
6
1
2
1
1
1
1
1
10
9
2
1
6
4
13
5
1
1
1
2
2
1
17
5
50
9
1
1
3
5
1
2
3
8
6
6
1
1
66
1
1
2
4
1
1
1
1
1
9
3
1
3
18
1
1
57
1
4
2
1
2
1
2
9
11
3
1
1
1
10
1
1
1
124
1
1
2
56
1
3
107
3
1
1
335
1
3
46
1
1
2
5
9
19
11
1
170
4
2
3
1
24
1
6
2
28
11
1
1
1
1
2
14
3
1
5
1
1
2
1
57
1
1
111
1
4
7
6
2
1
3
4
82
1
1
1
78
1
1
1
1
3
2
1
3
1
1
1
3
4
3
2
1
2
16
2
1
1
2
7
2
1
2
1
25
1
26
1
1
1
2
4
1
3
1
1
2
1
7
2
2
24
2
1
6
3
2
6
1
1
1
1
1
56
1
3
1
3
2
1
1
4
1
1
1
1
4
65
1
4
1
2
1
1
1
1
20
67
33
3
1
2
6
1
10
12
1
1
2
1
4
89
2
70
1
3
1
1
1
8
1
1
8
2
12
1
4
1
1
1
1
106
2
1
1
3
2
139
90
3
2
3
1
2
1
1
2
1
1
3
1
2
1
14
1
2
5
133
1
1
1
1
1
6
45
6
1
1
4
1
1
2
2
1
1
6
2
2
27
46
3
1
1
113
1
2
2
1
4
13
2
3
1
1
1
4
1
1
37
2
1
1
1
1
83
33
4
1
1
1
3
2
4
88
2
1
3
76
1
1
7
2
1
1
1
24
1
2
11
1
38
2
2
1
1
1
1
1
2
2
2
1
62
1
1
6
1
23
1
1
1
72
2
1
4
1
1
1
8
3
1
1
1
3
1
3
2
19
1
1
1
1
119
1
2
46
3
3
1
1
1
2
3
2
55
1
1
1
1
6
1
1
2
1
15
1
3
2
1
44
62
10
2
2
6
5
1
120
1
16
3
3
1
1
1
2
8
3
1
1
1
1
5
18
117
1
40
5
20
1
1
1
1
2
2
2
54
2
7
7
1
1
1
1
2
1
1
3
3
2
3
4
1
14
1
1
1
1
1
3
3
183
39
3
2
1
2
135
2
1
29
1
1
1
1
1
1
8
1
3
15
1
1
1
2
44
1
9
10
1
7
1
1
1
2
1
59
4
1
6
3
3
3
2
4
1
1
58
1
1
29
32
82
2
2
1
1
1
1
1
1
1
1
3
16
108
2
1
1
1
1
1
1
1
5
18
2
2
43
3
1
3
1
1
1
2
1
1
1
1
3
1
1
1
2
2
1
2
3
1
92
1
1
2
1
1
115
32
2
1
16
1
1
41
1
2
1
1
1
1
1
35
1
1
1
1
26
1
7
6
2
1
1
83
13
2
1
1
14
1
1
1
47
3
5
1
66
2
1
1
7
7
30
16
30
1
2
1
5
11
1
1
2
3
25
46
14
97
71
1
4
1
1
2
1
6
2
1
31
1
1
1
5
15
1
1
1
6
1
1
4
8
1
57
6
1
1
1
3
2
2
1
1
3
146
1
1
6
1
8
1
13
1
3
2
3
11
11
2
1
1
85
1
3
1
1
2
1
1
1
1
13
10
1
2
9
1
102
9
1
4
1
9
1
8
10
1
1
19
4
4
147
1
1
1
24
1
1
1
1
76
140
124
1
1
1
6
1
3
5
11
1
20
11
2
13
15
1
1
1
15
5
4
1
1
237
2
3
1
128
46
5
1
1
27
16
14
79
3
1
1
1
15
10
143
6
1
1
67
1
1
1
1
31
2
1
1
3
1
1
279
1
22
1
2
11
1
1
1
1
1
1
2
1
1
3
1
1
2
12
1
10
2
281
3
6
1
39
44
1
2
1
5
1
1
1
1
14
1
2
27
6
1
1
29
1
4
2
2
5
1
1
6
3
1
6
8
1
1
1
2
3
1
2
1
1
6
1
6
30
1
2
22
4
6
1
2
1
1
31
1
2
1
1
1
5
7
12
1
17
1
1
1
2
1
1
1
1
1
1
1
1
5
5
5
1
7
1
2
1
18
9
1
3
2
1
1
1
1
1
1
15
1
1
1
3
57
1
1
1
15
110
2
170
3
5
1
5
1
1
2
1
2
2
16
4
1
1
1
4
60
1
1
1
5
71
1
50
7
1
8
1
5
12
1
35
1
1
1
1
1
1
1
7
1
7
36
1
21
1
34
6
3
1
1
1
63
1
59
1
35
8
1
4
1
3
1
1
4
1
1
24
8
7
1
1
12
1
5
1
1
6
7
1
1
1
1
4
3
57
1
82
1
1
3
1
6
2
1
1
1
1
1
1
7
1
1
22
36
1
22
57
2
1
10
3
6
24
136
13
9
11
1
1
1
53
1
24
65
4
2
12
2
1
2
1
4
1
2
55
2
2
1
3
5
3
1
1
3
4
1
1
2
1
39
49
7
1
128
1
1
1
1
2
2
12
1
1
1
27
1
14
1
2
1
1
1
1
1
10
7
1
1
3
4
1
29
1
1
1
1
2
5
65
1
1
2
1
3
6
22
2
6
1
1
1
2
214
1
1
1
1
1
1
104
1
1
1
1
1
1
1
5
18
2
4
1
1
23
3
2
2
2
1
2
1
1
1
1
9
3
7
1
16
2
1
2
1
3
1
1
3
1
1
1
1
1
1
1
4
3
7
3
1
1
1
13
7
3
25
1
5
1
1
1
1
11
1
49
10
6
1
3
1
1
2
120
1
2
41
1
1
1
2
2
6
1
2
1
1
2
1
1
2
6
77
1
9
84
23
34
7
18
8
8
1
3
12
8
1
1
1
4
1
1
22
20
1
3
64
2
3
3
28
1
1
60
3
1
1
89
80
1
2
1
4
1
1
1
15
1
1
17
1
1
2
7
1
1
1
15
2
1
1
21
3
1
1
1
34
4
2
2
2
1
5
1
71
1
2
1
1
2
1
1
1
1
1
5
2
1
214
1
2
1
13
4
1
1
6
111
1
1
3
18
1
1
1
2
1
1
5
22
2
1
1
1
2
1
1
2
1
1
1
1
4
1
2
1
3
28
1
1
12
1
50
1
1
1
20
1
76
23
23
6
1
143
75
4
4
1
2
4
2
1
16
46
11
1
1
3
1
1
6
3
1
1
2
2
2
1
2
1
258
93
1
1
66
1
2
2
25
6
4
4
15
8
27
29
3
17
1
1
1
70
4
4
28
1
3
2
1
1
1
1
38
2
89
1
1
3
3
2
2
1
1
1
1
24
5
1
2
15
25
4
1
1
1
1
1
1
2
1
4
5
17
14
1
11
65
1
338
1
18
9
111
4
1
2
2
8
1
1
8
1
8
47
150
1
1
15
3
1
1
232
12
1
1
1
3
93
34
1
1
1
6
1
1
3
42
1
1
1
56
2
1
1
4
2
1
2
23
4
1
1
1
12
1
2
19
85
2
2
2
14
3
1
3
1
1
2
5
1
13
1
2
1
7
1
2
2
2
3
3
3
1
1
8
1
10
2
3
5
14
1
4
1
1
1
2
4
1
1
10
1
1
1
196
1
1
1
5
82
33
1
4
1
47
1
21
1
54
2
3
1
91
1
5
5
1
1
1
37
1
22
5
157
1
1
1
6
3
2
1
3
16
1
5
12
4
3
1
2
1
3
7
1
1
13
5
11
7
3
44
2
3
11
18
6
53
12
11
1
1
1
1
99
1
6
1
1
24
4
202
1
2
1
1
1
4
1
1
4
1
11
1
2
23
2
1
32
25
21
1
7
1
2
388
1
16
1
1
1
1
1
4
1
1
2
1
2
1
1
1
29
25
63
45
1
13
1
1
10
8
4
1
5
2
87
1
3
1
1
3
1
21
1
4
1
1
3
1
1
102
1
2
66
1
1
1
1
1
2
1
1
1
1
2
22
3
9
3
1
1
3
8
2
5
2
3
2
5
1
1
1
2
14
4
1
1
1
1
27
1
5
20
1
48
1
2
102
1
3
3
1
1
1
1
32
1
5
5
1
2
2
13
112
1
1
2
7
118
2
2
1
59
1
6
33
1
4
1
14
1
1
2
1
1
24
4
3
6
1
1
1
1
6
6
3
1
71
5
89
1
15
1
46
1
1
1
3
1
2
4
1
136
45
26
1
137
12
4
1
1
3
2
1
1
1
1
1
38
1
12
2
1
1
3
3
2
1
1
1
3
2
3
1
20
1
3
5
1
16
2
1
7
1
4
1
1
24
13
2
1
1
154
1
23
76
18
1
4
1
5
33
1
1
1
7
1
15
2
131
1
1
1
43
1
1
1
1
1
1
3
32
1
1
3
1
37
1
20
1
2
2
3
1
8
3
1
1
1
28
18
1
29
1
23
16
1
1
2
1
13
1
15
2
30
50
10
29
2
5
2
4
3
1
7
154
54
140
1
10
1
2
1
1
100
2
12
3
1
2
1
1
3
3
2
1
1
1
1
1
1
2
1
1
1
1
2
1
1
1
3
2
1
3
2
1
219
1
56
2
5
1
1
5
25
1
1
5
48
4
5
4
2
1
12
1
78
72
8
2
1
1
1
5
1
10
1
2
1
49
8
1
4
1
14
7
2
34
1
1
175
2
1
1
1
1
20
8
1
1
1
1
1
24
56
1
1
1
4
12
1
12
3
1
3
2
14
1
44
2
4
3
1
1
1
104
2
1
1
1
3
9
1
29
1
1
8
2
99
5
11
4
2
1
4
10
1
10
1
1
11
9
1
2
1
1
11
1
6
14
4
1
7
12
1
1
1
1
18
1
4
1
1
1
3
1
1
15
1
43
5
27
3
2
1
1
1
3
1
2
25
1
2
3
10
7
1
1
3
1
2
3
1
3
220
12
4
1
1
1
1
1
1
245
1
1
122
7
7
1
1
1
1
29
1
9
1
1
1
1
1
1
1
2
3
2
3
1
263
4
2
3
14
1
1
1
1
1
1
1
3
1
1
105
1
31
1
2
28
75
5
2
2
7
1
1
6
3
2
1
3
1
2
1
1
1
4
110
29
2
10
2
28
5
1
1
2
1
3
1
2
49
1
2
4
1
1
1
2
1
6
4
1
1
2
2
48
17
14
2
52
2
1
1
40
9
1
1
1
2
1
1
2
1
4
1
4
1
1
227
1
9
7
1
2
16
3
7
2
2
2
3
1
2
1
3
1
4
1
52
1
2
2
1
1
75
19
1
1
1
14
1
2
1
2
1
7
1
45
3
1
1
1
1
1
1
7
6
33
2
3
3
1
15
20
1
2
1
2
2
1
1
1
13
1
9
1
7
2
4
1
1
1
2
1
1
1
13
1
1
1
6
2
1
2
48
2
1
65
2
5
6
4
1
1
32
1
1
1
1
1
1
2
7
4
1
7
5
1
2
2
4
2
62
2
1
1
1
3
1
3
5
3
16
6
59
1
11
1
1
1
35
6
2
2
1
1
1
1
2
3
3
46
1
17
1
2
10
2
64
165
1
25
1
2
3
1
2
1
7
9
6
31
6
15
1
4
9
8
1
1
6
1
13
45
2
162
1
8
4
1
2
1
1
1
1
4
5
1
1
1
80
1
1
89
2
3
1
6
1
9
3
1
1
1
1
121
2
1
1
1
4
2
1
1
1
6
1
1
3
15
1
1
1
193
67
3
26
1
1
1
351
6
60
1
1
1
126
1
4
3
16
1
1
1
25
1
1
3
70
1
17
41
1
11
1
5
1
7
1
1
6
1
2
24
1
1
2
1
1
1
1
2
89
296
10
1
6
1
1
1
6
1
2
1
7
1
1
3
2
10
2
4
2
1
107
1
1
1
2
2
1
1
3
32
1
1
192
2
32
3
1
97
1
1
1
1
12
1
1
4
1
11
1
1
9
7
4
3
2
1
1
2
2
1
36
1
1
26
1
2
3
2
4
1
1
1
1
36
18
1
1
5
8
7
2
1
50
1
2
1
4
1
5
30
3
3
1
1
4
1
1
1
71
29
1
7
19
106
2
1
1
2
2
6
55
2
2
1
2
5
1
1
166
1
34
6
3
28
2
1
1
1
222
2
1
11
1
1
21
1
1
2
1
4
2
1
33
1
114
6
3
3
1
4
1
1
1
3
1
20
49
1
1
4
1
8
1
1
1
1
1
1
2
12
7
1
1
2
1
1
6
1
1
4
2
1
17
1
4
35
33
3
1
1
14
1
1
55
3
1
5
2
2
2
85
20
2
7
105
1
51
3
1
5
1
49
4
1
1
1
1
2
3
2
1
3
9
2
58
1
1
1
60
1
5
19
4
1
1
1
7
53
20
3
3
112
1
1
1
4
1
1
1
1
1
3
52
1
1
170
2
3
14
1
1
1
9
13
3
12
5
219
6
1
84
1
2
3
6
11
1
1
2
1
1
25
1
19
12
2
7
40
1
3
2
10
6
1
1
1
4
299
2
54
2
1
2
1
1
1
3
2
1
80
32
1
14
25
1
12
5
1
1
1
1
2
1
1
41
1
3
2
1
2
1
11
1
1
1
2
1
3
12
3
1
1
5
109
6
27
3
12
1
1
1
1
1
4
3
1
13
1
4
4
32
1
1
1
1
1
2
2
29
1
39
5
2
1
3
6
1
1
4
1
55
89
133
16
1
1
6
14
1
1
1
2
1
1
3
5
1
2
16
2
1
1
1
1
137
1
2
1
1
1
1
21
2
2
2
6
14
5
2
1
1
2
1
1
1
2
6
2
1
1
20
1
2
1
7
47
1
3
182
20
2
1
1
1
66
3
1
1
11
1
1
1
6
83
7
1
1
1
1
1
1
4
2
93
1
384
4
8
1
206
1
85
3
1
16
1
1
90
14
1
3
1
1
2
2
1
11
40
1
1
17
4
1
4
38
1
1
1
1
1
11
1
16
43
11
1
1
1
2
17
51
23
1
31
5
3
1
3
1
1
1
1
1
28
2
2
1
12
1
1
11
1
2
72
3
1
1
1
28
4
3
5
1
7
1
81
1
1
1
1
1
104
2
18
11
26
98
1
1
1
1
1
2
2
2
3
1
3
9
1
2
1
1
1
1
1
3
1
2
1
1
1
1
1
1
2
19
1
1
4
1
1
2
1
2
1
1
1
2
1
1
1
1
1
1
2
26
43
1
1
207
1
1
1
4
2
16
12
1
4
5
1
5
1
1
4
1
1
1
1
1
1
3
1
21
1
1
9
8
1
2
4
1
18
1
1
106
3
4
6
1
1
2
1
1
6
3
2
1
6
1
35
11
1
1
8
1
1
1
159
1
6
1
1
1
2
1
3
1
15
2
1
3
1
2
6
6
5
1
1
4
7
1
5
1
4
11
1
1
1
2
13
1
1
1
15
14
1
1
1
1
1
15
1
221
22
1
2
1
28
1
1
8
2
2
1
1
1
4
1
2
12
1
4
3
1
1
21
64
28
3
1
1
1
2
1
62
32
2
11
7
4
1
2
4
1
1
1
2
5
1
2
3
1
1
3
4
2
3
7
1
1
39
1
1
2
1
1
1
156
3
1
1
9
3
1
5
1
3
2
1
2
5
2
2
2
1
44
1
37
6
1
6
202
19
52
208
1
1
1
2
1
1
1
1
13
1
2
1
2
1
1
1
28
2
86
15
2
1
5
1
5
92
1
1
1
1
2
1
6
1
2
1
1
2
246
1
1
3
21
147
1
11
1
2
16
1
2
1
1
1
7
1
1
18
1
1
1
5
1
1
1
73
2
4
1
1
50
1
6
7
1
2
35
1
1
3
5
1
1
120
1
3
1
1
1
1
1
2
245
1
2
1
1
3
1
5
1
3
1
1
9
1
1
93
1
1
65
4
1
1
1
1
1
1
186
1
1
2
1
45
1
4
2
1
1
2
1
2
1
2
1
1
1
4
1
1
64
1
1
2
2
24
2
1
1
62
2
38
1
69
1
1
1
1
5
1
1
18
27
1
3
1
2
1
1
3
1
2
1
1
1
1
1
1
1
1
4
2
2
53
1
1
1
1
1
15
2
7
3
1
55
1
4
1
216
1
2
1
1
2
1
3
1
1
24
1
1
11
1
1
1
1
190
1
1
1
1
1
1
20
2
1
1
1
1
3
1
45
1
1
1
1
1
1
1
1
151
1
1
2
3
1
1
1
24
1
1
6
43
8
3
1
1
2
51
1
1
1
2
1
2
2
2
35
1
1
4
1
2
4
2
3
14
1
15
2
1
1
1
2
22
1
7
1
4
1
1
11
1
97
1
4
1
1
1
226
1
6
1
1
45
1
12
1
1
1
1
1
13
1
144
1
2
1
1
1
1
2
2
209
1
1
24
1
1
1
1
1
6
1
24
5
2
18
6
2
1
1
4
3
9
1
13
1
1
1
1
1
1
44
6
1
1
1
3
1
48
6
3
1
10
36
1
2
135
1
6
1
1
1
1
2
3
1
4
1
1
6
2
1
10
1
2
1
2
2
1
45
2
1
1
1
5
1
80
1
1
1
1
1
2
1
1
68
1
33
1
1
1
2
2
11
10
2
2
1
14
5
1
1
26
2
2
2
19
4
5
1
147
16
2
1
4
2
10
1
1
8
1
3
6
1
1
1
2
2
205
1
1
13
1
1
1
1
1
2
6
4
1
6
1
1
15
1
32
3
21
4
3
3
12
1
1
1
4
1
1
1
1
5
1
1
1
3
10
1
1
3
1
4
1
1
9
1
1
1
9
1
1
1
1
1
1
5
134
30
170
8
7
1
1
1
1
1
1
1
1
1
3
12
1
1
1
1
4
18
1
2
6
1
32
3
1
4
1
2
1
1
2
3
58
1
1
1
2
1
3
1
1
1
14
1
1
1
2
17
1
1
1
15
1
5
1
48
1
1
1
14
14
1
1
1
1
1
1
31
2
51
1
2
4
1
74
11
39
17
3
3
5
1
16
1
1
4
16
1
2
3
1
1
34
1
1
1
5
8
1
3
1
2
1
1
1
6
3
1
1
1
28
1
2
18
1
3
3
1
17
1
16
1
7
1
5
1
2
3
1
1
10
42
9
1
1
7
1
1
35
1
72
1
2
8
2
1
7
4
6
7
12
1
2
7
2
10
7
1
1
1
2
1
263
1
1
3
50
1
23
1
1
27
9
2
3
1
2
1
1
1
3
2
1
1
2
1
1
2
99
1
1
1
17
1
1
2
1
1
7
1
1
22
11
8
1
15
2
2
18
148
1
1
1
1
1
17
1
17
2
1
1
1
2
1
1
10
1
4
2
1
5
2
1
1
3
1
1
21
30
3
15
1
1
1
1
5
24
1
1
7
1
2
8
1
5
27
1
1
1
3
6
1
1
1
2
1
55
151
4
5
6
1
1
20
1
1
3
4
1
1
1
4
1
4
6
1
130
1
5
6
2
7
1
1
1
1
3
1
2
14
1
3
1
1
6
2
1
7
80
1
1
17
60
2
1
4
2
1
1
1
1
104
3
40
35
1
3
4
9
12
5
30
1
1
1
7
2
108
278
1
2
1
1
1
1
2
1
33
9
3
1
1
191
132
1
1
33
1
22
1
3
129
68
13
1
1
5
6
1
1
78
22
1
4
3
1
1
213
1
4
17
1
72
30
1
1
6
35
1
1
1
2
1
1
3
9
1
2
5
92
3
1
1
1
2
3
1
2
2
2
1
1
12
2
1
1
3
1
87
3
5
1
1
6
2
2
1
241
1
2
1
1
1
19
45
13
1
1
1
210
1
30
1
8
4
2
1
1
1
1
1
11
36
7
1
2
1
2
4
1
1
1
9
81
1
86
5
11
2
17
1
7
1
9
1
1
2
1
101
1
24
1
1
35
1
1
30
1
1
1
1
2
2
1
1
1
5
95
11
3
1
1
3
6
2
5
1
1
2
30
1
37
5
1
1
1
5
1
1
1
1
1
5
1
2
1
9
4
2
1
1
1
3
2
4
2
1
2
2
5
1
64
2
25
1
2
2
1
5
1
2
5
8
1
2
2
1
2
1
1
2
2
1
15
1
2
1
38
1
1
142
11
1
1
15
1
1
12
61
28
1
1
1
3
4
60
3
1
27
3
95
12
1
2
1
1
2
1
13
1
22
8
1
1
1
1
2
1
39
7
2
2
1
18
1
3
1
2
1
1
36
13
3
1
160
8
1
3
1
2
1
1
1
4
36
2
1
1
175
1
1
1
9
1
2
1
10
2
16
16
4
1
1
2
1
7
1
1
2
1
1
1
49
2
7
1
2
1
1
8
2
8
16
159
161
1
1
1
1
2
114
1
1
1
2
1
8
1
1
1
3
1
1
119
16
63
127
1
1
1
6
1
18
1
2
1
1
1
89
4
2
22
1
1
15
2
1
2
14
4
1
1
1
6
1
1
2
1
13
1
6
84
1
31
1
2
22
2
1
1
1
14
1
24
4
1
1
1
1
1
22
1
1
1
1
1
10
17
2
1
4
2
2
6
2
71
1
1
2
3
1
28
168
1
21
1
10
1
2
1
1
6
1
15
1
1
1
7
28
1
1
14
1
4
1
11
13
1
2
1
7
3
1
2
1
3
5
2
2
1
7
1
5
32
2
1
1
6
1
126
1
71
9
5
2
6
1
3
3
1
2
1
1
4
1
1
2
6
1
5
1
1
1
1
1
7
1
28
2
17
1
7
5
7
1
1
1
7
4
1
1
1
11
1
4
1
1
1
1
1
1
1
1
26
1
82
1
1
10
17
77
1
1
17
2
5
1
5
1
15
1
4
2
1
188
11
94
1
2
1
6
1
13
1
1
7
1
6
1
1
4
1
15
5
3
1
94
1
23
1
1
1
87
3
1
5
3
1
4
1
1
7
7
1
2
3
1
10
10
59
1
2
1
1
1
1
1
130
1
9
21
1
35
24
1
1
2
1
1
1
3
1
1
1
2
1
1
2
4
1
5
2
9
3
1
126
2
2
1
2
25
1
6
3
38
37
1
1
1
4
1
17
2
1
5
1
1
23
3
44
1
1
1
12
1
1
2
5
2
1
2
1
1
1
2
1
7
13
1
1
1
1
1
1
2
6
1
17
3
1
6
6
1
2
1
6
2
33
1
1
1
1
1
1
1
3
2
5
3
8
4
23
1
1
2
1
12
4
3
2
1
1
26
1
1
28
1
39
3
2
12
11
1
1
1
1
1
1
2
1
1
3
1
1
1
1
2
4
129
1
14
1
1
1
5
1
1
46
135
3
9
1
9
104
3
1
1
24
1
1
6
1
1
1
5
1
16
3
5
1
1
1
1
2
1
2
1
1
1
1
1
2
19
1
1
128
1
1
9
1
20
1
1
10
1
62
1
1
6
1
1
1
2
6
5
1
1
1
2
7
11
2
9
11
1
29
1
32
1
53
166
1
1
6
2
2
5
1
1
15
4
1
59
4
1
1
4
27
152
2
18
1
1
1
1
1
1
1
1
1
42
1
2
1
2
1
35
376
6
9
2
5
1
1
18
33
6
1
1
2
27
5
1
1
1
1
36
274
37
1
1
5
29
1
6
14
1
1
1
321
1
10
5
1
1
1
9
1
2
2
2
2
1
13
1
2
1
1
8
25
1
1
5
1
1
1
6
26
1
1
1
1
12
31
2
1
1
1
19
1
1
55
4
82
1
3
1
1
1
10
7
40
1
1
1
2
8
300
1
1
2
6
7
8
52
138
1
1
1
1
1
1
1
1
11
1
6
2
1
6
1
4
101
2
10
1
6
3
2
2
1
7
7
9
6
3
2
13
1
4
30
2
1
1
1
1
2
11
1
1
8
1
1
1
1
29
5
6
2
1
2
1
2
72
1
1
5
3
5
1
1
6
1
6
5
1
110
1
1
1
1
8
3
1
1
1
15
1
8
1
4
1
2
1
1
1
1
15
1
5
2
9
58
1
1
3
236
6
1
2
2
93
50
4
3
1
1
2
6
17
3
45
1
2
1
10
12
11
1
2
10
2
1
5
4
1
6
10
1
12
1
49
1
5
3
1
1
2
23
1
6
1
1
1
18
160
21
1
1
190
1
1
1
1
1
1
1
1
2
2
1
2
8
126
1
2
1
1
1
6
1
1
17
1
1
1
15
1
12
1
20
1
2
1
1
1
1
5
2
4
1
10
2
2
4
3
169
4
2
4
1
62
24
4
5
1
1
1
1
9
3
1
10
20
3
6
1
2
1
9
7
9
1
10
1
1
3
2
2
6
1
11
2
1
9
1
1
46
84
1
1
1
1
11
2
38
23
251
3
1
1
1
1
16
1
19
4
4
2
1
9
1
17
2
1
16
1
1
1
5
35
26
1
1
2
1
1
2
3
5
1
3
48
2
19
29
1
1
1
1
2
3
77
1
1
52
3
1
1
1
8
42
1
2
2
29
1
7
8
1
2
15
1
3
2
124
3
1
6
1
44
3
2
1
135
1
1
3
1
1
1
1
5
9
1
1
1
2
3
50
11
1
1
2
1
1
2
1
30
1
7
6
1
2
225
23
1
2
10
1
1
1
106
1
32
5
1
2
9
23
13
2
1
21
1
1
1
1
2
1
30
4
1
6
2
3
8
2
5
1
1
2
1
1
68
67
1
4
76
1
9
1
1
4
2
3
19
32
15
1
26
120
4
1
2
1
1
1
1
1
1
1
26
12
1
1
7
1
1
135
1
1
1
8
11
6
1
1
1
1
227
1
1
1
1
12
1
30
17
1
7
1
1
2
1
1
12
33
1
4
1
1
3
1
67
4
3
1
3
1
25
10
1
94
3
111
1
7
1
1
3
5
1
198
17
250
3
31
2
1
19
6
7
8
1
4
1
1
2
1
138
4
2
1
2
4
3
6
28
3
1
2
2
3
14
42
3
1
1
2
1
1
1
1
41
1
201
1
1
2
1
2
1
2
1
3
1
15
2
1
2
1
1
1
32
1
61
6
3
1
1
1
27
6
27
2
1
3
1
1
1
1
1
1
1
1
2
2
1
22
2
2
10
7
1
2
6
1
1
1
1
1
1
4
2
11
2
19
1
1
5
19
1
47
1
35
1
198
2
1
2
2
43
1
1
5
4
5
1
28
2
1
3
19
1
1
6
1
12
1
61
1
10
1
3
1
1
7
10
2
1
1
1
1
3
34
1
1
306
1
12
1
1
1
1
19
1
1
3
1
2
2
4
1
2
4
16
2
1
37
9
1
7
1
25
99
1
1
49
1
4
1
1
1
2
1
3
77
363
1
9
6
1
38
1
2
2
1
4
1
8
10
16
1
2
1
4
1
96
2
4
2
1
1
1
4
1
42
6
1
1
23
1
3
8
1
1
32
1
3
11
2
2
2
40
2
1
31
5
1
13
29
4
7
8
1
4
1
7
5
17
1
1
2
1
7
1
5
1
2
1
94
1
11
2
6
2
1
1
3
1
2
41
4
4
17
2
2
1
120
235
4
16
2
1
33
1
2
1
3
67
1
1
1
3
4
1
1
45
1
2
2
1
59
4
1
4
1
10
50
298
1
1
1
16
4
1
1
2
32
1
26
2
355
2
2
1
1
22
1
2
1
1
4
1
1
18
1
4
1
1
2
1
1
4
1
2
45
1
11
18
7
10
1
2
3
159
17
1
2
1
2
1
48
2
1
1
1
36
1
5
3
1
1
2
5
1
2
1
1
1
21
1
2
1
1
1
8
2
5
22
1
14
11
1
1
1
1
2
1
1
1
7
28
162
1
1
1
25
5
2
1
70
9
3
1
19
54
10
1
1
2
62
1
1
5
1
1
1
10
1
9
2
1
1
4
1
2
6
1
3
1
1
1
24
4
81
12
1
1
49
3
7
1
1
1
6
2
1
7
2
1
1
60
1
19
1
1
1
2
1
11
1
3
1
1
1
3
2
1
1
1
13
1
1
1
1
3
1
5
3
1
4
1
2
10
1
2
1
9
51
1
1
1
1
1
1
60
1
12
71
4
6
1
1
63
1
3
1
1
1
1
6
24
1
7
1
3
5
1
2
2
1
2
1
190
38
28
68
5
1
13
1
1
118
1
7
1
1
2
1
1
1
95
1
1
9
1
1
8
37
2
1
1
1
2
11
200
1
1
7
1
4
1
2
1
23
1
3
1
1
2
2
19
3
1
1
13
3
24
1
1
5
23
108
54
2
1
52
1
1
1
1
5
1
1
1
4
1
18
4
1
2
1
38
3
3
1
4
1
1
1
2
1
1
1
1
1
190
1
1
1
1
6
1
1
1
1
1
324
13
1
1
27
41
41
3
12
10
1
1
1
4
2
5
2
1
12
2
1
1
3
2
1
4
1
1
1
1
1
7
1
1
1
2
1
1
1
167
11
2
1
27
1
4
2
14
1
4
5
2
1
3
1
5
1
2
10
1
1
1
13
2
7
1
38
1
1
10
1
19
80
1
1
10
8
1
2
5
3
6
1
8
1
6
1
1
3
1
1
3
1
1
1
83
1
2
237
1
2
2
1
1
4
2
1
1
1
1
1
1
1
1
1
1
2
27
1
4
1
7
11
5
17
1
5
44
1
1
22
1
7
1
1
1
1
1
1
85
1
1
1
1
1
2
1
1
1
2
153
1
5
4
7
1
1
1
1
28
5
1
6
18
1
1
1
35
1
1
3
204
111
1
1
1
1
3
2
1
1
3
9
1
9
1
56
1
1
1
1
1
13
12
1
6
10
1
80
50
10
1
4
1
1
56
1
7
18
24
1
67
1
18
1
2
2
1
1
3
1
4
11
9
14
82
1
19
19
1
122
8
1
1
2
1
4
184
2
181
3
4
1
6
91
17
10
22
2
1
1
1
1
10
1
5
1
1
28
1
1
3
4
2
1
1
1
1
1
3
96
6
1
1
14
3
224
2
117
31
45
14
7
2
2
2
3
1
1
5
84
12
1
1
1
1
12
1
2
1
1
1
1
1
53
1
4
1
3
2
2
1
1
1
6
1
2
1
2
2
1
82
1
2
1
1
29
1
1
3
1
2
1
2
4
1
1
1
1
2
1
6
11
8
2
1
12
1
45
1
1
7
1
2
1
1
6
1
2
1
1
1
1
11
1
1
3
1
1
374
3
1
1
1
1
1
1
2
6
2
84
1
4
2
25
4
2
1
1
1
3
1
119
14
1
1
1
75
120
1
3
8
16
2
1
1
1
1
19
2
1
1
2
4
4
2
1
1
360
38
1
2
144
3
1
1
1
23
22
1
8
10
9
23
6
1
1
2
46
122
1
11
2
7
1
1
1
2
1
1
5
79
1
4
1
8
4
11
1
2
106
3
1
1
13
1
2
1
1
7
14
16
1
14
1
2
1
65
33
1
2
2
1
1
16
1
1
1
1
18
1
7
20
3
1
1
5
8
1
3
16
1
4
2
1
14
1
1
1
1
1
1
1
5
2
44
1
3
22
1
2
7
1
1
3
77
2
4
1
5
1
1
3
1
2
1
1
1
1
1
1
1
1
1
1
7
45
2
1
21
8
1
1
1
1
1
1
3
69
1
4
85
1
1
9
3
2
1
1
15
1
1
13
2
3
1
1
2
24
1
125
1
1
2
58
4
1
1
1
1
1
7
1
20
6
1
1
20
4
1
15
2
1
1
2
2
1
1
1
1
105
1
1
63
22
1
1
1
5
2
2
1
1
1
1
1
1
1
42
4
2
2
3
2
1
3
1
3
7
1
1
1
1
3
1
1
5
3
2
1
1
1
12
21
2
1
13
3
3
1
28
72
1
1
1
1
4
37
1
1
4
8
5
2
1
2
2
1
1
2
2
36
1
5
1
1
1
7
2
2
1
1
1
1
1
13
1
7
22
56
1
16
1
2
4
1
2
20
1
4
1
1
1
1
23
1
1
156
7
5
1
6
5
2
19
2
3
1
1
54
2
1
22
1
4
19
4
2
26
30
1
6
1
7
114
1
1
48
1
3
3
29
1
2
11
74
21
16
6
1
2
1
1
3
3
265
1
1
2
3
10
8
3
3
2
27
1
52
4
126
1
1
3
1
3
1
2
1
2
1
1
3
15
36
1
1
5
1
1
41
1
3
1
6
3
1
1
1
6
4
12
2
14
2
3
1
5
1
3
2
1
3
3
4
1
5
2
1
1
8
1
1
4
1
1
1
1
3
1
6
1
2
3
9
1
1
1
5
1
1
1
32
1
1
4
1
12
85
1
2
1
1
5
3
18
1
55
2
28
17
9
1
23
1
4
1
1
33
1
66
1
4
2
133
1
37
39
36
2
1
5
4
187
2
1
8
2
1
10
1
1
13
9
2
392
1
1
1
1
2
3
1
3
1
2
159
1
1
1
1
11
1
1
2
5
33
1
3
7
9
1
10
20
8
8
5
1
71
40
1
9
3
1
2
4
2
120
4
92
4
1
34
1
2
1
2
1
2
22
29
1
45
1
3
5
1
16
21
3
1
2
1
35
1
1
33
3
27
3
29
1
20
18
89
2
1
1
1
1
7
1
1
1
5
1
8
10
1
1
14
143
25
1
1
47
30
73
103
2
1
8
1
16
1
55
66
11
2
1
1
2
28
75
1
40
12
1
1
73
1
3
247
1
1
1
1
1
1
1
1
1
1
1
7
1
4
1
3
1
1
3
1
4
1
1
1
1
10
1
2
3
2
1
1
4
1
27
1
1
6
1
1
1
6
7
1
1
2
1
1
1
1
5
1
13
3
2
2
171
1
2
1
1
1
2
2
3
176
8
27
3
1
23
5
3
1
1
116
1
1
61
2
1
14
1
5
1
28
1
117
14
9
1
1
1
10
1
20
1
3
142
5
4
54
149
2
3
2
18
2
1
2
1
1
120
1
2
2
2
1
2
34
1
8
1
8
1
4
4
2
1
25
1
25
1
1
2
14
21
108
1
1
5
2
1
1
28
2
1
15
1
1
2
1
3
5
3
1
2
7
1
1
17
25
1
1
1
2
1
58
2
16
1
7
2
5
13
11
17
1
1
2
1
1
4
3
1
1
1
1
2
95
2
3
2
89
6
2
1
1
1
2
2
1
2
4
3
1
1
1
2
17
17
1
15
1
1
1
10
1
2
9
2
17
1
2
1
4
9
34
1
1
1
2
1
1
1
1
6
1
1
1
1
1
13
4
16
2
10
2
1
1
3
2
1
5
8
1
3
2
1
1
1
1
31
7
139
1
25
1
1
1
1
2
2
1
37
2
19
1
1
1
87
66
4
1
1
3
1
1
1
5
7
87
3
1
1
28
9
8
2
25
1
1
1
10
16
3
1
11
1
22
1
4
1
1
2
17
4
1
22
1
4
1
2
1
12
3
1
6
1
1
1
3
36
1
2
3
1
1
2
2
1
1
6
19
127
1
3
1
1
14
1
4
1
38
1
21
1
2
1
1
1
54
1
22
1
1
1
1
1
1
9
1
1
5
2
1
1
1
7
31
1
1
2
66
72
1
1
1
1
22
1
17
8
1
14
1
1
2
2
94
1
1
40
2
1
1
1
1
4
3
1
1
1
1
25
8
1
2
2
19
1
1
1
1
9
1
1
109
1
169
3
11
1
24
1
23
1
1
2
1
2
1
1
4
2
169
42
1
3
3
3
2
50
1
18
109
2
53
3
12
1
3
6
2
13
1
5
1
4
1
1
1
1
1
1
8
5
2
1
8
2
1
1
1
29
1
1
13
1
2
20
1
7
1
40
1
1
1
28
3
8
88
5
1
2
9
73
1
20
1
39
1
65
1
1
3
1
10
3
1
1
30
1
1
31
1
15
1
3
1
2
1
3
7
1
1
2
7
2
1
1
1
1
1
2
1
24
1
60
4
1
1
9
1
1
4
2
1
1
2
2
2
1
85
197
1
4
1
1
46
1
1
4
1
1
1
3
1
1
1
1
37
1
2
3
1
24
1
55
2
1
1
1
5
1
6
1
92
2
1
6
15
4
1
4
1
1
1
1
2
1
2
1
7
1
10
3
1
3
2
1
1
1
2
163
103
17
2
5
2
58
1
5
1
1
3
15
1
8
58
3
2
1
388
26
1
6
1
2
194
1
2
30
14
3
2
1
4
101
2
1
3
4
3
1
1
7
1
183
10
6
1
3
1
29
1
9
39
2
1
168
2
1
3
1
2
2
2
8
1
5
1
19
1
3
28
1
44
119
1
5
2
2
2
1
23
1
16
25
3
80
110
2
2
1
1
1
1
36
27
1
1
2
1
2
1
1
2
1
13
1
1
1
1
13
19
1
1
5
1
1
1
1
43
1
1
1
2
1
3
10
9
4
2
3
3
21
1
5
1
39
3
61
12
1
5
2
9
1
1
1
7
1
1
163
1
1
6
1
1
5
1
3
33
1
1
369
10
2
8
1
1
1
5
2
1
18
4
1
1
1
1
1
5
2
1
30
3
1
1
2
1
1
1
1
3
3
1
1
1
1
2
53
5
3
2
11
9
8
1
10
2
2
1
1
1
5
1
304
1
1
14
44
1
9
1
14
2
2
1
19
2
1
321
1
6
2
1
1
1
1
1
1
101
47
4
1
15
14
1
7
1
1
3
1
22
1
1
7
2
5
4
1
1
1
46
1
1
4
1
3
1
5
14
1
1
2
1
1
2
1
1
1
8
76
27
2
1
8
1
5
1
2
1
1
1
4
1
1
2
1
1
1
1
5
2
1
1
1
2
1
1
2
1
2
9
1
1
1
12
1
1
1
1
1
30
1
1
1
2
1
11
3
1
88
4
3
2
2
8
3
1
1
3
23
47
56
5
80
4
1
1
1
2
15
5
6
1
10
3
2
1
1
1
1
1
1
1
1
2
131
1
1
2
1
2
3
1
1
1
1
5
2
1
1
4
1
1
2
1
1
54
5
1
32
3
4
10
3
8
1
3
1
1
4
81
1
3
3
1
1
6
14
5
1
1
6
1
1
3
5
2
3
12
15
76
2
186
8
4
2
1
1
1
1
1
1
39
1
4
2
1
1
5
69
6
17
1
1
2
2
1
180
1
5
1
1
2
2
1
2
14
1
1
3
1
24
1
18
2
75
1
2
1
8
1
3
1
7
1
1
4
1
3
1
14
2
1
1
50
1
5
18
1
6
2
1
1
1
26
1
1
3
1
24
2
1
6
17
1
2
48
368
1
2
3
3
1
1
3
1
13
3
2
1
1
1
23
1
1
1
13
4
35
1
46
1
1
1
55
3
28
1
1
1
4
2
1
4
7
16
49
19
1
1
1
5
1
102
7
2
2
1
2
5
1
2
2
1
1
1
5
54
1
1
1
1
1
1
1
2
1
4
6
6
1
1
52
5
144
2
334
3
2
1
2
1
1
1
5
1
140
2
1
1
1
1
1
3
1
2
1
6
9
1
4
34
1
2
1
14
1
1
4
64
1
2
7
2
12
9
1
1
1
1
1
2
1
3
1
1
2
1
1
1
1
1
2
13
4
1
8
148
1
7
1
1
32
3
1
1
1
103
14
1
1
1
1
2
34
2
2
1
1
8
133
1
1
3
2
1
1
1
14
3
19
4
3
3
1
1
2
1
1
2
1
1
1
1
32
1
1
1
1
3
5
1
1
1
1
1
7
1
1
102
1
2
14
1
12
1
2
1
1
1
1
2
1
13
1
3
1
2
2
13
2
1
1
1
1
1
1
1
6
1
4
31
1
144
1
1
1
19
8
1
3
1
1
1
1
8
13
6
16
1
1
1
6
2
1
1
2
66
3
2
15
21
72
2
5
19
9
1
1
2
6
78
1
4
55
1
1
1
3
2
15
1
10
1
2
1
1
3
329
22
2
5
7
3
3
11
1
1
1
1
1
1
1
3
1
1
5
1
1
1
1
11
7
9
4
1
1
1
12
1
1
1
1
3
2
1
1
1
1
3
4
6
11
1
8
1
1
8
1
1
1
5
59
262
9
3
1
2
2
87
3
2
1
15
12
1
6
12
1
2
1
1
1
2
4
5
2
1
8
2
2
3
6
1
7
1
19
1
1
2
1
1
2
3
1
1
1
1
153
4
2
1
10
1
3
1
2
1
1
107
69
1
2
4
1
1
1
3
2
1
2
73
1
2
4
2
2
4
1
1
1
1
3
1
1
1
1
1
3
1
6
13
9
8
1
2
15
1
1
6
1
1
1
1
1
1
1
3
1
1
2
2
1
5
1
2
1
25
8
1
2
1
10
11
2
6
1
3
1
3
2
6
1
25
93
1
5
1
1
2
2
37
3
1
1
2
21
1
5
3
1
1
2
28
51
1
30
5
1
1
1
1
1
1
22
1
1
1
7
1
7
150
1
9
1
1
2
2
1
1
1
4
5
2
23
116
1
2
1
1
1
4
1
1
2
11
1
5
1
1
1
1
36
1
1
1
1
85
3
2
1
1
1
9
6
1
5
2
2
1
1
2
1
26
17
14
1
1
1
1
1
1
2
5
9
3
1
12
1
3
1
3
2
1
1
1
1
2
3
1
1
1
3
1
1
1
2
5
1
1
1
5
157
2
1
5
2
3
1
1
14
1
6
1
22
80
1
1
1
1
2
31
1
4
2
3
11
1
1
12
1
4
36
12
7
2
55
2
1
42
4
14
3
1
1
9
70
1
5
8
1
1
4
8
34
41
1
20
5
5
1
1
1
1
1
17
4
3
1
76
7
1
2
2
3
1
1
1
23
1
1
16
2
2
1
1
5
2
1
2
2
1
1
16
33
70
1
1
2
2
1
1
1
1
26
5
1
5
1
2
71
107
62
1
11
11
1
1
3
54
1
82
1
1
21
1
23
2
1
288
1
1
1
3
1
2
1
1
1
1
3
1
1
1
73
1
2
1
66
23
1
3
1
2
1
1
1
4
2
5
4
3
2
37
2
3
1
1
3
1
1
2
1
4
1
1
27
1
52
7
4
2
5
2
2
209
60
51
1
1
1
27
1
3
1
2
1
2
1
31
1
2
15
1
2
117
12
1
3
1
2
1
6
1
1
1
10
1
1
14
38
4
10
1
22
57
14
1
2
1
1
5
98
2
1
3
1
2
3
36
1
1
1
11
11
2
1
1
2
1
1
2
2
1
1
2
1
1
1
1
3
8
1
2
1
1
118
1
1
16
1
1
2
4
42
156
1
2
1
6
10
1
11
3
1
1
1
1
42
1
2
339
26
5
24
344
2
1
3
2
1
3
1
6
2
27
1
5
2
2
6
1
1
1
34
1
1
4
2
2
1
1
2
1
4
6
6
1
33
5
16
1
4
1
1
6
24
5
1
4
5
6
1
1
86
1
1
17
4
8
62
1
2
2
1
1
2
17
1
1
105
1
2
1
4
1
32
2
23
1
8
1
3
2
29
17
1
1
2
2
12
8
2
2
1
2
1
1
1
1
57
1
1
1
25
1
1
82
1
1
94
1
4
84
69
2
377
2
2
1
2
3
1
1
16
1
1
1
1
1
1
1
40
10
3
2
26
31
1
5
17
1
34
6
2
10
1
3
23
2
1
2
1
1
2
184
1
1
70
1
1
10
24
3
10
1
1
65
107
1
2
3
2
1
1
4
1
1
1
28
1
1
1
5
1
1
4
2
1
3
20
3
2
1
1
1
1
82
1
2
14
3
7
1
4
1
2
1
6
1
1
1
134
2
1
1
10
5
1
66
1
1
45
2
1
26
1
8
2
4
1
1
3
1
1
1
19
86
1
52
2
52
1
2
185
5
1
1
1
1
55
2
1
1
1
2
15
9
2
2
27
37
1
1
1
2
3
4
15
50
1
2
2
1
1
9
11
1
42
1
3
3
1
1
2
1
1
1
1
41
10
2
3
1
2
2
1
3
107
1
3
11
4
4
21
78
25
55
89
2
1
2
1
4
1
1
1
3
12
2
1
1
1
1
4
2
1
2
1
1
1
1
2
28
6
2
5
3
2
25
1
1
1
61
2
14
2
1
1
7
38
1
1
2
18
2
1
1
1
9
7
1
1
8
1
2
10
17
6
2
1
1
1
4
1
2
1
2
4
1
80
2
2
9
2
2
1
3
1
3
18
22
3
27
1
13
50
2
8
1
2
118
60
8
2
2
2
3
2
6
1
1
1
21
8
1
1
1
1
2
2
2
1
3
7
7
1
1
2
4
2
11
1
17
1
137
1
9
1
9
1
1
1
3
2
4
40
2
1
39
2
1
4
10
1
3
2
8
1
1
6
1
2
2
5
36
1
9
1
6
17
16
2
1
5
94
1
2
1
1
1
1
1
1
7
2
8
1
4
1
2
2
1
2
1
3
26
1
1
1
1
6
46
3
1
1
1
5
1
4
1
1
1
2
38
1
1
3
1
58
8
3
1
1
2
1
6
13
1
32
147
7
1
2
6
6
10
82
1
1
1
3
43
20
4
2
1
11
1
1
1
1
2
115
1
2
2
1
1
2
1
3
1
2
7
40
1
3
1
2
9
12
1
1
2
9
1
1
3
2
8
1
3
3
1
1
1
3
2
1
1
2
12
1
1
1
7
1
2
1
4
7
1
1
1
2
1
4
46
1
1
1
1
2
7
1
62
21
1
2
3
11
1
1
1
1
1
16
1
151
1
2
3
2
1
1
1
1
2
8
1
43
1
4
2
4
42
38
4
2
3
1
4
1
1
5
5
1
5
1
2
1
4
23
1
1
27
5
13
1
1
2
4
93
4
1
2
1
2
10
1
2
31
1
4
6
3
1
1
1
3
1
56
1
1
1
7
1
1
1
1
3
1
1
14
1
81
27
1
2
1
4
1
1
9
1
6
1
1
2
1
1
88
38
1
15
1
7
6
1
4
1
1
1
93
16
5
1
5
1
1
2
3
1
2
1
6
1
1
2
1
2
7
1
1
1
1
4
1
11
2
3
1
4
28
1
55
2
10
1
1
27
7
1
1
7
11
4
1
33
1
7
2
1
9
238
5
1
2
2
46
1
1
1
3
1
2
2
1
3
1
2
3
4
112
1
1
3
2
1
1
6
11
1
8
1
1
9
1
1
1
18
1
4
2
1
4
1
3
11
2
1
1
1
