30
130
3
5
105
4
25
97
63
4
101
17
227
9
23
46
1
8
49
50
12
262
20
6
12
13
153
11
8
7
2
301
78
6
1
91
24
130
4
199
100
1
2
73
15
123
11
3
1
4
2
3
40
3
1
79
52
140
1
38
318
9
2
5
23
8
34
14
1
24
51
3
10
175
53
5
9
31
22
231
42
7
8
38
22
58
32
19
79
3
69
13
67
14
17
74
48
279
104
4
19
4
4
29
133
6
21
22
1
2
41
9
64
7
108
162
29
35
31
16
22
1
6
245
1
11
4
13
18
4
9
280
7
94
16
13
35
127
262
16
3
5
247
17
5
207
5
2
1
1
53
19
5
7
50
5
171
9
7
2
10
20
3
6
10
2
6
29
25
121
6
128
179
1
31
279
15
1
13
2
102
149
1
93
192
31
1
2
18
65
13
6
6
27
129
221
23
11
6
4
34
85
48
11
67
2
454
8
53
15
14
44
5
44
1
11
54
3
101
221
147
4
1
7
60
9
11
2
3
126
2
121
92
66
20
3
14
1
63
35
8
149
1
3
198
10
435
38
160
19
1
332
13
34
12
33
40
103
10
254
8
3
2
66
2
102
1
10
3
4
15
94
38
9
40
16
14
51
2
29
4
1
9
2
7
3
2
112
3
3
270
3
35
115
10
35
145
106
7
173
1
23
137
14
48
26
196
1
54
4
65
34
46
5
1
60
1
4
16
154
95
29
1
20
102
5
59
1
275
29
19
454
9
46
70
107
5
16
142
7
12
99
25
5
2
37
426
1
4
100
5
1
2
30
215
12
13
16
3
13
5
8
3
10
67
3
1
3
1
2
35
1
7
46
2
1
8
26
1
89
27
8
255
2
7
1
175
2
5
7
10
70
182
6
11
8
225
1
19
13
5
6
43
16
8
7
18
72
1
9
19
9
40
4
3
2
188
35
5
23
9
63
1
21
14
15
108
10
2
258
64
41
123
9
3
48
3
16
2
12
23
35
16
91
2
180
187
262
40
9
67
71
161
282
1
27
24
31
17
4
10
6
11
19
1
9
7
23
7
315
3
63
48
46
44
17
253
9
9
8
203
91
129
13
2
4
1
169
37
4
1
60
40
393
37
21
145
2
37
15
68
26
1
388
4
11
94
22
37
2
29
2
37
5
2
6
6
82
3
18
2
89
19
39
16
2
8
246
15
9
9
2
202
3
3
233
4
20
12
5
3
9
20
1
18
33
38
8
2
92
4
24
92
3
2
8
30
400
59
16
3
11
140
23
59
24
75
4
2
11
1
2
24
20
259
6
30
3
22
2
2
2
107
18
2
156
13
21
4
1
8
10
1
351
1
39
34
36
2
248
57
1
2
33
3
7
19
2
24
27
17
25
15
2
3
113
2
13
7
4
2
211
1
4
35
11
2
89
8
17
16
7
64
2
1
4
194
4
95
51
33
54
22
243
21
20
9
1
123
38
4
57
247
7
34
14
68
13
2
14
41
41
209
50
205
183
8
27
17
27
4
15
4
20
19
14
7
2
1
7
36
4
16
24
11
5
35
7
51
103
58
90
1
2
27
34
14
334
53
2
11
140
50
140
2
2
18
5
1
8
50
185
5
27
164
17
2
5
9
28
1
1
3
1
14
98
5
34
1
284
30
318
431
9
54
44
1
220
67
1
10
24
2
1
1
135
28
29
18
5
68
119
11
12
26
2
226
9
16
6
18
10
2
49
62
20
3
9
34
121
5
22
193
7
25
8
296
8
14
2
1
20
68
4
69
12
58
19
1
2
1
71
143
7
153
1
9
65
6
2
34
17
16
59
23
5
6
2
13
6
5
17
4
79
3
35
32
2
2
3
1
39
2
20
40
4
15
10
13
137
8
36
1
11
29
27
37
21
179
42
20
46
30
31
1
9
52
37
2
2
78
238
2
3
24
5
5
1
5
81
36
5
3
6
8
1
5
3
9
266
162
11
20
20
2
8
60
18
163
2
20
100
22
7
2
3
11
16
4
2
14
82
52
2
18
208
16
16
298
28
32
4
13
16
157
4
6
8
17
3
38
4
53
5
2
2
2
33
19
3
2
26
3
56
12
23
243
49
4
2
28
28
2
7
7
8
12
6
6
2
288
4
8
56
78
251
6
17
6
136
12
193
20
6
5
29
26
1
26
9
38
45
200
4
134
75
12
15
4
7
3
22
7
14
19
13
18
185
9
19
32
4
6
4
28
10
13
115
7
27
3
16
84
1
148
15
89
21
172
13
71
47
216
4
27
9
2
14
3
13
3
22
30
4
17
1
18
280
222
27
8
4
90
57
92
50
194
10
2
4
37
10
2
48
22
422
37
29
60
80
179
27
189
1
3
33
3
6
1
1
3
117
1
14
15
9
14
1
4
10
257
1
18
7
30
96
2
139
21
63
44
184
135
71
40
195
1
48
31
5
4
45
2
18
2
47
18
29
80
2
51
64
5
30
3
101
59
3
45
4
5
36
1
5
1
71
2
264
25
23
25
27
80
6
71
1
100
14
6
37
60
69
17
67
3
12
11
2
2
22
1
1
3
6
16
24
10
4
67
4
84
3
6
7
190
65
210
9
6
1
41
20
2
6
3
2
2
14
62
3
23
37
9
4
8
82
1
201
197
256
45
213
2
2
5
6
2
9
8
2
132
14
26
38
1
3
1
26
7
3
3
31
5
99
6
162
24
2
46
1
1
9
9
26
16
69
4
3
1
29
4
11
74
23
4
