1
87
143
15
14
17
244
20
58
69
351
1
10
71
42
15
55
204
67
41
180
21
64
13
43
12
25
37
2
395
119
20
6
14
15
8
6
78
2
4
620
183
135
74
508
52
89
5
16
19
23
1
2
2
27
40
34
33
5
284
153
1
18
25
24
517
28
95
269
167
65
4
10
4
1
2
16
71
98
236
52
32
4
1
194
13
74
5
51
14
382
29
7
4
35
48
6
206
40
5
104
5
136
10
97
52
62
13
3
54
202
1
109
18
83
19
10
32
1
304
54
6
3
35
189
2
26
157
41
5
6
4
86
6
168
1
229
65
7
45
62
2
4
183
3
12
7
141
37
45
14
10
3
1
12
118
21
10
1
103
1
6
41
28
57
61
103
6
17
165
479
19
2
107
5
118
420
153
270
26
45
270
3
342
6
159
13
125
12
13
5
15
9
1
50
16
9
412
51
4
10
49
163
23
355
3
1
4
96
172
2
2
2
1
1
1
379
105
27
50
43
1
46
54
1
27
51
7
1
8
142
84
51
29
19
2
45
429
27
62
54
121
622
563
25
1
81
96
307
4
88
179
327
459
16
91
6
30
378
25
53
23
1
1
2
21
16
74
239
11
52
45
12
12
10
12
243
51
285
200
1
29
12
301
360
20
1
16
2
10
44
16
11
352
36
62
8
7
130
18
47
7
95
115
32
308
1
286
19
1
307
64
57
37
153
29
8
264
21
81
1
10
132
9
3
475
33
17
43
15
8
1
62
3
142
99
189
6
60
3
343
9
50
8
2
225
194
4
115
278
15
28
3
56
228
118
87
40
331
39
19
1
19
8
18
26
46
1
19
29
7
6
42
2
3
41
27
48
1
1
3
325
57
79
10
5
124
78
327
1
10
27
10
25
74
5
3
41
6
1
118
283
25
18
3
77
5
8
16
1
62
12
1
34
6
26
7
9
88
271
9
5
341
17
13
19
1
4
195
13
165
41
2
38
37
13
1
31
10
31
134
11
39
1
87
10
17
30
7
326
1
16
26
11
10
12
3
7
1
16
29
20
4
45
41
42
4
64
107
53
6
67
42
17
9
60
105
34
9
29
96
113
39
36
2
25
20
14
13
15
40
2
28
28
30
119
85
8
36
59
26
6
533
39
3
293
92
17
2
3
63
11
66
5
25
4
24
19
252
3
208
52
6
2
1
66
10
15
25
1
69
14
10
11
20
13
30
229
35
4
229
17
272
2
166
70
43
6
119
3
6
38
8
83
156
31
4
3
187
2
37
1
71
11
1
8
54
7
9
176
57
33
1
120
35
7
11
198
128
34
194
42
92
14
107
52
3
63
28
91
225
2
213
8
1
7
2
49
362
19
15
39
6
27
38
1
1
10
1
13
47
22
297
29
57
4
43
190
60
71
51
88
41
65
7
4
2
2
66
41
2
88
30
2
87
7
1
1
13
2
16
14
1
55
17
198
32
57
295
13
79
10
430
107
2
26
31
47
1
12
1
3
1
11
158
413
45
154
4
19
177
4
13
282
4
4
566
185
30
1
22
237
61
141
422
7
14
12
3
56
1
12
532
3
23
19
20
21
25
1
8
155
9
3
364
389
3
48
5
13
59
5
75
87
55
163
10
44
2
7
326
26
51
29
298
13
7
27
279
52
154
38
33
21
40
4
20
2
277
138
23
5
27
7
108
51
28
272
103
30
1
215
305
97
195
22
11
138
21
2
7
120
93
169
413
175
9
6
14
29
20
35
89
22
81
6
3
84
74
32
214
3
58
52
1
1
8
3
3
103
60
5
63
38
13
22
16
99
37
15
40
1
1
1
1
1
1
1
1
1
30
1
1
1
8
121
8
2
11
1
32
26
1
151
2
9
3
3
130
3
5
1
12
37
3
5
1
10
1
105
1
4
12
3
34
71
25
97
3
19
63
19
1
4
2
1
1
3
2
2
2
2
14
2
5
1
1
1
1
1
101
1
1
1
1
2
2
1
1
4
141
1
1
1
1
1
17
2
1
1
17
4
2
1
1
1
4
1
44
1
1
1
1
2
5
1
1
2
1
5
1
227
1
2
20
21
5
1
1
1
2
26
9
16
7
1
24
1
2
3
1
2
4
15
9
6
23
1
46
1
1
6
1
1
7
4
2
1
1
49
3
11
4
5
1
1
8
3
4
1
1
2
2
4
1
64
3
12
123
1
4
1
25
1
2
49
3
7
1
3
1
2
36
24
19
9
24
5
9
7
2
9
7
19
3
25
4
1
1
19
3
1
3
2
1
2
1
1
1
1
1
1
50
1
2
4
12
1
1
2
262
20
6
2
1
129
1
2
2
1
12
1
1
1
1
1
7
3
4
35
22
8
3
2
9
3
1
37
1
12
13
1
1
1
1
1
1
1
1
2
1
1
1
1
1
13
4
1
1
3
25
1
1
23
1
1
153
1
1
1
1
2
6
11
1
2
1
1
1
1
40
1
1
1
8
5
1
1
1
5
1
1
4
7
2
1
1
2
1
1
1
301
78
24
14
2
6
1
3
3
1
1
1
1
91
109
5
23
1
14
1
2
1
1
1
1
24
1
1
130
1
5
1
2
1
1
1
3
1
1
1
1
1
1
4
1
1
3
1
4
40
1
1
1
1
1
1
4
1
1
1
1
1
1
1
199
1
1
1
1
1
1
1
1
1
1
2
1
1
1
100
1
2
2
1
1
1
1
1
1
1
1
1
1
1
2
2
1
6
2
3
1
2
1
73
1
1
1
1
1
1
4
1
1
15
3
2
1
1
3
1
1
123
1
1
1
2
1
6
3
11
10
2
3
1
1
1
52
6
1
3
2
1
1
1
16
12
7
1
103
1
1
4
1
1
3
174
2
2
2
1
3
9
1
9
20
86
2
6
1
1
2
2
69
1
1
2
1
2
8
2
1
1
1
40
1
1
3
4
2
1
1
1
1
1
2
1
4
1
1
1
1
1
1
1
1
1
79
3
1
3
1
1
1
13
1
1
1
7
1
2
3
1
1
1
2
1
5
1
51
3
2
1
4
1
1
14
1
3
1
2
52
140
1
1
1
1
1
1
1
4
1
2
1
1
1
3
11
2
38
8
1
1
1
1
1
4
1
4
318
1
3
3
2
1
2
2
1
2
1
2
1
1
2
1
1
2
1
1
18
1
1
1
14
10
1
15
1
1
3
4
15
1
9
1
3
2
5
3
1
1
4
2
5
2
1
23
2
1
14
8
1
1
1
12
2
3
3
6
2
1
1
13
1
1
28
1
1
1
34
1
1
1
1
14
1
1
24
1
1
1
1
1
4
7
3
51
5
1
1
2
1
6
4
1
3
1
1
1
1
10
3
1
1
1
1
1
2
2
1
1
23
175
11
4
35
1
2
4
1
1
3
1
53
23
1
5
9
1
1
1
18
1
1
31
4
1
129
22
1
1
2
2
1
1
1
231
1
1
1
2
3
2
1
4
1
2
1
1
1
1
1
1
3
3
3
1
42
2
63
1
2
13
1
2
1
1
1
1
3
1
1
1
1
1
1
2
2
25
1
2
1
2
1
1
3
4
1
1
1
1
3
1
1
1
2
44
1
1
7
2
6
1
1
9
1
3
1
1
1
1
1
1
1
1
8
1
1
5
10
3
1
4
5
17
1
2
38
80
138
6
4
22
25
14
41
58
32
13
21
25
9
6
116
1
1
2
60
4
47
144
19
79
79
1
1
60
4
4
1
1
14
183
1
2
4
2
1
2
1
1
3
1
10
14
4
69
2
4
5
1
15
4
5
2
4
1
1
1
1
1
13
5
1
1
15
1
52
67
2
1
1
2
1
1
1
74
1
1
1
2
4
1
1
1
1
1
14
1
2
4
1
4
1
1
1
1
1
3
1
3
3
1
1
1
1
1
1
7
1
17
1
3
1
1
1
1
1
2
1
74
1
1
48
1
9
1
1
23
1
2
3
1
1
1
1
1
1
1
1
1
279
104
1
2
4
17
1
2
1
5
2
1
1
19
17
3
1
1
4
4
71
4
1
12
1
1
9
1
4
5
1
190
7
1
2
6
1
1
1
1
1
1
4
1
2
1
9
1
29
1
1
5
2
1
4
1
2
1
1
2
2
133
1
6
1
1
1
2
9
5
1
3
1
11
2
2
1
4
1
2
6
3
2
1
1
21
20
1
1
2
1
2
1
1
1
1
2
1
1
1
2
1
1
1
2
22
1
1
1
1
3
1
1
1
1
1
1
1
2
1
1
1
1
1
2
1
1
1
1
1
1
1
1
1
1
2
1
2
41
1
1
1
1
2
1
1
1
1
4
1
2
1
1
1
1
1
9
5
64
2
1
1
1
1
1
1
1
1
1
1
1
5
1
1
1
3
7
2
1
1
7
1
1
1
1
108
3
1
3
1
1
2
1
3
2
1
1
162
3
1
1
1
4
2
2
1
29
1
35
1
1
1
1
1
2
1
1
1
1
5
1
31
16
1
9
1
1
1
21
1
22
1
1
1
1
2
2
1
1
1
1
4
1
1
34
24
2
1
10
1
1
1
1
1
4
6
1
12
1
6
2
1
2
1
245
1
4
67
1
23
9
1
40
1
23
1
1
3
1
1
1
1
11
5
1
1
1
1
8
3
1
4
2
1
1
1
70
1
7
4
71
1
1
1
3
7
13
2
31
18
4
2
3
2
2
11
16
9
8
8
7
1
280
1
7
7
1
1
1
1
2
1
1
1
94
5
1
2
1
6
1
21
2
5
2
6
1
2
16
13
1
2
11
4
7
1
35
6
1
1
16
5
1
2
2
4
4
57
127
262
16
8
1
3
3
6
15
2
38
6
8
1
1
23
3
8
3
5
3
8
1
1
8
7
1
6
8
4
2
2
1
1
11
6
10
4
1
1
2
1
247
9
1
1
1
2
3
1
15
17
3
5
38
2
5
5
8
4
28
207
1
5
1
1
3
1
1
1
9
3
9
5
1
2
3
5
2
17
2
7
1
1
12
9
2
1
21
1
53
1
1
4
1
1
5
1
1
1
13
14
1
8
1
1
19
1
1
1
1
3
6
1
3
1
2
5
1
4
68
1
2
4
1
7
1
11
1
7
1
38
2
50
5
1
4
171
1
9
1
4
2
1
1
7
4
3
5
2
25
4
3
10
1
2
1
8
11
5
20
1
1
1
3
6
10
1
1
1
1
1
1
1
11
3
11
2
2
103
2
18
2
1
6
11
1
4
1
6
1
3
2
9
1
29
2
1
1
2
1
25
1
121
2
1
1
3
17
6
1
1
1
2
1
128
1
1
2
1
1
1
2
1
1
1
1
2
1
1
7
5
2
2
10
1
5
1
1
1
1
1
1
1
1
1
1
1
1
3
1
2
1
1
1
3
1
1
179
1
1
1
4
2
1
3
1
1
1
1
2
4
1
5
2
2
2
1
4
1
1
6
1
2
1
1
1
1
3
1
1
1
1
1
31
5
1
1
1
1
1
1
1
1
3
1
1
1
1
4
1
279
5
2
2
3
1
1
4
1
15
1
2
2
2
1
3
4
3
2
4
1
2
13
1
2
1
4
6
1
1
1
1
1
1
17
3
1
2
2
2
1
1
1
1
2
1
4
3
1
88
1
1
1
102
4
1
1
1
2
3
1
2
2
10
1
149
1
1
5
1
1
3
1
2
3
93
1
1
59
5
1
2
3
4
1
2
3
1
1
2
1
1
2
1
1
192
36
1
1
1
1
1
31
4
1
2
1
4
2
1
1
1
1
1
2
1
3
1
1
1
1
1
2
1
6
2
2
1
1
8
2
1
1
1
2
3
1
1
1
1
1
2
1
1
2
2
1
1
1
1
1
1
1
1
2
18
2
65
13
5
6
1
1
1
1
1
1
1
1
1
1
1
1
1
2
1
2
14
6
1
27
2
81
64
2
3
129
1
2
2
1
1
1
1
221
23
21
1
8
3
4
2
92
1
1
2
2
7
1
1
10
11
87
1
6
2
2
75
2
4
3
4
3
2
13
6
1
1
34
2
12
1
1
1
1
1
85
1
1
14
4
48
1
1
1
1
1
1
5
1
11
1
1
5
1
2
1
67
1
4
19
1
2
1
1
2
1
2
1
2
1
3
1
2
5
8
1
4
2
2
2
454
8
1
2
1
1
9
1
2
1
13
1
3
1
63
2
2
1
3
1
1
4
1
1
8
1
103
53
4
5
1
10
1
2
272
1
1
1
15
5
1
2
1
2
2
2
14
3
1
1
1
2
1
1
3
1
1
1
1
1
1
1
1
5
44
1
1
1
1
2
1
2
4
1
1
1
1
5
11
1
2
2
1
1
2
1
1
1
44
3
1
11
2
2
1
1
1
1
1
1
1
54
2
2
3
1
1
2
101
2
4
2
1
1
2
34
2
1
1
1
2
1
1
1
1
1
6
1
1
1
3
2
4
2
2
1
2
46
221
1
5
55
2
7
1
22
1
4
58
2
3
1
2
147
22
23
1
1
4
2
2
1
3
1
1
1
1
1
1
2
2
1
1
11
1
7
1
1
60
1
9
1
1
1
10
3
11
2
2
2
2
2
3
1
4
126
7
3
1
2
1
1
5
1
2
1
1
1
1
121
7
1
15
3
9
2
1
1
8
2
2
92
7
1
5
1
1
3
66
1
1
1
1
2
3
20
1
9
1
1
1
1
1
2
2
5
3
4
2
14
3
2
25
3
2
4
1
2
3
1
1
2
2
4
1
1
1
1
1
1
19
3
2
3
63
19
72
12
35
44
8
2
149
5
3
4
1
2
4
1
2
1
1
1
1
3
2
1
1
1
1
2
1
3
1
1
1
1
1
8
11
5
1
2
6
5
1
6
1
3
6
1
1
1
2
1
1
3
5
2
1
1
1
2
4
2
1
4
1
2
1
1
5
1
1
5
6
1
2
39
1
8
2
16
1
1
1
1
2
1
3
5
4
6
1
3
1
1
1
2
5
4
2
6
1
1
5
1
13
4
2
2
1
1
1
1
2
1
1
5
4
1
1
1
2
1
1
1
2
7
1
1
2
1
2
1
5
1
1
1
1
2
1
2
5
1
1
1
1
1
1
1
1
2
2
198
1
3
1
1
10
3
1
3
435
1
1
3
1
1
1
1
1
3
14
1
2
1
2
6
1
2
1
38
1
1
2
1
2
6
1
1
160
1
2
1
1
1
1
3
4
2
1
2
6
4
19
1
1
2
1
7
2
1
1
1
3
1
1
9
3
1
2
2
1
5
1
1
1
1
2
1
8
3
1
1
4
2
1
1
1
1
332
6
13
1
34
1
7
1
1
2
1
1
3
1
1
1
2
2
1
3
1
12
5
1
1
33
2
2
7
40
1
1
1
1
1
2
1
2
1
2
34
1
2
103
5
2
2
2
2
1
13
3
17
10
1
4
1
254
8
1
3
3
1
2
1
2
1
5
1
1
1
2
5
66
2
2
1
1
1
1
102
1
10
1
3
1
4
2
2
1
1
2
1
1
1
1
15
1
94
11
2
4
31
1
1
1
1
6
38
2
3
9
2
14
4
1
40
2
1
2
3
14
1
39
2
72
5
16
2
5
1
6
3
4
115
77
54
2
14
79
51
1
2
29
2
4
1
1
24
1
1
3
1
4
1
4
9
1
8
2
3
1
1
7
1
5
1
1
1
7
1
2
1
1
1
1
4
3
33
2
10
1
1
112
2
2
1
3
1
1
3
1
1
2
1
1
1
1
37
1
1
1
3
3
1
1
1
1
2
1
1
1
1
1
1
14
6
1
1
4
3
3
2
2
2
4
1
6
1
1
23
270
2
1
1
2
1
1
4
3
3
1
1
1
1
14
57
19
1
1
1
2
11
64
1
35
115
1
10
2
1
4
1
1
1
12
1
13
1
1
1
1
1
35
145
195
106
7
1
1
2
1
1
2
1
1
1
5
7
2
5
1
1
1
3
1
2
4
4
1
1
1
1
12
42
1
3
3
3
3
1
1
1
2
1
1
4
1
173
2
3
3
1
1
1
3
1
10
4
3
1
7
1
1
1
1
4
1
3
1
5
1
1
89
2
1
1
1
7
1
1
1
1
1
1
1
2
1
7
1
1
23
1
137
1
1
4
1
1
1
2
1
2
2
1
1
1
2
14
1
1
1
1
4
2
6
1
1
1
1
1
1
1
1
1
3
2
5
1
2
3
2
1
1
24
1
1
48
1
1
1
1
2
1
1
1
1
1
2
5
1
1
1
1
1
1
1
1
2
26
9
1
5
1
1
1
2
2
2
1
3
9
1
2
1
3
4
1
1
1
196
1
1
1
3
54
1
1
2
3
1
2
2
4
2
65
5
1
2
1
1
1
34
214
3
1
10
2
2
1
2
1
2
1
3
8
5
1
1
1
46
1
1
1
1
1
1
1
1
1
2
1
1
2
1
2
1
1
1
1
1
1
1
1
1
1
3
1
2
1
1
5
1
1
1
1
2
1
1
1
2
1
1
1
1
5
10
6
1
4
2
4
2
1
2
1
4
1
1
2
60
15
1
1
1
1
1
1
1
2
1
1
1
1
4
11
1
4
7
5
6
120
1
1
13
6
1
1
4
2
2
4
1
3
1
1
1
1
2
1
11
2
7
19
1
1
4
1
4
1
6
14
3
2
3
1
16
1
37
5
2
7
1
1
1
154
95
3
1
1
163
2
29
15
2
1
1
1
1
1
1
1
1
3
1
2
1
2
2
1
4
1
13
3
1
4
3
6
1
1
1
4
20
1
8
4
2
5
1
18
3
1
1
2
9
2
5
1
4
1
17
1
3
2
3
5
102
136
1
10
1
30
2
1
1
3
12
1
1
1
1
19
3
1
1
6
15
54
1
1
2
1
1
2
2
7
1
2
5
3
1
2
1
2
2
31
3
29
6
1
16
2
1
21
59
1
6
2
10
1
1
16
1
1
1
4
1
3
62
11
20
1
1
1
1
1
1
1
2
3
1
1
1
1
1
1
2
2
1
1
1
1
1
1
1
1
2
2
3
1
1
2
2
4
1
1
1
1
2
4
2
1
1
2
1
1
275
1
1
2
29
3
1
1
16
3
1
1
1
1
1
1
19
1
4
1
1
1
4
2
7
1
20
1
1
3
5
2
454
3
6
1
1
1
1
1
5
1
9
1
2
3
3
1
2
6
1
1
3
1
1
46
70
2
7
1
7
2
2
37
1
27
1
1
1
1
1
107
1
1
3
1
1
1
2
2
8
1
5
3
1
1
1
1
1
2
5
2
1
16
92
3
2
142
1
7
1
3
2
1
1
2
4
1
2
1
2
1
1
1
1
185
2
1
1
1
1
1
1
1
1
3
1
11
2
4
1
31
9
1
1
1
1
1
1
1
4
1
1
1
1
1
1
1
1
1
1
1
1
2
1
4
1
1
2
1
1
4
3
1
1
1
1
7
2
3
2
1
2
1
1
1
3
11
12
1
1
1
69
99
1
4
9
1
2
1
2
4
2
1
11
5
1
2
2
3
7
2
5
1
25
37
5
1
3
1
5
1
2
5
1
2
1
1
1
1
1
1
1
1
1
1
2
1
1
1
2
37
426
1
1
2
1
1
2
2
1
1
1
1
1
2
1
31
4
1
3
100
26
4
5
13
3
6
13
4
1
2
2
26
2
7
177
1
1
7
1
3
2
30
55
1
15
25
30
215
1
12
60
2
7
1
1
1
2
1
1
1
1
1
1
1
1
2
13
1
2
2
1
1
1
2
1
4
1
2
2
3
8
7
22
2
1
1
1
1
1
3
15
1
3
1
1
1
1
2
1
16
9
22
6
61
193
106
36
1
3
31
1
2
97
2
12
1
1
1
2
13
1
79
25
2
1
47
2
26
31
10
22
1
62
4
25
11
6
1
3
1
61
1
2
4
1
72
5
71
4
2
10
7
8
5
3
1
39
2
5
17
49
1
49
6
8
10
6
4
23
3
2
13
68
1
9
5
1
1
1
1
2
3
8
18
104
1
67
3
10
1
1
1
1
4
25
3
1
28
2
1
35
2
1
1
1
1
1
73
7
12
10
6
46
1
1
1
1
1
1
1
1
1
1
1
1
1
1
1
1
1
15
5
1
1
1
4
2
1
1
1
7
1
6
2
2
2
2
1
3
7
1
1
1
1
14
1
1
1
1
1
1
1
1
1
1
1
1
1
1
1
1
1
2
3
3
55
1
2
2
111
1
33
11
9
2
27
6
8
16
3
2
1
3
3
26
1
14
22
1
1
8
1
3
1
1
1
5
1
1
4
3
1
1
2
1
1
2
1
89
1
2
27
7
1
8
1
2
1
1
1
4
1
49
5
1
255
1
1
12
3
3
1
1
1
1
1
1
1
1
1
2
1
1
1
7
1
3
153
1
1
4
1
7
8
6
1
1
3
1
1
175
169
2
1
1
4
1
1
1
1
1
1
1
7
1
2
1
1
2
1
1
1
5
2
1
7
1
58
6
3
2
44
1
10
2
9
81
1
2
1
70
1
1
3
2
1
1
1
4
1
1
1
1
1
2
1
9
182
1
4
1
1
1
11
1
1
1
1
1
1
1
1
1
1
1
1
2
1
1
8
26
33
2
1
6
1
1
1
1
1
8
1
28
1
1
1
3
1
11
2
1
1
1
2
11
2
2
4
2
8
1
1
1
1
1
1
1
1
1
1
6
1
1
1
1
8
1
225
10
1
4
1
1
6
1
1
1
1
2
1
1
1
1
3
2
1
2
3
1
4
1
1
1
2
10
1
3
1
1
1
3
1
1
16
1
1
1
1
1
1
1
1
1
2
1
4
3
1
1
1
1
2
1
1
2
1
19
1
1
1
2
1
1
4
4
1
2
2
2
17
4
13
1
2
16
1
1
1
13
2
1
1
9
5
1
1
4
6
1
5
1
3
8
14
1
6
3
84
1
43
16
10
1
8
1
33
7
4
1
1
1
1
18
1
1
1
1
1
5
11
1
1
1
1
1
4
5
72
4
2
9
1
1
1
1
2
4
1
1
1
4
4
1
125
1
1
1
2
9
19
1
1
2
9
2
13
1
1
2
1
2
2
2
1
40
2
3
5
136
1
1
3
2
4
10
1
6
46
1
1
5
1
1
1
3
27
2
47
2
1
3
14
21
28
3
1
2
2
1
1
188
35
2
2
5
1
1
1
3
1
1
1
3
2
23
9
1
63
1
2
1
10
21
2
14
2
12
1
1
6
8
2
1
3
1
15
80
1
108
3
16
1
1
5
2
8
1
1
1
10
1
2
2
1
1
1
8
1
1
1
2
3
3
258
2
7
64
41
123
4
1
1
1
1
1
1
1
9
1
21
8
38
8
23
3
3
3
5
1
7
1
1
1
1
1
48
1
1
11
3
1
11
1
3
1
1
16
1
2
3
2
28
1
6
1
2
1
1
2
12
1
3
1
1
23
1
10
1
7
1
3
10
35
1
17
3
2
16
7
2
11
1
2
1
1
1
2
2
1
2
1
91
2
3
180
87
5
8
187
1
1
262
4
40
1
9
3
2
1
1
3
1
67
71
1
161
282
4
1
2
1
1
2
1
1
9
2
3
4
1
5
1
4
6
1
1
1
1
2
3
1
120
1
8
2
1
1
1
1
3
1
1
1
1
8
1
1
2
1
1
3
4
1
2
1
2
1
5
3
1
1
1
1
2
1
1
1
2
1
1
27
1
12
1
1
24
1
2
1
1
1
1
1
3
1
2
8
1
1
1
1
1
1
2
2
2
31
1
1
17
2
1
1
1
1
1
1
1
22
1
4
14
10
2
6
5
2
4
1
1
1
1
2
1
1
1
3
1
8
1
2
4
1
2
11
1
1
1
1
1
2
7
3
6
12
1
19
1
2
1
2
1
1
3
1
1
1
1
1
2
1
1
1
2
9
1
1
1
1
6
1
1
1
1
3
2
1
1
1
1
1
9
1
1
1
26
7
7
1
23
11
10
4
3
2
1
3
7
315
1
3
11
1
38
63
48
1
3
24
22
7
2
46
2
10
1
1
8
1
21
44
1
3
1
1
17
1
14
1
3
9
1
2
1
2
1
1
27
1
253
1
1
2
12
18
9
29
8
1
9
1
8
4
2
3
4
13
2
8
1
1
1
2
2
9
5
1
5
3
5
1
1
1
3
203
1
1
1
3
5
2
91
1
1
5
1
2
1
1
1
2
1
129
6
1
13
1
2
1
1
4
3
2
1
1
1
1
169
1
23
37
4
1
6
3
5
1
19
4
4
1
1
60
1
40
3
5
63
3
1
1
1
1
1
7
4
2
1
1
1
3
20
23
1
9
1
393
1
1
2
1
1
37
1
1
2
21
3
1
145
1
1
1
1
2
37
1
15
68
2
1
1
1
1
8
1
1
1
1
3
1
26
1
2
37
11
52
1
1
1
1
97
11
5
5
9
47
1
36
6
16
47
1
388
4
1
1
3
1
1
1
11
29
1
94
1
22
1
1
2
9
1
2
2
10
1
1
2
1
2
37
2
2
2
1
1
7
1
29
2
1
1
1
1
1
4
1
2
1
4
1
4
1
1
1
2
1
37
5
15
5
15
2
1
4
1
11
1
1
1
3
5
6
1
1
42
1
2
2
2
1
5
1
18
1
1
2
1
2
1
4
1
21
2
2
6
1
2
6
1
1
2
1
1
1
2
1
1
12
7
4
4
1
21
1
2
82
1
45
1
1
4
4
1
3
1
1
1
2
2
2
40
1
1
1
1
1
3
1
1
18
2
3
1
1
1
1
1
1
1
5
1
57
4
1
1
1
1
60
2
1
8
1
1
2
1
89
8
13
1
1
19
1
1
2
2
1
1
39
1
16
3
29
2
1
1
21
1
1
1
1
3
2
37
1
5
1
1
2
1
3
1
1
1
1
2
2
3
1
1
1
3
2
8
42
2
3
2
3
246
15
16
5
52
1
1
21
1
15
1
2
1
9
4
3
9
2
5
13
2
2
3
1
27
30
13
1
2
1
1
18
3
11
1
1
1
1
3
1
2
2
107
4
1
1
2
2
2
2
4
1
1
202
3
3
1
1
1
233
1
4
1
1
1
1
1
1
4
1
4
4
1
20
1
13
1
12
2
2
3
5
4
3
1
2
1
1
1
33
1
1
1
3
10
12
3
9
20
8
1
5
3
1
1
35
4
58
1
1
1
1
1
2
1
1
1
1
1
2
8
6
1
2
1
2
2
1
1
1
4
2
1
1
1
1
48
4
18
2
33
1
1
5
1
1
1
1
1
1
1
1
1
1
1
2
1
1
1
1
1
3
1
1
8
9
1
2
38
2
1
1
1
11
1
8
3
15
3
1
5
2
1
92
4
1
2
1
1
3
2
1
1
9
7
4
2
1
24
1
2
1
1
8
1
1
1
3
2
92
3
1
1
1
1
1
1
22
4
1
2
4
1
1
1
1
4
1
8
2
1
1
1
16
1
1
1
1
1
1
7
3
1
6
1
1
20
375
1
1
1
1
12
30
4
1
1
5
1
400
8
1
1
59
1
1
11
4
1
1
1
16
3
11
6
2
1
140
4
4
122
1
23
3
1
1
38
1
59
24
1
1
2
75
4
1
7
1
2
1
2
2
1
1
2
1
1
3
1
7
2
1
3
1
1
2
1
1
1
1
1
1
4
1
1
32
4
1
2
2
105
1
11
1
1
1
3
1
1
1
1
5
1
1
1
1
2
1
1
1
14
6
2
4
24
1
1
1
28
1
1
1
1
1
25
1
5
1
1
1
1
1
2
2
2
1
1
1
6
1
1
2
1
1
20
2
1
3
6
7
32
1
2
1
1
1
1
1
1
1
1
2
259
25
1
29
32
3
1
1
1
1
1
11
1
3
1
1
1
1
4
1
1
3
1
1
1
1
1
1
2
1
6
10
1
1
1
2
5
2
1
1
1
3
1
1
1
1
1
1
1
1
1
5
9
1
1
1
1
1
1
8
2
8
9
30
18
3
22
6
2
2
2
2
2
1
24
1
4
107
3
18
3
1
10
1
4
2
2
1
2
1
1
1
88
156
2
13
1
21
25
6
4
1
1
1
2
1
2
3
1
1
8
8
1
1
4
1
1
3
15
1
1
1
8
10
3
4
2
1
1
3
4
2
1
1
1
1
4
1
351
1
1
2
1
1
1
1
2
9
2
4
1
3
39
1
2
2
1
1
2
1
1
15
2
1
1
34
1
1
1
1
1
2
36
3
1
2
1
1
1
1
2
1
1
1
1
1
1
1
1
6
1
1
1
1
2
3
1
1
4
1
1
1
1
3
2
2
1
248
2
1
1
1
1
2
2
3
1
1
1
1
1
1
1
1
1
2
57
1
1
1
1
9
1
6
9
6
3
2
4
1
2
1
1
2
7
1
1
1
1
1
1
2
1
1
1
1
1
1
1
1
14
33
1
1
1
1
1
8
1
1
1
1
1
1
2
1
1
10
1
1
5
1
2
1
1
1
1
3
1
1
1
7
1
1
1
1
1
1
1
3
2
1
1
19
1
2
1
1
1
1
1
24
10
1
2
1
3
34
1
1
1
3
2
1
15
27
2
2
1
6
1
2
1
1
1
1
6
5
1
17
1
1
1
5
2
17
4
25
1
15
3
5
8
6
6
2
1
1
147
1
1
1
1
2
1
1
2
1
3
1
113
5
7
5
40
2
1
8
1
3
1
2
2
1
7
13
72
1
2
2
1
2
1
1
1
2
1
2
1
1
1
1
1
3
1
13
1
2
7
3
2
1
1
3
1
4
1
4
5
1
7
1
4
1
4
2
1
1
1
11
2
2
2
4
1
1
11
1
18
3
1
6
2
1
5
3
2
1
4
1
1
2
1
5
1
1
3
5
1
2
211
6
2
6
1
3
1
13
171
1
7
1
2
6
6
1
8
3
2
4
1
1
6
1
4
35
4
1
6
6
10
4
2
11
3
6
6
7
11
2
89
1
2
1
1
2
10
2
1
2
6
1
2
1
8
2
52
17
2
57
38
1
1
2
1
5
16
1
9
1
1
2
7
64
1
2
16
1
1
3
7
9
10
3
5
23
7
3
2
11
1
2
8
1
1
2
1
4
194
4
12
95
1
1
1
8
5
4
16
1
1
6
1
1
1
11
4
27
5
51
2
33
25
2
1
2
1
10
26
128
1
1
1
1
29
9
1
1
2
1
3
190
3
5
1
1
1
1
1
54
1
3
1
1
2
9
1
1
22
3
2
3
1
1
6
5
11
3
1
2
2
6
1
243
2
30
1
21
1
15
4
1
1
1
20
1
11
2
1
1
12
3
14
1
3
2
1
2
1
9
1
4
4
1
3
3
1
1
8
1
51
16
1
1
1
3
71
20
1
1
3
3
1
1
1
2
1
1
4
1
123
2
11
1
1
1
1
38
1
1
4
1
4
6
2
57
1
51
1
2
1
247
1
16
2
1
1
2
15
3
6
1
1
7
1
3
6
52
2
4
28
1
1
1
1
34
5
1
3
15
14
1
3
13
5
56
8
6
1
1
1
1
1
2
1
2
68
1
3
9
13
1
15
2
2
4
14
6
1
2
1
3
1
1
3
1
2
2
1
1
1
1
1
1
5
41
41
209
5
1
1
2
3
1
50
1
1
205
183
1
3
1
1
1
8
8
1
1
1
1
27
17
2
1
2
4
1
1
1
1
2
1
1
2
1
1
3
1
1
1
1
1
4
89
1
1
1
1
2
7
90
2
2
1
5
2
1
27
1
1
2
1
4
1
1
15
38
1
34
7
2
13
1
1
8
1
11
2
7
4
1
1
2
2
6
4
2
1
1
6
1
3
6
12
3
1
20
2
74
20
93
1
1
3
1
2
1
1
4
1
1
1
1
1
1
1
1
1
1
6
1
1
1
2
1
1
3
1
10
1
81
6
2
1
2
1
1
5
1
4
1
3
1
2
10
19
1
14
14
1
1
1
1
1
1
1
1
3
1
1
2
18
1
2
7
1
3
6
1
1
1
3
5
2
25
1
1
1
1
1
3
1
44
7
2
1
1
1
4
1
1
10
1
1
1
4
2
2
1
3
3
1
1
6
1
40
36
1
1
6
1
1
1
2
5
1
12
4
19
16
2
11
11
19
1
9
1
1
1
1
24
7
11
1
5
1
5
1
3
1
1
19
5
2
5
1
35
1
7
18
1
10
2
21
1
15
1
12
3
37
8
36
10
62
1
6
59
10
3
51
1
1
2
1
2
1
103
6
3
58
90
5
17
1
2
6
1
2
1
1
2
1
27
34
2
1
1
2
1
1
2
5
1
4
1
4
8
5
1
1
1
4
1
14
1
1
2
4
1
3
1
1
26
334
2
53
1
2
2
1
1
45
4
7
1
1
2
1
1
1
1
5
11
1
1
48
9
2
20
1
1
2
140
1
1
1
4
1
1
1
1
1
2
1
3
7
1
50
1
1
7
4
2
1
29
140
7
1
1
1
1
1
8
9
2
1
1
1
14
6
1
1
1
2
9
2
1
1
1
1
25
1
1
2
7
7
2
1
2
1
1
10
1
1
1
1
1
1
18
1
5
1
1
1
2
3
1
2
3
3
1
2
1
1
1
1
1
1
1
4
5
4
1
1
1
1
2
1
1
48
1
5
1
2
1
1
2
1
1
5
1
3
1
1
6
1
2
10
15
1
2
2
1
1
2
2
8
1
3
5
3
3
10
2
3
3
5
3
1
50
2
53
23
2
1
1
9
185
3
1
4
5
2
1
1
1
1
1
3
3
6
4
1
1
4
3
6
1
3
1
1
4
1
2
6
2
1
1
1
2
7
1
2
1
2
6
1
6
11
5
1
1
3
1
2
2
1
1
1
1
2
1
1
3
1
1
1
4
1
27
1
3
1
164
11
6
17
2
31
5
2
2
5
2
5
1
1
1
11
19
38
11
1
1
24
2
2
1
1
9
1
2
4
3
28
1
1
12
1
1
1
2
1
9
2
2
1
1
56
1
16
2
2
2
175
1
21
2
5
11
1
4
1
13
1
5
3
3
1
1
14
1
1
1
3
1
1
1
3
239
1
1
2
2
14
1
2
2
2
76
2
2
2
1
1
1
14
13
7
14
27
98
1
6
4
1
1
5
1
34
1
1
1
3
1
2
1
2
2
1
1
2
284
1
1
1
2
30
1
1
1
1
1
2
1
1
1
2
9
64
1
1
10
2
1
1
5
5
318
1
1
1
2
4
1
5
1
1
1
1
13
10
106
7
11
35
2
1
2
1
4
1
1
2
1
26
1
5
431
9
2
1
37
54
12
3
44
2
1
2
105
1
3
1
25
220
1
1
1
67
1
1
54
38
1
1
1
10
24
3
2
20
24
1
3
1
1
3
1
1
1
1
24
97
1
3
1
1
1
2
1
1
23
1
5
2
1
1
1
2
1
2
2
4
4
5
1
1
8
4
1
1
2
1
1
6
1
1
1
1
1
2
5
3
1
135
6
1
1
1
1
1
1
4
2
1
1
2
1
3
3
6
1
28
29
3
8
1
9
2
22
33
18
1
3
1
2
2
1
1
2
1
305
1
1
1
1
3
5
1
1
1
1
68
13
169
1
3
6
119
1
13
64
1
13
11
2
11
4
289
7
20
12
5
3
53
1
28
1
3
1
1
4
1
2
26
2
1
2
226
9
1
1
9
2
1
1
1
1
2
5
1
16
2
6
2
3
2
18
4
27
3
1
10
5
1
1
1
2
3
2
37
2
1
19
1
4
4
49
2
11
2
6
62
1
3
2
1
2
19
8
1
1
3
1
9
1
7
1
1
1
1
7
3
1
1
1
1
1
1
1
1
1
1
20
3
7
3
55
4
15
1
1
4
9
1
4
1
59
4
6
34
121
1
4
3
6
15
5
3
1
25
242
22
193
7
8
1
5
25
45
1
1
4
1
1
1
1
1
1
6
1
1
3
2
8
2
1
1
2
1
2
296
1
1
1
8
3
1
3
14
1
19
1
2
2
2
1
1
4
1
122
2
2
1
4
2
1
1
1
20
1
1
1
1
10
1
11
2
1
1
34
13
68
3
1
16
2
1
3
1
4
4
4
1
1
1
1
1
2
69
1
1
12
1
1
3
1
1
1
5
2
1
2
1
1
1
1
29
1
1
1
2
1
1
1
1
1
58
2
1
19
1
38
13
2
1
93
1
1
1
1
2
4
1
1
1
1
4
1
1
1
1
1
2
1
1
1
3
7
2
1
1
1
1
1
1
2
2
3
1
1
2
1
1
1
71
1
1
4
17
1
1
1
1
2
45
10
2
1
1
6
143
7
6
2
1
1
1
2
2
153
3
2
1
3
1
9
1
4
1
2
65
1
6
2
3
5
3
1
16
3
1
9
1
1
1
4
2
3
6
1
2
1
1
1
2
1
2
6
1
1
1
1
1
1
1
2
1
1
1
2
1
1
34
39
72
1
1
1
14
1
1
2
1
17
1
1
1
2
1
16
1
1
1
2
59
1
3
1
23
6
2
2
1
1
3
5
1
1
4
1
1
1
1
1
1
1
2
5
6
1
1
1
4
4
1
1
1
2
1
2
1
1
1
3
1
1
1
16
5
1
2
13
1
2
1
1
1
16
1
1
1
1
81
1
6
1
5
17
14
4
1
79
10
7
4
5
6
3
4
4
1
35
1
4
5
8
1
9
13
2
21
1
32
6
3
7
9
2
1
2
9
3
3
1
1
2
1
1
2
1
1
1
1
1
2
1
2
1
3
5
2
1
3
1
1
1
4
11
1
2
3
3
1
10
1
1
1
1
1
17
1
5
6
1
1
10
5
2
1
2
2
1
15
10
1
4
7
2
6
59
1
6
6
2
3
39
3
149
1
12
19
7
137
1
2
21
1
20
104
6
3
2
1
7
8
7
4
2
43
6
4
40
3
4
4
20
1
8
4
1
8
40
1
15
5
2
3
1
1
1
32
59
7
5
11
7
3
1
2
5
5
1
2
2
9
1
1
1
1
28
1
2
2
1
1
6
2
1
3
1
5
2
3
2
2
1
10
1
1
2
1
12
40
2
4
1
10
2
1
13
137
1
8
6
31
36
1
1
56
6
1
19
2
11
9
54
46
24
9
14
6
3
29
9
1
27
28
47
7
5
8
5
37
4
8
14
27
21
2
2
6
11
5
1
1
28
179
24
2
16
27
12
42
19
3
4
20
1
1
2
46
6
2
1
30
1
7
2
1
4
14
4
14
2
5
20
31
2
12
1
2
1
1
1
6
14
2
8
1
64
7
9
1
4
1
1
5
9
5
1
6
1
1
9
52
37
1
6
2
4
17
2
4
3
1
4
12
15
1
1
1
28
48
1
7
2
2
78
3
6
5
238
1
1
2
1
4
27
8
1
25
2
3
24
3
3
22
5
4
1
23
1
5
6
4
1
7
1
1
1
106
9
2
60
4
1
39
9
59
5
29
28
12
24
2
18
81
3
1
1
8
29
8
5
1
1
1
1
3
1
36
20
1
9
1
11
3
4
2
1
1
16
5
1
2
8
3
5
1
1
1
6
2
87
1
8
6
1
1
1
1
1
5
1
3
1
1
11
1
1
1
4
1
19
1
3
1
1
1
2
1
9
1
5
6
266
162
1
4
11
10
20
75
20
10
5
1
1
1
1
1
2
1
1
1
2
1
3
1
13
1
3
1
1
1
1
2
8
2
1
60
1
10
7
7
1
2
2
18
1
1
1
4
2
163
1
2
2
5
1
1
5
20
6
1
100
3
1
1
4
3
1
1
1
2
116
27
22
1
8
10
2
1
1
9
7
2
1
1
1
3
25
29
1
3
14
13
11
1
12
2
1
1
1
3
5
20
15
9
1
3
1
110
29
26
8
1
16
5
4
2
27
3
5
1
2
1
1
1
1
6
6
2
146
4
4
2
14
2
6
82
52
7
1
2
11
1
2
18
1
208
3
13
48
1
16
1
3
18
16
4
6
2
2
29
9
1
8
16
298
1
1
1
1
5
3
2
3
1
8
1
1
1
2
2
4
28
1
8
35
1
2
10
1
1
3
1
43
32
1
2
11
13
1
2
12
1
4
13
1
2
1
16
1
1
1
4
1
1
1
1
157
4
6
86
1
1
1
1
1
3
1
3
17
2
1
1
1
1
4
1
9
8
2
1
2
1
1
1
7
16
17
1
1
5
5
1
1
1
2
1
7
1
128
1
1
1
3
1
7
3
1
2
38
1
1
1
1
1
4
1
53
1
1
1
1
5
1
5
2
1
1
21
1
5
15
13
1
1
1
8
3
1
1
1
121
3
2
42
10
2
4
2
2
18
14
1
2
5
1
1
1
4
1
1
2
2
33
19
1
3
2
2
11
1
3
2
3
33
2
1
1
1
1
31
1
1
1
8
1
19
1
6
87
1
2
6
1
3
39
1
1
5
2
4
2
2
1
1
2
26
54
1
3
1
1
13
12
1
56
1
2
1
3
3
5
1
1
1
7
1
2
4
1
4
1
1
4
2
12
23
7
4
2
10
3
3
1
2
4
4
15
8
1
1
5
243
49
4
2
28
1
28
6
6
3
12
1
2
1
2
3
7
10
1
3
1
1
18
1
7
7
1
1
2
1
1
1
1
1
4
2
1
2
1
8
1
1
1
1
2
1
1
1
1
12
1
4
4
1
3
23
1
5
6
1
1
1
1
1
6
1
3
1
1
1
2
1
2
1
2
1
1
1
1
1
1
1
1
1
13
1
1
1
1
2
1
1
1
1
20
2
1
1
1
1
1
2
1
4
1
2
3
1
1
1
5
1
288
1
1
10
4
2
1
1
1
1
11
1
4
13
8
3
1
5
1
1
1
1
1
20
8
1
7
1
3
2
2
1
1
5
1
2
3
1
1
1
56
1
3
1
1
2
1
1
1
2
1
1
1
78
1
1
1
1
251
2
3
1
1
1
1
1
5
1
1
1
1
6
2
17
1
2
6
2
136
1
4
3
2
2
1
1
1
6
2
2
1
1
3
1
3
20
38
1
7
1
1
3
2
4
1
2
4
1
1
1
1
1
6
5
1
1
12
6
3
1
2
1
1
1
5
1
193
2
1
1
1
2
1
2
1
1
1
1
2
2
2
1
1
2
1
1
2
3
3
20
1
6
19
16
6
3
13
5
7
1
1
1
1
1
3
1
1
2
26
1
1
1
2
3
1
1
1
1
1
4
1
1
4
2
2
3
1
1
1
28
5
1
3
1
1
1
1
2
1
1
1
1
2
2
1
1
3
10
29
50
1
1
5
2
1
3
1
26
1
1
1
1
3
2
1
26
1
1
2
1
1
9
1
1
38
1
3
2
1
2
1
45
1
1
6
17
2
1
1
1
1
1
1
1
1
2
2
1
2
1
3
1
4
200
8
1
1
2
2
1
1
19
1
2
1
1
2
4
1
1
1
1
1
1
1
1
1
1
2
2
4
134
1
1
1
1
2
12
7
75
6
21
6
14
99
29
12
2
15
3
1
3
2
2
1
1
1
2
150
7
1
4
4
5
1
1
1
3
1
1
1
14
1
5
7
1
1
1
1
1
24
112
13
4
1
1
1
1
3
3
22
77
1
5
2
1
153
2
11
1
1
3
6
1
10
41
8
3
1
1
4
14
3
1
1
7
22
2
1
1
37
14
1
1
1
1
1
12
1
1
1
1
1
3
1
1
19
7
9
1
2
76
22
1
1
1
1
1
1
1
1
3
1
1
6
1
2
3
3
1
17
1
13
1
1
2
18
2
1
100
15
3
5
2
2
185
9
1
3
2
1
1
19
32
1
7
1
3
2
9
9
97
1
1
5
2
1
1
1
1
1
1
1
1
1
1
1
1
31
1
1
4
1
41
1
1
6
4
4
34
1
19
1
1
2
1
1
1
1
4
1
1
28
1
1
7
3
1
1
1
1
1
1
3
1
1
1
1
10
1
13
1
1
1
1
2
22
1
2
1
1
2
115
1
1
5
60
13
4
7
1
14
15
13
10
27
4
7
2
27
7
3
4
16
1
6
2
3
84
1
1
25
2
1
10
3
1
1
59
42
1
1
1
9
1
148
6
2
15
1
1
1
2
5
1
1
17
20
37
10
16
9
6
40
1
89
6
9
1
21
4
2
1
1
5
50
2
172
5
1
1
1
16
2
13
1
7
71
1
13
1
21
1
2
1
47
24
1
3
1
1
1
1
1
1
2
5
3
1
1
1
2
2
3
2
1
2
2
2
1
28
1
1
4
1
2
216
1
1
33
1
4
8
21
2
27
12
26
2
1
1
2
9
49
19
17
2
2
1
14
1
1
21
3
187
4
3
13
1
1
2
3
9
22
6
3
2
1
1
1
2
1
3
14
2
1
3
2
1
2
7
9
1
9
4
3
20
1
1
2
4
3
1
30
25
16
4
21
1
4
38
25
4
24
17
1
19
20
26
18
6
53
280
86
1
38
4
1
42
19
222
8
21
1
6
1
2
2
1
27
1
18
1
2
19
2
2
18
8
14
4
2
90
2
1
1
1
1
57
3
17
2
4
16
2
1
19
92
1
32
9
3
1
22
2
34
2
1
1
65
30
1
50
4
4
19
9
6
194
6
1
1
1
5
2
2
1
2
1
1
1
2
1
1
1
1
1
1
1
1
1
1
1
7
1
1
1
1
1
1
1
9
1
1
1
2
1
1
3
1
1
1
10
17
1
1
1
1
1
1
3
1
1
1
1
1
2
14
2
50
2
4
1
1
1
2
1
1
1
1
1
1
1
1
3
2
46
1
2
1
1
1
1
4
29
1
1
6
1
4
8
3
2
27
1
10
1
3
11
1
13
2
1
1
7
2
3
3
7
3
15
1
2
3
2
2
1
1
1
1
37
1
1
1
1
1
1
1
1
1
1
1
1
3
3
3
10
1
1
1
1
1
5
3
2
2
1
1
1
1
1
2
2
1
7
6
1
1
1
1
2
1
1
1
1
1
1
1
4
48
1
3
1
2
1
1
2
1
1
3
1
1
1
1
1
1
1
2
22
6
1
1
1
422
3
2
1
3
1
4
2
37
1
1
1
1
4
1
29
1
1
1
1
1
2
1
1
1
2
60
2
80
1
1
3
2
1
4
2
1
1
2
1
2
179
34
16
27
2
1
1
2
1
3
1
189
3
1
1
1
8
31
1
3
1
1
1
58
2
1
1
2
1
2
7
34
1
33
2
3
3
8
42
1
7
1
6
1
2
1
5
1
1
1
1
1
1
21
2
1
2
3
1
1
14
1
1
1
1
1
2
19
7
6
12
37
44
3
45
8
1
1
2
2
1
3
3
1
3
2
1
10
3
1
2
1
1
3
1
7
1
117
1
2
1
8
9
6
14
1
2
3
1
1
1
3
1
11
1
3
8
2
2
2
1
1
1
15
1
1
3
1
1
1
39
19
2
1
1
1
2
3
1
1
9
1
1
7
1
1
1
1
14
1
1
1
2
5
13
1
1
15
1
1
4
7
1
1
3
1
3
1
1
1
1
1
5
12
1
1
3
2
55
2
3
1
10
257
1
3
1
2
4
2
3
5
1
1
1
1
1
1
6
1
1
1
2
18
1
1
1
1
1
1
5
2
1
2
1
1
5
35
2
3
3
1
1
1
1
13
2
1
1
7
16
2
2
1
2
15
5
15
1
1
11
2
1
30
1
1
1
1
2
1
96
1
1
1
1
1
1
1
36
1
3
1
1
2
3
2
7
3
1
8
139
1
3
1
2
2
4
21
1
1
1
1
5
9
4
1
6
1
18
1
1
63
44
1
2
3
13
1
7
1
49
1
10
184
1
135
1
1
1
1
71
9
1
1
1
40
14
195
1
1
1
6
1
3
4
48
1
1
1
1
31
1
2
1
1
1
5
16
3
11
1
1
3
5
72
5
1
1
1
2
22
2
1
22
1
8
6
5
1
3
4
3
7
1
4
1
13
1
1
1
1
2
4
1
1
19
2
1
1
1
1
1
45
6
1
1
2
3
18
1
1
3
5
1
1
1
2
5
1
1
2
3
2
1
1
1
1
2
1
1
2
4
4
11
47
2
1
1
1
4
7
1
1
2
2
1
1
1
1
2
1
1
2
1
1
1
16
1
1
18
7
29
7
80
2
1
1
1
2
2
11
1
14
1
1
51
12
1
1
1
7
26
1
6
1
1
5
1
1
1
1
2
1
64
5
1
1
1
1
1
3
30
1
1
1
1
1
1
1
1
1
1
3
6
2
1
1
1
1
13
101
1
1
1
1
32
1
1
1
1
1
1
1
1
1
1
1
59
2
1
3
4
3
2
1
4
2
1
8
2
45
3
4
1
2
1
1
1
19
25
1
3
5
5
1
61
1
1
2
8
1
2
1
1
3
1
1
2
1
8
3
1
1
1
36
1
1
1
12
3
64
2
1
1
2
5
1
8
6
1
1
1
1
103
5
50
18
20
43
1
7
11
71
26
8
1
1
41
3
2
1
1
264
4
1
3
17
5
35
7
25
1
1
1
58
23
25
4
1
1
2
1
1
4
27
80
3
6
30
4
1
71
27
40
1
10
7
100
1
36
14
17
6
37
106
28
6
2
1
7
1
8
2
6
8
60
113
10
112
20
12
14
69
17
67
3
5
51
27
2
4
11
12
1
1
1
4
1
3
3
1
1
2
71
1
1
1
1
1
1
2
2
16
1
2
6
1
2
1
1
1
1
1
11
1
1
2
1
1
1
2
2
4
2
1
2
2
2
1
1
1
17
1
4
1
1
22
1
3
200
1
1
5
4
1
3
1
5
1
1
1
27
1
4
15
1
2
3
12
1
1
1
9
6
1
16
1
1
1
1
1
1
1
1
1
1
2
1
1
1
2
1
2
1
1
2
24
1
21
1
1
1
1
2
1
1
1
2
17
6
3
1
1
1
2
1
1
1
1
1
10
6
1
1
1
1
1
1
1
4
1
1
1
1
1
67
4
84
1
1
3
1
1
1
1
1
1
1
1
1
1
2
6
8
6
1
1
1
7
190
1
1
1
65
1
210
9
1
1
3
1
2
1
1
2
2
6
1
1
1
41
2
1
2
9
1
5
1
2
3
8
2
1
3
1
1
1
1
1
1
2
20
1
10
1
3
2
1
1
4
2
6
1
1
2
26
69
1
1
1
1
1
3
2
1
4
2
1
2
1
3
1
1
1
1
1
1
1
2
1
1
1
2
1
2
1
1
1
1
1
1
1
2
1
4
34
10
1
1
1
1
1
1
1
1
43
11
2
1
1
14
1
1
1
2
1
62
1
1
1
3
2
1
1
1
1
3
3
1
1
1
4
2
1
23
8
1
1
2
1
1
1
1
1
1
1
3
1
1
2
1
1
1
37
3
1
1
1
9
1
1
1
1
1
1
2
1
1
1
1
22
4
1
1
1
2
1
1
2
1
1
1
1
1
1
1
2
1
1
1
1
1
3
103
3
2
5
4
1
1
1
2
1
2
1
1
1
1
256
2
4
3
1
2
1
1
8
1
1
1
1
1
1
1
1
1
1
2
1
1
82
1
1
1
1
201
1
1
1
1
2
1
1
1
197
1
2
2
1
3
3
1
1
1
1
256
6
2
1
1
1
2
5
1
2
1
1
1
13
128
1
28
1
1
1
45
2
1
1
4
213
1
2
2
6
7
1
1
1
3
4
5
11
3
4
5
1
1
2
6
3
2
1
1
1
3
1
11
8
1
1
8
2
3
2
4
16
44
3
19
17
2
1
9
1
1
1
2
1
3
3
5
1
33
1
1
1
1
1
4
2
1
2
8
2
1
4
1
2
1
3
1
1
3
1
1
1
6
132
1
1
4
4
1
1
10
2
2
1
1
1
1
2
1
4
2
1
2
1
1
1
1
1
1
1
1
3
4
14
14
26
1
1
1
2
2
1
5
1
2
3
3
3
4
1
1
1
1
6
1
1
2
25
6
1
26
3
38
1
1
8
1
3
3
2
1
1
3
3
1
1
1
1
1
1
1
7
4
2
1
6
1
1
1
1
1
1
1
1
37
1
1
2
5
3
2
1
1
1
1
1
1
1
2
1
1
2
5
1
1
4
2
1
1
1
1
1
1
16
1
1
1
1
1
1
1
1
1
5
7
1
1
3
1
26
1
1
1
1
18
1
3
4
1
1
1
1
1
1
1
2
1
1
3
14
1
1
1
2
1
23
1
1
1
1
4
1
1
1
3
1
1
1
7
3
1
3
1
1
3
1
1
189
2
5
1
1
31
8
2
4
2
1
4
2
1
2
1
1
3
1
1
1
1
1
1
1
1
1
1
9
5
1
1
1
2
1
1
1
1
1
1
1
2
2
1
3
9
3
2
1
6
99
7
2
1
16
6
13
1
1
1
162
1
13
14
6
1
24
2
2
1
1
3
5
46
4
1
2
2
11
1
1
1
1
1
15
1
1
46
1
1
1
2
1
1
1
1
2
1
1
1
1
1
1
3
1
1
1
3
1
1
1
1
4
4
14
3
4
1
4
18
9
1
1
1
2
3
4
20
2
1
1
1
1
4
1
23
35
24
1
9
1
66
1
9
1
1
28
13
1
1
3
1
1
5
1
2
2
1
42
8
4
9
9
1
1
3
3
1
1
14
26
1
2
1
1
1
4
6
6
2
2
4
1
3
42
7
15
16
1
1
1
1
2
1
1
2
2
10
6
69
4
11
13
2
3
1
2
1
1
2
2
1
1
19
3
1
1
8
1
1
2
1
1
1
1
22
11
29
38
15
4
11
1
5
1
1
1
1
2
1
1
4
1
1
1
1
1
1
1
1
1
2
9
74
6
2
23
4
2
1
1
1
1
2
