356
4
381
33
18
302
39
21
394
156
563
11
22
90
863
338
4
27
2
76
21
65
608
14
176
1
37
16
16
116
392
82
2
359
25
26
187
20
68
4
709
212
4
32
204
383
175
4
21
52
7
31
429
10
25
9
4
37
81
40
1
33
5
44
12
207
32
848
385
2
22
27
5
151
268
61
31
55
14
560
31
432
2
29
70
9
2
290
4
231
184
222
1
2
3
28
289
2
10
706
353
13
34
3
28
1
3
371
19
2
3
2
199
304
16
32
135
30
18
107
17
63
4
35
12
1
3
14
10
122
359
91
3
4
59
28
38
191
90
107
3
2
17
171
33
87
2
8
249
324
22
6
43
42
61
30
86
11
68
250
45
51
804
230
449
2
447
172
72
20
7
50
2
182
1
2
543
14
70
148
1
111
51
506
64
13
101
21
194
29
19
328
29
39
3
5
101
6
243
64
57
752
230
48
315
18
18
370
2
1
175
469
2
25
220
487
175
7
7
19
179
6
9
447
26
31
314
885
67
10
522
17
32
288
5
8
3
16
1
98
4
7
244
416
33
70
2
31
5
58
16
105
864
82
1
244
609
605
26
101
29
4
60
10
12
24
1
2
5
73
65
164
27
10
132
727
15
17
16
43
19
10
37
161
4
2
32
429
78
1
67
10
1
382
93
72
2
12
52
14
348
192
480
571
94
4
21
3
579
20
2
2
3
27
777
7
11
22
4
2
244
2
248
270
42
397
108
8
5
4
7
5
17
256
27
35
8
12
66
1
678
21
10
6
3
119
1
107
42
442
2
398
45
1
107
102
51
205
7
8
35
4
17
692
2
19
583
261
27
77
531
5
71
23
42
7
107
18
2
18
100
161
104
679
3
42
14
66
221
150
3
64
6
808
242
3
177
416
2
5
3
70
10
2
7
31
292
83
48
1
407
76
553
22
299
13
139
7
899
13
377
11
120
22
323
120
10
423
9
2
10
25
86
190
52
15
262
294
23
161
189
102
6
168
16
19
161
5
14
2
16
875
39
15
46
1
130
197
915
2
599
46
80
12
32
131
5
2
215
3
2
16
11
103
110
16
19
208
11
29
19
15
670
6
7
2
8
6
5
38
205
561
2
4
122
70
148
23
16
28
3
450
30
7
7
29
292
226
274
150
223
3
8
4
115
6
142
87
82
1
69
83
3
26
9
394
67
6
3
8
5
5
97
50
4
99
62
4
13
8
11
75
24
1
387
6
17
33
781
4
11
603
4
175
143
12
47
53
2
66
23
50
484
221
25
8
38
546
30
218
491
5
162
14
155
6
126
339
10
318
2
18
35
548
56
154
354
14
140
55
12
411
2
24
30
302
49
160
238
23
17
45
8
27
650
20
54
705
40
8
12
190
75
8
6
78
103
5
1
1
9
406
10
1
12
202
7
243
297
167
2
4
133
33
139
6
9
3
3
30
47
101
11
449
25
2
1
2
12
9
9
206
373
739
37
6
257
865
59
14
97
1
90
549
5
89
128
10
3
21
35
839
68
33
37
4
3
17
1
111
35
11
151
41
55
26
6
9
418
146
3
358
2
33
75
18
40
51
21
34
15
3
880
2
473
62
168
133
23
350
222
610
11
54
109
731
66
17
2
180
328
110
3
3
57
7
239
235
10
7
418
44
8
14
238
21
446
449
1
67
89
6
35
81
163
8
211
31
76
21
3
12
1
12
536
