1
2
1
1
1
3
1
1
3
1
4
29
15
2
1
1
1
12
11
2
10
11
1
2
15
418
605
33
1
2
6
7
10
1
1
8
5
6
2
30
28
2
1
78
10
1
1
221
1
1
2
6
1
1
3
4
9
1
1
1
64
189
22
29
1
2
1
1
1
1
3
2
1
1
20
1
1
69
1
1
2
1
1
4
1
11
1
3
1
2
1
2
3
2
21
4
10
2
30
3
1
5
4
1
3
2
4
1
2
8
5
6
1
2
1
1
7
8
9
6
1
14
5
14
2
1
1
2
5
7
3
1
51
1
3
12
1
1
2
6
5
9
1
1
1
1
11
200
38
1
7
2
1
12
1
3
1
37
3
1
4
1
3
1
72
3
6
4
8
3
5
3
20
2
2
2
8
2
1
12
5
2
1
29
5
1
1
1
1
4
1
12
2
1
1
1
8
3
3
1
4
1
62
1
2
2
51
3
1
29
1
2
1
1
3
2
3
7
24
11
1
1
2
1
7
4
1
3
1
1
1
1
48
1
81
1
2
2
3
16
23
2
16
1
1
1
2
6
1
10
4
1
1
2
6
1
1
1
7
1
1
4
1
4
90
21
1
1
4
1
3
1
35
1
1
106
1
12
1
3
1
2
1
7
1
6
1
3
2
1
1
2
5
21
43
7
1
1
40
31
4
1
1
1
1
5
2
1
1
1
1
1
5
2
2
1
1
1
1
1
1
3
1
1
3
2
1
1
1
1
1
1
1
1
1
23
1
1
1
1
1
1
3
62
141
2
3
1
1
1
1
1
1
1
1
1
1
1
1
2
2
1
4
1
1
1
3
1
4
38
1
1
6
1
1
17
4
1
2
1
1
1
1
1
1
3
1
1
2
3
1
1
1
1
1
1
1
1
1
39
1
1
24
1
5
8
1
2
1
1
1
59
3
1
13
1
1
1
62
1
3
1
2
8
1
1
6
28
1
1
1
1
2
3
7
22
2
39
33
1
1
3
1
1
1
1
1
1
3
1
1
1
6
2
1
1
1
18
1
1
1
1
1
1
2
1
10
1
1
107
1
1
1
1
1
1
1
2
1
8
2
2
7
2
1
4
1
1
1
1
1
1
2
1
6
2
3
5
1
3
2
1
1
1
4
1
4
1
1
2
1
1
2
2
2
1
1
7
1
1
1
1
35
96
7
5
1
15
2
1
4
2
1
1
10
4
1
3
2
1
1
2
2
1
5
1
1
4
1
1
2
1
148
1
7
1
5
1
5
1
1
1
133
1
1
4
6
3
10
1
3
2
1
1
1
2
1
2
1
1
1
2
1
1
25
1
12
1
2
3
1
3
1
6
3
1
1
1
1
1
1
1
1
1
1
25
1
1
1
3
1
1
1
2
1
3
1
1
3
1
1
3
1
2
1
1
1
2
1
1
1
1
1
7
1
1
1
15
3
6
3
20
1
1
1
1
2
1
3
5
8
3
5
3
1
2
50
21
1
1
1
1
1
1
38
2
1
5
1
1
2
1
1
1
1
2
1
1
1
4
1
1
1
14
4
71
1
1
1
38
5
6
3
7
1
98
13
3
1
1
1
1
6
4
1
1
27
2
1
8
1
3
1
3
1
1
1
4
7
1
4
3
3
1
1
3
2
1
1
1
1
5
1
12
1
1
1
1
1
2
290
12
25
1
1
3
4
1
1
41
646
471
18
5
184
1
148
5
235
494
43
11
46
49
253
11
17
34
141
13
24
8
31
14
60
600
18
6
1
1
8
2
336
1
4
20
1
1
1
297
1
1
1
1
10
18
10
3
2
3
1
2
1
3
1
10
1
1
2
1
465
1
1
1
55
2
18
1
1
1
1
1
1
2
22
1
2
1
1
1
2
1
2
1
34
3
1
1
1
1
1
1
3
1
8
2
75
1
1
1
1
1
1
1
1
35
1
1
1
2
7
1
1
1
6
1
2
10
1
1
7
1
5
1
1
1
4
29
213
1
1
12
6
48
1
138
1
2
1
6
1
2
1
1
1
8
2
8
6
1
110
1
5
4
1
1
8
9
3
1
1
1
1
2
1
1
1
1
1
2
1
2
1
135
1
1
1
4
1
1
1
1
10
1
1
1
1
1
2
25
1
14
21
1
4
1
1
4
1
2
2
6
59
19
3
1
1
1
5
8
248
64
1
115
1
2
1
42
1
125
2
1
18
1
1
1
4
2
1
1
1
1
3
2
1
1
3
2
1
1
1
1
60
1
1
1
1
12
1
6
1
2
1
22
1
1
1
2
1
2
34
2
1
1
1
1
28
16
10
1
1
27
1
1
1
2
1
11
1
1
4
1
1
2
550
1
1
2
2
3
1
1
1
1
1
1
1
1
1
1
1
1
3
1
2
6
1
1
1
4
7
1
1
1
1
1
2
1
1
1
2
1
1
2
1
2
1
2
1
1
1
2
1
1
1
1
1
1
1
1
2
1
1
3
1
1
1
1
1
1
3
5
30
1
111
1
14
1
3
354
3
40
22
1
1
1
1
1
3
1
4
1
2
1
1
1
1
2
1
31
105
4
1
2
4
3
1
1
1
1
3
1
1
3
6
2
2
1
3
1
1
2
2
1
6
3
280
7
2
49
1
1
2
5
23
2
1
1
12
1
2
3
10
3
3
27
1
1
1
1
1
1
1
1
1
86
1
2
7
1
1
1
5
5
2
1
1
2
1
18
21
1
1
12
1
4
58
1
2
1
2
142
1
1
5
7
1
1
8
2
48
1
1
11
2
2
2
1
1
105
1
28
13
2
1
5
4
1
7
4
27
4
1
1
2
1
2
7
7
1
14
1
2
1
1
1
4
1
67
3
1
1
97
1
14
3
2
3
5
2
19
1
12
18
2
1
2
4
3
1
1
1
1
1
1
4
1
15
1
1
1
10
1
3
1
2
1
1
4
1
1
1
1
2
2
1
1
2
1
1
2
12
118
85
11
9
1
1
23
1
1
1
1
14
61
1
1
1
4
1
1
29
1
2
5
1
1
2
31
1
5
15
1
1
3
11
1
4
1
1
1
1
2
2
31
1
6
1
8
3
1
1
3
1
1
13
13
8
10
64
71
632
193
34
82
1
1
1
2
10
2
1
47
53
3
14
3
12
3
1
1
1
1
3
2
1
1
1
6
12
1
1
3
1
55
45
1
72
4
2
1
1
5
2
511
40
1
1
1
2
141
1
1
2
2
1
48
1
1
1
1
1
2
1
3
3
2
1
1
1
1
1
81
1
1
1
2
25
5
1
2
1
1
1
1
1
3
2
1
1
6
1
3
1
1
1
5
1
1
15
1
1
1
1
12
1
2
1
3
12
2
1
1
1
2
1
1
1
3
1
1
1
2
2
2
1
4
1
2
1
2
1
3
1
1
8
4
1
1
3
1
1
2
5
1
1
1
1
2
2
1
1
1
1
1
1
4
1
4
1
1
1
1
1
1
2
1
2
1
1
3
1
1
1
4
1
1
1
1
1
2
2
18
1
11
9
1
1
1
2
3
1
1
2
1
1
1
1
7
1
3
1
1
1
1
1
5
3
7
5
4
3
13
2
1
1
1
379
1
1
2
5
1
2
2
1
1
1
8
1
2
1
1
1
1
1
1
1
1
13
1
1
1
2
1
2
165
1
1
1
2
1
1
2
1
1
1
1
3
4
2
1
1
1
1
1
1
1
1
1
1
1
1
12
1
1
1
1
1
20
4
1
2
3
433
1
1
1
1
2
3
1
1
2
5
2
1
1
1
1
1
1
7
1
1
2
1
27
6
3
1
1
1
4
36
2
1
1
1
1
18
21
68
1
1
44
11
1
1
1
1
1
4
4
21
2
1
1
1
1
1
2
4
5
1
1
11
1
2
33
70
69
3
55
116
4
1
57
383
2
66
5
1
400
423
14
3
1
1
1
1
1
3
1
2
2
2
6
91
19
1
8
1
1
1
1
107
1
3
1
6
1
3
2
1
1
2
1
1
1
1
1
1
1
1
1
4
6
1
1
239
1
4
2
1
16
12
1
1
4
4
1
1
1
66
6
1
2
162
1
1
11
1
1
1
3
1
1
3
121
41
1
1
156
2
1
4
5
1
6
1
2
1
1
1
1
3
1
1
4
5
2
1
1
1
1
1
1
1
4
1
1
1
1
2
1
1
1
2
1
1
1
6
1
1
1
1
1
3
112
1
37
1
1
1
2
9
2
1
1
1
1
1
1
1
1
503
2
8
1
1
1
1
1
1
1
1
1
2
1
3
1
5
1
1
5
2
2
12
3
1
1
2
8
1
226
1
4
1
2
6
787
2
3
1
1
2
1
3
1
1
1
1
2
1
7
4
8
2
1
3
4
3
1
2
1
1
1
1
1
2
1
6
1
1
1
1
1
4
1
1
1
4
1
17
1
7
1
1
17
2
1
5
1
4
3
1
1
8
2
4
1
1
1
3
1
1
7
1
3
1
1
1
1
1
1
1
1
1
5
2
3
3
4
1
2
1
3
1
2
1
1
11
11
16
1
2
2
3
3
1
1
1
5
1
1
2
1
2
1
1
37
1
1
3
1
2
2
2
1
1
8
1
2
2
1
9
8
2
2
3
1
3
21
3
2
1
1
1
1
1
5
22
2
1
1
2
3
12
1
21
1
1
2
1
1
1
6
1
1
1
2
2
1
1
7
14
1
143
1
1
1
2
15
1
2
1
2
1
1
16
3
5
5
1
2
1
18
1
1
2
1
1
9
1
2
2
1
2
1
2
2
17
3
1
3
1
2
1
1
1
1
1
1
104
1
1
1
1
1
4
2
3
1
1
1
62
1
1
2
1
1
2
4
1
1
1
1
1
2
1
2
1
1
1
2
1
1
1
2
4
1
1
1
296
1
1
2
3
1
3
1
4
1
500
2
1
1
1
1
4
1
7
1
1
2
2
2
10
2
9
2
1
1
1
1
2
3
2
1
1
1
1
1
2
1
1
1
4
1
1
1
2
1
6
1
3
1
1
3
1
1
1
1
8
1
2
1
1
1
1
3
4
4
2
1
2
16
1
1
1
1
1
1
1
1
6
1
4
2
1
1
1
2
2
1
4
3
1
2
1
8
2
2
1
1
1
2
3
1
2
2
3
1
1
1
2
1
1
1
1
1
1
1
2
3
1
3
1
4
1
6
28
1
1
10
1
3
10
5
9
1
1
1
1
1
1
1
1
1
5
10
1
1
1
4
1
2
4
5
1
1
1
1
1
1
217
1
29
1
1
1
1
80
1
115
2
3
1
2
19
2
1
1
37
1
1
3
19
1
1
2
11
2
1
4
6
10
3
1
4
1
1
6
23
1
25
5
92
5
56
22
4
14
57
4
72
87
17
11
26
14
1
1
77
1
1
1
1
1
1
1
1
1
1
2
5
1
1
2
8
1
1
47
6
1
3
3
5
1
1
4
1
1
2
1
1
1
10
6
2
1
1
2
1
19
1
2
1
3
2
2
1
1
1
1
1
1
3
13
2
2
4
2
1
1
1
4
1
1
9
14
1
5
1
2
7
24
1
1
1
1
4
1
1
2
2
3
1
2
1
1
1
1
1
2
1
3
1
40
1
3
17
1
8
1
1
8
85
1
3
8
1
1
1
2
3
1
6
12
3
23
1
1
2
1
12
28
3
1
1
1
1
1
1
1
5
1
1
1
3
1
1
2
1
1
1
1
1
1
1
1
10
8
1
2
1
1
1
1
1
1
1
1
1
1
1
1
1
2
2
1
1
1
3
3
3
1
1
15
1
7
1
5
2
1
4
5
1
1
2
1
15
3
1
1
1
1
2
1
54
2
2
2
2
1
2
6
1
2
1
4
8
1
1
1
247
1
1
1
1
1
1
43
1
1
1
1
2
1
1
1
1
1
1
1
1
3
13
1
1
1
4
1
1
1
15
1
1
9
1
2
5
1
2
1
1
303
810
2
7
2
1
1
1
1
1
1
47
1
1
1
4
2
2
2
1
1
1
1
1
1
1
1
4
32
4
1
1
1
3
1
1
210
1
44
42
5
1
308
1
1
1
1
3
1
1
1
3
1
1
1
1
1
1
1
1
1
1
1
1
1
1
1
1
1
3
2
2
1
9
1
1
1
1
1
1
1
1
1
1
1
1
1
8
1
1
1
1
1
1
2
1
1
2
1
4
1
1
5
1
1
1
1
1
1
1
1
4
1
1
2
1
1
4
17
21
1
152
1
4
1
1
12
3
1
1
3
2
18
1
1
1
1
1
1
1
1
60
1
1
1
1
1
13
3
20
1
42
1
8
1
1
23
1
3
1
2
1
2
1
1
1
2
1
1
35
2
3
1
1
1
2
12
2
1
1
2
1
2
30
1
3
14
4
2
2
1
1
4
1
2
1
1
2
1
15
21
5
1
2
22
11
1
3
3
4
2
1
1
1
1
2
1
1
1
1
1
2
1
1
1
2
1
4
17
3
1
4
2
2
2
19
44
6
1
1
5
8
2
3
1
4
3
2
1
1
8
2
2
3
65
26
2
2
4
1
2
1
3
1
3
1
2
7
1
8
4
221
1
24
1
1
1
3
1
1
4
1
37
24
1
13
1
10
1
1
1
1
1
7
1
5
1
8
3
3
2
1
55
3
1
9
1
1
1
1
3
17
2
1
3
2
1
6
2
1
22
6
1
1
1
2
1
1
1
1
2
1
1
1
1
2
1
1
3
1
2
1
1
3
1
2
1
1
3
1
1
3
1
2
1
1
1
1
1
2
2
2
1
1
1
18
1
1
2
1
1
1
1
1
2
1
1
1
1
4
1
9
1
1
1
8
1
1
3
5
1
1
5
2
1
1
1
38
1
2
1
1
2
1
1
1
1
2
2
1
1
2
4
1
1
15
1
2
23
4
7
1
1
1
1
62
536
1
1
1
1
3
2
1
4
2
4
1
1
2
2
1
5
1
2
1
7
7
1
1
6
3
1
3
2
3
5
1
18
2
1
1
1
1
1
3
2
198
3
1
1
1
1
1
1
1
1
1
1
1
4
3
120
132
2
1
1
1
1
1
1
3
4
1
1
1
1
3
1
1
1
247
1
1
1
1
1
1
1
2
1
2
18
1
1
1
2
2
1
2
1
1
1
2
2
1
1
1
2
4
1
1
2
7
2
7
12
1
1
1
1
16
1
2
29
4
2
1
1
1
1
7
1
1
55
1
1
4
5
1
3
1
3
1
2
1
1
1
1
1
1
1
3
1
1
1
1
1
1
1
24
1
2
3
2
1
1
1
1
1
1
1
1
1
3
4
1
12
1
1
1
12
8
13
7
12
4
1
29
1
2
18
4
13
42
1
1
13
20
2
10
4
6
8
2
109
23
6
1
1
26
3
10
1
68
1
5
1
52
1
4
6
2
1
1
1
1
1
1
1
1
1
1
1
1
1
1
3
1
1
7
1
38
2
1
1
7
3
16
1
1
1
1
3
10
1
1
3
1
6
1
3
1
97
35
1
2
29
9
1
21
2
16
44
5
15
5
15
2
3
57
1
9
54
1
138
46
9
5
1
18
1
2
11
1
1
23
1
86
1
10
8
1
100
113
3
4
2
30
1
7
9
14
6
2
2
18
13
1
2
2
2
12
9
1
37
1
31
5
7
1
4
2
2
7
7
241
1
1
4
5
5
13
7
2
1
10
11
1
52
24
65
1
1
14
1
1
1
4
2
54
9
5
1
1
1
21
2
3
4
45
30
3
1
1
8
1
25
1
1
3
1
2
1
1
1
1
1
1
1
1
2
4
3
1
1
1
2
1
1
1
91
1
1
1
3
1
19
9
51
1
2
1
1
1
1
1
1
1
12
1
1
4
2
19
1
20
3
1
1
11
159
2
1
5
1
1
15
5
1
1
1
3
1
3
56
5
3
40
1
1
1
147
140
1
1
1
263
1
1
2
1
1
1
1
1
1
1
6
1
1
1
1
1
2
1
195
1
1
1
1
1
4
1
1
3
1
7
1
1
1
2
1
1
1
1
1
6
73
2
1
1
1
157
83
4
20
8
134
5
1
1
45
2
1
3
2
1
1
2
1
2
1
1
1
1
1
1
1
1
1
1
23
1
1
1
1
15
2
2
31
9
3
1
1
6
1
1
1
2
1
1
1
1
1
1
1
7
63
1
294
1
1
35
1
11
8
1
1
1
1
1
9
1
1
74
1
2
1
1
1
1
1
2
1
2
2
52
2
7
2
1
1
1
1
1
6
1
5
18
49
1
1
1
1
1
1
2
1
1
1
230
1
1
1
1
1
1
1
1
1
1
1
2
1
5
1
1
1
1
2
1
3
2
90
2
1
1
2
1
1
1
1
1
1
1
1
1
1
2
1
1
1
2
1
1
8
1
2
1
2
2
1
3
1
1
1
1
2
14
1
1
5
1
1
1
2
1
1
1
1
1
1
1
1
1
3
1
2
1
1
1
2
1
3
1
1
1
50
10
2
4
2
1
1
2
1
1
1
1
13
2
1
5
1
2
1
1
2
6
34
1
20
14
1
1
1
83
7
1
17
2
1
1
1
1
1
1
23
12
1
3
1
1
1
1
5
6
1
1
1
2
2
10
8
7
1
1
1
2
1
3
12
7
1
3
3
1
18
1
1
1
1
31
3
1
372
2
1
1
1
12
2
5
1
4
1
1
2
1
2
2
3
2
1
28
1
2
1
1
3
2
7
2
1
3
4
4
8
2
1
1
1
1
1
1
1
1
1
10
61
2
1
1
4
8
1
1
1
5
6
28
1
2
5
4
218
1
1
2
1
1
2
1
1
4
6
6
12
2
18
44
1
1
8
42
13
1
1
1
1
1
1
2
1
1
3
4
1
1
10
1
2
5
1
1
1
2
2
1
1
1
1
1
2
7
1
1
41
1
25
48
1
11
2
3
5
1
3
2
1
6
12
1
1
19
4
1
48
9
1
1
4
1
1
1
2
2
1
1
1
2
1
1
2
2
1
9
1
1
7
27
1
3
15
3
1
55
1
1
52
2
1
1
1
1
1
1
1
1
1
1
1
2
1
2
2
33
17
3
19
2
1
3
5
5
1
1
1
14
1
1
1
3
1
1
1
10
7
1
1
1
1
13
1
1
54
1
1
4
1
2
1
8
52
1
1
1
1
1
1
1
1
1
1
2
2
1
2
1
1
1
1
1
1
1
1
1
4
68
1
1
1
1
1
1
1
1
12
2
2
1
1
1
1
2
1
1
22
2
1
4
1
1
1
1
36
1
1
1
1
6
1
1
1
1
1
1
1
1
2
1
1
2
2
1
1
1
1
1
1
6
5
8
6
1
1
2
3
1
1
17
1
41
3
1
46
1
6
5
1
2
1
1
1
1
1
1
1
2
82
1
4
7
3
1
9
2
1
18
1
1
10
2
1
1
1
1
1
1
10
1
233
58
4
1
1
5
12
3
1
2
1
2
3
2
1
1
386
1
23
1
44
1
182
1
1
1
6
4
12
4
10
1
2
3
11
14
1
3
21
1
39
5
4
1
57
81
8
3
5
1
26
1
1
1
6
1
3
4
1
1
2
57
17
2
2
1
1
1
1
1
1
1
3
2
101
11
1
2
21
3
1
1
1
1
3
1
1
4
2
5
26
10
7
1
3
1
1
2
5
1
8
2
2
1
1
1
73
3
1
1
4
11
11
6
1
1
11
23
5
1
1
1
1
2
22
2
1
20
1
6
1
1
4
1
6
1
2
1
4
31
97
1
1
5
5
3
1
1
4
1
1
17
12
2
4
304
6
1
8
2
1
8
1
1
2
4
1
7
32
4
14
2
7
1
15
1
1
1
2
1
1
7
1
2
6
59
3
2
2
4
1
1
1
2
8
1
2
1
3
60
1
1
1
3
1
3
1
7
3
1
2
23
6
1
1
2
3
1
16
27
1
6
40
45
30
10
16
5
13
25
6
1
3
99
1
3
1
2
5
3
3
1
1
7
7
1
4
9
1
64
1
18
1
1
2
1
6
38
1
1
1
1
4
3
1
1
2
1
1
7
1
1
20
1
5
1
1
1
1
4
2
3
14
6
3
1
1
1
2
2
3
1
3
2
1
2
1
1
2
1
3
4
2
12
4
1
1
126
1
146
8
4
624
396
1
19
1
1
1
1
5
1
1
7
3
1
1
1
1
22
2
1
5
1
1
36
2
1
1
2
2
22
1
1
1
1
1
1
1
2
1
1
2
1
1
1
1
4
2
65
1
1
2
2
1
1
1
3
1
2
1
131
1
3
2
7
51
1
2
2
1
1
11
1
1
49
1
25
2
1
1
1
1
3
1
6
1
2
2
1
1
1
67
2
1
1
1
1
1
2
1
1
1
2
32
4
31
6
20
3
4
1
5
1
3
1
1
15
1
1
1
4
7
31
2
2
10
52
1
3
2
1
1
32
3
1
2
1
12
2
1
16
1
2
1
1
2
3
42
5
5
1
1
1
1
2
2
13
1
1
3
1
2
4
1
1
1
1
2
3
1
1
1
1
3
5
1
51
1
1
5
2
4
1
1
4
3
3
6
1
1
2
302
1
23
2
3
94
1
8
1
4
2
34
6
1
6
1
1
1
1
1
2
1
1
13
23
1
1
5
1
1
2
1
1
1
2
1
5
3
1
1
5
1
1
1
2
26
3
1
1
1
1
1
1
1
1
1
1
6
1
1
1
2
1
1
2
3
3
1
1
1
1
1
2
1
1
1
7
1
1
66
92
3
14
1
1
1
1
1
1
1
7
1
2
6
1
1
15
170
11
4
1
1
1
2
9
1
4
2
19
1
2
1
1
3
1
1
6
1
1
1
1
1
2
1
3
1
1
1
1
1
5
5
31
1
3
43
1
1
1
1
1
16
1
1
3
1
1
11
27
1
1
2
1
14
1
1
1
7
2
1
1
1
2
4
1
12
2
2
1
1
6
4
4
21
1
1
1
2
1
6
1
1
1
2
1
1
1
4
1
1
1
1
1
4
15
1
1
4
1
14
1
46
1
1
4
4
4
1
1
2
37
1
1
1
2
151
1
1
1
13
22
1
16
14
2
1
1
3
1
3
4
2
3
2
14
1
2
1
1
60
1
1
1
8
1
1
2
10
1
1
2
1
1
1
1
1
6
1
1
1
3
1
1
203
1
1
1
1
1
2
1
2
1
57
1
1
1
1
1
1
3
10
1
22
2
1
4
1
1
1
4
4
3
36
1
2
4
11
6
40
3
1
6
1
21
1
10
1
1
1
1
1
1
2
3
1
1
1
1
1
83
2
1
1
1
128
1
2
1
4
1
1
2
1
1
1
1
1
1
43
1
1
1
1
2
1
1
1
6
1
25
7
11
5
5
2
35
5
12
8
3
1
1
39
1
40
1
1
3
4
1
1
1
4
3
4
1
4
3
1
6
133
1
1
2
2
1
19
2
1
4
5
1
1
1
5
5
10
4
1
5
2
1
1
1
1
1
4
1
1
1
1
1
1
2
1
1
3
2
1
1
1
1
1
1
1
1
4
9
1
1
2
1
1
3
3
20
1
1
611
1
1
93
1
4
1
8
1
1
1
91
2
1
1
7
1
1
1
7
3
4
1
2
1
1
1
1
1
1
1
1
43
2
1
2
1
2
1
1
1
94
2
2
1
1
1
1
2
1
2
1
1
2
1
1
7
1
4
1
1
1
1
1
93
4
169
4
1
6
1
2
3
1
1
3
1
4
1
1
2
2
1
1
5
1
1
2
1
1
1
6
4
1
1
12
1
1
1
2
1
1
1
1
1
1
5
1
1
1
1
2
1
91
1
1
1
3
1
1
13
1
11
2
1
1
1
43
1
1
1
275
1
3
1
1
8
1
1
1
2
3
11
5
11
1
1
1
1
2
1
1
50
1
1
1
9
1
2
2
1
1
27
1
165
4
2
17
1
8
1
1
2
2
1
21
3
3
2
1
1
1
1
1
1
45
30
2
7
1
14
1
1
41
8
1
1
1
2
1
1
1
48
97
2
3
2
1
3
1
1
7
20
3
1
1
1
35
2
2
1
1
1
1
1
3
1
1
2
1
6
2
1
2
4
1
2
1
4
2
1
1
1
1
4
2
4
1
6
6
10
1
2
6
21
2
1
2
2
4
10
2
1
2
1
7
1
1
1
2
1
2
19
4
1
4
1
1
2
2
5
5
2
3
1
1
1
11
1
2
1
4
1
1
1
1
20
26
4
2
1
8
2
4
27
1
4
2
2
1
1
1
2
1
4
4
6
1
1
2
16
7
2
1
3
1
2
18
3
1
2
1
1
6
4
1
27
1
1
1
1
3
6
1
1
169
1
1
1
1
2
1
38
65
1
1
33
4
8
14
6
1
1
1
1
1
8
1
1
1
1
7
1
1
1
18
4
3
2
2
4
1
12
1
2
7
1
7
4
40
2
58
1
1
696
12
1
1
1
11
2
1
2
1
1
1
34
1
13
15
2
10
3
34
1
1
1
1
1
1
1
1
1
2
5
7
3
2
3
1
4
1
1
1
2
1
4
5
2
13
1
1
2
2
5
2
3
1
1
2
1
2
1
4
1
2
1
1
3
2
1
2
7
1
1
1
4
9
9
1
1
3
1
1
4
92
20
1
1
2
167
1
1
6
298
4
14
1
6
2
1
4
1
1
1
1
8
1
5
10
2
1
1
92
1
32
33
1
1
8
14
2
3
3
1
51
19
1
9
1
9
1
6
687
6
4
4
52
1
4
1
1
1
4
1
1
3
4
14
3
3
1
1
1
7
1
1
1
1
4
1
1
1
3
1
1
1
2
1
1
1
2
3
1
1
1
2
2
1
1
1
1
1
1
1
2
3
6
1
1
42
2
5
1
1
1
1
1
32
7
1
1
1
1
1
1
6
1
3
4
148
1
2
1
1
125
2
1
2
2
1
2
1
1
1
6
1
1
2
2
1
2
1
2
91
1
78
14
1
1
1
1
4
1
1
1
4
1
7
1
1
1
1
1
1
1
1
9
3
82
2
4
8
5
3
1
1
2
1
2
15
3
2
2
1
20
4
13
4
2
1
1
3
2
1
20
2
73
15
66
1
1
1
13
1
1
1
1
1
1
1
1
2
1
3
1
1
1
1
1
5
1
1
1
1
8
1
5
1
1
4
4
3
1
2
7
7
40
1
1
2
2
4
10
18
5
1
10
1
1
1
1
1
8
1
1
1
2
1
2
1
1
1
1
1
19
3
21
1
1
1
2
1
4
2
1
14
66
2
10
1
4
16
8
1
4
2
1
1
1
1
1
13
1
8
1
4
109
407
1
1
1
10
1
23
2
6
1
2
3
36
2
1
12
108
31
27
2
1
6
1
2
1
1
81
1
2
1
18
1
1
1
1
17
1
1
1
1
12
2
9
1
1
1
35
8
1
29
1
1
18
12
57
3
10
2
2
3
1
4
36
3
1
13
1
5
11
1
3
1
2
10
54
73
3
4
1
1
1
4
1
1
1
1
2
1
2
1
2
2
21
5
8
1
15
2
2
2
2
1
3
1
1
1
1
1
1
2
42
3
1
1
2
2
1
1
1
7
13
1
1
3
5
1
1
162
11
1
1
1
4
1
1
4
1
1
1
1
3
1
1
1
1
3
1
1
2
1
1
1
1
9
1
1
4
1
39
2
1
1
4
1
1
1
2
3
2
1
2
1
2
1
1
1
1
1
7
1
1
2
1
5
1
1
1
26
2
2
1
1
1
1
2
1
2
2
3
1
1
1
1
1
1
3
1
1
2
4
3
1
1
1
1
1
1
1
1
1
1
1
1
1
1
1
1
1
1
1
1
2
1
1
2
1
3
17
2
9
6
1
1
65
2
19
1
1
3
1
1
1
1
1
1
1
1
1
1
3
1
1
5
1
1
2
1
25
1
1
1
1
9
2
2
1
1
2
2
11
2
1
1
1
2
1
3
5
1
12
6
1
8
1
38
3
6
1
3
1
4
2
1
1
1
2
16
1
12
1
8
1
8
1
1
5
2
1
1
1
35
2
6
1
4
1
1
7
1
1
11
2
1
3
279
36
2
4
5
18
6
1
18
1
2
1
1
1
5
48
4
5
3
4
2
1
107
9
3
1
2
1
129
7
271
1
75
63
12
29
1
473
1
1
1
4
2
1
1
115
1
1
7
1
1
1
333
3
1
2
1
1
1
1
2
1
1
1
1
6
3
1
9
2
2
2
1
3
10
4
1
32
3
13
1
3
3
1
3
1
7
61
2
2
7
18
1
2
4
3
2
1
49
33
4
1
1
4
2
1
2
2
1
2
47
1
1
1
1
1
1
2
1
1
2
1
8
1
1
8
5
36
19
4
3
17
1
2
1
1
1
1
1
5
1
1
3
2
12
2
14
18
9
2
117
6
55
4
3
1
1
1
1
4
126
1
2
1
9
213
2
18
15
4
5
1
1
1
169
67
1
40
23
1
1
1
23
1
30
6
2
1
1
94
1
4
30
10
1
1
1
1
1
1
2
1
1
1
2
1
1
1
7
1
1
19
2
44
1
3
1
1
1
2
19
1
1
1
1
1
1
4
1
2
2
2
1
3
1
1
2
1
2
1
1
2
2
8
1
1
1
1
1
1
1
1
1
1
4
1
1
1
124
2
1
8
5
2
2
9
4
3
2
1
4
1
1
1
1
44
1
158
1
1
1
1
1
109
1
50
2
1
3
5
1
1
8
1
6
44
1
2
1
2
1
153
21
98
1
5
3
2
1
55
3
1
2
3
34
6
1
1
1
25
6
2
1
1
2
1
4
1
1
1
1
3
12
11
10
6
3
12
8
1
2
3
1
1
1
1
6
4
6
20
40
2
1
1
10
1
27
2
1
1
92
2
1
2
1
1
1
10
4
1
4
1
3
1
2
2
1
1
6
17
4
7
1
1
2
1
1
2
1
1
1
18
53
6
8
12
17
1
6
3
1
1
6
1
1
4
7
7
3
9
54
3
2
7
134
4
52
17
3
1
7
6
5
2
44
1
1
1
1
4
1
1
3
5
1
1
1
1
1
1
1
1
1
1
1
1
1
1
1
1
6
1
2
2
17
2
1
1
1
1
5
19
1
138
5
1
9
1
2
3
1
2
1
2
1
1
23
1
1
2
1
5
2
1
5
1
73
26
1
2
8
1
1
7
1
1
1
211
1
1
1
1
1
191
53
1
3
1
1
1
1
3
1
1
1
2
12
1
1
1
2
6
1
1
3
2
6
1
3
1
4
2
3
1
1
1
1
1
1
2
1
1
1
1
7
5
1
2
1
1
1
1
1
2
13
1
223
1
1
1
1
1
5
16
1
1
1
1
2
80
1
3
1
86
12
6
4
2
1
1
6
1
1
1
1
1
1
1
1
1
1
1
1
5
1
3
1
1
2
6
10
5
1
1
1
6
1
1
1
1
2
1
8
1
2
1
91
1
1
1
1
2
42
6
1
1
1
1
1
1
1
1
1
1
1
2
1
5
1
326
1
1
2
3
1
3
3
1
1
1
3
1
1
2
4
1
12
1
1
2
2
2
1
1
1
2
1
1
1
1
1
1
1
1
1
1
1
1
5
1
2
1
314
2
1
1
1
2
2
1
1
1
1
1
2
1
1
1
2
1
86
3
1
2
1
1
2
2
2
1
9
2
1
1
1
2
1
7
26
1
4
1
2
14
3
1
2
2
2
2
8
11
4
16
6
19
22
1
26
5
2
3
31
299
1
1
2
1
1
1
3
3
2
164
1
1
1
1
1
1
103
3
1
22
1
1
8
1
1
1
2
1
1
1
6
51
1
1
3
1
1
1
1
1
1
1
1
6
16
2
1
1
1
20
6
19
5
1
1
1
1
9
1
53
4
1
12
1
66
1
1
1
1
5
7
1
8
2
1
3
18
1
1
9
2
1
3
4
1
64
2
2
13
1
1
1
11
3
67
6
9
1
2
3
48
3
1
2
1
2
1
1
32
66
1
1
3
23
24
6
2
1
6
2
1
1
1
1
1
1
1
6
3
2
1
4
1
1
3
2
1
1
2
1
1
2
1
1
1
7
289
2
1
2
5
2
5
14
265
1
182
8
21
1
13
1
1
1
1
2
1
5
5
1
2
3
3
1
24
10
2
1
3
6
1
12
2
1
8
2
18
1
1
5
1
2
1
1
18
7
1
2
6
70
1
1
41
1
36
6
24
1
2
5
1
1
6
2
5
2
1
6
2
5
18
27
31
6
1
9
2
4
10
5
13
2
1
16
8
4
147
66
3
2
1
11
9
1
2
1
5
1
16
7
32
1
64
13
4
92
10
2
1
1
1
2
1
1
3
77
388
31
1
1
1
47
2
6
26
85
2
1
4
1
1
59
3
5
9
13
1
1
2
2
1
4
22
1
2
8
1
1
10
3
74
1
2
4
18
6
12
23
11
7
1
11
1
5
2
6
3
1
61
4
2
1
1
9
3
2
2
1
1
156
1
108
2
2
6
1
4
4
4
2
1
1
29
2
31
52
1
1
1
1
1
1
3
2
1
1
1
5
4
3
1
1
3
1
1
5
1
3
1
6
1
8
1
1
23
1
38
1
1
1
4
2
5
4
1
3
12
24
1
1
6
8
1
195
115
1
11
1
1
1
2
1
1
1
2
21
1
3
1
9
1
9
1
1
1
4
1
1
1
3
25
1
2
3
3
1
7
1
3
1
3
3
3
23
24
3
1
2
4
1
1
2
1
4
1
1
2
1
496
54
1
1
1
6
3
1
8
3
2
1
2
5
54
24
2
1
5
8
1
13
4
3
5
3
36
1
1
7
7
2
6
16
2
5
3
4
1
1
3
2
3
1
1
1
41
1
1
2
3
23
1
2
10
2
6
1
1
2
3
1
1
1
10
8
1
59
1
1
3
1
8
1
1
3
1
1
1
1
31
1
19
1
4
1
1
48
3
1
7
5
2
1
1
1
2
1
2
1
3
5
3
3
3
6
21
1
10
2
2
1
3
4
2
2
1
2
1
1
1
4
11
3
22
1
1
1
17
11
1
1
1
3
1
1
1
1
11
3
4
33
29
2
12
1
1
1
1
1
13
2
1
1
1
1
1
7
21
1
1
1
1
1
1
4
92
1
12
3
1
7
1
2
3
1
5
1
2
1
1
2
1
1
15
1
1
2
1
2
6
1
2
5
2
91
3
1
1
2
2
1
1
2
6
61
4
2
4
1
1
1
2
1
1
1
22
88
15
47
1
1
162
2
1
3
1
4
1
2
3
1
5
8
1
26
1
4
2
6
1
1
7
1
1
4
26
2
1
2
2
1
2
2
2
1
1
5
41
1
4
1
1
1
14
2
1
1
1
1
1
2
1
1
1
25
12
18
1
3
2
3
21
1
1
1
1
1
8
11
1
2
2
1
1
2
1
4
1
3
1
2
9
1
1
1
1
7
1
2
6
7
2
6
6
1
1
2
25
2
6
1
3
48
1
2
4
21
4
8
1
3
2
6
1
1
1
6
1
7
1
1
2
81
1
1
11
1
1
10
3
1
1
3
1
1
2
1
842
62
1
1
2
56
1
281
4
1
2
13
2
2
3
2
2
18
1
16
1
5
12
1
4
2
1
3
2
1
1
6
4
1
1
2
9
1
1
1
1
1
1
1
4
104
1
1
2
1
1
1
4
1
2
1
9
1
1
2
6
1
6
1
2
15
1
1
2
1
9
1
1
2
1
1
3
2
3
1
1
1
1
3
1
3
1
1
1
1
1
1
1
2
1
1
1
1
7
1
1
1
1
2
1
1
2
2
1
1
1
1
1
1
1
2
1
2
2
2
1
3
1
1
1
1
7
4
1
2
2
1
1
1
2
1
2
1
2
4
1
1
1
1
5
1
1
2
2
2
2
1
1
1
19
8
5
2
1
1
2
5
4
1
1
2
1
1
2
2
1
1
1
4
1
3
1
1
2
2
1
1
1
1
1
1
1
1
1
1
1
1
1
1
1
6
1
8
2
1
2
11
1
7
1
2
34
9
12
1
1
2
1
1
1
1
1
1
1
2
1
1
1
1
7
1
1
1
1
162
5
1
1
4
1
1
1
1
1
1
1
1
1
3
1
1
1
2
1
1
2
1
1
2
1
2
3
3
2
1
1
1
23
4
1
1
3
12
1
1
1
6
2
1
2
1
3
1
1
2
1
1
52
2
1
2
1
5
1
1
19
30
3
5
3
1
6
4
1
1
1
2
1
1
4
1
24
4
4
5
1
2
1
1
1
1
1
3
6
1
1
1
4
2
2
1
1
6
1
1
4
1
1
4
1
3
1
1
54
88
1
11
1
2
6
229
20
10
33
9
103
76
53
1
1
1
2
3
6
1
1
2
1
2
15
1
8
10
1
3
18
1
1
1
3
1
1
3
1
1
1
10
2
22
6
1
23
5
1
1
2
2
3
2
2
1
1
1
1
18
1
2
6
1
3
1
1
1
1
1
2
1
1
15
1
1
1
1
39
1
1
1
30
2
2
4
1
1
8
1
7
1
174
1
1
1
1
1
1
4
45
1
11
8
15
1
2
1
1
1
1
1
2
1
18
2
1
13
1
29
182
1
3
9
2
3
13
36
3
2
1
20
1
1
1
1
1
12
1
1
14
13
12
1
69
1
1
1
11
134
25
4
2
11
25
41
1
2
1
1
1
1
1
2
24
21
1
1
1
1
1
3
15
8
1
2
14
1
4
1
53
1
32
1
1
1
15
117
10
9
1
2
1
1
77
16
19
2
2
1
7
2
2
1
1
1
1
1
2
1
50
1
2
1
5
26
1
5
1
4
3
33
4
3
18
4
247
46
1
2
5
8
1
16
43
10
2
5
6
42
22
1
23
3
1
1
74
8
1
1
5
1
5
1
1
1
1
1
3
1
1
2
15
9
1
8
6
12
86
2
7
1
1
3
1
1
1
3
5
5
1
28
21
7
14
10
1
3
4
1
14
1
2
3
1
1
4
2
4
9
12
6
5
6
1
6
5
1
9
1
6
20
1
1
1
1
1
42
1
1
2
2
1
1
3
2
12
19
4
1
16
3
31
1
1
1
1
37
64
1
14
1
1
3
2
13
52
5
1
20
8
1
9
9
6
1
7
1
1
8
106
85
1
2
1
1
1
1
2
17
3
1
79
1
1
24
1
2
2
4
16
2
2
17
24
2
1
1
3
1
1
6
2
90
13
1
4
1
8
1
9
100
13
3
6
6
2
73
3
12
1
6
1
77
3
157
41
94
129
3
8
10
3
3
136
3
1
19
2
31
2
18
1
5
51
2
19
1
1
11
33
28
5
1
4
7
53
3
671
1
13
6
1
2
1
2
11
6
10
1
2
2
1
12
9
6
1
39
1
1
2
1
1
474
1
1
1
1
1
46
2
1
1
1
1
6
1
1
2
1
338
1
1
1
4
2
1
1
180
137
1
2
176
34
4
2
1
1
1
1
1
10
19
6
1
1
1
2
2
89
38
2
2
1
6
7
1
1
1
3
1
1
2
1
2
1
1
1
5
1
4
1
1
1
10
3
1
2
3
5
7
70
3
8
1
1
2
165
3
8
4
1
1
18
1
14
1
14
24
13
1
8
1
5
2
2
1
1
1
1
1
1
1
15
113
1
1
205
4
1
1
2
1
1
2
1
1
1
2
2
2
3
37
1
1
1
1
1
3
2
21
7
3
1
1
1
1
1
1
1
1
1
1
1
2
2
2
5
1
1
1
1
1
2
1
1
2
1
3
1
1
118
1
1
4
1
2
1
1
1
1
1
2
1
1
1
1
1
1
1
1
1
2
2
1
1
59
49
1
1
1
1
738
1
1
1
1
1
11
1
1
1
5
1
1
1
1
41
16
7
34
2
1
1
1
1
1
5
6
1
1
3
1
4
1
1
2
4
2
81
1
1
1
2
1
2
15
10
3
27
1
1
8
12
6
1
2
1
1
1
1
1
1
1
1
6
2
2
1
1
2
1
1
1
1
1
2
10
17
43
5
10
3
30
2
18
24
5
1
2
1
4
2
2
5
2
1
1
2
1
7
1
1
14
10
3
3
2
3
1
6
3
2
16
1
1
7
1
2
1
1
1
1
1
1
3
2
17
189
15
2
1
1
8
2
5
51
23
1
1
1
1
1
1
1
1
1
16
1
1
1
1
1
1
1
15
1
1
1
7
2
10
1
4
1
1
2
2
1
6
1
1
2
1
1
1
4
4
1
1
1
1
1
69
1
6
1
1
1
99
2
1
1
154
1
7
2
3
1
1
1
1
2
1
1
2
2
3
1
1
1
2
1
1
19
3
1
1
27
1
5
2
1
1
4
1
1
15
1
5
1
1
14
3
1
3
1
1
2
5
2
1
4
1
1
52
3
1
3
1
1
260
109
668
1
1
2
1
1
4
5
1
4
1
1
1
1
1
2
5
2
15
3
1
2
3
1
13
1
1
1
1
1
1
2
1
1
2
2
12
1
1
9
2
32
2
136
1
1
10
1
3
1
1
1
1
1
1
4
1
1
4
1
31
6
1
1
3
8
1
1
6
1
1
1
1
1
1
2
2
104
1
1
1
22
7
1
1
2
3
29
4
1
44
1
8
1
1
5
4
1
14
1
8
2
10
1
6
1
1
1
2
1
1
8
1
1
3
2
1
33
5
1
1
1
26
2
1
70
59
1
1
2
1
2
1
1
5
1
1
2
1
2
1
9
6
1
1
1
1
2
17
2
1
1
1
3
1
10
2
1
1
1
2
1
1
1
1
5
1
1
1
3
2
1
1
1
1
101
1
11
4
1
11
1
1
1
1
1
2
1
81
1
1
1
1
1
13
9
2
2
2
1
1
5
1
1
2
1
1
1
3
23
1
1
1
5
4
1
1
1
1
4
107
98
231
1
642
1
1
354
1
1
4
71
1
1
8
11
1
41
1
6
6
1
1
1
1
1
113
1
1
1
1
2
2
3
1
3
1
1
1
1
1
1
16
1
1
1
1
3
14
1
7
7
1
3
42
6
1
19
1
1
1
1
1
1
1
1
1
1
5
1
1
7
8
5
3
10
2
6
7
3
1
2
1
1
1
1
1
1
38
1
9
5
1
23
32
8
10
5
26
19
6
2
1
10
8
4
3
1
1
39
2
4
1
35
5
5
8
1
1
25
1
6
1
2
1
1
2
1
85
5
9
18
12
1
38
8
98
1
11
18
4
4
22
8
78
2
40
28
18
9
78
14
1
26
8
15
149
2
10
113
8
32
4
13
6
1
7
42
50
3
16
1
19
41
58
3
1
2
45
26
2
1
1
3
3
6
1
1
1
1
1
1
8
1
1
1
1
1
1
1
1
1
1
27
1
1
1
666
1
1
1
1
2
42
6
1
7
1
1
1
1
1
1
2
83
24
3
1
1
1
8
1
1
1
1
1
1
1
2
1
3
50
1
1
1
4
3
1
1
1
1
27
3
32
1
1
1
1
1
1
1
1
100
1
1
1
1
7
1
3
26
1
8
1
1
1
7
1
1
2
1
1
1
25
1
1
1
1
1
1
1
1
1
1
1
1
1
3
18
65
403
1
2
1
1
9
85
1
1
15
1
1
1
288
1
1
1
1
1
1
1
402
1
1
1
1
1
1
1
1
1
1
1
1
1
3
1
1
1
1
26
1
1
1
1
1
1
2
1
1
3
8
1
1
1
8
3
11
2
2
3
1
1
1
1
85
1
1
3
266
1
65
1
3
1
3
176
1
135
1
2
7
2
1
1
1
4
1
186
1
1
1
1
1
1
2
1
1
1
75
6
1
2
1
1
1
1
2
3
2
9
1
1
1
31
1
127
1
1
71
1
1
1
1
1
1
1
1
9
6
2
1
1
1
2
1
82
4
1
1
1
1
5
1
5
2
1
8
1
1
1
1
3
1
3
4
5
1
1
1
1
1
1
1
1
17
2
1
1
2
1
1
3
2
1
1
1
27
5
1
1
1
33
1
2
1
2
1
1
3
1
1
1
13
1
5
38
1
1
1
1
1
1
2
1
1
1
1
1
2
4
1
1
3
1
1
1
1
1
1
1
1
1
1
76
150
3
1
1
1
4
1
125
1
1
1
1
1
1
1
2
1
1
1
1
1
1
1
1
1
1
1
4
2
1
1
1
1
1
1
1
2
1
1
1
3
2
1
3
2
2
6
27
1
1
1
1
2
2
1
1
16
8
1
44
167
1
1
23
1
2
1
1
1
1
1
2
5
1
1
1
1
1
2
1
1
1
1
1
1
3
6
1
101
1
1
2
1
14
1
5
1
1
1
1
1
2
1
1
5
7
1
1
1
1
1
16
1
1
7
2
81
1
1
1
1
4
4
1
1
26
2
1
1
2
1
1
2
1
1
2
1
1
1
2
1
2
1
17
1
1
3
1
1
1
26
2
1
1
1
3
29
1
1
1
1
1
1
1
1
2
1
40
5
1
2
1
11
26
1
1
1
3
1
1
1
63
71
5
92
3
1
1
1
1
1
1
1
9
3
1
8
1
1
2
1
13
2
1
2
6
1
2
22
1
2
1
1
1
1
188
5
1
3
4
80
1
1
4
1
1
1
1
3
1
1
5
2
1
1
2
1
1
2
1
1
1
1
1
71
1
1
1
2
117
1
1
1
444
1
1
7
1
1
1
5
1
1
1
1
1
7
5
1
2
1
1
9
1
1
2
1
1
1
1
1
1
3
276
1
1
1
1
3
45
59
1
1
15
1
5
3
2
1
1
1
1
20
9
1
1
15
4
1
6
1
1
3
1
1
1
1
1
1
1
14
11
1
1
8
1
1
1
1
42
1
1
1
1
1
1
4
3
1
1
1
1
1
2
3
3
6
3
1
1
1
1
1
1
2
1
1
1
3
1
14
2
23
6
2
1
2
1
28
4
1
3
1
1
1
1
1
2
1
8
3
1
3
1
1
3
1
13
1
1
7
1
1
34
1
1
1
8
1
2
1
1
3
1
3
2
1
1
2
1
1
1
23
63
1
1
1
1
2
16
3
294
1
1
1
8
5
4
1
58
3
2
31
6
1
1
1
10
4
1
1
1
1
17
5
2
12
1
4
1
2
1
43
1
72
2
1
79
1
1
1
1
1
1
15
4
4
1
2
21
5
2
2
2
1
1
2
1
1
1
1
2
3
1
1
3
12
5
3
2
42
8
4
1
1
1
1
1
2
1
12
1
5
1
1
5
1
1
4
5
1
1
1
1
3
2
1
6
5
2
1
1
1
3
25
2
9
1
1
1
1
22
1
13
6
1
2
2
1
18
1
1
1
1
1
1
1
21
1
1
1
1
1
1
1
2
5
1
96
1
1
1
1
1
1
88
