1756
208
38
2893
411
1936
143
209
344
73
1878
349
17
475
231
3548
3012
1998
2137
1836
4
1360
28
78
2578
641
771
444
191
505
20
1595
2663
957
47
177
370
76
41
143
24
1447
1790
909
433
38
926
1144
397
900
2814
9
884
53
66
26
2276
134
321
1713
2701
2082
912
2632
252
63
2339
111
8
3158
44
4
10
58
2735
264
2857
3589
3
527
120
429
336
1225
474
35
241
3341
1
252
187
435
358
3765
691
1687
1650
333
2181
2
9
3124
1140
179
147
3585
84
54
3024
9
10
5
1759
3057
7
425
3
224
922
2292
15
2353
33
203
112
195
2030
13
2083
27
2516
222
145
1713
167
71
2037
523
1512
8
2627
1116
1106
3
4
18
44
553
1968
2572
8
192
376
3318
1364
35
629
247
4
700
65
2042
3599
73
13
369
107
88
32
3134
1439
296
151
560
3108
120
1282
3
184
321
2064
2157
1199
645
651
3504
2190
20
3458
2683
741
2945
3342
123
160
41
1449
193
2
156
368
157
132
2688
316
3473
635
196
173
149
304
637
172
1771
148
3
4
1547
724
802
1562
2739
281
273
2323
3001
3358
2349
66
2536
18
3
3235
970
517
2972
34
124
7
522
1664
1554
1744
61
137
465
2760
2153
59
1204
999
2728
2222
1438
32
111
126
1541
1200
1335
485
2160
269
2883
185
3174
3740
3493
2889
1276
1996
2662
161
403
112
164
79
283
40
1905
3585
2901
72
534
234
1518
280
22
536
34
96
386
1122
1
2579
2462
306
313
27
45
266
275
711
316
710
522
40
1721
332
3312
2736
1399
124
126
2714
2520
2
222
1483
3394
40
84
491
73
3188
91
188
440
409
125
133
1137
1401
125
822
299
18
1732
10
1246
2697
1457
8
870
2142
1328
55
1128
373
86
3
5
2
42
2
212
2187
83
97
5
82
314
92
595
174
1657
1504
488
5
1709
2004
1
34
367
23
3018
78
2700
1142
5
1637
2565
1059
910
90
528
2476
20
465
1639
1586
257
2
3229
1265
1014
1
3744
428
44
1490
3330
1917
513
410
24
2102
83
2
510
2806
236
101
106
29
993
3451
1015
3409
1926
217
110
149
622
1613
458
221
18
1403
2698
2859
1562
138
3026
38
92
137
1054
1377
12
475
3200
6
1248
77
3429
1372
2125
432
320
1280
2343
46
31
148
82
86
69
2200
1807
181
185
2107
1550
1877
129
51
775
14
1851
3
468
209
3497
1572
529
665
178
345
21
2227
3583
1502
589
14
2118
13
2156
390
588
1219
2508
514
480
3668
2777
3292
21
48
2166
296
1368
1750
1628
2560
930
372
935
2707
98
410
210
63
136
1612
604
390
648
544
60
3325
2396
2502
139
424
106
252
377
237
2400
462
4
40
860
450
194
308
2606
2027
455
2258
2121
5
1334
2007
1420
272
18
597
3200
279
117
851
81
8
2968
2893
403
2730
26
42
3501
48
1513
24
2392
1810
270
2977
70
351
495
3228
1973
499
755
1030
3443
16
2115
112
1040
174
2300
119
3583
2959
1741
1135
2777
672
352
75
205
32
177
5
4
1770
19
176
2
2
915
5
211
1712
1196
55
211
174
414
465
1
3655
198
43
364
12
179
3542
2979
646
3050
79
152
865
369
2260
10
54
283
1151
87
1284
121
425
3
2370
2878
112
12
481
2
18
1289
77
47
2155
100
283
207
108
2874
112
731
223
1833
338
19
418
172
1845
220
1991
564
2336
68
2673
608
111
1
693
1030
758
325
105
56
126
248
3432
2984
12
317
220
2536
44
2131
3641
2484
11
2
1154
9
177
599
108
914
2506
19
170
184
13
1106
61
1
2677
36
3110
1205
627
929
107
1242
3054
3250
319
579
4
37
182
10
1000
1078
889
529
3101
3380
3771
2458
255
1
67
1546
119
1373
338
2238
7
3505
2392
271
64
3588
196
2611
41
393
10
1099
45
1798
2690
