466
1029
637
683
3666
4325
2515
41
2832
590
3412
1086
2693
1505
366
679
813
1368
2108
1292
2096
3640
3500
617
1069
786
3934
2600
2016
974
2732
1522
1283
1636
2589
2280
329
2139
2
736
15
1261
1645
1465
2760
151
847
916
2360
84
1149
333
582
119
332
846
1722
4053
4266
3204
268
14
1388
2301
910
213
246
20
1588
3149
557
46
1445
311
927
506
505
1028
689
41
11
308
1039
2389
3152
71
508
2591
326
4317
61
580
1180
1829
930
1135
1071
400
113
2682
122
2980
994
1271
1588
497
321
21
389
2784
1453
669
4071
2382
3263
33
913
3011
487
2258
4092
3576
165
1163
1249
2622
510
4422
2408
1804
227
371
4
1269
107
2815
2806
760
639
43
167
1360
201
34
1436
7
3862
1933
1968
1572
602
41
3867
353
1024
77
94
7
34
3384
3122
5
81
1022
745
3080
1384
110
348
196
143
311
2281
485
1737
1196
52
2633
1360
228
3202
112
1640
39
19
353
101
716
974
222
100
926
78
209
1394
12
509
2341
597
715
2537
758
289
969
617
600
1908
79
47
45
1074
58
707
705
3001
53
1589
3901
796
846
81
880
180
1962
1776
271
1192
187
82
63
640
50
2872
1199
2067
1866
1314
1745
1930
274
129
1962
1775
873
423
961
3194
2550
3748
2126
1204
2616
1750
1596
3087
2174
285
3846
2246
32
2117
134
161
4198
321
278
2402
1698
1303
909
589
2947
139
123
2130
752
1983
1967
996
3748
149
1472
105
38
877
458
432
806
63
1562
917
2125
1682
2105
1
1296
251
1638
164
124
663
111
113
239
2485
13
1152
67
911
154
479
4
1
2958
174
693
3805
404
2057
1324
2417
183
2618
3685
1472
2262
305
1569
2
3082
3137
2161
2426
1750
1025
1492
81
3
661
167
2015
987
999
10
1389
98
162
2559
298
737
8
373
3348
2454
2257
2740
1256
1528
2270
939
15
1521
955
640
82
198
2733
395
184
39
1794
511
1003
533
3324
771
69
443
1004
46
850
194
7
239
124
462
378
326
317
1074
60
1790
680
253
510
47
550
615
377
236
3
2456
243
796
51
2373
693
2523
51
265
477
1166
168
1728
2008
139
536
142
1356
6
1038
1548
144
710
412
2331
1044
854
723
258
1695
784
296
833
1279
2456
684
2661
113
675
126
1422
2018
133
33
140
1515
2098
1101
637
1
1063
2422
53
2828
26
795
3142
505
132
895
87
1830
1671
221
348
737
2887
3734
3147
1546
2550
3285
3192
887
146
824
9
992
2302
137
2248
522
1798
248
575
2693
3008
51
2293
3290
1839
548
546
140
1513
293
710
373
2930
3165
1473
1463
1064
63
53
146
1901
133
734
13
258
210
500
1748
2531
218
191
415
290
187
232
1560
135
1459
2085
871
107
57
869
1818
1760
1102
81
1365
403
6
111
420
630
1847
1079
1070
1466
2593
655
337
30
2673
832
204
252
5
70
691
239
5
707
259
462
799
1045
375
498
1205
1573
7
627
1469
942
2412
580
180
46
2533
32
1122
3234
1901
472
137
457
2966
886
1062
2965
2429
93
1861
233
158
804
308
493
442
271
64
1599
264
1999
1167
494
58
166
47
293
724
199
378
9
2913
280
2244
764
2354
2275
1836
521
1445
109
113
3630
173
945
791
170
1193
342
680
367
12
2088
1304
2366
154
216
64
38
2545
3196
3743
53
2058
12
11
3709
7
329
377
21
628
2280
1650
310
3470
1481
1146
9
46
1
1
4
1
1
1
1
1
9
5
2
1
4
3
6
6
1
5
21
1
2
1
1
1
8
1
2
9
1
1
1
1
1
1
22
1
1
1
1
3
3
2
10
1
1
34
1756
1
2
4
85
1
14
1
1
44
1
1
1
1
18
1
1
1
208
1
1
15
4
1
38
2
1
1
1
6
4
1
14
7
1
2893
1
411
1
1936
3
143
60
1
1
209
344
1
130
2
1
1
30
5
2
13
1
135
10
1
2
1
1
4
1
2
59
1
5
3
1
413
1
48
1
1
27
1
2
99
1
3
1
4
1
73
2
1878
4
55
4
1
1
2
524
4
1
16
3
9
1
10
1
1
10
1
22
349
2
1
1
13
141
1
1
1
2
3
1
7
1
1
5
1
1
1
1
2
1
2
17
1
475
7
40
1
1
6
2
1
18
2
231
1
1
1
1
4
1
3
105
1
1
4
9
5
2
16
4
3
114
18
1
2
1690
1
1
3548
5
1
1
2
2
2
6
1
36
1
3
1
5
1
7
15
5
5
1
2
2
2
5
3
2
1
1
1
1
1
1
1
1
1
1
1
84
1
3012
1
1
3
1
1
10
1
1
7
93
2
1
2
1
3
1
2
1
1
1
1
4
5
1
1
50
1998
1
9
1
1
2
1
1
23
1
1
28
1
1
1
1
1
1
2606
2
1
1
1
1
2
155
1
296
1
1
3
2
1
5
2137
1
1
1
1
5
1
1
1
1
4
3
37
1
67
1836
175
1
2
2
6
1
1
1
1
1
3
2
8
1
3
1
2
1
1651
1
1
4
1
1
19
5
2
1
1
10
3
2
1
1
1
1
1
6
4
1
2
6
54
1
50
1
1
59
1
1
1
1
67
3
657
5
1
1
1
6
2
1
1856
1
1360
28
1
1
1
1
1
3
1
1
78
3
2
1
6
55
1
2
1
1
5
107
241
1
303
1
1
1
2578
1
1
1
8
2
1
111
641
140
1
1
1
2
1
2
1
1
1797
1
2
2
1
1
2
5
2
35
1
916
3
1
4
25
1
5
19
2
3
1
1
1
35
771
1
1
2
1
1
1
1
4
2
1334
1
2
1
1
1
1
1
1
1
1
1
1
1
5
2
1
2
1
1
9
3
37
12
1
1
2
1
1
1
1
2
5
1
284
1
2
3
1
2
1
6
1
55
2
1
1
1
1
1
1
4
1
4
3
8
34
1
1
1
113
444
28
1
5
1
191
1
2
1
36
3
1
1
1
3
1
1
1
1
1
3
2
2
321
2
1
8
1
1
2
1
355
40
2791
1
2
1
3
3
205
1
2
1
4
3
4
4
57
54
6
3
1
1
7
1
5
1
4
1
1
2
1
1
1
1
1
1
1
2
2697
305
1
3
1
2
1
10
1
1
1
1
1
1
1
18
1
2
1
2
5
1
3
1
1
1
446
1
2
2081
3
83
2
1
1
1
1
1
1
8
12
2
1
1
10
1
1
1
2
505
7
1
2
20
3
2
1
1
1
1
1595
5
1
1
1
1
4
2663
957
1
1
3
1
1
22
1
373
2
1
1
1
2
1
3
2
1
2
1
88
1
2
47
2
18
3
13
1
1
177
3
1
1179
1
2
4
1
1
100
1
2
1
370
1
1
20
156
2165
76
1
1
1
1
11
4
1
5
2
2
1
4
3
2
1
1
6
2
1
1
10
37
1
2
3
1
1
1
2
3
1
2
1
34
41
143
1
1
1
2
3
24
1
1
9
3
1
1447
1
3
3
1
2
1
1
106
1
2
1
3
1
1
2
1
1
1
1
1
96
9
1790
13
2
1
21
1
4
1
1
1
1
1
1
1
1
2
1
909
1
2
1
24
3
1
4
598
44
1
1
6
12
1
2
1089
41
433
1
1
1
5
36
38
4
1
1
630
3
1
1
1
1
1
4
1
1
483
1
1
1
2
5
3
4
2
2
41
1
1
1
926
2
1
1144
1
1
2
297
34
1
1
2
533
4
3
1
3
4
3
1
2
1
7
1
72
1
3
7
12
1
4
1
1
1
1
4
26
5
1
1
2
8
396
139
2
3
3
1
1
1
1
397
148
10
1
900
1
23
1
1
2814
1
1
3
1
3
1
3
5
1
3
1
1
1
1
3
10
3
2
1
1
1
2
1
7
3
1
1
1
3
9
4
2
1
9
6
1
1
4
1
2
884
2
53
10
1
13
66
55
26
2
2
1269
1
2
1
1
1
2276
1
1
2
13
3
1
4
1
3
1
134
129
2
1
1
4
3
6
50
1
7
2
1
10
1
1
321
9
7
2541
1
1
1
1
1
5
1
1
2
36
1
1
1
13
8
1
1
1
8
2
1
4
2
1
12
5
93
1
2
1
58
5
1
1
2
2
2
1
1
1
1
1
8
5
3
1
1
1
4
2
2
1
1
8
2
1
1
12
1
19
7
1
4
1
3
3
2
13
1
2
1
1
3
1
1
34
30
1
2
1
1
1
4
1
1
2
1
3
5
41
1
126
1
1
2
11
5
1
6
1
2
2
1713
142
1
32
1
6
1
2701
1
966
1
2
2
1
21
1
2082
12
1
1
3
2
7
87
3
4
1
1
1
1
1
1
1
912
2
4
1
1
40
2
4
1
2
1
68
4
1
1
2632
1
22
12
9
2
1
3
9
252
2
2
1
2
4
10
2
71
1
3
4
45
1
4
192
1
1
1
2
3
8
1
3
1
34
1
1
1
1
8
1
2
1
1
1
1
1
130
1
3
1
1
1
63
1
1
1
12
1
3
1
1
165
1
23
1
1
1
2339
1
1
1
1
1
4
111
12
1
1
1
2
167
1
1
34
2
3
36
1
2
2
14
5
4
8
1
248
2
2
1
1
1
1
1
2
3
2
1
2
3
1
2
1
3
1
72
1
2
3
1
4
3
1
3158
1
1
1
8
1
44
4
274
1
1
1
1
1
3
10
1
5
28
1
1
58
1
2
2
2735
4
1
1
1
42
2
3
2
1
12
2
2
3
4
7
98
2
1
1
1
57
1
264
2857
1544
1
2
2
3
2
1
5
1
20
1
1
1
5
68
1206
2
2415
1
9
1
1
1
2
2
3589
1
1
1
22
2
3
1
527
1
5
1
1
14
1
120
1
1
2
21
2
1
1
1
1
429
1
1
17
336
6
10
3
3
3
1
3
1
1225
474
3
1
1
483
1
35
2
19
1
2
1
2
6
134
51
1
16
1
1
1
1
1
241
3
1
10
1
1
1
2
3
1
1
15
1
41
10
17
8
1
1
4
1
1
54
2
4
1
3341
1
4
26
1
252
9
1
1
2
1
1
1
158
1
187
1
1
2
2
1
435
1
1
6
3
1
1
1
2
5
2
1
1
2
2
2
9
247
1
2
1
1
1
2
1
2
8
4
1
11
29
168
4
1
1
1
1
1
1
12
1
1
51
25
1
153
2
1
4
1
1
924
358
1
1
1
10
1
1
23
1
1
3
7
1
3765
1
1
2
1232
16
691
6
81
1
1
41
1
9
1
7
2
1687
86
1
1650
1
1
15
333
3
1
560
1
2
219
1
1
1
1
8
1
2181
1
459
16
1
1
2
1
4
2
1
1
2
2
2
1
7
5
2
1
2
2
2
1
2
1
5
1
1
4
1
1
7
1
2
1
114
1
2
14
1
10
2
3
1
1
5
1
1
9
14
7
70
3
4
4
1
1
1
1
5
5
1
21
1
7
111
1
1
8
3
1
1
3124
14
128
1
2
1
1
2
1
1
6
1
1
1
2
1140
1
3
1
1
275
179
11
121
2
4
1
1
64
3
1
1
3
5
39
147
1
74
1
3585
1
1
1
1
270
3
7
5
1
6
63
1
95
1
2
611
1
27
2
29
8
1
2
1
14
1
4
3
1
10
1
1
2
1
3
12
1
12
1
1
36
1
5
1
84
1
3
1
30
13
86
1
2
1
153
5
1
9
3
2
1
3
6
3
3
1
1
54
1
1
2
7
5
2
90
11
1
1
7
1
2
18
1
6
3
1
1
20
2
1
1
1
3024
9
23
16
9
2
1
1
3
1
1
2
1
1
1
6
10
14
1
1
1
1
1
1
1
1
1
1
1
4
1
1
3
1
7
1
100
19
2
1
3
2
3
1
25
4
3
1
4
12
5
8
4
40
1
9
1759
1
11
1
6
3
1
161
3
1
1
2
1
1
2
3057
14
35
17
7
1
4
1
3
4
7
1
425
2
3
15
47
21
2
2
1
1
224
1
7
1
2
4
1
1
1
1
74
1
5
10
1
2
1
1
55
2
1
5
2
61
1
28
1
5
1
1
4
1
20
2
1
2
922
1
2292
440
6
4
1
94
14
3
1
2
9
1
1
1
11
1
8
103
15
1
3
1
6
2353
1
3
1
1
1
1
4
33
1
1
1
54
13
44
1
20
2
4
3
15
2
1
1221
164
726
9
3
4
1
72
58
1
203
1
2
211
44
1
1
4
112
3
195
1
6
2
5
1
8
29
123
1
1
2
9
2030
1
2
1
92
97
12
1
1
1
3
1
13
1
1
1
1
6
1
4
8
1
2083
5
3
27
2
27
10
4
8
1
1
4
5
1
95
2
1
1
3
27
3
2
4
1
1
2516
7
1
3
1
1
2
1
2
1
21
1
1
1
1
1
2
1
1
3
1
222
1
1
2
12
145
1
5
1
1713
1
3
3
1
1
1
167
2
2
1
1
1
5
71
2
2
1
1
2037
4
1
9
5
2
2
1
523
26
1
1512
2
3
1
1
1
1
38
1
55
7
1
98
3
9
2
10
1
1
13
1
1
1
1
1
9
1
1
1
1
1
81
275
1
1
3
1
3
34
4
3
2
1
2
1
1
1
8
1
1
1
70
2
71
2627
1116
1106
1
1
3
9
4
1
2
1
18
1
2
44
563
4
1
3
1
2
4
2
1
1
553
35
1
1
1
1
5
2
1
2
2
1
2
1
116
1
2
1
1
1
1
1
1
1
90
1
2
3
1
2
16
1
1
10
1968
1
1
18
1
4
1
3
1
1
1
1
3
1
1
1
2
1
6
2
1
1
15
1
1
1
3
1
1
1
5
1
2
6
6
4
3
2
1
1
1
1
1
1
9
4
1
1
1
1
2572
1
1
2
5
3
3
6
4
60
3
2
1
6
2
2
3
1
1
6
1
10
1
89
8
1
1
1
1
9
1
1
2
4
1
2
45
14
1
12
3
2
8
2
2
3
1
1
2
18
1
1
1
3
192
1
1
4
2
6
3
8
6
6
2
1
36
537
1
22
133
6
5
1
10
15
2
159
2
1
2
2
1
2
1
171
7
1
2
3
2
504
1
12
1
4
4
1
1
11
1
12
2
7
44
1
1
6
2
1
3
1
1
376
15
5
2
1
3
3
13
17
1
1
2
3318
1364
1
4
1
5
1
1
3
6
67
35
1
1
1
629
1
1
1
247
246
4
11
1
1
1
1
2
5
2
6
3
1
2
4
1
3
2
5
10
1
1
1
3
2
1
1
1
1
1
700
235
7
1
1
65
2042
4
3599
73
1
1
1
1
1
1
90
13
6
1
1
1
1
369
107
1
1
3
3
7
1
3
88
1
12
2
2
1
3
2
1
1
1
32
5
1
1
1
1
1
167
1
1
3134
1
3
71
41
1
1
2
1
1
9
1
1
1
2
1
1
11
1
15
20
1
1
1
1439
2
1
2
1
1
1
5
404
296
1
1
151
64
1
6
22
229
2
1
3
8
2
1
1
2
28
1
228
803
2
3466
1
560
4
4
19
138
1
3108
1
1
1
1
3
4
9
2
17
5
4
2
4
4
1
1
120
9
1
1
1
2
26
1
2
1
2
1
10
1
6
1
144
1282
6
1
1
3
1
1
1
4
2
1
1
1
4
1
8
1
1
4
4
1
265
2
1
1
1
6
2
551
4
1
1
1
2
1
1
1
2
1
184
10
2
13
1
1
2
2
1
1384
1
4
1
1
1
1
1
2
1
4
2
4
3
87
1
49
2
1
321
1
1
3
19
1
7
1
2
1
1
2
1
1
605
29
1
3
1
2
2
3
1
1
1
51
2064
1
1
1
2
116
1
2157
1
2
5
1199
3
2
21
1034
5
27
1
1
1
16
1
1
10
1
645
1
1
651
84
3504
3
3
1
1
1
1
28
3
10
2190
20
1
1
3
1
22
11
4
1
1
1
182
18
1
1
1
943
1
1
1
3
1
217
1
1
33
2
1
1
5
12
3458
10
1
156
1
1
1
1
2
1
1
12
1
1
1
8
1
3
1
19
2
3
1
1
1
1
21
2
6
7
14
9
3
1
1
2683
23
1
1
741
134
1
39
1
2
5
4
18
1
41
1
1
2
2945
1
5
1
11
1
1
3
1
1
1
1
1
1
1
1
2
1
2
12
19
1
1
2
1
32
1196
3
1
173
2
2
3
3
29
1
1
3
3
331
5
3
1
232
1
1
3342
3
1
2
3
16
2
166
26
1619
1
1
1
43
457
2
1
14
5
3
115
3
123
5
1
1
1
8
91
1
4
1
3
1
1
19
160
7
1
1
1
1
1
1
6
2
1
1
41
1
6
2
1449
2
2
193
2
1
1
185
34
2
3
1
1
1
12
792
1
1
141
8
1
15
82
1
1
4
1
16
2
2
2
1
1
2
1
1
1
1
2
2
9
4
156
10
368
30
303
1
158
1
138
1
1
4
9
2
1
3
1
1
1
3
1
1
157
9
2
1
1
5
2
1
4
66
1
2
1
3
1
132
1
1
1
2
2688
1
2342
3
1
1
510
8
56
4
5
7
2
1
9
5
1
2
2
2
1
7
375
2
42
4
1
13
1
1
1
2
1
1
2
3
316
6
3473
70
1
3
1
1
1
1
1
4
1
1
1
13
1
4
1
1
1
11
40
1
1
5
4
1
2
1
40
3
2
2
4
32
2
1
9
30
635
1
43
7
1
34
117
1
7
2
1
1
2
1
196
1
1
1
9
7
1
2
3
7
173
1
4
1
1
2
6
4
1
70
7
2
1
2
9
17
12
3
2
1
1
22
149
304
2
1
2
1
637
1
252
1
1
1
1
1
105
7
1
1
15
1
4
272
10
2
172
2
1
1
8
1
5
1
199
3
2
29
1
2
2
1
201
30
2
1
2
1
9
1
1
4
1
20
1
1
1
420
1
1
4
12
1
1
629
1
1
10
2
1
1
2
8
3
1
1
80
2
1
1771
1
1
1
2
1
6
1
1
39
5
1
1
219
148
3
1
3
1
4
1
1
1
1
1
1
1
1
1
1
17
2
1
7
1
1
7
4
1
1
6
1547
1
1
1
1
42
1
1
1
1
1
724
1
9
6
156
490
1
802
1
6
2
1
2
2
5
1
1
5
14
329
2
2
1
1
1
1562
4
1
2
30
1
1
2
3
1
1
2
173
2739
1
1
1
1
1
19
281
1
1
1
5
1
4
1
1
1
1
1
13
1
32
1
1
1
1
10
1
2
2
2
6
2
3
1
6
8
1
273
2
2323
3
28
1
1
14
8
2
1
3
3001
3
1
1
2
333
2
1
2
1
1
8
54
3358
1
5
63
1
943
1
31
2
3
2
1
2
2
1
2349
2
6
41
33
2
9
2
66
1
7
1
1
64
2536
1
2
4
3
2
2
1
1
1
2
1
1
5
1
2
1
1
1
1
1
1
12
1
40
5
87
10
2
3
5
1
42
1
1
1
1
1
6
1
2
18
3
5
8
16
14
1
3235
3
2
9
31
3
1
1
1
1
23
970
1
1
3
5
517
1
1
3
1
1
2
2
1
3
2
34
1
2
2972
34
2
2
1
1
3
2
20
3
67
1
1
1
4
1
1
1
1
1
1
1
1
548
1
1
1
1
124
6
1
6
4
216
1
5
1
22
30
1
3
1
1
1
1
1
7
3
522
1664
2
1
12
1
1
5
4
5
1
1
1
1
16
30
1
2
1
2
1
7
3
2
2
185
1
26
19
1
1
1
1554
59
1
1
1
1
1
1
1744
1
1
9
15
1
1
1
61
8
1
2
1
1
1
1
9
11
1
4
1
15
1
1
1
5
8
1
12
1
2
1
3
1
14
1
137
22
1
14
3
1
2
1
5
85
74
1
465
5
2
1
2
3
1
1
3
1
38
62
2
1
1
1
2
2
1
1
2760
2153
1
1
1
1
11
2
1
3
2
1
2
3
413
2
4
8
1
1
5
1
1
13
1
1
3
2
1138
12
1
1
1
1
1
1
2
8
2
204
1
10
1
59
1
1
5
1
1
4
1
1
2
2
2
4
3
10
1
1204
71
1
1
1
40
1
1
3
999
248
151
2
1
4
1
5
1
1
87
3
2
3
8
1
13
38
2728
1
2222
2
1
1438
2
1
1
2
1
25
17
2
1
3
4
1
1
256
4
2
1
1
1
3
1
1
1
1
1
32
11
111
2
1
4
1
9
126
3
1
1541
1200
1335
1
21
3
5
1
1
1
3
2
7
417
1
1
1
3
2
1
310
1
485
31
2
5
1
11
1
7
18
1
15
1
1
2160
1
1
39
2
1
1
1
1
269
1
1
2
2883
1
1
35
1
14
3
1
1
1
1
675
3
1
1
17
2
1
6
1
7
1
2
3
1
1
7
2
5
2
69
1
1
4
2
1
28
1
2
185
1
4
24
1
9
2
1
1
2
3
3
2
1
2
1
3174
2
1
3740
1
1
6
1
1
1
3493
2
1
4
3
1
1
2
34
3
1
2
46
66
1
1
1
1
1
1
8
1
1
4
6
4
4
1
1
1
2889
1
1
1276
1
1
2
13
3
1
1
23
2
15
6
1
1996
289
1
8
1
1
9
57
2
1
25
1
3
1
2
1
1
2662
8
9
1
3
1
40
2359
1
2
3
1
1
17
1
1
1
2
1
1
29
1
1
1
1
7
40
1
2
2
5
3
5
5
1
161
2
20
2
1
84
403
1
12
112
3
2
2
164
5
44
1
79
4
22
5
1
36
1
1
1
1
1814
283
1
5
12
29
1
1
1
1
84
6
19
2
32
8
5
35
18
1
1
40
2
2
43
1905
1
1
2
1
3
15
6
5
470
4
1
1
3585
1
1
5
2
2901
1
1
23
1
1
1
1
1
1
50
1
3
1
1
2
1
4
3
4
4
7
72
6
1
13
115
5
1
2
1
1
1
13
4
1
7
1
1
3
1
3
1
534
2
1
1
12
1
1
1
1
1
1
6
234
3
1
1
1518
1
1
1
4
644
4
1
1
46
1
1
1
1
12
3
75
1
1
8
1
1
3
1
1
1
1
1
2
280
2
1
1
6
1
2
1
36
1
1
1
1
1
1
2
167
1
3
3
22
1
4
1
2
3
7
1
6
1
1
42
69
1
2
231
1
1
2
1
1
4
1
7
2
1
536
782
2
57
28
1
4
1
1
4
8
2
1
2
1
34
1
16
5
1
3720
1
2
4
1
238
1
1
1
8
51
1
1
39
1
1
2
2
495
2
1
1
1
1
1
96
46
1
1
13
1
1
22
1
14
8
1
386
64
1
1
7
151
180
1
3
1
1
1
1
1318
22
1
2
1
6
1
78
21
1
3
1
2
1
1122
1
6
1
1
2
20
1
2
6
1
2
1212
1
1
1
1
1
1
1
2
1
1
3
4
1
1
1
1
2
19
3
1
2
2
2579
1
10
27
105
1
1
2
1
39
1
4
4
1
2
7
2462
1
1
2
3
1
29
46
4
1
1
14
2
2
10
6
2
306
108
1
6
1
21
3
1
1
1
21
1
2
1
13
9
11
120
313
2
7
2
1
1
5
2
1
1
27
1
1
45
1
19
3
1
1210
1
1
41
1
7
1
4
370
1
2
1
2
1
20
49
248
2
1
1
1
4
45
1
20
1
3
1
4
1
1
1
266
1
1
2
2
1
1
1
9
7
1
4
275
2
1
1
1
1
711
1
1
12
1
171
1
1
1
3
316
3
710
1
1
1
54
4
4
2
1
1
522
1
2
1
1
1
5
1
1
1
1
1
1
1
270
1
1
1
1
5
3
14
30
1
2
1
1
12
1
10
26
1
1
10
198
1
1
5
1
1
2
40
2
1
1
1
261
1
1
1
1
1
10
14
308
2
1
1
1
3
10
1
8
1721
1
40
6
1
1
2
1
1
1
1
1
1
1
1
1
1
332
2
3
1
19
1
1
96
1
2
3312
1
1
1
2736
2
1
1
4
3
1
1
2
1
1
1
1
1
3
1
1
1
1
1399
124
2
1
1
1
5
18
12
1
2
2
1
1
2
10
10
1
1
1
1
1
1
1
3
1648
1
2
6
3
1
1
1
1
1
1
10
3
1
1
1
2
7
3
1
2
1
1
3
1
1
8
1
1
1
1
6
21
1
126
1
12
26
1
35
7
1
1
1
1
1
2714
1
4
2
1
1
1
2
1
1
23
1
1
1
1
1
2520
3
1
1
6
12
56
137
2
6
1
3
1
7
1
2
3
1
1
1
1
7
1
1
5
1
1
1
1
222
1
109
1
13
1231
21
1
1
1
7
114
96
1
1
1
1
1
1483
5
9
3
1
2
4
1
3394
2
1
40
2
1
1
1
1
1
1
1
5
1
3
1
4
2
2
1
1
5
1
1
4
11
3
1
1
1
1
84
2
1
6
1
491
73
3188
1
7
1
2
5
1588
79
1
91
441
5
21
1
1
2
1
1
1
3
1
188
1
3
1
1
1
1
2
1
1
2
2
2
1
1
1
440
9
9
1
14
2
3
1
1
8
2
247
1
2
1
12
1
1
1
5
1
1
3
4
4
2
1
409
2
13
1
2
125
1
133
1
2
26
1137
2
1
9
2
1
1
1
1
2
2
1
3
1
1
1401
1
1
8
1
1
2
1
1
3
342
2
1
3
1
1
6
86
5
1
19
1
51
3
5
125
1
822
1
1
6
3
3
2
1
1
5
3
226
1
1
1
299
1
7
1
1
212
1
18
4
1
1
181
2
1
3
5
1
1
4
1
7
1
13
1
11
5
1
1
1
1
14
1
1161
128
1
1467
1732
3
1
1
14
1
5
10
61
1
1
1
2
1
1246
1
1
3
4
6
1
1
1
2
1
1
3
1
4
1
4
2697
81
100
1
3
1
2
1
3
47
2
3
1
5
57
1
1
18
1
1
1
1
1
5
1
1
5
1
1
1
1
2
1
1
9
2
2
5
1
11
2
305
1
1
1
2
194
1
1
8
1
1
1
1457
1
1
1
1
7
1
17
1
1228
1
1
17
1
2
8
1
1
2
1
1
1
3
1
1
2
1
1
5
5
870
1
1
1
1
1
4
1
3
129
1
3
1
1
1
15
9
5
3
1
2142
1
1328
1
1
1
55
1
1
3
2
1
4
2
1
1
2
2
52
9
1
1
1
1128
1
31
9
6
1
1
1
4
1
5
4
16
3
1
1
7
373
1
1
1037
3
86
1
3
27
1
5
1
1
1
3
1
3
23
21
1
1
1
2
1
1
1
1
1
12
2
1
5
1
1
1
1
2
3
8
2
1
13
1
2
35
42
10
1
2
1
1
2
1
21
2
49
37
1
2
1
1
1
2
1
19
212
8
1
2
116
2
7
21
1
1
2187
1
2
2
1
13
1
3
104
1
681
83
1
2
1
1
2
1
1
2
4
2
1
2
2
2
2
1
1
1
1
8
1
9
111
1
7
1
1
5
8
2
5
97
156
1
1462
1
5
7
1
1
82
18
1
43
15
1
1
1
27
1
1
1
9
1
1
13
7
4
112
3
1
3
314
1
1
1
92
1
1
64
2
1
1
7
1
1
2
1
1
1
1
595
216
1
1
1
1
1
1
1
38
4
1
1
3
3
4
1
1
6
2280
1
1
2
1
1
3
239
1
3
1
2
405
473
4
2
4
3
1
23
1
1
1
2
141
1
1
8
64
2
160
9
13
1
73
1
4
1
1
2
1
1
5
2
1
5
3
174
1
1
8
1
1
1
1
1
1
3
6
4
13
3
1
1
2
1
1
1657
1
1
1
1
1504
1
1
3
1
10
1
1
1
2
1
1
1
1
1
488
5
1
3
3
3
1
1
287
4
1
9
1
3
1
2
2
1
4
1
2
1
18
1
9
196
55
1
2
12
2
1
1
5
1
2
1
846
1
1
2
4
3
3
1
1
1
172
26
2
2
2
206
4
1
2
1
1709
1
10
1
1
3
1
69
9
1
1
1
5
3
1
2004
1
20
86
1
1
1
1
1
2
1
6
3
1
1
1
1
17
1
1
1
2
1
12
48
1
40
34
367
23
2
34
1
1
1
2
2
3018
1
2
78
2
2700
1
3
1
1
1
30
17
2
2
1
5
1
2
1
6
1142
2
3
1
1
2
3
989
8
1
21
2
1
72
4
5
59
1637
1
1
4
2
1
1
1415
1
1
1
4
2565
2
1
1
4
1
2
2
174
1
1
2
1059
2
2
21
8
1
7
12
2
1
1
59
405
1
4
910
2
2
1
1
90
528
2
15
1
1
1
1
9
1
1
1
1
1
2
2
1
1
27
1590
1
1
1
1
1
1
2
1
2
5
370
1
1
134
2476
1
1
1
1
2
17
14
1
1
40
6
20
3
11
1
1
9
1
5
233
215
3
3
1
1
2
4
1
465
5
1
10
11
1
1
1
1
1
5
33
2
1
2
28
26
1
1
8
1
10
4
1
1
1
1
4
1
1
1
2
6
2
2
1
1
188
1639
2
1
6
4
1
1
1
2
57
1
1
1
1
4
1
1
1
6
9
2
10
1586
257
2
1
1
50
1
1
5
1
1
10
11
2
1
3
2
2
1
3
1
2
99
1
125
1
1
6
3229
2
1
1
4
357
1
50
1265
1
1014
283
912
1
1
1
1
1
1
3
2
6
1
1
2
1
139
5
8
1
6
3
3744
9
16
1
2
1
1
4
1
1
7
1
7
49
1
1
1
4
1
13
24
428
1257
1
8
1
3
1
136
1
1
232
1
5
1
36
1
1
3
29
1
5
1
1
3
1
1
1
1
8
7
6
1
1
2
1
7
1
44
2
1
2
1
1490
6
1
1
2
1
3330
35
8
1
8
30
99
1
12
1
1
1
1
2
2
1917
927
513
1
8
1
1
7
1
410
33
1
1
1
1
1
409
1
1
1
1
30
1
6
2
7
1
24
1
1
1
2102
2
83
1
77
1
4
1
1
1
8
1
21
2
1
138
2
1
3
1
1
1
20
510
3
1
8
1
1
1
1
1
1
1
2806
1
1
1
16
2
1
1
5
3
1
1
2
1
1
2
3
1
1
6
6
555
12
236
2
1
2
2
101
250
1
1
10
8
3
1
1
16
1
6
1
49
1
1
1
8
106
1
23
115
7
1
1
10
46
3
1
1
310
29
2
2
1
1
1
9
1
1
1
27
6
1
2
7
1
3
1
1
14
1
1
5
2
1
1
3
993
1
15
1
1
585
1
1
1
1
24
41
1
7
1
1
1
2
2
2
2
1
1
1
3
1
2
1
3
3451
25
1
1015
2
61
1
2
3
3409
1
1
47
2
1
45
1
1
155
2
1
1
2
96
1
1
1
1
1
1
14
1
1
1
1
6
1
1
1
2
1
1
6
22
1129
15
2
1
1
1
1
1
2
1
1
1926
1
1
1
1
2
2
217
1
4
2
1
6
3
1
1
2
1
1
1
3
8
2
78
2
1
1
1661
16
9
2
30
1
1
3
2
1
1
805
200
12
2
3
1
1
1
5
166
35
1
1
2
1
3
110
1
1
1
1
10
1
1
225
5
116
3
1
12
1
1
149
2
30
399
1
1
77
42
1
6
1
1
8
1
622
1
1
9
4
1
1
3
4
5
1
7
1
1
1
2
3
2
1
4
261
55
1
1
1
1
3
3
1
131
1613
9
1
1
8
2
1
12
2
1
1
2
2
337
92
1
1
1
2
1
1
4
63
110
2
1
1
1
1
458
1
1
1
221
1
21
1
1
29
4
167
224
1
1
1
3
1
1
194
1
18
1403
1
1
1
240
2698
1
1
1
3
1
3
1
2
1
2
1
1
123
10
1
2859
4
1
1
10
1
3
75
1562
183
1
1
6
6
138
2
266
3026
139
5
6
7
2
1
1
7
2
3
5
1
1
1
128
1
2
1
430
38
2
1
1
1
1
5
1
2
2
2
3
3
49
390
1
1
1
1
1
1
1
1
5
1
92
3
1
3
37
4
12
1
3
6
2
1
1
1
137
1
1
1
1
1
1
1
1
4
1
1054
1
1
1
1
1
9
4
4
7
2
1
4
1
2
4
2
2
1
1377
6
3
1
1
1
1
1
3
1
1
11
2
1
14
2
1
1
12
344
1
1
1
6
1
1
2
2
156
1
4
1
1
475
11
15
2
107
2
3200
2
1
3
3
5
31
2
14
1
1
2
1
1
2
1
5
1
6
2
1
2
2
1
2
5
3
1248
3
10
1
77
1
1
1
1
2
1
151
1
3
2
1371
1
3429
2
1
1
1
1
1
2
1372
2125
1
72
1
1
27
1
1
1
7
1
1
3
6
50
5
432
3
6
1
320
4
1
4
3
2
2
77
1
5
1
1
3
3
1
1
1
1
4
17
6
1
3
1
1280
2
115
1
1
3
20
2
1
1
1
1
1
3
1
2
2
531
51
1
1
5
4
3
1
299
1
32
12
1
1
2
4
1
1
1
10
1
1
2
2343
1
25
1
1
2
3
2
4
1
2
1
1
2
18
2
1081
4
1
5
12
2
1
1
46
1
1
31
169
3
4
10
8
1
166
34
3
103
1
3
2
1
148
1
1
1
1
2
1
109
6
2
1
1
36
3
13
10
1
6
1
1
1
25
1
82
1
1
3
2
7
7
1
25
4
4
1
1
1
177
86
3
11
1
3
1
1
6
1
2
1
5
1
22
2
1
1
1
1
1
2
1
1
18
27
1
1
4
4
1
231
2
69
154
2
6
2200
1
3
1
1807
2
1
12
1
181
2
1
2
5
66
1
12
1
3
1
1
12
1
185
1
1
1
4
3
1
1
545
5
3695
1
1
2
1
1
2
1
1
1
2
1
1
1
1
1
3
1
1
1
2298
8
1
2
1
1
6
1
6
5
1
1
1
1
7
41
2107
2
1
1
1
2
3
10
1550
1
1
6
1
1
1
2
1877
2
1
1
1
2
1
1
129
1
1
1
1
15
1
10
1
1
1
1
2
1
1
1
592
2
1
1
2
190
2
5
1
1
51
1
1
1
1
4
7
4
3
1
11
2
8
11
4
5
9
1
3
6
1
1
300
117
1
1
1
1
229
1
2
775
5
166
1
4
482
1
3
3
3
1
16
3
14
2
1851
34
22
1
3
1
1
1
1
1
1
1
2
2
1
4
10
1
1
2
468
1
9
1
1
51
1
5
1
1
17
3
3
22
28
1
1
1
3
1
1
1
4
2
2
2
1
209
1
9
6
1
4
11
2
6
4
1
3
4
3
172
3497
4
2
3
18
1
1
1
1
4
1572
16
3
6
23
1
3
1
17
10
2
1
529
2
1
1
1
1
1
2
1
1
1
1
1
20
1
1
69
1
1
1
32
1
1
84
29
21
1
22
2
11
47
1
1
22
1
665
1
1
1
1
1
1
19
2
178
9
52
2
1
2
1
280
7
5
13
2
7
7
3
1
160
8
2
2
2
1
1
1
14
345
1
2
3
2
1
1
21
1
2227
1
2
8
1
1
1
3583
3
2
1
1502
3
1
2
1
1
6
2
11
589
7
3
1
14
1
1
1
1
1
2118
1
1
5
2
6
1
11
1
13
561
77
1
1
13
1
10
1762
7
13
1
2156
4
1
1
1
2
1
1
1
187
1
2
1
390
1
1
2
2
1
91
5
3
1
1
5
2
4
3
3
2
14
30
1
16
1
183
38
1
8
2
1
90
3
588
9
1
1
1219
1
1
2
1
1
1
74
1
1
1
1
1
2
2
2508
2
1
164
2
1
6
853
3
1
1
514
4
259
10
2
1
1
2
1
1429
1
2
1
1
1
1
1
2
1
2
1
15
480
76
1
3668
1
1
37
2
1
1
5
24
1
1
1
1
10
1
27
2
1
1
1
3
9
1
1
12
2777
1
2
6
2
17
1
3
1
1
7
2
7
4
3292
4
1
1
5
5
1
6
2
1
1
2
5
3
1
7
2
21
111
2
1
5
1
48
7
1
1
1
1
1
1
1
2166
2
2
206
1
1
10
1
2
16
144
1
2
4
296
1
2
1
2
1
4
1
1
1
1
2
1368
4
1750
1
3
1
1
1
1
1
1
2
2
2
1
1
8
1
1
1628
1
3
2560
1
1
1
1
3
1
1
930
2
1
1
2
1
7
2
1
1
2
1
1
1
1
4
1
2
2
1
1
1
92
1
1
12
51
45
2
1
1
1
1
372
117
1
1
7
1
6
12
1
28
1
935
1
7
1
80
4
1
18
1
2707
1
2
1
6
98
1
1
1
1
2
410
1
1
5
210
1
3
1
1
3
5
1
2
50
3
3
5
3
1
5
1
2
1
1
1
1
1
1
1
1
1
63
136
3
1
21
1
1
1
1612
7
8
1
1
31
53
2
1
1
5
155
604
48
2
5
390
1
1
1
1
1
2
15
1
648
544
5
4
1
1
17
4
1
10
2
1
1
1
1
1
1
1
1
60
3
2
351
1
3
1
2
1
436
36
1
10
4
1
1
1
3325
5
1
1
1
1
2
1
2
1
1
1
862
1
1
11
1
3
2396
1
1
1
5
31
2
1
1
3
7
2502
1
4
139
1
3
1
24
2
1
11
5
424
1
1
1
1
4
106
1
1
1
1
1
1
50
16
252
4
1
3
3
1
8
1
377
1
237
1
53
1
1
1
2400
1
2
265
4
12
2
4
22
1
1
1
1
9
2
1
1
1
4
5
10
16
329
1
3
9
1
1
4
6
1
1
1
40
4
7
1
1
9
3
44
7
1
1
1
2
4
462
1
2
8
1
2
1
1
1
1
11
246
1
1
3
4
40
1
1
8
81
12
1
1
6
1
1
1
1
860
208
1099
450
2
1
194
6
34
1
13
1464
39
1
1
1
2
10
1
2
1
1
1
1
4
138
1
3
1
1
1
308
118
1
1
1
2606
2
3
1
6
1
7
56
6
1
4
1
1
1
3
6
3
1
1
3
1
113
2
7
2
1
3
2
4
1
1
1
1
24
1
1
3
2
1
1
2
56
1
1
2
7
1
6
53
2027
1
4
2
3
1
2
1
1
3
2
1
3
1
12
1
1
2
1
455
58
42
3
1
2
8
4
5
5
2
1
1
1
213
129
9
1
4
2258
2121
1
1
1
1
1
2
1
1
1
4
4
1
4
16
16
5
1
5
90
1334
2
1
10
7
3
1
6
2007
109
1
7
1
2
1
1
1
1
1
3
1420
1
10
1
3
4
1
1
1
5
5
2
131
1
1
6
7
1
1
272
11
325
1
1
2
1
5
1
1
18
6
2
1
1
1
62
597
1
2
1
1
1
2
3200
3
1
1
1
1
1
12
2
1
21
3
1
1
9
2
2
7
1
125
1
279
4
117
1
1
1
5
2
528
4
8
1
1
1
1
3
2
1
5
1
1
3
4
2
1
1
21
1
1
2
1
1
1
1
1
1
2
3
223
53
2
3
1
2
1
851
81
8
1
1
1
7
1
2968
2
20
3
3
2
200
1
2
2893
403
2730
1
67
2
1
2
1
8
3
1
1
1
168
26
4
1
2
1
1
1
123
1
3
4
2
1
25
6
1
2
1
1
1
3
2
1
24
4
1
26
1
3
2
42
1
6
1
3
5
1
3
3
3
1
1
1
10
1
3
2
1
3501
1
2
1
1
10
1
2
1
1
1
1
2
1
1
4
9
1
596
1
9
5
1
1
2
20
137
85
13
48
1
1
1
1
1
62
1
2
4
2
6
1
1
10
1513
1
1
1
1
48
1
5
7
1
1
14
1
1
2
1
24
1
1
14
12
1
7
1
1
9
1
1
4
1
1
4
1
368
1
2392
1
1
1
2
1
4
3
2
1810
4
23
395
464
10
4
1
1
7
1
270
1
3
1
2977
19
1
335
1
70
2
2
6
10
1
45
7
485
4
1
93
1
1
2
50
2
1109
1
3
1
1
8
65
1
54
7
1
2
10
5
19
351
1
2
144
2
9
132
1
1
1
1
1
2
1
3
3
1
2
1
1
34
495
1
1
20
2
1
3228
5
1
1
2
5
1
1
2
3
1
1
3
1
4
157
1
1
1
1
3
1
42
26
4
1
1
28
1
14
53
1973
499
1
1
755
1
1
2
1
1
1030
1
1
3
2
1
3443
123
1
2
1
16
2115
2
23
1
1
112
1
1
2
1
2
6
311
1
5
1
127
1
1146
1
1999
13
1040
2
1
8
1
3
1
3
1
11
1
1
174
2300
1
2
1
73
3
2
1
10
2
25
92
1
2
6
1
16
4
1
2
1
119
1
2
1
1
1
2
4
2
1
1
1
2
2
1
18
1
146
1
2
12
2
1
1
1
3583
1
1
1
2
44
1
17
1
1
3
1
2
702
3
2
4
2
2959
2
2
1741
14
1
2
1
1
1
4
1
1
1
1
1
334
104
2
2
6
3
1135
1
12
2
43
27
40
1
3
5
1
3
1
1
3
1
4
1
1
5
1
2
1
67
1
2
13
1
9
12
1
3
154
1
29
3
2
10
1
1
1
1
1
1
2777
5
1
3
35
390
2
3
3
1
9
672
1
352
1
1
1
5
1
1
1
1
1
2
2
1
208
1
22
75
1
1
13
1
1
205
1
1
1
1
1
2
25
9
6
32
2
26
7
418
1
1
6
1
5
5
54
599
1
1
1
1
1
1
2
28
1
2
5
74
2
5
1
373
1
5
23
1
2
1
3
2
14
23
1
177
6
2
1
1
21
4
2
1
1
1
1
1
1
1
11
177
17
1
2
1
1
3
46
6
1
3
1
392
2
1
1
12
1
2
4
10
2
1
5
1
1
5
1
1
1
8
1
2
31
1
353
1
2
3
2
1
1
1
599
1
13
1
1
1
5
12
12
1
34
13
2
1
1
4
49
3
4
1
1
2
1
1
2
1
3
1
10
6
4
2
1
1
7
1
1
3
296
1
1
2
2
2
29
4
1
140
1
3
2
1
1
75
5
1
1
1
1
1
10
3
1
1
1
1
2
1
1
1
3
2
1
1
1770
1
1
1
9
516
19
37
1
5
1
1
1
6
1
1
17
9
30
1
1
1
11
7
603
1
1
176
1
1
7
1
1
12
2
1
1
1
16
7
2
32
518
63
2
1
6
3
24
1
13
157
2
1
2
1
1
1
1
1
41
103
1
2
1
1
1
1
2
2
1
3
915
1
8
1
1
5
44
1
1
2
8
6
1
1
17
1
1
1
4
1
211
1
18
1
1712
3
1
1
10
1
9
1
6
1
51
1
1
14
1
11
12
1196
1
5
1
8
1
1
1
1
3
2
4
1
1
2
1
1
1
1
53
1
15
55
6
211
1
167
149
267
2
27
1
1
174
1
3
1
1
1
414
14
4
1
1
1
1
1
13
1
1
2
10
1
2
465
1
5
1
9
1
1
1
9
377
5
3655
2
22
198
10
8
1
1
2
4
2
2
1
95
1
6
1
3
1
1
1
3172
8
43
1
1
1
1
5
1
1
1
1
4
21
8
7
1
11
364
12
2
43
2
12
1
1
1
1
7
3
11
27
16
2
32
21
4
1
1
1
1
5
1
4
179
1
2
1
1
3542
15
1
1
24
9
1
1
2979
1
2
646
11
1
2
31
1
34
3050
1
3
79
2
14
30
89
1
1
152
2
1
1
1
1
1
1
1
2
1
2
1
8
1
7
1
15
1
5
1
1
24
4
1
5
2
654
1
1
2
2042
1
2
1
1
6
1
1
5
1
1
1
5
1
5
40
14
1
1
1
1
1
2
84
1
2
1
24
5
1
2
5
3
1
2
3
11
1
1
1
1
1
2
2
3
12
1
1
2
1
1
2
1
1
2
1
1
1
865
1
8
49
1
3
857
6
20
1
1
1
1
1
67
5
369
1
10
1
1
4
5
1
1
10
1
38
1
1
3
1
181
1
3
1
1
1
4
2260
2
1
1
2
1
6
1
5
4
1
6
11
4
1
5
1
1
4
37
4
10
1
1
2
1
1
3
462
1
1
1
5
4
1
1
2
5
1
5
1
21
872
25
1
4
1
1
5
1
7
9
1
3
1
54
1201
3
1
2
7
2
2
1
1
7
1
1
283
11
4
1
1
1
10
1151
5
1
1
1
1
242
1
1
3
22
2
2
93
1
6
10
3
1
1
2
43
1
2
2
7
60
1
8
98
3
1
5
87
2
1
616
9
4
1
1
1
3
1
1284
4
1
4
121
1
1
5
8
1
3
1
5
2
2
1
1
1
1
1
9
28
425
1
145
3
1
4
1
14
23
25
8
1
1
1
19
12
2
2
6
3
1
1
1
76
1
44
39
1
1
20
1
1
4
1
1
2
2
25
1
113
3
1
1
3
4
2
2
2370
1
5
1
2
2
1
1
6
4
1
1
3
2
1
1
1
2
2878
1
33
1
1
8
1
1
1
1
18
1
3
34
8
6
4
31
1
2
1
1
1
112
1
1
1
1
25
294
1
1
1
50
1
1
1
111
15
1
1
1
1
1
5
2
3
1
1
2
1
12
2
2
2208
1
22
1
9
1
6
2
1024
86
481
6
2
3
1
1
1
1
4
1
1
1
1
1
1
3
123
1
1
2
1
1
5
18
1
2
1
7
18
37
1
52
1
1
1
1
1
2
1
37
1
1
1
3
1
1
2
3
1
3
14
1
5
1
1
1289
1
2
11
1
1
1
7
3
1
2
1
2
77
2
1
1
1
2
10
1
1
19
47
2
1
3
1
1
1
2
1
2
51
5
1
47
1
8
12
2155
1
3
2
3
1
5
1
286
12
1
1
1
1
1
1
1
13
118
1
100
1
1
4
1
4
5
5
1
32
1
283
3
1
1
1
1
1
6
41
2
10
1
13
1
5
2
17
1
1
1
2
1
1
1
2
2
1
22
12
207
108
1
1
1
2
2
10
1
61
1
74
66
1
2
1
4
3
1
1
1
1
2
3
1
1
4
1
1
1
1
2
1
51
23
2
1
5
1
6
153
1
3
2
11
2
20
33
3
19
3
2
1
1
237
2
1
53
1
2874
1
1
145
1
6
1
2
1
1
2
6
1
1
123
27
1
1
18
1
3
7
1
18
1
1
1
1
1
4
2
48
10
7
1
4
1
3
1
8
1
4
1
1
2
1
1
1
1
2
112
2
7
3
1
1
731
1
13
2
223
27
15
1833
2
2
4
4
14
1
1
8
1
1
2
3
2
1
338
1
1
3
2
19
1
1
41
1
10
1
1
3
178
13
1
174
11
1
1
9
5
2
1
1
418
2
32
1
3
3
2
1
5
4
6
5
2
1
1
1
1
3
4
1
37
2
2
1
7
1
1
11
37
1
1
172
1
1845
220
4
1
1
1991
1
1
1
2
1
8
12
165
2
1
1
1
3
1
2
12
564
1
5
1
1
8
1
26
1
7
2
1
1
1
3
1
3
1
13
31
1
129
790
1
1
3
1
7
1
1
1
2
3
96
1
2
1
2336
3
1
1
1
1
9
2
1
2
1
1
5
1
2
2
10
1
1
4
21
1
1
2
1
68
1
3
1
1
2
1
14
6
1
1
9
6
1
1
1
1
28
1
2673
12
5
1
1
1
2
9
12
608
1
11
3
1
1
1
1
1
1
5
1
1
1
51
2
1
1
1
84
1
2
1
2
1
8
7
2
96
9
1
1
12
35
2
7
6
2
1
1
12
36
111
88
1
1
2
18
1
2
3
1
651
7
2
3
2
1
1
1
36
20
1
290
1
118
1
1
140
4
1
1
693
1
1
1
1030
3
3
1
1
2
2
1
9
29
3
1
1
1
104
2
1
2
16
1
1
3
1
1
2
95
1
1
1
5
6
1
758
28
1
2
1
15
2
1
4
1
6
1
1
1
4
1
1
1
1
292
1
1
1
1
1
1
1
3
2
1
10
1
3
1
1
2
325
1
105
1
11
1
1
2
1
2
19
1
1
1
4
3
3
56
1
126
5
1
7
1
1
2
45
10
248
3
2
2
1
2
2
1
1
1
1
1
3
12
3
37
1
2
2
3
2
1
2
2
3432
2
1
1
1
1
1
1
1
1
10
1
10
6
412
17
1
2
4
1
3
6
75
1
1
1
1
2
2
3
73
1
5
1
1
5
10
1
3
7
1
4
6
2
8
63
1
1
1
3
2984
2
12
1
4
1
317
148
5
1
1
50
4
1
1
1
1
1
9
3
3
1
220
23
2536
1061
44
12
1
3
1
4
2
1
218
2
1
1
1
1
1
2131
4
96
1
9
55
1
1
1
1
4
3
2
1
1
5
11
1
2
1
3641
266
2
1
1
3
2484
1
24
11
1
4
325
667
2
1
1
4
1
2
1
3
1
1
1
2
7
1
2
1
9
10
1
1
1
8
3
338
3
1
2
4
5
1
4
1
1
1
1
4
1
14
1
2
1
3
1
1
1154
1
1
1
1
5
3
7
1
2
1
1
1
1
1
1
6
1
2
49
2
4
80
1
3
3
2
1
1
2
1
5
1
19
10
7
1
1
5
1
7
1
9
1
14
1
2
20
2
4
1
42
3
177
1
3
599
1
2
4
1
3
108
1
5
1
79
1
1
2
1
1
2
2
1
22
14
1
1
914
1
2506
51
15
4
94
1
13
19
1
2
2
1
1
2
1
1
4
1
1
1
1
1
1
1
1
3
1
1
1
1
55
1
21
2
350
209
1
1
1
13
170
46
6
184
3
16
1
3
1
2
13
2
1
1
4
1
2
1
3
1
1
1
1106
7
3
1
4
2
1
1
50
1
2
1
1
2
1
2
1
3
1
16
4
1
1
3
1
1
1
2
1
1
1
3
1
1
1
1
1
2
3
1
34
2
1
1
1091
2
1
61
2
7
4
1
22
2677
1
1
1
1
6
1
1
1
1
2
13
1
2
1
1
1
11
2
238
5
3
1
1
1
1
1
2
5
1
1
18
1
1
2
4
2
1
15
10
33
1
1
1
2
1
10
1
1
1
9
1
1
145
1
6
15
199
1
1
36
1
17
1
2
4
1
1
1
37
1
1
3
8
1
24
1
1
94
3
7
8
1
1
1
7
1
1
1
2
3
20
1
1
1
3
1
1
1
1
1
2
1
67
1
2
4
2
7
8
13
1
3
3
3110
1
1
36
5
1205
1
2
1
1
1
1
10
30
3
1
1
1
843
7
36
1
1
1
1
5
434
12
2
1
7
13
1
1
71
1
2
2
1
3
2
1
1
2
1
11
1
1
2
1
1
3
1
2
2
2
1
11
1
1
3
3
1
1
1
1
1
57
3
2
2
1
1
163
1
1
1
477
2
1
627
2
4
2
2
1
1
9
8
1
1
1
18
1
30
1
1
3
17
1
13
43
2
3
1
1
12
1
7
1
2
929
1
7
1
1
8
1
1
1
6
2
4
5
78
1
1
3
1
7
11
1
1
4
6
3
2
1
1
1
2
1
3
123
1
23
1
16
4
6
63
1
7
1
1
1
3
1
1
169
3
1
1
9
10
3
1
2
1
2
1
1
1
1
7
1
3
1
1
1
2
1
2
1
3
1
1
3
1
107
1
8
1
2
1
1
7
3
1
1
12
3
1242
3054
1
1
6
1
1
1
2
1
7
1
12
2
1
1
4
1
2
1
2
1
1
1
1
1
1
30
1
2
6
1
1
3
3250
1
6
1
1
1
10
1
1
2
1
20
1
1
6
2
1
2
4
2
319
1
1
1
1
1
1
3
1
6
39
1
2
1
1
579
2
13
2
6
1
4
4
238
1
1
1
1
1
50
4
1
1
1
1
15
8
1
1
1
5
3
9
13
258
3
1100
1
12
5
11
39
219
1
1
1
3
1
7
1
36
3
24
1
2
1
1
1
1
2
7
3
114
1
1
18
1
1
3
1
1
37
1
2
2
1
9
30
13
39
22
1
23
10
1
1
182
1
1
53
1
1
1
2
7
1
4
1
79
1
1
2
7
2
1
1
8
17
1
2
10
1
1
1
1
1
1
3
2
8
2
31
1
1
53
1000
2
57
1
1
1
1
2
4
1078
29
4
1
2
889
1
1
4
1
1
10
148
1
1
18
1
3
1
529
1
14
1
6
4
1
1
1
1
3
1
1
1
42
32
3
2
1
4
1
2
26
1
1
1
1
1
6
1
6
1
1
1
1
2
3
2
10
1
30
1
1
2
4
1
1
1
2
1
4
1
20
9
1
2
5
2
3101
1
21
1
7
3380
1
1
5
15
1
1
3
1
1
3771
10
5
1
3
2
13
1
27
1
5
1
25
2
5
1
2
1
2
28
22
4
1
2
1
2
1
5
1
1
8
2
88
9
1
2
2458
9
10
1
9
1
1
1
1
1
1
255
127
2799
1
9
1
8
1
10
1
1
1
1
21
6
80
1
1
1
1
1
1
2
1
12
3
1
1
1
1
1
1
67
1
12
342
1
2
1
2
1
1
77
8
1
1
5
2
1
1
1
3
7
1
10
1
3
1
2
2
1
1
1
3
1
1
1
54
1
11
1
9
23
3
1
1
11
112
1
81
2
1
2
3
3
2
1
2
10
1
23
14
11
12
8
338
1
1
4
5
88
2
1
4
15
1
1
1
14
260
2
1546
3
1
1
3
1
2
1
3
1
1
1
1
4
1
6
1
2
119
1
1
3
1373
1
1
2
1
4
1
338
3
11
1
1
1
2238
1
7
2
5
3505
4
42
3
8
1
1
1
95
1
1
2
1
1
1
1
2392
1
1
1
271
2
1
3
9
2
64
182
1
2
1
173
160
6
215
1
1
1
4
3588
1
14
1
8
1
55
1
1
3
1
196
2
1
1
1
2
72
1
228
3
2611
1
1
1
9
8
96
1
2
11
1
1
1
1
1
1
20
1
5
41
11
36
3
48
1
1
16
33
1
1
6
1
439
1
393
15
10
13
1
30
1
151
1
1
401
605
4
1099
45
4
1
1
1
12
2
1798
2
1
1
17
1
2
2
98
1
1
3
1
1
1
1
1
69
2
3
2
1
1
1
2
1
24
3
1
1
47
2
2690
1
52
1
3
1
3
