1
1
4
1
1
1
1
1
9
5
2
1
4
3
6
6
1
5
21
1
2
1
1
1
8
1
2
9
1
1
1
1
1
1
22
1
1
1
1
3
3
2
10
1
1
34
1
2
4
85
1
14
1
1
44
1
1
1
1
18
1
1
1
1
1
15
4
1
2
1
1
1
6
4
1
14
7
1
1
1
3
60
1
1
1
130
2
1
1
30
5
2
13
1
135
10
1
2
1
1
4
1
2
59
1
5
3
1
413
1
48
1
1
27
1
2
99
1
3
1
4
1
2
4
55
4
1
1
2
524
4
1
16
3
9
1
10
1
1
10
1
22
2
1
1
13
141
1
1
1
2
3
1
7
1
1
5
1
1
1
1
2
1
2
1
7
40
1
1
6
2
1
18
2
1
1
1
1
4
1
3
105
1
1
4
9
5
2
16
4
3
114
18
1
2
1690
1
1
5
1
1
2
2
2
6
1
36
1
3
1
5
1
7
15
5
5
1
2
2
2
5
3
2
1
1
1
1
1
1
1
1
1
1
1
84
1
1
1
3
1
1
10
1
1
7
93
2
1
2
1
3
1
2
1
1
1
1
4
5
1
1
50
1
9
1
1
2
1
1
23
1
1
28
1
1
1
1
1
1
2606
2
1
1
1
1
2
155
1
296
1
1
3
2
1
5
1
1
1
1
5
1
1
1
1
4
3
37
1
67
175
1
2
2
6
1
1
1
1
1
3
2
8
1
3
1
2
1
1651
1
1
4
1
1
19
5
2
1
1
10
3
2
1
1
1
1
1
6
1
2
6
54
1
50
1
1
59
1
1
1
1
67
3
657
5
1
1
1
6
2
1
1856
1
1
1
1
1
1
3
1
1
3
2
1
6
55
1
2
1
1
5
107
241
1
303
1
1
1
1
1
1
8
2
1
111
140
1
1
1
2
1
2
1
1
1797
1
2
2
1
1
2
5
2
35
1
916
3
1
4
25
1
5
19
2
3
1
1
1
35
1
1
2
1
1
1
1
4
2
1334
1
2
1
1
1
1
1
1
1
1
1
1
1
5
2
1
2
1
1
9
3
37
12
1
1
2
1
1
1
1
2
5
1
284
1
2
3
1
2
1
6
1
55
2
1
1
1
1
1
1
4
1
4
3
8
34
1
1
1
113
28
1
5
1
1
2
1
36
3
1
1
1
3
1
1
1
1
1
3
2
2
321
2
1
8
1
1
2
1
355
40
2791
1
2
1
3
3
205
1
2
1
4
3
4
4
57
54
6
3
1
1
7
1
5
1
4
1
1
2
1
1
1
1
1
1
1
2
2697
305
1
3
1
2
1
10
1
1
1
1
1
1
1
18
1
2
1
2
5
1
3
1
1
1
446
1
2
2081
3
83
2
1
1
1
1
1
1
8
12
2
1
1
10
1
1
1
2
7
1
2
3
2
1
1
1
1
5
1
1
1
1
4
1
1
3
1
1
22
1
373
2
1
1
1
2
1
3
2
1
2
1
88
1
2
2
18
3
13
1
1
3
1
1179
1
2
4
1
1
100
1
2
1
1
1
20
156
2165
1
1
1
1
11
4
1
5
2
2
1
4
3
2
1
1
6
2
1
1
10
37
1
2
3
1
1
1
2
3
1
2
1
34
1
1
1
2
3
1
1
9
3
1
1
3
3
1
2
1
1
106
1
2
1
3
1
1
2
1
1
1
1
1
96
9
13
2
1
21
1
4
1
1
1
1
1
1
1
1
2
1
1
2
1
24
3
1
4
598
44
1
1
6
12
1
2
1089
41
1
1
1
5
36
4
1
1
630
3
1
1
1
1
1
4
1
1
483
1
1
1
2
5
3
4
2
2
41
1
1
1
2
1
1
1
2
297
34
1
1
2
533
4
3
1
3
4
3
1
2
1
7
1
72
1
3
7
12
1
4
1
1
1
1
4
26
5
1
1
2
8
396
139
2
3
3
1
1
1
1
148
10
1
1
23
1
1
1
1
3
1
3
1
3
5
1
3
1
1
1
1
3
10
3
2
1
1
1
2
1
7
3
1
1
1
3
9
4
2
1
6
1
1
4
1
2
2
10
1
13
55
2
2
1269
1
2
1
1
1
1
1
2
13
3
1
4
1
3
1
129
2
1
1
4
3
6
50
1
7
2
1
10
1
1
9
7
2541
1
1
1
1
1
5
1
1
2
36
1
1
1
13
8
1
1
1
8
2
1
4
2
1
12
5
93
1
2
1
58
5
1
1
2
2
2
1
1
1
1
1
8
5
3
1
1
1
4
2
2
1
1
8
2
1
1
12
1
19
7
1
4
1
3
3
2
13
1
2
1
1
3
1
1
34
30
1
2
1
1
1
4
1
1
2
1
3
5
41
1
126
1
1
2
11
5
1
6
1
2
2
142
1
32
1
6
1
1
966
1
2
2
1
21
1
12
1
1
3
2
7
87
3
4
1
1
1
1
1
1
1
2
4
1
1
40
2
4
1
2
1
68
4
1
1
1
22
12
9
2
1
3
9
2
2
1
2
4
10
2
71
1
3
4
45
1
4
192
1
1
1
2
3
8
1
3
1
34
1
1
1
1
8
1
2
1
1
1
1
1
130
1
3
1
1
1
1
1
1
12
1
3
1
1
165
1
23
1
1
1
1
1
1
1
1
4
12
1
1
1
2
167
1
1
34
2
3
36
1
2
2
14
5
4
1
248
2
2
1
1
1
1
1
2
3
2
1
2
3
1
2
1
3
1
72
1
2
3
1
4
3
1
1
1
1
8
1
274
1
1
1
1
1
3
1
5
28
1
1
1
2
2
4
1
1
1
42
2
3
2
1
12
2
2
3
4
7
98
2
1
1
1
57
1
1544
1
2
2
3
2
1
5
1
20
1
1
1
5
68
1206
2
2415
1
9
1
1
1
2
2
1
1
1
22
2
1
1
5
1
1
14
1
1
1
2
21
2
1
1
1
1
1
1
17
6
10
3
3
3
1
3
1
3
1
1
483
1
2
19
1
2
1
2
6
134
51
1
16
1
1
1
1
1
3
1
10
1
1
1
2
3
1
1
15
1
41
10
17
8
1
1
4
1
1
54
2
4
1
4
26
1
9
1
1
2
1
1
1
158
1
1
1
2
2
1
1
1
6
3
1
1
1
2
5
2
1
1
2
2
2
9
247
1
2
1
1
1
2
1
2
8
4
1
11
29
168
4
1
1
1
1
1
1
12
1
1
51
25
1
153
2
1
4
1
1
924
1
1
1
10
1
1
23
1
1
3
7
1
1
1
2
1232
16
6
81
1
1
41
1
9
1
7
2
86
1
1
1
15
3
1
560
1
2
219
1
1
1
1
8
1
1
459
16
1
1
2
1
4
2
1
1
2
2
1
7
5
2
1
2
2
2
1
2
1
5
1
1
4
1
1
7
1
2
1
114
1
2
14
1
10
2
3
1
1
5
1
1
14
7
70
3
4
4
1
1
1
1
5
5
1
21
1
7
111
1
1
8
3
1
1
14
128
1
2
1
1
2
1
1
6
1
1
1
2
1
3
1
1
275
11
121
2
4
1
1
64
3
1
1
3
5
39
1
74
1
1
1
1
1
270
3
7
5
1
6
63
1
95
1
2
611
1
27
2
29
8
1
2
1
14
1
4
3
1
10
1
1
2
1
3
12
1
12
1
1
36
1
5
1
1
3
1
30
13
86
1
2
1
153
5
1
9
3
2
1
3
6
3
3
1
1
1
1
2
7
5
2
90
11
1
1
7
1
2
18
1
6
3
1
1
20
2
1
1
1
23
16
9
2
1
1
3
1
1
2
1
1
1
6
14
1
1
1
1
1
1
1
1
1
1
1
4
1
1
3
1
7
1
100
19
2
1
3
2
3
1
25
4
3
1
4
12
8
4
40
1
9
1
11
1
6
3
1
161
3
1
1
2
1
1
2
14
35
17
1
4
1
3
4
7
1
2
15
47
21
2
2
1
1
1
7
1
2
4
1
1
1
1
74
1
5
10
1
2
1
1
55
2
1
5
2
61
1
28
1
5
1
1
4
1
20
2
1
2
1
440
6
4
1
94
14
3
1
2
9
1
1
1
11
1
8
103
1
3
1
6
1
3
1
1
1
1
4
1
1
1
54
13
44
1
20
2
4
3
15
2
1
1221
164
726
9
3
4
1
72
58
1
1
2
211
44
1
1
4
3
1
6
2
5
1
8
29
123
1
1
2
9
1
2
1
92
97
12
1
1
1
3
1
1
1
1
1
6
1
4
8
1
5
3
27
2
10
4
8
1
1
4
5
1
95
2
1
1
3
27
3
2
4
1
1
7
1
3
1
1
2
1
2
1
21
1
1
1
1
1
2
1
1
3
1
1
1
2
12
1
5
1
1
3
3
1
1
1
2
2
1
1
1
5
2
2
1
1
4
1
9
5
2
2
1
26
1
2
3
1
1
1
1
38
1
55
7
1
98
3
9
2
10
1
1
13
1
1
1
1
1
9
1
1
1
1
1
81
275
1
1
3
1
3
34
4
3
2
1
2
1
1
1
1
1
1
70
2
71
1
1
9
1
2
1
1
2
563
4
1
3
1
2
4
2
1
1
35
1
1
1
1
5
2
1
2
2
1
2
1
116
1
2
1
1
1
1
1
1
1
90
1
2
3
1
2
16
1
1
10
1
1
18
1
4
1
3
1
1
1
1
3
1
1
1
2
1
6
2
1
1
15
1
1
1
3
1
1
1
5
1
2
6
6
4
3
2
1
1
1
1
1
1
9
4
1
1
1
1
1
1
2
5
3
3
6
4
60
3
2
1
6
2
2
3
1
1
6
1
10
1
89
8
1
1
1
1
9
1
1
2
4
1
2
45
14
1
12
3
2
2
2
3
1
1
2
18
1
1
1
3
1
1
4
2
6
3
8
6
6
2
1
36
537
1
22
133
6
5
1
10
15
2
159
2
1
2
2
1
2
1
171
7
1
2
3
2
504
1
12
1
4
4
1
1
11
1
12
2
7
44
1
1
6
2
1
3
1
1
15
5
2
1
3
3
13
17
1
1
2
1
4
1
5
1
1
3
6
67
1
1
1
1
1
1
246
11
1
1
1
1
2
5
2
6
3
1
2
4
1
3
2
5
10
1
1
1
3
2
1
1
1
1
1
235
7
1
1
4
1
1
1
1
1
1
90
6
1
1
1
1
1
1
3
3
7
1
3
1
12
2
2
1
3
2
1
1
1
5
1
1
1
1
1
167
1
1
1
3
71
41
1
1
2
1
1
9
1
1
1
2
1
1
11
1
15
20
1
1
1
2
1
2
1
1
1
5
404
1
1
64
1
6
22
229
2
1
3
8
2
1
1
2
28
1
228
803
2
3466
1
4
4
19
138
1
1
1
1
1
3
4
9
2
17
5
4
2
4
4
1
1
9
1
1
1
2
26
1
2
1
2
1
10
1
6
1
144
6
1
1
1
1
1
4
2
1
1
1
4
1
8
1
1
4
4
1
265
2
1
1
1
6
2
551
4
1
1
1
2
1
1
1
2
1
10
2
13
1
1
2
2
1
1384
1
4
1
1
1
1
1
2
1
4
2
4
3
87
1
49
2
1
1
1
3
19
1
7
1
2
1
1
2
1
1
605
29
1
3
1
2
2
3
1
1
1
51
1
1
1
2
116
1
1
2
5
3
2
21
1034
5
27
1
1
1
16
1
1
10
1
1
1
84
3
3
1
1
1
1
28
3
10
1
1
3
1
22
11
4
1
1
1
182
18
1
1
1
943
1
1
1
3
1
217
1
1
33
2
1
1
5
12
10
1
156
1
1
1
1
2
1
1
12
1
1
1
8
1
3
1
19
2
3
1
1
1
1
21
2
6
7
14
9
3
1
1
23
1
1
134
1
39
1
2
5
4
18
1
41
1
1
2
1
5
1
11
1
1
3
1
1
1
1
1
1
1
1
2
1
2
12
19
1
1
2
1
32
1196
3
1
173
2
2
3
3
29
1
1
3
3
331
5
3
1
232
1
1
3
1
2
3
16
2
166
26
1619
1
1
1
43
457
2
1
14
5
3
115
3
5
1
1
1
8
91
1
4
1
3
1
1
19
7
1
1
1
1
1
1
6
2
1
1
1
6
2
2
2
2
1
1
185
34
2
3
1
1
1
12
792
1
1
141
8
1
15
82
1
1
4
1
16
2
2
2
1
1
1
1
1
1
2
2
9
4
10
30
303
1
158
1
138
1
1
4
9
2
1
3
1
1
1
3
1
1
9
2
1
1
5
2
1
4
66
1
2
1
3
1
1
1
1
2
1
2342
3
1
1
510
8
56
4
5
7
2
1
9
5
1
2
2
2
1
7
375
2
42
4
1
13
1
1
1
2
1
1
2
3
6
70
1
3
1
1
1
1
1
4
1
1
1
13
1
4
1
1
1
11
40
1
1
5
4
1
2
1
40
3
2
2
4
32
2
1
9
30
1
43
7
1
34
117
1
7
2
1
1
2
1
1
1
1
9
7
1
2
3
7
1
4
1
1
2
6
4
1
70
7
2
1
2
9
17
12
3
2
1
1
22
2
1
2
1
1
252
1
1
1
1
1
105
7
1
1
15
1
4
272
10
2
2
1
1
8
1
5
1
199
3
2
29
1
2
2
1
201
30
2
1
2
1
9
1
1
4
1
20
1
1
1
420
1
1
4
12
1
1
629
1
1
10
2
1
1
2
8
3
1
1
80
2
1
1
1
1
2
1
6
1
1
39
5
1
1
219
1
3
1
1
1
1
1
1
1
1
1
1
1
17
2
1
7
1
1
7
4
1
1
6
1
1
1
1
42
1
1
1
1
1
1
9
6
156
490
1
1
6
2
1
2
2
5
1
1
5
14
329
2
2
1
1
1
4
1
2
30
1
1
2
3
1
1
2
173
1
1
1
1
1
19
1
1
1
5
1
4
1
1
1
1
1
13
1
32
1
1
1
1
10
1
2
2
2
6
2
3
1
6
8
1
2
3
28
1
1
14
8
2
1
3
3
1
1
2
333
2
1
2
1
1
8
54
1
5
63
1
943
1
31
2
3
2
1
2
2
1
2
6
41
33
2
9
2
1
7
1
1
64
1
2
4
3
2
2
1
1
1
2
1
1
5
1
2
1
1
1
1
1
1
12
1
40
5
87
10
2
3
5
1
42
1
1
1
1
1
6
1
2
5
8
16
14
1
3
2
9
31
3
1
1
1
1
23
1
1
3
5
1
1
3
1
1
2
2
1
3
2
34
1
2
2
2
1
1
3
2
20
3
67
1
1
1
4
1
1
1
1
1
1
1
1
548
1
1
1
1
6
1
6
4
216
1
5
1
22
30
1
3
1
1
1
1
1
3
2
1
12
1
1
5
4
5
1
1
1
1
16
30
1
2
1
2
1
7
3
2
2
185
1
26
19
1
1
1
59
1
1
1
1
1
1
1
1
9
15
1
1
1
8
1
2
1
1
1
1
9
11
1
4
1
15
1
1
1
5
8
1
12
1
2
1
3
1
14
1
22
1
14
3
1
2
1
5
85
74
1
5
2
1
2
3
1
1
3
1
38
62
2
1
1
1
2
2
1
1
1
1
1
1
11
2
1
3
2
1
2
3
413
2
4
8
1
1
5
1
1
13
1
1
3
2
1138
12
1
1
1
1
1
1
2
8
2
204
1
10
1
1
1
5
1
1
4
1
1
2
2
2
4
3
10
1
71
1
1
1
40
1
1
3
248
151
2
1
4
1
5
1
1
87
3
2
3
8
1
13
38
1
2
1
2
1
1
2
1
25
17
2
1
3
4
1
1
256
4
2
1
1
1
3
1
1
1
1
1
11
2
1
4
1
9
3
1
1
21
3
5
1
1
1
3
2
7
417
1
1
1
3
2
1
310
1
31
2
5
1
11
1
7
18
1
15
1
1
1
1
39
2
1
1
1
1
1
1
2
1
1
35
1
14
3
1
1
1
1
675
3
1
1
17
2
1
6
1
7
1
2
3
1
1
7
2
5
2
69
1
1
4
2
1
28
1
2
1
4
24
1
9
2
1
1
2
3
3
2
1
2
1
2
1
1
1
6
1
1
1
2
1
4
3
1
1
2
34
3
1
2
46
66
1
1
1
1
1
1
8
1
1
4
6
4
4
1
1
1
1
1
1
1
2
13
3
1
1
23
2
15
6
1
289
1
8
1
1
9
57
2
1
25
1
3
1
2
1
1
8
9
1
3
1
40
2359
1
2
3
1
1
17
1
1
1
2
1
1
29
1
1
1
1
7
40
1
2
2
5
3
5
5
1
2
20
2
1
84
1
12
3
2
2
5
44
1
4
22
5
1
36
1
1
1
1
1814
1
5
12
29
1
1
1
1
84
6
19
2
32
8
5
35
18
1
1
2
2
43
1
1
2
1
3
15
6
5
470
4
1
1
1
1
5
2
1
1
23
1
1
1
1
1
1
50
1
3
1
1
2
1
4
3
4
4
7
6
1
13
115
5
1
2
1
1
1
13
4
1
7
1
1
3
1
3
1
2
1
1
12
1
1
1
1
1
1
6
3
1
1
1
1
1
4
644
4
1
1
46
1
1
1
1
12
3
75
1
1
8
1
1
3
1
1
1
1
1
2
2
1
1
6
1
2
1
36
1
1
1
1
1
1
2
167
1
3
3
1
4
1
2
3
7
1
6
1
1
42
69
1
2
231
1
1
2
1
1
4
1
7
2
1
782
2
57
28
1
4
1
1
4
8
2
1
2
1
1
16
5
1
3720
1
2
4
1
238
1
1
1
8
51
1
1
39
1
1
2
2
495
2
1
1
1
1
1
46
1
1
13
1
1
22
1
14
8
1
64
1
1
7
151
180
1
3
1
1
1
1
1318
22
1
2
1
6
1
78
21
1
3
1
2
1
1
6
1
1
2
20
1
2
6
1
2
1212
1
1
1
1
1
1
2
1
1
3
4
1
1
1
1
2
19
3
1
2
2
1
10
27
105
1
1
2
1
39
1
4
4
1
2
7
1
1
2
3
1
29
46
4
1
1
14
2
2
10
6
2
108
1
6
1
21
3
1
1
1
21
1
2
1
13
9
11
120
2
7
2
1
1
5
2
1
1
1
1
1
19
3
1
1210
1
1
41
1
7
1
4
370
1
2
1
2
1
20
49
248
2
1
1
1
4
45
1
20
1
3
1
4
1
1
1
1
1
2
2
1
1
1
9
7
1
4
2
1
1
1
1
1
1
12
1
171
1
1
1
3
3
1
1
1
54
4
4
2
1
1
1
2
1
1
1
5
1
1
1
1
1
1
1
270
1
1
1
1
5
3
14
30
1
2
1
1
12
1
10
26
1
1
10
198
1
1
5
1
1
2
2
1
1
1
261
1
1
1
1
1
10
14
308
2
1
1
1
3
10
1
8
1
40
6
1
1
2
1
1
1
1
1
1
1
1
1
1
2
3
1
19
1
1
96
1
2
1
1
1
2
1
1
4
3
1
1
2
1
1
1
1
1
3
1
1
1
1
2
1
1
1
5
18
12
1
2
2
1
1
2
10
10
1
1
1
1
1
1
1
3
1648
1
2
6
3
1
1
1
1
1
1
10
3
1
1
1
2
7
3
1
2
1
1
3
1
1
8
1
1
1
1
6
21
1
1
12
26
1
35
7
1
1
1
1
1
1
4
2
1
1
1
2
1
1
23
1
1
1
1
1
3
1
1
6
12
56
137
6
1
3
1
7
1
2
3
1
1
1
1
7
1
1
5
1
1
1
1
1
109
1
13
1231
21
1
1
1
7
114
96
1
1
1
1
1
5
9
3
1
2
4
1
2
1
2
1
1
1
1
1
1
1
5
1
3
1
4
2
2
1
1
5
1
1
4
11
3
1
1
1
1
2
1
6
1
1
7
1
2
5
1588
79
1
441
5
21
1
1
2
1
1
1
3
1
1
3
1
1
1
1
2
1
1
2
2
2
1
1
1
9
9
1
14
2
3
1
1
8
2
247
1
2
1
12
1
1
1
5
1
1
3
4
4
2
1
2
13
1
2
1
1
2
26
2
1
9
2
1
1
1
1
2
2
1
3
1
1
1
1
8
1
1
2
1
1
3
342
2
1
3
1
1
6
86
5
1
19
1
51
3
5
1
1
1
6
3
3
2
1
1
5
3
226
1
1
1
1
7
1
1
212
1
4
1
1
181
2
1
3
5
1
1
4
1
7
1
13
1
11
5
1
1
1
1
14
1
1161
128
1
1467
3
1
1
14
1
5
61
1
1
1
2
1
1
1
3
4
6
1
1
1
2
1
1
3
1
4
1
4
81
100
1
3
1
2
1
3
47
2
3
1
5
57
1
1
18
1
1
1
1
1
5
1
1
5
1
1
1
1
2
1
1
9
2
2
5
1
11
2
305
1
1
1
2
194
1
1
8
1
1
1
1
1
1
1
7
1
17
1
1228
1
1
17
1
2
1
1
2
1
1
1
3
1
1
2
1
1
5
5
1
1
1
1
1
4
1
3
129
1
3
1
1
1
15
9
5
3
1
1
1
1
1
1
1
3
2
1
4
2
1
1
2
2
52
9
1
1
1
1
31
9
6
1
1
1
4
1
5
4
16
3
1
1
7
1
1
1037
3
1
27
1
1
1
1
3
1
3
23
21
1
1
1
2
1
1
1
1
1
12
2
1
5
1
1
1
1
2
3
8
2
1
13
1
35
10
1
1
1
2
1
21
2
49
37
1
2
1
1
1
2
1
19
8
1
2
116
2
7
21
1
1
1
2
2
1
13
1
3
104
1
681
1
2
1
1
2
1
1
2
4
2
1
2
2
2
2
1
1
1
1
8
1
9
111
1
7
1
1
5
8
2
5
156
1
1462
1
7
1
1
18
1
43
15
1
1
1
27
1
1
1
9
1
1
13
7
4
112
3
1
3
1
1
1
1
1
64
2
1
1
7
1
1
2
1
1
1
1
216
1
1
1
1
1
1
1
38
4
1
1
3
3
4
1
1
6
2280
1
1
2
1
1
3
239
1
3
1
2
405
473
4
2
4
3
1
23
1
1
1
2
141
1
1
8
64
2
160
9
13
1
73
1
4
1
1
2
1
1
5
2
1
5
3
1
1
8
1
1
1
1
1
1
3
6
4
13
3
1
1
2
1
1
1
1
1
1
1
1
3
1
10
1
1
1
2
1
1
1
1
1
5
1
3
3
3
1
1
287
4
1
9
1
3
1
2
2
1
4
1
2
1
18
1
9
196
55
1
2
12
2
1
1
1
2
1
846
1
1
2
4
3
3
1
1
1
172
26
2
2
2
206
4
1
2
1
1
10
1
1
3
1
69
9
1
1
1
5
3
1
1
20
86
1
1
1
1
1
2
1
6
3
1
1
1
17
1
1
1
2
1
12
48
1
40
2
34
1
1
1
2
2
1
2
2
1
3
1
1
1
30
17
2
2
1
5
1
2
1
6
2
3
1
1
2
3
989
8
1
21
2
1
72
4
59
1
1
4
2
1
1
1415
1
1
1
4
2
1
1
4
1
2
2
174
1
1
2
2
2
21
8
1
7
12
2
1
1
59
405
1
4
2
2
1
1
2
15
1
1
1
1
9
1
1
1
1
1
2
2
1
1
27
1590
1
1
1
1
1
1
2
1
2
5
370
1
1
134
1
1
1
1
2
17
14
1
1
40
6
3
11
1
1
9
1
5
233
215
3
3
1
1
2
4
1
5
1
10
11
1
1
1
1
1
5
33
2
1
2
28
26
1
1
8
1
10
4
1
1
1
1
4
1
1
1
2
6
2
2
1
1
188
2
1
6
4
1
1
1
2
57
1
1
1
1
4
1
1
1
6
9
2
10
2
1
1
50
1
1
5
1
1
10
11
2
1
3
2
1
3
1
2
99
1
125
1
1
6
2
1
1
4
357
1
50
1
283
912
1
1
1
1
1
3
2
6
1
1
2
1
139
5
8
1
6
3
9
16
1
2
1
1
4
1
1
7
1
7
49
1
1
1
4
1
13
24
1257
1
8
1
3
1
136
1
1
232
1
5
1
36
1
1
3
29
1
5
1
1
3
1
1
1
1
8
7
6
1
1
2
1
7
1
2
1
2
1
6
1
1
2
1
35
8
1
8
30
99
1
12
1
1
1
1
2
2
927
1
8
1
1
7
1
33
1
1
1
1
1
409
1
1
1
1
30
1
6
2
7
1
1
1
1
2
1
77
1
4
1
1
1
8
1
21
1
138
2
1
3
1
1
1
20
3
1
8
1
1
1
1
1
1
1
1
1
1
16
2
1
1
5
3
1
1
2
1
1
2
3
1
1
6
6
555
12
2
1
2
2
250
1
1
10
8
3
1
1
16
1
6
1
49
1
1
1
8
1
23
115
7
1
1
10
46
3
1
1
310
2
2
1
1
1
9
1
1
1
27
6
1
2
7
1
3
1
1
14
1
1
5
2
1
1
3
1
15
1
1
585
1
1
1
1
24
41
1
7
1
1
1
2
2
2
2
1
1
1
3
1
2
1
3
25
1
2
61
1
2
3
1
1
47
2
1
45
1
1
155
2
1
1
2
96
1
1
1
1
1
1
14
1
1
1
1
6
1
1
1
2
1
1
6
22
1129
15
2
1
1
1
1
1
2
1
1
1
1
1
1
2
2
1
4
2
1
6
3
1
1
2
1
1
1
3
8
2
78
2
1
1
1661
16
9
2
30
1
1
3
2
1
1
805
200
12
2
3
1
1
1
5
166
35
1
1
2
1
3
1
1
1
1
10
1
1
225
5
116
3
1
12
1
1
2
30
399
1
1
77
42
1
6
1
1
8
1
1
1
9
4
1
1
3
4
5
1
7
1
1
1
2
3
2
1
4
261
55
1
1
1
1
3
3
1
131
9
1
1
8
2
1
12
2
1
1
2
2
337
92
1
1
1
2
1
1
4
63
110
2
1
1
1
1
1
1
1
1
21
1
1
29
4
167
224
1
1
1
3
1
1
194
1
1
1
1
240
1
1
1
3
1
3
1
2
1
2
1
1
123
10
1
4
1
1
10
1
3
75
183
1
1
6
6
2
266
139
5
6
7
2
1
1
7
2
3
5
1
1
1
128
1
2
1
430
2
1
1
1
1
5
1
2
2
2
3
3
49
390
1
1
1
1
1
1
1
1
5
1
3
1
3
37
4
12
1
3
6
2
1
1
1
1
1
1
1
1
1
1
1
4
1
1
1
1
1
1
9
4
4
7
2
1
4
1
2
4
2
2
1
6
3
1
1
1
1
1
3
1
1
11
2
1
14
2
1
1
344
1
1
1
6
1
1
2
2
156
1
4
1
1
11
15
2
107
2
2
1
3
3
5
31
2
14
1
1
2
1
1
2
1
5
1
2
1
2
2
1
2
5
3
3
10
1
1
1
1
1
2
1
151
1
3
2
1371
1
2
1
1
1
1
1
2
1
72
1
1
27
1
1
1
7
1
1
3
6
50
5
3
6
1
4
1
4
3
2
2
77
1
5
1
1
3
3
1
1
1
1
4
17
6
1
3
1
2
115
1
1
3
20
2
1
1
1
1
1
3
1
2
2
531
51
1
1
5
4
3
1
299
1
32
12
1
1
2
4
1
1
1
10
1
1
2
1
25
1
1
2
3
2
4
1
2
1
1
2
18
2
1081
4
1
5
12
2
1
1
1
1
169
3
4
10
8
1
166
34
3
103
1
3
2
1
1
1
1
1
2
1
109
6
2
1
1
36
3
13
10
1
6
1
1
1
25
1
1
1
3
2
7
7
1
25
4
4
1
1
1
177
3
11
1
3
1
1
6
1
2
1
5
1
22
2
1
1
1
1
1
2
1
1
18
27
1
1
4
4
1
231
2
154
2
6
1
3
1
2
1
12
1
2
1
2
5
66
1
12
1
3
1
1
12
1
1
1
1
4
3
1
1
545
5
3695
1
1
2
1
1
2
1
1
1
2
1
1
1
1
1
3
1
1
1
2298
8
1
2
1
1
6
1
6
5
1
1
1
1
7
41
2
1
1
1
2
3
10
1
1
6
1
1
1
2
2
1
1
1
2
1
1
1
1
1
1
15
1
10
1
1
1
1
2
1
1
1
592
2
1
1
2
190
2
5
1
1
1
1
1
1
4
7
4
3
1
11
2
8
11
4
5
9
1
3
6
1
1
300
117
1
1
1
1
229
1
2
5
166
1
4
482
1
3
3
3
1
16
3
2
34
22
1
1
1
1
1
1
1
1
2
2
1
4
10
1
1
2
1
9
1
1
51
1
5
1
1
17
3
3
22
28
1
1
1
3
1
1
1
4
2
2
2
1
1
9
6
1
4
11
2
6
4
1
3
4
3
172
4
2
3
18
1
1
1
1
4
16
3
6
23
1
3
1
17
10
2
1
2
1
1
1
1
1
2
1
1
1
1
1
20
1
1
69
1
1
1
32
1
1
84
29
21
1
22
2
11
47
1
1
22
1
1
1
1
1
1
1
19
2
9
52
2
1
2
1
280
7
5
13
2
7
7
3
1
160
8
2
2
2
1
1
1
14
1
2
3
2
1
1
1
1
2
8
1
1
1
3
2
1
3
1
2
1
1
6
2
11
7
3
1
1
1
1
1
1
1
1
5
2
6
1
11
1
13
561
77
1
1
1
10
1762
7
13
1
4
1
1
1
2
1
1
1
187
1
2
1
1
1
2
2
1
91
5
3
1
1
5
2
4
3
3
2
14
30
1
16
1
183
38
1
8
2
1
90
3
9
1
1
1
1
2
1
1
1
74
1
1
1
1
1
2
2
2
1
164
2
1
6
853
3
1
1
4
259
10
2
1
1
2
1
1429
1
2
1
1
1
1
1
2
1
2
1
15
76
1
1
1
37
2
1
1
5
24
1
1
1
1
10
1
27
2
1
1
1
3
9
1
1
12
1
2
6
2
17
1
3
1
1
7
2
7
4
4
1
1
5
5
1
6
2
1
1
2
5
3
1
7
2
111
2
1
5
1
7
1
1
1
1
1
1
1
2
2
206
1
1
10
1
2
16
144
1
2
4
1
2
1
2
1
4
1
1
1
1
2
4
1
3
1
1
1
1
1
1
2
2
2
1
1
8
1
1
1
3
1
1
1
1
3
1
1
2
1
1
2
1
7
2
1
1
2
1
1
1
1
4
1
2
2
1
1
1
92
1
1
12
51
45
2
1
1
1
1
117
1
1
7
1
6
12
1
28
1
1
7
1
80
4
1
18
1
1
2
1
6
1
1
1
1
2
1
1
5
1
3
1
1
3
5
1
2
50
3
3
5
3
1
5
1
2
1
1
1
1
1
1
1
1
1
3
1
21
1
1
1
7
8
1
1
31
53
2
1
1
5
155
48
2
5
1
1
1
1
1
2
15
1
5
4
1
1
17
4
1
10
2
1
1
1
1
1
1
1
1
3
2
351
1
3
1
2
1
436
36
1
10
4
1
1
1
5
1
1
1
1
2
1
2
1
1
1
862
1
1
11
1
3
1
1
1
5
31
2
1
1
3
7
1
4
1
3
1
24
2
1
11
5
1
1
1
1
4
1
1
1
1
1
1
50
16
4
1
3
3
1
8
1
1
1
53
1
1
1
1
2
265
4
12
2
4
22
1
1
1
1
9
2
1
1
1
4
5
10
16
329
1
3
9
1
1
4
6
1
1
1
40
4
7
1
1
9
3
44
7
1
1
1
2
4
1
2
8
1
2
1
1
1
1
11
246
1
1
3
1
1
8
81
12
1
1
6
1
1
1
1
208
1099
2
1
6
34
1
13
1464
39
1
1
1
2
10
1
2
1
1
1
1
4
138
1
3
1
1
1
118
1
1
1
2
3
1
6
1
7
56
6
1
4
1
1
1
3
6
3
1
1
3
1
113
2
7
2
1
3
2
4
1
1
1
1
24
1
1
3
2
1
1
2
56
1
1
2
7
1
6
53
1
4
2
3
1
2
1
1
3
2
1
3
1
12
1
1
2
1
58
42
3
1
2
8
4
5
5
2
1
1
1
213
129
9
1
4
1
1
1
1
1
2
1
1
1
4
4
1
4
16
16
1
5
90
2
1
10
7
3
1
6
109
1
7
1
2
1
1
1
1
1
3
1
10
1
3
4
1
1
1
5
5
2
131
1
1
6
7
1
1
11
325
1
1
2
1
5
1
1
6
2
1
1
1
62
1
2
1
1
1
2
3
1
1
1
1
1
12
2
1
21
3
1
1
9
2
2
7
1
125
1
4
1
1
1
5
2
528
4
8
1
1
1
1
3
2
1
5
1
1
3
4
2
1
1
21
1
1
2
1
1
1
1
1
1
2
3
223
53
2
3
1
2
1
1
1
1
7
1
2
20
3
3
2
200
1
2
1
67
2
1
2
1
8
3
1
1
1
168
26
4
1
2
1
1
1
123
1
3
4
2
1
25
6
1
2
1
1
1
3
2
1
24
4
1
1
3
2
1
6
1
3
5
1
3
3
3
1
1
1
10
1
3
2
1
1
2
1
1
10
1
2
1
1
1
1
2
1
1
4
9
1
596
1
9
5
1
1
2
20
137
85
13
1
1
1
1
1
62
1
2
4
2
6
1
1
10
1
1
1
1
48
1
5
7
1
1
14
1
1
2
1
1
1
14
12
1
7
1
1
9
1
1
4
1
1
4
1
368
1
1
1
1
2
1
4
3
2
4
23
395
464
10
4
1
1
7
1
1
3
1
19
1
335
1
2
2
6
10
1
45
7
485
4
1
93
1
1
2
50
2
1109
1
3
1
1
8
65
1
54
7
1
2
10
5
19
1
2
144
2
9
132
1
1
1
1
1
2
1
3
3
1
2
1
1
34
1
1
20
2
1
5
1
1
2
5
1
1
2
3
1
1
3
1
4
157
1
1
1
1
3
1
42
26
4
1
1
28
1
14
53
1
1
1
1
2
1
1
1
1
3
2
1
123
1
2
1
2
23
1
1
1
1
2
1
2
6
311
1
5
1
127
1
1146
1
1999
13
2
1
8
1
3
1
3
1
11
1
1
1
2
1
73
3
2
1
10
2
25
92
1
2
6
1
16
4
1
2
1
1
2
1
1
1
2
4
2
1
1
1
2
2
1
18
1
146
1
2
12
2
1
1
1
1
1
1
2
44
1
17
1
1
3
1
2
702
3
2
4
2
2
2
14
1
2
1
1
1
4
1
1
1
1
1
334
104
2
2
6
3
1
12
2
43
27
40
1
3
5
1
3
1
1
3
1
4
1
1
5
1
2
1
67
1
2
13
1
9
12
1
3
154
1
29
3
2
10
1
1
1
1
1
1
5
1
3
35
390
2
3
3
1
9
1
1
1
1
5
1
1
1
1
1
2
2
1
208
1
22
1
1
13
1
1
1
1
1
1
1
2
25
9
6
2
26
7
418
1
1
6
1
5
5
54
599
1
1
1
1
1
1
2
28
1
2
5
74
2
5
1
373
1
5
23
1
2
1
3
2
14
23
1
6
2
1
1
21
4
2
1
1
1
1
1
1
1
11
177
17
1
2
1
1
3
46
6
1
3
1
392
2
1
1
12
1
2
4
10
2
1
1
1
5
1
1
1
8
1
2
31
1
353
1
2
3
2
1
1
1
599
1
13
1
1
1
5
12
12
1
34
13
2
1
1
4
49
3
1
1
2
1
1
2
1
3
1
10
6
4
2
1
1
7
1
1
3
296
1
1
2
2
2
29
4
1
140
1
3
2
1
1
75
5
1
1
1
1
1
10
3
1
1
1
1
2
1
1
1
3
2
1
1
1
1
1
9
516
37
1
5
1
1
1
6
1
1
17
9
30
1
1
1
11
7
603
1
1
1
1
7
1
1
12
1
1
1
16
7
32
518
63
2
1
6
3
24
1
13
157
2
1
2
1
1
1
1
1
41
103
1
2
1
1
1
1
2
2
1
3
1
8
1
1
44
1
1
2
8
6
1
1
17
1
1
1
4
1
1
18
1
3
1
1
10
1
9
1
6
1
51
1
1
14
1
11
12
1
5
1
8
1
1
1
1
3
2
4
1
1
2
1
1
1
1
53
1
15
6
1
167
149
267
2
27
1
1
1
3
1
1
1
14
4
1
1
1
1
1
13
1
1
2
10
1
2
1
5
1
9
1
1
9
377
5
2
22
10
8
1
1
2
4
2
2
1
95
1
6
1
3
1
1
1
3172
8
1
1
1
1
5
1
1
1
1
4
21
8
7
1
11
2
43
2
12
1
1
1
1
7
3
11
27
16
2
32
21
4
1
1
1
1
5
1
4
1
2
1
1
15
1
1
24
9
1
1
1
2
11
1
2
31
1
34
1
3
2
14
30
89
1
1
2
1
1
1
1
1
1
1
2
1
2
1
8
1
7
1
15
1
5
1
1
24
4
1
5
2
654
1
1
2
2042
1
2
1
1
6
1
1
5
1
1
1
5
1
5
40
14
1
1
1
1
1
2
84
1
2
1
24
5
1
2
5
3
1
2
3
11
1
1
1
1
1
2
2
3
12
1
1
2
1
1
2
1
1
2
1
1
1
1
8
49
1
3
857
6
20
1
1
1
1
1
67
5
1
10
1
1
4
5
1
1
10
1
38
1
1
3
1
181
1
3
1
1
1
4
2
1
1
2
1
6
1
5
4
1
6
11
4
1
5
1
1
4
37
4
1
1
2
1
1
3
462
1
1
1
5
4
1
1
2
5
1
5
1
21
872
25
1
4
1
1
5
1
7
9
1
3
1
1201
3
1
2
7
2
2
1
1
7
1
1
11
4
1
1
1
10
5
1
1
1
1
242
1
1
3
22
2
2
93
1
6
10
3
1
1
2
43
1
2
2
7
60
1
8
98
3
1
5
2
1
616
9
4
1
1
1
3
1
4
1
4
1
1
5
8
1
3
1
5
2
2
1
1
1
1
1
9
28
1
145
1
4
1
14
23
25
8
1
1
1
19
12
2
2
6
3
1
1
1
76
1
44
39
1
1
20
1
1
4
1
1
2
2
25
1
113
3
1
1
3
4
2
2
1
5
1
2
2
1
1
6
4
1
1
3
2
1
1
1
2
1
33
1
1
8
1
1
1
1
18
1
3
34
8
6
4
31
1
2
1
1
1
1
1
1
1
25
294
1
1
1
50
1
1
1
111
15
1
1
1
1
1
5
2
3
1
1
2
1
2
2
2208
1
22
1
9
1
6
2
1024
86
6
3
1
1
1
1
4
1
1
1
1
1
1
3
123
1
1
2
1
1
5
1
2
1
7
18
37
1
52
1
1
1
1
1
2
1
37
1
1
1
3
1
1
2
3
1
3
14
1
5
1
1
1
2
11
1
1
1
7
3
1
2
1
2
2
1
1
1
2
10
1
1
19
47
2
1
3
1
1
1
2
1
2
51
5
1
1
8
12
1
3
2
3
1
5
1
286
12
1
1
1
1
1
1
1
13
118
1
1
1
4
1
4
5
5
1
32
1
3
1
1
1
1
1
6
41
2
10
1
13
1
5
2
17
1
1
1
2
1
1
1
2
2
1
22
12
1
1
1
2
2
10
1
61
1
74
66
1
2
1
4
3
1
1
1
1
2
3
1
1
4
1
1
1
1
2
1
51
23
2
1
5
1
6
153
1
3
2
11
2
20
33
3
19
3
2
1
1
237
2
1
53
1
1
1
145
1
6
1
2
1
1
2
6
1
1
123
27
1
1
18
1
3
7
1
18
1
1
1
1
1
4
2
48
10
7
1
4
1
3
1
8
1
4
1
1
2
1
1
1
1
2
2
7
3
1
1
1
13
2
27
15
2
2
4
4
14
1
1
8
1
1
2
3
2
1
1
1
3
2
1
1
41
1
10
1
1
3
178
13
1
174
11
1
1
9
5
2
1
1
2
32
1
3
3
2
1
5
4
6
5
2
1
1
1
1
3
4
1
37
2
2
1
7
1
1
11
37
1
1
1
4
1
1
1
1
1
2
1
8
12
165
2
1
1
1
3
1
2
12
1
5
1
1
8
1
26
1
7
2
1
1
1
3
1
3
1
13
31
1
129
790
1
1
3
1
7
1
1
1
2
3
96
1
2
1
3
1
1
1
1
9
2
1
2
1
1
5
1
2
2
10
1
1
4
21
1
1
2
1
1
3
1
1
2
1
14
6
1
1
9
6
1
1
1
1
28
1
12
5
1
1
1
2
9
12
1
11
3
1
1
1
1
1
1
5
1
1
1
51
2
1
1
1
84
1
2
1
2
1
8
7
2
96
9
1
1
12
35
2
7
6
2
1
1
12
36
88
1
1
2
18
1
2
3
651
7
2
3
2
1
1
1
36
20
1
290
1
118
1
1
140
4
1
1
1
1
1
3
3
1
1
2
2
1
9
29
3
1
1
1
104
2
1
2
16
1
1
3
1
1
2
95
1
1
1
5
6
1
28
1
2
1
15
2
1
4
1
6
1
1
1
4
1
1
1
1
292
1
1
1
1
1
1
1
3
2
1
10
1
3
1
1
2
1
1
11
1
1
2
1
2
19
1
1
1
4
3
3
1
5
1
7
1
1
2
45
10
3
2
2
1
2
2
1
1
1
1
1
3
12
3
37
1
2
2
3
2
1
2
2
2
1
1
1
1
1
1
1
1
10
1
10
6
412
17
1
2
4
1
3
6
75
1
1
1
1
2
2
3
73
1
5
1
1
5
10
1
3
7
1
4
6
2
8
63
1
1
1
3
2
1
4
1
148
5
1
1
50
4
1
1
1
1
1
9
3
3
1
23
1061
12
1
3
1
4
2
1
218
2
1
1
1
1
1
4
96
1
9
55
1
1
1
1
4
3
2
1
1
5
11
1
2
1
266
2
1
1
3
1
24
1
4
325
667
2
1
1
4
1
1
3
1
1
1
2
7
1
2
1
9
10
1
1
1
8
3
338
3
1
2
4
5
1
4
1
1
1
1
4
1
14
1
2
1
3
1
1
1
1
1
1
5
3
7
1
2
1
1
1
1
1
1
6
1
2
49
2
4
80
1
3
3
2
1
1
2
1
5
1
19
10
7
1
1
5
1
7
1
1
14
1
2
20
2
4
1
42
3
1
3
1
2
4
1
3
1
5
1
79
1
1
2
1
1
2
2
1
22
14
1
1
1
51
15
4
94
1
13
1
2
2
1
1
2
1
1
4
1
1
1
1
1
1
1
1
3
1
1
1
1
55
1
21
2
350
209
1
1
1
13
46
6
3
16
1
3
1
2
2
1
1
4
1
2
1
3
1
1
1
7
3
1
4
2
1
1
50
1
2
1
1
2
1
2
1
3
1
16
4
1
1
3
1
1
1
2
1
1
1
3
1
1
1
1
1
2
3
1
34
2
1
1
1091
2
1
2
7
4
22
1
1
1
1
6
1
1
1
1
2
13
1
2
1
1
1
11
2
238
5
3
1
1
1
1
1
2
5
1
1
18
1
1
2
4
2
1
15
10
33
1
1
1
2
1
10
1
1
1
9
1
1
145
1
6
15
199
1
1
1
17
1
2
4
1
1
1
37
1
1
3
8
1
24
1
1
94
3
7
8
1
1
1
7
1
1
1
2
3
20
1
1
1
3
1
1
1
1
1
2
1
67
1
2
4
2
7
8
13
1
3
3
1
1
36
5
1
2
1
1
1
1
10
30
3
1
1
1
843
7
36
1
1
1
1
5
434
12
2
1
7
13
1
1
71
1
2
2
1
3
2
1
1
2
1
11
1
1
2
1
1
3
1
2
2
2
1
11
1
1
3
3
1
1
1
1
1
57
3
2
2
1
1
163
1
1
1
477
2
1
2
4
2
2
1
1
9
8
1
1
1
18
1
30
1
1
3
17
1
13
43
2
3
1
1
12
1
7
1
2
1
7
1
1
8
1
1
1
6
2
4
5
78
1
1
3
1
7
11
1
1
4
6
3
2
1
1
1
2
1
3
123
1
23
1
16
4
6
63
1
7
1
1
1
3
1
1
169
3
1
1
9
10
3
1
2
1
2
1
1
1
1
7
1
3
1
1
1
2
1
2
1
3
1
1
3
1
1
8
1
2
1
1
7
3
1
1
12
3
1
1
6
1
1
1
2
1
7
1
12
2
1
1
4
1
2
1
2
1
1
1
1
1
1
30
1
2
6
1
1
3
1
6
1
1
1
10
1
1
2
1
20
1
1
6
2
1
2
4
2
1
1
1
1
1
1
3
1
6
39
1
2
1
1
2
13
2
6
1
4
238
1
1
1
1
1
50
4
1
1
1
1
15
8
1
1
1
5
3
9
13
258
3
1100
1
12
5
11
39
219
1
1
1
3
1
7
1
36
3
24
1
2
1
1
1
1
2
7
3
114
1
1
18
1
1
3
1
1
1
2
2
1
9
30
13
39
22
1
23
10
1
1
1
1
53
1
1
1
2
7
1
4
1
79
1
1
2
7
2
1
1
8
17
1
2
1
1
1
1
1
1
3
2
8
2
31
1
1
53
2
57
1
1
1
1
2
4
29
4
1
2
1
1
4
1
1
10
148
1
1
18
1
3
1
1
14
1
6
4
1
1
1
1
3
1
1
1
42
32
3
2
1
4
1
2
26
1
1
1
1
1
6
1
6
1
1
1
1
2
3
2
10
1
30
1
1
2
4
1
1
1
2
1
4
1
20
9
1
2
5
2
1
21
1
7
1
1
5
15
1
1
3
1
1
10
5
1
3
2
13
1
27
1
5
1
25
2
5
1
2
1
2
28
22
4
1
2
1
2
1
5
1
1
8
2
88
9
1
2
9
10
1
9
1
1
1
1
1
1
127
2799
1
9
1
8
1
10
1
1
1
1
21
6
80
1
1
1
1
1
2
1
12
3
1
1
1
1
1
1
1
12
342
1
2
1
2
1
1
77
8
1
1
5
2
1
1
1
3
7
1
10
1
3
1
2
2
1
1
1
3
1
1
1
54
1
11
1
9
23
3
1
1
11
112
1
81
2
1
2
3
3
2
1
2
10
1
23
14
11
12
8
338
1
1
4
5
88
2
1
4
15
1
1
1
14
260
2
3
1
1
3
1
2
1
3
1
1
1
1
4
1
6
1
2
1
1
3
1
1
2
1
4
1
3
11
1
1
1
1
2
5
4
42
3
8
1
1
1
95
1
1
2
1
1
1
1
1
1
1
2
1
3
9
2
182
1
2
1
173
160
6
215
1
1
1
4
1
14
1
8
1
55
1
1
3
1
2
1
1
1
2
72
1
228
3
1
1
1
9
8
96
1
2
11
1
1
1
1
1
1
20
1
5
11
36
3
48
1
1
16
33
1
1
6
1
439
1
15
13
1
30
1
151
1
1
401
605
4
4
1
1
1
12
2
2
1
1
17
1
2
2
98
1
1
3
1
1
1
1
1
69
2
3
2
1
1
1
2
1
24
3
1
1
47
2
1
52
1
3
1
3
