11
2
2
2
13
82
4
17
6
13
40
22
1
1
4
5
18
95
14
15
7
8
21
10
1
2
29
2
13
29
1
20
5
2
1
2
1
9
1
7
4
8
1
91
9
6
14
49
16
4
2
9
19
6
1
27
34
1
8
3
3
8
2
4
2
3
2
3
15
5
1
2
6
4
13
8
6
23
2
8
2
18
1
1
14
5
11
3
37
7
2
34
3
4
7
7
6
3
2
2
1
24
45
14
12
5
12
11
9
45
21
31
7
6
1
1
2
1
3
1
1
6
61
5
94
4
1
7
2
1
6
1
18
2
10
2
1
2
2
6
2
1
2
1
2
13
30
2
3
1
4
2
42
1
2
5
3
2
8
10
1
7
4
3
3
1
3
2
50
11
71
4
6
17
2
8
4
25
1
1
5
2
6
23
14
4
1
41
3
2
6
20
1
4
1
19
4
21
13
2
5
3
19
4
1
2
4
8
1
8
3
7
23
9
1
23
30
6
2
1
10
2
11
3
4
16
11
1
35
1
17
7
12
14
9
12
9
8
1
12
1
3
1
25
14
3
2
1
2
14
2
4
3
35
4
1
10
47
12
7
1
2
1
6
3
1
1
7
2
3
7
3
6
1
2
26
45
1
2
5
74
3
1
16
2
4
29
4
5
4
2
8
1
7
1
1
1
31
3
2
1
14
2
47
15
5
63
20
1
2
5
3
4
7
3
50
41
6
2
1
5
2
7
6
39
16
5
5
4
1
2
4
5
4
1
2
4
2
17
7
7
10
41
3
7
32
1
7
3
2
2
3
3
13
4
3
2
3
7
1
26
33
3
9
1
119
1
27
7
14
15
55
35
13
18
2
1
2
5
3
4
4
16
3
4
2
2
4
34
4
3
3
14
18
3
24
5
1
1
12
34
33
2
1
2
3
3
17
7
1
1
3
9
3
1
24
2
1
2
2
1
1
2
3
2
41
18
7
21
59
6
2
1
5
1
4
44
15
1
2
2
1
22
5
4
2
1
47
11
6
12
3
12
1
20
2
2
2
1
16
5
6
5
2
3
3
11
2
2
9
65
2
6
39
2
6
4
28
7
1
21
43
7
20
2
5
3
1
11
21
8
3
5
23
11
2
5
2
3
28
50
18
25
1
1
11
3
26
1
2
5
1
73
1
16
10
12
2
2
7
2
23
43
3
5
12
7
7
1
1
1
1
3
15
10
1
5
6
23
2
3
2
4
5
3
1
1
2
26
1
1
3
2
5
1
7
53
1
8
4
4
1
15
1
3
12
9
5
1
55
2
5
3
2
12
4
7
5
13
2
27
20
1
8
37
6
4
3
7
25
1
3
1
1
1
1
18
16
91
10
8
1
17
1
14
2
6
1
5
11
1
1
1
1
1
4
2
7
3
4
6
1
3
10
1
5
1
2
10
5
4
1
2
10
9
13
19
4
5
15
2
52
19
1
2
2
6
2
2
1
5
2
31
3
9
26
49
3
1
2
30
1
2
34
5
10
12
31
10
2
2
26
5
56
4
27
1
22
2
54
26
10
10
2
11
6
2
3
3
25
66
7
3
2
23
5
51
8
1
9
1
2
1
5
1
1
12
6
1
3
3
2
1
3
17
30
2
14
13
4
2
7
1
1
2
6
7
4
1
1
7
2
16
3
1
14
4
1
5
1
1
4
5
69
10
58
2
6
29
11
1
2
3
1
1
9
1
1
8
1
1
4
33
32
3
6
2
66
29
1
3
37
1
2
1
26
1
3
3
1
2
6
33
3
11
2
16
2
1
6
5
10
1
20
5
1
4
1
3
14
2
1
1
4
7
3
1
23
5
3
13
1
15
43
1
2
2
10
1
2
2
1
1
9
82
25
1
3
15
21
10
1
1
1
8
19
3
4
16
4
19
2
2
6
23
4
2
1
2
8
1
1
36
1
2
10
42
2
3
3
5
15
4
2
1
2
21
36
7
14
29
15
1
23
18
10
3
17
1
1
6
4
4
2
29
1
1
3
8
11
4
9
1
12
2
26
4
2
6
2
4
2
2
24
48
12
32
3
1
2
8
4
17
5
2
17
11
10
15
2
1
2
9
27
1
2
4
1
12
10
17
1
1
1
5
1
2
6
19
11
1
6
102
7
1
1
1
6
86
8
2
2
1
6
2
10
2
3
38
1
9
1
6
4
6
2
4
20
7
2
5
6
5
1
31
6
21
3
2
6
5
2
3
21
2
8
6
2
2
4
9
9
1
2
13
4
79
4
2
14
1
1
1
37
97
9
28
3
1
3
2
6
42
3
2
13
6
49
5
1
2
9
2
1
7
30
1
1
3
4
14
1
9
16
13
1
38
9
1
1
8
8
30
5
2
1
2
4
4
4
1
2
2
1
7
22
6
3
3
1
4
3
22
11
4
9
3
1
2
5
4
53
14
3
1
13
13
4
3
2
4
1
11
10
1
1
15
8
4
8
16
18
4
1
1
9
77
45
5
8
1
20
1
6
2
3
1
13
7
8
2
1
2
3
44
15
3
1
26
4
1
1
2
2
10
3
20
14
30
52
3
2
1
23
1
2
1
8
2
12
5
3
2
1
2
6
22
3
5
23
2
2
3
82
3
12
3
4
3
36
7
5
136
11
15
15
12
11
35
5
11
1
7
5
5
1
2
3
1
21
4
1
15
16
16
13
2
1
2
1
5
1
2
6
3
1
7
1
1
1
4
22
2
5
2
8
10
1
1
4
18
16
1
10
33
8
1
4
2
65
2
1
18
9
4
1
37
1
2
18
32
34
1
1
1
43
14
17
11
7
3
1
3
10
1
1
51
12
2
9
2
7
2
4
3
5
1
40
8
6
49
4
7
3
1
36
23
8
3
6
9
7
3
7
3
16
1
8
22
10
39
8
5
1
49
10
14
5
5
2
2
30
4
8
3
4
4
7
7
4
4
8
3
17
4
12
2
20
15
1
2
2
28
3
2
46
18
1
79
14
11
10
4
23
9
1
46
13
4
2
1
1
4
18
1
40
2
4
5
1
3
7
2
9
10
23
3
3
5
23
14
2
2
9
34
2
41
3
15
6
1
12
1
3
1
15
1
21
22
7
13
1
16
7
1
1
60
1
14
4
4
20
34
12
121
3
3
4
9
2
3
1
3
2
6
1
3
4
1
14
4
3
5
1
4
1
5
74
8
8
19
9
1
87
13
1
23
1
74
4
4
8
2
3
1
1
1
2
4
7
15
2
2
20
5
3
85
9
5
2
1
4
3
13
4
41
14
41
2
3
3
28
1
2
9
21
4
3
1
1
1
9
11
5
4
5
39
4
2
13
1
22
14
2
14
1
2
11
1
23
1
1
2
1
8
20
12
2
15
22
20
1
2
1
12
10
33
34
2
2
29
21
6
2
4
1
2
2
4
1
1
14
2
69
4
4
2
8
6
8
31
4
1
8
64
25
6
2
38
8
1
2
2
5
1
32
8
13
1
9
8
1
6
9
14
36
9
10
23
1
1
3
3
1
1
37
8
1
31
2
121
12
24
20
1
1
1
9
11
52
7
2
2
3
1
3
8
1
26
1
2
2
4
24
2
8
26
4
3
6
3
2
3
30
1
2
1
6
1
2
20
5
2
1
1
15
2
