2
9
14
14
12
1
1
13
5
12
2
1
1
19
1
9
1
1
7
2
27
7
2
1
3
10
2
8
2
10
8
1
2
14
2
1
21
2
1
24
1
6
18
1
1
9
15
1
3
9
18
61
16
5
1
8
2
2
16
9
9
18
22
1
4
8
73
5
17
31
5
6
2
33
32
1
6
18
56
4
8
1
34
1
20
29
4
7
1
6
6
15
11
1
13
1
6
2
4
11
1
4
1
6
2
3
1
1
2
2
7
6
3
27
1
7
1
13
5
15
2
5
5
14
1
8
2
1
4
3
30
3
68
12
9
39
1
4
1
1
2
2
1
2
1
1
1
3
2
9
2
1
16
1
6
5
2
4
1
8
5
31
2
9
3
1
3
1
12
3
4
5
114
1
3
30
2
10
23
3
2
47
1
18
2
32
3
33
7
1
5
7
1
1
2
2
2
1
3
1
1
10
3
7
1
2
16
1
2
1
5
3
9
2
2
7
8
2
1
2
45
2
7
2
2
24
4
1
1
1
11
5
2
1
5
4
2
2
3
1
10
10
2
4
3
8
2
8
4
3
3
1
1
2
5
8
1
6
1
4
15
9
4
4
3
1
8
1
26
5
3
2
3
1
1
2
1
4
2
2
3
7
7
4
2
2
36
1
1
19
1
78
17
9
7
5
1
2
6
3
3
2
28
14
2
2
2
2
1
1
2
6
1
7
2
2
19
2
1
1
15
59
1
23
2
4
5
1
1
1
2
12
1
2
1
3
1
2
5
1
4
7
3
14
2
3
1
2
1
2
33
1
9
3
35
2
2
1
2
4
1
2
1
2
5
2
21
1
2
7
41
57
2
1
6
3
2
1
1
2
2
4
4
59
6
2
5
6
1
1
9
49
2
1
1
13
16
3
1
10
3
14
4
11
1
1
1
14
12
5
6
28
1
1
7
4
2
12
2
1
5
95
7
1
1
43
2
10
2
1
8
2
23
1
1
1
3
3
20
2
11
4
2
4
5
18
6
2
6
5
4
3
9
8
2
32
14
5
5
11
8
17
87
2
1
2
4
2
7
3
1
4
12
1
1
1
1
2
1
17
12
1
2
2
9
14
5
1
16
24
8
12
3
11
5
3
4
2
1
8
4
2
5
1
23
1
17
5
10
2
4
2
4
18
2
13
10
9
8
9
2
9
1
2
6
6
4
7
2
1
2
4
24
1
17
6
2
2
5
29
5
2
9
2
5
1
8
4
12
8
57
16
1
1
2
2
9
2
1
1
2
1
1
10
2
3
1
1
4
1
14
2
1
13
2
1
1
2
47
5
7
24
21
1
9
2
9
9
2
3
1
2
3
99
2
6
2
1
2
7
1
45
4
2
18
5
14
1
1
1
2
23
29
4
26
2
4
4
42
2
12
6
2
2
8
1
8
1
11
3
6
35
3
8
1
32
2
29
2
1
4
1
7
3
29
6
29
6
3
16
14
1
41
1
2
1
20
1
10
4
3
2
7
1
21
11
5
1
2
2
8
5
2
2
6
5
2
12
13
1
44
3
14
1
21
4
1
1
2
2
4
11
11
4
1
5
60
2
4
12
1
5
1
2
21
20
23
27
10
3
6
4
1
21
1
1
2
1
3
4
4
2
2
5
2
14
2
3
5
1
1
6
1
5
2
3
3
9
1
2
2
2
5
2
16
1
1
5
1
5
1
3
7
2
2
4
2
4
3
10
4
2
2
1
3
36
44
7
3
6
2
1
4
2
58
10
1
2
1
2
2
1
6
1
18
1
1
1
1
3
30
1
12
7
1
1
1
31
21
3
6
6
2
38
17
5
2
1
1
2
1
1
1
1
2
7
1
3
3
12
1
2
8
3
17
3
1
23
5
2
7
2
1
7
6
2
16
3
4
4
5
1
21
2
1
30
2
1
1
1
13
2
12
1
69
3
2
1
63
2
71
42
7
62
4
1
1
1
1
58
9
2
6
1
5
1
5
17
2
6
1
6
2
1
7
1
17
10
3
1
1
6
1
3
2
1
1
4
5
36
9
2
9
25
2
47
4
2
1
2
10
2
3
6
10
5
3
1
1
2
12
2
4
7
1
1
1
1
2
1
39
2
2
5
10
5
2
1
2
3
15
3
4
1
1
1
6
2
7
4
5
1
4
15
45
1
2
1
29
12
2
2
3
40
2
4
3
10
32
7
42
7
4
3
1
21
1
1
5
2
23
2
3
8
8
1
14
3
75
3
1
17
3
1
1
25
9
2
4
1
12
6
1
4
10
3
4
31
5
35
1
3
2
3
4
1
1
4
3
3
2
3
12
3
35
23
1
4
2
2
1
5
5
1
7
3
1
17
2
3
1
5
2
12
8
3
4
1
72
2
34
4
4
4
1
2
3
2
17
2
4
13
1
2
1
9
1
1
1
24
1
43
1
4
1
2
1
2
3
2
20
5
5
1
1
1
2
3
10
46
3
11
3
8
2
1
2
21
55
3
2
2
13
4
9
1
1
5
2
1
2
1
4
1
3
19
17
2
7
5
7
10
3
2
12
5
2
3
6
9
1
1
1
4
45
1
3
2
2
6
3
17
3
1
7
3
4
9
3
2
1
2
14
1
1
12
4
6
4
17
3
1
4
27
7
4
81
2
10
2
15
49
2
4
1
2
25
3
24
9
2
2
9
4
3
2
2
7
1
6
44
4
27
7
16
7
3
6
2
6
1
3
2
7
45
5
1
20
11
6
4
2
1
12
1
5
3
9
3
45
3
4
15
3
80
1
2
2
7
6
4
96
91
12
2
2
1
13
2
2
4
1
7
1
13
6
7
3
2
2
1
12
3
1
1
1
2
4
4
8
17
3
4
1
3
1
9
4
1
3
5
2
1
7
6
6
2
1
1
1
4
2
1
13
6
6
2
19
3
8
1
2
17
6
1
5
51
2
3
1
1
4
1
12
8
1
8
13
1
2
1
1
3
3
6
57
10
10
26
2
1
1
3
1
8
7
3
9
3
12
32
1
3
1
14
1
2
5
30
4
2
5
4
1
2
9
4
14
1
32
1
2
19
12
3
8
1
2
10
23
77
18
1
1
14
2
5
11
2
1
2
3
2
5
2
3
1
1
1
1
1
6
11
1
2
24
11
1
1
1
12
1
1
3
21
4
1
3
3
7
8
1
2
5
3
1
9
5
8
7
6
1
3
6
4
2
2
4
5
1
1
3
5
3
2
1
15
5
1
4
7
14
37
2
5
17
12
4
3
3
18
1
1
3
7
4
1
3
5
1
8
11
7
6
22
11
9
1
5
5
2
17
1
1
3
4
6
4
3
2
5
10
4
1
4
12
3
1
3
5
2
19
36
8
3
2
3
5
12
2
2
3
1
2
10
3
12
4
3
5
1
1
6
20
2
14
3
14
3
1
6
2
4
3
5
6
2
8
25
4
27
53
3
17
4
2
3
1
8
6
4
37
1
1
1
5
4
2
13
1
11
1
4
2
1
1
3
1
3
4
2
8
2
2
1
4
40
1
2
5
4
5
16
2
1
1
1
1
12
5
11
5
2
2
8
3
5
6
1
1
16
3
9
3
10
11
1
1
2
4
12
2
2
4
3
4
6
8
2
1
5
8
2
2
1
5
3
1
4
5
4
7
5
11
1
1
2
14
6
1
1
1
1
1
8
1
4
1
4
6
8
2
6
11
6
2
1
1
2
1
39
29
1
8
1
4
31
1
9
1
11
2
1
6
9
1
2
1
2
4
10
42
1
5
7
2
1
14
11
18
5
1
1
1
1
2
2
10
3
14
1
18
2
3
1
3
3
8
3
2
1
7
6
4
8
5
22
3
2
1
7
10
26
14
9
8
5
1
3
3
4
4
3
43
6
13
5
3
5
1
1
3
3
1
4
1
3
4
7
4
4
3
3
15
42
3
14
7
1
3
2
3
17
6
8
8
8
1
2
4
5
1
66
3
3
16
13
12
7
5
7
4
1
14
2
1
13
8
6
3
5
14
15
1
16
4
3
7
1
1
9
10
16
51
8
5
5
2
3
8
3
9
37
48
31
5
9
58
1
14
9
2
20
10
5
26
9
27
16
2
4
1
2
3
1
2
5
7
26
1
4
5
34
10
12
1
14
3
19
14
3
2
34
3
1
7
8
2
24
2
10
1
4
2
25
33
7
4
31
3
1
14
4
1
5
18
9
3
13
1
58
3
6
77
4
4
4
4
27
5
3
8
2
7
1
1
3
18
6
9
8
8
8
5
13
3
1
11
6
18
1
4
4
14
30
34
22
3
3
66
21
2
13
2
5
6
14
11
48
7
4
13
33
3
6
