21
271
17
3
16
78
31
2
151
43
271
59
11
40
16
6
101
2
11
14
11
21
3
1
27
1
6
98
9
317
70
4
91
6
29
18
9
38
13
11
7
6
44
4
7
50
81
50
12
7
364
7
137
21
566
78
34
3
37
1
1
22
477
1
26
64
1
29
112
10
6
42
3
201
8
97
109
18
1
3
137
47
34
14
4
59
2
46
3
81
3
136
2
4
43
13
8
4
19
2
3
5
89
19
9
40
13
31
3
45
51
13
109
5
39
92
9
208
15
1
11
354
9
25
137
75
6
1
9
8
5
45
10
1
28
8
114
12
97
126
4
58
35
33
439
60
1
4
14
31
7
4
8
22
50
7
17
29
2
74
1
18
2
5
139
3
276
4
19
14
44
25
9
7
2
20
452
99
1
10
35
12
10
198
3
233
25
19
20
1
6
3
30
95
2
51
36
14
21
88
3
2
36
13
31
52
75
75
3
2
43
167
7
3
37
192
33
2
33
2
19
16
124
145
4
2
2
2
22
3
2
92
273
1
189
49
35
19
346
10
239
2
18
11
46
62
266
149
3
1
1
52
4
6
81
54
42
4
139
25
48
97
14
49
1
104
2
2
29
1
8
31
18
7
242
33
4
5
47
22
237
1
3
70
27
4
117
484
58
52
12
6
61
1
32
285
5
563
41
2
123
16
2
15
7
20
24
8
8
10
112
36
37
40
2
1
248
188
10
212
14
96
62
4
143
32
29
143
82
18
94
28
72
156
110
3
11
3
2
49
25
8
58
1
22
15
12
285
6
582
13
90
9
5
20
29
171
13
12
10
257
10
11
54
1
66
4
5
114
5
3
6
3
30
3
225
4
28
2
42
8
4
2
40
2
1
38
1
19
83
511
66
2
1
37
1
6
31
16
15
17
394
115
18
49
18
3
6
10
1
13
283
11
33
5
2
5
46
7
9
6
4
2
6
6
90
39
47
5
12
1
3
43
8
3
2
97
2
7
1
10
36
13
97
83
67
8
2
12
21
15
28
134
11
4
2
1
2
201
2
2
1
4
196
41
27
338
196
4
48
6
185
72
4
37
165
28
26
48
31
7
1
92
97
21
46
83
289
28
45
11
11
5
19
1
228
3
4
1
11
122
2
74
20
2
18
28
58
99
357
3
1
110
1
50
59
91
45
301
199
1
16
197
1
3
23
1
2
23
4
109
16
53
20
3
4
20
22
18
4
413
191
40
5
23
11
2
4
129
2
1
10
1
2
36
5
7
50
7
13
29
3
2
54
71
20
142
1
3
344
467
3
20
13
6
6
11
4
4
3
62
576
1
50
2
21
22
3
18
26
144
14
30
24
32
92
5
206
1
46
4
36
215
60
10
232
60
9
34
11
3
32
3
3
7
2
18
41
57
152
19
107
23
97
70
1
30
8
27
74
8
2
4
12
139
5
23
45
82
228
44
21
18
25
32
68
489
2
34
52
8
1
4
5
1
10
1
192
8
43
45
7
6
1
29
13
33
274
19
2
2
24
3
24
3
4
2
4
66
3
30
321
99
96
23
6
153
30
114
24
13
287
219
19
1
52
1
25
227
25
36
40
132
2
193
117
244
39
13
1
2
42
56
23
51
8
3
10
1
316
3
70
136
1
5
4
4
248
35
15
5
14
117
422
8
175
14
338
41
5
1
3
2
21
17
2
1
1
17
1
38
48
49
30
3
13
1
18
2
164
1
24
1
29
3
3
38
48
18
45
161
2
102
70
16
7
3
2
4
27
35
125
350
10
1
26
5
4
36
12
103
3
16
23
10
16
4
39
36
13
43
8
190
20
32
37
37
15
140
36
31
49
8
2
109
20
9
11
5
12
13
5
21
5
2
32
2
26
8
66
14
19
5
3
90
394
8
131
21
10
35
175
1
113
5
2
7
33
1
37
3
41
2
5
33
14
70
37
4
2
2
32
37
2
9
27
4
435
22
3
1
18
17
14
20
10
9
12
3
369
2
13
86
14
3
485
6
80
4
7
29
112
165
328
495
40
74
40
43
24
13
3
3
2
229
1
60
3
1
1
73
23
25
26
6
1
26
114
33
1
217
193
13
4
37
25
7
15
5
39
272
11
90
226
1
9
1
18
1
77
13
163
31
4
29
6
58
23
1
19
2
1
54
6
15
12
234
97
5
9
1
21
19
103
37
78
7
2
22
2
50
21
47
51
75
10
7
41
336
208
46
91
25
99
5
24
51
410
99
177
2
32
20
3
78
60
11
111
24
2
2
29
2
9
75
7
20
4
2
3
10
1
470
5
468
23
2
32
6
23
18
17
25
11
19
526
42
27
19
230
79
14
7
370
19
6
6
3
3
1
1
55
14
9
16
515
25
38
9
5
29
13
4
572
3
1
89
6
35
2
366
30
1
3
152
82
120
8
172
13
186
100
194
63
45
24
4
12
96
1
52
200
3
55
441
3
2
49
2
1
62
350
3
12
214
4
149
6
8
2
3
2
25
21
71
12
245
19
8
55
4
23
198
5
3
8
18
143
8
147
14
7
9
389
7
27
19
10
1
30
12
24
13
9
2
85
12
4
17
25
4
40
3
93
127
17
4
98
35
13
15
14
5
26
60
74
13
2
1
40
195
7
6
2
398
20
130
15
18
7
34
1
3
484
10
7
78
5
1
5
297
187
1
1
1
56
76
