4
23
70
353
215
3
51
24
2
1
67
15
8
33
68
1
3
20
11
5
5
30
132
16
122
64
64
139
17
34
219
56
76
2
4
43
137
34
136
755
4
6
88
15
37
7
724
78
47
9
25
2
5
202
826
40
27
135
5
40
11
1
4
171
146
41
227
87
1
34
1
103
1
4
7
21
65
30
34
107
126
23
40
32
7
33
52
4
61
1
357
10
75
8
204
1
10
1
58
345
46
11
45
121
23
22
1
51
1
7
4
353
113
182
257
6
24
15
42
10
171
21
496
48
47
248
103
96
79
5
9
2
10
117
41
40
3
2
117
163
309
33
15
86
3
3
96
8
2
58
17
1
91
79
18
345
28
260
132
6
77
13
48
288
338
23
2
39
45
1
5
1
3
1
11
166
42
104
1
18
23
106
4
31
22
10
38
3
2
9
1
6
8
7
17
29
331
7
118
52
71
612
15
12
2
53
148
18
6
18
52
84
1
1
1
180
17
16
19
24
11
10
8
177
1
4
9
115
18
40
15
231
1
5
4
39
5
49
112
59
5
18
72
3
1
5
626
250
36
42
9
2
9
93
117
36
25
16
93
28
57
3
7
14
7
1
367
34
8
61
327
4
10
409
42
48
50
137
37
15
315
9
66
4
18
2
24
277
45
83
183
6
5
26
7
7
9
85
79
170
177
4
17
28
11
481
1
71
102
13
1
22
32
5
14
120
189
43
11
3
50
8
16
27
4
41
21
2
28
14
1
24
9
60
96
54
78
65
43
226
61
10
359
232
205
458
148
127
1
5
14
40
63
21
61
66
38
35
44
23
1
127
146
3
42
55
5
67
6
1
57
1
90
4
3
19
103
7
21
5
62
29
26
76
24
63
38
190
355
36
22
24
36
1
22
33
10
19
383
299
162
55
22
242
1
7
13
1
30
28
83
8
5
3
8
1
2
54
66
3
9
1
2
18
63
3
13
6
355
16
316
77
4
38
13
2
41
6
81
85
1
21
61
44
66
2
103
24
4
12
6
1
174
96
12
59
11
2
71
11
441
4
2
18
16
9
33
8
48
146
6
62
4
3
12
13
179
46
16
1
41
16
2
96
87
56
250
4
5
62
146
70
5
1
65
2
245
22
22
17
22
1
66
88
148
16
38
16
2
20
179
1
129
1
8
3
39
2
19
77
70
7
286
3
68
12
185
114
1
4
2
33
149
23
7
39
84
1
5
2
114
27
2
67
2
128
26
1
15
170
28
3
16
7
44
14
66
9
1
13
75
12
255
8
9
12
49
90
10
91
9
56
19
3
14
61
28
82
2
259
32
2
48
23
11
38
29
6
10
6
4
2
7
14
81
287
78
44
356
94
47
82
20
2
51
221
13
2
1
35
8
234
1
320
6
3
11
119
14
19
18
44
13
22
102
9
57
7
3
26
417
16
17
125
11
7
5
19
121
36
105
11
74
356
199
4
19
9
11
12
117
6
64
1
8
18
82
15
56
50
4
19
7
60
35
28
4
6
17
9
3
57
22
1
13
11
272
60
50
8
44
3
61
2
381
332
115
13
199
7
33
12
12
60
2
318
125
3
7
66
8
313
26
18
9
365
150
23
4
58
3
389
2
9
14
1
25
76
100
31
404
438
8
1
7
15
1
186
46
18
47
24
113
34
9
39
384
3
313
76
251
206
25
125
285
16
1
56
125
10
46
23
4
2
3
1
105
10
3
14
319
1
104
14
374
1
17
2
3
3
24
206
106
18
65
68
3
7
45
7
2
129
21
161
1
6
6
65
3
113
20
3
10
10
2
24
7
79
112
39
22
1
1
1
1
1
2
1
2
2
1
2
1
1
8
21
2
2
271
1
41
26
1
17
2
2
5
3
3
2
1
2
12
16
2
5
1
7
1
73
1
4
12
3
78
59
2
1
2
8
1
5
31
1
1
10
1
3
2
1
1
1
13
2
5
1
1
9
116
4
40
1
66
1
1
3
2
1
151
4
1
1
3
134
1
1
43
2
1
1
1
2
2
1
271
59
5
1
11
1
1
1
1
2
1
1
1
2
1
4
1
40
1
2
11
23
4
1
2
2
2
20
5
25
7
1
19
1
2
3
1
2
5
13
3
6
1
16
4
6
4
5
1
1
4
3
2
1
1
10
1
10
4
5
1
1
18
2
4
1
76
2
2
3
4
9
2
9
265
1
4
1
101
1
2
1
2
22
1
3
1
2
11
23
16
7
83
5
9
4
2
4
8
14
3
23
4
11
1
21
3
1
3
2
1
2
1
1
1
1
1
1
1
1
2
4
1
1
4
2
1
27
1
1
1
72
1
1
2
90
11
3
371
1
1
1
6
3
4
34
14
3
3
2
9
98
1
9
1
5
317
1
1
3
70
4
1
1
7
2
222
1
1
1
9
28
91
1
1
4
6
7
1
12
9
29
1
1
1
1
1
2
5
18
1
2
1
92
1
1
31
1
1
36
12
6
1
1
1
1
1
35
4
2
1
7
1
2
1
1
1
1
4
23
13
17
9
1
1
4
1
1
1
1
12
90
38
17
1
13
1
36
2
1
1
1
11
18
7
180
1
3
1
1
1
6
1
3
1
1
1
44
1
1
4
1
1
3
1
4
7
1
1
1
1
1
1
1
1
1
50
1
1
1
1
1
1
4
81
46
1
1
1
1
1
1
1
1
1
1
1
1
1
2
1
50
1
1
1
1
1
1
1
1
1
2
3
1
4
2
3
14
2
1
5
1
1
1
1
1
1
4
1
1
1
3
2
1
1
2
1
1
1
1
1
119
2
1
6
2
1
20
2
3
1
1
1
33
6
1
12
1
1
1
15
5
7
6
1
44
1
364
7
2
1
5
137
2
2
1
1
1
9
1
4
21
55
2
5
1
1
2
25
52
1
1
2
1
1
5
2
1
1
1
566
78
1
4
1
23
1
1
1
1
1
1
1
4
1
1
1
1
1
1
1
1
1
1
1
1
3
1
1
1
14
1
1
1
1
1
2
1
1
1
2
2
1
5
1
14
3
3
1
4
1
1
7
1
3
1
2
34
1
1
1
1
3
37
1
1
3
1
2
1
1
1
2
1
2
1
4
22
6
2
1
1
3
1
2
7
1
2
2
1
1
2
3
1
2
3
2
1
1
477
2
1
2
1
2
1
2
23
1
8
1
1
16
1
1
3
3
15
1
1
1
3
2
5
1
1
1
4
1
2
2
1
26
1
1
14
1
38
1
1
12
2
3
1
2
2
1
1
12
1
1
1
1
1
64
1
1
1
2
1
1
1
1
1
1
1
1
1
1
1
57
3
1
4
1
1
2
1
1
3
1
1
29
1
1
1
1
3
1
1
1
1
1
2
2
112
1
19
15
10
4
30
1
6
3
1
1
2
1
26
9
1
3
4
2
1
1
16
1
42
24
3
1
102
34
1
1
1
39
1
1
3
1
1
1
1
201
3
2
1
3
1
1
50
1
1
1
1
34
3
3
4
1
8
2
97
1
2
3
1
1
2
18
109
1
3
1
1
1
144
14
1
2
58
18
1
1
76
2
1
1
3
3
1
1
1
1
4
1
137
1
2
26
1
47
1
2
5
1
1
9
1
2
2
34
1
1
1
1
14
4
4
1
1
2
10
3
1
59
5
17
1
2
25
46
51
3
4
24
7
8
40
4
81
100
18
136
3
5
136
1
35
2
54
2
4
1
73
10
43
1
1
11
4
4
27
1
8
13
1
2
1
9
15
2
1
1
3
1
9
10
1
1
2
4
2
1
8
4
4
3
1
1
1
1
19
40
3
3
1
5
9
32
48
1
2
8
1
2
1
1
1
85
1
2
1
2
3
1
1
5
1
9
1
1
2
3
1
1
1
1
1
89
19
3
240
1
1
1
1
1
1
1
1
7
1
4
9
3
1
1
40
1
1
2
1
1
1
1
1
1
7
13
1
31
1
2
1
58
1
56
1
1
14
56
9
14
1
1
1
2
1
15
1
2
1
2
2
17
1
3
13
3
1
1
3
4
61
2
1
6
1
1
2
1
4
4
1
161
5
1
45
6
1
1
1
1
1
1
6
1
4
1
7
1
1
1
1
51
2
1
4
1
1
1
3
2
2
8
1
6
2
1
1
2
9
4
1
1
1
10
2
13
1
1
1
2
5
3
2
12
109
5
24
1
1
1
1
2
1
1
162
4
2
1
5
1
1
1
1
1
1
1
1
1
1
1
3
1
1
1
39
1
1
1
92
1
9
1
1
1
2
1
1
1
1
3
1
1
1
1
1
1
30
2
54
208
1
2
28
1
1
1
23
7
1
1
1
1
15
1
1
1
1
1
9
2
1
1
1
1
1
9
1
1
1
1
1
1
232
11
1
1
6
2
1
1
1
1
1
1
1
1
3
1
2
9
1
2
1
3
2
1
1
354
3
1
1
1
3
2
2
1
1
1
3
1
1
1
1
1
2
1
1
1
1
5
1
1
1
1
9
1
1
1
25
1
1
1
3
1
1
137
2
75
1
3
1
4
1
1
24
24
2
1
9
1
1
1
1
1
1
6
1
7
1
5
3
1
1
1
119
1
4
3
1
9
6
2
14
1
21
1
1
8
1
1
1
1
1
4
1
1
1
1
6
3
1
4
1
1
1
1
5
1
12
2
56
45
1
1
10
1
11
2
1
2
19
1
2
2
4
39
16
16
26
1
23
1
1
1
7
1
1
1
1
1
11
1
1
1
10
2
28
2
1
3
1
20
2
2
2
8
1
114
12
9
1
2
1
5
4
1
56
14
1
1
15
97
1
2
2
4
8
44
126
2
16
4
1
3
6
4
13
2
35
7
6
1
1
58
35
33
3
20
3
10
1
1
7
6
1
3
6
3
2
2
1
1
8
1
9
3
1
24
1
1
439
9
22
60
76
2
1
1
15
13
1
4
39
2
3
5
2
4
31
2
1
1
1
1
1
1
1
60
4
3
4
5
1
3
1
3
1
11
14
31
1
1
10
8
2
1
2
7
1
1
1
4
16
1
8
1
1
1
12
12
1
11
1
1
28
1
22
1
1
2
5
50
1
1
2
5
1
4
3
7
2
3
28
9
1
11
1
17
2
22
1
3
9
1
4
10
1
1
2
4
2
1
1
10
2
2
5
4
8
7
3
29
1
2
1
8
9
4
1
28
2
74
12
69
1
14
4
4
1
1
1
1
8
4
11
2
2
18
2
18
2
3
5
4
3
2
1
139
1
3
3
9
1
1
1
1
3
2
1
1
1
5
33
1
68
3
14
9
1
3
1
11
24
276
1
1
1
19
1
1
1
1
1
87
4
2
1
1
1
4
15
1
17
1
3
19
1
1
1
1
1
1
14
44
36
7
1
1
1
2
1
1
25
2
9
1
1
7
1
2
1
1
1
1
1
1
7
2
2
2
1
5
2
3
3
1
4
1
2
5
1
1
1
1
3
20
2
1
1
1
2
1
1
2
1
1
1
1
1
1
1
2
1
1
1
1
1
1
452
3
5
1
3
5
1
1
4
1
1
1
2
2
1
1
13
4
3
3
4
1
2
2
1
2
1
1
6
1
1
1
1
99
1
10
3
1
2
2
3
1
1
1
1
2
2
35
3
3
41
1
1
1
2
2
1
1
1
2
12
1
1
10
8
1
198
1
1
2
1
1
3
7
2
6
11
1
1
58
4
1
3
1
55
1
233
3
1
1
2
1
3
2
1
1
1
25
1
1
1
1
1
1
4
19
2
1
3
2
2
1
1
1
1
2
1
3
11
1
1
1
1
2
1
2
2
20
1
1
2
2
1
1
1
2
1
1
1
1
1
1
1
1
1
1
1
1
1
1
1
1
1
5
1
1
13
2
38
3
5
2
1
1
1
1
1
1
1
1
1
2
1
1
1
6
1
1
14
3
1
30
2
4
95
2
5
51
1
1
1
1
1
1
1
1
36
8
2
3
2
4
2
4
1
2
2
2
3
1
14
7
21
86
1
2
88
2
3
1
3
3
2
3
2
4
4
1
1
8
2
1
1
3
77
1
1
54
36
62
14
4
5
2
9
13
5
98
1
4
1
1
1
1
7
1
1
2
1
2
5
18
31
1
52
1
2
1
1
2
2
1
3
75
2
6
5
1
75
2
2
2
3
3
1
2
1
1
3
1
2
55
7
1
3
11
46
3
2
1
3
4
12
4
43
1
8
167
25
1
2
1
7
10
1
2
70
1
1
10
1
3
37
2
1
1
1
2
7
3
1
1
38
2
1
1
8
1
1
1
1
1
1
1
1
3
192
1
1
1
2
2
1
2
4
1
1
1
1
33
2
1
2
1
1
1
1
1
1
1
1
2
2
1
2
1
1
1
3
8
1
33
1
36
2
1
3
1
1
2
2
2
4
2
1
1
2
26
2
1
1
125
2
1
1
1
1
1
6
1
1
2
3
2
4
2
2
19
1
44
1
1
4
18
2
16
1
40
1
4
18
2
1
1
2
13
42
124
1
1
1
1
1
1
2
1
1
1
1
1
1
1
2
3
1
145
1
1
1
1
1
1
1
1
1
1
12
4
1
3
2
2
2
2
1
1
3
4
4
3
1
2
1
4
3
1
2
1
22
1
1
1
3
1
11
2
9
2
1
1
1
5
2
2
4
2
4
1
1
3
1
1
1
1
1
2
7
18
1
6
1
1
92
1
1
2
2
7
1
3
1
1
273
2
4
3
2
4
1
1
13
1
1
2
189
2
1
1
1
1
1
1
1
1
2
3
2
2
49
2
35
39
19
2
346
3
3
1
10
2
2
1
1
2
1
1
1
3
4
1
1
1
1
2
1
1
1
1
1
1
1
7
1
5
3
1
239
5
1
6
3
3
6
2
1
1
2
18
1
1
11
2
1
11
1
1
2
2
1
1
1
2
1
1
3
1
1
5
6
1
2
21
46
24
2
62
1
1
1
1
266
1
3
4
4
5
1
3
1
1
1
2
5
3
2
1
149
1
5
1
8
4
2
1
1
1
1
3
1
1
3
1
4
1
1
1
2
2
1
1
2
1
1
1
2
1
2
1
4
1
33
1
1
2
1
6
4
1
1
1
1
1
1
1
1
2
1
1
147
2
1
1
2
3
1
3
4
1
79
3
2
1
1
1
1
2
17
1
2
1
1
6
1
2
52
1
1
1
2
1
2
7
1
1
1
1
1
1
1
1
1
3
4
2
1
2
5
4
1
1
1
2
1
6
1
1
4
2
2
1
14
8
7
1
1
2
1
4
1
1
6
1
1
375
85
81
1
1
5
1
1
2
1
2
1
54
1
1
1
2
2
1
42
2
1
1
3
2
1
1
2
4
1
4
139
2
4
1
25
1
2
2
7
1
1
1
1
1
1
48
1
2
1
1
15
1
2
1
6
2
2
2
1
97
10
1
17
4
1
5
1
24
1
14
1
3
1
2
49
1
1
2
1
1
1
2
4
1
1
12
1
1
1
1
2
1
2
17
1
104
1
76
2
1
1
2
1
1
1
1
2
2
3
8
29
4
1
1
1
1
1
6
1
2
3
8
2
17
7
1
1
2
1
2
1
3
1
37
2
31
5
18
2
1
1
28
60
4
155
50
7
1
4
242
13
1
2
33
2
1
1
1
4
1
1
4
5
1
2
4
21
1
8
1
3
1
1
5
47
4
1
12
3
6
1
22
1
1
1
1
4
5
27
2
2
1
1
237
2
1
1
3
1
1
2
7
1
2
1
1
1
1
36
1
1
1
2
1
1
1
1
1
2
1
1
1
1
1
1
19
5
3
70
9
27
2
1
1
3
4
1
3
1
1
13
1
2
1
1
2
1
1
1
3
1
1
1
1
2
7
48
7
1
1
1
2
14
8
1
1
3
1
1
1
1
2
1
1
1
5
1
1
4
1
1
1
1
16
99
117
4
6
1
1
2
1
1
2
1
1
1
2
6
2
4
2
1
1
1
2
1
4
2
2
1
1
1
5
24
1
3
484
2
1
1
1
1
2
1
1
2
58
2
52
3
5
1
1
1
2
12
9
4
3
1
7
6
1
1
1
4
1
1
1
3
1
1
5
1
1
1
1
4
1
1
1
61
1
2
1
1
1
6
1
1
10
1
1
1
1
3
1
1
1
1
1
1
1
1
1
1
1
7
1
1
1
32
5
1
6
1
1
1
1
1
1
285
6
1
2
1
5
1
1
1
2
2
1
16
1
1
4
1
1
1
1
23
113
5
1
1
563
2
7
1
1
41
9
1
1
1
1
2
9
8
1
5
1
1
1
5
2
2
2
3
123
1
1
1
3
4
1
1
10
2
3
44
1
2
16
1
1
2
2
1
1
2
1
1
3
5
2
2
1
1
1
15
16
1
1
11
1
1
1
7
20
24
1
3
6
4
1
1
1
1
1
1
1
1
1
1
1
1
1
2
1
1
2
1
1
1
1
1
8
1
1
1
1
1
1
3
1
5
1
8
2
1
1
10
1
2
1
1
1
2
1
1
1
1
4
6
5
1
4
2
2
2
1
2
1
3
1
1
2
8
16
1
1
1
1
1
1
1
1
131
1
1
1
1
9
1
4
7
2
6
31
1
1
11
13
1
1
4
2
1
4
1
3
2
1
112
1
2
1
1
2
36
20
1
1
1
37
1
1
6
40
1
2
3
1
2
1
32
5
3
248
1
1
1
1
1
2
1
1
188
2
2
10
2
1
1
5
1
1
1
1
2
3
1
2
1
1
2
1
1
1
10
1
1
212
3
6
1
1
14
9
5
1
8
1
1
28
1
34
3
1
1
1
7
2
96
1
62
1
22
4
3
2
3
4
1
107
1
9
8
27
2
1
1
3
143
1
1
1
1
20
2
1
1
4
30
53
1
1
1
1
1
2
32
4
1
2
2
11
1
17
1
1
2
19
1
29
4
9
8
2
1
21
1
1
5
2
143
1
1
15
1
1
1
2
1
3
33
11
8
1
1
1
2
1
1
1
2
3
82
1
1
18
1
94
2
1
2
2
1
28
1
1
1
1
1
3
3
72
1
1
2
4
1
1
1
1
2
4
2
1
1
2
1
1
156
1
110
2
1
3
1
1
9
3
1
1
1
1
1
1
1
1
4
1
1
1
3
2
7
1
14
1
3
11
8
1
3
1
6
1
1
1
1
1
2
1
5
1
2
49
2
1
2
6
1
1
1
1
1
4
187
1
3
1
7
1
2
38
1
43
1
1
1
1
1
62
15
1
3
1
1
1
2
2
25
1
5
3
1
1
1
1
1
1
8
2
1
1
58
4
2
2
2
1
1
1
2
1
1
1
1
1
2
1
1
1
1
1
1
1
2
1
1
1
1
1
1
1
1
2
1
21
1
4
1
59
11
1
1
1
1
3
1
1
73
1
47
1
1
1
1
1
1
1
1
194
1
2
1
1
1
1
2
1
1
4
3
1
2
22
1
1
2
2
2
1
2
1
1
1
3
8
15
7
1
1
15
44
1
4
2
1
12
1
2
4
2
1
12
5
1
2
2
1
7
2
1
1
1
33
2
1
3
1
4
3
2
285
1
2
1
1
1
1
1
1
1
1
1
1
3
1
1
1
1
76
1
1
1
1
1
1
1
2
1
1
2
1
6
582
1
28
1
1
1
1
13
4
4
37
3
3
13
4
3
2
90
9
1
3
5
1
1
20
1
2
1
19
7
1
15
24
9
63
1
1
29
1
5
1
20
1
2
1
45
1
1
1
4
1
1
1
1
1
2
2
2
1
1
2
1
2
1
2
171
1
2
1
13
2
1
1
1
1
1
7
13
1
2
1
1
1
1
4
1
12
10
7
6
1
170
8
30
1
13
21
1
1
257
1
11
1
1
1
2
10
1
11
10
2
1
2
2
13
2
10
5
1
54
4
5
12
5
1
1
1
55
1
80
4
1
66
4
31
5
2
9
5
114
5
3
1
33
6
5
16
1
1
5
4
6
8
5
3
20
3
2
6
43
1
8
5
1
1
1
30
3
3
225
18
11
1
3
1
5
1
11
1
1
8
25
6
4
28
2
1
42
2
1
1
1
1
1
36
8
1
4
4
1
1
1
20
1
8
1
2
39
1
1
2
1
1
1
1
1
1
14
2
1
1
1
1
2
1
1
1
1
1
11
2
2
2
2
1
1
6
1
1
7
1
4
1
3
1
2
1
2
48
1
93
2
1
1
1
4
3
1
2
40
2
2
43
1
6
1
38
1
32
11
8
1
106
7
10
16
1
2
1
3
3
2
1
13
29
1
1
8
1
4
1
1
1
5
7
16
4
2
1
1
2
19
1
1
1
83
1
1
2
7
1
4
1
1
511
1
1
3
1
66
4
1
1
1
1
9
3
3
1
1
1
1
1
1
1
1
2
1
1
1
1
1
1
3
37
1
1
4
1
1
8
6
1
33
1
1
1
5
353
4
2
1
3
1
1
1
1
1
1
1
6
1
31
1
1
2
1
1
1
16
2
1
1
1
57
15
3
2
46
1
10
2
8
70
1
2
1
17
1
1
1
2
1
1
394
1
1
3
6
1
1
2
1
24
1
1
1
1
1
1
9
1
1
6
1
1
2
1
1
1
2
1
1
1
2
1
8
13
13
2
1
5
1
1
1
1
1
7
50
16
1
1
1
3
1
11
115
32
1
1
19
18
2
1
49
2
4
1
1
1
1
1
1
1
1
1
1
6
1
18
1
1
1
1
1
3
31
6
1
10
4
1
1
1
1
1
1
1
1
1
2
2
2
1
1
1
2
1
1
1
2
2
1
1
1
1
1
3
1
1
12
1
1
1
13
1
3
1
1
5
1
1
3
283
1
1
1
1
11
1
1
2
1
22
1
1
1
1
1
33
4
2
1
2
2
2
15
3
4
3
2
15
1
1
1
13
2
1
1
2
2
1
1
1
6
1
5
1
9
6
7
1
2
5
21
1
46
30
10
1
2
1
28
9
2
1
1
1
1
14
1
7
1
9
1
5
7
1
6
1
1
1
4
5
2
4
2
5
1
6
1
32
2
2
1
1
1
2
3
1
69
1
6
1
2
11
1
1
2
1
1
2
6
1
65
2
1
1
1
2
1
6
2
3
3
39
2
1
2
90
25
7
1
6
33
1
1
3
39
1
1
10
4
47
35
2
1
4
4
11
13
3
1
2
2
1
1
1
2
1
5
5
1
2
1
3
1
2
1
1
2
20
4
1
7
1
2
1
12
1
1
1
1
10
1
1
1
11
1
1
3
1
2
43
1
1
3
8
1
1
5
2
7
1
1
1
1
1
1
2
1
24
1
5
1
1
1
3
2
97
1
2
7
1
1
1
3
1
1
1
1
1
1
7
9
1
21
1
2
8
24
3
3
3
5
1
4
1
1
1
1
1
7
1
2
6
3
2
12
1
10
1
1
1
1
1
3
2
28
20
1
1
2
1
1
1
1
1
3
1
10
36
2
9
1
8
1
13
7
11
4
14
3
2
102
5
2
10
1
1
1
1
1
2
2
1
23
1
2
1
3
27
54
2
3
97
1
1
1
3
2
1
1
4
11
1
1
2
12
1
1
1
83
1
4
13
2
1
1
2
1
1
7
2
3
4
1
3
1
3
58
377
1
317
1
2
3
1
96
1
9
1
1
1
1
1
67
1
1
1
1
2
1
1
1
2
1
8
2
1
2
1
1
1
2
1
1
1
32
1
1
1
1
1
1
1
1
1
9
2
1
1
1
1
1
1
1
1
12
1
21
1
2
3
1
1
1
1
1
1
2
2
2
1
1
1
1
1
1
1
3
1
1
1
2
22
1
2
16
10
2
15
5
28
4
1
1
1
1
2
1
1
17
3
134
7
1
2
4
1
5
6
1
12
1
1
1
11
5
4
4
11
1
1
1
2
1
1
1
1
2
1
1
1
1
1
1
1
3
1
2
5
2
1
1
1
6
1
1
1
1
3
2
1
1
1
48
1
3
1
1
2
16
2
7
1
70
11
201
2
3
2
1
4
15
196
1
3
9
1
41
14
1
1
3
22
14
6
2
4
3
72
1
1
7
1
19
1
1
3
1
1
27
5
338
4
3
3
1
3
1
1
1
1
19
1
1
196
1
1
11
18
3
29
8
1
2
1
8
3
2
3
4
47
1
8
1
1
1
1
1
8
5
1
5
3
5
1
1
1
48
8
1
1
1
5
5
1
2
1
1
5
1
2
1
1
1
2
1
127
6
1
6
1
7
1
1
1
4
2
1
1
1
1
1
1
12
185
4
1
6
2
6
1
18
2
4
1
1
72
1
2
1
5
60
3
1
1
1
1
1
7
2
1
1
3
1
3
17
5
1
7
1
1
1
1
1
1
1
1
1
1
1
3
2
1
13
3
1
2
1
3
1
1
11
3
1
1
1
1
1
5
1
1
1
1
4
1
1
72
1
37
4
50
1
1
4
37
1
8
1
10
3
7
1
165
6
2
45
1
1
43
408
1
3
1
1
1
1
8
1
1
1
1
1
1
4
12
1
2
2
9
1
1
2
1
28
3
2
2
26
1
1
6
1
48
2
1
1
1
1
1
3
1
1
1
9
1
31
1
1
9
2
1
1
2
15
6
10
1
1
4
1
12
1
1
2
2
5
5
11
1
31
1
2
2
1
1
2
1
12
1
1
2
7
2
1
4
1
1
2
92
3
97
4
11
1
1
1
1
6
1
21
2
1
12
1
3
3
2
46
1
1
1
1
28
1
1
4
4
1
5
1
1
1
1
1
1
38
1
1
1
1
1
1
1
1
8
1
3
1
1
2
1
1
1
1
5
1
83
4
1
1
1
1
48
2
1
6
2
1
2
1
1
8
289
1
20
1
1
1
1
2
1
1
2
4
28
2
34
1
1
1
1
1
1
31
1
1
2
32
1
5
1
1
5
45
3
1
1
1
1
2
2
2
1
1
1
5
1
12
11
2
3
2
5
1
15
2
5
11
1
1
11
1
5
1
2
1
19
2
2
6
2
4
11
1
1
2
1
23
7
15
1
2
1
1
17
228
10
1
2
1
1
4
1
2
2
90
2
1
1
2
1
1
2
1
106
1
1
1
3
1
1
1
2
4
4
1
1
11
1
1
1
3
1
1
3
1
16
1
7
122
1
2
2
1
18
74
2
1
2
1
1
1
28
1
62
1
5
7
20
2
18
28
8
1
2
2
1
1
30
4
20
1
3
1
1
1
2
1
1
5
1
1
1
5
4
1
1
1
1
1
2
1
1
4
1
1
1
1
1
4
1
58
2
41
1
1
5
1
1
1
1
1
1
1
99
1
1
1
2
1
1
1
1
1
357
1
1
4
7
1
1
1
2
1
1
3
4
1
2
2
15
2
1
110
1
1
1
1
1
2
1
1
3
2
1
1
50
8
59
1
1
30
91
2
1
1
11
1
1
1
1
1
1
45
1
301
1
1
1
1
19
8
1
2
3
1
1
1
1
4
1
1
1
119
199
1
11
1
1
1
1
1
1
6
1
1
6
1
1
16
197
1
1
9
1
25
2
3
1
1
4
1
1
9
1
3
2
1
1
3
4
23
1
2
18
7
1
2
2
1
18
2
23
1
2
40
1
1
1
7
1
1
38
1
4
2
1
4
1
1
1
2
1
1
3
1
82
1
406
1
3
1
7
2
1
1
109
16
1
1
1
1
142
1
1
1
1
1
28
4
1
4
2
53
1
20
1
1
1
4
1
3
1
1
4
1
1
4
1
2
1
1
1
13
8
2
4
25
1
1
1
23
1
1
1
1
2
9
1
1
1
1
3
26
1
2
2
1
1
2
1
6
1
10
1
1
1
34
1
1
2
4
5
12
1
4
1
1
1
1
20
22
1
1
1
1
38
1
27
78
1
1
18
1
1
1
8
1
1
11
3
1
1
4
1
413
3
1
191
1
40
1
1
1
28
1
4
1
1
2
2
5
2
1
1
1
2
1
3
1
1
9
1
1
1
4
5
4
2
1
5
1
1
1
23
3
6
10
43
11
1
31
5
4
2
2
2
4
1
13
2
4
1
3
2
3
2
8
129
4
1
2
1
1
1
1
1
33
1
2
1
1
1
14
3
10
1
1
1
2
2
2
3
1
1
8
8
1
1
4
1
1
3
6
1
1
1
2
1
3
3
2
1
1
3
4
2
3
1
1
1
4
1
1
2
1
2
1
1
36
1
2
4
1
1
1
3
5
1
7
14
1
1
1
33
1
4
1
1
1
1
1
9
1
1
50
2
1
3
7
1
1
16
1
1
2
1
1
1
1
1
1
1
1
4
1
16
1
63
1
3
1
1
4
1
1
1
103
2
2
13
1
2
2
1
1
1
1
29
2
1
1
1
2
22
1
4
31
1
1
1
53
1
12
1
1
5
1
5
3
6
8
1
3
1
2
1
1
2
9
1
1
8
1
1
1
1
1
1
44
1
1
1
1
1
11
10
1
1
1
1
1
7
1
1
1
1
3
3
3
1
1
9
1
36
4
1
1
1
1
1
1
2
2
34
1
10
3
1
1
2
2
1
7
3
54
1
244
1
1
1
1
1
1
66
23
1
71
1
1
3
3
20
9
1
1
2
1
1
23
2
142
2
1
5
1
1
1
1
1
1
3
4
344
16
1
48
467
2
3
20
22
3
1
1
3
5
3
6
3
1
1
1
95
1
1
2
1
3
1
1
1
44
4
1
4
13
7
1
27
2
1
7
1
11
1
1
2
1
6
6
20
1
2
2
1
1
1
1
2
1
1
2
1
1
25
1
1
3
1
4
1
1
11
2
2
1
1
1
1
4
1
1
4
1
6
1
4
1
4
2
1
1
1
8
2
1
2
3
1
1
4
1
16
3
1
6
2
62
4
3
2
1
4
1
1
2
1
5
1
1
3
6
3
2
2
5
576
2
1
3
1
10
26
2
7
1
2
6
5
1
22
5
2
1
1
1
6
1
1
1
2
1
5
4
9
4
2
12
1
6
4
5
4
8
2
2
1
1
1
2
10
2
1
2
6
50
2
1
1
2
53
7
2
2
22
1
1
2
1
3
1
21
2
1
1
1
5
22
1
2
38
8
1
3
12
9
4
3
4
23
7
1
1
8
1
5
8
21
2
3
1
3
2
12
11
1
1
1
3
1
6
4
13
1
1
9
1
1
1
18
6
26
5
14
2
1
4
3
1
2
1
10
10
144
1
1
1
1
14
30
1
1
2
1
1
29
2
4
1
1
3
1
40
4
1
2
1
9
1
5
1
1
24
3
32
3
1
1
5
5
2
3
92
2
2
5
2
1
2
7
1
43
1
7
30
1
1
1
1
1
6
1
1
1
10
3
12
1
3
2
1
2
1
1
1
4
2
1
1
3
1
1
2
1
23
5
1
1
1
2
59
206
1
1
3
46
3
1
1
2
1
1
2
1
1
2
5
14
4
1
1
4
1
2
1
1
4
5
4
6
1
36
1
2
215
60
1
15
2
1
1
1
15
3
7
2
10
6
232
3
16
60
2
4
25
1
1
1
1
5
5
1
3
20
2
60
3
13
5
47
2
6
1
9
1
1
1
2
1
1
2
1
2
2
1
34
13
1
2
4
11
2
1
1
1
3
1
1
2
1
2
2
1
1
32
1
1
1
4
2
3
9
4
1
1
1
3
2
9
1
1
1
1
1
1
1
1
2
3
16
1
1
1
1
2
7
2
1
2
2
1
1
1
1
2
7
2
2
1
1
2
3
1
1
1
3
3
40
13
1
1
18
2
3
10
2
2
41
3
57
1
152
1
2
1
1
1
1
1
21
65
1
34
9
1
7
1
19
3
107
10
1
4
2
1
1
2
2
6
1
2
1
1
5
1
1
7
3
3
1
23
2
97
70
63
1
1
3
1
5
1
1
2
1
1
1
1
1
1
1
1
1
30
2
1
2
1
1
8
1
2
1
2
27
74
8
1
1
2
2
1
2
2
2
1
3
1
2
4
1
1
12
139
1
1
1
1
1
1
1
5
3
1
23
4
11
1
1
7
2
45
6
1
1
1
3
5
3
25
1
1
1
1
1
2
5
82
2
4
1
1
1
4
1
1
9
1
1
1
1
1
2
1
2
3
1
1
6
1
99
228
1
1
6
1
1
1
2
1
1
10
4
44
18
2
9
1
18
1
1
1
3
1
1
21
7
18
1
25
1
5
1
1
1
1
32
1
2
1
68
17
1
1
17
489
2
2
6
1
7
1
12
3
34
8
21
2
52
1
11
1
10
3
1
23
7
2
1
1
1
2
8
3
5
2
1
14
1
2
23
1
2
1
1
2
1
1
1
1
1
1
2
1
1
2
4
1
4
1
4
5
3
1
1
5
1
1
426
1
1
2
2
1
3
1
1
24
75
6
6
1
2
2
1
1
12
3
4
1
1
1
1
1
1
10
3
1
1
1
53
1
1
7
1
1
2
19
1
1
1
4
192
1
1
1
8
2
1
3
7
3
2
1
43
9
4
2
1
27
5
3
1
1
1
1
1
8
4
2
45
1
1
12
6
1
7
1
2
8
2
1
1
1
1
24
1
1
3
2
6
3
1
2
1
1
9
1
6
5
6
1
2
1
1
2
1
4
1
1
3
2
2
3
3
29
2
1
1
1
1
1
5
1
4
5
4
1
3
1
1
2
1
1
38
1
2
1
1
1
1
2
1
1
1
2
2
13
1
4
1
2
10
71
1
2
33
2
1
1
2
274
1
3
5
2
2
9
2
3
3
4
3
1
2
2
17
17
2
1
1
1
8
3
19
4
4
2
1
1
1
1
1
1
3
2
4
1
1
4
3
2
1
4
1
1
1
1
1
5
2
1
24
1
2
4
1
1
2
2
6
3
4
5
6
1
1
3
1
2
1
1
1
20
1
1
1
3
24
1
1
1
4
1
8
1
3
1
5
4
4
5
2
29
3
2
2
4
2
5
1
66
1
3
33
30
13
1
1
24
2
2
1
51
20
1
1
4
321
1
1
13
5
21
3
7
1
8
9
2
15
1
1
99
1
14
2
1
2
96
1
16
3
2
9
1
2
1
2
2
1
23
3
1
1
23
1
1
1
2
1
1
1
3
104
1
1
2
2
13
1
2
8
3
64
1
1
2
1
1
1
3
13
6
3
6
5
1
5
4
1
1
153
1
30
290
1
1
1
1
2
1
1
2
1
1
114
1
1
1
1
2
1
1
1
1
1
1
2
4
1
1
1
7
59
1
1
4
24
1
1
3
3
3
1
1
1
2
4
1
4
1
1
1
1
14
13
10
7
7
23
2
1
2
1
1
1
8
2
1
287
1
5
219
19
2
1
60
1
10
1
52
1
4
2
1
6
1
1
25
102
227
40
1
1
13
1
50
36
1
1
7
10
8
2
1
12
15
25
1
1
1
3
1
1
1
2
24
36
1
3
1
1
4
2
1
1
22
1
5
4
1
1
1
1
1
2
2
3
1
3
1
1
6
2
1
1
40
1
1
6
1
1
2
1
1
2
5
3
1
1
6
1
1
1
1
1
1
4
2
2
1
1
1
2
2
6
1
15
24
1
1
1
8
2
1
11
12
1
2
1
1
2
1
1
125
1
132
1
1
1
1
2
2
1
1
1
1
193
12
117
2
1
2
244
1
94
55
1
10
8
1
6
39
9
13
3
1
2
4
49
1
27
1
3
1
1
3
1
2
1
2
1
2
1
42
1
1
56
23
1
1
1
1
2
5
1
17
2
4
2
3
2
2
1
7
2
1
16
8
1
1
1
51
3
2
6
2
1
28
1
4
8
5
4
11
2
5
1
1
3
2
1
3
5
3
1
1
3
1
1
1
6
10
1
1
1
7
3
1
1
1
1
1
1
1
1
316
4
11
1
8
3
70
2
16
1
1
3
1
1
4
136
41
4
27
32
1
1
5
3
6
4
4
3
1
25
107
39
35
1
9
1
248
14
43
1
1
4
1
1
35
2
3
1
2
1
1
3
2
8
2
1
1
2
1
2
1
1
1
1
15
3
1
3
1
25
16
1
2
2
2
1
1
4
5
43
2
2
1
4
2
1
1
1
27
1
1
7
1
2
1
8
14
1
1
20
6
117
422
1
7
2
1
3
1
4
9
3
1
1
1
112
1
2
1
1
1
8
6
1
3
1
1
1
2
2
1
2
1
1
1
16
12
1
2
1
2
1
175
1
1
1
1
2
1
2
1
8
11
18
1
29
1
1
1
1
2
3
1
1
1
1
3
1
1
3
1
1
1
1
1
1
3
7
2
1
1
1
1
22
1
1
2
1
1
1
2
2
1
14
1
1
1
4
16
338
1
1
1
2
41
4
2
1
1
24
1
2
6
1
1
1
1
1
2
2
3
2
1
2
1
5
2
1
1
2
1
1
6
1
1
21
2
1
1
3
1
6
1
1
1
4
3
3
6
1
2
1
1
1
3
1
9
3
1
1
1
1
1
1
1
2
1
1
1
1
1
1
3
21
54
1
1
1
9
1
1
2
1
17
1
1
1
2
1
1
1
1
1
2
1
1
1
1
1
6
2
1
2
1
2
1
1
1
3
1
1
1
1
1
1
1
2
5
2
17
1
1
4
2
1
1
1
1
1
1
1
1
1
2
1
1
1
1
6
1
1
15
1
2
1
1
1
25
1
17
1
1
72
1
1
1
6
1
10
7
1
26
2
10
1
5
5
2
4
4
1
2
1
3
1
8
1
45
5
2
9
1
17
4
3
38
9
2
1
2
8
2
19
2
1
1
1
1
1
1
1
206
48
1
1
8
2
1
3
3
49
1
7
3
1
30
4
11
1
1
2
2
1
6
1
1
1
1
1
11
7
5
5
1
1
9
4
2
1
2
2
1
12
4
1
2
3
2
7
47
13
3
6
1
4
1
3
25
1
16
12
7
3
1
2
17
1
15
1
6
2
2
1
7
7
18
2
2
28
5
1
2
5
4
2
4
164
5
5
1
24
35
1
2
5
1
1
1
1
1
29
40
6
5
9
6
3
2
1
4
5
1
2
2
9
1
1
1
1
9
1
2
2
1
1
3
2
3
1
2
3
2
3
3
1
10
3
1
1
2
115
12
38
1
5
2
16
2
48
32
18
2
2
5
45
161
4
1
53
10
2
11
2
14
4
35
31
15
8
102
3
2
39
8
70
19
11
16
7
4
9
7
94
4
7
3
25
22
2
2
2
10
2
1
39
26
23
24
2
4
22
5
4
14
2
4
27
1
1
2
35
5
2
1
1
1
3
3
125
3
10
4
13
2
1
17
40
2
10
1
2
1
1
1
3
16
2
8
52
59
7
7
1
3
1
1
5
3
5
1
1
1
350
9
10
7
1
5
2
2
17
1
26
3
1
4
11
13
1
5
58
45
21
1
7
2
4
36
1
12
2
36
1
1
2
1
2
15
103
1
2
5
27
5
3
2
15
21
4
1
23
1
3
5
2
1
16
1
1
1
105
7
23
31
4
25
10
3
51
3
7
16
53
20
1
4
39
3
1
1
2
21
36
5
1
1
1
14
3
13
43
20
1
8
1
190
3
2
1
3
2
15
58
1
1
4
3
7
1
1
1
1
2
71
1
8
6
1
1
3
1
20
4
32
3
1
4
9
1
1
1
4
1
20
1
2
37
1
1
2
1
37
1
3
15
2
1
1
2
2
10
21
61
16
10
2
140
18
1
1
26
36
1
31
49
1
2
8
1
12
2
2
1
1
1
1
2
1
2
1
109
1
10
7
4
1
2
1
17
1
1
1
1
1
5
1
1
18
7
1
1
5
1
6
1
17
2
1
1
20
3
1
1
1
2
9
17
40
1
1
10
11
5
1
8
12
3
1
1
1
9
18
2
2
1
13
13
7
1
12
1
1
1
1
5
5
5
5
12
1
3
1
21
10
22
5
1
6
2
4
2
3
3
32
1
1
1
1
1
2
5
5
2
7
4
8
2
26
4
6
20
8
66
1
2
11
1
1
6
2
2
2
12
39
1
14
1
2
7
19
4
5
2
3
12
90
2
6
16
35
1
1
1
1
2
3
2
3
2
11
1
1
1
2
2
3
4
1
4
19
1
2
10
1
1
3
1
4
3
1
2
9
14
1
394
8
1
4
15
1
1
1
33
1
1
5
4
8
1
1
1
3
10
1
131
2
1
21
1
1
3
1
3
10
2
10
1
1
1
2
1
9
4
4
1
2
1
35
1
175
8
450
1
1
2
5
1
1
113
2
1
2
1
61
1
1
2
2
1
5
1
1
1
39
1
1
1
1
1
4
1
5
1
2
2
1
6
1
5
1
1
1
7
1
33
2
12
1
1
1
5
3
1
1
1
30
1
1
37
10
2
4
2
2
18
13
1
5
3
1
3
41
2
3
2
2
5
1
26
1
2
2
3
12
1
3
2
1
33
2
1
1
1
1
14
1
1
1
6
2
15
1
6
76
1
1
3
1
3
38
1
1
4
2
4
2
70
1
1
2
37
44
1
4
1
1
10
14
2
1
1
1
1
3
2
2
1
4
1
10
1
1
1
1
1
32
1
3
2
1
5
5
4
2
37
1
2
1
1
4
4
9
6
1
27
4
435
1
6
22
3
1
1
21
5
2
8
3
2
1
1
7
7
10
1
2
1
1
9
1
1
1
1
1
160
18
1
17
1
1
4
2
1
2
14
1
20
1
10
1
16
1
9
1
234
12
1
5
1
1
3
3
1
3
3
27
1
1
369
1
2
1
3
2
1
1
1
4
1
2
13
4
1
1
1
86
1
1
1
1
11
1
1
1
125
2
1
1
1
2
2
2
1
1
1
2
1
1
1
4
1
1
3
14
1
1
3
14
485
1
1
10
4
2
75
6
1
1
80
1
4
13
1
3
1
5
1
1
1
1
1
14
5
4
4
1
2
2
2
2
2
5
1
2
3
1
1
1
2
1
3
1
1
2
1
2
1
2
1
1
1
1
1
1
1
1
1
1
3
7
1
1
29
1
2
1
1
1
1
112
2
165
1
2
1
2
328
1
3
3
2
3
1
1
1
1
2
495
1
1
3
1
1
40
10
1
15
1
1
2
4
7
1
1
4
1
1
1
2
1
5
5
1
1
1
6
1
1
1
1
1
1
5
1
74
40
43
1
1
2
1
1
24
1
13
1
2
9
2
1
1
2
1
1
2
3
2
1
1
6
18
10
3
2
3
2
2
1
1
1
1
1
3
1
1
2
18
1
1
1
1
3
1
1
1
1
244
4
1
1
4
2
2
9
1
1
1
29
4
2
2
7
1
1
229
2
1
1
1
1
2
2
1
1
2
10
4
46
1
1
5
1
1
2
1
1
1
1
1
1
3
2
1
96
1
1
2
1
1
1
1
1
146
1
1
2
2
2
1
1
1
1
6
6
2
1
1
1
1
1
1
1
1
2
2
1
2
1
2
1
3
2
3
1
60
1
2
1
1
3
1
2
1
1
1
1
1
1
1
1
1
1
1
1
1
64
2
1
4
22
1
7
1
1
2
6
4
73
3
23
6
10
96
6
1
2
10
3
1
1
1
1
49
1
1
2
121
7
25
4
4
5
1
1
1
8
13
1
2
1
1
4
8
429
1
23
2
1
16
25
26
1
1
1
1
6
4
3
31
51
1
1
2
1
26
2
10
1
1
3
2
1
8
41
114
1
1
1
3
13
33
1
1
5
15
2
1
1
37
20
1
1
1
1
1
1
1
1
1
65
1
3
1
1
25
3
9
1
2
344
21
39
1
2
217
1
1
193
1
3
1
13
4
1
2
2
9
24
37
1
25
1
7
3
26
1
1
13
13
3
5
2
1
1
1
15
3
5
1
1
3
39
272
7
1
3
2
10
8
14
1
1
5
2
1
1
1
1
1
1
324
1
11
90
2
226
20
1
1
1
1
4
1
1
9
4
1
29
1
10
1
1
1
18
1
1
1
2
11
3
16
10
1
7
3
1
3
1
1
1
5
3
1
1
1
1
1
1
1
1
1
1
1
2
24
1
2
1
103
2
1
1
1
5
55
77
4
10
1
8
11
11
9
20
4
6
2
100
7
5
4
13
1
5
3
3
1
1
1
12
2
1
11
3
6
8
163
24
1
1
1
1
31
1
4
2
1
1
4
1
2
5
1
1
29
15
5
68
2
8
5
6
1
1
6
9
1
27
58
2
1
1
3
49
2
15
5
1
1
2
3
2
2
23
5
6
1
13
1
14
1
2
3
24
17
1
2
3
1
1
1
1
129
1
3
8
1
1
1
2
2
1
1
2
19
2
2
1
2
1
1
4
1
2
2
1
1
7
1
7
6
6
12
1
13
54
1
1
1
1
6
51
16
15
1
2
1
14
1
1
18
15
162
3
12
30
1
1
234
3
2
24
17
4
1
1
1
1
2
97
3
7
1
1
3
2
15
2
5
9
1
8
4
5
18
1
1
1
4
3
1
22
17
12
9
1
1
4
6
19
4
15
20
21
4
19
14
18
3
65
2
78
1
16
3
1
58
16
103
37
7
171
7
1
78
2
1
1
1
18
1
2
18
2
2
11
1
12
7
2
4
3
1
1
1
1
22
3
7
2
7
5
2
36
23
50
1
28
1
3
1
21
1
12
2
1
47
51
22
1
69
4
2
19
3
3
75
4
1
96
1
1
2
2
1
1
18
2
1
2
1
1
1
1
1
1
1
1
1
24
1
5
1
1
11
1
1
1
19
8
1
1
9
2
2
1
1
16
1
9
2
1
1
1
1
1
3
40
3
1
1
1
1
1
2
10
2
7
1
1
1
1
1
2
1
1
1
1
1
1
1
1
3
2
41
1
2
1
1
1
336
2
25
1
1
5
1
1
8
208
2
46
1
10
1
3
9
1
12
91
1
1
9
25
1
2
5
2
10
1
2
1
2
2
99
1
1
1
1
1
1
1
5
11
1
1
1
1
1
1
1
1
24
1
1
1
1
1
1
1
5
2
51
1
3
2
410
1
1
2
2
1
5
6
1
1
1
1
1
1
1
1
99
1
1
1
4
3
1
3
105
1
1
1
2
1
177
3
1
1
1
2
1
1
6
2
3
5
1
1
1
1
3
2
1
1
1
3
2
1
1
1
1
1
3
1
32
1
1
5
18
1
1
20
3
39
1
1
2
1
1
1
78
2
1
3
2
1
1
2
1
2
60
2
281
39
2
1
1
2
1
3
11
111
3
24
1
2
3
7
1
3
1
1
1
19
2
1
1
2
1
2
5
46
1
14
1
2
3
5
20
29
7
1
4
1
1
4
4
4
1
2
1
1
1
120
2
1
2
3
1
1
23
1
1
1
1
1
2
9
7
6
75
37
35
3
35
8
1
1
2
2
7
6
20
1
4
1
1
7
1
1
2
1
2
3
3
7
4
1
1
2
3
8
4
6
36
1
3
2
10
1
1
2
1
2
1
2
4
1
1
1
56
1
1
10
1
1
3
1
6
2
33
20
2
470
1
1
2
3
1
1
5
1
1
5
1
1
1
2
7
1
1
1
2
5
9
1
1
8
1
1
2
6
14
2
468
1
3
1
1
1
1
1
5
12
1
1
4
2
23
2
2
1
1
1
22
3
1
1
4
1
3
5
32
1
1
1
1
1
6
23
1
1
2
3
1
1
1
1
1
1
5
2
1
2
44
1
2
18
1
3
1
1
1
1
13
3
2
1
1
3
1
2
1
1
2
16
4
17
1
1
8
1
1
6
2
1
1
1
1
232
75
5
1
1
1
1
1
1
25
1
1
1
1
2
2
11
6
3
1
8
1
1
1
1
1
1
11
19
44
526
1
1
4
6
4
42
4
1
11
2
1
2
1
1
2
2
12
1
27
1
19
1
2
1
1
1
1
1
1
1
5
7
1
12
1
26
13
1
1
17
3
6
2
3
3
1
1
1
1
1
1
1
1
1
230
1
5
79
2
4
1
1
3
5
61
5
14
4
1
2
7
1
1
22
2
8
1
4
1
3
4
3
2
1
3
9
13
370
1
305
1
2
1
1
1
8
2
1
7
19
13
1
1
6
1
1
2
4
1
3
1
6
4
1
2
1
2
4
1
1
1
2
2
1
1
1
1
2
1
1
1
4
3
3
18
2
3
1
1
4
6
1
1
1
2
1
3
1
1
2
1
1
2
1
1
1
16
1
1
84
9
55
7
2
2
1
1
1
88
3
7
1
7
1
1
1
12
1
14
1
9
16
1
3
1
1
5
1
1
1
1
1
1
1
1
1
3
1
1
1
3
515
1
1
1
1
1
1
37
3
6
1
25
7
1
1
1
1
1
7
1
1
1
1
1
38
1
1
1
1
1
1
1
1
9
5
1
1
29
1
13
4
2
2
1
4
1
1
5
1
1
1
13
1
2
1
572
1
14
22
1
3
1
4
1
131
89
1
2
8
1
1
1
1
2
2
1
2
1
6
3
1
1
1
3
1
1
1
5
1
64
2
1
1
1
1
1
8
4
1
1
35
1
88
2
4
17
12
5
1
8
1
25
23
4
1
1
7
3
1
1
366
149
4
1
2
4
1
30
5
1
1
4
1
15
1
87
4
1
1
1
1
1
3
152
82
2
10
10
1
1
120
44
112
8
10
16
44
172
34
18
7
13
1
186
29
6
32
1
6
1
23
2
7
329
5
100
8
25
17
6
69
194
3
18
4
5
2
63
45
4
11
25
1
1
1
1
1
4
5
1
1
2
24
1
1
1
4
1
1
2
2
22
1
1
6
1
2
1
1
12
1
1
14
96
1
1
6
1
1
1
1
52
39
1
3
2
1
1
1
1
10
1
5
1
6
3
1
1
200
1
1
5
2
1
3
2
5
1
1
1
55
1
3
12
441
2
3
12
1
1
1
1
2
1
16
1
1
1
1
1
1
1
1
1
1
2
12
1
5
2
1
49
2
1
1
3
1
10
1
1
1
1
1
1
1
1
3
15
4
3
1
1
1
2
1
1
1
1
1
1
6
1
1
3
8
1
1
1
1
1
62
4
7
1
19
75
350
1
1
3
1
12
1
214
2
2
4
4
1
63
18
1
8
3
1
1
1
12
1
149
1
1
1
1
1
6
1
1
3
1
1
22
2
1
1
1
8
1
4
1
2
1
2
5
1
2
1
2
3
3
2
1
1
1
1
1
8
1
1
1
3
1
8
1
3
1
1
19
1
25
2
33
1
29
21
5
1
71
1
1
1
2
2
3
1
2
1
1
1
1
12
1
1
1
25
1
1
3
1
1
1
2
1
2
1
245
1
1
1
1
1
33
1
4
6
6
1
1
1
1
1
1
1
1
19
6
1
8
1
2
1
1
1
2
1
1
1
1
1
1
2
1
3
55
1
3
2
1
1
1
5
3
1
5
4
1
1
1
1
1
23
1
1
19
198
1
1
1
2
1
5
1
2
2
1
1
1
3
1
1
1
1
91
1
3
1
1
1
1
20
2
1
1
1
1
13
9
2
1
1
1
1
1
1
1
1
1
2
1
8
1
4
18
3
2
5
2
143
1
8
147
1
14
1
1
1
1
117
2
2
1
10
2
19
1
7
1
1
1
1
1
1
1
1
1
1
2
1
1
1
7
1
1
1
1
9
1
1
1
2
1
1
1
389
1
1
2
151
2
1
1
1
7
1
1
6
2
5
94
1
2
6
1
2
1
1
1
14
30
1
22
78
1
1
34
1
1
1
2
1
27
1
4
2
7
1
19
1
3
2
1
11
3
3
4
1
1
2
4
3
2
10
3
1
2
1
13
4
1
1
5
2
3
1
8
14
33
2
30
13
12
1
24
1
2
1
1
1
2
3
4
1
2
1
1
1
1
1
13
2
1
2
9
14
1
4
1
1
1
1
1
1
1
9
1
1
6
78
1
1
1
9
2
1
5
2
1
1
13
1
1
2
1
4
2
85
2
1
1
1
1
12
1
1
1
4
3
17
14
25
1
1
1
4
2
40
4
1
1
3
3
3
93
38
127
1
17
5
1
1
2
31
6
4
65
3
1
1
1
4
15
3
2
2
8
44
98
5
1
2
1
1
1
2
10
4
3
1
133
5
3
1
1
1
1
1
1
1
35
1
1
2
5
13
2
1
1
1
1
1
1
1
2
1
15
2
4
14
1
4
2
1
1
2
1
1
1
13
1
1
2
1
5
1
3
1
1
4
6
26
1
2
1
1
1
1
1
1
12
1
3
4
1
1
1
1
1
68
56
2
60
1
4
74
2
13
1
1
5
2
1
1
1
1
3
40
1
1
3
1
1
1
3
195
1
3
7
1
3
1
1
70
2
3
1
1
1
6
1
2
2
398
4
2
1
21
1
1
3
1
1
3
1
1
1
1
1
1
1
20
130
15
1
1
2
1
1
1
1
1
1
1
2
1
1
3
10
1
2
1
1
7
7
2
1
15
1
11
1
1
1
1
1
6
8
5
1
14
2
2
1
1
3
5
27
4
1
2
2
18
7
134
1
1
1
18
1
34
1
1
1
1
1
1
1
1
1
2
1
1
1
1
18
1
1
1
1
1
4
1
1
3
1
2
4
18
3
4
1
4
12
3
1
1
1
2
4
4
21
2
1
10
1
1
2
1
22
15
27
1
8
1
18
1
4
484
1
22
2
1
10
3
1
1
6
1
2
1
7
78
8
3
13
6
1
5
2
3
1
3
4
1
1
2
1
1
1
4
1
5
1
2
3
1
3
29
5
14
1
1
1
1
1
1
1
1
1
2
4
6
1
1
8
12
297
1
1
2
187
1
1
2
1
1
15
1
1
1
7
1
1
2
1
1
1
1
23
3
404
19
156
2
1
1
4
1
1
1
1
2
1
1
2
1
1
1
1
1
56
1
1
1
2
6
76
5
1
1
193
1
1
1
1
6
60
