2
2
1
2
4
1
1
4
2
1
1
3
2
2
1
1
3
5
2
9
3
1
8
3
1
1
1
12
5
1
3
25
2
3
2
1
7
1
2
2
1
1
7
1
1
1
1
2
12
2
6
3
1
1
2
6
1
1
2
1
5
1
1
2
1
14
9
2
6
2
1
2
16
6
3
1
1
1
2
2
5
1
4
4
2
5
1
1
1
2
1
2
2
11
7
4
3
2
5
5
2
2
3
2
3
1
6
2
1
3
2
6
1
4
1
3
1
2
2
2
5
2
2
15
2
1
8
1
1
1
1
2
1
1
2
19
8
3
1
1
3
5
1
2
1
1
1
18
3
8
2
1
1
2
3
3
2
6
2
4
2
3
10
1
4
28
1
1
1
2
1
1
1
1
3
2
7
9
4
1
1
3
2
2
1
4
1
3
1
1
1
2
2
6
2
2
16
2
3
18
1
4
1
2
2
22
4
3
1
21
3
1
5
7
1
1
1
1
3
3
2
2
7
1
21
1
1
7
1
1
1
2
1
4
8
1
4
3
4
6
1
4
1
1
2
1
7
41
2
1
1
4
2
1
1
5
9
1
4
2
2
3
2
1
1
9
2
1
4
2
5
1
4
2
2
1
2
2
3
1
1
1
18
3
7
3
1
2
1
2
1
1
2
4
2
1
18
11
2
3
1
2
2
18
1
2
1
3
4
5
2
2
5
1
2
2
11
2
2
4
2
3
2
2
1
3
1
1
2
1
4
52
2
1
1
2
1
1
14
8
1
5
2
1
1
1
2
1
4
1
6
1
2
7
1
2
5
1
3
1
9
23
2
1
3
4
1
14
16
2
8
1
1
7
1
2
2
10
2
2
13
12
1
2
1
3
1
2
1
3
3
3
1
1
2
1
1
2
5
1
5
6
1
2
2
1
1
1
1
4
3
2
1
1
1
10
31
1
1
7
11
6
1
1
4
1
1
1
3
4
2
2
3
2
4
8
1
4
4
1
6
5
1
2
1
5
1
3
1
2
1
7
1
2
2
8
2
1
1
1
2
8
1
6
2
2
16
1
13
7
2
4
7
1
2
11
13
1
2
6
5
5
2
28
1
1
1
2
1
8
1
1
14
3
12
1
1
3
2
5
2
3
2
1
5
7
1
4
1
1
1
3
7
1
1
1
1
1
2
1
1
2
3
3
2
4
7
2
2
9
2
1
2
2
4
4
3
1
11
1
1
4
3
9
12
2
1
3
11
1
3
1
4
1
2
7
2
12
10
3
1
1
3
1
1
2
1
2
1
5
1
1
1
1
6
2
1
7
3
3
2
1
1
2
3
2
