177
2
28
12
15
16
16
64
185
2
218
55
2
6
7
4
228
71
145
243
3
17
158
1
2
108
111
28
34
13
17
27
203
37
1
142
1
2
33
1
5
10
1
451
11
57
159
14
4
24
4
7
49
60
150
73
20
3
24
3
187
7
215
1
145
72
6
95
94
198
120
12
51
13
193
47
2
9
107
51
3
20
46
3
35
1
5
21
2
11
16
45
27
1
19
6
459
21
4
9
17
63
4
3
1
55
6
2
133
43
4
203
75
14
2
1
136
3
22
25
18
219
40
199
15
37
13
131
166
27
8
24
13
69
214
124
2
137
22
14
5
12
116
4
10
5
13
254
3
160
36
46
6
2
2
10
5
1
5
1
131
47
4
6
15
9
643
78
14
18
1
150
140
285
3
166
75
1
1
97
4
261
3
11
9
14
422
78
50
232
4
4
5
2
6
4
1
15
47
15
2
43
2
230
211
73
5
176
4
16
71
14
23
32
197
197
262
31
6
2
70
5
132
4
86
46
556
27
50
38
131
3
6
2
88
61
66
35
5
14
4
22
2
4
1
21
466
151
10
1
30
36
106
3
168
1
64
66
7
11
5
87
5
51
12
14
4
183
61
1
47
188
1
19
113
7
101
6
51
167
1
2
1
65
91
4
33
9
2
34
78
5
208
2
155
1
6
15
7
135
95
163
3
20
24
8
8
5
132
39
29
3
2
3
3
95
2
40
5
210
122
24
191
367
4
4
2
41
155
13
28
5
1
12
23
16
325
217
4
27
3
162
4
274
10
1
158
2
2
12
26
287
633
57
1
144
251
2
12
2
63
7
6
2
154
28
15
347
1
89
8
274
8
118
148
1
7
4
220
17
10
9
5
8
17
3
2
128
1
1
1
22
19
17
8
8
109
2
17
2
97
16
3
1
27
11
22
73
33
665
159
7
409
1
52
2
240
135
218
4
1
16
5
573
13
22
2
95
132
1
1
23
1
271
4
221
62
23
14
27
65
6
6
22
20
3
43
28
3
34
4
2
58
160
16
156
38
3
1
6
23
10
1
2
2
64
22
5
22
31
141
47
13
16
2
1
55
179
38
43
103
253
7
7
365
32
3
64
2
7
49
116
23
2
10
83
43
4
2
390
10
3
1
38
16
2
8
61
5
6
6
13
133
4
11
102
20
320
20
5
44
2
1
27
21
1
18
642
1
26
84
272
1
5
34
26
122
77
161
1
52
9
1
7
3
4
101
7
2
179
38
244
20
6
67
6
42
74
79
161
175
12
74
2
73
10
5
6
2
223
20
9
328
4
2
4
5
227
8
2
230
122
3
3
90
4
63
139
2
7
151
108
1
2
1
15
143
32
6
2
3
25
2
50
61
9
114
10
265
444
4
14
34
79
19
124
20
9
1
116
17
8
19
128
6
3
93
5
2
116
4
303
24
119
7
2
1
12
2
28
1
26
87
23
1
42
420
56
126
21
271
14
44
3
3
2
96
84
78
3
10
5
88
2
57
10
181
71
3
2
16
29
5
279
197
14
121
9
32
3
4
1
328
100
36
7
3
112
66
2
8
2
12
93
16
1
259
3
2
13
534
21
16
17
52
1
14
4
3
1
9
259
2
1
3
4
1
4
47
19
167
3
5
31
154
4
164
3
417
2
126
6
2
3
13
15
100
16
3
3
79
27
2
330
47
63
328
5
3
10
42
2
5
216
9
302
5
63
5
132
13
61
56
235
2
128
31
51
8
7
83
627
4
5
5
7
99
3
28
1
168
270
8
34
30
1
198
3
67
199
2
7
1
80
448
479
47
147
1
2
10
13
1
11
17
111
9
29
243
2
101
317
105
81
11
114
3
6
4
164
38
20
2
2
114
12
1
1
8
168
1
107
100
25
12
29
17
13
1
3
40
1
114
29
2
2
124
20
1
5
611
53
5
14
278
26
126
34
618
159
4
6
50
7
12
43
2
2
1
1
8
1
196
20
4
3
33
9
23
2
147
11
11
346
47
196
1
128
4
4
3
4
3
227
15
143
1
1
347
6
42
23
8
2
17
57
3
1
151
184
165
293
3
13
3
2
4
20
43
113
6
140
77
169
2
24
16
3
6
209
10
21
1
19
2
13
13
11
513
112
4
2
8
19
126
187
95
29
2
1
3
95
14
1
66
99
23
65
60
133
113
7
3
1
30
200
88
1
103
147
26
13
6
31
52
14
12
5
6
36
5
75
74
6
92
11
154
123
16
24
4
94
1
11
7
45
19
2
120
2
7
48
6
296
37
109
31
3
14
346
58
53
1
27
2
151
4
7
41
11
43
70
1
32
69
19
6
126
157
74
17
18
107
4
160
27
109
2
17
2
7
232
182
50
15
157
1
3
1
4
50
9
47
215
12
6
27
13
40
6
44
81
14
6
292
57
164
395
2
25
1
200
21
69
1
34
115
13
4
1
92
2
61
40
5
9
156
18
1
94
35
55
44
1
1
10
3
43
24
22
29
8
3
23
110
2
57
18
1
73
2
64
13
43
10
55
77
242
105
2
175
10
1
36
5
104
66
222
4
