7
2
5
4
2
1
5
1
1
1
4
4
4
2
19
2
2
1
2
2
1
1
2
2
1
7
2
2
2
2
4
1
2
2
1
1
1
1
1
2
7
4
7
2
1
1
1
1
4
1
3
1
21
1
1
1
9
7
1
1
1
2
4
2
1
3
2
5
1
11
5
1
2
1
1
9
25
3
5
2
2
1
3
3
3
3
2
12
1
2
5
1
18
5
11
3
1
2
2
2
1
7
4
1
3
8
1
1
1
1
3
2
1
2
6
2
11
1
2
1
5
3
2
1
1
2
2
2
2
2
1
4
53
1
1
1
1
2
1
2
41
1
5
2
1
1
1
1
2
3
2
10
3
2
1
6
2
8
16
2
2
1
1
2
1
11
1
2
5
5
1
4
1
11
9
5
3
1
2
1
5
9
1
2
6
1
2
9
2
4
3
2
6
3
6
3
2
7
1
4
1
1
5
2
1
2
3
2
9
2
3
5
4
1
1
2
1
1
1
1
1
1
1
1
1
4
2
1
4
4
1
1
10
1
3
1
2
8
3
1
1
3
5
3
1
26
1
2
1
2
2
2
1
2
1
2
4
2
21
3
1
4
1
1
1
5
7
2
3
1
1
1
22
2
1
1
2
1
1
6
1
1
2
3
3
2
4
3
4
2
2
6
1
3
7
2
1
2
2
1
1
17
5
5
6
1
1
4
13
1
1
1
2
1
1
13
2
2
1
1
1
6
6
1
3
6
5
1
1
2
4
2
1
4
3
3
2
1
1
2
2
7
1
3
1
7
1
2
1
6
1
2
4
2
6
2
6
1
2
1
5
2
1
11
2
1
2
1
1
1
2
7
1
3
1
3
2
2
2
2
1
2
3
2
2
3
3
1
2
7
7
1
4
1
2
2
1
3
4
1
5
1
3
2
2
2
24
1
3
1
1
1
4
2
1
1
2
1
1
1
7
2
4
1
4
6
9
1
10
7
11
1
2
14
3
3
2
3
4
1
4
1
1
2
1
10
2
1
1
9
10
2
4
24
3
5
1
1
1
12
2
1
2
3
11
14
2
1
1
3
1
5
1
1
2
2
1
3
1
2
1
3
1
9
5
3
9
12
2
2
2
3
3
2
1
3
3
1
2
1
3
1
1
4
1
4
8
1
3
4
2
1
1
1
1
39
1
11
7
2
3
14
2
6
5
1
6
1
1
1
46
5
1
1
1
2
1
2
1
1
1
2
1
2
1
1
1
4
2
6
2
1
4
3
3
2
1
1
3
1
2
2
1
1
1
4
1
5
3
3
3
2
10
3
1
2
1
1
2
1
2
2
1
3
2
1
3
2
2
5
2
1
2
8
1
1
3
9
1
3
4
1
1
3
3
7
3
1
1
5
1
8
11
6
30
15
18
1
4
2
3
13
9
5
2
2
2
1
2
2
1
1
3
11
15
2
5
1
6
4
2
7
3
4
1
2
1
4
2
1
2
1
1
1
1
2
1
15
9
2
6
1
3
3
6
1
2
2
1
2
1
2
8
1
2
1
1
2
4
1
1
1
1
1
1
2
1
2
1
6
7
7
1
3
1
1
1
2
1
3
1
3
4
1
3
3
5
10
1
5
2
18
3
5
1
3
2
1
2
1
3
1
2
3
2
5
1
2
39
2
24
2
7
2
3
1
2
1
1
3
1
1
6
2
1
1
2
1
1
1
2
1
1
4
2
2
1
1
5
1
2
6
3
1
3
1
4
5
6
2
14
3
1
7
1
4
1
1
1
1
1
8
7
1
4
1
1
11
2
2
1
1
1
1
1
1
9
1
1
1
1
1
1
2
2
21
1
1
1
1
1
2
15
2
2
1
2
1
1
1
2
5
2
4
5
2
1
1
2
3
1
1
4
2
1
1
4
2
2
1
2
13
2
2
1
1
4
1
1
3
6
1
3
6
3
2
1
2
2
3
11
5
1
17
6
3
5
1
1
6
17
1
2
30
22
5
1
1
6
1
6
1
1
4
3
1
1
3
2
22
1
1
1
5
17
5
2
2
6
5
1
1
1
8
1
1
1
1
1
4
2
3
1
14
3
1
3
3
1
2
1
2
4
2
2
1
2
3
2
22
4
3
1
1
1
1
4
1
4
4
6
1
1
2
2
1
1
1
1
1
2
3
1
1
2
3
1
1
2
1
6
13
1
5
5
5
3
3
5
2
8
3
3
15
1
2
