37
7
3
9
1
3
2
1
1
1
6
1
10
18
3
4
1
1
2
2
16
18
13
4
2
3
1
13
1
6
2
3
6
4
1
2
18
1
1
1
3
9
3
3
6
4
8
4
1
2
6
1
4
5
6
1
4
1
1
1
1
1
1
7
3
1
2
1
9
2
1
2
3
1
1
4
5
8
2
1
2
1
8
2
2
8
4
2
1
1
1
1
1
5
3
3
24
5
2
7
3
1
4
2
2
1
7
30
14
1
1
3
2
1
5
3
8
2
1
1
1
1
4
1
1
1
3
2
2
4
19
3
7
1
10
7
1
2
1
1
1
3
2
1
2
2
2
2
1
3
1
18
6
11
1
1
5
1
2
4
3
1
1
27
15
1
2
2
3
1
9
4
40
8
1
3
1
5
12
3
5
2
1
1
1
4
2
2
2
9
5
1
3
3
2
27
9
2
20
6
2
1
1
1
1
3
1
1
2
7
3
2
13
1
2
12
7
3
1
4
28
6
5
1
4
2
2
9
4
1
3
12
2
1
1
5
7
1
4
1
2
1
2
5
3
9
1
7
15
1
2
2
1
2
9
1
1
2
1
2
11
5
1
2
1
8
1
7
3
1
11
1
1
2
8
1
4
3
1
1
1
6
2
1
1
11
1
2
2
25
2
4
1
3
1
2
2
11
6
3
2
1
3
1
1
12
1
2
22
1
1
1
1
3
3
1
2
1
8
5
4
2
2
41
4
1
9
1
17
1
4
2
1
2
4
1
2
8
2
3
2
3
3
8
1
12
2
1
5
5
10
2
1
1
2
1
1
1
1
1
3
1
4
3
5
11
1
3
1
3
29
5
1
2
8
2
2
6
8
3
12
1
1
1
5
11
1
2
17
2
2
3
16
3
14
2
1
7
3
4
1
1
34
2
1
2
5
1
3
1
5
3
4
24
1
2
4
1
9
1
4
1
2
5
27
9
7
14
1
3
1
10
1
2
2
1
18
2
1
3
4
6
1
3
3
3
12
6
5
7
7
46
3
12
1
5
8
5
15
1
2
2
17
3
5
1
1
2
7
2
1
1
1
26
10
2
1
1
7
2
4
2
6
1
3
4
1
1
13
1
1
9
11
1
1
14
1
2
10
1
3
3
6
4
3
1
1
2
9
3
10
11
3
3
5
6
5
6
5
5
1
2
1
2
2
9
2
2
12
5
2
13
4
1
4
1
20
1
5
10
2
1
2
18
7
3
2
9
3
1
16
1
4
6
2
2
1
5
1
2
2
3
4
6
2
2
2
1
8
1
3
3
9
2
8
2
3
2
1
3
15
5
6
1
6
1
2
40
2
11
2
2
15
1
2
2
1
9
1
6
1
3
22
1
1
5
2
2
2
2
3
11
1
1
5
1
3
1
1
4
13
1
2
15
1
4
14
3
1
2
14
1
9
10
3
1
4
7
1
1
2
4
47
1
3
23
5
2
1
1
30
1
2
7
1
4
3
1
6
2
7
4
1
5
2
4
3
2
3
1
2
11
2
4
1
3
3
1
2
10
1
1
2
2
4
2
1
1
1
3
6
1
14
2
1
2
4
10
1
3
11
1
36
2
17
7
17
1
1
3
2
2
2
10
11
3
3
2
1
17
2
1
12
9
2
13
2
2
1
11
2
2
1
2
1
1
13
1
1
3
4
3
4
4
4
2
30
1
1
8
7
2
4
6
4
1
63
1
1
16
3
6
1
1
2
26
8
3
2
7
5
4
3
5
6
5
2
2
1
2
14
1
1
1
4
8
1
2
5
1
1
1
4
1
18
1
2
2
1
2
3
1
1
1
1
2
2
6
1
6
20
2
2
2
6
3
1
6
15
1
2
8
2
3
2
3
1
2
2
1
1
1
13
2
3
1
2
1
1
2
7
6
2
2
2
16
18
3
2
1
1
1
1
3
3
6
1
6
1
7
15
40
4
6
74
1
1
43
2
3
1
3
5
1
1
10
1
5
17
4
1
1
2
21
15
6
1
1
3
3
4
10
4
6
8
1
7
1
7
11
2
1
4
1
1
1
1
6
1
2
7
1
3
2
1
1
2
3
8
1
2
1
1
1
10
2
2
1
1
45
1
4
2
2
10
1
2
1
2
1
13
2
4
2
3
1
1
20
20
1
17
1
3
55
4
3
3
3
1
1
3
1
8
4
1
14
2
2
3
2
1
11
2
3
5
4
2
3
2
1
3
9
17
4
1
2
1
8
2
1
1
2
1
4
1
4
2
2
2
23
20
6
17
1
2
3
3
16
4
1
3
8
1
1
7
6
1
3
5
3
1
11
3
1
9
1
1
1
2
6
3
15
2
1
4
4
2
3
2
1
1
1
2
5
2
2
1
18
10
4
1
4
9
1
1
1
1
2
2
3
1
6
9
1
1
14
2
70
1
3
1
4
6
1
2
1
12
2
1
3
3
2
6
19
2
18
1
2
4
1
5
3
2
13
1
1
4
4
3
20
1
2
2
14
1
25
1
4
1
3
1
5
5
12
2
2
1
2
33
2
13
1
7
1
2
9
2
7
1
5
3
1
6
4
3
2
1
6
1
4
2
2
2
9
2
4
1
2
2
1
3
3
2
1
2
2
1
3
2
3
5
2
1
3
5
8
10
6
10
6
2
21
1
1
3
2
2
4
1
2
3
26
2
1
1
4
5
12
2
1
2
5
1
10
7
4
1
1
1
2
2
1
1
4
2
1
32
4
1
1
36
1
1
7
4
3
11
1
7
10
1
5
19
1
7
11
1
1
8
9
2
1
1
2
6
3
1
1
1
6
6
1
4
1
2
1
1
6
2
1
3
3
8
1
7
6
9
4
2
1
4
1
2
2
6
6
3
3
21
3
1
3
1
4
1
1
1
8
4
14
4
1
7
1
2
7
1
3
4
2
8
1
7
1
7
3
2
4
4
2
1
1
1
2
4
2
1
3
16
1
2
2
1
1
2
2
2
18
4
2
1
1
15
1
5
2
2
6
9
5
4
15
10
15
1
2
4
1
1
5
1
5
6
4
6
1
9
1
2
5
3
1
7
7
1
2
3
1
11
4
17
2
3
1
2
2
20
1
4
4
1
8
5
1
3
2
1
1
1
1
19
1
1
2
5
4
1
2
1
3
1
2
2
25
1
4
1
2
2
1
1
13
5
3
3
2
3
1
4
1
6
1
2
9
1
7
5
1
3
8
31
9
2
2
3
2
2
1
2
2
1
1
2
6
1
16
1
2
2
7
1
1
9
11
5
7
1
12
11
1
3
31
1
1
4
1
1
2
3
19
3
4
3
27
3
1
1
3
4
4
2
12
2
1
1
17
2
9
48
14
4
1
1
10
1
1
1
3
2
11
2
2
4
3
4
4
7
1
1
4
2
2
1
6
3
2
1
1
1
2
1
2
4
1
1
2
5
2
1
2
16
7
2
4
8
2
1
9
5
2
3
3
1
1
8
1
1
4
7
1
18
10
3
1
10
1
1
1
10
1
7
3
2
1
6
1
3
2
7
3
2
5
1
12
1
1
2
1
17
1
6
61
2
1
5
3
3
2
1
5
1
5
2
11
15
1
18
3
2
2
5
4
5
4
32
4
5
10
1
1
1
3
1
1
1
8
5
8
4
37
6
2
19
2
4
10
13
1
2
19
2
2
4
2
3
2
5
1
1
2
7
1
3
1
4
10
3
1
11
1
18
1
8
3
5
2
10
1
8
2
2
1
3
1
2
1
3
2
2
1
2
5
1
5
1
2
5
1
1
3
2
1
2
4
1
2
1
7
14
9
29
4
28
1
1
1
3
1
4
7
6
4
2
2
1
3
1
3
2
1
8
7
2
2
3
1
1
2
1
6
2
1
2
1
1
5
2
5
1
1
8
1
4
2
6
2
3
2
4
26
3
5
1
1
26
1
1
9
7
2
6
2
2
6
7
1
1
4
2
2
1
3
3
3
8
7
3
2
2
1
3
9
1
10
4
1
3
2
2
14
10
1
1
3
23
3
2
7
1
4
1
2
6
2
1
2
30
3
9
6
2
2
3
2
2
1
22
2
16
9
1
1
2
7
4
13
2
2
5
1
9
2
2
2
1
3
2
3
15
1
1
7
2
4
5
1
3
1
1
1
3
2
1
6
1
6
2
12
1
1
4
1
20
2
1
2
2
12
2
1
26
3
2
6
3
1
2
8
11
2
1
5
5
25
1
7
1
1
3
11
12
2
2
1
8
1
2
1
35
1
2
1
3
1
13
1
3
3
1
2
2
1
2
2
2
2
7
2
1
1
1
2
43
2
2
1
1
2
1
1
1
1
1
1
1
1
5
7
6
4
1
1
1
3
1
14
2
2
13
2
10
5
4
1
4
20
2
6
2
2
10
4
5
10
1
14
43
2
2
4
4
1
11
1
19
2
2
12
1
2
1
1
2
1
3
4
5
2
2
1
4
2
1
1
6
2
2
1
3
7
2
5
2
5
6
1
1
1
2
18
3
2
5
3
1
1
2
2
4
2
5
3
10
10
3
18
1
2
1
3
3
3
1
4
4
8
3
1
2
21
1
4
1
3
1
3
18
7
12
5
2
2
1
1
4
2
6
2
3
20
4
6
3
18
1
1
9
33
6
1
23
5
19
2
4
1
1
1
1
4
2
3
2
1
6
42
7
1
4
1
1
1
4
13
1
30
4
10
1
3
4
1
2
1
2
5
7
1
6
2
4
2
3
1
2
14
3
3
3
3
3
35
20
1
9
3
1
2
2
7
1
2
2
2
6
1
1
6
20
18
1
2
4
5
1
2
1
20
3
6
1
3
45
4
8
2
4
4
7
4
2
5
1
3
8
6
11
14
1
1
2
2
1
2
1
4
1
31
3
5
7
1
29
3
33
6
2
6
2
30
1
2
17
2
3
1
2
2
11
6
5
1
1
2
1
3
4
1
3
5
1
2
1
23
1
4
1
2
1
12
17
4
3
5
13
1
27
4
1
3
2
3
8
1
1
2
1
11
1
7
18
1
1
49
4
2
6
1
10
2
5
1
2
1
2
8
1
1
1
1
2
2
3
2
10
13
5
4
10
1
1
4
2
3
4
2
2
1
44
1
1
2
3
1
7
1
32
1
1
1
8
4
55
6
3
4
1
6
7
27
1
1
1
3
1
4
11
1
3
1
4
3
3
2
4
2
4
1
1
6
4
2
