21
3
27
3
5
8
13
1
6
17
28
32
10
11
1
18
45
13
1
18
1
9
2
19
11
51
6
19
23
2
3
51
1
2
1
80
3
4
2
23
18
2
1
32
10
6
1
29
3
2
1
6
1
1
16
25
2
5
37
3
4
5
3
3
106
15
13
2
25
8
3
50
6
55
6
21
10
79
34
2
1
1
7
41
1
6
17
2
23
10
17
3
1
13
9
8
9
2
22
1
5
3
3
3
37
25
4
2
1
14
10
2
1
31
25
6
7
6
17
6
1
7
9
5
1
1
30
7
29
24
1
21
4
1
39
21
1
16
1
25
4
44
4
3
52
3
6
3
2
2
14
22
11
41
37
15
2
6
5
109
14
8
12
10
34
1
2
2
2
11
18
6
10
42
2
5
1
2
14
67
1
8
3
15
155
2
1
88
75
11
1
4
4
53
12
3
2
6
5
3
27
12
10
61
12
2
41
2
16
25
2
2
4
11
145
1
130
7
1
44
4
1
16
9
12
5
55
9
31
15
6
6
14
5
5
2
10
18
1
1
10
123
16
2
10
6
2
48
3
3
56
1
35
38
2
12
1
42
27
34
9
13
3
2
7
1
18
2
4
2
16
2
2
6
86
2
1
1
9
21
2
1
6
5
3
3
7
76
6
2
2
19
15
9
2
2
195
10
29
15
3
7
1
12
16
1
57
2
2
93
3
6
1
12
2
5
5
19
1
1
2
6
1
5
1
3
7
1
2
1
10
39
7
6
3
2
25
25
1
176
1
5
4
4
6
96
1
63
1
19
1
4
3
7
11
3
43
9
2
9
27
5
6
3
25
1
10
25
5
24
1
11
4
6
3
2
2
4
18
48
7
24
2
5
3
74
42
21
31
10
3
3
2
49
196
1
3
19
10
40
2
1
4
1
2
4
1
53
1
1
4
34
2
6
3
37
4
1
4
1
1
17
8
4
3
1
27
2
1
2
16
8
36
3
6
3
32
30
6
7
17
1
2
2
29
14
1
17
1
19
2
92
34
2
38
5
3
48
6
2
7
7
16
1
1
1
33
5
42
5
7
4
1
3
3
15
1
1
5
45
5
2
1
1
15
4
8
1
5
5
35
1
5
23
137
16
1
1
27
2
9
1
2
13
2
4
8
3
16
2
14
10
7
3
34
1
1
45
12
4
11
13
21
2
3
2
1
43
1
24
1
131
3
111
5
3
2
3
3
17
11
11
6
12
1
1
25
2
1
1
6
60
3
3
15
25
8
6
2
8
1
1
1
6
20
3
15
2
4
156
2
2
9
2
2
17
4
7
5
10
17
10
35
2
4
37
3
80
77
2
3
26
4
44
31
48
1
1
1
13
53
1
7
5
12
1
2
7
1
9
2
37
16
2
1
11
1
9
3
17
5
10
1
21
6
13
4
1
6
1
2
3
6
2
61
2
47
10
2
2
7
34
1
7
15
7
7
11
10
39
8
2
10
5
2
1
4
1
68
4
4
6
14
14
10
5
8
1
44
23
4
5
1
18
27
8
1
3
5
15
11
2
3
1
3
104
20
3
1
5
10
15
5
11
6
4
3
3
1
47
19
1
27
2
1
5
81
49
7
4
37
25
3
34
24
2
9
4
1
19
5
1
2
12
71
1
1
16
2
1
14
5
1
1
2
2
39
12
2
2
33
1
2
2
2
7
2
4
6
12
2
2
24
156
8
10
1
3
16
2
24
24
7
19
1
4
22
6
5
4
34
2
2
5
15
21
3
17
1
1
1
108
3
1
4
1
4
4
24
22
3
1
3
2
12
13
3
4
1
10
2
2
3
2
3
2
20
19
1
32
1
1
18
118
50
1
13
11
18
30
12
2
3
7
23
3
1
1
4
20
11
1
64
36
2
1
13
7
10
1
2
10
11
1
16
18
3
18
11
11
42
1
2
4
9
8
1
3
2
2
9
59
6
8
34
5
9
3
4
49
11
23
8
39
4
1
1
13
1
10
8
6
8
9
5
3
6
3
1
4
35
14
1
5
2
100
6
14
19
2
2
3
1
40
12
1
12
12
31
2
2
6
12
2
2
6
22
2
6
2
7
3
2
3
1
2
2
50
17
15
6
7
2
2
1
2
37
1
11
1
12
4
30
1
24
64
15
2
25
4
5
3
8
1
72
16
1
4
1
92
21
2
2
3
1
16
2
22
12
24
3
9
2
3
9
42
3
46
3
75
1
46
2
30
10
1
14
1
2
2
2
6
16
22
2
26
2
15
20
3
1
4
4
11
1
7
1
11
2
1
1
3
7
1
3
17
8
2
6
18
2
5
2
3
8
2
1
6
20
23
44
1
6
32
3
13
51
5
42
2
1
6
19
6
10
15
10
2
4
1
2
9
6
1
37
6
1
3
20
5
1
1
3
1
13
64
1
17
2
2
12
23
21
1
11
1
1
4
41
1
22
3
1
5
7
30
43
6
6
2
6
1
4
2
1
28
1
13
7
7
23
6
1
3
8
12
111
1
4
1
15
4
10
10
2
4
1
45
11
2
43
2
2
13
1
54
1
11
2
1
32
4
1
1
9
3
3
19
13
35
28
39
33
15
8
3
15
4
3
22
1
3
51
2
2
12
6
21
17
20
24
12
2
12
10
3
38
1
6
1
19
3
9
36
3
1
6
32
4
2
1
2
10
3
13
1
18
20
1
47
62
3
5
26
12
7
45
6
5
37
2
2
7
21
6
15
3
14
34
1
8
9
28
27
5
4
2
1
9
50
8
2
4
6
2
5
4
4
1
3
8
4
3
7
2
4
3
15
1
6
27
6
5
19
9
1
2
6
9
11
10
3
2
28
4
77
2
2
2
1
34
8
6
1
7
50
4
2
3
6
18
1
1
3
4
5
2
3
24
2
13
1
1
3
4
9
2
5
1
9
36
3
27
10
1
12
4
5
86
2
1
8
2
11
5
2
67
1
2
11
14
5
7
2
1
7
3
12
2
8
4
3
10
4
2
1
8
2
20
16
9
19
2
10
1
4
2
15
43
11
2
1
41
1
13
14
2
2
5
4
1
2
3
6
25
36
28
1
23
17
12
56
1
2
1
3
1
9
4
7
7
2
2
1
4
14
2
1
24
7
3
7
3
11
25
170
11
3
92
28
3
90
1
14
3
1
6
4
31
7
41
6
5
2
9
9
3
6
2
6
2
8
3
6
6
2
4
1
1
2
10
4
1
6
3
41
2
1
25
19
29
1
2
10
28
22
9
1
73
17
14
4
11
2
1
13
5
6
1
19
14
15
1
6
6
6
5
2
47
2
4
8
24
79
2
7
4
2
3
23
12
1
1
1
25
3
13
7
3
4
2
20
6
2
44
29
3
5
19
3
5
58
57
5
12
7
12
2
14
22
10
26
1
1
92
1
3
6
2
8
25
3
10
2
17
23
2
15
6
19
41
46
2
12
2
6
1
1
38
6
74
41
2
1
2
31
116
1
10
14
32
45
8
4
2
14
12
45
5
11
89
29
4
1
1
9
6
2
2
1
4
1
4
1
1
67
26
27
25
27
5
5
6
4
12
1
1
1
32
5
24
1
64
4
2
11
11
1
196
7
4
36
4
7
1
1
23
20
3
20
31
12
1
7
28
8
6
27
2
3
7
2
1
174
2
3
14
16
2
1
1
4
5
3
1
57
4
2
4
2
1
3
14
5
38
1
39
27
2
3
3
2
1
4
3
14
7
3
2
2
24
1
73
92
1
5
2
1
138
11
9
51
49
11
3
28
95
66
58
1
1
13
1
6
2
2
150
2
2
8
33
1
12
21
1
2
6
2
15
75
7
26
5
12
32
1
10
23
8
10
1
2
3
12
4
2
168
3
11
6
12
2
31
49
49
1
2
7
1
7
1
34
14
153
2
17
8
3
33
1
1
7
10
1
1
4
24
8
1
30
20
5
52
6
8
29
2
9
2
1
2
32
15
1
5
4
3
2
7
1
25
7
1
5
25
2
4
12
6
15
14
15
20
32
2
1
1
9
36
1
11
11
1
13
28
20
47
12
7
1
9
32
4
77
7
2
23
2
4
19
21
2
6
7
10
20
8
7
44
2
93
6
1
33
16
11
2
182
24
7
3
17
46
23
5
24
10
4
10
6
6
4
2
1
15
1
1
10
1
1
25
32
108
2
7
1
1
2
17
1
3
52
9
48
7
8
1
7
33
3
29
2
8
1
17
5
77
12
35
6
1
34
44
1
61
1
45
5
2
154
10
6
4
1
7
37
34
3
52
63
9
33
15
22
8
23
17
1
17
6
7
40
20
12
5
1
5
57
19
3
11
4
49
46
2
1
22
179
2
2
7
3
2
3
13
4
2
9
27
14
2
19
1
1
153
1
4
15
7
4
2
2
1
3
1
3
2
4
1
4
5
1
6
1
1
1
4
6
99
187
1
29
3
36
1
111
2
4
2
11
2
10
11
2
1
6
40
13
25
4
5
9
163
51
3
6
1
6
1
2
3
25
5
49
10
1
1
10
8
2
15
4
175
24
28
43
4
27
1
1
1
158
14
6
11
16
88
7
17
3
24
1
21
6
19
3
1
12
38
3
1
1
3
3
17
22
27
4
11
40
5
2
20
54
3
1
1
50
2
2
6
15
5
9
2
17
2
16
16
1
1
3
5
8
2
6
5
1
17
18
62
4
58
7
19
1
2
1
1
6
7
1
3
1
29
14
17
29
2
1
44
1
72
60
2
11
2
2
7
1
3
16
38
5
3
23
1
6
28
2
1
1
5
44
5
5
4
27
1
37
25
45
3
43
5
1
3
2
51
6
55
22
18
2
2
7
2
12
2
1
8
12
7
17
11
75
1
32
1
1
2
8
2
23
3
37
3
69
11
9
2
28
5
1
7
10
4
16
18
2
4
17
2
1
1
