1
2
2
1
2
2
7
13
2
3
4
2
8
20
4
5
2
2
1
3
19
7
3
2
1
7
3
8
23
8
1
1
4
1
10
15
2
46
1
1
7
25
2
3
5
6
5
3
20
5
2
1
2
8
2
2
2
18
1
6
10
17
3
3
1
2
1
2
4
1
1
4
2
3
1
19
2
4
2
2
1
6
1
45
6
1
9
22
22
1
20
1
1
1
17
4
32
4
5
2
1
1
2
8
8
2
4
3
5
1
7
10
14
6
1
5
4
4
1
1
2
3
1
2
4
3
21
2
2
2
24
2
1
2
1
2
2
1
4
1
1
29
2
2
4
2
13
27
17
2
19
1
1
3
3
1
3
4
1
1
4
1
25
26
2
9
1
2
1
1
1
1
3
48
17
2
1
2
1
1
21
12
4
8
4
2
6
4
3
1
7
2
1
3
1
1
2
2
3
1
3
3
1
1
22
15
2
3
3
14
6
2
1
8
2
1
1
12
1
4
10
1
2
1
5
9
6
10
4
7
1
1
3
7
53
2
4
7
1
5
1
102
7
4
5
15
2
5
2
1
1
1
10
2
7
1
4
1
1
1
6
3
2
3
10
1
8
29
4
6
1
4
1
2
1
9
10
1
16
11
5
2
2
2
8
6
14
3
1
1
9
7
2
1
2
1
4
2
4
2
2
2
2
7
3
8
5
8
4
3
7
1
4
1
83
1
1
2
2
1
3
1
2
1
3
7
1
2
2
1
19
9
2
2
8
19
9
2
2
1
3
2
2
15
1
6
2
1
3
2
2
3
5
1
1
1
60
1
7
2
15
2
1
1
2
15
3
1
11
25
1
15
5
3
2
4
2
8
2
5
3
4
1
2
1
1
4
6
4
8
15
1
1
2
1
15
16
2
5
1
4
10
1
7
25
1
11
1
4
2
1
2
7
1
1
3
4
3
11
1
3
1
4
1
1
3
14
8
48
1
1
8
1
1
17
1
1
1
2
1
25
5
2
5
4
1
3
2
6
7
1
1
4
4
3
2
13
1
7
7
2
1
7
3
2
1
1
2
1
2
4
2
1
47
5
1
11
6
7
1
2
2
2
2
6
1
18
1
6
10
4
5
4
17
1
7
3
5
21
1
3
11
3
4
1
1
2
1
3
2
6
1
10
9
2
12
1
2
3
34
7
1
2
1
2
6
2
15
6
4
2
4
14
20
1
2
1
8
1
1
2
12
15
1
4
1
3
5
33
3
1
2
1
3
2
8
1
5
5
1
8
3
8
21
1
14
3
4
7
1
11
3
2
18
2
18
17
2
1
3
5
14
23
8
8
17
7
3
2
5
2
5
2
5
2
1
2
11
1
3
2
1
4
1
1
3
3
6
2
5
3
1
9
3
3
1
2
2
3
2
18
1
1
17
18
2
13
1
10
31
1
2
14
14
5
1
2
2
2
1
1
6
1
2
1
13
3
2
15
2
1
1
4
3
6
11
2
5
1
1
3
1
1
1
3
3
2
1
13
1
8
3
7
2
1
1
3
2
5
1
10
8
1
2
2
1
6
29
2
3
4
2
2
9
1
1
3
3
3
2
2
1
1
1
2
2
7
4
5
2
6
1
14
6
2
2
1
1
1
1
1
2
2
1
3
7
1
2
2
13
1
9
1
1
2
3
11
3
2
1
1
1
1
1
2
8
1
2
14
1
2
1
7
1
18
2
3
10
1
2
2
6
1
1
1
1
2
2
2
2
9
11
4
1
3
21
4
5
8
2
4
4
1
2
1
7
3
1
4
3
2
2
2
10
2
18
17
4
2
1
1
2
7
2
7
15
2
3
1
13
10
1
1
3
3
2
7
3
2
3
4
1
1
2
2
1
3
7
17
4
2
6
12
8
1
2
4
1
1
2
2
4
2
2
2
7
6
19
3
9
2
1
7
23
17
2
1
7
2
2
11
2
3
3
1
8
1
2
1
4
3
2
3
4
2
2
24
2
3
10
1
12
3
3
2
2
8
5
1
3
16
4
2
1
3
2
9
4
1
2
18
2
1
1
1
12
4
2
24
1
1
1
14
1
15
1
1
12
4
1
1
3
2
4
5
1
27
1
20
1
2
2
2
1
1
1
2
1
1
1
1
2
14
4
2
3
5
9
2
17
5
1
5
18
3
1
2
2
3
2
1
1
1
1
4
2
2
5
4
4
41
1
3
14
4
5
1
2
9
2
44
1
4
2
10
10
1
2
2
3
2
3
6
2
5
1
17
2
1
6
3
32
3
2
2
6
3
17
10
4
2
3
2
1
6
2
3
1
26
1
8
4
2
1
3
1
1
1
1
1
1
3
2
4
2
5
2
37
2
2
2
1
2
2
2
7
1
5
7
2
10
1
3
2
1
1
1
2
5
1
9
1
2
22
2
7
3
1
1
1
13
3
1
3
4
6
1
6
3
1
9
1
1
4
2
4
2
3
3
1
10
10
2
1
9
1
7
3
7
2
5
1
7
4
1
4
3
12
1
1
4
2
9
6
2
20
33
3
4
2
5
4
1
3
1
2
2
14
1
1
8
17
5
8
1
1
1
1
3
3
1
1
3
1
2
1
4
4
2
38
3
17
1
4
2
5
10
6
5
3
1
2
11
3
4
2
1
5
1
4
2
1
1
3
3
1
5
2
4
1
7
2
2
1
1
9
1
4
1
2
4
2
1
4
6
7
2
25
4
3
1
1
1
5
1
37
1
4
4
1
6
6
11
3
3
3
6
2
8
6
2
1
1
1
2
1
1
1
3
5
8
5
10
2
1
1
7
2
1
1
2
2
5
1
2
2
2
4
7
1
1
1
1
1
2
3
11
1
10
2
8
3
6
6
5
8
6
19
2
1
3
1
1
1
1
1
3
9
2
4
1
22
3
1
2
3
4
6
1
1
4
4
13
4
1
5
1
11
14
4
7
4
4
8
7
8
1
7
2
5
3
3
3
7
4
2
3
8
4
1
3
2
1
2
4
7
3
13
1
6
2
3
1
1
20
2
5
3
2
1
19
7
12
1
1
5
12
3
9
5
1
5
3
1
6
8
9
33
7
2
3
6
3
4
5
5
1
2
3
1
4
6
3
3
11
5
3
19
6
5
13
3
1
4
7
1
5
12
4
10
1
2
7
15
2
2
16
6
14
2
11
3
2
1
9
7
4
6
1
15
3
2
4
12
4
5
4
1
6
3
7
1
34
8
6
6
7
13
2
13
2
1
3
15
2
8
2
2
1
2
2
2
5
15
16
5
2
2
17
8
3
10
17
1
9
5
1
7
9
12
3
10
2
12
9
1
1
12
2
2
1
4
1
4
2
3
4
10
1
13
2
4
16
3
3
4
1
3
1
10
9
2
1
5
3
4
1
2
62
8
11
1
7
4
9
13
2
1
1
6
12
11
3
4
1
10
11
32
