1
18
3
23
1
30
2
5
1
5
25
4
1
1
4
2
1
6
23
3
2
4
23
30
3
1
1
8
30
4
28
6
23
3
5
5
12
3
1
2
36
3
1
1
1
7
1
4
4
1
3
1
3
13
25
21
12
6
9
1
2
4
18
7
2
3
1
1
18
3
3
7
2
16
2
23
59
7
1
10
13
2
3
2
10
28
3
4
33
12
1
4
2
57
1
38
1
4
56
21
11
4
74
5
7
2
4
8
4
3
7
3
1
26
3
11
47
4
2
23
3
3
4
2
3
1
1
8
1
3
1
4
1
2
2
11
5
7
6
19
1
5
3
1
2
16
21
14
7
2
4
2
3
5
7
7
1
1
2
4
7
3
15
1
1
4
8
12
3
9
1
2
5
23
9
2
5
2
3
2
6
1
3
2
3
1
4
1
2
16
11
1
1
1
7
7
13
7
37
1
2
14
3
9
1
4
6
4
2
15
41
3
7
1
1
12
1
15
14
41
2
38
3
2
79
1
6
3
3
3
17
2
1
2
1
5
9
2
1
6
23
3
1
1
2
2
12
2
2
2
1
1
2
2
1
49
6
1
4
2
3
1
5
8
3
4
22
12
11
1
13
2
14
3
2
2
2
6
2
2
1
1
1
8
2
6
19
1
5
2
7
4
3
2
4
3
12
1
3
2
5
2
2
2
6
1
1
6
2
3
20
4
10
3
1
4
1
4
1
1
1
1
1
1
5
1
1
29
2
7
2
1
33
2
18
3
2
4
2
5
5
1
1
10
1
3
3
8
5
10
1
1
2
4
3
16
58
3
1
21
1
19
19
4
33
4
5
2
2
1
4
24
10
11
6
2
3
1
2
3
1
1
2
3
1
2
2
3
7
14
2
3
9
9
1
9
4
4
2
8
2
1
4
6
20
1
2
4
1
1
3
8
4
4
2
1
45
1
1
9
1
2
5
2
2
6
1
1
1
3
8
41
3
2
11
1
2
7
2
1
5
2
23
1
1
3
1
2
6
1
1
4
8
14
6
1
6
2
12
6
1
1
11
1
17
12
1
33
2
2
1
2
7
1
1
3
2
1
1
36
10
2
12
3
68
1
6
5
1
8
23
26
3
4
2
11
5
1
13
3
9
11
5
1
27
1
4
48
3
3
2
4
2
1
1
1
2
13
3
6
4
17
4
2
4
10
23
1
6
1
8
37
3
1
1
1
1
2
3
3
14
12
4
1
1
10
4
1
1
5
3
1
1
2
14
13
1
3
8
11
1
17
1
1
1
2
3
1
2
3
3
1
1
1
1
1
22
6
15
4
1
1
15
32
51
1
2
3
1
16
3
65
2
2
20
2
15
13
4
7
5
1
1
1
2
9
3
1
3
6
1
1
8
5
26
2
1
1
1
4
4
3
2
6
1
3
2
5
7
2
1
3
1
23
4
1
1
1
1
4
28
2
14
1
8
4
6
3
1
7
1
2
12
2
1
38
1
27
3
3
6
16
2
3
7
14
2
5
4
3
2
7
1
9
1
2
2
18
8
3
1
1
1
2
5
4
1
13
1
1
1
29
1
45
10
5
21
1
3
8
1
3
7
4
2
4
2
2
8
2
21
3
7
23
7
3
6
2
8
26
3
38
3
4
5
4
1
6
2
4
2
25
1
1
1
4
13
3
13
2
10
1
1
3
11
4
6
3
9
1
3
3
1
16
41
5
1
1
3
1
1
53
4
1
7
1
4
2
10
8
3
5
1
2
9
2
25
10
3
1
14
3
1
8
1
9
8
1
3
13
5
1
7
1
2
2
18
2
1
15
16
3
16
1
46
6
16
3
16
1
2
19
14
2
4
13
1
6
2
5
2
3
1
2
1
39
4
12
1
6
1
1
5
1
1
3
7
1
1
1
1
25
22
6
13
2
22
1
23
3
9
7
34
2
2
2
1
1
6
3
2
1
2
2
6
9
1
11
3
2
3
11
9
1
3
1
37
3
5
3
1
20
1
1
19
1
16
2
2
9
10
2
9
1
1
35
50
6
3
5
1
1
9
2
2
2
6
2
5
5
41
9
2
3
2
2
1
22
3
18
2
2
3
34
4
13
10
44
2
2
3
14
1
1
1
29
2
2
8
1
1
10
4
1
3
1
4
1
1
5
2
7
3
2
2
33
2
2
3
12
36
4
4
1
2
2
3
1
10
7
1
4
1
2
44
2
9
6
11
1
12
1
5
3
1
1
71
2
1
9
1
1
9
3
5
3
9
1
1
2
4
7
8
1
1
1
1
2
9
1
4
21
3
1
1
1
8
1
47
7
8
18
1
1
7
3
30
3
36
2
36
6
15
3
2
1
1
2
11
1
3
1
8
2
1
37
7
1
1
2
2
4
1
7
6
2
2
1
3
69
1
2
6
16
1
39
7
2
13
2
1
15
13
3
1
2
2
8
12
3
2
2
1
9
7
2
33
12
8
3
1
1
1
1
18
1
25
18
10
7
1
3
11
3
4
2
3
3
1
8
29
2
1
5
2
4
2
1
12
9
21
5
11
18
11
1
14
12
7
4
3
4
5
1
1
1
6
1
6
1
1
6
5
10
8
2
1
2
1
1
33
28
2
6
1
2
1
2
28
2
9
3
2
3
1
6
1
13
7
1
1
1
3
1
2
11
2
12
1
16
3
2
23
5
4
2
3
2
11
20
1
1
1
2
21
3
18
6
9
4
9
1
1
3
11
14
7
2
3
13
1
1
7
8
23
1
3
3
4
3
1
2
2
17
1
1
2
3
1
12
30
2
2
1
1
61
23
2
9
5
7
50
9
3
2
10
9
1
4
2
1
11
3
1
7
3
9
3
1
2
1
5
8
15
4
9
3
2
1
2
9
1
14
1
4
1
6
3
1
2
3
5
1
4
5
11
10
6
2
1
1
1
3
2
1
2
14
1
5
2
7
11
8
13
1
3
4
1
3
1
2
15
2
24
1
4
2
2
2
1
3
15
21
21
2
2
2
15
3
2
1
1
3
1
7
7
2
2
3
71
18
3
1
5
1
2
3
2
1
43
3
6
17
2
1
7
3
9
17
7
4
2
1
1
20
1
4
2
1
2
48
9
1
1
3
6
14
3
2
16
3
1
2
6
2
8
3
20
3
1
4
11
4
9
2
22
1
3
2
3
1
6
16
5
14
13
3
2
42
1
2
2
3
1
2
3
2
75
4
9
2
1
7
2
24
10
4
1
7
5
1
6
1
2
1
5
4
2
21
11
33
17
4
4
15
4
3
6
1
1
1
12
28
2
2
1
1
23
2
2
13
2
13
1
11
14
3
2
2
1
5
5
13
7
1
3
1
3
4
12
46
15
2
53
20
44
4
4
6
18
3
2
1
4
1
2
11
20
1
8
2
3
5
19
3
11
2
1
9
1
1
3
10
17
1
5
1
2
2
5
13
1
22
7
1
2
3
1
3
5
4
4
14
8
3
22
4
10
1
1
1
1
5
41
2
2
1
9
3
22
2
1
3
11
12
8
10
1
3
1
2
8
1
2
2
29
3
1
14
4
7
3
4
1
41
1
12
17
2
2
5
2
11
5
2
1
2
6
1
3
7
3
2
6
6
2
1
2
3
12
2
8
3
4
6
7
1
2
2
14
1
2
1
2
1
5
9
3
14
8
3
1
5
2
1
13
1
1
3
4
3
5
2
10
2
2
2
5
1
2
11
12
6
1
11
44
1
1
1
2
2
2
2
13
2
10
1
3
2
1
13
1
1
9
1
4
3
16
1
1
1
5
2
4
1
1
3
1
2
4
2
23
19
7
1
2
1
1
4
9
1
1
2
4
9
5
2
5
2
8
2
9
7
1
4
1
3
24
3
2
17
10
1
2
9
26
7
3
1
2
1
7
1
24
12
2
3
2
3
19
5
12
7
1
2
1
1
1
6
4
4
3
1
3
3
4
4
43
2
2
1
7
1
18
1
1
3
1
2
5
6
1
4
2
2
3
21
15
2
26
1
1
13
14
1
1
13
53
14
2
25
2
8
3
1
1
2
2
2
32
3
1
3
1
3
13
14
3
4
1
8
18
13
1
4
18
1
2
8
6
2
2
10
1
3
1
3
3
1
38
1
12
1
5
4
5
1
2
3
1
8
8
1
2
1
2
1
11
7
4
1
19
1
1
2
1
1
7
4
6
22
1
1
13
3
2
1
9
2
21
2
8
61
8
13
4
35
3
2
1
3
2
26
30
2
9
10
7
4
3
3
1
2
2
2
11
37
1
4
2
25
3
2
1
2
1
1
4
2
4
1
1
4
9
10
17
1
12
2
3
2
2
50
12
8
2
2
2
5
2
23
19
6
2
2
14
2
1
6
1
11
5
1
1
4
15
2
6
13
3
2
1
3
1
42
4
6
5
5
6
11
2
14
1
16
4
3
4
11
1
4
30
65
5
11
3
1
17
14
23
8
2
1
7
3
1
4
4
12
10
9
2
3
4
2
2
1
1
1
48
2
2
15
3
2
9
6
2
1
9
5
3
12
1
3
1
1
1
2
1
5
1
8
23
1
26
2
1
3
1
1
3
36
24
8
1
2
3
1
1
4
14
4
1
1
1
2
2
4
12
2
8
41
2
1
6
1
2
22
1
9
1
5
2
10
2
35
1
10
1
1
4
1
5
10
11
10
5
1
10
22
16
1
4
2
17
7
2
1
13
3
3
1
26
1
34
14
2
1
3
1
2
2
2
1
4
4
10
8
1
8
1
2
1
6
3
2
2
2
1
15
4
16
7
2
4
4
2
7
14
19
1
2
4
5
1
12
6
1
12
2
5
3
6
1
4
6
2
3
3
6
2
1
11
11
7
2
2
9
5
1
9
2
7
48
44
8
1
2
13
4
4
12
36
2
3
1
3
6
11
3
1
3
1
1
2
3
15
5
4
2
1
2
3
8
2
2
1
3
3
78
1
2
7
4
2
2
2
25
9
3
1
2
7
1
3
4
2
4
1
50
1
10
2
2
3
2
1
11
3
6
8
3
7
9
2
6
1
8
10
1
3
3
2
7
2
1
5
2
1
5
8
10
5
1
1
6
1
1
2
1
2
3
2
1
3
2
12
5
1
3
7
4
2
54
78
2
6
1
1
9
4
2
1
3
3
1
1
2
5
2
1
1
4
3
2
2
6
8
10
7
21
12
3
1
1
6
3
15
3
1
3
26
1
4
17
2
10
1
1
15
1
3
1
3
14
71
9
37
2
10
39
1
6
11
5
3
1
11
8
3
2
10
1
2
20
3
3
3
7
1
2
1
1
24
5
8
7
11
2
1
1
10
13
3
27
5
5
5
1
4
17
1
3
1
2
2
1
2
19
10
3
1
2
3
22
1
3
2
1
6
3
6
6
2
4
3
8
9
1
3
2
2
1
8
1
1
1
3
9
7
3
2
3
44
3
2
10
2
1
1
1
3
5
3
1
4
3
1
7
15
28
3
1
6
6
4
2
12
2
12
21
7
29
38
2
1
1
3
1
32
11
14
8
1
4
12
16
7
1
1
1
15
3
14
13
1
1
2
3
1
1
3
2
5
2
5
4
8
1
3
18
2
2
1
4
13
11
3
4
8
1
7
1
12
3
5
1
6
2
21
37
4
4
4
10
3
13
13
2
10
4
4
9
1
1
5
2
11
1
3
1
20
1
10
9
2
3
1
1
1
1
17
1
3
8
21
1
3
1
2
2
2
1
3
1
3
2
1
1
10
1
59
16
1
1
1
2
3
4
4
4
10
14
11
23
3
2
2
2
3
4
5
4
2
15
2
3
2
3
1
20
5
4
11
1
13
5
12
2
1
5
2
2
3
12
4
2
2
2
2
1
3
1
1
3
11
16
19
1
5
1
2
3
4
1
1
7
2
2
4
2
1
16
1
2
5
3
4
1
3
2
10
1
1
3
2
15
1
6
10
2
9
5
7
2
2
2
11
1
74
27
31
3
6
1
3
5
1
14
19
1
2
13
33
3
49
32
3
5
8
2
1
1
6
34
1
14
2
1
11
1
2
5
12
1
14
4
2
4
4
1
10
19
10
1
1
3
1
1
2
1
2
7
2
7
9
7
1
4
53
16
9
1
1
1
2
2
1
1
1
4
8
1
1
3
28
6
3
13
1
6
1
2
17
10
13
8
11
1
5
5
1
6
7
7
16
1
2
5
2
3
10
1
35
2
2
2
11
48
3
1
2
37
1
2
2
3
1
14
1
1
2
2
4
1
3
