5
1
1
110
1
173
1
2
272
9
1
215
140
2
6
61
7
168
4
14
5
185
8
4
41
89
15
23
3
1
38
4
25
133
5
24
6
5
5
9
3
28
23
33
40
7
26
25
63
12
51
8
18
52
159
3
155
10
44
128
5
56
33
39
86
55
4
41
6
18
5
8
2
1
5
6
3
4
5
46
2
8
19
17
43
74
1
1
12
9
2
14
2
53
1
37
1
10
22
5
11
17
1
26
434
5
5
11
1
13
14
1
31
303
1
2
51
332
2
15
55
49
30
1
1
4
1
19
12
1
50
3
9
3
12
3
14
29
14
4
83
11
57
1
5
10
3
3
139
1
38
58
56
73
76
5
32
8
63
7
60
3
68
6
81
4
2
1
87
5
2
57
3
1
14
1
1
73
2
211
32
8
3
3
172
1
41
1
71
94
1
3
6
62
5
2
2
2
1
275
2
30
32
234
10
4
4
280
2
8
18
1
2
9
15
232
5
53
8
1
1
56
2
1
1
36
62
8
2
222
20
132
1
2
51
96
1
32
29
5
1
5
4
41
101
2
38
49
217
11
39
11
35
24
12
40
6
1
35
30
35
21
50
3
20
19
76
11
26
4
34
3
3
11
1
10
3
18
4
34
5
29
17
13
2
44
14
8
9
2
62
92
4
9
32
1
8
4
13
5
2
9
28
3
5
1
29
1
3
1
1
11
1
20
6
17
6
36
7
13
14
15
1
72
22
2
14
71
4
2
5
17
168
320
6
3
2
2
43
11
12
180
32
7
24
11
28
54
2
5
2
1
96
2
4
7
15
77
226
2
27
6
191
3
25
1
9
58
59
2
8
370
42
3
3
12
40
1
19
159
1
7
5
40
2
3
3
4
6
3
4
2
17
2
4
5
18
5
11
4
330
231
5
1
19
5
51
339
59
66
31
8
4
1
1
9
175
3
1
53
14
34
16
22
2
1
199
1
26
32
139
12
3
14
37
47
370
1
4
7
7
28
1
10
23
1
6
3
55
32
53
24
111
8
12
172
2
1
1
1
3
1
1
6
1
162
1
43
23
275
3
6
12
58
2
92
4
14
36
45
1
19
13
3
37
187
31
27
27
4
5
46
1
5
56
76
33
3
23
2
1
5
5
4
2
29
38
2
27
14
2
2
35
28
70
12
2
2
125
4
25
2
3
43
15
1
59
9
323
4
3
9
91
8
1
61
3
52
3
34
2
12
1
1
14
198
285
73
2
4
21
47
9
1
4
196
2
2
2
3
8
7
90
3
2
4
13
77
7
3
7
5
2
128
11
9
2
20
1
2
10
21
9
36
37
7
78
1
8
279
2
12
3
15
1
61
7
1
3
22
11
12
13
32
47
1
9
14
1
3
4
2
5
1
15
8
1
168
2
8
5
54
2
40
3
361
2
2
9
2
69
5
11
21
5
2
2
2
11
60
12
22
6
30
21
6
4
47
66
5
1
2
20
2
2
24
2
2
4
57
1
7
8
9
7
104
4
12
1
4
5
46
1
29
87
9
85
8
18
4
3
21
6
36
277
7
4
29
21
9
17
1
12
141
122
41
23
4
3
1
26
3
40
18
3
14
12
1
29
58
21
8
6
1
28
148
11
1
7
399
10
49
242
6
1
58
26
5
19
11
12
3
17
1
195
75
10
34
31
17
9
7
2
10
11
35
72
2
57
38
5
5
2
30
36
23
14
3
27
57
6
9
8
5
34
159
1
2
3
33
10
69
2
7
12
1
3
19
33
61
51
5
21
4
1
2
12
9
5
1
40
339
8
50
21
158
3
4
30
48
1
5
1
7
2
5
40
33
34
1
7
25
12
2
2
57
4
37
19
1
1
55
27
21
1
1
3
2
68
55
8
3
8
5
8
3
20
39
1
2
4
1
11
82
3
1
208
2
3
98
132
7
8
386
3
46
13
4
1
1
23
50
9
1
9
1
16
12
9
24
10
2
1
136
2
2
3
2
14
26
51
1
1
2
1
399
13
35
215
4
41
13
30
15
20
2
158
13
27
6
76
1
133
1
18
182
11
2
3
19
4
5
1
2
15
62
7
2
29
16
30
18
55
344
11
7
18
6
4
18
67
1
40
11
1
21
71
5
31
2
1
12
9
24
14
25
23
8
19
5
40
50
7
4
13
43
4
17
23
19
61
14
19
24
2
3
3
1
84
13
3
13
33
8
19
5
52
6
2
25
182
73
75
8
5
1
110
1
4
10
63
5
21
54
206
31
5
58
2
2
4
229
9
5
20
95
95
18
33
18
3
18
66
1
66
165
11
38
26
10
1
2
34
5
28
32
11
18
1
13
9
2
5
18
20
30
10
4
3
54
20
2
18
59
4
168
34
36
19
128
6
1
13
16
9
3
11
143
7
1
19
60
5
1
28
75
21
158
2
7
2
2
1
411
2
4
1
9
16
5
5
1
1
2
24
5
4
21
143
3
51
4
7
8
6
126
61
18
12
90
1
1
235
5
10
45
9
10
332
60
3
58
62
1
84
10
4
8
1
40
128
15
8
28
393
14
20
38
23
78
8
3
1
17
154
24
180
59
31
13
25
2
34
42
3
107
1
3
118
5
5
1
6
12
34
10
2
10
4
1
9
108
5
14
1
81
21
10
5
171
6
7
2
2
4
20
19
5
16
37
2
11
3
23
184
10
89
1
20
6
3
3
27
4
1
5
6
20
3
1
2
4
3
2
26
2
9
19
3
2
127
82
18
4
1
41
119
3
1
1
5
23
35
2
19
24
29
33
3
42
1
6
29
1
76
29
15
317
2
6
3
2
17
10
107
58
7
4
1
1
1
2
47
22
27
1
2
79
2
68
15
209
80
2
1
6
8
1
9
52
30
1
2
176
160
5
214
141
2
32
1
1
31
3
1
7
17
1
11
1
68
6
1
57
4
16
1
178
178
7
20
3
44
1
2
79
36
8
18
3
18
20
31
13
23
15
121
2
2
206
56
8
5
121
33
3
1
37
6
157
184
46
23
261
2
2
10
86
22
53
4
4
4
12
15
59
17
1
2
1
11
1
1
145
9
330
1
69
11
4
24
3
46
2
11
2
3
12
133
4
3
1
120
49
3
1
1
23
95
58
4
16
87
5
108
62
2
11
213
5
18
51
6
28
13
5
17
24
8
6
7
2
2
4
5
44
20
1
28
3
1
1
1
96
3
25
154
13
8
71
2
56
2
1
1
3
7
61
7
5
16
92
78
24
2
7
32
47
7
4
35
1
2
3
4
13
1
15
53
4
17
2
1
1
2
19
30
116
2
1
1
15
2
1
3
129
5
1
3
154
38
35
27
2
138
24
3
2
10
55
6
3
15
4
1
11
430
59
72
1
61
8
51
5
1
4
38
49
18
23
87
1
19
2
9
316
1
34
139
11
1
1
93
22
7
11
2
15
5
5
20
111
13
150
11
38
87
2
120
75
1
6
2
8
56
1
12
21
12
3
2
8
3
8
15
6
62
2
53
19
7
1
58
5
28
57
31
4
54
37
3
346
103
11
2
57
1
5
4
8
1
4
86
2
78
3
87
4
16
2
28
175
4
12
4
60
39
5
4
25
5
7
8
17
4
4
9
1
19
55
3
20
4
8
3
2
21
25
1
1
6
85
101
13
229
4
12
7
21
4
4
92
1
2
2
4
14
13
39
5
2
1
1
1
3
8
105
79
144
15
286
1
4
26
348
3
76
2
1
3
2
26
7
1
1
2
9
2
57
29
4
32
2
16
4
147
3
4
54
12
98
2
26
5
2
13
162
45
28
53
3
214
4
11
6
7
174
12
7
13
46
11
4
35
147
155
34
3
2
6
197
8
55
2
34
143
48
290
202
56
26
1
170
11
2
82
58
18
1
18
4
15
2
3
3
8
2
3
157
33
7
11
32
30
2
2
93
60
4
7
11
1
1
18
12
1
38
1
2
2
1
35
13
8
8
1
11
5
8
31
7
56
1
27
82
2
39
19
17
22
5
18
5
54
1
170
21
144
47
1
57
20
5
2
26
39
3
22
2
2
2
3
28
27
3
7
16
11
3
9
13
12
8
15
10
44
2
54
2
35
207
1
8
3
1
2
23
5
36
2
15
1
99
251
1
347
1
33
2
41
18
33
3
1
1
2
126
137
1
2
2
185
13
4
3
1
43
7
9
1
17
2
62
1
3
37
81
1
3
8
56
9
3
4
287
3
10
4
6
9
36
18
4
13
2
3
51
113
10
1
15
46
34
1
2
197
9
166
3
4
3
1
178
1
2
5
7
1
22
48
43
3
6
102
2
6
4
2
43
1
5
140
161
6
26
99
2
22
10
9
6
113
18
10
39
119
69
35
20
19
50
14
15
145
58
79
57
80
36
3
8
179
47
171
13
5
5
1
1
20
5
1
43
8
9
1
74
107
32
189
152
57
6
1
3
60
2
3
11
5
183
53
24
65
8
111
23
2
63
2
1
11
2
6
5
103
84
9
106
60
3
45
101
32
2
3
16
1
11
9
3
293
11
112
134
64
146
9
67
16
24
11
9
2
298
1
2
7
3
109
7
169
18
1
8
14
34
4
8
143
3
1
7
1
7
78
141
9
19
