4
270
1
25
36
6
73
143
4
1
1
4
12
54
36
193
15
8
82
209
11
70
24
2
14
165
98
33
29
86
10
242
19
9
30
20
27
103
4
108
21
6
1
2
5
3
10
1
31
47
48
24
8
64
4
36
6
92
128
89
1
49
11
57
7
1
4
248
1
130
1
3
20
103
3
8
8
95
5
64
3
10
64
1
65
8
52
22
14
13
21
1
70
25
13
2
3
4
4
15
27
52
2
1
165
6
27
1
23
12
51
122
25
1
7
10
17
9
12
10
1
3
20
23
89
4
17
12
1
7
370
44
2
33
2
4
24
17
6
4
2
3
24
5
34
20
8
29
174
3
2
64
5
21
6
89
1
9
1
12
37
37
75
53
190
1
13
4
17
7
3
76
7
229
106
21
6
369
2
6
1
15
2
13
1
23
5
214
195
6
75
49
10
15
7
9
78
4
33
43
16
1
28
40
3
20
2
57
8
1
18
67
74
3
5
1
1
17
33
43
4
17
6
1
6
50
24
2
18
11
76
207
12
33
22
6
94
69
50
157
12
57
54
1
4
2
72
120
2
14
11
3
49
12
27
11
11
238
2
7
26
9
22
11
1
114
121
13
3
41
1
43
48
1
40
49
15
27
237
1
8
21
1
8
4
1
66
104
56
50
63
15
1
68
14
1
7
12
2
24
38
12
82
38
8
2
33
8
4
2
11
26
135
2
2
120
3
15
9
25
41
24
33
10
4
10
18
252
18
87
9
72
23
16
67
4
7
7
212
5
12
1
175
17
6
1
44
188
3
85
53
9
243
160
102
3
247
4
67
20
65
24
30
24
5
63
259
21
135
3
1
1
16
8
6
95
8
147
166
1
2
7
72
60
99
3
40
13
1
12
274
13
59
19
77
12
5
56
11
5
8
71
1
7
28
13
26
4
71
4
89
236
37
19
39
6
14
28
7
2
11
2
13
62
30
31
31
11
8
1
68
3
35
21
44
7
1
17
1
1
5
54
5
66
10
2
6
73
4
41
28
51
56
27
1
116
1
18
6
10
24
5
1
46
63
22
2
38
13
194
31
5
6
13
5
18
16
94
6
1
9
13
9
3
49
37
42
37
5
3
2
3
165
33
9
33
13
8
2
33
1
1
2
3
3
162
1
57
85
7
57
15
1
1
5
9
3
11
8
95
83
139
49
4
3
10
4
206
16
18
11
7
2
9
3
14
16
52
1
3
30
2
32
54
4
17
1
1
1
11
212
3
1
66
52
217
89
97
15
22
242
104
84
3
1
80
11
1
25
62
1
22
12
22
23
119
74
7
9
12
93
21
1
7
6
3
2
2
12
89
17
10
16
61
31
15
79
76
3
16
3
11
2
9
1
11
120
10
51
18
51
23
6
15
174
4
12
22
1
21
104
10
5
121
2
22
1
28
67
5
4
51
24
11
39
1
16
3
9
81
47
29
24
6
35
25
68
2
21
34
37
19
33
45
7
2
25
15
7
16
3
56
36
23
29
7
153
4
114
21
20
1
108
2
41
18
6
10
15
58
2
1
12
4
245
2
35
2
89
53
9
4
282
52
18
30
1
34
199
26
1
65
6
8
5
19
18
25
306
12
4
1
3
67
28
23
4
6
20
3
16
49
103
3
31
4
21
34
84
25
8
1
35
60
219
89
121
2
3
9
12
30
52
23
49
13
18
1
8
15
1
1
103
12
118
14
1
6
7
50
14
43
85
29
6
26
1
143
4
2
1
15
135
29
4
25
17
9
6
21
7
36
6
224
5
3
261
123
104
8
51
114
50
9
34
3
1
14
3
12
10
8
9
27
20
8
26
12
3
16
1
23
18
10
12
30
1
79
53
61
3
44
3
12
53
1
1
32
3
4
126
1
11
46
7
2
5
6
2
1
89
9
27
6
19
15
2
61
2
7
10
1
21
8
64
10
1
107
8
6
6
5
8
43
4
26
65
100
110
29
117
18
3
103
6
17
3
3
12
1
6
3
7
162
1
28
1
109
111
73
10
34
38
205
67
25
92
2
35
34
32
9
1
22
13
2
2
14
130
1
42
35
2
1
19
3
1
248
73
133
4
2
2
7
23
255
23
4
42
2
181
22
4
27
2
75
8
2
6
313
64
1
9
4
12
227
5
40
12
64
15
4
62
9
12
19
9
19
4
264
117
21
6
11
8
257
99
104
7
109
1
17
18
384
1
6
5
155
64
19
58
1
10
6
10
23
2
48
2
12
1
17
77
5
34
1
9
75
2
11
5
23
1
2
5
64
12
38
2
14
11
27
54
18
22
82
1
137
30
5
3
5
79
24
167
41
161
1
19
44
11
59
29
3
3
2
7
98
2
39
3
3
12
12
2
22
3
32
41
2
57
3
103
98
46
1
1
25
7
1
27
153
46
5
1
31
4
6
44
3
17
24
46
23
15
71
2
152
14
51
7
16
8
2
69
25
3
11
132
67
3
133
26
37
16
14
1
4
28
5
3
53
25
70
38
27
36
2
36
162
32
65
7
19
2
32
5
1
27
13
3
10
32
12
39
28
1
1
37
1
3
2
4
68
12
34
6
7
55
44
66
2
23
10
1
41
24
47
9
1
15
41
1
99
1
2
28
21
15
2
60
7
131
11
1
9
6
3
150
5
6
12
11
6
16
2
53
159
2
19
1
206
146
2
2
13
45
47
69
13
81
20
1
1
78
70
15
18
24
2
3
100
2
20
23
10
7
1
12
1
2
1
14
7
208
3
36
28
44
47
43
1
23
51
128
14
23
7
35
39
5
5
2
2
3
1
5
240
179
1
325
2
78
5
31
1
326
13
1
8
346
1
6
19
12
6
4
47
164
172
71
34
35
19
118
22
6
45
212
16
42
11
38
51
40
105
134
92
29
24
32
1
17
10
33
197
4
23
38
99
69
37
1
8
2
71
71
3
50
19
25
9
2
7
1
3
13
2
26
1
78
95
7
62
3
2
9
34
18
8
13
31
3
4
5
176
96
85
9
13
8
9
21
3
10
182
191
69
1
12
6
42
90
11
16
231
204
2
30
2
1
15
2
10
2
5
3
24
4
2
8
43
1
3
2
58
13
7
42
69
16
272
19
42
2
75
29
19
296
78
7
146
6
38
17
17
437
50
1
29
12
1
27
8
45
8
1
37
17
5
25
22
106
2
15
48
10
5
8
3
6
38
10
4
6
14
47
49
2
185
1
41
1
17
78
2
23
37
306
3
2
9
75
196
25
1
23
14
5
4
29
14
35
6
8
31
121
83
6
5
44
42
109
2
118
24
36
5
15
29
23
187
4
85
220
9
48
60
16
73
15
4
21
4
2
1
48
7
31
30
33
4
268
1
66
39
4
161
4
23
191
270
18
51
10
17
2
1
5
29
1
37
15
133
58
14
58
118
29
5
209
63
7
42
11
97
98
3
8
66
6
13
3
14
59
1
79
302
103
4
4
65
5
2
14
1
27
52
16
1
8
31
175
3
17
1
2
50
2
45
44
17
2
1
46
22
31
52
2
7
33
12
186
10
4
16
23
9
79
46
61
1
41
9
1
6
34
1
3
17
136
11
12
15
1
1
24
178
16
1
188
8
1
2
11
9
1
14
74
43
16
5
46
2
11
23
1
1
1
1
1
1
1
1
5
1
1
1
1
1
1
1
3
110
11
1
1
1
1
5
1
173
1
1
1
1
1
1
1
2
5
1
1
2
1
1
5
1
1
1
1
2
1
1
1
1
272
1
9
3
1
2
1
215
140
1
2
6
23
1
1
61
1
1
1
1
3
2
1
1
7
7
1
3
1
3
11
1
168
7
3
1
4
4
1
1
2
27
8
14
1
12
1
1
1
2
5
1
1
4
4
1
185
11
3
2
6
2
2
2
2
1
2
2
8
4
20
1
3
1
1
1
49
3
1
41
1
1
89
15
1
2
1
1
1
23
23
31
4
1
3
10
1
7
10
25
3
1
14
1
38
2
5
1
2
4
1
1
1
4
1
25
133
1
2
3
5
9
4
24
31
2
6
1
3
2
15
24
1
6
3
5
2
1
5
47
9
28
1
3
29
3
1
28
23
33
40
7
1
3
1
8
26
25
1
1
63
1
12
51
8
1
4
3
23
3
1
18
52
1
159
6
3
9
1
155
3
1
1
91
3
10
1
1
1
44
1
1
1
1
8
2
1
1
1
1
1
1
1
1
2
128
1
4
1
5
1
1
1
1
1
1
2
56
1
1
6
1
2
3
2
1
33
2
1
1
1
1
39
1
1
1
1
1
1
4
24
9
1
86
18
1
1
1
1
2
1
6
1
1
55
1
1
1
2
4
1
3
1
2
48
1
1
1
8
1
1
295
4
4
1
2
2
1
1
2
1
1
1
1
1
4
2
1
7
1
18
1
2
1
1
41
1
6
18
1
3
1
5
8
8
1
1
1
1
1
1
4
2
1
2
1
1
1
2
1
5
1
3
2
1
2
1
2
1
2
5
2
16
6
1
5
2
1
1
1
1
1
1
1
4
6
4
1
2
5
1
3
4
1
1
5
8
1
20
3
2
1
5
1
6
1
174
3
2
1
19
17
8
2
1
24
46
1
2
1
2
1
1
1
8
1
6
19
17
1
1
1
1
1
43
2
1
1
74
4
1
7
2
1
1
2
1
2
2
1
1
3
1
1
1
1
1
1
1
1
3
12
1
2
3
1
9
1
2
38
2
1
14
2
53
1
3
2
1
1
1
1
100
4
3
37
3
5
7
1
1
2
1
1
4
22
1
1
1
1
4
1
7
1
1
3
3
1
10
1
1
3
4
1
2
22
3
5
1
1
1
1
1
1
6
11
1
1
1
1
2
1
17
2
7
1
1
4
1
1
3
2
3
1
1
1
7
1
1
2
26
34
2
4
1
3
45
1
1
434
5
1
5
11
1
1
1
2
8
1
27
47
13
1
13
7
20
14
1
31
303
1
2
51
332
7
1
2
1
2
1
19
1
1
1
2
2
3
3
15
3
37
24
55
2
19
24
14
2
2
18
4
52
2
15
1
14
16
49
5
4
9
1
1
1
1
30
3
1
2
4
3
11
1
1
1
1
60
4
17
23
1
41
3
73
1
15
8
3
12
51
3
6
15
19
48
17
12
1
50
33
3
9
49
3
2
8
1
1
3
12
4
1
1
3
1
1
6
3
4
1
1
1
3
1
14
33
29
2
1
14
29
2
1
1
1
1
27
4
4
1
49
2
1
2
2
1
1
1
3
1
2
1
1
83
1
1
1
11
57
1
4
1
1
4
1
1
1
10
4
4
1
5
11
6
4
1
1
3
5
10
1
2
1
1
3
1
16
3
1
34
2
1
3
2
3
2
3
24
1
139
10
2
9
1
3
1
4
1
4
1
7
38
58
7
56
73
76
2
5
1
5
16
1
2
1
4
1
2
2
1
2
1
1
1
3
2
2
1
32
5
8
1
1
1
1
1
1
1
63
7
60
61
4
7
1
3
9
7
1
10
1
1
1
1
1
8
68
4
6
4
2
1
3
1
2
81
6
4
2
1
22
1
1
87
1
11
1
1
2
5
2
1
57
2
3
2
1
2
1
3
8
1
1
1
18
2
2
14
1
14
1
1
4
1
2
73
1
2
211
1
2
1
32
9
23
2
8
2
3
1
16
147
10
1
1
1
1
1
1
4
1
3
3
2
3
5
8
172
4
1
1
1
1
2
3
1
4
41
2
1
1
1
1
1
4
71
94
14
1
1
1
1
3
1
2
6
1
62
1
1
2
5
3
2
2
2
1
2
2
2
3
3
1
2
1
2
36
3
5
1
1
1
1
1
4
275
1
2
1
2
30
1
3
32
3
1
1
234
10
11
4
1
1
1
1
3
1
1
1
4
4
280
2
1
1
34
21
1
1
2
1
1
1
1
1
1
8
2
18
1
1
1
1
2
1
1
4
2
1
5
3
2
1
2
1
1
1
1
1
1
5
1
1
2
3
2
2
3
1
2
1
3
1
6
2
9
1
2
1
1
1
3
3
15
1
2
1
3
1
1
2
1
232
16
5
1
53
1
1
1
2
2
2
2
1
1
1
6
8
1
1
1
2
1
1
2
1
1
1
1
56
5
2
2
1
1
1
1
1
7
5
1
1
14
2
2
1
1
5
1
1
1
1
1
1
2
1
1
1
1
1
1
1
1
2
2
8
23
1
3
1
1
3
2
1
1
1
2
1
13
1
1
1
1
36
1
1
1
8
1
4
1
11
1
1
1
1
62
16
1
1
1
2
8
1
1
2
1
2
7
1
6
1
1
1
2
2
222
1
1
1
1
20
1
1
3
2
1
6
13
1
1
132
2
1
1
110
1
1
2
1
2
51
5
2
96
3
11
30
1
4
8
3
1
10
1
1
32
3
5
1
29
1
2
1
3
2
7
1
5
1
3
1
15
3
1
1
5
1
2
4
108
1
14
2
1
1
41
1
1
11
101
2
7
1
1
1
38
1
1
40
1
1
5
1
1
1
2
1
1
49
1
1
2
13
1
2
2
13
1
1
51
217
1
2
8
1
3
1
2
2
1
11
2
1
1
4
39
11
35
1
24
1
12
40
1
1
8
1
1
2
6
1
4
2
1
1
3
3
1
1
1
4
1
1
35
1
1
4
3
1
1
30
1
1
35
6
2
2
20
79
21
2
2
50
1
3
20
1
1
2
19
76
1
1
2
1
1
2
1
1
1
2
11
1
1
5
1
1
1
1
1
1
1
1
1
1
1
26
4
34
3
1
1
43
1
3
2
2
1
1
1
1
1
11
1
1
1
3
1
1
1
29
10
3
1
2
4
1
1
3
1
2
2
3
2
1
6
1
1
2
1
5
18
2
4
6
34
1
1
5
3
29
13
3
1
2
17
4
1
13
1
2
1
1
2
5
7
1
1
44
4
1
14
8
9
1
1
2
62
8
1
2
1
1
2
1
92
1
1
4
1
1
2
1
1
1
1
5
3
6
9
1
8
2
2
9
1
32
3
1
1
3
1
34
1
1
1
1
1
1
4
2
2
3
8
2
4
1
13
1
5
1
2
9
28
6
16
1
16
1
8
1
8
1
2
12
1
1
1
3
3
2
4
1
5
3
2
1
2
1
2
1
3
5
1
15
1
1
2
1
1
1
2
2
6
7
2
1
29
4
1
1
1
2
1
8
1
1
1
1
5
3
2
1
3
1
1
3
1
1
1
17
11
26
1
1
1
11
20
1
1
8
1
1
1
3
1
1
1
1
2
2
6
17
7
28
4
8
6
36
7
1
13
1
14
20
15
1
1
66
15
12
1
72
23
22
1
73
5
155
1
1
57
2
16
1
1
1
2
20
4
6
2
9
18
14
4
7
18
1
1
17
71
4
4
19
2
49
2
5
2
4
6
8
1
33
7
5
17
26
150
1
3
2
168
26
320
2
1
6
180
1
1
3
3
2
2
1
1
3
10
20
140
1
1
1
17
1
1
4
2
3
1
1
1
8
2
4
1
43
11
4
1
12
1
180
1
25
5
32
21
7
1
1
3
1
5
24
5
17
32
1
11
1
28
1
8
1
54
1
2
3
1
1
1
5
1
1
2
2
2
4
2
3
1
1
2
1
1
1
4
22
35
18
16
5
11
2
2
1
2
1
1
3
96
5
1
1
2
2
1
1
1
2
1
1
1
1
4
5
3
3
7
1
36
15
77
3
1
1
226
2
2
27
1
26
2
1
15
3
1
4
1
62
1
1
1
5
6
8
1
13
20
191
1
3
1
3
1
2
1
1
3
1
25
1
9
4
58
1
1
3
1
3
1
15
1
1
1
59
2
3
8
1
370
6
11
1
1
1
1
1
42
3
2
3
1
12
38
40
3
2
1
1
3
1
1
2
70
1
19
17
17
7
1
159
1
2
6
1
2
3
1
3
8
6
2
7
7
5
10
6
1
9
7
1
10
10
8
6
3
40
2
75
3
2
15
1
6
6
1
2
1
5
1
1
2
3
1
2
1
1
3
4
1
5
6
3
2
1
1
3
1
4
1
1
1
1
1
2
1
17
9
9
1
5
2
1
4
2
2
1
5
40
1
3
18
3
1
1
5
4
1
2
1
2
1
50
1
3
11
8
29
16
1
1
1
2
2
1
5
6
1
11
7
1
1
1
2
1
2
4
2
2
1
2
330
231
1
3
5
9
1
1
74
19
8
13
5
1
2
1
27
1
1
1
1
1
1
6
29
2
1
2
6
1
8
11
51
2
1
1
1
111
4
1
1
3
1
1
339
3
2
19
1
1
1
1
2
59
1
1
66
1
4
18
31
27
2
1
1
3
3
8
2
2
1
1
2
11
1
1
6
5
4
1
1
6
74
4
1
11
1
1
1
1
3
1
2
2
16
5
5
9
11
1
1
15
7
1
4
1
2
2
1
3
1
9
175
2
3
2
18
2
12
4
14
4
1
14
53
12
14
4
46
2
1
1
34
16
1
1
4
1
3
22
1
9
2
1
5
4
8
22
22
41
1
1
1
5
1
2
1
16
1
4
2
5
199
1
1
6
1
1
26
1
5
24
1
2
1
1
3
32
1
1
139
2
1
10
1
62
4
5
17
6
1
1
2
12
1
1
5
3
32
1
14
3
1
1
23
2
37
1
47
2
1
1
1
1
1
370
2
16
1
1
1
1
2
1
6
4
1
3
12
2
1
1
15
1
4
7
4
3
10
2
6
6
7
1
2
3
1
1
28
7
1
7
1
1
1
2
1
10
1
14
1
1
12
23
4
3
12
11
1
6
2
1
1
10
11
6
2
3
55
1
1
32
23
53
1
24
202
5
1
111
1
1
1
15
2
2
1
1
2
4
8
2
3
2
12
1
172
2
2
1
1
1
1
10
1
7
3
4
5
1
1
1
2
2
5
4
1
2
2
23
1
1
1
1
17
1
1
1
4
8
6
2
1
1
2
1
8
2
2
17
2
15
48
162
1
45
1
6
1
1
1
14
1
1
1
2
3
1
43
23
10
2
16
12
1
1
2
275
4
2
4
4
1
1
3
1
3
1
6
1
1
8
5
22
13
5
2
4
1
12
3
3
1
1
3
2
1
1
3
1
1
1
1
4
3
2
32
4
58
5
10
2
7
25
3
92
2
1
4
2
1
9
6
14
1
2
8
3
1
36
3
2
3
1
45
1
1
1
1
19
1
24
13
3
1
5
11
3
2
37
8
1
1
1
31
7
1
4
1
9
1
13
187
31
1
27
1
1
27
4
5
2
2
3
4
12
1
46
1
4
3
5
56
2
76
1
33
8
1
2
3
6
1
5
4
1
1
1
1
1
3
1
16
1
23
2
8
1
2
1
5
4
4
5
4
8
11
5
1
1
1
1
1
1
1
4
2
8
4
1
1
29
1
38
2
1
2
3
4
1
17
27
3
1
1
14
6
7
1
4
2
1
1
44
1
3
1
3
1
2
2
1
1
5
1
2
1
1
4
1
20
4
2
2
2
8
1
1
1
1
2
7
1
1
1
1
6
2
4
3
3
35
1
6
28
1
1
1
70
1
5
1
12
1
2
7
2
125
4
9
1
35
1
43
25
27
2
1
3
1
2
9
2
1
43
1
1
2
1
15
8
1
59
9
1
1
323
6
1
4
1
1
3
25
26
5
1
9
91
2
8
3
1
1
1
1
4
2
1
1
1
1
61
3
5
12
3
52
3
34
2
2
1
1
1
1
3
4
2
3
1
1
1
52
12
15
3
2
2
1
1
8
1
1
10
1
1
14
5
1
13
198
285
3
73
1
4
2
4
21
1
230
1
43
4
178
1
7
1
3
2
1
1
1
4
47
1
12
4
9
9
1
4
89
2
196
1
1
2
3
2
5
2
3
1
12
4
1
4
2
1
9
3
3
8
6
161
19
1
1
8
5
3
46
16
1
7
7
2
8
12
90
1
1
3
4
8
7
1
1
1
1
1
2
1
1
1
1
4
13
6
2
1
7
21
77
1
1
1
7
4
3
1
1
5
7
2
1
3
1
2
32
8
28
1
1
1
16
10
5
6
1
1
28
1
1
4
1
3
1
3
17
2
1
7
5
1
1
14
1
5
2
1
8
14
24
4
1
128
11
1
2
5
1
1
2
1
1
14
11
1
3
2
1
9
2
1
4
1
2
2
20
1
1
2
1
2
1
12
2
10
1
17
21
1
5
2
1
1
1
9
1
2
15
2
36
2
5
3
38
2
45
33
1
19
57
4
1
2
1
1
2
1
1
37
1
1
3
1
1
5
2
1
1
2
1
7
4
15
1
1
1
4
7
78
3
1
16
1
1
1
1
1
8
279
1
2
1
2
1
2
7
12
1
4
3
42
3
1
1
5
1
32
15
1
3
3
1
7
1
1
1
61
1
10
7
1
1
1
1
9
1
1
14
1
1
1
1
11
1
1
1
13
1
1
1
3
1
2
22
1
1
1
1
1
1
1
2
1
35
2
1
1
11
1
16
6
5
2
12
1
5
4
10
1
1
13
3
1
1
1
1
12
52
1
6
1
32
47
1
7
1
5
3
10
2
7
41
6
1
1
1
9
14
4
1
1
1
1
1
1
1
1
1
3
5
37
94
1
1
2
4
1
1
1
1
1
3
2
2
2
7
5
1
1
1
1
24
1
1
1
1
1
1
2
3
1
1
4
15
1
8
1
2
1
2
168
5
2
1
2
8
1
4
1
1
1
1
1
1
1
5
3
1
1
1
1
1
1
1
3
2
1
2
49
54
2
7
1
40
1
3
1
9
1
1
361
1
2
1
1
3
1
20
5
2
16
1
31
5
2
1
1
1
14
11
2
2
2
10
4
1
2
1
26
4
10
1
3
29
9
2
24
2
2
1
44
69
1
5
10
2
1
11
3
11
10
21
2
5
35
2
2
16
8
19
3
14
2
2
2
160
1
70
16
11
8
1
17
60
12
1
22
1
6
3
30
1
9
21
6
2
4
47
1
66
5
1
1
2
8
2
5
2
1
4
1
2
1
6
6
17
5
1
1
20
3
1
2
1
1
1
5
1
1
2
2
24
5
2
2
2
4
57
1
2
1
2
2
30
1
2
13
5
76
7
8
9
1
7
6
2
4
1
1
3
1
2
2
46
186
104
2
4
1
12
1
2
50
4
14
4
9
1
5
8
2
8
15
3
6
46
1
29
1
1
5
3
3
13
8
1
1
6
1
87
2
1
9
85
8
1
1
18
1
20
4
4
1
1
1
1
1
4
1
1
1
3
1
2
4
1
21
6
2
2
36
277
7
9
4
1
1
1
29
1
2
1
1
43
1
2
60
311
8
2
25
1
79
9
46
7
39
1
1
1
3
21
9
2
1
1
17
7
2
37
1
1
4
1
3
1
1
1
1
12
13
7
5
141
122
1
1
27
1
1
4
1
58
4
2
11
1
38
41
23
2
4
3
1
1
4
1
2
3
1
1
2
1
30
1
6
4
2
1
1
21
1
3
1
1
1
1
1
1
1
4
2
40
1
26
1
4
1
3
2
1
1
1
40
30
18
1
3
1
3
1
3
1
2
1
14
1
5
6
1
49
12
4
24
2
1
175
3
1
4
29
10
28
6
70
24
1
12
1
1
5
5
58
21
5
8
6
1
1
28
1
1
1
148
1
11
1
5
1
6
1
1
1
1
2
5
2
1
2
6
1
2
1
1
1
2
2
8
2
1
1
2
2
1
4
7
399
4
1
1
10
2
1
1
49
1
1
1
1
1
1
242
1
6
1
1
2
1
1
1
7
2
1
1
1
4
2
1
1
1
1
4
1
9
1
58
1
26
1
1
1
1
1
5
1
19
1
1
3
10
5
1
1
2
1
1
1
1
1
1
11
1
12
1
4
1
3
6
17
1
1
1
195
2
1
2
1
1
1
1
1
1
1
1
1
1
1
1
4
75
10
2
9
10
1
39
34
2
1
1
5
31
2
1
5
2
5
1
1
1
17
69
1
1
1
1
1
1
1
2
2
6
9
38
2
1
1
1
1
7
30
1
1
2
1
2
1
1
6
1
1
4
1
3
8
10
10
3
2
1
11
2
1
1
35
72
1
1
2
57
38
1
4
19
6
1
3
188
2
1
171
5
2
1
1
5
4
4
1
2
30
2
1
1
31
11
4
1
1
1
36
1
1
1
1
17
3
1
1
2
12
2
1
1
1
1
4
3
10
3
13
6
3
1
1
1
23
14
1
1
3
4
3
5
1
27
16
6
2
1
35
57
2
1
1
27
6
9
1
4
79
2
8
5
1
1
34
4
1
1
1
1
1
1
4
7
1
159
7
1
7
1
1
6
1
1
1
1
11
1
2
19
1
1
1
3
37
1
1
3
1
1
1
2
2
2
1
1
1
1
33
1
1
1
26
1
2
1
1
10
1
1
7
1
3
1
2
2
2
1
69
42
1
1
1
2
4
12
1
1
5
3
1
1
1
10
7
12
2
1
1
3
2
3
19
9
5
1
1
3
3
1
4
9
1
33
1
4
1
1
61
1
3
1
1
51
1
1
7
1
1
9
5
1
21
2
1
1
1
4
4
1
2
13
1
2
2
12
1
9
1
1
1
1
1
2
5
1
1
1
1
1
1
2
1
1
1
1
4
1
1
40
6
1
1
1
27
1
2
339
1
2
1
2
1
1
3
1
1
8
2
23
3
3
50
1
1
1
5
2
1
1
2
1
2
2
2
1
3
4
2
1
1
1
2
1
4
21
158
1
1
1
3
3
15
3
1
4
1
1
1
1
1
1
1
1
1
2
30
2
1
1
1
3
1
1
1
2
2
1
2
15
48
40
1
1
1
4
2
1
1
5
1
1
1
1
1
1
1
1
14
1
1
3
1
9
1
7
1
1
2
3
1
5
3
2
5
1
1
1
1
1
2
8
1
1
1
6
1
5
5
40
1
1
1
1
24
3
33
33
34
1
1
6
35
16
10
1
1
2
23
2
2
3
7
2
2
5
3
1
1
1
1
3
6
1
2
25
2
2
1
12
2
1
2
2
4
3
1
1
6
2
3
39
19
57
6
23
3
1
29
6
2
2
2
1
1
1
5
1
3
2
2
1
1
2
6
4
2
1
1
1
2
1
37
1
1
65
19
1
1
2
8
2
1
1
1
2
1
3
1
14
1
17
1
55
3
8
1
1
5
27
1
1
1
3
21
3
6
1
1
1
2
1
1
1
1
1
1
4
3
6
2
2
68
1
33
1
7
1
1
22
1
1
2
1
1
1
2
3
1
1
1
55
1
2
8
1
1
1
3
8
5
4
5
15
1
1
1
1
8
1
1
1
1
8
3
3
2
20
1
39
1
40
1
1
10
60
1
1
2
1
1
1
2
61
3
2
1
4
1
11
2
82
1
3
1
2
57
1
1
1
1
3
1
1
1
3
8
3
2
20
1
1
1
208
1
1
1
1
2
5
2
2
4
3
3
98
1
2
1
1
3
1
4
1
1
7
2
1
132
1
7
8
1
386
2
1
3
1
2
1
1
1
1
46
1
1
13
5
4
1
1
1
1
2
1
1
1
1
1
1
2
4
1
23
1
1
1
1
50
9
2
6
79
1
8
1
1
1
3
1
1
1
1
1
9
1
1
16
1
1
1
1
1
1
1
8
12
27
1
5
3
3
3
277
1
1
1
7
1
1
1
9
24
10
1
1
1
1
2
1
1
1
1
136
2
5
6
1
1
2
9
3
3
13
6
1
2
14
3
10
1
1
1
1
2
26
51
1
1
1
1
2
5
2
5
1
1
1
3
1
1
1
1
3
1
1
2
3
2
1
1
2
1
1
1
1
1
4
1
1
5
399
1
1
1
1
13
1
3
1
14
35
215
7
10
4
4
6
41
1
1
13
1
1
1
1
3
4
2
2
1
6
72
3
14
30
1
15
5
1
1
20
6
1
2
1
5
5
1
1
1
2
1
1
1
1
2
2
1
158
3
1
13
1
1
1
39
1
10
2
27
5
6
6
1
139
2
56
30
35
76
1
1
1
1
3
4
2
1
3
1
1
1
2
1
1
133
1
19
6
4
14
8
2
4
1
1
1
3
2
18
1
1
3
1
2
182
4
4
1
1
2
4
1
1
1
8
4
11
2
2
1
3
12
1
1
6
19
1
8
1
1
1
2
1
1
1
5
5
2
1
1
2
4
5
1
1
1
1
1
1
1
1
2
15
1
1
3
2
4
4
6
6
2
1
2
1
4
1
4
4
2
1
2
6
62
1
1
7
2
1
2
1
1
1
1
1
1
1
2
1
1
1
1
1
1
1
3
1
1
1
1
2
1
3
29
1
16
30
2
2
1
1
1
1
1
18
21
1
1
2
1
55
344
3
1
1
66
21
8
1
1
10
11
5
1
1
1
1
1
1
1
3
1
1
1
1
1
1
1
1
1
1
1
1
3
7
1
1
1
1
1
9
18
6
4
18
2
67
2
4
1
1
2
1
2
5
40
1
1
1
1
1
11
1
1
1
3
1
1
1
4
1
2
3
21
12
1
1
1
9
1
1
2
71
3
3
1
1
1
1
5
1
6
1
2
1
2
1
10
1
4
1
1
2
4
5
1
1
1
31
2
1
1
10
12
1
1
1
1
1
11
9
2
24
14
1
1
1
5
1
1
1
1
1
1
25
1
31
1
23
2
1
1
1
8
19
1
1
5
17
1
40
2
8
50
7
51
4
1
8
14
13
1
2
9
1
12
23
43
4
46
73
4
5
47
7
17
1
1
23
2
19
1
1
2
2
6
61
1
1
14
1
21
1
1
19
24
2
1
2
1
1
2
2
1
65
1
1
1
1
1
58
1
1
1
1
4
1
1
3
1
2
2
1
1
2
4
3
2
11
6
2
1
1
1
3
1
84
5
9
13
3
1
1
13
1
2
1
1
2
16
4
3
1
1
33
1
1
2
1
1
1
6
2
1
1
1
1
1
1
8
1
1
19
5
1
3
1
1
1
52
6
1
1
1
1
2
25
2
1
1
3
1
182
1
3
2
8
1
1
73
1
1
75
1
3
1
6
1
8
8
2
16
13
2
1
1
1
1
1
5
1
7
110
2
1
1
4
2
10
1
4
5
3
52
2
2
5
1
4
1
1
1
12
1
14
29
63
36
1
3
5
1
2
2
1
1
1
1
21
1
3
2
1
1
1
1
1
1
9
18
26
1
1
6
1
1
8
3
1
1
4
1
1
1
54
1
1
3
1
1
2
1
1
1
1
206
1
3
1
1
2
4
1
2
1
31
1
1
9
5
35
58
1
2
2
1
1
2
3
1
2
4
1
2
2
229
4
9
2
1
1
9
1
1
5
1
2
1
1
7
1
20
1
1
9
2
1
1
1
1
10
35
1
1
1
1
1
95
5
1
40
95
4
4
18
2
1
33
2
1
1
3
1
2
2
1
2
1
1
1
2
18
1
1
1
9
1
1
1
3
18
2
2
66
1
1
1
1
1
1
1
3
66
1
5
1
1
1
1
20
1
1
1
165
2
1
1
1
6
1
1
11
2
38
1
5
1
3
26
10
1
1
1
1
1
1
1
1
6
1
2
34
12
1
1
2
4
18
2
5
1
1
5
1
1
2
1
1
28
1
2
1
4
1
1
1
3
1
7
1
30
3
3
32
2
11
18
4
1
1
2
6
1
1
1
1
1
1
2
1
10
13
30
1
1
9
1
2
1
1
2
4
1
1
2
1
5
7
1
2
18
26
2
2
15
6
3
1
1
20
9
11
1
41
1
3
1
1
30
4
10
1
4
3
54
1
1
92
1
20
2
3
1
2
2
3
1
1
1
1
1
18
1
2
1
59
2
4
2
1
1
117
3
7
3
14
1
1
13
22
1
36
168
33
1
3
34
36
1
1
1
1
1
1
1
1
1
1
1
1
1
1
3
1
1
19
1
1
2
23
2
1
31
5
1
2
1
4
1
1
1
128
1
3
1
4
227
13
1
1
1
1
5
6
1
1
1
1
1
23
1
1
7
1
4
13
5
16
2
2
11
1
1
1
1
1
1
16
1
2
1
1
1
9
2
1
5
1
2
2
3
1
1
1
13
1
11
1
143
1
1
1
1
7
1
1
1
1
19
5
10
2
1
2
1
1
4
1
6
1
1
4
1
60
15
3
1
32
1
1
1
1
14
3
5
1
1
1
1
1
1
1
1
1
5
2
1
1
1
1
1
5
28
1
5
1
75
2
15
1
21
3
1
5
158
1
5
2
1
1
1
61
6
1
1
9
5
3
9
4
2
2
1
1
1
1
1
1
1
1
7
1
1
1
1
1
1
1
1
1
1
2
12
1
1
2
7
3
1
1
1
1
3
2
1
3
2
1
1
1
1
4
1
4
1
3
107
1
2
3
1
7
1
411
1
1
4
2
3
3
6
1
1
2
4
1
1
1
1
3
2
4
1
6
1
1
1
1
3
1
4
1
1
1
2
1
2
2
4
1
1
9
16
1
1
1
1
1
1
2
5
1
1
2
2
5
1
1
2
13
20
1
1
1
1
1
2
5
1
1
142
1
1
3
1
47
36
1
2
2
2
1
1
2
1
20
22
29
2
17
7
12
24
37
5
4
1
21
143
2
1
1
3
51
16
2
4
1
6
1
3
1
7
1
6
2
1
1
1
1
1
1
1
1
2
8
5
6
1
3
3
1
126
1
2
13
2
2
1
8
2
1
61
40
18
1
1
1
12
90
1
2
1
1
8
2
1
1
1
1
1
1
1
1
12
1
1
235
80
5
10
1
45
5
7
9
10
3
332
60
1
1
1
1
1
5
3
1
58
2
3
1
5
1
1
1
1
1
1
11
1
62
1
1
1
1
2
84
2
1
76
1
1
2
10
4
1
8
1
1
6
5
1
1
1
2
40
8
128
1
15
2
1
1
67
3
3
3
1
6
4
8
1
64
5
1
2
1
2
2
28
1
393
1
2
14
166
45
7
1
11
2
1
1
2
1
8
1
1
1
1
3
20
1
38
23
11
78
2
1
8
11
30
1
1
1
1
1
1
1
1
1
1
3
1
1
1
3
1
1
17
1
2
1
2
69
1
154
1
1
24
1
1
1
2
1
7
1
1
1
1
1
3
1
11
1
1
1
5
51
10
2
1
180
3
1
6
4
59
2
31
1
7
1
1
1
1
1
1
13
4
1
1
3
1
1
25
5
1
1
1
1
2
3
5
2
1
1
2
34
1
2
1
8
1
1
1
1
1
1
1
1
1
1
1
1
1
1
1
16
1
42
1
1
1
3
1
1
1
2
1
1
1
1
1
1
1
2
1
1
107
2
5
1
3
1
3
3
1
2
1
1
1
11
6
118
2
1
5
1
1
5
11
1
2
1
6
12
15
1
34
7
10
31
5
47
2
2
1
1
3
1
9
2
6
8
10
4
1
1
1
1
8
1
3
1
1
1
2
3
1
1
1
1
9
7
1
10
108
1
5
14
1
4
1
81
1
1
2
17
1
1
1
21
1
26
1
8
15
6
1
1
1
3
10
1
1
1
1
5
171
9
6
11
1
3
5
1
1
2
3
1
1
13
4
7
2
2
7
1
1
1
4
20
1
4
1
1
1
19
4
5
16
4
1
1
2
37
2
1
6
1
1
15
3
1
27
5
1
11
3
1
23
3
5
1
2
1
1
184
2
1
1
2
3
1
9
23
87
124
5
10
89
17
2
1
20
1
6
3
23
2
56
3
3
25
37
1
1
1
1
1
27
4
6
4
1
1
1
15
1
1
3
1
1
1
18
1
1
2
4
1
5
1
6
1
7
9
1
1
20
5
3
3
1
7
11
2
1
1
2
1
43
2
1
14
1
3
13
1
3
1
14
1
1
2
1
1
1
1
10
6
1
4
2
5
4
14
1
3
43
4
5
2
1
1
2
14
1
1
1
3
1
1
1
26
1
1
2
1
1
1
2
2
1
1
1
1
9
1
12
1
1
7
1
3
1
1
1
1
3
4
1
1
2
19
3
1
59
3
6
1
11
52
5
2
1
1
1
2
3
1
1
2
1
1
1
2
1
1
127
1
82
2
18
4
3
15
29
1
1
7
1
1
9
41
1
119
3
1
14
1
12
1
3
10
9
13
1
1
2
2
3
3
1
8
1
2
1
1
1
1
1
1
1
1
2
61
4
1
1
5
1
1
1
23
1
1
1
4
35
2
19
14
2
1
1
1
24
1
3
29
1
12
1
1
33
2
3
5
2
4
42
9
1
1
1
5
1
1
14
61
5
2
1
1
2
1
2
1
10
4
1
1
1
1
1
1
2
1
1
1
1
6
16
1
1
1
29
3
1
1
7
76
1
29
4
1
1
15
1
1
1
1
1
39
1
317
2
1
2
62
8
6
4
12
5
1
1
1
1
8
1
1
1
1
3
5
2
1
1
1
2
1
17
2
2
2
10
3
107
1
6
4
5
1
1
119
1
1
9
1
1
2
3
58
1
15
1
6
2
2
1
2
1
1
4
1
7
3
4
1
13
1
9
16
1
8
17
1
1
1
1
1
1
1
2
1
1
1
1
1
1
1
2
2
2
1
1
1
1
1
1
47
22
1
4
27
1
1
2
79
2
1
1
1
5
30
4
1
2
68
1
1
3
15
209
7
23
86
21
1
80
2
2
1
3
1
1
6
1
13
1
8
1
1
9
4
52
1
211
1
1
2
30
1
1
6
1
1
1
2
1
1
2
1
1
1
5
176
5
2
1
160
5
214
1
1
5
1
1
1
2
5
5
1
2
1
2
10
4
1
1
1
141
1
1
2
1
32
1
8
1
1
1
1
47
3
31
5
1
3
1
4
2
1
1
1
1
2
2
1
7
2
42
1
1
2
1
1
1
1
10
1
1
2
2
2
1
1
1
1
2
2
4
1
1
1
1
2
1
1
1
1
1
1
2
9
1
7
17
1
2
1
1
1
1
1
1
2
26
1
1
1
1
11
1
1
5
1
1
1
1
3
1
4
2
2
1
2
23
1
68
7
1
2
1
6
1
1
1
1
1
1
2
1
18
1
1
1
57
1
1
1
1
4
1
1
1
1
16
1
1
1
1
1
1
1
2
2
1
178
2
5
22
4
3
1
1
178
1
1
7
1
1
1
2
2
2
1
1
2
1
1
2
1
1
1
20
1
3
2
93
2
1
1
3
12
23
1
4
4
11
2
3
1
3
2
10
18
1
44
3
68
1
1
4
32
2
1
31
3
1
7
3
1
2
2
79
5
4
1
12
4
31
5
2
36
3
10
8
18
8
3
4
14
1
10
1
4
1
3
1
2
3
5
6
18
11
1
2
2
7
1
1
1
1
1
20
2
31
1
2
1
13
12
5
1
20
13
12
51
18
1
16
23
17
15
121
1
1
2
2
3
1
1
3
3
1
5
1
22
1
2
1
1
1
2
5
2
1
206
1
61
11
3
1
56
1
8
4
2
1
11
1
1
1
2
2
1
8
1
1
1
3
9
24
1
1
7
1
1
2
2
1
5
3
1
2
121
1
4
2
70
6
2
1
1
2
1
1
1
1
1
4
33
1
2
1
1
1
9
2
1
2
6
5
1
20
1
1
1
1
3
14
2
1
1
1
1
23
1
1
11
4
1
1
1
5
1
3
1
1
37
6
1
1
1
4
98
1
5
1
6
3
157
3
1
1
3
1
184
34
1
1
2
1
1
1
1
94
1
46
2
23
4
1
1
261
2
1
1
1
18
1
1
1
1
3
2
1
1
10
1
1
1
1
2
1
2
86
5
1
22
7
53
2
4
1
2
1
3
1
1
4
4
5
4
24
1
12
1
15
1
59
1
1
1
1
7
17
1
1
5
1
2
1
1
4
1
1
1
1
33
1
1
1
3
1
1
4
33
1
1
1
11
1
1
1
145
1
1
3
9
330
1
2
1
8
3
69
2
1
2
1
3
6
8
11
1
4
2
24
1
3
4
4
5
1
1
15
1
1
1
24
16
1
1
1
14
1
28
28
2
1
46
1
7
3
1
2
4
4
2
1
6
1
1
1
9
19
3
3
1
13
12
14
2
40
12
1
2
2
3
5
1
1
6
1
1
2
11
2
1
1
3
3
1
2
9
1
2
1
1
3
12
2
2
1
1
2
21
133
4
3
13
1
1
11
2
4
57
25
9
17
1
3
20
15
27
1
1
1
13
1
1
120
1
1
49
1
1
1
3
3
1
1
1
1
23
95
58
1
1
46
1
1
1
1
1
4
16
1
1
7
1
7
1
1
1
1
1
1
1
87
5
108
1
62
309
1
2
26
22
23
2
9
11
7
4
35
1
1
11
11
23
25
18
20
213
1
3
2
305
5
6
1
9
5
30
5
1
1
2
2
1
1
1
1
7
36
2
3
35
1
1
1
18
3
1
1
51
2
6
4
2
1
3
3
28
13
1
19
1
7
2
3
3
1
1
1
2
1
3
17
5
2
17
4
1
1
1
24
1
2
8
1
1
1
6
7
13
13
12
2
3
1
1
2
1
2
2
1
1
1
1
1
2
1
6
24
4
1
3
1
2
1
2
1
8
27
5
11
1
7
1
1
1
1
2
5
3
4
44
20
2
27
1
28
1
3
1
7
1
1
1
1
1
96
1
3
3
25
1
1
2
1
1
154
2
13
2
1
1
1
8
1
3
1
1
71
2
1
1
1
56
1
2
2
1
1
107
1
1
1
1
1
1
2
1
1
1
1
1
1
1
1
1
1
1
3
3
3
1
1
1
1
1
1
1
1
1
3
1
1
1
7
1
1
2
1
1
2
51
21
1
1
7
1
1
1
1
61
3
28
23
2
1
1
21
27
7
1
2
5
4
4
3
10
3
3
16
124
2
1
2
1
1
1
1
1
1
2
3
2
1
2
2
1
92
1
78
1
6
13
4
1
6
24
2
1
1
2
5
1
1
2
1
1
2
7
1
1
1
1
1
2
2
1
1
1
1
4
32
2
2
1
1
1
47
2
1
1
7
11
4
35
2
1
2
1
1
6
2
2
1
1
2
3
1
3
12
1
1
4
13
1
1
1
1
1
1
1
1
1
3
3
1
1
3
2
1
2
1
1
1
2
1
1
1
1
6
2
1
2
6
2
15
3
53
5
14
9
9
8
4
1
7
17
1
1
25
1
1
1
2
1
1
1
2
3
1
2
5
1
2
1
1
2
1
1
16
1
1
1
1
17
2
2
19
24
1
1
1
1
30
1
116
3
1
1
1
1
1
1
2
1
1
1
2
1
5
1
2
44
3
1
2
1
1
1
2
4
1
1
1
1
1
1
1
15
1
1
1
2
1
1
2
1
1
3
4
1
1
8
129
1
2
5
1
2
1
1
1
1
3
1
1
2
1
1
1
1
1
1
5
2
1
5
2
1
154
2
5
1
1
1
1
4
34
1
1
3
2
38
35
1
1
2
1
1
2
1
27
1
2
2
1
1
2
1
138
1
1
2
24
1
9
2
1
1
1
1
19
1
1
3
1
2
10
1
3
12
5
1
7
1
7
6
55
2
68
6
3
1
6
29
1
1
1
1
329
15
1
5
17
4
3
1
1
1
1
1
2
2
1
1
1
1
1
1
1
1
22
4
6
11
1
14
1
430
1
2
9
1
1
6
129
1
1
1
1
2
6
1
2
1
2
1
59
1
1
3
72
1
1
1
1
1
61
1
1
1
3
3
1
2
1
1
8
1
51
1
2
1
1
7
5
10
1
3
3
13
2
4
1
2
1
2
1
2
1
1
1
1
1
1
38
1
1
49
1
2
1
4
1
1
1
1
1
1
1
1
18
23
1
2
87
1
3
1
1
2
1
1
2
1
1
2
3
1
1
1
1
1
19
1
1
1
2
1
2
5
1
9
1
316
1
1
5
1
1
1
2
1
1
1
1
1
1
34
1
2
1
139
11
2
1
1
1
1
3
6
16
9
2
1
1
93
1
22
1
2
58
2
3
3
6
7
2
2
1
11
1
2
10
1
11
15
28
14
5
1
1
1
9
5
15
3
7
20
1
7
1
1
1
1
2
111
13
150
1
1
2
1
16
1
1
1
11
2
38
4
1
1
2
87
1
2
120
1
1
6
1
4
1
26
1
1
1
1
1
2
3
4
75
1
1
1
3
1
2
1
2
1
1
1
2
2
2
2
6
1
1
2
8
56
3
1
1
1
4
1
1
1
1
2
1
2
1
12
21
16
5
1
1
1
2
1
1
5
5
1
1
2
1
1
1
1
12
12
1
11
1
1
1
6
1
1
3
1
7
3
2
4
6
1
1
1
1
2
8
3
8
15
12
6
1
17
1
1
62
2
3
1
8
6
6
2
1
3
53
70
1
8
19
7
3
1
1
2
1
2
1
1
1
1
5
1
1
1
1
10
2
2
1
1
1
1
1
1
1
1
1
1
1
1
1
1
58
5
1
2
28
1
1
1
3
1
5
1
57
18
31
4
1
1
3
4
1
1
2
13
2
1
1
54
9
1
6
2
37
1
1
1
1
3
346
1
1
1
4
103
2
1
26
1
1
1
11
2
57
1
1
3
5
1
2
1
1
1
1
17
5
4
1
1
3
3
1
1
1
8
1
19
9
1
8
1
1
1
4
17
86
1
1
2
1
69
1
3
1
1
12
1
1
1
2
2
2
1
1
78
2
3
3
1
87
1
1
1
1
1
1
1
1
4
16
3
1
1
1
2
2
1
1
1
3
1
3
1
1
28
175
4
12
1
4
5
1
5
2
1
60
1
39
1
1
2
2
5
1
1
1
1
1
1
1
1
1
4
5
1
25
1
1
2
1
1
1
1
1
5
1
11
4
7
1
10
1
8
1
1
17
1
1
3
1
1
2
4
4
1
3
1
9
1
1
19
1
1
1
1
14
1
50
1
1
1
2
2
1
67
55
7
1
3
1
1
1
2
1
5
2
1
3
1
1
5
3
1
20
1
1
4
1
1
2
1
7
1
8
3
1
1
7
2
1
3
14
1
1
1
2
1
1
1
21
6
1
25
1
1
1
1
4
1
1
2
3
1
1
1
4
8
8
2
1
1
16
1
1
1
1
1
12
1
4
1
1
1
1
6
1
1
1
1
3
85
101
2
1
1
4
13
1
1
1
2
1
1
1
3
1
1
1
229
3
1
1
1
20
1
1
1
13
4
1
12
7
5
1
1
1
1
21
1
3
1
4
6
18
1
1
1
18
1
6
1
5
13
6
1
1
1
3
1
4
3
1
2
3
1
92
1
1
4
2
17
2
17
1
2
4
1
2
1
16
6
2
3
1
1
1
3
3
2
2
1
2
1
1
1
1
25
1
3
3
11
1
1
3
2
1
1
3
4
1
2
2
1
14
7
13
1
27
20
1
1
2
35
2
1
2
1
1
39
1
45
4
5
1
2
1
1
1
1
1
10
1
8
1
1
1
1
1
1
3
1
1
3
1
1
1
3
1
1
8
7
105
9
1
1
28
1
3
1
79
1
1
1
1
1
144
3
1
1
1
1
1
1
1
1
1
1
2
15
5
1
2
1
1
1
5
2
1
1
2
1
1
286
1
2
1
2
1
4
1
1
2
20
1
48
1
26
1
1
1
1
1
1
348
1
3
1
1
1
6
3
3
1
2
1
1
1
4
14
2
1
10
1
1
12
28
76
23
1
3
20
3
13
2
4
1
3
2
14
11
6
2
6
1
1
63
1
10
1
2
2
2
1
1
10
22
1
2
1
2
1
1
2
2
5
12
2
1
7
4
1
1
3
3
4
1
26
1
1
7
1
1
1
4
1
1
1
1
13
1
1
2
1
1
1
1
1
2
6
1
1
1
1
1
1
2
1
1
1
1
1
1
3
9
2
57
1
2
1
1
1
2
2
1
3
1
1
1
1
1
2
29
4
1
1
32
2
2
2
3
16
7
1
7
2
4
147
13
1
2
1
3
1
4
1
1
1
3
54
12
1
5
2
4
1
98
1
1
1
1
1
1
1
1
2
1
1
13
26
17
5
1
1
1
1
6
3
1
1
2
2
2
1
1
1
13
1
2
162
45
1
2
5
1
1
1
19
6
1
1
1
1
1
2
2
1
1
3
28
1
53
3
1
1
5
214
2
1
2
2
2
4
1
1
4
1
1
1
4
2
2
1
11
1
6
1
1
2
7
174
1
1
1
1
1
1
1
1
3
6
38
2
1
12
1
1
7
1
2
1
1
1
1
3
13
1
1
1
1
1
1
1
1
1
5
2
1
1
1
46
1
1
2
1
1
1
1
2
1
1
1
3
1
1
1
2
1
11
4
1
1
1
4
1
1
1
1
35
1
147
7
2
1
1
1
1
1
1
1
1
1
1
1
1
155
34
1
1
3
1
1
1
14
1
2
41
3
6
2
23
1
1
8
1
2
14
6
1
1
1
1
3
2
8
1
1
1
197
1
4
13
1
16
1
1
6
1
1
12
2
8
55
1
1
1
2
3
1
1
34
1
8
143
1
48
290
1
202
5
1
1
13
1
2
12
2
1
1
3
1
3
2
18
1
5
2
56
1
1
1
2
4
1
4
1
1
1
1
26
1
4
1
1
2
1
2
1
2
5
2
1
3
1
170
5
1
1
1
6
1
1
5
1
14
2
11
2
1
1
2
1
9
7
1
1
82
1
3
2
1
58
1
1
2
1
1
1
18
1
8
5
1
2
3
5
18
2
4
2
15
2
3
3
2
3
1
1
2
1
3
2
2
1
2
1
1
1
8
5
2
1
2
1
1
2
1
1
1
3
2
2
1
1
1
1
1
157
2
5
2
33
9
1
1
7
2
1
8
11
8
4
2
1
7
7
32
1
3
1
30
1
2
1
2
2
3
1
2
1
7
93
60
2
19
4
7
11
4
30
1
1
2
1
9
7
12
4
2
1
3
15
1
1
5
1
1
1
1
1
18
2
1
12
1
1
1
2
3
1
4
2
1
38
2
1
1
2
1
1
1
1
1
1
1
2
2
48
3
2
1
1
1
35
3
4
2
1
4
1
13
1
4
8
1
2
1
1
1
1
1
2
1
1
8
1
1
1
4
1
1
1
1
11
1
3
1
1
1
1
2
5
25
7
24
16
4
12
8
1
7
8
1
1
2
1
31
7
1
1
56
1
1
1
1
1
1
27
1
1
1
1
82
1
1
2
1
68
39
19
17
2
1
2
1
1
1
1
2
1
1
1
1
1
22
2
3
1
5
5
1
4
1
18
1
7
1
1
1
1
1
4
1
5
1
1
2
1
2
2
2
2
23
1
4
1
1
1
1
1
2
1
2
1
54
1
1
1
1
170
1
1
4
6
3
1
12
1
21
2
4
3
1
1
2
144
1
1
47
1
1
57
1
1
31
20
1
1
2
8
1
1
1
1
6
5
2
5
5
1
2
2
2
26
31
1
4
39
3
1
2
1
1
1
10
1
2
3
1
2
1
22
2
4
3
4
3
4
1
2
2
1
1
2
2
1
1
1
1
4
1
3
1
1
1
1
2
1
1
1
3
1
1
1
5
28
27
1
1
3
1
3
1
7
4
2
3
1
2
1
1
1
32
4
16
122
11
1
1
3
1
1
1
2
1
4
1
2
10
1
1
1
17
1
1
2
1
1
2
1
1
2
2
5
9
1
2
1
13
1
12
1
1
1
1
1
1
1
10
8
1
2
15
1
1
5
2
1
4
19
3
10
44
1
1
2
1
2
54
8
1
1
2
2
1
2
2
1
1
2
1
1
35
1
207
1
1
1
1
1
2
8
4
3
2
2
1
4
7
1
1
1
2
4
1
3
1
1
23
17
16
3
1
1
1
1
5
3
1
1
5
1
2
1
4
1
4
1
52
4
1
36
4
1
1
1
38
1
1
1
1
1
1
1
6
1
1
4
2
1
1
2
1
2
2
36
76
10
4
15
4
1
27
18
1
99
190
73
251
9
1
1
347
2
1
1
1
1
12
2
1
1
1
1
1
1
4
1
1
2
4
1
1
33
61
68
2
1
2
2
2
41
1
1
1
1
2
1
33
1
1
5
4
1
1
1
2
1
3
18
1
1
1
1
1
2
1
1
1
1
1
2
1
2
2
4
32
1
1
1
33
6
3
4
5
1
1
2
1
126
137
1
2
2
185
1
1
1
3
13
1
1
4
4
1
3
1
3
1
1
1
1
6
4
3
9
43
1
1
1
1
1
2
7
1
1
2
1
1
6
2
2
1
4
1
1
9
1
1
66
17
8
1
1
1
1
7
19
3
1
1
1
1
2
15
62
1
1
1
1
8
2
1
1
1
1
2
1
4
4
3
6
5
1
2
2
2
37
1
5
81
1
1
39
1
1
5
1
1
4
1
3
3
1
1
1
8
41
17
1
18
1
3
1
4
2
3
2
5
1
1
2
2
56
1
9
1
1
1
3
4
3
1
287
7
2
1
1
2
2
1
4
1
1
1
2
3
1
1
10
2
1
1
1
2
4
1
2
5
2
1
4
7
6
2
9
2
2
22
3
1
36
2
4
38
1
1
1
1
18
1
4
1
2
12
4
3
1
1
1
1
2
10
3
7
7
7
7
1
1
2
13
4
12
1
4
1
1
1
2
2
9
2
3
1
1
7
51
1
1
3
1
2
1
18
113
1
11
18
4
4
7
3
3
10
1
3
12
8
49
2
4
2
1
3
1
1
1
5
2
15
3
1
2
1
1
1
46
1
3
3
1
1
1
2
3
34
6
1
1
4
10
2
2
1
2
1
1
4
1
3
1
1
1
2
4
1
1
1
1
1
1
3
3
1
1
1
1
1
2
21
1
1
1
4
2
1
197
3
7
1
12
1
2
2
1
1
1
9
1
4
166
3
9
1
1
2
4
3
3
1
2
1
1
178
1
6
1
29
2
1
1
1
1
2
2
1
2
1
5
2
7
1
2
1
3
2
1
1
22
48
9
43
3
2
1
1
1
30
5
5
6
1
4
1
4
3
1
102
2
1
1
2
1
2
1
2
27
1
21
6
2
10
10
1
1
3
2
1
1
1
1
1
4
1
2
3
1
6
5
1
1
43
2
1
2
1
1
28
2
1
1
4
1
1
6
3
1
1
1
1
3
1
2
3
3
1
3
1
2
2
1
1
3
3
5
2
2
140
2
161
17
1
4
7
1
1
2
1
6
1
1
1
1
1
16
1
1
1
1
2
26
99
2
2
1
1
22
1
1
1
27
1
2
10
6
1
9
6
113
2
1
6
4
1
1
1
5
18
6
10
39
8
119
1
69
1
1
7
10
7
2
1
58
26
35
1
3
7
1
4
1
4
2
20
19
50
14
27
140
20
3
1
2
1
15
1
5
1
145
13
58
79
57
16
9
1
1
1
1
80
31
36
1
1
1
1
1
3
1
1
128
1
1
4
1
8
1
1
1
1
1
3
9
10
5
54
1
3
1
1
1
1
2
2
2
2
1
1
1
2
179
1
1
1
3
1
2
47
2
23
1
1
2
1
42
7
1
1
171
13
1
1
9
25
12
7
5
1
5
2
6
2
1
1
1
20
10
1
5
1
1
1
1
2
4
1
1
1
2
2
359
12
1
1
43
8
1
1
1
1
3
1
2
1
1
1
9
1
1
1
23
1
74
107
2
1
2
1
1
1
1
17
2
1
1
13
3
1
32
1
3
7
2
189
3
1
2
1
2
1
5
13
1
152
57
1
6
1
1
1
3
1
1
6
1
1
1
1
2
1
1
1
5
1
1
7
1
1
1
1
1
1
2
1
2
5
9
1
1
6
1
3
2
1
1
1
1
1
3
2
60
1
1
1
2
2
1
1
3
5
1
11
1
1
4
1
3
5
1
183
1
1
1
1
1
53
1
1
9
1
1
1
1
1
1
1
24
1
1
1
1
1
1
1
3
2
2
1
65
3
1
1
8
111
5
1
9
3
3
3
23
1
1
1
1
2
1
3
14
1
1
1
63
2
1
2
1
11
2
1
8
1
4
2
1
1
5
6
1
1
6
4
5
1
1
1
1
2
11
1
1
1
3
3
103
84
1
1
1
9
1
4
2
1
106
1
1
5
3
60
2
9
3
1
2
3
2
1
2
1
11
45
1
2
1
1
1
5
1
1
1
1
101
2
1
1
1
3
1
1
32
1
1
1
1
1
2
7
1
1
1
1
2
3
2
1
2
1
3
1
16
1
1
1
3
2
1
11
9
2
1
1
1
2
3
3
1
293
5
2
19
15
12
1
1
2
1
11
112
2
11
134
2
1
64
2
10
1
146
9
67
1
1
16
1
1
3
24
1
1
2
1
12
11
2
1
1
9
1
1
2
2
2
2
29
20
1
1
298
1
1
7
1
14
1
3
4
1
2
1
1
2
1
5
1
2
1
7
2
7
3
3
3
3
1
3
109
3
1
1
6
3
6
1
1
7
3
3
1
1
1
1
1
1
5
1
2
7
1
169
1
1
1
1
1
4
6
5
1
1
1
18
3
1
1
2
1
1
1
2
8
1
2
1
1
1
1
1
1
2
1
1
14
1
1
34
7
1
1
3
1
1
1
4
1
1
1
3
1
2
2
2
1
3
1
5
4
8
1
2
143
1
2
1
1
1
3
1
1
8
2
2
1
2
1
7
1
1
5
1
1
1
7
7
1
2
1
1
3
3
1
1
78
1
141
9
1
6
19
2
13
5
1
1
7
