26
31
28
35
26
3
1
12
42
2
1
36
6
2
56
6
3
31
22
32
11
14
133
129
1
15
7
20
5
77
13
6
65
73
47
4
17
9
38
25
2
94
11
14
1
3
1
1
1
64
3
16
7
1
84
22
1
3
1
73
6
2
15
17
1
1
40
3
3
15
1
14
3
2
2
1
4
22
3
71
148
5
47
142
3
26
16
2
3
2
3
1
2
6
1
2
6
1
9
12
27
1
152
8
25
2
2
72
1
12
4
1
10
123
20
3
2
42
1
4
4
27
8
27
12
5
2
29
1
28
2
21
5
2
42
48
16
1
24
7
1
2
3
9
1
32
38
1
11
12
29
115
2
3
2
3
1
44
9
2
1
4
1
8
4
2
4
1
2
14
20
157
65
252
55
1
2
7
22
1
20
1
1
2
1
2
11
3
64
2
3
2
114
7
48
6
4
10
56
25
5
2
2
3
2
101
1
3
134
1
2
50
30
3
79
9
28
3
4
2
11
2
3
88
3
1
2
11
16
8
9
2
2
17
3
1
1
9
5
1
117
3
2
6
5
2
6
7
1
1
1
3
23
6
34
1
105
13
36
3
1
5
2
1
1
5
3
6
2
3
4
2
3
2
6
2
3
7
2
2
2
1
30
2
3
56
2
3
10
3
2
1
2
12
99
2
4
1
6
11
38
1
16
38
3
2
5
2
8
9
2
2
5
1
13
3
9
2
103
1
13
7
118
3
66
1
1
161
11
2
2
5
3
1
1
8
3
3
2
16
2
2
44
116
7
4
5
14
42
2
3
32
4
5
6
8
1
13
2
27
2
113
12
3
4
6
54
19
26
7
1
2
10
1
115
6
1
6
3
4
50
6
48
4
7
10
1
1
5
3
22
5
16
12
2
72
10
9
2
2
6
1
9
8
8
15
8
5
4
5
76
2
2
3
2
17
3
19
5
2
1
4
15
60
29
9
12
1
2
3
37
1
11
6
6
7
3
47
9
21
12
5
8
9
9
18
4
1
3
89
2
15
31
6
11
2
6
19
2
12
2
1
13
4
2
1
4
49
2
2
3
13
10
10
1
2
67
8
4
10
5
10
2
3
7
12
29
3
8
2
1
32
4
31
1
20
2
15
7
3
43
53
7
45
11
3
1
11
3
3
16
1
15
3
28
27
14
8
2
31
6
1
1
6
4
1
1
10
23
2
1
9
8
1
3
10
23
3
2
54
13
1
1
7
14
2
3
4
15
29
4
3
6
15
63
3
12
4
9
1
8
5
45
4
13
42
16
8
9
11
56
4
26
11
24
14
20
40
42
6
35
34
3
2
6
8
52
1
3
119
1
2
1
2
5
1
13
131
5
2
4
12
98
29
13
27
1
22
2
3
44
2
16
31
26
21
10
11
48
5
6
1
4
4
2
2
7
18
1
41
1
22
3
2
4
5
51
7
2
69
10
60
8
5
1
5
2
16
16
3
35
6
62
3
19
5
1
8
9
26
28
14
14
1
37
8
1
1
4
2
51
23
45
11
17
8
1
3
17
6
14
17
18
61
85
6
41
45
12
12
7
6
40
14
28
1
1
9
2
5
28
89
13
20
4
1
4
5
17
1
2
114
11
7
22
22
1
4
38
4
1
40
18
64
49
8
14
1
57
22
85
53
15
116
9
9
155
18
1
1
6
