1
31
5
1
6
30
38
8
5
35
4
3
23
8
1
1
3
5
3
7
3
34
11
1
19
41
5
3
6
1
8
5
5
34
23
8
3
18
50
2
2
8
1
2
2
1
11
1
30
5
1
55
2
6
1
48
15
28
3
4
3
21
6
28
2
7
85
3
4
13
5
2
1
1
26
1
5
25
2
2
72
3
1
14
95
1
9
1
2
9
4
1
11
21
16
3
2
5
8
2
17
27
18
2
22
4
19
51
26
3
3
3
2
4
29
1
2
2
2
1
13
6
4
11
5
8
11
8
3
3
1
2
14
1
6
1
2
2
35
20
3
5
15
31
17
2
20
7
11
76
8
2
11
36
4
2
5
28
1
2
5
2
1
1
5
18
1
9
1
71
3
10
35
24
3
19
28
5
26
2
5
11
20
13
1
23
1
3
2
4
1
1
3
2
1
13
26
1
1
71
2
28
20
11
84
2
3
1
1
1
30
3
1
29
1
11
6
1
2
3
1
8
3
14
8
3
11
25
6
2
3
1
12
1
1
1
9
1
25
1
30
2
1
1
22
30
48
9
2
1
2
7
6
1
7
3
60
5
18
2
2
3
2
5
2
1
2
2
1
14
7
2
6
1
4
14
1
2
1
1
13
15
5
68
33
5
2
9
7
1
2
1
13
2
1
37
1
1
26
2
51
15
1
5
2
2
3
1
7
9
23
27
1
21
39
23
2
46
20
1
28
3
2
19
8
1
1
2
2
2
2
2
4
2
1
3
6
2
7
33
2
43
1
3
1
3
1
1
17
7
3
3
15
18
6
3
1
21
12
50
8
2
13
1
1
2
21
2
3
2
1
1
24
2
9
22
83
7
11
2
3
44
46
1
5
45
19
2
29
11
2
1
1
3
3
12
1
2
1
87
1
1
12
2
10
6
4
7
14
14
2
32
39
4
28
2
1
90
1
1
38
1
3
2
2
1
1
18
2
2
13
1
8
5
23
9
1
1
1
2
14
17
6
2
47
28
1
6
2
16
28
1
24
8
30
1
2
2
12
16
46
47
45
1
6
12
7
22
4
1
3
2
33
1
17
34
5
5
1
33
1
2
8
2
2
34
3
2
2
26
2
10
1
1
2
1
12
7
5
73
1
4
1
22
4
8
3
6
14
5
5
38
7
10
2
6
10
5
21
6
16
56
7
1
18
32
1
9
4
24
11
3
1
9
43
47
1
11
4
9
1
5
2
19
47
14
32
14
3
1
89
32
3
3
27
2
1
9
4
4
2
1
18
10
3
28
9
1
3
18
1
2
4
2
6
1
4
6
45
14
1
2
26
2
16
4
3
2
16
7
1
35
31
2
2
15
11
4
23
87
73
1
2
6
8
59
8
6
1
5
3
2
1
2
3
1
1
1
1
2
1
8
20
4
14
18
10
1
61
37
18
2
32
2
2
3
2
8
22
2
2
8
1
2
1
1
1
1
8
24
4
2
3
1
10
12
4
1
12
2
17
7
16
42
1
1
15
2
5
9
11
2
1
1
9
2
2
4
42
2
2
14
1
16
1
2
1
80
5
3
5
2
1
14
3
3
16
10
1
5
2
2
25
25
2
13
2
9
3
25
2
8
1
5
2
42
3
7
8
34
4
9
32
13
3
4
25
13
9
33
2
7
1
1
2
15
9
1
13
16
1
6
1
3
3
2
8
6
1
2
1
2
19
8
22
1
1
1
2
2
3
1
23
46
3
5
2
11
2
14
11
37
2
2
1
23
2
90
2
11
15
27
5
3
1
1
54
2
14
45
3
1
4
28
1
2
1
1
15
1
1
1
2
2
2
3
3
2
2
5
3
6
4
51
3
3
2
18
3
10
17
52
27
7
33
2
8
1
1
1
6
6
2
2
3
20
6
2
1
1
2
1
3
2
1
17
6
6
1
4
27
4
2
1
9
7
1
1
2
28
7
1
1
33
1
6
8
4
3
2
18
1
7
1
5
5
5
6
2
3
1
5
37
2
3
6
5
4
5
2
15
4
1
3
1
59
1
3
20
23
19
2
4
3
19
48
2
9
28
78
2
1
3
1
21
38
1
2
3
4
7
3
5
21
2
19
42
4
44
1
4
2
1
12
6
3
10
64
1
1
2
2
3
12
4
5
1
1
17
2
21
3
9
7
1
1
2
6
1
3
13
4
12
7
19
17
12
2
19
6
7
4
2
36
7
1
7
3
2
26
3
5
96
2
2
15
2
5
1
3
2
2
3
34
3
5
28
3
2
2
4
1
1
2
9
1
23
7
55
5
4
1
2
19
3
33
7
6
4
5
1
1
1
6
3
12
1
25
35
44
3
2
36
36
8
1
6
29
1
2
4
1
2
3
5
5
5
7
2
2
24
2
4
4
10
14
38
21
11
13
2
2
14
6
2
22
3
3
24
2
6
3
5
5
3
6
20
3
6
2
49
9
7
1
36
3
8
2
1
11
13
20
15
10
5
33
4
2
9
2
3
1
1
2
82
1
37
1
4
12
3
13
1
6
32
1
5
2
12
1
1
5
2
8
2
17
10
10
5
11
2
1
1
1
26
2
2
29
9
4
3
2
20
2
47
3
1
6
2
4
1
8
2
11
4
7
74
5
73
1
3
6
1
1
13
2
3
5
35
2
5
2
4
71
1
1
2
14
2
1
18
1
3
1
13
5
1
7
19
3
2
2
5
18
7
3
5
9
24
10
1
27
2
3
1
8
2
1
53
1
4
13
5
2
1
20
1
1
18
88
4
3
23
14
2
3
1
59
48
3
11
2
8
12
3
6
2
20
1
6
3
2
26
13
1
4
1
5
1
2
2
1
2
28
6
1
11
2
2
1
3
14
2
30
1
1
9
2
1
5
4
3
1
1
1
3
3
3
9
10
2
68
2
10
8
1
3
4
45
1
51
12
11
2
7
2
46
2
1
2
34
1
21
6
12
26
5
2
3
58
23
26
1
21
6
37
2
1
15
3
4
2
21
3
10
2
1
3
1
71
6
2
2
1
2
5
19
3
2
2
1
3
4
1
8
1
2
60
7
9
2
4
3
1
2
8
74
3
3
2
8
44
5
38
2
2
1
14
2
30
2
3
1
13
15
4
7
4
9
4
1
12
2
4
5
2
81
13
1
14
14
2
2
1
6
2
2
8
11
3
3
1
3
5
1
5
1
3
2
1
2
1
6
2
2
2
3
1
3
2
1
16
8
14
5
1
10
4
12
1
9
10
7
4
2
2
4
13
5
6
12
30
4
3
15
18
1
3
6
1
8
5
6
1
8
8
2
15
7
1
5
2
18
19
1
2
1
7
19
29
4
1
3
20
2
1
2
14
2
2
4
1
1
1
1
2
2
3
31
3
1
3
2
8
1
1
2
27
10
2
2
3
3
8
2
4
2
3
6
1
2
3
23
10
48
5
1
6
1
1
3
3
2
1
1
2
11
11
1
39
14
1
7
2
6
10
2
7
3
1
16
5
1
1
3
23
10
9
28
20
2
48
15
6
4
43
3
1
1
3
4
3
3
2
4
1
3
8
2
24
6
12
13
2
1
9
31
4
3
2
2
32
8
1
2
5
6
3
3
1
8
2
19
2
9
8
18
4
22
42
4
6
3
1
28
4
4
22
3
1
2
52
14
1
2
2
4
25
2
1
1
4
9
1
1
72
10
2
12
31
1
11
76
9
5
2
4
7
2
4
5
7
15
1
2
3
51
1
11
23
5
2
3
23
4
7
2
2
7
11
3
1
11
5
3
5
3
1
1
1
3
4
2
8
2
6
2
3
3
5
1
1
9
1
3
8
10
13
5
16
12
20
4
4
21
6
15
1
2
4
3
19
2
1
57
5
4
3
7
10
2
2
2
18
1
13
3
10
6
11
3
2
5
2
3
31
53
3
5
3
1
5
2
2
7
1
1
5
1
2
2
1
73
16
41
1
1
1
3
31
14
13
1
2
1
2
3
1
3
3
3
4
28
15
5
1
2
6
1
87
2
9
8
1
2
3
2
1
10
3
3
5
10
2
4
15
3
16
26
18
10
15
3
6
10
2
37
1
8
9
13
2
3
18
4
9
39
26
10
1
4
1
5
1
1
3
1
20
3
3
20
2
1
3
28
11
6
7
8
4
13
6
9
6
34
2
3
4
25
3
11
9
6
5
7
11
2
13
6
2
3
8
10
41
3
11
53
16
2
3
1
3
7
4
60
2
1
1
2
3
44
16
2
7
12
5
4
2
16
24
27
4
2
2
31
1
7
3
3
15
6
14
25
2
13
7
35
1
36
3
4
13
22
4
2
50
21
4
1
7
69
11
1
9
6
16
14
48
1
2
39
2
13
1
2
34
20
10
30
1
13
1
4
2
3
11
62
4
4
4
7
6
3
3
5
4
4
1
92
1
1
9
3
8
16
5
10
6
17
18
3
55
31
4
1
8
9
4
2
1
10
27
9
18
9
26
5
1
2
6
47
2
3
11
6
19
53
2
3
15
8
2
4
10
18
3
5
3
4
8
26
5
2
1
3
2
2
4
2
18
5
45
6
10
11
10
12
9
19
3
5
9
5
2
1
14
3
3
19
4
7
10
18
11
12
1
6
8
1
5
13
3
1
1
12
3
3
25
4
6
1
1
4
2
7
5
22
12
5
9
5
1
11
2
5
45
2
1
20
6
2
2
32
4
7
3
5
37
2
11
19
1
1
17
6
1
4
3
30
11
6
3
2
4
1
6
6
9
2
2
18
12
3
19
11
7
8
19
19
1
17
42
3
21
6
4
6
4
60
9
20
28
5
13
12
28
3
1
6
6
15
4
2
2
43
2
8
2
18
4
2
5
8
25
25
3
2
2
15
3
13
22
15
6
6
10
41
9
8
5
18
5
10
18
30
3
12
