1
27
3
1
1
2
3
8
3
3
38
14
32
18
35
4
37
9
3
21
3
1
1
2
7
7
1
3
11
2
17
22
2
1
4
4
1
4
1
1
2
2
12
4
9
17
1
2
12
3
2
2
13
49
40
4
1
2
13
2
61
1
2
5
1
1
1
5
4
13
9
1
4
4
1
2
1
1
3
2
3
6
5
19
5
2
1
4
1
1
1
8
20
6
4
2
2
1
6
26
2
4
1
8
38
1
2
21
2
5
1
21
1
6
2
1
6
20
4
1
1
9
5
6
1
2
28
5
14
2
1
32
1
4
2
13
3
9
23
1
14
2
1
3
9
1
3
2
2
42
1
10
1
1
10
18
2
1
2
2
14
11
10
1
1
2
14
3
8
4
18
8
6
2
3
1
1
1
2
1
1
1
6
9
1
6
17
2
4
4
71
1
1
5
2
2
14
13
2
10
21
5
1
4
2
8
4
3
4
43
15
1
34
2
11
1
1
1
1
1
7
3
1
2
1
3
2
5
21
1
2
8
13
3
40
3
2
6
8
20
4
23
3
7
26
10
5
3
3
2
25
3
1
5
11
3
2
2
5
1
2
3
4
3
18
1
4
34
2
4
1
10
11
2
13
25
8
1
7
1
3
2
1
1
20
9
3
5
8
3
12
8
4
2
11
7
17
3
1
3
1
1
29
1
4
27
3
3
10
3
3
3
1
1
13
2
2
1
1
1
8
26
4
1
6
6
1
1
2
4
20
3
2
5
38
1
1
7
3
4
2
1
4
4
1
2
6
1
18
2
12
3
3
7
10
1
16
13
1
9
5
1
13
6
1
2
1
2
3
5
5
16
13
1
4
1
10
1
1
1
6
1
1
11
2
4
2
1
24
2
3
1
2
1
10
11
1
2
1
1
2
13
1
6
9
52
1
6
1
4
2
1
29
9
5
9
4
1
24
3
17
17
6
6
1
4
1
6
3
2
7
3
1
1
1
1
1
2
1
1
17
3
3
4
32
2
3
1
25
29
7
3
3
1
2
1
1
1
1
3
7
1
3
3
15
7
3
1
1
2
4
3
9
7
2
4
2
2
1
1
1
1
1
1
14
17
2
1
2
5
10
12
4
10
1
6
23
1
10
11
1
4
3
3
3
9
1
12
3
1
3
21
4
4
7
1
1
1
2
29
2
5
1
2
3
7
3
8
3
2
7
2
1
3
1
3
26
1
1
3
26
5
2
9
4
6
3
9
4
8
15
1
3
7
9
37
3
6
1
1
2
2
3
9
21
2
9
3
2
2
5
1
2
9
3
11
2
17
3
5
3
29
2
7
3
30
3
6
2
8
1
2
10
5
3
9
17
1
2
2
25
2
4
1
1
36
17
2
1
3
3
5
12
28
7
21
4
2
9
2
1
11
10
3
13
5
4
4
2
1
16
62
5
4
1
2
2
1
1
2
27
2
38
4
25
3
3
1
4
51
11
17
1
8
3
13
1
1
3
2
1
5
14
2
7
3
4
1
12
1
6
17
1
2
4
8
1
1
3
4
10
10
2
2
2
3
1
4
1
6
8
3
1
13
1
2
4
64
1
5
8
1
6
6
1
7
1
1
2
3
5
1
2
1
16
3
19
5
1
3
1
2
3
1
16
1
1
7
2
10
11
2
2
1
16
1
12
1
20
1
7
18
7
3
1
1
9
2
2
7
1
1
1
11
1
2
3
22
1
15
17
1
1
2
6
6
3
2
8
72
2
3
2
1
16
4
7
3
1
7
1
2
2
4
2
3
28
4
10
13
13
3
1
9
1
3
29
2
1
2
2
1
2
2
1
7
4
4
1
11
14
1
5
1
20
3
4
1
18
15
9
14
1
4
4
1
3
33
2
1
8
5
4
11
7
5
11
3
5
4
1
1
12
4
1
2
1
2
1
12
6
3
4
23
11
20
69
13
8
1
4
9
1
17
3
6
4
7
4
3
15
1
2
2
3
4
4
9
32
4
15
10
2
2
2
2
2
1
10
1
1
13
3
36
8
1
2
3
3
18
34
18
2
1
8
14
5
14
1
34
4
1
22
3
1
1
2
3
1
1
2
5
1
3
2
6
4
3
8
2
4
5
28
3
53
3
1
2
13
2
1
2
6
2
6
7
2
1
44
5
6
7
14
1
11
2
2
15
4
1
1
5
4
19
2
28
18
7
9
1
15
1
46
12
5
5
24
5
9
1
28
39
28
2
38
22
1
5
12
3
1
4
1
40
14
1
8
1
3
23
10
5
2
1
1
2
11
1
1
1
2
51
1
13
9
4
1
5
1
3
2
4
3
1
1
1
1
5
2
9
2
6
1
8
6
2
2
2
6
22
1
2
2
1
21
14
2
4
9
30
9
13
1
3
66
2
4
22
4
3
2
2
1
1
1
1
3
2
4
20
5
2
1
26
4
4
10
9
3
1
6
4
3
6
1
14
35
11
1
11
2
23
4
1
8
9
7
6
1
5
1
1
43
28
17
1
22
10
1
3
2
1
2
3
3
11
3
1
7
2
8
3
2
2
3
6
1
2
21
8
5
2
3
6
4
44
1
1
1
27
2
4
1
1
2
21
1
12
4
4
1
7
1
13
4
2
5
3
1
1
18
1
1
5
35
1
2
1
1
17
3
4
7
3
7
1
10
10
1
1
5
4
1
1
7
20
10
16
5
14
3
4
24
22
1
47
5
1
3
4
4
5
4
26
4
6
8
6
5
23
1
3
20
1
8
9
31
12
7
1
1
1
2
17
2
11
21
1
3
14
7
2
4
3
1
1
1
3
2
8
10
4
1
1
1
7
2
3
3
11
4
6
1
8
3
1
8
2
9
8
2
9
2
1
3
2
6
2
16
3
10
22
4
2
2
2
24
2
2
6
2
1
4
4
2
1
1
3
18
23
5
2
1
24
2
4
1
1
1
22
1
2
2
1
1
1
2
10
12
1
2
2
6
1
10
12
18
3
3
2
3
3
1
1
9
1
1
2
9
7
2
1
1
43
2
5
17
3
9
3
8
1
3
7
19
37
1
5
2
1
20
7
2
8
3
19
11
2
8
4
2
4
6
8
6
2
2
2
1
6
1
3
33
18
2
61
2
12
15
8
2
6
5
18
6
1
21
4
4
4
6
2
1
2
4
1
5
3
2
20
4
8
7
10
13
14
12
14
18
4
1
1
6
19
1
3
12
3
1
5
1
9
1
1
1
2
1
1
2
4
1
2
1
5
4
4
2
1
3
2
7
1
2
2
5
27
5
2
1
15
17
3
9
6
2
7
16
6
20
6
3
5
3
7
5
3
3
4
1
20
4
1
20
13
7
17
6
9
4
3
1
3
18
2
5
2
1
1
1
14
1
1
1
9
1
5
10
8
2
4
2
2
22
9
2
4
1
15
12
2
1
1
5
4
8
3
2
3
1
28
30
1
1
4
23
8
1
1
3
10
15
1
1
4
36
3
16
1
4
1
3
21
2
2
1
3
1
1
6
27
5
2
16
2
1
2
9
11
11
6
5
3
12
3
8
3
7
8
8
2
3
2
15
21
12
1
2
1
2
1
1
5
4
19
1
12
5
3
1
19
11
2
1
3
8
1
4
7
2
1
1
2
3
1
8
8
12
2
4
2
4
3
5
3
3
15
1
1
6
18
2
4
5
2
2
3
2
2
11
9
2
19
2
2
23
3
5
14
5
48
8
9
15
3
1
1
3
1
14
1
5
1
29
10
13
34
3
72
2
2
1
25
2
5
3
11
4
2
1
1
9
2
1
2
10
4
4
27
7
36
57
4
2
10
2
1
4
3
3
1
1
2
27
1
3
1
21
1
10
1
2
5
1
2
3
12
4
1
19
1
24
1
2
2
4
1
3
4
2
8
2
2
7
1
7
7
3
5
8
1
1
7
5
1
1
6
3
1
4
1
3
10
8
3
2
10
4
26
1
12
3
1
19
35
19
5
2
1
21
8
30
4
3
34
1
1
7
23
4
2
4
3
1
2
2
3
1
14
1
15
1
4
22
3
1
1
17
2
10
1
1
4
8
4
19
35
1
1
1
9
3
2
9
5
4
6
4
1
18
32
9
8
1
6
40
3
1
2
1
2
1
31
8
5
5
2
1
9
9
3
12
8
29
13
1
1
3
2
5
34
41
71
9
1
2
1
1
2
1
2
9
3
1
7
1
2
11
3
1
23
13
45
2
5
3
5
1
2
2
2
1
5
10
11
1
6
17
13
2
1
1
9
8
3
7
63
4
7
4
5
12
4
9
2
15
5
1
1
2
1
5
12
7
2
5
4
2
3
8
1
7
2
2
1
1
19
9
12
4
2
1
40
1
1
3
2
21
4
12
3
2
3
1
7
18
4
4
4
11
1
1
13
6
2
5
4
1
4
1
3
1
3
1
2
3
2
2
14
13
2
11
19
2
1
14
25
1
29
3
6
9
1
3
5
10
3
30
1
1
8
3
5
32
1
6
1
13
1
1
18
6
1
27
10
2
1
4
2
3
1
1
2
16
2
12
2
25
4
3
16
1
1
2
8
1
13
4
1
30
2
2
2
5
2
2
3
1
4
3
2
1
4
2
2
1
3
2
28
2
5
16
1
16
7
9
2
1
2
4
1
2
1
10
10
3
2
2
1
9
1
1
19
1
7
12
1
4
5
3
19
5
2
1
13
8
1
3
1
4
24
1
2
1
14
15
4
1
5
6
1
2
1
2
1
2
1
4
3
1
4
1
4
12
1
5
6
2
7
14
35
1
14
1
3
22
24
1
10
2
7
4
2
23
3
3
3
7
14
2
16
1
27
2
34
1
7
14
2
8
12
2
1
5
1
26
7
2
2
5
8
2
1
3
1
1
10
10
7
2
24
9
18
24
1
3
3
4
1
1
7
2
7
2
2
2
1
1
1
1
19
10
5
2
2
8
3
4
5
7
9
2
1
4
3
2
4
11
1
1
1
23
1
1
1
1
2
7
3
8
1
10
1
5
6
69
2
1
1
2
36
6
16
23
11
3
1
1
5
1
1
13
3
5
4
2
3
6
3
11
1
2
3
35
5
6
52
20
8
2
2
7
7
5
4
2
7
9
2
1
2
1
1
1
1
39
6
5
22
3
1
7
8
1
26
3
1
1
5
6
44
1
3
2
4
24
5
3
5
9
3
13
3
1
2
10
5
6
3
2
14
2
5
21
1
1
28
9
1
4
4
1
8
9
23
4
1
9
6
8
1
25
1
1
2
13
2
23
5
1
1
1
10
8
1
1
19
2
2
7
2
3
1
8
1
2
20
3
2
2
13
5
5
3
3
2
14
33
4
10
2
2
5
6
12
12
1
3
1
1
5
1
3
5
1
4
26
3
9
16
29
1
2
8
2
3
3
5
8
2
2
2
8
4
2
2
1
2
1
5
7
1
8
3
6
4
3
2
1
3
7
25
1
9
4
2
4
4
2
7
1
2
1
8
1
2
3
18
6
4
4
1
11
2
1
6
5
4
2
1
5
13
1
3
1
1
1
16
5
1
6
3
1
3
1
9
7
20
1
2
1
9
1
1
1
17
2
3
20
4
9
2
1
2
20
1
1
5
1
2
2
2
7
4
1
1
2
1
5
3
3
2
33
2
30
23
1
2
1
8
1
2
3
6
10
1
2
36
1
10
4
1
1
1
3
2
12
2
13
10
7
3
3
2
8
6
2
1
12
11
9
1
1
14
51
3
1
3
4
1
6
9
5
2
2
1
3
3
1
5
2
3
2
9
16
10
1
2
3
8
8
6
1
7
3
6
21
17
2
8
1
4
5
9
1
3
42
3
1
3
1
6
7
12
16
1
6
18
13
4
3
1
1
2
20
4
5
5
3
1
17
3
4
1
3
10
10
12
1
3
39
16
4
8
4
1
3
1
5
1
12
28
2
1
3
1
7
1
1
1
1
19
1
5
2
1
20
3
1
8
2
5
47
1
18
13
1
20
1
4
2
1
5
2
2
2
28
1
9
4
1
16
2
27
3
4
5
4
2
1
5
3
2
1
16
8
4
1
2
5
4
22
37
2
2
1
43
13
1
1
12
1
1
4
1
9
1
5
2
3
15
1
1
12
1
24
4
2
2
2
7
9
2
6
1
42
2
11
2
10
6
1
22
