798
6
103
353
63
50
768
83
58
124
54
1248
21
29
347
946
199
1563
155
730
259
94
162
9
501
47
5
354
80
1186
28
1
160
478
672
6
361
163
949
504
539
51
1382
2
81
1418
8
34
10
2
1660
12
8
3
376
197
1374
118
421
989
8
353
42
13
9
15
38
67
58
29
339
155
5
25
431
350
297
35
1
135
2
81
98
343
171
152
115
137
29
6
142
480
54
424
414
29
34
2
177
29
173
244
490
226
33
354
682
252
258
94
429
16
486
2
15
1200
122
3
20
106
841
19
1
78
53
383
613
1
532
93
13
75
601
32
498
2
150
190
498
64
615
18
22
610
95
677
352
78
424
55
235
123
797
368
506
344
91
666
34
550
62
173
32
16
1
1
284
17
32
35
86
297
855
626
87
522
507
258
184
795
155
2
584
461
580
351
15
14
2
362
5
89
248
28
1175
205
1539
570
422
126
1
12
11
93
13
8
326
1625
59
3
37
1139
1
536
698
9
2
1113
56
50
6
27
308
117
694
14
4
113
115
173
22
369
17
8
103
22
524
17
1545
44
4
101
206
385
31
1043
255
358
7
69
19
30
207
418
11
800
38
91
120
118
20
6
78
338
2
51
26
63
16
505
218
17
1106
179
14
14
46
120
232
3
524
1062
894
838
165
45
9
201
1588
714
81
787
4
72
33
207
3
237
120
902
320
6
94
136
5
623
404
4
422
109
522
32
28
32
1582
39
78
6
379
133
1
572
112
479
618
324
120
