1
1
1
1
1
1
1
1
1
1
1
1
1
1
1
2
1
1
3
1
1
1
2
1
1
1
1
1
1
1
1
1
6
1
2
1
1
1
1
147
1
1
1
2
1
1
1
1
1
10
4
5
9
1
3
3
1
14
1
2
39
1
2
2
3
1
1
11
1
1
1
10
10
14
55
1
3
1
1
1
2
2
1
1
23
1
1
5
2
1
1
1
11
1
1
1
1
2
2
1
1
1
1
1
9
1
1
1
1
4
1
2
1
2
1
8
1
1
2
1
1
58
14
208
16
2
2
1
5
2
1
1
6
1
357
152
1
2
1
13
5
10
12
2
6
1
2
1
6
1
4
1
7
2
3
2
75
3
14
258
2
4
1
295
2
38
34
64
43
154
54
37
19
20
3
61
1
1
1
3
3
14
69
7
15
2
1
1
3
5
9
4
1
2
1
1
1
1
1
1
2
3
1
1
1
2
83
1
2
2
1
16
96
1
3
57
22
8
1
1
4
1
1
1
1
1
1
3
2
1
1
1
1
5
1
1
1
2
1
1
2
1
3
1
1
1
1
2
3
1
1
1
1
1
1
1
1
1
3
1
1
1
1
5
1
4
1
1
1
2
31
1
3
1
9
1
1
2
124
1
2
2
6
1
4
1
1
4
1
1
2
1
1
1
2
5
1
1
1
21
43
1
32
3
2
1
56
1
1
2
6
1
1
3
1
1
1
1
10
2
1
1
1
1
1
3
1
1
3
8
2
1
1
1
11
1
25
6
2
5
1
1
1
2
1
1
3
2
1
2
8
2
1
1
1
3
4
1
3
1
1
1
2
115
1
56
3
7
8
1
5
7
3
1
3
1
1
1
4
1
11
3
2
1
3
1
2
1
1
1
89
3
2
123
1
2
2
2
2
1
15
59
1
2
18
3
1
2
2
1
1
1
1
1
1
1
1
1
1
1
3
1
2
1
1
2
1
1
1
1
1
2
1
1
1
13
1
1
1
2
17
1
3
1
2
17
1
1
1
12
12
2
1
1
3
1
1
2
1
3
1
2
7
1
1
6
1
4
2
1
1
1
4
2
1
11
396
3
1
6
366
4
4
3
1
1
2
4
2
1
1
1
2
7
1
1
2
2
7
5
6
1
3
1
2
1
15
1
1
1
8
4
2
1
1
5
1
1
2
7
1
1
2
5
28
7
1
1
1
4
94
16
1
2
2
1
1
1
1
1
2
3
1
75
29
1
2
16
2
1
2
5
1
1
2
1
2
5
1
3
1
63
210
85
2
1
3
2
128
4
36
1
159
2
8
7
1
1
1
1
1
7
1
1
1
2
1
1
2
8
1
1
8
2
4
10
7
4
49
167
30
2
26
257
1
1
31
95
3
4
1
1
579
8
8
3
5
1
2
57
27
2
1
1
2
5
3
60
1
2
142
12
29
1
3
77
461
41
436
7
1
5
3
8
25
48
784
430
12
2
213
1
363
4
247
5
1
1
2
1
1
33
1
1
1
67
3
15
1
1
14
10
1
1
40
136
1
1
1
1
1
37
433
1
3
359
1
1
3
1
2
1
1
1
3
5
1
1
1
27
9
1
3
6
3
5
1
5
1
2
4
1
12
33
4
2
55
3
8
1
1
1
3
16
1
1
6
14
5
1
1
2
1
98
1
5
2
1
1
6
2
2
9
3
3
1
1
2
6
2
1
1
1
9
4
2
1
37
119
39
30
7
2
1
1
2
1
1
25
20
2
2
3
98
1
1
2
1
1
2
8
3
1
1
1
1
1
2
1
1
1
3
18
6
4
45
68
2
1
2
2
11
2
1
1
1
10
28
73
1
3
1
1
4
9
4
24
1
21
5
2
2
1
9
8
1
1
1
1
3
2
26
1
1
4
2
2
1
1
15
1
1
1
59
2
1
6
1
5
12
1
1
1
3
1
1
9
1
1
1
8
1
5
20
1
2
2
3
10
2
220
1
4
1
1
17
1
1
7
2
1
1
3
1
1
13
3
2
2
1
2
2
3
2
23
1
3
1
1
1
1
1
3
1
1
3
1
94
1
8
2
1
4
8
1
1
2
452
2
3
1
4
1
10
2
1
13
1
7
1
1
1
1
218
175
48
2
2
1
2
1
1
1
2
1
2
1
1
3
1
1
1
1
3
1
9
1
1
1
1
1
3
1
1
1
1
1
1
2
1
7
1
1
1
1
2
1
1
2
1
1
1
2
7
1
2
4
2
1
2
1
3
4
1
1
1
1
1
1
1
1
2
7
6
12
1
1
2
3
29
1
2
1
3
1
1
1
6
1
11
1
1
1
8
1
13
1
61
2
2
1
1
1
1
1
1
1
39
55
1
4
2
1
1
1
14
1
1
2
1
4
4
3
1
1
2
1
2
17
4
2
1
1
1
11
3
1
3
1
1
6
1
7
7
1
1
1
1
1
14
2
8
3
1
1
1
2
1
3
1
1
21
1
3
1
1
2
2
9
23
1
1
1
1
2
1
1
8
1
10
1
1
1
1
2
1
2
1
2
4
1
3
12
3
9
31
3
12
3
3
1
1
2
66
3
1
1
2
31
10
5
1
8
1
5
6
16
8
3
1
1
1
2
1
4
1
4
1
2
2
1
1
2
1
11
2
6
69
1
1
1
1
1
1
1
2
24
7
2
18
16
2
18
13
1
9
9
1
1
1
5
7
1
1
3
3
1
1
1
2
1
2
1
4
15
9
6
4
15
56
22
9
29
6
2
1
1
1
1
2
1
2
3
1
1
3
1
1
1
1
14
2
6
1
2
2
1
1
1
1
1
1
1
15
2
1
1
1
1
1
344
1
2
7
3
2
1
1
1
3
2
1
1
1
1
3
1
1
6
4
3
4
4
1
2
4
1
1
5
2
1
1
2
1
1
2
25
6
1
1
1
1
1
1
1
2
1
2
3
4
1
1
1
1
1
19
6
501
19
3
1
1
1
1
2
3
2
1
1
1
1
1
1
80
1
1
2
198
1
1
1
1
1
1
2
1
1
1
1
1
3
1
1
1
7
1
1
1
1
32
1
1
1
1
1
1
1
1
1
1
1
1
1
6
5
1
1
123
380
1
1
2
1
1
1
1
3
1
1
1
1
1
11
2
1
1
1
10
1
504
2
1
2
1
1
1
190
1
3
7
1
4
103
2
7
1
1
1
1
3
1
3
2
1
1
1
1
3
1
1
1
1
1
49
2
34
1
7
1
2
7
1
2
1
2
1
1
1
1
1
1
1
1
1
2
7
6
1
2
1
3
1
5
1
2
1
5
1
1
33
1
1
1
2
1
1
1
2
11
17
1
2
2
9
2
2
9
3
8
1
1
2
1
1
16
3
1
1
4
15
7
2
1
1
1
1
7
8
1
10
1
2
1
2
1
1
6
1
2
4
2
2
1
2
63
1
3
6
3
2
1
1
1
1
1
182
1
1
6
2
5
1
2
1
1
14
5
2
12
3
24
2
3
1
8
1
12
1
7
5
36
75
4
35
3
17
1
1
5
10
2
3
1
2
8
1
21
1
11
1
1
130
42
2
3
28
11
26
2
27
6
1
1
6
25
3
2
38
7
75
292
4
6
19
1
6
81
8
3
3
2
17
80
1
32
15
46
4
2
82
88
53
29
1
17
6
20
1
30
57
18
1
43
4
270
1
2
4
4
4
8
1
1
2
2
3
113
1
1
1
2
3
20
13
1
1
1
1
1
1
1
16
1
30
1
2
1
32
1
1
9
1
3
54
2
1
75
5
2
1
1
1
2
1
37
1
3
2
39
11
13
7
18
1
5
2
20
1
1
12
9
5
12
2
12
1
1
4
1
4
1
1
3
1
12
1
5
1
1
31
2
3
60
7
11
1
1
1
10
1
2
2
102
45
2
1
3
1
1
1
1
4
2
1
1
1
2
13
2
4
1
2
1
1
9
1
6
5
2
5
71
7
51
1
33
9
9
1
1
1
3
1
1
1
4
6
1
4
10
3
5
10
2
1
3
1
8
2
3
1
4
12
1
1
3
2
4
1
1
1
21
10
37
17
5
36
8
1
18
1
7
67
5
1
169
7
1
24
3
43
6
7
8
1
4
2
3
1
1
3
1
1
1
4
3
5
1
616
1
1
1
4
4
3
5
3
4
10
1
1
1
8
84
26
70
4
14
1
10
1
7
18
3
2
1
1
1
69
1
123
32
61
113
9
22
31
13
8
19
9
3
10
8
21
1
8
3
4
1
6
17
1
24
1
1
1
1
1
12
1
1
25
19
1
2
32
1
1
1
1
3
1
1
1
1
950
18
52
106
6
3
58
10
2
2
1
1
1
10
15
1
15
3
294
4
1
5
1
46
1
148
1
2
19
46
20
8
30
200
187
49
1
1
2
1
1
2
2
1
29
1
2
3
1
3
1
1
6
1
2
1
1
2
1
2
3
11
3
881
4
1
10
4
5
34
1
31
1
1
5
1
3
1
1
74
2
4
83
15
3
2
5
10
52
42
4
4
1
2
2
6
1
1
10
5
66
2
1
1
1
1
1
1
1
1
1
1
22
37
4
2
1
113
2
17
3
1
1
1
8
2
13
1
1
8
17
1
2
1
2
7
4
3
1
4
1
2
2
5
3
22
4
33
6
1
9
1
1
1
2
1
1
1
1
3
1
4
1
50
20
2
45
12
271
9
111
5
32
1
63
154
1
2
1
1
1
2
1
1
1
39
9
1
2
2
4
8
2
160
15
24
2
55
32
1
1
13
1
5
2
50
62
1
2
1
1
1
1
1
1
23
2
1
5
4
2
9
1
7
1
1
5
1
91
7
27
1
18
4
1
1
2
15
1
15
2
1
1
14
1
4
69
3
1
1
1
3
3
1
6
1
2
1
1
5
1
1
2
1
1
1
1
2
2
2
1
4
11
1
6
1
2
35
41
213
47
64
58
3
213
1
1
5
2
6
1
1
42
1
2
1
49
16
24
2
1
1
4
7
15
24
2
12
2
1
1
1
1
4
72
1
1
1
41
23
1
8
220
2
8
2
1
29
2
2
107
22
1
9
8
1
1
1
1
17
3
1
2
2
1
1
15
1
1
2
1
2
1
1
1
7
3
12
4
41
16
1
1
26
5
2
1
48
3
1
29
1
2
10
15
3
1
26
34
1
6
1
2
18
27
6
23
5
2
8
1
1
57
14
1
14
14
15
19
1
10
2
39
8
1
2
4
5
11
14
5
12
5
5
1
1
3
3
31
1
42
2
14
22
1
140
1
1
44
4
1
21
21
3
5
4
1
3
2
2
1
1
83
1
1
8
1
1
1
1
3
1
3
1
4
1
2
17
1
1
2
28
1
5
1
7
9
2
1
2
1
11
5
21
1
1
2
2
20
1
1
1
1
1
1
11
1
29
2
2
17
1
5
45
28
4
2
2
1
1
232
44
773
78
1
3
1
284
1
1
5
12
4
50
17
167
2
1
1
1
1
64
232
13
1
1
5
8
1
1
2
4
15
1
3
2
2
1
6
1
1
1
1
1
231
1
1
1
42
1
1
1
1
1
10
3
1
1
2
10
3
1
1
1
1
1
1
3
1
1
3
35
11
11
1
1
1
5
6
2
9
5
7
1
3
28
5
1
2
8
1
137
1
4
1
11
27
12
1
41
1
2
336
1
1
1
1
7
1
1
18
2
2
3
1
4
1
3
1
1
1
1
2
1
1
1
1
1
248
1
13
431
42
1
1
15
1
1
1
1
1
1
2
32
10
42
7
11
2
369
20
16
4
3
134
2
1
1
1
191
74
1
18
1
5
4
21
29
28
10
1
2
40
17
5
1
1
3
6
1
44
7
2
1
1
2
1
1
6
1
2
4
1
3
6
2
1
5
2
1
3
3
6
31
8
1
2
1
1
1
1
2
1
44
37
1
1
4
1
33
512
3
4
7
3
1
2
1
27
13
3
13
1
1
1
2
1
7
19
6
1
1
1
2
1
4
1
2
38
28
676
194
125
2
278
33
45
86
1
6
7
14
71
8
5
1
424
1
1
95
27
57
66
462
1
2
1
10
1
25
4
14
39
1
4
1
1
115
1
2
3
24
8
70
541
1
1
3
1
2
12
2
2
1
2
1
2
7
1
5
12
2
1
4
1
1
1
21
1
9
1
3
5
1
1
46
106
1
1
3
10
3
1
7
4
2
8
1
1
1
26
107
10
1
1
4
5
12
4
1
1
1
2
128
1
5
1
1
1
1
14
6
2
1
89
2
48
1
1
4
15
11
11
1
48
7
2
17
8
12
3
1
1
1
1
1
2
1
448
26
1
1
3
2
1
1
3
1
4
5
6
22
1
1
1
1
1
1
99
8
1
2
10
1
1
2
9
10
1
3
3
1
1
1
1
1
1
1
3
122
1
2
148
3
2
8
5
1
4
1
8
5
2
10
307
2
1
1
592
2
2
12
2
9
448
3
2
1
21
3
7
163
271
490
1
1
1
1
1
10
9
4
1
1
8
4
2
1
1
3
1
288
133
1
1
1
12
3
4
1
1
7
1
35
1
1
1
1
4
2
20
218
2
1
1
1
1
1
3
1
1
2
7
17
1
1
4
2
1
1
1
1
2
1
127
100
1
1
2
1
1
2
1
1
24
1
1
2
2
3
150
4
142
56
2
3
13
17
6
3
2
2
1
485
1
1
139
2
1
454
517
14
19
8
16
1
65
14
8
2
21
39
212
1
1
216
1
1
1
1
1
2
4
9
2
3
1
9
5
97
1
1
1
2
1
3
3
1
1
1
1
2
115
111
1
1
8
1
1
31
129
1
1
1
1
1
1
1
1
1
1
1
1
1
1
7
96
5
1
2
3
1
1
11
1
2
1
1
2
1
2
1
1
1
4
1
1
1
1
1
1
13
1
1
6
5
102
20
2
2
1
58
3
11
1
1
1
1
1
1
1
215
1
7
10
229
5
507
7
1
1
1
445
4
1
8
12
6
3
3
9
388
5
23
3
123
2
17
1
23
1
29
4
1
11
30
1
1
21
1
4
1
1
36
56
16
120
17
119
74
432
11
1
2
137
1
1
2
311
26
1
3
1035
9
6
15
7
1
2
1
6
3
4
1
4
6
3
2
17
256
130
2
29
33
3
4
3
1
2
4
2
2
10
3
2
3
77
89
3
1
2
1
5
5
4
3
2
1
4
17
1
38
1
1
1
1
1
4
15
1
3
1
8
13
83
142
1
24
1
324
23
1
10
6
1
18
2
733
6
3
16
1
56
144
9
22
1
93
5
74
319
1
9
58
3
77
22
1
1
1
1
2
2
2
1
1
1
4
2
1
39
1
1
1
3
2
4
9
1
1
16
1
1
2
1
1
5
1
1
1
1
1
5
25
3
14
3
7
1
4
15
1
12
59
4
139
1
1
4
1
3
2
1
1
385
4
84
299
153
1
1
4
1
4
21
18
34
116
1
1
1
11
1
8
29
1
1
2
14
2
113
1
22
8
12
2
1
156
5
259
56
6
2
3
2
1
59
1
1
52
3
2
1
241
5
1
1
3
2
16
1
1
14
1
1
2
1
1
2
1
5
1
3
75
2
1
8
1
37
1
1
1
16
1
4
2
1
6
16
17
2
24
1
1
26
1
1
18
1
61
13
1
1
1
1
1
5
1
2
2
2
1
3
2
11
48
43
23
12
65
9
3
2
3
1
257
12
119
143
1
1
1
1
1
2
1
10
146
2
2
8
2
1
1
2
1
1
1
2
1
28
2
10
1
1
1
1
1
1
1
1
3
2
1
1
1
1
1
2
2
3
1
2
1
2
7
1
1
1
1
1
1
1
2
1
1
1
1
1
1
1
1
1
1
1
1
2
3
3
1
1
1
3
2
1
2
1
2
12
2
1
1
1
2
1
47
1
5
2
1
1
2
1
1
1
1
1
1
1
2
1
9
1
1
1
2
1
2
3
1
1
1
1
1
1
1
1
1
1
1
1
1
1
5
1
1
1
1
3
1
1
1
2
1
1
1
2
5
52
57
1
1
3
232
62
52
624
44
1
23
206
1
1
1
1
4
1
1
1
1
1
1
1
1
3
1
40
21
1
2
1
1
1
1
6
3
1
1
1
1
1
1
8
1
1
1
1
1
11
176
3
68
14
2
11
2
2
2
1
1
1
3
1
2
3
5
1
3
23
1
533
1
1
1
37
5
1
28
2
11
17
1
26
1
4
4
627
97
1
2
6
1
1
1
1
1
6
1
1
1
1
1
1
1
1
7
1
1
11
2
45
45
2
1
1
3
1
2
1
1
1
6
10
3
1
16
21
2
1
40
12
1
1
1
1
28
129
6
17
1
25
4
1
1
3
4
2
1
3
1
1
49
2
2
4
2
1
1
1
3
8
29
1
5
1
2
3
11
15
127
1
404
1
1
17
1
3
1
1
1
1
1
1
23
2
1
3
2
1
1
1
3
216
1
1
1
1
1
1
1
6
1
1
2
2
1
1
1
2
30
7
1
3
1
2
42
1
1
1
6
1
1
3
8
2
1
1
1
1
2
2
4
4
25
1
2
1
1
1
1
1
39
1
1
2
1
1
1
1
1
1
4
1
3
2
1
2
55
1
1
18
1
4
1
1
1
1
4
10
1
1
12
1
5
12
6
1
2
1
2
3
1
4
2
9
1
1
1
1
1
4
1
1
1
2
2
1
1
16
1
4
1
3
4
6
5
1
2
1
1
1
1
4
2
4
1
9
20
1
4
1
17
2
2
1
3
1
1
1
83
1
8
1
1
27
1
1
1
1
1
1
1
30
3
2
1
1
1
1
37
207
1
6
1
1
1
1
1
2
1
2
2
4
3
1
2
2
2
1
1
1
1
1
8
1
1
16
72
1
1
1
208
1
1
1
1
2
1
1
379
3
1
7
2
2
1
2
1
12
1
1
1
1
2
2
1
1
4
2
5
9
1
1
1
1
10
27
1
1
1
1
67
80
1
1
2
1
1
1
15
56
1
1
1
45
2
1
305
1
1
39
76
6
5
147
1
15
1
1
2
1
1
1
1
1
3
4
2
1
1
1
1
1
1
1
1
1
2
12
2
3
1
1
1
36
10
67
310
13
73
84
25
15
1
43
3
1
3
1
5
3
1
3
1
1
7
1
2
2
1
25
1
2
1
2
1
1
83
137
1
3
9
112
2
1
1
1
3
2
1
1
5
2
39
4
29
1
2
2
1
1
1
2
2
1
1
31
1
22
1
12
3
3
1
1
1
1
1
1
1
8
1
2
3
1
1
2
1
387
2
4
2
2
2
4
1
11
1
1
1
1
2
1
1
4
3
1
1
1
2
100
8
9
1
3
2
1
1
2
1
1
11
1
4
2
1
1
3
26
5
2
1
1
1
1
1
1
2
1
5
1
1
8
2
1
3
3
1
3
1
1
3
1
1
1
1
2
2
1
2
5
292
847
5
1
1
2
1
1
3
1
8
4
1
111
128
1
6
2
1
2
1
1
1
2
3
2
1
3
1
1
1
3
3
6
2
1
3
14
1
1
6
17
1
3
2
9
4
3
4
18
10
1
1
1
1
1
1
1
1
7
1
1
4
1
1
2
1
2
17
144
57
1
3
43
1
1
1
2
1
1
6
1
1
1
1
1
1
2
2
1
2
1
4
1
1
6
1
2
2
211
1
16
6
1
14
103
1
1
1
18
2
1
3
2
9
1
2
1
1
1
1
1
1
1
1
1
1
1
1
1
1
1
1
1
3
7
1
1
8
31
20
1
1
1
6
1
1
686
1
1
1
1
1
1
1
1
1
1
1
2
1
2
1
2
3
1
1
1
1
4
1
1
2
1
1
1
3
1
3
1
1
12
1
1
18
1
2
1
1
27
1
60
68
18
69
23
203
313
1
1
1
1
17
1
2
2
1
2
1
1
7
1
7
1
2
3
1
2
2
1
1
3
1
1
18
1
2
14
1
1
2
10
1
1
2
4
1
1
1
2
1
2
1
1
1
4
56
3
8
54
2
46
86
5
23
29
79
38
1
1
1
6
1
1
1
6
1
5
1
1
1
1
354
1
28
4
1
109
3
2
1
1
1
4
1
19
8
24
1
2
1
1
2
2
1
1
1
2
1
1
1
56
6
7
1
2
1
1
6
3
1
10
73
1
885
1
1
1
4
1
5
4
5
1
18
1
2
7
12
1
1
1
1
2
1
1
3
1
2
1
1
1
1
1
1
526
2
1
1
1
1
12
27
22
1
1
1
1
7
1
1
1
2
1
1
1
4
1
1
1
1
1
1
1
1
1
1
1
1
99
390
1
1
1
1
2
1
1
1
1
1
1
1
2
1
1
1
1
2
22
1
2
1
1
1
1
4
2
1
101
1
59
1
1
5
11
2
1
1
1
1
11
1
2
2
1
1
1
2
1
1
1
1
25
1
2
1
18
2
1
1
3
1
567
7
5
1
1
1
441
1
8
1
1
3
1
12
27
1
2
1
1
3
1
5
1
1
2
1
1
3
1
1
25
6
8
5
1
2
1
1
3
1
1
18
2
2
6
1
1
11
1
8
3
2
4
1
1
2
1
2
3
7
1
1
1
3
2
1
1
1
1
1
8
1
1
12
2
1
2
7
1
1
6
1
1
3
3
1
1
2
1
2
1
1
1
165
1
1
1
1
1
2
2
9
1
1
5
23
7
159
2
2
10
4
33
1
78
17
78
3
3
1
1
1
57
2
26
25
1
3
4
1
2
1
1
2
2
6
1
1
1
5
22
1
1
1
1
102
4
3
1
2
1
1
1
6
1
4
4
46
1
1
1
1
3
37
1
2
2
1
2
1
41
1
1
1
1
1
1
3
1
10
7
5
45
3
1
1
1
2
2
2
323
67
1
2
1
1
1
1
2
1
1
1
4
1
3
1
1
1
1
1
3
1
1
1
7
1
1
1
1
2
1
6
1
1
1
2
1
1
1
1
1
1
2
9
1
6
1
1
1
2
2
1
1
3
2
2
1
3
12
1
1
1
1
1
1
1
1
1
1
36
1
20
11
387
516
24
2
2
1
1
1
5
26
2
39
1
2
1
35
6
18
1
1
1
17
597
2
1
8
1
1
1
1
1
3
1
19
64
272
2
1
1
1
1
2
2
1
1
1
1
1
2
1
1
4
1
2
18
3
57
1
1
1
1
1
4
1
1
7
1
2
2
1
271
1
1
1
18
1
1
6
2
1
1
1
3
1
1
1
1
22
1
1
1
1
1
2
35
2
473
1
9
1
1
6
1
1
2
2
8
2
3
1
1
40
519
48
1
1
1
1
2
91
1
1
2
3
1
1
9
1
6
692
1
1
1
3
2
32
1
1
1
2
4
1
56
1
27
1
3
39
4
2
1
2
1
1
1
1
1
1
1
1
1
2
1
1
19
970
6
7
2
2
1
9
2
14
3
1
5
1
7
1
2
1
1
1
2
1
1
1
1
1
1
1
2
3
1
1
2
1
1
1
3
1
2
1
1
7
4
1
5
1
2
2
1
1
1
1
1
2
2
1
36
38
1
1
17
6
1
1
2
1
1
121
1
1
2
4
5
1
2
1
1
3
2
2
1
5
1
1
38
5
2
5
1
23
10
1
1
8
15
3
1
1
1
1
1
1
1
1
1
1
3
1
1
1
1
120
1
1
1
2
1
1
13
1
1
1
1
1
1
2
2
22
1
2
2
10
1
42
8
1
1
1
9
2
1
1
1
1
1
3
1
1
1
4
45
1
2
10
2
1
1
2
7
1
2
3
4
1
1
2
119
1
2
1
2
1
1
3
1
1
1
4
44
24
4
3
17
2
1
17
1
1
81
104
1
5
1
1
1
1
1
1
1
1
1
1
2
5
1
2
1
1
1
1
1
1
1
1
2
32
466
1
2
1
5
1
2
2
8
1
11
1
12
1
4
1
4
2
243
3
2
3
1
1
1
1
63
31
1
11
1
4
10
32
7
10
2
106
1
1
1
23
1
1
1
1
1
1
1
1
1
9
1
4
2
2
1
2
1
2
11
1
1
1
1
1
4
1
13
1
1
1
1
1
23
12
1
9
1
1
1
1
7
1
9
2
4
50
7
1
149
1
1
42
1
3
1
1
11
2
6
1
1
2
1
1
1
1
1
1
12
4
1
1
30
1
6
17
7
1
4
1
6
34
3
1
3
2
1
3
1
1
2
1
2
1
46
1
14
2
1
3
2
4
69
74
3
1
1
2
1
5
1
1
7
1
1
3
1
2
1
1
1
1
1
1
1
1
1
1
11
7
9
1
1
1
11
1
1
2
1
1
1
1
1
1
1
1
10
1
1
1
6
3
1
1
1
1
1
1
2
3
2
8
1
3
1
6
1
1
1
1
2
5
21
1
9
1
1
6
1
1
1
1
1
1
1
1
3
1
1
20
1
1
57
1
1
1
3
2
1
1
59
1
2
1
38
1
6
2
1
1
11
1
1
1
2
2
1
5
2
15
18
1
2
1
68
3
37
1
1
1
46
6
1
1
35
6
80
1
91
24
197
43
607
134
10
2
3
1
1
5
5
37
1
1
1
1
10
4
1
1
3
6
2
1
4
1
1
1
11
1
4
1
1
1
1
454
44
2
1
38
2
2
1
1
1
6
2
1
13
126
1
2
1
2
2
1
1
1
2
64
1
1
1
2
1
1
1
2
2
1
10
2
1
4
10
144
13
1
49
4
1
14
11
1
2
2
1
2
3
1
20
1
1
19
11
7
4
244
154
1
2
1
1
1
103
2
2
1
1
1
1
1
1
1
1
4
3
5
1
5
21
2
1
1
7
1
4
2
3
1
10
374
1
2
225
4
2
6
12
8
1
1
1
1
6
1
1
10
3
2
1
1
1
1
1
1
1
3
5
206
47
1
1
644
1
1
1
2
2
6
4
1
4
2
1
109
1
1
75
1
1
1
1
1
58
336
2
1
4
3
1
3
1
1
1
1
1
2
2
1
1
6
1
1
2
1
20
2
54
1
1
1
1
858
1
5
1
16
1
8
2
1
1
2
1
3
1
4
1
1
9
1
33
2
1
1
4
22
4
6
6
1
1
2
1
68
1
1
1
1
1
1
1
3
1
1
2
1
1
2
6
18
1
1
1
1
5
4
1
1
1
3
1
10
2
1
1
1
2
2
1
1
1
36
1
2
1
1
2
4
2
2
874
1
1
1
1
2
1
4
8
2
1
1
1
1
2
1
1
1
1
3
1
1
1
1
1
4
185
1
1
2
11
2
1
12
1
1
1
4
1
10
7
2
2
1
7
4
2
3
1
19
10
11
589
2
1
168
2
6
1
2
1
2
1
1
15
1
5
5
1
2
1
2
12
1
14
1
1
4
3
1
1
3
19
1
1
4
40
1
10
1
1
1
1
1
1
13
2
21
4
1
1
1
51
18
1
1
3
2
2
4
1
101
1
3
18
1
2
1
17
1
2
3
1
1
5
4
2
1
2
15
2
1
49
104
1
2
1
1
3
1
2
1
5
4
17
7
1
3
4
5
1
1
17
2
3
4
1
96
2
1
665
1
1
2
1
1
839
1
3
6
1
8
1
3
1
1
1
2
1
1
3
139
1
1
35
2
2
18
1
8
43
14
9
2
1
63
230
173
47
4
1
1
1
2
2
110
7
2
2
2
1
1
1
1
2
1
1
1
2
1
1
1
1
1
2
1
1
1
1
1
1
3
1
1
3
2
1
2
1
1
1
15
1
108
1
1
5
1
2
187
2
1
31
3
1
2
1
2
1
1
1
212
84
1
8
1
1
1
12
36
2
41
3
1
1
1
1
1
1
1
1
10
1
3
1
14
1
1
2
1
1
1
5
1
1
1
1
1
12
2
45
2
7
1
1
10
1
2
1
1
1
6
1
1
13
1
3
1
529
3
6
433
115
2
1
1
2
2
2
1
1
1
1
1
2
1
1
1
1
1
1
2
1
1
2
2
2
1
3
98
2
10
303
9
1
1
6
5
21
1
27
1
13
22
302
2
1
1
14
2
1
4
2
41
1
1
1
1
1
1
1
1
10
1
1
15
2
1
1
1
1
1
1
6
2
1
1
3
1
8
1
2
1
2
1
1
5
2
1
1
1
1
1
1
8
1
3
1
3
1
34
17
1
2
8
1
2
2
582
6
9
1
2
1
1
4
1
2
41
1
3
1
1
2
1
1
1
2
1
1
18
10
1
2
2
1
2
2
1
6
5
2
66
2
1
1
1
1
1
1
3
1
9
2
1
3
1
1
97
51
94
299
3
1
1
1
1
21
1
1
1
1
1
4
12
1
9
3
33
1
4
1
1
1
1
1
1
1
3
13
3
5
1
176
1
1
9
1
1
1
3
1
1
18
1
1
1
1
2
1
4
1
1
1
2
1
6
2
3
19
8
20
2
3
2
1
1
2
1
1
1
4
1
1
1
1
2
2
5
3
5
1
1
1
2
1
1
3
30
1
5
1
2
4
1
2
5
1
2
1
1
21
13
1
73
1
1
1
4
1
22
6
1
1
1
1
1
1
1
1
1
1
8
2
1
1
11
13
2
12
1
59
1
4
2
1
3
1
1
1
1
1
1
3
1
2
1
1
2
1
3
326
1
2
2
1
2
1
1
2
1
7
1
8
3
2
1
1
1
1
29
8
1
1
1
1
1
1
1
1
1
1
4
1
7
1
1
295
1
35
1
1
12
26
1
1
2
1
5
1
1
12
2
4
1
1
2
1
23
6
1
493
1
1
1
1
1
1
1
1
1
8
1
2
2
2
1
1
1
1
1
1
1
1
1
1
1
1
3
2
6
16
2
1
2
18
1
1
1
1
1
2
2
12
2
1
10
2
208
1
1
2
10
10
1
1
1
2
1
1
3
1
1
1
4
1
1
1
1
1
1
1
1
295
5
1
1
1
1
1
5
1
1
1
1
1
1
1
2
1
1
2
1
2
1
1
1
3
3
1
20
4
1
1
1
1
1
14
1
1
1
1
1
1
1
1
1
2
1
1
3
1
1
248
1
1
1
68
6
9
1
35
115
295
1
12
16
4
10
8
1
1
24
24
26
15
112
1
2
6
2
83
30
11
1
1
3
4
1
12
1
3
1
2
4
2
1
39
2
260
22
84
16
11
34
6
59
226
39
150
95
15
48
48
63
334
729
8
6
3
14
400
1
2
1
2
1
1
1
82
2
7
1
2
1
1
14
204
2
158
2
1
2
30
15
58
1
2
1
1
17
1
1
1
1
2
24
1
3
1
5
2
1
10
12
5
2
1
1
40
2
4
26
13
1
2
11
3
4
8
1
1
1
593
7
1
2
1
1
1
14
11
1
1
1
3
1
1
1
1
1
6
3
2
1
1
4
1
3
18
2
6
1
1
1
1
1
1
2
1
3
1
1
13
1
1
1
8
1
4
33
10
1
5
2
1
1
9
4
12
1
2
1
4
671
2
1
9
1
2
2
1
7
1
1
1
1
1
1
1
2
1
1
10
1
3
7
32
1
1
2
1
1
11
1
1
619
1
12
10
14
2
1
1
1
1
2
2
1
1
1
1
3
1
1
1
1
1
2
1
2
2
2
1
1
2
1
1
1
1
2
1
1
1
1
1
1
1
1
3
1
12
2
11
1
1
1
4
1
1
693
2
3
2
1
1
3
1
1
1
1
5
1
1
1
1
1
3
1
1
1
1
1
1
1
27
1
1
4
1
30
7
9
2
1
2
2
1
3
2
2
2
2
16
18
4
5
1
1
3
1
1
3
1
1
1
1
1
6
8
2
1
1
1
1
3
6
16
1
1
1
10
1
1
2
5
1
4
14
1
1
1
5
1
1
1
5
15
2
1
1
1
1
1
5
3
1
1
75
271
2
15
2
4
3
1
2
24
4
8
2
3
1
1
4
1
6
1
1
7
8
8
1
1
2
1
1
1
3
1
4
5
1
1
1
1
1
1
2
9
3
1
2
34
3
1
6
16
55
197
2
35
68
9
37
7
5
14
1
4
206
1
1
1
1
1
1
1
1
1
1
2
1
3
3
7
4
3
1
2
1
2
3
3
4
8
1
1
1
7
1
4
4
1
3
1
1
1
1
1
10
6
21
749
1
1
1
121
64
21
91
2
17
2
16
22
2
245
72
31
788
1
6
54
38
6
31
50
43
47
12
9
26
1
2
1
2
5
8
1
1
1
3
18
1
4
380
1
1
1
157
409
25
1
2
7
10
4
4
2
1
2
1
3
1
15
10
2
1
2
1
1
1
1
1
3
1
69
1
1
1
3
1
1
1
1
1
1
4
1
1
1
1
228
305
3
258
2
1
3
1
1
1
1
1
1
1
3
5
1
2
1
2
20
53
1
4
1
2
2
3
1
40
325
392
2
1
1
1
1
1
43
287
9
103
82
19
100
6
3
1
1
2
1
3
5
1
3
1
1
13
1
1
1
1
1
1
1
6
1
1
1
1
1
1
1
1
1
2
1
1
1
1
1
1
1
1
1
1
2
1
2
30
1
4
1
1
1
2
1
2
1
1
4
1
3
1
1
1
3
1
3
4
1
1
1
1
1
2
3
1
1
1
1
3
1
1
1
1
2
13
2
1
1
1
1
1
1
2
1
1
1
3
1
71
112
87
1
39
50
114
41
103
1
66
275
10
2
3
11
175
20
7
142
385
18
2
1
1
1
1
1
1
3
1
1
1
1
1
1
2
1
1
2
1
2
1
9
11
1
1
1
1
27
1
1
1
1
1
2
1
1
2
2
1
1
1
1
2
1
1
1
1
1
1
2
1
1
1
1
1
4
1
1
146
7
66
164
866
4
1
1
1
1
2
2
1
1
1
1
2
2
3
1
1
2
1
2
1
1
1
1
1
1
7
1
1
1
1
2
1
1
2
1
1
1
1
3
1
148
1
1
6
21
1
1
2
12
52
79
101
9
2
38
55
557
3
1
7
1
1
1
2
1
2
1
3
1
1
1
1
2
2
6
1
84
1
1
8
2
1
1
1
6
1
1
1
49
2
2
2
1
2
2
1
1
3
1
1
1
1
1
3
1
1
1
2
1
3
2
1
17
1
1
37
1
1
1
2
2
1
1
2
1
3
1
1
81
1
2
1
1
1
2
1
1
1
1
1
1
1
1
1
1
1
3
1
3
1
1
1
1
1
1
5
1
1
2
2
1
1
2
8
2
1
2
1
1
1
1
2
1
1
1
1
6
1
2
7
1
2
1
1
1
1
1
1
1
1
3
1
1
4
1
1
1
2
1
1
1
1
1
2
1
4
2
2
1
1
13
1
1
13
10
3
4
5
2
58
1
17
401
4
50
62
273
3
5
55
695
97
6
2
3
1
3
1
1
5
1
5
10
1
1
1
1
1
1
3
1
1
1
1
4
1
1
579
153
1
1
2
5
2
1
1
1
26
1
3
2
1
1
1
1
3
1
1
1
1
1
1
1
1
1
2
1
1
2
3
1
2
1
3
2
1
1
6
1
1
1
3
2
2
2
33
2
4
1
1
1
8
2
1
3
1
1
2
1
1
3
1
2
1
1
1
1
1
2
3
1
1
1
59
1
1
1
5
1
2
1
5
1
1
1
2
1
1
1
2
1
2
1
1
1
1
1
1
3
1
1
1
1
1
1
2
1
1
3
1
3
229
1
2
1
1
1
1
1
1
1
1
2
1
2
1
1
1
1
1
1
1
3
1
1
1
1
1
1
11
142
201
3
4
1
1
1
3
3
1
1
12
1
27
1
1
1
3
2
25
3
3
88
2
1
1
43
1
8
91
1
1
1
50
39
1
1
2
5
1
7
1
1
2
2
1
1
1
1
1
5
1
1
3
1
1
1
26
1
32
4
1
1
1
1
53
2
1
2
1
67
1
2
1
6
1
1
3
1
1
1
3
2
60
1
5
46
257
1
2
2
2
2
2
1
1
1
1
8
1
3
1
1
2
1
2
1
1
1
38
2
3
1
9
2
3
3
2
3
16
27
1
1
2
1
306
1
1
10
9
2
1
31
2
1
1
1
3
44
1
9
3
1
1
13
4
5
21
4
62
101
28
208
39
2
1
2
1
1
1
14
2
45
79
47
6
106
1
1
1
9
2
1
2
560
11
52
2
5
74
23
380
1
16
131
139
1
1
1
1
1
1
2
4
1
1
1
1
2
939
1
1
2
1
1
1
4
3
1
1
2
1
1
1
4
1
1
1
32
2
1
7
5
6
2
21
1
2
1
1
1
1
1
5
3
1
1
1
3
4
1
6
1
8
1
8
1
14
2
1
1
1
4
1
3
1
3
2
1
1
1
6
3
3
1
15
2
1
2
11
2
1
4
1
1
5
10
1
2
1
3
3
9
1
1
4
3
3
20
4
5
1
5
1
1
6
26
6
15
1
1
1
10
1
1
1
1
5
1
1
4
11
2
1
2
3
1
13
1
17
2
1
1
1
1
1
1
1
1
1
1
1
1
1
1
77
1
1
6
1
3
2
1
9
1
1
7
2
2
9
1
1
2
1
5
1
3
2
3
1
3
2
1
1
1
1
4
2
5
1
1
1
5
2
2
1
1
2
2
1
2
1
2
7
2
2
1
2
2
4
1
2
1
1
1
1
1
1
5
4
1
3
1
2
25
1
3
1
4
1
1
1
1
2
1
1
9
1
21
1
1
1
1
1
2
5
1
47
1
1
1
1
1
14
11
3
1
2
1
9
3
2
2
1
2
29
1
1
1
1
1
12
1
1
13
53
1
1
1
2
3
3
1
10
1
2
1
1
1
2
3
1
11
1
6
2
1
2
1
1
1
1
1
1
19
1
4
1
1
1
2
1
1
4
2
1
3
2
3
1
1
1
1
22
2
1
3
1
1
1
7
78
1
3
1
1
2
2
1
4
1
1
10
1
1
1
1
1
1
1
26
2
1
20
28
6
3
1
1
1
7
2
1
1
1
1
1
1
7
22
31
1
8
2
1
1
1
1
1
1
2
1
1
1
1
1
4
1
2
1
1
6
1
1
3
2
2
1
1
17
17
1
1
1
1
1
1
223
1
3
1
5
5
1
4
1
6
6
4
2
1
1
1
1
19
16
8
10
1
13
5
13
14
44
15
1
8
4
1
1
2
13
11
1
6
4
8
1
1
5
53
1
1
12
1
9
4
6
27
4
13
1
1
1
1
1
1
2
1
4
3
1
1
1
2
1
1
1
15
1
16
1
1
20
1
1
16
9
1
18
1
1
5
39
6
2
1
1
1
1
1
1
2
8
1
1
1
2
1
1
1
1
1
1
2
1
21
1
17
1
1
1
22
2
16
1
3
1
2
11
1
2
1
1
1
1
1
1
3
1
1
1
14
1
3
2
1
2
1
1
2
1
1
2
5
1
2
1
9
1
1
1
3
21
1
1
1
1
1
2
8
29
304
1
182
3
919
8
2
1
3
6
1
7
1
1
1
3
1
1
127
41
4
1
1
1
1
1
8
10
2
1
1
2
2
12
2
5
5
3
1
42
1
1
1
3
11
2
1
3
2
1
1
4
1
1
1
1
3
2
1
1
1
1
1
2
1
1
15
1
1
105
1
1
1
2
1
2
1
1
1
2
2
7
1
1
2
3
3
3
1
3
1
4
1
5
2
1
1
6
1
1
1
1
2
16
1
4
3
1
45
1
1
29
35
1
17
2
2
25
3
2
3
1
3
3
2
2
2
1
1
1
2
1
42
1
1
1
1
1
1
1
2
1
1
1
2
1
1
75
2
67
1
1
3
1
1
4
3
1
2
1
6
1
2
1
3
2
4
1
5
10
1
1
2
3
6
1
8
2
2
1
1
2
2
139
8
1
2
1
2
1
1
2
1
1
1
1
1
1
1
1
1
1
3
4
1
1
10
1
1
1
1
1
2
1
1
1
1
2
1
3
1
2
5
1
1
2
1
1
1
50
17
1
1
1
1
2
2
5
1
2
7
1
4
3
2
1
2
1
1
1
2
1
1
1
4
2
1
1
1
3
5
1
1
2
1
2
3
1
1
2
1
1
1
2
3
1
2
1
1
1
1
1
1
2
1
1
32
1
2
2
19
4
13
5
3
2
1
4
1
3
1
2
2
1
1
1
1
1
2
1
1
1
11
2
11
3
2
2
1
2
1
10
3
1
1
3
1
1
1
1
1
91
1
1
1
14
1
2
1
52
1
1
24
1
1
78
10
1
1
2
19
1
1
2
1
6
1
2
1
1
1
7
1
1
6
1
2
3
1
1
5
3
2
3
1
2
2
2
1
12
1
4
2
1
2
2
1
6
1
2
1
37
1
1
5
21
4
2
1
2
1
1
19
1
5
1
1
1
6
1
1
1
577
4
3
82
1
2
1
43
1
1
2
1
1
105
21
1
2
1
2
1
3
1
2
1
1
1
1
2
1
3
1
9
17
1
2
2
1
3
1
1
1
1
2
2
3
1
1
16
2
3
2
4
2
4
2
1
1
1
2
1
9
2
1
1
2
2
1
1
1
3
2
9
1
1
1
6
1
11
1
1
1
1
2
1
1
1
5
1
11
1
10
3
5
4
26
3
1
1
18
2
1
1
1
1
2
11
6
1
1
1
1
6
20
62
2
18
2
7
67
73
23
7
1
1
7
8
28
21
3
1
3
2
4
7
74
1
1
2
1
1
1
1
1
5
1
2
5
1
2
5
1
2
1
4
1
6
5
1
2
1
1
5
1
2
2
3
1047
2
4
2
1
34
1
1
1
1
7
1
1
3
21
4
2
1
1
3
1
1
2
1
1
1
1
1
1
1
1
1
1
1
1
2
1
1
1
1
4
1
1
2
1
169
210
62
224
52
153
9
1
4
1
1
1
1
1
3
1
4
5
1
1
1
1
1
5
1
2
1
1
1
2
1
18
1
101
4
14
10
10
1
1
1
1
1
1
1
1
1
1
1
1
102
3
1
1
196
48
1
1
1
1
9
74
1
5
10
5
1
1
1
1
2
1
1
8
1
1
1
60
1
3
1
2
2
1
1
1
1
1
1
1
2
1
11
7
1
1
1
4
5
7
4
1
1
1
11
3
1
1
5
1
13
1
1
1
2
1
1
3
1
4
2
1
2
1
1
1
1
2
1
1
3
4
8
3
9
1
48
6
1
1
5
13
60
1
1
1
3
1
1
1
1
1
7
1
4
1
1
1
11
1
3
9
4
1
3
2
1
1
1
2
1
2
1
90
1
2
1
59
7
9
1
10
4
1
1
5
1
2
1
1
2
1
6
1
1
2
3
4
38
1
22
1
45
17
13
9
58
2
11
1
1
5
4
3
8
1
1
2
7
1
1
9
2
1
8
1
1
2
1
1
1
1
1
3
4
57
1
1
20
1
7
1
103
1
10
1
1
1
2
3
2
1
1
2
5
5
5
1
3
6
7
3
79
2
1
1
1
1
1
7
1
1
1
8
10
4
1
3
11
9
1
4
1
1
1
3
13
5
1
2
1
1
1
4
1
2
1
1
1
1
1
1
1
17
2
5
12
2
7
8
3
3
3
2
6
1
1
1
1
1
1
11
1
3
1
1
10
1
13
5
1
16
3
1
1
1
2
1
1
3
2
1
1
1
1
4
5
3
2
49
1
1
2
1
2
124
84
106
16
13
133
335
1
59
1
239
63
1
5
1
1
6
14
2
1
1
1
1
1
2
2
2
1
2
16
5
1
4
1
4
6
65
4
1
4
1
7
1
1
4
1
1
1
1
210
1
6
3
1
9
4
1
1
1
2
1
1
1
1
1
1
1
1
8
1
2
1
9
19
2
1
4
1
1
1
2
3
1
10
5
3
1
1
1
1
1
1
3
1
12
2
1
1
13
4
5
17
3
3
3
1
1
42
3
1
1
1
3
3
1
1
4
1
1
27
1
2
1
11
1
3
1
1
1
1
1
2
1
4
1
1
5
1
1
8
1
1
1
2
1
1
53
1
3
2
2
1
1
1
54
5
1
1
2
2
3
1
1
1
1
2
18
2
1
1
7
1
5
3
1
68
1
7
1
1
2
3
4
6
1
1
1
1
1
3
2
1
1
1
1
2
1
34
32
1
2
23
11
6
2
1
4
1
1
1
6
31
1
1
1
1
2
1
1
1
2
1
1
7
3
1
2
1
1
18
2
1
1
1
2
2
11
3
2
1
48
1
1
5
1
1
2
6
5
27
2
1
11
1
18
2
2
1
1
18
157
1
1
1
1
1
1
1
1
6
3
1
3
1
1
8
4
1
4
10
1
2
6
3
16
1
2
2
10
1
1
1
1
1
1
5
189
6
29
1
1
3
1
1
175
2
1
13
1
1
35
6
3
1
1
769
12
2
5
187
2
70
1
186
21
1
1
2
1
7
1
1
3
4
4
6
1
6
12
3
2
1
1
2
4
2
1
2
3
1
22
10
1
1
7
1
1
1
1
1
1
2
3
1
1
1
1
3
8
2
2
1
1
2
1
1
2
3
4
2
1
4
2
1
1
5
1
1
2
422
1
5
3
1
1
2
4
3
1
1
5
1
9
2
2
5
1
1
1
2
8
4
2
3
1
1
1
1
5
1
12
1
1
1
1
1
2
4
1
1
1
1
5
4
1
7
9
1
2
1
3
1
3
9
1
11
1
1
7
5
2
11
16
4
2
16
2
25
1
1
11
15
16
5
11
89
2
1
1
27
60
22
67
1
3
386
4
3
2
2
1
1
3
6
1
1
1
17
1
5
2
2
1
1
1
1
2
5
4
5
12
3
1
4
2
1
1
1
2
1
1
1
1
60
10
1
1
1
2
1
2
1
3
1
1
2
12
4
3
1
1
1
5
1
3
8
31
1
9
2
2
1
1
1
4
1
1
2
1
1
1
6
2
4
5
1
2
1
5
1
4
1
1
1
1
1
1
2
1
4
1
1
16
3
2
1
30
29
5
36
1
2
1
1
1
2
7
5
2
1
3
17
1
20
1
1
2
6
1
1
12
13
4
13
7
8
7
8
9
6
4
1
11
3
1
8
18
1
12
24
23
7
57
1
1
167
416
2
1
1
1
1
1
1
1
15
1
1
5
2
3
1
5
2
1
1
12
1
1
112
1
2
1
1
1
1
1
1
1
1
1
2
4
2
1
1
1
1
45
1
3
3
26
451
19
5
1
1
31
1
1
1
3
1
1
1
1
67
1
1
1
1
1
1
3
3
1
1
6
1
7
2
1
2
1
13
1
1
1
1
2
2
1
5
148
10
1
1
2
1
1
1
2
9
3
1
3
6
1
3
2
1
1
1
10
4
1
2
5
2
1
1
1
2
1
2
13
1
1
5
26
5
77
1
1
2
4
1
1
2
3
2
1
2
2
1
8
15
3
2
1
1
5
10
1
2
5
1
1
1
1
1
2
1
1
1
6
8
3
1
1
1
1
1
3
4
4
9
1
2
3
2
65
5
1
2
1
4
1
1
3
1
1
2
1
152
1
1
1
10
9
1
1
1
3
2
4
2
1
1
1
1
1
1
2
1
1
1
1
23
1
2
1
1
1
1
1
1
1
1
1
1
1
5
23
2
1
1
1
3
5
3
2
3
1
1
4
1
1
1
32
1
1
2
1
3
1
1
1
2
1
1
1
3
1
1
7
11
1
1
1
3
1
2
1
1
2
1
2
1
2
13
1
1
1
1
1
5
3
1
1
1
6
2
1
3
2
1
1
3
5
1
1
1
1
1
1
1
2
1
1
1
5
1
2
4
3
1
2
4
2
3
1
1
1
1
6
8
1
1
1
6
2
1
1
4
1
2
1
1
1
1
2
1
4
2
1
4
1
1
1
2
2
1
3
1
56
167
1
3
1
1
7
7
3
2
1
1
1
1
7
2
1
1
1
1
1
1
1
1
346
345
2
1
1
1
1
1
4
1
1
1
1
2
5
16
2
1
5
1
1
1
16
1
6
1
1
1
6
1
3
1
9
1
27
9
3
1
13
14
1
1
1
1
1
1
1
1
1
26
18
25
30
1
1
5
1
1
1
2
21
13
1
1
2
18
1
7
1
3
1
1
3
5
1
1
5
1
17
1
1
1
11
10
1
1
1
2
1
2
7
1
1
8
9
10
1
1
1
4
1
7
22
279
1
1
9
7
1
9
4
4
1
1
1
1
1
2
1
1
2
1
1
1
1
1
2
3
1
11
1
4
8
2
1
1
4
1
3
10
1
5
1
1
1
2
1
1
2
2
3
1
1
15
2
1
1
1
1
1
2
6
15
3
1
1
1
1
1
1
7
1
1
4
1
1
5
1
1
2
1
7
6
3
1
1
1
9
1
1
1
2
1
4
4
1
1
1
5
