32
55
58
1
1
99
149
9
157
130
119
8
5
3
8
101
116
3
69
2
28
30
35
39
5
54
2
3
25
38
2
5
2
3
4
1
78
22
1
133
11
1
30
22
1
2
172
112
29
18
9
38
17
17
2
49
1
6
2
200
4
6
2
116
30
2
4
255
77
5
2
5
13
2
45
59
1
1
27
20
2
39
1
66
4
3
58
5
46
157
4
3
8
4
3
2
4
4
3
16
83
2
278
1
6
4
28
3
77
1
139
1
2
7
3
43
1
5
5
117
8
5
1
195
7
6
11
19
3
4
4
2
1
14
3
4
16
12
11
2
2
12
3
4
16
3
7
8
6
7
1
10
5
50
8
133
8
7
10
3
5
4
55
4
1
2
9
1
4
2
1
4
7
5
4
4
6
6
1
5
14
8
14
5
2
189
3
3
8
6
5
20
10
11
1
8
1
8
24
1
22
2
14
1
7
36
2
25
8
37
5
7
5
7
31
4
22
3
21
4
10
18
4
38
26
4
23
43
14
2
6
9
41
10
26
26
1
116
39
2
53
10
7
5
13
74
2
14
1
13
36
38
12
7
71
23
19
33
19
20
2
19
10
4
9
67
23
1
7
66
55
1
11
21
2
1
27
3
11
4
3
8
8
3
1
12
12
20
85
2
24
4
4
9
1
89
18
30
21
10
8
1
48
79
3
14
6
36
107
3
18
9
86
27
4
6
54
64
7
45
22
3
41
42
26
38
39
187
37
137
39
7
14
1
46
49
1
21
27
59
2
7
1
60
26
1
111
40
40
40
9
39
5
42
39
200
113
2
57
31
5
64
85
30
209
19
65
1
7
27
3
13
163
170
56
34
22
1
96
56
149
120
5
6
57
19
179
4
3
158
3
36
5
8
42
18
38
10
3
14
