2
356
300
14
2136
6
26
247
2
2090
2513
54
1125
91
391
53
1530
145
17
2051
4
384
48
2006
28
3051
1
2
8
330
3
308
667
1741
36
1894
120
11
631
670
2475
136
2
236
1162
76
1092
311
233
66
408
192
88
444
865
2150
2039
1404
238
210
2944
100
2939
280
297
11
1146
2882
81
719
131
2680
1971
330
3461
66
3059
52
29
2430
12
2414
380
827
623
57
1619
2115
395
146
109
2957
84
2899
218
7
446
1264
2790
2
142
14
1292
301
1619
52
2457
3273
2713
169
693
5
223
1926
2001
4
16
55
83
231
1
506
1074
1857
44
50
342
2695
12
1022
120
8
448
67
242
349
275
1
80
781
126
488
2554
162
236
4
12
475
880
245
866
1553
1134
39
2788
173
2659
2
646
1
759
199
879
540
124
52
3015
40
967
381
1510
893
305
749
2535
641
10
335
189
1434
1395
3260
25
2530
28
3506
35
2990
1496
2
100
1852
227
329
13
314
1341
297
1488
2930
2959
2462
23
748
2804
2345
310
2962
9
1300
1263
224
1461
2603
1746
3
3235
592
1366
982
210
509
1899
467
21
62
20
856
379
2755
81
68
2984
19
644
160
