1055
592
1259
169
1366
2718
33
1732
42
9
570
1751
28
1883
341
1979
1708
468
397
21
1982
113
1344
153
239
812
7
10
2744
689
287
373
1320
96
1969
561
2100
39
226
126
460
1372
586
522
1903
800
14
15
127
93
663
2166
1745
22
66
32
478
1632
181
3791
1642
2341
1852
577
75
87
5
3578
326
1672
917
2274
164
708
257
1616
402
2824
92
61
727
1454
488
44
728
49
234
30
992
1072
253
3
1523
464
2790
353
1881
1131
184
1193
135
169
68
522
1241
2849
12
556
1378
299
20
69
171
1784
2593
28
694
682
577
1164
1011
217
97
1018
38
15
2044
2572
17
468
217
1983
560
2
1
2
1
1
1
21
1
1
1
1
4
1
1
17
1
1
1
1
1
1
1
1
2
41
5
1
1
1
2
1
1
1
1
17
1
6
1
1
3
1
2
51
2
1
7
230
1
2
1
112
2
16
1
9
31
1
1
6
1
248
3
1
1
1
1
1
1
1
2
1
1
1
3
1
1
1
32
1
5
1
11
2
6
1
487
2
682
22
5
1
3
1
1
370
34
1
2
7
1
1
44
1
27
1
1
2
1
6
1
1
1
24
1
4
3
1
508
2
2
20
1
233
2
2
1
2
1
1
1
5
1
1
1
1
24
9
1
1
8
295
5
1
17
1
7
1
3
1
3
4
1
5
1
4
1
1
4
620
1
1
1
3
186
2
1
1
2
1
4
1
1
1
1
1
1
1
3
3
23
1
1
1
38
2
1
2
1
3
5
1
1
1
11
1
1
5
1
1
23
2
2
3
18
21
2
38
1
1
1
290
1
1
1
1
1
1
1
1
1
4
1
1
1
4
2
167
1
1
3
1
4
1
1
1
1
65
2
3
1
1
1
1
1
356
1
1
3
1
3
4
21
1
2
1
1
1
1
7
1
1
2
3
1
1
3
5
20
1
1
1
1
2
4
1
9
1
1
8
1
1
9
1
1
3
1
3
1
1
1
3
3
1
1
1
1
4
5
1
1
2
1
1
1
20
1
4
1
1
1
1
1
1
8
1
2
1
1
510
1
5
1
7
5
1
12
1
1
1
105
5
1
6
1
1
1
1
17
1
1
12
3
4
1
1
1
3
300
1
1
1
4
1
3
7
1
4
3
4
1
6
4
2
2
2
1
8
4
3
1
1
1
1
4
2
3
14
82
1
1
1
1
1
2
7
2
1
1
19
4
28
2136
1
1
8
3
5
2
1
1
2
10
1
1
22
1
1
10
1
2
1
1
2
4
4
23
1
569
10
1
1
1
2
1
4
45
1
1
6
1
18
7
1
1
5
1
2
1
1
1631
3
1
2
1
1
1
59
2
1
2
26
1
5
2
222
247
24
2
2
31
1
1
1
10
11
1
2
1
1
1
1
1
5
6
1
100
4
1
1
1
1
1
1
3
1
2
1
1
1
1
1
1
1
1
3
1
6
1
1
16
2
1
5
4
1
1
1
1
700
1
1
1
1
2
1
1
2
12
1
1
1
1
1
2
1
1
2
3
3
2
4
1
4
4
2212
6
15
1
3
1
4
1
2090
3
1
336
1
1
1
7
1
2
3
1
2
2
36
1
623
1
1
1
1
1
1
4
6
23
2513
21
1
2
1
2
18
1
1
1
6
1
13
114
17
749
10
20
2
1
4
34
1
1
3
1
1
7
1
1
2
1
1
1
5
1
367
1
2
1
1
1
1
1
1
2
1
2
1
2
3
12
2
1
1
2
2
8
1
1
2
2
71
3
1
2348
1
19
11
1
4
1
2
1
1
10
2
92
1
1
42
2
2
3
8
1
1
2
1
1
1
6
1
1
54
2
1
1
1
2
1
1
1
1
38
2
1
3
1
1
5
1
477
7
1
1
1
1
3
1
1
1
1
3
26
2
1
4
1
1
1
3
1
3
6
5
1
379
2
1
1
3
4
1
1
1
1
1
1
1
52
1
225
374
1
1
1
1
15
1
17
24
1
1
1
1
1
87
1
2
1
8
9
1
1
82
1
1
5
1
2
1
1
3
16
2
1
8
209
2
1
1
1
1
4
1
1
1
1
1
1
1
14
43
1
11
1
3
7
34
1
6
1
2
3
1
1
1
1
1
3
1
87
289
1
62
1
3
5
1
3
1
1
10
1
1
1
1
1
3
1
1
1
22
1
12
2
6
16
1
1
1
2
6
46
1
1
76
247
103
1
1
4
10
4
15
12
1
1
199
3
8
2
1
1
1
2
1
1
1125
2
1
3
1
1
2
19
2
1
2
1
2
2
1
3
1
12
3
1
5
198
436
1
1
1
291
1
1
1
1
1
11
1
1
1
15
1
18
1
60
2
35
2
2
1
1
1
1
1
6
758
1
3
10
13
32
5
1
8
1
1
2
3
1
2
1239
54
1
8
1
55
1
1
1
1
1
4
1
1
1
18
4
1
1
1
24
1
7
8
12
12
1
1
2
1
2
1
7
6
1
1
12
9
1
7
1
13
1
2
3
1
4
1
2
20
1
13
1
1
22
2
3
1
1
1
522
1
2
1
84
1
21
1
1
1
8
2
1
4
1
1
6
2
1
2
1
1
1
2
1
3
1
5
2
1
6
1
1
1
1
1
170
2
1
1
1
91
2
1
4
1
1
1
3
1
1
13
1
2
1
5
1
7
31
1
2
1
1
157
1
9
6
1
5
3
4
2
1
1
391
2
1
1
3
8
1
1
47
1
1
11
2
7
1
5
1
1
1
3
1
506
3
236
1
2
3
2
3
3
2
1
1
2
1
1
1
1
34
2
1
2
1
1
1
7
1
1
4
1
941
1
1
1
2
1
1
1
6
9
2
12
2
1
2
1
84
1
69
4
4
2
2
1
53
5
2
3
1
200
1
945
21
4
3
1
1
1
64
4
1
1
1
1
1
1
3
1
4
1
4
37
1
2
1
1
1
1
1
3
1
1
1
2
1
5
19
2
1
1
2
10
2
3
6
1
1
1
2
1
120
1530
1
1
81
1
6
98
2
1
3
1
1
1
1
1
1
1
3
2
1
2
11
1
145
1
360
2
1
2
79
1
5
1
5
1
1368
1
1
1
2
1
1
2
1
14
1
16
1
1
1
9
35
1
2
1
1
2
46
1
1
1
1
3
733
1
1
22
1
2
13
2
1
1
1
2
5
897
21
14
1
2
1
1
1
2
6
2
2
1
1
1
17
1
9
1
1
1
50
1
3
32
1
1
1
3
1
1
21
1
5
55
22
3
61
2
1
1
1
3
3
1
1
8
1
1
1
1
3
1
1
246
7
2051
1
1
45
8
2
1
1
15
1
4
2
224
1
4
8
1
1
1
1
1
1
1
447
1
2
1
1
26
13
3
1
6
7
1
1
9
116
29
5
108
2
1
1
1
1
1
1
1
1
2
1
1
2
1
1
1
1
1
1
1
10
1
3
1
3
1
28
4
1
2
1
1
1
12
1
141
1
1
1
1
3
1
1
1
1
1
1
1
1
1
3
3
384
1
15
1
1
2
8
12
170
1368
1
3
1
1
1
1
1
5
1
1
1
5
3
5
7
1
1
7
6
1
13
46
259
26
1
1
2
1
1
1
1
4
4
2
1
10
22
15
1
130
1
1
1
1
1
1
6
4
1
1
23
1
8
1
1
1
1
2
48
1
1
3
1
1
1
1
2006
1
1
2
1
1719
1
1
1
2
3
3
20
5
55
1
1
1
9
3
1
2
1
3
1
1
5
44
1
1
701
3
1
55
1
1
1
1
1
107
3
4
1
231
3
2
1
2
1
4
2
55
2
4
1
4
1
132
7
5
3
1
1
5
7
1
14
1
18
16
1
4
1
1
1
28
4
1
1
1
2
1
2
744
1
1
1
2
9
2
1
2
47
1
1
2
14
28
11
1
1
1
1
1
14
12
4
1
1
5
1
5
3051
1
1
1
1
1
16
1
1
1
4
1
1
8
37
3
2
67
1
65
1
1
9
1
11
2
1
3
38
1
18
2
6
12
1
1
1
1
2
2
1
1
15
1
297
1
2
1
673
1
1
1
2
6
3
1
1
1
1
1
2
1
1
5
1
19
2
1
2
1
1
213
1
4
4
1
2
1
1
5
1
1
1
1
3
43
1
1
18
2
155
1
1
1
2
25
6
82
12
2
1
188
9
4
1
17
3
1
9
1
3
6
1
147
1
20
1
3
1
1
1
1
2
3
1
18
56
3
1
1
1
105
5
3
7
8
1
1
1
28
68
39
3
1
2
5
3
1
1
1
3
1
1
11
1
3
1
3
50
27
19
1
29
7
2
11
3
1
5
151
1
1
7
3
1
1
1
1
40
2
1
1
1
1
1
2
1
1
1
5
1
1
1
1
1
1
2
3
4
39
8
1
7
2
1
35
4
1
1
1
1
3
1
2
1
3
5
13
1
12
2
1
1
1
3
2
1
1
1
1
1
3
1
81
19
26
24
1
1
9
1
1
1
1260
26
16
688
3
1
1
2
8
1
13
3
1
6
75
608
1
2
1
6
1
2
1
3
1
39
2
76
6
1
10
1
2
356
1
7
1
1
1
1
1
1
2
2
2
2
1
1
2
1
5
3
8
1
1
1
5
2
11
1
21
182
1
2
2
492
9
1
2
2
1
84
3
6
1
2
46
2
21
1
4
2
125
1
1
2
1
1
2
1
1
203
2
2
3
1
27
1
8
1
2
3
1
1
2
1
839
47
29
1
1
17
1
3
63
1
1
471
3
5
16
2
8
1
43
152
2
468
1
1
213
330
15
4
3
11
1
8
1
5
8
1
1
6
1
4
3
1
2
9
7
7
3
3
71
518
376
1
1
5
2
1
1
2
1
1
1
1
2
2
1
1
2
9
1
3
2
1
1
1
32
1
2
5
6
1
138
1
2
1
5
4
206
40
7
1
1
1
2
1
3
2
1
1
2
1
2
594
1
1
1
1
1
1
3
1
1
1
1
1
12
1
8
81
6
2
1
2
1
2
1
2
15
1
2
4
1
3
1
4
2
308
3
28
1
14
1
8
2
2
1
1
2
2
1
1
1
2
1
1
12
1
3
1
6
2
667
6
2
2
1
7
1
3
1
1
1
2
1
1
1
1
2
1
2
1
3
1
1
1741
1
2
5
1
8
37
1
1
1
1
1
1
1
1
5
1
8
4
7
190
4
145
191
366
4
17
2
1
1
24
1
3
33
1
51
3
281
11
1
10
1
1
3
3
2
1
80
24
1
1
1
1
11
1
1
2
1
1
2
2
8
3
19
1
1
1
1
2
1
1
692
1
1
1
1
2
2
1
1
4
5
1
6
1
1
80
1
2
1
2
1
2
5
1
3
1
1
1
91
1
1
1
3
1
1
1
6
5
1
1
1
4
2
4
15
23
3
1
1
1
1
1
4
2
1
1
1
1
1
1
1
1
1
1
1
1
3
2
2
17
1
1
1
12
1
1
1
1
1
9
1
1
2
174
1
2
7
1
5
12
1
2
2
1
1
19
156
79
1
9
3
4
1
2
1
1
1
3
3
1
1
1
1
36
86
1
44
4
1
7
1
20
30
1
1
1
8
804
1894
30
2
94
1
1
750
1
1
13
1
2
4
1
1
4
2
283
1
1
1
1
2
57
1
1
1
4
1
1
6
4
2
1
23
1
120
1
1
2
4
3
5
1
1
1
5
2
4
1
1
94
11
2
1
3
2
6
1154
1
1
1
24
1
1
3
1
64
10
1
1
1
5
1
1
1
1
112
1
9
1
6
2
9
1
3
1
1
1
1
1
18
1
2
1
2
7
1
1
1
1
4
2
11
2
1
1
1
1
7
1
1
1
631
1
1
1
2
1
670
1
6
2
94
1
2475
1
8
1
1
1
5
1
1
13
2
1
1
5
190
1
7
2
8
2
54
3
1
1
1
1
29
3
1
4
1
1
34
2
5
2
1
12
1
4
4
1
1
1
1
2
1
1
1
1
1
5
17
1
19
1386
1
1
1
22
1
1
1
1
2
3
1
31
1
6
5
1
19
1
1
101
78
1
1
2
4
3
2
1
1
11
8
290
421
1
17
5
1
5
1
3
2372
1
2
1
3
2
1
1
16
3
1
8
1
1
1
1
88
1
1
1
1
1
1
1
3
7
4
1
1
6
1
1
1
154
1
473
2
1
1
5
1424
1
1
1
3
22
1
1
2
1
1
5
1
2
1
7
2
513
3
1
1
9
2
58
1
1
1
3
3
1
1
1
1
2
2
1
2
1
15
1
1
1
6
1
154
1
2
1
1
1
1
1
2
1
3
3
9
57
3
6
920
12
2
1
4
136
23
42
1
1
1
4
1
1
1
3
1
1317
10
1
1
2
2
2
2
62
2
1
332
2
1
2
1
32
6
1
1
5
1
6
3
51
1
21
1219
37
6
1
1
1
2
2
1
11
24
3
1
1
1
2
1
2
1
176
3
1
1
9
2
1
1
2
3
2
1
4
2
4
10
2
1
1
236
14
1
1
1
114
3
3
1
1
1
8
1
1
3
1
43
1
1
1
1
2
12
32
1
1
1
1
2
1
1
10
1
1
1
2
1
6
3
4
1
8
1
1
2
1
3
4
44
1
1
16
13
3
1
1
84
2
1
8
86
1
11
1
1
1
154
1162
3
113
4
1
31
76
1
1
2
18
1
3
2
45
1
2
1
1
1092
1
1
8
1
1
1
7
311
1
2
1
1
233
2
2
19
3
3
2
748
1
7
1
1
31
66
2
5
2
51
16
1
1
18
1
19
1
60
2
408
27
1744
39
1
1
13
57
1
1
2
5
4
192
1
2
1
1
1
1
1
24
1
10
3
3
88
1
3
1
1
1
1
10
1
1
2
1
1
1
1
2
5
1
2
1
3
1
1
1
1
1
1
444
1
1
4
1
4
3
380
1
1
391
1
1
13
3
4
1
20
1
1
124
3
2
1
3
1
4
1
3
1
1
9
9
3
2
20
4
8
1
2
59
1
2
2
1
1
3
3
2
9
1
1
1
2
5
1
6
1
1
2
2
1
1
1
1
18
1
2
1
238
1
323
20
6
1
1
5
26
865
19
1
2
2
7
2
1
1
1
3
3
1
17
1
1
3
2
1
1
4
6
964
12
1
1
1
1
2150
2
1
1
1
3
7
52
8
6
2
1
2
2
1
1
1
1
2
1
1
1
1
1
6
1
1
3
796
2
1
3
1
1
2
1
2
2
3
2
5
18
2
1
5
3
2
14
79
2
4
50
4
16
1
2
1
2039
2
1404
1
1
5
38
3
242
1
1
1
1
1537
1
6
1
1
1
1
2
1
30
11
2
1
5
1
3
12
1
2
1
1
4
1
2
2
1
1
21
131
1
201
1
1
2
1
1
30
7
6
1
63
1
3
33
22
1
2
3
1
1
2
17
10
1
73
5
1
24
2
3
51
1
1
47
1
1
17
1
2
1
1
2
1
57
1
2
3
322
6
1
2
3
1
123
62
66
1
54
3
2
5
1
3
1
4
1
10
1
3
1
1
4
1
1
6
2
1
1
5
2
1
9
238
1
72
1
2
1
5
1
4
2
2
1
1
1
33
1
2
10
4
1
10
1
1
1
1
30
5
4
1
1
2
1
1
3
1
1
1
1
2
2
6
34
8
213
210
1
1
1
1
17
1
1
1
1
2
1
5
4
212
2
7
1
3
1
5
1
1
1
1
1
1
1
5
2944
5
1
31
1
1
6
1
1
2
4
1
19
1
3
2
1
52
1
1
1
1
2
566
1
143
1
1
1
2
1
1
1
11
264
14
3
1
1
60
5
1
1
53
8
24
9
3
1
2
15
4
1
1
11
3
3
1
1
100
5
1
2
2
2
39
2939
1
32
8
1
4
54
2
28
1
7
4
5
25
2
3
8
26
1
205
8
1
7
1
1
2
2
1
2
20
1
4
13
1
12
1
3
1
8
1
1
1
2
4
1
2
2
1
1
3
3
1
32
1
14
1
2
22
7
1
5
1
80
1
1
1
3
1
1
1
1
4
18
5
9
2
44
1
1
3
7
65
89
16
2
1
1
1
6
239
1
1
92
6
1
6
6
82
6
3
2
46
1
2
1
2
1
47
2
1
10
6
1
1
1
1
1
258
280
2
2
2
2
1
297
1
1
1
297
14
1
177
2
7
1
1
7
1
2
56
2
299
1
2
2
1
2
3
9
2
1
4
2
1
2
24
1
1
2
5
1
1
1
1
561
2
3
1
16
1
5
12
1
2
1
15
1
20
1
2
1
218
1
27
19
1
1
1
1
1
1
1
1
1
1
1
1
1
1
2
2
2
1
1
3
17
2
4
1
2
1
4
20
38
1
1
1
2
11
1
1
4
1
1
1
1
1
1
14
42
224
1
2
136
1
1
10
1
1
1
119
207
1
2
1
4
3
1
1
2
11
2
1
1
299
2
2
1
1146
1
1
1
1
1
1
13
1
1
11
1
7
3
1
39
1
2
2
12
28
1
6
2
1
1
1
1
1
10
1
1
16
17
162
3
1
1
1
1
1
1
60
7
7
321
1
1
1
190
2
1
1
5
1
288
1
1
55
4
1
1
1
22
1
2
5
1
1
1
21
2882
1
7
21
7
21
212
1
81
3
3
1
1
132
15
1
2
10
7
7
5
3
1
1
11
3
1
1
1
1
1
11
3
19
32
1
1
3
4
78
719
3
3
1
2
7
1
1
1
1
1
8
131
1
1
2
1
553
1
4
1
8
1
1
1
9
2
82
16
8
2
1
1
1
62
2
4
2
1
2
12
2
10
2572
1
248
2
40
1
8
1
2
3
4
2
5
1
2
3
6
1
271
32
23
1
1
2
1
1
1
2680
1
2
1
42
1
3
19
1
1
3
3
109
4
1
1
15
1
2
2
1971
6
1
1
2
1
2
2
1
3
330
1
1
1
2
6
2
5
1
1
1
2
2
11
5
55
2
1
1
2
2
94
1
1
2
3
2
1
1
2
1
1
1
1
1
1
2
3
1
2
2
1
3
3
2
13
1
1
13
12
1
1
1
1
1
1
3
1
1
1
9
6
1
1
2
1
1
1
1
1
1
1
2
1
4
17
14
3461
1
1
35
1
1
14
1
6
1
13
8
32
2
1
66
3059
2
1
22
23
3
5
5
28
8
1
1
34
541
3
2
1
4
1
25
1
2
1
1
1
1
2
1
7
1
1
399
1
1
1
80
4
1
170
2
1
1
1
10
1
7
48
52
1
37
1
2
2
2
1
2
29
2
1
40
3
7
10
25
3
1
1
1
1481
1
1
18
266
66
1
1
2
1
16
202
287
1
5
7
1
15
82
9
2
1
1
1
35
1
6
5
30
2
1
293
1
5
1
13
1
1
1
1
1
2
1
4
1
1
7
2430
1
4
1
1
1
10
5
1
11
1
1
1
2
1
2
1
2
216
10
1
1
137
24
1
3
1
1
1
16
1
1
8
1
1
1
1
2
1
5
11
1
3
1
1
1
1
1
1
1
4
1
2
1
1
2
2
1
1
1
1019
38
236
4
1
3
5
6
2
8
5
2
1
2
2
1
6
2
1
1
1
6
1
1
85
1
1
2
13
1
1
1
8
1
4
1
3
3
4
2
78
11
1
2
1
1
1
1
7
1
1
3
9
1
1
103
937
2
1
58
3
1
2
1
1
34
1
12
1
3
7
55
4
12
26
1
1
1
1
1
2
1
1
1
1
2
1
138
1
4
2516
14
2414
1
1
380
5
1
1
3
83
3
1
31
1
2
7
1
827
2
1
1
2
1
1
6
560
1
1
12
1
1
35
1
1
10
1
4
274
623
1
44
1
97
5
2
3
1
2
1
442
63
1
4
13
2
1
2
2
1
57
14
3
14
1
1
4
2
5
1
6
1
24
1
1
6
592
1
1
2
1
1
1
44
1
2
4
11
1
1
1
1619
1
5
31
5
1
1
2
5
1
3
9
375
3
1
1
1
5
1
1
19
1
5
1
1
3
1
1
9
1
2
1
2115
18
1
4
1
2
275
11
1
1
294
1
1
1
110
1
1
1
1
6
1
1
1
6
4
3
18
7
1
3
95
4
1
286
395
1
8
3
1
1
1
1
3
1
2
146
2
1
1
1
2
2
19
37
15
1
1
1
1
109
1
156
1
1
1
1
35
1
1
16
1
58
1
1
1
1
3
1
1
2
1
1
1
5
1
7
2
2
1
2957
3
2
2
2
1
1
4
2
15
3
14
1
4
3
1
1
2
12
1
5
6
1447
17
1
2
1
1
14
1
4
2
3
1
17
1
2153
1
1
8
1
1
235
2
1
2
2
1
62
3
12
1
1
2
1
3
1
1
53
3
7
4
6
1
1
2
1
1
2
3
1
1
2
6
3
1
1
5
1
2
10
2
5
1
3
1
1
1
43
19
1
2
1
424
2
3
1
18
1
2
1
1
1
1
1
1
1
4
1
1
4
1
15
2
1
57
1
1
124
1
2
1
299
6
1
84
2
2
1
1
1
3
1
13
4
2899
1
2
1
1
1
1
1
1
1
1
1
218
23
1
1
2
12
3
1
1
3
51
1
1
1
1
1
1
1
2
123
1
3
3
2
1
3
4
5
1
2
201
3
1
1
1
1
2
9
2
1
1
4
2
3
1
1
1
4
1
3
1
1
1
1
1
2
39
5
55
4
1
1
1
1
27
1
1
3
3
1
1
5
1
1
1
109
4
5
1
1
1
1
2
1
3
11
2
179
25
18
3
1
7
1
1
1
2
1
23
1
2
1
2
1
1
1
1
1
1
1
1
12
446
1
1
12
29
1
1
2
3
7
788
2
4
1
1
1
2
1
4
2
1
8
5
4
80
1
27
15
2
1
1
7
1
1
1
1
141
1
633
22
33
2
2
1
2
2
1
7
1
20
1
1
1
1
1
1264
13
1
1
3
4
2790
1
1
3
1
1
1
1273
224
1
1
180
8
3
1
1
1
7
1
1
2
1
17
1
15
1
1
1
2
1
2
1
7
1
1
1
1
1
1
5
42
1
6
8
2
1
3
137
1
5
1
3
1
10
2
5
2
35
1
1
1
1
1
1
1
1
11
439
1
1
346
83
2
1
1
90
1
2
1
8
1
5
1
1
1
5
3
1
1
3
1
2
2
1
3
1
23
3
1
3
5
67
3
1
1
1
1
3
5
3
2
14
1
1
1
10
1
1
1
1
1
19
1
1
1
1
1
5
15
101
1
1
1
2
1
1
1
1
345
1
3
2
15
3
16
1
3
1
13
1
1
19
3
1
1
73
4
20
1
1
3
3
1
5
2
235
1
3
830
1
1
3
1
3
9
10
75
15
1
7
1
2
1
30
1
1
1
2
1
1
3
1
1
1
1
26
1
10
2
7
1
39
39
2
1
1
4
2
1
142
2
27
1
3
92
1
1
1
1
1
1
1
5
13
1
1
1
1
1
1
1
1
2
2
2
1
1
1
1
5
8
211
1
3
1
1
160
1
1
17
1
1
1
2
1
2
1
1
6
3
18
1
14
2
1
1
3
1
11
1
1
2
1
1
6
3
1
1
3
1
1
6
1
52
1
1
1
1
1
1
1
12
80
9
6
2
1
1
100
1
1
3
1
25
1
1
481
1
19
1
1
2
1
2
1
4
254
1
5
1
4
44
40
1
1
1
1
1
4
4
1292
4
1
1
3
1
6
2
1
1
1
1
1
1
1
7
90
1
1
1
5
7
1
3
1
3
1
1
1
2
75
1
1
1
4
1
1
2
1
1
1
1
1
1
7
1
1
2
1
702
23
1
2
1
4
1
1
16
1
1
1
1
1
1
1
1
6
1
11
24
1
1
1
1
1
22
1
3
1
1
1
1
178
1
1
1017
4
7
1
1
2
1
1
73
1
1
10
1
273
1
1
3
1
1
11
1
1
16
1
1
29
4
1
2
51
1
1
3
1
3
301
1
100
28
11
1
1
2
7
12
3
158
65
1
238
4
1
2
1
1
1
2
1
390
80
1
1
1
100
1
1
1
1
2
2
1
3
4
115
1
1
1
1
1
1
1
114
1
2
170
7
1
1
12
1
1
1
1
1
1
1
10
94
1
72
2
2
1
1
1
7
1
1
1
96
1
1
13
1
3
15
3
1
2
1
1
1
1
1
2
1
1
19
60
27
1
3
6
1
7
3
1
1
4
1
1
1
3
4
2
25
3
7
1
16
19
1
14
1
4
1
1
2
1
1
1
1
12
1
1
3
1
5
49
1
1619
1
12
18
17
1
4
1
2
13
1
9
1
3
1
13
1
1
4
1
3
1
42
1
1
3
1
1
52
1
1
1
1
4
2
8
1
2
1
3
245
4
2
1
3
2457
1
1
1
25
1
1
1
1
12
2
3
149
43
1
1
4
1
1
2
2
1
2
1
3273
1
1
6
52
1
1
1
1
1
2713
1
1
6
1
6
3
1
1
1
2
5
2
1
1
2
9
144
169
1
2
1
1
1
2
6
9
198
4
1
1
1
8
1
1
1
1
2
1
2
1
1
2
1
1
1
3
1
17
1
1
30
5
2
61
1
22
1
1
1
1
8
1
1
1
1710
2
4
4
1
1
1
1
14
1
693
12
1
22
11
5
1
3
1
2
1
1
1
1
11
639
10
1
5
1
2
3
2
2
609
1
4
1
11
2
1
1
13
1
1
1
2
1
1
2
1
2
2
1
4
22
1
2
4
1
1
1
4
1
2
6
4
4
1
1
65
223
6
4
4
1
3
1
1
85
2
13
3
1
2
14
1
26
1
2
1
2
7
32
1
1
2
18
1926
3
1
1
3
30
3
2
3
1
1
429
1
1
85
1
1
1
2
1
5
41
2
1
5
21
1
9
2
33
2
1
1
15
1
209
99
1
19
1
2
2
6
1
1
2
1
135
10
1
1
47
1
6
1
49
5
16
2
2001
155
1
2
5
1
1
1
1
6
1
3
1
1
1
1
2
2
1
2
1
1
88
1
1
1
29
1
14
1
1
3
397
1
1
1
2
16
1
9
1
1
8
4
80
1
8
1
1
1
3
1
3
2
4
1
102
8
21
2
8
1
1
1
1
1
12
39
1
4
1
2
10
2
1
1
1
2
4
1
16
1
1
1
1022
417
1
1
25
1
23
1
4
3
1266
1
3
1
1
8
23
6
1
4
1
9
7
4
1
3
1
1
3
38
1
1
5
74
3
1
1
1
1
1
1
2
5
823
3
20
1
2
1
629
2
1
344
1
2
2
85
1
3
3
11
1
1
1
1
1
1
3
2
1
515
13
2
1
2
1
1
1
1
1
3
2
55
2
2
5
3
1
3
10
8
9
6
22
10
6
182
1
2
1
2
1
1
2
5
4
1938
8
1
4
71
1
793
1
22
5
7
1
5
2
2
324
1
1
3
2
19
3
83
1
1
3
1
1
1
1
1
2
61
1
38
1
1
1
1
1
8
1
161
263
2
438
1
1
2
1
1
1
8
1
1
1
1
1
1
1
1
1
3
77
4
1
2
1
19
1
1
58
1
3
1
1
3
2
3
1
704
1
11
2
161
782
12
3
5
1
2
1
1
47
1
4
48
6
2
1
2
2
1
11
2
1
1
3
5
43
28
1
2
231
1
3
1
50
15
3
2
1
538
1
1
2
2
6
1
1
1
177
3
8
20
2
1
3
3
1
1
1
6
1
1
1
2
1
1
3
1
1
2
18
1
244
1
1
2
1
160
2
1
3
2
1
1
2
1
33
2
1
1
1
15
1
1
506
79
1
43
2
68
1
58
3
4
1
1
1
1
738
1
1
11
1
2
247
1
1
1
5
35
1
36
2
1
1
1
1
2
1
1
1
2
1
1
2
2
1
1
5
2
112
4
1
1
1
4
1
6
1
2
1
1
1
1
1
2
1
1
316
1
4
1
3
1
263
1
1
1
1
2
1
1
1
1
20
1
1
1
291
31
60
1
1
2
1
1
1
1
1
1
151
1
5
1
4
1
5
1
183
862
1
1
2
1
1
721
1
1
2
2
1
1
1
1074
14
16
7
8
1
1857
7
90
2
309
975
3
6
4
61
1
6
1
1
9
2
3
2
2
3
1
1
1
1
1
8
1
4
1
16
1
1
3
1
1
2
2
15
1
2
1
1
2
1
4
2
5
57
2
1
1
4
4
35
1
1
2
1
1
43
16
1
1
2
1
1
1
2
17
82
1
1
2
1
1
6
1
1
1
5
1
421
1
1
105
1
66
247
1
1
1
1
1
1
712
7
225
1
2
1
1
146
2
2
1
1
1
1
1
22
1
4
5
1
1
10
6
1
5
3
2
1
44
1
18
1
7
38
1
1
6
4
1
2
615
2
23
1
45
18
3
1
1
4
1
3
1
3
3
16
20
1
85
1
68
3
3
50
1
3
3
74
1
342
2695
1
1
14
41
54
1
1
1
1
1
1
1
2
4
2
5
2
2
3
1
16
623
1
2
3
1
2
1
1
1
2
1
1
1
3
1
11
1
18
1
2
1
2
2
1
2
7
2
1
1
3
2
4
1
2
2
1
3
1
11
3
1
1
4
1
1
3
1
2
2
1
1
5
1
1
4
13
1
444
1
1
1
47
1
8
1
7
235
1
20
1
2
4
1
2
12
20
1
1
1022
1
2
1
40
3
1
3
1
1
2
3
8
3
1
1
2
39
1
3
1
65
1
1
6
1
1
1
5
1
1
1
1
1
1
120
1
729
2
2
9
1380
1
17
2
1
1
1
3
3
9
7
6
1
1
1
1
1036
1
78
1
3
1
1
1
4
1
1
1
1
95
78
3
4
1
4
6
2
1
2
3
1
1
1
2
4
3
2
1
1
1
22
1
1
1
1
2
1
35
797
1
2
49
1
1
1
1
2
1
8
9
2
1
1687
448
1
2
1
19
1
2
443
1
19
5
1
1
5
1
1
1
1
9
1
3
3
1
4
37
1
1
1
2
1
4
1
2
69
1
1
11
5
25
2
1
1
3
1
3
9
1
2
84
67
324
1
2
8
1
1
21
1
3
2
2
1
1
1
5
10
1
2
1
2
1
52
36
4
2
2
1
1
1
60
1
8
1
2
1
6
3
1
1
32
16
1
8
17
1
169
2
3
1
1
2
5
9
9
47
4
1
1
2
1
1
3
3
3
1
3
1
1
5
1
1
1
1
1
1
4
1
5
3
6
2
2
39
1
1
671
3
14
5
1
2
1
2
10
2
1
1
98
2
4
16
27
786
3
10
1
1
1
1
673
1
8
1
1
2
1
17
2
1
84
1
1160
1
1
2
2
29
1
1
1
1
4
2
1
1
1
1
1
242
1
2
349
7
4
1
1
3
75
2
4
6
5
1
1
1
1
5
10
1
1
1
3
1
2
2
7
3
1
3
1
1
1
2
1
1
1
1
1
2
1
1
1
2
1
3
5
9
1
5
2
44
1
1
5
1
2
1
80
2
1
1
7
1009
1
24
1
1
1
1
1
1
275
1
5
1
3
1
51
1
1
4
2
1
3
1
5
2
1
2
387
249
1
3
1
1
80
1
2
2
3
644
1
28
781
1
1
3
2
1
13
169
454
1
1
171
7
1
3
1
1
3
1
2
1
3
2
1
1
4
3
1
1
1
1
1
2
6
1
46
1
6
1
1
2
1
1
202
6
1
1
1
7
1
1
2
3
2
3
1
1
2
1
1
1
1
3
5
5
1
1
1
5
40
2
126
139
3
1
1
30
4
1
4
1
4
7
1
4
4
1
1
14
1
42
33
4
1
12
2
1
1
4
1
1
1
3
488
1
1
1
17
1
1
15
3
1
1
92
1
2
7
12
1
1
12
1
52
9
1
1
12
2
1
1
2
2
1
1
1
13
1
1
1
4
1
1
5
1
49
21
1
1
2
9
3
6
1
2554
1
6
162
3
5
1
1
11
33
1
1
1
2
1
1
9
1
1
3
3
1
1
1
1
5
1
1
1
1
1
5
2
1
1
1041
1
5
1
4
368
1
1
1
1
1
1
1
1
1
1
1
4
3
6
2
1
145
8
481
2
1
6
8
5
236
214
24
1
23
6
1
1
1
1
2
2
5
35
1
5
2
1
1
1
6
3
2
7
1
2
1
1
8
1
1
2
1
2
1
139
6
1
1
223
69
1
4
4
1
210
1
1
1
1
1
1
1
1
4
1
1
1
5
1
2
1
1
1
20
1
1
1
1
9
2
1
1
90
6
2
1
1
2
12
2
1
1
3
1
1
85
1
2
1
2
1
2
1
2
1
2
1
2
1
18
1
1
1
3
9
1
1
1
12
15
3
1
4
1
1
1
4
42
1
1
1
2
3
1
1
6
12
1
1
15
1
184
1
2
2
2
31
22
4
6
20
12
1
1
1
2
1
3
1
1
1
1
1
2
1
3
475
270
55
2
1
2
1
8
8
1
2
1
1
1
1
4
1
1
2
880
1
1
245
1
1
73
256
4
3
6
2
1
10
1
3
1
1
1
1
1
1
6
10
1
1
1
1
1
6
3
2
1
1
4
10
1
1
1
9
1
1
3
1
1
1
1
866
1
1
2
1
1
1
3
8
1
1
1
2
5
1
3
13
1
1
1
2
1
1
1
4
1
1
1
1553
2
1
2
1
15
4
1
5
1
1
1
16
1
1
1
1
77
3
6
7
1
1
13
6
1
32
1
1
1134
2
4
1
15
1
3
7
1
2
1
2
1
5
1
3
1
2
1
1
1
1
3
4
1
6
270
1
4
3
1
3
4
8
1
1
1
1
1
2
1
1
1
1
7
8
5
1
2
1
1
1
1
97
1
12
1
4
20
1
1
2
4
39
113
8
8
15
2
1
4
1
1
2
1
1
12
493
5
1
3
1
1
1
2
1
81
1
1
1
1
1
1
1
1
2
1
1
1
191
3
31
1
3
1
308
2
1
4
2788
2
1
1
1
33
1
1
1
4
1
6
17
1
1
2
136
1
4
1
1
2
2
173
1
5
2659
1
1
1
1
7
29
1
1
1
46
1
1
1
12
2
1
5
7
198
1
1
1
2
1
1
1
1
2
2
2
1
81
1243
1
2
1
4
1
1
1
4
24
83
5
6
3
1
1
1
26
2
1
205
1
9
5
1
2
1
4
1
1
32
1
1
1
13
8
1
5
61
92
1
2
2
1
1
44
10
1
1
1
37
1
1
1
1
2
1
47
4
1
5
1
2
1
1
1
2
253
1
2
4
1
3
2
12
897
1
1
1
5
30
1
2
1
75
2
1
2
33
2
1
1
1
3
1
6
3
1
1
5
2
2
1
646
458
8
1
1
1
1
2
1
1
1
1
1
1
1
349
1
2
1
3
2
1
70
1
1
53
1
1
1
1
1
4
6
62
2
3
8
1
1
1
19
1
13
2
2
3
1
1
1
2
2
1
1
1
4
759
1
1
1
16
1
1
3
1
5
1
1
15
2
1
1
4
1
3
199
1
1
10
2
50
1
2
1
1
1
1
1
1
3
13
1
15
3
1
3
133
3
1
1
1
879
8
2
1
168
1
1
1
18
28
29
2
1
1
1
2
1
1
2
1
1
1
1
3
3
1
1
7
6
1
3
46
162
1
1
1
1
8
1007
1
1
9
18
11
1
3
2
1
1
4
1
2
1
1
2
2
1
1
1
2
1
4
1
1
2
540
1222
1
37
3
1
8
2
1
1
1704
2
6
2
1
2
1
1
10
2
1
2
1
3
23
1
1
7
1
6
6
1
1
11
3
4
2
124
3
1
1
1
1
9
1
16
3
1
5
1
1
502
1
1
3
1
1
1
2
2
21
200
1
6
1
3
1
34
43
1
3
31
1
1
3
25
2
4
12
11
1
1
2
1
1
2
1
1
1
3
13
19
52
7
1
35
12
2
4
1
1
1
1
5
111
1
1
1
7
1
131
1
7
4
1
12
1
3015
1
817
1
1
1
5
49
1
3
1
2
12
10
1
1
4
1
1
2
70
1
10
2
3
1
387
1
1
20
1
1
1
1
16
3
96
5
1
3
1
1
1
1
1
10
4
1
2
5
1
1
3
1
1
1
1
1
1
27
1
1
1
2
2
1
3
5
1
1
1
1
1
1
10
7
3
6
1
3
4
1
1
1
1
3
2
40
2
1
186
1
2
1
1
1
115
4
1
2
19
3
1
1
1
1
1
1
1
1
58
4
1
4
1
1
5
8
1
5
1
1
1
2
1
1
1
23
3
1
32
1
1
3
1
1
6
1
30
1
1
1
1
1
1
1
1
5
8
1
45
57
1
780
23
6
1
1
15
2
4
2
20
4
36
2
1
180
1
1
19
2
1
53
2
48
1
101
2
1
1
2
1
2
11
35
28
1
6
1
1
1
1
1
5
40
1
4
2
4
28
1
1
35
967
1
381
5
1
1
1
1
3
22
1
2
1
1
1
1
3
1
4
4
1
23
2
1
516
1
1
1
1
2
1
1
3
11
3
3
1
1
23
11
2
1
1
1
2
1
52
3
1
1
1
13
1
1
67
1
1
1
1
2
1510
3
3
1
2
1
1
1
13
1
1
1
1
2
1
1
54
1
5
21
1
1
1
2
1
6
1
3
1
51
1
38
893
305
5
215
1
89
55
3
1
1
6
749
5
1
3
1
577
1
1
2535
16
1
1
1
2
11
3
641
24
4
1
1
1
1
13
3
2
4
3
1
2
10
3
5
1
1
2
1
151
12
2
1
1
1
1
1
1
8
88
1
1
6
27
1
44
1
5
4
1
2
1
1
1
13
1
2
1
27
1
740
1
1
1
1
1
1
1
1
1
1
1
223
2
1
5
2
1
12
4
1
30
4
1
2
1
11
1
2
32
3
351
5
21
1
1
10
1
16
1
1
20
1
2
2
10
1
6
1
1
36
1
1
15
1
536
6
5
2
612
2
1
5
1
18
1
2
2
4
2
1
1
10
1
1
1
101
106
1
10
1
1
1
3
2
2
4
1
1
1
2
4
1
1
1
7
1
978
1
1
1
1
1
1
4
2
335
1
1
4
1
2
6
8
7
1
1
3
2
117
1
6
1
68
1
4
1
1
6
1
1
1
1
1
5
1
16
2
2
27
117
2
10
1
18
3
5
16
3
1
3
3
14
2
15
189
169
13
1
1
4
69
3
1434
4
1
12
2
2
2
2
8
2
1
19
7
1
1
1
1
29
1
2
2
12
1
10
435
28
1
6
1395
2
1
2
1
1
1
1
1
2
3
1
1
1
12
3
3260
2
1
3
15
1
1
1
38
1
1
1
1
2
3
23
23
1
29
4
5
1
1
2
19
1
17
2
1
6
3
1
2
1
3
2
2
1
10
10
126
1
51
1
4
1
147
1
1
2
2
1
1
2
1
34
1
17
1
1
2
61
2
1
1
1
1
1
12
2
2
1
1
2
4
1
2
1
1
2
1
1
16
1
1
1
6
97
6
1
1
1
2
1
1
3
1
1
30
90
1
1
1
1
3
7
13
1
9
1
1
1
62
4
1
12
1
2
1
2
1
19
118
233
328
126
1
1
1
1
25
2
124
1
2
1
1
1
1
8
1
1
333
138
1
1
2
1
1
1
1
1
1
1
5
10
1
2
1
8
1
1
3
8
1
1
1
1
22
1
1
3
1
1
2530
1
8
3
6
32
1
2
157
1
23
1
2
1
22
3
4
5
1
1
741
1
1
64
1
3
4
1
1
1
1
5
2
1
1
3
7
1
1
1
1
1
7
3
1
3
1
59
37
1
1
1
1
1
243
2
2
1
1
1
2
11
6
1
1
1
15
1
2
1
1
2
8
1
2
1
1
2
10
5
2
7
6
1
28
2
2
2
275
9
11
1
2
1
5
11
181
39
4
206
1
23
1
6
5
6
1
1305
1
2
18
3506
4
3
1
1
1
1
1
10
10
3
1
1
102
1
1
6
3
20
2
2
1
3
1
7
3
38
35
2
2
7
41
15
2
7
1
1
1
2
10
44
1
2
1
1
1
4
1
8
432
4
84
1
3
1
10
470
37
8
1
41
1
42
1
1
1
1
1
2
51
2990
2
3
7
5
1
1496
1
1
1
2
1
1
9
6
1
2
2
2
1
6
1
1
1
13
21
2
1
1
2
4
1
6
4
89
1
1
1
2
100
1
3
1
2
1
1
3
2
1
31
3
1
1
1
2
1
443
143
1
8
6
6
5
1
3
7
5
1
4
1
1
1
1
1
1
1
1
2
1
8
1
1
1
2
1
21
1
9
12
1
3
1
1
16
3
9
1
1
460
1
60
2
2
1
4
2
1
4
16
2
21
1
1
1
2
1
6
10
1
14
1
1
10
1
46
1
3
1
14
1
14
1
2
1
2
1
1
14
2
5
3
1
1
53
2
2
4
1
1
81
3
28
1
5
3
1
3
1
1
7
5
1
2
195
7
1
1
9
2
1
31
1
1
753
3
1
10
2
1
2
1
1
41
1
4
4
1
19
4
1
28
7
7
2
1
1
10
4
1
1
16
40
2
2
1
14
1
1
1
1
3
5
1
1
2
2
3
1
2
1
1
5
3
1
2
3
100
25
2
1
2
32
53
1
8
3
313
1
2
6
2
2
21
3
1
1
2
1
1
1
1
1
2
172
1
1
1
8
1
2
1
1
3
9
1
3
1
1
2
1
1
1
1
19
42
2
405
9
1
11
1
19
2
7
1
1
2
1255
1
4
3
1
1
2
1
12
1
8
459
1
1
10
1
1
1
1
1
4
3
1
1
1604
21
1
1
1
5
22
7
13
1852
1
5
1
2
1
2
2
1
1
2
2
4
1
6
2
1
24
1
1
20
1
4
1
1
2
1
1
2
1
274
3
1
2
20
1
1
1
1
1
227
2
1
2
1
312
6
1
3
1
2226
1
1
11
1
5
1
1
1
1
4
6
1
3
1
1
1
1
1
1
2
942
10
10
3
1
3
1
5
219
43
1
10
4
2
1
1
1
14
13
1
1
2
1
2
1
1
7
1
1
2
4
1
27
1
3
7
4
32
4
48
1
312
1
1
1
2
1
1
1
1
1
2
2
1
1
1
329
5
2
1
23
1
1
1
1
1
1
2
4
1
1
1
4
1
1
1
1
2
6
1
1
1
1
2
9
1
2
3
13
1
3
1
1
1
1
2
3
1
10
1
1
68
2
3
7
80
3
2
1
2
1
27
1
53
2
1
1
314
3
2
2
1
18
412
1
1
2
1
4
2
6
8
2
1
2
1
1
8
12
1
1
1
1
2
13
8
1
1
3
1
2
1
11
2
1
3
1
2
1
1
1
7
1
3
51
1
22
1
2
13
5
1
90
1
19
16
26
26
32
3
1
1
4
1
12
2
1
4
1
1
1
3
1
1
1
1
4
1
7
11
1
1
1
4
2
30
1
2
1
8
1
34
164
1
8
16
2
9
3
35
2
92
13
267
1
6
1
163
11
3
1341
1
18
2
1
4
4
1
32
37
1
2
12
1
3
72
1
1
6
1
3
1
3
8
2
2
1
8
5
2
1
70
2
4
2
4
1
1
2
5
1
1
2
2
1
3
4
1
1
4
3
2
11
3
3
1
2
1
3
3
1
36
1
1
1
2
1
2
1
8
1
2
19
3
1
2
1
297
1
10
9
14
12
2
1
1
199
2
1
122
7
1
1
31
5
6
4
1
1
1
42
3
1
6
7
1
1
4
1
1
10
1
1
1
1
1
1
1
2
1
1
2
6
1
1
19
1
3
8
1
1
11
1
4
1
1
3
2
3
1
1
1
3
18
55
8
2
2
1
119
9
1
9
3
1
5
2
1
3
1
1
1
156
1
1
1
2
1
1
1
5
6
47
1
3
1614
1
5
1
1
6
1
10
1
1
21
4
9
1
1
3
1
9
1
1
1
3
1
1
2
2
1
1
2
1
1
1
3
2
9
3
2
1
11
1
1
2
1
1
1
1
1
8
80
1
1
21
2
1
1
1488
1
8
1
3
6
11
2930
3
2
17
8
8
1
8
30
2
1
2959
1
1
27
2
638
1
1
1
31
1
1
2
2462
6
1
1
1
58
1
1
15
2
278
2
1
1
29
23
1
3
1
1
1
1
14
8
1
242
23
6
1
4
1
16
2
1
277
2
8
3
3
1
1
3
4
1
1
310
1
32
12
3
2
2
1
1
1
3
1
22
2
1
1
2
1
1
4
1
215
15
1
32
3
25
35
1
1
8
7
1
1
2
1
1
1
94
2
3
1
1
13
1
52
31
1
4
1
3
2
1
5
1
6
7
1
1
129
1
6
1
3
8
1
2
1
1
1
2
1
1
2
2
16
3
2
1
1
7
3
1
16
8
10
4
1
3
18
3
11
2
1
1
1
1
6
1
1
1
1
1
179
2
2
1
2
748
3
4
13
1
1
2
2
3
3
1
1
3
3
2
2
1
1
7
1
1
2
7
4
1
1
1
1
3
3
1
1
3
2
3
59
1
3
1
6
115
6
9
4
1
1
1
24
20
5
1
2
2
20
1
8
16
1
1
1
7
2
2
1
46
1
1
1
1
1
9
1
1
1
2
1
24
4
2
1
1
3
88
1
2
1
316
1
2
2
1
2
1
5
3
1
1
1
2
1
9
1
1
1
2
1
1
3
1
2804
2345
1
1
1
1
1
1
1
77
1
55
255
1
1
1
1
1
5
3
14
1
1
7
1
2
1
1
13
2
6
3
1
1
1
11
10
27
2
227
184
4
1
1
1
1
1
1
1
1
1
2
16
1
1
310
1
4
8
1
1
2
22
7
68
1
2962
1
4
12
5
17
1
3
1
2
6
2
14
4
1
1
2
1
1
1
1
1
1
1
23
4
129
1
1
2
1
1
1
1
1
22
1
2
32
3
1
9
1
8
1
1
1
1
20
1
1
1
24
1
82
1
1
1
1
8
1
1
1
111
2
1
38
1
3
1
18
2
17
1
3
72
1
1
1
1
1
71
42
6
1
261
1
1
2
15
1
1
4
1
10
2
3
82
106
4
4
17
4
1
1
1
3
2
5
1
28
1
1
1
40
8
1
5
3
1
1
1
5
6
3
1
1
9
1
1
157
1
3
1
25
6
1
1
1
5
2
45
2
1
9
16
12
1
3
1
15
1
1
2
2
1
1
1
2
8
1
1
1
18
1
1
1
2
4
1
11
1
4
11
1
5
1
2
2
1
1
3
2
1
9
1
1
1
2
1
2
4
1
2
1
1
2
1
3
1
17
1
2
2
1
6
1217
2
1
79
1
3
5
1
1
1
2
1
1
4
21
4
1
1
1
1
37
1
5
1
2
5
1
7
584
10
80
1
2
1
2
1
9
5
1300
1
1
1
1
3
2
15
1263
3
224
1
1
3
1
9
1
1
1
1
1
1
1
1
9
1
137
1
3
1
5
2
1
34
1
1
1
1
1
1
21
1
1
3
235
1461
55
3
1
2603
8
1
1
2
4
1
1746
1
2
5
3
3
16
1
1
4
1
1
4
2
1
1
1
3235
37
1
1
1
4
5
4
6
2
1
2
6
1
592
19
3
4
1
1
3
1
3
1
659
10
24
1
1
1
32
7
4
4
1
2
1366
21
185
7
1
2
2
1
1
18
1
1
1
12
1
2
1
1
1
2
1
41
1
1
1
2
178
4
3
1
5
10
12
4
982
1
3
43
1
1
2
2
1
2
8
6
2
1
1
11
3
3
9
210
6
1
509
1
4
2
1
2
226
2
710
34
2
1
42
2
113
4
2
10
1
3
7
5
1
1
1
1
2
1
2
1
2
10
1
3
1
1
24
1
1
10
15
1
8
8
452
1
1
1
1
2
42
7
1
66
3
1
118
1
1
1
1
1
11
8
22
461
1
4
11
76
63
1
43
3
1
1
4
1
1
6
1
1
1
21
19
1
1899
3
35
1
1
4
6
2
5
2
1
1
4
1
1
1
467
1
1
3
1
1
1
1
1
5
7
11
2
1
21
2
1
3
4
1
1
1
1
2
4
6
1
2
1
3
1
1
5
2
1
1
1
1
174
1
1
2
1
3
1
3
3
1
1
1
15
1
3
9
1
1
1
1
13
1
30
1
2
1
6
13
1
1
1
2
3
1
1
20
1
1
1
1
2
1
4
2
1
1
12
7
1
4
3
1
4
8
1
1
2
3
1
615
1
4
1
1
1
6
1
1
2
1
1
144
582
1
1
1
1
1
12
3
15
1
232
2
9
1
3
21
88
1
1
1
17
4
7
1
1
1
3
2
38
2
1
1
1
1
15
1
215
1
2
13
1
1
9
1
1
13
4
1
1
1
1
32
1
7
10
6
53
7
1
1
1
2
1
62
1
1
2
1
1
18
4
4
9
1
1
1
6
49
2
1
2
3
1
7
93
1
6
1
1
2
1
1
1
1
3
4
6
1
20
2
2
2
1
1
3
1
2
3
61
11
2
1
1
4
8
2
10
1
1
5
31
21
5
23
1
3
1
6
1
2
1
1
3
1
1
1
1
5
13
1
6
1216
3
6
1
1
6
1
1
13
2
47
856
1
1
1
2
1
1
6
22
1
1
1
59
2
1
1
1
1
1
11
1
1
2
1
1
1
6
124
6
69
4
1
19
1
4
13
1
1
1
1
2
2
2
1
1
1
1
2
1
7
7
1
31
4
20
1
22
3
1
1
9
1
14
1
5
1
1
2
2
1
1
5
2
1
1
1
1
1
13
2
560
1
1
1
1
21
26
2
3
1
2
1
4
1
1
164
9
13
1
3
2
4
1
1
1
1
1
379
2755
1
15
2
1
1
1
1
1
1
1
1
10
2
1
1
1
3
1
1
1
1
1344
1
1
1
1
1
2
428
5
1
2
1
1
1
1
1
1
2
1
6
1
12
1
2
12
1
1
1
2
1
1
1
9
1
18
1
1
81
4
1
1
3
5
2
68
1
2
1
1
3
3
1
1
2
1
1
41
1
2
1
119
1
1
11
1
20
2
1
13
1
1
1
1
24
26
1
2
1
1
1
3
1
11
2
1
2
2
953
1
11
8
2
2
1
1
1
2
4
2
1
1
1
20
2984
2
1
12
4
2
10
1
2
3
3
4
6
1
1
3
9
30
13
10
1
19
2
2
1
1
2
1
1
98
1
1
1
1
1
1
5
360
2
1
4
1
2
1
5
27
8
319
1
3
3
1
1
1
2
1
63
1
46
1
2
1
1
2
2
1
4
1
21
36
1
3
1
1
2
1
3
2
12
246
1
1
3
1
1
7
1
1
1
4
1
1
10
1
8
1
21
6
1
646
1
4
7
13
1
19
1
1
3
92
183
3
644
1
68
3
1
8
475
2
1
13
2
1
1
1
5
25
1
5
1
1
1
1
1
1
4
53
1
1
5
1
1
1
29
160
1
12
1
1
22
1
1
5
24
1
4
1
18
3
2
4
1
1
1
1
1
