54
6
216
58
13
244
56
3
6
13
6
16
12
41
4
7
5
3
18
7
51
1
3
129
2
8
9
8
6
17
2
156
74
4
4
1
38
60
86
17
2
13
2
42
14
32
30
2
3
3
18
137
12
1
1
177
2
6
6
5
15
166
9
132
43
2
3
43
2
6
9
39
7
27
129
3
2
65
2
26
10
1
1
10
3
116
1
128
2
78
3
15
10
2
165
15
14
24
16
9
125
44
14
3
18
7
4
4
47
3
20
1
5
8
16
61
10
1
1
11
34
53
162
88
2
17
22
16
9
4
93
5
5
29
21
7
47
5
11
4
25
20
52
1
3
8
1
15
60
16
9
4
8
55
62
24
52
149
11
2
1
42
2
33
2
5
7
77
43
3
67
34
194
6
11
4
20
1
19
7
13
2
2
10
7
111
158
16
4
5
18
1
10
31
80
2
27
3
2
2
17
18
15
10
18
7
1
102
5
7
207
8
15
69
9
8
22
10
14
15
50
4
11
38
3
10
4
5
1
1
113
86
1
2
3
3
6
31
49
23
86
5
14
71
2
14
11
8
14
21
4
9
7
3
5
1
30
3
9
2
8
17
2
32
17
10
2
2
100
19
13
3
35
1
3
23
12
4
3
127
4
2
4
5
7
24
195
3
2
2
22
11
8
12
16
16
1
11
3
3
8
3
42
3
98
13
27
1
5
36
50
52
10
100
12
5
5
20
1
42
21
15
133
7
7
7
6
14
6
14
6
8
47
4
22
12
11
3
18
1
3
24
53
23
12
6
17
1
35
11
10
54
1
29
47
1
15
3
24
3
19
3
2
1
10
12
22
2
2
4
17
34
38
1
39
64
49
12
8
3
1
83
2
11
3
73
1
107
117
5
39
41
4
1
14
6
15
3
3
13
1
10
31
7
8
126
18
9
73
3
2
2
1
56
1
153
43
15
17
17
3
17
35
10
4
3
1
6
37
11
1
12
7
