3
2
5
6
2
2
1
1
1
3
1
14
5
22
10
3
28
1
8
3
1
8
5
16
7
8
10
49
1
2
2
7
1
3
10
6
3
12
24
1
1
89
10
2
2
7
3
7
31
3
4
28
1
5
2
3
24
1
1
8
8
11
1
3
15
4
43
3
214
4
37
6
4
4
23
2
2
2
22
5
7
2
57
23
2
29
1
5
2
2
16
6
10
1
4
12
1
4
3
2
3
3
12
1
12
5
11
5
46
3
1
80
7
7
1
8
4
67
2
2
93
12
1
7
7
2
7
15
3
7
29
16
5
5
1
9
29
82
2
2
8
1
1
15
2
1
7
3
2
4
10
1
2
5
7
1
51
4
2
3
2
16
2
7
10
10
41
14
2
18
188
27
1
2
2
17
3
8
14
1
1
2
20
62
82
22
4
6
1
1
1
2
22
20
10
2
38
3
2
5
1
4
24
1
2
4
1
2
10
14
2
52
1
18
13
2
14
28
6
17
3
1
16
2
12
2
3
4
2
2
1
2
25
2
1
6
9
35
1
7
51
57
11
1
1
1
11
4
10
8
2
19
2
75
3
1
45
2
5
48
7
24
1
3
1
2
1
11
91
4
24
19
15
7
1
9
4
17
12
2
4
1
2
6
2
12
12
34
9
1
9
41
2
3
1
10
1
1
5
2
9
3
78
2
13
23
4
4
34
2
4
49
1
7
1
5
4
3
9
2
4
3
21
16
1
3
5
5
2
2
4
2
3
63
6
2
97
10
23
18
26
82
20
1
8
38
4
5
5
23
3
21
11
2
24
3
2
5
19
3
2
3
2
32
86
2
28
6
7
4
36
2
9
11
3
4
1
13
1
3
10
5
2
4
1
2
6
15
14
127
9
1
51
4
56
18
3
47
1
2
1
1
11
1
5
3
3
2
76
70
1
8
15
11
1
5
16
2
2
1
4
7
11
1
1
16
43
2
2
11
9
10
1
4
1
17
6
2
12
4
1
2
2
2
5
24
2
5
2
3
18
6
1
14
5
3
2
22
15
81
19
2
4
9
24
3
6
1
4
2
2
2
5
8
2
1
1
16
11
2
1
5
1
1
6
8
10
3
1
3
5
6
6
2
2
4
4
4
13
2
4
3
2
28
44
1
6
8
44
14
4
5
4
4
2
10
3
1
21
15
6
1
1
1
9
3
1
2
24
4
1
16
10
1
1
4
1
8
3
1
1
41
1
1
1
11
26
5
1
17
10
17
32
1
31
6
3
3
5
2
6
55
5
7
5
1
1
2
2
1
30
13
4
1
1
5
4
12
3
2
1
2
8
12
1
5
1
11
2
9
1
1
24
3
11
3
6
1
2
6
2
1
25
3
4
3
4
2
16
34
3
1
1
19
2
1
13
6
1
1
2
2
1
4
4
14
15
1
1
4
7
17
1
4
3
51
7
1
2
5
12
2
72
2
20
1
8
15
26
1
1
13
1
2
67
9
31
21
2
1
3
2
26
44
2
4
13
1
4
3
1
3
1
4
1
2
3
6
3
4
6
2
41
6
7
1
1
9
5
1
31
4
22
2
10
1
30
15
10
1
3
4
17
2
87
5
60
3
11
1
7
1
46
1
1
11
3
2
4
39
8
47
5
17
7
93
1
3
4
4
1
2
2
4
10
2
13
14
7
8
2
98
5
10
89
4
1
19
4
2
1
34
1
239
15
24
5
7
10
2
1
32
2
4
6
22
3
52
1
3
2
2
3
3
4
2
1
4
5
6
17
7
3
1
3
4
23
25
2
25
1
8
21
10
4
1
21
8
5
1
1
2
38
16
89
4
4
11
1
8
11
10
1
2
15
1
17
7
10
75
15
5
1
1
3
36
4
20
77
3
7
4
1
11
3
13
66
10
4
1
31
30
4
2
5
5
35
5
1
12
3
4
3
2
10
1
43
3
1
1
2
33
6
1
1
1
15
87
4
5
6
3
13
19
20
4
6
2
78
2
7
5
5
1
16
1
10
2
13
1
5
13
30
8
1
19
11
1
22
14
6
3
29
5
19
1
1
12
2
56
10
10
3
2
7
1
1
11
4
1
2
1
7
2
1
1
3
20
6
44
4
11
8
5
58
53
2
18
7
2
16
6
4
1
8
4
9
3
70
1
1
49
3
2
2
2
19
2
5
10
1
21
5
35
2
2
12
3
4
8
3
1
2
5
1
12
8
37
16
15
2
2
52
23
3
3
9
54
7
6
10
31
4
4
11
10
6
16
36
6
1
1
2
14
18
7
1
2
11
1
1
8
14
6
1
11
2
1
1
2
8
4
3
11
12
4
19
8
7
249
11
1
1
3
13
4
34
5
31
25
2
3
3
2
2
3
2
2
20
6
5
1
3
33
4
10
11
1
3
1
5
6
3
20
28
11
1
1
5
74
2
4
23
2
17
3
4
5
24
8
2
19
21
34
1
50
2
17
2
6
2
13
10
4
1
4
17
1
12
2
1
35
23
10
4
20
1
3
2
12
6
68
3
11
2
33
1
2
2
1
9
4
14
5
16
2
2
42
13
1
4
2
46
1
3
23
3
1
20
6
17
55
3
15
1
12
1
1
18
6
12
3
4
10
1
1
2
14
3
2
5
91
5
21
27
1
17
7
3
13
12
6
1
1
14
1
6
2
6
36
3
4
2
3
1
66
1
6
17
2
13
9
15
21
9
26
3
1
22
4
7
3
12
3
13
5
78
2
3
9
11
8
7
8
32
6
10
32
1
2
3
4
7
9
6
5
37
3
8
4
4
1
18
9
16
2
2
6
11
43
4
8
4
2
1
7
4
23
11
1
1
2
1
5
1
4
2
3
2
4
6
8
51
2
1
8
3
1
57
3
3
1
65
22
65
7
4
9
11
4
4
9
1
2
10
1
6
7
2
31
42
3
5
4
31
1
2
1
7
4
38
2
5
1
1
3
8
5
5
4
3
1
2
3
36
1
1
12
7
1
18
2
8
1
1
10
3
2
1
2
93
19
2
3
11
4
53
4
9
64
13
5
1
3
1
2
1
3
3
1
4
8
13
3
