1
17
5
1
4
5
9
18
3
4
14
31
3
10
1
3
4
6
19
2
2
2
2
2
2
5
5
9
1
1
3
1
2
15
2
1
1
1
3
1
13
7
39
7
1
4
5
9
40
2
1
2
20
2
3
1
4
7
3
15
3
1
4
11
19
47
3
5
2
4
62
2
2
12
1
1
1
1
1
1
1
11
1
6
1
1
1
7
1
3
9
4
31
16
8
3
2
2
6
2
6
4
3
1
1
1
1
1
2
1
1
11
2
17
1
1
3
1
1
1
25
3
4
3
5
6
3
5
2
7
22
1
2
2
53
4
34
2
1
5
15
14
4
4
1
1
4
2
3
1
2
4
6
27
1
1
13
70
10
2
3
6
3
18
2
30
2
4
4
2
7
5
4
1
52
9
5
1
2
2
5
4
5
1
14
2
2
10
1
5
7
4
5
15
2
2
5
1
22
2
4
1
13
2
17
1
1
4
1
1
19
3
2
1
53
2
2
3
1
2
2
7
2
4
4
25
3
1
2
2
6
2
3
35
6
2
2
4
15
1
1
22
6
1
1
1
5
2
30
13
12
2
10
25
1
8
2
5
5
5
21
11
5
1
2
18
11
10
1
16
1
12
1
2
7
10
10
5
3
3
7
2
1
2
7
11
21
4
8
6
3
2
12
2
2
29
26
5
2
1
3
2
10
2
12
1
8
1
5
20
2
23
3
15
2
28
1
1
4
1
2
1
8
13
4
6
4
1
3
9
3
1
4
3
1
3
1
2
1
8
1
2
4
5
26
1
4
5
1
2
1
6
9
2
4
1
2
3
16
4
8
7
2
1
13
4
1
1
2
6
1
2
1
15
4
11
2
4
2
1
1
5
14
1
4
1
4
4
1
5
1
1
1
1
2
9
17
1
2
1
4
1
1
2
1
1
2
2
2
4
1
1
1
7
1
3
17
7
40
13
16
1
1
1
2
7
21
17
7
11
2
19
8
3
2
1
6
9
4
5
1
2
1
4
17
4
7
1
6
9
2
1
1
8
3
2
2
5
1
30
4
1
3
2
6
4
13
3
1
2
3
2
1
29
1
7
1
1
2
1
1
3
1
5
1
1
27
9
3
6
1
1
1
1
3
8
5
5
4
1
3
3
1
5
2
31
1
5
4
8
2
1
5
6
5
5
16
1
1
3
1
1
1
1
3
1
2
5
3
1
21
1
2
7
1
1
6
3
31
2
1
1
3
1
5
7
1
6
2
5
3
4
2
5
1
1
2
5
36
5
2
9
5
2
1
5
3
3
1
8
4
1
1
4
15
11
1
3
1
5
1
5
1
2
4
1
11
21
20
1
1
6
2
11
2
1
1
2
1
1
1
1
3
1
1
1
25
2
2
23
1
7
2
16
11
10
1
1
2
10
1
10
7
1
8
8
4
3
1
2
2
1
10
1
4
2
25
2
5
11
1
8
2
5
1
1
1
2
1
2
8
16
1
5
32
9
2
6
1
4
5
45
14
9
24
5
1
1
2
1
1
5
3
1
1
4
10
5
2
13
1
1
4
2
5
7
2
2
1
1
1
2
5
12
1
1
7
1
3
3
3
13
2
7
6
4
1
2
1
3
5
1
1
8
1
43
4
1
4
4
2
1
5
3
1
3
10
1
2
7
1
2
29
6
1
12
6
6
8
9
2
3
2
19
1
6
3
1
3
2
2
1
1
5
19
1
3
10
5
2
15
14
24
1
5
19
1
36
1
2
1
1
1
8
2
3
7
24
1
1
15
1
3
1
2
4
4
14
5
1
5
15
3
3
5
2
2
3
2
1
7
2
2
8
19
1
1
2
3
26
1
2
17
3
1
1
7
2
5
3
5
4
51
1
8
1
2
4
2
3
5
3
2
4
2
6
5
1
2
1
2
2
2
2
2
3
9
5
3
5
6
13
6
9
3
3
1
6
7
2
7
10
3
1
1
38
10
1
16
3
15
5
4
2
1
4
1
6
1
1
14
34
8
5
1
4
3
2
62
1
5
9
27
1
2
5
5
64
1
1
7
2
6
1
1
5
14
1
1
1
10
3
1
2
12
1
2
5
2
17
7
19
6
5
1
4
2
1
2
3
1
1
2
3
1
5
1
9
8
8
1
1
18
1
1
4
3
2
1
1
3
3
2
9
2
18
1
5
10
2
1
3
3
13
3
7
4
8
11
2
3
4
1
1
2
3
2
5
2
5
7
1
1
2
19
1
8
1
5
5
3
7
9
4
6
1
4
13
12
6
1
10
1
3
9
22
3
2
1
2
6
2
24
1
4
1
2
3
1
6
10
2
1
4
1
14
1
21
11
1
1
42
2
1
2
2
1
2
1
1
4
3
3
31
1
2
2
3
2
1
2
21
3
7
1
1
6
2
3
20
5
2
3
2
1
10
3
1
11
2
1
7
1
1
2
2
1
3
1
5
40
3
2
6
6
4
12
22
6
1
1
5
5
1
65
9
3
1
10
10
15
1
15
1
6
6
1
2
2
2
8
1
5
1
2
2
1
4
10
3
1
25
12
5
13
1
4
2
2
5
7
22
1
5
11
1
1
6
6
4
8
4
6
7
1
6
3
4
2
1
1
1
22
2
1
1
4
9
4
31
1
2
2
1
23
6
18
4
4
2
4
2
2
10
2
3
3
9
17
6
3
4
1
2
32
1
2
64
4
3
1
4
2
2
1
6
16
1
4
2
3
22
4
4
10
22
4
1
2
1
3
8
4
2
3
1
6
3
4
2
8
2
10
2
2
4
2
23
3
2
28
1
1
1
39
4
4
1
7
3
2
5
5
3
9
3
1
14
1
2
2
10
1
4
1
18
2
9
17
2
12
5
25
7
3
3
8
3
4
13
1
6
1
1
1
1
2
3
7
3
1
1
13
4
1
3
6
6
10
2
15
1
4
10
1
21
3
3
1
9
2
5
6
1
10
2
3
5
1
4
9
2
1
1
2
2
1
5
1
3
10
1
2
13
6
28
1
3
2
2
20
3
7
2
3
27
2
5
11
4
3
1
1
1
1
1
2
2
2
23
1
13
1
22
4
15
3
2
2
5
4
8
26
3
4
3
4
1
1
4
2
2
1
2
2
11
4
14
4
6
1
2
1
1
3
20
27
3
3
1
1
1
1
2
8
1
1
61
4
1
4
1
2
2
28
24
34
16
20
5
1
2
2
3
3
1
1
3
4
2
3
5
7
1
8
8
2
2
25
5
6
2
8
1
7
1
3
2
1
2
5
1
6
1
12
5
1
2
8
21
14
10
1
15
7
2
3
3
13
5
3
2
2
3
11
5
9
5
1
2
2
1
5
4
10
3
4
2
1
8
1
2
1
1
11
7
1
1
3
1
1
32
2
1
2
1
4
28
12
2
75
3
1
1
21
2
4
11
3
1
43
2
1
2
4
1
3
1
3
2
7
3
1
15
16
5
2
1
10
7
4
2
1
7
2
2
5
2
6
3
3
14
1
2
1
16
2
1
4
3
2
9
2
1
2
2
6
5
1
19
2
2
3
1
4
1
1
2
1
1
6
1
2
1
2
1
8
2
7
1
3
28
1
2
1
1
12
2
11
1
1
1
27
8
2
1
1
5
8
11
3
2
21
2
11
5
8
3
3
5
5
5
1
7
12
5
1
8
1
1
1
3
5
26
7
24
3
2
1
3
4
3
2
3
14
27
5
29
2
12
5
1
1
3
3
24
2
2
2
2
1
3
10
3
4
3
2
1
1
3
1
6
6
10
5
3
6
1
3
10
9
1
1
1
4
1
3
5
3
1
2
2
1
17
4
10
35
1
11
14
2
3
1
4
1
1
5
3
1
2
4
2
2
24
1
4
1
5
1
6
8
10
8
2
1
2
2
8
7
11
2
6
7
4
1
2
11
2
6
3
1
60
6
4
1
2
5
1
1
3
2
3
5
13
2
3
7
1
11
4
2
1
8
9
14
1
1
5
7
4
12
12
1
2
40
2
7
2
3
9
9
4
2
6
1
1
1
3
1
1
1
3
2
14
1
1
3
2
2
1
6
4
1
28
4
3
2
11
1
23
2
1
6
3
3
1
2
16
2
14
6
14
1
56
10
1
54
1
5
5
3
1
1
4
4
8
4
1
9
30
1
2
1
27
1
4
2
9
1
20
2
1
1
2
2
11
2
8
3
6
1
7
7
8
2
2
10
3
1
1
4
1
2
11
2
2
24
1
1
1
3
2
6
2
1
2
3
4
6
1
1
9
11
4
2
1
28
13
2
9
9
5
10
12
32
4
1
3
2
1
2
3
38
2
1
2
5
1
4
1
4
1
5
1
14
4
3
2
2
2
2
5
1
6
5
2
6
7
2
12
1
4
47
3
6
1
3
1
2
3
2
5
8
19
3
11
8
28
1
1
1
1
5
1
1
10
7
12
2
8
6
3
4
34
1
3
2
24
3
1
1
1
6
2
7
5
1
11
12
5
1
1
2
1
1
2
23
2
1
1
1
3
4
2
21
5
3
8
1
2
15
29
11
28
1
1
4
3
6
22
1
10
12
12
15
13
2
9
1
1
1
9
2
2
1
1
2
3
11
4
4
17
1
1
20
7
3
1
11
47
5
1
9
14
5
1
33
2
5
4
2
1
17
1
3
2
5
1
5
29
2
35
1
2
4
14
33
2
11
32
2
21
61
1
1
19
20
9
4
1
1
2
19
1
2
25
15
1
7
4
2
20
1
10
52
4
8
14
5
2
1
9
12
1
23
1
6
3
7
4
3
18
1
6
1
28
2
3
18
4
6
2
1
1
2
1
6
5
1
4
4
1
25
2
25
8
4
4
4
1
1
14
1
2
1
4
2
3
2
13
1
4
4
1
1
10
1
2
1
1
2
23
3
26
7
16
1
5
1
3
3
9
1
1
2
1
2
2
3
8
15
2
6
3
1
2
22
12
2
18
1
34
2
2
6
9
8
3
4
7
30
1
5
10
1
9
21
1
2
1
6
21
2
4
6
2
5
1
1
17
8
5
7
1
2
1
1
2
2
2
1
16
4
12
24
7
12
9
1
3
20
1
2
1
6
2
5
4
6
1
3
13
1
16
1
3
1
1
1
1
6
7
2
7
1
3
7
3
1
4
1
5
4
1
5
1
1
2
4
1
3
1
1
4
1
9
14
4
5
3
31
5
1
3
1
11
1
1
20
2
3
16
1
31
1
4
1
2
4
2
27
1
5
10
4
1
1
2
8
17
1
1
2
1
19
2
11
2
3
11
9
5
1
18
5
5
1
5
1
17
5
2
9
5
18
11
1
10
1
1
25
12
14
1
1
1
2
21
1
7
14
2
1
11
2
1
2
4
1
15
4
1
1
8
5
1
6
4
1
1
3
1
15
1
4
1
14
48
3
23
15
44
5
9
26
4
6
5
1
1
2
3
5
3
3
4
4
5
1
2
2
15
15
1
1
1
1
4
3
2
1
5
3
14
3
1
1
2
2
1
7
6
34
3
1
2
2
10
28
2
3
6
1
1
3
1
2
14
8
5
1
3
2
3
1
2
3
3
11
7
1
10
21
2
2
2
2
1
3
1
1
9
1
2
1
2
1
9
19
3
1
9
2
20
12
2
13
1
2
15
35
3
1
1
20
1
5
9
21
1
1
8
4
2
1
6
3
3
3
1
1
1
8
2
66
3
12
2
1
3
9
1
1
3
5
1
29
4
4
35
15
32
2
4
1
3
1
6
3
1
20
4
1
1
2
23
1
1
11
1
3
11
1
19
15
2
18
32
1
5
9
5
2
2
1
27
2
2
24
1
6
11
1
1
1
3
1
3
2
3
27
2
3
7
32
2
1
3
3
2
4
12
1
21
1
3
1
10
5
2
12
1
28
1
6
9
1
5
2
6
1
6
2
1
4
1
45
2
54
2
26
1
1
26
2
4
1
14
2
12
3
3
1
2
8
14
28
1
8
39
1
3
3
1
1
1
7
5
4
6
4
4
7
14
24
20
2
1
4
2
14
9
13
5
1
1
8
1
1
1
11
3
6
5
3
15
2
7
1
1
6
4
11
4
1
1
4
7
5
4
2
8
5
21
3
8
4
1
1
2
5
8
16
9
1
4
6
4
4
18
5
10
20
4
13
3
1
1
2
4
2
2
8
20
1
3
6
1
5
18
2
3
2
2
8
1
1
2
2
2
3
16
20
3
1
1
1
42
6
6
2
2
4
4
1
17
31
11
2
8
1
8
16
1
16
10
15
5
15
4
3
3
5
1
1
6
1
11
6
2
4
1
1
1
2
3
4
4
1
5
5
5
14
5
37
3
3
10
9
8
3
36
2
2
7
1
16
1
1
1
1
7
1
5
16
9
2
3
8
2
1
1
6
1
2
2
2
2
3
2
2
1
3
2
2
14
19
2
12
1
1
3
5
2
3
6
9
4
9
1
14
2
7
1
11
6
1
3
1
2
17
2
2
60
3
5
13
2
1
2
1
2
5
