11
4
1
13
35
1
5
1
23
29
9
2
7
2
6
1
63
3
1
4
1
16
3
2
4
9
2
1
26
12
2
9
14
5
2
13
1
1
58
4
2
3
11
3
1
79
8
1
12
10
9
1
3
2
1
4
2
13
4
12
15
2
14
1
3
2
1
2
20
1
5
5
11
4
1
12
1
1
7
1
1
5
5
38
8
28
4
2
2
1
53
8
15
9
55
3
9
2
2
16
1
1
2
31
28
9
1
2
1
1
1
2
5
8
55
1
4
2
4
5
1
2
3
3
2
22
12
10
1
1
26
1
10
1
9
4
2
1
1
8
7
11
1
6
68
7
14
5
25
6
1
2
9
1
3
1
2
1
8
13
2
1
2
1
1
9
8
1
8
13
2
1
2
3
1
1
2
4
17
11
5
2
5
1
30
4
4
1
2
1
5
13
2
32
8
1
5
1
3
6
6
5
1
15
10
18
3
5
3
1
3
4
3
3
9
4
18
2
1
1
4
1
4
6
2
3
1
15
6
8
24
6
1
1
2
32
3
2
4
17
3
70
2
3
19
1
5
1
3
9
1
2
4
1
6
4
169
8
1
1
3
19
31
20
1
5
5
12
4
11
4
1
3
3
5
3
10
4
1
6
6
2
9
2
1
1
17
6
6
2
6
4
2
13
2
5
13
1
5
2
6
2
3
4
1
1
2
1
2
6
85
18
76
61
2
17
1
6
9
3
2
1
2
2
8
4
4
37
4
1
1
3
8
19
15
37
5
2
1
8
18
1
18
1
2
1
4
20
8
1
4
1
28
3
2
7
8
3
1
2
4
3
2
2
2
11
6
1
2
16
1
1
10
18
3
1
7
12
31
1
13
17
1
2
52
12
26
74
1
2
1
2
2
3
6
1
1
7
1
3
2
17
22
1
60
3
1
9
19
1
4
5
4
99
1
1
2
1
1
2
2
1
8
1
1
5
1
2
2
1
1
3
3
23
13
4
9
1
6
28
10
1
1
20
1
2
1
2
2
1
1
46
10
3
4
10
4
22
22
4
6
5
4
1
5
21
4
6
2
1
5
1
1
10
4
8
1
4
1
6
12
13
11
10
12
3
3
22
2
2
3
1
2
9
1
2
2
2
3
4
2
1
4
1
2
8
1
1
5
2
1
3
2
3
1
18
1
2
3
19
14
5
10
4
1
11
2
2
1
8
1
21
7
9
6
2
3
17
2
7
3
5
2
2
4
5
2
1
1
31
2
1
21
1
4
5
8
6
1
1
2
2
18
1
101
3
6
9
19
23
3
4
1
2
14
2
2
1
1
1
2
14
9
1
5
1
2
20
3
2
1
9
5
3
9
2
1
1
3
20
7
6
18
3
2
15
15
1
4
5
1
4
4
1
3
13
4
2
3
6
4
5
1
7
2
2
1
3
7
3
4
1
88
1
19
8
5
3
5
2
8
1
4
2
2
2
9
10
2
1
3
1
1
12
1
1
1
8
2
2
1
1
4
83
22
1
4
1
3
1
11
3
8
10
2
4
1
12
1
3
21
4
2
1
9
3
7
2
12
9
6
16
2
7
1
6
5
1
1
29
16
9
10
1
4
3
17
4
2
1
1
4
3
2
5
5
18
5
12
8
12
4
3
2
7
2
2
1
4
2
4
3
1
1
5
1
8
7
2
5
1
3
22
4
2
1
2
1
2
47
14
1
2
5
13
4
2
4
12
3
2
6
8
1
3
1
21
3
2
22
2
7
7
4
2
1
19
1
22
21
3
5
22
20
3
3
2
3
15
2
4
1
1
1
1
8
1
2
12
11
4
3
5
10
4
5
9
7
2
5
9
2
7
4
1
6
4
3
25
4
11
3
3
1
2
12
3
5
2
5
2
2
2
18
5
4
10
3
9
14
6
4
1
7
10
1
1
1
2
7
2
10
2
2
1
1
94
2
2
1
8
7
2
1
1
9
1
5
2
5
10
1
2
1
5
1
2
3
6
1
13
12
2
1
8
1
5
4
1
1
3
12
37
1
40
23
5
4
3
2
2
18
10
2
2
1
10
5
10
13
4
2
1
31
9
136
1
2
4
11
2
2
4
5
9
2
1
7
1
15
1
6
1
2
2
1
147
2
4
1
3
1
8
15
1
9
12
8
10
1
1
13
3
1
3
1
13
3
34
10
1
2
2
1
13
2
5
9
16
30
6
2
3
21
9
2
3
2
2
5
3
3
1
2
13
3
2
1
4
7
1
35
1
8
1
1
1
5
2
1
4
34
8
3
4
6
6
3
1
6
4
2
17
2
1
1
9
19
1
2
7
6
2
8
1
3
2
18
2
8
11
37
1
12
4
9
7
6
9
4
1
2
1
4
10
2
8
8
2
1
3
1
5
2
2
8
1
18
12
5
1
17
1
7
2
2
3
1
1
17
4
12
1
3
14
2
13
11
9
1
36
4
9
1
1
2
3
3
2
1
1
6
1
6
4
2
1
16
6
18
3
1
1
1
1
10
3
5
1
8
1
1
6
1
1
2
4
2
4
1
1
20
3
1
1
1
3
1
4
1
3
2
1
14
3
20
1
2
1
5
1
5
1
20
1
1
2
11
5
14
18
22
21
8
4
3
1
3
9
1
4
1
8
32
4
1
8
4
6
4
12
6
1
1
2
1
3
2
7
2
5
4
3
1
118
15
11
2
9
1
2
1
4
45
7
1
2
1
10
3
7
3
1
4
5
10
1
1
6
2
2
19
1
1
6
32
2
1
1
2
1
2
26
1
3
8
23
8
2
1
33
2
4
4
34
18
1
14
4
15
3
3
2
1
11
4
3
5
22
2
1
1
2
1
2
5
2
152
5
7
1
3
1
1
2
7
2
2
30
39
10
2
1
4
1
8
19
2
5
4
2
6
6
4
23
3
5
4
1
14
4
29
8
1
5
12
2
3
3
3
3
14
14
4
1
1
83
2
2
10
1
1
2
7
1
7
4
4
3
1
2
1
4
1
4
1
7
5
4
2
14
1
14
8
1
5
2
8
1
27
2
3
3
2
6
3
1
1
2
6
11
87
26
2
1
5
4
2
1
2
18
6
4
1
2
11
8
1
1
3
2
3
4
16
4
5
2
2
4
16
7
1
26
23
1
6
2
1
1
1
1
1
4
2
1
9
3
18
10
2
47
1
1
8
3
1
6
49
1
1
13
3
2
2
1
3
1
5
5
4
3
1
3
7
10
13
1
13
1
53
3
3
98
1
6
14
7
1
8
3
4
3
3
3
1
1
13
5
28
3
2
3
1
19
6
6
2
2
2
22
1
2
1
1
1
3
2
19
1
6
4
1
8
2
3
1
4
4
1
9
1
1
12
10
1
7
6
1
2
2
3
1
4
9
16
10
10
3
4
16
12
1
15
2
1
1
3
1
8
1
44
8
20
8
1
7
4
3
5
6
10
5
4
4
11
1
4
18
6
1
4
11
3
9
2
4
4
48
2
1
2
15
8
9
23
1
33
4
1
1
2
1
6
1
13
1
8
3
2
2
8
10
3
6
1
1
14
1
19
5
1
6
11
11
1
19
5
1
9
7
2
2
2
6
12
6
4
10
49
2
10
3
2
3
6
2
5
38
5
13
8
23
1
14
5
4
3
2
21
3
3
1
1
18
2
13
1
7
2
3
48
9
1
2
2
2
12
22
1
7
5
1
1
8
2
4
3
1
8
1
5
2
1
5
3
29
3
1
1
1
4
1
2
1
2
5
3
2
2
1
22
23
30
1
1
2
41
3
14
65
2
29
2
17
1
1
1
2
8
15
1
2
14
10
34
2
1
18
83
7
2
1
6
22
1
1
26
1
20
2
1
36
6
4
1
1
2
7
2
6
7
6
2
97
6
3
11
1
23
10
2
2
4
1
6
15
1
20
13
2
20
1
2
1
8
1
11
2
1
1
2
3
4
1
1
19
5
5
7
5
1
11
1
1
3
3
6
1
4
18
45
3
5
2
11
7
2
2
2
5
5
26
2
25
7
6
1
5
1
2
2
44
1
91
1
7
2
1
4
3
2
1
8
35
2
6
1
3
1
9
2
1
36
3
2
4
4
1
14
5
1
3
2
2
4
1
8
7
3
2
5
2
5
1
1
12
9
9
2
7
14
4
6
8
4
4
4
1
1
5
3
2
3
1
2
1
2
5
1
9
1
1
1
2
1
3
1
4
3
4
7
6
1
1
20
1
1
8
3
13
1
2
1
6
34
6
6
6
22
2
5
6
1
14
4
1
2
10
12
1
1
2
3
5
6
5
55
6
1
7
1
2
10
19
7
7
13
22
9
1
5
2
11
1
2
7
5
3
1
14
1
2
1
1
2
9
1
59
2
1
8
6
1
7
2
7
3
2
1
2
22
2
1
1
26
10
11
3
5
1
54
17
8
3
1
8
6
1
3
8
1
1
7
2
3
1
5
6
1
2
11
1
1
1
1
5
5
4
5
1
10
3
17
11
3
9
11
3
1
12
12
1
16
65
14
1
18
2
5
2
3
2
1
14
5
5
7
137
1
1
11
10
2
5
2
27
2
23
15
3
1
6
1
37
4
9
5
4
1
1
3
8
1
2
21
6
6
1
6
2
20
2
7
9
9
4
2
8
1
1
2
6
5
8
1
2
2
20
6
4
5
1
1
3
1
1
7
6
1
2
1
12
3
2
4
3
1
2
2
1
1
2
12
1
3
16
17
3
4
2
1
3
8
2
14
1
4
14
24
14
9
40
5
7
3
2
1
2
10
7
10
4
1
13
2
4
1
3
32
2
1
2
5
20
1
7
2
1
2
1
1
2
3
82
4
9
4
6
28
20
1
10
1
3
7
3
2
1
1
2
2
33
3
8
5
4
1
2
3
1
8
1
1
6
6
2
1
4
114
1
8
35
7
1
3
1
1
2
3
2
29
14
5
7
7
3
11
4
2
6
7
8
5
2
2
1
2
3
11
2
4
2
2
60
2
2
19
1
1
1
4
5
16
4
1
6
6
10
2
1
8
8
3
2
13
13
23
1
2
5
29
1
48
1
35
1
2
1
6
4
14
17
22
6
86
24
9
1
3
1
5
2
1
2
2
1
1
1
16
1
2
2
6
1
11
1
27
2
22
27
5
1
3
1
8
1
9
22
1
1
26
6
25
12
11
2
1
8
31
11
4
2
29
15
10
3
4
2
3
1
1
4
1
1
5
5
1
32
1
12
6
67
3
3
7
3
2
9
14
4
9
5
1
2
1
1
20
1
2
1
1
3
1
9
3
3
1
3
18
2
17
1
10
4
7
4
1
9
2
5
11
9
16
4
25
1
14
1
1
7
1
3
36
2
7
1
3
2
13
1
8
3
4
2
7
133
1
1
39
2
4
1
5
1
14
6
10
10
7
1
7
12
21
9
2
3
4
1
2
4
1
2
16
2
4
6
1
3
10
9
1
1
32
1
2
2
3
17
2
1
1
9
2
53
3
2
13
4
1
13
1
3
5
1
2
19
2
3
19
6
6
11
1
1
2
2
13
1
1
1
4
6
5
82
2
174
9
1
1
1
1
2
1
30
9
8
13
7
3
2
5
1
4
5
3
1
5
4
18
1
16
32
2
2
1
5
15
2
14
1
3
16
3
1
27
1
22
2
4
6
39
22
3
6
1
1
1
11
3
5
5
2
5
1
2
6
12
2
4
7
1
1
21
6
2
4
3
18
13
2
4
2
1
1
3
1
1
5
3
9
3
1
3
23
1
1
1
2
5
1
3
1
6
2
1
2
2
1
4
41
99
6
4
3
1
1
8
5
25
33
6
4
1
1
6
12
2
1
2
2
2
6
1
1
2
6
5
6
31
1
1
1
8
14
1
1
7
9
9
2
2
1
2
13
10
17
20
11
3
20
7
10
18
1
2
3
6
2
2
5
7
2
2
10
1
1
6
1
3
5
1
24
5
6
1
4
2
1
22
2
43
5
16
11
49
3
2
1
15
2
1
5
5
3
2
4
1
15
3
3
5
2
3
9
5
14
3
7
4
3
1
1
3
11
3
5
17
2
9
1
1
1
8
1
4
2
4
41
6
1
2
1
8
1
2
4
3
1
2
9
1
10
1
4
3
2
8
2
3
10
11
2
1
17
4
1
11
21
1
8
50
1
9
5
3
1
5
13
4
2
1
3
1
1
1
9
1
5
52
3
1
26
1
31
1
2
8
2
10
1
4
22
1
2
16
17
6
12
2
8
16
6
1
7
3
5
19
46
2
2
2
11
3
32
2
3
22
26
2
5
1
3
8
24
1
2
2
2
2
2
2
11
3
8
50
5
6
27
4
1
1
6
16
10
3
3
2
7
1
4
5
6
6
1
11
13
7
14
1
1
3
52
6
4
1
1
7
1
3
17
1
12
1
1
22
53
1
30
1
11
5
38
37
25
1
3
9
43
4
6
14
18
3
1
1
2
2
9
1
2
1
3
9
2
1
2
13
12
4
3
5
1
3
7
1
1
2
2
1
11
2
14
2
7
2
6
1
2
2
1
1
1
4
21
2
1
2
29
3
1
1
29
2
7
6
2
1
15
7
1
4
4
15
3
22
1
5
5
19
2
57
34
3
88
12
1
26
2
1
9
1
4
3
1
8
15
3
10
21
1
16
1
3
9
9
29
6
14
141
1
3
1
13
6
18
2
6
1
2
1
4
7
1
1
15
14
1
2
1
12
8
3
2
3
17
18
3
22
2
3
14
1
5
2
20
3
2
1
4
2
7
4
6
1
4
7
27
20
6
3
2
31
25
2
4
12
7
70
1
3
86
3
1
2
1
2
1
5
4
8
7
2
3
13
1
10
7
17
1
5
18
1
6
2
3
5
12
6
2
4
14
18
7
10
6
15
3
2
1
5
1
1
1
5
2
1
1
12
7
63
1
11
1
1
5
2
2
5
1
9
1
4
4
3
3
16
6
1
1
20
1
3
6
5
1
6
2
2
2
1
1
3
1
2
2
26
4
7
4
1
1
16
6
2
16
5
3
11
3
3
10
4
19
16
3
3
2
1
1
4
2
4
9
1
109
2
3
3
9
2
2
1
2
1
1
1
1
7
18
1
4
4
1
3
4
3
20
2
3
39
6
2
1
2
7
2
55
4
4
7
32
1
2
1
10
28
1
3
1
1
1
2
11
1
10
7
2
5
2
10
1
22
2
1
2
6
56
4
1
5
2
1
7
1
2
5
5
1
1
2
5
1
3
1
6
4
8
2
58
6
1
2
20
2
3
4
1
5
7
2
2
23
25
2
35
3
4
8
27
15
5
2
24
7
3
13
1
10
22
16
6
12
7
1
4
4
1
10
1
1
8
1
1
8
9
9
2
17
2
1
13
5
8
2
15
3
11
5
2
5
28
31
2
9
2
1
1
8
11
16
6
2
7
5
3
2
1
1
7
5
2
5
2
2
1
14
4
3
2
6
12
2
1
4
2
5
1
9
1
11
7
7
4
11
2
1
1
12
19
1
42
3
10
1
3
3
3
3
1
29
1
2
6
25
4
2
9
9
1
9
22
7
1
1
2
1
4
3
2
11
3
6
3
6
11
2
10
2
3
6
33
8
6
8
51
3
1
1
1
1
3
1
2
2
1
2
2
2
1
1
2
32
3
1
4
22
2
18
1
3
11
1
8
93
1
7
3
11
19
2
4
1
1
3
12
1
7
1
22
3
2
1
1
1
1
7
17
1
20
8
4
11
1
26
8
6
4
5
5
3
1
3
2
1
1
1
12
2
1
32
8
6
2
1
13
2
11
2
2
7
28
1
9
4
2
2
5
1
3
4
26
9
1
3
4
24
15
1
2
5
3
6
2
9
8
17
7
7
3
5
67
1
7
4
46
1
1
8
12
4
3
2
4
10
5
15
14
9
1
1
33
4
1
1
18
1
11
1
8
3
27
1
1
16
5
1
1
3
3
1
5
1
2
1
2
1
5
1
12
