5
2
2
2
1
1
1
1
1
1
2
4
8
1
1
1
3
1
4
4
1
7
5
2
3
3
8
11
2
1
8
2
1
10
3
3
3
3
7
2
1
1
2
3
3
2
3
1
3
1
1
12
1
4
3
1
2
1
4
1
2
2
2
1
2
5
3
6
18
1
1
5
5
1
5
13
2
5
7
2
1
1
2
2
1
1
2
6
2
2
2
1
4
1
2
1
9
3
3
2
3
2
2
1
6
9
2
2
1
6
1
15
3
2
5
1
6
7
2
1
2
2
2
3
1
1
5
3
5
2
3
3
4
1
2
1
1
2
1
2
5
2
3
2
2
2
1
3
6
2
1
2
4
12
2
8
11
1
4
1
3
4
1
1
9
4
1
3
1
1
2
2
1
2
15
2
3
5
2
7
1
2
1
1
2
16
20
7
6
1
1
4
3
1
2
2
3
1
5
1
1
3
12
2
1
1
3
1
1
2
3
3
2
2
1
3
2
4
2
1
2
8
2
25
2
2
26
2
1
2
1
3
2
1
1
4
2
1
5
2
3
1
1
2
9
3
1
1
1
1
1
3
5
1
1
2
1
3
4
7
1
4
1
1
1
1
2
1
2
4
1
6
4
1
2
3
2
5
2
1
1
1
3
5
2
2
2
2
5
7
1
4
1
2
3
3
2
12
1
1
1
3
7
2
1
1
4
1
1
2
1
21
1
1
9
1
2
2
2
1
10
1
1
2
2
2
3
1
1
3
10
1
2
3
1
2
3
2
5
1
1
9
1
2
1
2
2
3
4
1
2
1
1
1
7
9
7
5
2
1
5
3
1
6
3
2
1
1
1
2
1
2
3
8
2
2
2
2
4
9
4
3
1
2
3
3
6
1
3
11
1
5
1
1
4
2
4
1
1
1
3
1
1
4
1
6
7
2
2
1
1
1
1
1
8
4
1
5
3
5
6
3
1
1
1
2
1
1
3
3
2
2
3
1
1
2
2
4
1
3
1
1
8
2
2
2
3
3
2
1
1
5
3
7
6
2
1
7
3
3
2
1
1
1
2
3
4
3
1
3
3
2
1
2
1
1
6
5
1
11
9
2
1
7
3
1
2
11
1
5
4
1
5
1
2
2
1
1
1
15
1
2
3
2
2
1
1
2
2
5
1
1
20
1
3
1
5
9
1
2
15
2
2
1
4
11
1
3
1
2
9
1
2
1
2
1
2
1
1
1
2
1
2
1
3
1
1
11
2
1
1
3
3
1
11
1
5
1
5
3
6
3
1
2
1
1
3
1
1
2
2
4
3
8
5
4
7
2
1
2
1
3
1
3
3
8
1
7
1
1
2
3
1
2
6
1
1
1
3
1
7
1
5
1
4
1
1
1
2
23
2
1
1
2
3
2
2
2
1
1
2
1
2
1
2
1
5
4
1
1
1
15
1
7
2
2
1
9
1
1
4
1
3
2
3
1
2
1
3
3
3
1
2
7
1
1
2
1
4
4
3
4
1
2
1
2
1
2
1
2
3
1
1
4
5
1
1
2
3
1
5
1
1
1
1
4
1
11
4
2
2
1
2
5
2
14
1
2
2
1
8
6
11
3
4
2
11
3
3
1
1
7
2
1
2
1
2
6
1
8
2
7
1
1
1
10
1
8
4
1
4
2
2
2
2
3
2
1
1
1
1
4
4
1
1
3
1
3
1
2
2
7
3
2
9
1
1
2
1
1
5
1
3
1
3
2
2
6
1
5
1
1
10
2
2
1
5
1
1
1
2
1
2
5
2
1
1
2
1
13
2
1
2
2
6
1
3
4
3
1
2
6
5
1
3
1
5
4
6
5
1
4
2
8
25
12
3
1
8
5
4
2
4
1
2
1
4
4
12
9
2
2
1
8
2
14
2
2
22
2
1
1
2
1
2
7
2
2
1
1
1
4
1
2
1
1
6
1
7
1
1
3
1
2
2
2
8
2
1
13
8
2
2
1
2
7
1
1
1
1
2
4
3
1
2
4
1
4
1
1
1
16
5
12
5
1
1
2
1
4
2
1
2
2
1
1
3
1
2
1
1
2
1
2
11
2
2
8
1
1
2
1
1
1
1
14
2
1
4
3
6
2
2
2
1
13
1
5
1
12
1
1
2
1
20
1
6
2
2
4
1
4
3
5
1
12
1
14
3
1
1
29
5
1
5
2
19
2
1
2
3
2
1
2
2
2
2
5
1
2
2
4
7
1
1
22
2
6
4
1
1
1
1
3
1
3
1
1
12
3
4
4
4
1
1
1
1
4
2
1
1
1
1
1
3
3
7
2
7
3
2
3
2
1
1
1
1
3
1
1
1
1
1
8
2
1
2
3
5
3
1
8
2
1
1
4
2
7
1
14
3
2
3
2
1
5
1
1
1
1
5
3
1
5
2
1
3
1
1
1
1
2
17
4
10
1
1
1
2
3
3
5
1
1
1
6
3
1
1
1
3
1
2
3
1
3
1
1
1
5
8
1
3
4
6
5
2
4
1
2
4
1
1
2
2
5
1
1
4
2
13
25
1
3
2
5
1
10
1
1
4
3
2
3
2
1
11
8
7
9
1
1
7
2
2
2
5
1
18
1
3
2
7
3
2
1
3
1
6
1
8
1
11
2
5
7
1
3
1
2
1
3
1
3
4
1
11
4
3
1
2
3
1
2
4
5
1
1
1
2
5
7
9
1
11
1
7
3
2
1
2
2
2
8
2
1
1
1
6
1
4
3
2
6
3
3
7
1
10
3
2
5
2
1
1
7
1
2
3
11
4
3
4
9
3
3
6
1
7
1
3
7
3
1
2
4
1
6
1
1
3
2
3
1
4
2
3
2
2
2
2
1
2
1
2
2
1
1
2
1
4
2
1
2
1
3
1
2
1
4
1
1
1
6
1
1
5
6
7
2
7
2
1
2
2
3
1
1
1
2
3
2
6
1
1
2
1
2
5
3
6
16
5
4
3
1
3
2
