1
21
3
24
20
4
1
6
6
1
1
39
17
1
2
2
12
2
23
10
9
2
21
4
4
42
5
22
1
20
12
3
33
3
2
9
4
2
7
6
2
27
3
64
10
3
1
1
1
1
17
66
9
12
7
6
11
26
1
35
1
2
3
1
17
4
33
1
28
16
4
17
5
14
11
1
9
2
26
1
2
1
1
4
1
1
2
76
3
59
7
3
2
7
2
6
1
1
1
7
22
2
13
3
1
6
18
3
15
2
2
4
1
1
6
22
1
11
9
4
4
6
26
3
29
53
6
1
3
23
7
2
14
11
21
2
3
11
83
2
9
2
25
2
1
1
5
4
11
23
6
4
2
1
49
5
2
4
16
1
2
5
6
3
13
5
12
2
2
24
8
2
1
3
1
3
32
14
1
1
7
12
21
2
1
2
1
83
2
7
10
3
23
8
4
1
31
23
13
2
6
91
2
53
15
3
3
3
4
2
2
5
14
1
1
27
1
16
2
7
5
10
3
10
2
1
4
33
4
14
8
16
12
1
7
2
4
22
32
17
18
38
7
3
4
13
63
38
17
2
20
1
2
13
1
28
1
1
4
2
1
1
1
2
3
2
4
2
2
1
2
25
11
1
3
17
4
8
23
4
3
4
1
2
20
1
1
2
2
1
11
2
1
1
4
3
4
2
6
1
1
1
1
12
1
42
60
2
1
3
1
1
2
1
10
4
21
20
2
1
1
5
4
40
1
10
2
3
11
2
25
8
1
2
4
1
2
1
16
4
7
2
10
3
8
11
1
18
2
5
4
1
6
4
1
16
4
2
7
4
2
2
5
5
18
15
57
5
15
1
5
2
6
2
3
2
2
2
2
6
1
1
10
1
2
3
4
1
2
11
4
80
5
75
19
13
3
11
3
2
29
2
1
1
1
1
1
2
4
19
3
4
11
5
28
9
1
2
25
1
1
4
1
6
5
1
2
1
2
6
1
12
25
30
55
29
1
5
6
12
7
35
1
2
20
1
7
2
1
5
3
5
19
4
60
1
14
7
8
8
6
23
6
3
1
10
86
5
4
35
2
69
1
1
5
2
6
3
6
5
4
2
1
1
1
46
2
3
1
3
12
2
8
6
5
76
8
5
1
3
4
25
8
18
8
27
4
1
2
5
3
2
2
1
4
2
28
38
1
1
11
9
3
3
1
16
1
2
6
37
2
10
2
7
10
27
2
8
1
6
1
1
2
1
3
9
40
2
41
2
12
3
1
28
2
11
2
6
9
7
2
6
5
1
1
6
1
1
1
2
7
20
18
1
10
3
7
4
4
12
2
1
7
22
25
9
12
5
3
17
5
65
14
1
2
72
3
3
1
5
8
46
3
29
2
6
2
2
3
7
18
35
2
1
2
1
8
2
2
15
9
3
5
2
2
1
14
6
4
1
5
2
8
1
5
30
15
6
22
1
4
2
2
12
1
2
1
1
2
9
2
5
30
5
1
1
3
13
3
13
12
1
23
65
1
3
1
60
1
4
2
1
1
4
10
17
36
15
4
20
1
6
1
5
18
24
1
2
5
1
59
12
49
1
4
6
10
1
4
6
2
2
2
2
2
7
5
3
6
58
1
1
11
8
1
2
9
12
69
1
2
5
13
2
1
6
12
8
1
2
32
1
2
1
3
1
2
5
55
2
1
4
34
1
1
3
2
2
3
1
46
2
2
24
7
5
101
5
13
12
17
2
6
5
7
2
4
3
1
12
47
1
15
10
2
5
2
2
3
2
2
4
4
8
2
5
1
22
27
1
1
2
2
1
1
14
6
2
5
7
1
1
3
2
4
14
1
1
1
5
4
6
2
7
3
4
23
15
5
1
7
19
1
6
13
20
3
2
2
6
5
1
11
56
35
2
3
1
26
6
7
13
9
4
1
1
3
7
2
1
52
48
8
8
2
8
8
1
6
24
1
29
2
1
62
1
1
16
6
2
2
3
1
1
64
1
7
1
8
3
8
1
9
15
2
3
7
6
1
7
1
38
12
7
6
9
1
14
7
16
3
18
2
12
29
9
38
3
25
1
5
2
2
2
2
20
2
4
7
1
2
6
2
22
1
2
1
4
2
1
13
1
1
1
80
4
4
1
4
62
12
45
1
10
1
1
13
11
3
7
30
1
29
4
3
23
9
3
7
14
2
11
1
1
8
39
13
6
1
11
34
12
2
2
3
5
5
2
8
28
1
9
38
19
13
5
3
8
12
13
8
4
16
2
29
4
54
20
2
1
1
4
11
3
10
4
5
33
16
11
35
18
10
6
2
1
22
1
3
3
6
1
11
7
4
2
3
8
1
96
11
2
7
1
3
3
1
8
36
6
2
2
4
6
8
1
3
46
5
1
2
6
2
3
12
10
31
8
4
2
18
4
3
7
12
10
4
3
25
5
16
1
1
5
3
1
2
15
2
3
6
3
39
45
3
10
6
2
4
23
3
45
1
13
9
3
1
7
15
3
32
1
1
4
12
16
1
2
16
1
1
5
35
22
3
2
27
1
4
5
8
8
6
2
7
7
5
1
1
15
9
66
3
43
1
3
1
1
2
11
4
39
5
1
5
4
2
1
1
8
14
1
1
2
9
1
13
3
3
18
6
16
11
20
36
1
1
1
6
1
1
1
5
24
3
4
4
1
3
1
1
3
1
1
1
1
10
5
90
2
10
30
8
35
2
3
1
3
3
1
11
3
1
1
3
1
1
1
1
33
3
3
8
20
5
1
32
5
7
6
22
27
10
2
1
65
22
2
38
10
36
14
7
4
24
1
8
62
5
48
4
20
1
2
9
9
4
1
22
10
6
9
5
1
11
5
2
3
9
4
1
8
3
3
1
1
1
2
13
8
4
5
1
5
2
29
1
3
2
1
1
2
15
13
64
2
7
5
4
51
26
4
8
2
4
1
16
1
57
6
2
1
2
61
3
17
20
3
4
12
2
2
70
2
6
6
13
5
19
8
3
6
2
1
12
1
10
1
1
9
1
15
12
5
4
2
2
4
1
72
6
1
3
3
3
16
28
1
27
4
3
8
9
88
22
10
1
15
16
4
1
26
1
1
6
5
2
1
2
4
22
1
20
2
4
8
4
7
20
6
45
10
9
28
9
1
9
4
4
2
1
2
4
19
1
2
2
5
1
13
2
1
1
4
1
2
11
1
5
1
13
27
1
2
3
3
21
1
9
2
1
4
6
3
1
1
2
4
5
5
1
4
7
1
3
6
68
17
17
3
2
16
2
1
24
12
5
15
8
3
1
2
1
25
2
2
5
5
2
3
4
4
14
16
49
1
5
35
29
3
1
8
2
9
2
1
84
2
2
2
3
12
10
5
47
3
10
59
15
1
8
3
33
3
1
1
3
1
12
8
7
6
3
3
6
3
1
1
1
6
2
12
4
2
2
4
2
10
13
63
1
9
15
35
2
7
7
2
2
21
4
2
41
11
4
2
1
1
10
5
7
3
20
7
6
64
2
1
5
80
14
3
1
4
5
3
4
10
4
3
2
18
2
5
1
3
8
6
2
7
1
6
95
7
14
14
5
9
1
1
37
1
1
8
6
5
1
1
18
3
2
3
1
9
5
2
81
4
1
1
2
11
6
3
5
1
11
14
20
1
1
10
3
1
8
3
5
2
52
27
2
2
1
9
15
20
9
1
3
2
5
1
46
1
1
1
17
5
8
1
1
3
11
5
49
1
1
37
1
6
3
24
5
2
9
9
1
15
12
14
3
4
19
4
4
5
28
31
20
1
1
5
9
27
6
2
2
3
4
3
6
18
16
4
1
61
1
10
2
15
1
2
2
4
1
10
7
2
18
7
2
19
49
2
13
13
1
5
5
7
1
1
11
1
6
1
2
2
1
4
23
1
26
1
1
1
3
3
8
2
43
2
1
7
2
31
2
1
6
2
1
4
1
4
5
2
1
1
3
2
7
2
3
3
1
2
6
9
43
1
2
5
4
1
4
3
3
1
3
1
15
7
3
1
6
20
13
2
8
1
6
7
8
19
29
1
8
16
26
3
2
2
4
1
10
81
2
13
1
1
14
2
3
4
1
8
4
1
1
1
2
5
3
4
3
2
3
4
1
4
3
2
15
1
27
2
1
1
2
3
32
24
1
10
1
36
30
1
4
1
16
5
1
6
2
35
1
1
1
1
15
1
18
23
6
14
2
1
5
7
2
3
2
7
8
1
2
1
9
2
2
40
1
1
1
3
1
7
17
6
1
2
2
1
1
7
2
21
14
4
3
1
2
16
3
6
10
2
3
26
7
9
2
25
76
2
3
37
11
16
4
6
3
3
1
8
30
1
10
3
2
3
3
2
2
17
3
17
9
1
20
2
1
6
21
5
70
4
4
18
21
23
4
14
1
3
3
2
5
1
19
23
2
2
3
6
3
16
7
2
16
2
1
2
1
2
60
5
1
14
22
9
1
6
3
9
8
5
7
2
14
2
1
13
8
3
3
67
18
5
4
2
1
3
3
2
5
3
6
12
17
1
5
6
3
2
3
43
3
1
3
1
1
45
6
2
3
28
1
1
2
1
3
18
8
5
1
6
3
31
27
3
23
1
1
1
3
67
1
2
11
3
2
5
6
1
5
14
8
2
6
1
18
2
1
18
4
7
2
8
8
6
7
7
6
4
5
2
1
8
2
1
7
2
5
5
4
19
6
68
1
5
1
4
1
1
1
29
4
3
1
2
3
2
10
4
5
19
10
30
7
19
4
5
2
13
50
3
10
7
14
10
6
1
2
1
34
1
2
7
8
5
2
10
1
1
1
1
3
1
5
2
5
1
2
1
37
2
1
3
54
14
7
44
7
1
4
1
1
7
10
3
13
8
7
10
1
21
5
1
1
2
1
3
4
11
2
7
17
1
2
6
1
11
3
6
6
12
1
8
2
1
22
5
19
4
17
50
4
5
6
2
6
29
2
3
2
81
4
7
2
37
13
27
29
2
9
1
3
2
2
2
2
1
4
1
2
7
3
3
1
28
2
2
8
2
10
1
3
100
1
5
2
12
12
11
1
24
1
6
3
16
7
2
1
5
6
9
1
5
12
4
1
3
1
1
4
1
8
2
1
1
12
11
1
9
2
24
4
2
19
39
1
11
1
2
5
58
3
3
2
34
7
2
9
3
17
2
11
4
1
1
12
1
19
3
1
7
2
11
1
3
3
2
1
9
10
1
8
1
6
25
3
2
1
47
4
2
15
1
37
3
22
7
1
1
4
4
3
64
4
1
13
3
8
11
2
27
69
1
1
2
1
24
3
34
2
16
12
6
2
8
16
9
4
3
1
19
7
1
9
1
1
2
52
10
2
2
4
10
7
4
12
1
5
3
7
5
17
7
5
3
5
2
14
3
2
2
35
8
12
1
60
48
6
5
2
11
5
2
5
2
1
7
1
7
14
29
1
3
57
1
1
7
12
2
2
2
39
5
1
8
10
1
2
48
1
1
2
5
6
1
52
2
9
10
8
3
2
10
9
1
1
2
6
14
1
3
3
2
2
6
2
2
2
2
3
8
7
2
18
1
2
42
72
1
6
2
2
22
1
3
53
3
5
3
2
13
2
14
1
36
4
2
3
19
6
5
1
1
2
1
5
3
3
4
5
6
1
1
3
14
10
4
3
1
10
8
10
5
33
1
1
2
1
1
2
1
2
9
3
1
1
12
49
2
12
8
6
2
10
2
1
1
48
2
13
2
25
5
1
1
1
1
1
4
19
3
14
4
2
19
12
4
4
16
11
4
2
14
2
3
2
1
1
11
3
7
3
9
1
2
5
1
47
3
9
1
1
1
7
1
1
3
11
30
2
2
3
10
2
1
4
1
2
2
1
2
1
2
12
2
5
1
15
3
8
1
2
3
5
34
1
17
20
1
3
7
3
1
13
1
6
5
1
1
7
1
15
3
3
22
2
1
1
21
27
1
9
1
1
4
2
6
2
6
20
3
1
1
3
6
1
5
16
8
7
1
1
1
17
9
1
1
10
1
1
1
38
5
3
2
1
11
5
1
3
3
2
6
2
1
13
6
4
37
7
1
1
2
12
7
15
27
27
70
3
18
3
2
1
13
2
7
1
104
2
62
47
2
19
4
1
19
2
11
1
16
4
43
3
1
2
2
1
3
5
3
15
7
1
2
1
1
1
50
1
38
1
2
2
1
8
1
4
1
5
23
4
2
3
4
3
5
1
2
2
1
15
19
4
1
49
1
18
5
1
2
2
1
1
4
7
3
14
93
2
10
17
21
4
5
18
5
2
2
1
1
43
13
22
3
1
8
6
5
7
5
1
29
5
2
2
1
2
2
16
10
15
1
2
2
1
1
2
2
4
5
1
1
2
37
7
20
9
2
10
5
7
3
5
1
1
9
2
1
1
1
2
11
14
24
1
4
2
1
4
66
2
3
7
2
6
1
9
1
7
1
1
2
2
1
8
18
7
4
6
2
1
10
39
2
3
10
10
2
1
28
4
1
5
10
1
11
1
4
2
47
1
1
1
11
9
2
28
2
7
14
11
35
3
5
6
10
2
4
33
11
3
4
7
3
1
19
3
2
4
1
1
2
4
1
2
36
2
9
12
