3
108
34
4
2
42
83
2
5
91
28
3
1
12
23
124
181
10
1
22
58
9
12
1
9
141
9
2
4
61
16
15
5
33
37
219
12
67
2
141
3
2
20
15
20
57
225
4
128
10
11
2
180
26
4
12
68
40
2
6
8
4
5
11
14
39
2
2
3
3
7
2
37
2
6
117
2
2
25
13
14
14
91
3
1
12
282
7
2
1
10
351
2
8
26
8
268
92
17
2
39
3
500
3
179
78
65
2
29
5
6
8
5
5
173
274
3
37
4
4
19
23
8
2
6
16
4
1
7
18
6
19
10
64
192
18
108
127
84
101
40
1
6
14
15
63
270
229
2
294
2
334
248
3
20
4
2
7
29
11
56
36
6
10
9
651
81
6
34
17
9
3
3
1
10
63
17
49
4
2
4
3
12
4
1
8
2
11
1
2
6
3
115
8
44
11
33
46
2
5
18
1
11
3
3
2
6
22
10
8
2
262
227
100
410
159
6
11
6
11
361
209
2
10
186
21
9
88
152
2
20
8
8
10
77
4
12
62
688
311
8
15
21
1
10
1
4
7
14
209
2
3
10
8
15
1
5
17
9
1
2
6
41
19
6
10
5
4
2
1
3
31
9
62
16
5
4
43
4
3
28
1
123
41
107
5
8
3
28
109
27
11
125
39
2
6
11
1
296
4
1
6
5
64
18
70
44
9
136
2
179
1
10
40
1
46
3
1
3
3
7
2
4
1
4
26
8
17
87
5
1
10
3
2
154
8
17
90
4
2
6
3
22
36
16
15
17
162
107
3
10
37
2
2
1
12
6
69
35
32
17
282
12
12
26
36
4
3
362
67
42
5
22
8
38
2
6
4
109
10
128
21
3
7
2
52
110
14
6
12
66
3
11
6
10
234
2
2
14
66
146
3
16
9
12
5
16
24
20
12
19
11
5
68
85
46
1
369
2
77
2
3
17
2
7
20
8
3
14
2
2
59
52
6
3
29
17
322
1
31
74
25
1
32
7
393
27
11
2
8
6
19
6
76
21
13
7
17
28
22
41
5
2
17
5
8
50
8
10
28
9
8
4
33
131
191
4
64
16
22
1
5
44
2
77
6
27
6
295
1
8
2
167
1
5
26
2
17
5
1
14
2
2
7
2
10
7
2
14
16
2
3
7
35
2
34
3
16
9
3
47
3
6
23
10
1
11
2
3
23
5
1
66
1
31
1
16
73
13
7
10
26
7
116
10
5
45
31
172
72
17
49
18
196
10
14
1
235
50
122
4
1
6
20
45
458
4
677
5
5
6
2
6
2
31
2
1
1
11
7
4
36
1
5
53
14
4
