53
21
38
9
119
234
3
26
5
269
247
56
14
5
83
27
280
139
4
62
22
492
22
158
113
242
46
89
10
19
50
77
31
33
31
37
43
62
32
120
60
64
116
2
382
71
2
14
86
488
24
25
42
196
109
18
132
85
3
3
35
29
24
2
24
21
29
109
6
190
342
276
98
78
3
63
3
206
62
279
205
166
433
71
37
34
118
4
78
149
48
49
19
6
27
84
258
4
359
144
319
33
318
59
39
1
27
5
34
166
2
1
35
9
9
56
5
12
4
12
15
67
11
188
13
42
593
141
24
21
6
82
81
4
63
8
242
3
45
68
2
46
32
16
400
118
7
27
86
106
1
46
367
3
108
1
25
59
7
16
3
4
595
2
24
23
7
4
419
304
71
35
112
479
13
87
159
78
329
41
53
1
41
70
25
1
15
26
543
3
20
6
1
100
17
467
2
53
6
11
5
12
408
18
14
6
224
61
7
106
16
24
218
108
503
65
16
195
11
26
396
2
343
49
67
16
225
84
357
51
11
3
221
444
3
292
59
146
25
20
1
2
2
67
36
55
30
65
242
348
22
55
12
377
213
95
86
16
461
201
27
264
95
76
1
19
28
12
6
20
216
112
4
30
36
41
3
99
3
436
113
45
20
394
69
148
28
23
9
16
10
25
14
4
12
7
512
1
19
37
3
15
114
51
183
5
6
21
124
26
1
1
1
1
1
1
1
1
1
1
1
1
1
3
108
29
15
9
17
44
34
59
1
45
6
2
33
31
16
1
1
2
21
1
19
3
7
8
32
1
4
7
7
8
1
4
19
1
322
2
23
1
1
1
2
1
1
6
7
24
1
1
1
4
1
3
1
1
1
111
1
1
1
2
2
2
6
1
8
17
2
1
1
2
3
28
1
1
1
1
5
1
1
1
1
2
1
1
1
2
1
1
3
1
1
5
3
1
1
28
7
1
4
2
11
1
2
5
1
4
71
1
8
3
1
35
1
1
1
5
1
2
2
2
1
2
1
5
1
2
1
1
2
41
3
1
2
1
35
1
1
4
16
1
1
2
1
31
1
1
2
2
2
1
12
1
9
90
16
1
1
1
4
42
6
1
1
3
3
2
1
83
23
391
2
42
21
2
3
1
21
2
2
1
7
4
1
56
95
26
1
45
11
1
1
1
1
1
1
2
1
1
1
1
1
1
2
1
2
1
5
1
1
1
15
1
1
5
1
1
1
1
2
1
3
4
1
2
4
2
12
1
1
8
4
1
5
1
17
2
1
1
1
1
1
1
1
1
1
1
2
1
2
1
1
1
1
13
2
4
1
1
10
2
2
5
1
1
2
1
6
1
9
1
1
1
1
1
1
3
1
1
1
18
12
1
1
1
2
1
1
8
1
2
1
1
1
2
1
5
3
1
2
1
1
2
1
5
4
1
2
2
2
3
29
14
7
27
91
14
16
1
2
3
1
2
1
1
1
2
1
1
1
1
1
10
2
1
1
1
1
2
28
3
2
6
7
1
2
26
1
1
1
1
1
2
1
1
1
1
1
1
2
2
1
1
1
1
1
1
1
1
1
4
1
1
4
1
1
1
1
1
1
1
1
1
2
1
1
1
3
2
5
2
2
1
1
5
1
1
1
1
1
1
4
6
1
2
3
2
1
2
2
3
4
1
1
1
2
1
1
2
1
1
1
17
1
11
1
12
2
2
12
1
1
5
3
13
26
3
1
1
1
23
124
8
2
1
7
31
1
6
1
1
1
6
2
1
1
1
1
29
181
3
5
3
73
97
1
9
23
1
4
2
1
2
1
1
13
1
1
2
1
16
2
19
1
1
1
1
1
10
1
2
1
1
1
1
1
1
1
1
1
1
1
1
1
1
9
4
1
3
1
3
8
1
2
1
4
1
6
6
1
5
1
2
1
21
10
22
15
2
1
12
1
2
2
24
1
1
1
1
1
1
1
1
1
2
1
58
1
1
3
3
1
1
4
1
1
9
1
1
1
1
2
12
2
13
1
1
1
1
1
1
2
1
2
2
5
1
1
1
1
23
2
1
1
2
5
1
1
1
8
4
1
23
1
1
4
1
1
1
1
4
5
1
8
1
1
1
9
1
1
3
2
4
5
3
5
1
1
1
1
13
1
1
1
19
1
1
2
4
1
1
75
1
4
1
1
2
3
2
2
1
2
58
4
1
1
1
2
1
1
3
2
1
141
2
1
5
1
2
1
1
1
1
1
1
1
3
1
1
1
1
1
29
2
1
1
1
53
4
6
1
2
1
1
1
3
1
3
1
6
5
2
1
7
1
1
22
1
1
9
9
2
7
9
5
2
1
1
1
1
1
1
2
1
6
3
1
4
1
19
1
1
2
1
1
2
1
1
1
1
5
1
1
61
15
7
1
26
15
2
1
2
1
1
1
1
1
1
4
1
1
1
9
1
1
16
1
1
3
4
1
1
1
1
1
1
1
1
1
15
1
1
2
1
1
1
2
2
1
1
22
4
6
1
4
1
2
1
1
1
2
2
1
2
1
1
7
6
52
22
3
1
9
3
5
2
4
53
19
377
57
22
33
1
7
11
61
3
3
37
219
1
4
368
4
7
51
12
127
16
4
1
12
2
2
7
44
16
43
1
1
3
152
1
1
1
1
3
1
67
1
3
1
7
3
62
1
7
1
1
1
2
2
1
1
1
1
1
1
2
1
1
1
7
1
3
1
1
11
1
3
2
23
3
3
141
1
3
2
1
1
1
1
1
1
1
2
1
1
1
7
1
1
49
3
1
1
1
1
1
1
1
1
2
4
5
1
1
1
1
1
1
1
3
2
6
1
1
1
1
1
7
1
2
46
5
2
1
1
1
1
1
1
1
1
1
1
1
2
1
7
3
5
7
11
2
1
6
1
2
47
8
1
1
2
20
15
1
11
20
122
4
6
57
32
1
1
3
3
2
2
1
2
2
1
2
2
1
2
19
7
225
2
6
122
1
2
3
1
1
2
1
4
4
128
1
3
1
10
1
11
2
1
2
2
3
10
1
2
3
1
47
22
4
1
7
1
2
6
1
1
1
1
1
1
2
1
1
5
1
13
180
1
1
1
1
1
1
1
1
2
1
1
1
3
7
3
2
3
1
1
1
1
1
2
1
1
1
1
1
1
2
4
1
1
8
1
1
4
1
3
1
1
1
1
1
1
1
1
1
2
3
1
1
1
1
2
1
26
2
2
1
1
1
1
1
1
4
1
1
1
1
1
3
1
12
2
1
1
1
1
1
1
1
1
1
1
1
1
1
1
1
1
2
1
2
1
4
1
1
68
1
3
3
7
1
1
1
4
1
1
4
1
2
3
5
2
1
2
2
1
2
1
12
1
1
4
1
2
2
1
3
4
1
1
149
1
1
1
1
1
1
2
6
1
2
1
1
25
2
1
1
40
1
1
38
3
1
2
1
1
2
1
3
1
1
1
8
1
3
1
5
1
1
28
2
23
198
1
1
106
6
1
1
1
2
1
1
1
1
2
3
1
1
1
1
1
3
1
1
1
2
3
93
6
6
83
146
1
1
2
8
1
4
1
9
2
11
5
1
4
9
5
1
11
1
59
1
5
1
1
2
1
1
1
1
2
6
1
1
4
1
1
4
5
1
1
1
5
5
9
41
14
1
3
15
31
6
14
1
1
2
1
39
1
2
2
4
9
7
3
2
1
2
3
3
1
44
3
1
1
1
1
12
2
1
1
1
5
2
1
9
3
1
5
22
1
2
1
6
1
1
3
1
1
1
3
1
5
1
1
19
15
1
2
2
1
4
1
1
1
1
2
6
1
1
16
9
2
2
9
2
1
14
4
18
1
3
3
19
1
1
1
3
1
11
7
14
1
4
18
1
3
7
8
3
1
1
2
8
1
1
35
9
1
1
3
1
7
2
1
1
1
2
3
19
27
2
12
24
4
4
1
1
2
1
40
35
7
1
2
8
3
1
1
2
1
4
11
1
4
1
7
1
1
13
5
12
14
1
1
2
36
1
1
1
1
1
1
5
2
1
1
2
12
3
13
3
1
1
1
15
1
1
2
1
1
2
1
1
1
1
1
1
1
2
2
1
5
1
2
21
1
11
1
6
2
1
10
3
22
1
1
6
6
1
2
8
5
3
1
1
2
1
29
1
4
2
1
1
2
1
4
2
1
1
1
1
1
1
1
1
2
1
1
1
1
1
1
1
1
3
1
1
4
4
1
37
1
1
1
1
3
1
1
1
1
1
1
1
1
1
1
10
1
1
4
1
2
1
1
5
1
1
2
5
1
3
2
3
1
3
2
3
1
1
1
1
1
1
1
4
1
2
4
1
8
1
1
1
1
1
5
6
2
1
1
1
1
1
2
1
1
1
1
1
1
1
1
4
1
1
1
1
2
1
1
1
1
1
2
2
2
5
1
4
1
1
1
2
1
1
1
1
2
3
6
117
1
1
1
2
3
2
1
2
1
1
1
1
3
2
1
1
1
1
2
3
2
1
1
2
3
1
1
25
1
1
1
2
1
1
1
1
8
1
1
1
2
25
1
1
1
1
1
1
5
1
1
1
1
1
1
1
26
13
1
1
1
1
2
1
5
1
2
2
2
2
1
1
1
13
16
1
1
7
1
1
5
2
1
2
1
1
27
1
5
1
1
3
1
1
14
12
1
1
1
1
1
5
2
6
1
1
1
66
1
1
1
1
1
1
14
5
3
1
1
1
2
1
3
1
1
1
1
1
1
2
91
1
1
1
1
19
3
2
1
1
5
4
1
1
4
1
3
2
1
1
1
1
2
1
6
15
1
1
24
3
394
7
12
4
1
1
1
2
1
1
3
1
4
1
3
10
2
1
1
5
9
1
1
1
1
1
2
1
1
16
74
1
6
6
2
6
1
7
1
3
4
1
3
1
3
1
69
1
5
1
1
1
1
1
19
1
1
99
3
1
1
1
1
1
1
1
1
1
2
4
2
12
1
282
2
1
1
7
2
1
2
1
1
1
1
1
1
2
33
1
1
2
1
1
3
3
1
1
2
2
1
4
1
1
1
1
1
3
1
2
2
2
2
171
1
3
8
3
1
1
4
1
1
4
1
16
4
1
3
10
6
3
10
86
1
2
1
205
1
1
1
1
10
1
1
1
148
3
1
1
2
1
1
6
1
1
1
1
7
1
1
1
1
1
1
1
1
1
1
1
2
5
3
2
2
1
13
1
1
1
1
1
1
2
1
2
2
1
1
1
1
1
351
2
3
1
1
1
1
1
1
3
1
1
2
1
4
1
2
1
1
4
1
2
78
1
1
10
1
4
1
1
1
1
1
2
1
4
1
2
1
1
2
2
2
1
6
1
1
1
47
1
6
2
18
2
8
126
1
1
1
1
88
1
26
1
1
1
1
2
8
268
4
3
92
1
3
1
1
1
1
1
1
1
4
2
2
1
3
1
1
1
2
6
6
1
1
1
1
2
4
1
2
3
1
1
2
1
5
2
1
1
1
1
1
1
1
2
7
8
1
2
1
1
2
1
1
4
1
1
1
1
1
1
6
2
1
1
1
3
6
1
1
1
17
1
3
1
1
1
2
3
1
1
2
1
1
1
2
1
1
19
1
3
4
4
1
6
3
1
2
1
4
1
2
2
1
4
1
6
5
1
4
1
1
2
39
7
6
20
1
3
5
19
1
2
1
3
1
1
1
7
1
1
18
1
1
1
1
13
1
1
5
2
16
1
500
3
2
9
4
4
1
17
11
5
2
3
15
97
14
1
1
1
1
1
3
9
3
3
1
1
1
1
1
1
3
1
1
3
2
7
1
1
2
1
3
3
5
10
1
1
1
179
1
1
1
1
1
11
1
1
1
1
1
2
1
1
5
3
11
1
1
1
4
1
1
15
1
1
1
1
1
78
1
1
1
1
16
5
1
1
1
1
1
6
1
26
1
1
2
1
2
1
1
1
1
1
3
1
1
1
3
1
2
1
1
1
1
2
3
2
1
3
1
1
1
1
1
7
2
1
2
3
1
1
1
2
1
1
65
2
2
1
1
1
7
4
4
1
13
1
1
1
2
2
1
1
2
1
2
5
1
1
1
1
1
1
1
1
1
2
1
6
1
1
1
1
2
29
1
1
1
1
1
1
1
1
2
8
1
1
1
1
1
1
1
3
1
1
1
23
1
1
1
3
37
1
1
1
1
2
3
1
1
1
1
3
3
1
1
1
5
1
1
1
1
1
9
1
1
1
6
3
4
1
5
3
1
5
1
1
1
1
1
1
1
1
1
1
1
1
6
1
5
1
1
1
1
25
8
5
8
1
5
1
4
13
58
18
1
4
2
1
3
50
1
1
1
9
1
1
1
10
15
1
95
1
1
2
2
1
1
1
1
2
1
1
1
1
1
1
1
1
1
2
1
1
1
54
9
5
1
3
5
1
3
9
1
2
1
1
1
4
1
12
1
1
2
1
1
1
1
1
25
1
1
1
460
68
1
80
1
71
1
20
1
5
6
36
173
145
2
6
192
1
1
3
1
15
1
1
3
1
9
2
1
274
1
1
1
1
5
1
3
3
1
3
1
9
1
1
1
1
1
1
3
6
3
6
2
6
1
4
3
1
3
1
1
1
1
11
2
3
2
1
1
1
8
37
3
2
5
16
1
2
1
1
2
1
2
3
1
1
1
1
1
2
1
1
7
96
4
1
1
1
1
1
1
2
1
1
4
1
1
1
1
1
1
1
1
1
1
1
1
4
4
9
1
1
1
1
1
3
45
3
1
1
4
2
1
1
2
1
1
19
3
2
10
1
1
1
6
1
3
19
76
440
5
2
1
1
2
1
1
23
3
1
2
1
1
2
1
1
1
1
1
3
4
4
1
1
2
4
42
5
8
32
3
1
1
1
1
1
1
1
1
1
2
1
1
2
2
1
1
2
1
1
1
19
1
1
1
1
3
1
1
4
2
2
8
1
1
1
23
1
1
1
1
4
1
1
1
2
4
1
1
2
2
1
1
1
2
1
1
4
2
1
1
1
1
1
8
1
1
1
5
4
1
1
2
1
1
3
1
1
1
2
1
1
1
1
1
4
1
1
2
1
6
1
1
1
5
1
1
10
1
1
2
1
1
1
1
1
1
1
1
16
1
1
1
1
1
1
1
1
1
1
1
4
1
11
3
1
1
1
1
2
1
1
1
1
16
2
1
1
3
3
2
1
1
1
17
7
1
1
49
1
3
1
2
2
1
2
1
4
1
7
1
1
2
1
1
1
15
2
1
1
4
1
1
1
7
2
1
2
2
8
1
6
1
1
1
1
3
2
2
1
1
2
1
1
1
1
18
2
1
1
1
1
1
1
1
1
6
1
2
2
2
2
1
1
1
1
1
2
1
1
2
3
3
1
1
1
1
1
1
24
7
16
19
2
2
1
1
1
1
4
1
1
10
2
1
1
1
1
1
64
1
1
1
192
2
10
4
1
50
14
21
1
2
69
64
3
2
2
22
1
11
7
6
2
4
1
1
1
1
1
1
2
2
1
1
9
1
7
1
5
2
2
10
7
4
5
9
6
3
2
1
6
6
4
2
1
1
5
2
1
2
1
4
1
31
18
18
7
1
61
7
3
1
1
1
1
2
2
1
1
108
2
2
3
8
4
1
1
3
1
27
1
1
8
8
3
20
1
6
2
27
2
26
127
3
4
49
5
84
3
36
5
1
5
7
4
2
1
3
1
10
5
1
1
5
1
1
101
2
1
1
1
1
2
1
2
4
1
14
44
40
4
14
1
1
1
1
3
6
1
1
4
59
1
10
2
1
4
69
2
5
2
54
2
3
2
5
8
1
10
1
23
6
1
35
5
1
2
20
1
4
11
6
125
11
1
1
1
2
1
14
4
2
1
1
1
2
1
1
2
2
1
1
4
1
1
1
1
1
1
1
3
1
1
1
1
1
1
1
3
1
1
1
3
15
1
1
1
1
3
1
4
63
3
3
1
1
1
1
1
9
1
1
1
2
2
3
1
2
2
1
1
5
2
3
55
1
1
6
3
1
7
1
1
1
1
1
1
1
5
1
5
1
14
3
2
3
1
1
1
2
1
1
270
2
1
14
1
2
7
1
1
38
2
6
2
1
1
2
1
229
1
2
8
3
2
3
1
2
1
2
294
1
1
1
1
1
2
2
10
3
2
1
11
15
1
16
1
2
2
14
1
1
3
1
2
1
1
2
1
334
1
1
1
20
1
2
1
5
1
1
1
1
7
1
1
34
1
1
2
63
5
2
1
1
1
3
248
1
8
3
1
1
2
4
1
1
1
1
1
2
1
5
4
1
1
1
1
2
2
3
2
1
1
1
1
1
1
2
2
1
4
1
20
1
4
1
3
3
1
1
6
16
4
7
6
1
1
1
1
2
1
2
1
3
1
7
1
2
2
1
2
1
1
5
9
1
6
4
7
1
5
7
3
1
1
2
1
1
1
5
1
1
1
1
1
1
4
1
2
12
1
1
1
1
1
1
1
1
1
1
1
1
1
1
2
6
135
1
1
1
1
29
22
15
6
5
2
1
85
3
1
9
50
283
15
1
4
35
21
1
59
4
294
1
11
56
56
46
2
1
37
1
2
4
1
1
7
36
1
1
1
1
1
1
1
1
1
1
1
1
1
1
2
1
7
3
2
1
2
1
1
4
183
1
2
2
1
3
7
6
7
1
1
3
1
1
7
2
1
1
35
119
1
16
10
17
7
2
6
36
6
12
161
1
2
35
4
1
32
20
10
44
20
5
4
9
15
144
4
10
29
3
8
15
2
10
3
1
5
651
3
81
31
1
35
17
185
6
15
18
14
34
6
1
1
1
31
82
2
6
1
4
12
34
10
3
59
18
5
16
1
17
9
1
2
21
1
1
1
1
4
1
3
2
1
3
3
1
7
3
1
2
1
1
13
2
6
31
1
9
15
1
1
5
2
4
1
1
2
6
3
1
1
1
1
1
4
1
1
1
1
9
1
1
1
1
1
1
1
2
10
2
1
2
1
1
4
1
1
1
3
1
2
3
1
1
1
63
1
1
4
1
1
1
1
1
1
1
1
8
1
1
1
1
1
2
1
2
1
1
1
1
109
5
1
1
16
1
14
9
1
17
4
5
45
24
49
6
5
1
2
3
1
4
1
2
1
31
9
19
2
1
1
18
1
1
1
2
1
1
1
1
1
68
1
1
1
2
1
1
1
1
18
1
12
2
1
2
1
3
1
5
4
2
2
1
1
1
11
1
2
1
2
4
1
2
1
1
1
1
1
2
1
3
3
1
4
20
1
1
2
2
2
2
8
19
6
3
2
7
102
4
2
1
3
1
7
1
1
5
1
1
1
1
1
1
1
1
1
1
2
2
1
1
1
1
4
5
114
216
3
7
2
12
1
4
15
2
8
1
1
1
1
1
2
2
1
1
62
1
1
1
2
1
3
1
6
1
1
1
1
1
1
2
1
2
1
6
1
2
1
1
1
1
1
2
1
1
1
5
7
2
1
1
19
1
3
1
1
1
1
1
4
21
1
2
5
1
2
1
1
1
1
1
1
2
1
1
8
1
1
1
1
1
1
1
1
6
3
1
24
1
1
2
1
2
1
1
2
1
1
1
1
13
1
1
1
1
2
1
1
1
1
1
2
1
5
2
1
1
1
1
1
1
20
1
5
11
1
1
5
4
1
7
1
4
1
1
1
1
1
1
1
1
1
3
1
1
1
1
1
1
2
1
1
4
2
1
1
1
2
4
1
1
3
3
6
2
2
2
22
1
1
1
1
6
1
3
22
1
1
3
2
5
1
1
19
2
1
1
2
115
28
1
1
1
11
25
1
1
93
77
1
1
4
30
5
9
2
1
1
1
12
1
1
13
1
1
8
2
1
1
1
1
1
1
44
3
5
1
1
3
2
13
1
2
1
1
1
1
1
2
1
30
1
1
1
1
1
1
1
1
1
3
1
51
1
1
1
1
1
1
1
11
33
7
1
46
39
1
1
1
1
1
1
2
1
6
1
3
1
1
1
2
1
3
6
18
5
2
1
5
18
1
1
1
1
1
1
5
1
2
1
4
10
12
1
1
1
1
1
1
5
2
1
8
7
17
1
6
3
11
3
3
1
1
1
5
1
10
1
5
1
1
4
8
3
8
1
11
1
3
1
3
5
2
1
1
1
1
1
1
5
9
1
2
1
1
1
1
1
2
3
1
2
2
1
6
1
4
1
1
1
2
1
1
2
2
1
6
18
9
4
16
23
1
8
6
1
1
1
4
1
2
2
3
3
1
3
8
1
22
2
9
1
1
6
3
14
3
1
16
2
1
1
1
1
1
2
1
1
1
1
2
1
1
10
2
1
14
1
1
13
1
1
1
2
8
8
6
7
1
1
6
1
1
1
2
1
2
1
1
1
1
16
3
2
23
7
1
1
1
9
3
2
1
5
13
1
1
1
1
2
1
1
1
1
262
2
1
2
1
1
1
1
1
6
1
82
1
2
1
1
2
1
1
1
1
7
7
1
216
1
1
2
1
2
1
1
1
1
1
1
4
1
1
1
1
1
1
2
1
4
1
1
1
1
227
1
6
1
1
2
1
1
1
1
1
1
1
1
1
1
1
1
1
1
9
1
28
1
1
1
6
1
1
100
1
1
1
4
1
4
6
1
1
1
1
1
1
1
2
1
1
1
1
2
1
9
1
410
1
11
5
10
49
1
5
1
1
3
1
76
2
1
249
2
1
7
2
7
3
12
16
4
8
1
1
1
159
17
6
11
7
96
1
2
3
3
1
1
1
2
1
1
1
1
1
1
1
11
2
2
1
197
1
1
1
1
1
1
1
1
1
2
3
1
2
1
1
1
36
1
14
1
22
2
13
2
1
1
5
39
1
6
4
3
3
3
1
1
2
1
114
11
4
1
18
361
1
1
78
1
1
209
1
5
6
1
12
2
1
1
1
1
171
1
4
1
4
6
1
1
1
1
1
1
8
2
1
1
5
3
14
6
3
3
3
1
1
1
6
1
2
16
1
4
2
9
2
1
1
2
1
2
1
1
1
10
2
5
1
2
2
2
6
1
1
5
5
2
2
10
4
10
1
1
1
1
1
1
1
65
1
1
55
1
5
1
1
3
1
4
1
2
1
186
1
1
3
21
1
1
13
2
3
3
1
37
2
2
1
2
6
105
9
3
15
1
1
1
6
1
2
20
2
1
4
1
2
2
4
1
2
1
1
2
88
24
1
152
2
1
1
1
1
2
2
1
3
1
1
1
1
5
1
1
2
1
3
1
4
4
9
20
1
1
2
5
2
1
9
1
22
36
1
18
2
7
13
8
419
13
20
27
1
11
5
27
1
6
1
1
1
3
1
5
2
1
6
1
5
16
8
1
2
32
6
1
1
1
4
1
1
1
1
9
8
3
23
1
10
1
1
1
3
3
1
3
1
1
1
5
1
4
3
1
19
1
21
10
77
1
1
1
1
3
15
3
4
2
22
1
2
32
1
13
1
1
1
4
17
3
1
1
12
2
2
2
1
1
1
1
7
1
1
62
64
33
688
11
1
59
19
1
38
311
1
2
1
2
1
3
1
2
1
2
1
1
3
1
4
3
2
1
1
1
3
57
1
1
2
6
2
207
1
1
1
1
2
1
15
1
1
1
2
2
1
6
2
8
1
1
1
4
1
1
1
1
1
2
1
267
3
2
1
15
1
3
1
1
21
1
1
1
1
2
18
11
19
1
2
3
1
1
1
52
4
16
1
9
3
26
1
2
1
23
1
1
1
2
6
1
5
61
10
1
1
1
1
4
1
1
1
1
1
1
1
1
1
1
3
1
33
86
7
1
10
29
3
5
1
6
14
9
1
4
6
1
1
1
1
1
209
2
2
4
3
10
5
29
1
1
8
26
16
149
1
1
1
21
1
5
2
4
1
11
1
1
15
1
1
8
1
2
1
2
3
3
1
1
1
2
2
1
1
1
1
1
1
1
1
1
1
1
1
1
4
1
1
3
1
1
1
5
1
1
1
1
1
6
5
10
2
1
1
2
4
7
1
1
1
38
30
2
1
8
17
1
3
1
6
1
1
6
12
359
3
3
5
10
4
2
1
6
1
1
1
8
24
20
1
1
1
9
1
1
3
1
3
4
1
2
1
1
1
2
84
2
37
1
2
4
1
6
1
1
1
1
1
1
1
1
1
1
4
1
2
13
1
1
1
1
38
16
1
1
1
1
1
1
5
23
6
7
1
1
5
3
2
1
41
1
7
19
2
1
2
1
1
1
1
1
2
2
16
2
2
1
3
1
1
2
2
1
1
1
1
3
1
1
6
1
1
2
3
2
3
1
1
4
1
1
1
1
5
1
10
2
1
1
1
22
1
1
5
1
1
2
4
1
1
5
1
1
10
9
2
1
1
1
11
1
31
10
2
1
1
1
12
1
1
1
35
1
2
1
1
1
1
3
4
1
1
2
4
7
1
1
2
2
5
1
1
1
12
1
1
112
1
1
2
1
12
1
2
2
3
2
9
1
1
1
1
1
7
1
2
12
4
6
1
1
1
2
5
1
1
1
1
1
1
2
1
9
9
3
8
4
3
30
1
8
1
1
1
1
3
1
1
1
1
1
1
1
3
1
1
2
2
6
4
9
6
1
1
2
9
1
1
1
1
5
2
1
1
3
1
1
1
1
1
2
1
1
1
1
1
1
1
1
1
2
6
1
1
3
13
1
9
2
1
1
1
1
1
3
1
4
2
6
1
39
1
1
51
31
1
1
2
3
2
2
20
1
1
1
2
1
3
1
1
1
3
1
1
1
9
1
1
1
1
1
8
1
1
3
5
1
1
1
1
2
1
1
2
62
1
1
1
2
1
1
3
1
28
1
1
1
1
3
1
16
56
13
2
18
1
6
1
3
1
1
4
1
4
1
5
1
1
3
1
2
1
1
2
1
4
1
1
1
1
2
19
4
1
1
1
1
65
6
1
1
9
7
13
5
3
3
9
1
2
1
1
9
1
3
1
1
11
1
2
1
1
1
1
1
1
1
1
3
1
5
2
1
1
1
1
2
1
1
1
3
1
1
2
1
2
1
1
1
1
1
2
2
2
1
2
1
1
1
1
1
1
1
1
1
1
2
1
1
1
5
1
5
1
1
1
2
1
2
3
2
1
4
1
1
1
3
3
1
1
1
1
1
1
2
1
3
3
4
1
1
1
1
1
1
1
2
2
1
4
1
1
1
1
3
1
3
1
1
12
1
1
1
2
1
43
1
1
3
4
1
1
1
4
5
1
3
3
1
6
2
9
2
9
1
1
1
17
1
1
1
1
3
1
1
3
1
3
1
20
1
1
1
1
4
2
6
2
1
1
1
1
1
1
1
1
9
1
2
28
1
1
1
1
1
1
1
1
1
1
1
1
1
1
1
1
2
1
1
4
1
1
1
1
1
1
1
2
1
1
2
1
2
2
118
4
2
1
1
1
1
5
3
12
2
5
1
123
1
2
1
4
2
1
1
3
5
3
1
1
1
1
2
6
97
1
2
1
1
4
1
1
9
2
2
5
1
155
1
1
1
41
1
1
1
1
1
8
1
1
4
1
1
9
2
1
2
9
1
1
1
3
1
284
1
214
1
1
9
1
1
14
2
1
2
1
5
1
1
2
1
1
1
1
1
1
2
2
3
3
1
1
1
7
7
1
1
2
1
1
3
1
4
1
1
1
1
4
5
107
13
1
1
6
1
1
1
3
1
35
6
1
1
4
3
2
1
3
1
2
6
3
21
1
19
1
3
1
1
2
2
8
14
5
2
4
39
2
8
1
1
2
2
1
34
7
1
1
7
6
1
1
4
3
8
1
1
8
6
1
5
8
1
2
2
1
8
11
4
3
1
1
1
1
1
3
6
1
1
1
1
1
25
2
1
14
5
2
1
1
1
1
6
11
44
1
2
5
2
1
1
3
11
28
2
242
2
1
1
148
4
1
1
1
232
7
15
1
1
1
1
13
48
7
8
8
2
45
2
86
1
3
1
1
3
10
1
3
1
1
109
1
1
1
26
59
6
2
4
4
1
17
2
4
79
2
27
6
52
1
11
1
1
46
1
1
1
125
1
2
12
18
2
1
1
1
1
1
1
2
29
2
1
2
3
1
1
1
1
1
2
6
1
11
49
9
2
2
2
1
1
1
3
1
1
1
3
6
39
85
7
2
2
1
7
4
4
1
1
30
2
2
8
6
1
2
1
2
5
1
2
5
1
1
5
2
2
2
2
6
1
3
1
1
7
5
4
11
1
1
1
1
1
1
1
10
1
3
5
1
1
2
1
1
2
4
1
2
13
1
3
40
1
13
1
296
4
1
4
2
4
1
3
1
2
1
2
3
2
4
1
2
1
2
10
2
25
6
2
6
4
1
2
3
2
2
5
22
27
1
1
12
45
1
4
2
2
1
1
1
5
1
1
2
3
9
3
1
4
1
1
7
1
3
1
1
1
1
1
13
14
2
1
1
1
1
1
4
1
1
1
3
3
1
3
1
7
1
1
2
8
1
3
312
4
1
64
1
1
2
1
1
1
6
1
18
1
1
1
1
2
3
1
12
2
1
1
1
1
1
1
4
1
1
1
1
1
1
1
1
1
4
45
1
2
2
1
1
5
1
5
1
2
1
2
1
2
1
2
1
1
1
1
2
1
70
2
1
20
11
2
1
3
3
3
4
1
3
110
3
44
1
2
3
2
2
5
7
2
2
3
9
136
2
5
3
3
20
35
7
1
1
6
1
2
1
1
1
2
1
13
1
20
1
2
5
1
3
1
5
1
8
5
1
7
1
5
1
1
48
1
8
1
1
1
1
6
65
25
1
1
1
1
1
2
18
1
9
2
1
1
1
1
1
1
1
4
1
2
7
1
8
1
1
1
1
1
1
1
1
1
88
3
4
1
12
1
4
1
13
10
21
1
49
1
1
1
1
3
52
2
3
179
1
1
1
1
2
4
1
1
3
4
12
66
2
1
8
2
2
11
3
9
1
1
1
1
1
1
1
2
286
1
9
1
5
13
4
2
2
2
3
1
3
1
2
1
2
1
1
81
33
16
2
1
13
4
3
1
1
4
1
1
1
1
1
2
11
24
4
1
1
9
10
6
3
25
40
1
1
1
1
26
1
9
6
46
1
1
2
1
3
9
1
163
1
3
15
1
5
2
1
4
2
2
1
1
1
10
1
3
1
4
3
3
23
14
2
4
1
10
2
6
1
1
7
2
1
2
2
1
42
3
1
1
2
1
1
1
1
1
16
7
1
1
1
1
1
1
1
1
1
2
1
2
1
1
6
1
16
6
1
2
1
1
1
2
3
1
4
1
1
1
6
4
1
1
4
7
1
2
7
1
1
4
1
1
1
17
2
1
1
1
1
1
2
1
12
11
1
1
1
3
4
2
1
1
1
1
5
2
1
7
12
7
2
4
2
1
1
1
2
1
1
1
1
1
1
1
1
1
1
1
1
1
2
1
1
1
2
1
1
1
1
1
1
1
1
2
3
5
1
1
1
2
3
1
30
2
1
1
1
1
1
5
3
1
2
4
4
5
1
11
4
2
1
1
3
1
1
1
1
1
26
1
2
2
1
4
8
1
16
1
1
1
1
1
1
5
1
3
10
1
2
1
1
2
3
1
4
2
1
2
1
1
1
1
1
5
1
1
1
1
2
11
5
1
1
17
2
52
1
4
16
1
1
3
3
11
4
11
1
1
1
1
3
17
1
1
87
4
3
2
1
1
1
1
1
1
6
2
1
1
12
1
1
1
1
23
1
3
1
495
13
1
16
1
1
5
1
5
1
1
1
4
1
1
19
10
11
16
1
4
24
1
7
1
3
1
1
1
1
15
1
1
1
33
1
1
1
310
1
24
4
1
1
1
19
1
3
71
4
1
36
2
1
1
2
1
154
70
1
8
4
7
1
1
17
2
22
2
1
90
1
10
4
4
2
2
1
2
1
1
3
1
17
8
4
78
19
2
10
3
1
1
1
3
19
4
2
4
1
11
6
1
1
1
12
103
1
2
1
1
2
1
1
3
1
4
1
1
1
2
2
2
2
1
1
1
1
1
1
7
2
1
6
72
43
60
4
132
53
1
1
3
1
6
1
1
1
1
1
1
1
46
1
11
1
19
22
68
36
6
4
5
1
1
1
1
2
9
1
6
2
1
4
1
1
2
2
1
17
9
9
1
1
2
6
2
41
1
4
6
9
16
1
1
1
1
40
2
7
3
6
1
1
1
15
11
1
48
2
1
1
2
1
1
1
3
1
1
4
7
1
17
2
1
1
1
1
162
30
19
1
107
1
1
2
1
1
1
3
1
34
5
1
6
1
2
2
4
2
1
1
1
1
1
1
1
8
2
1
1
4
3
3
2
1
1
1
1
1
3
1
3
1
1
2
2
2
4
1
41
1
2
7
3
5
1
2
33
10
1
1
2
1
2
2
1
2
3
51
1
1
2
1
1
51
1
3
1
7
7
42
118
1
2
4
67
1
24
3
1
1
37
1
1
9
264
17
6
2
11
15
6
1
218
9
2
1
2
2
37
22
4
1
19
47
3
1
1
1
7
2
1
1
1
2
1
13
4
27
4
5
1
2
4
6
3
8
3
1
2
1
12
1
1
2
133
43
39
6
1
48
1
7
11
2
1
73
1
2
1
1
1
2
1
3
69
3
1
1
4
1
1
1
1
1
1
35
8
2
2
1
1
1
8
1
1
2
1
32
1
2
12
4
17
282
1
1
2
1
2
2
8
2
3
12
13
1
4
1
3
2
2
16
2
75
1
2
12
14
4
1
2
11
1
2
4
4
12
1
7
2
1
1
1
5
2
1
1
1
1
1
2
15
26
1
1
1
1
1
1
1
2
2
1
1
5
2
1
23
1
1
1
3
23
56
3
2
11
2
2
1
1
4
1
1
1
2
1
1
1
1
1
1
1
1
1
1
9
4
1
4
1
45
1
1
36
1
58
2
13
34
1
1
2
2
2
1
3
1
1
1
1
6
2
1
1
9
14
4
1
2
1
1
1
7
1
1
2
1
1
1
1
1
1
1
1
1
1
1
1
1
1
1
103
2
1
1
1
3
4
1
1
1
1
1
1
1
4
1
16
2
2
1
2
3
1
1
1
1
4
1
1
1
1
1
2
4
2
15
1
362
1
6
1
2
3
19
1
2
1
1
10
67
57
1
1
1
1
2
1
31
1
3
2
1
1
4
42
1
1
1
3
1
1
1
5
1
2
22
1
1
32
1
7
1
1
3
2
8
19
1
3
1
2
3
2
3
1
41
1
1
1
3
3
38
1
2
1
1
1
1
1
1
2
1
1
1
1
4
2
8
12
2
1
4
1
2
2
1
1
3
1
1
1
3
1
2
1
1
1
3
2
1
2
1
3
1
4
2
1
1
1
1
2
2
1
3
1
1
5
3
2
1
1
1
6
3
2
1
1
1
2
1
3
2
1
1
1
2
1
3
1
2
3
1
5
2
1
5
1
1
3
1
1
1
6
4
1
1
1
33
1
2
1
2
4
3
3
24
2
3
1
1
1
1
1
1
2
3
5
4
1
1
5
1
2
5
1
5
109
1
5
1
1
4
7
3
10
1
1
10
1
1
1
1
128
1
1
1
1
1
1
3
1
2
2
1
1
4
1
21
2
1
1
24
1
1
1
7
4
3
3
3
1
1
1
1
5
1
3
12
7
6
2
8
6
1
1
1
1
2
1
2
4
13
6
2
2
28
3
2
1
12
4
2
5
3
3
1
3
5
1
20
1
1
1
7
2
2
1
3
1
1
5
7
9
2
19
1
5
1
2
2
7
1
9
4
2
2
4
4
7
2
1
5
1
1
2
1
27
1
8
1
1
1
1
3
3
2
1
1
4
2
2
1
16
1
1
1
2
3
1
2
3
1
1
2
5
4
1
83
3
1
2
3
1
8
1
1
1
52
1
1
1
1
1
1
151
1
11
110
1
9
2
3
1
20
8
1
2
3
3
1
14
3
1
1
13
29
34
2
1
5
3
1
67
6
12
1
2
38
4
5
9
6
9
24
3
2
1
1
1
1
15
1
4
66
71
9
1
3
37
3
13
8
1
3
6
2
8
29
9
16
1
3
16
7
11
2
7
6
1
3
18
183
24
1
1
3
26
2
10
1
4
20
2
1
1
2
3
1
1
1
1
11
3
1
4
7
4
1
155
25
11
2
18
2
1
6
1
2
4
1
1
10
1
1
2
2
43
13
1
15
1
248
10
4
7
170
84
8
1
11
1
1
8
8
1
1
33
234
10
29
12
2
1
24
1
2
20
13
2
2
2
5
4
5
1
2
5
10
9
21
2
27
2
17
8
3
20
2
22
14
2
8
10
1
1
3
1
6
4
1
1
1
1
4
1
1
2
3
3
1
77
1
52
66
1
1
1
1
2
2
90
3
146
9
1
1
1
1
333
1
1
20
1
13
5
5
2
1
1
4
1
3
281
3
1
15
8
1
1
13
1
1
15
9
7
3
16
1
3
2
3
1
8
4
3
1
1
2
1
1
3
46
1
1
1
1
1
1
1
1
1
2
1
2
12
2
1
9
4
1
1
2
1
1
1
3
1
1
1
6
1
2
3
151
1
1
1
1
2
19
1
4
8
4
9
12
17
4
5
1
1
2
2
4
1
1
1
1
1
1
16
55
224
1
254
1
1
1
2
1
1
1
1
1
1
15
16
2
1
9
4
2
1
1
5
12
6
4
3
6
10
2
1
1
9
5
1
48
9
2
41
1
5
4
3
2
6
2
1
7
3
15
2
2
7
3
3
2
2
2
24
17
21
78
2
20
2
12
16
6
1
94
8
1
1
1
3
3
2
1
4
19
2
1
1
6
2
1
9
14
6
4
5
2
2
3
19
11
5
5
7
3
8
1
1
18
8
10
1
58
2
2
4
15
1
2
2
5
8
2
4
2
41
9
1
2
68
2
2
1
1
38
6
6
1
1
2
1
1
2
1
1
3
1
2
7
2
3
1
2
1
1
1
1
6
2
1
8
16
1
1
1
1
7
1
1
39
3
1
85
1
3
1
4
2
2
46
2
6
1
2
1
1
2
1
1
1
19
23
16
2
1
2
1
17
1
7
2
48
1
1
1
1
3
9
9
9
1
1
1
1
1
1
8
4
1
2
61
1
1
9
5
3
1
2
1
98
1
2
1
3
1
2
7
1
1
5
20
1
1
369
3
1
2
1
1
1
5
1
1
1
18
10
2
2
1
2
1
23
1
1
1
1
2
17
2
1
2
1
37
1
2
1
4
3
1
1
77
16
2
1
14
8
1
2
1
1
14
2
1
4
4
1
5
1
162
17
17
5
2
1
6
11
1
1
2
2
1
1
13
7
1
8
3
4
1
1
3
2
10
1
1
2
2
1
2
2
2
3
5
6
1
1
3
17
1
2
1
1
2
4
9
1
30
1
1
6
19
2
1
3
5
47
11
1
21
4
7
8
3
1
6
20
8
1
2
1
1
2
1
1
1
1
1
1
3
1
1
4
1
1
1
1
1
1
1
1
1
2
1
15
2
2
2
3
1
3
1
2
28
1
1
1
1
1
3
1
1
10
1
1
1
12
3
1
2
1
1
1
1
1
1
1
1
1
14
1
1
1
1
1
1
1
2
1
2
3
2
1
1
2
1
2
1
1
2
3
9
3
2
1
8
1
2
10
1
16
1
1
1
1
1
1
2
1
4
10
4
2
1
1
4
3
2
1
5
7
1
1
1
2
1
11
2
1
4
1
1
1
1
1
1
2
1
2
2
2
2
2
3
1
3
1
2
1
4
1
1
1
1
3
2
1
1
2
3
1
1
1
1
8
2
1
1
1
4
1
1
4
1
1
6
1
1
5
6
1
1
1
2
1
3
3
59
2
6
1
1
436
1
20
52
6
2
3
3
4
4
11
3
1
1
1
1
1
1
1
1
3
1
4
1
1
3
1
1
1
2
1
1
1
4
1
1
3
1
1
1
2
2
1
1
1
1
1
1
4
2
1
2
1
2
10
3
1
2
18
48
16
57
1
3
2
1
1
2
1
1
1
1
5
29
2
1
17
2
4
2
1
1
1
322
2
2
5
1
1
1
1
1
1
11
4
10
1
3
1
1
4
1
4
4
2
2
2
7
4
2
1
1
6
1
1
2
1
1
1
6
1
1
1
1
31
1
1
1
1
1
1
1
1
2
1
4
1
3
1
45
2
1
1
1
5
1
1
4
38
2
7
50
1
74
1
1
1
1
1
1
3
2
1
2
1
2
1
4
1
2
2
1
1
1
1
25
2
10
6
8
1
1
1
1
17
1
1
1
1
1
1
1
48
3
1
10
41
1
2
1
5
37
1
1
32
1
10
3
7
6
3
1
3
2
4
1
3
1
9
1
1
1
2
393
3
1
8
6
13
6
3
1
1
1
1
1
1
1
13
2
1
2
9
3
1
5
1
9
8
2
1
4
3
3
3
2
1
1
1
5
1
19
1
1
2
1
1
6
1
2
27
6
1
4
6
1
29
1
2
1
1
5
9
1
1
10
4
1
1
4
1
1
8
1
5
2
1
1
1
1
1
1
11
1
1
1
189
1
1
1
1
1
1
1
1
1
1
1
2
1
1
4
4
2
1
1
4
2
1
1
1
25
4
8
22
1
1
19
1
1
1
1
1
1
1
3
5
1
4
2
6
4
1
1
9
24
95
2
14
1
193
2
2
1
1
1
1
1
1
1
1
1
1
27
2
1
1
1
2
9
10
6
11
1
1
1
1
1
1
1
1
8
1
1
1
1
1
6
1
3
11
2
1
2
59
3
1
1
101
2
1
3
1
2
3
4
1
1
2
1
19
1
2
1
1
1
2
1
1
1
1
5
6
15
28
48
18
1
152
4
1
23
6
4
3
2
13
76
3
6
1
21
7
1
14
13
13
7
1
20
1
5
1
17
7
1
28
1
1
2
1
1
1
1
1
1
1
2
17
2
7
22
2
3
1
3
2
2
40
1
18
1
1
1
20
1
18
1
1
30
5
21
9
41
1
18
8
1
1
1
3
4
2
2
1
1
17
1
2
4
65
8
1
31
46
1
1
8
1
1
16
5
10
1
1
1
2
3
1
9
4
1
1
3
1
2
1
3
1
2
2
72
8
5
7
3
10
28
6
1
1
2
5
2
49
1
1
17
7
5
2
2
40
1
2
1
1
6
8
20
3
21
6
1
1
28
42
12
43
1
1
1
1
1
1
1
1
2
35
3
1
50
1
1
1
58
2
6
6
3
16
22
1
13
1
3
1
1
1
3
8
17
3
1
10
4
22
4
1
16
41
12
7
1
1
2
96
22
5
1
15
4
5
1
8
8
28
9
1
2
12
1
16
2
5
1
7
1
19
1
1
1
2
1
3
8
1
8
6
1
11
1
4
22
1
20
8
33
106
1
1
13
1
1
1
41
8
1
3
1
9
6
11
2
2
1
5
2
2
35
14
131
5
1
1
1
1
1
2
1
2
2
1
1
1
1
1
1
1
1
1
2
1
1
1
2
1
1
5
1
1
1
1
1
1
1
1
1
1
1
1
1
2
1
2
10
1
4
13
2
3
1
191
1
4
2
1
1
2
1
4
1
30
16
64
1
1
1
2
1
1
2
2
1
1
3
1
1
1
16
1
27
1
23
1
8
1
3
1
3
8
1
19
6
1
15
1
29
21
13
1
2
65
1
1
3
2
1
1
1
7
3
1
1
9
6
1
6
1
3
1
1
1
1
3
1
1
1
1
1
1
1
2
1
2
1
2
2
2
1
3
3
2
1
1
1
1
1
15
1
1
1
1
2
1
1
2
1
2
1
1
1
1
1
1
3
1
2
1
3
1
1
1
4
2
2
3
1
2
1
1
1
1
1
2
1
1
1
1
1
1
1
3
10
1
2
1
1
4
3
1
22
1
2
1
2
1
2
5
1
2
4
1
3
1
1
1
2
1
1
1
1
1
1
1
1
1
2
1
1
1
2
1
1
5
1
1
1
1
64
5
44
2
2
1
1
2
1
1
5
1
6
1
15
6
1
2
1
1
3
1
77
18
1
1
1
1
11
2
6
3
7
1
1
1
12
2
2
13
15
1
27
3
1
1
3
1
1
1
1
1
28
24
1
1
1
4
1
1
4
2
15
2
1
7
6
3
3
7
50
4
2
2
1
2
1
295
9
1
2
3
10
1
2
2
1
1
1
6
1
1
1
6
6
4
6
1
1
1
8
18
10
8
2
3
1
13
1
2
1
1
2
2
1
1
2
1
1
1
1
1
1
1
1
1
2
21
5
1
1
4
2
1
6
1
1
4
1
1
2
1
1
2
1
1
3
1
5
1
167
1
1
1
1
8
4
2
1
1
3
1
1
1
1
1
2
1
1
1
1
1
2
5
2
1
3
1
47
2
1
3
1
1
1
1
1
1
102
1
2
2
1
1
1
1
1
1
2
1
1
16
1
2
1
1
1
2
1
1
4
2
1
1
1
1
6
113
2
1
3
15
1
1
1
5
2
1
1
9
2
1
1
1
1
6
2
3
12
2
27
2
1
8
1
26
2
1
1
1
17
1
1
1
1
2
2
1
5
5
3
4
3
1
1
1
13
1
2
3
4
1
3
1
3
1
2
1
1
1
1
1
1
1
1
1
3
2
1
5
3
7
1
7
49
84
1
14
3
1
2
1
51
1
1
1
2
1
1
1
12
1
1
1
1
1
2
1
1
2
8
2
3
3
3
11
1
1
1
1
1
1
1
1
1
1
2
5
1
1
1
1
2
9
18
1
4
3
7
2
6
1
1
2
1
2
6
1
3
2
2
10
1
1
1
1
32
1
1
1
1
3
2
1
1
64
10
1
1
1
1
3
7
23
7
1
3
2
1
1
2
1
2
1
1
1
1
29
1
1
1
14
46
4
2
3
1
1
2
1
28
16
2
3
12
2
3
2
1
3
1
1
2
2
2
1
1
1
2
1
1
1
2
11
1
1
3
1
6
16
3
1
265
2
4
2
1
2
1
3
45
5
7
35
1
27
309
1
3
6
15
1
1
2
1
41
3
1
1
2
3
1
1
1
1
1
1
1
1
1
7
7
1
2
1
2
1
1
1
1
1
1
1
7
1
1
1
1
3
15
1
1
3
1
1
118
1
1
1
1
1
1
1
1
2
1
1
3
2
1
3
3
10
1
4
3
2
1
1
1
1
1
1
2
11
1
7
2
4
25
5
3
2
5
17
51
1
1
104
7
1
1
17
8
1
1
1
2
2
36
1
1
1
1
91
1
4
1
5
8
1
23
27
1
1
2
1
16
1
2
1
1
2
1
9
34
3
52
3
8
3
3
16
249
1
4
196
51
52
33
1
1
20
3
12
1
118
1
6
1
2
1
4
4
25
17
2
4
15
70
1
1
35
1
20
9
3
3
3
1
1
233
1
9
7
57
10
2
4
60
47
1
156
3
13
3
97
151
3
47
1
6
1
11
15
45
2
2
1
2
149
3
23
10
12
56
2
145
84
16
2
3
46
1
2
1
11
1
1
1
1
2
1
10
4
1
2
1
1
1
1
12
2
1
1
1
2
1
1
11
1
1
1
2
1
1
1
2
5
1
2
5
2
1
2
2
11
3
1
1
1
1
1
2
1
1
293
7
1
103
1
1
10
8
23
2
1
11
1
1
1
38
8
19
3
1
3
1
23
1
1
8
94
20
5
25
32
1
1
1
1
2
1
1
66
1
5
1
1
1
2
1
1
1
1
1
5
2
23
1
2
1
2
2
2
2
1
4
6
2
1
1
1
1
1
2
1
2
1
1
1
2
1
1
1
1
2
1
1
1
1
1
1
1
1
4
8
5
1
1
1
1
1
2
1
31
1
1
1
5
1
1
1
2
1
2
1
16
43
4
1
73
1
1
1
1
71
1
1
1
1
1
1
1
1
1
1
1
1
1
1
1
2
14
13
1
1
12
1
1
2
4
1
1
1
1
1
1
1
1
1
1
1
70
1
7
1
2
2
1
1
2
1
1
10
84
1
2
1
2
1
1
7
1
1
1
1
1
1
1
1
2
1
1
1
1
1
1
1
26
2
2
7
2
3
116
1
1
2
1
1
1
10
1
2
48
5
2
1
1
1
3
1
3
2
25
2
1
2
2
1
1
3
1
1
2
1
1
1
1
1
2
1
1
1
3
5
1
1
1
1
7
1
1
54
3
1
1
1
1
45
1
1
2
1
31
1
1
1
1
1
1
1
172
2
2
1
1
2
1
1
1
1
1
1
1
1
1
1
2
4
4
72
1
1
1
1
1
17
49
2
1
1
1
2
3
1
1
1
1
18
1
1
42
267
1
1
4
1
1
2
1
196
1
3
1
1
1
10
6
1
2
1
1
1
1
1
1
1
14
1
1
1
3
1
4
1
3
1
1
1
1
1
1
1
1
1
5
2
1
2
1
2
1
1
1
1
1
1
2
1
1
1
1
3
9
1
12
2
1
1
2
7
1
6
3
1
1
4
4
1
21
1
1
14
45
2
1
1
1
5
1
1
7
1
235
2
15
1
2
6
1
4
1
1
1
1
1
1
1
1
1
1
2
50
2
54
3
1
2
1
1
2
6
1
3
1
11
1
13
1
1
1
2
5
122
4
1
4
7
2
1
1
15
1
1
1
1
4
2
1
1
2
4
30
4
1
2
1
1
1
1
1
1
1
1
6
12
8
1
1
1
18
1
1
3
3
1
1
1
1
1
1
1
10
3
1
1
1
2
1
1
1
2
1
1
69
41
2
16
2
14
4
1
1
1
1
1
1
1
1
2
4
1
1
1
6
1
2
2
1
1
2
20
1
3
1
1
5
2
8
1
1
1
1
1
1
1
2
45
458
2
1
1
2
1
5
4
1
1
2
1
7
1
1
1
1
1
2
1
1
1
677
3
1
7
1
1
1
1
6
1
1
1
2
1
1
1
3
3
22
6
1
1
1
2
1
5
1
1
2
1
1
1
1
1
5
1
13
5
1
1
1
1
1
2
1
1
1
6
1
1
2
4
1
1
2
2
1
2
2
1
3
5
5
1
1
1
2
217
19
2
1
5
1
2
1
1
1
512
5
1
1
1
2
1
12
1
1
1
1
1
5
1
6
2
1
27
10
2
5
1
1
1
2
1
1
2
1
45
1
1
1
1
2
1
1
5
1
1
1
1
1
1
1
3
1
1
3
3
1
1
2
3
1
1
7
1
2
4
2
3
1
1
4
1
13
1
4
1
1
1
1
3
1
116
11
2
6
1
13
1
1
2
1
2
5
1
2
6
17
1
1
1
3
1
3
1
6
1
1
2
1
3
1
2
2
3
1
2
1
1
1
1
4
1
1
1
27
2
1
1
1
1
8
31
2
1
3
3
2
2
1
7
1
3
7
5
53
2
2
1
1
3
4
1
4
20
1
11
1
1
1
24
1
17
3
3
6
3
1
1
1
1
1
1
2
3
2
1
24
1
1
8
11
1
1
2
1
1
1
5
1
2
2
1
1
1
13
25
9
1
6
2
12
10
7
1
124
1
4
1
7
2
1
1
1
2
1
12
12
1
1
36
1
1
1
2
1
1
3
7
5
1
2
1
2
30
3
1
1
21
1
1
1
1
1
18
5
53
3
1
73
14
1
19
1
2
1
2
2
2
1
1
1
1
1
2
1
1
1
1
3
3
3
1
2
1
2
1
4
1
1
1
1
3
