2
1
9
6
13
6
2
2
12
2
1
27
5
1
2
1
2
2
41
1
2
1
45
4
1
4
12
2
48
1
27
47
1
5
37
1
2
136
4
4
16
2
15
36
8
2
1
4
4
5
26
110
15
55
4
5
2
2
17
54
2
4
42
10
2
3
2
43
1
6
12
2
4
2
3
3
33
25
8
2
19
1
2
1
5
13
2
4
3
10
6
15
2
5
7
1
1
9
2
7
2
14
1
12
7
2
1
4
53
14
2
9
2
102
20
4
7
53
63
4
3
17
4
2
1
10
1
2
29
11
5
2
1
1
6
25
16
44
2
5
1
16
42
16
2
6
2
17
2
5
11
1
8
8
7
1
1
48
16
19
2
2
32
1
1
2
2
4
1
7
7
12
3
1
12
2
1
5
4
2
3
7
12
1
18
4
2
15
2
23
2
2
2
3
6
6
14
3
24
3
12
5
15
7
2
4
40
10
1
3
8
1
3
1
8
2
1
10
2
6
1
2
5
4
22
17
2
19
5
8
3
13
1
4
50
124
4
52
9
13
9
7
20
12
2
1
26
55
1
1
2
1
16
4
2
5
2
1
3
1
117
12
5
7
31
54
2
2
8
11
2
4
12
7
45
5
9
26
4
2
15
5
2
4
22
41
2
31
1
7
66
6
4
5
16
8
18
2
69
2
3
1
3
1
3
22
2
12
4
21
63
60
1
1
8
1
3
7
17
2
4
16
60
5
20
8
6
26
11
16
14
1
40
13
3
6
77
17
2
4
12
45
46
53
107
12
30
2
1
3
26
2
5
4
3
57
2
24
8
1
1
1
2
55
56
1
19
1
4
33
1
1
2
6
7
20
18
1
1
2
4
2
5
1
2
2
16
6
1
4
1
5
11
2
4
4
1
29
2
2
13
2
8
16
2
3
2
2
2
8
122
35
3
6
2
2
11
20
10
4
33
2
4
1
1
2
4
2
41
21
22
4
7
25
1
2
3
4
3
14
4
2
7
16
3
9
11
6
3
3
9
1
2
2
4
8
16
4
5
3
9
1
9
4
63
4
8
6
1
5
5
3
4
15
1
1
3
1
13
15
1
4
4
5
3
4
25
2
4
4
1
1
1
1
91
12
3
2
2
6
6
3
2
4
1
19
21
22
8
14
2
1
1
10
5
9
40
34
1
47
1
15
7
9
5
2
9
27
4
1
3
1
2
1
4
6
3
1
33
4
9
2
8
7
13
1
12
3
3
56
3
13
2
3
1
9
5
25
2
20
1
1
1
4
13
3
5
2
11
10
2
2
3
3
1
2
10
2
2
1
21
28
15
55
46
13
1
1
15
16
1
2
2
18
4
1
2
9
1
80
1
13
4
8
1
1
24
16
1
4
2
3
30
1
2
3
3
2
5
6
3
3
8
2
2
1
3
4
1
4
3
10
12
45
3
1
21
2
4
4
6
6
2
3
7
2
113
4
6
21
20
11
40
18
16
9
22
1
1
2
2
6
17
3
4
1
5
4
24
1
12
12
3
2
25
6
4
20
2
10
10
1
8
4
62
1
6
6
3
14
7
2
85
4
2
2
1
6
8
2
12
13
1
29
19
2
14
9
1
16
6
1
12
17
16
2
31
1
118
6
2
2
22
2
8
3
1
25
9
14
30
4
2
15
1
3
3
1
25
1
1
5
2
12
4
3
8
1
2
11
14
1
7
1
90
11
22
3
4
2
6
1
3
2
32
1
3
1
16
2
4
3
26
1
38
3
39
27
4
5
1
21
37
12
2
55
2
3
2
70
5
12
7
1
4
8
3
2
13
1
2
13
2
3
2
3
2
5
17
2
12
2
9
2
46
5
16
1
4
1
18
1
5
1
30
1
1
6
2
9
2
1
3
27
3
2
2
1
7
5
9
2
7
1
6
5
2
1
52
23
53
8
4
4
1
5
9
3
14
4
2
2
28
2
2
2
33
60
1
34
19
1
1
5
21
2
3
2
5
4
3
21
55
2
1
14
2
6
21
3
1
2
2
2
7
11
11
3
3
5
5
3
2
2
4
1
14
6
6
4
1
1
12
2
20
1
3
30
1
1
1
5
2
1
1
1
3
1
1
3
34
8
2
4
1
3
1
1
1
2
21
6
10
2
6
4
2
6
7
3
2
12
1
5
21
1
1
5
1
1
3
54
3
1
1
1
4
3
3
15
13
3
7
1
3
75
5
15
7
1
1
2
2
1
19
4
2
6
6
1
2
4
2
3
1
3
1
4
1
7
2
2
25
28
9
8
5
6
44
2
4
26
1
5
4
18
2
5
16
8
8
8
1
7
11
3
1
2
10
39
15
3
5
2
1
1
45
29
1
2
58
3
3
4
18
3
81
1
1
4
1
2
21
3
3
1
1
2
1
2
1
3
21
12
3
51
1
2
2
2
1
14
2
2
23
14
17
2
3
4
72
10
2
8
4
8
42
9
3
2
1
16
2
2
4
7
66
1
2
4
10
2
1
42
2
1
1
21
56
1
4
34
6
1
12
1
1
5
3
1
2
11
2
2
2
1
10
54
3
6
1
1
8
2
2
1
1
4
1
1
3
3
18
2
8
1
1
4
1
32
1
1
1
5
5
4
1
38
11
12
5
37
6
2
6
18
10
1
1
52
4
10
2
19
5
2
30
34
