148
70
222
1547
33
9
141
14
45
1280
90
228
31
55
324
412
1343
460
224
114
2
27
139
34
559
26
22
676
565
687
29
35
158
815
31
480
93
26
35
18
190
418
208
406
86
69
179
134
35
431
1
144
343
261
44
184
16
29
76
29
319
253
10
284
148
63
27
115
240
348
205
1
21
112
1527
89
104
403
911
554
256
897
132
1376
150
569
793
278
76
575
19
107
23
194
30
502
164
1
26
173
1374
568
1
1
29
523
14
68
173
1387
44
127
63
120
27
32
737
50
65
50
387
91
33
223
154
136
11
190
625
1408
115
57
323
114
68
20
82
58
309
35
169
1
91
40
324
70
156
62
7
162
449
47
42
19
390
35
427
284
66
120
20
87
9
4
83
173
7
25
246
313
44
288
1
8
121
39
84
14
1
44
14
97
57
240
10
232
33
96
14
25
150
99
171
36
64
90
8
40
377
33
17
54
9
42
75
78
6
348
110
23
4
82
293
77
12
287
53
17
2
2
23
17
13
323
5
123
514
81
99
26
153
13
395
4
106
4
9
139
71
44
80
15
31
9
197
4
31
6
72
183
73
53
62
850
13
9
127
76
12
372
5
18
24
11
135
23
2
41
3
57
32
473
80
200
609
47
66
16
86
454
30
85
46
948
6
19
30
6
2
212
21
380
128
189
28
13
58
221
14
26
76
34
347
649
115
6
194
434
25
341
346
261
44
1
220
131
207
43
251
362
19
134
633
5
15
2
4
4
144
52
586
1
1
5
62
93
551
111
1
136
306
20
152
100
11
278
335
111
132
602
64
1
8
30
3
275
177
504
45
98
220
412
27
2
3
36
19
14
217
63
5
16
303
128
176
37
211
288
92
195
132
5
2
64
23
2
50
1
37
91
131
19
26
21
266
30
25
64
617
2
7
127
531
266
21
150
328
421
894
443
1244
4
338
36
246
4
43
25
3
109
43
9
90
15
478
27
157
128
230
135
1091
609
33
1
59
32
589
97
108
198
66
178
476
836
71
358
5
1203
169
208
105
224
357
334
42
1217
1
267
9
965
45
1
35
625
182
84
1
1
1
215
362
1
1
1
1
1
1
1
1
1
1
1
1
1
1
1
1
1
1
1
1
1
1
1
1
1
1
1
1
1
1
1
1
1
1
1
1
1
1
1
1
1
1
1
1
1
1
1
1
1
1
1
1
1
1
1
1
1
1
1
1
1
2
1
1
1
1
1
1
1
1
1
1
1
2
1
1
1
1
1
1
1
1
1
2
1
50
1
400
1
1
1
1
1
1
1
1
1
1
1
1
1
1
1
1
1
1
1
1
1
1
1
1166
1
1
1
1
1
1
1
1
1
865
1
343
1
1
7
1
1
1
1
1
1
1
1
1
1
1
1
1
1
1
1
1
1
1
1
1
1
1
1
1
1
1
1
25
1
1
1
2
1
1
1
1
1
1
1
1
1
1
1
1
1
1
1
1
1
1
1
1
1
1
1
1
1
1
1
2
24
1
1
1
1
1
2
1
1
1
1
1
1
1
1
1
1
1
1
1
1
1
1
1
1
1
1
1
1
1
1
1
1
1
1
1
1
1
1
1
1
1
1
1
1
1
1
1
1
1
1
1
1
1
1
1
1
1
1
1
1
1
1
1
1
1
1
1
1
1
1
2
1
1
1
1
1
1
1
1
1
1
1
1
1
1
1
1
1
1
1
1
1
1
1
1
1
1
1
1
1
1
1
1
1
1
1
1
1
1
1
1
1
1
1
1
1
1
1
1
1
1
1
1
1
2
1
392
1
1
1
3
1
1
1
1
1
1
1
1
1
1
1
1
27
1
1
1
1
1
2
1
1
1
1
1
1
1
1
1
1
1
1
1
1
1
1
1
1
1
1
1
1
1
1
1
1
1
1
1
2
1
1
1
1
1
1
2
1
1
1
1
1
122
1
1
1
1
1
1
1
1
1
1
1
1
1
1
1
1
1
1
1
1
1
1
1
1
1
1
192
1
1
1
1
1
1
1
1
1
1
1
2
1
1
1
1
1
1
1
1
1
1
702
1
1
2
1
1
1
1
1
2
335
1
1
1
1
1
1
1
1
1
1
1
1
23
1
1
1
1
1
1
2
1
1
1
1
1
1
2
2
1
1
1
1
1
174
1
1
1
1
1
1
1
1
1
1
1
1
1
1
1
1
1
1
1
218
1
1
1
1
1
1
1
1
1
74
1
1
3
1
1
1
1
1
1
1
2
1
1
1
1
1
1
1
1
1
1
1
1
1
1
1
1
1
1
1
1
1
1
1
1
1
1
1
1
1
1
1
1
312
1
1
2
75
1
1
1
1
1
1
1
1
1
1
1
1
1
1
1
1
2
1
1
1
1
2
1
1
1
1
1
2
1
1
1
1
1
1
1
1
1
1
1
1
1
1
1
1
1
1
1
1
1
1
1
1
1
1
1
1
1
1
1
1
1
1
1
666
1
1
1
1
1
1
2
1
1
1
1
1
1
1
1
3
1
1
1
1
1
1
1
1
1
1
1
1
1
1
1
1
1
1
1
1
1
1
1
1
1
1
1
1
1
1
1
1
1
1
1
1
1
1
1
1
1
1
1
1
1
1
1
1
1
1
1
1
1
1
1
1
1
1
1
1
1
1
2
1
1
1
1
1
1
1
1
1
1
1
1
1
1
1
1
1
1
1
1
1
1
1
1
1
1
1
1
1
1
1
1
1
1
1
1
1
1
1
1
1
1
1
1
1
1
1
1
2
1
1
1
1
1
1
1
2
1
1
2
1
1
1
1
1
1
4
1
1
1
1
1
1
1
1
1
1
1
1
1
1
1
2
1
1
2
1
1
1
1
1
1
1
1
1
1
1
1
1
1
1
1
1
1
1
1
1
1
1
1
1
609
1
1
1
1
1
1
1
138
1
1
1
1
1
1
1
11
12
1
1
1
1
1
1
1
1
2
1
1
1
1
41
1
1
1
1
1
1
73
1
1
1
1
1
1
1
1
1
1
10
1
1
1
1
1
1
2
1
1
1
1
1
1
1
1
1
2
1
1
1
1
1
1
1
1
1
1
3
1
1
2
1
1
1
1
1
1
1
60
1
1
1
372
2
1
1
1
3
1
2
1
1
1
1
1
1
1
1
1
1
1
2
1
1
1
1
1
1
1
1
1
1
1
1
1
1
1
1
1
1
1
1
392
2
1
1
1
1
1
1
1
1
1
1
1
2
1
1
1
1
1
2
1
1
1
1
1
1
1
1
1
1
1
1
1
2
1
1
1
2
1
1
1
1
1
1
1
1
1
1
1
1
1
12
1
1
36
1
1
1
1
1
1
9
1
1
1
1
1
1
1
1
1
1
1
1
1
1
1
1
1
804
1
3
1
1
1
1
1
1
1
1
1
3
1
1
1
10
1
3
1
1
1
1
1
1
1
1
1
1
1
1
1
1
1
1
1
1
1
1
1
1
1
1
1
1
2
3
1
1
1
1
1
1
1
1
1
1
1
1
1
1
1
1
1
1
1
1
1
1
1
1
2
1
1
1
1
2
2
1
1
1
1
1
1
1
1
1
1
2
1
1
1
1
1
1
1
1
1
1
1
2
1
1
1
1
1
1
2
4
1
1
109
1
1
1
1
1
1
2
1
1
3
1
1
1
1
2
1
1
4
1
1
1
1
69
1
2
1
1
1
1
1
1
1
1
2
1
1
1
1
1
1
24
1
1
181
1
270
1
1
1
1
1
1
1
1
1
1
1
1
1
1
1
1
1
1
1
141
1
1
1
1
1
1
1
1
1
1
1
1
1
1
1
2
1
1
2
1
1
1
2
1
1
1
1
1
1
1
1
1
1
1
1
1
1
1
1
1
1
1
1
1
1
1
1
1
1
1
1
1
1
1
1
1
1
2
1
1
1
1
1
1
1
1
1
1
1
75
1
1
1
1
1
1
1
1
1
1
1
1
1
3
1
1
1
1
1
2
1
1
2
1
1
1
1
290
1
1
1
1
1
1
3
1
1
1
1
1
1
1
1
2
1
1
1
1
1
1
1
1
1
2
1
1
1
1
1
1
1
1
1
1
1
1
1
1
1
1
1
1
1
1
1
1
1
1
1
2
1
1
1
1
1
1
1
1
1
1
1
1
1
1
1
1
1
13
1
1
1
1
1
1
1
1
4
1
1
1
1
1
1
72
1
1
1
1
1
2
1
18
2
1
1
3
1
1
31
1
1
1
1
1
1
567
1
1
1
1
1
1
1
1
1
2
1
1
1
1
2
1
1
1
1
1
1
1
1
1
1
14
1
1
1
1
1
2
1
1
1
1
1
1
1
1
2
1
1
1
1
1
1
1
2
1
1
1
2
1
1
1
1
1
2
2
1
1
1
10
1
1
1
1
1
1
1
1
1
1
1
1
2
1
1
1
1
1
1
1
1
1
1
1
1
1
1
1
3
1
3
1
1
1
1
2
1
1
1
4
1
1
1
1
1
1
1
1
1
1
1
1
1
1
1
1
1
2
1
2
561
1
225
1
1
1
1
1
1
1
2
1
1
1
1
1
1
1
1
1
1
1
1
1
300
1
1
2
1
1
1
1
1
1
1
1
1
1
1
1
1
1
2
1
1
1
2
1
1
1
1
2
1
1
1
1
1
1
1
1
1
1
2
1
776
1
1
1
1
2
1
1
4
1
3
2
1
2
1
1
1
2
360
2
1
1
1
1
6
1
1
57
1
2
1
1
1
1
1
1
1
1
1
1
1
1
1
1
1
1
1
1
4
3
1
1
124
2
2
1
1
1
1
1
1
1
1
1
1
4
1
1
1
1
1
1
2
1
1
1
1
1
1
1
1
1
1
1
2
1
1
31
2
1
1
1
1
4
2
1
1
48
3
1
1
1
1
1
4
1
3
1
213
1
1
1
1
1
1
1
2
1
1
1
1
1
1
1
1
1
1
2
1
1
2
1
1
1
1
1
2
2
1
1
1
1
1
1
1
2
1
1
1
1
1
3
4
1
1
1
2
1
23
1
183
2
1
1
842
1
1
1
1
3
1
1
1
1
1
1
1
1
1
1
1
1
1
1
1
1
1
1
1
1
1
1
1
2
1
2
1
2
1
1
1
1
1
1
1
1
2
1
1
1
1
1
1
1
1
1
1
1
1
1
2
1
1
1
1
1
1
31
86
1
1
2
1
1
1
1
1
1
1
1
1329
1
1
1
1
2
1
1
1
1
750
1
1
1
1
1
1
1
1
3
1
1
1
1
2
644
1
1
2
1
2
1
1
1
2
1
1
1
1
108
2
1
1
1
1
2
2
1
1
1
1
1
2
1
1
2
4
2
1
1
1
1
1
1
1
1
1
1
1
1
1
1
1
1
2
1
59
1
2
1
1
1
1
1
1
1
1
1
1
2
1
1
1
1
1
1
1
1
2
1
1
1
1
1
2
1
1
1
1
4
1
1
1
1
1
3
1
1
1
1
3
1
1
1
1
3
1
1
1
1
1
1
2
1
1
1
1
1
5
1
1
1
1
1
1
1
2
1
1
2
1
1
3
1
1
1
1
5
2
1
1
2
1
3
1
1
1
1
1
1
1
1
1
2
2
1
1
1
2
1
1
1
1
1
1
1
1
1
1
1
1
1
4
1
1
1
1
1
1
1
1
1
1
2
1
1
1
2
2
1
2
1
1
1
1
1
1
1
1
2
2
1
1
3
1
3
2
1
1
1
2
1
1
1
1
1
1
1
1
1
1
1
1
3
1
1
1
1
1
2
1
1
1
1
1
1
1
1
1
1
3
1
2
2
1
1
1
1
1
293
1
1
1
1
1
1
1
5
2
1
1
448
1
3
1
1
1
1
93
1
2
1
1
37
1
1
1
1
1
1
1
1
1
8
1
2
1
1
1
4
1
2
1
29
1
1
1
1
1
1
1
6
1
1
1
2
1
1
1
1
1
1
2
1
2
4
1
2
1
1
2
1
1
1
1
1
1
1
3
1
1
1
1
2
1
16
1
1
1
1
244
1
1
2
1
1
1
1
1
1
1
1
1
1
2
2
3
448
1
2
1
1
2
9
1
1
1
1
1
2
1
1
1
1
1
2
1
1
1
1
1
1
1
1
4
1
1
1
1
1
1
1
1
1
1
1
1
2
1
1
1
1
1
1
1
1
1
2
1
2
1
1
1
1
1
1
1
1
1
1
1
229
1
1
2
1
1
1
1
1
1
1
1
1
184
381
1
1
1
1
1
1
1
1
1
2
2
1
1
1
1
2
1
1
1
1
1
2
1
1
1
1
1
1
1
1
1
1
2
1
1
1
1
1
1
1
1
2
1
1
1
1
1
1
1
1
1
2
2
1
1
1
2
1
1
1
1
1
1
1
1
1
1
1
1
1
1
1
1
1
39
1
1
2
1
1
1
1
1
1
4
1
2
1
1
1
1
1
1
1
1
1
1
2
20
1
1
1
2
1
1
2
1
1
1
3
1
2
1
2
1
1
1
1
1
1
1
2
2
1
1
1
1
1
1
1
2
1
2
1
1
1
1
1
47
1
1
1
1
1
1
1
1
2
4
2
146
1
1
1
1
1
1
1
1
1
1
1
1
2
2
1
1
1
1
1
1
1
1
3
1
1
1
1
1
1
1
200
1
1
1
1
1
1
1
1
4
1
1
1
1
1
1
1
2
1
1
1
2
1
1
1
2
1
1
3
1
2
1
1
1
1
1
1
1
1
1
1
1
1
1
1
1001
7
1
1
1
4
1
1
47
2
1
2
1
1
1
2
1
1
1
1
2
1
1
1
1
1
1
2
3
1
5
1
1
50
1
1
1
1
1
1
3
1
2
2
1
1
1
1
1
1
1
2
1
1
1
2
1
1
1
1
1
1
1
1
2
1
1
1
1
1
1
1
1
1
2
1
1
1
2
1
6
1
2
1
1
1
1
2
1
1
1
1
2
2
1
1
1
1
2
1
1
1
2
1
1
1
1
2
1
1
277
1
1
1
1
4
1
1
1
1
1
2
1
1
2
1
3
1
1
1
3
1
1
703
1
1
3
1
1
2
1
1
1
2
1
1
302
1
1
3
1
1
1
2
1
1
1
1
1
1
1
2
1
1
1
1
2
1
1
3
37
1
1
3
1
2
3
1
1
2
1
1
3
1
1
1
2
1
5
2
1
3
1
4
1
1
1
2
1
1
1
1
1
1
1
1
1
1
3
2
1
2
1
1
1
2
1
1
1
1
1
1
1
48
1
1
1
1
1
1
1
1
1
1
1
2
1
1
4
1
1
2
1
1
3
1
1
3
1
1
1
1
2
1
1
3
1
1
1
1
2
1
1
1
1
1
1
1
5
2
2
1
2
1
1
1
1
1
1
1
6
1
1
1
1
1
1
2
1
1
1
1
1
2
1
1
1
1
1
1
1
1
1
1
2
421
1
1
2
1
2
15
1
1
1
2
1
1
1
3
4
1
1
1
2
1
2
1
1
3
2
1
1
59
2
1
1
1
1
1
1
2
4
1
1
1
1
4
1
1
1
1
1
1
2
1
1
1
1
1
2
1
1
1
1
1
8
2
1
2
1
1
131
44
1
2
2
1
1
1
1
1
1
1
1
1
1
1
1
1
452
1
2
1
1
1
1
1
1
2
1
1
2
2
1
1
1
3
2
1
1
1
1
2
1
4
1
1
1
1
1
2
2
1
1
1
1
3
1
1
1
1
1
1
1
1
2
2
1
1
1
1
1
3
1
1
5
1
1
1
1
6
1
1
1
1
1
1
6
1
2
1
3
1
6
1
2
2
3
1
1
1
1
1
2
2
1
6
1
77
1
2
2
1
1
7
1
1
1
1
1
8
1
2
1
1
1
2
1
1
1
2
1
1
8
1
1
1
1
1
2
368
1
1
1
2
1
1
3
2
3
3
1
2
1
2
2
1
1
1
5
1
2
1
1
1
2
1
1
1
2
1
1
1
1
10
1
48
1
2
1
1
3
791
2
1
1
1
2
2
1
1
1
1
2
3
1
1
1
3
1
2
71
2
2
1
1
2
1
1
1
1
1
2
1
2
2
1
1
1
2
1
1
1
1
1
2
1
3
1
2
1
1
1
4
2
1
1
9
4
2
3
1
3
1
1
1
2
1
1
1
1
1
1
1
1
1
1
7
1
1
1
1
89
1
2
1
1
2
2
1
1
1
1
1
1
1
1
1
1
1
3
1
1
1
1
1
1
1
2
2
1
1
2
4
1
1
2
1
1
1
1
1
1
2
1
2
1
1
1
1
1
2
1
1
2
1
1
2
1
2
1
1
1
1
1
1
1
75
1
2
1
2
1
3
3
2
1
2
1
1
1
3
1
6
1
1
1
1
1
1
2
1
2
240
1
1
1
2
1
1
1
72
1
2
1
1
1
1
3
175
1
1
1
2
2
2
1
1
1
1
1
2
2
2
1
30
1
1
1
1
1
2
1
1
2
1
1
1
3
1
1
1
1
1
1
2
1
2
1
3
1
2
2
1
1
2
1
1
1
4
1
2
1
1
1
1
1
1
1
1
1
3
1
3
1
1
1
261
2
1
2
507
1
1
2
2
1
1
1
1
1
1
1
1
3
1
1
1
1
144
1
1
1
1
1
1
1
2
1
1
1
1
1
547
3
1
1
1
1
1
2
3
3
1
1
2
2
1
2
1
1
7
5
1
1
3
1
1
1
1
1
1
2
1
1
1
358
1
1
1
2
2
3
1
5
1
2
2
1
2
3
1
2
1
2
1
17
1
1
1
2
1
1
1
2
1
1
1
3
1
13
4
2
1
122
1
1
1
1
1
1
1
1
1
2
1
1
1
1
1
1
57
1
2
2
1
1
3
1
3
1
2
6
1
1
11
1
4
4
329
347
2
1
1
3
3
3
7
1
2
1
1
1
3
4
2
1
1
5
1
1
1
2
1
1
1
1
1
1
2
1
1
1
1
1
1
1
1
2
3
1
1
2
2
1
1
1
1
2
1
1
2
1
57
1
1
3
1
1
2
1
3
337
1
1
1
1
1
2
27
1
2
1
1
1
1
12
3
1
1
3
1
9
1
1
1
300
1
1
1
1
1
1
2
1
4
1
2
1
2
1
125
1
1
1
1
1
1
1
4
16
1
3
1
5
1
7
2
2
1
1
4
1
1
1
2
1
4
1
4
2
1
1
1
2
1
1
2
2
2
1
1
1
328
2
1
1
2
1
16
65
1
2
1
1
1
1
1
1
3
1
1
1
1
8
1
1
1
1
1
2
2
3
4
1
1
1
1
2
4
1
1
1
1
1
3
1
1
1
2
1
1
1
1
2
1
5
1
2
2
65
3
5
1
1
1
2
1
1
4
2
1
1
1
1
1
1
2
1
1
29
6
6
1
1
1
1
1
418
2
1
1
2
4
1
3
4
1
2
2
1
2
2
1
1
167
11
1
1
242
1
1
1
1
1
1
5
1
1
1
1
2
1
1
1
2
6
1
2
1
1
1
8
1
120
1
4
2
1
1
3
1
1
2
1
1
2
1
2
1
3
2
330
2
1
1
1
1
1
1
1
1
1
3
1
48
1
1
2
1
1
2
1
2
2
9
1
6
1
4
2
1
2
1
1
1
1
1
1
1
1
3
1
1
3
1
1
1
5
1
1
1
3
2
1
1
1
1
1
1
2
1
3
2
2
2
3
1
2
1
2
1
3
1
1
1
2
1
1
1
3
1
1
1
3
1
1
2
1
4
1
2
1
2
1
1
1
1
3
1
1
4
2
1
1
1
1
1
1024
1
1
1
2
1
1
2
2
2
1
1
1
1
1
3
2
2
1
1
4
1
3
1
1
49
2
1
1
1
3
10
1
1
1
2
1
1
1
1
1
1
1
1
3
1
1
1
1
1
2
1
2
1
1
2
2
1
1
2
1
1
9
1
1
1
1
1
3
1
1
1
1
3
1
2
4
4
1
1
1
1
2
2
1
1
1
1
2
4
2
1
1
2
1
1
1
3
1
7
1
1
2
1
1
1
1
2
2
2
1
853
3
3
2
1
1
1
5
2
3
5
1
1
1
2
1
1
1
3
1
2
1
2
1
2
1
2
1
1
1
5
14
1
1
2
1
1
1
1
1
1
1
1
1
1
2
1
1
2
2
1
1
1
2
2
1
1
1
2
1
1
1
2
1
1
2
1
1
1
2
238
1
1
3
2
1
1
1
1
1
1
2
1
1
1
2
1
1
2
1
2
1
1
2
1
2
1
1
1
1
1
2
1
2
2
2
135
4
7
2
1
1
2
1
2
1
1
2
5
1
2
1
1
1
1
1
9
1
4
1
2
3
1
1
1
2
1
1
5
3
1
5
1
1
2
1
1
2
1
1
2
1
3
1
5
2
1
1
1
3
3
1
4
1
2
1
1
2
1
1
1
1
1
3
1
2
1
1
1
2
3
2
1
1
1
5
3
3
1
1
1
3
1
1
1
1
1
1
1
2
3
1
3
1
2
2
1
2
4
1
1
3
3
1
1
3
6
2
3
1
1
1
1
1
6
127
1
1
3
2
3
2
1
3
9
825
2
2
1
1
2
4
1
1
1
1
1
1
1
1
1
1
1
1
1
4
2
1
13
1
1
2
1
2
1
1
3
535
1
1
2
2
1
1
2
1
1
1
2
3
1
1
1
2
1
1
406
1
1
1
1
1
2
1
45
3
1
1
1
1
1
2
3
1
3
1
2
1
1
4
1
1
1
1
1
1
1
571
2
1
1
1
3
3
3
1
2
1
2
1
3
1
2
11
2
3
1
1
1
1
2
1
1
1
1
2
1
1
1
3
1
1
1
2
2
3
1
6
1
1
1
2
2
1
1
1
2
1
1
382
1
2
1
1
1
1
1
1
1
1
3
1
4
1
2
1
3
1
4
37
2
3
2
3
2
1
1
1
2
1
1
2
1101
1
2
3
1
1
1
8
4
1
2
1
1
1
1
1
1
1
1
2
1
1
3
1
1
1
1
8
1
1
4
1
6
3
1
1
1
1
5
1
1
1
1
4
102
1
2
2
3
1
2
3
1
1
481
2
2
1
2
2
1
13
1
4
2
1
1
1
2
6
3
1
2
1
1
1
1
1
1
1
240
11
1
2
2
3
1
1
2
1
1
3
1
1
2
5
5
2
3
1
4
2
6
2
1
7
1
1041
11
1
3
1
3
1
1
4
4
1
1
2
1
83
2
18
1
1
1
1
1
1
2
1
1
6
2
3
2
2
748
1
4
1
1
4
1
2
1
1153
1
1
1
1
1
1
1
2
5
1
2
1
1
1
3
1
7
1
2
1
11
1
1
1
1
1
2
1
1
1
1
2
1
9
1
2
1
1
1
3
1
1
1
1
1
4
1
3
4
1
1
2
1
1
1
1
1
3
1
5
1
1
2
1
3
2
2
2
1
1
5
5
1
3
1
2
10
2
4
1
1
3
1
1
1
1
1
145
1
1
1
2
1
2
1
2
1
2
1
1
1
6
1
1
1
1
5
3
1
1
1
1
1
423
1
1
1
1
1
1
4
1
2
1
6
1
1
1
8
1
5
2
1
1
1
1
1
5
1
2
1
1
2
1
1
1
1
1
1
1
3
1
1
2
1
52
4
1
6
1
3
1
1
1
1
1
1
1
1
1
1
3
2
1
1
1
1
1
3
4
1
1
2
1
1
1
4
2
1
2
2
3
2
1
3
1
4
1
3
2
1
4
1
1
1
1
4
2
1
2
1
1
3
1
1
2
1
1
1
1
21
1
1
79
1
1
2
1
1
1
1
1
75
1
1
4
3
1
1
2
3
1
1
5
1
1
1
3
1
1
1
466
1
4
5
1
4
4
1
2
1
1
2
1
227
1
1
1
1
1
5
1
1
1
1
1
2
1
1
1
1
1
2
4
315
1
1
1
1
6
2
5
1
1
1
2
1
1
1
6
1
1
2
1
1
10
70
1
1
1
1
1
3
3
1
3
1
1
2
1
1
2
3
7
1
4
1
216
1
3
1
1
1
3
1
3
1
2
2
1
1
2
2
1
1
12
1
3
3
1
1
1
3
1
1
1
1
46
4
1
1
1
1
1
1
3
1
1
2
1
1
6
3
11
3
1
1
1
1
1
2
1
3
2
2
4
1
2
1
1
1
2
1
1
1
1
29
1
5
1
2
4
680
1
1
1
2
3
2
1
2
6
1
1
1
1
1
1
1
1
2
1
2
1
4
2
6
1
2
1
6
1
3
1
1
1
2
1
2
1
1
1
1
2
1
1
2
1
2
1
1
2
3
3
4
3
3
1
1
1
2
1
1
1
1
1
1
3
5
4
7
1
1
2
3
3
1
3
1
3
2
3
5
1
2
1
1
1
8
3
325
1
1
1
3
2
2
1
10
3
1
2
2
1
1
2
3
5
1
1
1
1
1
7
876
2
1
4
1
7
4
9
7
2
1
1
1
2
3
1
1
1
3
1
1
1
2
3
1
2
1
6
2
1
2
2
19
3
1
2
1
1
1
1
1
2
11
1
1
1
1
3
1
2
2
2
2
1
1
2
45
1
3
1
5
1
1
2
2
2
2
2
1
1
1
2
4
1
1
1
1
1
1
1
2
1
3
2
1
7
2
1
6
5
6
1
1
1
1
1
1
1
1
101
1
2
6
2
169
1
3
509
5
1
1
5
2
1
8
1
4
3
1
1
1
1
2
1
1
2
6
1
1
1
2
1
284
1
3
2
2
211
1
1
2
1
1
5
389
1
2
355
7
1
3
4
1
1
3
1
5
2
1
1
1
1
1
5
2
1
1
1
2
1
4
1
6
1
1
1
2
3
4
1
4
1
1
5
1
1
2
2
1
1
1
3
2
4
2
2
1
1
3
1
1
1
1
3
1
1
2
4
2
1
2
1
2
1
1
1
3
1
1
1
7
1
1
1
1
1
2
1
3
1
8
8
1
3
1
1
1
6
1
1
1
6
3
1
6
1
5
1
2
1
2
1
3
1
54
1
1
1
471
1
2
2
1
1
1
1
1
2
1
1
7
1
5
2
1
2
1
5
1
2
1
1
8
1
4
3
2
1
4
1
2
5
1
19
1
1
2
1
1
1
1
3
1
2
1
1
1
6
1
9
2
1
1
1
1
15
1
1
1
2
2
4
1
5
2
2
2
1
1
6
1
1
1
1
2
1
1
3
5
1
203
1
2
1
3
1
1
1
1
2
1
1
1
1
1
1
1
2
3
1
7
1
1
4
3
2
4
1
1
1
1
1
1
1
2
1
1
9
3
2
5
4
3
4
1
1
8
8
1
1
7
2
1
1
1
2
2
7
1
1
3
46
1
3
2
2
1
4
1
2
1
2
9
1
4
1
2
192
3
3
2
1
359
2
2
1
1
42
1
2
1
8
3
1
4
4
2
4
1
3
1
4
3
1
3
1
1
4
1
4
3
1
2
2
1
3
1
2
1
2
4
2
8
1
3
5
1
1
1
2
1
2
1
3
2
2
2
1
5
3
1334
1
2
1
1
1
2
2
1
1
3
11
1
1
4
1
2
1
1
3
2
4
1
2
9
1
1
2
1
1
3
2
1
1
2
1
2
1
3
1
4
1
3
9
1
292
1
2
4
1
1
1
5
4
1
2
1
1
3
2
1
5
2
2
12
1
1
4
5
1
2
1
2
4
1
4
6
2
3
8
2
1
1
26
2
2
2
1
2
1
2
3
1
1
9
1
1
1
8
2
264
1
4
2
1
905
37
1
7
5
3
6
7
2
1
1
1
1
2
1
2
2
1
3
3
1
5
2
6
1
2
1
61
3
1
2
2
1
2
2
2
1
2
1
6
1
1
3
1
2
1
1
1
1
2
2
4
10
1
9
4
4
2
1
1
2
3
2
8
2
27
8
2
6
1
3
1
1
1
2
10
10
3
3
1
1
28
2
5
1
12
1
1
8
2
1
1
1
1
1
1
1
1
1
1
4
1
7
2
1
6
1
3
2
4
3
1
2
1
2
1
1
2
2
2
1
1
1
3
63
4
12
1
6
1
1
7
7
28
2
1
2
1
3
6
1
1
5
14
1
1294
17
6
5
3
1
1
2
1
3
1
1
4
6
9
3
1
1
2
1
1
2
1
1
1
2
1
2
5
1
1
1
1
1
3
4
377
1
5
3
2
1
1
8
1
1
6
1
1
1
1
1
5
1
1
1
4
3
1
1
1
2
1
2
4
8
11
1
3
1
2
2
2
2
1
1
2
3
4
19
1
4
8
2
1
1
1
2
1
2
1
6
2
4
2
4
2
2
3
1
1
1
2
2
1
1
1
1
1
1
2
1
1
5
2
134
1
2
1
1
2
12
3
1
1
1199
3
1
1
5
1
2
2
1
4
1
142
1
4
1
1
5
2
2
2
3
2
4
6
8
1
1
1
2
1
1
7
4
1
1
4
4
1
14
10
1
1
1
15
2
1
3
1
1
1
1
2
8
2
1
6
2
1
2
1
1
2
1
6
1
3
1
2
1
1
3
17
3
2
4
10
1
1
1
2
1
2
1
1
1
1
1
5
2
1
1
2
1
1
1
2
1
3
1
2
1
1
2
1
409
16
1
2
3
1
1
1
3
1
3
1
2
1
1
1
1
11
5
1
1
1
2
1
3
1
22
1
3
1
1
2
4
2
1
5
2
1
9
1
2
7
4
6
2
4
2
4
1
5
2
1
5
7
19
2
2
2
1
2
2
1
4
1
8
1
1
1
6
2
1
3
4
3
14
1
66
1
3
1
1
3
2
2
3
1
2
1
2
9
4
1
1
1
2
1
1
2
6
1
1
1
1
1
1
4
3
3
1
1
1
2
3
2
6
1
1
1
1
2
1
2
1
4
1
2
1
2
7
1
1
1
1
1
1
5
1
1
1
1
1
1
6
3
5
2
5
1
6
1
1
132
3
1
2
2
1
2
1
5
1
1
1
2
1
1
1
1
2
1
2
9
2
9
5
1
4
4
1
8
1
6
2
7
1
10
1
1
2
8
10
1
1
4
5
3
1
1
4
2
1
2
1
1
1
24
4
3
4
1
2
2
3
1
1
4
2
9
2
7
1
1
2
1
7
6
12
2
3
1
1
1
1
1
4
1
11
1
1
1
1
1
2
3
3
6
2
1
1
1
1
102
1
1
27
2
1
3
2
1
1
2
3
4
4
3
2
4
6
5
203
1
2
6
1
4
1
1
2
1
1
1
1
9
2
1
1
1
1
3
1
3
3
2
1
4
294
1
4
1
2
2
3
1
7
2
3
1
5
1
2
1
1
1
4
1
1
2
1
1
2
2
6
5
5
1
1
3
1
3
1
6
2
1
1
1
4
1
1
6
1
6
7
13
6
1
1
3
5
2
4
2
1
1
3
3
1
2
4
3
3
1
2
1
4
1
2
1
1
10
1
1
1
5
10
1
4
2
2
1
2
1
3
1
3
4
5
3
1
1
1
1
3
3
89
1
4
1
1
6
2
1
1
3
3
1
2
1
2
1
19
2
1
2
1
2
6
3
1
1
1
5
4
1
2
1
4
1
3
3
878
1
4
23
1
3
1
2
2
1
4
2
8
2
2
4
1
2
4
2
1
7
1
2
2
6
1
1
6
1
10
1
1
1
1
3
1
4
3
7
16
11
1
7
1
4
720
2
4
1
1
4
1
3
1
3
1
4
1
5
11
1
6
2
2
2
1
3
1
1
1
2
1
13
1
2
1
5
2
5
8
1
1
4
2
4
1
7
1
12
1
1
2
1
1
2
5
2
11
2
1
1
3
1
2
2
2
2
1
11
4
2
55
1
6
2
1
3
4
1
6
5
1
2
1
727
6
1
6
3
1
1
1
2
5
1
1
1309
1
1
6
115
4
5
2
1
5
4
1
1
1
1
1
4
1
2
2
2
9
9
1
5
183
5
1
5
4
6
14
6
1
1
1
1
11
1
1
1
1
2
1
4
12
1
1
2
5
2
1
2
2
1
1
3
2
1
5
1
2
1
1
1
1
15
5
2
6
1
2
2
1
2
3
2
2
6
1
6
5
2
3
3
1
3
1
1
10
1
2
5
1
3
1
1
4
1
6
10
3
1
2
1
1
9
3
1
2
1
1
1
5
1
3
2
1
3
5
2
3
2
1
2
4
2
1
3
1
3
5
8
1
11
1092
1
3
2
4
7
2
4
5
5
1
1
1
1
1
444
593
2
1
3
5
1
24
2
1
3
1
3
13
1
5
2
2
1
1
3
38
1
1
3
3
1
13
1
1
1
1
1
7
1
1
18
1
2
2
3
10
1
2
3
2
1
2
6
5
1
18
1
3
5
1
10
11
14
2
11
2
2
1
2
1
1
1
3
1
10
3
2
12
3
1
2
6
3
2
1
1
5
3
3
5
1
1
2
18
1
3
1
2
3
2
2
32
2
1
2
2
1
1
6
4
3
1
1
2
4
1
1
4
1
1
3
1
1
6
1
1
2
9
21
2
4
1
1
11
1
3
2
25
2
1
2
7
4
4
1
8
3
6
4
7
1
1
1
2
6
5
2
2
1
1
1
17
6
4
2
1
1
1
11
1
9
1
4
1
5
2
2
15
1
3
4
2
1
1
9
9
1
2
13
7
1
1
2
1
3
2
2
1
1
3
1
2
1
1
15
14
4
6
1
1
22
2
1
4
7
10
1
1
5
3
4
1
1
1
1
5
1
1
2
2
1
4
3
1
1
1
1
1
10
4
1
3
2
2
7
1
3
1
2
1
1
1
2
1
1
2
1
1
1
2
1
4
2
1
7
2
2
1
4
3
2
5
1
1
1
1
6
4
4
3
6
1
2
1
2
10
1
1
2
12
1
1
3
9
10
2
5
3
2
2
1
2
2
12
2
1
1
3
1
7
1
3
1
3
1
2
1
2
3
1
1
21
1
3
1
3
777
8
2
1
2
1
2
3
2
1
1
2
4
2
1
6
1
3
6
1
2
2
3
5
1
1
1
5
4
3
1
7
2
1
7
1
2
15
1
3
2
2
2
1
9
11
1
1
15
1
2
1
1
8
5
7
6
2
1
1
12
1
4
4
1
2
3
1
9
1
1
1
41
5
5
22
6
17
4
2
1
1
4
8
9
6
4
1
6
1
3
11
1
22
2
1
1
1
1
5
13
4
4
1
37
1
1
3
7
3
2
1
1
12
1
3
1
2
1
4
1
9
2
1267
14
1
3
1
1
1
1
1
1
13
1
1
1
1
6
1
22
1
17
2
2
1
9
13
2
6
184
14
6
1
10
1
2
1
4
2
2
2
4
1
1
15
2
7
1
5
4
1
2
1
3
5
10
1
1
2
297
8
3
3
1
1
1
3
6
15
1
6
3
1
1
3
1
4
1
3
22
1
7
1
44
5
15
2
1
1
6
5
7
3
3
4
1
3
3
1
6
4
1
5
2
81
4
4
4
3
2
18
1
5
3
1
1
4
1
2
3
1
3
1
1
11
1
2
1
1
1
8
1
3
1
1
6
8
552
21
1
9
1
3
1
11
3
48
11
1
3
3
1
1
43
11
1
3
6
10
2
4
173
8
16
1
1
1
2
10
2
2
2
2
2
19
1
1
16
1
2
4
3
1
10
1
3
5
9
3
1
1
7
1
1
2
4
3
137
9
2
6
2
35
1
4
1
619
2
5
2
3
73
1
1
1
9
5
4
6
2
1
3
84
9
4
8
2
4
1
2
3
17
2
6
3
2
1
1
1
1
6
10
7
1
16
1
6
5
2
16
1
1
1
3
30
2
14
6
2
1
2
13
2
10
18
1
1
11
18
1
1
5
2
2
1
1
6
3
1
28
2
101
6
123
1
1
1
2
1
1
19
11
2
1
1
7
2
1
1
4
4
1
4
3
2
1
1
9
1
1
1
2
1
2
1
4
3
15
6
1
1
11
1
4
13
2
477
16
1
22
2
1
2
2
5
1
1
2
5
1
3
1
1
6
8
2
2
6
2
1
8
1
3
1
8
3
1
3
17
1
3
1
6
4
3
1
1
2
4
3
2
1
1
2
1
1
575
2
1
5
6
4
2
43
22
1
1
10
2
19
10
3
4
4
2
1
3
2
1
9
1
1
3
6
3
1
2
29
4
1
1
1
141
1
3
5
1
1
2
17
1
4
37
2
1
4
2
25
1
2
1
11
2
1
3
2
11
3
3
5
4
2
5
13
1
8
2
1
2
5
16
6
16
4
2
1
18
1
5
19
6
1
11
12
4
2
1
6
1
2
61
5
3
1
1
17
8
1
4
36
2
1
1
3
1
3
5
1
1
2
1
5
1
7
2
4
5
4
14
9
1
18
13
3
3
2
1
2
1
4
1
2
1
4
2
1
2
6
1
1
2
1
4
1
1
39
1
2
1
1
1
1
3
1
2
14
3
1
2
3
5
1
2
93
1
1
6
7
2
2
4
37
1
1
31
1
10
7
19
5
1
1
1
1
5
1
1
25
1
6
2
2
1
11
27
23
2
1
4
2
6
20
11
3
5
7
3
5
2
4
7
5
1
1
2
4
1
47
3
3
2
5
1
3
76
14
7
1
2
28
15
4
1
5
4
1
1
23
2
1
8
3
1
2
33
2
4
1
9
1
7
22
4
1
67
3
6
1
3
26
3
12
6
1
16
1
1
2
5
3
20
4
311
3
5
2
1
1
2
23
55
1
2
1
1
1
1
6
1
11
1
9
1
1
1
10
4
966
1
6
8
1
3
4
1
2
27
1
3
22
1
2
2
5
2
1
12
4
9
4
2
8
2
7
22
21
4
7
20
2
3
172
1
2
1
3
2
1
1
1
5
24
7
1
3
1
42
45
5
2
3
8
3
3
1
4
8
6
5
10
57
8
594
11
1
4
1
7
4
12
9
4
1
4
27
1
7
5
1
2
5
1
1
2
2
13
4
12
3
3
1
1
2
1
13
2
2
1
44
1
3
1
1
1
5
7
1
3
5
4
1
1
6
4
5
1
4
5
5
2
16
3
2
26
17
5
5
8
4
1
1
2
4
2
10
12
7
1
7
1
12
1
1
4
6
2
9
9
7
6
1
1
3
49
1
11
1
5
2
5
1
4
2
1
3
2
6
1
1
1
5
2
16
8
1026
2
2
9
1
3
2
6
1
1
1
5
38
12
3
2
16
3
23
5
2
3
1
35
7
1
10
9
1
1
1
1
8
1
22
56
1
1
2
3
2
7
1
1
593
3
1
13
4
22
1
10
1
4
1
1
27
6
4
18
5
1
3
4
1
1118
2
29
16
3
7
15
18
10
50
6
4
5
26
15
2
2
4
12
1
2
1
1
2
1
16
1
4
18
2
1
1
1
3
8
13
11
1
1
5
1
5
2
1
3
1
23
4
3
2
20
6
1
4
5
7
13
14
14
5
1
3
1
1
7
3
1
2
1
13
2
3
1
4
3
1
4
7
1
5
13
22
14
1
8
1
1
1
1
39
4
1
17
1
1
8
1
3
6
3
3
2
2
1
1
5
1
10
2
2
3
1
4
2
7
10
4
1
11
3
44
1
12
2
2
3
4
8
19
5
3
3
1
14
36
1
30
4
1
8
1
3
5
14
2
4
3
2
5
1
9
4
7
13
8
2
1
8
5
5
30
1
1
1
2
14
5
2
1
1
2
1
90
1
5
11
3
1
1
1
1
7
15
2
435
1
13
6
1
370
18
1
10
3
10
40
1
3
4
4
5
116
17
5
2
14
1
12
418
13
2
4
9
1
1
1
1
8
4
1
18
2
22
1
2
4
1
3
6
1
2
7
1
3
17
10
773
1
3
1
1
16
2
10
1
1
30
1
3
2
5
6
4
1
13
2
2
6
2
1
5
6
1
15
1
1
168
1
5
2
1
2
27
1
211
5
2
2
1
7
7
2
6
1
3
1
3
8
1
1
1
3
2
2
14
2
151
11
1
1
10
4
1
3
1
4
6
7
1
14
4
63
5
14
28
4
4
7
12
6
554
1
23
4
1
2
6
1
4
1
1
21
12
2
2
2
7
10
17
1
2
1
2
1
1
1
9
1
16
7
16
12
2
4
19
2
14
12
2
1
4
7
1
2
2
1
2
10
14
12
1
2
5
1
19
10
1
1
1
4
5
9
1
1
4
14
4
5
1
8
5
14
9
1
3
1
15
2
7
6
6
34
2
1
2
82
4
10
2
1
2
17
3
1
1
2
40
9
32
1
5
1
322
1
74
5
1
22
1
1
5
6
10
1
2
8
19
4
5
2
1
32
3
1
5
1
7
11
3
1
3
18
8
1
2
6
3
3
1
5
7
1
2
1
3
5
1
1
148
9
11
3
9
6
6
28
2
16
1
1
3
3
3
31
207
10
32
3
12
1
16
49
34
6
1
11
1
1
35
5
1
8
36
41
4
3
31
2
5
4
3
1
23
6
4
615
3
5
3
2
29
49
18
2
8
2
14
1
8
48
6
6
1
3
1
1
1
1303
11
20
1
1
5
5
2
8
9
7
21
7
1
2
2
1
2
6
5
3
2
3
4
7
3
24
4
38
5
2
1
3
55
4
4
24
8
2
8
38
14
5
1
5
5
26
1
1
882
10
6
11
6
3
1
14
7
3
36
1
10
6
1
16
3
2
41
3
17
6
3
52
9
2
16
3
12
8
9
2
51
3
3
11
1
1
8
1
3
3
2
7
18
5
5
10
1
29
5
4
1
43
11
43
2
1
64
2
4
437
4
5
4
7
5
3
2
2
2
1
3
1
14
8
6
64
3
2
1
1
5
8
6
1
14
1
4
20
1
7
2
2
7
4
3
10
1
2
5
75
32
4
1
8
1
1
1
6
1
53
20
2
9
9
20
1
583
1
1
4
17
6
9
19
2
2
1
1
15
1
1
2
3
2
13
9
1
5
1
35
1
23
1
21
4
9
2
10
10
1
6
370
19
16
6
71
1
3
26
1
1
3
11
7
1
9
30
1
1
9
6
1
92
2
15
7
10
2
1
26
1
21
15
1
14
1
3
1
1
4
58
20
2
1
9
1
6
1
10
228
3
1
23
4
20
8
4
58
1
7
3
27
410
15
4
6
40
32
2
1
28
30
4
10
35
4
12
3
2
3
44
10
1
3
1
9
6
4
12
5
1
1
27
10
4
47
1
4
13
6
58
12
10
1
29
7
11
33
2
10
12
6
13
54
17
6
14
2
8
2
4
2
1
1
3
3
6
3
76
1
25
5
5
12
22
3
6
13
4
3
3
4
7
2
12
3
77
6
1
35
2
3
4
4
2
16
25
3
1
1
2
4
8
4
19
1
18
3
18
1
1
7
5
22
1
64
7
15
2
26
1
8
1
3
31
1
1
8
13
13
1
6
5
41
1
2
263
6
1
2
11
1
9
15
4
2
81
1
477
13
10
14
1
10
1
6
3
4
49
1
4
25
20
11
2
2
5
14
12
4
4
2
7
7
15
44
5
4
1
2
25
2
16
1
8
2
3
41
1
2
13
15
23
2
2
2
1
19
5
4
22
8
22
2
8
3
1
3
72
34
16
9
4
4
15
3
5
1
1
20
9
43
28
26
1
1
3
2
107
8
4
7
8
4
58
2
3
20
1
50
16
11
10
6
6
1
79
1
1
6
24
2
49
15
18
2
7
11
14
24
2
2
2
1
3
1
1
7
5
14
10
10
6
12
1
12
38
9
31
22
12
4
6
1
7
2
2
4
2
13
1
2
3
13
19
21
43
10
8
4
4
31
9
19
4
30
17
2
71
9
4
16
1
6
19
65
3
2
14
64
34
8
14
2
5
6
3
5
2
11
25
3
13
3
16
1
10
6
7
6
9
1
3
3
6
9
3
2
2
1
12
27
4
8
32
1
1
1
5
4
6
26
1
11
1
18
2
3
2
4
12
8
1
4
9
2
4
5
518
14
43
45
44
1
4
4
1
1
9
5
18
1
1
41
3
1
14
39
35
1
2
49
2
1
3
70
2
2
11
22
23
27
1
106
1
14
34
29
10
29
178
6
1
18
3
18
8
2
30
17
43
1
126
16
4
1
48
16
4
5
12
3
5
31
186
3
8
5
2
3
21
7
59
5
1
2
54
6
32
5
4
66
114
51
38
10
4
15
15
45
4
3
9
20
8
1
46
1
12
25
3
11
8
1
5
3
12
1
1
56
24
1
5
3
80
20
3
25
8
89
2
22
7
2
30
2
8
18
3
18
25
1
2
5
41
26
3
11
1
2
3
12
46
6
21
5
6
1
18
10
11
2
31
1
13
20
8
7
15
6
4
5
3
48
3
1
2
4
8
2
395
15
10
11
3
5
37
59
119
8
130
12
24
5
4
5
16
25
1
49
82
34
3
7
7
11
195
16
2
3
1
10
15
1
24
8
1
32
19
380
7
8
22
6
1
1
10
1
15
12
2
2
9
1
4
2
1
4
7
3
245
30
4
11
3
43
95
9
40
3
29
249
8
9
1
72
75
5
54
6
11
1
1
1
1
190
49
18
13
14
70
19
297
25
46
3
10
1
12
1
11
97
14
59
49
2
18
5
34
1
21
24
8
12
7
2
4
72
1
1
5
2
25
14
24
42
201
1
1
9
9
34
11
5
10
3
9
12
1
102
128
101
1
3
8
1
15
22
17
80
8
6
7
3
1
5
9
15
1234
28
2
2
8
21
2
8
8
22
80
166
49
5
119
5
81
1
65
147
1
16
2
58
35
4
1
16
1
55
32
2
39
4
59
4
33
98
31
9
4
1
4
5
6
64
14
804
32
88
67
1
5
4
12
134
386
15
7
56
5
3
17
1
52
4
3
225
2
12
6
32
115
10
1
2
5
4
158
18
2
72
219
17
7
78
2
8
1
19
21
6
1
38
7
19
39
6
63
30
58
1
1
35
6
21
10
51
29
9
1
76
2
7
4
18
38
25
2
12
2
6
40
14
15
17
6
1
129
8
103
7
21
2
3
1
6
7
1
16
46
2
35
1
65
23
5
16
65
203
14
51
17
8
8
6
13
33
21
55
4
8
81
1
12
1
8
22
2
66
3
1
26
2
7
3
134
1
26
9
10
28
8
2
7
3
13
48
4
10
4
46
6
1
1
15
2
2
5
8
4
1
25
1
3
19
18
4
6
3
1
1
25
6
16
6
1
137
63
107
177
171
3
46
22
61
38
7
26
8
61
3
6
16
24
133
1
70
1
33
1
135
18
17
1
18
8
10
2
93
8
156
6
38
41
14
1
1
2
7
28
13
19
130
6
28
2
2
2
18
46
6
1
56
7
2
10
7
35
2
34
14
136
10
5
1
48
23
2
29
3
106
7
20
35
28
4
10
274
99
31
2
9
152
197
27
25
173
1
3
25
3
1
1
5
118
9
7
4
6
9
9
1
25
3
1
1
38
1
7
1
24
1
7
1
1
6
9
169
1
4
22
2
39
8
2
100
5
53
68
1
8
1
27
36
2
39
18
2
28
4
6
18
36
28
3
5
52
49
170
23
3
67
25
21
1
18
28
76
42
1
22
26
2
24
1
44
38
204
2
24
3
11
103
189
7
5
46
2
10
33
256
24
6
26
1
11
21
1
18
7
5
1
8
114
1
1
3
41
89
2
14
7
4
70
12
22
69
18
28
129
1
1
5
37
16
23
21
1
4
78
62
13
1
5
11
3
2
27
7
184
5
4
149
4
1
1
9
52
304
9
4
28
17
1
43
40
95
10
3
67
18
2
12
54
10
7
60
1
11
1
12
6
5
3
82
10
6
70
14
5
10
2
36
6
7
22
41
36
17
4
61
108
193
517
10
108
16
25
6
43
37
175
1
10
21
4
4
55
112
1
2
485
41
38
14
11
55
267
84
26
1
15
1217
3
12
23
51
13
64
93
10
18
29
35
14
52
3
41
1
19
54
137
7
37
8
93
16
81
3
1
43
1
227
117
260
36
2
87
11
1
74
96
28
2
2
14
111
15
86
6
7
17
43
233
7
117
113
148
5
20
10
6
342
106
8
1
63
1
13
13
350
2
48
26
24
4
1
20
3
82
23
82
183
1
6
623
10
968
28
10
1
307
54
5
15
21
2
123
59
1
1
8
33
32
1
129
17
26
9
356
23
176
13
2
29
40
2
65
8
6
116
422
1
19
114
10
59
157
1
1
18
27
7
8
33
1
1
30
62
45
104
5
1
205
55
4
5
19
1
72
4
19
8
17
42
310
1
31
1
104
19
142
498
34
19
82
10
1
31
211
3
238
87
57
64
88
49
16
36
220
20
11
49
24
1
13
6
49
19
8
38
100
5
145
4
35
3
1
59
77
26
329
43
59
134
29
8
4
66
15
14
53
90
32
24
64
39
27
4
6
2
5
6
25
49
52
173
25
55
272
2
83
15
22
30
25
139
2
526
37
225
13
140
3
2
85
26
22
1
3
1087
6
287
7
128
23
1
79
11
49
5
8
90
18
17
7
8
25
4
110
58
98
10
23
338
1
1
81
19
3
244
34
225
140
55
7
120
61
46
17
577
5
19
8
22
97
41
39
11
128
2
318
79
12
47
30
7
1
7
256
1
4
27
127
129
40
144
10
313
10
1
28
2
5
18
10
34
105
57
113
714
1
59
603
1
111
93
224
13
1
197
43
5
112
3
53
26
23
74
7
10
56
1
3
171
96
4
12
1
60
1
7
13
4
4
148
18
17
139
40
37
33
8
104
1
3
1
4
1
1
14
6
6
20
15
8
6
2
53
9
21
68
59
746
29
59
26
148
17
10
1
30
47
21
50
123
67
30
117
78
665
6
5
3
25
1
11
11
3
13
41
1
142
21
83
13
24
294
8
18
226
10
2
1
128
14
1
2
391
26
4
19
10
72
142
130
287
27
62
12
43
1
6
3
143
8
17
80
43
47
163
198
639
116
36
7
1
2
5
102
2
204
24
3
37
9
157
4
7
69
2
23
257
75
131
36
8
15
224
30
48
1
184
36
2
92
23
13
3
70
63
2
5
562
1
10
92
5
38
298
7
91
31
113
32
7
21
21
9
50
280
94
9
30
13
12
84
14
145
48
1
1331
4
5
118
14
37
656
29
27
25
39
13
380
161
210
21
114
2
11
74
1
257
21
18
280
460
357
25
35
78
710
20
389
61
22
8
18
42
416
72
246
69
53
103
8
1
354
1
18
82
53
89
104
8
29
3
27
130
179
10
97
2
61
25
100
114
263
125
1
21
7
293
88
22
169
113
3
255
170
61
211
9
341
565
194
60
449
19
11
8
129
24
419
40
1
26
99
618
83
1
1
24
42
12
2
37
200
44
126
54
81
27
29
25
50
65
34
275
69
17
98
30
106
11
189
14
660
113
39
22
2
44
12
79
56
51
35
127
1
58
5
259
24
538
21
7
136
219
21
25
10
276
13
197
274
10
7
2
77
3
4
1
17
7
6
2
52
4
187
1
6
5
39
23
14
1
34
14
71
48
187
8
2
16
58
14
11
9
78
77
36
14
4
8
37
116
16
16
54
9
19
5
69
6
47
110
21
4
28
292
6
11
65
53
17
2
2
15
17
11
201
5
10
83
13
43
26
109
13
65
4
47
4
9
139
70
43
70
11
31
9
138
2
31
5
72
182
72
50
60
846
13
1
124
48
12
41
5
18
9
5
135
23
2
41
3
51
26
411
526
5
31
47
21
16
28
265
30
81
46
726
6
19
30
6
2
152
16
157
103
150
9
8
46
161
5
3
43
31
138
624
92
6
15
287
23
114
97
261
44
1
194
110
69
43
232
107
19
134
617
4
15
2
4
3
144
52
361
1
1
5
59
62
533
43
1
4
288
20
130
65
11
3
315
109
132
375
6
1
8
30
3
274
163
484
45
44
219
78
10
2
3
36
19
12
205
34
5
16
301
122
176
35
192
269
92
160
132
5
2
64
23
2
48
1
25
91
10
19
26
21
124
22
25
64
612
2
7
127
504
252
21
150
328
418
562
109
916
4
138
10
107
4
38
20
3
109
43
9
90
15
474
27
157
128
90
130
460
601
18
1
58
32
589
97
108
198
66
178
476
829
71
358
5
1203
169
208
105
224
357
334
42
1217
1
267
9
965
41
1
35
625
182
84
