1
1
32
10
70
47
3
35
2
3
7
7
4
12
4
4
1
44
22
3
1
3
1
3
24
4
10
1
36
47
4
2
12
3
1
30
9
11
9
1
3
1
1
2
3
1
28
1
2
4
6
46
32
2
2
3
15
3
7
14
2
9
9
15
10
29
1
1
4
2
10
34
45
2
8
1
5
2
26
4
2
1
13
59
11
20
3
1
1
23
2
19
22
1
12
16
9
19
1
15
3
7
1
9
2
7
2
4
21
31
34
55
8
1
4
2
7
2
3
2
18
4
6
2
18
2
24
1
2
1
3
1
1
11
1
9
1
4
2
4
1
1
1
1
25
11
1
42
17
1
62
2
25
2
47
7
1
4
7
7
2
4
6
27
40
16
2
2
2
1
5
32
5
2
5
16
7
12
18
1
2
1
23
3
2
23
1
6
3
3
1
1
2
1
2
4
3
42
10
46
68
1
24
4
33
12
2
39
1
2
45
1
6
2
7
6
5
10
20
2
1
2
1
17
2
10
16
2
2
3
15
2
44
8
1
4
1
2
2
3
2
13
1
1
1
2
30
2
5
1
10
13
2
2
2
2
5
1
17
5
12
4
13
9
13
9
2
7
1
73
11
4
1
1
1
10
17
1
3
16
22
5
3
31
3
1
17
5
16
11
4
24
2
3
1
7
12
6
6
15
5
10
4
1
33
2
3
12
2
1
3
23
10
17
12
4
15
11
1
1
1
11
5
2
5
2
6
112
7
1
9
4
1
47
81
2
5
1
3
2
5
9
2
4
1
35
4
10
12
7
2
2
4
13
4
3
3
2
1
2
14
1
8
1
4
2
25
24
11
4
16
1
34
15
28
3
6
2
1
2
39
2
5
6
2
5
3
14
2
17
5
6
55
17
9
17
2
2
1
1
5
1
5
6
2
4
6
12
11
29
1
1
17
12
23
11
17
2
2
1
1
2
3
5
11
2
9
13
10
3
2
4
4
14
2
3
19
2
8
2
6
1
3
9
5
5
1
2
2
1
22
2
2
32
2
4
1
22
2
6
20
11
2
10
4
8
2
15
12
1
4
1
1
1
1
1
18
15
6
1
3
2
1
6
7
1
33
2
2
10
5
8
3
3
12
4
5
1
1
3
20
21
39
1
2
13
7
1
16
2
3
4
1
7
1
2
1
2
2
1
1
13
2
3
33
4
2
5
3
10
3
2
45
2
11
1
1
10
12
21
2
1
1
7
16
16
18
3
8
2
11
13
2
4
13
3
31
6
4
34
8
3
7
3
2
52
37
6
2
1
5
6
2
1
1
1
11
2
22
30
17
20
1
6
5
2
2
4
5
11
5
26
2
1
2
6
2
6
35
1
2
2
43
1
4
2
17
22
1
2
33
7
4
17
1
1
8
3
8
18
19
11
1
4
6
4
38
20
11
57
30
10
1
8
1
8
1
2
41
17
2
2
4
3
1
3
7
5
2
5
9
38
8
1
5
7
1
18
2
2
1
8
1
11
3
17
3
49
4
2
19
13
12
3
2
23
4
