1207
7
634
103
832
106
83
400
879
1077
1195
420
28
1867
1535
81
290
444
180
219
769
121
424
131
2
2
160
452
572
657
1703
705
3
327
2
954
414
37
636
153
171
531
56
137
180
2
73
2
243
116
33
1680
280
644
111
62
1721
86
163
1088
785
3
40
503
78
1
17
1680
611
483
35
1851
351
122
47
347
515
129
191
360
3
2
26
160
3
526
2
496
214
305
699
9
7
2
4
3
1141
4
478
6
449
246
17
125
262
302
1493
17
229
106
16
1468
1
80
510
4
1203
42
92
2
2
43
22
16
6
16
306
23
520
796
80
350
2
14
15
22
69
41
1
15
29
9
963
250
6
674
16
4
4
319
30
530
64
74
22
17
11
27
44
6
406
42
54
106
66
6
175
1843
200
537
30
5
57
1459
61
38
43
32
26
53
118
4
572
90
34
92
10
10
5
27
111
58
34
28
85
295
2
28
67
172
2
9
3
1
88
70
76
30
298
27
32
207
104
10
114
28
32
18
241
79
123
76
75
500
127
348
6
71
117
498
15
35
168
6
274
44
45
119
95
3
401
4
108
174
10
284
205
28
460
3
636
118
39
419
16
164
474
42
130
89
98
369
201
20
57
60
23
114
56
40
138
276
10
457
477
21
339
545
46
122
39
335
534
784
307
264
389
109
619
451
288
618
71
807
348
314
163
776
97
388
368
1662
80
10
88
49
3
114
155
541
110
11
6
103
332
383
65
273
72
14
245
612
561
316
427
94
412
