647
409
131
312
143
247
373
94
1484
191
493
650
2129
134
1144
407
2556
102
1367
66
707
104
258
464
11
502
28
128
12
443
647
2421
434
2813
395
57
220
80
324
1598
543
199
384
34
234
1541
154
666
1826
6
117
1074
1126
242
308
1625
387
221
121
974
81
340
563
183
601
16
1388
1279
72
155
53
792
19
51
715
515
279
742
319
1635
59
153
43
647
7
495
39
773
525
62
1310
35
39
1395
1373
878
683
292
58
1298
324
1054
6
1090
11
97
793
497
127
1467
823
644
1025
48
1197
104
57
1876
23
548
3
2517
93
772
294
413
553
540
188
1003
512
1280
171
1
173
437
1
1
1
1
1
1
1
1
1
1
1
1
1
1
1
1
1
1
1
1
1
1
1
1
1
1
1
1
1
1
1
1
1
1207
1
1
1
1
1
1
1
1
7
634
1
1
1
1
1
1
1
1
1
1
1
1
1
1
1
1
1
1
1
1
1
1
1
1
1
1
1
1
1
1
1
1
1
1
1
1
1
1
1
1
1
1
1
1
1
103
1
1
1
1
1
1
1
1
1
1
1
1
1
1
1
1
1
1
1
1
832
1
1
1
1
1
1
1
1
1
1
1
1
1
1
1
1
1
1
1
1
1
1
1
1
1
106
1
1
1
1
1
1
83
1
1
1
1
1
1
1
1
1
1
1
1
1
1
1
1
1
1
1
1
1
1
1
1
1
1
1
1
1
1
1
1
1
1
1
1
1
1
1
1
1
1
1
1
1
1
1
1
1
1
1
1
1
1
1
1
1
1
1
1
1
1
1
1
1
1
1
1
1
1
1
1
1
1
1
1
1
1
1
1
1
1
1
1
1
1
1
1
1
1
1
1
1
1
1
1
1
1
1
1
1
1
1
1
1
1
1
1
1
1
1
1
1
1
1
2
1
1
1
1
1
1
1
1
1
1
1
1
1
1
1
1
1
1
1
1
1
1
1
1
1
1
1
1
1
1
1
1
1
1
1
1
1
1
1
1
1
1
1
1
1
1
1
1
1
1
1
1
1
1
1
1
1
1
1
2
1
1
1
1
1
1
1
1
1
1
1
1
1
1
1
1
1
1
2
1
1
1
1
1
1
1
1
1
1
1
1
1
1
1
1
1
1
1
1
1
1
1
1
1
1
1
1
1
1
1
1
1
1
1
1
1
1
2
1
1
1
1
1
1
1
1
1
1
1
1
1
1
1
1
1
1
1
1
1
1
400
1
1
1
1
1
1
1
1
1
1
1
1
1
1
1
1
1
1
1
1
1
1
1
1
1
1
1
1
1
1
1
1
1
1
1
1
1
1
1
1
1
1
1
1
1
1
1
1
1
1
1
1
1
1
1
1
1
1
1
1
1
2
1
1
1
1
1
1
1
1
2
1
2
1
1
1
1
1
1
1
1
1
1
1
1
1
1
1
1
1
1
1
1
1
1
1
1
2
1
1
1
1
1
1
1
1
1
1
2
1
1
1
1
1
1
1
3
1
1
1
1
1
1
1
1
1
1
1
1
1
1
1
1
1
1
1
1
1
1
1
1
1
1
1
1
1
1
1
1
1
1
1
1
1
1
2
1
1
1
1
1
1
1
2
2
1
1
1
1
2
1
1
1
1
1
1
1
1
1
1
1
1
1
1
1
1
2
1
2
1
1
1
1
1
1
1
1
1
1
1
1
1
1
1
1
1
2
1
1
2
1
1
1
1
1
1
2
1
1
2
1
1
1
1
1
1
1
1
1
1
1
879
2
1
1
1
1
1
1
1
1
1
1
1
1
1
1
2
1
1
1
1
1
1
1
1
2
1
1
1
1
1
1
1
1
1
1
1
1
1
1
1
1
1
1
1
1
1
1
1
1
1
1
1
1
1
1
1
1
1
1
1
1
1
1
1
1
1
1
1
1
1
1
1
1
1
1
2
1
1
1
1
1
2
1
1
1
1
1
1
1
1
1
1
1
1
1
1
1
1
1
1
1
1
1
1
1
1
1
1
1
1
1
1
1077
2
1195
2
1
1
1
1
1
1
1
1
1
1
1
1
1
1
1
1
2
1
420
1
1
1
1
1
1
2
1
1
1
1
1
3
1
1
1
2
2
1
1
1
1
1
1
1
1
1
1
3
1
1
1
1
1
1
1
1
2
1
1
1
2
2
1
1
28
1
1
1
1
1
2
1
1
1
1
1
2
1
1
2
1
1
1
1
1
1
1
1
1
1
1
2
2
1
1
1
1
1
1
1
1
1
1
1
1
1
1
1
2
1
1
1
1
1
1
2
1
1
1
1
1
1
1
1
2
1
1
2
1
1
1
1
1
1
1
1
1
1
1
1
1
1
1
1
1
1
1
1
1
1
1
2
1
1
1
1
1
1
1
1
2
1867
1
1
1
1
1
1
1
1
1
1
1
1
1
1
1
1
1
1
2
1
1
1
1
1
1
1
1
1
1
1
1
2
1
1
1
1
1
1
2
1
1
1
1
1
1
1
1
1
1
1
1
1
1
1
1
1
1
1
1
2
1
1
1
1
1
1
1
1
1
1
2
1
1
1
1
1
1
2
2
1
1
1
1
1
1
1
1
1
1
1
1
1
1
1
1
1
1
1
1
1
1
1
1
1
1
1
1
1
1
1
1
1
1
1
1
1
1
1
1
1
2
1
1
1
1
1
1535
1
1
2
1
1
1
1
1
3
1
1
1
1
1
1
1
1
1
1
1
1
1
1
1
1
1
1
1
1
1
1
1
1
2
1
1
1
1
3
1
1
1
1
1
1
1
1
1
1
1
1
1
1
1
1
1
1
1
1
1
2
1
1
1
1
2
1
1
1
1
1
2
1
1
81
290
1
1
1
2
1
1
1
2
1
1
1
1
1
1
1
1
1
1
1
1
1
3
1
1
1
1
1
1
1
1
1
2
1
1
3
1
2
1
1
3
444
1
1
1
1
1
1
1
1
3
1
1
1
2
1
1
1
1
180
1
1
1
1
1
1
1
1
1
1
1
1
1
1
1
1
1
1
1
1
1
1
1
1
1
1
1
1
1
1
1
2
1
1
1
3
1
1
1
1
1
1
1
2
1
1
1
1
1
1
1
1
2
1
1
1
2
1
2
1
1
1
1
1
1
1
2
1
1
1
1
1
1
1
1
1
1
1
1
2
1
1
1
1
1
1
1
1
1
1
1
1
1
2
1
1
1
3
2
1
1
2
1
219
1
1
1
1
1
2
1
1
1
1
1
1
1
1
1
1
1
1
1
1
1
1
1
1
1
1
1
2
1
1
1
1
1
1
1
2
1
1
1
2
1
1
2
2
1
2
1
1
2
1
1
1
1
2
2
1
1
1
1
769
1
2
1
1
1
1
1
1
1
1
1
1
2
1
1
1
1
1
1
1
1
1
1
1
1
1
1
1
2
1
1
2
1
1
2
1
1
2
2
1
2
3
1
1
1
2
1
1
2
1
1
1
1
3
1
1
1
2
1
1
1
2
1
1
1
1
1
1
1
1
3
1
1
1
1
1
2
1
1
1
1
1
2
1
2
3
1
1
1
121
1
1
1
1
1
1
2
1
1
1
1
1
1
1
1
1
1
1
1
1
1
1
1
1
1
1
1
4
1
1
1
2
2
1
2
1
1
2
1
2
1
2
1
1
1
1
1
1
1
1
1
2
1
1
1
2
1
1
1
1
1
1
1
1
1
1
1
1
1
1
1
1
1
1
1
1
1
1
1
1
1
1
1
1
1
1
1
1
6
1
1
1
1
1
1
2
1
1
1
1
1
1
1
1
1
1
1
1
1
1
1
1
1
1
1
1
1
1
1
2
1
1
1
1
1
1
424
1
1
1
1
1
1
1
1
1
1
1
1
1
1
1
1
1
1
1
1
1
1
1
131
1
1
2
1
1
1
1
1
2
1
1
1
1
2
1
1
1
1
1
1
1
5
1
1
1
2
1
1
2
1
1
2
1
1
1
1
1
1
1
1
1
1
1
1
1
1
1
1
1
1
1
1
1
2
1
1
1
1
1
1
2
2
2
3
2
2
1
3
1
1
1
2
1
2
1
1
5
1
1
1
1
1
1
1
1
1
1
1
1
1
1
1
2
1
1
1
1
1
1
1
1
1
1
1
1
1
1
1
1
1
1
1
2
1
1
1
1
1
1
1
4
1
1
1
1
1
1
2
1
1
1
1
3
1
1
1
2
1
1
2
1
1
1
1
3
1
1
1
1
1
1
1
1
1
1
160
2
1
1
1
1
1
1
1
1
1
1
1
1
1
1
1
1
1
1
1
1
452
1
1
1
1
1
1
1
1
1
1
1
1
1
1
1
1
1
2
1
1
1
1
2
1
1
1
4
1
1
1
1
1
1
2
2
1
1
1
1
2
1
1
1
1
1
572
1
1
1
1
1
1
1
1
1
1
657
1
1
1
2
2
1
1
1
1
1
1
1703
1
1
1
1
3
1
2
1
1
1
1
1
1
2
2
1
1
1
2
1
1
2
1
1
4
1
2
1
3
2
1
1
1
1
3
1
2
2
1
2
1
705
2
1
1
1
3
1
1
1
1
1
1
1
1
1
1
1
1
1
2
1
2
1
1
1
1
1
1
1
1
1
1
2
1
1
1
1
1
1
1
327
1
3
1
2
1
1
1
2
1
1
1
1
1
1
2
1
1
3
1
1
1
1
1
3
1
1
3
1
1
2
1
2
1
2
3
2
1
1
1
1
2
1
1
3
1
1
1
1
1
1
1
1
1
1
1
1
3
2
1
1
1
1
1
1
1
1
1
2
1
1
2
1
1
1
2
1
1
1
2
1
1
1
1
1
1
1
1
1
1
1
1
1
1
1
2
1
1
1
2
1
1
1
1
1
1
1
6
1
1
3
2
1
1
1
1
1
1
1
1
1
1
1
1
1
1
1
1
2
1
2
1
1
1
1
1
3
3
1
1
1
1
1
1
1
1
1
2
3
1
954
1
1
414
1
1
1
2
1
1
1
2
1
2
1
1
1
1
3
1
1
1
1
1
1
1
5
1
1
1
1
1
1
1
1
1
1
1
1
1
4
1
1
1
1
1
1
1
1
1
1
1
2
1
1
1
1
1
1
2
6
3
1
1
1
1
2
1
1
3
1
1
1
1
1
1
2
1
5
4
1
2
1
2
1
1
37
1
1
1
1
1
1
3
6
1
1
1
1
1
1
1
1
1
1
2
1
3
1
1
1
3
1
1
1
1
3
1
1
1
1
1
1
2
1
1
1
2
1
1
1
1
3
1
1
1
1
2
1
1
2
1
2
2
1
1
1
1
1
1
1
3
1
1
1
2
1
1
1
1
1
1
1
1
1
1
1
1
1
1
1
1
1
1
1
1
3
1
1
1
636
1
3
2
1
1
1
1
3
1
1
2
1
1
1
1
1
2
3
1
1
1
1
1
1
1
2
1
1
1
4
1
2
1
1
2
1
1
1
1
1
1
1
1
3
3
2
2
1
1
1
1
1
1
1
1
1
1
3
1
3
1
2
2
1
1
1
1
1
1
1
1
2
1
1
1
1
1
1
1
1
1
1
1
1
1
1
1
1
1
1
1
2
1
1
1
1
1
1
1
1
1
2
1
1
1
1
2
2
2
1
2
1
1
1
2
2
1
1
2
1
1
1
1
1
3
1
2
17
2
1
1
2
1
1
2
1
1
3
1
1
1
1
1
1
2
2
1
1
1
1
1
1
2
1
1
1
2
1
1
1
1
1
1
1
2
1
1
2
1
1
1
2
2
1
1
1
2
1
1
1
1
1
1
1
1
1
1
1
1
1
1
1
2
2
1
1
1
1
1
1
1
1
1
1
1
1
1
1
1
1
1
1
2
1
2
1
1
2
1
3
1
2
1
1
1
1
1
1
1
1
1
1
1
1
1
1
1
1
1
1
2
1
1
1
1
2
1
1
1
1
1
1
2
1
1
1
1
2
1
1
2
1
1
1
1
1
1
1
1
1
1
1
1
1
1
1
1
2
1
1
3
1
2
1
1
1
1
3
1
1
1
2
1
1
1
1
1
1
1
1
1
1
1
1
1
1
3
1
1
1
1
1
1
1
2
1
1
153
1
1
1
4
3
1
1
1
1
1
1
2
1
1
1
2
1
2
1
1
1
2
1
1
5
2
1
3
1
2
1
1
1
2
1
1
2
2
1
1
2
1
1
1
1
2
1
1
1
1
1
1
1
1
1
2
1
1
1
1
1
2
1
1
1
4
1
1
1
1
1
1
1
1
1
6
1
1
1
1
1
1
1
1
1
2
1
1
7
1
1
1
171
2
1
1
1
1
2
2
1
2
1
1
1
1
1
5
2
1
1
20
1
2
1
4
1
1
1
1
1
1
1
1
1
2
1
1
2
1
2
1
3
3
1
1
1
1
2
1
1
2
1
1
6
1
2
1
1
2
5
1
1
4
1
1
1
3
1
1
1
1
3
1
6
1
1
1
2
1
2
2
1
1
2
1
2
1
2
1
1
1
1
1
531
1
1
1
1
2
2
1
2
1
4
1
5
1
1
1
2
1
2
2
1
1
2
1
1
1
3
1
1
2
1
1
1
3
1
1
1
1
1
2
1
2
1
1
1
1
1
2
1
3
1
1
2
1
1
1
1
1
2
5
2
1
1
1
1
1
1
1
1
1
1
1
3
1
2
1
2
1
2
1
1
2
1
1
2
1
1
1
2
2
1
2
3
1
1
1
1
1
1
1
1
1
1
2
1
1
1
2
1
1
1
1
21
2
2
1
1
1
1
1
1
2
1
4
1
1
1
1
1
1
1
1
1
1
1
1
1
1
1
1
1
1
56
1
1
1
1
1
1
1
1
1
1
1
1
1
1
8
1
1
1
1
3
1
1
1
1
1
1
1
1
2
1
2
1
1
1
2
2
2
1
1
1
1
1
1
1
1
1
1
1
137
1
1
2
1
1
5
1
1
1
1
1
2
1
1
1
2
1
1
3
1
1
5
3
1
1
1
1
1
1
2
1
1
1
1
1
1
1
2
1
1
1
2
1
2
180
2
1
1
1
1
1
1
1
6
2
1
2
2
1
1
3
1
2
2
73
4
1
1
2
1
1
2
4
1
1
2
3
1
1
1
1
2
1
2
1
3
1
1
1
1
1
1
1
3
11
1
1
1
1
1
5
3
2
1
1
1
1
2
1
3
1
243
1
1
1
1
1
2
5
3
3
1
1
2
1
1
1
1
116
1
1
1
1
1
1
1
1
1
2
3
1
1
2
1
2
1
1
1
1
1
1
1
2
1
1
1
1
1
1
1
1
1
1
1
1
1
1
3
1
1
1
1
1
1
1
1
1
1
2
1
1
1
2
1
1
1
2
1
2
4
1
1
1
1
1
1
1
1
1
1
1
1
2
1
2
1
3
1
2
1
1
1
1
2
1
1
1
1
1
1
1
6
2
2
1
1
1
3
2
1
1
1
1
1
1
1
2
1
1
1
1
1
1
1
1
1
3
1
1
1
1
1
1
4
33
1
1
2
1
1
2
5
4
1
1
1
1
1
2
1
3
1
2
1
3
1
1
1
1
2
2
1
1
1
2
1
1
1
1
1
1
2
1
1
1
1
4
5
3
1
1
1
2
1
1
2
1
3
1
1
2
2
1
1
1
2
3
1
2
2
1
1
1
1
1
1
2
1
1
1
1
2
2
1680
1
2
1
1
2
1
2
2
1
1
1
1
1
1
1
1
2
1
1
3
1
1
1
1
1
1
1
1
1
3
1
2
3
2
1
1
3
1
280
1
1
2
1
1
1
1
1
1
1
2
1
1
1
1
1
2
1
1
2
1
2
1
1
3
1
1
1
1
1
3
1
2
1
5
1
1
5
1
3
1
1
2
2
2
1
1
1
1
1
3
1
1
1
1
1
1
1
2
8
1
1
1
1
2
2
1
2
1
1
1
2
3
1
1
1
1
1
2
1
1
1
1
2
1
1
1
1
1
1
3
1
4
1
1
1
1
13
1
2
2
1
1
1
2
3
1
1
1
4
1
2
1
5
1
1
1
1
1
2
1
2
1
1
2
1
2
2
2
2
1
1
1
1
1
1
1
1
1
1
2
1
3
2
2
1
1
2
1
2
1
2
1
1
1
5
2
1
1
1
1
1
1
2
1
1
1
1
1
2
1
1
1
1
1
1
2
1
1
2
1
1
3
2
1
1
1
5
1
1
2
2
1
5
1
2
1
2
1
1
1
2
2
1
1
3
3
2
1
3
1
1
3
5
1
2
5
5
1
1
1
644
1
2
1
1
2
1
1
2
1
2
1
1
1
2
2
1
1
1
1
2
1
1
1
5
1
2
3
1
1
1
2
1
1
7
1
1
3
1
4
1
1
1
2
1
1
3
111
1
1
1
2
1
2
1
7
1
1
1
1
1
2
1
1
1
1
1
1
2
1
3
2
5
1
1
4
4
2
1
1
1
1
4
2
2
1
1
1
2
1
1
2
2
1
1
18
1
1
2
1
4
1
1
1
1
2
3
2
1
1
1
1
2
1
1
1
1
1
1
2
2
1
2
1
1
4
2
1
1
1
1
1
1
1
1
4
3
3
11
1
1
1
1
2
1
1
1
1
1
1
1
2
2
1
1
1
1
1
1
1
3
4
1
1
1
7
1
2
1
2
2
1
1
1
1
1
1
1
1
4
3
2
1
1
2
2
1
1
1
3
1
1
1
1
1
1
6
1
2
1
1
2
2
1
1
1
1
1
2
1
2
1
3
4
1
1
1
3
1
1
1
3
1
1
1
1
1
1
1
1
2
5
62
1
1
2
4
1
1
1
1
1
1
2
3
2
1
2
1
1
1
4
2
1
1
4
1
2
1
1
1
1
1
1
1
2
1
1
1
1
2
5
3
1
1
1
1
1
1
1
1
2
7
1
3
3
1
1
1
1
1
1
2
1
1
6
5
2
1
1
1
1
1
1
1
1
2
1
1
1
1
7
3
2
1
1
1
1
1
1
3
1
1
1
3
4
1
1
2
2
1
5
1
8
2
3
1
3
2
1
2
1
1
1
1
3
1
4
5
1
1
2
1
4
3
1
2
3
1
1
1
1
1
1
1
1
3
1
7
2
1
3
1
1
3
2
1
5
1
1
1
1
1
1
1
1
1
1
1
1
1
2
1
3
6
2
1
1
2
5
2
1
2
1
2
1
1
1
1
1
2
1
1
1
1
1
1
1
1
1
2
4
3
2
1
2
1
1
4
1
1
1
1
3
2
1
1
1
1
1
1
1
1
1
4
1
2
1
1
1
1
1
1
1
1
2
1
1
1
2
3
1
4
1
1
3
1
4
1721
1
4
1
1
1
1
1
6
5
10
1
4
6
1
1
1
1
2
1
1
2
1
1
2
2
1
1
1
2
2
1
2
2
1
7
4
1
1
2
6
1
1
1
3
1
1
2
1
3
1
2
2
1
1
3
1
3
2
1
1
1
1
2
2
1
1
1
1
8
2
1
1
1
1
2
1
1
1
1
1
1
1
1
1
1
2
1
1
6
1
2
2
2
1
1
1
1
2
1
10
1
1
2
1
1
1
1
2
1
86
1
1
3
1
2
2
2
1
1
2
4
1
1
5
1
1
1
3
1
4
2
1
3
1
1
1
1
1
1
5
1
1
2
1
1
1
1
1
2
3
3
2
1
2
1
1
1
1
2
1
1
1
1
2
1
3
1
1
2
1
4
1
1
3
1
2
2
5
1
2
1
2
1
1
1
3
2
2
1
2
1
1
1
2
3
163
1
1
1
2
1
8
1
1
1
1
1
1
1
1
1
1
5
1
1
1
2
3
1
1
1
3
2
2
1
3
1
2
1
1
2
1
1
1
1
2
1
2
4
1
1
3
1
3
1
4
1
1
1
1
1
2
3
1
4
2
1
5
1
2
1
1
1
1
1
3
1
2
1
1
1
1
3
1
1
1
2
1
1
1
2
2
5
1
3
1
2
1
2
1
2
1
2
2
2
1
9
1
2
1
1
1
1088
2
1
1
1
2
1
2
785
1
1
1
2
1
1
1
3
2
1
1
1
2
1
2
3
3
1
2
1
2
1
4
1
1
1
1
1
1
1
1
2
2
2
2
2
1
1
6
1
1
2
1
2
1
3
1
2
1
2
1
1
1
1
2
3
1
2
3
1
1
1
1
1
4
3
4
1
3
2
1
3
1
3
1
2
6
3
2
1
1
1
4
1
4
1
1
1
1
1
1
4
1
1
1
1
1
2
2
1
1
4
1
1
2
1
2
1
4
1
1
2
1
1
1
2
1
1
1
1
1
1
1
3
2
2
1
1
1
40
3
3
1
1
2
1
1
2
1
1
5
4
1
6
1
1
1
1
2
3
1
1
1
2
1
1
2
1
3
1
1
1
1
1
1
1
1
1
2
1
1
1
1
503
1
1
3
4
2
1
2
1
3
1
4
2
1
2
1
4
2
2
2
1
1
1
5
1
1
1
1
1
1
1
1
3
1
2
1
1
2
2
4
1
1
1
2
2
2
1
1
78
1
1
2
2
2
1
1
2
3
1
1
1
2
4
1
3
2
1
3
1
1
1
3
3
2
3
1
1
1
2
4
1
1
1
1
2
1
3
3
5
3
1
1
4
2
1
1
2
5
1
1
6
1
1
1
1
1
1
2
1
8
1
2
1
2
1
1
3
1
1
1
3
2
1
4
1
2
2
1
3
1
1
2
1
1
1
1
1
5
1
1
1
1
1
2
1
1
1
1
1
1
11
6
1
1
1
2
3
6
1
4
1
2
1
1
1
1
2
1
1
1
1
1
1
1
4
1
3
4
2
1
4
2
1
2
1
1
1
1
1
1
2
2
6
1
1
2
1
5
1
2
7
1
2
2
2
2
1
1
1
2
2
1
1
1
1
1
1
3
1
1
1
3
1
1
2
1
12
1
1
1
1
6
1
17
4
1
5
2
1
1
1
1
1
2
5
1680
1
2
1
611
1
1
1
1
1
1
1
1
1
1
1
1
2
1
2
1
1
1
1
3
1
1
3
1
12
1
1
2
1
3
2
1
3
2
1
1
1
4
3
2
3
1
2
5
1
4
1
9
1
1
1
1
1
2
1
1
1
1
4
1
1
2
1
2
4
2
1
5
1
1
1
2
1
4
1
3
2
1
1
1
1
4
1
2
1
2
1
1
2
1
1
1
1
1
1
3
1
1
2
2
1
1
2
3
1
2
3
2
3
1
1
1
2
2
3
1
1
1
3
4
1
2
2
1
1
4
1
2
1
2
1
483
1
5
3
35
1
2
1
1
1
2
2
1
2
2
5
1
1
1
1
1
1
2
2
4
3
1
2
2
1
5
1
1
1
2
4
2
1
1
2
2
14
2
1
2
1
1
1
2
5
1
1
1
2
1
1
1
1
1
2
4
1
1
1
2
1
1
2
3
1
1
6
1
1
1851
2
2
2
2
2
1
2
2
1
4
1
1
1
1
1
1
2
2
6
3
2
3
1
1
2
1
4
1
1
1
1
7
1
2
1
1
351
1
1
2
1
1
122
2
1
2
2
4
5
1
1
4
1
1
1
1
1
1
1
10
2
1
1
1
2
47
6
347
1
1
1
1
1
1
1
3
1
2
1
1
3
2
1
1
1
5
2
1
6
1
2
7
1
3
1
2
11
1
2
3
2
1
10
1
1
1
9
5
1
1
2
3
1
1
1
2
1
1
4
1
1
3
2
2
1
4
8
5
4
2
1
2
1
2
1
1
1
1
1
1
1
2
3
3
1
1
1
1
4
1
2
1
4
2
2
2
1
1
3
1
7
1
2
2
1
1
1
1
1
1
7
1
1
3
1
1
1
1
2
1
2
2
2
2
4
11
2
1
5
1
1
1
2
515
2
1
1
1
6
1
1
2
1
1
1
1
1
1
9
1
8
1
8
2
4
1
2
1
1
5
1
1
3
1
1
1
1
1
2
1
1
5
9
2
1
1
10
3
1
1
129
1
3
1
1
4
3
1
3
1
191
4
1
3
3
10
2
2
2
1
1
2
5
1
6
2
1
1
1
1
2
1
4
2
2
1
1
3
5
2
2
1
3
1
11
1
6
1
2
1
1
1
1
5
1
2
2
3
2
1
1
2
1
360
1
2
2
1
3
1
3
1
18
1
1
3
1
1
1
9
2
1
1
4
1
1
2
1
2
1
1
2
1
1
1
1
1
1
1
1
1
1
1
2
2
2
5
1
1
3
1
1
2
2
1
1
3
2
1
4
1
2
1
2
6
1
1
1
1
1
1
2
2
1
5
2
2
1
1
2
1
2
2
2
6
1
1
4
2
4
6
1
2
3
1
6
1
3
2
6
1
2
2
1
1
1
1
1
1
1
4
1
1
3
1
1
1
1
1
1
4
4
3
1
1
2
1
8
6
1
1
7
7
1
3
3
2
1
10
1
1
1
2
3
1
1
4
1
2
1
2
2
1
3
1
7
2
1
1
4
2
1
1
1
2
3
6
1
4
5
1
3
1
2
2
1
2
2
1
3
1
2
2
1
25
2
1
2
2
3
2
1
1
2
1
1
1
1
1
2
1
2
1
1
1
1
2
3
1
1
1
1
2
3
7
1
2
1
1
1
1
3
1
1
3
3
1
3
1
1
3
1
3
1
4
3
3
22
2
3
1
3
11
3
2
1
3
2
2
1
2
6
7
4
2
1
7
1
4
1
5
1
2
1
1
6
1
1
3
1
1
2
6
1
7
1
3
1
2
1
3
2
1
1
4
1
1
2
1
1
3
1
2
1
3
1
1
11
1
1
2
2
12
1
1
4
1
3
1
3
7
1
2
5
3
2
1
1
1
1
4
6
1
2
1
1
12
1
2
1
1
10
4
1
1
3
1
1
3
4
2
1
1
5
1
2
1
1
1
1
2
2
8
1
5
2
2
2
1
1
1
3
1
1
2
1
1
2
2
2
1
1
5
9
8
6
1
2
1
2
1
2
2
1
3
2
6
14
1
1
1
3
2
3
3
1
2
1
7
3
2
3
2
3
2
4
1
2
1
2
3
1
2
1
1
1
1
1
1
10
2
2
3
4
5
1
6
1
2
1
1
8
1
5
2
1
6
1
3
1
3
1
4
2
4
9
1
1
4
4
1
1
2
1
1
5
8
3
1
2
6
3
4
1
1
5
3
1
3
5
8
2
1
1
1
3
26
3
3
6
4
3
1
1
1
1
10
1
1
160
1
2
5
4
1
2
1
3
1
4
3
2
1
1
2
4
1
1
1
1
1
1
4
6
1
2
2
2
1
1
3
2
2
1
2
1
1
7
1
5
1
4
4
3
1
2
8
2
1
1
2
1
1
2
6
1
2
3
5
2
2
7
2
3
1
4
1
1
2
2
5
1
1
4
6
2
2
1
6
2
1
2
12
1
3
1
2
6
1
1
3
5
1
2
1
1
1
3
1
6
1
1
2
3
5
9
5
14
2
2
1
5
1
5
4
3
6
7
2
1
1
1
2
5
12
1
2
19
2
2
1
1
1
2
3
3
2
4
1
1
4
1
9
12
5
2
1
1
13
10
1
1
4
1
4
1
4
2
12
1
2
4
3
19
1
2
6
1
2
1
1
1
2
1
2
1
8
10
3
1
6
3
1
6
1
2
1
3
7
3
15
4
1
3
5
1
3
1
2
4
4
1
1
1
5
1
7
4
10
1
1
2
9
2
3
1
1
12
1
3
9
1
1
3
6
2
1
1
1
2
1
4
6
1
1
2
1
3
2
1
1
1
1
2
5
2
6
2
4
3
1
3
1
1
10
1
3
4
3
1
7
1
1
6
2
1
4
7
1
9
1
4
2
4
1
1
1
526
4
3
3
2
3
1
1
2
1
2
1
1
3
1
12
43
1
1
1
3
1
1
1
4
1
1
1
5
2
1
1
5
4
1
2
3
6
1
5
1
1
4
1
4
3
14
1
1
2
1
3
2
16
1
1
1
2
1
1
1
4
3
15
2
1
4
2
2
7
1
2
2
1
1
3
9
1
1
1
8
1
9
9
2
1
7
9
6
1
1
1
1
2
2
1
7
11
10
2
6
1
2
1
2
1
5
2
4
2
8
3
496
2
2
1
2
3
1
1
1
4
1
3
14
1
6
11
3
1
6
1
4
1
1
7
3
15
5
3
3
5
4
4
7
1
1
5
1
1
2
1
1
1
11
2
1
1
1
1
2
2
2
2
1
3
1
2
2
1
9
3
8
1
1
7
1
4
3
1
5
1
4
1
33
2
19
5
1
2
1
5
1
1
1
4
1
1
1
6
1
1
1
1
1
2
2
1
2
2
1
1
1
1
3
1
2
1
1
3
1
2
2
3
5
2
19
1
10
1
13
1
2
1
1
6
1
1
3
1
2
1
1
1
4
1
1
1
1
2
1
1
1
1
2
3
2
18
1
7
1
1
2
2
1
1
1
2
2
4
3
2
2
1
9
1
1
2
7
5
1
2
1
1
1
1
3
1
1
1
4
15
1
3
2
9
3
9
1
32
1
2
1
2
13
1
1
4
5
1
2
2
6
2
4
1
1
1
2
12
1
2
1
3
1
7
7
2
2
1
4
1
3
5
1
9
3
1
2
5
3
1
3
2
7
1
14
4
4
16
2
1
1
2
1
1
1
17
1
1
2
1
9
1
5
1
2
1
3
3
1
4
7
2
1
4
2
1
3
2
1
8
2
1
1
5
1
2
2
35
1
1
10
15
1
7
1
1
2
1
2
3
2
1
2
2
2
13
2
6
2
5
5
2
2
5
5
2
1
6
1
2
1
5
2
1
5
9
2
1
6
5
8
1
2
4
1
2
2
4
1
214
1
10
2
4
1
2
2
1
4
1
5
15
3
1
1
305
2
4
2
1
1
2
1
4
5
1
1
1
2
6
2
2
1
3
1
2
5
15
11
699
5
1
2
9
5
2
4
3
11
1
2
1
3
8
3
2
1
2
3
3
2
1
4
2
9
1
3
1
2
2
8
6
6
11
2
1
9
3
4
9
1
2
10
1
1
1
1
3
8
1
5
1
8
3
2
1
4
4
7
10
5
1
8
3
10
2
2
3
4
2
7
1
2
3
2
3
4
3
1
5
1
3
1
1
4
4
2
3
6
2
4
1
2
1
2
9
1
35
1
1
1
2
4
1
2
6
1
4
3
15
4
1
6
1
4
13
11
1
3
6
4
4
2
2
4
1
2
1
1
2
3
1
2
4
13
3
3
2
5
1
19
12
1
1
11
4
1
1
5
3
2
1
2
1
2
1
1
2
7
1
2
1
1
3
1
1
9
1
8
1
1
2
6
3
10
2
2
2
3
1
1
2
1
2
1
2
5
7
1
3
3
5
2
3
1
1
4
17
2
1
1
1
1
1
1
4
1
5
1
3
1
1
6
5
7
2
12
2
1
2
7
2
3
1
5
5
1
1
3
2
1
1
7
1
32
5
1
1
1141
8
4
3
1
1
2
1
7
1
7
1
1
1
4
4
3
1
5
4
15
1
4
2
3
1
10
19
5
1
1
1
1
5
1
1
1
4
2
2
1
1
1
1
4
1
3
1
3
6
1
1
4
3
4
5
9
1
1
12
1
1
1
2
1
1
22
1
8
5
6
1
1
1
5
1
1
1
1
9
2
14
13
2
15
9
5
1
2
10
1
10
1
9
2
2
2
2
5
2
1
1
1
3
2
3
1
2
1
1
3
1
1
2
1
1
3
1
6
5
4
22
11
1
1
1
2
1
1
2
2
1
4
6
2
20
1
3
2
2
1
1
2
6
1
14
2
3
1
14
7
1
2
1
8
1
4
2
12
2
1
3
2
1
10
1
4
3
1
2
17
4
11
1
2
1
10
5
1
3
1
1
22
2
3
8
6
10
30
1
1
3
5
2
1
1
1
1
1
3
3
1
1
1
4
1
1
3
2
12
6
7
1
5
1
5
1
1
9
478
2
1
5
3
4
2
9
1
2
1
1
1
6
1
2
1
6
1
1
1
29
3
3
6
3
2
6
6
1
7
4
1
7
1
2
1
6
1
8
2
1
2
22
1
3
4
2
3
1
1
5
6
9
2
1
2
3
449
4
1
15
1
1
2
5
10
3
7
2
10
1
2
3
1
10
1
1
2
3
2
8
246
1
2
3
17
6
2
1
4
1
3
1
1
3
2
3
1
1
1
2
1
2
3
2
1
1
4
1
3
6
1
7
1
2
2
4
2
1
1
7
3
2
11
10
1
1
1
5
2
2
6
2
13
1
1
1
1
6
3
1
3
17
3
2
3
2
1
7
1
3
2
1
3
125
8
1
1
1
1
2
1
5
8
1
1
2
1
7
3
3
1
8
2
5
1
8
1
1
1
1
1
1
3
4
2
5
14
6
1
2
11
1
1
9
3
5
6
11
5
1
3
22
13
17
4
2
1
15
5
4
2
1
2
1
1
2
4
3
1
6
1
2
10
4
17
3
5
1
2
1
2
1
10
1
3
12
2
7
3
4
10
1
1
1
5
262
1
1
4
1
16
4
9
1
1
2
1
2
2
1
1
1
1
1
16
1
4
1
1
1
10
6
3
9
1
1
2
5
1
6
3
9
2
1
4
1
2
4
19
4
9
1
17
3
3
3
1
1
1
1
1
1
2
16
1
2
3
1
4
6
1
9
1
1
5
17
3
1
2
1
4
1
1
16
20
2
2
4
1
6
1
1
1
1
1
2
21
4
12
5
4
2
1
4
4
1
1
4
6
1
2
9
1
6
1
2
6
16
18
1
1
5
1
1
1
1
1
16
3
1
4
1
1
2
2
1
4
1
1
1
7
1
302
6
5
1
2
14
2
2
1
7
2
5
6
2
1
5
1
1
1
25
1
4
2
3
5
5
8
11
3
2
6
3
1
2
2
4
5
5
2
2
30
6
8
3
1
8
5
20
4
7
1
3
1
6
9
1
1
1
1
1
1
1
8
4
1
1
1
20
1
1
21
1
2
2
14
1
2
7
16
2
1
1
2
1
1
1
5
5
6
6
3
1
1
4
2
4
2
2
7
8
1
10
3
2
2
9
3
2
3
1
1
3
15
2
1493
1
8
3
4
8
2
2
3
1
14
1
5
12
4
1
7
1
6
1
5
2
7
1
1
20
1
48
1
1
1
5
22
2
3
6
4
2
7
3
1
13
2
6
4
1
3
1
4
5
3
5
24
8
3
1
1
3
6
4
6
9
2
13
2
8
5
3
6
3
6
4
1
3
1
1
2
1
1
4
40
10
5
20
16
8
1
17
4
2
1
11
229
11
10
2
7
2
6
14
4
1
2
1
2
1
3
3
1
4
6
5
1
1
1
2
1
25
14
1
4
8
2
4
20
7
6
6
1
3
1
3
9
9
3
2
1
3
1
2
22
1
5
3
6
1
2
1
26
11
17
1
2
4
1
1
2
6
5
9
2
1
4
11
1
28
12
1
7
3
2
1
1
1
1
4
35
6
1
3
8
16
6
10
5
31
1
1
2
7
3
19
1
1
21
2
1
4
2
5
1
2
1
2
2
8
2
1
2
1
1
2
3
1
2
1
5
106
1
1
2
5
12
7
25
10
2
2
2
2
19
5
1
6
11
4
1
2
9
22
10
12
2
8
3
1
15
12
5
2
13
11
1
1
3
4
2
3
28
3
7
27
1
1
8
2
3
2
5
18
9
14
20
1
11
27
4
10
2
3
5
4
48
1
1
7
2
2
1
38
5
29
2
1
4
9
4
19
39
1
12
8
2
15
4
4
2
1
1
5
10
3
29
9
22
11
1
26
4
3
1
55
9
2
1
1
6
21
20
7
6
2
6
31
2
8
12
6
9
3
4
3
23
1
4
6
7
21
7
10
5
2
19
1
7
1
27
1
1
1
2
1
2
9
1
1
6
17
1
3
1
3
20
4
1
25
1
14
4
24
2
10
1
1
3
21
3
1
16
6
2
6
10
21
4
23
22
2
15
1
12
24
3
1
1
32
12
1468
11
1
2
1
13
11
2
23
1
11
2
1
5
21
1
2
5
3
14
6
1
2
2
3
9
1
4
9
7
1
5
8
16
3
2
21
3
1
1
3
10
2
8
1
1
1
7
1
4
2
38
1
80
1
2
4
5
2
40
1
2
20
510
1
1
2
2
64
20
1
8
7
3
1
3
2
14
6
40
8
8
12
6
1
1
2
18
2
5
2
3
1
18
3
2
8
4
5
1
11
5
2
2
11
3
7
31
4
1
5
24
1
1
2
4
9
1
4
5
31
9
1
39
3
1
4
12
3
4
1
23
7
3
1
17
1
1
8
2
13
3
2
10
10
18
1
5
2
21
28
23
2
13
12
6
1
1
1
4
1
5
6
4
1
6
13
2
3
1
36
32
23
2
1
6
5
5
2
2
3
13
1
2
1
5
2
1
8
5
1
7
3
1
1
20
2
5
38
4
6
20
5
6
1
1
5
4
60
3
24
17
1
2
1
1
50
28
28
3
2
86
27
3
5
6
11
9
1
1
1
1
4
4
9
41
2
4
1
2
1
6
2
1
37
3
3
20
1
2
8
1
5
1
1
10
4
1
2
6
31
3
1203
5
1
4
17
1
2
1
11
6
20
20
5
1
2
19
7
3
13
1
56
2
1
2
1
1
18
1
1
27
2
2
27
8
3
1
1
6
1
1
1
8
43
7
2
8
2
36
1
1
5
8
1
11
2
1
4
2
1
46
1
1
5
4
2
5
3
1
2
1
1
30
3
19
1
37
14
5
4
6
5
5
5
4
2
2
3
1
14
1
39
2
42
1
37
1
3
16
13
2
5
92
3
2
6
9
2
5
1
2
8
3
2
4
16
1
2
28
16
1
2
2
34
1
5
2
18
2
6
27
1
3
1
11
16
12
2
15
23
3
4
7
1
6
9
16
13
1
1
32
1
29
2
9
2
21
4
2
1
5
6
4
2
3
6
4
16
51
1
3
1
1
1
4
2
15
23
1
3
5
2
2
1
4
2
4
1
10
6
18
4
4
1
14
56
2
7
1
50
2
10
5
2
2
1
5
3
14
6
2
1
4
37
4
1
4
4
31
9
3
3
43
12
2
2
1
2
9
24
14
2
26
1
4
10
21
8
2
1
2
25
5
22
35
5
29
2
1
1
11
1
7
1
2
7
1
5
1
6
4
7
13
6
1
7
1
3
3
1
68
3
12
1
1
5
1
2
5
6
1
5
1
2
4
2
27
1
5
1
1
2
4
18
1
1
1
6
5
4
13
1
4
2
1
1
4
1
1
7
1
2
36
61
18
16
2
1
2
24
1
1
1
24
1
3
1
3
16
14
1
1
36
2
1
21
1
3
3
1
5
8
35
6
1
2
1
1
31
56
1
34
1
11
25
6
8
7
16
6
5
21
7
1
9
22
5
33
2
3
4
1
5
1
38
2
24
306
25
15
1
1
2
1
25
3
5
1
1
2
39
2
5
1
1
5
20
4
26
1
41
41
5
2
1
11
7
7
7
12
2
1
6
2
8
1
14
9
24
5
2
3
2
20
1
2
23
4
8
1
43
17
3
2
22
10
5
77
5
1
6
1
2
4
3
8
1
10
1
4
1
37
18
36
4
1
1
11
8
24
9
11
15
3
7
1
8
2
2
1
1
5
3
1
11
20
23
1
40
2
7
8
41
20
16
50
6
11
4
3
2
3
1
28
12
24
520
5
4
796
2
8
35
7
80
1
1
11
13
3
12
2
10
2
1
5
22
7
1
9
1
23
1
1
1
7
3
2
6
3
1
18
35
70
60
1
3
6
3
1
8
1
1
36
350
4
2
13
4
1
3
26
2
2
12
11
1
4
1
7
2
7
3
1
4
3
5
5
1
24
33
2
1
1
32
19
1
1
12
35
27
2
14
2
9
86
3
4
20
45
2
15
4
8
1
1
25
7
3
1
1
14
2
1
2
1
1
1
4
1
1
1
27
58
5
4
22
1
11
1
3
1
7
7
13
3
2
8
7
21
1
83
1
48
22
1
33
2
2
33
8
1
10
19
3
25
6
6
1
5
2
6
2
13
1
11
1
13
1
28
26
2
10
13
1
24
59
29
7
8
1
14
4
7
3
31
49
1
2
1
1
75
2
19
47
4
9
18
1
52
20
69
1
1
1
5
44
3
10
1
7
2
2
1
1
33
31
1
1
1
22
1
1
1
1
6
4
1
7
41
7
1
30
2
1
19
25
16
8
4
61
1
11
1
9
2
15
1
3
5
6
2
7
2
1
19
1
23
1
7
2
1
2
2
2
43
3
3
6
9
6
5
8
68
45
1
1
1
46
9
5
1
2
4
2
5
29
28
1
5
1
5
23
2
1
6
28
19
37
2
3
9
44
32
1
7
74
2
46
2
1
48
1
4
34
26
23
1
1
15
7
41
3
5
17
6
42
38
24
3
2
963
41
3
1
5
2
1
1
4
1
3
2
1
12
15
1
1
1
3
2
44
47
1
1
34
17
3
1
40
5
25
38
2
18
1
1
7
29
9
20
1
7
1
132
1
3
1
15
16
97
3
3
4
1
1
26
2
1
62
4
10
23
3
26
4
1
14
6
4
3
29
2
3
2
2
25
3
4
6
3
50
15
6
12
14
1
2
1
1
1
10
9
44
32
16
2
1
60
250
22
2
17
1
72
1
2
55
2
1
5
2
7
1
6
6
13
1
2
5
51
19
4
3
9
11
4
1
21
10
2
12
24
11
68
1
6
5
5
1
3
11
2
98
8
2
674
1
5
1
1
1
1
1
3
2
4
15
17
36
1
16
10
19
1
9
83
8
51
14
4
1
2
1
81
1
1
21
15
7
3
1
26
9
1
1
1
2
4
57
47
40
1
5
8
15
5
11
2
12
9
11
16
3
2
2
16
1
3
5
12
17
1
1
21
5
3
3
42
32
21
7
13
1
20
11
16
8
18
14
1
2
24
32
21
6
12
62
50
27
34
3
1
65
20
5
4
26
144
22
1
5
3
1
4
7
27
5
2
17
15
40
13
1
4
49
2
65
9
2
319
67
1
37
14
15
2
15
35
6
30
1
84
530
25
1
13
5
21
2
5
1
1
1
88
31
1
4
12
8
1
12
64
76
94
29
74
3
92
2
3
1
6
18
1
35
1
77
43
5
2
1
2
6
2
12
9
11
15
16
2
9
1
8
32
18
1
3
7
6
2
2
9
7
59
1
8
12
1
3
24
3
157
2
22
13
2
45
1
1
2
7
1
2
4
9
10
1
6
2
6
1
1
1
56
3
3
1
43
8
10
43
10
2
1
12
22
7
24
25
6
12
23
1
8
1
3
4
62
4
15
18
4
32
18
17
2
7
1
9
17
13
5
20
4
35
17
9
43
6
4
17
4
44
3
24
4
3
32
8
18
2
18
11
1
1
26
1
9
24
27
13
55
2
7
44
18
4
3
6
6
3
2
2
8
41
13
1
1
5
23
38
38
14
1
5
1
19
12
406
3
52
8
42
17
2
1
51
7
2
12
23
2
33
4
3
1
1
3
3
1
71
62
35
10
1
7
106
48
23
3
4
11
5
7
20
19
6
1
3
2
14
7
239
24
54
5
54
5
106
1
41
15
8
43
6
8
14
5
3
20
1
2
4
38
34
22
2
45
66
2
18
40
17
8
10
8
10
21
11
66
26
31
1
1
61
32
1
5
43
4
13
65
5
2
13
2
6
4
11
53
1
13
6
175
5
1843
63
1
2
12
95
25
1
1
23
4
1
8
200
32
1
26
2
25
7
23
65
234
14
108
3
1
1
1
2
19
5
39
38
4
76
3
537
5
30
1
5
1
64
8
23
1
28
20
246
62
4
12
10
24
2
3
3
11
4
3
24
2
4
11
9
5
44
242
9
13
228
14
1
3
37
24
9
18
24
1
31
37
39
1
45
30
9
2
3
1
32
1
48
57
8
114
56
4
15
2
5
14
14
128
30
5
16
79
1
30
32
1
20
14
18
20
36
1
30
33
1
5
27
6
8
9
115
2
88
40
3
17
55
33
7
5
1
3
5
6
36
2
18
9
37
11
4
49
24
8
4
34
1
7
12
3
4
13
1
7
1
45
1
1
201
13
56
6
11
1
11
10
6
35
50
44
1
1
16
3
7
43
1
12
78
3
13
14
12
3
14
13
21
42
1
2
6
87
8
9
29
201
38
203
1
1
1
2
2
81
34
99
49
1
90
165
4
26
3
8
11
15
18
17
21
11
63
11
26
1459
2
12
84
12
11
2
9
48
109
15
1
291
2
9
9
60
51
2
24
90
34
2
1
65
18
58
2
3
47
8
8
13
252
1
7
61
14
105
2
14
18
2
9
23
35
36
37
2
38
43
43
10
181
77
13
24
36
21
1
24
2
29
1
9
33
9
2
55
1
313
22
282
1
43
3
5
64
8
3
4
1
2
88
450
18
102
7
2
16
9
1
4
5
69
32
14
233
5
11
94
8
52
10
10
53
4
1
4
9
2
7
2
83
81
36
4
2
147
8
7
57
1
10
5
10
2
22
26
19
3
32
39
49
28
5
2
1
12
16
40
5
26
1
4
3
1
458
4
46
8
88
36
13
10
38
48
237
1
12
1
57
14
21
6
11
4
53
23
23
1
1
242
15
1
7
20
5
1
26
24
7
3
3
3
1
4
118
37
5
62
4
1
9
21
1
82
36
1
6
1
126
2
38
8
150
10
4
3
20
5
98
22
61
406
1
4
132
1
1
1
127
23
312
436
24
64
131
1
276
101
1
12
233
367
288
12
66
1
2
43
4
1
323
193
3
1
24
4
16
114
35
8
47
67
3
8
3
5
36
53
13
14
86
4
572
5
125
67
480
18
52
75
349
3
40
9
1
213
7
3
8
1
65
16
16
4
31
12
3
50
2
8
2
1
1
2
69
2
12
1
3
48
90
11
1
8
52
67
212
9
20
8
7
52
35
1
3
52
19
37
55
1
7
11
18
34
8
68
1
41
3
50
24
296
393
23
3
337
13
12
91
113
7
1
10
26
29
43
471
11
12
1
247
2
18
2
164
143
2
9
34
1
101
275
47
187
55
50
47
238
1
6
22
8
28
120
14
30
6
157
1
4
2
25
2
3
399
34
125
1
92
11
16
28
220
63
25
3
6
157
52
12
3
10
26
8
15
10
4
59
2
6
3
23
2
52
4
11
205
4
3
3
2
18
10
43
3
16
17
133
1
198
15
2
67
47
93
4
18
9
46
9
6
2
19
79
1
5
2
1
41
2
24
199
151
36
1
15
3
21
13
193
7
13
124
96
3
38
13
13
40
5
358
169
329
554
15
423
3
3
27
1
7
68
1
20
1
14
19
7
3
111
237
27
50
70
45
58
534
7
1
22
68
5
34
1
2
5
3
28
335
22
7
1
1
39
48
27
5
17
34
6
32
154
49
5
23
46
2
41
5
2
6
81
75
85
3
4
7
48
8
7
295
516
4
6
7
379
513
397
2
70
3
1
18
182
214
39
117
2
23
1
64
13
6
18
39
159
9
3
18
460
3
3
36
50
1
484
8
69
13
13
28
48
14
17
54
28
11
35
26
23
5
8
2
417
11
1
5
3
118
32
340
50
6
34
1
4
99
8
53
28
18
67
5
10
4
51
20
4
172
46
33
7
34
125
110
62
368
122
64
22
67
3
1
2
2
218
183
427
58
72
4
59
8
99
423
22
3
9
3
4
431
12
52
16
5
267
242
164
340
145
1
289
3
80
4
66
7
37
26
1
15
62
151
70
13
63
44
9
8
9
3
156
1
118
2
30
22
7
20
2
23
23
158
16
14
1
3
45
354
3
47
9
478
382
5
8
174
92
88
320
137
70
7
107
6
315
76
7
98
61
20
11
35
233
21
1
104
118
7
1
16
5
437
92
30
14
298
68
181
5
242
51
10
27
20
127
13
40
6
2
419
3
32
88
6
210
78
1
207
24
104
10
105
114
4
46
6
10
28
71
8
32
126
14
42
1
18
7
304
49
8
341
57
125
23
23
11
56
23
13
167
252
20
96
50
12
98
11
286
241
79
93
10
10
119
391
9
41
496
123
57
23
72
1
389
76
48
294
75
305
19
261
45
7
23
500
127
72
5
292
348
269
41
8
76
336
289
36
6
181
172
20
282
8
1
38
63
172
11
14
230
30
11
6
76
68
8
16
116
7
8
273
182
9
17
17
7
12
8
6
36
71
104
3
1
726
8
34
9
1
4
14
122
314
2
34
40
157
327
28
47
117
54
10
222
576
4
11
215
148
106
152
238
498
15
11
64
66
1
8
216
4
2
118
35
1
10
96
2
407
147
105
168
6
21
11
274
44
369
90
1
45
119
86
215
17
6
490
383
750
446
41
95
97
5
13
89
240
65
3
3
323
8
401
26
61
8
8
697
17
31
55
78
2
4
152
325
23
72
58
7
119
108
356
86
174
330
21
38
62
10
284
61
271
13
312
15
46
4
24
73
493
3
205
21
40
44
289
28
2
159
8
273
80
501
13
74
224
5
383
75
3
78
1
460
3
233
30
636
66
48
1
2
18
118
195
455
1
25
31
40
21
92
186
231
311
229
113
220
109
401
60
17
4
2
70
39
6
419
16
13
90
164
6
474
42
3
28
225
7
22
33
42
5
26
66
18
120
130
125
6
3
47
89
52
2
111
13
169
98
684
69
324
369
176
201
29
20
48
54
544
57
29
4
16
5
60
158
146
121
1
15
198
15
639
228
41
5
565
95
23
6
701
398
5
114
1
21
100
30
17
339
843
13
13
56
40
138
849
145
276
2
443
37
7
366
10
2
457
6
30
333
248
6
84
34
280
651
213
477
16
31
290
38
425
21
26
339
545
46
919
48
122
105
658
89
39
7
23
335
966
213
1066
534
433
784
245
312
44
130
610
307
264
195
168
879
38
462
856
75
706
287
173
1169
389
109
38
948
155
619
47
366
451
319
34
489
369
1
261
288
114
754
31
81
77
618
46
71
1
137
10
1
60
224
1140
807
348
1111
314
163
776
55
97
83
3
199
388
368
4
1662
620
377
2
289
80
190
10
88
15
168
487
567
49
84
519
3
31
91
991
43
676
104
181
114
11
497
2
89
12
431
616
155
193
541
365
51
69
39
316
887
110
199
126
11
232
828
6
647
103
6
117
332
383
146
302
65
256
82
99
964
54
324
554
172
588
16
797
273
47
126
53
543
19
51
714
509
218
730
251
72
59
150
43
568
2
431
36
14
511
62
245
35
15
374
612
14
679
222
58
561
266
316
6
991
11
90
205
493
127
1451
822
643
1016
48
427
104
57
94
23
548
3
412
5
772
294
413
552
540
187
1003
512
1280
171
1
173
437
