2
1
3
9
2
2
1
1
2
2
1
3
3
1
2
45
6
1
9
9
1
4
5
2
3
3
1
4
2
2
1
2
5
8
6
2
12
3
3
1
1
5
5
2
1
2
2
2
2
2
1
2
5
3
5
2
1
1
3
3
1
1
7
6
1
3
2
2
1
3
14
9
2
1
2
5
1
2
2
1
11
1
5
2
2
7
1
5
1
2
4
1
1
7
1
3
1
4
1
1
3
2
2
1
21
1
6
2
1
2
2
4
5
3
2
2
8
2
1
1
1
3
1
1
16
14
2
1
15
3
1
1
10
15
2
5
2
1
2
1
2
4
1
1
49
2
3
3
2
2
1
3
1
3
1
1
1
1
5
2
3
12
8
15
2
2
6
2
1
1
1
2
5
2
1
2
1
2
2
2
4
1
1
3
1
1
1
4
2
3
2
19
1
6
1
2
1
4
3
2
9
1
9
3
2
1
2
6
2
2
2
2
1
3
3
3
1
2
5
7
2
2
2
3
5
1
2
10
9
2
10
2
2
6
1
2
1
1
2
2
1
1
2
2
1
1
4
2
2
2
4
5
5
5
3
1
3
1
1
2
4
2
2
2
5
1
1
4
2
12
1
4
2
2
1
2
1
2
2
1
2
2
8
1
1
1
2
1
2
1
4
3
1
2
1
2
4
5
2
17
2
1
2
1
1
2
11
1
8
1
1
3
2
2
1
2
1
1
2
2
4
14
2
2
1
4
1
1
4
1
1
2
9
1
15
1
3
1
2
1
11
5
2
2
1
1
1
1
1
1
1
2
2
4
3
1
3
1
3
1
20
1
1
1
1
1
1
7
6
2
13
3
1
8
3
3
7
5
2
2
1
4
2
2
2
3
1
2
5
1
1
3
2
2
3
31
1
4
3
2
1
24
5
4
3
1
3
7
1
19
3
2
3
1
7
1
2
1
2
8
2
1
1
3
1
2
5
2
5
1
1
1
3
1
5
12
1
6
16
1
2
3
1
3
2
1
3
1
3
6
7
4
3
2
2
1
7
2
4
3
4
7
1
1
4
2
4
12
3
1
2
20
7
2
11
1
1
1
1
3
2
1
1
4
2
1
2
4
2
5
3
6
21
1
4
1
9
1
1
4
5
7
5
3
2
1
7
4
7
18
7
1
1
3
2
1
1
8
3
1
3
2
34
1
1
3
8
2
2
10
7
4
1
3
3
4
8
1
1
2
3
3
1
1
2
1
7
2
3
1
1
1
1
3
10
8
5
20
2
4
2
2
1
1
1
10
6
1
1
14
10
9
2
5
12
1
33
5
1
2
2
18
10
39
1
1
3
9
2
