1
2
39
2
1
1
46
1
1
29
3
16
1
152
2
1
13
20
1
20
1
8
1
1
5
5
3
3
2
4
2
6
76
1
2
24
10
5
19
3
23
7
1
7
7
5
16
2
4
28
17
24
1
14
9
15
3
2
4
6
1
2
24
58
32
4
9
1
28
3
1
24
4
3
49
3
23
29
2
11
2
3
16
2
53
39
7
6
34
24
26
17
5
1
8
7
7
1
1
5
1
2
13
2
2
17
1
1
25
2
21
15
5
2
5
3
3
24
18
76
4
9
12
10
23
35
3
15
18
5
14
6
1
3
4
87
1
2
25
11
39
4
21
10
14
32
1
1
5
3
6
7
2
33
11
35
40
55
4
1
5
6
23
2
2
5
6
14
8
2
41
12
1
27
4
13
4
46
2
2
6
55
3
6
2
28
33
3
68
11
19
29
48
14
8
4
61
1
9
3
3
2
36
1
2
4
5
1
2
2
72
3
6
17
15
3
7
11
2
53
3
6
2
15
2
10
4
2
3
2
12
9
7
1
21
10
2
12
40
29
10
2
1
2
19
51
7
33
13
2
14
1
16
13
2
4
72
7
27
48
6
3
10
4
1
43
3
29
2
31
7
10
49
2
30
1
10
1
5
8
37
1
8
3
40
2
2
2
1
57
2
27
2
39
1
24
3
18
14
5
25
13
1
1
3
14
5
6
7
3
9
45
1
2
2
13
5
2
1
8
3
32
1
10
38
1
43
1
22
12
10
1
25
71
12
2
2
1
16
23
7
2
1
18
2
8
15
5
20
12
3
2
37
4
13
2
28
17
38
3
6
6
1
29
11
1
6
21
4
6
37
10
13
20
3
41
58
11
22
8
1
2
21
19
3
14
2
2
5
21
12
2
7
53
2
1
8
1
2
1
93
3
2
21
2
1
5
20
7
3
1
12
33
3
27
12
2
11
3
106
15
25
1
2
2
1
2
2
8
2
27
1
55
30
1
35
2
26
5
2
66
2
2
2
5
1
3
1
3
11
8
2
34
1
6
26
47
16
40
2
9
7
11
2
4
2
13
31
22
1
3
33
1
3
2
1
1
4
4
1
2
24
5
5
11
31
1
1
37
28
3
4
1
1
9
3
4
1
1
1
1
17
2
7
61
3
76
11
4
64
1
3
15
56
3
2
4
7
24
1
1
12
9
10
104
26
2
12
8
24
3
27
19
8
2
6
3
1
16
2
8
11
3
1
62
61
5
3
6
4
14
17
2
1
3
31
10
7
4
4
1
1
9
2
5
1
47
92
2
8
5
4
2
2
10
3
6
2
2
40
1
14
12
2
185
3
4
12
1
4
1
12
3
3
1
2
7
8
2
11
4
4
10
9
13
17
2
4
2
3
8
2
14
5
2
12
35
22
5
3
50
144
67
1
6
4
2
6
3
35
6
4
1
19
118
12
18
2
62
2
1
9
59
7
1
3
33
2
14
17
1
6
7
1
9
2
84
8
6
3
14
5
19
4
1
1
2
8
3
2
2
13
4
4
5
5
6
1
19
42
2
6
13
1
2
1
22
40
4
1
23
4
2
28
8
1
6
2
10
1
1
5
4
3
6
55
11
1
1
9
2
6
9
48
31
1
3
27
34
4
5
6
22
4
93
48
2
10
2
2
1
4
5
4
14
8
5
2
24
48
19
13
1
30
29
1
25
2
26
1
1
6
7
15
3
2
8
58
19
16
1
1
17
3
13
163
1
5
5
18
27
12
5
25
2
9
4
1
11
2
190
1
4
31
25
5
1
3
8
29
32
6
3
43
7
8
2
7
1
2
2
20
12
4
15
6
2
35
85
2
5
27
4
3
1
10
2
43
7
3
1
4
5
6
11
5
4
5
4
22
29
6
1
6
2
10
16
5
15
24
22
15
4
78
2
7
39
1
1
9
37
2
4
1
14
4
2
21
9
3
28
42
13
24
7
19
4
1
2
25
15
12
1
2
2
3
2
4
2
1
2
2
2
2
1
7
8
13
14
3
9
1
11
23
5
61
13
8
1
9
1
3
2
42
1
30
146
11
3
4
4
7
71
1
47
16
1
11
4
1
24
18
1
3
6
4
18
26
31
3
13
1
7
5
5
1
13
11
1
2
4
3
13
1
4
10
7
21
35
12
1
1
14
3
61
11
22
25
33
1
45
1
1
8
2
31
15
5
5
2
22
2
71
73
5
2
4
1
2
1
35
2
6
7
12
23
5
20
2
34
65
1
14
4
1
4
42
7
14
1
3
1
20
1
12
1
3
4
6
61
5
18
1
1
68
1
6
2
20
3
2
4
6
4
19
20
6
5
2
6
1
11
3
2
1
9
23
13
19
8
1
1
3
42
30
2
1
2
48
27
6
1
27
15
1
2
6
5
14
6
5
2
1
1
5
22
1
6
4
2
3
3
6
1
10
1
3
1
12
16
22
1
2
2
4
7
4
19
6
9
7
21
6
1
41
1
4
18
11
2
7
19
1
1
48
1
2
5
67
3
29
1
91
2
14
57
10
4
6
2
3
10
3
1
1
3
9
24
1
25
12
3
4
13
2
1
5
3
9
2
22
9
2
11
3
20
8
1
72
19
1
2
8
2
2
1
3
1
11
10
3
13
3
13
73
1
17
44
45
5
6
1
12
49
25
2
33
1
1
2
3
3
3
1
5
2
39
2
1
43
2
2
6
2
3
11
29
3
21
3
12
2
2
6
9
2
3
2
2
6
22
3
10
3
2
17
1
3
31
1
1
17
1
1
2
21
10
20
16
5
1
17
2
12
3
14
2
38
18
1
40
4
16
12
15
16
21
3
1
1
2
1
1
2
3
1
61
5
39
24
1
9
21
69
1
13
4
23
16
4
2
7
4
1
3
5
63
8
25
2
2
21
1
1
1
4
4
14
4
5
18
44
21
1
28
10
3
34
3
40
3
9
41
5
7
14
5
5
10
2
2
4
4
3
1
10
5
9
2
3
2
25
4
13
7
15
2
3
1
5
27
3
1
45
24
2
14
13
25
42
3
12
2
1
2
3
2
4
43
2
11
10
12
1
4
7
1
5
1
7
27
4
2
11
5
6
5
4
55
3
1
2
8
20
29
3
11
2
9
32
1
39
4
15
7
6
3
2
75
24
9
4
2
1
1
1
2
11
2
2
4
2
1
3
28
14
2
10
7
37
23
1
2
14
41
6
10
14
2
21
9
2
2
5
41
3
3
2
42
24
7
10
4
3
17
4
9
2
3
1
8
1
28
2
26
4
1
26
1
26
5
28
6
10
8
3
8
1
27
1
1
17
27
78
2
5
5
3
5
9
14
4
10
4
1
1
4
4
16
6
39
16
1
7
16
4
4
2
5
3
2
2
2
3
25
1
3
6
4
15
2
3
5
5
4
14
1
75
16
5
5
2
2
2
2
3
12
2
6
3
16
17
4
3
1
54
5
16
6
11
4
3
2
4
18
1
1
1
28
36
2
8
9
7
2
6
28
11
5
20
28
7
13
2
7
8
17
1
7
2
95
5
2
4
12
3
4
2
8
5
4
37
10
4
4
22
1
6
1
3
81
11
39
45
16
22
5
1
2
3
10
7
1
2
2
13
2
15
3
2
1
2
2
1
7
103
4
32
2
3
82
37
2
6
2
43
2
3
1
1
20
12
2
1
4
2
26
1
30
5
11
1
5
10
2
16
13
1
4
6
2
3
14
3
31
3
2
39
15
1
1
5
3
8
7
4
7
5
2
12
3
2
8
2
11
41
2
2
22
4
1
48
8
2
1
15
2
3
1
2
10
2
1
31
2
2
19
27
2
5
2
2
4
4
10
2
23
5
83
2
1
4
1
6
18
41
16
1
2
1
20
13
2
5
15
1
3
3
5
10
2
67
17
21
5
2
41
39
148
2
2
14
12
4
7
4
10
35
24
2
12
12
100
7
5
2
6
1
7
166
16
1
5
2
6
7
62
1
6
2
1
13
6
35
28
11
8
13
4
20
26
1
13
21
2
1
8
2
17
2
1
3
5
19
4
62
2
72
1
1
8
6
65
56
1
1
21
1
30
6
35
3
1
1
3
7
2
5
3
2
5
73
2
12
29
3
8
1
1
2
39
2
1
14
10
12
1
14
38
34
1
14
33
4
1
38
2
17
83
1
2
9
2
6
5
20
8
4
8
34
17
3
11
11
19
15
29
3
1
2
1
9
16
50
12
9
1
1
7
84
64
2
94
1
11
2
16
87
3
18
47
17
23
2
2
2
21
3
6
14
1
4
17
6
4
5
110
3
13
21
1
6
2
3
5
1
11
24
2
5
18
15
9
86
9
13
1
3
14
2
4
47
1
10
12
1
2
13
152
15
3
3
22
57
69
21
7
22
3
9
17
11
5
1
4
18
26
6
1
15
4
4
11
6
8
8
16
1
2
3
30
7
11
4
14
8
15
11
63
3
47
44
21
1
47
74
4
2
2
23
28
8
2
1
22
2
2
4
3
4
1
2
1
1
4
1
2
24
2
73
8
45
19
1
1
6
7
4
24
30
5
2
13
32
13
14
2
4
2
10
1
9
33
6
2
6
13
7
3
12
3
4
6
14
1
2
3
58
14
6
4
3
24
3
6
11
2
14
3
2
10
1
3
186
35
1
11
1
10
81
54
2
28
26
11
1
25
12
13
2
7
6
1
26
2
187
15
9
18
4
11
18
3
1
18
1
55
3
20
12
10
3
22
7
2
10
4
3
2
15
12
15
70
11
2
2
16
7
2
13
2
15
2
2
11
15
1
7
15
8
1
30
1
15
11
6
3
6
7
6
2
9
6
8
6
12
69
22
45
3
10
11
98
7
19
10
2
68
9
10
8
2
23
9
4
2
64
1
9
16
4
7
8
3
2
15
9
4
6
2
1
1
5
1
3
13
4
3
6
1
1
8
19
5
1
6
4
3
21
1
2
13
3
1
4
26
3
12
53
1
40
8
9
12
44
1
1
10
4
2
1
17
6
15
21
14
4
12
1
3
2
17
7
2
7
3
2
5
17
10
1
7
4
10
3
3
1
7
1
