119
2
5
11
9
97
1
72
13
143
8
9
5
4
7
4
200
6
221
1
415
1
34
5
26
1
167
155
2
20
3
8
166
5
26
57
34
182
27
9
2
98
3
3
2
293
13
159
157
159
82
4
3
6
4
40
69
1
140
24
4
183
3
34
307
1
7
1
1
17
1
3
4
12
10
2
85
44
2
10
7
8
189
1
7
1
7
20
6
3
57
4
2
180
50
30
2
7
9
5
74
11
12
144
3
60
5
1
42
23
22
22
13
120
107
304
52
3
14
229
90
43
74
54
3
18
3
86
2
36
8
4
1
188
1
4
84
10
1
41
1
19
5
69
106
32
30
1
6
7
281
54
3
417
68
46
131
13
15
2
149
233
4
59
72
2
4
142
113
90
24
75
9
25
101
61
69
4
12
2
42
37
171
7
5
25
14
206
2
7
1
20
36
89
5
15
2
13
1
205
144
94
9
217
27
13
136
76
15
5
12
55
22
6
8
46
35
2
73
4
16
2
1
4
9
3
13
100
1
21
126
46
63
1
221
2
48
179
11
6
2
5
155
22
28
2
1
6
15
2
46
6
4
9
19
2
4
47
6
9
4
40
39
5
13
6
155
7
168
1
50
8
56
5
24
31
287
38
6
53
24
14
37
24
12
18
10
3
3
1
58
6
3
2
4
2
2
54
1
1
4
18
1
6
4
1
5
125
133
1
3
1
6
1
4
13
200
67
25
1
2
167
110
18
53
14
41
13
3
5
34
113
137
29
2
97
288
26
14
4
9
28
151
5
133
19
6
17
1
1
7
31
2
49
79
3
6
106
60
53
5
77
2
5
46
2
6
228
9
106
7
16
378
326
5
9
1
1
6
3
1
5
1
22
74
144
2
2
3
64
2
1
4
7
8
1
3
46
14
88
213
19
31
9
128
120
1
3
4
19
2
3
121
51
36
40
2
5
13
3
7
1
381
6
15
74
1
6
11
135
50
2
165
3
16
18
13
189
3
119
11
18
37
10
52
2
2
9
30
33
20
143
4
95
147
15
97
1
17
176
38
8
5
23
65
9
9
8
131
36
93
171
3
90
2
3
3
53
5
5
1
32
120
258
8
3
16
5
1
3
32
209
3
2
5
5
8
9
24
28
8
12
49
20
301
5
2
12
37
4
