1
2
1
1
1
3
5
18
19
1
4
1
1
1
5
4
1
1
41
1
1
2
1
1
2
4
1
2
1
2
3
1
1
1
19
2
11
1
1
6
1
1
18
2
4
1
312
1
1
1
9
1
1
1
1
11
4
3
5
5
84
7
1
4
2
1
1
6
2
1
1
1
1
1
3
28
1
2
1
1
3
1
1
1
1
92
1
349
1
1
1
4
3
1
2
1
1
3
3
2
3
2
4
50
7
1
1
1
10
1
1
1
9
3
2
1
11
556
6
3
3
1
51
5
2
29
1
1
1
2
2
6
1
2
1
34
8
1
3
3
30
2
1
10
2
1
1
10
1
1
7
2
6
1
2
1
1
1
110
1
1
1
1
3
1
1
1
1
2
1
1
1
1
1
1
1
1
1
1
3
7
3
2
1
1
2
44
1
12
4
1
1
1
1
1
1
2
2
1
30
1
1
13
23
9
19
27
4
1
2
648
2
1
1
1
1
1
1
1
1
6
1
59
1
1
1
2
1
3
2
5
1
1
1
1
1
6
5
1
2
2
1
1
1
1
1
1
2
1
18
67
1
1
1
1
1
1
1
1
7
1
2
8
3
3
1
1
2
1
1
1
1
1
1
1
1
1
1
1
2
1
1
2
1
1
1
2
1
5
6
10
1
1
1
1
3
1
5
3
1
1
1
1
2
26
1
16
1
1
1
3
1
25
2
1
1
1
1
3
3
2
1
1
2
1
36
1
3
1
4
1
1
6
7
7
2
1
1
1
1
3
3
8
2
1
1
1
36
1
1
2
1
1
5
1
1
1
1
2
1
1
1
1
1
1
1
9
35
19
3
1
5
1
73
1
5
152
8
1
1
1
6
2
91
80
5
1
1
1
6
4
241
5
1
6
9
7
1
2
1
5
1
1
1
1
3
1
6
5
3
1
2
1
1
7
9
1
26
21
1
2
1
1
1
5
11
1
2
1
1
263
2
1
4
1
1
8
1
1
123
1
1
1
1
2
1
22
30
1
4
163
1
2
1
4
1
2
1
3
4
24
1
1
67
6
2
1
2
1
1
1
1
2
2
2
2
1
1
1
39
1
1
1
1
1
1
1
1
6
1
2
2
1
2
1
2
10
1
1
1
11
3
1
3
1
2
5
1
60
1
1
1
1
1
1
20
1
12
16
1
8
1
1
1
1
1
1
2
1
3
12
3
1
2
9
1
2
1
40
1
4
2
1
3
30
1
1
1
1
5
2
3
1
1
1
2
15
2
4
9
1
2
1
2
1
1
38
37
92
1
2
1
11
12
107
2
1
1
1
4
7
1
97
50
2
1
1
1
18
2
2
2
6
2
1
1
4
1
1
1
1
2
11
1
112
55
1
4
1
1
1
1
1
1
1
1
1
2
1
19
141
1
2
1
2
1
17
1
1
1
74
1
25
174
1
3
23
2
1
1
9
1
1
12
6
11
2
1
9
1
1
2
2
1
1
1
1
1
3
7
1
2
1
2
1
1
1
1
1
2
1
5
1
25
1
5
1
1
34
1
75
4
1
1
1
1
2
2
5
1
2
4
1
1
1
6
2
23
1
75
1
1
9
1
1
58
2
1
1
1
1
1
1
1
1
1
1
1
62
8
1
1
1
2
1
1
9
8
1
2
2
1
1
1
1
5
1
1
8
1
2
1
1
33
1
1
1
1
1
1
1
8
1
3
4
81
133
97
1
4
1
3
1
1
1
1
2
1
1
1
1
1
1
5
3
1
3
15
1
1
1
1
3
1
1
1
4
1
2
9
59
1
1
103
1
1
12
1
13
1
1
1
1
1
1
1
1
2
1
1
1
3
2
4
7
4
1
4
5
1
1
22
99
1
1
136
93
3
1
1
11
1
2
12
69
1
1
73
2
2
2
1
1
1
1
1
1
8
5
2
1
2
2
1
2
3
1
1
3
2
3
1
3
2
3
1
1
12
6
79
1
1
1
321
7
1
1
1
4
57
1
1
2
1
1
2
1
1
6
1
1
9
1
1
1
1
1
1
94
1
1
2
1
11
5
1
1
1
1
1
1
2
6
238
2
1
2
1
1
2
1
1
1
1
1
1
4
2
10
7
1
1
1
1
1
1
1
2
14
1
11
1
4
1
1
1
4
1
1
6
1
1
15
4
1
3
1
1
1
10
4
2
2
1
2
3
1
3
4
6
1
1
1
8
2
3
1
15
1
2
1
1
1
6
1
1
4
1
1
78
1
41
1
1
4
1
1
1
25
2
2
8
1
1
3
1
2
4
2
293
4
1
1
1
4
1
1
2
2
1
1
1
1
13
3
1
1
2
1
1
3
10
1
2
6
9
2
1
2
1
7
1
1
1
2
4
4
2
1
1
1
1
1
7
1
8
3
1
116
4
1
2
1
1
2
2
1
2
125
10
4
1
1
2
6
1
1
1
1
2
2
1
3
1
5
4
2
3
1
1
1
1
2
1
1
5
1
39
1
2
1
18
1
1
1
11
2
1
1
1
1
6
1
42
2
22
3
35
1
2
1
59
2
1
1
3
5
1
88
139
2
1
1
1
3
66
7
1
1
2
1
1
1
1
3
1
2
1
2
1
11
1
4
1
1
1
1
8
2
4
1
1
18
2
2
1
1
2
1
1
4
2
1
1
2
7
8
45
1
1
2
29
1
1
20
1
1
1
1
14
4
1
5
1
6
1
1
1
1
27
1
1
1
42
2
1
1
60
2
2
10
17
1
329
1
3
1
2
1
1
1
1
90
1
1
1
1
1
4
1
10
3
1
1
2
1
6
3
2
1
1
467
1
2
2
2
1
9
1
20
1
1
71
1
1
2
1
2
2
1
1
1
1
3
9
1
1
1
2
6
1
1
1
1
1
19
1
4
1
2
27
9
49
2
1
1
1
4
2
60
1
164
1
1
1
1
3
1
1
1
27
9
2
1
1
2
1
1
68
1
2
1
1
28
5
1
1
1
187
2
3
1
2
1
11
1
1
1
1
3
1
1
1
47
1
2
1
1
43
1
1
1
47
5
1
3
2
90
152
1
21
2
3
1
1
1
6
6
1
4
1
1
2
1
3
1
1
1
4
1
1
30
1
1
2
4
1
15
1
1
1
1
1
3
6
1
129
2
1
1
22
2
1
2
64
1
1
1
1
1
1
9
1
225
2
3
2
1
1
17
1
24
108
2
1
1
1
1
8
1
5
1
1
2
19
1
4
3
1
1
2
1
1
4
37
50
9
1
1
2
1
1
10
2
1
1
1
1
1
23
5
2
23
1
1
2
1
2
2
31
1
1
2
30
1
14
1
1
1
6
1
2
1
1
1
1
1
3
1
1
1
1
1
1
2
1
3
2
1
1
8
19
58
47
1
1
1
5
49
1
1
1
1
1
9
4
65
1
1
205
1
1
25
21
1
2
1
1
1
1
10
1
8
3
2
1
33
2
2
1
8
1
19
1
30
1
1
6
1
1
1
1
2
4
1
1
1
1
2
1
17
1
1
1
4
3
1
1
1
284
1
2
10
1
1
1
1
37
33
3
12
58
26
1
2
1
1
4
3
1
1
1
1
1
1
6
1
2
1
1
2
8
1
22
1
2
1
41
1
1
3
2
1
2
1
13
1
13
1
1
7
2
2
2
1
5
5
1
1
15
10
5
3
1
2
1
8
1
4
3
2
1
1
7
4
9
1
4
7
243
2
1
1
2
2
2
1
1
1
1
1
1
2
2
1
2
1
16
1
34
1
1
5
2
13
8
1
2
1
1
143
2
1
1
6
7
2
1
1
71
41
79
1
1
1
1
15
1
207
1
2
6
4
8
1
1
1
7
1
37
1
3
1
1
57
1
19
1
10
4
1
1
2
7
1
1
84
12
1
1
2
1
18
1
2
14
106
1
1
2
7
65
1
1
3
1
27
1
1
2
1
10
1
1
13
1
1
5
1
58
5
1
4
177
3
1
2
1
1
1
12
1
1
4
5
1
1
1
1
9
52
2
1
2
1
1
2
1
17
2
25
3
1
1
1
6
1
1
4
1
15
1
1
4
1
1
9
1
2
1
3
1
1
2
1
1
21
1
3
1
78
8
1
1
4
6
3
1
8
2
1
4
1
8
16
2
9
1
1
2
5
3
10
1
1
19
6
165
8
2
1
2
2
1
1
1
11
2
320
17
1
4
1
9
1
6
1
1
1
112
4
219
15
4
9
1
1
2
1
40
1
1
3
3
3
1
1
12
1
2
80
1
1
1
7
12
1
1
1
12
72
1
1
1
130
1
1
1
2
8
2
1
1
1
2
42
7
12
1
1
1
1
2
1
1
4
15
3
1
8
7
4
18
1
1
1
2
2
1
1
1
4
1
1
4
1
1
1
4
1
74
8
1
1
4
29
1
3
34
1
2
72
7
15
1
1
4
1
20
392
2
17
1
1
2
53
1
1
1
5
2
1
1
2
3
1
1
8
26
1
2
1
1
6
1
2
1
1
1
50
3
1
1
1
1
1
1
6
4
2
1
1
1
3
1
1
1
2
2
1
1
1
1
9
1
1
2
1
5
4
31
2
1
2
3
3
3
18
6
1
1
4
1
2
2
2
1
1
2
1
2
11
1
1
2
1
1
2
1
1
1
2
1
1
1
1
4
56
3
1
1
1
1
2
1
5
9
1
12
2
1
2
1
4
1
218
1
32
1
3
1
1
1
9
2
1
2
2
1
4
1
1
1
1
1
1
1
2
377
1
109
4
1
5
1
18
2
1
1
1
20
3
13
1
1
1
1
1
3
2
2
1
5
22
1
1
1
1
4
3
3
1
1
1
1
1
1
1
1
5
1
3
4
22
12
21
81
13
2
2
1
9
1
1
1
2
4
1
20
1
205
1
5
12
1
1
4
2
3
1
42
3
1
1
4
1
144
2
1
2
1
1
4
1
1
6
9
1
1
1
2
1
1
1
12
1
2
8
7
1
1
1
1
21
1
1
2
20
1
2
1
1
1
1
8
3
2
1
1
1
1
2
23
1
1
2
9
1
2
1
2
1
1
1
1
4
1
1
1
27
1
2
1
1
1
2
327
8
1
1
1
1
1
1
1
1
1
1
2
4
25
5
15
4
1
1
1
1
1
1
1
1
1
2
1
13
1
37
1
1
3
1
1
1
1
1
1
1
1
6
1
4
1
1
2
1
1
13
1
1
1
4
4
25
1
4
9
3
5
9
5
1
3
2
1
5
2
2
3
2
1
60
381
1
14
1
3
1
251
5
1
3
3
2
2
2
1
4
3
313
2
1
1
1
21
82
1
6
1
4
5
1
12
1
1
1
1
2
10
1
1
2
2
1
1
1
1
1
1
1
4
1
5
1
1
1
2
2
1
2
208
1
2
3
19
1
1
2
1
251
4
5
4
1
2
2
1
1
1
2
2
2
1
1
1
58
1
1
1
2
1
2
6
1
1
2
2
2
2
1
2
3
2
1
1
1
2
4
1
1
19
17
1
1
55
1
5
1
2
1
1
1
1
5
3
6
2
3
1
1
1
1
1
5
1
2
2
3
1
3
34
1
1
1
3
1
9
12
1
1
1
1
1
5
1
1
3
1
1
2
1
2
1
2
2
8
2
1
1
1
1
11
24
1
1
1
1
1
1
22
1
1
8
1
1
3
41
1
2
14
1
2
2
2
1
1
1
2
87
3
1
1
30
22
1
1
6
1
1
1
2
2
1
5
42
172
5
376
2
1
1
1
1
102
1
7
1
1
1
3
1
1
1
1
2
1
1
3
1
34
1
1
1
1
1
1
3
1
5
1
3
1
6
1
5
14
94
1
15
3
18
1
23
649
2
1
4
4
101
1
1
4
1
1
1
1
2
1
2
1
309
1
1
2
16
1
8
142
1
1
1
1
2
1
2
1
3
1
2
14
1
8
2
1
2
2
1
22
1
1
1
1
1
1
2
2
3
1
3
1
1
4
26
47
1
2
1
1
49
18
11
3
3
5
1
1
3
1
1
1
1
79
1
2
8
1
1
1
14
6
1
10
2
1
1
1
5
10
1
1
3
1
1
20
39
1
216
162
4
21
2
1
1
2
10
1
11
3
2
1
1
1
4
2
2
4
15
2
1
1
24
1
6
2
31
1
1
1
1
1
5
1
3
1
1
16
2
1
8
1
31
1
4
1
5
2
35
4
1
6
3
189
1
106
1
1
32
1
38
1
1
5
1
1
1
3
1
7
2
1
1
28
7
1
2
1
4
3
1
4
1
1
1
7
5
2
18
1
1
2
1
20
1
1
16
72
1
4
1
3
1
132
71
1
4
13
1
6
2
2
6
11
12
1
3
2
36
3
1
1
1
1
1
1
21
1
1
6
1
1
1
4
1
12
339
1
1
84
1
2
1
239
8
1
1
2
17
242
1
6
1
7
1
1
1
2
1
3
3
23
2
35
4
106
20
2
4
1
31
2
1
1
14
3
1
1
1
1
1
1
1
7
51
2
32
2
1
1
1
161
1
2
1
2
2
1
2
1
1
1
1
6
1
1
3
2
1
1
3
1
1
1
1
15
31
1
4
1
1
3
2
345
1
2
73
31
1
3
1
1
1
2
1
19
14
3
1
1
1
2
1
1
1
1
1
3
1
1
6
1
3
44
20
2
82
1
3
6
1
1
97
1
1
4
1
1
1
2
2
1
136
1
1
1
1
1
7
1
2
6
1
2
1
21
1
267
1
1
1
1
1
53
89
6
4
1
3
1
16
12
1
5
1
2
1
1
1
25
4
7
1
2
36
1
156
1
1
1
1
1
2
2
1
1
1
1
3
5
1
1
7
1
1
1
2
1
1
4
1
1
2
15
1
1
4
1
1
3
1
6
1
39
1
1
1
3
2
1
2
1
1
1
1
2
4
48
1
10
6
1
2
121
1
9
12
1
1
1
1
1
1
7
2
1
10
1
1
1
10
56
3
1
13
1
1
2
1
1
1
52
1
5
1
1
1
1
23
2
1
1
1
3
1
1
1
1
1
16
15
1
159
1
2
1
1
5
37
4
1
13
45
1
1
1
12
2
1
1
1
1
2
3
12
8
10
16
1
1
1
2
2
1
79
1
2
1
1
1
9
1
1
4
1
1
1
5
1
8
6
1
1
2
1
9
31
9
2
2
2
1
8
1
4
1
2
1
5
1
1
1
1
1
1
1
1
1
1
1
16
6
1
1
54
2
111
1
3
1
6
1
1
2
3
1
1
1
1
1
2
1
1
1
16
1
1
1
4
1
2
16
1
1
2
3
2
58
2
1
2
1
2
1
2
6
5
3
8
2
1
1
7
4
1
1
4
32
4
1
8
1
64
1
6
1
3
3
1
1
1
1
2
1
1
1
1
1
3
1
1
2
1
1
1
1
16
2
41
4
1
1
1
2
11
1
2
1
3
1
29
1
5
2
7
1
1
2
1
21
9
9
1
2
1
1
188
7
2
1
3
3
100
1
2
2
2
1
1
3
1
5
1
2
1
2
149
2
1
4
2
1
4
5
1
2
2
223
1
71
4
10
2
5
3
1
16
1
1
16
2
1
24
41
6
1
8
7
2
1
5
10
314
1
1
20
1
1
1
2
3
1
2
1
1
10
1
1
1
1
1
1
1
1
1
30
1
3
1
81
9
1
1
2
1
4
1
1
1
1
7
1
1
1
1
2
2
1
1
9
1
2
1
14
1
5
14
1
1
1
1
1
3
1
1
3
1
1
2
4
1
1
1
1
16
1
2
3
53
1
10
1
119
6
4
2
1
1
1
3
3
55
1
1
4
2
2
1
1
1
1
2
2
1
5
1
1
6
2
36
11
39
32
1
95
2
1
3
2
2
1
14
1
1
1
1
1
1
4
1
1
1
13
1
1
1
1
58
4
7
1
1
1
1
6
1
14
2
14
1
30
21
1
1
63
1
1
6
1
1
1
24
1
1
1
1
2
1
1
2
2
1
1
4
2
1
4
2
99
2
3
2
1
2
5
45
16
1
2
1
3
1
1
1
16
2
4
2
3
1
1
2
2
21
1
1
2
1
1
8
2
2
1
77
87
2
11
1
18
7
5
1
1
3
1
1
2
8
8
4
1
1
1
5
2
1
1
8
23
1
1
9
1
9
1
1
2
2
1
1
1
232
2
4
1
1
2
1
1
1
2
1
3
3
12
305
5
2
1
33
1
1
1
8
3
3
76
1
2
1
66
1
1
1
1
1
99
1
6
10
374
39
1
1
44
1
1
30
1
1
3
56
46
2
93
7
114
132
17
1
2
1
3
1
1
102
4
1
2
1
2
1
3
3
1
1
2
1
1
1
1
1
1
21
1
4
19
1
1
4
2
2
62
11
2
1
1
1
3
1
1
1
2
1
2
1
1
1
1
6
2
49
1
1
1
1
1
11
1
69
7
4
1
2
1
2
1
7
11
17
2
1
2
7
1
12
1
16
13
4
1
4
1
1
2
1
1
8
1
4
4
2
4
94
5
69
1
1
2
2
1
1
1
1
1
4
27
1
26
94
4
1
2
1
482
2
1
3
1
2
1
5
1
1
1
1
1
1
2
22
2
4
5
32
1
1
7
1
2
49
1
2
3
1
1
2
1
4
1
1
5
5
1
91
5
1
1
1
2
1
1
2
1
1
2
1
1
1
1
3
1
1
1
5
2
1
6
48
2
1
17
40
1
1
1
1
1
1
16
7
1
2
81
1
2
1
1
1
1
2
1
3
1
3
1
1
1
4
4
43
1
65
1
1
1
1
1
1
1
1
1
90
2
1
42
1
2
1
10
4
8
1
17
5
1
1
1
13
92
1
1
2
1
2
63
1
1
1
42
1
3
62
1
1
3
1
1
15
1
1
10
1
1
2
1
1
2
1
2
1
1
3
74
1
23
1
1
84
1
1
2
49
1
1
12
38
15
6
2
1
1
15
1
94
11
6
9
10
15
1
1
2
2
20
225
24
1
1
1
1
5
27
1
1
4
3
4
11
1
17
1
1
3
3
153
2
3
61
3
1
1
1
5
2
1
2
7
1
1
2
1
1
4
1
2
2
4
1
22
4
1
1
1
2
1
1
16
1
4
9
1
20
1
19
1
1
1
3
1
9
1
1
3
1
1
1
1
2
1
1
1
2
1
10
2
1
9
1
2
1
1
1
1
1
1
4
1
1
1
1
514
4
4
1
6
1
1
1
5
1
1
21
1
10
1
2
1
1
1
1
1
5
1
2
17
1
1
3
2
1
1
1
2
1
6
1
2
6
1
1
2
5
5
1
14
9
1
1
2
2
2
1
9
1
1
28
3
1
6
11
6
1
2
1
1
5
1
8
1
1
1
3
1
1
2
1
1
1
2
2
2
1
2
1
1
1
1
19
1
1
123
3
8
1
1
8
1
1
1
3
65
1
1
5
3
1
6
1
29
2
1
1
7
2
1
4
1
2
1
6
2
1
1
1
5
1
1
1
13
2
1
9
25
42
2
1
4
1
1
1
68
4
1
1
1
1
1
1
7
1
10
5
1
3
2
1
3
1
1
1
1
1
1
10
1
1
163
2
2
2
1
1
1
3
1
1
3
1
1
1
2
1
1
1
2
2
1
1
1
2
7
8
7
28
1
1
1
1
13
2
2
3
2
1
10
1
1
1
1
1
2
9
5
13
7
5
1
2
1
5
3
1
1
6
1
2
1
5
2
3
2
1
2
1
1
1
2
1
22
1
21
1
15
7
1
8
192
1
1
2
1
1
1
2
1
5
2
1
159
1
1
22
1
4
1
311
163
1
3
1
1
1
3
57
83
1
2
1
1
4
45
1
55
2
2
4
1
2
7
1
1
1
2
2
1
5
6
6
1
1
8
6
105
1
1
1
1
1
1
1
3
2
6
3
1
5
1
2
1
3
5
2
1
12
82
5
5
13
3
1
4
2
1
1
1
1
83
2
441
2
1
1
1
1
14
1
1
1
2
1
2
1
37
1
1
1
2
1
1
10
76
2
1
3
5
3
1
5
1
1
1
1
2
1
1
4
39
3
1
1
1
2
96
1
297
2
6
1
1
3
28
14
8
1
1
19
3
1
1
2
1
1
1
1
1
1
1
1
1
58
1
1
1
1
25
1
1
2
2
5
186
1
1
1
11
1
1
1
1
1
1
1
1
4
1
1
1
1
1
2
2
1
2
1
2
6
1
1
1
38
1
10
1
2
3
1
4
1
1
75
1
1
2
1
1
1
1
1
10
1
3
1
2
3
2
1
1
1
1
1
1
3
1
1
1
11
28
10
1
30
5
2
27
1
7
1
1
1
2
1
5
1
1
2
3
10
2
14
6
1
1
1
1
8
1
2
1
1
1
1
4
1
1
3
25
3
1
1
1
1
1
5
1
3
14
2
7
2
147
4
3
1
1
3
1
8
1
25
1
1
3
9
1
1
5
1
1
1
2
2
3
6
13
5
32
6
2
1
2
3
8
26
2
1
1
1
2
1
2
1
2
1
1
1
1
1
1
9
2
4
1
2
37
1
1
1
4
33
1
90
1
7
2
1
5
9
3
4
8
1
5
2
3
1
1
2
19
5
1
29
1
1
444
1
1
1
1
1
2
20
1
1
1
2
1
9
2
3
2
8
2
2
33
1
7
1
1
1
1
1
3
1
1
1
22
1
1
1
1
1
1
51
25
1
14
1
1
1
1
6
2
1
1
1
1
9
2
1
1
7
1
1
3
5
2
1
1
1
1
299
1
1
2
51
16
2
1
7
1
3
1
1
5
1
2
1
1
3
3
1
13
3
3
2
1
1
1
1
1
1
1
1
1
2
1
1
1
1
1
1
72
2
2
2
1
33
1
1
1
1
1
1
1
67
4
1
2
1
1
4
9
140
1
1
3
1
1
1
2
1
23
1
10
14
1
1
6
1
5
1
6
2
3
2
2
2
2
87
4
3
1
1
4
1
12
5
3
2
90
1
427
1
3
1
1
9
5
6
28
245
1
1
1
1
1
6
1
1
1
6
2
1
1
1
4
1
1
1
2
1
4
1
1
1
24
1
10
1
1
2
2
5
1
5
1
3
125
1
1
1
1
2
1
1
27
6
1
1
2
1
1
1
1
2
1
2
9
1
1
8
1
3
1
8
2
3
13
1
11
2
1
17
2
1
1
1
2
1
2
2
2
2
22
1
307
3
1
1
2
1
1
1
1
1
1
2
2
1
1
1
1
1
1
2
1
20
1
2
1
1
3
1
1
3
16
1
2
2
1
1
3
8
3
1
1
3
1
1
73
1
14
1
1
6
1
1
1
52
1
3
1
1
1
42
2
1
1
1
1
3
6
1
1
1
1
5
1
1
2
1
3
2
3
1
1
1
1
1
7
1
15
1
18
4
1
3
1
1
1
2
1
2
14
8
1
1
1
4
1
9
1
2
1
1
3
1
6
1
1
1
1
145
1
1
4
1
1
1
1
3
1
2
1
8
1
2
1
1
2
1
19
2
1
2
1
2
3
1
2
27
1
1
1
1
19
2
49
148
1
5
2
1
4
3
3
3
1
1
3
12
218
1
1
1
1
1
13
1
1
12
1
1
6
1
1
3
14
1
1
1
1
21
2
6
11
1
1
1
1
2
1
1
5
1
13
1
38
1
1
1
2
1
2
6
1
73
13
1
1
2
9
1
1
1
11
1
3
45
8
36
40
2
1
12
7
1
1
2
10
1
1
13
4
1
1
6
2
1
1
2
2
5
3
1
46
1
5
1
1
2
1
1
27
3
1
1
5
12
7
1
1
1
5
1
1
2
1
1
1
3
1
1
1
2
1
3
243
1
9
3
1
33
1
1
1
1
3
1
1
2
225
2
4
9
3
1
11
10
18
4
1
7
1
1
1
1
1
1
5
20
1
1
1
9
2
30
2
1
1
1
2
1
1
1
1
1
4
5
2
1
2
1
3
2
1
1
1
6
1
1
1
1
8
1
1
28
1
2
1
128
2
2
4
1
1
2
1
36
1
1
6
1
2
1
1
2
4
1
1
3
3
13
2
1
2
106
1
1
8
1
3
1
1
1
1
1
8
1
4
3
25
2
1
2
1
1
52
3
1
19
1
7
37
1
2
1
1
4
18
5
1
1
6
39
547
3
33
2
3
9
1
13
13
1
25
1
5
1
1
2
1
1
1
1
4
1
2
2
1
1
2
1
1
20
1
7
1
297
10
61
1
4
2
2
1
1
11
4
1
1
1
1
1
1
1
2
2
1
1
11
7
11
12
1
1
8
3
2
1
1
2
1
1
1
2
2
184
5
1
6
1
4
4
8
1
14
1
1
1
2
1
1
2
366
2
2
1
3
1
17
3
1
1
2
1
2
8
1
4
1
6
1
1
2
3
1
3
3
1
1
1
382
371
8
2
1
1
3
3
1
2
2
2
1
1
3
5
1
5
1
2
2
2
16
4
2
1
2
2
81
9
1
1
1
16
1
2
5
1
1
388
17
1
5
1
1
2
1
2
5
2
2
1
54
28
2
19
1
117
22
2
4
1
1
2
54
1
8
1
2
4
2
3
1
4
15
8
1
1
1
27
1
4
5
100
1
14
1
116
98
2
1
1
1
18
2
6
1
1
1
1
3
3
6
1
37
3
2
1
1
22
1
2
3
2
2
9
5
1
1
4
5
1
1
1
1
1
5
1
6
22
4
3
1
7
1
1
2
11
1
1
4
27
1
25
2
43
2
5
1
2
3
1
1
10
6
1
11
1
1
6
1
1
1
1
1
24
1
255
1
2
7
25
1
1
1
10
1
26
1
3
1
3
2
1
2
1
3
22
3
1
1
3
1
14
2
1
1
1
1
2
39
1
12
1
52
11
5
1
1
1
1
2
1
1
59
1
2
1
2
1
8
1
1
5
3
39
8
11
1
2
26
362
1
4
1
1
2
3
3
2
1
28
7
2
12
9
1
1
2
1
1
2
6
91
1
1
3
1
2
1
1
2
21
3
2
2
1
76
1
1
1
1
1
1
12
10
33
462
19
1
1
64
2
13
1
4
5
3
2
17
1
2
29
1
2
2
1
1
2
76
2
4
1
1
1
1
2
1
2
4
1
31
1
9
1
1
1
3
1
39
106
1
2
5
2
1
1
2
2
1
1
2
1
1
1
1
1
1
1
2
11
4
3
3
1
4
1
1
27
1
12
1
1
2
1
2
1
72
1
81
13
7
169
11
1
1
1
1
2
2
2
1
3
21
1
3
2
1
7
1
57
6
2
2
1
1
19
3
1
2
587
1
3
2
8
138
3
1
1
23
2
2
1
7
1
1
20
1
14
1
18
7
1
1
19
1
1
1
1
3
1
1
1
1
1
1
3
1
2
20
9
1
26
2
2
3
3
26
21
1
2
1
2
1
4
6
1
2
1
1
1
3
1
7
2
4
1
8
2
29
1
28
2
4
2
5
1
1
47
2
1
2
12
1
156
1
3
1
5
36
1
35
1
1
1
1
3
3
1
1
1
1
10
1
89
1
1
1
1
15
19
3
10
1
2
2
11
41
2
1
1
3
1
1
2
1
1
4
29
1
1
1
1
4
55
1
2
37
1
1
1
1
1
7
3
1
1
1
256
16
3
3
9
2
1
1
2
1
1
1
10
2
1
2
1
1
1
1
24
56
2
1
1
1
4
404
3
1
1
2
8
5
1
5
5
54
6
1
1
3
1
123
2
71
9
17
4
27
55
4
11
2
1
12
3
2
1
1
1
25
1
1
1
2
1
1
1
1
10
2
1
3
2
1
3
1
210
1
1
1
1
1
1
1
11
15
2
1
2
49
6
2
10
1
3
1
1
6
25
5
1
1
1
1
2
1
3
119
2
3
3
1
2
1
1
1
1
1
5
1
9
1
1
4
1
163
130
1
1
1
1
1
1
8
1
4
1
2
1
1
31
2
1
2
1
1
2
1
3
1
3
1
1
1
1
2
1
8
1
4
1
14
1
5
6
2
19
1
1
1
3
4
2
29
3
7
1
23
8
2
1
1
39
1
44
20
1
2
4
2
5
40
1
56
28
1
3
4
1
27
4
1
1
2
1
1
1
2
59
1
1
1
2
3
1
2
1
4
2
2
2
3
1
1
14
502
1
1
5
1
1
1
1
2
2
1
1
2
13
1
2
1
118
3
1
1
1
1
1
1
1
1
1
5
1
1
1
7
1
1
1
7
1
2
85
2
2
1
1
2
3
4
1
1
9
1
1
4
11
1
1
2
71
1
1
1
12
1
5
1
1
283
1
1
1
1
1
3
1
23
9
1
1
1
1
1
1
14
2
1
8
2
2
1
1
1
1
1
1
1
9
1
1
1
24
1
1
10
1
1
1
1
1
1
1
1
1
1
3
1
77
2
5
1
111
1
7
3
1
1
2
3
1
3
2
1
16
3
1
1
3
2
1
2
1
1
3
4
18
14
1
1
1
8
57
12
1
1
9
5
5
1
1
1
2
1
1
1
2
1
2
1
1
1
1
4
2
1
1
25
1
37
36
1
4
4
1
1
4
5
1
2
4
1
2
1
2
349
2
25
4
1
2
2
244
1
182
3
1
2
1
1
4
1
2
6
1
7
1
4
6
16
1
1
1
2
1
9
5
2
16
1
3
3
1
88
1
1
3
1
1
1
4
2
1
2
30
2
1
2
2
1
1
1
15
1
29
3
2
1
1
2
1
2
1
1
1
1
3
4
1
1
4
26
1
17
61
2
56
7
1
3
19
7
1
1
37
34
1
9
3
1
210
8
1
2
1
4
9
6
8
2
1
1
2
2
1
3
3
2
7
2
1
4
1
3
2
1
5
11
14
1
6
60
1
2
4
1
1
26
1
1
25
3
2
3
1
14
1
1
17
2
1
5
12
1
1
3
3
71
2
2
1
1
1
1
3
1
79
1
3
1
1
10
1
1
31
1
10
2
1
1
1
22
4
2
1
1
1
15
1
1
1
1
1
2
1
6
2
1
1
1
1
1
12
3
55
2
1
1
1
1
1
9
6
1
1
1
1
1
1
5
5
2
1
1
1
4
1
2
1
3
2
1
1
3
2
1
1
4
1
30
1
1
2
4
2
12
1
3
6
1
1
1
89
1
1
2
2
285
1
30
2
1
1
1
1
1
2
1
1
1
2
1
36
1
2
5
5
41
7
2
1
2
1
1
1
99
1
1
1
1
4
1
1
2
2
9
2
4
11
1
2
5
2
1
9
29
2
1
1
1
2
1
30
1
1
5
1
1
5
1
1
1
1
6
2
1
1
3
1
1
1
2
1
44
1
1
1
1
15
1
1
8
10
1
1
1
4
1
2
1
1
3
1
1
1
1
2
1
1
1
1
3
1
15
6
1
4
1
31
362
2
1
1
1
10
1
1
1
1
1
1
4
2
1
3
1
2
1
35
21
2
1
1
2
2
1
4
1
1
1
1
1
1
1
1
2
1
3
2
1
1
2
10
1
1
4
3
22
1
1
14
3
11
1
1
7
2
1
1
30
1
1
1
1
1
1
1
1
140
1
1
1
1
234
2
4
1
2
2
6
1
1
274
3
1
10
1
1
1
1
5
25
1
2
9
1
1
1
5
1
1
6
1
1
1
1
1
1
3
1
1
1
1
2
2
1
2
305
1
8
1
4
5
1
1
1
1
3
1
4
1
1
1
1
1
2
34
6
10
61
63
21
1
2
7
9
3
3
337
101
1
1
2
1
1
1
1
1
1
1
37
1
1
8
1
2
1
2
7
1
5
1
1
2
1
4
1
4
27
1
1
1
8
1
6
1
52
314
10
2
1
1
188
1
1
21
2
1
1
3
1
2
7
1
1
1
2
7
11
1
1
3
1
1
8
3
5
6
1
4
8
1
4
2
1
1
16
21
1
1
2
1
1
2
1
5
1
1
1
2
1
3
2
2
1
1
28
30
2
1
1
2
2
1
1
1
15
1
5
1
1
1
5
1
12
6
1
6
3
94
2
4
2
6
3
1
2
1
1
20
1
1
1
1
7
1
9
1
10
4
1
1
9
2
1
1
2
3
3
1
1
2
1
2
1
33
33
6
1
1
6
180
4
1
1
1
1
1
6
5
1
1
2
56
1
1
4
1
1
5
95
2
2
14
2
1
3
1
1
1
3
1
1
1
2
1
75
1
1
2
2
3
1
2
1
1
1
8
19
2
1
1
10
1
1
7
2
1
9
1
1
1
2
1
1
1
1
3
8
4
1
1
4
2
1
7
57
1
2
1
4
5
1
1
12
1
1
1
118
1
1
3
6
11
3
2
1
1
1
1
36
2
1
29
1
2
8
3
1
1
1
1
1
1
1
2
1
1
3
4
2
10
1
4
1
1
1
1
1
1
2
1
1
1
18
1
4
1
8
1
1
1
4
6
1
14
1
1
1
32
2
2
1
1
9
2
1
4
1
1
2
9
11
2
1
10
1
1
1
1
41
3
5
2
15
4
1
1
1
31
61
15
1
4
10
3
1
4
1
1
1
1
12
5
510
1
1
1
1
1
7
7
1
16
8
1
1
2
1
1
1
3
1
1
1
3
5
1
1
1
71
1
280
2
2
2
17
1
1
2
1
1
2
1
1
1
1
1
54
2
1
1
58
1
1
3
2
16
1
1
4
1
1
4
1
1
1
2
48
3
1
16
87
1
5
1
11
1
1
4
1
89
1
2
2
1
2
1
1
1
1
2
6
12
17
41
1
1
2
4
3
1
2
5
2
8
2
12
55
1
1
1
2
1
1
7
6
5
3
3
2
1
2
1
1
124
1
1
2
1
7
3
8
14
84
1
9
15
1
1
29
5
1
1
1
8
1
1
1
1
1
8
1
17
1
1
1
1
1
4
1
3
40
1
2
4
1
2
2
17
5
1
1
1
1
4
1
1
1
4
1
1
1
6
4
3
2
1
1
91
237
86
1
4
2
4
1
1
66
50
22
1
1
2
1
1
1
2
2
1
1
1
1
1
2
4
1
6
1
36
123
1
1
18
1
7
2
2
1
2
6
15
7
1
3
31
1
1
2
1
2
1
1
2
1
1
2
22
3
1
1
2
1
8
1
2
1
6
1
1
6
4
9
1
1
10
1
1
1
6
2
3
45
1
1
2
2
29
1
2
1
1
2
1
1
1
2
6
1
1
2
14
1
22
15
1
3
1
4
1
1
1
3
1
1
1
41
9
3
1
2
3
1
3
1
1
1
1
1
1
2
1
1
4
3
1
1
5
22
1
18
7
1
6
1
5
217
1
1
5
57
1
1
2
1
2
8
5
1
1
1
1
2
1
1
1
3
1
1
3
1
2
2
1
3
2
3
1
1
1
1
1
1
12
2
3
1
1
1
3
1
9
1
20
1
1
14
13
3
1
2
1
1
3
2
4
1
3
1
1
1
5
53
1
1
56
6
1
20
10
2
1
9
1
20
1
1
1
2
1
1
1
2
1
91
5
1
1
1
1
36
4
2
1
24
1
3
1
4
2
1
3
69
1
1
6
1
1
1
1
1
1
3
2
59
2
2
3
1
2
1
1
1
1
1
5
1
79
1
2
2
5
1
121
3
1
13
2
11
1
137
1
126
3
1
1
1
59
9
1
1
2
149
1
1
1
4
1
1
1
125
7
1
35
1
1
21
5
1
4
1
1
1
2
2
1
4
1
1
6
4
1
1
7
1
4
8
2
1
2
1
1
2
2
1
1
2
21
1
16
1
4
1
4
2
1
1
9
2
1
1
1
3
2
3
1
2
1
1
6
2
1
7
1
1
2
2
3
15
60
5
1
1
2
1
2
3
1
1
5
13
1
4
2
8
3
5
1
1
1
2
5
33
1
1
1
1
3
2
1
1
1
1
1
1
1
2
1
1
1
1
1
1
20
3
1
1
2
249
1
1
2
1
1
2
2
1
2
1
1
15
11
202
3
142
2
1
1
1
1
4
3
13
4
6
5
1
4
1
1
3
19
64
29
1
20
1
18
1
5
18
2
1
3
11
6
13
6
1
2
1
4
3
1
26
18
1
12
1
22
77
1
1
1
35
2
151
175
1
1
4
1
2
14
1
1
2
2
1
1
6
3
1
3
1
12
1
1
2
2
1
1
39
29
5
1
1
2
1
2
1
3
7
28
1
17
1
1
16
1
2
2
4
1
2
30
1
4
30
1
1
5
1
2
1
1
3
1
2
1
11
8
16
1
1
1
2
2
1
1
140
1
4
1
1
1
1
4
5
1
1
14
1
25
1
10
1
32
36
24
1
46
25
1
3
2
11
2
2
1
5
1
3
5
1
2
38
1
1
2
2
11
7
1
1
2
3
29
3
1
20
12
4
2
2
1
1
5
2
2
1
2
2
2
1
11
1
1
1
2
1
1
20
1
54
1
1
3
3
1
68
1
4
1
3
1
2
4
1
8
1
1
1
11
1
1
1
6
4
1
1
3
1
1
2
1
1
38
1
1
1
1
3
3
1
2
12
2
2
2
1
1
1
1
3
3
245
12
1
1
1
1
1
1
1
2
1
1
30
3
1
1
1
1
3
116
1
1
10
2
5
5
1
1
4
1
10
4
1
185
1
1
1
1
1
15
4
1
1
5
82
4
20
1
1
1
1
1
1
1
1
1
1
1
1
1
1
1
1
1
2
15
2
1
100
1
1
1
5
1
2
116
1
1
1
1
4
10
8
4
4
2
2
4
53
43
1
1
7
1
2
1
8
1
1
1
1
2
2
2
3
3
3
4
1
16
1
14
1
115
1
42
10
1
1
4
7
165
1
3
1
8
4
13
2
2
3
4
6
1
2
81
1
1
1
2
5
16
1
1
2
2
1
1
1
1
1
7
1
16
3
3
46
1
1
3
3
1
1
1
1
1
2
1
1
1
1
9
1
2
1
3
7
2
2
3
15
1
1
4
322
1
9
2
1
1
3
1
1
1
2
3
1
2
1
8
1
2
28
1
1
1
1
1
2
1
1
2
1
1
1
7
26
1
5
3
2
1
6
1
6
8
1
1
19
3
1
45
1
3
1
1
1
2
1
1
5
1
2
1
34
1
1
2
10
1
3
1
2
1
1
1
6
1
1
1
1
1
11
333
12
4
1
1
5
1
2
46
1
1
9
1
317
1
1
1
6
4
73
1
1
2
2
1
24
1
1
2
2
12
1
2
15
1
21
10
20
6
1
2
1
1
366
1
85
10
1
2
1
1
1
1
1
1
1
396
2
1
1
1
1
1
86
1
2
1
1
6
2
1
2
13
12
1
1
1
2
17
1
1
12
2
25
2
1
1
40
1
1
1
13
8
1
1
4
7
4
1
9
1
2
3
1
24
1
10
273
4
1
6
1
94
1
1
1
2
1
2
1
1
1
2
1
1
1
2
8
1
11
1
1
1
1
4
25
16
1
3
1
1
38
6
3
1
1
1
13
3
22
1
1
1
1
1
1
1
1
1
7
1
1
4
2
2
6
2
1
4
1
1
324
1
2
1
1
10
1
4
1
2
3
1
1
3
2
71
1
39
2
1
1
1
1
68
5
4
1
1
2
3
1
1
1
1
4
2
2
1
4
1
32
1
1
23
25
1
2
1
1
3
3
4
3
4
4
8
4
4
7
1
1
6
1
1
5
1
3
1
3
1
3
1
37
5
2
1
16
7
10
2
13
1
3
4
61
9
1
151
1
14
1
1
4
1
4
1
6
423
1
1
10
1
2
4
2
1
1
2
1
1
32
1
1
2
3
105
1
5
1
2
1
1
78
1
1
1
1
5
7
6
1
55
1
1
1
6
6
1
1
5
1
1
2
1
3
2
11
76
1
1
1
3
5
28
179
2
1
2
4
2
2
1
7
1
1
2
9
12
1
1
1
1
1
3
1
2
4
1
1
1
4
1
4
2
6
1
6
1
1
1
2
1
2
2
1
614
1
22
3
1
1
4
6
32
1
13
1
15
10
2
8
1
1
3
1
1
10
1
1
2
1
34
1
23
1
7
1
2
2
1
1
1
1
1
2
2
1
6
1
3
6
4
1
3
1
1
4
22
2
2
4
4
3
1
4
1
33
1
1
1
9
2
1
2
19
3
2
1
1
3
11
7
5
2
1
2
1
2
1
1
2
1
5
2
44
2
1
2
10
10
2
2
1
8
3
1
1
25
1
1
1
2
23
1
1
1
2
1
1
4
1
6
1
2
1
1
60
1
4
2
1
1
10
4
3
2
1
8
4
2
1
5
339
66
1
6
1
2
1
131
6
2
1
1
1
1
1
1
5
1
79
1
1
1
6
4
2
4
1
1
1
9
3
1
1
2
1
3
10
4
1
8
101
77
1
1
12
7
2
1
1
1
2
3
3
1
3
1
2
7
1
1
1
1
1
7
1
1
2
1
1
1
2
3
2
1
77
1
2
1
3
1
5
2
8
2
2
5
1
1
1
1
1
6
4
2
1
1
5
3
1
1
1
2
10
1
24
10
1
4
1
1
1
1
1
1
1
42
14
3
34
1
1
3
1
1
1
11
1
2
1
1
8
213
1
1
1
83
2
1
1
5
3
1
1
1
3
2
1
1
1
1
1
1
1
8
1
29
8
11
12
4
3
2
2
9
1
1
1
6
2
6
1
1
1
1
6
3
1
1
1
3
1
1
3
1
3
3
14
2
2
3
1
1
1
2
1
1
1
17
1
2
2
4
1
2
1
3
1
3
1
1
3
1
1
1
1
1
6
1
24
1
1
1
1
1
9
1
1
2
1
1
1
1
1
1
1
7
3
1
1
1
28
2
2
1
1
1
1
3
3
1
1
1
1
1
82
6
2
28
8
1
1
19
1
3
1
1
1
7
1
48
1
2
1
1
6
1
1
1
2
123
2
2
2
1
1
2
1
1
1
1
3
1
1
1
5
1
1
1
1
3
2
49
1
1
1
1
1
2
5
1
1
2
1
2
1
1
1
1
1
7
8
1
10
1
1
1
1
11
1
1
7
2
5
15
95
1
1
2
8
1
1
1
7
1
1
1
1
1
3
1
1
1
13
1
10
2
3
3
1
2
1
8
1
6
1
1
3
3
5
1
8
1
1
1
1
2
1
10
5
43
1
2
1
38
1
1
1
5
12
2
1
1
12
5
7
4
1
1
5
1
4
28
1
8
8
1
6
1
1
1
1
1
2
2
3
5
1
23
1
1
1
6
1
1
3
1
1
3
1
1
1
3
1
2
2
35
1
1
3
7
2
9
134
1
4
1
2
18
63
1
2
1
1
1
2
3
1
3
13
12
1
5
4
45
1
1
1
11
42
1
1
2
9
3
1
27
2
2
1
8
1
1
2
1
1
1
4
2
4
2
4
2
7
5
1
3
1
5
1
1
1
1
3
1
2
1
1
1
1
1
1
7
11
1
1
1
1
5
5
20
2
2
4
1
1
1
1
1
1
1
1
3
2
2
2
27
3
6
1
4
1
2
2
2
1
1
1
1
128
1
1
1
5
1
1
1
1
1
18
1
26
2
3
57
1
2
67
1
2
2
1
2
2
3
1
1
1
1
1
1
1
1
4
97
1
1
3
1
3
3
1
1
5
4
1
6
1
1
3
1
1
1
4
1
1
1
1
1
98
7
1
1
7
1
12
1
1
1
73
1
1
1
1
3
1
1
4
7
8
1
1
2
1
1
1
1
3
4
1
4
1
1
1
25
32
1
1
1
17
1
2
19
5
1
62
3
1
4
1
1
1
2
11
1
1
1
1
1
1
6
1
3
170
2
4
2
2
1
1
1
1
100
1
45
12
1
2
1
3
2
4
1
5
4
23
1
5
29
3
1
2
2
2
7
2
2
1
4
1
1
17
2
1
342
5
1
4
3
3
33
1
1
1
9
1
1
4
2
1
1
1
1
1
1
3
1
1
2
3
1
1
1
1
2
1
5
1
2
4
1
1
4
1
2
3
14
10
1
8
1
1
1
1
1
1
2
5
35
5
2
1
1
2
1
6
5
1
6
10
1
2
2
2
7
1
1
1
1
1
5
1
1
1
10
1
110
5
1
2
6
80
2
1
63
1
1
1
1
1
1
1
1
1
1
1
1
73
1
3
2
2
1
1
4
1
2
1
4
6
1
3
1
1
1
1
19
1
11
14
11
50
1
1
6
1
2
2
1
12
1
5
1
1
3
1
19
1
2
1
2
1
3
1
2
1
1
2
1
1
1
3
7
2
1
1
5
1
1
1
1
1
40
402
1
1
1
32
6
1
1
1
1
1
1
2
10
1
1
10
1
11
1
6
2
4
1
1
1
1
2
2
5
1
3
1
2
1
13
51
1
3
48
1
2
1
1
2
1
4
2
1
9
2
1
5
1
24
4
2
5
1
1
1
2
1
26
3
1
160
15
1
1
1
1
2
29
1
1
1
1
3
9
2
1
1
2
2
14
3
1
3
2
1
46
1
10
1
8
1
1
10
3
1
1
2
2
1
23
1
2
1
1
1
1
1
2
4
1
6
11
1
6
12
1
1
1
2
1
1
1
15
1
1
1
1
1
4
2
9
1
1
1
1
4
1
16
4
28
2
14
1
3
1
1
39
1
7
1
2
2
1
2
2
17
1
41
1
1
1
1
2
1
6
57
4
3
4
7
2
1
11
1
2
1
1
1
1
4
2
7
3
1
6
9
1
1
6
1
1
200
1
23
1
1
1
2
1
3
1
5
5
2
4
1
1
1
1
2
1
2
3
1
10
1
4
46
1
2
7
183
79
1
1
2
3
1
13
1
1
1
4
1
1
2
1
4
1
1
1
3
1
1
1
1
11
1
2
3
33
1
2
4
1
1
6
11
1
2
26
1
4
1
3
1
1
1
1
4
1
5
1
1
2
1
1
2
1
1
1
1
2
2
1
1
1
2
2
34
1
1
3
5
1
1
15
1
3
1
1
15
1
8
1
2
1
1
1
1
1
1
3
21
1
3
5
2
2
1
3
5
73
10
1
1
5
3
1
1
7
1
1
14
2
1
1
5
26
1
3
1
2
2
8
11
1
1
1
1
1
1
4
2
4
3
1
1
1
28
1
10
19
1
5
1
5
3
1
3
1
3
1
1
3
24
3
1
1
1
5
1
1
2
1
2
5
1
1
5
1
2
8
3
1
1
5
2
2
5
6
1
1
2
1
15
1
1
3
6
101
3
9
1
2
1
102
2
1
151
2
1
1
3
1
1
1
1
42
1
10
1
1
2
197
1
1
2
1
1
1
1
47
4
4
1
57
5
2
14
3
1
1
2
1
2
1
1
1
1
5
1
3
2
1
7
1
3
4
12
9
4
46
32
1
3
1
1
3
1
5
1
1
45
3
8
9
6
1
5
1
1
1
11
4
5
1
3
1
11
1
2
3
2
103
1
1
1
14
2
76
2
1
1
1
6
27
2
3
1
1
2
22
1
1
1
1
12
2
2
1
1
38
1
1
3
3
1
4
7
339
1
1
1
1
19
3
3
2
92
6
5
2
1
1
1
2
1
6
1
5
6
1
2
2
1
18
1
22
1
1
1
1
1
5
72
3
1
1
2
1
1
1
1
1
3
1
1
38
3
135
1
2
1
5
3
2
1
1
1
2
1
1
1
1
1
1
1
1
1
6
1
21
1
1
3
5
1
20
1
1
3
1
1
1
3
2
2
2
1
20
9
1
1
7
2
37
3
1
1
1
1
2
1
1
26
1
1
18
3
1
3
1
3
1
1
141
1
111
1
1
1
1
34
1
1
16
1
1
1
1
1
1
1
2
1
1
1
10
6
1
3
41
13
1
1
1
2
1
7
1
1
25
2
6
14
1
1
1
2
1
4
32
1
1
1
1
1
3
1
1
1
1
3
3
2
29
1
47
1
1
2
2
24
103
1
1
3
52
2
7
1
1
1
2
2
17
1
1
2
1
1
1
1
33
1
6
7
1
1
15
1
4
1
1
3
2
2
3
7
5
3
19
4
17
1
1
1
1
1
3
119
1
1
1
2
3
1
1
1
3
1
1
5
8
1
1
1
2
8
4
6
144
1
2
1
1
1
2
1
1
1
1
6
5
1
11
6
1
21
1
1
2
5
2
1
10
6
3
4
2
5
46
3
46
1
2
3
45
12
1
1
1
2
1
12
1
4
1
2
2
1
4
1
1
2
3
1
7
30
1
1
1
1
3
3
1
2
26
3
1
3
2
1
2
72
3
8
10
4
1
1
3
1
1
3
1
1
3
5
1
1
1
2
1
1
1
24
1
2
1
28
5
11
1
1
28
2
1
2
22
1
2
1
1
4
1
1
1
1
17
1
2
1
1
1
19
7
1
1
1
2
32
1
1
1
1
19
1
2
1
4
4
5
2
2
1
1
2
2
40
3
1
1
2
9
44
1
4
1
1
1
1
10
1
438
170
103
3
61
1
1
8
1
1
1
1
2
17
1
6
3
1
1
1
1
1
1
1
1
2
1
1
2
1
1
1
1
1
3
171
2
2
1
1
1
3
50
12
1
1
2
4
1
4
1
1
3
1
1
1
1
1
13
2
1
2
1
2
1
1
2
5
1
4
1
7
16
1
1
1
1
27
3
61
1
3
2
1
1
2
1
1
1
1
1
113
3
1
3
5
2
1
9
1
4
1
1
3
11
1
1
1
1
28
1
15
1
1
1
1
3
45
3
2
2
1
3
2
10
1
1
2
6
1
1
2
1
2
1
2
1
37
7
1
9
1
2
1
2
1
1
1
2
6
2
1
1
1
1
9
1
58
1
36
1
2
1
1
1
1
1
6
1
1
1
1
1
1
3
1
1
13
1
1
1
1
2
1
1
27
1
1
4
2
2
1
2
6
7
1
2
1
2
1
1
1
3
26
5
1
2
1
2
50
2
2
1
1
1
7
2
7
1
2
1
1
2
1
1
1
1
1
1
1
1
1
1
1
9
1
1
80
21
2
1
6
1
293
1
3
1
2
303
1
3
1
22
1
1
4
4
1
1
19
2
2
1
1
1
2
1
6
1
1
2
1
16
1
4
4
1
1
2
2
1
2
2
374
1
2
1
1
12
2
1
1
4
4
5
1
8
2
2
3
11
1
1
1
1
