19
5
26
43
4
1
7
1
1
20
12
20
54
3
56
7
86
92
55
4
6
36
61
1
2
52
2
8
1
28
3
2
16
57
44
8
3
3
8
4
1
2
2
1
5
28
1
5
5
3
1
15
16
13
43
4
44
2
1
5
3
34
35
19
14
1
16
40
157
9
5
10
28
3
1
7
1
59
2
95
13
23
1
7
10
25
9
26
13
6
10
6
25
16
8
1
31
9
2
4
20
5
4
1
21
19
2
1
22
9
14
4
30
5
218
11
3
341
1
62
8
20
20
1
1
19
1
1
6
4
8
15
12
57
1
7
18
100
51
80
1
10
11
50
2
1
20
243
4
53
5
25
7
33
23
4
2
45
92
11
1
3
4
1
2
7
71
1
16
1
4
2
13
9
16
5
12
41
5
9
7
7
2
10
1
17
1
2
1
53
102
28
7
2
10
51
1
3
5
82
234
214
8
73
48
17
1
11
42
1
4
12
18
61
12
13
10
14
23
4
3
4
21
7
10
19
47
33
1
1
8
75
3
1
13
1
1
341
1
3
7
2
5
5
2
8
38
3
16
2
10
6
1
18
2
41
2
36
16
2
97
1
23
15
47
51
9
1
3
11
112
16
6
7
6
23
4
8
6
2
2
1
23
25
22
12
15
5
1
6
24
2
36
5
6
36
27
10
66
1
44
24
3
4
7
88
11
1
1
1
11
3
7
30
7
17
5
1
4
8
21
6
45
50
26
1
2
1
1
36
28
3
3
15
39
8
85
53
121
2
45
9
5
1
1
2
2
5
1
3
1
4
27
4
17
20
56
16
1
17
1
7
13
42
2
5
201
6
23
7
2
2
13
7
2
1
11
1
30
29
111
146
43
14
1
19
19
81
1
14
10
13
4
10
9
1
3
34
1
45
40
6
80
27
2
75
33
24
28
22
3
2
2
3
5
92
7
73
9
30
25
34
32
2
1
2
4
25
10
41
3
3
3
47
39
1
2
2
2
24
1
33
14
3
10
1
3
14
14
5
4
6
53
24
1
156
15
13
37
5
1
15
1
37
17
47
3
18
3
1
16
1
15
3
9
1
1
26
13
1
13
1
16
16
3
15
4
28
6
7
3
4
2
6
18
4
62
1
11
1
15
2
48
2
61
12
12
8
48
6
8
39
25
7
19
131
7
13
7
51
172
72
2
16
8
1
37
14
107
2
6
30
10
2
29
6
7
30
1
5
28
5
1
4
2
12
2
11
7
2
3
165
16
3
8
1
2
52
7
2
9
2
2
3
18
5
16
3
24
26
7
1
1
7
4
1
1
1
25
7
5
1
4
1
15
38
7
1
30
1
19
21
10
1
53
1
2
15
1
2
5
31
1
13
6
2
1
12
3
149
1
13
1
177
6
2
107
18
3
33
20
113
5
8
23
34
2
18
2
2
8
1
4
22
5
11
14
6
23
3
17
2
7
2
3
1
25
37
8
12
4
1
1
9
8
82
33
10
5
1
1
2
12
20
3
6
4
2
67
3
9
1
1
172
1
35
13
7
15
2
129
10
21
104
5
6
32
3
4
3
11
51
23
1
100
2
30
15
28
8
4
5
18
31
7
5
4
1
2
2
9
13
1
4
51
2
2
3
12
4
3
1
23
1
10
2
49
63
12
22
1
1
4
7
8
3
10
5
2
6
6
59
17
3
163
1
7
2
4
1
5
1
1
1
12
3
3
275
3
11
11
12
1
11
5
1
24
44
1
4
8
4
17
9
13
6
21
1
4
1
5
34
2
3
3
121
1
40
3
4
20
20
2
96
7
1
1
39
2
15
1
1
2
16
2
10
12
28
10
5
5
6
3
12
10
4
1
16
291
1
5
2
2
1
40
1
3
5
4
8
2
7
37
3
212
160
5
39
1
10
20
2
17
7
3
3
3
2
5
2
1
2
25
20
2
1
8
41
101
2
5
12
25
2
7
4
27
4
10
21
31
1
6
2
110
3
1
19
16
3
3
2
45
2
6
2
278
20
2
2
9
1
37
2
14
53
8
7
24
8
1
61
25
2
6
18
109
8
1
7
51
4
1
80
9
7
6
1
3
32
29
4
1
4
1
4
17
4
11
1
151
2
2
2
18
1
32
33
2
154
4
1
329
11
29
1
117
72
3
6
6
35
1
5
2
4
26
1
1
24
20
32
2
5
60
3
2
3
24
5
1
2
40
16
5
63
1
31
2
4
79
4
11
4
5
1
1
2
20
14
32
3
2
5
40
17
202
2
1
1
1
16
1
1
1
63
59
88
9
2
2
5
7
176
1
7
8
11
3
1
1
67
1
14
2
3
1
5
1
6
4
5
16
21
24
1
1
1
11
6
48
2
15
60
61
57
1
9
7
4
6
2
6
11
1
2
1
1
26
3
15
3
3
1
2
3
41
3
2
3
20
2
62
1
1
2
5
4
11
1
27
1
3
4
11
23
2
3
4
3
13
2
14
14
193
10
29
9
5
13
1
1
1
4
2
1
18
2
11
2
25
2
8
6
4
1
2
1
1
5
12
8
3
47
1
97
8
4
18
8
21
23
4
3
116
6
21
3
4
5
3
18
122
2
3
23
57
6
45
5
3
4
5
5
1
16
20
4
1
3
1
1
3
9
30
2
9
24
1
32
13
21
19
6
1
35
13
1
1
12
19
4
15
29
9
1
8
47
2
5
2
4
2
10
9
31
39
3
1
54
17
11
26
20
156
307
15
5
30
3
24
9
14
6
28
48
11
11
39
4
2
69
50
1
27
31
5
1
6
21
5
7
1
3
2
165
1
1
2
5
2
23
47
5
2
19
4
22
115
44
1
8
3
49
8
36
1
7
5
4
1
4
4
2
14
4
19
10
20
5
2
22
1
6
21
45
3
36
2
1
1
2
2
14
67
7
1
2
2
2
3
1
2
11
1
12
2
1
53
30
22
12
2
54
36
7
2
2
6
5
73
2
4
6
3
10
2
4
2
10
145
37
10
22
20
17
1
17
128
31
3
3
3
1
6
1
43
3
13
58
4
78
6
13
1
2
7
7
7
4
3
79
32
49
2
1
24
7
1
8
1
1
22
4
1
179
30
13
2
52
2
9
3
2
1
38
167
30
1
1
3
2
6
19
18
1
1
29
2
1
23
3
11
1
13
1
1
4
1
2
1
2
5
2
1
344
8
6
4
6
11
16
7
10
22
5
4
2
36
343
28
10
1
27
26
93
87
2
2
3
2
2
6
39
2
16
172
10
204
27
4
15
72
2
2
3
7
1
19
26
7
3
3
3
1
17
2
1
2
19
1
1
1
10
3
2
9
15
1
9
2
2
80
18
1
1
3
3
22
29
3
22
3
4
2
16
6
1
7
70
11
339
9
2
19
3
70
1
31
40
15
7
47
4
19
34
3
2
1
7
19
15
5
20
1
3
14
19
11
6
2
3
12
17
2
3
2
3
15
76
1
1
3
7
1
20
10
2
26
4
11
1
8
2
20
7
2
7
3
7
9
23
2
2
139
1
70
7
3
13
2
1
1
5
3
11
1
4
26
14
1
12
6
8
34
1
2
1
4
2
2
9
9
4
11
3
1
3
172
4
2
3
14
4
3
27
144
30
4
42
13
4
1
1
3
14
6
7
11
1
4
3
18
9
16
1
252
19
1
5
7
8
2
1
4
7
2
24
2
2
2
22
1
8
17
2
49
12
5
23
24
2
39
2
2
1
8
3
5
197
2
2
232
17
3
42
30
36
1
5
2
5
2
1
3
1
4
19
3
38
3
1
5
1
2
2
18
1
17
3
67
1
3
13
2
8
21
10
7
3
110
11
35
2
1
9
3
23
56
1
1
2
2
1
40
2
3
8
2
7
2
5
15
45
6
10
3
46
1
35
1
2
8
7
22
2
70
45
9
23
1
72
3
7
3
12
8
4
4
3
1
4
33
37
2
1
8
7
1
1
3
5
8
1
49
11
1
3
1
2
2
144
7
5
2
24
15
4
2
5
4
2
41
1
36
3
20
1
1
1
8
48
5
2
25
2
7
1
2
3
30
19
43
13
10
60
32
14
3
26
125
4
44
2
3
6
1
11
4
4
3
60
1
1
1
1
22
18
2
7
2
2
12
1
4
2
1
2
7
8
3
54
2
1
11
1
3
6
4
2
17
4
2
7
3
4
2
25
5
2
15
2
4
5
4
4
1
1
10
3
2
13
21
32
54
1
11
38
12
7
29
2
11
42
266
10
28
26
2
2
1
6
86
4
1
6
3
5
1
12
1
3
1
87
24
2
1
1
72
6
14
3
106
1
1
5
2
13
3
5
1
95
2
1
1
5
8
1
68
2
9
5
4
2
2
5
1
2
3
1
1
27
14
1
1
1
6
1
4
2
1
5
2
2
14
20
58
18
1
7
6
1
1
1
7
3
331
5
10
44
28
2
1
10
7
22
3
9
4
1
10
1
1
3
10
2
1
2
1
58
64
22
4
22
23
1
55
27
19
8
6
3
1
6
2
6
3
4
1
3
1
2
37
1
11
1
101
2
5
2
10
6
2
4
2
22
44
15
4
17
1
19
1
2
1
10
1
14
2
6
5
12
3
3
1
7
49
2
8
2
43
2
3
2
5
1
78
1
53
2
2
1
12
13
15
1
3
1
8
1
2
9
25
21
4
5
6
2
1
1
6
2
3
1
1
10
56
17
14
4
20
13
2
1
6
5
5
2
1
7
2
26
10
18
3
6
1
3
3
11
1
1
5
3
13
24
2
5
4
1
1
17
3
1
1
21
15
4
6
11
11
3
13
6
2
7
2
2
2
1
174
1
2
17
67
4
39
2
2
9
26
1
1
15
2
129
4
33
2
16
20
11
2
5
1
1
2
1
6
17
195
16
1
23
2
10
4
3
11
1
2
1
1
3
13
1
44
1
2
1
3
7
13
5
3
4
8
8
5
16
1
1
124
1
10
4
3
1
2
12
16
5
7
31
76
1
1
94
3
34
10
2
15
49
107
8
9
5
4
7
4
8
12
5
3
19
71
6
1
2
5
1
7
1
13
4
1
3
1
8
4
82
13
4
15
31
2
4
173
9
7
3
10
2
1
2
1
17
1
14
23
8
2
21
1
1
1
1
13
30
2
3
6
19
2
2
5
115
1
14
24
6
12
1
11
5
7
32
32
2
10
1
93
5
1
4
6
24
9
270
19
2
1
2
2
4
4
2
2
32
15
27
5
1
2
13
2
2
10
2
4
35
31
35
1
1
5
1
3
3
1
20
16
5
18
7
4
11
1
25
1
5
252
4
7
7
42
2
12
3
1
3
25
12
2
61
20
1
2
25
12
20
13
4
15
24
7
1
5
6
138
11
15
7
31
13
13
1
3
27
5
1
7
14
1
12
1
1
1
1
8
16
2
3
4
19
1
6
4
3
12
8
3
1
3
5
8
35
20
3
2
5
5
57
41
32
8
6
1
2
10
16
36
4
3
1
17
8
24
24
5
6
12
22
5
1
4
4
3
11
17
7
5
6
14
5
4
1
8
29
154
4
5
2
65
5
6
2
63
6
5
4
13
2
2
2
1
2
36
5
12
14
1
3
2
11
1
4
8
67
2
8
2
2
6
4
3
3
9
2
1
1
5
17
4
1
26
1
9
6
16
10
4
9
7
1
3
12
4
3
8
2
1
2
9
4
5
13
1
15
2
1
11
1
2
49
3
12
9
18
22
8
29
10
11
39
3
1
1
60
21
11
2
2
2
17
8
5
80
2
3
17
4
10
1
36
19
10
16
2
6
5
21
44
5
7
40
17
4
6
28
17
5
28
37
1
1
5
5
26
21
7
33
14
5
12
17
156
10
14
40
12
7
2
34
44
14
21
55
8
4
22
10
57
1
24
17
16
17
1
21
