8
4
3
2
3
4
7
1
1
14
1
2
1
3
12
13
2
6
3
6
4
2
3
3
3
16
6
2
19
5
37
3
2
3
3
1
2
5
11
2
1
2
2
1
8
8
1
19
2
6
1
13
8
1
3
1
1
2
2
14
7
2
4
15
10
2
1
4
1
5
1
1
1
2
1
16
6
5
1
1
23
12
1
4
3
12
5
1
1
19
7
2
10
10
7
6
14
3
18
2
4
6
1
1
6
13
10
2
4
5
8
3
2
9
1
8
3
1
2
4
1
5
3
4
1
2
4
1
2
9
3
12
6
1
2
2
2
9
4
1
8
1
1
2
2
2
1
2
5
1
2
1
3
1
1
2
2
11
3
6
12
4
2
2
1
10
3
2
1
27
2
2
8
1
2
5
1
3
8
3
3
4
1
4
1
1
3
2
2
3
2
2
2
2
5
3
33
1
11
2
1
9
4
3
18
1
5
6
3
5
2
2
1
2
1
3
3
1
36
2
1
2
2
2
6
1
11
2
1
3
3
2
2
11
1
46
1
6
2
4
2
1
1
3
2
5
1
10
1
1
1
9
2
14
5
2
3
2
2
1
2
4
1
8
28
3
1
9
2
5
1
2
2
2
1
2
1
1
1
1
1
4
2
18
6
1
2
3
2
5
8
2
1
1
1
7
4
1
1
4
6
2
1
5
1
3
1
1
8
6
1
3
2
2
1
1
1
2
5
9
5
1
1
5
7
12
2
1
1
13
1
1
5
1
2
2
1
2
1
6
43
3
1
1
8
8
7
13
1
4
7
1
3
1
2
12
1
1
3
3
4
10
9
3
3
2
1
2
2
8
4
2
1
1
4
3
6
2
4
2
1
3
1
2
5
4
26
2
1
2
3
1
5
1
36
2
1
1
1
45
1
12
5
2
6
2
3
2
3
3
4
1
7
9
4
1
13
4
3
1
6
4
1
1
11
2
2
8
7
4
2
5
13
3
11
9
2
3
1
2
3
2
5
2
4
13
2
11
1
3
3
1
3
1
1
4
1
1
2
7
5
21
2
2
1
1
1
2
12
1
3
1
4
3
3
1
2
4
1
3
2
5
1
7
1
7
14
3
2
1
4
1
2
8
6
8
1
1
12
2
1
8
1
1
1
27
5
1
3
4
1
1
5
1
2
3
2
1
5
2
2
1
2
8
1
18
6
2
4
1
1
1
1
4
4
2
2
16
2
4
2
1
9
1
22
3
15
6
4
2
3
25
2
10
5
2
3
8
1
1
5
1
1
1
2
4
3
2
1
3
2
2
13
2
2
1
17
1
2
1
1
3
9
2
1
3
5
1
3
11
1
1
13
1
1
3
9
36
2
1
1
3
11
6
2
9
1
1
1
5
6
2
2
2
2
4
2
2
1
2
1
1
2
5
2
3
7
10
3
3
11
33
1
1
1
1
6
7
1
7
1
1
1
1
5
1
1
2
7
5
2
1
3
2
3
1
10
2
2
2
1
3
3
6
2
2
5
1
3
1
3
2
1
1
1
3
2
24
1
8
3
3
17
4
7
9
4
3
3
19
24
1
2
2
1
2
2
17
4
2
13
2
2
3
2
8
1
1
1
6
4
5
2
2
3
7
2
2
21
1
1
1
9
2
2
2
1
1
2
1
5
1
9
2
7
1
2
1
2
2
48
2
1
7
5
8
2
4
2
3
15
3
2
2
15
3
7
2
1
6
7
1
4
2
1
1
4
8
5
6
1
1
3
6
3
5
1
2
1
2
1
1
1
5
5
3
2
10
1
2
17
1
1
1
4
1
2
5
3
2
2
27
5
2
2
1
2
3
5
2
6
18
10
26
1
1
1
5
2
31
7
2
1
5
2
4
2
1
1
1
2
2
1
6
4
2
2
3
1
1
1
1
1
3
8
14
16
1
1
1
1
2
2
3
3
1
2
2
2
1
2
1
1
2
15
40
8
8
3
7
5
5
2
1
2
4
1
3
3
13
3
2
2
1
1
1
5
1
1
5
1
8
3
1
4
1
4
11
10
11
2
5
2
1
2
1
3
2
6
1
4
1
2
2
2
2
1
5
9
4
6
1
7
3
1
1
6
2
7
4
2
1
1
1
1
1
11
2
2
8
1
5
1
4
1
6
1
1
7
10
5
2
18
2
1
1
2
2
39
8
5
3
4
1
1
10
2
1
4
2
1
4
9
2
1
13
1
5
2
2
1
1
2
8
6
21
1
1
1
5
1
7
7
2
1
1
6
12
3
5
1
3
1
2
2
2
2
1
7
1
2
2
1
2
6
1
4
3
3
4
6
8
2
1
1
4
4
3
5
6
19
1
1
4
2
1
1
1
5
20
3
16
2
2
1
2
3
10
1
1
4
3
4
1
3
1
1
4
30
1
16
2
1
2
2
6
5
3
2
1
16
1
2
3
8
15
2
1
2
19
7
4
33
1
1
1
3
1
1
4
14
21
1
3
7
6
2
1
2
2
2
2
3
2
1
1
2
5
12
1
23
1
2
1
25
5
2
2
2
2
1
1
1
2
20
2
13
2
6
2
3
29
