8
5
15
8
5
3
1
37
1
3
2
1
4
5
3
2
1
7
4
4
2
1
2
2
7
4
1
5
4
1
7
4
2
5
21
4
4
4
2
11
1
2
12
2
3
1
36
3
1
1
3
1
2
1
5
1
1
5
3
10
5
1
2
2
4
3
3
4
14
1
6
6
15
8
8
12
3
3
4
7
3
1
1
1
3
5
5
4
6
5
4
15
1
16
2
1
1
3
6
6
5
1
12
15
10
2
1
6
1
5
13
8
1
1
6
21
2
2
1
1
1
1
5
7
30
3
1
1
6
47
1
2
1
1
2
4
3
16
5
5
2
2
2
2
6
12
19
32
3
4
6
1
2
2
93
3
2
1
2
1
7
11
2
13
4
3
2
7
1
2
6
3
3
2
5
1
10
13
2
10
6
5
7
1
28
2
11
66
8
1
1
7
16
2
17
2
2
7
2
5
15
41
5
2
3
1
5
4
3
1
6
4
1
4
15
1
8
9
1
1
3
1
6
3
47
4
8
3
1
5
5
16
1
3
7
3
5
3
5
1
2
1
2
2
3
10
18
7
1
2
3
9
1
1
5
5
4
43
7
1
1
6
26
1
2
1
1
7
13
4
1
2
1
3
13
2
2
3
4
2
9
5
24
3
1
12
1
13
7
1
3
1
1
61
4
1
7
2
2
1
3
6
1
25
6
7
1
1
1
7
2
5
1
7
4
1
18
10
8
6
2
25
20
1
12
1
1
2
5
1
2
17
2
1
1
14
12
13
3
8
5
3
17
1
13
3
2
11
1
12
2
10
2
2
6
1
3
6
3
3
1
2
1
26
19
36
2
7
2
1
3
2
2
1
2
1
7
3
2
9
2
2
27
22
1
2
13
3
4
1
5
1
2
6
2
17
7
3
2
2
2
2
3
1
1
3
3
3
97
6
1
1
29
18
8
7
4
2
1
2
5
2
1
6
1
2
1
2
29
2
2
1
28
1
2
1
6
8
10
61
2
12
2
2
10
3
6
3
2
6
4
1
2
2
2
2
2
2
2
1
2
5
4
6
16
61
4
7
2
1
1
2
2
1
8
2
7
7
1
2
2
68
5
2
4
2
1
18
8
1
2
1
5
5
5
9
2
2
2
17
5
2
7
1
7
10
3
1
1
1
4
1
8
2
3
1
2
15
2
1
4
3
2
2
4
5
1
2
2
1
22
2
2
2
5
4
1
18
2
1
3
7
1
8
3
1
2
5
2
3
7
9
1
1
5
8
12
3
1
1
1
2
1
2
2
5
13
7
7
9
12
4
3
2
15
3
7
3
6
3
1
4
41
4
1
1
1
1
2
2
4
1
9
15
2
2
2
1
7
3
3
1
4
1
22
2
9
6
1
1
2
6
2
1
5
4
5
17
3
3
2
11
1
3
6
1
1
16
3
1
7
1
20
22
9
20
10
15
2
3
1
11
3
1
1
3
3
1
1
2
2
1
2
74
1
1
5
2
2
2
3
22
15
22
2
1
32
3
2
5
5
15
2
1
1
2
18
3
7
31
12
17
3
3
1
4
1
1
3
1
1
26
1
2
10
20
1
4
10
1
1
3
4
1
15
8
1
1
19
6
25
2
12
1
3
3
1
1
112
3
8
4
2
3
1
5
4
2
5
2
4
14
4
37
15
32
2
16
1
7
2
1
30
2
25
6
23
2
1
2
4
55
3
1
22
4
2
2
3
4
12
7
1
7
4
2
1
4
5
1
1
4
14
2
2
5
8
2
14
1
1
2
1
2
3
2
9
1
1
2
1
3
3
4
3
5
32
14
2
2
1
5
15
2
1
1
3
5
2
3
1
7
3
37
2
2
2
94
8
5
7
1
13
36
6
21
3
17
3
3
18
62
9
4
2
1
2
8
1
9
1
3
57
2
5
6
8
2
5
1
2
6
5
2
3
1
2
1
1
1
1
7
7
3
5
3
4
11
3
8
38
8
2
1
2
1
2
2
1
7
4
6
1
2
2
1
1
4
1
11
2
39
13
30
6
4
9
1
1
5
1
5
1
2
1
69
2
1
3
8
2
3
16
13
3
2
1
4
1
2
8
2
4
3
1
5
2
1
3
1
11
1
1
1
15
2
5
2
2
9
15
7
6
1
3
2
3
2
1
1
14
7
4
1
10
8
2
10
2
3
10
1
3
9
8
7
8
18
1
3
6
2
65
7
9
1
5
3
4
1
16
6
4
5
1
1
32
32
1
5
4
2
8
3
4
2
5
2
1
10
8
1
1
3
2
16
9
1
3
3
3
2
2
4
2
1
1
2
1
22
1
3
8
1
15
1
2
8
2
5
1
1
1
6
3
1
1
19
1
2
1
3
5
2
1
5
2
4
9
7
4
4
3
1
7
1
2
1
29
5
1
3
2
2
1
6
1
5
1
2
18
1
3
2
2
1
1
1
2
2
1
1
7
1
3
3
5
2
11
2
4
1
1
3
2
7
4
1
5
1
1
1
2
2
2
1
2
9
5
1
1
1
1
1
1
3
5
15
1
1
5
4
2
2
4
43
4
13
89
1
4
7
4
3
6
1
5
1
1
6
1
5
5
3
5
3
1
2
18
1
6
1
16
7
1
1
12
11
5
2
1
1
4
13
2
7
2
8
1
5
3
2
13
1
1
7
3
3
3
1
2
1
48
1
15
2
7
7
2
8
2
2
6
2
2
8
1
1
1
5
11
1
1
2
2
3
3
13
3
5
2
3
3
5
18
2
2
108
1
2
5
1
23
4
2
5
1
3
93
7
6
9
2
2
1
13
4
6
3
1
1
3
5
25
1
3
1
2
14
7
7
11
4
49
9
4
1
1
1
3
3
5
1
1
2
16
1
4
2
3
1
1
1
3
1
9
2
1
10
2
14
2
4
2
7
2
1
2
2
15
11
3
1
11
6
1
4
12
3
4
12
21
3
6
3
1
2
3
5
1
1
1
5
3
2
1
3
11
7
2
13
3
4
1
18
1
10
1
12
2
1
5
1
3
3
1
7
3
6
9
2
4
1
2
2
2
3
3
16
10
2
2
2
3
87
1
2
2
11
1
2
1
23
13
3
10
8
1
7
1
3
2
6
3
7
7
107
15
8
1
1
1
3
1
2
5
20
8
8
1
4
9
19
5
3
3
3
3
3
1
1
2
16
12
1
5
1
1
2
2
3
2
1
2
3
5
7
2
4
2
1
4
2
2
2
11
3
1
1
6
5
2
9
1
4
10
3
2
4
1
4
4
8
1
4
1
2
2
1
11
1
2
2
59
11
5
3
7
1
17
5
3
69
3
14
19
2
2
2
24
1
6
2
4
20
1
9
5
16
36
4
1
2
22
30
1
1
3
1
1
2
11
1
1
1
40
1
39
3
4
1
3
5
7
35
5
2
13
4
1
6
2
3
2
2
5
49
1
4
2
1
1
2
1
6
4
3
9
2
1
16
2
3
1
6
14
35
3
8
2
51
1
8
2
1
1
6
3
1
2
1
1
8
9
1
3
6
1
1
1
2
1
16
3
1
2
10
7
1
1
2
3
1
12
12
2
5
2
1
2
25
4
3
5
18
9
3
9
14
1
2
10
1
20
16
3
9
2
1
3
2
3
16
21
5
1
5
9
3
7
7
1
2
2
1
9
2
6
1
8
1
2
2
5
1
22
2
1
1
1
16
1
3
5
7
1
3
1
2
1
3
33
5
4
3
2
3
4
1
3
12
1
2
14
8
3
2
3
2
3
6
11
1
7
8
9
2
1
3
1
2
3
19
2
4
23
1
2
1
1
3
2
1
12
4
2
4
2
2
6
9
31
2
3
2
4
2
6
6
7
6
1
6
1
7
3
1
39
17
7
13
1
29
13
6
2
15
2
1
7
1
28
12
7
1
1
1
5
2
1
2
3
5
17
6
6
1
1
3
18
1
14
2
8
1
2
2
17
4
2
1
5
1
3
2
2
1
10
5
1
136
2
2
1
1
7
3
3
2
12
1
59
6
1
4
4
14
1
2
1
1
4
1
3
12
3
5
3
22
17
1
10
24
1
2
22
7
4
2
2
4
2
3
2
2
2
6
7
4
6
1
6
2
2
1
10
8
1
1
5
1
1
3
5
1
47
1
1
1
5
13
1
4
1
22
2
2
9
13
12
1
1
2
1
5
1
1
2
3
1
2
2
1
8
2
1
15
4
1
3
22
5
4
5
45
1
2
2
4
88
13
3
7
11
2
11
5
3
1
1
10
1
2
3
5
1
2
2
1
10
7
12
1
2
1
2
2
11
33
1
1
9
1
3
18
2
10
3
2
1
3
3
1
1
1
6
3
1
3
1
3
1
1
3
3
7
6
9
1
28
12
15
1
3
1
2
2
3
3
1
6
4
3
