2
1
3
19
2
1
1
10
1
48
21
19
2
1
1
17
2
9
6
4
2
4
2
4
3
5
1
2
3
2
5
3
3
15
2
2
22
45
1
7
8
2
1
4
2
1
9
3
18
3
16
10
17
2
3
2
1
6
1
6
6
9
1
2
9
14
29
12
12
4
1
2
3
8
2
2
3
13
1
10
1
1
12
8
3
125
3
1
9
1
7
2
4
2
112
1
1
5
17
13
10
9
4
1
1
2
1
4
1
4
2
1
1
10
3
6
4
1
43
4
1
2
1
1
13
13
16
1
14
2
13
9
2
11
3
9
1
6
13
7
1
3
7
3
5
2
1
20
1
2
14
7
9
3
6
2
6
1
1
5
1
7
1
3
11
2
1
2
4
1
1
2
9
4
7
1
1
2
3
3
21
1
3
19
1
15
2
17
6
9
3
1
1
1
24
1
3
38
11
11
7
7
2
3
5
14
5
45
9
14
10
5
2
11
44
4
4
4
1
40
2
10
2
5
5
14
19
2
1
1
2
7
1
7
38
7
1
2
7
1
8
1
2
39
2
2
60
1
10
2
1
3
1
4
1
3
10
1
15
61
2
23
21
2
1
43
3
2
13
1
3
2
6
38
2
1
13
1
1
1
1
5
3
1
34
8
14
16
23
12
5
23
15
4
6
7
12
1
7
56
1
4
1
3
2
18
5
7
4
5
1
1
7
11
1
5
1
2
1
14
6
3
4
2
1
2
4
1
2
7
28
1
4
3
2
10
2
5
3
1
1
1
33
2
2
1
1
11
3
2
1
2
2
1
2
40
1
14
6
2
6
3
3
9
5
1
2
1
3
2
2
1
1
4
2
2
10
2
1
11
1
12
12
18
3
5
1
2
19
8
1
5
2
7
39
2
16
1
1
1
1
1
3
6
2
10
4
1
1
6
2
27
23
2
21
15
1
12
2
20
8
3
5
7
2
2
8
10
1
23
2
1
1
1
1
8
6
4
8
1
1
2
22
11
3
2
15
1
13
1
9
13
2
9
5
1
6
1
11
57
16
1
3
13
2
5
6
1
5
1
12
3
23
5
10
13
2
3
7
4
5
2
1
6
61
17
4
7
2
16
1
2
7
11
1
2
1
46
1
3
6
2
33
1
1
2
2
13
1
1
2
1
24
1
1
11
2
1
9
12
1
3
3
4
1
3
6
12
5
25
1
3
34
2
3
5
2
4
2
1
3
6
2
1
1
9
3
5
6
2
1
1
7
9
10
3
2
2
2
1
1
2
5
4
2
1
1
5
2
1
4
2
3
59
2
1
5
9
4
3
3
11
2
39
3
1
1
7
1
16
2
11
2
2
1
2
8
1
8
12
37
1
1
4
11
2
7
12
49
1
10
5
2
1
3
4
1
1
6
84
12
28
6
1
3
7
1
16
5
9
2
16
4
25
2
2
66
7
2
7
7
42
3
1
2
9
4
16
5
1
8
1
1
6
7
4
2
20
14
2
1
1
27
3
1
22
4
9
5
13
9
4
10
17
2
4
1
2
8
1
3
15
1
11
3
30
1
13
2
1
3
12
1
3
37
1
1
51
2
9
5
5
4
1
2
1
1
20
7
1
3
2
14
64
1
1
4
2
1
6
2
1
1
3
22
2
2
3
2
3
8
1
1
1
5
10
3
2
2
5
3
2
8
1
1
2
9
3
4
2
18
4
2
3
1
5
12
3
1
64
3
3
3
1
3
1
3
8
8
2
3
3
5
5
3
10
3
2
5
1
9
2
1
1
1
4
8
2
2
1
25
1
71
3
8
3
2
8
3
5
3
5
11
15
9
7
2
3
7
7
5
8
57
2
3
2
19
1
1
6
1
9
7
8
3
22
4
16
1
29
6
1
2
1
53
45
1
7
3
3
9
1
2
1
1
1
1
1
2
4
2
7
3
8
1
60
3
6
2
8
4
2
1
12
7
1
4
58
3
2
17
6
1
3
2
9
1
4
1
8
2
2
1
2
10
3
7
8
1
1
1
4
1
4
2
10
1
2
3
2
3
1
1
4
1
4
1
7
4
3
3
3
3
3
4
2
1
1
5
1
4
2
1
25
3
1
1
4
1
4
17
4
4
4
4
17
2
2
1
30
17
1
4
3
16
1
5
7
1
3
2
1
7
2
15
2
1
43
6
1
6
7
1
1
1
13
2
2
6
2
2
3
20
15
4
4
8
1
4
2
3
34
43
1
3
2
19
3
15
1
3
6
28
1
1
3
1
1
3
4
2
4
2
3
2
45
1
6
2
1
6
6
3
2
18
6
16
2
1
1
12
30
3
7
37
5
3
63
1
40
1
1
7
2
4
1
8
1
34
1
2
6
28
4
1
1
1
2
1
1
1
2
2
2
13
2
2
3
7
1
13
6
24
1
4
3
2
7
2
1
7
1
1
9
4
5
66
9
8
8
1
2
3
6
1
3
4
1
2
14
1
62
33
115
1
4
16
3
4
2
5
18
8
3
1
2
1
17
2
1
2
7
2
1
1
1
4
9
15
2
5
1
5
2
1
19
13
1
71
5
16
7
1
2
5
2
3
6
2
2
1
4
15
2
2
2
3
10
7
2
6
1
23
10
14
7
2
29
31
16
1
1
3
3
4
16
82
9
2
8
1
3
68
12
1
4
6
1
2
2
2
2
2
11
8
12
3
9
2
4
23
1
1
2
11
1
12
2
2
1
2
2
7
55
13
24
3
12
1
24
3
1
12
1
3
2
14
4
13
2
87
2
1
6
2
3
1
3
3
3
1
2
1
9
1
3
2
3
3
2
4
1
2
1
6
5
2
1
36
4
3
1
4
3
1
11
13
1
11
6
1
5
17
10
38
1
6
37
1
1
1
1
6
4
2
7
3
1
6
1
2
2
5
15
5
6
4
4
1
2
2
1
7
2
25
3
2
63
2
6
11
3
4
1
1
22
1
6
4
4
4
55
1
4
1
11
1
2
1
4
1
4
1
2
3
6
2
1
4
2
11
1
17
5
1
3
2
1
12
1
2
19
12
1
6
5
1
1
11
2
1
1
1
28
1
2
3
1
3
2
7
1
3
1
20
4
1
2
16
3
1
1
2
32
1
2
3
12
1
2
1
3
16
8
1
2
1
19
1
3
2
1
1
1
1
3
4
17
10
30
4
9
2
3
1
1
2
1
15
20
1
13
7
19
3
2
19
4
5
8
3
1
1
5
2
1
14
1
4
1
12
1
4
1
4
7
1
2
1
5
5
3
6
2
14
25
3
6
4
1
4
2
14
2
1
25
3
2
15
2
1
5
3
1
1
39
6
6
4
5
10
1
6
1
17
1
1
1
1
2
1
56
13
2
13
56
19
3
1
7
11
1
2
1
6
1
2
2
5
2
1
1
20
2
1
1
1
12
1
84
14
1
1
1
12
3
2
2
4
1
2
4
1
2
1
27
63
1
3
1
1
2
3
2
18
1
4
1
1
7
4
1
4
2
7
124
11
1
3
5
28
4
2
1
3
3
3
24
5
13
13
3
20
13
24
1
2
4
2
1
3
25
10
13
1
2
4
15
2
1
6
16
3
2
5
12
9
7
1
1
8
3
10
1
1
2
5
4
3
11
29
9
1
4
1
3
40
4
2
6
4
18
4
3
10
5
1
1
2
1
1
22
6
3
1
5
33
15
1
2
11
1
6
6
2
4
1
2
1
2
47
9
3
3
2
5
4
9
47
9
2
6
59
5
1
2
5
1
21
6
2
1
1
11
2
7
3
5
2
1
1
7
9
16
2
24
3
8
2
29
2
13
1
4
22
20
1
2
2
5
2
16
4
5
4
15
3
8
6
1
2
2
1
1
1
22
6
3
2
1
15
3
1
2
1
2
3
1
1
6
2
45
4
1
6
6
13
1
7
3
2
51
1
12
1
1
3
12
8
14
6
25
4
11
4
30
4
15
11
2
7
4
8
2
6
7
1
6
1
14
10
2
7
3
1
4
14
3
18
4
1
2
6
2
1
5
20
2
6
5
9
1
7
1
1
4
12
2
2
6
3
3
1
2
9
13
8
2
12
3
4
3
27
7
2
1
1
2
8
5
3
4
4
1
1
4
1
2
3
15
3
6
1
3
1
4
2
11
4
2
1
3
1
3
5
3
5
13
3
10
1
1
5
2
2
1
2
4
8
8
23
14
2
4
24
1
11
2
1
4
8
16
8
13
18
1
1
6
15
2
6
1
2
7
1
3
1
44
1
6
6
8
33
21
4
16
1
4
24
15
23
1
15
2
2
6
2
39
1
1
18
3
1
4
3
2
1
3
1
6
12
23
3
3
14
4
2
2
3
1
11
2
12
1
2
1
1
1
10
2
8
1
1
1
13
19
25
2
33
1
8
5
3
9
3
1
36
27
25
4
1
1
25
1
14
1
2
2
2
4
1
1
11
1
7
10
3
63
3
2
5
2
2
23
1
11
4
1
8
11
6
31
62
2
1
27
6
6
1
3
6
25
1
2
7
1
3
5
17
1
39
3
9
11
1
3
3
20
9
15
51
2
3
1
1
9
1
5
1
5
6
15
1
3
4
1
2
2
121
3
2
2
2
1
5
8
8
2
7
6
5
2
1
1
2
4
34
3
7
1
7
25
2
19
7
4
1
4
1
1
7
1
24
2
6
17
14
46
5
37
1
3
1
9
4
1
1
2
1
14
1
11
2
1
1
4
4
6
1
1
64
5
1
1
2
6
2
6
1
3
17
8
3
1
5
1
9
18
1
14
2
24
8
2
1
15
30
2
8
30
16
3
38
6
1
1
9
10
6
8
1
116
6
3
8
7
1
2
3
2
31
1
1
1
1
2
5
7
20
15
1
5
6
2
8
1
2
16
4
4
2
3
2
4
3
3
1
21
64
6
6
1
13
14
1
3
4
2
10
2
5
15
4
8
2
2
21
1
1
3
6
2
1
36
54
17
2
1
2
5
2
1
2
7
16
1
8
30
6
2
1
2
4
5
8
11
76
1
8
2
9
13
3
1
9
2
7
10
7
1
3
8
2
2
1
4
50
2
3
5
7
25
4
4
3
1
8
13
28
10
1
36
1
13
17
1
4
1
1
32
1
37
10
16
2
1
4
5
2
9
2
2
2
8
1
61
1
2
11
3
1
7
13
4
38
1
3
18
7
1
2
56
7
2
1
4
2
6
7
2
2
1
3
7
1
7
6
1
13
5
4
23
1
3
2
3
1
3
7
8
30
16
2
17
5
1
14
10
2
38
6
2
3
2
1
3
7
1
3
3
1
11
6
3
2
1
1
3
13
4
3
2
10
15
3
20
1
40
13
36
13
7
2
3
5
1
2
3
2
2
13
3
9
2
4
5
2
2
1
1
2
1
1
5
1
2
8
10
24
11
1
3
2
3
1
1
24
2
11
2
4
2
18
2
8
1
2
1
3
1
4
1
1
3
12
8
1
5
2
2
16
6
4
23
13
13
5
1
4
5
1
2
2
3
50
2
10
6
2
1
1
1
6
5
62
1
1
11
1
36
3
1
9
2
11
1
7
2
1
24
4
17
7
12
4
1
4
3
2
13
2
2
10
9
7
1
6
4
7
22
1
1
7
17
1
2
36
5
6
8
6
1
5
2
1
11
2
8
3
41
1
4
11
4
1
1
7
22
1
1
12
3
5
2
10
3
1
4
17
5
5
1
2
5
1
2
1
3
1
2
1
2
1
4
1
14
2
5
5
7
4
2
2
2
1
2
4
1
7
6
1
1
8
2
3
1
3
16
1
4
4
4
44
2
4
1
8
2
4
3
25
3
3
2
1
38
1
1
7
6
13
6
1
3
3
2
1
14
1
30
1
2
8
4
5
7
11
4
13
18
9
1
4
1
7
13
2
7
1
2
12
4
3
2
1
7
21
1
13
1
4
1
1
1
2
5
9
25
3
1
8
2
5
4
9
53
100
2
2
2
5
6
1
3
13
2
1
1
1
4
10
12
1
13
3
12
1
7
16
15
29
1
4
1
1
1
2
14
2
1
3
1
1
1
1
2
1
8
5
1
1
3
1
2
15
4
3
5
1
15
1
20
12
1
31
2
1
2
2
1
14
2
16
21
4
2
5
6
2
7
3
1
1
7
17
3
18
11
3
7
1
5
2
5
25
14
3
9
14
2
12
6
1
3
2
11
14
2
7
24
9
2
10
1
3
1
3
3
2
9
5
2
1
8
1
2
18
2
3
1
7
14
2
12
38
1
13
1
16
52
3
3
1
5
1
3
2
27
1
1
2
4
15
2
17
2
3
2
1
12
1
21
1
14
27
2
1
12
2
7
4
21
24
3
6
2
45
1
37
1
5
2
18
21
1
4
18
5
6
5
18
15
4
11
5
1
55
1
1
1
4
13
3
2
6
25
3
4
4
1
2
2
18
1
2
11
5
12
1
2
9
1
1
2
1
1
28
8
14
4
1
3
7
5
3
3
1
2
8
2
4
2
14
2
1
73
4
20
10
5
8
5
15
5
16
21
13
2
2
1
1
6
3
3
2
2
1
1
2
1
21
3
1
3
5
5
5
1
2
1
1
43
1
13
1
6
5
13
8
19
3
1
2
5
2
4
4
1
3
3
5
2
1
2
2
3
1
7
5
1
5
2
33
1
3
2
2
2
2
3
6
1
3
4
2
1
3
9
6
7
39
1
9
3
1
1
2
1
1
2
11
1
10
1
20
2
13
12
4
13
1
30
2
9
1
1
7
5
2
5
2
7
3
1
2
2
1
18
3
9
33
2
3
8
2
1
1
2
3
3
1
5
8
8
2
21
9
1
1
7
1
4
2
2
11
1
1
3
1
15
3
1
9
22
3
2
1
1
3
3
1
2
2
4
6
4
6
4
2
3
1
6
2
5
2
1
1
1
4
2
36
1
13
1
1
1
1
2
4
13
2
1
2
5
39
1
1
3
45
1
1
1
4
4
2
3
1
2
1
5
5
1
7
2
12
1
1
6
6
2
1
26
4
1
19
6
11
3
1
1
3
7
2
8
1
4
26
3
2
1
5
9
1
1
3
2
17
15
20
2
2
2
3
1
9
3
6
1
3
4
4
17
4
1
1
7
1
2
1
1
8
14
11
2
3
1
21
1
8
1
18
1
2
3
8
1
1
10
9
4
1
1
2
4
1
1
5
1
1
2
6
12
3
5
1
33
3
2
4
2
16
42
2
3
3
9
2
14
5
12
18
2
1
6
5
1
3
2
1
1
1
3
7
1
3
1
10
2
1
61
19
1
21
3
1
13
5
2
13
12
11
1
1
3
18
4
5
5
103
5
8
3
6
66
1
1
8
5
3
4
2
6
4
1
23
1
1
3
1
1
2
12
6
1
6
1
1
9
1
1
2
1
1
14
2
25
5
1
4
2
2
63
8
7
1
2
6
1
1
1
1
5
1
6
7
56
8
9
79
2
3
1
1
5
21
27
4
98
15
1
4
2
21
2
1
7
8
25
2
3
2
3
15
3
7
14
26
1
48
40
7
15
2
9
6
4
1
4
1
9
3
8
1
18
2
7
12
3
27
1
13
34
3
56
2
10
19
3
8
8
13
1
14
7
9
1
3
3
11
8
2
5
4
5
3
14
4
9
2
15
14
2
8
9
1
3
20
6
6
1
17
1
5
42
3
4
11
15
1
3
3
5
1
1
2
1
2
5
7
1
2
3
25
5
6
2
40
3
1
10
5
27
1
1
1
7
2
1
23
2
6
6
15
2
19
7
1
6
2
5
5
1
9
2
11
3
4
1
1
2
1
6
4
8
21
3
3
2
28
1
2
2
1
2
9
3
15
1
1
7
4
2
1
5
24
5
1
2
6
8
6
4
1
4
6
3
2
1
6
12
1
3
21
19
20
13
2
15
7
13
4
10
7
1
2
1
16
4
1
3
2
35
2
1
3
2
31
3
3
2
1
2
18
2
6
1
2
3
1
1
3
5
1
14
6
1
3
3
5
33
11
7
12
2
2
1
2
6
3
2
1
4
17
1
1
91
1
26
1
4
