28
29
2
1
2
3
6
28
1
3
35
6
4
2
36
2
13
1
1
38
2
2
1
3
10
5
5
23
23
2
1
1
4
9
4
1
17
1
2
35
10
3
2
5
2
4
6
2
5
1
2
3
1
35
6
11
3
2
32
2
4
1
2
4
3
5
22
4
5
2
6
31
2
7
2
6
11
4
3
2
1
1
3
81
22
15
2
2
2
8
1
7
2
1
2
1
2
6
1
2
1
4
2
2
17
12
1
43
2
3
10
1
22
4
2
1
11
4
11
46
54
40
72
13
5
13
4
1
2
2
16
40
3
4
3
22
13
1
2
1
14
4
3
1
10
1
6
13
2
10
2
1
23
1
3
10
16
8
1
1
1
3
17
4
2
4
29
14
38
4
2
19
6
1
7
18
66
15
1
30
1
3
1
8
12
8
17
4
14
2
1
37
5
2
44
46
9
2
1
2
7
2
23
3
1
1
16
2
2
4
6
2
63
36
6
1
1
1
11
1
8
63
8
5
6
1
21
1
75
2
26
57
11
2
113
12
24
1
16
1
1
31
2
2
21
23
6
5
10
2
16
70
5
1
1
1
2
82
1
1
1
3
2
25
7
1
13
76
1
34
1
12
2
6
12
2
47
2
2
42
4
1
7
17
16
1
4
2
2
35
2
1
5
3
1
37
47
7
1
14
3
71
2
1
2
1
2
2
1
3
36
20
11
2
1
25
27
1
17
17
38
30
16
1
13
14
2
2
5
1
2
2
17
12
1
3
14
2
1
23
3
16
7
1
42
12
1
2
48
2
10
59
4
14
8
1
1
1
2
1
56
2
1
4
2
1
2
1
10
18
17
1
9
6
11
10
1
3
2
8
5
18
2
26
70
51
3
12
6
1
1
32
5
3
1
5
15
2
1
19
2
3
3
70
9
42
7
3
26
3
2
3
1
1
37
12
6
9
2
2
9
7
6
10
11
56
23
1
2
6
16
4
20
2
7
2
6
5
4
4
1
7
2
4
6
50
4
1
6
3
3
1
2
1
68
15
42
33
1
26
2
1
1
9
58
1
2
3
2
6
24
48
3
2
7
2
1
3
7
7
1
2
3
4
2
1
1
60
4
2
14
23
2
1
1
4
1
7
4
3
4
11
68
30
1
2
41
4
6
6
73
56
2
36
2
2
4
4
1
13
1
20
12
31
7
3
2
13
3
1
10
70
20
2
1
2
20
10
68
2
59
5
5
40
1
14
4
4
3
1
2
7
2
1
1
1
6
4
3
12
13
30
3
2
52
7
6
3
75
2
2
1
4
1
6
4
1
1
33
7
52
14
4
2
1
2
1
3
3
2
3
2
3
2
1
2
4
1
65
1
7
2
7
2
9
3
3
1
7
29
10
2
38
21
51
34
4
1
2
13
1
1
2
2
2
51
1
3
4
25
3
1
2
7
82
1
1
16
3
27
1
2
10
26
11
1
1
26
2
1
8
5
3
71
3
1
3
3
2
1
2
5
16
9
3
2
4
2
14
2
3
11
4
1
9
10
3
5
7
13
10
2
2
1
1
2
58
47
4
2
10
1
3
9
1
16
2
2
1
3
9
3
1
44
11
4
44
32
7
6
5
6
3
9
2
1
8
3
5
17
2
16
2
1
9
2
4
4
28
2
39
10
1
5
1
28
1
1
1
23
25
1
5
8
1
3
4
1
3
2
7
7
50
19
2
2
3
1
3
6
2
19
6
4
5
1
4
1
9
22
4
1
1
3
30
2
2
40
5
74
9
1
12
5
2
3
13
8
11
3
53
3
5
1
1
4
11
2
10
3
18
3
8
3
20
5
36
9
1
12
12
1
3
1
7
2
7
4
1
1
14
1
3
1
24
15
36
1
4
60
2
2
4
2
2
2
3
30
3
4
2
22
4
1
2
9
13
4
4
16
2
50
1
3
2
7
10
47
18
4
2
1
11
3
1
4
7
1
3
2
1
3
1
10
10
5
7
12
3
7
1
42
1
2
3
13
48
53
1
22
2
1
1
2
1
4
12
1
2
1
1
2
32
1
6
48
4
13
22
3
5
15
3
1
6
8
11
2
2
5
2
4
2
9
10
11
3
2
3
1
1
1
1
1
5
4
1
11
6
3
1
7
3
2
1
2
6
5
2
3
39
1
3
2
29
10
1
2
28
4
4
6
1
8
47
7
6
38
46
1
2
33
17
5
2
6
5
16
89
4
10
1
2
23
2
51
30
6
3
3
10
1
12
1
7
11
3
7
17
12
1
9
13
1
2
16
7
2
78
9
26
14
1
4
32
20
84
25
1
6
39
8
1
6
14
1
3
2
2
20
2
1
29
2
1
5
2
98
2
27
16
1
1
9
9
8
4
4
1
19
2
1
1
3
11
103
2
14
16
2
9
1
2
1
2
2
32
1
35
49
13
24
1
2
6
21
7
34
8
6
4
31
7
60
13
17
3
5
2
2
1
30
2
4
21
3
4
4
18
7
5
24
9
33
20
4
2
1
1
14
26
30
1
3
4
1
1
2
1
4
23
4
8
6
1
2
13
10
17
1
7
11
4
1
1
3
10
8
50
3
17
10
19
2
10
2
2
1
8
14
44
46
19
4
29
2
1
3
9
4
11
33
4
1
5
4
17
13
2
14
1
2
1
9
2
12
4
15
3
2
5
10
2
22
4
2
1
8
4
22
22
6
2
7
4
12
4
10
9
9
16
16
2
3
18
1
5
2
2
51
2
1
28
13
6
6
5
4
1
1
9
5
12
10
1
2
5
6
4
1
3
2
10
34
4
2
1
4
16
11
53
13
8
7
2
1
2
1
4
17
1
19
1
20
1
1
3
1
11
17
64
7
1
3
2
1
2
10
1
68
1
26
17
3
4
5
3
57
5
1
1
1
1
4
12
29
2
1
2
58
1
2
2
2
23
10
1
10
1
1
7
3
1
1
6
1
2
1
1
1
11
2
1
3
1
4
29
45
90
17
1
3
7
9
1
6
36
3
2
7
1
2
3
12
64
2
6
2
2
3
2
33
71
33
1
4
18
7
6
8
2
44
10
75
1
1
4
11
1
4
42
1
1
13
4
1
33
11
1
23
8
2
18
9
74
1
3
15
3
27
3
9
1
6
9
1
16
1
36
2
4
9
17
19
10
8
2
13
20
3
17
2
18
9
76
1
8
2
7
2
37
14
7
3
1
18
2
11
4
1
19
38
36
2
1
1
26
5
28
6
2
3
3
13
16
4
5
5
9
5
57
24
10
1
1
1
2
25
5
6
31
4
3
24
5
2
37
1
2
16
2
1
38
2
3
1
6
3
1
10
2
8
37
9
2
12
12
4
8
25
1
1
35
49
2
12
3
8
2
7
3
5
37
2
4
25
10
5
3
2
1
1
3
10
44
16
1
1
83
1
11
11
33
13
24
1
6
4
1
2
18
25
48
9
4
7
3
6
3
3
5
1
3
30
2
3
14
10
54
3
3
2
3
11
4
32
4
9
2
3
54
8
2
3
5
15
37
8
1
3
1
1
6
16
1
15
2
1
1
3
1
15
2
2
22
11
5
2
1
3
1
11
4
1
2
2
4
2
3
4
1
2
1
15
5
52
8
2
2
4
4
3
3
7
15
1
13
37
2
1
2
2
2
6
43
1
4
17
116
3
1
3
1
3
3
1
4
8
27
52
19
3
2
2
3
1
36
1
12
16
82
10
9
2
10
20
35
1
3
3
1
1
2
36
3
1
4
17
3
4
4
2
4
1
2
22
4
11
1
1
4
7
8
2
2
17
22
7
2
36
4
13
14
19
1
3
1
7
3
12
1
11
2
3
10
29
8
8
2
4
13
7
26
10
3
3
6
2
71
3
6
10
1
7
14
3
1
6
42
13
2
18
2
13
11
11
2
9
43
1
3
1
7
1
3
6
1
9
8
2
4
4
11
2
19
5
23
11
3
1
3
6
1
2
1
4
2
2
3
3
2
9
1
1
2
4
9
1
8
1
3
7
8
1
8
2
1
31
1
5
7
40
20
1
6
29
18
1
8
1
1
2
12
1
2
2
20
2
2
1
2
2
2
4
10
2
9
1
1
9
3
6
1
2
3
2
38
5
3
21
1
16
3
30
4
43
59
1
1
5
15
1
10
2
21
1
5
6
36
41
10
1
55
3
8
2
9
2
5
9
1
13
3
14
8
20
2
1
22
5
4
1
50
2
2
3
1
1
2
32
3
73
1
2
36
3
2
2
13
3
1
25
1
7
3
2
9
16
26
22
22
2
4
7
1
2
4
14
66
3
35
3
3
39
15
1
24
1
15
11
6
4
4
2
3
3
5
2
1
33
2
6
41
2
3
1
62
4
15
2
12
1
31
2
1
4
4
5
4
39
7
38
1
8
1
23
1
6
14
7
4
4
4
16
6
16
1
20
4
4
3
1
1
2
52
11
5
2
44
4
1
6
3
7
1
21
13
4
2
1
2
5
5
26
6
6
1
21
38
14
1
1
31
4
1
3
3
1
10
5
2
3
25
8
11
2
8
9
2
25
29
11
1
7
18
11
3
4
1
2
2
1
14
14
7
16
13
2
20
3
32
7
5
3
2
3
2
1
9
2
3
10
1
1
32
3
14
28
6
1
3
16
6
22
18
1
11
2
8
3
54
55
1
1
8
2
2
22
8
10
3
1
3
1
2
1
2
7
2
10
73
2
3
1
4
10
36
22
11
1
8
2
1
1
2
6
12
63
7
2
3
1
4
2
1
1
3
3
2
21
13
