9
17
1
28
2
10
14
1
13
12
1
1
2
12
1
1
1
3
22
13
2
33
6
2
2
1
3
6
2
12
14
1
1
5
1
9
2
1
6
5
4
1
2
12
13
2
4
39
36
1
1
1
3
2
4
5
2
7
2
14
3
71
10
10
4
1
3
2
1
10
6
3
11
19
2
1
7
2
13
2
1
18
1
2
18
6
8
8
1
1
2
2
1
12
1
6
5
2
7
3
4
5
33
2
16
41
1
2
1
9
2
8
15
27
20
15
6
2
3
5
2
4
5
8
2
1
1
5
1
2
24
10
14
15
21
11
1
3
3
3
5
2
5
3
1
1
19
7
23
2
20
42
16
1
2
23
19
1
8
6
10
2
1
1
23
2
6
13
4
4
1
3
4
2
2
17
15
11
27
18
1
7
5
23
2
1
1
31
2
16
1
4
2
2
5
29
19
7
1
11
17
2
1
1
4
16
4
25
2
3
1
11
3
18
1
2
1
3
19
5
1
10
2
2
23
1
2
1
6
1
10
19
4
7
8
1
6
2
6
2
3
2
3
1
7
14
1
5
25
3
2
1
8
4
3
25
6
1
13
8
2
9
1
1
11
2
2
7
1
2
8
3
17
1
1
1
2
10
1
75
1
6
1
1
4
1
7
3
7
2
6
7
13
2
2
7
20
3
1
1
23
1
1
2
9
1
6
2
23
23
2
1
3
13
4
30
24
3
3
1
4
12
2
2
1
1
2
26
4
1
2
1
8
22
2
2
1
20
5
1
29
7
7
6
27
18
1
7
8
2
4
7
5
3
10
8
1
2
4
1
4
12
3
7
11
2
2
1
8
10
4
1
4
1
3
17
1
3
13
1
16
1
1
2
1
22
1
1
1
48
12
1
1
1
11
30
13
3
4
29
9
19
1
2
2
2
7
2
5
2
14
3
19
8
16
4
17
5
1
2
1
8
1
7
4
3
3
22
13
6
5
16
2
2
2
34
2
9
36
15
23
10
2
2
1
1
5
3
2
13
34
2
1
4
4
2
1
63
6
41
1
17
1
2
12
3
8
9
1
13
2
1
2
3
2
5
20
3
1
4
34
6
4
3
1
2
1
13
2
4
3
1
5
3
6
3
25
33
4
2
5
1
3
2
4
27
1
12
29
8
7
1
2
1
15
1
12
2
1
2
2
5
2
1
1
1
49
2
3
2
1
11
9
3
2
9
4
3
3
1
3
1
3
1
3
8
6
1
6
1
2
2
32
3
3
9
1
2
1
4
8
13
16
25
6
2
2
20
1
7
1
2
1
3
10
26
7
1
3
6
1
13
1
11
1
2
10
1
10
4
32
2
1
1
4
5
3
19
2
3
13
27
13
3
2
9
7
1
12
5
5
37
2
8
2
38
30
11
1
23
54
28
9
15
1
3
3
2
5
9
5
2
14
3
10
26
3
5
1
3
4
1
5
19
13
1
74
26
2
2
6
12
1
1
23
2
37
6
2
3
1
12
26
2
11
3
33
22
67
2
1
8
26
1
1
2
6
2
1
1
3
11
2
3
19
2
10
2
1
10
16
10
4
4
1
9
4
2
8
4
7
1
11
1
2
1
13
9
2
16
19
8
2
1
9
5
5
2
2
27
2
3
2
27
3
5
1
2
5
10
3
19
1
31
23
2
6
1
2
7
1
3
3
2
1
5
3
3
3
12
15
1
23
4
3
2
1
14
3
2
4
35
2
1
34
8
1
8
1
3
3
9
6
18
10
20
2
2
2
7
1
3
38
2
18
22
1
8
9
5
2
12
1
5
3
1
12
7
6
7
2
29
1
2
6
1
14
2
62
5
1
6
1
12
3
9
23
9
2
2
1
9
3
1
19
27
1
1
4
5
4
18
26
2
1
2
11
2
3
15
2
1
3
2
7
3
4
1
5
9
13
1
20
6
3
3
63
5
1
3
2
2
23
1
2
9
2
4
2
3
19
2
1
2
1
6
4
6
2
4
18
4
5
14
1
6
4
2
3
7
1
3
5
3
16
1
1
2
7
38
1
4
1
3
3
46
1
2
34
1
11
1
2
2
17
1
2
6
2
2
1
13
1
1
8
4
2
2
5
4
32
10
1
1
7
1
15
18
1
1
12
9
3
2
22
2
9
1
4
7
1
2
2
19
5
1
3
2
3
4
19
39
32
2
1
33
2
1
4
1
6
2
13
9
1
3
3
2
6
3
1
25
3
2
2
5
2
1
1
11
1
1
5
31
33
2
46
2
2
3
1
17
4
10
1
3
17
10
1
4
9
1
3
1
34
6
4
30
3
4
7
1
5
2
4
5
9
2
11
1
1
20
1
2
1
3
1
2
1
1
2
1
1
9
1
4
15
19
9
39
17
23
8
10
9
20
7
2
3
5
6
1
34
1
80
3
1
14
49
2
1
2
1
57
8
5
1
20
21
8
4
5
2
2
15
2
1
10
6
6
30
5
8
11
2
1
6
1
2
1
12
24
6
2
1
2
5
1
15
1
4
27
3
2
26
2
1
2
11
36
2
7
3
3
7
9
5
10
1
1
5
2
7
4
11
1
4
1
1
37
4
5
4
2
6
5
3
3
26
2
1
12
4
1
2
4
4
4
4
6
1
5
3
7
2
5
8
25
1
23
50
1
2
9
2
27
1
1
20
3
8
2
2
1
1
4
2
42
2
27
2
16
10
1
3
3
1
4
3
41
2
3
16
10
4
2
2
2
18
3
2
19
4
14
23
23
7
2
1
7
10
8
3
45
19
1
2
1
6
12
34
9
1
5
11
18
69
8
2
1
10
21
1
2
3
3
1
7
5
57
9
3
28
2
4
11
1
6
3
1
4
2
34
1
5
2
4
1
1
2
1
1
3
4
13
8
3
17
2
3
1
2
2
5
6
1
13
7
21
1
55
6
1
2
12
5
2
2
4
1
1
28
3
5
5
4
29
1
8
1
1
3
9
5
17
9
12
10
3
2
6
1
7
1
10
6
4
1
1
5
14
1
2
5
7
1
3
36
2
3
13
5
16
15
1
18
4
1
54
2
1
1
3
1
1
4
6
39
45
4
11
4
8
7
21
2
2
8
4
47
6
4
1
1
7
2
1
2
4
2
3
4
2
3
9
1
5
10
6
29
8
2
43
3
56
2
4
1
6
6
7
3
4
2
1
2
3
5
3
2
2
1
4
3
26
11
32
10
16
6
2
2
14
10
2
4
1
52
1
2
1
15
6
3
2
1
20
1
22
1
7
2
2
1
8
21
74
2
34
14
5
1
1
11
1
2
4
3
3
3
10
9
6
1
1
2
6
9
2
1
1
36
5
4
2
1
8
1
8
15
9
3
1
26
1
5
7
1
1
3
3
2
1
12
2
1
3
1
14
1
3
21
1
1
11
82
1
1
32
4
1
4
7
19
1
3
10
12
14
6
2
3
13
1
3
5
1
23
4
7
5
6
3
2
11
16
4
4
11
1
3
3
7
9
21
1
2
2
14
1
8
4
13
12
6
21
21
1
5
7
9
1
1
15
5
7
2
4
1
2
2
11
1
1
2
7
1
4
1
1
7
21
10
1
1
1
1
1
1
10
2
23
15
8
13
3
21
1
1
1
1
2
12
1
1
28
2
1
1
1
1
2
11
2
24
2
21
2
2
1
24
28
10
44
1
1
3
8
23
3
27
2
27
1
3
17
1
2
2
4
9
2
2
9
4
7
6
8
3
1
1
10
7
1
1
2
1
3
3
9
2
1
11
13
1
3
7
2
6
3
2
2
1
72
1
4
4
5
4
5
7
3
8
1
3
4
1
34
28
6
1
4
2
2
6
42
2
38
19
1
4
19
5
7
1
9
31
1
11
9
9
2
66
4
3
5
9
2
2
21
20
19
2
2
14
11
2
1
1
2
1
14
7
11
10
1
3
1
2
5
2
7
2
2
29
9
1
2
3
2
21
5
1
18
37
4
2
37
35
1
2
21
7
8
5
6
11
9
14
5
21
14
7
1
5
1
2
2
1
2
2
5
8
1
3
1
2
2
24
3
5
4
1
19
6
3
2
25
9
1
3
1
17
2
8
3
1
7
10
1
3
37
7
4
1
21
2
2
1
8
4
6
33
3
3
1
2
1
3
26
2
22
8
2
1
2
13
6
2
12
37
1
12
2
11
1
11
3
2
21
9
2
4
2
12
2
1
2
31
3
5
21
11
6
8
17
3
11
13
1
4
3
5
4
3
3
5
3
4
32
1
2
2
5
11
8
2
10
5
2
1
2
1
3
12
15
7
3
12
1
7
1
2
4
3
7
2
5
6
5
4
1
1
1
1
1
3
34
2
1
5
3
1
1
2
2
2
1
2
6
11
35
1
11
2
9
30
24
1
44
8
3
4
23
17
7
3
4
2
1
6
1
1
36
4
15
6
5
24
2
1
2
7
1
8
22
1
6
3
24
7
6
8
2
2
18
1
9
2
2
34
7
1
6
12
5
5
3
33
13
3
2
6
8
4
5
1
24
2
18
8
4
8
2
1
11
10
2
78
1
1
1
5
5
1
2
11
48
3
8
12
1
3
1
2
5
6
4
5
2
11
1
1
1
1
1
1
2
2
7
2
11
1
3
62
2
3
57
1
5
6
5
13
2
23
3
39
1
1
35
3
24
4
22
4
2
22
2
1
5
1
1
3
4
23
3
5
1
3
1
10
24
7
11
5
1
1
10
24
8
3
2
7
18
1
2
9
1
17
5
9
1
45
1
1
2
3
6
2
24
1
1
1
1
2
6
1
2
13
6
7
3
1
1
16
7
2
1
1
13
2
18
2
8
7
5
4
33
45
6
6
4
27
28
13
4
3
2
1
3
1
14
4
6
11
9
1
1
6
3
1
2
1
7
3
11
4
10
2
16
3
1
1
1
38
2
6
9
2
1
1
3
3
3
3
1
31
4
1
7
9
10
11
6
2
3
7
15
14
3
4
1
23
1
3
2
1
3
16
3
3
2
12
19
1
6
7
4
3
1
6
1
4
2
10
2
1
3
13
5
3
5
3
33
1
4
2
16
2
8
12
4
1
1
10
30
8
4
1
5
17
18
10
1
10
26
2
2
2
2
25
3
1
6
12
4
1
2
1
49
1
2
1
1
7
3
13
2
15
1
4
5
3
1
3
3
2
2
6
3
9
2
1
4
2
34
1
2
2
4
2
1
3
2
3
5
1
2
3
8
5
30
2
8
8
1
1
1
38
3
1
7
2
9
12
1
2
45
3
6
16
1
22
3
9
1
5
30
12
4
1
1
8
1
2
1
15
2
3
18
3
1
1
2
1
45
1
2
11
9
1
1
2
15
1
32
16
7
2
10
2
3
4
2
6
6
42
3
2
1
1
1
19
6
1
8
2
3
5
32
1
1
10
1
2
1
2
6
2
15
3
11
4
3
10
2
2
4
1
1
2
23
3
10
15
1
1
3
2
7
14
9
20
9
3
40
4
6
30
1
2
51
5
9
33
3
1
8
2
1
3
34
5
5
7
2
8
9
3
2
2
1
23
30
17
13
15
56
3
1
3
