9
4
15
1
6
1
2
9
22
7
26
1
2
47
62
40
5
25
2
2
3
2
29
13
3
5
6
1
16
1
2
20
10
155
1
19
1
1
2
43
8
32
3
8
1
1
35
2
1
1
3
27
60
2
1
5
7
45
5
3
49
2
5
145
2
24
10
1
1
40
18
3
1
6
1
9
42
14
2
1
21
2
12
4
3
5
4
9
1
5
18
2
11
1
15
2
1
6
2
1
2
4
4
21
2
4
15
16
2
2
2
16
2
1
2
20
50
2
26
2
19
46
2
6
1
2
82
2
3
15
9
3
22
3
12
2
18
11
1
30
3
12
2
1
149
13
1
11
2
3
2
1
10
8
3
84
5
2
2
9
9
1
3
4
27
4
2
1
1
1
1
3
2
2
1
4
9
7
2
1
2
1
3
17
1
64
1
22
1
1
4
1
1
23
1
10
5
3
2
12
1
5
5
2
2
1
4
4
1
3
2
1
2
2
1
9
1
1
1
2
4
3
15
13
1
2
4
6
4
14
3
1
4
2
1
4
1
37
1
3
5
4
2
2
1
5
2
2
20
2
2
13
23
3
3
7
4
2
2
2
2
1
1
2
3
5
1
10
1
11
1
2
3
1
27
5
6
2
1
3
1
3
1
2
2
2
4
2
5
4
5
3
17
2
1
5
5
3
1
10
3
62
4
17
30
40
2
1
3
1
1
3
2
8
43
5
111
1
1
2
1
2
16
5
1
6
5
2
67
8
4
1
1
6
2
121
2
11
1
1
1
2
2
1
3
14
3
27
6
28
3
2
4
6
2
2
1
1
2
7
7
5
29
5
3
1
16
1
6
10
1
66
4
4
16
12
1
23
9
2
5
17
5
5
2
9
17
9
3
2
12
15
2
4
3
2
10
8
1
1
2
1
13
8
2
2
8
1
2
4
18
4
7
1
10
3
5
7
3
2
6
20
15
2
3
4
3
12
12
2
15
1
2
1
6
20
3
1
1
9
5
1
1
21
2
8
1
11
3
2
1
4
7
6
5
5
1
2
2
8
1
2
3
114
3
9
2
14
30
3
7
3
2
23
5
1
1
3
2
16
4
1
17
3
11
1
2
1
46
4
10
2
4
1
14
2
1
1
17
1
1
6
1
8
34
1
2
1
2
8
3
2
31
6
16
11
4
9
15
1
18
1
6
23
2
32
3
17
36
32
1
1
13
10
4
5
28
7
3
16
11
13
8
15
1
16
4
91
3
10
11
1
5
4
21
9
3
9
4
4
80
3
3
19
14
7
3
28
6
3
29
2
4
23
1
7
33
3
22
33
11
28
8
21
4
9
2
11
8
49
10
1
10
15
9
7
27
5
6
21
57
10
32
3
21
17
10
44
55
