15
41
41
9
19
143
19
4
59
51
1
2
47
34
29
138
8
2
39
7
47
8
23
1
20
20
33
4
2
2
26
3
6
3
9
1
3
5
103
1
3
59
2
70
1
15
16
13
11
1
4
23
1
2
1
83
23
141
4
9
10
21
139
49
16
75
20
2
1
2
3
1
16
2
15
2
2
5
45
12
22
6
112
345
2
65
51
4
1
1
1
15
20
3
28
30
4
6
25
15
4
276
230
59
8
2
3
2
9
12
12
2
3
406
96
7
12
2
118
115
41
8
26
22
11
1
58
31
1
171
6
72
2
27
66
2
4
43
71
10
81
2
2
1
3
4
29
10
7
4
15
7
8
14
2
30
43
17
50
44
138
2
3
24
4
71
3
13
8
7
2
2
17
1
3
2
10
30
12
1
1
2
19
8
140
1
6
14
3
1
1
2
48
4
2
19
11
8
2
29
5
19
13
38
5
2
283
4
1
21
405
10
2
1
19
13
50
39
1
2
2
1
28
60
5
2
7
31
29
18
6
6
10
3
6
5
13
67
5
236
1
1
2
4
4
1
3
54
8
19
40
1
65
7
9
1
50
2
22
1
2
3
1
7
13
7
10
87
2
19
7
2
2
2
5
1
383
2
1
90
26
2
5
7
366
2
1
5
1
3
9
1
3
7
1
12
31
16
7
10
21
17
1
2
72
9
14
21
1
64
57
8
21
2
40
26
1
40
22
75
6
25
2
5
7
6
10
6
2
33
1
3
7
6
18
25
1
74
2
102
2
2
1
36
2
2
27
18
4
1
3
2
3
1
3
9
2
73
3
1
5
94
7
104
5
44
16
2
68
3
107
48
153
1
1
2
4
21
43
9
3
2
17
12
29
14
3
1
4
3
111
15
15
30
3
2
1
1
4
2
58
5
3
130
5
1
3
105
13
3
2
3
10
1
7
5
16
1
2
22
5
14
26
9
1
4
147
16
6
49
25
3
2
33
14
5
14
2
11
51
6
1
6
1
56
4
2
20
1
2
88
12
2
3
55
156
86
404
2
14
2
7
7
7
4
352
19
319
49
4
1
3
57
2
4
123
3
12
1
3
9
2
13
3
37
1
1
26
15
151
2
46
2
29
50
1
17
5
4
2
1
3
9
5
33
2
1
1
29
10
344
160
16
7
2
20
4
2
3
2
1
52
6
2
23
12
9
2
7
14
9
312
30
1
1
24
12
37
2
12
13
2
2
6
2
1
13
7
39
24
2
2
27
4
1
2
143
2
14
38
2
11
42
21
10
11
16
12
115
14
6
24
3
34
11
17
3
141
4
43
17
10
2
7
1
5
326
1
1
40
54
37
2
1
10
1
8
12
5
2
1
12
27
7
1
13
18
1
1
47
99
10
5
15
1
5
5
7
4
54
13
142
43
5
5
18
17
1
92
7
54
13
12
6
2
2
1
23
20
9
2
23
2
15
2
2
1
3
7
8
5
34
3
16
37
7
5
45
4
12
2
1
3
104
37
2
13
35
6
28
14
54
3
1
35
4
5
116
7
2
18
3
42
7
2
1
52
2
1
2
2
15
37
1
10
8
3
2
6
22
4
6
5
37
11
3
1
2
1
37
6
2
3
6
72
6
2
1
2
134
9
2
2
2
2
2
13
28
19
1
3
47
1
21
3
1
2
1
22
9
9
1
3
2
2
157
2
10
8
16
13
3
6
32
37
1
3
1
6
404
21
1
6
1
6
2
6
1
1
22
1
3
16
2
31
42
4
39
79
1
24
9
3
15
28
3
9
75
2
1
6
34
1
34
2
11
26
14
17
91
13
9
7
3
2
28
4
6
4
2
2
2
12
31
66
1
1
37
39
7
16
3
2
1
26
10
21
2
3
12
2
102
110
1
21
1
2
2
2
15
4
5
2
7
4
6
8
41
1
35
8
44
24
7
2
1
3
42
17
348
19
318
4
18
41
11
343
252
19
2
1
2
33
7
6
1
17
3
1
7
6
1
188
19
2
9
4
4
94
12
22
3
43
2
24
7
15
4
157
20
6
27
3
249
29
42
10
5
16
26
2
15
8
1
164
1
10
13
4
2
3
22
44
1
2
2
2
19
2
2
33
6
1
1
3
3
1
1
39
29
2
2
8
5
2
304
2
2
4
345
12
11
122
2
4
54
5
2
28
5
3
50
1
5
1
1
19
2
65
16
51
5
28
27
7
6
25
5
185
308
11
1
3
2
28
1
41
18
14
65
18
3
3
19
21
29
2
3
3
110
15
59
11
2
1
22
6
1
18
19
27
13
1
229
26
5
12
43
21
2
4
21
8
1
17
1
48
18
15
16
11
14
8
1
3
1
3
1
40
7
1
1
5
15
8
7
4
1
3
8
2
1
2
2
122
71
21
41
31
9
3
10
1
1
1
6
2
14
20
108
12
1
7
2
44
2
33
2
3
10
1
2
17
18
3
4
2
1
8
1
7
1
30
121
215
3
2
58
2
9
44
36
1
2
2
21
1
16
3
6
3
5
10
17
3
1
2
2
17
14
5
11
1
8
2
18
1
4
48
4
32
29
2
3
2
34
3
14
1
117
2
2
6
1
2
3
169
8
6
21
17
46
9
3
1
33
10
12
5
1
1
1
23
14
3
3
1
22
4
21
13
10
2
12
2
3
2
4
10
23
23
87
2
54
2
21
1
2
15
25
1
5
59
37
16
8
5
7
1
5
9
4
3
29
3
1
16
17
35
7
15
3
12
3
86
2
170
1
13
20
19
38
2
3
7
2
115
6
4
12
3
8
1
122
3
2
49
2
131
25
28
66
3
16
245
9
3
3
7
127
55
2
58
3
27
4
28
28
7
1
58
4
25
1
12
4
8
6
13
1
19
2
1
28
21
5
12
1
6
3
2
1
34
2
1
3
4
35
1
25
1
6
15
2
175
15
24
25
19
2
7
1
10
45
52
3
17
26
8
24
2
26
1
2
26
11
7
2
5
6
5
15
42
4
3
9
2
8
2
2
2
40
23
6
69
22
33
4
2
12
38
39
7
4
83
6
10
8
26
9
8
26
1
1
75
1
30
1
3
1
2
37
18
38
7
35
5
1
201
1
14
1
21
3
13
19
1
6
5
2
2
5
6
21
26
10
8
17
136
16
1
10
3
8
2
18
2
4
1
37
5
3
3
6
53
40
1
2
1
1
9
6
5
2
33
3
39
1
12
105
4
8
48
2
4
3
3
2
2
14
1
22
21
1
11
2
32
7
2
5
2
9
2
12
6
6
15
76
107
1
27
2
16
1
2
1
31
2
283
2
1
15
3
2
22
76
2
1
162
3
1
8
7
67
7
2
43
4
41
3
29
66
3
8
30
1
4
5
1
1
1
11
3
2
64
11
65
9
4
1
25
9
341
9
28
55
14
17
10
25
5
10
51
4
54
18
7
9
1
1
9
1
31
5
3
2
2
103
1
1
8
5
25
46
1
1
16
1
3
34
20
2
3
4
3
10
1
2
26
1
3
6
30
13
15
186
5
17
49
2
1
2
11
11
6
17
9
8
2
4
13
3
7
7
15
24
1
21
2
39
3
18
4
2
1
1
17
27
16
17
15
5
184
8
2
8
93
12
13
1
93
7
194
25
2
2
8
6
21
4
44
2
9
7
89
7
6
1
35
2
40
95
1
3
104
26
17
24
15
8
22
117
29
31
5
18
1
6
14
2
1
32
28
176
2
38
1
78
8
3
3
5
1
7
11
2
15
8
50
28
11
4
309
56
4
3
7
3
3
1
391
3
7
7
1
42
2
1
45
10
3
1
24
11
19
3
6
94
1
22
45
2
5
22
6
9
10
5
4
6
18
7
7
41
2
73
3
15
4
414
4
1
39
2
104
32
63
13
14
4
144
23
20
20
8
4
25
15
6
87
51
4
4
2
4
2
3
1
10
3
62
2
15
2
1
13
5
1
38
2
9
26
3
2
1
7
9
1
72
14
2
2
59
136
11
5
20
3
21
21
2
2
15
31
127
20
2
1
47
23
16
7
16
91
81
3
2
2
8
3
28
21
57
4
2
75
3
5
11
2
92
5
8
10
2
3
33
17
2
16
13
97
13
8
6
2
2
19
40
2
1
6
3
1
8
34
3
1
88
2
24
53
1
3
2
12
21
2
3
81
8
15
20
13
3
2
18
5
22
1
74
1
7
13
3
1
24
3
1
1
8
2
14
101
7
165
2
2
7
2
3
32
8
96
4
24
1
1
23
412
1
3
2
1
8
87
15
325
12
2
66
2
2
33
10
1
4
4
1
4
5
36
1
