1
2
2
7
3
1
1
4
10
2
1
4
1
17
9
34
3
2
55
6
72
1
1
1
27
2
3
2
2
20
3
3
1
1
7
8
2
2
3
1
1
1
4
2
1
1
4
1
2
1
2
4
2
5
9
1
10
2
2
1
1
4
2
1
14
1
8
8
1
15
4
2
3
2
2
1
8
2
3
1
2
1
2
1
6
2
2
1
2
8
1
1
1
1
7
1
1
39
2
5
2
1
3
1
2
1
3
2
5
2
2
3
1
1
1
1
11
5
1
1
1
3
2
3
2
4
5
1
3
2
7
3
2
18
2
1
3
2
3
8
5
1
1
2
7
8
1
2
2
1
1
1
2
3
3
4
4
2
1
2
1
2
9
3
1
2
2
5
3
1
2
1
14
1
1
2
2
19
2
1
1
2
3
1
1
1
1
1
2
4
1
7
1
1
2
2
3
1
1
12
3
7
1
2
6
3
1
7
1
5
4
2
7
2
4
5
1
1
2
1
15
1
1
3
3
1
1
2
1
2
1
5
2
3
1
3
1
1
2
1
2
10
5
1
1
4
2
1
1
2
2
1
1
8
3
1
4
1
10
2
1
9
2
4
2
1
5
2
1
9
2
5
1
3
1
26
31
5
5
1
4
2
2
1
14
1
3
1
2
1
5
13
2
1
4
5
7
5
1
1
2
1
1
2
2
6
1
1
5
3
2
3
3
2
1
3
12
1
1
3
4
1
4
6
2
1
6
2
1
6
7
1
6
2
1
1
3
2
1
4
3
6
2
1
46
3
1
1
9
2
1
2
4
1
3
2
6
1
1
1
9
4
1
4
9
7
1
18
2
1
10
20
3
1
5
1
4
10
1
3
2
5
1
8
5
1
3
11
1
1
7
5
12
2
1
8
17
2
3
4
2
24
