10
6
143
104
43
2
168
106
23
2
66
8
82
48
15
1
18
118
3
207
18
4
11
44
5
9
20
59
30
62
5
52
4
1
1
6
5
10
1
3
39
3
38
188
2
27
2
39
46
23
16
8
67
31
259
124
1
85
107
7
136
150
18
110
6
1
42
94
2
3
10
13
12
11
4
2
36
7
8
3
40
2
1
31
3
145
4
17
22
60
57
1
6
282
153
1
58
16
32
39
2
35
40
11
194
30
158
2
10
1
333
5
47
442
39
6
3
72
2
170
3
6
3
2
161
52
274
8
186
18
8
32
114
38
30
35
1
66
2
300
31
3
3
75
42
7
146
81
50
45
52
1
134
51
33
87
32
82
15
143
2
29
2
362
25
18
172
1
1
48
25
1
215
98
215
98
85
41
103
22
85
2
458
8
4
26
29
37
15
11
44
44
45
161
258
7
2
19
15
56
32
2
29
21
195
3
86
2
9
24
57
3
8
19
1
25
18
1
189
190
222
109
2
189
10
3
7
78
2
45
2
4
86
44
206
3
9
15
15
35
1
213
2
2
3
29
2
1
2
74
17
8
4
24
21
37
70
282
38
7
23
28
87
15
2
74
1
293
204
1
7
1
83
24
2
5
17
295
183
21
148
10
11
56
23
26
66
9
5
196
2
102
29
1
1
152
44
4
47
195
8
77
17
21
30
34
2
99
29
81
4
71
362
193
2
26
11
13
1
225
1
3
2
70
43
3
382
2
6
2
71
14
27
5
12
46
31
1
9
10
121
1
26
34
26
16
35
53
2
35
131
103
4
37
195
38
53
38
5
3
6
2
134
1
4
38
2
6
2
2
79
37
3
2
317
2
4
5
200
3
128
36
38
97
7
1
84
23
1
36
12
46
5
25
2
2
45
2
110
62
178
34
119
2
20
4
254
3
2
2
12
2
1
15
2
3
3
11
8
1
4
1
4
276
174
6
1
29
9
32
65
6
2
2
5
55
178
34
114
9
9
14
3
98
168
3
112
210
1
57
63
2
131
2
16
2
196
63
6
228
4
363
18
2
15
13
66
1
6
47
1
6
8
1
58
2
54
4
58
2
18
99
33
2
187
2
100
2
129
23
2
22
59
11
53
17
31
200
70
62
5
12
318
2
93
38
69
2
2
1
34
2
7
228
105
6
5
17
3
23
81
2
11
44
26
177
3
11
4
32
7
4
229
184
4
19
1
3
199
5
1
316
5
20
79
2
11
3
7
37
1
47
26
104
333
78
2
1
9
57
9
55
4
1
12
15
5
3
2
13
22
14
8
5
3
1
13
4
20
1
50
16
168
5
82
8
6
45
1
2
5
8
93
22
7
3
17
4
23
2
5
3
99
13
2
1
138
340
33
333
2
129
1
16
4
305
59
8
93
13
1
9
41
445
92
51
28
2
4
137
3
5
7
15
17
181
12
2
8
14
1
1
10
3
33
70
257
6
13
32
17
55
2
6
27
8
50
1
16
44
11
5
8
2
2
3
3
7
66
41
21
12
10
4
5
220
166
1
138
195
25
4
15
49
48
7
5
252
17
28
4
2
3
29
1
5
62
28
4
9
4
1
2
99
47
2
3
2
4
57
6
1
3
2
5
9
3
23
58
175
2
10
19
12
178
3
25
10
17
8
19
9
1
2
124
146
33
30
2
6
273
2
148
147
202
102
2
6
29
25
1
36
10
1
3
1
2
6
1
6
199
3
23
13
23
2
7
3
5
166
2
1
21
124
20
1
14
16
26
194
1
11
38
19
1
2
11
6
154
4
9
12
15
7
27
30
1
115
20
62
32
2
14
2
54
5
41
21
14
21
1
322
6
1
24
30
148
4
33
13
49
311
1
9
3
20
2
20
287
187
5
2
22
12
3
88
47
49
44
3
3
1
80
18
1
15
3
6
10
1
5
205
6
39
13
25
2
182
7
18
2
7
74
257
184
115
49
34
4
7
3
11
5
2
14
98
12
44
23
3
144
18
6
4
1
3
22
1
16
72
3
6
2
33
10
1
2
6
14
28
12
18
12
8
9
8
5
37
1
68
7
58
5
2
2
18
5
8
2
10
10
55
34
21
13
8
3
5
53
18
68
24
4
2
8
14
1
2
25
55
93
3
169
75
20
14
38
8
1
1
15
8
23
17
12
7
4
402
14
236
4
3
3
12
29
9
1
11
4
1
20
5
3
128
9
11
25
45
30
3
2
8
7
2
155
3
4
34
1
63
1
6
33
3
8
172
111
71
22
221
28
76
79
200
7
14
5
5
2
134
124
320
25
20
63
26
4
5
31
4
18
6
2
13
68
9
73
4
60
3
17
13
152
3
143
8
4
29
38
3
60
1
34
26
3
34
117
2
3
98
241
43
74
13
5
16
18
18
3
39
1
59
8
11
3
11
23
7
10
6
18
49
2
89
19
3
269
58
271
10
14
106
48
1
34
3
14
19
14
56
86
39
70
45
20
73
20
53
54
126
6
36
34
13
2
56
195
5
2
22
79
3
14
191
1
5
1
29
73
41
106
12
74
57
21
4
4
17
5
9
6
10
20
47
4
20
162
4
14
5
158
23
4
30
30
61
4
10
4
65
19
22
3
38
20
21
46
40
20
40
89
4
46
127
35
25
300
32
4
11
79
20
14
86
50
57
83
15
19
22
79
70
8
14
149
2
146
4
203
34
32
3
5
28
141
3
209
24
48
60
155
58
28
18
24
4
166
129
21
11
283
34
282
179
51
12
133
20
9
52
18
81
195
62
68
49
158
21
98
25
37
29
1
72
104
6
40
