1
1
1
1
2
1
4
1
1
5
1
2
5
3
2
2
1
2
1
1
2
1
1
6
4
1
2
1
9
2
3
2
9
2
1
1
17
2
3
6
15
9
1
3
6
16
1
1
2
2
3
7
3
2
1
1
1
1
1
3
7
6
4
2
7
6
12
1
2
3
1
1
3
1
2
7
1
4
1
4
1
1
1
2
1
2
4
7
1
1
1
1
5
7
2
2
1
1
9
1
4
4
1
2
1
9
2
21
1
2
2
1
2
4
3
1
1
11
1
3
9
1
1
1
1
1
2
2
1
1
1
1
5
6
14
1
2
1
7
20
1
6
4
7
1
1
6
1
2
1
1
3
2
1
2
1
1
2
10
5
1
1
1
1
1
4
3
2
17
1
3
2
1
2
7
1
5
4
2
4
4
1
1
2
4
14
2
2
2
1
2
1
1
6
5
1
9
1
1
2
2
1
2
6
2
2
8
12
2
2
3
1
5
3
1
1
6
2
2
1
4
9
3
6
1
1
4
8
18
6
1
1
1
2
3
2
1
5
6
4
2
17
1
13
13
9
1
4
1
1
5
2
2
1
1
4
1
1
4
2
5
1
1
2
2
1
1
3
2
2
7
6
1
8
1
3
1
1
2
2
4
2
4
1
2
1
3
1
3
3
4
1
3
2
7
2
1
3
1
2
3
1
16
2
2
5
4
1
1
1
2
11
2
1
3
4
1
3
1
3
5
1
12
1
19
4
1
2
1
1
2
2
3
2
14
2
4
5
5
2
3
3
12
4
3
1
4
1
1
1
5
2
3
2
3
3
1
3
1
1
1
1
12
2
3
1
5
13
5
2
2
34
1
31
6
2
2
2
1
5
1
1
8
3
9
7
1
2
1
3
1
1
1
1
1
9
2
4
1
1
7
4
1
13
2
5
7
5
15
5
1
1
1
3
1
1
6
2
2
1
1
2
4
2
7
7
6
1
20
4
1
1
3
1
9
3
6
1
12
1
2
1
1
1
2
4
2
2
2
2
5
1
1
1
1
16
2
3
3
4
1
2
1
1
4
2
1
1
1
5
4
7
10
2
2
1
3
2
8
6
2
2
4
2
1
2
2
1
3
2
1
12
2
7
6
3
1
9
6
36
1
2
9
1
1
1
1
1
1
1
1
1
7
2
3
1
21
2
5
1
1
1
1
2
2
1
8
3
10
18
2
3
1
1
9
1
2
1
3
3
2
5
2
7
4
3
3
2
2
2
1
1
3
1
3
4
1
2
4
2
2
1
41
7
2
13
12
4
11
10
5
3
2
1
1
1
14
1
1
3
2
2
4
1
4
1
2
5
1
1
1
4
2
11
1
1
2
13
1
2
1
5
3
1
2
7
3
2
2
1
1
2
2
1
1
1
2
2
8
3
2
11
3
42
1
1
1
21
1
2
20
1
1
1
6
1
1
4
3
1
1
1
8
3
2
10
1
1
3
6
2
1
1
3
2
13
4
4
1
2
1
10
1
1
1
1
5
10
6
5
1
1
1
12
7
3
1
2
2
4
1
3
2
1
1
7
2
1
1
1
1
3
1
5
7
12
1
1
2
1
11
1
2
3
1
2
2
2
5
1
2
2
1
14
7
1
1
9
21
1
1
10
1
1
1
2
11
1
1
1
6
1
2
1
1
3
4
1
1
3
1
1
1
2
2
4
1
1
2
1
1
1
1
3
1
1
6
4
6
1
1
2
2
1
3
2
1
2
1
1
4
2
13
3
1
5
1
8
7
1
3
6
5
2
3
3
1
13
2
4
1
1
1
13
2
2
8
3
3
1
6
17
3
3
3
1
3
1
2
9
1
1
1
1
27
2
2
2
2
10
3
1
1
3
1
2
1
1
1
1
1
1
8
1
1
1
1
2
2
7
2
2
1
3
2
6
2
3
2
3
7
9
2
3
1
2
1
1
2
1
2
1
11
10
2
2
7
2
6
2
1
6
2
1
1
11
1
6
2
2
1
1
1
7
2
1
3
1
6
2
5
3
1
1
9
1
1
1
1
1
19
2
20
2
1
1
3
7
3
5
3
1
1
3
2
3
1
1
10
1
1
1
1
1
7
10
1
5
1
8
1
40
1
1
2
12
2
1
3
1
2
3
2
1
1
3
3
4
1
1
2
5
1
6
4
4
1
1
1
3
3
2
2
2
4
2
12
2
1
1
3
10
1
2
1
2
1
1
1
1
1
1
8
5
1
2
10
3
1
3
3
2
2
5
2
1
1
3
2
2
1
3
3
1
1
15
1
3
1
1
2
1
1
1
2
1
11
3
1
2
2
2
2
1
2
12
3
1
1
31
6
6
1
2
1
2
1
7
1
1
1
25
2
1
6
5
5
2
1
1
14
4
3
1
4
4
1
1
3
2
1
1
2
1
8
2
1
2
1
4
1
21
6
8
3
1
2
9
4
2
2
1
4
2
2
8
2
2
7
1
3
5
4
2
2
7
3
14
8
1
2
5
2
1
1
7
1
3
4
2
1
1
2
8
13
2
1
6
2
1
6
3
1
1
2
2
1
8
2
2
3
1
3
2
3
2
2
8
7
2
8
9
1
17
1
1
9
1
3
2
1
4
1
1
2
1
1
1
6
9
1
1
2
4
6
2
1
2
7
1
1
3
2
1
1
2
47
1
3
2
1
2
2
8
4
2
2
1
2
4
1
3
2
10
10
3
1
2
4
2
2
2
5
1
2
8
3
1
2
2
2
3
1
1
1
1
11
2
4
8
1
2
2
7
1
2
1
5
1
6
1
1
4
1
1
4
5
3
1
3
1
1
2
3
2
3
2
8
1
1
4
1
14
1
1
1
1
3
1
2
1
1
3
2
3
4
1
2
1
15
12
1
1
1
1
2
2
2
8
2
8
7
1
3
1
1
7
5
3
3
10
6
1
18
5
1
1
1
4
3
43
2
2
2
1
1
3
2
4
3
9
5
1
2
2
5
1
1
1
22
2
4
3
2
2
1
3
1
1
1
1
1
1
2
2
1
4
1
1
6
3
1
1
3
11
1
2
2
1
9
1
1
2
1
1
1
9
10
28
3
1
5
1
1
1
2
3
4
2
1
21
2
1
1
3
2
1
3
9
1
3
4
7
3
1
5
2
1
1
1
2
1
1
2
1
2
7
11
40
1
1
6
1
2
3
7
1
2
1
2
2
2
2
3
6
1
2
23
3
1
3
1
1
10
11
1
1
2
3
7
9
2
1
1
7
1
3
2
2
2
3
2
2
5
4
48
6
6
9
1
19
10
2
2
1
16
1
2
2
2
3
11
10
7
4
6
1
1
3
2
2
1
2
1
2
3
10
8
2
2
18
1
2
1
8
2
1
2
2
3
2
1
7
1
4
1
1
5
1
1
2
3
3
2
2
1
2
3
2
4
23
3
4
12
3
3
5
1
1
2
5
1
4
16
1
1
2
5
2
2
1
2
1
4
6
5
6
1
1
1
2
1
2
1
1
6
10
1
4
3
8
1
3
1
5
1
10
1
1
3
3
1
6
1
2
2
1
7
1
1
1
2
3
1
1
1
9
2
2
6
4
2
4
3
4
1
1
5
2
1
7
1
6
4
2
2
1
1
4
1
4
7
5
5
3
3
2
1
1
1
4
2
2
1
2
2
1
10
1
2
7
1
2
4
2
1
4
2
1
19
2
4
2
1
1
7
4
1
1
2
2
1
3
4
1
1
2
1
3
8
3
1
2
10
3
2
5
1
4
3
1
1
9
1
9
1
4
4
1
3
6
4
1
3
5
5
1
1
1
3
1
1
1
6
8
1
2
1
1
7
1
43
8
1
3
3
5
5
1
