2
22
78
20
12
19
1
7
50
90
6
1
2
10
3
3
20
4
87
10
6
2
32
50
4
4
2
7
1
9
1
12
4
23
5
32
24
5
5
3
22
21
1
11
8
14
18
29
36
4
2
1
46
3
9
7
1
2
12
5
6
1
3
1
46
10
1
7
12
47
3
4
8
2
1
33
2
3
10
100
4
4
3
2
190
3
23
3
5
18
17
16
60
1
1
1
1
14
15
3
78
15
10
11
2
6
2
41
98
2
66
2
1
6
8
1
2
56
44
1
5
22
6
3
12
22
15
1
8
5
14
242
7
29
4
24
4
12
43
6
49
1
61
25
25
20
51
13
5
5
6
18
2
21
2
2
111
35
7
165
47
107
14
19
16
11
2
12
12
1
2
2
2
11
1
11
2
3
71
60
1
2
50
1
7
10
3
3
3
15
6
6
184
49
2
7
19
1
59
2
1
9
1
1
2
6
3
23
25
1
1
7
11
14
8
13
44
5
3
14
5
5
1
2
9
3
3
1
2
1
10
2
46
2
28
1
8
3
15
64
14
1
12
13
3
1
40
3
39
5
8
1
3
178
61
19
5
13
30
10
14
9
1
8
2
31
2
2
31
6
9
30
10
4
3
14
47
15
2
9
21
1
1
64
11
6
4
4
13
11
1
7
2
61
7
7
1
184
3
12
109
21
3
20
46
18
33
2
1
2
9
88
1
1
10
33
2
90
5
48
34
2
3
7
264
65
2
6
2
35
49
3
3
37
2
5
2
7
5
26
19
5
5
10
1
1
4
1
1
1
5
8
27
5
27
19
3
56
15
33
2
1
34
65
2
28
4
3
63
3
3
20
30
20
7
3
3
10
77
2
8
2
6
107
4
11
43
1
1
29
1
2
20
1
44
2
5
45
12
7
62
26
1
2
3
3
6
7
1
15
5
21
130
39
1
8
1
4
23
193
1
55
2
2
7
4
70
1
69
2
54
42
35
4
27
2
5
93
45
5
1
7
11
12
1
1
6
6
60
49
83
1
4
2
6
26
1
17
4
2
10
3
11
5
1
6
22
43
17
4
2
8
1
8
10
2
32
33
47
75
1
5
3
7
2
1
1
2
1
18
1
1
4
48
1
3
6
1
67
1
30
25
43
4
5
70
10
11
2
3
1
2
3
62
2
41
7
14
7
2
50
6
1
6
3
2
7
1
15
51
27
9
1
5
4
8
7
25
30
2
15
21
2
31
34
31
17
67
8
20
116
23
2
7
2
4
4
5
25
23
28
17
1
34
1
7
5
3
1
1
38
2
14
28
11
3
35
25
122
2
21
33
2
3
237
64
8
1
39
17
11
1
9
52
2
10
8
1
7
29
42
42
81
5
1
5
30
56
15
11
32
2
65
20
2
40
12
31
8
1
3
3
2
15
3
1
12
123
4
6
2
2
4
2
49
38
1
16
7
4
28
1
2
13
28
54
4
33
1
101
8
1
1
3
121
1
5
2
14
18
6
13
5
4
10
6
13
2
131
6
1
4
2
4
46
2
1
2
1
2
5
2
2
8
55
4
2
22
1
1
38
2
20
21
1
3
3
58
41
45
1
2
23
8
4
17
1
2
43
5
6
31
13
4
3
33
2
11
10
66
32
29
2
60
3
34
6
10
6
2
1
7
5
4
16
7
1
83
1
44
21
2
3
50
2
1
110
2
24
78
16
44
41
1
14
5
8
3
1
106
117
1
13
14
4
1
118
3
49
33
1
2
1
1
3
5
3
48
1
4
6
6
3
2
29
1
1
6
1
11
1
2
126
196
19
1
1
31
22
8
1
7
3
41
11
2
53
34
20
13
27
26
2
3
14
5
2
4
188
29
1
3
1
3
2
115
7
2
1
1
25
3
29
4
48
16
31
13
6
23
1
24
2
6
24
4
1
26
2
7
3
21
7
3
10
11
2
2
45
2
8
2
1
101
1
46
1
7
2
9
3
1
20
5
21
6
13
4
2
1
84
1
49
1
7
8
9
7
1
69
79
1
2
9
1
1
2
29
2
9
20
1
29
6
4
4
13
23
13
2
14
1
4
2
29
5
2
7
36
32
38
41
42
276
4
4
4
16
3
38
11
1
2
34
23
6
6
1
23
6
1
25
2
3
15
2
16
1
12
23
2
12
27
2
33
12
1
4
2
1
9
34
1
2
2
22
39
30
1
1
2
7
1
5
7
1
1
3
1
14
6
8
6
1
46
4
1
1
67
12
2
2
4
3
91
11
2
3
1
17
4
19
16
4
259
4
2
1
1
18
4
3
73
2
12
48
3
5
37
2
43
1
1
2
2
38
4
11
14
2
3
4
1
10
9
2
25
2
3
4
5
15
16
2
12
1
53
6
2
9
1
2
4
5
26
4
15
4
3
15
3
13
36
5
107
3
8
6
4
8
3
5
1
2
4
1
13
3
49
28
209
2
22
1
2
16
38
66
6
2
1
2
5
34
15
2
41
41
12
3
2
2
14
11
1
4
4
2
6
18
7
3
2
1
2
8
2
4
7
4
2
3
4
133
223
9
2
5
1
5
1
6
18
1
1
35
2
17
33
2
2
1
1
41
11
16
7
49
18
1
8
55
65
2
1
1
96
3
4
3
60
1
2
19
6
1
71
16
2
1
6
25
1
12
5
11
3
2
15
4
39
9
4
3
2
2
31
3
6
6
25
5
24
13
2
3
3
8
2
2
13
86
2
5
8
18
14
244
1
23
7
43
2
5
3
223
3
2
3
2
4
1
3
45
5
3
47
1
6
8
3
64
4
2
13
2
37
10
2
13
4
10
1
5
1
10
10
20
20
3
86
1
1
40
2
2
39
259
1
10
4
2
1
1
49
18
6
1
32
16
9
4
4
6
3
1
1
1
9
5
2
1
1
17
1
8
2
5
1
4
15
1
3
2
2
11
7
2
1
7
9
7
1
13
8
3
7
2
14
2
1
2
1
11
2
1
1
3
38
1
9
31
5
3
30
1
2
17
11
1
2
81
59
2
2
6
3
2
3
2
5
5
4
2
4
7
12
1
18
3
6
6
29
5
16
26
6
3
43
3
1
36
1
1
24
1
33
20
2
131
1
104
1
6
3
27
2
5
3
12
2
2
29
3
1
3
65
1
5
4
3
33
2
14
1
15
1
6
5
4
6
33
11
2
7
9
15
48
5
1
45
1
2
1
1
2
86
2
1
6
1
2
5
29
1
19
2
18
10
10
2
10
4
2
3
7
1
1
6
7
11
5
4
8
3
46
1
2
30
2
3
225
14
2
24
2
5
1
1
46
16
2
2
1
7
2
18
25
2
55
1
3
9
1
4
7
2
1
7
90
4
1
2
6
2
3
5
1
21
4
10
30
25
3
2
4
76
1
2
1
20
3
72
32
6
2
2
15
2
9
3
17
7
1
17
1
2
1
56
18
1
3
16
1
2
3
1
4
1
6
2
3
1
8
7
55
4
37
52
12
14
1
1
2
5
26
2
2
20
12
1
2
2
3
3
106
1
28
1
16
82
1
8
2
5
9
3
3
1
8
3
11
96
1
7
1
18
14
3
43
15
15
3
9
4
8
4
95
4
5
3
2
11
2
1
2
2
11
16
3
64
3
2
62
1
10
2
2
7
7
15
12
4
10
6
2
1
2
7
7
4
2
16
1
1
5
11
1
2
2
26
5
1
11
2
9
1
4
22
17
2
2
7
7
3
4
7
7
4
4
3
2
4
2
2
3
96
2
5
3
7
5
1
2
5
3
7
2
2
3
5
2
1
1
1
29
2
1
19
2
6
7
2
15
1
42
2
6
2
6
11
4
9
6
2
3
9
21
13
15
2
8
19
8
2
23
7
1
12
1
13
1
22
10
25
3
4
1
64
150
12
8
14
5
25
1
1
1
12
18
9
4
2
6
4
10
3
1
204
1
10
21
2
2
3
34
8
4
18
45
1
2
7
3
10
21
8
1
2
174
2
2
3
15
22
1
126
1
7
5
2
5
2
20
2
11
7
3
75
5
2
25
3
25
6
28
1
4
14
21
4
2
1
44
1
1
31
2
12
2
5
37
18
52
6
3
6
23
7
4
7
4
12
1
32
1
7
17
1
50
1
3
4
2
2
6
5
3
2
8
4
11
21
142
8
8
17
5
6
10
22
1
2
2
2
11
61
7
14
6
22
55
1
3
2
17
2
31
56
21
3
40
5
1
8
5
11
7
35
5
3
102
2
29
5
22
9
1
11
4
12
9
9
13
12
8
21
32
20
3
6
5
3
8
4
2
5
2
5
1
8
2
12
2
9
15
4
1
3
9
1
23
2
24
7
3
2
2
13
1
8
2
7
1
3
11
3
3
23
17
3
27
4
2
8
4
7
1
33
4
12
2
1
12
7
3
8
15
2
1
7
3
1
7
1
17
1
6
34
13
2
5
1
6
42
4
4
5
2
1
39
53
7
3
22
67
8
1
1
4
3
111
3
1
15
21
5
3
6
14
2
3
24
5
3
3
3
1
20
1
2
21
4
7
11
2
1
1
62
28
21
9
1
2
19
22
6
1
4
7
2
3
6
14
3
19
3
3
1
2
1
19
3
5
10
1
9
14
4
5
17
10
1
1
16
5
2
12
1
8
5
1
17
10
269
13
2
8
8
1
11
8
2
1
3
2
1
8
2
27
13
7
2
1
3
6
4
2
13
1
7
12
1
3
3
2
4
54
110
5
1
39
5
76
1
4
24
1
15
5
7
7
3
8
1
50
28
19
17
9
4
4
6
5
11
6
115
6
6
10
7
4
32
25
28
15
33
30
5
1
4
45
7
12
15
20
23
5
1
6
44
10
22
50
2
100
266
29
4
2
12
45
22
29
2
3
16
3
18
14
63
9
1
2
84
14
13
2
13
5
49
21
4
27
2
12
5
31
7
1
6
1
26
55
3
14
8
48
8
22
22
49
7
2
6
24
12
86
6
119
16
95
78
88
8
14
2
19
