6
13
1
8
2
2
24
2
18
22
12
2
3
18
5
2
4
3
2
3
1
2
4
5
6
5
24
3
17
3
3
4
1
1
8
3
2
2
17
3
12
2
2
10
2
2
2
6
1
1
5
34
4
4
1
10
3
2
2
2
1
9
4
2
9
2
5
1
2
2
8
1
5
27
19
16
1
1
6
5
1
5
1
2
1
2
11
48
26
1
2
3
1
12
4
1
3
2
2
1
1
5
21
1
1
2
3
8
2
10
1
3
6
1
3
1
1
2
1
1
1
1
1
4
33
3
2
6
3
3
11
6
3
4
5
3
9
51
2
4
1
1
1
3
3
2
1
3
9
4
1
2
5
4
2
1
3
1
7
3
1
10
1
18
4
1
1
3
1
1
4
1
7
4
1
1
1
3
15
1
7
2
1
1
3
6
7
5
3
21
3
3
2
1
11
8
7
1
1
1
3
1
1
3
6
1
4
3
1
9
6
1
5
12
4
4
4
13
5
1
10
2
5
4
2
3
2
2
2
8
20
1
14
2
18
7
1
9
2
14
2
18
8
26
3
10
1
1
7
6
3
1
2
2
1
2
3
4
1
3
3
3
2
3
3
13
2
2
3
1
4
9
3
4
1
11
3
2
4
3
2
10
3
2
2
12
2
2
23
2
2
3
8
2
1
4
1
1
2
3
5
2
1
4
4
2
2
21
24
1
11
9
6
1
1
8
10
1
2
1
1
1
2
11
2
1
1
10
1
1
1
1
2
4
5
8
4
7
2
1
6
3
6
6
6
19
1
5
3
2
3
2
1
42
12
15
5
5
4
1
2
2
19
26
9
1
2
2
1
1
10
10
5
1
1
1
3
1
4
5
5
7
15
18
1
8
1
1
4
7
3
6
1
4
2
10
1
2
2
1
2
3
1
2
10
8
5
4
3
5
26
6
17
1
7
2
1
1
1
2
1
1
1
11
5
11
3
2
2
2
1
10
8
5
2
2
1
2
2
3
1
1
10
1
1
12
2
1
1
2
2
2
1
1
24
1
18
22
3
2
1
1
6
6
1
1
1
1
35
4
2
2
1
1
5
1
4
4
20
3
4
1
6
3
15
2
1
5
15
2
7
3
1
3
6
2
4
11
1
3
3
10
5
2
4
1
2
6
2
1
4
3
1
7
1
1
2
35
6
1
7
1
12
1
1
1
2
1
16
1
5
4
10
8
4
2
5
1
2
14
13
1
6
3
2
3
6
3
19
23
1
1
1
2
14
1
1
9
9
4
13
1
5
2
20
3
2
5
6
1
6
17
2
1
1
6
14
5
1
9
2
8
1
1
2
3
18
6
2
5
6
2
5
4
4
5
3
2
1
4
21
2
1
11
27
3
6
2
3
4
1
3
49
1
8
11
22
1
3
1
3
9
2
1
7
2
1
2
1
10
8
2
13
2
2
6
11
6
2
8
2
1
2
1
2
2
1
1
1
3
1
4
3
1
3
5
2
4
16
2
9
4
2
1
10
4
3
1
11
2
2
1
3
16
4
10
1
6
4
1
1
1
3
9
25
1
12
3
1
1
9
5
2
1
2
8
1
1
8
3
21
2
3
1
1
6
3
60
3
3
1
5
13
1
5
12
20
1
20
2
2
25
4
1
2
4
9
12
2
27
1
2
2
1
1
1
6
3
3
7
1
2
1
4
1
12
1
2
4
7
8
1
4
1
2
5
2
2
21
1
1
17
1
3
7
2
3
2
1
2
1
11
4
1
2
9
3
7
1
9
5
1
1
1
2
1
1
3
2
5
4
1
41
1
1
2
6
3
21
1
1
24
5
1
3
3
2
5
2
1
1
2
18
1
8
4
3
3
1
25
5
3
8
2
6
4
1
2
1
32
1
3
1
9
8
1
7
9
1
2
2
6
3
1
5
2
1
1
1
5
4
5
1
3
1
1
9
3
100
3
6
10
3
2
3
1
1
8
72
9
2
3
1
3
4
1
1
2
2
8
1
1
5
19
4
10
64
16
1
6
3
1
8
4
3
1
1
3
1
30
2
3
1
18
1
2
1
18
19
4
1
4
2
7
2
2
16
1
3
2
2
1
1
4
5
1
5
20
2
4
1
10
1
16
1
13
9
6
5
12
1
5
1
1
8
2
4
1
1
3
1
3
8
2
1
8
2
1
2
1
22
12
2
1
10
2
5
3
5
2
34
2
5
2
1
13
1
3
3
1
2
16
1
3
1
3
4
2
20
2
4
1
5
24
1
8
3
1
2
2
1
19
9
1
2
2
1
2
2
2
4
17
21
1
2
5
1
1
1
8
3
16
7
6
2
14
2
5
6
4
8
2
4
3
1
22
4
3
12
1
1
12
4
2
1
1
3
1
1
1
7
1
1
1
1
1
5
2
2
6
1
22
2
5
1
2
6
5
1
19
2
1
4
3
24
1
30
3
19
8
2
4
1
1
2
4
15
1
5
1
1
1
2
22
7
6
4
4
1
1
1
2
1
9
3
6
3
2
2
1
2
6
6
6
2
3
2
1
6
4
1
10
14
2
33
1
17
1
2
3
8
2
1
1
54
1
2
3
2
1
12
1
34
1
1
1
1
7
2
2
2
28
3
2
1
2
1
1
6
6
1
3
4
2
3
17
1
4
2
2
15
2
5
2
3
1
2
2
1
1
1
1
2
12
6
1
1
1
3
1
6
7
4
6
13
2
2
1
3
1
2
1
1
12
2
6
3
2
1
2
3
2
28
5
42
2
3
3
1
2
1
2
1
3
2
14
8
4
6
3
7
18
9
6
1
4
1
12
1
18
1
1
2
2
4
7
3
1
20
1
2
2
27
1
12
4
3
3
18
1
11
9
8
2
1
1
8
1
3
31
3
1
7
3
10
10
6
12
1
2
2
1
6
2
1
3
1
3
12
1
11
2
1
1
1
2
3
4
3
12
6
2
1
4
1
7
1
1
11
33
3
2
1
1
2
1
3
3
2
5
1
2
1
9
1
14
3
2
1
6
4
35
6
4
1
9
4
1
1
3
1
2
13
2
18
10
1
9
15
7
6
12
26
1
2
5
12
1
1
3
1
2
1
21
4
4
2
9
2
1
2
2
3
11
2
3
1
6
6
2
5
12
1
1
1
2
2
3
3
9
6
1
1
2
8
1
1
2
8
21
1
2
9
2
2
1
3
2
7
2
9
5
2
4
2
2
15
7
5
1
1
6
5
2
2
9
4
2
2
3
9
1
1
5
3
2
7
7
11
4
2
3
5
2
1
8
8
2
2
2
1
6
1
2
2
6
1
2
3
2
1
1
24
1
2
3
1
3
5
3
6
16
3
40
4
6
1
1
2
10
4
8
20
5
2
3
11
1
6
3
1
13
2
1
2
3
1
5
4
2
22
1
3
3
1
3
2
2
15
2
1
2
1
17
10
10
3
6
3
1
11
6
1
14
95
8
14
1
3
34
2
4
3
2
2
1
6
8
7
2
3
5
5
1
1
15
1
1
2
4
6
2
2
7
3
4
22
5
1
5
1
2
8
6
4
4
2
9
4
3
28
7
4
6
6
1
5
2
1
1
6
3
2
2
2
6
5
6
10
6
5
2
1
10
1
10
7
18
3
2
2
21
13
6
1
2
1
3
1
34
6
39
4
3
4
2
2
2
2
5
3
1
1
1
1
2
3
1
5
2
1
3
6
29
3
3
2
3
1
3
3
2
10
2
1
1
2
6
12
9
8
1
8
1
4
1
7
2
11
2
1
2
1
1
1
1
2
1
1
9
3
44
14
2
7
1
1
37
25
24
3
1
6
1
7
4
2
1
5
1
4
5
10
3
7
6
14
1
5
16
9
1
1
9
12
3
2
2
17
3
10
2
2
2
8
11
1
3
1
1
1
9
1
3
1
3
3
33
1
1
1
1
2
1
1
11
2
5
1
2
7
1
3
2
1
14
7
1
4
5
8
3
1
1
7
5
1
1
1
6
1
5
5
2
2
1
1
1
2
4
1
1
4
21
1
21
4
6
1
7
3
2
1
8
1
1
17
1
5
11
6
1
2
1
1
2
2
3
1
1
5
2
11
1
1
1
1
2
1
2
1
2
1
1
2
8
1
9
3
3
1
2
2
5
3
1
3
1
3
3
1
1
22
6
1
2
10
33
1
3
19
1
5
1
2
2
25
1
1
4
10
1
9
1
1
5
1
1
12
2
11
2
23
6
1
1
18
14
15
14
2
1
1
4
17
3
6
4
8
7
1
2
1
3
22
3
1
2
20
3
8
3
2
2
10
7
10
5
6
2
5
2
3
5
1
5
5
7
59
36
1
5
16
63
5
2
1
16
1
5
6
3
1
1
1
4
7
7
20
14
1
4
1
1
6
3
5
7
9
1
9
10
3
6
3
2
1
2
7
3
1
35
10
19
1
5
4
2
2
2
7
1
1
8
1
3
1
1
3
6
2
6
44
1
3
1
4
6
7
5
3
19
1
3
5
5
4
1
15
97
3
1
19
24
1
20
1
3
1
9
1
3
22
2
4
2
5
6
4
3
1
9
2
3
3
3
6
2
14
1
11
1
5
4
2
1
2
12
2
2
10
4
4
3
2
1
1
4
1
1
2
2
1
1
3
3
2
7
4
12
11
2
2
3
1
12
1
3
3
5
5
3
4
13
6
1
1
4
1
2
1
1
1
4
1
3
3
1
1
10
4
10
6
1
3
1
3
2
3
4
1
2
1
1
2
17
2
1
14
1
6
1
11
7
3
10
1
17
1
2
13
3
19
2
3
1
1
6
2
10
1
1
2
25
4
1
8
21
5
14
2
1
2
1
20
1
1
1
24
4
8
5
5
17
5
1
2
2
2
3
6
3
4
3
3
2
4
5
24
2
1
7
7
11
1
5
10
1
1
1
10
1
1
4
4
2
43
2
18
3
8
2
3
1
8
2
1
1
5
2
2
10
3
2
3
3
2
1
12
59
45
3
9
10
4
8
2
3
4
1
2
1
8
16
1
2
25
1
1
4
4
3
35
1
2
1
2
15
1
2
2
2
2
1
24
14
1
2
10
2
1
3
13
1
2
5
5
8
7
10
6
1
7
7
2
1
1
5
9
18
5
9
1
19
2
2
1
5
3
12
1
5
2
3
4
1
2
5
5
1
2
2
2
10
13
1
9
1
24
6
1
2
1
1
2
5
1
3
11
1
11
5
3
10
10
3
1
24
4
4
2
16
1
3
4
18
1
5
3
4
5
16
1
2
1
11
2
1
24
5
14
3
3
1
1
