1
4
2
1
2
3
1
3
5
1
2
11
2
2
9
9
1
6
11
1
7
1
1
26
4
4
2
12
3
1
4
1
4
15
1
29
22
3
1
14
2
1
4
2
4
9
5
1
1
15
1
1
8
1
3
11
1
4
18
15
5
13
1
1
1
1
22
7
3
2
2
1
1
11
1
8
3
20
5
1
12
8
1
15
9
2
10
17
1
2
6
4
2
1
1
1
10
4
9
8
6
14
4
1
2
1
2
4
16
5
12
1
8
20
2
2
1
1
1
1
10
5
1
26
5
2
2
1
1
2
22
4
9
10
1
6
1
5
9
2
2
2
3
22
1
1
14
10
3
17
3
8
2
2
3
5
4
1
2
4
3
11
1
1
2
1
2
2
1
2
1
3
2
3
5
3
3
31
2
1
7
1
1
1
16
2
1
2
2
1
7
5
3
6
1
2
17
32
1
5
1
2
3
2
5
2
1
1
1
11
9
4
4
1
12
3
16
11
5
10
2
13
5
1
1
1
1
5
10
3
13
2
20
1
5
2
1
4
1
3
8
1
9
1
1
30
1
2
1
6
2
1
4
1
2
8
17
2
2
4
6
11
1
5
3
3
3
23
3
32
7
1
1
6
1
2
5
1
21
19
1
1
1
1
16
7
1
2
6
4
3
1
1
3
2
2
14
2
11
3
4
4
4
2
3
1
3
3
8
3
1
3
1
1
1
12
2
11
1
6
6
1
1
8
1
7
2
1
2
3
5
6
3
2
3
2
3
1
1
2
14
3
4
1
1
1
1
11
7
1
2
31
3
3
4
22
1
9
6
2
1
1
1
1
1
1
3
1
8
3
2
2
1
1
3
8
2
1
10
1
2
1
2
8
10
2
21
1
1
1
10
10
1
8
11
1
11
8
2
2
8
9
2
6
2
1
3
11
5
3
8
1
3
6
1
2
3
7
12
27
1
1
6
2
3
1
1
7
2
4
13
4
2
16
2
25
1
2
1
28
1
3
42
14
4
7
28
5
2
21
4
11
10
2
2
1
6
34
1
1
1
2
2
1
8
2
1
3
2
1
2
9
79
8
2
3
5
2
7
3
13
1
97
11
15
12
2
4
6
3
2
2
2
10
2
2
4
7
6
2
5
2
4
3
11
1
4
1
2
15
1
1
2
1
5
2
2
14
6
5
6
1
4
4
1
1
4
1
3
26
5
23
22
4
3
1
1
2
1
3
8
6
4
3
1
1
1
7
7
22
1
5
1
2
4
1
2
1
16
3
2
19
1
3
1
7
2
2
2
1
1
4
3
45
4
3
3
2
2
1
8
14
8
9
2
1
18
8
3
2
3
2
2
3
1
1
4
3
1
1
1
7
1
2
1
2
1
2
3
1
38
32
2
1
4
10
1
5
2
1
1
2
8
27
2
3
1
9
10
3
1
16
1
4
3
5
26
9
8
1
22
3
7
1
8
8
4
1
2
3
4
1
1
1
3
2
3
1
6
2
4
14
2
4
11
11
2
1
9
1
30
1
2
2
1
2
4
7
3
4
2
2
12
1
3
4
10
1
4
1
1
6
2
1
5
15
17
1
2
2
6
1
4
1
2
2
4
3
2
6
18
12
4
4
1
2
1
1
1
4
1
2
1
1
1
3
6
2
2
2
2
3
1
11
8
1
4
2
2
2
3
34
5
1
2
1
1
20
9
6
5
4
3
9
8
1
10
20
3
4
7
2
5
1
1
3
9
11
1
2
2
3
2
2
8
2
4
1
3
2
2
6
7
3
13
2
2
2
2
1
1
2
2
2
1
13
4
2
5
6
1
18
5
7
1
2
2
1
13
9
9
3
1
6
4
1
5
1
6
1
8
1
2
1
1
1
1
26
2
15
5
3
18
6
9
1
6
1
2
2
12
1
3
4
11
2
14
2
7
6
3
4
9
2
1
8
41
5
1
3
3
18
2
1
1
2
5
4
1
1
3
2
2
6
2
8
2
1
2
4
2
4
1
12
2
3
1
12
4
1
15
5
4
4
3
3
3
11
2
1
4
23
29
12
9
11
1
13
2
5
19
1
2
6
2
2
4
6
2
2
1
2
1
6
9
4
1
3
1
2
4
1
3
2
10
15
10
9
1
4
2
2
1
5
2
7
2
7
2
1
1
1
1
1
5
2
10
1
17
2
7
4
1
3
2
21
23
4
2
12
9
11
5
1
2
2
8
1
1
11
4
31
8
2
2
1
3
1
2
2
1
4
2
1
3
1
3
5
1
5
1
3
4
2
6
11
2
1
10
8
5
12
8
15
3
3
10
1
1
16
7
2
1
3
1
2
4
3
1
5
2
1
2
2
8
1
14
4
11
7
5
3
13
5
21
15
1
2
11
1
6
6
10
3
2
6
2
1
46
2
16
2
5
5
40
1
3
1
1
15
10
2
3
2
3
1
3
1
4
3
8
1
4
4
1
12
1
7
6
8
2
18
2
5
3
1
1
4
1
1
4
1
1
2
1
2
2
1
1
100
1
4
