1
3
28
1
1
2
14
1
2
23
8
5
2
4
1
1
2
1
35
37
20
3
1
3
2
20
9
1
3
2
2
3
1
7
8
1
4
1
32
1
8
7
5
1
1
3
1
3
40
1
2
7
4
1
1
4
1
1
6
7
3
4
1
1
2
21
4
7
62
6
42
6
2
6
3
1
4
16
2
3
1
1
10
2
30
34
17
36
13
6
1
40
7
3
4
5
22
2
16
8
1
2
2
1
2
2
41
1
25
11
1
11
1
10
19
10
27
3
5
1
9
2
5
1
6
6
1
2
2
1
1
4
3
2
1
29
7
1
10
4
1
2
2
2
7
18
41
4
7
1
5
1
3
14
21
2
1
2
2
12
1
9
33
7
7
12
6
1
1
35
6
1
1
2
2
3
1
16
1
22
29
6
1
1
6
4
3
10
14
2
61
28
21
8
14
28
1
3
2
71
1
2
1
17
16
7
4
2
3
1
1
11
2
9
1
2
6
5
11
4
3
1
1
1
2
5
7
3
12
1
1
14
1
1
3
7
2
4
9
10
50
13
9
20
1
10
32
1
26
6
4
3
1
1
2
1
7
47
16
1
2
1
8
1
66
6
11
22
23
1
1
2
4
12
2
2
1
4
1
2
6
32
2
27
7
3
3
34
1
1
4
3
6
53
5
1
1
23
19
2
37
4
8
28
6
4
1
41
1
29
1
1
1
11
3
3
1
8
2
9
2
1
2
1
3
7
9
11
1
27
3
1
11
1
1
10
2
6
1
1
11
1
3
3
3
8
2
5
2
1
3
5
4
4
23
1
4
7
10
6
1
3
5
3
26
13
2
14
2
2
3
1
4
2
2
1
2
4
1
14
3
2
2
6
7
4
2
1
1
2
4
1
8
7
1
4
1
1
2
14
1
2
2
1
1
23
2
3
2
9
3
7
2
2
24
14
4
34
14
3
12
27
2
1
5
1
10
2
16
71
2
4
1
1
3
2
3
48
25
60
1
1
10
2
1
2
1
21
4
3
2
1
5
3
8
1
1
20
4
2
14
7
13
8
37
1
7
3
3
1
2
1
1
4
10
2
2
4
1
21
4
6
13
30
2
3
61
6
2
3
5
3
13
2
18
5
3
16
6
3
6
2
3
1
3
2
2
2
6
1
5
2
5
3
1
39
43
12
2
4
1
7
1
22
2
2
16
3
7
2
13
3
16
7
2
2
1
15
3
1
14
4
2
1
16
1
5
5
3
45
4
2
10
9
1
3
1
1
1
2
3
2
6
11
5
40
11
2
7
2
10
34
4
4
14
10
11
44
2
3
29
1
9
2
1
7
3
71
7
34
4
2
1
72
65
5
1
2
10
4
2
5
3
1
5
61
9
15
10
8
5
2
6
12
16
23
1
17
2
8
7
1
2
1
3
3
3
1
49
1
2
1
1
5
6
13
12
3
2
18
1
1
2
7
44
5
1
2
8
6
34
1
12
6
4
1
2
1
7
57
2
17
4
2
1
3
6
2
4
2
3
10
22
2
1
5
4
1
18
3
1
3
3
4
5
6
2
1
1
54
1
5
1
2
1
33
2
24
2
14
3
7
1
3
1
6
11
1
1
3
1
1
18
1
29
17
11
27
5
20
1
23
52
10
3
19
1
4
13
34
10
1
7
1
4
17
2
3
2
1
4
4
1
2
7
2
2
3
3
1
2
8
1
49
3
18
1
8
2
2
1
7
45
2
2
7
4
2
2
2
2
1
19
33
4
11
29
16
1
3
5
2
5
1
2
8
4
7
6
5
7
4
1
44
3
18
8
7
2
5
9
9
12
1
7
2
32
5
6
3
10
3
2
3
1
37
4
2
68
6
3
1
1
2
13
7
2
1
1
1
1
2
5
1
2
5
22
2
14
3
6
6
6
22
13
1
2
7
6
1
3
5
1
56
2
4
8
23
11
13
18
2
1
2
1
4
1
2
1
2
11
2
1
5
2
3
17
13
22
1
5
13
5
19
28
4
1
28
3
5
6
3
7
1
2
5
2
1
10
22
35
6
1
28
8
31
1
6
10
7
1
4
1
8
2
1
5
31
2
12
7
1
22
3
3
5
5
20
6
1
6
1
7
8
2
3
7
7
30
1
6
2
4
33
4
1
3
4
3
7
2
33
3
2
2
11
1
1
1
11
18
2
2
11
2
13
1
1
13
5
1
1
2
2
31
6
1
3
69
2
4
2
17
7
1
15
3
5
10
9
2
8
1
1
1
11
1
3
1
1
37
1
2
1
2
2
1
9
2
3
2
2
59
5
22
5
14
2
1
7
13
1
1
6
6
3
5
2
1
5
2
5
4
14
7
18
3
5
4
31
2
55
3
2
3
20
3
5
1
3
1
1
6
7
3
2
6
5
29
17
2
17
3
20
6
22
2
8
13
3
1
8
4
2
1
1
5
23
5
3
24
9
1
1
55
2
9
80
9
1
5
21
2
49
2
1
23
4
9
12
8
5
2
3
84
5
44
1
1
2
1
10
1
5
1
3
2
1
1
12
33
35
1
6
4
1
5
1
3
10
1
6
1
5
3
23
3
1
3
43
1
2
35
2
4
5
1
4
3
6
14
1
1
2
2
3
6
6
3
35
20
1
1
2
5
32
1
6
20
1
20
2
1
8
14
2
2
27
9
73
59
5
4
3
1
19
38
2
10
8
1
5
2
3
2
47
17
2
1
3
40
5
14
6
5
2
9
9
3
27
11
4
1
10
3
1
1
3
7
2
2
68
7
5
2
19
5
19
5
9
6
2
2
1
1
22
2
11
7
36
2
1
17
4
2
43
1
7
1
6
2
7
9
11
26
2
22
21
1
2
3
47
3
15
6
3
23
34
10
1
28
1
7
2
4
1
1
6
27
3
4
1
13
5
4
1
2
5
2
4
66
17
8
8
5
8
27
1
2
10
5
27
1
10
6
13
23
3
34
3
13
2
2
2
3
21
4
6
5
1
10
15
6
11
8
2
2
12
19
3
2
1
1
8
1
1
7
12
7
15
2
5
5
4
13
1
3
2
6
1
7
3
44
1
2
2
2
4
2
1
14
1
1
4
1
5
2
25
4
4
2
2
39
30
27
1
31
3
60
4
6
2
2
2
15
3
4
8
5
2
27
2
1
2
6
1
15
2
2
1
1
4
2
44
19
2
1
6
7
23
1
2
7
10
3
2
1
2
4
18
30
2
4
3
18
11
24
2
2
1
1
6
3
13
5
9
4
3
1
4
2
1
2
1
2
59
6
6
7
1
1
9
1
5
2
75
2
3
1
5
4
2
1
2
2
5
29
52
5
1
7
1
1
6
2
28
4
1
4
22
1
4
19
2
2
6
1
18
1
10
3
14
6
17
2
36
3
1
16
1
2
1
1
3
24
13
1
1
3
1
2
6
1
3
6
1
27
29
9
54
6
4
3
8
9
52
11
2
7
1
3
20
17
3
1
13
76
4
1
2
7
21
3
3
2
2
29
9
12
2
18
1
3
1
1
42
1
1
2
13
1
5
8
1
21
13
1
2
1
29
1
15
14
2
18
1
2
9
2
28
2
11
11
2
4
3
8
3
3
1
5
6
7
3
2
2
6
1
2
4
12
5
1
7
3
9
1
30
8
23
12
21
23
1
6
43
3
4
3
82
11
7
5
14
6
3
1
5
1
42
1
1
4
5
7
3
2
4
3
9
4
23
10
3
1
9
3
13
4
73
5
1
3
1
3
4
6
2
52
9
14
1
2
6
2
1
19
3
12
1
8
9
2
7
2
2
2
1
6
5
3
6
2
10
10
1
8
7
2
8
1
6
2
16
2
14
16
1
1
5
2
13
2
2
6
1
2
12
26
2
2
1
30
6
7
1
9
3
3
2
7
1
3
45
3
13
12
13
20
43
5
17
12
2
6
4
2
3
2
56
4
10
1
30
39
16
1
5
4
2
1
1
2
16
7
7
2
5
55
8
1
3
3
3
4
2
1
1
1
2
1
35
45
7
36
3
1
2
5
1
6
1
22
3
16
31
6
36
10
10
2
2
1
27
7
3
10
1
3
1
13
1
2
2
2
5
9
6
2
3
1
5
45
2
16
2
1
4
8
13
16
11
14
2
6
2
6
6
61
20
2
9
11
10
4
7
1
1
1
7
79
23
2
3
43
3
26
1
4
8
6
29
11
3
12
7
4
14
12
2
9
1
5
3
8
4
2
2
4
13
1
3
3
10
28
1
4
29
1
1
1
6
3
9
7
55
5
30
2
11
4
21
1
21
5
4
2
3
15
4
1
3
1
1
7
1
2
21
5
9
2
1
1
1
6
2
6
2
2
18
3
1
23
2
4
1
3
45
5
3
2
1
2
2
4
2
2
1
24
37
16
7
2
2
6
8
4
12
1
21
11
8
21
3
9
2
4
2
8
2
5
1
6
20
2
4
2
3
4
9
1
9
2
2
5
15
71
2
2
2
29
23
5
3
3
5
1
9
2
4
1
1
45
2
15
2
1
7
1
3
8
8
33
3
11
32
9
12
2
2
1
4
1
2
4
6
5
1
3
68
43
2
2
1
5
2
3
2
33
3
11
1
1
8
2
5
3
1
3
3
2
2
3
2
8
2
1
3
9
11
2
7
6
2
4
12
10
1
1
5
5
38
31
10
3
1
15
2
15
9
1
13
1
1
1
13
7
3
2
19
18
11
1
7
22
1
4
4
1
2
7
9
8
10
23
5
2
8
1
9
1
4
1
1
3
4
26
2
3
6
6
3
2
2
3
9
4
1
25
20
26
3
14
9
3
2
3
23
1
9
3
5
4
1
2
5
1
32
1
1
1
2
4
5
1
1
8
17
1
26
5
8
20
4
1
1
24
1
3
5
2
5
3
14
21
2
27
2
4
3
1
15
18
17
32
1
2
8
26
2
2
1
2
5
11
1
4
17
7
2
48
1
3
5
8
7
1
12
6
2
2
11
24
2
23
9
2
5
17
1
1
3
5
3
4
2
3
4
11
2
2
1
5
3
69
28
11
4
2
10
8
4
5
5
1
3
3
18
1
1
1
5
2
1
10
1
5
5
20
13
5
2
2
1
10
12
77
3
5
2
2
1
1
20
53
11
1
4
3
5
1
2
64
16
8
10
14
1
5
7
28
7
12
1
8
1
1
1
1
6
8
4
2
1
3
3
3
1
2
2
14
9
2
21
14
10
2
1
16
6
3
1
1
16
62
41
25
2
1
9
11
2
9
41
7
1
19
26
2
9
2
2
4
1
9
2
6
3
7
1
5
1
1
4
15
8
12
2
1
3
1
2
12
2
40
3
1
2
1
2
10
4
9
2
1
10
5
3
2
1
13
2
11
23
3
1
39
8
11
2
3
11
50
22
32
1
1
8
1
14
3
1
3
39
22
5
19
3
21
2
1
10
1
8
2
1
21
12
3
16
2
14
4
3
18
5
