4771
3851
3443
34
1908
67
211
28
4371
54
171
12
1256
153
17
53
4952
2
584
1660
209
6
4139
1917
12
1
87
3022
3068
4691
1335
822
983
58
1493
4522
1270
59
276
3207
2777
1344
8
10
8
2073
1103
1108
1780
4229
4504
1
1940
2340
4427
184
4542
18
3700
3492
1679
86
2274
1929
3459
2118
2055
1103
1759
93
3399
3238
660
262
1437
1608
317
2974
299
2712
718
3628
1214
1002
7
10
439
1290
3121
20
191
361
800
1618
1570
1854
1922
2889
964
4698
1595
3794
2
1650
131
979
4291
1095
4877
184
4712
2138
1
130
12
3000
789
986
82
108
32
4965
2045
1072
3218
989
1483
1955
2788
5
52
3641
36
115
510
31
3978
2302
2300
24
4965
1212
3552
4367
5
3107
129
1748
3701
1456
1279
68
254
3175
2327
9
120
2737
502
1754
2441
2326
1895
2995
2943
654
4404
741
104
1285
383
4168
3965
2651
917
3961
2277
129
43
556
4652
3014
545
1654
4386
2491
1463
40
317
1683
2598
233
3156
5
1951
2807
4369
3008
3197
3167
14
8
3047
1529
15
2968
757
4
48
2089
74
521
1109
2925
2874
4932
3684
1793
69
2153
1545
1487
129
3961
1
363
87
917
1329
1614
6
15
1
1412
3
1885
765
1505
1920
3365
840
2196
194
2026
746
1775
282
3364
260
769
3432
2
1179
524
1321
348
211
1294
1170
4052
832
3107
4186
4972
3294
81
4596
1471
4020
2653
1790
13
3059
454
1002
23
910
4342
4142
117
231
3512
1478
32
4034
1086
3399
16
1847
1474
8
2847
1
52
200
615
1342
870
83
4967
23
3042
4302
3341
336
1803
27
719
3173
106
4372
1165
3114
848
618
1551
3415
989
1582
63
154
3500
15
1310
3
2646
1173
4577
512
2044
658
21
2476
255
4419
214
2514
3228
4657
164
4702
1643
2109
324
1321
2396
2993
16
1
3438
495
142
3329
154
2508
1406
2
1946
3565
4264
624
1812
1894
2584
7
2130
2951
1456
2946
2113
615
2102
826
4836
4679
3216
1246
4035
940
635
208
2078
2533
4186
3848
47
1858
2
11
5
1929
3378
3
3809
1
2970
2107
3194
1513
1661
2962
3860
2
56
1169
2279
85
3216
1620
35
3
7
2239
1111
808
2598
2543
5
146
3199
2715
724
2
1572
543
705
2070
4
52
158
2016
46
2583
1526
2
4346
12
205
986
1573
414
1485
1086
2379
4629
2247
4974
76
296
9
329
3419
2886
1163
2137
988
1180
70
3688
1746
4491
1
4035
3967
31
1131
3290
5008
54
382
3581
3166
133
2
8
13
431
2639
18
2390
2590
2434
854
48
3
1134
1
1739
12
728
2988
3695
308
999
8
3307
14
1389
1693
2298
4
604
6
1414
737
13
2355
293
4592
328
1653
18
979
3
2401
219
1218
18
17
230
4620
6
1432
1691
2401
1978
2695
474
2067
2324
85
291
1746
2445
1
2744
13
3484
4750
189
1910
1282
138
84
4162
159
4452
2164
2677
10
8
1299
2279
1
35
3138
2327
1575
2428
2589
3220
2412
170
3911
2718
18
2046
18
3112
1340
765
1814
303
654
801
3100
2
2917
231
501
2625
983
928
2013
2
1461
1920
1698
2557
3524
1355
3371
4862
2508
2518
163
1496
3820
248
2002
1193
4
2319
106
2364
2890
122
14
103
349
18
3355
3329
1404
1415
1968
2218
2702
1281
1865
1360
1317
7
1097
123
2055
102
2743
66
2996
3438
15
18
28
4749
1543
1
2825
11
1039
1
1932
3119
2580
1489
1162
511
1405
152
2659
1054
2
611
447
361
2612
961
866
448
4048
229
1777
2
660
1516
347
1145
1121
3080
35
1356
1
3006
3060
3608
3172
627
1478
3066
2
4702
59
1878
1096
4765
4682
62
3019
2074
