1
1
1
1
1
1
3
48
1
1
1
1
1
1
70
1
1
4
1
163
373
57
35
13
345
3
1
2
13
426
172
34
1
24
1
3
735
1
1
1
5
38
3
7
3
1
370
248
3
1
817
1
11
1
1
1
1
3
2
2
1
164
2
1
1
29
101
1
1
2
2
2
101
3
1
1
1
1
2
15
3
1
2
1
1
1
1
53
10
1
3
2
1
2
1
2
11
63
1
14
3
1
4
7
3
3
4
1
1
2
7
60
14
12
53
14
1
2
1
1
1
31
21
1
1
35
1
1
4
10
85
32
2
1
1
32
2
1
2
7
2
2
2
3
1
686
2
1
1
10
1
9
95
2
4
1
3
1
63
4
1
11
1
5
1
1
92
107
18
4
8
1
1
4
6
8
45
11
1
195
4
1
1
12
42
13
15
3
2
2
1
1
1
1
1
5
1
3
3
1
1
52
5
1
198
2
1
1
109
3
2
2
1
1
4
10
2
1
1
6
2
50
1
2
3
1
1
36
6
1
37
2
1
1263
7
2
1
1
1
15
1
1
152
307
4
40
35
1
6
2
16
3677
326
26
44
1
1
1
1
1
21
1
1
2
129
1
7
1
5
31
1
75
1
2
1
8
1
45
4
3
4
136
1
347
1
1
3
1
1
1
3
18
21
3
13
1
1
10
1
1
8
6
17
36
4
13
1
1
1
1
178
1
13
1
1
1
1
1
839
1
1
1
1
1
1
1
1
13
1
1
1
1
2225
1
1
1
1
1
1
1
1
1
751
1
1
1
1
2
688
2264
1
1
2
1
1
1
1
1
1
2
1
1
2
1
1
1
2
3
1
9
1
2
11
6
1
1
3
1
7
43
92
1
1
1
1
1
3
1
1
3
1
3
2
7
1
1
2
4
1
1
1
50
27
1
1
3
3
6
4
1
1
8
12
4
26
1
1
1
3
3
2
4
1
15
16
1
62
1
1
1
1
1
2
1
1
1
10
2
19
24
3
10
2
1
8
2
3220
2
2
1
1
1
16
2
2
3
31
4
1
6
1342
1
1
1
1
1
2
2
1
1
1
440
1
1
1
1
16
1
1
1
6
7
1
1
5
1
2
3
1
1
3
3
9
1
3
3
3
2
4
3
2
2
5
1
1
8
3
1
1
1
1
1
1
1
1
3
3
1
1
1
1
4
1
13
154
2
1
17
2
21
1
5
1
16
1
1
1
2
6
4
1
3
2
2
10
1
3
1
1
1
1
964
3
27
5
14
1
2
1
6
1
1
1
1
2
28
6
2
1
1
7
1
1
2
66
2
5
4
1
706
1
1
22
1
1
2
1
1
2
1
16
1
1
1
1
1
1
1
2
1
2
1
1
1
1
1
1
1
2
23
1
1
2
2
1
2
1
1
2
1
17
230
1
1
1
1
2
1
1
1
2
1
1
3
1
1
1
1
6
2
1
3
2
2
4
1
1
1
10
6
3
1
3
1
5
43
3
64
4
236
2
40
11
2
2
1
115
4
1
146
1
2
14
13
3
1
2
7
1
1
1
694
1
1
1
1
1894
3
19
3
1
1
1
12
1
1
31
1
1
1
287
1
1
1
3
5
2206
316
2
3
207
5
9
1
271
1
1
6
3
1
1
3
3
2
1
3
1
1
1
1
2
1
1
1
2
1
1
2
1
1
1
1
1
1
1
8
15
420
1
1
2
1
1
1
1
41
7
35
1
11
496
49
14
40
13
200
5
20
84
66
219
92
70
223
1
1
400
1
355
16
157
6
408
7
2
5
1
2
2
2
5
14
3
1
1
1
2
125
3
1
1
4
1
7
6
3
1
5
3
17
1
89
1
6
1
6
2
1
1
1
1
1
37
5
5
427
1
2
195
1
1
1
1
1
74
4
1
1
7
1
1
1
1
1
1
3
1
1
1
2
5
1
730
22
5
1007
1
1
1
1
1
1
1
16
104
2
1
1
8
1
458
1
1
1
14
1
1
1
2
1
1
16
1
95
1
1
1
101
32
213
1
1
21
3083
104
170
168
1
1
1
1
1
2
1
3
1
13
1
4
22
1
385
1
1
11
16
1
3
4
6
359
43
1
1
1
13
4
5
1
3
2
1
1
1
5
2
41
1
4
3
1
1
3
5
1
1
1
1
1
2
1
1
1
50
1
1
418
1
2
24
4
4
1
1
2
2
43
35
1
1
1
20
4
36
7
138
296
136
1
6
1
1
1
4
54
98
1
521
1
1
1
2
7
1
1
1
2
1
1
1
2
2
1
1
3
1
1
1698
1
2289
7
5
5
1
4
1
1
6
1
2
1
1
1
1
1
8
213
803
1
4
16
1
2
1
539
1
1
1
1
1
69
8
1
1
1
1
1384
2
1
1
1
1
1
1164
1
1
1
1
3
1
873
1
2
2
2
1
1
1
1
1
5
2
1
15
1
9
2
6
1
1
1
1
2
1
1
1
1
1
1
3
2
1
1
1
4
1
1
1
2
1
45
2
1
2
1
1
1
1
1
1
1
1
232
5
1
1
1
1
1
15
3
3362
9
15
1
3
2
168
1
1
1
9
20
3
1
1
3
10
2
1
2
1
6
1
1
2
3
1
1
1
22
30
1
1
1
1
1
1
1
3
1
1
2
1
1
3
1
1
1
4
1
1
2
45
41
3
2
92
1
1
1
7
1
1
1
84
3
2
1
22
160
64
9
2
218
57
6
1
1
1
6
1
1
4
1
20
1
1
6
1
1
3
1
6
7
1
3
32
4
5
2
5
19
8
1
5
1
1
1
37
44
2
1
3
1
1
40
5
7
2
6
6
18
18
8
3
3
8
6
1
2
6
4
4
1
1
5
10
23
1
1
2
1
2
4
2
8
1
1
1
1
2
1
3
2839
1
2
150
3
3820
1
703
6
6
1
1
3
2
2
5
1
16
1
8
29
2
1
2
6
1
1
2
1
1768
1
1
70
1
1
7
1
11
3
5
3
1
2
2
1
8
3
9
1
1
1
1
119
1
4
1
5
4
2
1
16
1
2
23
4
1
4
1
1
1
1
1
1
21
1
4
2
279
1
15
1
3
34
1
35
96
16
12
2
1
1
45
5
1
1
1
2
1
2
2
7
2
3
1
67
2
4
2
14
20
6
1
8
1
1989
140
198
37
12
1046
84
202
1
1
1
1
1
1
5
2
6
2
1
1
11
12
189
18
1
1
2
55
1
1
9
230
2
153
10
1
1
10
4
1
2
89
2
1
2
1
1
1
14
336
1
5
1
1
10
1
1
2
1
5
88
1
1
1
2
1
3
7
1
1
1
1
2
1
3
1
1
1
1
1
11
1
3
2
1
1
1
2
1
1
1
1
3
1
2
1
2
1
6
6
1
1
2
1
2
9
1
4
1
1
1
1
1
1
1
1
1
1
5
8
3
1
1
1
1
8
3
1
4
1
1
1
4
1
1
3
1
1
1
1
1
7
1
4
1
4
1
1
1
2
1
1
1
1
1
1
1
1
1
1
1
2
3
2
8
1
1
1
4
6
1
3
1
1
1
2
1
1
1
1
2
1
6
3
1
4
1
4
9
7
10
11
1
1
1
1
1
2
1
4
1
2
2
1
2
1
1
1
1
1
10
5
6
1
6
1
1
1
21
458
1
1
11
1
24
1
1
1
3
6
1
1
2
1
1
1
2
1
4
1
1
2
2
1
4
1
1
2
39
1
2
2
2
2
1
1
2
1
1
1
2
1
2
2
1
2
11
2
1
3
2
2
1
2
2
1
1
1
1
1
1
80
2
1
1
1
1
529
1
1
13
2
164
138
1
1
4
1
3
1
1
1
7
2
1
22
1
2
2
2
1
1
110
2
1
1
3
89
14
2
1
8
1
1
43
3
1
1
3
1
3
2
29
4
6
4
11
1
1
3
1
1
1
1
1
336
1
1
8
3
1
17
1
9
1
2
1
1
1
5
53
402
70
1
153
1
1
56
1733
36
2
36
443
33
1102
216
430
1
1
1
1
2
1
136
1
1
1
1
1
4
2462
1
779
2
1
1
1
7
1
28
6
2
1
2
1
2
1
1
1
4
9
4
3
2
1
1
3
1
1
494
4
22
23
1
3
10
10
3
28
1
142
1
4
3
2
1
1
3
11
1
5
10
2
1
25
3
1
1
2
1
1
1
94
15
2
1
265
1
2
1
1
1
1
1
1
1
2
1
1
1
2
1
1
1
1
3
1
1
1
1
3
3
1
2
1
1
1
1
1
1
2
1
1
2
1
2
1
1
2
734
3
3
407
2
1
1
1
15
1
1
1
1
1
2
1
1
317
1
47
5
1555
1
2
2
3
2
1
12
1
2
1
1
2
1
1
1
1
1
32
1
2
34
6
1
1
117
1
9
2
1
3
1
28
67
260
1
1
2
4
1
2
1
1
2
1
1
1
1
1
2
1
10
1
3
4
1
2
2
1
1
2
1
4
1
1
1
1
2
1
6
1
2
3
1
1
4
1
2
1
2
1
1
27
2
1
8
1
1
1
1
8
1
1
1
2
3
1
7
12
2
1
1
2
2
1
1
1
1
1
1
8
1
1
1
6
1
1
3
2
6
1
1
1
3
1
3
1
10
7
2
1
1
2
3
12
2
1
13
1
1
1
2
5
73
8
3
8
5
5
18
31
2
3
2
31
3
3
1
2
2
7
4
1
3
1
1
1
2
1
1
9
20
3
3
3
3
1
1
21
2
1
4
2
5
5
1
1
1
1
30
3
3
1
4
2
367
1
5
1
1
1
1
1
3
1
5
1
2
1
1
1
4
4
7
1
1
2
1
6
1
4
1
2
1
7
1
3
3
1
2
1
2
7
7
10
4
3
6
1
1
1
11
1
1
1
1
1
1146
1
1
1
1
1
1
2
2
1
10
7
39
1
2
1
2
3
1
1
1
3
1
1
2
1
3
1
1
1
1
1
1
1
1
1
1
1
821
2
1
1
1
1
2
1
1
1687
4
1
1
1
1
1
1
1
2
3
2
6
10
1
11
1
1
1
1
1
1
1
1
1
2
2
1
3
2
3
1
2
1
1
4
2
1
1
2
3
1
1
1
1
1
4
1
619
7
2
1
1
3
1
2
1
4
1
1
3059
270
1
2
2
43
1
1
1
6
1
7
1
1
1
2
6
1
3
1
1
1
1
1
1
3
4
2
1
4
1
1
1
1
2
3
3
1
1
1
2
4
1
1
2
2
1
3
3
3
1
11
1
1
9
5
2
3
1
1
24
10
4
1
1
24
2
1
1
4
5
1
60
3
2
2
9
2
20
1
2
3
1
1
1
2
1
85
1
787
1
3783
1
1
4
1
1
1
1
1
1
43
1
12
3
1
3
1
1
14
1
1
7
1
25
12
13
1
1
1
2
1
3
10
1
342
3
58
1
64
1
90
17
119
30
107
62
1
6
4
2
54
3
2
2
157
1
1
1
1
21
3
1
2493
1
4
2
6
3
2
1
1
2
1
4
1
9
3
2
1
2
1
2
9
1
2
7
8
10
32
1
1
3
3
3
3
2
1
11
1
3
1
3
2
2
3
81
8
1
3
1
1
3
4
1
2
1
2
1
2
20
2
1
1
1
9
105
3
1
1
1
1
1
1
2
1
1
1
2
1
1
13
1
1
9
4
4
1
20
1
1
36
1
1
1
1
20
11
1
9
1
2
7
1
3
1
1
1
18
53
2
1
3
3
62
424
47
13
1
1
1
3
4
1
3
1
2
1
1
1
1
1
4
1
1
1
1
1
1
2
1
1
1
2
15
2
1
2
1
1
2
1
1
1
1
1
1
2
4
3
4
2
1
5
1
1
19
1
1
1
2
1
1
19
1
4
1
115
2
1
1
1
1
2
1
1
2
1
670
1
1
1
2
1
1
52
2
1
2
2
3
1
1
1
1
476
1
3
3
3
1
1
176
1
1
1
1
1
1
7
1
1
4
3
2
1
2902
1
2
1
1
1
1
2
1
1
3
10
2
2
1
3
2
1
1
35
771
1
4
1
1
1
1
6
120
1
1
1
5
2
1
3
1
1
1
298
1
1
1
1
3
1
7
1
1
1
1
1638
1
13
1
2
1
2
5
1
1
1
2
1
1
1
2
4
1
1
2
8
1
381
1
1
10
1
1
1
1
1
1
1
1
2
1
1
17
1
1
4
1
1
1
1
1
1
1
1
2
1
1
1
1
1
1
1
1
1
1
1
2
1
1
1
3
1
1
1
2
1
1
1
1
1
1
1
1
1
1
1
2
1
5
13
19
50
12
1
1
1
2
1
1
1
2
1
1
4
1
1
1
1
1
1
3
1
1
1
3
1
1
12
3
3
13
10
34
4
2
1
1
21
3
1
26
1
3
1
1
1
1
1
1
1
1
1
2
2
1
2
3
2
2
23
9
3
22
1
10
18
3
4
7
3
3
3
7
9
1
1
1
5
1
1
1
23
1
33
1
1
2
2
3
1
10
2
1
1
1
1
1
20
1
1
2
1
1
1
2
1
1
1
1
2
9
2
1
4
1
1
3
1
1
10
1
3
4
203
15
2
23
2
11
2
1
2
3
10
2
1
7
4
2
30
14
2
1
6
2
1
1
1
1
893
1
18
37
23
14
1
1
3
3
1
9
2
4
5
2
2
7
2
1
23
1
1
2
55
1
1
1
1
2
2
2
11
2
1
4
1
1
1
21
1
2
2
480
21
8
1
8
7
1
1
10
5
2
1
1
1
2
1
1
1
2
1
1
1
2
2
1
1
1
8
1
1
1
1
2
1
1
1
1
2
2
1
1
1
2
1
1
1
4
2
1
2
1
1
1
1
1
1
1
4
1
2
1
2
2
1
1
3
1
2
521
1
2
2
1
2
1
1
3
1
1
1
1
1
1
1
3
1
1
1
2
2
3
3
1
1
1
1
2
2
1
14
1
1
2
1
1
2
1
1
1
38
190
6
2
1
2
3
2
2
1
1
2
2
1
3
3
1
1
2
229
18
1
1
4
2
4
1
1
1
1
1
1
1
1
1
1
6
2
2
2
1
3
1
1
1
1
1
135
34
2
267
7
8
1
1
55
1
1
149
1
752
2
1
2
1
1
3
1
1
388
1
5
4
1
1
1
1
1
2
1
1
5
1
3
1
1
2
1
1
1
2
3
1
2
2
1
2
1
1
9
1
2
1
1
1
1
1
4
66
2
1
7
1
1
1
1
4
1
1
1
9
6
1
3
2
1
2
1
1
1
2
1
1
1
1
1
1
1
1
1
1
2
2
1
1
1
1
1
1
1
1
2
1
1
1
1
2
3
1
190
3
1
1
1
2
2
2
3
1
4
3
11
1
1
1
64
144
1
1
2
6
1
35
6
90
1
16
2
116
28
1
1
4
1
1
655
1
1
4
1891
1
1
1
1
1
1
1
1
1
2
2
1
1
1
2
9
1
1
3
4
4
33
11
1
1
1
3
1
3
2
1
2
1
1
9
1
5
2
11
27
4
7
3
14
76
4
16
3
51
3
50
1
3
45
1
1
10
1
8
12
4
9
4
2
1
9
183
1
16
20
6
22
1
34
1
80
73
4
8
2
142
93
246
11
1
8
37
16
7
1
76
20
9
3
4
29
1
43
11
2
1
3
13
1
3
9
1
1
2
1
1
26
1
4
5
40
3
1
1
2
2
1864
1
1
1
90
2
28
25
1
14
30
11
8
1
1
14
12
226
7
2
3
4
1
1
1
4
2
329
2
1
3
1
1
1
1
6
1
9
2
5
3
5
2
1
6
1
1
1
1
1
3
3
1
1
1
1
1
145
1
1
1
1
1
19
1
4
2
2528
1
2
1
2
1
1
1
15
2
138
2
2
8
9
38
5
2
1
2
142
12
2
4
198
1
1
2
14
1
1
8
80
33
21
13
16
1
73
1
1
1158
42
1
2
1
2
337
2
1
1
1
1
1
2
1
1
1
1
1
1
1
1
1
1
175
1
1
1
1
1
32
1
5
7
1
2
1
1
1
1
1
1
1
1
2
4
74
1
2
172
1
2
1
2
2
31
33
329
3
2
10
4
72
8
21
1
1
1
1
1
5
1
1
4
1
1
1
1
1
1
1
1
34
1
1
1
1
1
6
82
1
1
11
27
8
1
19
5
1
1
1
1
1
1
1
1
1
1
3
1
133
1
1
30
1
1
1
1
1
1
1
1
1
42
1
1
2
2
1
3
1
2
1
21
1
18
3
1
2
3
1
1
1
1
2
18
32
1
1
3
4
7
1
1
164
34
1
1
237
490
3
1
1
3
1
1
9
1
1
1
1
1
1
1
1
10
2
3
1
1
1
1
1
1280
4
1
24
1
1
1
2
1
1
1
1
1
1
2
1
3
1
1
1
2
1
1
6
1
3
1
1
1
118
1
1
1
36
1
1
1
3
16
1
1
49
1
1
3
4
1
1
1
1
1
4
1
1
1
3
4
1
2
1
1
3
2
1
11
7
1
1
1
8
1
2
1
11
2
4
1
3
1
1
1
1
2
3
1
4
1
1
1
4
5
306
42
2
2
38
2
5
3
80
4
1
11
3
49
9
1
13
1
1
1
9
1
4
6
1
1
1
1
1
1
1
1
19
2
1
4
3
155
7
7
1
1
1
2
1
1
35
1
4
1
1
2009
12
1
22
1
1
5
37
1
94
1
1
1
1
103
9
1
1
1
1
1
5
1
3
3
3
2
2
1
1
2
2
1
1
2
1
35
5
3
10
5
3
2
3
1
2
1
4
2
1
1
1
12
1
2
104
1
3
1
2
2
1
7
1
5
7
9
1
1
9
1
2
1
3
15
5
6
2
1
4
1
1
4
5
1
1
3
23
1
1
1
11
6
8
1
1
3
1
1
1
4
3
3
2
2
1
2
1
3
3
2
1
1
1
1
1
1
1
1
1
1
1
1
21
1
48
28
9
2
100
51
16
1
1
8
1
1
1
1
19
1
1
11
26
1
13
1
34
4
1
1
1
1
1
1
41
56
1
1
1
1
51
1
1
1
1
1
11
1
1
3
385
3
8
3
1
5
5
2
7
54
7
4
19
2
1
5
1
1
1
1
2
4
1
1
1
1
1
5
1
172
1
1
3
1
2
1
2
1
79
13
1
2
2
1
1
1
16
1
2
1
1
1
4
1
1
2
1
1
86
1
1
4
7
3
25
8
3841
1
1
1
1
83
1
1
1
1
1
1
1
1
2
1
2
1
1
1
1
1936
1
1
6
41
1
7
1
1
5
1
1
1
585
1
1
1
3
1
1
1
761
8
1
3
1
1
1
1
1
1
1
1
1
1
1
1
1
1
1
1
2
2
17
2
1
1
1
2
1
1
1
1
2
3
21
4
7
58
1
3
13
2
3060
2
1
1
4
1
28
4
1
4
1
1
1
1
8
11
1
1
2
51
1
1
1
11
13
25
9
1
3
1
1
34
8
1
3
14
3
1
1
1
1
1
1
1
1
8
10
1
1
1
1
1
4
3
1
1
1
8
1
1
71
1
1
1
1
1
1
2
1
10
6
5
5
2
6
1
7
12
1
1
6
5
1
91
1
14
1
185
5
4
35
4
3
1
1
9
2
3
2
2
3
2
1
53
1
20
1
2
1
3
1
1
1
1
2
1
1897
3
1
1
1
20
5
1
1
3
1
1
3
1
2
50
11
1
1
1
3
1
2
12
2
1
2
6
6
2
1
1
2
1
1
1
1
1
1
10
4
2
10
1
1
1
1
31
17
1
14
1
2
1
43
1
1
860
1
2
2
1
1
205
187
23
1
4
1
1
13
1
7
1
2
285
1
33
16
526
1
1
1
1
8
2
27
1
1
1
17
2
1
3
1
21
1
1
7
2
23
1
1
1
1
1
1
1
12
1
1
194
147
1
1
1
16
1
1
1
1
22
2
4
5
7
1
1
3
5
1
1
74
6
7
2
44
1
13
2
7
121
3
28
1
1
8
2
9
2
1
41
1
11
2
5
8
5
16
5
7
1
2
20
9
6
1
4
3
5
3
4
4
3
1
19
4
3
1
1
8
2
12
1
1
22
1
1
2
1
4
1
32
1
1
4
1
1
2
12
1
34
20
1
1
1
1
1
1
1
1
3
1
2307
6
1
2
1
5
1
1
2
1
1
1
1
2
2
1
2
388
5
3593
1
1
488
1
2
247
259
1
48
1
1
1
1
3
1
15
6
1
1
1
1
1
1
1
2
2
3
1
1
1
1
5
30
1
2
1
1
2
2
3
1
1
1
1
1
1
3
4
1
90
3
1
1
1
9
1
258
2
1
1
2760
1
5
3
26
2
1
1
3
2
50
2
21
36
1
12
1
1
26
1
1
758
4
6
1
6
1
1
3
1
1851
22
2
1
1
1
2
1
1
1
1
1
1
1
7
1
30
28
8
2
2
7
66
249
1
1
4
8
12
1
1
1
1
24
2
16
9
92
3
1
1
11
119
20
97
1
1
28
32
4
8
1
4
2
2
21
1
2
8
5
2
1
4
2
2
9
1
1
1
2
1
1
6
2
1
2
5
5
2
1
32
1
2
3
2
441
1
2
1
1
1
12
1
3
15
1
1
1
2
2
1
1
751
1
4
6
1
14
6
70
1
2
1
3
21
3
14
2
51
1
1
1
1
4
1
1
8
12
2
1
17
35
1
2
1
1
1
1
4
2
1
4
2
1
2
1
69
1
13
17
23
1
1
6
1
1
1
1
2
1
3
1
1
2
5
1
2
6
1
2
2
4
6
1
1
1
1
2
2
25
6
51
1
17
1
5
5
4
11
1
7
1
6
1
1
3
1
1
1
2
3598
1
17
24
1
1
2
19
37
1
1
1
1
2
1
1
1
1
1
5
1
6
9
2
1
1
1
16
1
1
1
10
1
1
1
75
1
2
1
1
1
1
1
1
8
1
2
2
1
12
19
1
1
1
1
2
5
18
1
1
1
4
2
1
2
2
1
1
1
3
3
1756
1
2
17
2
3
6
1
1
3
1
1
183
1
174
1
1
5
52
1
1
20
1
1
2
4
2
1
3
4
1
1
1
1
204
1
1331
1
1
1
51
6
1
1
1
2
1
1
1
1816
3
1
1
2
1
7
3
1
56
2
1
14
35
5
1
1
1
6
6
1
1
2
1
1
251
1
1
1
1
7
5
10
3
8
1
1
1
2
1
1
1
1
1
1
1
1
1
2
11
1
1
1
1
2
1
1
1
447
1
1
1
12
1
1
1
2
1
456
1
6
3
4
1
1
1
12
1
2
1
7
2
1
8
10
122
1
2
14
4
10
2
3
1
2
1
1
1
2
1
1
1
1
1
1
1
2
1
10
1
5
3
1
1
3
15
1
1
1
1
1
1
1
1912
1
1
1
98
1
1
2
7
1
1
2
1
4
66
17
26
4
3
1
2
2
1
1
3
1
5
13
1
1
1
8
3
1
1
1
2
1
1
1
1
7
1
3
72
7
1
1
1
28
1
2
1
41
2
11
1
1
1
1
1
1
1
1
1
7
1
2
1
1
1
1
12
1
1
1
1
1
1
26
1
1
1
1
7
1
1
3
7
1
1
168
1
3
1
1
2
1
1
676
2
1
579
2
1
1
22
1
1
1
1
1
1
71
12
1
1
9
1
4
1
3
2
17
1
1
1
1
1
1
1
1
1
1
1
3
1
29
1
3
1
1
3
1
1
1
1
148
1
1
1
1
1
1
1
4
1
1
1
1
1
1
1
150
633
1452
1
1
1
1
3
2193
1
1
2
1
4
1
3
2
1
2
1
12
1
1
2
3
1
4
1267
1
1
1
1
1
2
267
1
1
1
1
1
2
124
6
1
1
3
1
3
1
1
2
3
1
1408
1
1
1
1
1
5
1
5
1
1
1
1
158
202
139
173
71
2
1
2
1
16
2
1
1
1027
1
1
1
2
1
1
18
1532
7
1
1
318
1
103
404
1
1
2
2
33
7
1
2
1
2
2
1
4
3
1
1
423
1
1
1
6
4
3
4
7
7
1
7
1
1
2
8
1
2
3
2
2
5
20
6
1
1
1
1
1
35
1
1489
2
6
1
1
1
1
144
3
24
1
16
1
2
2
2
79
1
2
1
2
1
3
1
3
2
53
2
2
8
1
17
1
1
5
1
2
1
2
1
1
10
4
1
3
7
2
1
3
4
22
1
1
1
31
1
17
1
1
3
2
6
1
5
2
1
2
1
3
7
1
2
1
2
7
3
9
7
7
3
3
1044
1
2
6
2
1
2
1
1
33
5
1
1
2
13
2
1
20
9
1
1
10
1
2
1
1
1
3
1
2
16
2
1
1
6
1
5
3
1
1
3
1
3
1
1
2
1
1
1
3589
1
6
5
434
4
1
5
1
1
2
1
8
24
1
4
5
2
1
2
1
6
1
1
19
62
4
1
22
1
2
4
1
155
5
1
1
14
3
10
63
4
1
21
3
5
1
135
1
1
1
1
6
2
2
6
1
1
4
1
1
3
57
3
3
1
1
14
3
147
6
1
13
1
14
121
4
3
7
35
1
1
1
2
1
434
1
11
1
1
37
1
190
3
3
1
1
132
1
6
1
1
1
1
1
2
1
1
68
7
1
4
3
2
2
1
4
1
7
1
6
1
5
475
1
6
1
5
5
3
1
1
18
1
2
2
1
1
1
4
2
1
2
2
1
3
4
1
2
3
22
1
56
4
4
1
5
6
1
1
1
2
1
2
280
1
1
11
1
3
1
2
1
1
5
1
2
1
2
13
1
2
11
1
3
1
7
29
1
17
2
20
1
2
1
1
2
4
7
13
2
3
1
7
2
3
2
201
5
1
4
37
1
1
2
1
3
1
18
1
4
7
3
3
32
2
1
2
1
1
1
26
2
3
3
2
2
12
1
1
39
1
1
1
15
1
1
2
6
2
1
2
2
1
1
1
1
1
2
1
1
1
1
110
1
1
1
4
1
1
10
9
1
2
1
1
1
1
2
1
141
1
1
1
1
1028
3
2
1
6
1
1
2
2
1
1
3
1
3
1
5
1
1
1
1
2
4
25
62
1
1
2
2
1
79
5
1
4
1
1
188
1
3
1
1
4
2
27
2
70
129
1
3
1
38
1
1
5
128
24
1
1
2
17
1
4
9
3
4
13
1
2
1
4
1
23
3
173
1
2
14
4
1
5
1
1
1
1
1
1
1
1
1
1
3
1
2
6
1
2
1
1
2
3
116
321
6
12
1
2
1
1
23
12
50
1
1
2
2
1
1
13
33
21
3
108
1
1
1
1
2
15
2
1
2
3
1
1
1
1
1
1
1
5
2
2
24
2
6
2
1
2
1
2
1
12
49
60
5
1
1
3
3
1
2
1
1
1
1
1
1
1
2
1
1
1052
199
20
3
4
1
1
4
21
14
2
13
2
3
3
1
18
30
5
10
9
1
2
1
1
2
2
5
2
3
1
28
5
3
2
1
63
2
1
4
1
8
1
1
1
2
3
2
1
1
1
2
1
2
10
2
1
23
2
12
1
5
8
1
23
28
14
3
25
1
3
29
2
1
3
2
1
178
18
1
1
1
1
1
1
1
1
2
1
1
1
3
6
2
1
7
2
13
14
1
1
6
2
3
1
101
1
1
2
1
1
2
2
1
23
1
1
17
2
2
5
1
1
81
22
1
1
3
1
1
1158
2
99
4
17
11
12
1
3
1
1
1
1
1
3
4
1
1
1
1
1
3
1
4
2
3
1
4
1
1
1
1
2
1
12
1
1
5
1
1
2
2
1
1
5
6
2
2
1
1
1
1
5
8
1
2
1
1
2
1
5
1
3
1
3
2
1
1
2
1
1
1
1
1
1
1
2
1
2
3
3
1
2
1
1
2
2
1
1
1
1
1
1
3
4
1
1
1
2
1
25
3
2
6
6
1
2
5
1
1
5
2
28
4
3
1
3
4
83
2
1
1
2
1
1
1
1
1
1
1
1
1
240
1
6
1
36
2
1
1
1
4
3
2
3
1
1
7
1
1
3
2
4
3
1
1
1
2
1
1
1
1
41
22
3
26
1
2
1
1
12
2
1
4
1
1
1
1
22
4
2
1
2
1
2
9
1
12
1
1
1
1
2
1
5
3
2
21
1
4
3
5
1
6
1
4
1
2
32
1
1
2
37
5
4
6
1
5
3
30
2
2
2
1
1
44
87
31
9
1
1
102
29
1
1
652
708
1
1
1
11
2
1
1025
1
780
1
470
32
24
33
1
8
3
1
25
1
2
49
13
1
608
6
3
1
3
2
1
220
1
1
5
1
1
1
1
1
6
1
2
6
2
1
5
2
1
13
8
2
1
9
10
1
2
16
2
1
18
6
3
12
8
1
1
14
1
3
3
8
3
1
3
1
4
1
10
1
1
1
4
1
1
2
1
1
1
1
2
1
1
1
3
1
1
4
5
1
3
8
1
2
1
22
6
10
200
1
1
1
1
1
4
1
1
1
1
1
11
1
6
1
5
1
3
1
88
51
61
1
2
3
4
3
13
461
2
1
22
3
4
286
3
1
1
3
58
1
5
1
3
1
13
202
1
36
199
24
1
136
1
247
1
1
29
1
1
1
1
3
1
1
11
47
2
1
2
1
2
4
1
2
28
1
1
1
1
10
2
1
1
16
3
88
1
5
1
1
3
1
4
2
1
3
4
1
4
1
1
1
1
1
1
1
1
1
1
2
1
1
1
1
1
1
2
1
1
2
1
1
2
2
2
1
1
13
1
1
19
1
188
6
3
1
2
1
1
59
55
6
2
1
3
1
1
4143
1
70
1
1
1
1
1
44
1
1
1046
2
1
179
1
4
59
21
1
60
3
1
147
38
1
84
10
547
5
2
14
2
4
1
51
1
1
44
2
2
27
4
1
1
2
1
5
4
1
1
1
1
2
1
1
5
2
11
11
9
1
2
11
24
1
2
7
4
1
1
1
1
4
1
1
127
6
1
2
27
2
4
4
1
47
2
2
1
1
6
1
3
12
7
1
4
7
1
1
1
1
1
1
1
1
1
6
21
1
1
1
3
1
1
1
1
1
93
44
1
1
117
953
1
1
1
1
4
1
9
1
88
2
1
1
2
33
9
10
9
4
33
9
2
100
20
15
5
1
2
3
1
1
71
1
1
1
1
1
1
1
6
3
3
1
3
1
1
1
4
1
3
2
1
2
1
1
1
1
1
1
3
3
1
1308
2
5
1
1
1
5
1
1
53
2
1
1
1
4
1
2
17
1
47
1
1
39
1
1
1
2
7
1
3
1
4
357
1
1
2
2
1
2
1
12
1
39
1
3
2
2690
1
1
1
1
1
367
36
2
1
2
2
1
1
1
1
1
1
1
1
1852
9
3
1
1
1
740
1
1
1
3
2414
1
1
1
1
2
1840
4
1
2
1
1
1
1
2
1
3
1
1
1
2
1
25
2
3
1
1
1
1
2
3
1
1
1
1080
1
1
3
1
3
1
8
1
1
4
1
1
1
85
1
3
1
1
24
50
16
1
2
1
1
2
2
1
2
1
1
2
2
1
1
1
1
3
6
1
1
1
4
1
5
1
2
1
5
2
1
1
48
10
2
7
1
1
4
1
3
2
3
1
1
1
1
2
1
1
2
2
1
1
1
1
1
1
1
1
1
7
1
1
27
190
1
1
4
7
2
1
2
1
2
3
1
1
1
1
5
1
1
1
1
2
1
9
2
1
1
1
1
1
1
1
1
1
1
1
1
1
1
1
1
4
1
2722
1
1
3
1
1
6
1
1
1
1
1
2
1
7
2
2
1
1
3
3
1
1
1
7
8
2
5
1
11
1
1
7
5
54
6
2
1
1
2
2
1
2
1
1
1
5
21
1
1
1
1
8
1
4
1
1
4
346
53
3
55
1
1
8
2
1
1279
1
1
1
1
1
1
1
1
449
5
1
5
1
1
2
1
2
1
4
5
10
1
2
2
42
1
1
2
5
1
6
1
1
1
1
5
139
2
1
15
14
1
1
2
2
2
4
41
4
1
1
5
3
1
3
13
42
10
11
1
26
1
2
1
1
87
1
1
12
1
1
1
1
2
6
7
1
7
68
5
1
7
1
1
4
1
10
2
2
1
4
3
9
4
6
1
3
1
1
1
6
1
90
8
17
1
2
1
1
12
2
1
1
1
1
1
1
1
1
6
1
1
3
1
1
3
17
1
1
11
1
1
18
4
2
2
11
1495
6
2
2
6
15
14
1
30
365
7
12
52
97
12
1
4
10
4
3
1
3
4
9
6
1
2
7
15
2
1
1
22
23
4
2
1
1
5
1
98
15
1
2
11
1
2
37
1
1
515
1
18
14
3
1
1
6
19
16
20
10
1
1
3
3
1
16
4
1
3
5
1
7
17
9
3
1
4
5
2
1
2
8
1
6
3
3
2
3
1
1
158
74
1
6
1
1
2
2
2
1
5
2
2
3
13
1
3
11
3
12
92
5
1
2
1
4
1
2
1
2904
4
125
96
2
2
2
18
120
2
259
1
2
15
1
1
2
1
5
1
73
28
7
1
9
2
1
17
5
23
6
1
1
66
3
2
2
209
5
1
13
4
254
28
1
2
22
13
26
7
1
1
1
4
2
1
1
1
1
42
1
1
1
364
9
3
380
3
6
1
1
3
1
1
1
1
1
22
5
3
229
2
2
1
4
2
1
52
6
3
1
7
4
5
1
4
1
1
1
1
975
1
5
1
1
2
3
1
4
5
3
1
6
7
2
1
1
2
1
12
2
5
3
1
73
13
9
8
82
2
1211
10
2
1314
1
1
136
11
1
1
2
9
7
3
1
4
8
1
1
1
4
2
25
34
1
3
14
1
1
1
4
2
4
29
1
1
2
1
1
1
9
28
1
1
1
5
4
2
4
1
5
1
1
1
10
18
1
1
2
8
1
2
1
4
4
3
2
7
5
1
2
7
2
4
3
2
2
2
11
30
14
1
5
1
2
9
18
7
7
2
1
1
3
3
2
6
4
1
1
24
1
11
2
2
2
2
6
16
3
11
2
5
2
3
12
2
2
2
1
46
2
1
16
1
3
1
2
6
4
23
3
3
4
22
2
9
1
2
1
8
10
4
1
2
1
1
13
3
15
23
1
5
2
7
30
1
7
5
1
5
1
2
2
1
1
5
3
1
5
1
2
1
18
5
1
5
7
2
1
2
1
9
1
1
35
1
2
2
387
1
5
1
1
1
3
1
2
1
1
1
1
1
1
1
2
6
1
1
1
5
1
2
1
1
2
2
2
1
7
1
2
1
13
1
1
1
15
26
3
1
2
1
1
4
9
1
3
1
3
1
1
1
5
1
1
30
3
1
11
10
2
1
4
2
1
1
1
23
2
2
1
24
11
58
3
10
1
1
1
1
1
3
3
21
27
1
1
45
4
75
2
18
8
2
1
1
1
5
17
2
1
4
1
2
3
1
2
1
1
1
2
42
1
7
1
1
3
156
1
4
13
1
1
2
1
3
225
5
14
4
1
6
1
1
1
1
1
1
7
1
1
1
1
1
1
1
2
8
1
1
1
1
1
9
2
26
27
35
2
8
2
13
2
3
1
3
4
1
4
2
2
6
6
15
91
6
20
20
3
1
10
1
4
10
5
1
1
2
17
1
1
1
1
1
1036
1
1
465
1
1
150
5
1
1
11
2
1
1
1
45
1
231
1
759
6
1
2
16
1
10
4
3
3
8
7
4
1
31
8
35
1
1
25
1
1
223
1
3
2
1
1
1
1
1
1
2
183
4
375
1
1
1
63
1
1
1
1
8
29
1
1
2
1
1
5
1
1
1
3
2
1
3
5
12
2
3
67
1
1
6
1
60
4
1
1
8
3
4
9
6
7
1
1
3
1
2
2
1
13
1
1
3
2
1
2
1
1
1
1
2
1
1
3
1
4
1
1
4
3
2
1
1
1
1
1
14
1
1
1
1
1
1
1
2
1
1
5
2
1
1
1
1
1
2
1
1
1
4
3
1
2
1
1
1
2
1
1
1
1
1
1
1
1
1
1
3
158
12
2
1
10
67
5
1
1
1
1
1
1
1
4
1
1
2
6
1
3
1
2
9
1
1
5
3
1
2
1
1
1
1
1
1
2
1
1
3
15
3
1
1
4
1
1
57
56
2
68
41
195
6
1
1
1
1
1
1
1
1
2
2
1
1
1
5
1
1
1
1
1
26
1
6
1
2
1
1
1
1
1
4
33
13
1
2
3239
1
1
9
1
1
2
1
1
1
4
4
1
1
1
1
2
1
1
11
3
1
1
2
1
1
2
1
1
1
1
2
43
1
2
1
1
1
2
1
70
1
1
1
2
2
1
1
2
11
2
15
13
1
5
1
3
1
1
1
1
2
5
1
5
2
1
9
2
1
1
2
3
1
2
3
1
27
1
1
1
1
3
1
1
1
2
1
1
1
4
2
1
13
1
1847
1
1
16
1
5
15
17
254
3
28
9
115
1
1
2
1
1
1
4
1
4
1
1
1
398
2
199
3
4
9
6
1
1
1
334
1
1
3
1
1
3
1
2
7
1
1
1
32
1
2
2
1
8
1
3
1
2
1
4
7
7
1
3
2
2
1
6
1
1
1
1
1
6
9
1
3
1
4
11
2
1
1
113
3
1
1
4
1
1
36
1
5
1
458
1
1
2
1
2
6
14
229
1
2
17
28
1
1
1
1
1
1
1
1
9
41
1
2
1
60
2404
2
1
9
14
340
779
37
5
1
10
6
1
1
1
1
1
1
5
3
3
16
14
204
2
8
8
2
1
80
227
2
11
1
19
1
1
1
2
1
3
66
2
1
364
2
1034
3
1
2
1
1
38
4
8
8
1
7
1
5
1
1523
1
1456
1
2
1
1
417
738
8
1
2
2
1
265
7
18
96
1
1
1
1
1
1
5
1
1
14
1
4
5
1
1
881
7
1
4
1
1
1
85
32
15
7
6
47
2
134
1
1
10
5
47
29
3
37
114
16
2
2
1
2
12
9
32
55
1
3
25
7
1012
13
77
1
5
1
4
1
1
2
1
1
1
1
1
3
3
1
43
1
1
5
22
3
5
36
100
4
2
2
2
6
4
2
1
7
1
32
1
3
1
1
9
1
9
4
13
21
1
1
1
6
1
2
8
24
2
1
3
17
1
2
5
1
239
3
12
24
1
1
1
6
1
1
118
1
1
2
1
1
2
1
2
4
16
11
2
1
8
10
156
5
2
5
8
1
7
12
1
1
1
66
108
2
90
22
6
1
5
2
11
2
7
26
17
1
1
1
2
40
4
11
9
1
2
1
1
1
4
7
1
2
2
1
28
1
16
3
43
8
16
7
1
57
1
1
3
22
23
1
18
6
26
170
2
1
1
4
3
1
82
1
8
2
6
4
4
25
8
15
1
3
6
4
1
7
2
15
33
118
28
11
35
1
1
1
11
54
1
2
1
28
3
1
87
11
3
52
7
1
2
2
1
8
5
2
169
5
129
3
1
181
4
20
2
26
49
3
1
49
20
5
20
10
8
1
7
2
21
5
26
146
6
10
10
8
2
1
1
3
1
2
1
1
880
1
2
10
1
1
1
324
1
1
1
1
1
3
1
6
1
1
426
1
1
1
914
1
1
1
3
35
6
1
484
9
1
1
1
1
1
1
1
2
5
3
1
1
2
1
1
1
20
5
21
3
3
2
2
3
1
1
3
1
2
1
1
1
1
2
1
61
5
4
4
2
10
1
23
17
6
3
4
37
3
2
2
3
79
3
1
215
1
2
1
2
1
1
4
1
3
4
2
1
20
1
3
1
1
1
1
1
1
1
1
1
46
1
1
1
2
1
2
2
6
12
1
4
1
1
1
1
1
1
3
3809
1
1
1
1
1
1
7
468
48
3
2
1
1
1
1
1
1
1
1
1
1
9
1
1
1
51
1
1
1
1
1
1
1
3
1
1
1
1
1
150
1
1
2
2
1
3
5
1
1
1
2
2
1
1
2
1
1
1
1
1
2
5
1
4
2
46
1
3
1
23
1
1
1
1
1
1
6
2
1
4
5
1
1
1
1
1
2
37
3
5
1
1
1
3
1
1
1
1
1
1
7
4
17
5
1
1
1
8
1
1
12
1
12
2
9
1
11
15
2
3
4
2
1
11
1
1
4
1
3
1
2395
1
1
1
36
9
2
1
1
1
1
1
191
3
8
12
6
2
13
91
1
1
7
1
10
1
4
6
1
8
1
16
2
1
3
1
8
1
1
1
9
11
15
2
1
1
24
1
1
5
1
17
2
1
1
4
1
1
1
1
2
1
1
1
2
1
1
2
8
1
5
1
1
5
11
1
2
32
13
2
1
1
1
1
1
2
1
1
1
1
1
1
1
1
1
1
1
6
2
2
2
1
3
1
7
4
5
2
1
2
3
1
1
1
1
1
1
6
1
1
1
1
4
406
5
1
1
1
755
1
2
1
4
1
2
1
1
1
1
1
2
1
1
1
1
2
1
1
1
1
1
1
1
2
32
2
1
2
4
2
279
2
1
1
1
1
1
13
2
1
1
3
42
1
1
1
1
1
3
9
4
1
5
1
1
1
21
4
1
1
31
160
76
1
1
3
1
1
307
7
1
1
1
4
2
1
12
4
1
2
1
1
1
1
1
1
1
131
2
1
1
15
2
1
2
1
2
46
1
1
1
2
17
3
1
1
4
2
37
1
36
1
1
1
1
1
1
62
10
1
1
1
2273
1
1
1
19
1
5
1
8
4
1
1
2
1
335
1
1
1
1
1
4
1
1
4
5
544
1
1
1
1
25
4
1
2
2
3
1
7
20
1
1
5
1
1
1
300
57
1
1
21
1
1
1
1
2
122
1
27
1
1548
1
2
2
5
1
1
2
15
3
1
3
1
1
1
4
1
1
2
1
16
5
2
2
1
1
2
1
6
2
2
37
3
1
1
1
2
1
1
1
1
6
1
1
2
1
1
3
1
1
1
1
3
8
3
3
262
2
7
1
1
47
2
19
1
5
2
1
24
2
1
2
1
15
14
1
11
1
1
30
1
2
1
1
3
1
1
1
1
43
1
1
1
3
18
1
1
1
2
6
1
792
748
1169
1
15
2
1
106
1
1
1
11
1
2
1
1
1
1
1
1
1
1
1
397
2
1
1
761
4
156
1
3
2
1
2
1
1
1
1
1
1
8
1
14
2
1
1
7
2
7
1
4
9
13
1
3
1
13
2924
1
1
2
4
1
2
4
1
1
39
1
2
1
1
7
1
1
17
163
3
5
3
7
1
5
1
1
3
1
4
1
47
1
1
31
1
2
56
8
103
3
2
6
226
2
1
1
18
8
23
1
1
1
1
2
3
109
5
3
4
1
1
4
1
63
15
2
2
7
4
2
2
2
1
24
10
8
34
140
1
1
3
20
96
45
19
7
16
1
1
20
7
263
127
15
7
157
16
2
2
186
1
1
11
6
18
2
32
14
1
96
1
5
35
31
7
4
1
5
7
5
4
1
2
2
41
6
2
2
91
2
2
1
2
9
1
1
1
1
1
1
1
1
1
424
1
1
1
221
1
1
1
1
2742
34
2
1
1
1
2
1
1
51
2077
208
57
5
1
1
1
3
1
12
1
12
3
3
9
1
15
4
1
2
1
25
1
1
25
2
8
17
3
9
2
1
1
1
1
1
1
1
1
1575
1
39
1
1
1
3
11
1
45
2
2
1
6
2
7
3
1
1
1
1
4
3
2
1
1
1
1
1
1
1
1
1
1
1
1
1
14
1117
126
1
1
1
1
2
1916
1
5
5
1
6
1
1
431
1
1
1
1
1
39
1
1
15
400
1
2
17
1
2
1
1
1
1
1
1
1
31
1
1
1
1
1
56
1
1
1
1
1
1
1
1
3
2
1
2
2
1
1
2
4
6
14
1
3
1
2806
1
2
2
204
12
1
1
1
1
1
1
1
62
1
5
39
7
1
2
1
1
5
1
14
2
1
1
1
1
1
1
1
1
1
384
3
1
1
1
1
1
1
2
1
1
1
1
1
7
1
3
1
13
22
1
1
1
2
1
1
2
1
43
1
1
1
1
1
1
5
1
93
1
1
3
1
1
1
16
1
702
3
1
1
3
2
1
1
1
1
33
24
1
1
1
1
1
1
2
45
2
1
1
1
1
1
1
1
1
1
2
1
1
17
5
1
1
2
68
1
3
1
2
1
18
1
2
1
81
2
4
42
13
1
1
1
1
1
1
1
1
1
38
1
561
33
4
12
12
1
37
1
1
1
2
1
1
1
1
2
1
1
49
94
1
3
4
1
26
1
3949
1
1
1
1
1
1
1
1
1
1
1
1
1
1
1
1
868
1
1
1
1
1
1
1
1
1
1
1
1
3
280
2
1
1
1
1
1
1
5
1
9
6
3
5
1
1
1
2
410
5
1
24
147
1
321
1
1
12
2
2
1
7
1
69
2
7
1
4
6
1
1
1
1
1
2
1
2
1
1
450
1
1
13
4
2
12
31
2
1
1
1
1
18
8
3
60
3
4
1
1
1
2
39
1
17
1
1
2
1
11
1
1
1
1
5
1
1
3
6
6
1
1
1
1
2
1
1
106
1
7
3
71
1
1
2
4
1
52
1
1
1
11
1
2
1
1
1
4
1
1
1
1
1
1
64
49
3
25
32
4
1
1
1
303
2
1
1
25
27
3
27
30
1
1
1
8
2
1
9
26
1
6
2
1
7
3
7
307
3
13
21
1127
1
1
1
1
1
4
2
2
1262
9
30
1
58
9
8
24
19
12
1
1
1
1
3
1
1
1
1
1
1
1
1
6
1
1
1
1
1
1
136
1
6
1
1
4
1
1
1
47
1
7
18
4
2
1
1
1
1
1
1
3
2
1
1
1
1
1
1
1
1
1
32
1
1
1
2
1
1
1
1
3342
1
1
1
1
22
1453
167
1
1
3
2
1
3
2
1
3
1
1
1
26
13
1
4
3
7
1
4
1
1
1
5
72
1
2
1
1
3
20
1
3
4
1
1
1
1
20
1
1
4
1
1
1
2
2
1
1
4
8
1
3
5
6
2
2
3
1
1
1
4
2
1
1
1
1
1
2
2
18
2
1
3
5
1
11
8
1
1
3
1
3
1
13
1
7
9
1
1
1
1
18
1
1
10
6
6
8
69
454
1
3
1
2
1
13
1
5
1
13
1
2
1
1
1
8
1
2398
1
10
4
1
1
1
3
1
5
2513
4
3
1
1
8
4
1
4
4
13
2
1
2
1
10
6
1
1
1
1
4
9
3
25
81
2
1
6
2
25
1
21
1
1
15
1
1
3
7
2
1
4
1
25
1
4
40
1
1
5
1
2
1
1
4
2
1
2
1
1
1
1
9
2
2
7
13
16
1
19
1
1
4
7
1
1
2
2
1
2
14
1
1
1
2
1
2
2
2
1
4
2
1
1
20
5
16
8
2
1
95
2
2
1
1
10
1
11
14
5
72
5
43
1
1
1
1
2
1
1
6
1
1
1
2
1
3
1
1
12
9
430
12
1
2
1024
12
1
2
3
3378
