3
5
6
3
6
12
4
6
17
18
1
15
1
1
2
13
18
1
6
1
20
1
3
7
11
3
3
2
3
4
7
44
2
1
7
2
1
3
86
3
2
20
2
8
1
8
1
2
4
15
2
1
5
16
4
1
2
6
5
7
18
11
3
2
9
2
1
43
17
6
10
2
3
6
2
1
2
26
19
3
1
8
1
2
1
1
2
2
7
1
4
1
1
7
10
6
27
10
68
13
17
2
2
15
2
1
8
15
4
9
8
7
4
2
6
7
17
123
1
6
2
2
40
4
13
7
2
2
6
16
3
3
6
5
27
2
1
2
18
6
5
1
2
2
4
6
1
17
1
13
1
5
11
22
24
35
27
3
6
7
15
2
6
7
9
3
97
3
1
8
2
4
3
6
26
11
1
2
2
4
3
4
2
2
3
3
8
1
3
1
1
20
3
1
2
7
6
9
8
5
6
1
9
4
4
1
27
13
1
13
2
4
5
3
6
1
2
1
2
5
2
44
7
18
24
13
3
1
15
48
6
1
26
5
7
1
7
10
80
4
3
2
2
1
4
1
3
8
5
5
16
10
2
1
2
2
1
7
4
2
2
1
1
11
5
1
18
4
19
9
10
7
1
2
2
4
3
19
5
3
2
7
2
8
6
5
3
3
2
8
6
6
5
39
3
15
9
8
26
1
3
3
14
2
20
2
1
41
4
2
3
1
16
3
1
2
2
80
4
16
2
2
1
1
19
3
37
6
2
1
7
9
15
13
8
4
2
5
5
1
2
1
9
11
12
2
7
29
3
39
34
15
4
6
12
1
1
3
10
2
1
4
1
1
3
11
2
2
9
1
6
19
2
1
5
9
2
72
2
9
2
1
3
4
26
8
2
53
3
2
3
7
10
6
6
1
2
7
5
2
1
21
3
8
2
13
9
4
2
4
1
4
14
5
7
2
5
19
1
4
9
8
1
1
1
6
16
12
13
5
9
2
1
6
7
1
16
3
14
1
2
2
16
1
2
47
1
1
2
2
2
1
2
4
2
3
1
3
1
9
28
7
2
3
3
3
2
1
5
9
12
16
1
15
2
3
1
9
4
2
4
10
3
2
2
3
2
3
2
1
2
3
2
12
1
3
2
17
7
1
7
13
2
8
7
17
5
5
6
1
20
3
1
1
2
1
3
4
7
11
35
1
3
2
17
8
1
14
6
2
1
5
5
3
2
2
16
79
7
1
4
2
1
1
1
15
1
3
5
5
4
2
4
1
32
10
2
6
7
1
6
1
10
1
12
15
2
7
1
3
5
28
2
6
1
8
6
3
5
8
1
3
26
1
3
2
9
10
7
6
11
1
2
10
5
1
12
4
6
1
1
1
1
1
8
1
12
16
33
1
2
9
2
6
4
6
8
5
1
2
