12
57
37
53
69
7
3
5
22
3
57
2
17
1
81
138
13
25
75
6
12
37
23
71
71
95
13
9
5
2
4
56
17
29
1
4
156
1
7
160
24
22
196
4
86
3
33
6
11
7
35
12
12
3
32
109
80
94
2
19
22
86
13
78
292
93
5
15
107
71
43
1
3
6
35
3
1
5
65
2
1
67
191
19
10
3
3
5
7
319
322
1
19
14
6
3
287
21
82
16
242
4
1
84
77
46
31
85
390
85
12
4
42
8
8
1
96
58
18
1
31
17
18
2
10
50
25
273
5
5
187
126
8
31
17
35
5
3
117
13
67
44
58
5
16
36
56
172
16
59
31
14
3
159
33
8
1
38
75
5
92
4
1
52
16
439
3
30
1
20
4
3
48
32
2
4
96
2
128
13
14
7
5
3
82
5
3
13
21
44
29
1
69
1
8
2
1
5
102
48
133
316
11
75
94
2
83
3
4
4
12
3
53
14
131
4
5
11
21
17
180
53
313
73
17
2
4
36
75
3
22
112
8
1
247
78
1
5
5
3
2
99
2
10
5
1
6
128
36
13
2
24
8
100
1
41
111
17
119
4
10
36
5
1
114
1
32
10
6
57
12
13
42
44
61
15
20
8
1
16
79
29
2
2
2
144
5
70
2
1
19
83
15
39
142
43
4
9
25
26
89
7
48
14
24
59
9
30
5
17
40
72
5
6
1
47
5
61
6
3
36
71
26
2
40
338
55
51
2
234
180
21
7
67
9
46
3
2
19
99
35
79
1
10
114
3
20
2
5
1
15
11
1
32
145
52
2
28
1
40
1
42
5
4
3
23
5
167
12
210
17
46
59
97
19
10
3
2
2
7
9
24
49
14
2
10
8
1
50
47
2
7
1
5
1
1
3
2
75
3
8
55
9
8
225
6
54
17
5
12
18
3
8
133
2
1
59
69
3
81
5
31
2
43
1
8
3
91
74
75
1
109
28
121
14
55
33
7
4
4
2
1
5
3
2
124
3
31
89
94
19
68
7
4
85
154
29
3
45
22
2
23
2
31
4
70
8
47
5
7
2
1
1
12
2
2
88
3
169
1
2
2
8
10
31
33
5
6
253
27
29
2
2
1
33
1
94
14
2
92
1
48
24
5
3
11
9
47
51
1
2
2
107
2
35
88
5
61
1
4
6
1
69
304
14
18
96
125
23
30
14
371
150
149
7
18
24
5
12
21
14
6
16
10
164
8
13
53
268
24
272
11
162
1
8
3
40
106
1
1
5
31
6
29
57
4
63
4
11
3
12
21
9
48
10
168
22
1
75
13
1
42
1
64
42
3
6
74
30
27
4
15
73
61
5
52
246
6
8
237
13
50
36
91
66
11
2
14
24
8
102
1
31
2
20
22
158
6
51
1
1
292
10
54
15
2
2
51
54
6
3
1
8
31
8
95
149
2
86
4
2
3
23
4
32
2
280
144
4
82
20
14
16
1
17
17
4
1
47
1
48
42
22
4
84
172
6
21
15
14
19
114
11
66
102
1
4
49
7
7
57
12
61
76
6
14
10
1
130
11
1
17
2
41
4
52
2
47
1
1
1
16
22
36
3
115
68
1
3
17
95
1
5
35
4
1
2
6
25
1
3
20
2
3
1
3
63
79
142
79
364
15
50
6
44
3
34
4
3
88
5
99
30
14
32
33
53
8
20
8
165
4
21
38
79
21
72
7
37
20
2
26
75
13
1
1
23
8
25
3
11
12
286
8
329
1
20
2
1
58
5
9
44
1
221
5
1
73
396
1
93
10
32
1
6
20
9
52
10
45
187
67
6
38
155
5
2
1
40
2
20
1
12
12
229
26
4
40
11
63
10
6
2
1
2
50
2
5
16
21
2
1
75
4
2
21
128
7
16
26
4
51
39
10
89
110
124
7
406
135
15
3
4
82
8
16
114
8
4
11
36
282
2
2
169
10
13
10
48
27
96
64
9
164
62
5
134
13
131
33
15
14
15
62
45
47
76
2
27
130
46
79
31
78
35
1
1
12
58
165
1
17
24
1
17
6
122
3
18
1
6
3
10
301
3
32
7
21
2
13
3
14
414
1
3
2
51
83
1
10
2
13
4
245
10
420
12
46
181
6
1
5
6
290
43
27
9
31
2
3
7
45
90
137
107
2
64
111
9
17
2
261
323
17
1
15
16
39
4
2
290
1
1
16
1
21
10
5
2
11
22
5
17
15
42
2
1
42
11
109
6
20
24
4
23
37
219
57
39
66
1
2
36
115
75
1
42
122
262
48
1
1
94
8
7
9
46
2
26
69
48
228
28
110
7
1
167
125
8
9
1
4
3
3
10
5
46
116
13
22
2
296
16
137
30
90
100
63
8
2
3
4
18
4
53
10
67
43
9
12
6
37
1
32
9
9
6
6
3
55
61
12
203
20
19
1
1
6
2
84
2
98
67
15
2
104
11
369
12
2
55
28
7
3
26
290
30
21
2
27
21
71
2
2
36
9
10
104
3
109
30
3
2
148
3
9
3
322
4
12
37
5
3
1
20
291
24
1
45
358
1
161
65
2
5
5
9
3
8
37
2
4
23
9
1
5
2
174
40
5
23
38
25
73
3
20
23
56
12
1
1
14
1
2
2
16
23
4
2
68
63
6
102
11
3
13
17
81
75
2
1
13
199
24
12
129
160
1
1
84
9
17
6
19
187
14
2
154
3
80
1
38
3
230
4
24
25
2
14
24
14
15
3
1
71
24
11
4
21
202
4
41
2
301
17
47
389
4
7
51
82
15
9
1
2
17
11
5
125
5
367
8
68
17
45
18
289
199
17
5
3
13
79
89
169
31
4
98
42
85
18
19
10
28
2
75
245
52
71
3
58
2
4
1
5
84
161
1
125
4
58
17
133
179
3
2
2
27
6
7
91
12
420
17
22
4
98
5
22
114
37
2
4
74
1
2
7
27
105
181
2
5
7
1
2
43
30
4
51
1
34
88
197
147
4
5
2
2
2
187
26
19
110
69
11
62
56
20
8
1
1
394
65
12
8
14
52
12
12
13
38
44
1
3
2
6
40
2
2
7
10
28
30
2
43
64
24
39
14
17
2
8
369
53
96
176
27
15
8
146
74
6
5
59
1
31
1
174
1
66
15
44
49
3
12
63
4
35
11
158
13
31
1
25
2
15
2
124
13
65
4
15
1
113
167
295
71
6
358
5
25
1
1
104
14
223
6
4
146
5
22
288
112
116
118
9
21
10
50
4
89
2
43
8
54
53
12
58
15
30
7
60
15
79
3
173
116
6
65
2
367
18
2
148
15
81
2
37
3
86
1
45
15
38
25
4
2
14
47
1
6
3
6
41
52
5
67
1
24
46
27
24
3
1
32
3
2
1
50
5
16
279
91
84
25
265
1
379
8
12
5
23
30
1
2
47
70
89
8
6
12
2
1
1
23
115
42
111
13
21
78
1
5
3
14
22
14
69
3
2
13
76
22
2
39
2
43
2
46
6
7
33
13
23
95
1
7
62
5
1
39
3
11
3
3
65
17
24
6
75
13
74
9
1
2
1
21
162
30
70
313
5
5
5
7
2
9
2
1
15
2
139
160
8
128
283
272
1
2
10
2
10
131
4
47
57
12
25
7
1
19
8
21
14
22
27
36
2
8
96
20
4
24
10
35
7
38
12
9
63
1
381
43
34
109
45
37
28
21
15
140
171
5
7
2
12
24
1
37
316
6
9
48
7
5
72
16
5
52
9
38
130
65
2
8
5
5
15
96
1
14
1
105
24
2
6
18
5
50
30
1
164
5
148
1
6
62
12
21
59
1
47
7
3
18
4
3
75
4
68
42
7
40
62
8
6
3
44
9
1
5
57
4
126
3
93
17
4
4
1
9
127
5
6
4
20
20
5
35
4
5
1
32
1
40
39
3
22
16
4
97
35
11
21
147
