28
25
38
48
63
8
67
195
89
20
45
37
2
114
9
5
29
115
4
30
128
16
163
11
219
5
15
98
12
4
428
43
145
1
9
132
7
40
21
1
40
413
28
102
6
26
11
3
133
1
3
25
4
3
112
38
51
35
26
3
31
2
261
10
75
2
14
164
97
111
165
2
77
1
1
262
46
2
100
13
51
54
3
47
98
114
19
5
265
178
9
72
57
19
64
21
132
44
87
1
2
66
5
6
9
301
12
60
28
25
225
26
248
31
13
4
9
1
154
92
43
68
12
65
8
4
21
26
117
328
11
15
2
61
40
3
27
258
72
26
108
3
176
345
170
112
49
23
169
35
42
24
63
70
15
53
2
68
36
35
105
1
1
17
27
31
1
5
33
221
1
13
42
6
46
5
3
1
18
11
1
1
2
23
68
24
36
10
70
27
78
7
21
10
1
2
18
188
25
19
2
96
85
83
96
7
13
43
43
4
162
59
35
7
9
6
61
10
74
90
33
228
53
77
59
240
40
51
60
208
5
69
127
52
147
195
2
2
149
20
23
100
62
3
143
11
61
9
23
24
8
48
329
44
1
10
21
33
90
354
1
102
11
1
27
151
61
41
11
8
6
6
1
42
7
203
3
193
200
5
1
125
1
8
31
8
7
150
26
306
142
41
117
174
117
251
87
12
56
16
7
20
52
34
401
52
115
29
16
25
136
104
4
54
102
77
1
14
24
393
5
10
221
1
1
7
74
2
1
352
10
23
22
1
172
1
13
2
18
88
19
8
41
92
48
4
10
3
215
5
158
1
233
1
332
5
99
144
62
456
9
17
14
14
35
24
17
103
1
28
6
1
20
34
28
55
54
22
116
26
50
22
3
1
12
26
73
47
4
5
21
98
135
42
7
155
12
68
8
3
181
211
37
4
41
82
246
143
8
1
5
1
2
220
7
206
92
39
61
5
70
4
33
79
45
11
11
57
23
14
260
77
6
15
96
8
8
15
4
8
106
322
1
6
86
385
1
8
7
1
129
276
26
4
30
14
69
109
8
71
450
39
86
13
97
74
1
2
27
1
60
3
38
52
5
120
10
24
66
53
27
40
46
20
10
52
62
11
200
1
1
2
73
118
31
88
27
28
10
50
47
58
91
6
53
4
41
3
2
2
8
1
74
89
85
25
8
178
1
2
23
271
3
29
57
69
118
1
1
17
82
4
2
5
12
107
4
102
19
5
19
4
58
105
2
15
228
1
8
49
59
60
188
6
30
6
1
1
18
2
9
360
44
31
434
6
301
451
15
1
30
19
4
11
1
21
4
14
35
47
386
251
219
16
28
24
21
44
1
36
3
18
15
1
38
50
17
175
2
43
7
14
42
6
1
2
99
66
1
1
3
7
57
231
134
49
13
2
36
27
3
6
6
7
8
159
24
39
19
1
2
5
15
25
51
9
57
9
93
108
137
4
86
15
24
23
12
84
137
25
35
16
61
8
63
45
139
69
19
58
34
6
28
2
3
18
2
1
325
31
356
18
189
138
11
78
64
23
7
5
1
41
18
53
54
8
71
27
13
6
58
76
116
11
3
409
12
24
50
45
32
92
26
30
45
122
31
2
103
87
4
16
34
112
18
2
192
13
9
147
1
4
5
73
1
49
191
95
31
14
1
103
25
30
3
10
10
4
18
18
56
3
34
20
30
23
21
26
4
14
11
10
17
63
88
178
134
6
5
54
25
25
27
7
50
1
202
52
16
43
3
20
39
14
2
22
1
1
21
215
3
440
38
57
41
46
23
188
3
128
110
1
2
300
5
6
40
45
1
10
13
61
33
46
7
34
130
71
92
13
52
17
214
82
3
19
26
273
1
6
17
2
74
2
37
96
23
43
3
65
6
4
13
125
137
140
2
1
26
62
353
36
431
69
1
1
32
37
67
22
23
26
101
152
8
132
15
305
1
15
70
18
1
258
10
41
57
1
10
22
73
276
81
1
20
43
12
34
10
30
62
45
2
115
9
147
108
44
86
129
154
1
12
10
206
41
28
18
18
3
17
41
1
88
140
3
35
4
88
88
52
13
374
332
157
32
170
75
16
207
1
30
19
108
168
8
119
23
45
174
6
2
12
5
422
37
12
39
51
50
29
17
87
120
136
102
34
10
5
5
23
129
6
3
48
161
7
21
21
64
1
64
2
2
4
66
27
25
108
1
268
11
11
101
4
85
1
4
35
17
1
21
9
3
3
41
39
40
9
5
10
75
28
1
19
18
12
115
80
22
135
59
44
5
137
314
9
116
66
16
18
1
42
20
4
26
157
10
6
4
7
4
3
2
22
1
3
3
62
29
10
32
17
3
69
77
162
1
294
53
1
46
8
21
23
18
80
155
105
4
5
24
124
21
7
55
42
141
21
1
32
16
61
44
6
3
201
7
124
267
36
23
78
108
8
71
6
1
33
12
2
2
20
1
105
79
98
57
24
4
120
26
189
60
30
10
62
30
17
132
48
71
4
18
2
3
95
2
63
7
36
78
16
2
15
11
88
58
89
113
11
1
40
38
22
11
12
15
1
99
37
302
41
43
37
13
11
7
80
1
1
2
38
5
39
38
33
6
69
6
14
4
8
5
8
411
2
10
120
85
1
13
1
29
87
24
16
33
41
57
137
6
1
142
23
35
76
242
113
55
11
21
11
13
47
2
63
45
305
13
23
148
320
7
9
4
211
26
312
51
80
61
553
21
23
10
56
151
3
1
31
33
80
40
6
143
34
16
10
3
179
90
69
11
46
328
69
184
42
103
10
1
1
124
146
4
257
1
5
86
89
283
78
8
22
535
5
2
28
5
7
10
6
234
3
16
98
9
2
2
15
20
476
4
2
3
357
1
8
11
65
100
15
67
11
9
5
100
13
3
77
511
109
65
52
1
3
92
1
58
57
56
1
1
12
1
1
1
1
57
1
1
1
1
1
8
77
48
37
4
4
1
53
69
52
3
2
7
3
5
5
1
2
22
58
15
63
1
5
57
1
1
2
11
17
1
3
57
10
3
1
2
2
1
1
1
1
2
10
1
10
17
1
1
5
10
1
1
1
2
2
81
1
1
2
3
2
1
1
1
14
5
1
1
1
1
4
43
1
8
1
1
1
2
1
138
2
1
1
2
1
6
1
3
13
4
28
1
1
2
8
25
75
11
7
1
6
28
12
1
1
37
1
1
23
3
10
1
71
1
1
3
1
10
13
1
2
1
1
2
1
1
1
2
3
4
36
2
1
1
71
1
1
5
5
1
95
1
1
13
1
1
3
39
9
1
76
3
5
4
14
3
1
2
1
69
1
1
8
2
1
1
3
34
4
6
5
5
18
2
4
1
10
75
18
6
106
56
1
17
51
2
4
26
2
1
1
1
2
2
1
2
2
1
1
4
1
1
29
1
3
1
37
1
1
8
3
1
4
3
1
22
1
1
7
2
2
97
1
17
77
9
4
3
1
2
3
156
1
2
4
1
1
1
1
1
2
2
1
7
160
1
1
2
1
1
37
24
22
3
3
2
1
1
196
1
1
4
1
1
1
5
1
10
20
1
2
1
1
1
1
1
1
6
1
332
8
1
1
1
2
1
1
2
1
3
1
1
1
1
1
3
1
1
86
1
3
2
1
8
1
1
1
1
2
4
32
94
28
20
33
36
2
1
1
1
1
1
1
1
1
6
2
1
1
2
1
6
1
2
1
1
1
1
1
11
1
2
1
1
3
56
1
1
1
1
1
1
1
1
1
1
1
1
1
2
1
1
1
1
2
1
1
3
1
1
1
1
1
1
1
1
1
7
1
1
1
1
1
1
1
1
4
1
1
1
1
1
1
2
5
4
1
1
2
1
1
2
1
1
1
1
4
35
1
2
2
1
1
12
4
1
12
1
1
1
3
6
32
6
1
7
4
14
4
1
1
2
2
9
61
1
2
6
1
109
18
8
1
80
94
8
1
2
1
1
3
1
1
5
2
1
1
2
19
2
1
10
6
3
1
6
1
22
6
3
1
4
1
1
86
13
1
78
4
4
1
6
292
93
1
1
1
1
1
1
1
2
3
1
1
1
1
1
1
1
2
1
1
1
3
5
2
1
2
7
4
15
1
4
1
1
7
1
2
107
1
1
71
43
1
96
3
1
1
2
1
6
1
1
1
2
1
1
1
1
1
2
1
1
1
1
35
5
1
2
3
1
2
20
13
1
1
1
1
7
1
8
4
5
65
1
1
2
2
3
6
1
1
1
3
4
5
1
1
1
3
1
67
3
5
1
1
2
5
28
1
191
2
1
1
19
18
1
10
1
2
3
11
2
4
2
1
7
5
3
1
1
3
2
1
1
1
1
1
1
1
3
5
3
1
1
1
6
2
1
2
1
7
1
1
1
1
1
1
2
1
5
1
2
2
1
2
1
319
6
1
2
1
1
1
1
2
1
1
1
45
1
1
1
1
1
8
1
1
1
1
5
1
3
322
1
6
1
37
19
14
1
3
11
12
1
1
1
24
8
6
46
6
2
1
6
3
1
1
71
1
1
42
1
10
1
1
1
287
21
3
1
82
4
1
1
8
1
61
1
1
1
1
1
16
1
1
1
2
242
13
8
4
19
5
1
1
1
1
1
1
1
1
84
1
1
1
2
77
1
46
1
31
85
5
3
2
1
3
1
1
2
1
2
4
1
1
1
1
2
390
1
1
1
1
1
85
1
1
1
2
69
1
1
1
2
1
2
1
1
1
3
1
2
3
5
14
64
1
13
3
1
40
34
10
11
1
2
4
3
12
10
21
1
42
13
38
2
53
4
1
42
15
8
66
8
13
2
2
2
1
1
1
4
1
10
2
32
1
4
96
58
1
5
1
1
18
1
10
1
4
1
1
7
3
1
30
16
2
3
20
1
31
2
1
1
1
2
1
2
17
1
1
1
4
1
1
2
18
2
1
11
1
4
1
9
1
3
1
3
1
1
1
1
1
1
5
1
10
3
50
1
25
2
1
1
1
1
4
1
1
1
1
273
19
2
1
4
1
1
1
1
5
1
5
1
1
1
27
1
3
1
1
187
8
1
2
126
1
1
1
2
1
1
1
1
1
1
1
8
2
2
55
1
2
1
8
31
2
22
36
2
17
1
17
91
3
4
1
35
44
5
16
7
1
1
1
3
2
117
1
1
2
1
3
7
3
1
16
13
8
2
1
13
1
1
67
2
1
3
3
2
4
2
6
1
1
3
1
36
44
2
1
96
13
1
4
1
1
5
58
9
5
2
1
1
1
16
36
1
56
1
1
1
1
4
1
9
1
10
2
1
1
1
1
10
2
2
1
15
172
1
2
1
1
16
1
2
3
2
1
3
59
2
2
1
1
1
1
31
1
15
1
1
2
1
1
1
1
1
1
2
1
1
1
14
3
159
1
3
1
1
2
1
1
1
1
1
1
1
2
1
33
1
2
1
1
1
1
8
4
1
1
1
1
1
1
1
1
1
38
1
75
1
2
1
1
5
1
1
1
1
2
2
1
1
5
9
1
2
2
1
3
92
4
1
1
1
2
1
2
1
2
2
52
1
1
16
1
2
1
439
13
3
1
1
1
1
2
1
8
1
1
1
314
30
3
1
1
1
2
1
1
1
22
1
1
28
1
1
94
3
1
1
20
16
1
1
1
1
1
1
1
4
1
1
1
4
1
1
4
1
6
1
2
41
4
1
8
4
4
1
2
3
1
48
1
2
1
5
1
32
3
1
2
1
7
4
1
1
1
1
45
3
1
2
4
1
96
1
2
4
6
1
1
21
2
2
1
128
39
13
41
12
60
14
7
5
1
1
1
1
1
1
1
1
22
1
1
7
3
1
1
2
1
3
82
28
1
2
1
3
4
2
50
4
9
13
5
4
3
1
25
13
1
1
8
3
1
11
6
1
2
12
21
1
15
19
4
5
2
44
29
1
1
69
8
1
1
8
7
3
5
1
14
2
1
1
4
1
5
1
4
5
3
1
1
3
12
2
3
1
1
1
5
1
5
42
1
2
102
5
2
4
13
13
4
1
10
9
2
67
15
3
30
48
1
2
2
1
1
133
1
1
316
1
3
14
7
1
2
23
1
3
1
2
1
11
1
1
6
1
4
75
1
1
1
4
1
1
2
1
1
94
15
55
5
8
12
3
10
2
5
1
1
5
13
2
5
3
83
50
3
4
3
1
2
4
1
4
3
9
1
12
9
7
1
31
1
1
1
1
4
2
2
1
3
5
4
3
1
1
8
3
53
14
131
8
27
22
2
1
3
3
5
1
1
131
1
4
1
1
1
1
1
2
1
1
1
7
1
1
32
6
5
47
11
5
9
36
1
1
1
4
1
11
1
1
1
1
1
5
1
1
1
3
5
1
1
1
1
4
21
11
2
1
21
17
1
180
5
1
1
53
1
2
313
73
17
1
4
5
3
4
1
20
4
2
1
1
1
1
1
2
1
1
1
1
2
2
1
1
4
1
2
6
1
2
1
4
1
1
1
1
1
2
36
1
1
1
1
75
1
1
5
1
1
1
1
2
1
5
1
1
1
5
1
1
2
1
1
1
1
1
3
4
6
1
22
2
112
1
8
1
1
2
2
1
5
1
1
2
1
1
247
1
2
6
3
78
1
1
1
1
1
9
6
1
1
1
5
1
1
5
2
2
3
2
1
2
2
14
99
2
1
1
1
2
10
1
2
1
1
1
2
1
1
5
5
1
2
5
1
2
6
1
1
1
128
1
2
1
5
1
2
1
3
2
36
7
1
22
1
1
1
4
1
15
13
2
20
1
1
61
24
3
1
3
8
1
100
1
3
1
11
2
1
1
1
1
2
7
3
5
1
2
1
1
1
2
4
3
41
7
1
1
1
1
3
2
2
1
5
1
2
1
111
17
2
1
119
3
1
1
21
1
1
1
4
1
1
10
5
36
5
5
1
1
1
1
1
1
1
1
1
114
1
1
2
1
1
1
28
23
1
2
1
2
1
1
3
32
10
1
6
1
1
57
2
1
2
3
12
1
13
42
3
3
44
61
5
1
4
3
38
15
5
1
18
1
2
3
18
20
2
1
5
2
1
1
5
3
1
2
4
8
86
43
4
4
1
2
1
1
16
1
10
16
1
3
2
1
1
10
1
11
1
1
2
79
4
77
1
1
2
29
7
2
1
1
1
1
1
2
4
2
3
1
113
1
1
1
1
1
4
1
2
2
1
6
1
1
1
1
1
2
1
1
144
1
2
5
1
1
1
5
5
70
2
3
1
1
1
1
1
1
12
1
3
1
1
19
1
1
83
1
1
1
1
1
1
2
86
1
15
1
39
4
6
1
5
1
1
2
142
43
4
1
2
9
3
1
1
1
1
1
1
2
1
2
1
1
1
1
4
1
1
1
1
2
3
25
1
1
1
1
2
1
1
1
3
5
26
1
89
1
1
1
7
2
2
1
1
3
2
2
48
1
8
1
1
2
1
1
14
1
2
1
1
1
24
59
3
1
2
1
1
1
1
1
1
23
1
1
47
1
1
1
1
1
1
9
3
30
3
1
4
5
4
1
1
2
5
11
17
2
3
10
40
1
72
2
5
2
6
3
3
1
1
11
5
1
2
47
1
1
5
3
2
1
2
2
1
1
1
1
3
1
2
61
1
1
1
1
1
1
1
1
1
1
6
3
6
3
6
1
3
1
2
2
2
1
2
3
1
2
1
2
1
3
1
1
1
2
1
8
5
1
1
2
10
1
1
1
4
1
1
1
8
36
71
5
1
3
1
1
1
3
26
1
2
1
1
2
2
14
1
3
1
2
2
2
1
3
1
40
1
338
1
2
1
1
1
2
3
2
2
1
2
55
51
1
2
2
9
1
2
3
4
1
2
12
2
36
1
2
234
180
80
8
21
19
1
4
7
1
26
6
7
1
7
67
4
9
1
1
3
1
46
3
2
2
5
1
1
1
3
3
1
1
2
1
3
2
2
4
2
1
1
19
2
1
1
1
11
6
3
99
2
1
1
4
1
3
7
4
2
19
4
1
2
60
1
8
35
79
1
3
1
10
1
1
2
114
1
2
1
1
1
2
2
1
1
5
11
1
6
3
2
27
4
2
20
1
75
1
2
1
2
5
1
1
1
1
15
2
5
1
2
11
9
1
1
13
32
2
1
2
145
4
52
2
3
1
1
1
4
1
2
1
2
5
1
6
2
3
1
1
1
1
1
1
1
3
1
1
1
1
2
4
2
1
1
3
1
1
1
1
4
1
1
28
6
2
2
1
4
40
1
1
2
1
1
1
42
1
1
1
1
1
1
2
2
2
3
1
2
1
5
3
1
2
2
2
1
2
1
1
1
1
1
1
1
3
1
2
3
2
2
4
1
4
1
1
3
2
1
1
23
2
1
5
1
5
1
1
1
1
1
1
1
167
2
4
1
7
1
2
1
2
12
1
3
1
1
4
2
1
3
6
2
1
1
1
1
3
1
1
1
1
1
210
1
1
4
1
2
17
1
1
2
1
46
1
1
1
59
3
1
1
1
2
1
97
5
19
7
10
3
1
2
3
2
1
1
7
1
2
1
1
2
1
1
57
3
1
1
1
10
1
1
1
1
1
1
1
1
1
1
2
1
1
2
1
1
1
1
1
1
1
16
16
12
2
7
1
1
4
4
19
98
3
9
1
5
1
1
1
3
5
3
82
5
8
7
3
24
49
1
4
189
14
2
2
185
1
10
2
8
2
1
1
1
1
1
2
3
50
1
1
1
4
1
1
2
47
1
1
2
1
1
2
1
1
2
1
6
1
7
13
1
3
1
6
4
27
20
3
1
5
2
7
1
1
5
1
1
1
1
1
1
3
2
3
1
1
3
2
1
1
1
3
1
6
1
1
1
2
1
5
1
23
9
4
1
1
2
12
3
2
1
1
1
1
2
1
1
2
4
75
1
1
1
1
1
1
1
1
1
3
1
1
1
2
36
66
1
3
1
8
4
2
6
55
8
1
1
1
1
1
9
1
8
5
6
1
225
1
1
2
8
156
1
6
143
1
54
17
1
2
5
1
1
1
14
1
1
5
1
1
1
1
3
1
2
1
1
1
1
1
5
12
2
1
18
1
1
1
3
1
8
1
1
8
1
1
1
1
1
133
2
2
1
1
1
6
8
1
59
4
16
2
1
1
2
1
1
7
69
1
3
113
1
2
1
5
1
1
1
81
4
1
1
8
1
5
2
1
2
11
1
1
1
2
1
1
1
2
1
1
1
31
1
1
2
1
1
1
6
2
2
43
1
1
24
1
1
1
2
1
1
1
1
1
8
1
1
3
2
2
91
1
74
1
3
2
3
1
1
1
2
1
1
8
75
1
3
2
1
1
1
1
1
109
1
8
5
28
121
3
8
14
55
3
1
5
1
1
2
88
1
1
1
1
33
1
7
4
1
2
1
1
1
80
6
4
1
2
5
1
2
4
1
3
2
2
1
1
4
11
2
100
1
1
1
1
2
1
2
2
1
1
3
2
1
1
4
1
1
1
2
1
1
1
1
2
1
2
5
3
1
2
1
1
1
2
1
2
124
1
2
2
2
3
31
1
2
1
3
89
94
2
3
1
1
1
1
1
4
19
1
2
1
8
10
68
1
17
1
2
1
1
1
1
1
2
1
1
5
16
2
1
1
1
1
1
3
1
1
1
3
2
3
14
5
5
7
24
352
48
1
4
1
18
1
1
85
10
6
154
4
2
1
1
1
1
1
2
17
29
1
1
2
3
2
2
2
1
9
3
1
18
3
2
1
1
3
45
22
1
3
1
3
2
1
1
2
1
67
39
23
2
21
1
1
50
1
1
2
1
31
1
2
2
1
4
1
4
4
2
28
4
70
4
3
6
5
1
4
2
3
5
38
14
6
122
2
8
4
1
1
47
9
5
3
1
5
16
1
2
7
2
6
2
1
4
1
1
1
5
1
12
10
5
2
2
1
2
3
2
88
6
1
2
1
1
3
14
1
1
1
2
3
14
2
2
169
10
1
1
8
9
5
1
2
5
19
3
1
4
1
4
1
1
1
1
2
2
8
1
3
1
3
10
31
1
19
1
305
11
1
3
44
2
18
3
8
2
33
3
1
3
1
1
1
2
5
1
1
1
3
1
1
1
6
1
1
253
1
1
1
2
1
1
4
5
1
1
1
1
1
5
1
1
12
5
1
27
29
1
1
1
2
2
3
1
2
1
2
2
2
2
1
4
1
5
4
2
1
3
182
1
1
2
52
1
1
1
1
1
1
1
2
1
4
1
33
1
1
2
1
1
1
1
27
3
1
2
1
1
1
18
22
1
11
1
2
1
3
94
1
1
1
1
1
27
1
2
2
1
1
2
1
1
1
2
1
2
3
1
1
1
1
1
2
4
1
14
4
2
3
9
2
2
4
5
92
1
3
1
22
1
2
1
1
1
2
1
1
1
2
1
1
2
3
2
1
1
1
1
2
3
1
3
4
66
48
1
1
1
1
24
1
13
3
2
1
1
2
2
3
1
1
1
1
1
1
1
3
1
5
2
1
1
1
3
11
9
1
1
1
1
47
1
1
1
2
2
51
1
4
1
1
2
1
3
16
2
1
1
4
1
2
1
1
1
2
2
7
1
2
19
107
3
2
1
1
35
1
88
6
3
1
2
2
5
3
61
1
3
2
1
1
1
2
2
1
2
1
3
1
3
2
1
3
1
1
1
1
3
4
2
1
6
1
1
1
1
1
1
1
69
25
1
3
7
304
5
121
14
18
96
3
125
20
1
1
3
23
12
36
1
1
3
60
1
78
30
14
1
6
4
10
1
1
1
371
2
19
1
2
1
2
1
150
1
1
2
149
7
2
1
1
5
1
1
2
1
1
1
2
1
4
1
1
1
8
3
3
4
1
1
18
1
2
1
2
1
3
1
1
3
24
1
1
14
2
22
5
12
15
18
1
7
9
3
1
2
41
1
22
1
36
4
9
3
26
1
14
58
1
21
2
14
1
8
6
1
16
10
6
25
10
4
164
1
8
31
27
5
10
13
107
5
3
1
5
11
4
2
5
5
5
26
53
268
6
24
272
3
1
5
109
31
11
17
11
10
1
162
28
11
34
2
1
1
2
8
13
3
40
1
106
1
5
3
1
5
1
1
1
1
1
2
2
2
41
18
1
1
8
33
10
21
1
5
3
1
1
1
1
1
2
1
1
1
5
17
1
1
1
1
1
1
1
2
19
86
2
6
31
1
1
1
1
2
12
1
13
2
2
6
8
1
29
1
57
4
1
1
2
1
1
1
1
22
1
1
1
2
1
1
1
1
1
1
1
1
63
2
1
1
5
7
1
18
1
2
3
4
78
11
71
5
3
3
12
3
1
11
1
1
80
4
21
2
72
3
9
23
1
48
1
1
1
3
1
1
1
1
1
1
1
1
4
1
2
1
10
1
168
1
1
1
22
1
1
1
78
4
1
1
1
1
75
1
6
1
2
13
3
1
1
1
1
1
1
2
1
1
2
2
1
42
1
1
1
64
3
33
2
9
42
1
4
3
4
3
15
1
1
1
1
2
1
1
6
2
3
5
3
1
74
30
1
1
1
1
1
1
1
1
2
10
3
27
6
1
1
29
1
1
19
2
4
1
1
1
1
1
1
2
15
1
73
61
1
5
1
4
3
1
1
7
3
3
1
1
1
29
1
1
1
1
1
52
246
1
2
1
1
1
1
1
2
16
8
6
1
1
4
6
1
4
2
2
1
1
8
13
237
1
13
50
1
1
1
1
1
1
1
1
1
1
1
1
2
36
2
1
91
1
1
2
66
1
2
2
1
2
2
1
1
8
1
1
1
1
1
10
11
2
2
1
1
1
1
1
2
1
1
14
1
1
1
2
1
1
2
1
2
1
2
24
3
2
1
1
8
13
102
1
2
1
1
31
1
1
1
1
1
2
2
1
1
1
1
1
1
1
1
2
1
20
10
1
22
1
1
1
9
1
8
1
158
13
6
10
1
1
4
7
51
1
1
1
2
1
1
1
1
1
1
1
292
2
2
47
10
41
54
15
1
8
1
5
1
10
5
2
24
1
3
3
20
1
2
1
1
2
1
2
2
1
2
2
1
1
1
51
54
1
1
10
2
1
6
1
28
1
1
2
2
1
4
3
3
2
4
3
1
1
1
1
1
1
48
1
1
2
1
1
1
2
8
1
1
1
2
23
4
1
31
2
13
1
8
2
10
95
2
19
7
2
1
2
1
2
2
2
7
4
149
86
1
35
2
59
99
1
1
1
1
1
10
3
1
2
2
19
1
1
1
1
1
1
86
1
5
3
1
65
4
2
3
4
2
80
1
23
2
4
4
32
1
1
1
3
2
4
3
1
280
3
1
4
21
1
2
2
15
144
1
2
1
4
1
2
1
3
1
1
2
1
1
82
1
2
1
1
2
1
2
2
1
1
2
1
1
1
2
1
1
20
1
10
2
10
1
14
54
7
16
1
1
1
1
1
1
3
17
4
2
1
2
17
4
6
1
7
1
1
5
1
3
11
1
2
1
2
1
1
3
47
1
1
1
1
1
1
1
1
1
1
1
48
102
5
1
42
67
5
4
10
2
2
2
3
1
13
1
1
1
3
22
2
1
1
1
1
4
84
2
63
1
1
2
2
7
13
1
172
3
6
1
1
1
1
1
21
1
1
2
1
1
15
1
1
14
1
1
1
11
3
20
1
1
1
2
1
1
1
14
1
1
4
1
6
1
19
114
11
66
1
1
1
1
2
1
1
1
2
2
2
1
1
4
1
9
3
1
1
102
1
1
3
1
1
4
4
1
1
49
1
1
1
1
1
24
1
1
1
1
1
1
23
1
1
1
13
6
4
1
1
1
1
1
7
7
7
3
1
1
4
3
1
1
1
57
1
1
1
1
1
19
4
2
12
15
1
18
1
61
1
1
1
2
1
1
1
1
36
1
1
2
1
6
17
76
2
2
1
2
1
1
1
7
6
1
7
7
1
1
1
14
9
10
1
1
4
1
1
11
1
1
1
1
1
1
1
1
1
1
1
1
3
1
1
1
1
2
8
1
1
130
1
11
1
1
16
1
33
3
1
2
1
17
18
1
3
1
3
3
2
41
3
4
29
1
52
18
23
3
7
10
4
4
65
1
5
52
1
4
2
2
5
1
47
1
3
2
41
1
2
1
1
2
1
6
2
1
1
1
1
1
1
1
13
1
17
1
13
10
1
16
1
22
1
3
1
10
3
36
14
3
5
1
1
1
1
13
115
1
5
1
68
11
1
1
1
1
6
1
1
1
3
1
1
17
9
1
3
1
1
1
1
1
2
102
1
3
1
2
1
1
2
5
1
1
95
1
1
1
1
1
38
30
27
4
5
2
2
1
24
5
4
35
1
1
133
4
12
109
65
2
1
1
5
18
3
134
1
1
2
1
1
6
1
2
6
11
1
1
2
1
1
2
1
25
1
2
2
1
1
1
22
1
1
1
1
8
1
1
7
1
4
4
2
7
8
11
1
3
1
3
1
9
5
1
53
4
1
37
1
2
5
1
6
29
1
1
20
1
5
2
2
10
1
2
3
2
1
1
6
3
1
1
1
7
1
1
1
3
1
1
1
1
1
63
9
1
1
1
3
1
11
5
5
4
79
1
4
2
8
6
7
1
1
1
2
12
1
1
10
2
142
79
2
1
1
1
364
2
1
1
98
44
39
1
2
4
1
1
2
1
1
3
162
1
1
1
15
3
2
1
4
50
3
1
3
1
1
1
55
53
1
1
6
10
2
1
6
1
1
25
2
5
44
1
1
1
1
1
1
4
2
2
3
1
45
1
1
1
3
5
4
1
7
1
2
9
34
1
1
1
1
1
4
1
1
1
1
1
1
19
2
3
1
1
4
88
1
1
1
2
5
3
99
16
69
1
1
1
3
25
1
1
5
1
30
1
1
1
46
1
4
1
1
1
14
1
6
8
1
32
33
4
3
6
1
4
1
6
1
1
53
1
1
1
2
4
1
8
1
1
1
20
8
1
2
2
7
5
165
1
1
2
3
2
4
15
7
11
3
99
4
1
4
21
6
13
1
12
1
38
1
1
2
3
1
1
79
1
6
1
21
5
1
4
9
30
87
23
2
1
72
5
5
7
3
1
1
1
1
11
8
1
2
23
1
1
1
1
1
1
7
1
1
1
1
3
20
37
1
1
1
3
1
4
1
1
1
1
3
1
8
2
1
1
1
1
1
2
5
16
1
22
20
2
3
1
1
2
2
26
1
1
11
87
3
76
60
1
75
1
5
2
13
9
1
20
7
19
4
1
1
1
6
1
4
23
2
1
1
1
3
1
1
2
1
1
1
1
8
1
2
1
8
1
1
2
25
3
11
15
12
286
1
7
1
8
1
1
1
1
1
1
329
1
1
1
2
1
20
15
2
1
1
4
1
7
1
1
58
1
5
1
2
1
9
27
2
21
1
5
44
1
2
1
2
1
1
2
1
221
4
5
1
1
1
1
1
2
1
5
5
3
1
33
1
1
1
1
2
1
1
4
1
1
1
3
2
5
45
1
1
1
1
1
1
1
1
1
73
3
1
1
1
15
1
1
1
1
1
396
7
1
1
1
2
3
1
16
1
1
1
1
13
6
3
22
1
6
1
1
9
1
1
2
1
1
93
11
10
1
2
32
19
2
1
2
3
5
12
1
6
1
6
1
2
20
9
1
1
97
52
1
1
1
12
1
10
27
8
2
2
1
45
1
1
1
1
1
187
146
10
67
1
1
1
1
1
6
3
1
1
1
1
38
155
70
10
1
84
2
22
1
12
1
5
1
1
1
19
1
1
14
1
1
1
1
1
3
1
3
2
1
1
1
2
40
1
1
2
1
1
20
2
2
1
1
2
12
1
1
1
2
1
1
1
1
1
1
2
2
1
1
1
1
12
1
1
12
1
2
65
2
12
1
1
3
229
26
3
2
28
4
40
120
1
8
3
12
1
1
11
2
1
24
30
3
2
1
1
1
11
1
63
10
6
1
1
2
54
1
1
1
2
1
1
1
1
11
1
2
1
1
2
1
1
2
50
1
1
2
1
1
1
6
1
1
2
2
1
5
1
16
1
23
51
77
21
2
1
3
18
75
6
1
2
4
4
1
1
1
1
2
10
3
7
21
1
1
7
1
1
2
1
128
2
4
1
25
3
1
9
1
7
37
3
16
7
1
26
4
1
1
8
1
2
2
3
51
8
4
6
1
1
1
1
1
1
1
1
1
1
9
39
10
2
3
2
1
1
1
89
1
2
7
1
1
1
1
1
1
1
2
4
1
2
1
1
1
1
1
2
1
1
1
1
1
2
1
1
1
1
1
1
2
1
3
1
110
1
1
1
2
22
124
1
2
1
1
9
1
7
1
406
1
1
1
1
1
1
3
2
1
1
1
135
2
15
1
1
2
1
1
1
2
1
3
4
82
1
2
1
1
1
1
1
8
1
1
16
1
1
1
114
4
1
1
8
1
1
1
4
1
1
1
3
1
4
1
1
2
4
1
11
1
1
2
36
1
1
2
282
2
2
1
2
1
1
2
5
1
1
1
1
2
2
169
1
1
1
1
1
1
1
1
3
1
1
1
1
1
2
1
1
1
1
1
1
2
1
1
1
4
1
1
1
1
1
1
1
2
1
10
1
13
6
10
4
15
1
48
1
1
1
2
3
1
101
1
1
1
20
27
96
1
4
64
9
2
21
2
16
7
164
3
62
1
3
4
7
4
1
5
4
134
4
17
1
5
1
3
108
3
1
1
1
1
13
1
1
1
2
5
131
1
2
5
4
6
1
1
2
5
1
3
3
10
16
3
40
1
2
3
1
33
1
2
1
2
15
14
15
62
1
1
45
14
47
76
2
1
1
1
2
1
1
1
4
7
1
13
1
2
1
1
1
1
3
1
2
27
9
1
1
7
1
8
34
1
1
1
1
5
23
11
1
5
1
9
1
1
5
130
2
1
1
9
2
2
3
1
46
1
2
2
79
25
31
6
1
5
3
20
2
3
1
5
1
1
1
78
3
5
6
35
2
12
1
1
1
1
1
4
1
1
6
9
1
2
1
82
2
2
1
1
2
2
3
1
1
2
2
5
1
1
10
1
1
4
11
12
1
1
58
2
1
1
10
36
3
7
17
165
6
1
1
23
1
7
10
17
24
1
1
7
2
2
2
116
1
9
1
2
3
1
5
121
2
7
1
2
40
7
14
1
2
1
17
6
1
122
7
1
1
2
1
1
1
7
7
3
1
1
1
1
18
1
6
1
2
164
6
1
1
85
1
2
38
13
1
1
1
3
1
52
10
3
1
1
1
10
301
1
2
11
3
1
2
2
1
5
1
1
1
1
1
32
2
10
4
1
1
2
1
1
1
4
1
7
1
21
1
26
5
4
1
2
10
2
1
4
1
13
3
1
3
1
1
1
1
2
1
1
5
6
1
2
4
2
3
1
1
2
2
1
1
3
1
2
102
5
14
4
1
1
1
1
1
6
154
1
7
1
18
414
1
2
1
1
1
3
4
4
1
12
1
1
1
6
1
1
3
2
2
3
1
51
1
7
13
5
83
1
1
1
5
2
1
1
29
177
10
1
2
2
1
1
3
8
4
6
13
3
1
1
1
4
20
8
1
1
1
1
1
1
1
4
6
1
2
1
1
13
1
1
4
3
1
1
57
245
1
1
3
1
1
1
11
10
1
2
2
1
1
2
420
2
5
3
1
4
1
12
1
10
1
1
2
1
1
1
1
2
1
1
2
1
2
1
20
1
1
2
1
1
18
1
5
3
5
1
3
3
4
2
3
1
46
181
1
1
3
1
1
1
2
4
1
1
1
1
2
3
1
1
1
2
1
1
1
52
1
2
6
1
1
1
30
5
60
10
42
10
25
30
1
2
19
6
1
1
290
8
1
1
7
2
43
2
1
5
2
27
1
8
49
9
1
7
1
1
31
35
30
1
2
3
5
12
3
2
1
1
1
4
2
4
6
1
1
1
2
1
5
2
4
3
1
2
3
7
4
1
29
4
45
4
90
1
137
107
1
16
1
1
1
2
1
1
2
135
22
6
1
2
1
1
1
1
2
7
3
2
2
1
3
2
64
1
1
111
1
2
1
1
20
2
13
6
9
1
1
1
6
1
9
4
8
17
11
3
2
3
2
1
1
4
1
5
5
2
2
6
2
6
11
1
278
261
323
17
1
1
1
4
2
1
1
1
5
1
15
8
8
4
12
46
18
1
5
5
16
3
1
4
88
2
10
1
39
1
4
1
3
15
12
2
2
5
7
1
2
1
2
2
1
5
7
290
1
1
1
1
1
1
31
6
3
4
26
34
16
1
1
1
21
22
2
3
3
13
1
4
1
3
20
10
1
5
1
2
1
1
11
3
1
6
1
1
1
2
1
22
1
1
2
7
1
5
3
5
1
2
1
1
17
9
3
5
3
1
15
2
19
1
16
42
1
1
1
4
1
3
1
3
6
2
1
1
1
42
1
1
1
11
1
1
9
13
6
1
1
2
3
10
5
2
1
3
1
1
2
109
6
1
63
2
11
5
1
6
1
1
2
14
1
6
103
1
5
2
1
20
1
1
6
1
15
1
1
1
14
1
1
3
1
9
4
1
1
1
24
1
24
4
23
1
1
3
1
2
37
1
4
3
1
1
1
1
1
1
1
1
1
1
1
1
2
1
1
1
2
1
1
2
1
1
219
57
1
1
1
39
16
2
2
1
2
1
1
66
1
14
3
2
1
36
2
6
1
1
1
2
115
75
15
15
1
1
1
6
94
2
2
1
1
1
3
1
1
1
42
3
8
2
122
5
2
1
29
1
1
6
4
1
12
2
1
6
1
51
3
5
11
2
5
1
1
1
1
1
2
2
11
2
1
262
3
35
48
1
3
1
20
67
1
6
1
1
1
1
7
11
2
2
10
2
94
3
3
63
1
3
8
1
2
3
1
2
1
1
1
1
3
7
1
1
1
1
1
5
9
4
1
1
4
46
25
2
1
59
3
2
2
60
2
2
6
1
1
3
2
118
8
52
26
1
27
1
4
1
1
1
1
1
1
1
1
1
1
14
2
1
1
20
1
9
8
1
1
1
69
48
9
228
4
6
98
3
1
3
6
28
2
14
3
3
9
5
2
1
1
1
77
1
1
1
110
1
1
1
1
30
2
1
3
8
7
5
11
10
17
3
5
1
7
1
1
1
4
8
167
2
9
11
1
3
1
6
1
1
125
132
2
1
1
1
4
1
1
8
1
4
1
1
1
1
1
1
1
1
1
1
2
1
1
9
1
1
7
6
17
11
1
44
2
1
1
6
1
2
1
2
1
1
1
1
4
8
4
4
72
1
1
1
16
61
12
41
3
1
3
9
3
15
1
1
1
10
2
1
5
14
2
1
2
2
12
7
9
9
3
46
13
116
2
2
28
1
1
1
1
2
13
1
22
28
2
296
1
89
16
2
137
58
30
1
3
90
2
100
2
1
63
1
8
24
1
2
1
3
4
2
1
3
40
18
2
8
1
2
1
2
1
3
1
1
3
1
1
7
1
2
1
1
2
2
4
8
53
1
1
2
1
1
7
2
1
1
10
3
1
1
2
2
2
1
1
3
1
1
1
1
1
1
4
52
2
2
1
1
2
1
67
32
48
2
1
2
1
43
9
1
1
1
33
1
1
1
12
4
4
1
3
6
18
31
3
4
6
2
27
18
2
13
113
2
29
1
1
89
2
8
69
45
2
128
37
11
1
6
1
1
5
1
1
37
32
3
1
9
4
10
1
9
1
12
2
3
5
1
3
6
34
4
78
3
7
1
2
6
3
41
9
2
2
7
1
1
1
6
1
30
68
11
1
1
63
1
1
55
1
55
7
3
1
3
1
1
7
61
10
17
1
1
1
12
1
203
2
1
1
1
1
9
2
20
1
2
19
1
1
1
1
2
1
1
1
21
1
8
18
1
3
1
1
1
1
1
6
1
1
6
2
27
84
2
18
1
10
2
7
98
1
1
67
2
15
1
2
5
8
1
104
1
1
11
1
1
1
1
1
4
3
369
1
1
1
3
1
1
1
1
12
4
1
1
1
1
34
5
2
15
55
1
2
28
1
1
2
3
7
1
3
5
7
1
3
1
1
26
2
1
1
1
1
1
1
1
2
1
37
1
290
13
30
1
21
1
65
1
2
4
2
27
1
2
1
1
1
1
1
21
1
1
1
1
71
2
1
9
1
1
1
2
2
1
1
1
1
1
1
1
2
36
9
1
2
10
1
104
1
1
3
1
1
8
2
2
1
109
2
2
1
30
2
1
2
1
3
1
9
1
1
2
1
3
3
1
1
2
1
2
2
148
1
3
1
1
1
1
1
1
2
1
2
9
1
1
7
1
3
1
1
1
3
1
2
54
53
3
1
3
1
8
1
2
65
1
322
1
1
2
4
1
1
1
1
1
2
18
1
48
1
2
36
1
1
17
4
9
2
1
4
12
11
37
1
1
2
3
1
1
3
1
10
1
1
1
2
5
22
1
1
2
3
1
1
1
1
1
1
1
1
3
2
1
20
291
14
1
3
24
1
1
1
1
1
3
1
3
1
1
1
1
4
1
4
1
2
45
3
1
358
1
1
1
1
1
1
1
1
161
1
65
1
1
2
1
1
1
1
51
1
2
1
1
1
5
1
1
1
5
9
1
2
1
3
2
3
1
1
92
2
1
8
2
4
1
1
1
1
2
7
3
1
1
1
1
3
37
4
1
1
21
1
4
17
8
1
1
3
1
1
3
2
4
1
1
27
3
1
16
23
3
6
34
1
1
1
1
1
18
3
1
9
1
15
1
1
2
1
1
1
1
1
1
7
1
3
1
1
1
2
1
1
1
9
1
2
5
9
3
2
5
2
1
23
2
1
1
1
1
1
174
1
4
1
1
7
40
2
11
1
5
11
23
3
38
2
8
2
6
18
22
4
25
1
90
1
23
3
1
5
2
1
73
12
35
1
3
4
20
23
22
2
1
2
2
1
2
27
2
4
24
4
5
7
7
4
56
1
12
1
1
1
1
7
5
3
2
7
5
1
1
1
2
2
1
14
110
5
1
2
11
14
1
1
4
1
1
2
1
2
2
5
3
1
2
2
6
2
1
1
1
2
1
15
2
1
3
10
1
1
2
1
16
23
4
1
1
14
2
1
68
63
6
66
64
26
11
11
1
38
2
6
19
102
11
1
6
105
1
1
17
37
17
4
1
3
3
13
2
14
15
17
4
1
3
1
81
2
4
6
1
75
5
2
1
1
4
1
49
40
13
2
5
9
21
199
2
37
1
1
1
6
2
24
1
3
1
1
1
5
6
49
3
1
39
12
5
1
2
1
1
129
160
3
1
1
3
2
11
1
1
84
5
1
1
1
9
2
17
1
1
3
1
1
4
20
18
6
15
4
3
1
2
2
2
1
4
5
1
1
1
1
1
7
5
3
2
19
7
187
11
14
18
1
2
2
1
1
1
12
17
2
42
8
154
56
1
18
2
19
2
6
2
1
2
3
2
1
2
17
1
20
4
2
5
11
1
23
3
80
12
10
1
1
17
1
38
3
1
14
1
3
1
1
3
19
230
2
1
1
1
8
4
3
4
1
1
9
1
24
1
1
1
3
8
4
148
79
7
1
1
2
1
12
23
10
66
1
6
5
1
1
3
1
1
25
1
2
89
1
5
2
4
5
1
2
14
11
1
11
1
1
8
1
5
24
1
14
4
15
3
2
1
21
1
16
6
2
1
1
1
1
1
1
1
71
1
1
24
1
1
5
1
7
11
4
1
2
1
1
2
12
2
2
4
122
1
4
4
2
1
2
1
1
19
37
1
1
21
202
1
4
8
113
41
4
3
3
1
1
1
2
1
3
1
3
301
123
3
1
71
17
47
1
2
1
2
2
3
1
1
37
389
28
4
8
52
1
26
4
1
1
4
6
6
4
7
2
24
1
21
51
6
2
6
23
82
3
15
4
71
3
9
1
5
18
2
6
2
1
1
7
4
20
1
1
2
6
7
2
17
8
4
7
11
1
5
2
20
2
125
1
2
9
30
4
1
5
6
1
63
367
8
7
1
68
2
17
45
4
1
3
32
2
1
5
1
1
1
18
24
289
193
1
2
1
1
1
1
5
5
1
1
199
1
3
1
1
17
1
1
5
1
3
8
18
13
97
4
26
79
1
2
6
2
89
2
169
31
3
1
1
21
4
3
39
98
1
2
42
3
1
1
2
114
2
1
1
85
1
3
1
1
47
1
2
18
2
4
1
19
2
26
10
2
1
1
28
3
2
7
3
1
3
1
3
2
1
3
1
8
1
4
33
7
2
1
3
3
4
2
75
3
1
1
1
1
245
1
52
4
1
1
10
71
3
12
6
1
1
3
58
1
1
1
1
2
4
25
1
5
1
29
5
3
2
84
2
1
1
1
1
1
1
1
161
1
1
3
11
2
1
1
1
1
2
2
2
125
1
28
1
4
1
2
11
1
2
1
1
4
6
6
10
1
2
1
112
1
2
58
1
1
7
1
2
8
3
1
1
17
23
56
7
1
1
2
21
1
1
2
2
1
1
1
1
6
3
1
1
3
2
1
6
18
1
10
3
3
1
133
8
179
1
3
22
5
2
11
8
2
22
4
1
1
1
2
2
1
2
26
27
1
2
1
20
2
11
32
1
1
39
4
1
1
6
1
1
1
206
7
3
2
2
6
1
1
1
1
2
1
1
2
1
91
1
6
12
1
1
1
1
2
1
3
1
10
1
420
5
1
1
137
51
17
15
1
6
1
1
8
20
22
4
10
2
98
1
94
1
1
1
1
1
5
1
1
1
1
1
22
10
2
114
1
1
1
1
2
1
3
1
16
1
1
1
1
1
1
1
2
3
11
27
37
2
5
4
1
2
13
1
1
6
8
1
1
1
1
5
1
1
1
7
1
11
6
1
3
1
4
7
1
2
1
6
1
74
1
1
1
1
5
1
1
2
1
1
1
1
2
4
6
1
14
3
3
1
3
1
1
2
2
7
1
2
1
2
1
1
2
1
27
2
1
105
1
2
181
1
1
2
1
1
9
1
5
1
2
1
2
1
1
3
3
1
1
1
4
1
1
2
1
1
7
69
1
109
2
6
2
42
6
2
2
1
1
1
1
1
1
1
43
1
2
30
3
1
1
1
3
4
3
1
1
1
1
1
1
1
2
1
3
1
51
1
1
1
1
1
1
7
1
4
1
5
2
34
1
3
15
1
3
14
2
88
3
17
1
197
1
1
1
1
1
1
1
1
1
4
1
1
6
1
1
147
4
5
2
1
2
1
1
1
2
1
1
4
12
2
1
1
1
1
1
1
2
2
187
1
5
14
3
10
3
1
1
23
36
1
1
1
1
1
2
1
10
1
1
1
4
13
26
2
19
2
1
4
2
1
1
1
2
1
1
1
2
1
1
1
1
3
43
1
1
22
1
110
1
1
3
1
1
9
9
14
1
17
1
1
1
1
1
3
2
1
1
3
1
1
15
5
10
69
1
8
1
1
1
1
4
1
1
2
1
2
11
1
5
62
56
3
20
1
11
30
8
9
1
1
2
1
1
1
15
33
1
1
2
1
2
1
1
1
1
1
1
394
1
1
1
5
13
65
5
1
1
12
1
1
2
1
7
1
1
1
1
2
1
5
8
10
76
1
2
2
2
17
72
1
14
3
2
2
1
2
2
52
2
1
1
1
1
1
2
2
11
1
1
1
2
12
2
1
7
41
2
1
1
12
7
1
1
2
13
1
1
1
38
1
1
1
1
1
1
7
44
3
1
1
3
1
1
2
1
1
2
1
1
1
7
2
1
6
1
32
1
2
1
4
1
40
2
1
1
3
15
7
2
7
1
50
1
1
2
1
2
10
4
20
4
1
10
1
28
4
115
5
1
7
22
1
1
19
138
2
30
1
1
1
1
1
1
1
1
1
1
2
1
43
1
1
64
33
2
24
39
44
4
1
5
2
1
1
1
1
2
14
1
1
17
3
1
1
50
23
2
1
2
1
1
1
8
3
3
1
1
1
1
2
1
1
3
369
75
1
1
1
22
1
2
1
2
3
1
53
2
4
96
176
11
3
2
27
2
7
15
13
9
9
14
9
8
3
11
8
1
146
3
4
10
78
1
12
5
74
2
1
6
5
2
2
1
2
1
1
59
1
1
1
1
1
1
5
3
1
16
1
4
1
31
4
2
1
3
1
16
1
1
1
27
174
1
14
1
66
15
15
12
1
7
5
1
1
40
44
62
1
2
1
49
3
1
2
8
1
1
3
17
1
4
1
1
1
1
1
12
63
1
1
2
1
2
4
2
2
2
35
1
5
11
158
16
107
2
13
24
31
8
133
13
19
4
7
1
1
1
25
29
1
1
7
2
79
2
1
12
1
3
15
1
30
78
10
15
3
1
1
3
2
20
2
3
2
6
1
1
1
1
124
1
1
13
1
1
65
1
1
4
1
1
4
38
4
9
29
1
15
1
3
1
1
5
63
2
113
86
1
17
1
7
1
167
5
15
295
21
1
37
71
1
6
4
358
5
4
25
1
12
25
25
6
1
6
6
5
1
1
3
1
1
1
1
104
11
11
23
14
223
6
4
146
5
2
3
1
2
1
3
17
1
22
288
1
1
1
1
14
7
9
112
116
6
2
2
1
5
118
1
1
4
30
9
21
10
25
8
50
3
1
1
1
5
4
2
1
1
1
1
2
3
1
1
1
1
1
1
1
1
3
1
89
2
2
2
1
1
1
1
2
6
1
1
1
1
2
1
2
1
68
1
2
2
2
1
14
1
1
1
3
2
43
3
8
1
1
1
2
75
54
1
1
1
1
53
1
1
1
1
1
1
1
1
1
2
14
3
4
1
2
4
3
2
2
12
58
11
2
1
10
2
15
1
14
30
3
26
7
60
5
3
1
15
1
1
1
7
25
2
3
2
1
1
10
1
1
1
1
2
1
1
1
1
1
1
1
1
79
3
1
173
3
4
2
5
1
1
1
1
1
3
1
56
1
116
1
6
65
1
4
2
367
2
13
1
1
18
1
1
1
1
2
1
1
1
1
1
2
2
1
1
1
2
2
1
1
148
15
1
4
1
1
1
1
1
2
1
1
4
4
3
1
1
2
1
1
1
1
1
3
1
1
81
2
2
1
2
4
1
1
1
1
1
1
1
1
2
37
1
1
1
1
1
3
1
3
5
1
1
1
86
1
1
114
1
5
71
1
1
2
2
1
2
3
1
1
1
36
1
4
45
3
1
2
15
1
9
1
1
38
17
7
31
2
25
26
19
2
6
12
2
4
1
22
1
2
1
2
1
1
1
1
2
1
1
2
23
1
2
4
3
1
1
79
1
14
47
4
11
1
6
7
3
63
38
7
6
13
4
1
2
1
41
48
52
1
1
1
1
1
1
2
1
2
1
5
3
9
1
2
1
1
67
1
9
14
1
10
1
1
2
5
1
1
2
1
3
1
1
1
24
1
2
1
1
1
2
1
2
3
46
1
1
27
4
2
1
1
1
1
1
1
1
5
24
3
1
1
1
1
1
1
32
1
1
2
9
1
2
1
3
1
1
13
2
1
1
1
1
1
1
3
2
1
50
1
9
1
1
1
1
1
5
1
1
1
1
16
64
1
1
22
1
279
1
1
91
1
1
2
1
6
84
3
1
1
25
2
1
1
1
265
1
7
1
2
1
1
1
1
379
2
1
6
8
1
1
1
12
1
1
1
10
2
1
6
1
5
23
2
34
8
1
30
1
3
45
1
1
1
1
1
1
1
1
1
1
1
4
2
3
47
1
70
2
1
89
5
2
1
2
1
8
6
1
1
1
1
1
40
1
1
6
1
2
4
3
1
12
2
1
1
1
1
1
1
1
2
1
1
58
1
1
36
1
1
1
1
1
23
3
1
1
5
115
3
1
42
1
111
1
1
1
1
5
4
13
21
1
1
2
78
1
1
1
1
5
1
1
2
1
2
1
5
2
1
3
50
3
1
1
1
13
14
1
2
22
1
3
6
17
1
14
1
9
2
69
7
1
4
1
1
1
1
3
3
2
1
10
1
6
1
1
1
1
1
69
3
1
1
13
1
1
1
2
5
76
1
1
22
1
1
2
1
2
23
39
3
2
1
9
4
2
43
2
46
3
22
2
1
4
6
7
1
2
2
33
13
2
3
1
1
23
10
1
1
4
1
1
7
1
95
6
3
1
31
7
2
2
1
1
1
1
4
62
7
1
1
1
5
1
1
12
11
1
2
5
39
13
8
1
3
1
1
4
1
1
1
1
1
1
1
1
10
2
3
1
1
1
1
1
1
3
1
2
11
1
1
1
1
1
3
3
1
1
65
2
1
60
4
1
1
17
1
1
24
1
1
1
2
3
1
4
6
6
1
3
1
1
5
1
5
3
1
1
2
2
1
2
7
1
75
19
2
18
36
1
14
97
8
1
13
100
2
1
74
2
2
1
9
1
1
2
1
1
1
1
5
2
4
5
1
2
1
26
21
162
10
1
1
3
1
3
1
1
1
25
10
13
30
21
3
54
1
2
70
75
28
1
1
66
12
10
1
1
6
5
2
43
6
313
1
5
104
1
81
5
67
1
1
2
1
1
1
5
3
1
20
37
4
10
8
32
3
5
1
7
2
24
3
2
1
9
1
27
4
2
1
11
9
15
2
7
1
1
2
1
139
13
160
8
14
128
14
11
142
1
1
283
8
1
2
12
2
2
7
1
1
6
5
2
1
272
1
1
1
10
7
1
1
1
1
1
1
1
2
1
1
4
2
1
1
4
1
10
1
1
2
3
1
1
5
2
2
1
2
10
131
1
12
1
1
4
1
1
1
6
1
1
29
47
9
1
1
1
2
5
12
3
1
1
2
1
1
57
13
4
4
2
2
1
1
1
5
4
3
5
24
11
2
6
1
1
1
3
1
1
1
1
2
2
2
12
1
25
1
3
7
2
9
1
3
3
1
7
19
3
1
8
1
1
5
21
1
1
3
1
1
1
14
1
1
1
22
1
2
1
1
1
1
1
1
1
2
1
1
1
1
34
27
1
1
1
1
1
3
36
1
1
1
1
3
12
1
1
1
2
42
2
1
1
18
1
1
1
1
1
3
1
31
1
1
1
1
1
1
1
1
1
2
2
1
4
6
2
8
4
1
8
1
5
8
5
96
2
3
1
1
2
1
20
1
1
1
2
1
3
2
13
1
1
1
1
12
4
1
1
3
1
1
3
3
1
5
4
8
1
24
2
1
1
1
1
3
1
1
2
1
1
1
1
4
3
1
2
1
1
3
10
1
1
1
1
35
1
7
1
38
18
7
1
1
12
1
3
1
1
1
9
1
1
1
63
3
3
2
1
13
2
1
2
1
1
1
381
1
1
1
43
1
4
1
1
1
1
1
34
1
35
1
1
109
1
1
1
1
1
1
1
1
45
1
1
1
37
2
1
1
2
1
1
1
1
1
1
1
28
2
1
1
2
21
1
15
1
140
1
1
171
1
2
1
1
1
1
1
1
1
2
1
1
1
5
1
1
5
7
18
3
2
3
1
1
1
1
1
1
2
1
12
1
24
7
1
1
1
1
1
1
1
1
1
1
1
37
316
1
6
2
1
2
1
1
7
9
48
1
1
1
2
19
2
7
5
72
1
1
16
1
1
4
1
1
1
6
1
5
1
3
52
4
1
2
1
3
1
1
9
8
1
1
38
130
1
3
1
1
65
7
2
8
2
8
8
1
1
2
6
8
1
2
5
2
1
1
3
5
2
1
1
1
2
6
1
1
1
1
2
7
15
32
7
1
1
96
1
1
16
7
2
5
1
14
34
1
1
3
1
1
1
3
1
1
105
24
1
2
1
1
1
1
1
1
1
1
1
1
6
2
27
1
1
1
1
2
2
1
1
1
1
56
18
1
2
1
5
7
2
5
2
1
1
1
4
2
1
1
4
2
1
1
3
50
1
1
1
30
1
2
21
1
164
18
5
29
148
1
1
1
1
1
1
1
6
2
2
1
1
1
1
1
62
1
1
12
8
21
1
3
3
4
1
6
1
1
1
1
2
1
1
1
14
1
1
1
1
1
1
1
59
1
2
1
3
1
1
47
5
3
7
1
1
3
18
1
1
4
1
1
1
1
1
4
1
1
1
1
2
1
2
7
1
4
34
4
3
1
2
1
1
1
3
1
75
1
1
1
4
1
2
1
27
3
1
1
1
1
2
3
1
2
1
2
1
3
1
2
1
1
1
3
1
1
1
1
1
1
68
1
1
1
1
3
21
42
2
15
1
12
1
1
1
13
7
3
7
2
2
1
6
7
40
3
2
1
62
1
2
1
1
19
15
2
1
1
1
1
1
8
1
3
6
3
1
44
1
3
9
1
1
1
1
1
6
24
1
5
57
1
4
3
4
1
2
1
1
5
18
4
2
1
1
1
5
3
6
4
13
1
14
6
5
126
2
1
5
1
13
3
89
1
1
4
1
2
93
17
1
2
3
2
2
1
33
4
4
1
1
1
2
1
1
22
6
1
1
13
1
1
1
11
1
2
1
1
3
1
3
1
1
1
1
9
127
1
1
1
1
6
5
1
1
5
1
3
13
4
1
4
1
1
1
3
4
3
1
2
3
6
6
13
41
3
4
1
1
135
1
69
20
2
47
4
1
1
1
1
1
4
6
8
2
1
20
14
1
4
5
1
1
2
1
2
1
9
2
2
4
35
2
1
4
1
40
5
2
3
3
2
1
32
57
1
6
2
1
4
2
6
1
1
5
40
3
1
1
1
1
1
39
1
1
2
1
3
1
3
1
10
1
9
22
1
16
31
1
1
2
1
1
169
1
2
12
16
4
97
1
13
1
1
1
35
1
1
1
2
1
3
1
1
1
1
1
2
11
21
1
1
1
2
2
147
11
2
1
5
1
1
