3
2
1
2
3
1
6
1
3
8
5
1
1
1
1
2
1
2
4
3
6
1
6
5
1
2
1
6
25
8
2
3
5
5
4
1
7
1
3
2
5
2
2
1
2
8
2
1
7
1
6
13
2
2
1
1
1
1
5
5
2
2
1
3
1
2
7
1
1
18
4
5
2
7
1
5
1
1
2
3
1
3
3
2
6
1
2
2
2
13
1
11
1
3
1
1
2
1
1
1
2
2
5
1
3
1
1
1
17
2
4
1
3
4
1
7
2
3
2
3
1
2
10
3
2
1
2
1
7
1
2
2
2
3
4
4
1
4
1
8
2
1
2
8
3
1
2
15
6
1
3
4
3
1
5
2
1
1
1
2
4
1
13
6
3
2
1
2
7
4
1
1
18
1
14
1
2
4
1
3
6
1
1
1
4
1
11
3
1
5
4
3
1
12
6
1
4
2
11
16
1
1
2
5
5
1
1
6
6
1
2
6
3
4
2
1
4
1
2
2
2
1
1
6
2
3
6
10
2
2
1
2
1
8
1
1
1
9
2
2
3
1
1
1
1
3
1
1
2
2
1
1
4
3
5
1
1
1
3
5
2
2
3
1
9
5
8
3
7
4
3
1
2
2
1
4
2
4
1
4
9
9
7
1
1
1
2
9
4
1
1
1
1
5
3
4
3
1
1
1
1
2
4
1
1
1
4
4
3
1
6
5
1
2
1
1
1
2
3
11
1
4
1
3
11
1
1
6
1
1
1
2
8
8
1
2
2
3
1
2
2
3
1
2
9
1
2
7
2
6
2
2
4
1
2
1
1
7
2
2
1
4
4
2
2
2
2
2
1
2
1
2
6
4
1
4
1
28
1
1
2
4
2
1
1
2
2
5
1
6
1
1
1
1
1
10
1
1
2
5
3
2
1
10
2
3
1
4
2
1
1
1
1
