2
30
7
4
28
6
3
174
51
2
6
4
2
191
12
7
3
7
2
17
308
6
14
2
122
42
79
1
10
4
13
2
9
2
50
4
3
1
1
2
4
1
58
10
7
5
3
16
16
3
35
6
33
1
1
121
2
52
6
5
10
9
137
1
2
3
3
36
1
31
1
13
58
2
27
7
46
5
31
8
4
105
5
20
16
44
12
4
2
2
390
3
2
14
42
21
5
8
2
1
2
13
319
6
2
2
17
75
83
18
45
2
3
1
9
320
5
2
103
188
1
158
32
8
13
2
18
4
3
3
7
2
2
6
265
16
2
4
3
11
11
2
6
90
2
1
87
61
33
20
129
1
5
50
3
37
317
10
4
1
8
1
1
6
23
21
75
318
3
6
17
48
22
82
1
44
2
181
1
21
115
16
2
115
2
6
27
1
1
28
7
31
27
76
6
4
171
27
3
11
38
102
2
3
7
5
19
2
16
5
123
1
26
26
1
6
96
15
106
26
24
9
9
127
1
107
459
5
18
2
20
2
8
4
365
29
90
1
90
18
5
27
9
1
1
2
1
54
38
9
232
26
3
2
4
39
2
4
2
76
5
262
2
1
424
5
3
3
1
4
3
466
4
1
12
4
22
15
7
1
5
13
77
12
48
38
13
3
4
1
50
7
1
3
12
133
29
1
42
45
3
193
109
38
20
2
4
166
5
76
12
5
1
8
1
23
3
8
3
133
7
1
4
144
3
4
2
1
1
12
293
6
209
3
20
16
5
7
4
6
28
21
218
69
195
10
9
2
16
18
70
70
11
5
40
111
1
6
24
4
18
106
6
3
11
50
8
1
4
49
10
31
12
13
339
413
6
2
26
23
37
1
46
8
22
1
40
3
1
5
8
8
12
2
6
2
27
32
55
20
293
2
5
14
3
10
63
9
77
23
1
2
3
16
1
75
171
9
4
14
89
36
50
1
67
3
16
72
10
79
2
418
42
5
24
3
88
2
2
26
66
81
66
239
13
45
5
1
8
50
20
1
19
10
39
2
2
28
6
7
1
62
1
2
3
5
17
48
41
21
6
8
3
187
106
3
18
342
46
32
10
25
15
14
1
4
23
2
8
22
2
28
12
47
4
11
115
387
79
5
115
18
4
1
7
13
32
69
6
233
4
64
37
1
1
1
1
39
1
6
2
17
9
5
112
41
3
4
20
75
5
21
35
15
17
96
1
1
14
5
309
62
37
5
33
6
1
55
46
40
18
12
43
3
9
248
1
3
43
3
40
23
43
6
2
16
1
4
2
4
41
2
20
1
2
6
7
7
6
18
2
6
26
12
68
17
1
99
9
1
296
3
3
79
68
56
6
15
10
1
10
298
7
44
34
6
3
1
34
1
2
19
247
7
372
28
11
2
8
2
89
3
79
16
75
24
21
2
3
10
30
4
9
9
16
90
55
1
84
10
10
2
12
4
3
8
16
6
5
1
124
6
424
325
2
11
2
8
1
3
1
9
63
69
5
12
9
52
1
98
4
318
22
19
9
15
23
1
22
1
48
120
18
2
1
5
51
45
14
6
27
13
1
39
2
11
160
6
3
127
9
80
68
3
87
1
7
2
73
15
2
36
1
1
1
1
361
7
11
1
4
4
7
20
1
29
5
1
7
4
41
14
31
10
12
1
80
7
2
2
161
10
26
2
4
4
8
34
61
8
12
189
19
60
3
150
8
2
259
4
1
5
2
26
164
5
27
62
50
91
6
67
1
54
48
33
27
9
416
3
2
1
2
3
1
32
4
24
10
52
12
2
5
5
331
20
22
23
2
19
16
63
52
11
10
28
236
12
13
1
7
36
12
1
54
3
13
1
2
8
14
1
38
1
24
2
3
88
2
26
32
3
19
220
3
13
14
9
5
16
1
2
1
71
5
1
13
72
1
170
1
11
21
6
47
79
26
48
1
5
3
4
1
32
1
1
10
54
4
2
12
68
12
72
48
1
487
1
2
42
1
124
1
71
17
10
13
42
63
35
29
13
10
1
1
71
12
11
7
2
56
54
42
38
41
11
17
1
89
1
98
4
3
8
26
20
149
1
2
220
30
154
11
5
3
115
1
313
10
12
54
11
6
8
10
10
1
7
21
10
74
7
9
3
14
22
154
2
5
44
1
63
33
115
9
11
25
25
133
2
47
1
1
1
19
1
77
33
88
96
6
2
22
2
22
91
38
3
19
17
292
13
2
86
2
20
28
23
1
7
14
11
84
3
15
161
4
36
4
26
25
8
129
75
233
2
2
33
21
85
11
14
4
70
2
35
3
59
40
3
2
25
1
1
12
11
1
57
5
213
25
249
63
2
48
11
8
10
2
56
4
5
12
12
15
8
8
13
28
2
1
6
40
14
4
1
12
10
437
343
2
21
7
2
11
65
47
3
10
8
1
50
11
10
6
61
4
2
10
64
57
5
1
2
81
7
20
13
15
25
3
1
10
2
32
50
5
51
30
21
1
1
41
18
239
53
46
36
41
11
16
12
1
45
1
6
63
3
8
195
13
39
2
2
12
54
4
57
47
4
10
132
179
22
11
32
48
17
26
1
16
1
5
7
2
1
9
1
2
2
4
108
395
43
12
5
2
2
26
1
102
7
3
2
281
85
20
5
2
68
34
17
51
39
1
27
1
43
16
1
32
156
72
36
14
46
56
10
2
4
4
2
13
37
1
12
9
33
25
43
2
85
44
3
3
177
1
58
4
112
3
285
56
2
13
242
1
6
8
12
2
3
30
15
2
3
37
1
3
34
4
6
26
18
1
85
13
6
117
15
3
9
1
47
2
3
2
26
16
2
66
1
61
5
39
2
1
4
10
1
8
51
11
184
12
5
2
3
5
31
4
20
9
3
9
1
1
1
14
5
2
2
1
26
352
124
14
2
42
9
340
82
5
8
5
82
38
187
2
4
76
5
25
2
16
12
2
28
23
13
6
171
26
8
6
75
5
6
1
2
469
5
30
2
2
243
5
13
79
1
144
14
6
10
330
5
19
30
36
10
1
1
2
6
1
3
183
56
12
36
10
112
27
16
17
7
83
254
15
15
98
4
21
174
134
1
3
3
70
2
2
49
6
366
19
5
2
9
3
35
10
2
26
11
3
3
2
65
12
2
8
287
52
4
11
1
1
2
65
12
1
3
14
25
8
1
115
132
5
13
61
53
1
2
174
5
1
2
6
32
2
229
10
56
1
6
2
1
1
128
1
129
33
16
5
3
22
111
54
100
2
11
2
1
5
11
2
9
9
7
56
1
2
1
5
27
17
2
56
76
1
4
19
7
1
1
5
4
2
9
54
9
2
61
2
484
43
6
29
1
2
5
64
1
8
2
3
