1
17
2
105
288
108
1
10
7
1
118
15
100
41
2
26
15
45
1
91
2
1
2
10
8
10
66
90
290
4
1
65
298
39
30
35
41
17
6
22
52
109
6
134
18
7
6
3
2
20
11
5
1
193
45
51
1
52
1
35
93
7
56
29
32
42
22
16
9
1
18
11
5
28
17
116
5
5
1
161
41
2
14
9
47
2
17
77
51
14
59
23
56
41
78
2
115
16
2
3
11
2
10
33
159
3
5
3
50
15
50
2
225
25
6
56
19
1
13
1
263
16
6
7
151
271
2
17
20
50
10
131
8
32
64
5
108
31
7
3
3
8
32
9
107
2
86
5
37
1
48
24
57
16
112
22
6
2
41
181
8
31
23
92
31
40
24
39
38
9
21
8
6
8
27
15
69
11
30
64
135
94
11
18
1
9
5
34
15
3
10
33
14
6
5
22
4
16
7
292
14
95
58
17
1
114
22
134
52
1
1
23
1
4
28
11
6
27
4
13
1
20
27
94
27
42
98
4
81
3
10
1
20
8
49
30
41
2
9
185
14
24
58
85
10
34
11
6
1
34
16
2
15
178
52
32
7
19
91
9
1
131
68
135
10
11
13
3
2
7
1
78
1
16
28
12
7
126
22
14
45
120
26
23
7
6
47
17
38
5
66
4
7
73
62
90
1
20
58
18
14
33
26
131
23
44
5
11
4
140
3
14
6
6
63
20
32
159
2
1
19
35
11
8
39
55
14
78
1
8
11
36
1
1
35
2
11
180
3
55
120
25
21
115
8
135
3
48
8
18
82
9
31
21
23
19
25
19
2
31
26
12
3
193
98
46
108
1
10
5
71
185
2
1
7
12
3
21
175
32
6
2
1
11
56
5
9
77
10
44
1
10
2
21
58
3
10
39
18
39
17
10
60
43
26
7
1
9
41
9
36
15
13
24
12
221
7
9
8
14
1
14
10
1
7
80
1
11
1
6
12
35
19
108
52
1
13
50
4
1
267
1
43
7
3
2
53
2
79
4
136
50
9
12
2
5
164
7
80
2
7
24
78
2
42
112
24
1
21
1
8
18
2
102
125
4
77
2
11
1
16
3
29
5
46
49
27
11
13
46
42
1
1
88
43
72
3
257
1
5
2
59
13
11
307
15
8
132
1
9
27
13
5
20
27
36
183
15
52
24
33
10
1
13
30
86
44
45
74
9
7
2
21
61
37
36
6
8
46
251
65
6
39
36
8
6
1
59
29
101
7
122
185
4
14
47
2
1
8
2
186
3
12
8
179
9
16
12
7
25
41
46
71
8
3
51
34
9
3
45
23
5
1
59
20
128
6
201
1
178
52
73
5
3
4
50
58
2
77
10
31
72
175
23
28
19
47
76
44
8
38
3
32
4
2
89
3
22
13
81
7
79
20
74
7
4
54
75
12
11
75
24
16
46
64
11
5
452
113
68
25
16
1
3
13
49
5
10
5
13
65
12
3
2
50
4
18
18
189
12
4
3
139
9
3
15
6
24
3
127
13
21
6
3
3
1
25
34
6
34
4
10
3
112
20
3
2
4
29
11
7
7
2
543
9
7
32
10
22
3
8
17
5
1
79
91
1
187
31
70
3
30
2
1
12
15
98
18
14
12
18
1
14
180
46
251
29
60
16
14
41
2
24
1
16
153
25
1
9
14
41
23
7
11
10
3
127
45
2
3
86
98
28
4
25
7
28
40
1
13
12
31
310
3
4
10
177
27
5
36
19
2
15
16
4
78
4
1
3
36
4
6
30
12
20
3
18
19
35
28
6
98
82
66
1
52
18
1
1
7
42
1
116
24
31
7
5
45
7
4
9
45
7
180
92
31
351
278
1
10
50
1
33
1
41
56
2
47
28
325
5
6
1
101
1
18
1
366
16
4
290
8
2
102
1
49
92
26
61
29
39
12
105
104
44
39
6
16
8
63
164
1
367
19
57
58
21
15
106
68
73
66
20
232
10
7
16
2
37
11
1
1
19
138
2
52
1
122
4
1
70
22
95
281
279
230
201
4
32
13
94
7
176
3
89
4
2
1
1
1
304
7
15
95
4
70
1
18
70
6
149
2
26
2
99
4
100
11
1
49
155
56
55
1
14
2
205
29
28
13
13
35
61
155
2
265
59
145
39
7
15
22
93
20
78
122
65
64
53
79
5
48
63
7
4
5
18
20
60
18
223
154
111
7
6
23
5
18
87
161
26
2
32
115
9
11
62
65
28
18
81
1
138
15
4
4
146
13
1
9
11
107
81
6
107
48
41
2
1
32
12
10
3
101
1
58
3
5
10
78
55
229
1
20
38
17
2
20
5
29
39
61
3
1
1
12
4
4
29
5
17
71
16
4
48
8
3
8
57
26
33
163
18
37
27
9
4
7
5
15
2
18
358
14
2
11
30
15
2
19
48
1
15
15
9
91
3
203
82
109
33
18
409
1
40
20
18
31
86
2
74
89
79
32
32
1
1
77
16
69
29
1
68
20
4
6
144
108
47
45
66
37
1
106
13
9
2
69
1
63
28
11
185
5
40
33
3
1
30
11
44
1
1
2
1
1
1
1
1
1
1
1
1
1
1
30
1
1
2
1
1
1
1
2
2
1
1
4
1
2
1
1
1
1
1
1
1
6
7
1
1
7
1
1
1
1
4
7
2
1
1
1
2
3
1
6
6
6
2
9
1
1
1
1
28
1
1
1
1
2
2
3
1
1
6
4
1
58
5
1
1
1
1
3
7
1
1
6
2
10
1
5
17
1
1
1
28
2
3
174
1
1
3
1
3
1
1
4
7
26
3
1
1
1
1
51
2
1
28
2
2
6
1
1
1
1
1
4
127
9
8
34
1
4
7
6
3
2
1
2
1
22
6
8
1
1
6
1
2
2
26
191
1
6
1
16
1
1
1
3
1
1
1
1
4
12
2
7
1
7
19
1
10
1
133
2
14
3
22
7
66
1
77
3
42
2
8
1
1
1
11
7
2
2
2
4
7
3
1
1
6
2
17
1
2
1
1
1
1
1
1
6
308
1
1
1
2
1
1
1
6
1
1
10
1
136
6
60
19
2
14
1
4
1
3
1
1
1
2
3
3
122
1
1
1
16
42
1
1
1
1
1
1
79
1
1
1
1
3
1
1
1
2
1
1
10
3
1
2
2
3
1
4
13
2
1
1
1
9
1
1
1
1
1
1
2
1
3
1
1
1
2
3
6
50
1
1
20
1
4
3
2
1
1
1
1
2
1
1
3
1
1
1
1
2
33
1
1
1
145
1
1
18
6
1
7
1
1
1
1
1
1
1
14
1
1
1
2
2
3
1
2
1
1
6
1
5
1
16
12
1
1
6
13
1
12
2
1
1
2
1
1
7
4
1
1
1
1
1
2
1
1
1
1
58
1
1
1
1
11
2
10
1
1
1
2
7
15
1
1
3
5
1
1
1
5
2
3
5
1
2
3
185
1
1
2
16
1
16
7
1
2
4
2
1
1
1
62
2
3
1
50
6
2
4
4
10
1
1
3
1
1
35
2
1
1
1
6
1
1
6
1
1
1
33
1
2
4
1
1
1
1
4
3
2
1
1
5
5
1
2
1
2
1
1
1
1
1
1
1
1
2
8
2
3
1
2
3
121
2
1
1
1
1
3
3
2
1
1
1
2
22
52
6
63
4
1
1
2
1
5
2
1
4
3
1
1
1
1
1
3
3
1
5
2
1
2
2
1
5
7
2
12
1
4
3
10
3
2
9
5
1
1
5
1
137
8
2
1
1
1
6
3
4
2
1
1
1
14
87
1
1
2
3
1
1
2
6
2
3
1
1
2
12
1
1
31
3
1
1
1
5
1
1
1
1
4
2
1
3
8
17
3
44
252
19
36
1
2
5
31
1
1
4
1
1
6
1
1
2
1
2
2
1
1
1
1
5
13
4
180
2
2
1
29
23
14
18
58
45
43
95
1
1
51
10
2
2
1
1
2
9
3
66
2
1
62
1
1
3
2
3
4
3
12
1
5
12
27
1
19
89
3
77
5
32
7
46
1
9
108
10
2
15
2
1
5
1
15
2
10
2
5
50
21
1
2
4
1
13
19
18
7
31
1
1
1
2
5
1
1
7
8
1
3
1
1
8
24
1
1
6
43
1
3
1
1
3
15
3
1
1
1
1
4
1
1
1
1
2
1
4
1
1
2
1
16
105
1
6
1
1
1
1
1
1
1
5
5
5
2
1
1
3
20
1
11
1
2
2
32
16
1
17
44
4
1
1
1
3
1
3
1
4
1
1
1
1
12
4
2
17
11
2
18
1
2
2
3
9
9
3
1
1
1
232
1
1
2
3
27
7
390
1
3
1
1
5
1
1
1
7
30
3
1
2
3
1
2
2
4
1
14
1
1
1
3
1
1
1
2
42
1
1
2
5
7
5
1
21
5
6
6
3
1
6
1
8
2
3
14
4
1
6
15
1
1
1
1
5
1
12
4
1
1
10
2
1
2
1
13
319
11
1
15
1
4
2
6
1
2
2
1
1
1
1
3
5
1
1
10
2
1
2
1
17
9
1
1
3
75
2
2
1
1
6
1
83
6
4
18
45
2
31
29
1
3
8
1
1
4
1
5
1
3
69
1
1
2
8
1
1
2
2
1
8
3
1
1
13
1
1
9
1
1
320
2
1
1
5
1
19
2
1
3
1
2
2
1
1
1
33
1
1
1
25
1
1
3
1
1
1
23
22
1
5
1
2
22
7
7
1
103
1
1
1
3
1
188
2
2
1
1
1
5
1
158
1
1
1
1
1
1
32
1
1
8
1
1
1
1
2
3
22
3
1
1
3
1
1
1
1
1
1
1
13
1
1
1
2
1
4
2
4
1
2
2
3
1
1
3
1
10
1
1
1
1
2
9
1
15
1
18
3
2
1
2
2
3
1
1
2
4
5
1
1
4
2
1
2
1
4
3
5
1
11
1
1
1
1
3
3
1
3
6
10
1
1
1
1
1
3
1
9
1
1
2
2
2
7
7
1
1
1
1
2
2
1
1
2
1
6
1
265
1
1
3
1
16
2
4
1
2
2
1
3
1
2
5
3
3
3
2
4
1
1
1
2
1
1
14
21
1
1
1
1
11
1
5
11
1
1
1
1
3
3
1
2
4
18
1
2
1
1
8
6
2
1
90
1
1
1
1
4
7
1
7
2
2
7
1
1
1
2
2
1
1
1
1
2
4
2
1
1
1
43
1
1
3
3
2
1
1
1
1
3
1
3
8
1
87
1
61
1
9
2
1
1
25
5
3
1
33
1
1
20
3
9
1
8
5
3
1
19
2
129
10
17
1
1
8
1
3
1
5
50
1
1
1
3
2
1
4
15
267
37
317
10
26
7
1
4
1
1
8
123
13
1
1
1
1
1
1
2
1
1
3
4
12
1
1
1
17
1
6
1
3
1
1
3
1
23
3
2
1
1
16
3
1
64
21
3
3
116
1
1
1
5
2
1
75
2
1
318
1
5
2
1
1
1
1
1
1
1
2
1
1
1
1
1
1
1
3
7
1
1
3
6
1
1
1
17
1
1
1
1
2
1
1
2
2
1
1
1
48
1
1
1
1
1
8
11
28
1
1
1
22
1
1
1
1
1
1
1
1
1
4
82
1
1
9
1
2
1
1
2
1
1
1
3
1
1
1
2
1
1
1
2
1
1
44
2
181
1
1
1
1
2
1
21
1
1
1
1
115
1
16
1
1
1
1
1
2
2
1
3
1
1
115
1
1
1
1
2
1
1
2
1
1
2
1
1
6
1
5
27
1
2
1
28
1
1
1
1
1
10
16
1
1
10
7
81
1
5
1
1
1
1
1
1
1
3
1
1
3
1
3
3
1
31
7
1
27
1
2
76
1
1
1
1
1
1
1
1
1
1
1
2
1
6
4
2
1
4
9
171
1
1
8
2
1
1
4
4
1
1
4
1
1
1
3
1
1
3
1
1
2
1
1
1
3
1
1
1
1
2
1
1
27
2
3
7
4
1
1
6
3
1
7
1
11
1
1
3
1
1
1
2
38
102
1
2
2
1
2
3
2
1
1
2
1
1
3
1
7
5
1
2
1
2
1
2
3
1
1
2
2
5
8
1
2
9
1
1
21
28
2
1
1
1
8
2
2
5
3
19
1
2
4
4
1
1
28
1
2
1
1
8
2
24
1
1
1
1
2
2
20
2
6
31
16
1
14
4
1
24
2
1
5
1
4
1
123
1
13
5
9
4
17
9
3
1
4
12
2
19
32
39
1
26
26
3
2
1
1
8
21
32
2
1
2
4
1
66
1
4
1
1
4
1
39
6
11
47
3
6
3
96
13
1
6
2
14
3
2
35
8
15
15
5
1
106
4
2
26
7
1
2
2
1
1
1
1
7
1
24
1
9
1
1
1
1
5
1
1
9
127
1
107
4
459
1
2
2
3
2
38
2
5
1
1
18
2
17
83
2
10
1
3
1
1
16
24
1
2
38
1
3
2
2
20
36
3
7
51
5
7
1
2
1
1
8
2
4
8
4
365
1
1
2
29
1
2
25
1
12
1
2
1
1
1
90
1
1
1
1
1
1
7
3
1
1
6
2
1
2
1
10
1
1
1
1
1
90
13
18
6
14
5
32
1
1
1
4
27
1
1
4
1
1
4
10
4
1
9
1
26
29
7
1
1
3
14
1
1
1
4
1
2
1
1
4
1
1
2
58
3
1
25
10
1
1
2
54
2
1
2
9
4
1
2
25
2
4
1
4
1
6
2
10
1
38
14
1
1
1
3
9
2
1
7
1
1
2
1
4
1
232
1
3
1
1
26
11
28
1
34
4
2
1
1
3
2
1
4
3
1
3
5
1
4
13
63
5
48
11
39
44
2
2
4
29
45
2
37
4
60
9
1
3
76
12
1
2
1
2
5
12
262
2
1
1
1
1
1
1
16
1
18
2
1
1
3
1
1
2
424
1
1
5
2
5
4
4
1
1
4
2
3
4
1
2
3
1
3
15
1
1
7
1
4
1
1
3
1
1
2
2
2
2
15
1
1
2
115
3
1
1
4
1
1
1
1
466
5
1
1
4
1
1
1
1
1
1
1
12
2
10
1
7
1
1
1
3
2
5
4
22
13
23
1
5
1
2
1
12
1
1
1
2
1
4
1
11
1
1
138
15
1
7
3
2
2
2
1
1
3
2
5
1
3
1
13
1
5
77
2
16
1
1
1
5
2
1
1
1
1
27
18
3
11
1
2
1
12
40
33
6
1
1
1
2
5
1
1
48
2
38
6
3
2
5
6
1
1
1
2
1
13
1
1
1
3
5
4
1
21
7
3
4
1
1
1
1
5
1
1
1
2
1
9
1
1
6
50
1
36
92
7
1
1
3
4
26
12
14
135
57
15
1
3
1
1
1
3
1
1
1
60
22
12
1
133
29
1
2
42
24
1
18
2
2
3
1
45
1
1
4
3
4
1
193
109
1
1
1
1
1
38
1
1
1
7
1
2
1
1
20
1
1
1
2
4
1
7
2
21
11
1
2
1
1
40
1
1
166
2
7
3
1
1
1
2
97
5
4
1
1
1
1
1
1
2
1
76
1
12
5
1
1
1
5
1
1
4
5
2
1
2
8
1
75
1
1
21
1
1
8
74
1
16
3
1
4
14
1
1
2
23
1
1
1
2
1
47
1
1
3
4
1
1
8
16
3
5
2
2
2
1
1
2
133
7
1
1
1
1
6
4
1
2
1
1
3
1
3
3
7
1
3
1
24
16
4
10
5
1
1
1
2
2
144
2
7
3
1
6
2
1
1
1
1
8
1
3
3
13
3
17
1
2
4
5
26
1
8
1
7
6
3
2
1
1
8
8
12
1
2
2
1
1
1
2
2
20
5
3
9
2
2
2
21
163
1
94
1
2
4
8
3
7
1
1
1
1
1
1
2
5
3
21
22
1
1
4
2
4
3
1
1
12
3
2
2
11
6
1
1
3
1
1
4
3
2
4
62
293
6
209
19
3
2
1
5
32
1
1
22
1
1
1
1
7
6
26
1
5
3
13
2
1
3
2
15
6
20
1
2
3
2
8
5
9
16
5
1
3
2
2
1
6
5
2
1
1
1
1
1
1
10
6
1
4
2
25
5
5
7
41
15
10
1
7
17
15
14
19
4
6
1
5
1
28
2
3
1
1
47
4
9
1
21
218
6
5
1
69
21
5
1
195
1
10
4
9
1
2
2
1
2
4
1
1
1
4
1
2
2
1
1
1
7
1
1
1
33
1
11
16
17
1
7
1
2
18
2
1
1
1
70
2
1
1
1
1
27
1
1
1
3
1
1
1
19
1
4
70
11
5
23
1
2
1
11
3
1
1
1
33
2
5
1
2
9
1
1
4
2
3
40
1
7
3
1
1
1
1
111
1
4
1
1
1
2
5
2
1
8
1
1
1
6
2
1
12
2
1
78
7
4
25
1
1
11
1
1
1
1
4
1
2
1
3
3
42
2
24
58
1
4
13
91
3
4
18
1
2
7
106
1
6
3
1
1
1
4
2
1
7
3
6
1
3
3
1
1
2
1
17
2
1
1
2
7
4
1
5
1
2
1
1
11
11
1
1
50
2
2
8
1
4
1
10
9
20
4
2
2
2
3
1
1
1
1
1
49
10
1
31
1
12
1
358
1
13
1
3
1
1
1
2
8
2
1
1
1
3
339
1
1
413
3
1
1
6
1
2
2
26
1
3
3
40
10
1
1
23
37
20
30
1
1
1
8
1
1
1
2
36
3
2
5
4
22
6
46
8
138
22
1
3
1
1
8
13
4
2
1
26
82
2
40
49
4
1
14
4
1
2
3
25
2
1
33
1
7
1
1
13
4
2
1
2
1
3
5
8
3
1
5
1
1
2
1
8
1
25
1
1
12
1
1
3
2
1
16
1
5
14
2
6
1
2
2
3
1
1
27
1
6
10
32
6
1
1
1
5
12
7
5
6
1
5
2
3
55
20
1
1
1
20
293
1
2
4
1
1
1
1
1
1
5
14
4
2
18
4
3
1
3
4
1
1
5
1
3
2
1
61
1
1
1
8
10
3
1
1
1
1
2
3
3
1
1
1
1
1
1
4
1
1
3
1
1
2
12
1
1
2
3
4
1
47
1
1
63
2
2
2
3
9
20
1
19
26
1
19
1
1
1
2
1
8
1
2
1
15
2
2
1
1
1
8
36
9
17
77
20
4
7
1
3
2
8
2
58
14
1
1
1
23
1
3
1
4
1
2
5
6
3
16
14
6
18
1
29
8
21
2
1
1
1
1
1
1
1
18
2
1
1
75
171
1
4
54
11
12
1
1
1
1
9
1
1
1
1
1
4
1
1
5
6
1
1
1
1
2
1
8
4
1
1
1
1
2
14
1
1
2
2
89
1
2
36
13
1
1
44
4
15
2
1
8
1
1
1
1
1
4
2
1
11
1
2
21
3
20
3
2
50
1
12
5
20
30
3
242
12
9
1
1
221
1
2
1
1
1
1
2
1
1
2
1
4
67
2
3
1
1
1
1
1
1
1
1
1
1
3
16
72
271
1
1
1
1
10
22
15
1
79
1
1
2
16
3
418
1
9
1
1
1
1
4
1
15
53
1
1
42
2
4
5
5
1
1
1
1
1
1
1
1
1
1
1
1
24
1
1
1
1
1
1
1
3
1
39
39
1
88
1
2
1
2
1
2
6
2
1
1
2
16
1
26
1
5
74
8
2
20
1
66
1
1
185
81
2
1
66
77
239
5
4
2
3
27
3
3
1
1
3
6
1
1
13
2
90
1
45
2
5
7
1
4
2
7
10
1
2
1
8
24
27
50
11
20
4
155
152
16
1
3
1
15
13
2
3
2
3
2
3
1
22
3
10
1
12
2
8
1
1
1
3
1
2
4
2
5
8
3
1
1
3
8
4
1
3
5
1
1
1
3
2
2
1
7
35
19
1
1
3
1
4
1
10
1
2
3
2
6
15
15
18
4
1
1
39
2
1
1
14
2
5
11
1
5
31
23
1
5
1
10
2
8
1
28
2
6
5
32
31
5
12
3
19
12
7
1
1
3
15
1
1
1
6
11
8
50
19
3
62
1
14
8
1
1
1
1
2
18
1
3
1
1
1
20
2
2
1
5
1
2
7
1
5
5
3
2
3
3
1
15
1
17
1
1
48
2
1
2
2
6
1
4
2
1
1
41
2
21
161
3
6
3
6
7
8
1
2
5
3
16
7
10
2
4
2
1
187
40
1
2
241
106
1
1
1
2
5
7
1
2
3
1
1
61
2
1
2
1
71
1
69
1
69
18
39
4
1
1
342
2
2
18
46
1
9
2
29
10
4
63
32
1
1
4
2
1
12
3
1
1
10
2
1
3
4
2
1
1
2
2
25
1
1
15
1
3
5
14
1
6
1
1
3
8
1
1
2
1
1
1
1
5
1
1
1
1
2
1
107
1
1
9
1
1
1
4
1
4
4
1
1
1
5
41
2
27
3
14
1
4
22
1
3
1
2
1
23
14
2
1
1
1
1
1
2
8
10
1
22
1
1
2
1
1
1
1
4
1
1
7
1
1
2
24
3
1
1
1
1
28
12
1
1
1
1
1
1
3
1
2
2
10
3
1
1
3
2
1
1
1
47
1
1
1
1
1
4
1
4
1
1
1
1
1
2
1
1
1
1
1
1
2
2
1
1
2
1
1
1
1
4
7
1
1
1
6
1
11
1
12
2
1
2
6
1
1
1
1
1
1
1
4
2
1
2
2
1
2
2
115
1
1
1
1
5
1
2
1
387
1
1
1
1
1
1
1
293
1
79
5
5
1
2
1
115
1
5
1
5
1
3
1
12
12
5
18
10
9
4
1
18
57
3
16
1
2
2
6
1
160
7
1
13
1
3
32
1
1
1
1
1
1
1
1
1
1
1
2
1
2
1
1
1
1
4
6
1
69
1
2
6
1
1
2
1
2
2
10
3
233
28
19
13
1
20
8
4
3
1
2
1
2
3
64
2
37
1
2
4
6
4
9
1
1
10
1
27
1
1
13
1
3
7
1
3
1
1
1
18
5
39
1
1
1
1
2
13
1
1
3
1
1
1
12
229
1
1
1
1
1
1
1
1
1
90
6
3
1
1
1
159
2
4
1
3
43
7
3
1
1
17
33
2
9
5
9
2
1
1
7
1
8
3
44
161
112
2
3
1
1
1
1
2
1
1
1
7
1
2
1
4
1
2
1
1
1
1
7
1
1
1
2
1
1
2
8
1
3
1
1
3
9
1
1
1
7
1
2
2
1
41
1
7
2
3
2
1
1
4
3
2
1
20
75
2
1
3
1
2
5
1
1
2
1
21
36
1
2
35
1
1
2
1
1
2
15
1
1
1
2
1
17
1
1
1
1
96
1
9
15
1
1
1
3
1
1
5
8
1
1
4
2
5
3
1
1
2
7
1
2
1
1
20
2
8
2
8
1
2
3
4
14
2
1
4
5
6
15
2
5
309
3
1
3
1
2
2
1
2
1
62
1
3
1
37
1
2
1
7
1
2
1
4
1
1
1
14
1
3
1
1
7
2
1
2
1
1
3
2
1
1
1
1
1
1
10
1
3
1
23
1
2
1
1
1
1
1
5
1
2
1
3
2
1
1
33
1
1
1
1
6
1
1
1
1
2
1
1
11
7
1
1
2
1
55
1
1
1
1
46
3
1
1
2
3
40
1
1
1
1
7
1
1
18
3
8
12
6
1
43
1
6
1
1
1
2
1
1
45
7
1
3
1
2
2
7
1
9
3
2
3
9
1
1
248
2
1
12
4
2
1
3
1
1
1
1
106
23
1
1
3
12
43
97
3
1
1
1
2
17
5
10
40
188
1
1
1
3
4
4
6
8
2
23
43
6
1
6
2
1
1
2
16
2
1
2
1
2
3
4
1
1
1
1
3
4
1
2
1
1
1
12
1
1
4
2
1
7
2
26
4
20
20
41
9
45
1
5
1
1
4
1
2
2
1
20
2
1
1
3
1
2
2
1
13
1
1
2
3
9
1
15
40
1
6
8
1
2
1
7
1
2
1
1
7
2
2
6
18
1
1
1
1
6
4
1
2
2
1
6
13
26
4
1
2
1
1
1
1
2
1
1
12
1
15
1
7
28
1
1
3
1
3
2
1
68
1
1
1
4
2
7
1
3
1
1
1
5
1
1
2
17
5
1
99
4
1
295
9
1
1
1
1
296
1
10
4
1
1
1
4
2
2
1
1
2
3
1
3
5
3
79
1
1
2
1
1
7
4
68
1
1
1
3
1
7
2
4
1
1
3
2
56
4
1
1
1
1
2
1
1
2
70
6
9
15
1
2
1
12
4
10
1
1
1
1
26
10
4
1
8
22
2
1
1
1
5
4
2
1
298
2
15
2
5
4
1
5
2
15
4
1
7
1
7
1
1
1
6
1
2
2
41
2
44
34
1
1
2
11
1
1
1
14
1
1
1
3
1
1
1
1
4
6
1
6
3
1
63
1
1
1
1
1
1
1
1
1
2
1
1
1
1
1
1
1
1
1
4
2
1
2
35
3
1
28
1
4
8
18
34
1
2
1
1
1
1
1
4
1
1
1
1
2
1
1
1
1
19
1
1
1
2
1
1
1
7
2
1
1
4
1
6
1
1
56
1
1
247
1
1
1
7
4
2
1
1
1
1
372
28
1
1
1
4
1
1
1
1
1
1
11
1
2
2
1
1
1
1
1
1
1
1
1
1
1
1
1
1
9
8
1
1
1
2
1
17
1
15
32
5
7
9
7
14
1
1
89
1
7
1
3
1
1
2
2
1
1
4
7
22
1
1
1
2
3
1
1
1
1
1
1
2
79
1
1
1
1
1
6
2
1
2
1
1
1
1
1
1
1
1
1
4
16
75
24
1
1
28
1
27
39
17
28
169
1
10
1
21
1
1
1
9
2
1
2
1
1
9
5
1
1
3
1
1
9
2
1
46
7
4
1
1
1
2
5
7
3
1
1
2
1
1
10
11
1
1
3
30
1
5
4
6
9
1
1
1
2
1
4
4
1
14
5
1
164
1
1
1
10
1
1
1
1
1
1
9
1
1
1
6
1
1
2
1
1
1
1
2
2
1
1
1
1
5
9
16
60
90
2
2
1
1
3
1
11
5
1
1
1
1
5
1
1
1
1
1
1
2
1
1
1
2
1
1
1
1
1
1
1
1
1
2
13
8
1
1
2
1
2
1
1
1
1
55
1
1
1
1
1
1
84
10
5
10
1
1
2
2
1
12
1
1
4
6
39
1
2
1
12
1
1
1
1
1
2
1
1
1
1
1
1
2
6
1
1
2
4
9
1
3
3
8
2
8
16
3
3
8
3
3
1
1
1
15
1
1
1
2
1
2
6
9
5
1
1
1
124
1
1
1
1
1
1
1
1
1
24
1
1
6
1
6
3
1
1
3
3
1
4
1
10
6
1
1
1
2
1
1
424
2
3
325
2
3
1
1
1
1
1
1
3
1
1
1
11
5
3
1
1
3
2
28
15
1
4
3
2
1
1
8
1
1
1
1
1
5
1
1
1
1
1
60
1
2
1
1
1
1
4
4
52
3
1
3
1
9
1
33
1
63
3
13
11
1
2
1
15
6
1
1
1
1
7
48
1
137
69
2
1
7
148
1
1
1
1
15
1
8
1
1
1
1
1
1
1
1
1
3
3
50
2
1
1
1
1
2
2
1
10
4
1
4
1
2
1
1
5
12
1
1
1
1
1
1
1
2
1
1
9
1
1
3
1
13
1
2
5
52
1
1
1
1
3
1
1
64
2
1
1
1
3
98
1
4
318
2
1
22
19
9
15
1
1
1
1
1
4
23
1
1
1
2
1
1
1
19
6
1
1
1
1
1
1
1
1
1
2
1
1
1
1
1
1
1
22
1
2
4
6
1
1
2
48
1
1
3
1
1
1
120
1
1
2
55
1
309
11
1
198
24
18
2
2
1
1
121
2
1
2
1
1
5
2
13
1
10
1
1
5
8
51
1
1
1
2
1
1
2
2
45
1
16
24
1
2
9
9
2
1
1
1
14
1
1
1
1
1
2
1
1
6
1
1
16
10
27
9
17
1
1
4
1
1
3
1
1
1
1
1
1
1
5
4
1
2
1
13
1
1
1
1
39
1
2
5
1
1
3
3
1
1
2
1
1
1
1
11
70
1
1
1
2
2
2
6
2
1
2
160
1
6
3
1
16
31
1
1
1
1
1
1
45
1
1
1
1
10
127
9
1
1
80
1
1
5
1
1
1
3
2
1
3
1
68
1
3
1
87
2
3
1
2
1
1
5
7
1
1
1
1
1
1
1
3
2
1
1
1
7
4
3
5
6
1
1
1
8
4
2
1
1
1
2
1
3
1
1
1
2
1
1
5
73
1
1
15
1
2
1
3
1
3
1
2
4
36
1
1
1
1
1
1
10
1
1
5
1
2
1
1
1
1
3
2
1
3
1
1
1
9
1
2
2
1
33
7
1
1
361
1
1
1
1
7
1
11
1
2
1
1
6
1
1
1
4
1
1
2
6
4
7
18
20
1
1
29
5
1
4
2
1
1
6
1
3
1
1
2
1
1
1
1
2
1
1
1
3
1
1
1
1
1
2
1
11
3
8
1
7
4
2
112
1
1
1
1
1
7
4
41
32
14
2
2
31
1
1
1
1
2
2
1
2
1
10
2
1
4
12
1
1
1
1
1
3
1
2
1
1
2
1
1
1
1
1
1
4
80
142
4
36
7
4
8
88
23
4
1
11
19
1
23
15
1
12
1
1
3
1
1
1
1
2
1
1
1
3
1
2
6
1
1
1
1
1
2
1
1
1
20
7
2
1
161
3
3
1
2
1
1
1
1
26
10
1
1
4
2
23
1
4
2
2
1
1
26
2
1
5
3
1
3
8
10
71
1
1
86
1
1
1
3
2
1
1
6
2
1
1
1
2
43
1
1
1
4
1
4
1
1
8
29
1
1
1
1
1
2
1
34
61
8
1
1
1
6
1
4
1
1
2
1
12
1
2
3
2
1
189
44
3
19
1
1
23
1
2
60
1
3
3
4
1
1
4
3
1
1
1
3
1
7
6
1
1
2
150
1
8
11
1
2
1
1
10
20
2
2
34
6
1
259
4
2
1
1
1
95
6
2
1
2
1
8
1
2
1
5
2
2
1
1
7
1
26
164
1
1
1
2
1
1
1
1
5
1
27
1
62
3
1
1
2
21
2
13
1
1
1
5
1
1
1
1
1
50
2
4
91
1
1
1
6
6
7
1
67
1
1
1
1
1
54
3
1
12
1
4
1
48
1
2
1
1
1
2
16
3
6
33
27
2
1
1
1
1
1
3
1
1
1
2
1
2
1
2
1
1
3
9
1
1
416
1
3
1
2
1
1
1
1
6
1
1
38
1
1
17
2
1
5
1
1
1
6
1
45
4
1
3
10
27
3
1
1
2
1
32
1
1
2
5
4
4
24
13
10
10
12
52
15
7
18
1
1
1
1
1
12
2
13
38
1
5
1
6
3
1
1
1
5
331
5
1
3
1
1
20
1
2
1
1
2
2
22
40
9
78
2
3
9
28
23
1
1
1
2
1
2
14
19
1
1
1
1
1
1
1
1
16
63
1
1
1
3
1
1
2
52
1
1
1
2
2
1
5
3
4
1
1
1
1
1
10
7
1
3
1
2
1
1
1
3
3
5
2
1
4
1
16
7
1
17
1
1
2
11
1
4
1
1
2
10
1
1
1
1
28
1
8
1
1
2
1
3
1
1
1
1
1
2
2
1
23
5
1
1
1
2
1
2
2
30
34
1
1
236
6
1
1
6
1
2
3
1
12
1
1
13
3
1
1
4
1
99
7
1
12
1
1
1
7
1
2
2
1
4
36
1
25
1
4
4
1
1
12
1
1
1
42
1
1
2
2
1
1
54
2
1
1
15
2
1
1
3
1
1
1
1
11
1
35
13
1
2
1
1
26
1
1
1
16
1
1
1
1
1
1
2
2
1
1
1
2
2
6
11
2
2
1
1
26
1
8
1
2
1
1
1
1
14
1
1
1
1
1
1
1
2
38
3
1
1
1
2
1
24
1
3
1
1
1
1
1
1
18
29
27
5
1
9
1
2
1
1
1
1
1
2
1
1
1
2
5
1
2
3
1
9
1
1
1
1
2
63
10
2
1
1
88
1
1
1
2
2
2
1
1
26
32
1
2
23
4
6
1
1
11
1
1
2
9
3
1
2
1
2
1
2
6
2
1
5
1
1
1
2
42
19
14
1
17
2
1
1
220
3
1
3
13
7
2
2
1
44
1
2
1
1
1
1
1
2
1
1
1
1
7
1
1
1
1
1
1
6
3
5
1
9
6
2
1
1
1
14
1
7
1
6
1
1
1
3
1
139
2
72
1
2
1
3
5
1
278
1
1
4
1
67
2
47
2
2
10
1
1
7
17
1
1
9
2
5
5
2
68
1
2
2
16
5
5
1
1
1
2
5
2
1
3
2
1
1
1
1
25
2
3
6
1
71
9
1
1
1
2
3
5
1
1
1
2
13
3
13
1
1
1
1
4
1
5
1
1
24
72
66
22
1
5
6
1
5
35
24
170
13
1
2
56
35
30
26
61
2
11
1
1
2
1
1
2
6
27
3
3
1
21
1
1
1
6
1
14
47
2
79
2
1
1
1
1
1
1
9
1
1
3
26
1
1
3
1
1
1
2
1
1
1
43
1
1
6
1
6
9
33
1
1
1
2
1
1
1
1
48
1
1
5
142
4
3
2
14
6
1
3
3
8
42
1
2
1
2
15
1
4
1
1
1
1
2
7
1
32
1
1
1
2
1
1
1
1
2
1
8
1
4
1
4
2
1
2
1
1
1
4
1
15
1
10
6
1
56
1
13
90
1
7
13
3
16
54
3
1
1
1
2
1
1
4
2
4
1
2
1
1
2
1
1
1
1
1
2
3
43
1
12
2
1
1
3
68
1
2
13
12
9
1
6
1
48
72
1
2
48
1
1
1
2
487
1
4
1
1
3
1
2
1
1
2
7
1
1
110
1
1
2
1
6
1
2
1
2
2
4
1
3
6
1
4
1
1
1
1
4
3
1
1
1
10
1
1
7
1
1
1
2
42
23
1
1
124
4
5
1
1
6
1
6
17
1
1
1
2
71
1
4
1
1
1
1
1
17
1
1
1
3
1
2
10
14
1
1
1
1
2
9
1
11
2
1
2
13
1
1
1
1
1
1
1
4
6
1
2
3
1
1
16
42
63
20
35
15
1
1
1
1
29
1
1
1
1
1
1
2
1
13
7
17
1
1
5
2
10
1
1
1
1
1
5
1
6
1
6
5
1
28
1
1
1
1
1
2
1
1
71
2
8
1
1
1
4
8
1
8
39
1
26
23
12
1
2
3
11
1
1
1
1
2
1
3
1
3
1
76
7
2
1
1
1
4
1
9
1
1
3
2
1
56
1
7
3
28
1
1
54
7
6
1
1
3
2
42
2
18
1
2
1
1
1
38
4
1
7
5
29
41
2
1
1
2
1
1
2
1
1
2
23
1
1
1
1
6
11
1
1
18
1
1
4
1
1
2
1
4
1
1
3
20
1
1
17
2
1
2
1
6
1
1
1
3
1
1
89
1
1
5
2
4
3
1
98
5
3
1
1
2
4
4
7
1
3
1
1
8
1
1
1
5
5
1
2
37
1
1
3
1
1
5
10
2
26
1
20
149
1
1
1
1
1
4
1
1
1
1
21
2
1
10
2
2
2
1
1
5
1
1
3
1
1
2
220
30
2
5
1
2
2
154
1
1
1
11
2
1
2
1
2
5
1
1
1
1
5
2
8
1
1
1
1
1
3
1
1
2
7
115
3
1
3
7
2
2
4
1
1
4
1
1
1
4
3
1
1
1
1
1
1
1
1
1
11
11
2
1
1
1
1
1
1
1
2
1
1
1
1
3
1
1
1
1
313
3
10
1
3
1
12
6
1
42
6
1
1
1
1
2
1
3
1
1
1
54
1
1
1
1
1
1
1
11
1
2
1
6
1
6
1
3
8
3
2
6
10
17
2
10
19
1
16
83
1
1
1
4
39
6
18
2
7
1
1
1
8
1
1
14
1
1
1
1
21
10
1
3
74
7
1
9
1
3
55
6
1
14
42
22
12
5
5
1
154
14
6
2
18
5
1
2
13
44
8
5
43
1
5
63
1
23
1
33
2
1
1
7
1
2
1
3
2
1
4
115
7
9
8
7
2
3
11
2
3
2
9
7
25
1
1
1
2
2
1
2
1
3
1
25
25
1
4
1
1
5
1
3
133
1
2
7
1
47
2
2
2
1
3
2
1
1
6
1
1
1
4
2
1
1
5
1
1
6
1
1
1
1
3
1
1
1
2
2
1
2
1
1
1
19
1
4
5
1
3
2
77
2
1
4
1
1
33
88
4
1
29
1
1
2
3
96
2
1
3
7
1
97
2
1
6
2
3
5
1
1
1
1
38
13
1
2
1
1
1
3
1
1
1
22
1
2
1
1
1
3
2
3
71
1
1
21
29
2
1
22
2
6
8
1
1
1
1
4
3
43
1
91
1
17
1
2
3
5
3
4
1
2
2
1
1
1
36
2
38
1
2
2
1
1
1
1
1
1
1
1
3
1
1
1
3
1
5
2
3
19
1
1
17
1
8
1
1
1
1
2
1
37
1
292
1
2
1
2
2
2
1
4
27
13
1
1
7
13
1
2
1
86
1
1
1
1
2
1
1
1
1
7
2
12
5
13
20
2
1
1
3
1
28
2
1
31
10
49
23
2
1
1
2
1
1
1
7
5
2
1
2
1
2
1
2
1
6
4
3
13
8
2
1
1
2
1
1
49
1
1
1
8
2
1
1
9
99
1
14
3
1
2
1
11
6
4
84
3
9
10
1
1
141
1
20
3
1
15
9
1
2
2
2
1
1
1
2
1
1
1
1
2
1
161
3
1
1
3
1
6
1
5
1
14
1
19
1
6
1
1
1
1
3
4
4
2
36
2
10
3
1
8
1
4
17
26
6
1
4
2
54
10
18
7
25
8
6
1
1
1
2
2
129
1
1
1
1
2
1
1
1
1
1
6
36
2
1
75
11
1
1
233
1
1
2
1
1
7
1
1
1
10
1
1
1
1
2
1
1
11
2
7
2
1
18
6
9
33
5
21
14
2
85
4
11
14
9
16
4
3
102
83
20
19
4
5
1
1
1
4
81
16
70
6
3
1
2
2
1
1
1
2
27
12
2
1
1
1
2
1
35
26
2
1
1
25
1
1
2
1
1
1
2
3
1
59
40
3
1
1
1
8
1
3
2
1
2
39
10
3
1
25
1
1
1
1
1
1
1
1
1
1
3
16
36
3
43
1
1
4
2
2
1
1
1
1
2
2
3
1
5
1
1
4
40
1
2
1
2
1
1
1
2
12
3
11
7
1
1
1
1
1
67
2
22
28
11
36
3
20
8
1
1
1
57
1
13
1
1
2
1
1
2
6
1
1
5
1
213
1
1
1
1
25
249
63
1
1
1
1
2
1
1
1
5
1
1
48
1
1
11
1
1
4
1
8
1
1
1
1
1
1
2
1
1
3
10
3
2
1
1
1
1
2
1
2
1
1
1
1
1
1
1
1
1
1
2
1
1
2
1
56
3
1
2
2
49
2
9
1
1
1
1
1
2
1
3
1
38
120
4
173
3
1
1
5
1
6
65
1
1
17
4
12
4
160
12
8
2
1
15
1
1
1
8
1
1
3
1
3
1
1
1
1
1
1
1
41
3
1
8
3
1
1
1
2
13
1
1
2
1
1
1
2
1
28
1
3
1
1
2
1
1
2
1
6
1
12
1
1
1
1
40
1
1
1
1
14
9
8
1
1
2
3
4
1
1
5
1
1
3
1
1
1
10
3
1
1
1
1
1
1
1
1
1
1
1
2
1
1
4
2
1
1
12
1
2
1
1
1
1
1
1
1
13
1
4
1
10
1
1
2
1
67
17
13
65
7
37
18
1
1
1
1
33
1
1
1
1
1
1
1
5
4
1
1
7
1
1
2
437
2
3
1
13
1
1
1
4
1
1
2
3
19
1
1
2
1
2
1
3
2
3
1
1
1
1
1
1
1
1
1
1
343
2
1
2
2
2
1
30
1
1
4
1
1
1
1
1
1
1
2
2
1
2
21
1
1
1
1
1
2
1
1
1
17
1
3
1
7
2
1
1
1
1
2
1
1
1
1
7
4
11
2
2
1
1
1
1
1
65
1
1
1
1
1
1
1
2
1
1
1
47
1
1
1
1
1
1
3
1
1
2
1
2
1
1
1
1
4
1
10
8
4
1
4
1
1
1
2
1
1
1
1
1
1
41
1
1
1
7
3
6
1
1
4
1
50
11
9
10
9
27
70
19
1
56
1
1
4
1
1
1
2
77
6
61
4
1
4
4
1
2
1
1
1
3
2
1
3
3
1
1
2
2
1
1
2
2
37
33
39
2
1
1
1
10
2
1
1
2
1
64
2
2
57
1
1
1
2
4
1
1
1
2
5
1
1
2
1
1
1
1
1
1
1
1
1
1
1
1
1
1
1
1
1
1
1
1
2
1
30
2
6
1
2
1
2
3
2
1
1
1
1
1
1
1
1
1
1
1
2
1
1
81
3
1
7
1
2
2
2
20
1
3
1
1
1
2
1
1
1
1
1
1
13
1
15
5
1
20
1
25
1
1
3
3
2
1
1
1
1
3
10
2
21
3
32
1
3
1
1
1
2
1
1
1
1
50
1
1
5
1
1
1
1
1
1
1
3
1
1
1
1
23
51
38
3
2
1
2
3
30
1
3
4
18
1
4
1
2
1
21
1
10
1
1
5
1
2
2
1
27
33
24
1
1
1
1
4
4
29
3
1
10
2
1
2
1
3
1
1
1
1
1
2
1
1
1
1
1
1
7
1
6
3
3
1
1
5
4
1
1
1
1
31
1
2
1
41
2
1
18
1
1
239
1
53
46
1
6
5
5
1
1
36
1
41
1
1
1
1
1
2
2
1
1
6
18
1
3
3
1
3
16
1
2
11
1
16
12
1
8
12
6
31
1
1
1
1
1
1
1
1
3
2
1
8
1
1
1
1
8
13
1
1
1
1
1
39
1
25
45
89
1
33
6
4
7
1
2
1
1
2
63
8
4
30
3
1
8
1
195
1
1
68
155
1
1
2
3
9
33
22
17
16
17
76
84
10
13
2
1
1
1
2
3
1
13
6
3
2
1
1
1
18
1
2
2
1
1
4
1
3
1
2
5
1
1
2
1
1
2
1
1
1
5
2
7
1
1
1
1
1
39
2
1
1
1
3
11
1
1
2
3
10
1
1
16
2
1
1
3
1
1
169
1
1
2
14
7
1
1
1
2
1
1
1
15
1
1
2
24
12
7
23
1
3
4
1
1
54
4
57
6
4
1
47
4
1
1
1
10
132
1
1
2
5
4
179
3
8
22
4
2
22
1
2
1
1
1
11
1
1
1
2
5
1
2
1
11
32
1
1
1
2
7
2
3
1
1
48
1
1
1
1
1
1
1
1
1
8
1
1
6
1
1
1
1
1
1
1
3
1
2
1
4
1
1
1
17
5
1
1
1
1
1
1
1
2
2
26
1
1
1
1
1
1
1
1
2
1
1
1
1
5
1
1
1
1
1
1
3
1
2
1
2
3
1
1
16
3
2
1
1
3
4
2
1
1
1
5
8
10
8
1
2
1
1
7
1
2
1
1
1
9
2
1
1
1
1
1
1
1
2
10
1
28
1
1
1
1
1
1
2
2
2
3
1
4
4
1
1
1
1
108
395
2
1
1
1
1
1
1
7
1
76
1
3
1
1
20
9
1
5
2
1
3
3
2
4
2
1
3
1
2
9
1
2
2
1
43
1
1
24
12
5
1
2
1
1
3
1
6
7
1
2
1
11
4
9
1
1
1
1
1
2
2
1
1
1
2
6
2
1
1
4
2
1
1
2
3
1
1
1
5
1
1
1
3
2
26
29
1
7
3
11
10
4
1
2
5
10
1
1
1
102
1
2
10
7
5
20
7
3
1
1
3
3
3
2
5
1
2
6
1
3
5
4
1
1
3
1
68
2
1
1
1
1
9
281
29
6
4
3
2
1
48
4
1
106
7
1
1
3
3
85
2
1
2
1
1
1
1
1
1
20
5
22
5
1
1
1
4
1
14
7
5
4
39
2
2
1
1
1
1
1
13
1
11
1
2
2
4
1
2
1
2
4
1
1
9
68
29
2
1
1
1
1
3
1
3
3
4
1
1
2
1
1
1
34
1
17
5
2
15
1
3
1
1
1
14
1
1
1
1
1
1
1
1
1
1
51
1
1
1
7
3
2
1
1
6
1
1
27
15
1
1
1
1
3
1
1
1
1
39
45
6
12
1
4
1
9
5
1
1
1
13
2
27
1
1
1
1
1
104
1
1
3
1
1
2
1
43
2
16
1
1
1
5
1
4
3
1
1
32
1
2
9
10
156
72
6
1
16
36
15
1
2
2
21
14
1
1
1
1
46
2
3
1
2
1
2
21
1
1
146
1
1
5
1
1
56
1
1
1
2
1
1
2
10
1
2
10
8
1
6
12
2
6
2
1
1
1
3
2
1
8
6
4
2
1
1
1
2
1
4
1
1
2
1
3
1
4
1
3
1
1
4
7
3
2
2
4
1
1
1
2
1
10
1
1
4
13
2
2
1
1
7
3
1
1
1
1
1
4
2
37
1
1
2
1
1
1
1
2
3
1
48
3
15
2
12
1
6
4
9
37
2
33
6
1
4
1
2
1
1
1
1
4
2
5
25
3
1
1
4
2
1
1
1
2
1
1
1
1
2
1
5
6
5
1
1
1
9
1
1
1
1
1
3
1
2
1
1
3
3
7
1
5
3
3
2
43
2
1
1
2
1
1
7
1
1
5
85
4
1
1
2
1
1
1
2
1
3
1
2
2
1
44
2
8
1
1
1
1
8
7
3
2
1
1
3
177
4
5
19
1
1
1
2
2
1
2
1
1
3
3
2
1
2
3
1
1
1
10
1
3
1
4
1
2
1
2
1
9
3
1
1
2
1
24
58
1
2
1
1
4
2
1
1
1
1
1
6
1
1
1
1
1
2
1
1
1
2
2
1
4
1
3
1
1
112
1
7
3
1
1
1
1
285
1
1
1
23
56
24
1
3
1
1
5
1
2
1
1
1
1
2
1
2
2
1
1
13
1
2
5
4
4
242
1
2
1
1
27
4
1
1
12
1
6
1
4
2
1
1
1
1
2
8
2
1
7
1
1
12
1
1
1
1
1
1
1
1
1
1
1
1
2
2
1
3
2
3
1
4
1
1
30
1
15
7
2
1
1
1
1
1
15
1
5
2
4
1
1
1
4
2
1
3
37
1
1
7
1
1
3
5
1
1
8
21
10
12
1
1
1
1
34
1
1
2
1
1
4
5
1
1
6
1
26
18
1
1
85
1
1
1
2
1
1
13
6
1
1
1
1
1
1
1
2
1
17
1
2
117
1
2
12
2
7
4
3
1
1
9
1
1
2
15
1
3
4
1
9
4
6
1
47
1
3
5
2
1
3
1
2
2
14
1
3
3
2
4
1
3
6
1
2
2
7
3
1
2
5
1
3
1
26
1
3
4
16
1
1
3
2
3
2
66
1
1
3
2
61
1
1
1
3
1
1
1
5
1
7
1
16
1
5
4
2
3
19
39
15
16
2
1
2
4
2
1
2
15
17
2
3
4
3
47
1
3
10
10
1
1
1
1
6
1
10
1
4
1
8
1
51
3
1
11
3
4
1
6
1
1
1
1
1
1
184
2
1
16
2
5
1
1
12
5
3
2
1
2
1
3
2
1
1
3
12
5
1
2
31
4
2
5
2
1
1
1
1
1
1
20
1
1
3
2
1
1
9
1
1
1
1
1
1
3
3
14
9
66
42
1
1
4
1
1
1
1
1
1
14
3
1
1
2
5
5
2
1
3
1
3
1
1
2
2
1
1
2
1
2
1
6
26
17
2
1
1
2
1
3
1
2
1
1
1
1
1
352
4
1
1
124
1
21
9
1
1
14
1
1
5
1
2
1
1
7
1
1
1
3
1
2
1
5
42
1
14
1
9
340
1
3
1
1
1
1
3
1
82
1
5
3
2
1
4
2
5
9
1
1
18
1
1
1
8
1
1
1
5
1
2
82
1
1
4
1
1
1
9
1
5
2
38
1
3
1
2
1
1
187
1
2
7
1
122
8
1
127
12
1
2
2
4
82
3
1
1
2
1
1
6
2
2
1
19
1
2
1
2
2
4
1
2
10
28
44
1
1
1
1
1
1
1
6
2
1
2
1
1
1
6
8
4
2
4
2
1
76
5
25
1
2
1
2
4
3
1
4
1
16
13
1
12
1
2
6
2
28
1
3
2
1
4
18
15
2
1
1
1
1
1
2
1
4
24
1
12
1
1
2
1
1
1
1
7
1
1
8
1
6
3
1
1
1
4
23
1
1
1
4
13
1
3
1
3
6
171
5
1
6
1
2
1
5
6
2
1
1
1
1
2
2
1
4
2
1
2
2
4
2
1
1
2
4
10
1
3
1
1
16
5
7
1
26
8
21
1
1
1
1
2
1
3
1
7
1
138
13
1
1
6
75
8
1
21
5
1
5
2
1
1
6
1
1
1
14
1
1
30
1
1
1
2
2
9
34
2
1
1
1
2
2
6
1
1
1
2
469
1
2
1
4
2
1
1
5
1
30
1
3
73
2
17
303
32
3
2
1
105
3
2
13
43
1
1
1
1
1
1
1
243
9
4
1
1
1
5
1
1
2
1
1
2
1
13
1
79
1
15
1
1
1
2
1
2
1
3
1
1
2
2
1
9
3
144
2
3
1
2
3
3
5
14
1
1
1
1
6
3
1
1
10
3
1
1
4
1
1
1
330
1
5
3
1
2
1
1
3
2
15
1
19
2
2
2
30
2
2
4
3
6
1
11
1
3
36
1
6
10
11
1
5
1
1
1
1
4
1
5
3
1
2
1
5
1
2
1
1
1
3
3
1
1
3
3
1
1
5
3
1
35
1
1
1
1
2
1
2
1
1
6
12
1
2
1
1
1
1
17
3
1
1
3
1
3
3
183
56
1
1
2
2
2
1
3
1
1
1
12
43
12
7
1
2
36
1
1
3
2
1
4
1
2
7
1
10
1
1
1
1
1
6
112
27
16
10
3
49
1
7
1
5
1
1
1
1
4
57
1
1
4
1
17
1
2
5
1
2
38
11
7
3
83
1
2
4
1
1
254
2
2
9
7
5
2
3
15
10
2
2
4
3
2
2
1
8
15
1
1
13
4
98
4
2
1
1
1
1
21
1
1
1
1
1
1
1
3
8
2
1
4
3
1
15
1
1
1
1
15
2
1
174
1
1
3
1
6
7
1
134
1
1
1
1
1
3
13
1
1
2
2
2
1
5
3
3
70
3
4
1
1
3
1
1
65
1
1
235
9
2
1
28
2
62
49
1
1
3
1
1
6
4
4
1
1
366
2
1
1
1
4
3
19
1
2
1
1
2
1
5
3
3
2
2
1
1
2
1
1
1
1
1
1
1
1
1
2
1
1
2
3
1
1
1
1
1
2
2
1
9
1
1
1
2
3
1
1
6
1
2
1
35
10
1
1
10
1
3
1
2
1
1
1
2
4
1
1
2
1
26
1
3
1
1
1
2
2
1
1
1
1
1
1
1
1
1
1
1
3
1
1
1
1
1
7
2
3
23
1
1
11
13
4
3
3
1
2
2
1
2
4
1
3
1
1
3
1
65
5
7
12
1
1
2
1
4
4
1
12
1
2
13
8
22
2
1
25
7
287
1
1
2
1
52
2
2
4
11
1
6
1
1
2
1
1
1
7
1
6
2
1
1
1
2
1
1
6
1
1
1
1
1
1
1
1
7
1
1
3
1
2
5
2
2
2
65
1
1
5
10
1
3
12
1
1
3
1
1
12
4
1
21
14
1
1
1
1
25
1
5
2
1
1
1
3
1
4
5
8
1
1
2
1
3
3
2
1
1
2
15
2
4
1
1
1
1
2
1
1
1
1
30
3
8
3
1
1
2
1
1
1
2
1
10
115
1
4
1
1
132
1
3
1
1
1
1
2
1
5
1
18
13
1
2
13
3
3
61
1
4
2
30
1
1
17
1
1
2
4
8
1
68
1
1
37
30
46
1
1
1
53
1
1
1
1
15
2
1
8
6
1
1
1
3
1
1
3
2
2
1
32
1
1
1
1
1
1
174
1
2
1
5
2
3
1
6
1
1
1
2
1
2
3
6
44
32
1
2
229
15
5
2
1
1
1
1
9
6
15
2
302
1
1
1
10
2
1
1
1
12
1
16
1
1
2
8
6
1
1
1
1
1
2
1
1
7
56
1
1
1
1
1
1
6
1
2
2
2
13
1
1
1
1
1
2
7
3
1
1
1
1
1
12
1
1
1
13
5
1
1
3
1
1
128
10
1
4
1
4
4
1
1
1
1
1
1
16
1
1
10
5
2
1
8
4
1
1
1
16
1
1
3
1
1
129
3
33
2
3
7
3
1
1
1
1
16
4
2
3
5
5
18
3
1
1
2
4
13
1
22
2
1
1
1
7
1
1
1
1
7
1
1
1
2
53
1
1
1
1
1
1
1
1
1
1
1
1
1
1
111
2
1
1
1
3
3
1
1
2
1
1
1
1
1
2
1
54
1
8
10
1
1
100
15
16
37
1
1
1
1
6
1
3
1
23
2
1
2
2
1
1
1
1
11
3
1
4
1
2
1
1
1
11
14
2
1
1
1
2
1
1
2
2
1
1
5
2
1
1
1
3
11
2
1
1
1
1
1
2
11
1
6
1
2
1
1
3
1
1
2
1
9
1
4
17
6
1
2
4
1
5
1
1
1
1
5
9
2
7
7
2
1
11
3
56
11
1
2
1
7
1
1
5
1
1
1
1
17
1
2
1
1
15
1
2
5
1
2
27
1
3
1
8
1
1
5
2
1
2
4
8
1
1
2
1
1
35
1
2
1
2
17
1
2
3
2
7
5
1
1
1
1
1
56
1
1
1
1
1
1
3
1
8
76
1
4
1
1
1
24
1
19
1
1
1
6
1
5
1
1
2
7
5
1
2
6
22
5
1
6
1
3
2
1
1
1
1
1
5
8
7
1
1
1
11
1
3
1
8
2
4
1
9
4
12
11
1
1
5
6
2
1
1
1
1
3
1
2
1
2
1
1
33
1
2
1
1
1
1
5
7
1
3
9
6
54
9
1
2
3
2
9
29
1
1
3
1
6
1
1
1
1
2
3
1
3
1
1
1
1
1
1
2
1
1
2
1
1
1
1
1
61
1
1
1
2
484
1
2
43
3
1
1
6
8
1
1
6
3
1
1
6
1
2
1
1
3
1
1
1
29
8
12
1
2
1
1
2
1
5
1
64
1
1
1
2
2
66
1
1
1
1
1
1
2
1
1
1
8
1
1
3
2
4
3
1
1
1
1
79
