2
57
3
2
6
13
2
11
13
14
33
4
24
17
18
38
4
2
29
14
19
5
1
26
2
39
63
1
2
1
2
7
1
2
17
2
13
4
59
15
2
3
3
6
2
12
37
27
16
3
4
16
8
5
5
16
24
19
2
59
2
5
79
8
4
3
7
4
4
8
1
11
3
1
12
28
2
1
3
4
2
2
7
25
19
3
7
21
18
33
8
34
6
10
1
3
4
25
1
9
1
1
5
4
9
31
8
5
1
29
6
36
24
1
4
6
8
11
11
34
16
3
10
36
2
1
1
5
5
9
37
7
2
5
10
4
8
9
2
1
2
1
3
3
11
9
2
2
4
5
23
1
5
94
2
1
15
8
1
4
2
5
1
180
4
39
4
3
5
1
14
21
9
5
13
6
1
4
6
4
3
22
6
2
14
1
10
14
18
24
6
9
2
3
1
27
9
3
7
3
2
31
1
1
49
32
6
40
2
1
2
10
1
4
8
3
6
3
1
2
2
5
4
15
8
3
3
13
134
1
106
3
16
11
13
3
10
1
44
3
24
1
2
11
5
2
1
6
10
6
3
13
20
10
15
12
1
1
13
58
10
5
10
3
1
12
5
18
6
12
3
54
2
9
1
15
8
30
3
6
5
6
11
12
8
1
43
16
3
9
1
18
2
26
3
2
1
8
1
34
3
1
2
2
3
20
1
23
1
2
2
1
18
12
4
6
1
2
3
2
1
8
20
25
7
1
45
9
4
8
4
1
6
4
6
8
2
2
3
18
1
35
10
1
10
10
33
24
1
2
14
1
107
12
4
1
13
3
50
3
2
1
11
6
6
2
1
6
3
21
2
9
9
12
8
18
1
6
2
8
1
5
17
1
6
15
19
10
14
5
4
4
7
17
2
28
3
2
30
2
2
22
4
2
1
117
1
9
22
1
4
1
1
2
35
3
11
6
1
54
74
2
14
77
16
10
44
1
8
18
27
9
1
8
10
23
1
22
2
6
58
18
29
13
1
5
19
4
7
8
4
1
1
12
8
32
1
4
5
1
2
3
3
6
2
2
22
9
2
2
8
1
1
3
3
27
2
1
23
3
2
9
9
15
1
4
7
1
1
7
2
1
1
9
21
2
3
2
2
2
11
3
1
10
1
16
15
1
19
2
24
6
1
1
1
1
2
9
6
17
9
1
2
5
1
3
1
2
7
17
4
3
5
5
40
19
5
13
8
11
8
1
3
1
7
1
17
1
1
1
10
12
1
2
3
8
1
10
13
1
21
3
5
2
1
29
9
15
4
2
7
34
10
30
1
15
5
15
1
21
5
9
36
1
2
2
3
3
7
1
1
2
12
29
1
11
48
17
25
1
17
9
8
7
6
1
4
2
2
44
5
9
3
5
7
3
1
41
4
12
73
5
32
223
46
3
29
9
9
1
8
1
2
1
14
21
5
35
38
1
11
2
2
2
11
19
45
1
5
26
10
31
1
4
14
2
1
1
1
33
12
10
7
2
2
2
9
6
1
1
11
1
11
3
10
2
55
13
1
9
1
144
1
45
2
1
3
4
1
2
6
11
14
1
3
4
2
2
8
6
40
55
4
19
6
26
1
1
5
1
16
1
5
2
12
2
2
1
2
8
53
7
14
3
42
9
43
2
12
3
21
5
3
5
2
12
1
196
3
11
2
3
2
24
4
17
17
24
8
24
68
1
25
7
5
13
5
34
3
3
6
16
2
1
23
33
6
2
1
1
2
1
5
2
1
2
3
6
26
4
14
5
48
1
18
36
14
1
3
72
3
1
24
3
28
1
28
71
4
23
3
9
3
5
3
33
11
2
4
8
25
3
3
18
1
3
14
1
1
15
4
2
26
23
3
18
5
7
1
6
2
3
3
8
6
8
8
22
1
10
1
1
14
9
15
2
1
10
2
1
51
6
19
6
6
1
2
28
15
2
109
2
2
2
2
1
10
5
6
28
1
1
11
1
9
26
5
2
33
1
3
1
38
17
41
21
2
11
2
1
3
11
2
20
10
10
19
2
9
21
2
10
1
74
2
8
1
2
7
1
19
2
16
2
1
3
1
1
6
14
16
9
3
5
1
1
3
1
1
9
2
12
11
4
8
2
20
9
29
5
25
1
9
3
6
30
2
11
2
13
1
4
2
1
2
3
3
17
20
15
4
16
1
8
1
2
1
3
11
1
4
1
5
2
2
1
1
1
18
6
2
16
46
1
1
1
11
1
14
1
1
7
1
11
1
7
2
3
11
3
1
6
5
3
1
2
2
2
9
1
18
6
6
1
3
2
1
1
7
1
7
3
7
27
4
12
2
1
3
4
21
1
12
11
38
9
2
15
16
2
1
5
1
13
7
1
25
12
1
1
11
4
2
4
6
2
16
1
12
5
1
9
7
44
2
4
8
5
3
16
81
8
36
20
205
10
5
22
14
14
1
5
11
5
9
11
1
9
25
5
2
1
4
4
25
7
5
2
3
19
1
1
6
4
27
8
1
1
2
29
13
2
2
35
2
2
6
4
2
13
2
18
3
6
7
4
14
6
4
1
2
9
17
4
3
7
3
7
16
47
23
3
1
3
2
1
4
2
7
10
11
2
18
2
10
2
2
23
1
1
18
1
3
4
15
21
17
2
40
13
2
1
3
18
1
11
8
18
1
1
1
3
4
6
15
2
1
1
200
3
8
16
1
4
1
3
30
1
1
1
3
2
1
6
8
102
12
2
3
1
11
13
1
2
6
1
18
15
1
20
4
2
40
5
2
1
1
4
1
22
3
69
49
33
16
4
2
2
26
4
2
2
28
1
5
2
9
2
7
5
4
6
6
5
1
5
3
14
11
2
4
90
2
3
10
1
2
2
2
2
1
8
24
35
17
7
4
3
4
3
23
3
1
14
4
1
20
29
47
6
1
1
13
3
3
1
2
1
1
2
7
4
7
46
3
9
6
25
1
6
2
9
12
1
6
5
3
13
21
1
3
1
11
2
1
4
5
1
18
4
17
22
2
2
24
15
6
10
31
2
10
2
10
1
54
2
2
8
5
28
6
15
36
2
2
2
23
132
4
5
5
2
7
1
5
1
1
1
7
65
13
2
23
2
13
10
4
2
1
61
1
25
1
3
15
1
26
1
1
1
1
3
3
6
11
17
7
18
15
2
91
3
5
16
5
3
1
16
4
2
10
5
15
5
3
2
19
173
38
4
44
3
6
2
1
2
1
2
7
10
5
3
26
8
4
1
26
5
4
3
11
2
9
4
19
19
12
36
21
1
5
24
4
17
1
27
3
1
4
1
37
11
3
56
1
17
4
5
1
13
5
1
1
3
5
1
2
3
12
2
71
9
2
17
4
1
1
87
3
2
1
3
7
3
2
5
2
2
10
6
1
3
2
11
22
12
16
2
2
23
1
1
28
3
14
18
3
33
2
1
4
8
15
1
7
35
5
24
28
3
4
1
2
28
2
3
33
6
3
12
1
6
16
8
3
5
3
5
4
10
149
1
4
8
6
14
6
1
23
2
16
4
5
9
13
7
16
34
28
79
6
8
56
3
2
24
8
27
1
204
3
11
46
46
1
15
1
37
2
6
8
4
1
12
35
2
35
1
1
12
2
6
2
8
1
3
11
1
2
2
4
12
54
46
3
12
2
7
14
2
5
27
1
1
19
34
9
9
2
3
5
2
1
2
137
1
1
11
7
6
5
1
8
2
2
13
19
1
103
3
4
5
45
11
1
15
4
1
2
46
6
1
3
12
8
4
3
9
39
2
22
3
5
2
3
30
2
29
10
4
4
9
13
3
16
23
2
5
7
11
4
4
6
58
25
4
3
5
15
2
19
2
2
2
40
2
3
186
1
1
6
22
4
2
1
1
7
2
86
3
2
6
14
1
1
1
5
32
18
13
9
1
17
1
3
4
2
20
1
6
58
7
11
2
1
1
4
9
2
19
1
15
1
7
22
10
13
3
1
34
3
7
15
2
7
7
4
2
2
3
1
2
6
1
9
2
1
9
1
5
3
7
36
7
2
7
1
28
3
41
3
1
7
5
2
22
2
4
1
2
8
8
11
2
7
2
2
2
3
40
2
5
2
20
16
9
3
15
3
6
2
10
7
2
68
23
1
45
1
1
11
20
1
2
4
1
4
22
10
15
11
1
12
1
2
27
1
2
13
8
4
3
11
2
4
1
2
1
4
6
4
1
30
1
3
11
4
11
1
44
36
6
52
8
4
28
2
39
10
1
16
12
18
6
5
8
7
4
8
1
1
2
3
10
2
2
1
50
70
4
18
24
11
3
2
5
19
1
3
4
11
8
1
5
2
36
1
3
2
6
22
2
5
2
6
2
2
58
33
1
7
137
2
2
1
3
2
3
47
5
25
10
4
13
6
1
1
7
11
4
32
2
23
1
5
5
6
1
5
3
24
24
1
6
6
1
1
4
21
1
1
18
1
12
5
5
10
18
1
1
1
3
5
3
10
56
5
3
26
10
1
2
33
6
8
2
20
13
12
23
2
3
1
1
15
7
1
4
3
5
15
1
11
9
11
6
3
2
1
2
1
4
3
2
3
7
1
12
2
1
1
2
8
1
4
7
45
1
1
2
1
4
2
52
7
9
2
3
1
2
1
2
1
2
3
54
7
1
8
17
4
4
4
14
7
3
17
22
8
76
1
19
23
1
14
1
96
5
1
2
2
20
3
2
2
5
4
3
1
3
2
1
1
1
7
24
2
4
11
10
17
2
16
2
3
3
1
95
1
7
1
1
1
4
15
14
4
4
3
64
32
2
3
2
16
1
1
3
4
2
2
13
8
5
26
1
6
8
14
1
1
1
4
2
4
29
19
2
6
31
39
3
16
5
9
17
223
22
23
3
8
2
1
2
2
7
17
2
5
7
13
2
1
1
2
10
57
1
2
13
3
3
5
1
2
10
3
2
2
13
3
5
7
2
4
12
1
2
2
2
77
1
2
3
1
68
5
7
22
4
25
2
1
15
2
2
3
1
1
17
29
5
1
1
1
2
1
3
1
5
1
7
5
1
7
16
1
10
3
2
1
1
1
31
2
2
1
1
1
1
1
13
2
23
1
5
3
15
2
13
1
30
1
5
148
2
5
12
4
11
3
3
2
24
2
9
20
1
9
5
10
109
1
2
35
4
19
1
7
3
4
1
2
1
121
8
4
11
3
1
1
30
4
13
1
5
7
5
11
19
20
18
1
7
2
2
4
8
5
11
4
2
3
5
20
23
15
2
16
4
10
4
3
2
7
1
11
4
7
3
1
3
2
1
8
3
31
20
2
6
7
6
3
15
3
6
7
3
8
20
17
3
18
6
13
5
2
2
1
3
6
3
2
17
1
1
1
19
2
30
6
1
3
2
1
1
17
4
13
25
1
8
4
2
1
2
1
2
4
1
1
32
2
16
3
4
8
1
2
1
4
10
10
3
6
2
1
2
1
2
2
6
3
11
7
14
7
20
6
24
7
12
1
5
76
11
38
4
2
8
6
1
11
5
6
1
6
17
18
1
3
21
25
1
6
3
6
2
4
1
5
3
1
11
10
2
2
11
12
12
1
1
23
3
17
6
1
4
17
20
6
2
3
2
4
53
3
34
8
5
2
4
176
28
21
9
19
12
3
1
2
2
109
11
5
2
29
1
2
3
79
5
1
2
14
6
27
14
9
5
3
15
3
18
17
9
1
15
9
30
5
1
4
8
2
4
9
20
4
2
2
1
1
17
17
18
3
2
3
13
11
16
2
27
19
11
2
6
1
4
5
15
29
1
1
27
3
2
10
3
16
5
2
9
2
1
1
1
18
8
2
4
3
13
7
2
24
2
2
9
20
1
2
6
2
21
4
2
2
5
2
1
11
16
2
1
4
3
1
3
8
16
2
11
4
3
3
1
23
3
24
2
5
1
33
2
6
2
2
10
5
1
1
2
25
8
24
11
1
4
33
7
7
3
19
3
1
2
6
7
12
25
4
3
4
19
30
4
3
3
12
3
6
9
112
7
1
8
16
3
2
3
2
3
2
15
4
2
3
1
23
3
6
1
1
21
2
7
9
15
16
25
18
9
15
4
3
4
53
1
18
3
3
9
6
3
1
8
1
16
23
21
4
4
6
1
3
2
22
13
4
4
3
2
6
8
10
1
2
5
17
16
7
67
20
2
1
6
10
4
15
6
158
10
25
1
1
4
5
1
15
8
4
2
7
11
10
2
1
6
2
18
5
4
16
2
14
15
4
11
9
7
7
1
5
5
1
1
3
5
8
4
1
5
7
2
2
16
3
6
1
8
10
1
2
10
5
10
3
1
6
3
6
1
6
3
10
2
6
4
3
15
3
5
5
1
4
1
4
18
1
7
2
3
7
8
4
5
22
68
2
7
10
2
4
13
3
5
6
5
17
8
22
7
7
2
5
25
3
1
36
1
49
8
1
7
4
1
1
37
7
16
15
2
19
16
7
13
5
1
1
5
12
1
2
14
4
1
2
2
10
5
1
17
4
8
30
5
3
14
5
2
7
7
7
14
10
3
28
6
5
6
4
2
7
3
2
2
4
2
20
13
21
8
3
5
12
4
1
2
5
8
4
12
1
12
4
1
146
23
11
13
11
22
8
1
1
14
17
12
2
3
3
3
27
3
3
10
24
5
4
5
4
3
5
9
2
21
28
3
1
11
17
2
2
