8
2
39
3
8
1
2
1
13
10
17
5
8
1
4
9
2
7
15
1
1
7
3
5
2
4
5
26
2
7
1
2
12
4
2
37
5
2
3
16
6
15
7
3
57
2
1
5
6
1
2
2
6
2
11
2
13
2
1
17
2
7
10
1
5
3
5
1
1
2
14
1
10
8
5
12
2
2
4
2
7
6
6
3
4
7
1
7
12
1
29
39
16
9
13
23
7
2
11
2
2
21
14
1
6
42
1
1
2
3
6
53
29
3
17
1
1
1
14
1
1
4
1
1
4
15
8
1
1
2
4
1
1
1
2
30
12
9
1
4
64
1
18
2
5
11
19
3
39
1
11
12
1
3
3
8
9
5
20
59
1
40
1
13
6
3
6
4
2
1
25
2
12
1
1
8
2
31
3
4
26
3
1
4
4
22
3
6
41
2
2
3
1
11
6
2
15
4
2
44
51
1
14
23
1
48
5
3
2
1
28
5
6
31
3
7
1
1
4
9
7
44
26
1
1
8
16
6
5
7
31
1
3
4
5
1
1
8
5
3
1
16
4
1
4
8
8
1
1
2
2
2
7
3
8
8
2
2
3
4
5
5
1
18
4
7
18
3
6
5
2
3
25
22
16
8
22
3
1
1
17
2
2
57
1
17
13
3
1
6
13
3
3
4
3
22
1
1
2
4
24
15
3
18
2
2
3
1
1
2
1
2
1
13
22
21
2
1
6
9
2
15
17
12
8
2
1
2
9
2
1
14
1
5
2
6
2
2
1
8
1
45
5
1
4
24
4
1
10
3
5
2
1
13
2
8
11
2
8
1
11
1
3
4
1
15
21
2
5
2
1
61
16
6
5
3
14
1
2
4
1
1
4
3
1
2
4
8
2
7
1
6
2
14
3
7
1
4
3
15
6
6
1
3
6
33
2
5
12
1
9
1
1
2
1
5
1
6
24
2
19
17
1
24
30
3
13
9
1
59
1
3
2
2
11
2
5
1
1
1
17
7
2
17
1
6
6
10
2
3
3
1
1
2
1
3
1
1
1
4
1
19
8
2
2
6
1
11
13
6
1
1
7
2
1
43
2
3
2
1
59
2
82
1
5
4
36
75
2
3
1
1
1
26
1
2
12
1
13
5
3
5
3
13
1
1
1
7
8
2
1
4
1
44
1
6
1
2
2
15
1
18
5
1
10
5
2
40
58
2
3
13
3
1
1
3
3
7
3
2
4
8
1
35
3
10
7
4
1
5
2
3
1
2
1
13
9
3
8
1
1
1
2
20
11
17
3
4
2
1
1
1
6
2
2
2
26
2
8
1
9
2
4
4
1
1
6
12
4
2
1
4
2
2
21
13
2
42
1
16
3
8
2
5
1
1
16
10
5
6
20
10
3
1
4
38
3
2
7
6
5
18
61
3
12
1
38
2
2
1
2
34
4
8
3
1
4
17
1
5
31
8
4
7
4
12
19
1
2
32
2
5
2
3
14
33
1
2
4
9
2
2
2
1
5
2
6
13
36
4
2
4
4
8
37
17
2
1
2
1
2
5
10
3
1
1
1
21
15
1
11
2
6
1
3
9
2
2
10
1
29
2
11
1
5
3
22
50
1
1
3
1
28
2
1
7
6
2
2
4
6
31
43
1
6
1
2
2
3
1
21
2
1
4
3
9
1
1
22
2
1
1
4
1
1
3
3
10
10
5
5
1
14
1
1
1
1
5
1
1
2
1
22
6
8
22
1
1
2
16
2
2
6
23
3
6
3
15
8
6
21
18
2
2
21
3
9
21
2
3
4
1
4
3
14
11
9
4
2
7
6
4
11
2
1
1
1
1
6
4
19
2
3
6
1
2
5
1
1
2
7
6
27
17
3
7
1
43
7
2
7
1
1
4
2
7
3
1
4
12
28
1
11
1
6
6
5
2
2
5
12
17
29
8
8
92
1
7
2
73
2
1
3
6
1
63
2
1
25
65
2
3
10
6
2
5
5
13
4
18
5
2
4
6
2
6
26
14
1
5
1
3
38
1
3
6
3
2
14
2
10
66
6
12
10
8
2
3
15
12
11
15
2
3
1
13
14
13
6
3
1
5
7
1
12
1
1
15
17
1
4
8
1
4
1
3
1
3
1
3
15
3
3
7
1
10
13
6
40
2
1
2
37
6
5
3
1
5
3
1
1
7
4
14
4
5
4
1
23
38
1
2
2
1
3
9
1
2
4
10
7
62
5
2
32
11
2
19
2
35
1
2
3
18
5
1
3
2
1
1
1
3
7
3
67
11
1
47
2
1
8
2
1
1
1
47
2
2
9
5
7
1
4
1
9
18
1
2
3
1
4
2
2
1
4
29
1
1
1
12
32
3
5
5
1
2
1
21
8
2
24
3
1
11
2
2
19
3
25
12
2
67
27
1
1
4
7
1
6
2
14
1
3
2
7
1
8
3
3
2
2
26
9
1
12
1
14
34
3
5
4
3
48
1
2
6
2
3
1
9
6
1
3
19
1
3
1
15
2
2
1
4
5
1
1
1
9
10
1
2
1
6
26
2
2
4
22
1
3
5
3
1
12
5
2
6
3
54
2
2
27
4
79
2
33
2
7
18
46
8
3
1
1
23
5
1
1
2
1
1
1
22
37
1
1
2
3
4
18
4
2
1
5
2
1
38
11
1
2
7
4
1
3
7
2
4
1
6
2
3
1
2
2
6
4
1
4
5
1
1
1
4
1
18
4
22
3
2
1
2
11
13
1
3
1
1
5
3
1
34
4
7
1
10
35
5
5
7
10
1
4
8
35
9
12
3
4
4
26
18
1
2
41
4
13
10
3
6
3
3
20
3
20
4
1
2
12
12
5
7
2
2
2
9
2
19
16
23
3
3
14
61
17
3
6
58
1
2
4
3
2
50
2
5
1
1
3
2
8
32
2
1
6
9
3
6
18
2
3
50
9
14
1
20
22
5
11
2
3
3
13
1
1
10
10
4
1
2
3
43
9
5
3
2
5
7
3
6
17
6
2
2
1
2
2
4
13
1
48
2
3
2
1
6
36
10
1
1
40
8
14
18
1
6
12
2
3
1
1
1
2
5
6
10
4
36
1
2
5
9
26
3
2
2
1
1
10
2
3
2
9
19
26
1
2
2
10
2
2
1
6
10
1
4
1
60
1
2
1
2
18
6
4
5
3
2
5
6
2
23
1
22
6
12
70
5
2
1
4
20
10
9
2
5
3
2
8
20
1
1
1
1
71
4
23
3
2
8
2
1
3
8
1
2
3
3
6
1
5
1
77
19
5
1
1
1
2
26
1
23
2
3
6
19
10
3
14
1
11
1
12
1
13
8
8
12
18
12
2
12
2
7
12
2
12
8
35
27
1
2
9
2
3
2
2
1
2
1
1
1
3
10
5
3
3
1
10
3
1
9
1
4
1
6
12
1
2
18
2
6
7
1
3
3
2
2
17
5
1
3
2
8
4
1
4
1
3
8
7
1
4
2
1
3
12
2
26
2
2
21
1
2
1
29
5
2
2
1
2
4
5
35
5
2
11
31
1
4
1
2
18
46
9
1
5
8
10
3
5
15
1
1
1
2
26
15
1
1
22
1
8
1
1
14
7
2
12
1
27
23
4
3
4
4
1
27
1
1
2
3
1
1
4
1
1
7
5
2
37
9
1
1
21
1
7
1
2
11
6
8
5
15
1
9
4
2
7
40
5
1
10
4
7
17
6
4
1
8
12
2
2
1
1
5
1
4
3
2
4
12
14
1
9
1
2
2
1
7
22
2
18
4
2
2
1
1
18
8
5
3
3
1
8
2
53
1
2
1
2
1
3
1
2
1
3
3
12
21
1
21
13
10
8
1
8
1
1
1
3
4
8
8
2
2
6
1
1
33
20
10
11
14
41
1
1
10
4
3
6
9
8
11
13
7
6
1
6
35
2
24
9
1
6
39
21
7
14
2
4
4
1
1
34
10
2
1
3
7
7
14
6
1
1
25
2
9
1
1
33
10
11
40
7
5
3
2
11
5
4
37
1
6
2
9
5
1
4
7
3
1
1
1
5
42
2
1
1
2
4
1
2
2
2
15
33
15
2
4
70
2
2
2
2
3
8
1
4
91
2
1
2
2
36
6
24
6
7
26
3
1
2
2
5
1
4
1
1
19
1
1
3
2
1
2
2
5
32
5
7
5
8
2
30
1
2
2
2
1
22
30
1
2
2
3
11
1
1
36
5
1
8
15
2
2
8
10
2
6
2
1
1
12
1
3
1
2
4
1
2
3
3
1
5
3
24
6
4
5
3
7
14
3
10
11
7
2
29
1
9
13
1
1
6
5
2
2
7
1
11
4
4
4
4
5
9
3
13
1
48
9
49
5
3
3
2
2
1
2
16
5
2
15
11
25
4
5
2
9
7
3
3
1
4
1
4
2
13
7
2
4
4
1
3
3
1
1
1
2
3
7
10
2
12
41
1
16
6
7
32
4
7
2
1
1
1
1
5
1
4
1
1
39
11
17
7
13
2
68
10
28
1
12
1
2
1
3
3
8
3
24
3
1
2
2
1
3
8
6
1
15
12
36
14
20
4
2
1
2
1
7
16
18
1
2
18
17
20
2
9
3
3
12
1
2
