1
18
28
3
8
1
4
1
3
1
5
2
7
4
2
4
10
1
3
22
2
1
6
1
5
2
8
6
35
8
21
1
1
2
37
2
2
4
10
8
5
3
10
2
4
4
1
2
3
2
5
1
4
2
4
4
8
7
2
2
11
24
2
7
2
9
2
7
3
9
7
3
18
2
1
2
2
7
1
10
2
3
14
2
1
8
7
2
1
2
4
1
3
1
2
1
21
3
1
4
2
1
1
3
2
3
1
1
12
2
2
27
1
4
11
3
1
4
3
12
1
1
4
2
1
1
3
5
3
8
1
3
3
3
6
6
4
1
1
8
18
1
2
9
1
1
2
3
3
4
4
10
8
4
2
1
2
2
7
7
7
10
3
12
4
1
3
3
7
3
2
1
4
2
6
18
3
1
5
2
19
2
8
3
3
2
4
8
11
1
22
4
3
2
8
2
1
5
10
1
1
6
4
4
2
7
35
2
4
5
2
1
19
3
1
1
8
26
13
1
48
3
7
3
9
1
3
5
4
3
3
6
1
4
6
15
3
14
2
12
5
3
1
10
4
2
1
2
1
15
8
1
4
2
12
4
2
1
4
8
2
3
1
1
2
5
18
15
2
2
2
4
5
12
11
1
2
30
3
5
2
4
1
1
31
4
10
3
13
5
1
19
1
2
2
2
5
5
11
8
2
2
2
1
4
4
1
8
3
5
1
8
2
25
12
3
4
8
11
1
2
1
3
1
5
1
3
3
6
2
2
4
3
13
2
6
1
1
20
1
2
2
4
3
5
8
1
6
1
1
1
1
1
11
2
3
9
3
4
4
8
11
1
3
8
1
1
1
3
2
12
1
6
2
7
2
2
9
4
1
10
2
7
1
1
1
3
19
31
5
2
3
1
2
29
4
6
1
1
1
2
6
12
3
3
10
10
5
1
5
2
7
3
1
15
13
11
4
7
1
4
6
18
2
1
4
3
1
5
1
11
11
8
3
11
1
2
14
4
1
2
11
3
22
5
1
7
2
1
3
3
3
1
1
8
4
6
13
5
1
6
1
4
4
8
29
2
4
1
1
5
8
9
3
3
2
2
1
1
10
3
1
13
6
8
2
1
1
4
6
1
2
7
4
1
5
1
7
3
16
6
5
27
2
2
4
1
1
7
2
3
3
2
2
5
4
2
4
1
1
2
7
4
5
12
1
1
10
2
17
1
2
2
7
2
16
2
5
6
1
1
2
3
3
4
2
1
7
2
1
1
1
2
2
11
1
2
2
12
2
1
1
6
1
6
4
2
5
1
8
7
2
8
1
1
1
2
11
4
1
1
3
3
19
2
5
2
2
5
1
1
2
4
4
1
2
4
1
4
3
1
2
1
2
4
1
5
4
2
2
3
3
6
1
2
2
1
17
3
7
2
4
1
5
2
4
11
2
9
15
1
3
3
2
3
3
1
8
4
12
7
1
2
1
4
1
1
7
13
1
3
17
3
2
2
11
3
