1
2
4
3
5
1
72
2
258
1
4
15
4
1
4
2
16
3
224
32
6
11
4
23
41
6
18
38
17
21
2
1
84
117
7
49
1
3
27
10
8
3
7
1
3
20
1
210
2
1
26
23
3
36
250
9
6
38
5
65
16
52
2
337
230
20
137
196
2
202
209
11
17
1
18
148
21
13
2
42
1
1
32
8
6
89
2
5
194
3
16
8
14
229
37
6
3
71
3
3
5
18
1
1
2
18
6
2
104
173
24
81
7
100
6
27
2
89
8
113
5
4
199
2
69
3
4
227
37
1
3
2
8
10
3
1
6
213
30
3
6
35
4
56
55
67
16
1
2
23
5
4
21
2
108
2
7
2
136
4
27
2
3
33
53
1
2
8
30
25
93
3
28
10
82
41
95
7
94
106
14
6
5
10
13
3
2
2
3
40
29
26
6
2
41
33
2
22
102
304
26
20
8
21
5
11
5
3
3
26
6
3
4
24
28
7
43
9
16
40
11
157
2
14
2
13
15
1
3
2
13
15
8
9
9
12
11
1
2
6
2
4
24
6
40
13
3
4
6
260
5
41
7
13
4
6
3
3
78
3
7
2
7
3
3
11
19
5
35
44
9
10
29
34
3
2
17
40
3
110
61
1
45
93
4
1
2
55
6
9
5
24
14
61
1
6
75
126
193
1
34
37
10
118
11
120
134
6
5
7
1
15
2
1
8
23
8
2
14
2
1
8
12
211
1
18
9
161
5
5
126
13
59
52
14
3
3
4
45
1
7
150
3
59
2
4
2
14
9
127
31
46
143
6
177
110
4
255
296
17
2
2
6
291
47
20
4
1
65
143
3
15
4
31
191
3
2
3
7
10
2
58
35
22
103
23
2
202
8
18
9
16
267
4
113
17
6
70
10
47
5
65
5
43
2
13
5
23
27
2
2
10
1
138
3
4
5
1
121
21
6
7
1
23
2
25
6
3
14
9
5
14
237
28
1
32
2
71
1
144
14
34
4
6
2
24
3
66
8
2
7
2
2
5
36
1
4
11
27
3
54
8
1
23
71
24
22
1
16
12
2
27
2
2
231
2
196
35
4
44
5
282
7
26
4
19
2
2
185
6
273
2
3
24
3
1
18
4
90
102
2
1
18
6
58
6
1
3
1
50
2
30
6
5
14
258
7
2
2
2
24
59
5
16
2
4
1
6
5
10
10
7
5
23
79
10
11
6
22
47
4
13
2
4
34
52
199
5
109
3
50
27
17
3
23
1
7
10
2
9
6
85
4
2
53
70
28
35
16
1
6
213
10
7
32
3
6
28
3
3
2
109
16
13
51
38
20
7
40
22
1
22
38
11
1
6
105
194
73
63
39
46
1
1
41
261
20
3
18
86
70
12
6
3
5
4
6
5
3
1
70
8
1
6
61
112
7
2
23
2
5
1
20
1
128
12
47
26
2
217
5
20
3
20
122
7
9
2
10
9
35
23
37
4
9
91
5
26
5
37
70
27
4
19
2
82
4
7
2
4
213
1
56
20
5
3
9
3
60
1
4
1
60
18
18
1
3
18
7
1
5
1
5
2
3
22
13
9
47
3
1
1
9
62
10
36
9
45
2
2
14
25
4
1
4
39
21
1
3
70
1
2
7
37
35
