1
14
2
1
4
1
5
2
1
4
1
2
1
11
1
1
2
1
1
2
7
14
2
3
1
1
7
1
1
2
1
1
1
23
2
6
1
10
3
13
2
1
2
1
2
2
18
3
2
1
2
2
2
3
1
2
4
2
4
3
1
2
2
3
1
8
5
1
10
1
2
2
1
8
2
6
1
5
10
3
2
2
23
1
1
2
1
2
2
2
1
2
4
4
1
2
13
4
14
2
7
2
1
5
3
1
1
2
7
8
2
5
2
6
4
2
14
1
3
2
8
5
1
2
1
1
2
5
5
1
6
3
2
5
2
2
2
2
2
3
1
1
4
3
1
11
2
1
1
9
2
1
1
1
1
6
1
1
1
4
1
3
2
4
9
8
5
3
2
1
23
2
2
3
2
2
6
10
2
2
2
2
4
6
3
1
2
3
15
1
2
1
2
5
17
2
2
1
1
25
2
2
2
59
29
9
11
7
1
3
3
1
6
2
6
2
1
1
2
4
1
1
2
1
13
8
4
2
2
1
3
6
1
4
2
1
3
7
1
4
1
1
3
