23
10
10
2
3
1
1
27
2
1
4
2
1
4
1
3
9
3
2
1
2
5
2
1
1
8
20
6
23
2
1
5
7
8
12
2
10
2
5
11
4
2
2
1
10
2
1
3
2
1
43
2
10
3
8
13
1
16
9
3
39
1
1
9
1
4
1
2
33
1
133
9
13
5
3
2
16
1
5
1
2
3
13
1
3
6
5
1
4
5
6
1
4
11
1
13
2
3
29
51
1
9
6
2
1
3
42
19
46
4
6
3
3
7
2
2
2
2
6
11
9
2
13
2
36
2
8
5
2
18
3
1
4
2
12
10
1
2
5
3
5
27
1
1
15
8
2
19
6
1
27
3
2
7
3
3
3
32
7
19
2
3
3
6
1
1
14
1
4
23
4
1
13
50
32
1
67
29
3
1
4
9
4
7
2
29
1
2
19
1
1
14
5
5
16
7
7
1
10
1
2
4
15
29
15
3
11
3
49
11
17
1
6
3
1
4
2
5
3
21
3
3
2
13
1
2
25
2
3
3
1
1
2
3
77
2
55
9
3
3
8
5
2
6
40
65
3
2
1
3
2
1
1
10
3
1
7
1
4
2
17
1
95
3
2
3
2
1
1
3
7
1
3
4
5
1
8
21
5
4
7
28
46
12
1
23
3
2
1
1
5
22
4
7
2
38
2
19
16
7
6
1
2
18
4
1
2
19
3
1
23
1
19
22
19
4
2
20
2
3
1
1
2
52
4
2
5
22
4
2
2
2
1
5
3
1
16
2
1
17
1
2
2
3
3
3
3
15
2
1
26
20
4
2
1
5
3
28
1
6
1
5
23
4
11
15
6
2
14
1
3
3
3
4
4
2
21
13
70
4
2
7
3
4
21
15
26
5
23
3
18
10
6
12
3
2
1
17
8
2
4
7
8
2
2
48
3
5
46
18
3
2
2
2
1
3
11
13
2
4
24
12
21
2
2
1
7
5
8
17
1
1
6
8
5
5
31
15
6
7
29
15
8
1
5
4
5
21
14
6
1
2
3
2
3
2
36
4
2
2
2
13
35
2
2
2
2
44
1
1
2
1
34
11
2
31
1
1
2
14
1
25
6
2
2
2
7
5
9
3
1
6
8
1
1
12
1
3
1
1
2
2
1
4
33
52
2
1
14
24
1
3
1
1
14
3
2
2
6
9
2
1
36
2
3
2
37
28
3
1
34
12
1
1
4
5
2
4
23
1
2
8
1
40
14
2
22
2
5
1
47
1
5
26
2
2
2
3
4
1
19
1
6
25
1
24
1
3
3
33
2
7
1
8
5
14
1
3
16
2
39
3
14
3
1
31
1
8
2
1
1
2
2
1
2
2
1
5
1
2
1
5
19
2
12
10
1
2
3
2
1
2
2
5
7
4
4
3
30
21
5
2
12
2
2
34
1
14
11
29
1
16
4
1
3
1
3
8
2
18
1
15
8
2
7
84
1
3
42
5
4
4
11
4
8
24
2
5
1
2
3
3
10
11
2
1
2
2
21
2
1
3
6
29
2
4
7
1
10
1
32
29
3
1
2
2
3
1
4
2
8
6
2
1
2
63
2
13
2
28
10
3
4
4
2
4
4
2
2
12
31
37
4
19
4
1
2
2
7
2
18
50
2
25
12
4
2
4
10
3
1
3
3
6
3
13
45
4
4
2
1
4
23
1
3
1
1
35
1
1
2
1
6
1
2
8
19
1
16
2
9
1
6
2
10
3
2
2
34
6
4
1
32
3
18
4
3
6
4
1
6
7
3
10
6
1
1
8
7
2
38
4
6
1
5
1
7
9
5
3
6
1
52
37
2
2
1
2
2
2
14
8
2
1
5
14
1
1
1
2
1
1
3
4
4
3
7
8
10
19
2
17
6
7
3
2
2
1
4
9
4
2
3
2
2
2
12
4
20
3
1
4
31
2
2
4
21
1
3
1
5
6
7
3
3
1
2
15
1
36
12
10
21
6
2
1
1
2
2
1
8
6
21
1
1
16
2
3
2
32
1
2
3
2
3
1
37
2
21
35
1
23
1
2
9
2
2
10
15
5
19
2
3
1
7
2
3
2
7
34
13
3
2
30
4
4
4
8
1
2
3
2
1
1
5
2
1
3
4
2
1
2
15
24
13
1
20
9
2
19
22
2
16
4
8
3
1
12
3
2
15
5
25
3
1
1
3
3
1
7
8
9
18
27
6
2
3
27
2
17
3
41
2
8
1
2
1
10
1
30
2
3
4
1
22
21
4
26
8
1
7
3
54
2
5
11
2
42
21
23
1
4
26
6
5
2
131
12
1
5
4
3
2
2
1
1
8
3
10
2
1
1
1
55
45
5
4
4
1
3
2
1
4
2
9
21
3
1
8
45
8
1
1
5
50
17
6
4
7
18
15
8
77
31
4
5
129
24
6
35
31
3
2
3
2
5
3
48
3
58
4
126
1
1
2
3
1
1
3
3
3
27
3
2
7
6
77
2
54
5
4
4
2
4
4
1
31
8
1
22
6
26
2
20
1
9
2
5
30
2
2
6
3
1
3
5
7
4
1
1
2
10
2
2
4
1
1
1
3
2
2
18
6
1
11
2
1
2
16
12
3
13
5
2
2
2
2
30
