8
1
3
7
1
3
4
8
5
1
3
1
2
2
8
3
1
1
5
2
2
2
6
2
1
5
2
1
1
1
10
1
1
3
4
2
1
7
1
1
1
5
2
3
1
1
1
8
3
2
1
1
3
1
1
1
12
12
1
1
1
1
14
2
4
4
5
1
1
2
19
2
3
1
2
1
1
14
5
1
1
2
4
4
2
2
2
1
3
3
10
11
1
1
18
1
2
2
2
2
5
1
5
6
3
2
1
1
10
2
1
5
2
1
6
2
1
1
1
8
3
3
11
1
1
19
3
1
3
17
2
2
1
2
2
9
2
1
3
7
4
7
22
2
1
1
2
2
3
1
1
8
5
8
1
1
2
4
1
1
1
3
1
1
1
1
2
2
4
5
1
1
1
4
1
1
1
1
6
2
2
1
1
3
1
8
1
1
2
1
11
7
1
1
6
1
6
1
1
1
2
1
3
5
6
3
1
8
4
1
5
7
1
1
4
7
5
2
6
6
2
2
8
1
6
2
1
3
4
1
5
2
1
1
2
2
3
1
1
1
1
7
2
3
1
4
1
1
3
8
1
1
2
1
4
2
3
7
1
1
1
2
1
1
5
10
1
1
1
2
1
4
1
1
5
1
1
2
1
1
2
2
1
3
4
2
4
2
2
1
4
2
1
12
6
1
1
1
1
5
4
1
1
1
1
1
1
2
1
1
7
20
12
1
1
2
2
1
4
1
2
2
1
1
1
2
1
2
1
8
10
1
5
2
1
2
2
2
1
1
1
11
16
2
2
11
3
2
2
1
1
4
1
2
2
3
1
1
2
2
15
4
1
2
5
6
3
2
2
3
2
3
2
18
2
1
1
1
1
3
1
2
4
1
3
1
18
2
3
1
2
3
11
2
1
2
2
5
3
3
9
14
9
1
1
1
7
1
1
7
1
1
2
2
11
15
2
10
5
4
1
2
1
5
1
4
3
12
2
1
2
1
2
3
1
2
9
1
1
1
1
3
2
2
1
1
1
22
2
1
1
2
25
4
7
3
4
1
1
1
2
1
1
3
2
1
1
3
2
4
1
8
1
5
2
1
1
1
1
1
3
3
1
4
3
12
2
1
1
1
3
1
3
8
4
10
2
4
1
5
2
1
4
8
1
24
1
1
1
2
4
13
3
2
1
2
2
1
1
2
1
5
1
1
10
4
2
1
2
2
1
2
1
3
1
2
1
3
5
1
2
3
5
2
2
3
1
20
1
3
1
1
1
2
1
4
1
1
10
6
1
3
1
4
1
1
1
2
10
2
30
6
11
5
3
2
2
1
3
1
2
1
1
1
3
1
4
16
1
1
4
1
1
1
8
2
1
2
5
2
1
1
2
7
10
1
2
6
4
3
9
2
2
1
9
2
1
7
4
1
1
3
18
3
2
5
3
1
3
5
1
3
1
3
1
6
2
2
3
2
2
1
12
2
2
1
2
4
1
1
1
1
3
1
11
1
3
3
2
1
3
20
11
2
1
5
1
2
1
2
6
2
2
1
6
1
2
4
6
1
6
2
10
2
2
1
1
3
3
2
1
3
1
9
7
1
2
2
5
1
1
1
2
2
2
2
28
2
7
1
6
1
10
3
2
2
2
1
1
2
2
3
1
2
2
2
1
4
2
7
2
1
7
3
4
3
6
2
4
4
3
1
1
4
4
1
8
2
3
9
3
1
1
22
2
1
7
4
3
6
1
10
1
5
1
16
2
2
3
1
3
1
1
1
2
2
10
1
3
2
5
2
2
1
4
6
1
1
1
1
3
1
1
3
1
4
2
2
1
2
1
1
3
1
14
5
1
3
10
2
2
6
4
7
1
3
1
1
1
2
2
1
7
1
4
5
1
4
2
1
2
1
3
1
3
6
10
25
4
4
2
2
1
1
2
1
2
4
1
1
3
1
2
4
4
1
7
4
1
1
2
4
2
1
35
15
1
4
5
2
5
1
9
23
2
4
3
4
25
5
4
4
2
1
1
7
7
1
3
1
5
2
4
1
1
1
9
14
6
15
16
1
1
14
5
18
1
1
6
5
2
2
1
7
32
1
3
1
1
3
1
9
2
8
4
1
3
2
1
9
13
2
10
13
1
2
3
2
3
3
2
22
3
1
7
1
2
2
6
12
1
14
