4
1
1
2
1
1
1
1
2
2
3
2
4
1
4
1
3
1
1
7
2
1
5
1
4
1
6
2
7
4
3
2
1
2
6
3
5
1
2
2
6
2
1
2
8
1
2
1
7
2
6
1
2
1
3
10
2
1
1
1
1
1
4
1
3
1
1
4
2
1
2
1
2
2
5
4
4
4
1
3
2
5
2
1
5
3
1
3
6
3
2
1
1
4
1
4
2
1
8
6
1
1
1
3
1
1
7
1
3
12
1
7
4
1
5
3
2
15
3
2
1
9
12
1
3
6
1
4
1
16
4
1
4
2
2
6
4
3
1
1
4
1
8
2
2
4
6
2
2
1
3
1
2
3
1
3
5
2
10
2
2
1
1
1
7
1
3
4
2
1
8
2
6
1
1
1
2
6
1
1
1
4
3
3
3
3
5
2
8
1
2
1
3
6
1
2
4
4
3
2
1
1
2
2
1
2
1
1
6
4
4
4
1
1
5
1
1
2
1
2
1
6
2
16
2
11
1
1
4
2
5
4
4
1
1
1
1
2
1
2
1
2
1
1
2
1
4
2
2
31
2
4
1
1
2
1
1
1
2
3
8
2
3
3
5
4
2
2
9
5
10
2
2
4
14
1
1
5
1
12
1
4
8
1
4
3
1
2
2
7
1
16
5
1
1
1
2
2
1
2
1
3
11
1
1
2
7
2
1
7
3
2
2
7
5
2
1
1
6
1
2
2
1
1
7
2
2
5
1
3
2
7
1
4
6
1
2
1
8
1
2
3
2
1
5
7
2
2
1
1
5
1
24
1
1
2
2
3
1
2
3
2
3
1
1
4
4
1
8
13
1
1
5
1
4
2
2
2
2
6
9
2
2
1
1
1
8
1
2
1
3
8
3
2
1
1
9
1
1
2
1
2
10
1
1
2
12
10
1
1
1
3
4
1
13
2
2
1
2
1
4
1
1
1
1
1
