9
12
53
1
5
2
30
4
15
58
2
52
2
10
76
4
29
38
29
32
21
3
3
14
1
17
2
23
3
3
11
13
154
42
38
22
13
1
40
57
13
14
3
1
1
41
14
7
3
13
1
68
31
43
15
5
2
57
7
42
8
4
2
64
10
1
28
2
33
15
15
2
7
2
30
18
2
36
4
3
43
7
1
2
57
1
10
45
11
1
47
24
33
11
3
2
78
3
8
1
1
73
5
1
35
78
2
3
1
2
119
14
2
43
2
7
4
10
33
24
18
27
1
31
34
19
34
8
6
2
177
11
49
7
30
15
1
47
101
39
22
18
1
17
2
2
14
46
1
34
1
6
2
69
2
1
17
1
2
11
1
2
8
7
3
1
34
2
11
6
1
9
14
2
15
12
4
22
14
130
52
1
3
6
6
18
71
2
19
8
76
14
5
7
27
21
28
9
22
6
16
14
58
3
23
8
33
1
10
3
4
4
52
23
3
110
4
56
38
1
69
5
18
5
3
2
3
1
27
1
74
1
1
2
1
3
12
3
82
14
47
1
1
11
2
17
115
5
7
4
2
57
2
1
37
5
13
9
147
9
64
6
1
1
69
1
3
68
4
15
13
2
24
4
6
5
56
4
8
7
14
2
100
1
5
10
20
62
20
3
3
4
8
168
5
7
17
90
4
1
4
7
10
8
17
15
1
1
4
12
3
5
32
7
27
85
2
11
3
30
39
3
5
10
7
43
2
5
42
2
15
3
37
1
4
2
1
105
25
7
3
1
21
20
3
5
1
147
10
1
16
2
10
6
7
10
44
5
6
36
2
6
7
17
1
81
52
61
48
47
68
10
2
1
12
13
10
7
3
9
8
3
6
3
1
3
15
18
2
23
5
3
3
3
1
3
40
28
141
8
3
33
12
3
2
1
19
1
33
2
113
2
2
24
20
13
11
1
39
3
27
4
4
3
19
16
15
16
2
7
1
11
38
65
8
8
13
7
6
33
4
3
23
53
17
3
4
3
1
27
4
3
40
1
17
52
19
7
5
4
33
71
3
6
3
15
7
2
8
10
1
31
12
26
3
1
2
1
10
2
1
4
54
4
151
1
41
3
14
23
8
8
31
5
6
2
8
1
4
47
10
10
26
1
6
17
6
2
25
2
2
24
134
35
3
5
58
1
1
139
6
33
1
19
2
3
3
2
35
50
1
39
2
13
58
9
5
22
6
31
4
19
3
1
5
5
1
5
3
21
21
2
3
10
2
10
9
4
1
2
3
70
7
7
2
43
31
87
1
11
2
5
1
26
6
7
5
25
25
4
4
33
129
8
10
2
3
13
1
182
2
1
4
8
3
81
4
24
8
1
20
1
1
35
2
29
2
48
70
16
44
1
55
3
2
9
66
2
6
9
19
7
9
3
4
3
6
1
58
1
61
9
91
2
1
25
45
2
9
15
5
8
2
1
23
12
10
2
3
4
3
25
20
7
11
43
4
10
4
14
13
5
2
2
3
16
2
26
9
50
2
4
5
27
3
4
1
3
2
