728
4
502
340
177
4
63
98
120
288
882
843
251
1092
529
37
14
904
6
381
1398
88
230
1051
18
193
71
12
190
299
902
645
22
347
206
344
46
80
68
266
1191
52
115
20
204
3
4
4
375
358
254
71
539
1357
124
643
626
274
433
18
29
1
819
391
223
672
127
418
85
328
217
801
456
1128
329
1216
1011
93
700
512
80
38
103
485
61
144
545
593
323
484
6
914
430
383
745
102
12
725
40
460
1
69
13
376
118
1536
509
301
1277
40
168
785
81
234
127
145
608
781
1135
2
1557
867
132
1358
579
52
618
13
82
7
941
101
521
1040
351
1229
1
1
1
1
1
2
1
2
2
1
2
1
1
8
75
3
2
1707
1
68
26
1
121
2
5
6
3
109
74
1
64
25
1026
2
5
1
7
1
349
1
4
12
3
33
80
5
146
29
42
1
127
48
1
1
82
1
3
2
1
2
1
13
1
5
1
1
95
976
4
206
1
55
1
1
3
2
1
1
4
39
1666
3
145
1
1
122
2
1
1
103
2
2
1
1
601
5
1
40
1
1
1
1
2
25
1
1
2
1
4
1
224
1
2
15
24
5
1
2
2
2
20
5
24
7
1
19
1
2
3
1
2
6
10
3
6
1
42
4
1
4
5
1
1
4
4
2
1
1
14
2
392
4
5
1
1
19
2
4
1
463
1
2
4
3
18
2
9
479
1
4
1
11
1
2
1
3
22
1
3
1
2
36
23
24
7
84
6
9
3
2
4
14
78
3
83
4
1
1
3
4
1
25
2
1
2
1
1
1
1
1
1
1
2
2
4
1
1
68
2
1
52
1
1
1
83
1
1
2
568
11
3
421
1
1
1
10
1
4
34
18
3
3
2
9
1
1
31
1
5
13
1
1
3
787
272
1
1
44
2
296
1
1
20
36
30
4
1
1
4
26
7
1
18
140
46
1
1
1
1
1
2
5
59
1
2
1
228
1
1
31
1
1
65
12
6
1
1
1
5
1
645
4
5
1
7
1
268
1
1
1
1
4
23
14
17
51
1
1
4
1
1
1
1
13
106
5
17
1
30
1
34
7
1
1
1
1
297
1
46
1
3
1
1
1
10
1
3
1
1
1
1
1
1
4
1
1
3
1
1
221
1
1
1
1
1
1
1
1
1
81
1
1
1
1
1
1
4
425
144
1
1
1
1
1
1
40
1
1
1
1
1
1
2
14
1
1
1
1
1
1
1
1
62
1
2
3
1
6
2
2
14
2
1
5
1
1
1
1
1
1
4
1
1
1
3
2
1
1406
2
1
1
2
1
1
377
2
1
6
3
20
21
2
3
1
1
1
36
6
1
15
1
1
1
93
5
10
7
1
42
1
1
42
2
1
7
210
2
2
2
1
1
21
1
1170
161
56
2
5
1
1
2
35
65
1
1
2
1
1
5
2
1
1
1
468
1
1
4
1
78
1
1
1
1
1
1
1
4
1
1
1
1
1
1
1
1
1
1
1
1
3
1
1
1
14
1
1
1
1
348
2
3
1
1
2
2
1
5
1
14
3
3
1
4
1
1
10
1
3
1
2
1
1
1
1
1
1
1
1
1
4
1
2
1
1
1
2
7
2
1
6
156
221
2
1
1
3
1
2
8
1
2
2
1
1
2
3
1
2
3
2
1
1
2
2
1
2
1
2
1
2
219
1
8
1
1
16
1
1532
3
4
15
1
1
1
3
2
5
1
1
1
4
1
2
2
1
60
1
1
14
1
39
1
1
12
2
3
2
4
2
1
1
12
1
1
106
1
1
1
1
1
1
2
1
1
1
11
1
1
1
1
1
1
1
485
3
1
4
1
1
2
1
6
4
1
4
427
1
1
1
1
3
1
1
1
1
1
2
2
1
1
23
19
11
4
31
1
1
8
1
1
3
1
26
15
1
3
17
2
1
1
18
1
3
1
4
1
116
44
1
1
1
39
1
1
9
1
1
1
1
1
3
2
1
4
1
1
515
1
1
1
1
71
3
3
4
1
38
2
129
1
2
3
1
1
1
195
1
1
3
1
1
1
391
53
1
2
59
44
1
1
86
2
1
1
3
4
1
450
1
1
4
1
1
1
2
26
1
1
1
2
5
1
1
9
1
2
6
101
1
1
1
1
72
40
23
1
1
2
10
3
1
3
5
18
1
2
63
524
329
5
4
42
395
20
39
119
142
141
177
405
19
5
134
1
98
2
57
15
46
369
551
293
80
1
1
11
4
4
96
1
8
128
1
2
1
10
49
2
1
1
272
1
9
10
4
2
2
4
3
1
16
4
7
18
1
1
1
1
1
38
3
3
1
3
12
33
48
1
2
38
1
2
1
1
1
350
1
1
1
2
3
2
1
1
1
224
1
1
2
3
1
1
1
1
1
615
2
3
453
1
1
1
1
1
1
1
1
7
1
4
1
3
1
1
738
1
1
2
1
1
1
1
1
1
7
21
1
9
1
2
499
198
6
89
1
1
31
908
31
549
454
1
1
2
1
15
1
2
1
2
2
34
1
3
12
778
1
1
21
4
81
4
1
6
1
1
337
1
4
5
1
175
12
1
2
6
1
1
1
1
1
1
7
1
4
1
9
1
1
1
1
2
2
1
4
1
1
1
3
2
2
470
1
6
163
1
1
2
9
4
1
3
1
10
2
1
1
4
1
2
6
3
2
12
258
24
25
1
1
1
1
2
1
1
968
4
2
1
5
1
1
1
1
1
1
1
1
1
1
1
3
1
1
1
1
1
1
1
356
1
90
1
1
1
2
1
1
1
1
3
1
1
675
1
1
2
87
2
117
611
1
2
1025
1
1
1
921
217
1
1
1
1
45
1
1
1
1
1
401
2
1
1
1
1
1
77
1
1
1
1
1
1
1156
1
1
1
6
2
1
1
2
1
1
1
1
1
3
1
2
9
1
2
1
3
1
1
1
2
3
1
1
1
3
2
2
1
1
1
3
1
1
1
1
1
2
1
3
1
1
5
1
1
1
1
1
1
1
1
29
1
1
1
3
1
1
2
2
121
1
116
1
4
1
1
24
24
2
1
1164
1
1
1
1
1
1
1
1
7
1
6
3
1
1
1
489
1
4
3
1
22
10
2
38
1
22
1
1
3
1
1
1
1
1
4
1
1
1
1
8
3
1
4
1
1
1
1
111
1
32
2
69
24
1
1
4
3
11
2
33
2
20
1
2
2
4
139
11
17
29
1
332
1
1
1
7
1
289
1
1
1
15
1
1
1
10
2
1
2
1
3
1
22
2
2
1
6
1
2
21
10
1
2
1
5
5
1
608
84
1
1
15
5
1
2
2
4
8
67
1
5
55
16
1
2
6
4
11
2
50
7
5
1
1
21
3
34
3
27
3
10
1
1
8
6
1
3
6
3
2
2
1
1
11
3
132
4
1
298
1
1
486
9
98
2
282
2
3
1
15
15
1
4
41
2
3
5
3
4
29
2
34
5
1
1
1
1
1
178
7
3
13
5
1
3
1
5
1
11
2
1
1
1
11
8
2
1
2
7
1
2
1
4
481
1
44
1
1
1
12
12
1
11
1
1
30
1
1
1
1
2
5
1
1
1
2
6
1
4
3
40
2
4
160
32
4
11
1
20
2
33
2
3
9
1
4
11
1
1
2
4
2
1
1
3
2
3
5
4
8
7
3
7
1
2
1
8
9
4
1
886
3
395
22
367
11
20
4
779
1
1947
1
1
14
4
11
2
2
82
2
19
2
3
7
6
3
2
1
6
1
3
3
9
1
50
1
1
16
2
1
1
1
479
428
1
320
3
13
12
1
168
11
294
128
3
283
1
1
19
1
1
1
1
1
140
1
2
1
2
1
4
15
1
18
1
3
1
1
1
1
1
1
1
1
1
37
89
1
1
1
2
1
1
1
2
1
1
1
7
1
2
1
1
1
1
1
1
1
2
2
2
1
6
2
4
3
1
4
1
1
6
1
1
1
1
3
1
2
1
1
1
2
1
1
5
1
1
1
1
1
1
1
2
1
1
1
1
1
1
1
3
5
1
2
5
1
1
4
1
1
1
2
2
1
1
13
5
3
3
4
1
2
2
1
2
1
3
6
1
1
1
1
1
1
15
3
1
2
2
3
1
1
1
1
2
2
2
3
3
71
1
30
1
2
2
1
1
1
2
8
1
1
2
8
1
1
1
1
2
1
1
3
9
2
6
48
1
1
59
5
1
3
1
260
1
406
3
1
1
2
1
3
2
1
1
1
39
1
1
1
1
1
1
4
1
2
1
3
2
6
1
1
1
1
2
1
3
1
1
1
1
1
2
1
2
2
2
2
1
16
2
1
1
1
2
628
1
1
1
1
1
1
1
1
1
1
36
1
1
1
1
1
15
1
1
19
2
352
3
5
2
1
572
1
1
1
1
1
1
1
6
1
1
1
3
1
1
14
4
1
59
2
6
67
2
5
1
1
1
2
1
1
1
1
1
2
17
2
248
2
4
2
4
1
2
2
2
3
1
1150
8
43
87
1
6
2
2
14
1
12
3
2
3
2
4
4
1
1
8
5
7
1
1
374
1
1
183
70
64
15
4
9
2
10
63
7
117
1
4
1
1
1
1
7
1
1
2
1
2
5
18
110
1
341
1
2
1
327
3
2
1
3
624
2
6
5
1
2
2
2
2
3
3
1
2
1
1
4
1
3
532
19
1
3
96
61
3
2
1
3
12
12
4
188
1
8
1
119
1
4
1
1
10
1
13
275
1
1
13
58
4
1
2
1
1
1
2
225
3
1
1
3
2
1
1
8
1
1
1
1
1
1
1
1
3
1
1
1
1
2
2
1
2
4
1
1
1
1
37
2
1
2
1
1
1
1
1
1
1
1
2
2
1
2
1
1
1
340
14
1
243
1
50
2
1
3
630
1
2
2
2
4
2
1
1
2
34
2
12
1
622
2
1
1
1
1
1
6
1
1
1
3
2
5
2
2
1
1
277
2
1
4
50
2
8
1
135
1
4
56
2
2
1
2
385
44
12
1
1
1
1
1
1
2
1
1
1
1
1
1
1
2
4
1
11
1
1
1
1
1
1
1
1
1
1
12
6
1
3
1
2
1
2
1
1
3
4
4
3
1
2
1
4
3
1
1
1
36
1
1
2
8
1
16
2
9
2
1
1
1
5
2
2
7
2
4
1
1
3
2
1
1
1
1
2
7
18
1
6
1
1
1
1
1
2
2
7
1
3
1
1
2
2
7
3
2
4
1
1
13
1
3
2
2
2
1
1
1
1
1
1
1
1
2
3
2
2
84
2
12
39
21
2
22
4
3
1
1
2
2
1
1
2
1
1
1
3
4
1
1
1
1095
2
1
1
1
1
1
1
1
7
1
5
3
1
6
5
483
6
3
3
6
1
1
1
2
73
1
1
11
6
1
683
1
1
2
2
1
1
1
2
1
1
5
1
1
5
6
1
2
21
1
24
2
15
1
1
1
1
2
1
3
4
4
5
1
3
1
1
1
2
5
3
2
1
6
1
5
1
8
4
2
1
1
1
1
311
1
1
1
5
4
1
1
1
2
2
1
1
2
4
1
1
2
1
2
1
4
1
37
1
1
2
1
6
5
1
1
1
1
1
1
1
1
2
1
1
51
2
1
1
2
3
1
3
4
1
521
3
2
1
1
1
1
2
17
1
2
1
1
5
1
2
1
1
1
1
2
1
2
7
1
1
1
1
3
1
1
1
1
3
4
2
1
2
5
4
1
1
1
2
1
10
1
1
10
2
2
1
31
8
7
1
1
2
1
4
1
2
1
1
1
379
148
3
1
1
5
1
1
2
1
2
1
5
1
1
1
2
3
1
1
2
2
1
3
2
1
1
2
1
1
4
1
2
4
1
4
1
2
2
7
1
1
1
1
1
1
1
1
2
1
1
17
1
2
1
6
2
2
2
1
1
10
3
17
4
1
5
1
230
1
1
1
3
1
2
1
2
1
2
1
1
1
2
4
1
1
13
1
1
1
1
2
1
2
20
1
133
1
197
1
1
1
20
1
22
1
1
2
2
309
8
3
4
7
5
1
1
1
6
1
2
3
19
2
24
9
1
1
2
1
2
1
3
1
41
2
73
5
157
2
1
1
51
22
5
175
77
30
1
4
271
252
1
5
65
2
1
1
1
15
1
1
4
63
4
2
4
75
1
8
1
3
1
1
5
1
4
1
12
17
6
1
2
1
1
1
1
4
19
27
2
8
1
1
15
2
1
1
3
1
1
2
91
1
2
1
1
1
1
36
1
1
1
2
1
1
1
1
1
2
1
1
1
1
1
1
20
5
1
1
12
37
2
1
1
3
2
1
3
1
1
13
1
2
1
1
2
1
1
1
2
3
1
1
1
2
12
49
7
482
1
1
2
21
7
1
1
3
1
1
1
1
2
1
1
1
5
1
1
17
1
1
1
1
21
146
229
717
7
1
1
2
1
1
2
1
1
1
5
3
2
5
2
1
1
1
2
1
4
2
2
1
1
1
10
6
1
3
3
3
1
1
138
1
2
1
1
2
1
2
2
3
3
1
1
1
2
1
9
4
3
1
7
2
1
1
1
4
1
1
1
4
1
1
143
1
1
1
1
4
1
1
1
236
1
24
1
1
2
6
1
1
10
1
1
1
1
4
1
1
1
1
227
2
2
1
1
1
1
15
1
1
1
1
5
1
6
1
1
1
260
1
1
1
867
1
2
1
5
1
1
1
2
2
1
17
1
1
4
1
1
1
1
6
558
1
1
1
1
2
7
1
1
1
14
1
1
1
1
2
41
9
1
5
1
1
1
348
2
2
1
3
9
1
1
1
3
4
1
1
52
1190
3
43
1
3
32
1
1
2
2
525
1
2
1
2
3
5
2
2
1
1
1
1
217
1
1
13
2
1
1
1
1
2
1
3
12
4
1
1
1
1
1
1
1826
1
1
1
1
1
1
2
1
1
2
1
1
1
1
1
1
1
1
1
1
1
1
3
1
5
1
1
2
1
1
1
1
2
1
1
1
2
1
1
1
1
5
6
5
1
4
2
2
2
1
2
1
3
1
1
2
23
16
1
1
1
1
1
1
1
1
273
1
1
1
1
11
1
4
7
2
3
242
1
1
11
53
1
1
4
2
1
4
1
3
2
1
2
1
2
1
13
2
7
21
1
1
2
1
1
1
6
16
1
2
3
1
2
1
34
5
2
1
1
1
1
1
1
2
1
1
151
2
11
10
2
1
1
6
1
1
1
1
2
3
1
2
1
1
2
1
1
1
11
1
1
3
3
6
1
1
1
13
6
1
8
2
1
30
1
168
3
1
1
21
7
2
5
1
5
1
23
1
2
2
3
4
1
121
1
9
84
28
2
1
1
3
12
1
1
1
1
19
3
1
1
8
101
86
1
1
1
1
1
2
2
7
1
2
2
11
1
23
2
1
2
19
3
33
15
17
8
2
1
22
1
1
7
2
9
1
1
18
1
1
1
4
1
3
50
11
19
9
1
1
2
1
1
1
2
3
1
1
1
1
1
1
2
2
2
2
1
1
1
1
1
1
2
3
3
1
1
1
2
4
1
1
1
1
2
4
2
1
1
2
1
1
1
1
1
2
3
3
1
1
9
3
1
1
1
1
1
518
1
1
4
1
1
1
3
2
7
1
28
1
1
3
145
2
7
3
6
1
1
5
1
1
4
1
18
1
2
3
2
1
2
6
1
1
3
1
1
4
251
1
3
1
8
1
2
38
1
43
1
1
1
1
1
101
29
1
3
2
1
1
3
1
7
1
5
3
1
1
1
1
1
1
1
2
1
1
130
4
2
7
2
1
1
1
2
1
1
1
1
1
2
1
1
1
1
1
1
490
2
1
1
1
1
1
1
1
1
2
1
17
1
4
1
144
10
1
1
1
1
3
1
1
448
1
80
1
1
1
1
1
1
1
1
618
1
2
1
1
1
1
2
1
1
4
2
1
2
1
1
1
2
2
2
1
2
1
1
1
3
8
20
7
1
1
25
72
1
4
2
1
1
1
2
4
2
1
13
5
1
2
2
3
7
2
4
1
1
34
5
1
3
1
4
3
2
5
1
2
1
1
1
1
1
1
1
1
1
1
3
1
1
1
1
210
2
1
1
1
1
1
1
2
1
1
3
1
1
2
1
28
1
1
3
2
20
4
150
37
3
1120
13
4
3
2
3
42
2
3
263
1
1
4
1
2
1
29
215
1
15
31
47
66
1
1
245
1
14
1
38
1
2
1
216
1
1
1
4
1
1
1
1
1
2
2
2
1
1
2
1
2
1
2
2
1
2
1
28
2
1
1
1
1
1
8
2
1
2
1
1
1
1
4
1
33
10
8
8
1
180
8
30
1
15
21
1
1
282
1
11
1
1
2
10
25
1
72
10
2
1
174
2
222
2
10
6
1
81
4
5
12
6
1
1
1
61
1
6
4
1
70
95
129
5
2
10
7
11
1
1
1
33
8
5
231
3
1
5
4
5
12
5
4
23
3
2
6
47
1
8
8
1
1
1
1
3
3
1661
18
231
1
3
1
8
1
201
1
1
9
25
6
34
69
2
1
49
2
1
1
734
1
1
83
9
1
4
1
1
1
1
28
1
67
1
2
216
1
1
2
1
1
1
2
1
1
14
3
1
1
1
1
2
1
906
1
1
1
12
2
2
2
2
1
1
6
1
1
87
1
4
1
3
1
2
1
2
168
1
449
2
1
1
1
4
3
1
2
1
3
3
55
8
6
1
31
1
32
10
9
5
47
4
10
16
1
2
1
3
3
2
1
13
135
1
1
2
1
4
1
1
1
5
10
798
4
3
1
66
2
1847
1
1
1
3
1
1
2
7
1
4
1
1
1
1
1
4
1
48
4
1
1
1
1
13
3
3
285
1
1
1
1
1
1
1
2
1
1
1
1
7
1
3
155
1
1
4
1
1
8
18
1
22
3
1
1
418
498
9
2
1
4
1
1
1
1
1
1
1
6
1
2
1
1
2
1
1
1
17
2
1
1
1
56
39
3
2
46
1
10
2
8
71
1
2
1
1
1
1
1
2
1
1
1
1
1
3
8
1
1
2
1
24
1
1
1
1
1
1
10
1
1
51
1
1
2
1
1
1
2
1
1
1
2
1
8
13
13
2
1
5
1
1
1
1
1
8
72
16
1
1
1
3
1
12
213
25
1
1
639
111
2
2
4
2
4
1
1
1
1
1
1
1
1
1
1
8
1
1
1
1
1
1
3
10
31
8
1
496
4
1
1
1
1
1
1
1
1
1
2
2
2
1
1
1
2
1
1
1
2
11
1
1
1
1
500
3
1
1
13
1
1
1
1
1
3
1
1
220
1684
1
3
3
1
1
1
1
1
1
1
2
1
22
1
1
1
1
1
1
4
3
1
2
2
2
17
4
22
3
2
2
1
1
1
17
2
1
1
2
5
1
1
3
6
1
1
1
17
6
8
1
10
16
22
1
503
30
10
1
2
1
28
9
2
1
1
1
1
16
1
1
1
1
1
3
7
1
1
1
1
1
4
5
2
4
2
5
1
7
1
34
2
2
1
1
1
6
3
1
81
1
1
2
2
13
1
1
2
1
1
2
43
1
132
2
1
1
1
2
1
57
2
3
3
39
2
1
2
3
30
7
1
6
52
1
1
3
1
1
1
13
1
2
46
2
1
4
10
23
14
3
1
2
2
1
1
1
2
1
5
5
1
130
1
3
1
2
1
3
2
21
12
2
7
1
2
1
180
1
1
1
2
15
1
1
6
11
2
1
3
1
2
81
1
1
3
19
1
1
5
2
9
1
1
1
1
1
1
2
1
37
1
5
1
1
1
1
2
3
1
2
7
1
1
1
3
1
1
1
1
1
1
1
38
1
28
8
22
8
25
3
4
3
5
6
5
104
1
1
1
1
23
1
2
7
3
2
24
1
21
1
1
1
1
2
3
2
28
21
1
1
2
1
36
1
1
1
3
1
24
1
2
9
1
8
1
1
8
11
4
19
3
2
102
5
2
11
1
1
1
1
1
2
2
1
29
1
2
1
3
228
83
5
3
104
1
1
1
3
2
1
1
4
1089
1
1
2
12
1
1
1
499
1
4
26
2
1
1
2
1
1
7
2
3
4
1
5
1
4
59
685
1
102
1
2
3
1
134
1
9
1
1
1
1
1
1
1
1
1
1
3
1
1
1
499
1
2
3
1
2
1
1
1
2
1
1
1
32
1
1
1
1
1
1
1
1
1
28
3
1
3
1
1
2
1
1
1
3
1
3
1
2
3
1
1
1
1
1
1
2
2
2
1
1
1
1
1
1
1
3
1
1
1
2
24
1
4
17
10
2
3
5
867
4
1
1
1
1
2
1
1
17
3
1
8
1
2
4
1
5
7
1
71
1
1
1
2
5
3
5
12
1
1
1
1
1
2
1
1
2
1
1
1
1
1
1
1
3
1
356
16
2
1
1
1
1
1
1
501
1
3
2
1
1
1
48
1
3
1
1
1
23
6
7
1
126
13
9
4
2
2
1
4
16
3
1
5
10
1
362
16
1
1
3
22
392
7
2
4
3
73
1
1
8
1
1447
1
1
3
1
1
50
6
225
5
3
3
1
3
1
1
1
1
21
1
1
243
1
2
11
18
4
29
8
1
2
1
8
5
2
3
5
85
1
8
1
1
1
1
1
8
5
1
5
4
6
1
1
1
3
12
1
1
1
5
5
2
2
1
1
9
1
2
1
1
1
2
1
467
1
1
29
1
13
1
1
1
4
2
10
1
1
1
1552
1
31
177
11
1
6
3
6
1
17
3
4
1
1
621
1
3
1
71
100
3
1
1
1
1
1
7
2
1
1
4
1
3
19
5
1
7
1
1
1
1
1
1
1
1
1
1
1
3
2
1
233
317
1
2
1
4
1
1
13
4
2
1
1
1
1
9
1
1
1
1
4
1
1
240
1
37
4
24
1
1
18
1
32
7
1
5
3
11
1
43
6
17
47
1
1
53
473
1
1
1
1
112
1
8
1
1
1
4
1
1
5
13
1
2
1867
10
1
1
2
1
2
5
8
2
1
1
1
6
1
2
2
1
1
1
1
1
3
1
1
1
9
1
4
1
1
9
2
1
4
3
15
6
12
1
1
4
1
11
1
1
2
2
5
5
614
1
33
1
2
2
1
1
2
1
14
1
1
2
1
1
1
4
1
21
2
383
3
1
4
11
1
1
1
1
7
1
1
2
1
22
1
3
3
389
46
1
1
1
1
30
1
1
4
4
1
134
1
1
1
1
1
1
39
1
1
1
1
1
1
1
1
24
1
3
1
1
2
1
1
1
1
5
1
92
4
194
1
1
1
25
2
1
6
2
1
2
1
1
10
14
1
23
1
1
1
1
2
1
1
2
4
63
2
34
2
1
1
2
1
1
54
1
1
2
32
1
5
1
1
9
99
3
1
1
1
1
2
2
2
1
1
1
5
1
11
45
2
3
2
6
1
15
28
5
52
1
1468
27
1
7
1
2
1
24
4
2
9
5
4
11
1
1
2
1
23
7
15
1
2
1
1
5
5
9
1
2
1
1
4
1
2
2
92
2
1
1
2
6
2
2
1
292
1
1
6
1
1
1
1
2
3
4
1
1
17
1
1
1
3
1
4
4
1
16
1
7
1
1
2
2
1
18
39
2
1
2
1
1
1
29
1
524
1
5
9
23
3
17
36
8
1
2
2
1
1
30
4
89
1
3
1
1
1
2
1
1
6
1
1
1
8
4
1
1
1
2
1
1
1
1
4
1
1
1
1
1
4
4
28
2
44
1
1
5
1
1
1
1
1
1
1
1
1
1
1
2
1
1
1
1
1
3
1
1
4
9
1
1
1
2
1
1
3
4
1
1
2
15
2
1
6
1
1
1
1
1
2
1
1
3
2
1
288
20
8
4
1
1
31
1
2
7
1
11
1
1
1
4
2
1
3
1
1
1
1
1
1
21
8
525
2
3
1
1
1
1
4
1
1
1
263
1
1
17
1
1
1
1
1
1
6
1
1
6
1
1
38
812
1
1
9
1
84
2
4
1
1
4
1
1
9
1
3
2
1
1
12
4
344
1
2
20
8
13
6
2
1
19
4
3
1
2
43
3
1
1
114
1
1
198
1
4
2
172
6
1
7
1
2
1
2
3
1
103
1
84
1
3
1
7
2
1
1
1
545
1
1
1
1
209
1
1
1
1
1
28
5
1
19
2
144
1
27
1
1
1
4
1
3
1
1
5
1
1
441
1
2
1
1
1
13
8
2
4
27
1
1
1
23
1
1
1
1
2
22
1
1
1
1
3
28
1
2
2
1
1
2
1
6
1
680
2
1
1
65
1
1
2
6
7
346
1
4
1
1
1
1
1
1
1
1
417
1
116
1
27
192
1
1
1
1
1
73
8
1
4
11
3
1
1
5
1
1
2
1
1
1
1
1
1
1
692
1
8
1
1
2
2
5
2
1
2
1
2
1
3
1
1
114
1
1
1
520
5
4
2
1
2
1
1
2
28
3
13
10
44
11
1
36
5
4
2
2
2
4
1
13
3
4
1
3
2
3
1
8
1
2
1
2
1
2
1
1
1
105
1
2
1
1
1
13
6
5
1
1
1
2
2
2
3
1
1
8
8
1
1
4
1
1
3
6
1
1
1
2
1
3
3
2
1
1
3
4
2
3
1
1
2
9
1
1
2
1
2
1
1
62
1
2
4
1
1
1
3
844
1
2
735
1
1
1
150
1
4
1
1
1
1
1
86
1
1
1
2
1
3
1
2
1
16
1
1
2
1
1
1
1
1
1
1
1949
4
1
348
1
21
1
3
1
1
4
1
1
1
476
2
2
1
1
2
2
1
1
1
1
2
2
1
1
1
2
25
1
10
466
1
1
1
21
1
52
1
1
5
1
5
3
6
9
87
3
1
2
1
1
2
9
1
1
283
1
1
1
1
1
1
286
1
1
1
1
1
12
12
1
1
1
1
1
7
1
1
1
1
1
374
3
1
1
10
1
225
4
1
1
1
1
1
1
4
168
302
1
60
14
1
1
2
2
1
7
3
2
1
99
1
1
1
1
1
1
74
518
1
7
1
1
3
3
46
7
1
1
2
1
1
25
58
2
2
1
5
1
1
1
1
1
1
171
4
1
17
1
59
2
2
1
61
22
3
1
1
3
6
4
6
5
1
1
1
231
1
1
2
1
3
1
946
1
37
4
1
4
4
7
1
27
2
1
8
1
11
1
1
3
1
7
14
21
1
2
1732
1
1
1
1
2
1
1
2
1
1
265
91
1
1
1
4
1
1
2
3
2
1
1
1
1
4
1
3
4
1
6
1
6
1
9
2
1
1
1
8
2
1
2
3
1
1
8
1
17
3
1
6
2
2
5
2
2
1
3
1
1
2
1
5
1
1
3
7
22
2
2
5
3
4
1
3
1
10
43
3
7
1
2
6
6
1
22
5
2
1
1
1
6
1
1
1
2
1
5
5
9
4
2
12
1
6
5
6
4
9
47
2
2
1
1
2
10
2
1
2
6
248
2
1
4
2
689
7
2
54
22
1
1
2
1
3
1
1
7
1
1
1
7
90
1
2
79
11
1
3
13
9
10
3
4
23
7
1
1
15
1
5
8
29
25
3
1
3
277
13
11
1
1
1
3
1
6
4
14
1
1
7
1
1
1
5
6
40
5
19
2
1
19
6
1
2
1
10
14
239
1
1
1
1
33
9
1
1
2
1
1
194
2
5
291
1
4
1
497
6
1
4
1
9
1
5
1
1
2
3
1
3
1
1
6
5
5
3
1
2
2
1845
2
1
2
8
1
44
1
11
34
1
1
1
4
1
6
1
1
1
10
3
13
1
3
2
1
2
1
1
526
4
2
1
1
3
1
1
2
1
39
14
1
1
1
2
71
13
1
1
3
3
215
1
1
2
1
1
3
1
1
2
5
15
4
1
1
4
1
2
7
1
4
6
4
6
1
57
1
2
1
125
1
15
2
1
1
1
15
3
8
2
1
7
1
3
25
62
2
4
27
1
1
1
1
5
5
1
3
17
2
1
3
13
5
47
2
6
1
1
1
1
1
2
1
2
2
1
2
2
6
1
13
1
2
4
19
2
1
1
1
3
1
1
2
1
2
1
1
1
1
1
1
1
4
2
87
9
4
1
1
3
4
2
9
1
1
1
1566
1
80
1
1
2
3
21
1
1
1
1
2
101
2
1
2
4
1
1
1
1
2
1
2
2
1
1
2
152
1
119
1
3
3
277
216
1
1
1
2
4
58
2
2
1
3
2
1
165
1
2
1
1
1
1
1
32
80
1
182
9
1
46
1
1
61
3
11
2
7
11
1
1
2
2
6
1
2
1
1
6
1
1
7
3
3
1
29
2
37
9
64
1
1
3
1
5
1
1
2
1
1
1
1
1
1
1
1
1
1
6
1
2
1
8
1
1
2
1
2
138
120
1
2
1
2
1
1
3
2
4
1
3
1
2
5
1
1
13
13
1
2
1
1
1
1
1
1
3
1
1
4
11
1
1
7
2
1
6
1
1
1
3
5
3
38
1
1
1
1
1
2
5
41
2
212
1
1
1
4
1
1
10
1
403
1
1
1
2
1
2
3
1
1
6
1
369
4
1
1
12
1
1
1
2
1
1
10
4
19
18
2
14
1
19
1
1
1
3
1
4
2
7
32
1
12
1
10
1
1
1
1
76
8
2
1
2
19
1
1
18
1
8
2
7
1
7
1
12
3
50
8
21
2
83
54
11
1
13
3
1
28
415
2
1
1
1
2
19
3
5
2
1
15
5
4
24
1
2
1667
1
2
1
1
1
1
1
1
2
1
1
2
9
1
4
1
4
5
3
1
1
1
2
1
501
1
1
2
2
1
143
1
1
24
76
6
6
1
2
2
1
1
44
3
7
1
1
2
1
1
1
765
7
275
1
1
53
1
1
7
1
1
2
20
1
1
1
4
1
1
1
1
1
2
1
3
7
3
2
1
2
11
4
2
1
27
21
7
1
1
1
1
1
10
4
2
1
1
1
12
6
1
1
1
2
9
2
1
1
1
1
24
1
1
3
5
6
6
1
2
1
1
9
1
6
5
1
1
2
1
1
2
1
4
1
1
3
2
2
3
3
1
2
1
1
1
1
1
5
1
4
5
4
1
4
1
1
2
1
1
48
1
4
1
1
1
1
2
1
1
3
2
2
50
1
4
1
2
10
71
1
2
2
2
1
5
1
61
1
3
5
2
3
10
2
3
3
4
6
1
2
2
41
17
2
1
1
14
8
3
1
4
4
2
1
1
1
1
1
1
3
7
2
1
1
4
6
24
1
4
1
1
4
1
1
6
2
1
1
2
2
6
2
2
2
2
6
1
5
5
6
1
1
3
1
2
1
1
1
142
1
2
1
237
7
1
1
1
4
1
34
145
3
1
408
9
6
5
2
30
4
2
2
11
2
5
1
1
1
28
38
32
13
1
1
305
2
2
1
185
420
1
1
4
4
1
1
114
6
331
3
18
8
443
9
2
80
1
1
306
1
14
2
3
2
241
1
16
3
4
9
1
3
1
2
2
1
1
3
1
1
47
1
1
1
2
1
1
1
3
204
1
1
2
2
13
1
2
16
3
71
1
45
2
1
1
1
3
14
7
4
6
5
1
5
4
1
952
1
1
56
359
1
1
1
1
3
1
1
2
1
1
290
1
1
1
1
2
1
1
1
1
1
1
2
86
1
1
2
7
59
1
1
9
2
1
1
3
5
4
1
1
1
2
2
1
5
1
1
1
1
15
151
107
10
8
24
2
1
2
1
4
1
760
2
1
30
1
5
4
39
2
17
67
1
10
1
1
1
5
2
141
408
1
1
4
322
1
161
1
1
61
1
50
36
1
1
7
10
10
3
1
12
27
1
1
1
1
3
1
1
1
2
25
140
1
3
1
1
5
2
1
1
22
1
5
51
1
1
1
2
1
2
2
3
1
3
1
1
6
4
1
1
2
1
1
6
1
1
2
1
1
2
5
3
1
1
6
1
1
1
1
1
1
4
2
2
1
1
1
2
3
6
1
15
26
3
2
1
8
2
7
2
62
1
2
1
2
2
1
1
457
1
445
1
1
1
1
2
56
1
1
1
341
215
12
144
2
1
6
297
1
95
264
1
31
1
1
11
55
456
70
25
1
2
4
52
1
144
1
3
1
731
3
1
2
1
2
1
2
1
1
1
1
10
2
1
1
1
1
2
5
1
429
2
6
2
3
2
2
4
8
2
1
16
8
1
1
1
2
3
2
26
2
1
5
1
4
4
5
4
11
3
5
1
1
3
2
680
3
5
12
1
1
9
1
1
1
6
1
1
1
1
7
3
1
1
1
1
1
1
1
1
1
262
4
1
10
3
80
2
25
1
1
3
1
1
4
1
58
4
30
33
1
10
12
3
6
15
21
3
1
25
206
44
34
61
9
1
4
14
58
1
1
7
1
1
1
2
3
1
2
1
1
3
2
9
2
1
1
2
1
2
1
1
1
1
15
3
1
3
1
437
12
1
2
2
2
1
1
4
5
73
3
2
1
4
2
1
1
1
28
1
1
523
1
9
1
446
1
1
1
20
6
499
1
1
70
2
1
3
1
4
9
3
1
1
1
1040
29
2
1
1
1
35
403
1
3
1
1
1
2
2
1
2
1
1
1
1277
10
3
2
1
2
1
1
1
1
1
165
2
1
2
1
10
13
36
1
9
1
1
1
1
2
3
1
1
1
1
3
1
1
3
1
1
2
1
1
1
3
7
2
1
1
1
1
1229
1
1
2
1
1
1
2
2
1
1
1
1
1
4
8
1
1
1
1
2
47
4
2
1
1
24
1
2
6
1
1
1
1
1
2
2
3
2
1
3
1
20
2
17
1
2
1
1
6
1
1
22
2
1
16
3
1
10
1
1
1
4
3
3
6
1
4
1
1
1
3
480
11
3
1
1
1
1
1
1
1
2
1
1
1
4
1
1
3
39
104
1
1
1
14
1
1
2
1
27
1
1
1
2
1
1
1
1
1
2
2
1
1
1
1
6
2
1
2
1
3
1
1
1
3
1
1
1
1
1
1
1
2
5
2
17
1
1
4
2
1
1
1
1
1
1
1
292
1
2
1
1
1
14
6
1
2
18
1
2
1
1
1
25
1
1
1
1
73
1
1
1
11
1
12
9
1
26
3
11
1
5
5
3
4
4
1
2
1
3
1
8
1
53
5
2
13
1
268
5
3
7
9
6
1
2
9
3
24
2
1
2
1
1
2
1
1
509
1
1
1
8
2
1
3
3
1
1
7
4
1
1
4
11
1
1
3
2
1
11
1
1
1
1
1
11
125
5
5
1
1
9
4
2
1
2
2
1
12
4
1
2
8
2
7
47
7
6
6
1528
4
8
3
89
1
39
14
8
41
1
2
17
1
26
3
6
2
2
1
7
6
6
2
2
43
5
1
3
5
4
9
12
1
5
5
1
26
40
1
2
5
1
1
1
1
1
32
48
6
5
9
6
3
2
1
4
5
1
2
2
9
1
1
1
1
9
1
2
2
1
1
7
2
1
1
2
3
2
3
3
1
3
9
1
1
2
41
12
39
2
3
2
19
2
86
34
137
2
22
11
38
38
5
1
53
10
2
11
2
15
10
35
31
18
8
16
3
3
43
8
19
23
16
18
7
5
9
8
212
4
7
7
29
182
3
2
2
11
2
1
65
26
25
24
2
4
22
5
19
20
2
4
37
1
1
2
197
6
2
1
64
1
3
2
1
4
11
4
16
2
1
12
73
2
12
1
3
1
1
1
3
16
2
24
374
59
7
7
1
3
1
1
5
5
5
1
2
1
3
22
83
7
1
6
2
2
17
9
5
4
1
4
13
13
1
186
244
189
40
1
7
2
161
80
3
6
2
480
1
1
2
1
5
21
8
1
21
5
31
60
3
3
17
23
4
1
22
1
6
5
2
1
6
1
1
1
104
9
1
31
4
362
11
7
56
4
7
17
105
22
1
14
100
3
1
1
8
27
3
5
7
1
1
211
4
19
46
20
11
9
1
6
3
2
2
3
2
16
61
1
2
4
3
8
1
1
1
1
2
104
1
8
9
1
1
4
1
1
4
1
3
1
4
11
7
1
1
4
1
22
1
3
1
1
1
1
1
49
1
3
7
2
1
1
2
4
10
26
129
83
11
2
1
38
1
1
43
51
1
128
1
1
741
3
1
13
1
3
1
1
1
1
2
1
2
1
4
1
11
7
17
1
2185
1
18
1
1
1
1
2
241
1
1
20
7
1
1
5
1
6
1
18
2
1
1
4
3
1
1
1
2
155
39
44
1
1
10
1
1
1
8
6
3
1
2
1
11
18
2
2
1
13
13
8
1
13
2
1
1
1
7
5
13
6
12
1
6
1
89
12
23
9
1
6
5
4
2
3
3
5
1
1
1
1
1
2
5
5
2
9
4
10
2
28
9
6
20
11
10
1
2
12
1
2
6
2
2
3
12
351
1
24
1
2
7
65
4
5
2
3
14
9
6
7
21
39
1
1
1
1
5
3
2
3
2
13
1
1
1
2
2
3
40
1
7
19
1
2
953
1
1
3
1
13
3
1
2
9
14
1
3
4
1
3
21
1
1
1
39
1
1
5
4
1
1
1
1
4
11
1
310
131
1
1
1
1
3
1
3
10
2
3
1
1
1
2
1
9
4
5
1
2
1
1
1
7
13
523
1
1
1
2
1
1
2
2
1
2
1
77
1
1
2
3
1
5
1
1
2
39
1
1
1
1
1
8
1
45
1
1
2
3
6
1
5
1
1
1
19
1
39
2
13
111
1
1
5
3
1
1
1
97
2
2
42
11
2
3
2
2
18
21
1
8
3
1
1
1
4
10
2
1
43
1
115
1
2
2
4
12
1
3
2
1
33
2
1
1
1
1
41
1
1
1
7
2
15
1
6
85
1
1
4
1
3
38
1
1
85
2
4
2
2
1
1
2
40
54
1
4
1
1
10
35
1
1
484
1
1
3
3
4
1
4
1
12
1
1
3
2
1
1
1
3
2
1
5
7
4
2
6
1
3
1
2
4
4
16
6
1
1
5
57
1
6
22
3
1
6
44
5
2
8
1
2
1
2
8
21
10
1
2
1
1
8
1
1
1
1
1
208
1
1
323
1
1
4
2
1
2
320
1
1
1
1
293
15
1
126
1
73
2
1
5
3
1
3
20
1
5
19
27
1
1
416
1
2
1
4
2
1
1
1
4
1
2
1
4
1
1
1
1
1
1
85
1
11
1
1
1
1137
2
575
1
1
2
30
2
1
1
1
2
1
1
1
4
1
1
3
1
1
1
18
14
6
13
1
15
4
2
77
67
1
1
13
1
4
14
2
3
1
5
1
1
1
1
1
14
5
1
4
1
3
2
2
2
2
5
1
2
3
1
1
1
2
1
3
1
1
2
1
1
1
2
1
1
1
1
1
1
1
1
1
2
3
406
1
1
1
1
2
1
1
1
1
5
2
3
1
2
1
2
1
1
3
3
2
3
1
1
1
2
2
2
1
1
3
1
1
74
157
1
16
1
1
2
4
7
1
2
4
1
1
1
2
1
5
5
1
1
1
6
1
1
4
1
1
1
5
1
1
1
1
1
1
2
1
1
1
1
1
1
2
70
2
1
1
2
1
1
2
3
2
1
2
6
18
10
13
2
8
4
7
1
1
1
1
1
3
1
1
2
1769
1
1
1
2
3
1
1
1
1
295
4
1
1
4
1
2
11
1
1
1
358
4
2
2
2
1
1
2
2
1
1
4
1
2
2
1
1
2
10
4
50
1
1
5
2
1
2
666
1
1
1
1
1
4
2
1
96
1
1
2
1
1
1
1
1
218
1
1
2
2
2
1
1
1
1
6
6
2
1
1
1
1
1
1
1
1
2
2
1
2
1
2
3
3
2
4
1
1
1
2
1
1
32
1
2
1
1
1
1
1
1
1
1
1
1
1
1
1
164
2
83
4
353
1
11
1
1
2
7
4
47
6
69
6
10
96
190
1
2
11
3
1
1
2
1
539
1
1
2
198
6
30
4
4
5
1
1
1
8
16
1
2
1
1
4
10
468
1
1
2
1
19
91
49
9
1
1
1
1
4
3
35
52
1
5
2
5
161
2
10
1
1
3
2
1
8
72
2
1
1
1
3
13
4
1
1
3
22
2
1
1
58
22
1
1
1
1
1
16
1
1
1
40
1
3
1
1
27
7
9
1
2
429
16
58
1
2
1
1
1
1
1
3
1
238
4
2
2
2
9
14
18
1
65
1
26
52
28
1
1
74
14
3
6
2
1
1
1
1
3
5
1
1
108
3
427
7
1
3
2
10
9
95
1
1
5
11
1
1
1
1
1
1
493
1
1
493
13
629
21
1
1
1
1
40
1
2
49
4
1
35
1
10
1
1
1
179
1
1
1
2
47
617
44
388
1
7
3
1
3
1
1
1
5
3
1
1
1
1
1
1
4
1
1
1
1
2
25
1
2
1
903
2
1
1
1
5
55
90
4
13
1
8
10
13
10
24
4
7
13
198
7
8
4
29
1
5
3
3
1
1
1
12
2
1
18
3
7
311
89
26
1
1
1
1
1
1
4
2
1
1
1
1
1
6
1
1
62
15
26
139
16
8
5
35
1
1
6
9
1
27
4
2
1
1
3
68
2
17
5
1
1
2
3
2
193
1
3
9
1
12
1
21
867
654
3
49
19
1
3
3
1
1
1
1
584
1
3
9
1
1
1
2
2
1
2
2
1
1
2
1
2
1
1
4
1
2
104
1
2
9
1
7
6
8
9
1
13
26
1
1
1
1
8
78
17
15
2
2
1
67
1
1
21
19
178
4
3
30
1
1
4
3
2
25
18
4
1
1
1
1
2
1
3
7
1
1
8
2
316
2
6
9
1
8
4
1
19
1
1
1
4
3
1
38
20
14
11
22
1
4
6
23
4
19
23
39
17
25
21
20
6
100
414
56
1
26
4
1
82
18
5
6
10
602
18
1
2
2
1
1
51
18
1
2
17
2
2
18
17
11
51
2
65
3
1
1
1
1
59
3
18
2
15
58
2
53
43
112
1
28
14
3
1
26
1
12
309
2
1
66
30
1
91
4
4
19
4
7
1
6
1
106
1
1
2
2
1
1
209
2
1
2
1
1
1
2
1
1
1
1
1
26
1
6
1
1
37
1
1
1
22
8
1
1
359
77
2
1
1
625
1
9
2
16
1
1
1
1
3
47
3
1
1
1
1
1
2
26
2
8
1
1
1
1
1
2
1
1
1
1
1
1
1
1
3
2
43
1
2
1
1
1
1
4
27
1
1
5
1
8
7
3
2
54
1
10
1
3
9
1
12
2
1
1
9
2
1
2
6
917
11
1
2
1
5
2
1
1
1
1
1
1
1
1
84
109
1
889
1
1
1
1
1
1
4
3
1
1
1
1
1
1
5
1350
544
1
4
2
1
1
1
2
2
329
363
6
1
1
1
1
1
1
1
1
1
1
1
1
3
3
1
3
264
1
1
1
2
1
1
3
1
1
1
2
1
1
466
2
3
6
1
1
1
2
3
2
1
1
1
3
2
1
1
1
1
1
3
1
39
1
4
5
339
1
1
1
3
351
1
1
2
1
1
1
3
2
1
4
2
1
1
2
1
2
34
37
311
50
2
1
1
2
1
3
1
5
3
1
1
2
3
7
1
5
1
1
1
32
2
1
1
2
1
2
6
49
1
18
2
6
3
4
20
1
7
1
6
1
1
408
4
1086
1
2
1
1
1
382
2
1
2
3
1
1
23
2
1
1
1
1
14
22
8
6
9
37
35
3
38
2
1
1
2
2
56
15
5
1
5
1
1
7
1
1
2
1
2
3
3
7
1
1
1
2
4
8
4
6
38
1
3
2
1
1
1
2
1
3
1
2
8
2
2
1
111
17
1
22
1
1
3
1
6
319
49
22
2
1
1
1
2
3
1
1
18
1
1
7
1
1
1
2
7
1
1
1
2
5
9
1
1
20
1
1
2
12
14
2
1
1
3
1
1
1
1
1
5
14
1
1
4
2
36
1
9
1
1
1
39
3
1
1
5
1
3
5
1
1
1
1
1
1
7
1
1
1
2
3
1
1
1
1
1
1
5
2
1
2
45
1
1
35
1
3
1
1
1
1
16
3
2
1
1
3
7
2
1
1
2
16
4
32
1
1
8
2
1
130
2
1
1
1
1
399
824
5
1
1
1
1
1
1
40
1
1
1
1
2
2
2
6
3
1
8
3
1
1
1
1
1
112
1
45
1
1
1
4
6
4
222
4
1
11
2
1
2
1
1
2
3
12
1
25
1
52
1
10
1
1
1
1
1
1
1
7
12
1
12
1
59
13
1
1
17
4
6
1
3
3
1
1
1
1
1
1
1
1
1
780
1
6
26
2
4
1
1
3
3
65
7
1
4
1
2
18
1
1
27
2
7
1
5
1
3
4
6
7
1
3
9
13
1
1
1099
1
2
1
1
1
9
2
1
7
1
223
1
1
6
1
1
2
4
1
3
1
2
6
1
2
1
2
4
1
1
1
2
2
1
1
1
1
2
1
1
1
1
4
11
196
2
1
1
1
4
5
1
1
1
2
1
3
1
1
2
1
1
2
1
1
1
16
1
1
84
6
1
22
2
2
1
1
1
681
3
7
1
27
1
1
2
90
1
1
4
8
27
1
4
1
1
5
1
1
1
1
1
1
1
1
1
3
1
1
1
3
37
1
1
1
1
1
1
328
103
715
1
799
7
1
10
1
1
1
7
1
1
1
1
1
31
1
1
1
1
1
1
1
1
25
1
1
1
46
1
34
5
2
2
1
4
1
1
7
1
3
1
14
1
27
1
22
1700
17
12
1
3
26
4
1
159
1
1
2
8
1
1
1
1
2
2
1
2
1
91
3
1
1
1
3
1
1
1
11
1
79
2
1
1
1
1
1
5
4
1
1
52
1
113
17
4
17
20
43
1
8
14
25
34
8
1
1
14
3
3
1
1
368
4
1
2
16
5
44
7
2
1
4
1
93
24
342
5
3
1
1
1
1
5
160
121
2
10
34
1
1
247
47
188
23
9
48
44
1
35
20
9
27
81
97
30
6
130
1
7
1
23
2
7
426
5
111
10
190
19
17
74
31
4
18
4
5
2
27
64
4
10
36
1
1
1
1
1429
4
5
1
1
2
56
1
1
1
1
1
1
2
2
17
1
1
6
1
2
1
1
1
1
1
24
1
1
1
8
1
1
1
1
4
209
1
3
2
2
1
1
1
11
1
6
1
399
3
1
1
186
1
1
5
2
1
3
2
5
1
1
1
119
1
71
12
1
2
1
12
1
1
9
1
16
1
17
1
1
1
1
1
1
1
1
1
1
2
168
1
8
2
1
1
2
1
1
3
1
359
1
1
1
1
2
1
1
1
3
15
6
3
1
1
1
2
1
1
1
1
1
1
6
1
1
443
8
11
52
1
1
1
1
5
119
1
30
146
1
1
1
3
1
1
1
1
2
2
2
1
1
161
59
1
8
3
1
1
1
12
1
1
1
1
1
1
1
9
1
1
3
1
1
23
2
1
2
1
1
1
4
1
2
1
2
5
1
2
1
2
3
8
2
1
1
1
1
1
118
1
1
1
725
1
8
1
3
1
1
634
1
135
2
130
1
284
44
5
1
2
1
1
1
2
2
5
1
2
1
1
1
1
1
1
1
1
85
1
1
3
1
1
1
2
1
2
1
222
1
1
1
1
1641
10
1
4
6
6
1
1
2068
1
1
1
1
1
64
7
1
1
1
2
1
1
1
2
1
1
1
1
1
1
2
1
51
1
1
3
3
1
1
1
5
3
1
5
4
1
1
1
1
1
1
1
1
20
1
2
1
1
2
1
2
1
2
2
1
1
1
8
1
1
1
1
93
1
3
1
1
1
1
20
2
1
1
21
1
131
43
2
1
1
1
1
1
1
1
1
1
2
1
600
1
3
14
3
2
2
2
1
1
1
2
1
1
1
1
1
1
214
87
2
1
10
2
19
1
67
1
1
1
1
1
1
1
1
1
1
2
1
1
1
1
1
386
1
1
1
1
1
1
2
1
1
1
1
1
1
2
414
3
1
1
1
1
1
1
6
2
6
312
1
2
6
1
2
1
1
1
6
128
1
22
282
1
1
36
1
1
1
3
1
1
1
4
2
7
1
1
1
3
2
1
11
3
4
5
1
1
931
4
2
2
117
3
1
2
1
14
4
1
1
5
2
1069
2
8
14
43
2
19
16
1
1
1
1
2
1
1
1
2
3
4
1
24
1
1
1
1
1
3
2
1
2
9
47
1
4
1
1
1
2
1
1
1
22
1
1
6
78
1
1
1
4
2
1
9
2
1
1
16
1
1
2
1
4
4
1
2
1
1
1
1
1
1
1
1
472
3
179
14
26
1
1
1
1
2
326
4
1
3
5
3
3
883
236
1
1
1
5
1
1
2
39
6
1
114
3
1
1
1
6
846
3
2
2
101
60
3
5
1
5
1
1
1
2
13
7
4
1
767
5
3
1
1
1
1
1
1
1
37
1
1
2
5
4
2
1
1
1
1
1
1
1
2
1
628
2
4
1
1
220
2
1
1
2
1
1
1
15
1
1
2
1
1
1
3
1
1
4
6
1
1
2
1
1
1
1
1
1
14
1
3
4
1
1
1
1
1
168
103
2
1
1
4
2
48
29
1
1
5
64
1
1
1
1
3
1
1
1
62
1
1
1
4
1
1
1
1
1
3
1
1
86
2
4
1
1
1
8
1
2
2
1
4
2
1
21
1
1
3
1
1
3
1
1
1
1
10
1
1
7
18
168
1
1
2
1
1
1
1
1
1
1
2
6
1
3
12
1
4
1
1
5
7
2
1
2
1
10
1
1
1
1
1
12
22
6
1
26
2
2
1
1
3
6
27
4
1
2
2
7
67
376
1
1
1
18
1
1
1
1
1
1
1
1
1
1
1
2
1
1
757
1
83
1
1
1
1
1
4
1
1
1
1
2
4
19
3
4
1
4
15
3
1
1
1
2
4
4
21
2
1
11
1
1
2
1
22
16
31
1
8
1
67
1
4
1
1
25
2
1
4
3
1
1
6
1
2
1
1
43
8
4
66
9
51
5
2
3
1
3
11
1
1
2
1
1
1
4
4
5
1
2
3
1
3
38
11
30
1
1
1
1
1
1
1
1
1
35
5
6
1
1
10
13
2
2
1
2
1
1
1
2
1
1
22
3
1
1
7
2
1
2
1
1
1
1
23
3
488
37
238
2
34
1
4
1
1
1
1
2
1
1
4
1
1
1
1
1
1
1
1
1
2
8
397
5
1
1
983
1
1
1
1
6
479
