6
31
3
10
63
9
3
46
2
1
8
2
14
27
3
6
1
30
1
2
33
6
2
1
1
1
2
2
13
23
13
3
19
7
2
7
18
2
1
11
1
1
16
4
26
4
17
5
2
2
13
5
30
5
44
1
4
14
50
19
97
1
9
1
63
11
4
1
3
7
8
2
19
2
4
6
26
17
1
3
33
35
4
15
16
8
2
6
4
6
24
4
1
26
9
12
4
7
1
3
2
8
10
2
6
3
1
10
10
1
67
25
16
6
4
3
9
3
16
23
3
10
25
1
1
9
31
18
2
3
14
35
4
2
2
10
2
49
2
3
2
3
1
20
7
1
28
8
1
1
3
2
1
4
1
3
80
1
4
2
7
5
42
2
2
23
2
7
3
1
6
1
9
4
7
2
14
39
3
7
21
18
3
2
15
2
1
11
6
8
1
3
17
15
2
23
8
2
19
6
33
7
17
11
3
2
2
19
6
8
5
1
4
67
1
9
92
3
21
2
1
12
8
2
62
2
1
26
1
14
113
6
11
1
16
3
13
8
1
2
2
5
9
3
14
4
1
12
1
56
16
5
43
33
2
1
24
29
2
1
1
3
9
1
11
19
16
4
9
9
2
2
11
1
8
20
1
1
35
40
2
18
5
4
3
2
1
2
18
5
2
16
1
4
2
11
7
1
2
4
5
29
2
9
4
2
4
1
5
15
72
1
14
6
3
1
2
4
23
21
7
3
54
1
3
5
4
3
5
16
12
5
27
52
4
1
2
4
7
2
4
6
5
1
1
1
6
3
1
2
8
2
14
10
9
1
51
12
16
1
171
2
13
5
3
2
4
8
1
2
1
4
2
3
1
1
30
2
2
19
10
28
3
51
5
2
3
2
1
36
19
16
2
1
6
6
4
1
4
2
25
11
1
2
10
1
1
7
1
15
3
4
13
1
37
6
18
1
2
12
13
3
4
1
1
1
18
2
2
1
1
4
1
1
1
1
1
4
2
36
9
1
18
3
4
32
3
1
2
13
5
4
3
5
1
68
4
4
1
7
5
6
10
2
2
1
7
4
2
2
1
45
51
5
7
1
5
2
1
23
1
6
1
1
1
29
5
2
4
16
7
30
2
16
6
1
7
7
148
1
1
1
20
1
2
11
12
2
6
12
4
5
3
16
1
14
1
5
19
5
3
1
118
5
1
3
5
11
1
3
8
2
20
1
5
2
1
2
3
1
1
3
6
2
2
2
12
1
24
2
24
4
1
4
1
41
14
1
9
1
5
2
4
2
5
21
2
4
7
13
2
6
6
2
3
6
2
5
6
5
5
7
23
14
4
8
2
1
26
1
2
1
20
7
5
2
46
4
7
28
2
1
12
1
3
2
8
22
1
9
1
45
1
1
1
21
9
16
15
3
1
18
1
2
1
33
3
1
10
13
14
3
23
4
1
52
2
19
1
4
51
1
8
1
1
7
1
3
21
3
1
4
3
5
18
3
7
1
6
1
4
2
41
1
21
5
4
3
10
5
3
3
5
1
2
1
3
1
2
12
12
7
11
3
1
2
8
2
1
5
30
4
2
20
2
1
3
12
2
10
13
1
31
3
2
2
6
4
12
35
21
1
9
1
3
6
3
2
2
4
5
5
2
2
2
2
21
3
4
2
6
2
5
3
3
1
14
4
1
2
36
2
3
11
2
8
10
3
18
16
2
6
4
6
31
3
32
41
1
7
34
2
49
6
1
5
3
4
3
6
3
29
1
4
1
6
1
6
3
1
5
2
6
1
3
1
3
5
1
1
3
1
4
2
46
5
26
5
1
6
15
1
3
2
31
3
2
9
3
1
12
2
1
1
1
4
2
15
12
1
7
1
9
4
1
5
1
4
1
4
16
4
9
18
2
2
5
7
1
29
6
1
30
1
1
17
1
5
2
9
3
2
2
3
3
4
2
1
30
3
8
3
14
1
2
6
5
1
1
13
20
2
9
1
5
3
11
2
3
1
11
1
4
4
1
4
60
10
16
1
1
3
4
1
1
1
2
19
1
1
5
40
7
4
22
3
1
26
1
5
2
1
13
4
3
8
13
2
1
6
1
6
11
22
1
7
10
6
2
3
2
70
3
1
46
54
4
1
7
1
10
2
4
10
2
13
2
3
4
10
2
5
4
1
1
3
9
1
5
1
4
21
6
2
14
15
2
3
17
7
11
79
3
2
4
1
2
23
19
3
26
3
5
12
15
26
2
26
12
6
6
68
2
2
17
41
6
2
1
54
1
14
3
45
6
5
10
2
79
4
31
1
36
34
20
3
4
3
4
1
38
1
4
6
4
1
8
1
2
1
1
7
2
11
1
1
18
7
1
4
1
4
4
16
2
2
32
15
8
19
10
1
4
7
4
1
3
6
4
9
2
2
8
10
1
1
3
2
10
1
2
2
1
13
5
18
1
3
1
3
1
6
1
5
15
10
1
3
9
1
109
30
6
1
11
1
6
39
40
1
1
10
4
1
7
1
91
6
1
19
2
2
2
12
5
5
22
6
2
44
55
9
16
15
3
1
1
21
1
6
9
29
5
2
2
6
2
2
124
2
2
2
3
4
1
1
3
3
2
39
4
1
37
1
1
11
10
6
2
2
6
53
2
2
3
1
18
34
1
7
3
13
2
18
9
1
1
27
7
33
5
3
6
2
23
1
17
42
1
2
1
1
1
3
3
6
17
34
3
1
1
1
2
4
3
5
15
6
1
25
3
7
3
1
1
18
27
2
26
17
8
2
15
2
2
5
1
1
1
2
1
2
15
1
9
2
3
21
2
1
18
4
15
14
2
1
3
3
5
4
3
2
1
2
1
3
3
3
46
3
1
86
11
17
1
3
41
1
4
7
2
4
3
2
10
1
12
40
8
2
1
2
5
57
9
4
2
14
2
1
9
7
1
2
4
7
4
10
7
12
9
1
2
6
22
4
22
7
3
1
2
4
2
2
1
3
9
2
1
4
1
3
1
58
5
13
25
1
2
36
5
2
4
11
10
1
2
1
3
9
3
5
1
49
1
2
20
1
1
3
2
2
2
1
12
2
4
1
40
83
5
7
3
3
17
6
24
2
5
2
2
1
3
3
9
2
2
6
3
7
4
2
4
1
11
8
4
1
5
10
4
2
5
9
4
2
26
9
2
1
2
9
3
2
2
2
16
2
1
27
20
3
26
2
1
4
2
32
6
7
3
3
3
1
1
4
5
49
1
1
1
1
19
10
2
1
2
21
35
7
3
10
100
2
2
16
34
1
20
35
6
1
36
2
1
2
1
6
4
27
4
9
3
1
3
1
1
1
22
2
10
1
6
1
3
5
1
1
13
16
3
3
4
4
2
2
1
1
2
9
2
1
26
3
7
5
2
24
1
1
1
30
4
7
38
1
15
2
1
41
9
1
85
5
20
3
8
1
2
4
2
1
12
2
6
28
2
1
6
1
29
6
6
53
1
1
1
2
1
2
3
7
2
4
1
2
1
1
3
2
2
3
12
6
7
6
1
2
3
1
3
15
1
11
13
13
11
11
2
2
1
1
3
1
15
1
10
9
23
35
13
52
7
24
8
11
1
1
1
1
1
2
29
2
1
10
22
8
2
15
5
14
3
1
4
12
2
1
3
6
1
6
6
2
14
1
1
43
4
8
3
4
5
2
1
2
1
9
5
20
18
5
3
1
2
37
7
1
2
3
1
4
16
2
6
10
1
1
1
25
5
25
1
19
24
44
2
1
2
7
166
2
3
13
2
2
1
2
21
23
3
4
27
1
2
3
2
5
12
7
1
1
1
84
1
7
12
5
2
2
6
1
5
2
7
7
23
2
6
1
1
1
20
3
2
158
20
8
45
1
2
8
1
5
2
36
5
3
44
1
4
18
15
1
1
5
12
7
14
4
3
2
14
5
7
12
1
19
2
4
5
5
2
10
2
3
1
6
2
4
1
1
18
7
18
2
14
8
5
16
22
12
4
1
3
3
15
40
2
1
4
1
3
1
1
24
2
1
3
13
1
1
1
3
4
2
1
1
1
11
20
20
1
11
1
3
1
7
1
11
5
1
18
27
3
1
1
7
4
2
10
5
18
1
82
6
7
18
1
21
3
4
5
4
18
1
1
3
4
1
1
2
11
7
8
1
20
1
1
3
3
1
30
3
4
1
14
2
30
1
29
2
45
2
2
1
1
1
1
3
5
3
148
2
27
15
1
1
2
1
3
1
6
27
1
2
17
9
1
13
65
38
12
1
10
10
3
17
2
25
14
2
17
8
1
12
1
2
35
6
2
1
8
4
1
2
18
3
3
11
1
6
19
9
6
2
13
16
11
6
14
10
1
3
3
11
2
3
1
2
1
2
1
1
36
2
1
3
14
4
11
16
5
1
1
25
13
6
6
2
5
35
41
19
1
5
3
13
4
2
1
13
1
1
1
16
5
3
2
3
11
6
10
1
14
4
4
1
1
13
70
18
2
4
71
5
3
1
1
1
2
35
29
18
56
24
4
76
30
81
7
4
7
1
2
19
23
25
2
5
18
1
4
8
1
9
2
1
1
1
1
5
1
2
9
17
1
55
9
1
14
5
11
1
2
12
63
2
2
6
2
1
2
1
38
3
1
11
8
1
1
2
1
12
3
5
9
76
7
8
1
12
1
1
26
2
8
1
18
10
2
1
9
1
4
15
2
9
6
13
1
2
1
27
11
23
2
5
3
4
7
4
1
1
1
1
17
13
23
1
6
17
1
2
3
11
3
7
18
1
4
4
4
6
1
12
2
1
17
1
3
11
1
12
4
2
2
1
1
1
13
22
5
4
50
2
2
14
19
22
1
8
3
3
1
1
20
2
2
1
1
3
2
1
6
1
19
37
39
50
1
7
4
2
4
20
9
3
2
22
4
7
10
50
5
7
1
5
3
6
7
1
30
13
22
11
1
6
3
7
17
10
3
1
1
3
32
2
3
22
1
41
3
3
1
2
31
2
16
2
5
13
3
3
37
2
8
1
46
1
4
1
2
1
17
1
7
1
12
5
1
13
1
4
28
33
2
1
10
10
1
29
2
14
10
3
2
1
3
15
23
10
16
2
4
2
1
2
3
1
7
20
2
112
11
1
11
37
8
19
1
2
1
3
13
4
14
14
9
6
1
21
8
4
2
1
1
6
1
34
13
5
2
7
9
1
1
2
14
1
1
1
2
20
2
6
3
8
8
3
2
4
10
2
2
36
5
1
19
1
11
14
3
3
3
1
1
25
9
2
8
14
2
5
3
49
1
5
21
10
32
3
3
12
1
1
27
2
3
2
1
8
12
2
2
1
8
4
9
2
3
2
12
2
1
1
7
3
11
4
2
5
12
9
2
2
1
1
45
4
8
5
39
6
9
2
9
2
1
4
1
1
2
14
10
28
2
1
2
3
1
3
3
7
6
40
2
22
42
3
8
12
37
2
2
12
48
3
3
2
1
1
39
3
4
14
1
1
7
4
1
9
3
9
1
1
14
16
2
8
4
48
44
1
3
9
15
1
8
9
2
1
7
2
1
14
2
1
1
2
2
1
2
3
2
1
165
8
1
1
1
6
1
14
1
1
11
1
8
2
2
1
2
13
48
9
3
8
26
2
2
3
61
2
2
1
3
5
9
1
3
29
5
7
17
1
2
3
6
1
2
37
2
10
2
3
10
54
3
3
2
14
18
79
4
1
3
3
2
7
1
4
3
1
1
3
10
9
4
1
33
3
2
4
2
3
3
7
143
9
12
15
4
1
11
2
1
3
66
2
1
40
1
1
1
5
1
14
2
20
11
8
2
3
7
55
3
38
3
3
2
1
59
2
18
3
2
17
2
4
2
5
20
3
5
1
1
10
4
55
21
2
6
6
1
3
11
12
2
1
2
15
4
5
2
7
13
3
3
1
15
1
4
9
13
13
13
9
1
1
2
152
5
36
17
2
1
3
5
1
2
14
4
5
15
1
1
2
42
5
1
4
48
2
1
3
1
11
18
2
4
15
31
7
2
12
7
6
1
1
17
5
2
14
3
1
4
12
4
2
9
1
1
16
7
8
3
13
2
3
1
1
73
3
2
7
3
2
2
10
7
2
20
2
9
1
8
2
2
9
9
1
17
3
1
10
1
6
15
12
7
22
1
5
22
2
24
3
17
2
1
22
5
2
1
4
2
6
2
74
1
69
5
4
2
13
11
3
51
3
55
46
2
5
2
2
4
9
5
1
6
8
26
1
1
3
7
30
1
1
3
1
4
3
1
1
2
3
8
31
2
1
6
1
1
28
1
5
5
1
1
2
1
10
1
20
1
9
21
4
33
5
1
4
16
3
41
2
1
6
3
12
1
17
4
7
1
10
4
2
2
32
2
8
1
29
2
3
1
30
3
5
4
27
45
7
2
2
8
3
3
68
11
1
1
18
27
1
1
18
9
5
4
12
7
1
8
7
27
29
1
7
36
8
1
1
1
1
7
19
1
1
2
2
2
54
2
26
6
2
10
134
1
1
4
2
46
5
1
1
1
3
1
3
1
1
8
8
1
14
8
1
2
12
49
4
14
49
4
6
1
15
43
4
15
24
3
8
4
6
17
2
1
1
5
20
3
18
5
18
7
4
6
15
1
15
4
1
64
1
2
6
11
14
20
3
15
21
3
3
3
6
19
3
1
5
3
58
4
1
1
4
35
4
1
3
4
5
3
1
1
3
32
26
31
32
2
1
11
1
5
10
6
3
28
2
2
2
105
11
1
3
10
2
77
25
2
1
14
5
2
1
7
10
4
1
4
4
19
3
8
2
6
10
7
1
7
2
3
1
4
5
4
47
10
39
1
4
5
6
1
2
7
2
3
5
1
1
19
11
1
7
2
1
21
28
4
9
3
1
13
1
5
1
17
1
4
7
1
15
1
3
6
2
1
8
3
1
2
17
2
1
1
9
1
13
5
2
1
1
59
2
6
16
4
22
2
2
1
1
17
5
2
3
10
3
33
3
3
41
12
1
1
1
2
16
6
4
9
30
1
1
2
6
17
4
3
1
1
3
1
3
3
5
17
4
23
8
10
8
2
2
18
5
13
3
2
1
7
3
2
2
1
12
13
12
5
25
3
3
3
2
11
9
16
7
1
1
1
8
6
4
3
1
24
2
4
21
1
4
9
7
16
5
2
1
12
2
9
2
2
14
10
4
7
1
1
2
1
2
3
3
5
2
2
6
6
9
6
1
59
17
2
14
1
13
11
1
1
2
1
3
1
1
9
71
4
4
3
1
3
10
3
13
16
20
3
7
3
28
1
3
5
17
4
7
3
5
3
