2345
639
24
3140
1281
45
1627
20
3011
16
970
94
1755
921
51
559
2
3384
257
984
117
1180
6
13
187
40
1525
1046
1
2686
2
1027
47
293
29
1949
2923
752
2437
3585
54
2142
1995
355
111
2353
2044
57
1465
2813
541
139
3248
5
1281
76
3271
487
436
45
3493
566
2892
1711
1719
3155
2631
1029
24
3
567
2120
31
214
3588
1458
570
3449
2928
625
17
3056
106
1303
865
315
2877
1
2951
2252
2537
742
756
9
1409
1862
3738
112
2534
860
3401
3023
766
481
9
293
2984
3065
81
281
839
185
2082
2729
441
6
1028
384
1431
53
88
749
1041
2527
3328
41
994
2364
863
632
1512
1202
199
2874
20
2657
3206
2857
487
2092
819
2046
515
838
1857
436
1303
424
13
2814
21
9
2516
760
285
4
643
3432
543
1
440
490
5
239
2189
321
1858
903
429
3341
902
929
2597
2716
3769
213
3507
963
753
86
3494
1701
42
1448
3
28
3617
1002
734
706
1145
2378
123
125
439
89
3327
14
115
611
862
342
2322
3357
1490
22
2699
1246
1967
3655
1905
3234
625
3325
2891
3231
7
562
2
1005
696
2247
295
186
408
2010
307
30
1199
1038
674
11
3187
268
663
97
3173
1275
246
2
2946
3204
460
746
1398
89
282
55
37
2
1662
1447
1040
1490
964
51
26
2975
2601
342
7
791
1048
1443
6
310
2461
118
545
13
1229
127
2136
1417
2366
340
111
3589
857
2589
2344
2736
345
3379
831
3493
3409
2519
2103
458
30
601
33
988
3607
1196
108
938
3123
568
2696
74
47
849
88
858
1587
2759
26
84
1757
2301
40
126
3578
2453
639
289
3536
1398
1702
275
854
3042
999
6
1102
648
3017
6
2024
1636
1204
505
2533
2957
2475
1779
1344
179
623
203
2673
1013
1511
1934
52
43
1
2958
217
2160
2904
22
216
441
533
807
404
16
116
992
245
918
1305
791
3497
413
1770
128
2015
259
366
11
420
519
796
2
1561
120
3415
3025
2948
748
133
405
131
452
2103
336
5
2971
3129
523
3403
2508
578
3653
341
1750
141
407
1806
1277
3542
801
225
131
1659
1045
3050
11
2243
3481
679
3516
16
632
3310
44
3476
865
3307
2849
2226
2117
685
587
3285
350
637
133
26
15
1286
446
2764
6
250
20
2165
1
670
1627
2559
1946
135
5
2706
22
280
822
1354
1
3202
386
3
548
1001
3369
1647
2733
354
94
12
881
228
3550
1143
859
1464
1424
317
3490
17
44
2006
32
537
29
13
81
1659
17
580
596
2857
2335
3636
1414
1404
2184
254
2391
53
1657
3512
26
1346
195
3
3
1810
3442
427
2711
3202
2203
1516
2906
1134
1941
2070
134
34
814
2034
29
2484
3500
536
3101
767
2795
112
2558
123
21
495
52
2785
454
2740
692
1756
1017
699
68
1163
184
12
391
162
169
3598
3389
12
3348
3317
15
290
215
202
772
357
3107
2479
1729
1945
227
100
1518
2177
92
883
310
3190
498
583
215
39
790
3176
1525
2137
80
348
2258
35
458
388
130
76
3773
3395
2508
616
31
2154
910
2421
2896
7
1913
2873
3582
796
2971
3741
1832
730
515
820
1014
2137
1266
176
1446
2672
3173
123
354
1984
48
4
16
896
2836
3731
2966
853
912
3507
3
930
837
1638
972
113
2487
108
11
2463
1210
2540
3414
401
722
79
2774
29
708
94
46
707
692
50
337
941
1579
558
2977
661
2676
326
773
3213
2352
5
110
2114
119
1128
1418
951
347
27
30
1789
985
1735
3691
1403
2829
3053
164
3584
633
1323
2982
3456
161
765
65
368
505
2299
3100
565
1028
2303
2548
134
1104
8
2978
3376
1154
1656
1372
1138
1832
3502
744
2610
2663
144
1098
1138
3
