2946
2637
2263
260
1072
3031
3011
3043
789
229
1095
114
2487
2729
508
442
1006
118
667
588
359
4506
147
1256
196
122
356
499
528
3486
175
2099
1262
304
528
1939
3033
1192
381
1466
928
296
275
1232
31
1679
1590
185
316
482
46
2575
106
3045
349
58
401
2255
1696
271
822
951
461
307
2406
2318
2760
885
318
19
173
240
31
404
89
191
545
2729
1260
40
187
46
688
459
2948
1774
176
8
52
1828
443
74
2378
3016
144
2342
14
1491
1579
1199
3242
556
1448
6
2579
390
1244
1536
1415
2815
2177
1052
22
1885
2834
5
878
543
1474
610
1630
748
446
478
1031
96
1532
298
2096
845
112
2590
566
1061
920
17
256
360
3080
797
41
2
3144
230
2831
3783
245
46
470
1004
1542
354
5
227
790
243
3246
234
358
2216
1453
71
1042
105
66
1
3917
123
721
133
609
417
1603
455
250
112
744
1424
1168
2100
697
6
1510
2231
430
373
701
380
575
2250
2945
688
2982
2084
18
1181
633
6
2889
458
68
85
107
1993
346
103
107
1249
1937
337
460
23
1247
3441
821
77
17
2905
236
263
3333
1920
575
1513
3429
2203
21
2880
3683
958
4221
2674
1934
171
1542
11
408
186
1374
201
1
537
531
2099
1988
2087
2188
776
1232
1009
1664
703
3106
687
531
3599
2179
1671
97
1297
40
1706
231
1574
2171
1034
3
261
825
78
1225
1687
3
2518
2621
1575
4141
17
32
1631
1733
1700
931
835
3720
2143
1401
1
2402
1093
624
411
961
241
137
146
2762
25
2000
1182
2214
1819
2070
392
631
216
164
84
538
71
600
221
645
149
247
848
105
31
919
82
794
3
2295
236
746
2152
3158
76
133
1156
2412
1141
636
394
44
56
1
266
2320
95
150
2015
1354
1269
1198
202
165
1214
194
1291
138
154
2340
353
59
258
722
989
844
589
1575
438
3
17
288
1061
147
1429
570
3042
2301
99
1704
100
321
1526
907
1001
1
2474
2565
2980
255
3555
770
2669
387
129
4
255
529
2742
45
584
29
3045
206
1395
3404
2932
308
1470
1475
1040
1059
1109
756
289
2686
1995
1392
2079
922
19
1527
208
1895
1
234
152
2491
2871
2248
1469
3666
438
1776
1991
1308
2237
54
1026
9
3117
644
3673
1742
3027
2882
663
2972
2583
1047
1470
1035
2812
203
213
93
3900
3264
688
973
666
105
2777
469
169
23
748
384
3564
692
1
3305
24
859
129
123
691
1653
1460
3
2117
183
255
410
675
261
152
1368
1365
123
423
106
759
2715
332
1313
474
1353
50
305
253
1667
2
130
2024
2408
3681
3267
482
303
8
1986
731
288
1184
832
158
204
504
719
2296
86
4428
3018
1008
27
34
2557
433
1295
178
2557
170
1211
7
2700
46
27
1325
40
1237
39
557
807
77
3057
41
215
177
290
8
284
1854
1206
3560
327
163
1657
135
10
1921
84
2051
370
900
2097
1980
18
22
67
615
326
2047
131
264
1069
2265
24
36
1718
2758
736
3
1
1365
1067
3595
173
1716
1730
393
27
146
2716
2739
1428
926
164
2466
1741
1372
219
70
2777
17
199
503
2132
108
1806
1164
69
23
1547
859
2831
1828
520
1488
1837
1814
1128
330
412
198
313
1287
886
2655
386
117
443
12
1882
30
71
1765
40
530
3
1469
1
173
82
1539
24
337
195
357
1932
74
756
1946
468
802
1753
3529
807
2499
2604
471
1162
1596
2359
486
2510
1
1
1
1
1
1
1
1
1
1
1
1
1
619
1032
64
31
2345
16
312
56
564
63
4
8
364
5
119
5
1
2
1663
2356
16
65
2
5
1
2
1
3
44
31
639
10
2
303
24
7
3
86
1
1
1
1
18
3
1
18
1
1
1
4
2
1
1
1
2
2
399
1
1
1
1
2
1
1
1
16
5
2
1
1
1
6
606
1
8
1
1
1
2
1
1
2
1
1
2
1
4
1
3
4
1
28
99
1
2
8
26
250
12
12
1
12
28
2
1
1
33
1
1
7
4
2
78
1
1
1
3
1
59
25
416
4
1
1
1
3
1
1
2
3
38
16
2
1
1
151
1
1
5
3140
1
2
4
1
15
1
1
3
1
84
1
123
5
5
1469
14
34
1
2
1
1000
1
1
8
4
1281
1
3
86
503
74
5
2
22
2
6
1
22
1074
494
6
37
265
1
142
45
17
4
231
2
7
1
1
2
1
1
2
2
1
1627
4
3
1
4
1
3
1
36
20
1
8
5
1
4
2
1
22
1
1
7
2
3
498
1
33
77
9
22
3
1
2
3
1
1
2
4
1
1
1
3011
1
1
2
1
1
1
1
1
3
1
1
23
16
1
3
3
38
1
1
46
1
1
4
1
1
2
4
1
10
32
1
2
1
1
1
1
1
1
1
2
572
15
1
1
1
2
1
1
2
1
1
1
1
1
1
2
3
1
1
5
1
970
2
1
5
1
1
1
1
2
4
33
94
36
21
40
95
2
1
1
1
1
1
1
1
2
1
2
1
1
2
1
7
1
2
1
1
1
1
1
1755
1
2
1
921
3
2510
1
1
1
1
1
1
51
2
1
1
1
1
1
2
1
1
1
1
2
1
1
3
1
1
1
1
1
1
1
1
1
1
1
1
559
1
1
1
1
1
3
1
1
1
1
1
1
2
10
4
1
1
2
1
1
4
1
1
1
2
4
3384
1
2
257
1
1
984
4
1
14
1
1
1
2
9
1
16
1
24
4
14
117
1
1
2
12
43
86
1
2
6
1
1
25
8
1
3
126
8
1180
330
1
1
3
1
1
5
2
1
1
38
13
2
1
63
13
3
1
6
1
1
6
2
1
4
1
1
6
13
1
8
4
49
1
6
2
15
1
1
1
1
1
1
1
2
2
1
1
1
1
1
1
1
2
1
1
1
3
1
15
1
2
7
3
5
1
4
1
2
5
1
2
1
1
1
3
3
9
241
187
1
1
4
1
1
1
1
1
2
1
1
1
1
1
3
1
1
2
1
1
5
1
5
4
1
2
16
73
22
1
1
1
11
1
8
4
4
1
1
1
2
2
3
3
1
1
1
4
8
5
40
1
3
1525
2
1
3
5
1
1
2
31
25
1
349
2
1
1
2
27
1046
4
1
2
15
10
2
4
2
1
7
5
5
1
1
3
2
1
1
1
1
1
229
1
4
2686
3
1
1
1
6
1
1
240
1
1
1
1
1
1
1
1
2
1
3
1
2
2
1
2
1
1
925
1
3
1
1
1
1
2
1
1
1
50
1027
1
1
1
1
8
1
1
1
1
5
2
3
1
1
6
1
79
1
24
47
3
11
12
1
293
1
29
9
1949
49
8
2
1
6
51
1
1
335
143
1
85
4
10
1
1
1
1
1
3
1
10
4
1
2
8
1
63
1
1
1
1
1
1
1
1
3
2
2923
752
8
21
2437
1
1
10
3
1
1
1
1
1
1
1
1
1
2
1
1
1
3585
1
280
10
1
2
1
3
1
1
2
1
2
7
1
1
1
6
2
18
1
1
1
1
54
11
1
1
1
4
172
1
2142
1
1995
1
2
1
1
1
3
1
2
3
1
14
45
355
241
6
1
149
90
17
111
2
143
66
49
458
244
62
433
3440
151
37
12
235
27
1
87
466
1640
244
79
247
4
55
2
1
16
6
93
2
349
2
2574
1
4
2
589
1
6
1
1
1
1
11
13
1
1
1
7
8
1
42
20
2
2353
2044
1
1
3
1
1
1
3
1
2
62
1
1
1
4
1
1
2
4
2
1
82
1
4
1
3
1
4
57
3
1
1
1
1
1
1
5
1465
1
3
2
1
760
2
1
1
1
2813
541
1
1
1
1
2
162
3
1
4
1
1
2
1
1
1
5
1
1
1
34
1
3
1
1
359
1
1
4
3
1
1
1
139
1
1
1
3248
1
2
1
8
2
2
33
1
2
1
5
1281
3
22
76
2
31
3271
50
821
197
4
1
491
59
487
35
37
1
1
1
164
436
1
1
1
2
1
4
7
3
1
48
14
4
2
1
134
1
2
1
2
1
3
3
3
4
2
6
45
1
2565
1
24
1
2
1
96
14
1
4
1
1
3
76
9
16
2
1
1
1
1
34
1
1
3493
1
1
1
5
1
10
1
22
2
1
3
1
1
8
1
2
1
13
1
1
2
1
1
14
1
566
3
2
1
3
1
3
2
1
1
1
1
1
1
15
1
1
2
1
5
2
1
1
1
2
1
1
1
1
1
1
1
2892
1
1
2
1
1
1
1
1
1
1
2
1
1
1
2
1
1
1
1
1
3
1
1
1
1
2
1
1711
1
1
1
1
1
1
2
1
1
1
1
1
1719
1
2
2
1
1
3155
10
1
1
3
1
3
9
6
1
2631
1
3
2
3
2
2
2
3
1
2
2
1
2
1
1
13
2
1
1
1
1
2
1
8
1
1
1
536
1
3
1
1
1
2
1
1
1
10
1
1
29
1
1
129
3
1
1
758
297
1
1
1
1
1
1
1
4
1
1
2
6
3
1
60
1
6
39
2
53
4
1
8
5
4
2
1
1
1029
24
1
2
1
5
1
7
3
1
2
1
8
4
1
1
1
1
407
43
2
1
70
1
1
1
18
45
7
1
1
32
2
2
2
3
39
74
706
160
185
39
335
7
1
1
1
1
1
1
1
1
50
1
1
7
3
1
1
2
1
6
1
36
1
2
1
7
31
3
56
4
9
567
1
4
1
2120
31
247
1
1
8
3
1
12
6
1
1
11
6
1
16
19
3
5
3
1
5
1
214
103
6
8
1
2
7
3
5
1
12
3
1
1
4
1
5
1
4
2
3588
1
1
3
10
2
10
1
1
1
4
1
3
1458
1
3
1
14
12
3
13
11
4
1
10
1
4
67
16
48
30
5
570
2
2
1
1
1
1
1
12
1
8
346
7
1
2
21
17
3
1
2
3449
3
1
1
6
1
4
10
1
1
1
38
1
1
1
1
2928
249
50
62
5
4
1
3
1
2
4
2
1
109
13
2
5
3
4
22
4
4
3
1
2
4
1
18
2
8
1
1
29
7
1
29
1
1
9
625
4
2
3
1
3
6
4
11
17
13
12
3
171
46
137
8
27
30
1
1
3
47
3056
1
1
1
1
4
1
1
1
1
1
2
1
1
1
7
1
1
30
297
5
52
9
4
135
45
1
1
1
5
1
11
1
106
1
1
1
1
1
1
1
3
5
1
1
1
1
4
26
11
2
1
1
1
1
1
5
1
1
1303
1
3
1
2
6
865
5
4
315
4
2877
28
4
2
1
1
1
1
1
2
1
1
1
1
2
2
1
1
4
1
2
4
1
6
1
1
1
1
1
1
1
2
1
1
1
1
1
4
1
1
6
1
1
1
1
2
1
5
1
1
1
2951
1
1
2
1
1
1
1
1
1
4
1
1
3
2
1
1
1
1
1
2
2
1
6
1
1
2
1
1
2
1
2
2252
1
2
1
1
1
1
1
9
7
1
1
1
1
1
1
1
2
2537
1
742
4
2
2
14
3
756
2
1
1
2
1
1
2
1
1
1
2
1
1
4
5
1
9
3
1
5
7
1
1
1
1
1
2
2
5
1
1409
1
6
2
309
7
1
29
1
1
1
3
1
16
16
3
3
1
1
768
1862
3
1
3
1
1
1
1
3
1
11
2
2
1
1
1
70
7
3738
5
1
2
112
1
2534
3
4
3
3
25
1
860
1
1
5
2
2
1
74
1
3
1
1
3
2
1
1
3
1
1
26
3401
1
1
5
1
3023
766
2
1
5
1
1
1
1
1
1
1
1
1
1
1
1
1
2
1
1
1
327
80
1
3
1
2
2
1
481
1
9
1
1
1
1
1
2
1
3
2
22
1
293
2
3
3
196
5
1
1
4
3
152
2
8
1
90
1
2
3
14
85
3
1
179
2
2984
1
2
3
1
3
4
5
361
52
1
26
2
2
34
1
6
3
3065
1
1
4
2
1
1
139
1
31
1
1
2
1
4
791
1
1
1807
11
6
2
1
1
1
1
1
2
4
1
3
2
81
1
1
1
1
281
5
7
2
1
1
8
1
1
1
1
1
666
1
1
2
1
2
5
1
1
1
5
1
3
2
3
1
1
1
1
1
1
11
1
3
1
878
4
839
1
1
1
1
1
1
1
2
3
1064
1
1
1
32
9
5
1
22
1
1
2
917
3
1
185
2
1
3
1
1
1
1
1
1
2
1
2
1
1
1
1
4
1
1
1
1
2
1
1
1
1
1
1
2
1
1
1
3
2
1
1
3
1
1
1
1
2
2
1
2082
3
2
2
2729
1
8
1
1
2
1
1
3
1
2
1
5
1
3
1
3
1
2
1
441
1
1
6
1
53
1
1
25
1
1
1
1
1
1
1
3
4
2
1
5
3
1028
1
1
2
1
72
1
2
3
939
1
2
1
384
1
1431
363
3
3
1
1
8
1773
53
2
1
1
1
6
3
88
1
2
2
1
1
1
1
3
1
2
19
749
1
1
1
1
1041
1
1
1
1
9
3
2527
2
6
1
3
1
2
2
2
1
2
1
1
4
1
2
1
3
1
1
1
2
1
27
1
1
1
2
10
1
1
1
4
3328
1
1
9
1
2
5
1
4
1
1
1
6
1
1
2
2
2
2
1
11
1
1
1
41
2
2
1
3
1
1
1
22
994
2
1
2364
1
2
3
2
2
1
2
2
1
1
2
2
6
1
2
3
863
1
2
29
113
133
29
114
391
1
86
7
1
20
1
3
7
1
31
6
8
1
9
129
4
1
1
632
3
1
2
1
2
1
5
1
1
2
3
3
1
1
2
1512
4
8
2
4
48
3
1
1
2
1
1
1
10
6
3
1
2
1
1
4
1
3
7
4
2
19
1202
1
2
61
199
8
2
2
2874
19
1
1
1
1
2
3
1
2
1
1
1
2
1
1
1
5
13
1
3
170
2
41
3
3
20
1
124
1
1
1
2
1
1
1
1
1
1
2
2657
1
2
1
9
1
1
11
63
2
1
2
1
4
1
3
3
1
1
1
4
1
2
4
3
6
1
2
3
3
1
1
1
1
1
1
1
3
1
1
1
1
3206
4
2
1
1
2
1
1
1
1
4
1
1
1
6
2
21
1
3
4
1
1
2
1
2
1
3
1
1
1
2
1
2857
2
2
2
3
1
2
1
10
3
1
2
2
2
1
2
1
1
1
2
1
1
1
3
1
2
3
9
2
1
1
4
487
1
6
2
1
1
194
2
1
1
1
4
1
1
1
1
1
1
1
2
2
2
2
7
4
2092
1
2
5
1
819
1
1
5
2046
1
3
7
3
2
1
1
1
3
1
1
1
1
1
1
1
1
4
1
2
515
838
1
2
1
1
1
1
1
57
3
1
1
1
2
1
13
5
1857
7
1
436
1
2
3
2
1303
424
4
1
2
1
1
3
1
1
58
3
1
1
1
9
1
1
1
1
1
1
1
1
1
1
2
1
1
1
13
2814
1
287
1
1
1
16
17
12
2
8
2
1
4
4
21
120
2
12
2
5
1
1
1
9
29
3
93
5
137
14
24
1099
50
1
25
114
22
84
1
407
1
131
57
76
6
1
47
1
1
1
2
8
2516
1
760
1
5
1
1
9
1
4
1
2
1
285
2
1
1
2
1
7
2
1
11
1
3
1
6
4
25
20
3
1
5
2
14
1
1
2
1
1
1
12
1
1
3
2
3
643
1
197
14
1
1
3432
3
1
6
1
1
1
2
1
2
1
24
3
4
1
1
2
543
91
1
1
1
1
1
2
1
1
2
11
1
1
1
1
1
1
1
1
1
1
3
1
1
1
2
90
146
1
1
1
1
4
2
13
1
32
1
440
1
490
1
1
1
5
2
6
1
1
1
1
2
239
430
228
1753
1545
1
2
1
1
2189
5
1
1
1
14
1
1
3
1
1
1
1
3
321
2
1
2
1
1
2
5
83
2
1
1
1
1858
1
1
1
10
1
1
1
1
1
1
1
1
1
3
1
3
1
1
6
8
1
2
1
18
2
1
1
2
1
1
6
1
1
3
110
1
3
1
5
1
1
1
3
4
1
1
8
1
1
3
1
2
24
1
1
1
2
1
1
1
2
903
2
1
2
1
1
2
1
1
1
8
2
2
1
1
1
24
1
429
1
2
2
1
1
1
1
1
1
1
1
2
2
1
1
3
1
2
3
3
1
1
1
3341
1
1
8
2
1
3
2
1
1
1
1
1
2
1
8
3
902
2
3
9
1
929
3
1
10
1
1
2
436
2
1
1
1
4
1
1
1
2
2
1
1
1
1133
8
6
1
2
8
1
1
4
1
3
2
2
1
1
4
2597
2
24
3
2716
1
1
2
1
2
1
1
1
2
4
3
1
4
1
3769
1
2
1
1
1
1
2
1
2
1
4
1
2
1
1
1
1
1
4
2
1
213
2
2
1
3
2
2
1
3
3507
1
3
2
1
1
1
963
1
4
753
1
2
1
77
144
8
137
20
1
2
2
86
1
1
1
2
3494
1
6
16
2
1
1
1
1
1
3
1
1
1
3
2
3
14
5
6
4
1701
1467
2310
1
6
3
60
1
2
16
42
8
14
4
2
1
1
1
1
1
2
17
15
1
1
2
3
2
2
1448
1
35
6
1
13
4
2
1
1
2
8
21
1
1
1
3
1
1
1
2
1
98
1
9
2
23
1
3
45
1
1
22
1
3
1
3
28
3617
21
1002
2
4
2
34
4
1
10
3
6
2
1
4
3
5
14
30
10
5
112
2
21
4
2
4
40
8
29
3
1
5
17
734
4
1
2
5
2
1
8
14
17
1
1
1
1
10
5
5
2
1
2
3
45
11
2459
2
2
1
1
15
14
706
1
1145
2
3
13
2
15
2
2
1
1
21
11
5
1
2
5
19
6
1
10
1
4
1
1
1
1
2378
16
6
1
3
1
3
120
1
1
78
1
1599
123
1
3
39
2
21
3
6
2
1
3
1
6
1
1
1
2
1
1
1
125
3
1
1
1
439
2
1
1
1
1
1
2
1
1
1
89
1
1
3327
2
1
5
1
1
12
5
1
1
3
1
1
1
2
2
3
1
4
1
14
2
2
2
1
4
1
5
5
2
1
4
209
1
1
2
189
1
1
1
1
1
1
1
1
1
4
1
216
1
1
2
3
1
1
3
28
3
1
2
1
115
1
18
21
1
15
1
2
1
4
270
611
862
1
1
1
161
1
2
1
1
1
5
1
1
1
2
342
2
4
1
1
1
1
1
2
2322
1
4
11
1
7
9
2
5
4
5
3
1
3
1
257
1
2
1
1
1
2
1
3357
38
1
1
1
2
3
1
1
1
1
1
2
34
1
8
4
14
88
1
1
1
1
1
1
7
9
2
1
1
2
2
3
1
1490
1
22
1
1
5
3
1
3
2699
1
1
1
1
37
1
1
1
1
1
1
1
1246
1967
6
3655
1
1
5
1
1
1
1
3
1905
2
1
38
3
1
2
1
1
3234
2
2
14
1
1
29
9
3
625
1
1
1
1
1
6
1
1
3325
3
1
3
2
1
2891
2
1
1
1
2
1
1
2
1
6
1
3
3231
1
3
10
1
1
1
3
1
2
1
1
1
1
1
1
1
1
1
769
17
1
3
135
386
6
79
28
17
7
3
36
18
1
1
7
562
220
212
1
1
232
42
1
143
4
861
1
1798
4
2286
1
1
1
1712
2
27
1
2
1
2
1
1
1
1
2
1
1
4
1
1
5
1
1
2
1
1
1
3
1
4
1
1
1
8
4
471
4
1
1
1005
1
2
1
2
1
3
1
1
3
4
1
8
8
4
237
7
2
24
48
1
7
696
3
1
2
81
1
2247
806
59
4
10
4
26
19
63
76
1
17
7
48
1
4
3
1
68
4
6
25
12
5
26
1
37
31
10
1
295
1
812
94
3
1
180
11
5
2
5
5
6
57
3
431
9
1
137
3
1
5
122
48
11
20
1
449
1
1
19
8
186
2
4
408
2
1
17
3
255
1
3
1
5
5
1
5
1
1
6
164
1
3
2
16
42
27
1
1
2010
32
84
399
2
6
3
1
1
1
1
1
2
1
1
1
1
18
1
1
1
1
1
1
1
2
16
179
2
6
3
1
1
307
1
2
13
1
9
2
2
1
9
2
1
1
2
1
1
1
2
1
1
1
1
24
1
1
30
3
1
1
2
1
1
1
1
1
63
3
1199
1
5
7
1
1038
1
2
3
2
100
220
73
6
12
3
2
2
1
11
1
1
78
674
11
2
216
3
5
103
1
1
1
3187
1
3
1
1
1
1281
2
1
1
268
4
1
2
1
1
1
8
1
1
1
2
1
1
663
10
4
1
1
1
1
1
1
6
1
2
13
3
1
1
1
1
1
1
2
1
1
9
2
1
1281
1
1
64
300
4
97
3
15
654
3
5
5
26
2575
7
1
1
1
3173
2
1
1
1
2
3
4
3
1
2
2
1
1
1
1
1
1
1
1
2
7
129
120
6
1
1
31
1
2
19
2
7
1
1
1
1
1
1
2
1
1
774
1275
1
1
1
4
3
1
1
7
3
3
1
1
1
37
1
1
1
246
1
2
2
1
2
1
1
1
2
1
2
20
8
7
1
1
4
2946
1
7
2
2
8
1
83
15
1
1
8
1
30
1
1
3204
2
1
1
1
460
1
1
1
2
1
2
1
746
1
1
1398
4
1
3
2
1
89
2
1
1
3
2
1
1
1
1
7
2
2
2
1
1
1
1
1
282
1
1
2
1
1
1
2
1
1
2
1
5
1
2
130
3
2
1
1
1
13
1
1
2
1
1
1
1
55
1
1
1
2
2
1
1
1
1
1
1
1
1
1
1
1
10
1
1
1
1
1
37
2
2
1
5
59
14
12
1
1
3
7
5
2
1
1
2
1
1
1
1
1662
1
4
1
2
2
47
965
85
73
2
1
137
1
9
2
14
6
1
20
4
1447
2
35
1040
2
1
1
2
1
2
5
1
10
4
1
1
1
1
11
1
1
1490
2
1
6
7
8
1
964
51
2
1
5
3
3
2
4
9
1
1
1
26
1
1
52
1
2975
2
2
2604
1
1
1
1
1
1
2
24
159
1
1
2
13
1
9
2
15
1
2
20
5
2
1
2
2
2601
2
2
7
6
277
92
1
39
2
106
114
1
1
1
1
2
10
4
5
2
1
8
1
1
1
1
1
1
2
1
5
3
1
53
1
9
342
4
2
7
1
1
2
791
9
2
1
1
1
3
2
7
5
1
393
3
1
4
23
1
2
2
27
12
1048
2
1
1
1
2
1
3
1
1
2
1
1443
1
1
2
1
1
5
1
2
2
1
1
2
1
1
1
3
1
1
649
1
6
2
412
1
20
73
6
6
1
1
1
4
1
1
3
1
4
310
1
3
2
1
6
3
6
1
1
5
1
3
3
1
2
1
2
1
1
3
1
1
1
1
1
1
2461
1
1
1
1
2
4
38
5
1
28
71
5
5
10
2
2
2
3
1
14
1
1
1
3
118
4
1
1
545
1
143
207
11
107
1
2
2
2
7
18
1
1
5
9
1
13
1
1
1
1
1
1
2
2
1
10
1
1
14
1
1
1
11
3
367
1
1
1
13
1
1
1
1
1
1
3
1
1162
1
1
1
1
1
1
1
1
1
2
1
1
1
2
2
2
1
1
4
1
1908
3
1
1
1
1
1
6
1
1
4
1
1
1
1
1
1
1
1
1
16
1
1
1
1
1
1
24
1
1
1
17
6
4
1
1
1
1
1
1229
7
1
3
1
1
4
3
1
1
1
1
1
1
1
1
127
20
4
6
16
2
2136
71
11
1417
1
1
1
2
1
1
1
1
77
1
1
2
1
23
17
2
2
2
2366
2
1
1
1
8
113
1
27
7
1
1
1
1
6
3
1
1
4
1
1
11
1
1
1
1
340
1
1
968
1
1
1
1
111
1
1
1
1
3589
8
1
1
1
1
1
1
1
857
8
1963
3
1
2
3
18
8
1
3
1
2
1
2
2
3
3
30
1
2480
22
2589
2
10
74
8
4
27
2344
5
33
2736
5
2
1
284
345
4
3379
2
2
24
5
2
1
2
3
1
6
2
1
1
1
1
1
1
1
17
831
18
1
4
12
1
1
1
1
1
1
1
10
3
41
16
9
5
3
1
1
1
13
2
1
3493
1
2
20
8
1
1
1
8
1
3409
2519
8
1
1
18
3
1
4
1
1
1
1
1
2
2615
1
3
1
2
1
1
2
13
1
2
1
2103
2
1
1
1
139
406
32
4
20
2
2
2
25
10
4
1
1
1
142
5
9
3515
794
2
458
1
5
23
3
1137
1
1
2
1
1
6
30
2
6
11
1
601
2
1
1
2
33
1
1
2
2
1
1
1
22
1
1
1
1
6
1
1
8
1
14
5
1
6
10
10
1
3
1
3
2
4
5
1
57
7
1
213
1
2
5
1
22
36
3
33
31
1
5
2
4
10
1
4
10
2
988
5
6
2
1
1
29
7
1
1
3
2
1
2
1
2
1
4
9
1
1
2
3
1
38
6
4
3
1
1
4
2
10
6
4
1
1
1
2
12
2
1
5
2
1100
1
8
1
1
1
1
3
2
1
103
38
22
1
2
186
1
2
2
1
1
3
3607
1
1
1
24
3
4
1
4
1
3
1
1
1
1
1
49
36
1196
7
6
108
2
1
6
1
1
22
2
2283
87
1
1
1
1
1
1
5
2
2
938
1
2231
1
1
1
1
5
4
3123
6
1
2
17
1
1
1
1
1
1
10
1
1
1
1
1
1
20
4
3
1
1
4
1
1
1
1
2
568
3
1
914
1209
1
1
1
4
53
1
1
906
1
1
1
1
1
124
1
4
2696
1
1
1
1
6
7
1
6
1
5
3
1
1
4
1
37
1
1
1
1
1
1
639
9
1
1
1
2
1
73
3
1
2
2
7
4
1
1
1
2
4
2
9
18
74
193
5
47
6
1
5
534
1075
13
1
12
1
126
1
849
2
3
1
1
163
1
6
2
106
1
1
4
13
276
88
56
4
1
1
858
5
8
3
1
1
1
1
11
9
1
3
1587
1
1
1
1
2759
26
100
1
1
1
1
5
21
1
1
1
1
3
1
4
1
1
1
1
3
1
8
64
2
1
1
1
1
1
5
8
1
22
21
2
3
1
2
2
2
42
1
1
12
84
9
41
62
1
4
1
1
2
1757
1
24
18
93
65
4
1
2301
1
8
1
3
18
2
1
1
1
3
1
1
2
1
1
1
1
8
1
19
1
7
1
1
2
165
2
210
40
3
1
1
8
1
1
1
1
1
1
1
1
1
1
1
1
2
1
11
15
10
1
1
5
126
7
1
1
3
5
15
1
2
1
15
29
3
22
1
5
4
1
2
1
8
1
1
2
1
1
2
1
1
1
1
1
2
2
2
2
5
3
1
36
1
1
1
1
2
3578
1
4
1
1
1
3
3
5
46
1
1
1
8
1
1
1
1
1
5
3
1
1
1
2111
1
1
1
1
1
1
4
1
1
1
2
3
1
68
1
1
2453
2
16
6
3
22
639
6
1
1
14
1
1
2
1
1
10
12
1
1
2
38
21
2
4
2
3
4
7
2
27
1
74
1
2
1
53
1
1
1698
1
1
1
1
32
1
24
21
8
2
2
1
289
1
1
1
1
1
3536
90
10
196
3
1
1
1
1
29
1
1
2
1
1
1
5
78
10
1
65
3
23
1
40
1
1
1
1
1
20
1
1
15
1
1
1
1
1
3
1
3
1
1
17
1
2
1
1
1398
9
1
1
1
2
1702
1
1
2
11
1
1
1
2
275
1
1
1
1
1
10
2
1
1
1
1
30
1
854
10
13
3042
1539
2
1
1
1
3
1
999
3
2
1
1
331
119
1
886
6
12
1
1
16
1102
1
43
32
3
1
1
1
2
13
648
1
1
1
1
1
2
59
1
1
1
2
1
4
1
1
50
1
4
1
1
2
2
1
2
1
1
1
2
1
1
1
8
1
1
2
2
1
1
1
6
1
106
35
76
4
1
2
1
19
1
2
1
2
4
5
3017
1
1
1
7
7
3
11
2
2
1
9
1
1
2
1
1
327
4
6
25
8
1
10
4
1
42
3
1
7
1
16
1
2024
1
9
1
1
1636
3
2
8
3
7
1
1
1
1
1
1
1
1
1
1
9
2
11
1
3
2
1
2
1
1
1
2
6
1
1
1
1
1
1
1
2
4
1
2
1
1
1204
1
2
505
1
1
1
1
1
2
1
1
1
1
2533
1
2
1
3
1
2
1
2957
5
2
25
2
1
2
1
1
9
1
1
1
1
2475
1
1
2
3
1
3
2
1
1
1
1
2
1
1
1
2
1
1
2
2
1
4
1
1
1779
2
1
1
1
1
1
2
1
1
96
1
1
7
14
4
1
1
16
1
2
1
4
1
4
1
3
1
3
1
1
2
1
1
1
1344
1
2
1
1
179
2
2
2
1
1
2
1
1
2
5
1
1
1
1
2
3
1
1
1
1
1
1
1
1
1
3
1
1
1
1
1
2
623
1
1
1
1
2
3
1
2
1
4
1
1
1
1
1
1
1
203
1
2
1
1
5
2673
4
47
1
229
1013
1
1
2
3
1
114
1
1
1
20
6
1511
1934
4
2
4
2
44
2
16
8
97
3
1
2
6
11
7
5
1
1
4
3
3
17
1
6
1
1
52
4
1
1
1
1
1
1
1
1
2
4
1
1
2
4
4
11
1
1
2
4
1
12
3
9
27
3
43
1
2
4
1
1
1
2
1
2
1
5
5
1
1
1
1
8
1
4
2
1
1
2
4
2958
1
1
4
7
1
13
1
2
1
1
1
1
5
1
1
1
10
3
1
7
217
7
37
1
1
2160
1
5
24
6
1
5
5
15
3
1
6
1
2
1
1
9
2
2
3
1
1
1
2
2
38
24
2904
5
1
9
3
25
2
22
1
216
441
1
1
1
3
5
6
21
2
14
1
1
533
1
1
2
807
1
5
8
7
2
12
87
2
5
3
1
1
2
5
404
1
2
2
4
14
1
5
1
24
4
357
12
1
1
2
2
1
1
10
194
3
7
16
2
6
1
1
24
1
5
10
32
11
1
2
5
2
2
2
290
1
9
1
1
3
1
5
114
116
7
1
2
39
5
15
1
2
1
1
17
1
2
7
1
1
1
1
1
3
992
16
32
1
1
6
1
29
1
13
21
3
169
30
125
1
345
2
2
1318
17
1
1
1
3
1
245
10
3
1
1
918
1
1
1
2
21
2
1
2
3
1
5
1
1
1
1
1
1
888
1305
791
1
2
2
1
1
1
4
1
5
1
25
1
23
579
4
1
2
9
3
1
3
1
1
3
3
5
2
2
3
1
2
3497
1
7
6
1
2
413
2
3
1
1
2
2
1
1
3
1
2
150
6
8
4
1
1
1
1
1
5
532
7
6
1
10
1770
1
128
1
1
1
3
4
8
1
12
1
1
5
7
1
1
3
2
2
4
1
6
1
6
15
5
10
1
1
2015
5
2
1
1
48
988
12
1
4
5
1
1
3
8
1
11
12
8
1
1
1
13
25
259
1
1
1
1
1
2
1
5
7
1
2
1
1
13
2
1
1
3
1
1
70
1
1
366
4
1
1
1
11
1
1
2
2
1
1
2
2
2
5
4
1
4
1
1
1
11
1
1
238
1
1
1
1
2
1
1
2
1
1
2
137
1
1
2
1
1
11
1
4
420
5
1
3
3
4
1
3
1
2
1
1
1
3
1
1
1
2
32
1
519
1
1
796
5
1
1
1
2
1
1
1
64
1
2
2
1
1
1561
29
288
63
10
5
120
28
3415
3025
2
22
1
1
1
972
49
1
3
3
2
48
3
1
5
2
2
1
7
9
1
1
6
1
1
24
84
115
1
2
18
4
12
3
5
1
1
1
5
4
4
2948
1
1
1
2
1
5
2
3
6
1
2
23
7
748
1
244
133
207
4
3
1
1
144
1
282
1
1
1
2
1
1
2
146
21
405
1
2
1
1
1
1
2
7
3
2
2
2
1
2
1
131
3
1
1
2
1
1
561
2
582
7
9
1
1
2
8
1
24
1
11
1
240
3
2
3
46
1
1
4
452
5
5
1
2
6
2
2103
9
1
2791
1548
48
1
1
1
1
5
336
4
1
1
5
3
5
18
4
4
25
47
19
1
4
5
3
3
1
11
81
2
10
1
69
1
4
1
2
237
12
9
2
1
7
1
2
1
2
3
1
10
103
2971
1
1
2
1
9
95
36
87
50
4
43
3129
30
1
1
1
24
10
4
4
3
364
1
4
1
2
22
14
523
147
1
3403
3
1
12
3
1
5
1
1
1
2
2
4
1
1
2
8
1
9
2
7
1
2
2
1
1
1048
3
6
3
1
1
3
19
1
16
2508
1
1
1
4
1
3
1
4
6
13
1
1
1
1
1
1
1
8
1
1
26
16
46
1
1
2
4
10
5
2
1
3
1
1
2
3
3
1
104
578
14
3653
1
1
1
341
6
39
1
7
100
1
5
1750
1
141
1
1
6
1
11
1
1
1
19
1
1
3
1
9
4
1
1
1
1
1
24
1
1
1
1
3
2
3
1
1
4
3
1
1
1
1
1
1
1
1
1
1
1
1
2
1
1
1
2
1
1
2
1
1
1
1
1
1
1
2
16
2
2
1
2
1
1
1
407
20
3
1
6
1
2
8
1
1806
1277
2
1
2
23
12
1
1
1
5
252
4
2
1
1
1
3
1
13
1
1
1
26
30
606
5
3
1
183
1
1
6
3
1
14
3
1
6
2
2
3
5
13
2
4
1
1
1
1
1
2
6
3542
2
1
345
5
27
99
2
2
12
20
64
1
6
1
1
1
1
9
11
2
2
10
2
16
801
4
65
2
3
1
1
1
2
1
2
1
1
1
1
3
4
225
1
131
1
1
7
14
1136
1
1
4
516
197
2
1
9
3
3
2
295
2
2
1
1
1
4
974
6
1182
1659
6
1
113
1
1045
1
1
1
1
1
3050
1
1
1
1
222
2
1
1
11
2
11
9
1
1
1
473
2
8
204
4
17
108
3
1
3
5
1
2
25
3
27
9
1
2
1
1
1
19
1
1
1
2
1
1
1
1
2243
2
1
4
8
6
1
11
10
3481
10
5
1
9
1
679
1
4
8
3516
2
11
14
1
11
1
6
1
1
26
747
2
1
1
1
4
1
1
4
1
4
1
1
1
1
1
1
1
1
16
2
2
3
1
632
3310
1
7
5
17
13
2
44
69
1
1
6
1
2
1
3476
1
1
1
1
13
865
1
5
72
1
1
1
64
52
82
33
11
1
3
9
2
14
1
1
1
7
5
1
1
39
2
1
688
2
2
11
4
4
6
3307
42
1
2
1
60
21
1
1
1
2
24
1
461
28
2849
1
1
362
480
2
5
19
4
1
3
1
2
2
2
1
2226
1
29
18
1
1
1
1
1
2
1
3
32
62
2
10
1
2
1
2
2
3
1
1
3
1
1
4
1
2
2117
1
2
2
4
28
1
1
1
2
1
1
14
2
1
1
10
3
1
1
1
2
1
1
1
2
1
1
1
1
1
322
4
95
2
2
1
1
2
1
540
200
49
2
1
5
4
2
1
1
685
1
993
1
1
1
1
5
4
1
3
1
450
140
587
26
6
2
29
1140
2
31
2681
2
4
141
1
3285
2
350
8
63
637
183
133
3114
1
1643
1
2
7
3
1
365
1
4
1
13
26
13
1
1
1
12
2
3
5
1
4
15
43
4
1732
3
7
24
1286
9
6
46
9
2
2
28
1
1
446
6
1
270
473
8
1
1
455
1
1
157
1
2
681
3
1
3
1
1
9
1
9
5
1
1
1
19
1
2
2
2764
1
1
6
3
5
22
1
4
1
1
250
1
1
2
1
1
1
20
1
34
307
3
2
1
1
1
1
1
6
1
47
66
2165
25
6
2
37
1
10
23
17
1004
1
5
17
2
36
1
2
2
5
1
54
1
1
11
3
1
1
1
1
4
4
1
1
1
1
3
1
1
1
1
1
4
670
1
1
1627
69
4
2559
12
1
1
2
3
1
1
2
3
1362
1
262
14
7
1
1946
2
1
2
2
1
1
1
1
1
135
1
2
1
2
1
1
24
54
1
2
1
543
1
3
4
2
75
1
2
1
1
1
1
1
1
1
1
1
1
1
2
1
10
5
2706
1
22
2
1
1
1
1
1
1038
1
1
280
1
1
1
822
1
1354
1
3
5
1
1
8
3
2
1
729
2
2
1
1
2
1
2
1
3
1
12
1
1
1
1
12
4
1
1
1
1
2
2
1
1
3202
1
1
1
1
1
1
2
1
3
15
1
386
7
1
2
1
6
1
3
1
2
6
131
11
1
5
1
3
1
2
205
1
9
1
1
2
4
1
1
1
1
2
2
68
1
58
1
2
39
1
2
20
4
7
2
1
4
2
35
112
548
1
2
2
1
1
3
1
34
1
1
1
2
3
52
1
1
2
3
1
1
1
1
1001
1
1
1
3
2
5
3369
1647
2733
1
3
3
1
1
1
1
1
3
1
3
1
1
1
1
4
1
4
1
2
1
3
1
2
7
1
1
354
1
1
1
1
3
1
1
1
1
2
1
1
1
1
94
2
1
1
1
1
1
1
4
1
1
1
1
2
1
3
2
12
1
881
1162
2
1
2
2
4
1
1
1
1
3
7
3
228
1
1
1
5
3
143
1
3550
15
1
4
7
8
1
1143
3
1
1
30
11
4
1
1
27
3
1
14
37
2
4
30
1
1
1
1
859
19
1
1
13
10
149
1
1
2
1
1
1
1
1
1
7
1
3
1
1
1
2
1464
1
1
1424
312
2
1
6
163
2
317
2
28
23
2
1
2
1
1
1
2
1
4
1
1
2
119
2
11
1
23
3490
96
3
11
5
7
2
91
17
5
3
17
1
90
1
26
3
1
5
2
1
6
12
43
2
3
4
13
91
22
2
1
44
2
1
2
26
1
4
19
4
17
7
7
4
212
1
6
1
1
11
41
7
6
3
2
6
6
1
1
1
2
2
1
15
124
12
1
2
10
4
1
1
4
1
5
4
1
2
1
5
3
1
2
2
8
18
1
1
13
2
2
6
2
1
3
10
1
2006
2
1
4
25
32
1
1
262
1
1
62
1
537
409
122
20
29
12
1
42
2
10
20
13
55
81
7
102
1
1659
14
65
19
6
1
5
3
74
119
13
17
5
4
1
3
580
32
596
570
6
1
1
4
1
1
1
11
1
49
302
216
1
9
13
20
350
1
11
1
1
1
6
1
93
1
4
1
1
1
4
6
49
4
1
21
12
3
1
2
1
1
10
3
2857
1
1
2
2
12
1
43
1
8
1
1
1
1
6
6
1
1
3
4
1
515
48
20
1
298
4
2
1
3
2
2
2335
5
3636
2
1
1
1
69
14
4
3
2
500
18
3
8
54
273
1
2
2
2
1414
1
12
26
1
1404
7
3
99
1
66
3
17
3
3
3
1
3
3
2
16
2
74
1
1276
4
7
5
13
1
186
3
174
31
9
1
5
18
2
2
22
1
14
1
3
1
1
1
21
1
2
1
1
1
9
9
3
4
2
1
8
1
13
1
1
1
4
22
2
1879
39
20
1
1
2
1
12
24
10
87
1
6
5
1
1
4
2184
1
1
1
2
763
1
5
16
11
5
1
2
2
11
1
2
1
1
7
1
6
19
1
22
6
4
3
2
13
24
1
16
7
254
1
1
1
1
1
1
1
1
1
1
12
2391
1
5
2
8
1
4
1
2
1
1
2
12
3
3
7
53
1
2
3
2
1
2
1
1
17
51
1
1
1
1
2
4
10
125
1
5
3
3
1
1
1
2
1
20
1
3
1657
1241
3
1
279
45
4
1
2
2
2
2
3
1
1
19
86
28
3512
8
52
1
26
2
1
27
7
6
34
5
9
1
63
1346
22
6
7
195
6
24
4
3
164
4
77
3
11
1
5
31
2
13
2
1
1
3
4
5
1
1
2
6
8
40
69
9
4
3
19
1
14
7
75
2
5
1
13
9
31
3
3
5
5
1
68
1
1810
7
3442
114
2
26
1
5
10
3
35
2
1
20
427
1
2
4
24
8
139
2711
3202
1
1
1
1
5
7
1
1
26
1
3
1
4
1
1
1
6
1
1
7
18
5
88
22
47
1
1
2
5
3
2
5
1
1
3
1
1
23
2
4
212
1
1
2
2
3
1
1
2
114
2
1
1
1
1
2203
1
1
1516
1
2
1
2
4
1
5
5
30
1
8
1
1
1
4
2
7
2
1
3
3
32
1
1
3
1
2
1
11
34
6
1
1
2906
3
5
2
1
100
1
1
1
1
23
1
23
4
1134
1
230
4
20
12
6
3
1941
3
18
1
1
1
1
65
2070
26
1
77
3
52
10
2
3
268
2
1
1
2
1
2
1
1
1
1
246
3
160
2
1
1
1
1
2
2
2
7
1
29
1
5
1
6
162
1
2
1
1
134
5
6
36
275
2
1
90
1
2
34
1
1
119
1
3
7
3
2
814
4
223
56
2
1
1
2
21
1
1
2
2
1
1
1
1
6
6
1
1
3
2
1
2
22
1
11
3
3
1
1
8
4
2
2034
30
5
13
14
23
2
24
4
1
1
1
4
18
1
2
29
4
2
2
2
20
2484
4
53
3
1
40
4
9
1
16
1
1
1
579
1
3
2
3
7
1
1
1
1
2
1
1
3500
1
2
1
6
2
1
536
1
1
2
1
3
1
11
2
3101
6
1
1
157
53
7
17
1
6
1
1
9
20
1
4
610
2
1
1
208
767
1
1
1
1
9
1
1
1
1
1
5
32
2
2795
1
1
1
1
2
1
3
1
15
1
1
1
1
1
112
1
2
3
11
28
2558
123
5
21
1
2
1
1
495
6
8
1
1
52
1
5
1
1
1
4
1
8
6
1
3
1
4
7
1
2
1
6
1
2
2785
454
1
1
5
1
1
4
1
1
1
1
3
4
2740
1
14
6
3
3
3
1
1
1
2
3
1
2
1
1
1
1
1
1
2
2
1
2
1
2
2
1
1
2
1
1
9
2
1
2
2
1
2
1
1
7
3
1
1
1
4
1
1
2
692
1
68
875
50
34
48
1756
1
91
7
2
2
1
1
1
1
1
1
1
1
1
1
1017
699
1
1
1
3
1
3
68
1
1
1
5
1
1
2
1
1163
1
1
1
1
1
1
1
1
8
1
4
1
5
2
148
1
184
15
472
3
22
2
287
3
17
1
1
1
1
1
1
1
1
1
18
1
4
12
1
6
1
1
391
1
1
2
1
2
1
1
1
2
1
1
4
146
29
1
6
1
1
1
1
1
1
1
1
5
29
3
10
3
1
1
18
16
1
1
2
2
1
2
1
10
162
169
1
4
13
3
2
8
3598
1
2
2
1
1
1
8
1
3389
1
6
1
1
1
1
2
205
1
12
25
1
1
1
1
3
1
1
9
9
11
1
14
1
1
1
1
1
5
2
1
1
3
2
2
16
6
3348
1
1
8
1
1
1
1
4
1
1
2
1
2
366
1
5
27
889
3
1
3317
13
35
269
26
132
57
15
1
39
1596
30
39
1
290
2
1
3
1
1
1
1
1
1
1161
215
1
1
5
21
15
5
1
1
1
1
1
2
1
2
2
1
1
1
2
1
97
22
202
18
1
2
2
11
16
772
1
19
3
2
2
1
14
2
1
2
1
1
357
1
1
23
4
9
1
1
1
2
12
2
1
10
42
2
1
1
129
7
1
1
2
1
3107
1
1
12
1
1
1
1
2479
1
18
1
4
1
1729
857
1
1
2
1
1
1945
1
1
1
10
2
1
22
1
24
17
2
1
151
1
82
3
1
1
2
17
4
227
5
1
28
1
1
2
1
2
1
7
5
4
1
6
1
285
5
93
5
1
17
1446
1
1
24
238
2
1
100
1
1
1
1
2
1
1
1
1
130
1
1
1
1
203
132
1
16
14
31
4
1
4
2
1
1
1
1
1518
2177
1
1
1
65
1
1
87
24
92
1
1
1
1
1
32
3
3
883
1
1
1
2
1
1
3
2
88
1
1
1
28
1
2
1
2
3
1
310
2
5
149
323
11
3
3
100
5
12
15
13
36
9
8
20
8
7
3190
322
1
1
20
4
9
135
1
8
5
6
3
3
44
1
15
2
2
2
1
1
3
1
1
498
583
1
1
1
3
4
2
1
8
1
26
12
37
1
3
1
17
1
1
1
9
1
1
13
215
554
15
22
12
6
7
7
2
1
46
4
66
1
3
1
213
39
790
2
9
3176
1
5
21
1
4
1
1
1
4
14
86
1
1
1
2
1
2
31
1
2
2
1
1
5
1
2
21
5
2
187
23
91
39
145
13
1525
4
9
1
52
11
1
12
1
1
11
126
141
4
2137
80
1
4
1
1
20
74
63
137
348
1
1
3
2
13
2
3
2
6
1
1
2258
1
35
1
1
26
1
1
4
1
458
388
47
1
1
38
8
1
44
1
17
1
3
1
1
20
23
3
290
137
130
24
1
13
1
2
5
76
454
26
1
23
2
1
1
60
3
229
21
41
5
3773
45
30
6
1
3395
6
84
3
1
3
1
11
1
1
6
12
13
43
73
52
6
9
182
19
2
3
1
2
3
3
371
853
139
2393
1
1
47
358
8
7
367
2
1
2592
2
2508
5
5
1
2
616
4
31
2154
14
1297
65
7
1
4
1
1
1
4
1
2
1
1
1
1
2
3
1
1
1
1
1
1
1
1
3
1
1
2
2
2
1
910
1
1
2
6
1
1
1
1
2
1
2
1
111
1
2
2
2
1
14
1
1
1
4
2
1
3
1
1
1
1
13
69
3
1
1
2
1
1
1
1
1
1
2421
1
1
1
1
2
676
2896
20
1
2
4
3
2
3
3
1
12
2
1
12
2
7
1
14
4
6
315
4
10
5
1
1913
5
1
1
1
7
19
2
3
2
2873
1
10
1
1
16
1
2
1
1
1
1
1
1
1
1
1
3582
2
1
3
4
2
1
1
1
1
1
1
3
1
399
1
1
796
1
2
1
5
4
7
2
13
1
1
1
1
1
1
1
2
1
1
1
1
2971
1
3741
1
1
1
2
2
1832
1
1
1
1
4
1
1
1
1
1
2
1
1
4
4
3
1
1
2
1
730
1
1
1
3
1
1
7
2
2
1
2
4
1
1
1
1
1
1
1
1
2
2
1
1
1
1
1
5
1
16
5
515
1
1
820
1
1
114
1
5
32
2
1
2
2
1
2
3
1
1
1
42
1
4
2
3
1
3
1
1
13
1
1
1
21
7
27
1
1
35
18
2
9
13
2
1
1
23
1
5
1
1
1
8
1
1
2
1
1
8
1483
1
2
2
4
1
1
121
1
10
11
1014
13
1
11
6
3
261
37
7
23
1
50
2137
4
2
8
129
1266
1
4
1
1
1
7
2
1
2
1
8
4
23
1
2
1
1
5
1
9
14
15
8
176
1
5
4
1
1446
2
1
3
1
1
1
2
2672
2
1
1
1
3173
1
2
3
304
1
1
123
4
2
354
1
1
1
1
1
1
5
1
1
2
1
1
1
1
1984
1
1
1
1
9
48
2
2
3
1
1
15
2
1
1
1
1
1
1
3
1
4
1
4
16
1
896
1
2836
1
490
1
3
1
1
1
3731
1
1
597
2
1
1
1
1
1
1
2
1
5
11
3
1
1
1
2
2966
1
1
4
1
118
1
2
1
1
1
1
1690
2
1
6
1
1
1
1
13
1
1
1
853
6
1
912
1
1
2
2
54
7
1
6
1
3
973
1
1
1
1
1
1
1
1
1
1
1
4
1
1
388
1
1
2
1
3507
3
2
1
3
930
1
6
1
1
1
1
1
310
1
1
1
1
1
1
3
1
1
2
1
1
1
1
1
1
1
8
837
2
300
24
1
38
1
56
1
1
1
1
3
1
1
5
8
3
1
1
1
2
1
1638
1
2
5
4
1
14
1
1
2
2
1
1
1
1
5
1
4
972
4
2
1
1
2
1
10
17
13
1
113
1
2487
3
1
2
41
1
8
6
18
1
11
1
9
5
1
10
1
4
1
1
1
108
3
5
2
1
11
1
6
1
1
1
1
1
86
3
1
1
1
1
1
1
2
5
1
1
1
1
1
1
1
1
6
12
6
3
3
1
9
2
2
213
9
3
3
37
2
1
4
4
2463
1
2
2
1
1
2
3
1
1
1
9
1
1
4
1
1
1210
1
13
44
1
1
672
2
2
2
1
1
1
1
25
4
1950
1
1
2540
53
1
14
12
15
1
2
3414
1
31
7
1
3
1
1
3
1
1
1
1
1
1
1
401
13
2
2
1
1
1
1
1
1
3
722
2
1
1
1
1
2
1
5
7
1
1
3
2
1
256
19
1
79
1
1
1
2
1
1
6
2
4
1
4
15
6
1
2774
1
1
4
1
5
3
1
1
2
2
1
2
7
1
87
26
3
1
153
2
17
29
5
1
32
752
2
1
2
2
708
1
2
94
1
100
1
1
1
1
15
2
1
5
21
1
1
22
484
1
10
1
1
6
1
4
1
1
1
25
6
13
118
1
5
47
1
46
272
113
32
1
98
1232
2
36
1
1
7
5
2
44
23
8
1
5
98
1
12
1
186
8
1
2
1
107
1
6
8
1
707
305
4
692
16
258
3
750
413
18
10
24
5
4
79
18
104
38
5
48
311
18
605
44
2
7
1
3
154
2
50
27
1337
77
43
24
205
337
876
4
1
96
9
3
941
100
1
358
10
1
1
6
5
2
1579
1
558
2977
661
347
7
1
1
1
2676
1
1
1
5
1
1
5
2
1
1
4
1
1
1
1
2
3
1
1
1
1
326
1
1
1
1
1
773
1
1
17
1
1
1
6
1
1
42
1
9
1
1
3213
12
5
10
3
1
1
2
1
1
228
16
4
30
2
2
1
1
1
2352
44
5
5
222
60
14
65
1
1
1
110
1
1
1
1
2
2
2
1
1
1
1
3
1
2
8
3
4
3
1
7
28
5
1
2114
1
119
16
43
2
1
3
1
1
1
1
1
2
1
1
1
2
1
1
1
1
1
1
2
2
1
1
1
1
52
3
1
1
1
2
1
3
1
1
1
1
1
3
1128
1
1
1
3
40
3
1
3
170
2
1
1
1
1
3
1
933
1
1
1
1
1
1
1
1
1
2
2
1418
4
6
2
8
951
1
347
1
6
9
5
3
2
3
1
1
2
1
1
1
1
1
27
1
30
2
16
1
1
1789
1
12
8
1
1
27
3
2
4
3
1
5
4
12
1
1
2
1
1
985
1
2
1
1
1735
1
1
1
1
4
3
1
3691
1
2
1403
1
1
1
1
1
1
1
279
1
1
25
140
1
1
1
1
3
1
1
1
68
1
1
1
1
3
4
2
1
27
2
1
2
1
1
1
20
1
1
1
2
1
4
1
1
1
2
1
1
1
705
1
1
2
1
1
1
2829
1
1
1
1
1
1
3
1
1
2
1
1
2
1
1
1
1
1
1
1
1
2
3053
1
2
1
1
1
1
1
1
1
2
1
2
164
1
1
1
1
1
1
2
1
1
1
3584
1
1
6
19
32
4
4
3
1
1
633
1
1
1
2
1
1
1
1
73
1
1
1323
2982
1
1
1
1
1
1
1
1
1
1
1
2
1
2
1
1
5
1
1
1
1
1
2
18
2
2
9
1
1
1
2
1
1
4
1
1
1
5
1
1
1
3
6
4
1
2
1
3
2
3
3
8
1
1
48
317
3456
19
1
1
1
349
2
1
2
9
8
1
1
3
1
43
1
2
1
2
1
1
1
1
2
1
1
1
2
5
4
1
1
1
2
9
1
93
7
1
1
2
2
5
15
161
2
21
1
32
34
1
1
3
1
1
423
1
1
1
1
2
1
20
1
1
1
1
1
1
1
1
1
1
54
2
32
1
1
1
1
1
2
1
1
1
765
57
19
1
2
1
5
7
2
5
2
1
1
1
4
2
1
1
4
5
1
1
3
1
1
1
1
2
1
2
65
368
280
26
49
30
30
505
1
1
1
1
1
1
11
129
5
1
1
1
1
1
26
1
1
3
9
1
1
4
9
4
1
2299
1
1
1
2
2
1
1
1
71
1
1
1
1
1
1
1
1
1
2
3100
3
1
3
565
5
3
1
1
1
50
1
1
1
5
1
1
1028
1
1
4
1
1
2303
1
2548
1
2
8
1
134
218
4
1
1
2
1
1
1
3
1
1
1
1
1
1
1
1
1
10
3
1
1
1
1
2
3
1
2
1
2
1
3
2
4
1
1
1
3
1
1
1
1
1
1
37
1
1
1
1
28
954
1
3
12
1104
9
1
1
1
1911
7
3
7
8
2
1
13
2
1
3
2
1
76
1
8
1
1
19
531
2
1
1
1
1
1
2
1
3
1
3
1
1
1
3
18
1
1
1
1
1
5
6
1
2978
11
1
2
3
13
1
2
1
1
6
23
4
2
1
1
1
1
3376
5
11
14
1
14
6
31
6
2
1
5
1
14
1154
201
1
2
4
8
2
1
38
1
2
3
2
2
1
32
1
1
1656
1
1
2
1
1
22
25
1
1
13
1372
1
2
9
1
2
1
1
3
1
10
1
1
1
1
1
12
1
1
1
1
7
8
1
1
5
1
3
13
49
1
4
1
1
928
5
1138
1832
1
2
5
5
1
15
91
3502
1
3
1
160
1
134
1
2
744
4
4
1
1
1
1
4
6
2
2
1
78
3
8
31
169
1
1
2
1
2
1
15
2610
6
5
1
2
1
7
1
31
43
2
3
3
1
37
154
486
1
6
2
1
5
2
6
2663
1
5
29
3
1
1
1
1
1
3
1
1
2
1
2
144
146
2
9
1
17
46
1098
1
39
1
1
2
2
1
180
2
2
340
14
135
256
1
281
1
1
1
1
1
1
1
7
1
1138
1
1
3
1
1
2
1
1
1
1
1
2
2
1
11
2
1
5
1
1
