10
22
2
3
3
2
4
2
2
1
10
1
5
33
17
2
1
1
1
3
3
2
7
1
7
3
1
3
4
1
11
1
18
16
1
1
77
6
10
2
55
11
1
2
80
15
12
6
11
3
2
2
2
8
3
22
23
1
1
8
3
1
2
7
6
56
5
1
19
1
1
2
19
22
5
11
1
21
2
5
5
1
4
7
31
16
2
3
6
2
24
3
2
1
6
2
19
38
30
5
1
54
1
2
4
2
3
2
7
11
1
16
1
92
2
9
19
2
22
1
1
41
5
4
27
9
4
19
6
1
4
1
2
2
1
2
3
1
2
8
5
6
7
3
6
3
5
5
2
2
8
4
1
2
20
1
43
4
8
2
2
4
1
1
1
1
1
3
2
2
7
2
2
8
4
2
1
3
16
7
4
2
1
1
11
4
44
2
6
7
2
5
38
1
4
105
1
3
14
61
6
4
2
2
18
1
22
5
1
1
25
1
4
6
25
2
1
3
3
1
2
17
2
3
4
5
3
17
1
7
89
5
21
4
2
2
3
5
9
2
2
2
9
1
2
21
4
20
5
13
12
1
6
40
13
3
2
10
8
13
3
6
5
1
5
3
30
18
1
3
31
24
1
14
1
88
6
11
5
3
2
3
22
1
1
36
13
55
12
1
3
2
3
6
3
10
13
6
3
2
2
16
3
1
4
2
31
16
3
2
4
24
32
24
16
1
1
4
5
2
11
34
5
1
1
2
19
5
2
34
2
4
8
14
4
1
1
2
9
11
3
1
17
4
18
3
1
2
20
2
3
4
16
11
2
1
25
66
1
1
1
1
1
6
103
3
2
7
1
2
2
3
8
3
10
4
2
6
2
3
1
3
1
16
3
1
5
1
3
2
5
3
2
3
3
14
1
6
14
2
1
1
57
33
3
7
8
25
8
3
22
3
1
1
10
2
2
25
3
31
10
3
13
6
1
6
7
1
12
5
1
3
7
9
1
1
5
1
4
6
1
25
9
1
11
3
6
6
7
7
1
7
7
19
5
32
1
1
12
2
4
3
2
4
1
20
9
2
7
17
3
26
25
11
7
2
2
7
15
5
1
23
1
7
2
1
33
14
2
11
26
1
8
7
5
18
3
5
5
24
5
2
30
1
1
1
4
3
24
4
1
1
2
18
4
1
2
1
18
1
2
30
3
3
7
22
6
58
17
2
27
2
2
2
1
1
11
19
16
3
5
1
5
6
1
26
23
7
1
1
13
3
2
27
27
13
1
17
2
1
6
1
2
25
9
1
4
17
4
3
16
1
4
3
2
16
15
5
5
20
4
11
12
22
7
8
3
1
1
5
11
1
1
1
2
2
1
1
12
2
1
8
12
3
11
3
17
1
8
3
1
35
41
1
1
2
2
6
8
40
1
3
2
5
18
20
2
2
5
15
8
1
1
20
17
18
25
3
1
36
12
1
2
9
1
4
7
9
16
12
5
1
2
8
1
1
2
1
1
8
10
5
2
4
1
2
40
13
5
1
7
8
16
8
1
6
2
1
2
2
3
27
44
1
3
2
29
2
1
2
3
25
1
19
1
1
15
2
18
2
9
6
3
10
3
22
2
2
2
2
1
6
38
1
3
3
2
6
2
3
1
20
3
1
3
5
4
16
4
9
10
6
41
13
4
10
1
9
1
4
13
3
4
4
14
6
23
2
8
17
1
2
35
10
10
1
2
5
22
2
3
2
3
56
25
2
2
2
6
6
2
2
7
2
4
11
1
7
3
11
12
2
2
10
9
1
10
21
2
3
2
3
8
10
5
13
27
7
16
2
2
30
24
1
1
1
6
18
8
3
19
70
5
24
2
31
6
4
104
8
84
1
10
10
3
7
3
1
65
11
19
1
7
6
3
37
1
2
3
23
2
11
3
2
3
21
5
23
5
5
5
3
17
3
7
3
8
2
2
4
1
14
8
2
3
22
4
1
4
3
5
1
2
4
9
1
11
3
12
23
3
3
10
1
1
25
10
12
2
2
4
28
2
19
1
19
4
2
6
1
4
2
16
10
1
1
5
2
2
48
4
2
6
5
7
1
3
2
6
7
1
16
3
1
27
24
2
14
4
1
5
31
2
5
10
3
18
6
1
18
30
24
3
1
19
2
5
12
12
51
2
20
2
1
5
7
1
12
2
39
12
3
33
13
2
1
1
2
3
1
4
3
2
2
2
1
1
6
4
1
12
1
1
1
3
7
1
1
1
22
3
25
1
28
1
1
2
1
6
4
1
2
4
2
4
21
1
23
7
3
8
14
1
1
1
3
3
2
23
2
1
66
4
4
3
2
5
3
2
1
2
84
2
14
1
87
9
2
2
5
1
3
4
5
11
1
1
4
2
7
5
14
34
3
11
2
5
59
2
1
1
15
6
1
6
6
58
3
15
20
3
1
23
6
1
1
3
3
6
3
2
2
14
4
1
1
1
51
7
4
14
1
2
3
83
1
1
1
3
2
18
2
26
3
2
2
17
1
7
1
1
3
4
1
14
1
23
12
4
9
3
7
5
31
2
7
11
11
73
10
31
10
1
2
28
1
4
27
1
7
13
2
30
1
24
2
3
3
7
18
20
2
25
1
15
2
4
9
5
38
1
100
1
2
9
2
21
11
1
8
1
64
1
2
3
6
2
4
8
1
1
3
5
4
6
1
8
1
2
1
1
4
5
27
1
2
2
10
2
1
4
16
46
1
2
3
23
4
11
2
18
4
1
5
1
4
2
3
31
2
2
4
12
5
3
21
7
46
1
9
27
19
7
1
2
34
2
3
11
3
28
2
35
11
78
1
2
6
6
10
3
26
10
14
2
5
1
18
2
6
41
19
2
14
1
14
1
11
13
5
33
2
9
28
1
2
18
4
6
4
27
1
14
4
9
42
3
19
1
1
5
5
4
1
10
11
1
1
2
25
2
6
2
7
6
3
1
3
3
6
17
4
2
3
3
11
7
3
2
22
2
1
10
1
1
3
12
11
1
1
2
4
2
62
7
1
1
1
9
3
2
3
2
1
3
1
1
3
6
2
1
3
13
6
10
17
1
2
3
4
14
4
1
6
2
6
1
2
1
10
5
3
1
6
3
5
6
1
5
2
4
1
1
17
2
15
2
3
11
1
4
14
2
3
8
8
39
8
4
2
1
15
2
11
41
1
7
6
2
4
2
1
36
6
11
24
1
5
1
6
16
8
5
1
9
82
3
1
1
3
3
9
6
2
2
3
3
3
15
1
5
1
16
2
21
22
5
3
103
1
2
2
9
1
1
3
1
1
1
1
5
9
6
5
2
6
1
1
2
24
7
6
2
8
20
16
2
6
1
41
1
1
5
3
3
1
13
5
2
5
10
7
1
24
29
6
11
1
1
2
9
1
3
2
2
8
3
2
9
6
3
2
1
2
1
2
31
1
1
1
25
17
2
1
2
1
1
6
4
1
8
14
14
4
1
3
1
8
5
1
3
2
3
15
21
1
13
1
4
101
3
15
71
30
2
1
27
1
2
25
10
18
9
5
1
1
18
2
1
15
1
4
27
1
3
5
2
2
2
13
1
8
6
7
1
16
4
8
10
3
4
7
1
1
4
2
4
2
5
12
1
12
1
1
1
12
1
2
2
13
8
7
3
2
2
4
2
5
1
2
13
2
4
6
12
6
24
2
1
2
5
5
9
5
2
2
3
5
47
3
2
1
1
3
2
3
2
2
16
28
4
4
15
11
32
32
9
4
1
2
27
4
12
31
5
2
20
2
2
1
2
28
3
2
8
7
6
21
56
15
22
5
4
5
2
18
4
3
1
2
27
69
1
4
4
1
3
4
8
1
1
5
1
1
2
17
1
2
1
13
4
5
2
1
18
1
2
4
1
13
5
8
1
2
8
1
2
8
9
3
1
7
37
2
4
3
2
3
3
1
2
2
15
5
31
1
10
9
2
7
4
9
2
3
1
5
4
18
34
7
1
5
11
13
3
7
92
1
11
13
1
1
1
11
4
9
4
1
16
9
23
32
6
3
4
2
3
1
1
3
1
1
2
3
2
1
4
1
7
6
4
2
18
2
3
2
1
1
3
1
27
11
8
4
5
1
25
1
1
1
1
2
2
13
2
1
2
1
2
3
9
33
3
2
2
21
1
4
2
2
25
2
8
11
10
2
6
2
1
8
2
2
18
32
45
8
3
1
3
7
3
16
30
9
1
16
1
2
22
1
9
2
8
5
2
3
1
10
25
2
4
1
26
3
16
4
11
1
4
83
1
6
11
4
3
2
1
22
2
27
1
5
2
1
1
5
5
1
25
9
3
12
9
1
1
2
2
1
5
1
1
9
22
6
2
1
6
5
7
1
24
20
4
4
3
1
1
1
2
2
1
5
5
7
3
1
2
18
11
3
3
2
16
2
1
23
2
7
15
4
15
1
1
2
12
1
1
8
2
2
5
28
1
12
2
22
24
2
2
2
2
1
1
12
15
2
1
2
5
2
6
1
51
1
4
1
35
19
4
10
5
60
9
14
1
1
5
1
7
7
1
5
2
23
2
6
2
1
1
5
35
31
7
4
5
6
20
5
1
27
7
1
1
17
4
8
15
12
6
2
6
1
11
1
1
5
21
1
5
17
4
14
1
1
4
2
9
1
5
2
15
7
1
1
4
2
30
3
9
13
6
4
2
1
31
3
3
15
7
16
12
23
4
31
3
13
3
2
5
6
8
4
6
1
1
1
5
4
3
16
1
15
3
4
4
22
7
3
29
1
1
2
5
5
2
7
17
2
3
2
1
1
15
3
13
5
1
1
1
1
1
4
6
6
1
1
3
9
1
5
3
10
1
25
1
2
3
1
1
16
4
3
3
10
23
17
28
4
4
14
1
2
2
7
24
4
4
1
3
2
2
1
1
21
6
26
1
3
25
1
49
1
6
3
1
1
1
2
5
29
10
8
6
12
2
3
1
1
1
4
5
2
1
2
2
3
1
6
5
16
1
16
4
2
1
1
7
4
1
22
12
16
8
6
3
2
22
6
8
1
1
2
3
2
1
10
2
19
2
2
1
1
1
4
20
18
2
33
1
32
8
2
3
4
3
9
2
4
7
3
2
4
1
8
22
1
1
80
4
5
1
2
9
8
34
4
1
1
2
1
5
2
3
7
1
2
87
19
48
2
8
32
7
2
37
2
3
44
4
21
32
1
5
8
1
2
1
13
13
1
3
2
2
5
6
1
1
2
13
11
3
3
8
4
4
4
36
1
2
1
4
14
11
1
1
1
14
2
1
29
1
14
1
1
3
8
14
5
10
5
1
111
30
1
7
2
5
1
2
2
1
2
4
4
49
1
4
2
44
3
11
4
8
8
12
4
3
25
15
3
7
1
1
7
39
14
3
2
26
1
15
29
5
2
31
2
4
4
1
17
37
1
19
2
3
3
28
9
2
3
3
9
3
8
11
5
44
2
60
5
3
25
13
22
3
1
3
14
3
4
22
13
18
2
2
1
2
1
4
3
4
4
1
14
2
4
15
10
2
8
3
1
4
13
1
7
1
4
1
7
36
2
3
1
3
1
4
1
3
5
9
10
1
2
2
1
1
8
12
1
2
13
19
20
15
64
1
1
3
23
1
2
23
1
1
3
1
2
17
8
5
2
25
4
12
8
7
1
71
13
2
6
12
2
2
2
15
2
6
1
62
30
86
6
2
14
5
24
2
11
25
1
20
12
2
4
1
1
1
1
6
1
1
2
1
8
6
21
21
18
1
29
1
24
54
38
2
6
6
1
44
2
3
6
1
4
71
7
3
96
5
1
17
4
1
18
3
27
1
2
18
1
2
12
1
2
33
1
1
28
1
3
3
3
4
53
1
2
14
1
25
4
1
2
1
6
12
1
1
10
2
21
23
1
1
1
7
6
2
8
2
1
3
4
19
1
7
1
3
6
4
6
9
2
3
2
2
25
6
2
41
1
3
6
2
1
3
3
1
1
2
49
5
1
22
5
18
1
1
14
1
6
9
21
3
4
26
3
2
10
15
11
5
2
8
16
8
29
10
4
36
1
59
9
3
1
10
7
44
11
7
9
7
5
6
3
20
15
3
5
2
9
1
3
1
5
3
2
1
8
1
9
2
9
1
1
1
4
22
2
1
1
47
27
1
1
1
3
1
5
2
2
1
1
12
7
3
2
3
4
7
7
2
2
1
7
1
3
3
1
3
4
38
13
1
4
1
14
3
2
1
13
10
14
6
4
3
6
2
1
1
2
24
29
13
62
2
5
88
22
2
2
5
2
1
6
9
71
3
11
2
13
4
1
2
3
1
10
1
5
4
62
4
3
3
28
1
1
2
2
1
1
3
12
1
4
10
3
5
40
2
4
4
16
3
6
3
4
3
2
1
3
12
13
8
10
6
8
81
26
1
19
2
8
4
3
3
32
4
6
1
7
13
4
10
1
1
1
6
4
2
4
1
3
7
1
8
22
2
12
1
16
1
1
37
2
4
19
2
2
10
23
1
9
19
6
46
18
2
5
1
1
9
19
6
10
6
3
1
1
7
1
19
7
9
6
9
3
1
1
2
1
6
2
3
11
4
1
1
15
4
9
2
1
8
7
13
4
6
1
28
6
2
3
1
4
13
3
2
2
4
6
3
5
2
1
3
7
66
4
4
50
3
3
4
2
10
24
32
1
1
5
2
13
1
16
1
46
1
1
2
1
17
13
2
1
5
13
1
10
1
1
3
2
3
37
2
7
44
3
2
6
25
10
7
8
1
5
11
1
15
5
3
1
1
1
10
1
1
1
3
10
8
1
3
14
1
2
8
17
24
3
6
24
8
1
4
4
2
3
1
2
7
13
18
4
5
5
5
1
7
2
18
6
9
1
2
9
11
2
10
1
9
2
24
1
49
6
2
1
24
6
86
3
1
8
18
6
4
28
1
8
4
3
2
1
14
4
1
2
8
9
1
1
25
1
6
8
1
5
3
4
22
2
11
9
4
2
2
4
8
2
19
13
1
8
4
11
8
2
13
3
17
1
8
109
2
1
5
1
3
2
27
1
4
39
1
7
10
1
30
1
1
3
1
16
1
19
2
2
1
1
2
2
9
2
8
4
1
2
3
2
12
1
5
8
1
1
2
4
11
1
15
5
34
3
2
3
1
5
9
2
1
39
1
4
4
9
2
108
8
30
27
4
5
1
5
3
1
5
1
3
1
20
1
1
8
1
7
1
39
23
4
3
30
8
2
7
16
4
1
15
11
21
13
3
1
1
22
5
1
1
23
1
1
11
28
2
8
8
4
1
1
2
1
9
2
1
3
3
1
5
9
6
8
19
4
5
7
1
8
1
1
66
1
2
1
23
3
7
24
9
8
4
1
4
5
4
2
5
18
21
3
1
15
5
1
2
18
4
2
35
6
1
6
1
8
3
1
9
9
30
1
1
2
77
3
14
1
1
9
1
17
4
