1
1
2
6
36
1
1
4
3
1
3
3
1
6
3
6
1
14
1
9
1
1
1
1
2
3
1
1
2
2
2
2
1
4
5
1
4
4
2
4
4
5
1
1
14
1
1
2
5
1
1
1
1
1
1
2
9
2
1
3
3
2
1
3
3
1
1
2
4
1
1
2
3
9
12
3
1
15
8
2
2
21
6
2
1
5
1
2
4
1
29
1
4
4
1
1
20
1
1
1
2
2
1
4
4
1
1
7
3
2
4
1
2
4
7
2
4
2
2
4
2
2
2
2
1
2
4
9
3
7
3
5
1
1
1
2
2
1
2
4
5
2
1
1
2
2
3
2
6
2
3
2
3
2
1
4
5
1
2
1
2
1
1
2
1
5
1
2
2
9
3
5
1
2
1
1
1
14
5
11
2
1
3
5
6
5
3
3
2
3
1
2
1
5
7
3
1
6
3
6
2
2
1
1
1
1
1
13
1
2
1
2
1
1
1
1
1
2
2
2
1
3
5
2
2
3
4
9
1
9
15
11
11
14
2
19
1
4
2
1
1
1
1
5
7
1
17
3
2
9
2
1
2
5
4
1
4
8
1
13
1
3
8
6
2
1
2
2
2
2
1
1
2
1
6
21
3
1
3
1
6
3
7
2
1
2
4
2
5
1
6
1
2
2
3
8
4
5
6
2
2
1
1
4
2
10
5
2
2
2
9
3
2
2
1
2
1
1
3
3
2
8
1
1
9
2
1
2
1
2
12
44
1
4
3
1
2
2
14
1
1
3
1
2
2
1
8
1
1
1
2
2
1
10
6
11
8
9
3
1
1
2
2
1
3
3
2
1
1
2
2
6
1
3
3
4
3
2
4
2
1
2
14
2
2
3
8
1
1
1
9
1
2
5
1
1
1
1
3
1
4
9
6
2
1
4
1
3
3
2
2
5
9
2
2
2
1
5
2
1
5
3
3
3
1
11
1
1
2
4
5
6
3
1
1
8
9
12
1
1
1
2
2
2
1
2
1
3
1
2
7
1
2
5
1
7
1
1
1
2
3
3
1
1
1
1
7
3
6
1
4
4
17
6
3
3
2
1
11
3
2
1
1
3
2
1
12
1
1
1
1
1
2
4
1
3
9
1
1
1
2
3
2
2
1
1
2
2
2
2
2
2
1
1
1
2
2
3
1
1
2
1
5
2
15
2
4
2
1
1
6
1
1
7
3
2
2
1
3
2
10
2
1
1
1
1
1
1
6
1
2
1
1
1
1
1
2
13
3
1
2
11
4
7
2
3
1
6
1
4
4
1
1
2
1
2
1
1
2
1
6
9
1
3
1
1
4
19
2
1
1
6
17
1
1
1
2
2
2
1
7
2
7
9
1
1
3
1
6
17
2
6
3
3
6
1
3
3
3
13
4
3
8
5
1
1
3
2
1
1
2
5
5
1
3
1
3
2
2
3
5
33
3
3
1
40
3
1
10
6
18
4
1
3
3
1
1
5
1
1
1
1
9
3
2
1
5
1
4
1
6
4
2
1
2
2
3
1
2
6
3
3
1
1
1
1
1
1
1
1
3
8
15
1
2
1
3
1
1
2
1
4
1
1
1
4
4
1
2
4
5
1
1
1
2
2
1
2
2
3
2
7
1
3
1
2
1
2
1
1
3
1
1
7
5
2
4
5
4
2
2
7
5
13
1
1
12
5
1
1
2
4
1
1
6
5
1
5
3
3
6
4
1
2
5
3
1
1
4
1
1
3
8
1
1
1
1
1
2
11
2
3
6
4
29
1
6
2
1
7
5
5
2
2
2
7
3
3
1
3
1
2
3
2
1
2
1
1
3
2
2
5
2
13
1
2
2
1
1
2
3
2
2
3
1
6
8
1
1
1
3
2
7
1
2
1
4
2
4
2
20
3
1
1
1
4
1
1
5
4
30
10
9
1
5
5
3
6
1
2
1
5
3
1
1
9
4
7
1
14
4
3
1
2
3
26
12
1
1
1
2
3
9
1
1
2
1
2
8
3
2
2
1
1
3
1
1
1
1
4
1
2
21
2
2
4
1
4
1
13
1
1
2
1
4
2
1
3
4
3
1
1
1
4
9
3
9
1
12
1
4
3
2
1
9
1
1
5
3
2
1
4
10
1
1
2
2
2
1
13
3
1
11
3
3
3
5
1
1
2
3
1
1
15
1
5
2
1
2
1
2
9
2
1
2
4
1
2
2
3
10
6
1
4
1
3
8
2
7
2
1
5
2
5
2
4
3
3
2
1
3
2
1
2
1
1
2
2
12
1
3
4
1
5
5
1
9
17
1
10
6
1
1
2
2
1
2
2
4
8
1
1
2
1
2
1
21
1
10
12
4
1
3
2
2
7
1
2
2
2
1
3
2
1
1
2
10
1
1
2
3
1
1
2
8
1
1
1
1
3
2
2
1
4
1
1
1
13
3
1
10
4
10
1
1
2
1
1
2
1
1
3
1
4
3
5
1
5
1
1
2
9
2
5
5
5
3
4
2
1
4
1
1
1
1
3
8
1
2
7
1
1
2
4
7
4
4
3
4
11
1
2
3
1
2
1
17
3
7
1
1
1
20
2
15
2
2
2
1
4
3
2
1
2
25
2
3
2
1
1
2
3
3
3
2
6
3
6
3
8
3
5
6
1
1
2
4
5
2
14
1
3
4
5
2
1
3
2
3
1
3
3
1
1
2
3
8
3
4
1
8
3
2
3
1
5
6
3
3
2
4
4
18
4
1
1
1
1
5
2
1
10
6
2
8
2
2
1
8
2
12
3
1
5
4
1
8
16
1
4
4
2
1
1
1
1
2
13
5
1
1
1
1
1
4
2
8
6
10
11
13
1
2
20
2
1
11
2
1
3
2
6
1
3
1
1
1
2
1
19
1
2
1
1
1
3
1
2
1
5
1
3
6
17
2
25
1
5
2
6
1
4
7
9
6
1
5
3
1
1
1
3
2
3
2
4
3
2
5
1
1
1
9
3
2
2
3
2
21
18
1
6
1
3
1
16
1
3
3
8
3
1
1
5
3
4
2
