23
18
2
8
3
1
2
32
6
16
1
5
1
9
41
3
1
60
2
1
6
9
4
8
15
2
47
11
43
6
2
11
2
1
2
2
3
38
6
15
52
12
6
5
11
22
1
24
4
5
26
103
3
21
22
1
5
9
84
15
20
5
93
80
5
5
25
5
3
10
2
9
2
43
28
4
7
37
52
50
3
43
32
10
2
65
1
57
13
13
1
191
6
24
8
5
5
1
2
3
46
69
12
14
9
11
26
100
12
4
10
36
1
1
4
4
1
6
10
9
96
16
60
42
2
6
2
3
11
30
13
4
1
11
1
45
9
1
28
1
23
32
14
16
12
14
12
1
3
15
4
2
14
6
5
4
5
1
10
4
1
1
3
57
4
58
1
1
51
9
1
134
10
6
3
88
33
2
4
65
8
14
1
10
2
2
13
28
73
1
10
4
1
11
3
22
49
45
2
13
8
23
2
10
12
4
5
4
33
1
3
100
29
12
9
8
78
19
35
3
5
2
116
24
5
11
5
16
44
19
1
26
68
2
3
1
73
96
10
22
3
23
75
32
120
3
1
2
7
23
46
3
3
47
11
7
5
3
2
2
2
3
3
1
1
1
1
38
7
6
32
16
24
2
6
2
2
1
101
46
53
71
5
9
58
7
2
2
8
11
2
17
5
6
128
32
20
4
2
15
40
8
1
2
6
3
3
1
11
107
11
17
6
5
39
1
2
4
42
12
2
60
1
1
1
7
1
8
16
43
3
1
2
2
15
24
8
2
10
2
1
8
7
13
55
1
2
5
3
7
9
13
6
1
1
8
1
75
1
1
3
37
108
2
4
49
1
1
5
3
16
7
1
1
69
2
1
63
21
4
6
76
38
35
3
4
22
5
2
82
7
79
4
88
2
3
7
3
2
6
1
2
1
66
1
21
8
9
29
13
52
5
7
5
22
60
12
3
12
1
62
11
9
9
7
24
2
37
62
2
2
23
2
3
16
33
3
16
88
46
1
20
2
30
20
24
20
2
1
3
6
2
1
3
2
26
34
1
8
3
26
3
1
16
8
26
19
1
23
8
7
5
1
15
3
3
3
9
19
3
21
6
4
2
17
6
1
13
3
22
17
2
2
3
8
2
15
2
6
19
35
1
47
16
19
3
7
20
4
10
5
92
4
9
12
31
11
25
2
5
36
8
21
3
57
1
2
29
1
10
13
24
3
4
4
20
29
3
1
3
6
2
17
26
2
15
6
20
3
27
1
72
40
14
92
11
2
17
10
6
3
1
47
53
2
3
33
19
48
4
12
2
2
1
68
1
4
1
25
4
40
7
48
4
2
12
6
28
22
2
1
5
2
2
4
8
97
4
42
1
5
50
9
1
1
1
3
2
1
4
3
6
4
1
1
3
20
6
13
23
43
9
42
3
92
156
18
10
5
2
8
3
3
4
2
3
5
3
2
4
2
3
7
107
2
15
63
4
49
2
3
51
7
2
17
12
21
3
6
44
9
21
2
22
85
6
5
8
32
15
23
4
28
11
2
7
9
19
2
2
30
66
4
2
3
1
3
57
2
63
15
3
6
1
29
3
16
12
47
3
1
34
1
89
4
4
4
53
4
1
55
2
3
3
43
2
37
1
1
1
10
2
66
5
52
7
1
7
20
3
94
1
17
17
5
3
19
3
11
1
2
17
2
97
1
10
4
6
10
41
4
1
60
19
5
19
5
1
6
1
8
3
21
2
2
4
57
2
99
2
2
55
2
20
1
6
1
21
4
74
48
1
18
9
2
69
1
5
2
32
1
2
6
27
1
2
17
6
14
2
33
8
35
2
2
8
5
41
3
72
2
3
104
14
25
13
1
9
7
3
1
2
2
2
6
2
2
1
2
43
2
15
2
28
1
33
9
9
3
7
14
14
99
3
1
16
16
4
9
2
15
21
70
2
2
43
3
3
22
12
18
44
1
8
7
5
45
9
56
4
79
4
1
2
3
40
5
1
1
15
14
15
2
6
3
2
7
5
2
70
2
26
1
2
5
8
3
9
2
4
1
9
7
1
30
1
17
62
15
10
63
32
5
1
25
5
9
13
122
2
1
18
5
2
7
71
54
4
12
6
11
71
23
6
3
2
2
21
8
2
5
16
18
24
85
1
6
1
34
6
3
53
10
8
69
7
25
3
7
2
1
5
9
1
44
2
2
113
16
1
14
3
15
3
9
19
6
1
1
76
14
4
29
1
1
2
7
2
2
1
28
3
129
25
2
16
5
25
37
7
55
74
60
23
2
38
96
38
4
5
99
1
3
25
14
39
42
115
40
1
46
2
3
66
1
3
30
2
5
13
95
2
2
16
34
2
13
10
3
4
3
22
12
1
24
6
26
3
1
2
16
6
4
3
1
2
9
28
3
1
4
2
20
2
6
11
20
36
57
54
21
3
16
1
1
6
10
1
20
6
3
3
3
25
6
6
168
11
49
35
68
45
54
32
5
1
8
13
3
3
21
56
2
10
1
2
151
18
2
57
11
81
1
1
1
7
5
2
10
5
141
64
3
10
35
2
18
18
17
74
3
2
36
21
7
24
2
11
36
4
2
2
1
2
15
131
29
14
56
13
1
13
3
4
9
118
53
113
27
4
1
38
4
9
2
6
148
8
3
1
53
7
5
2
88
1
118
68
5
2
2
6
7
6
1
38
1
13
3
3
3
6
1
4
6
33
6
5
25
3
1
2
8
15
1
8
20
12
7
6
9
24
80
8
6
9
12
33
26
12
76
53
1
27
2
9
4
97
19
2
1
70
2
8
1
9
10
85
55
42
55
24
194
1
17
21
45
87
32
108
14
36
1
3
2
13
1
2
1
7
24
3
1
2
29
3
2
21
10
4
11
1
4
8
15
6
68
3
5
25
1
1
5
59
5
138
118
1
16
3
15
1
23
2
2
4
57
45
6
20
30
1
1
59
1
1
2
86
15
61
3
15
1
4
129
19
19
1
53
11
9
68
3
2
1
6
1
6
3
6
2
6
31
1
43
122
1
1
12
3
2
17
