1
2
4
14
2
8
1
1
4
1
2
2
2
10
4
3
1
15
4
1
1
3
6
1
5
2
6
5
7
2
3
1
1
4
2
1
1
4
2
21
4
2
4
1
1
1
2
5
2
16
1
8
1
1
4
1
1
2
1
1
1
2
7
14
2
1
1
2
1
1
15
14
4
2
3
3
9
2
2
1
14
3
5
1
2
1
2
3
8
4
9
1
3
11
3
1
2
1
2
4
1
4
1
1
1
1
1
2
1
3
4
3
2
3
1
3
6
1
1
1
1
3
4
9
1
3
4
1
2
2
8
1
21
4
1
3
1
3
3
1
3
2
2
2
1
5
1
5
10
4
2
3
10
1
3
2
1
7
2
3
2
11
1
6
5
1
2
3
1
1
4
2
1
10
6
3
5
3
1
2
8
36
16
2
3
5
1
6
3
10
3
20
2
6
1
10
14
1
5
1
4
1
1
1
3
2
2
2
1
2
2
1
2
3
1
1
4
3
4
2
4
1
12
7
2
9
1
1
3
10
1
1
3
4
2
6
4
26
1
1
1
1
3
9
3
1
3
4
2
2
7
2
1
8
1
2
2
1
3
2
1
8
1
2
1
1
2
2
6
2
2
1
3
11
2
1
1
1
10
7
3
2
1
15
9
1
1
1
3
1
2
2
3
2
1
17
1
8
7
6
1
7
3
5
1
3
3
2
2
3
1
5
1
1
1
5
3
8
6
3
1
3
2
4
8
6
17
3
4
12
1
1
5
1
3
2
3
2
2
1
5
1
3
7
2
2
1
1
6
1
3
2
2
1
4
1
5
4
2
1
1
2
5
2
2
3
3
1
1
1
4
1
5
1
1
2
9
4
2
1
1
1
3
5
2
2
2
3
3
8
1
2
3
4
2
2
2
14
4
4
2
4
1
2
3
1
2
1
1
2
1
2
1
2
1
5
3
10
1
2
3
2
2
10
6
2
2
1
1
4
1
6
2
1
1
1
2
1
3
3
3
4
3
1
2
8
5
2
5
5
2
3
4
1
1
3
2
2
16
2
1
3
1
4
4
1
4
2
1
5
1
10
3
1
4
1
8
5
3
8
18
1
1
1
2
1
1
2
6
14
1
2
2
3
1
2
2
2
1
13
4
9
1
1
3
2
12
23
4
2
2
4
10
1
1
2
3
1
7
7
2
1
3
2
5
2
1
3
3
2
13
3
2
2
3
2
1
3
7
1
4
1
1
2
1
2
12
2
2
1
7
7
2
1
6
1
2
1
1
2
3
3
2
1
1
2
7
3
2
3
2
2
2
6
2
10
3
2
5
3
3
1
2
7
37
2
2
2
2
6
1
1
2
2
8
2
2
12
4
2
2
1
2
1
4
9
2
1
4
5
1
9
4
1
1
4
2
1
4
1
1
1
8
1
2
1
1
1
1
3
1
2
25
1
1
1
1
2
3
1
2
2
4
3
3
1
1
1
2
10
1
2
1
1
4
2
2
4
3
8
3
1
4
12
5
5
16
2
2
1
2
1
2
7
6
1
4
2
3
4
2
5
1
12
1
2
8
2
3
1
5
2
2
2
10
4
2
1
1
3
4
1
2
2
4
13
2
1
1
2
1
6
1
2
3
1
1
4
2
2
2
10
3
3
2
3
1
1
41
3
1
2
1
1
1
4
1
1
1
1
1
1
1
4
1
4
1
17
2
1
2
2
1
1
2
1
1
2
1
2
1
1
3
1
2
2
1
4
6
1
1
1
1
2
9
1
1
1
1
2
1
1
4
2
2
1
1
1
1
1
1
3
2
11
8
5
1
6
3
6
4
1
1
1
6
6
1
2
2
1
1
2
2
2
6
1
3
7
2
2
4
1
7
5
1
12
2
3
3
1
8
2
8
4
1
4
1
2
2
6
1
3
2
1
4
1
2
1
1
3
