103
4461
222
83
3470
81
2272
1678
1981
1064
471
4241
297
3561
1565
544
2704
3025
3823
1
3968
3506
2011
2871
129
1156
2827
3941
1342
109
45
2731
3184
2712
1209
1
146
4148
557
1565
28
3599
1847
1460
397
494
931
659
2579
3961
2252
2190
230
121
2011
359
480
2711
3667
209
541
2645
265
101
3147
1652
9
924
1043
530
2134
38
53
1133
4467
657
2891
442
1238
1270
2036
3354
37
4075
639
136
1987
1785
2395
25
2906
1727
14
4136
3970
1622
4352
59
2587
586
94
3037
1152
493
712
548
2460
1547
573
414
3464
408
2096
2
4287
2405
172
6
39
240
3324
10
2191
566
2509
3773
1762
10
1526
2888
1675
62
126
37
2693
1154
3887
2413
4134
3896
732
37
1928
502
3164
549
24
3121
3509
1149
1226
7
1925
655
600
748
16
2
3517
535
4302
2958
622
54
1462
149
418
1431
1501
137
2
47
1713
3971
3341
737
1661
118
1296
1575
4079
4
2
296
145
2715
2241
3371
15
66
2354
2549
1446
943
190
985
522
87
1289
69
630
2985
39
301
3
3995
1201
237
1083
2038
470
2044
2773
2816
876
1532
205
30
1749
1213
690
3201
3261
2896
736
1412
648
3753
1161
81
649
2902
1413
2983
927
2
164
3935
2132
918
1284
456
129
547
523
2
2
689
3680
29
1593
4262
549
577
132
1062
182
4187
2475
624
55
311
214
39
1169
716
26
4340
2081
13
1726
243
137
12
15
3393
6
30
5
77
2533
97
3248
2786
31
18
5
1529
4
436
913
835
1210
272
524
2710
3243
3034
1133
1416
192
306
657
306
3
88
2041
944
1
4347
39
1013
51
380
63
1794
2856
1339
4
1330
2489
176
22
125
3
3
39
3521
1980
3865
18
16
2364
891
2785
1027
710
30
27
685
627
206
2
231
2678
21
2516
418
160
241
96
305
3068
3422
4
640
128
13
4
1825
1885
371
4333
396
181
3749
2614
3039
396
602
25
1390
11
78
1541
696
555
181
2720
3213
1
128
70
258
1925
3143
1849
1
312
1379
592
546
6
4004
3353
2213
211
4131
4205
4482
1008
5
333
1148
521
2499
3451
4
4
2357
532
2240
3596
2131
200
8
1813
485
651
3305
6
2690
591
2179
3
1641
2573
73
2170
377
553
565
560
1
144
535
1523
3338
444
1626
4
13
925
22
1882
207
409
331
933
1461
2
29
2020
1433
3
610
2009
44
2602
114
856
3904
2349
2
2755
613
55
178
19
16
753
129
2169
5
112
61
1518
9
1592
27
4093
2990
10
2540
1065
3091
170
44
235
1756
4
4
3
768
3456
2128
2725
5
336
2918
2356
77
5
3603
3596
15
2972
3147
776
1585
148
660
32
562
1100
18
89
2
3
4
1781
1725
5
33
48
25
4
2686
2204
554
18
1134
920
426
362
1994
455
9
29
1
3616
3210
27
3001
2588
11
1287
5
5
3555
4
35
21
41
744
1267
1241
28
2173
1071
8
2282
367
3786
236
113
3498
417
2237
17
12
423
1608
2322
2911
2821
2716
28
2334
58
2249
1653
515
727
4552
2228
523
229
1667
3
8
199
411
23
3409
8
105
2151
36
2272
9
37
1727
50
1430
1728
421
299
70
3107
474
3603
1102
4590
18
4428
5
791
466
53
279
517
509
2887
8
58
12
115
51
2791
12
1737
3681
2
1898
974
34
2592
1808
2796
3187
3486
559
1840
7
77
62
190
19
77
1749
982
76
13
2548
4
52
8
4225
4328
2
34
55
6
4517
7
18
3703
831
974
4501
4578
937
521
106
4435
845
1716
37
447
2
3
12
33
42
6
4294
879
2574
1
8
478
24
2708
180
4
213
1510
7
3014
765
1840
1003
828
3932
123
4203
52
496
2722
288
25
11
853
165
1226
76
2952
13
4
90
111
1784
32
56
50
371
1
569
3067
44
292
3263
192
3025
59
19
210
16
5
4079
49
46
361
67
340
4
23
41
22
72
64
1333
39
2516
602
1
4385
776
6
1
21
108
82
9
29
357
516
29
13
855
2329
387
2397
337
16
251
714
1693
21
22
31
673
788
4
246
12
76
390
1683
