45
8
4
4
3
1
6
56
55
22
23
5
73
4
1
36
4
193
3
18
1
137
68
2
11
3
21
1
19
6
2
2
22
17
169
26
1
3
30
2
1
27
4
76
15
1
4
7
44
12
3
9
10
25
16
3
45
2
5
11
6
19
9
3
7
2
69
2
15
9
78
39
11
1
1
10
70
20
1
15
6
3
23
4
1
4
18
25
38
1
3
2
6
9
4
1
81
9
58
35
3
2
3
67
22
6
12
17
5
13
7
2
32
117
122
2
29
5
2
11
47
9
15
46
11
6
7
66
1
21
12
235
100
2
11
40
25
12
5
36
8
8
15
4
7
17
12
2
17
22
2
5
2
3
24
6
89
277
5
35
11
105
3
3
22
1
58
17
41
1
24
2
97
15
14
23
29
8
4
68
15
40
10
3
13
50
5
59
164
1
1
50
19
3
22
7
6
20
17
9
1
1
58
1
3
1
1
2
101
2
78
21
16
27
33
6
29
13
3
41
1
35
42
1
8
1
148
2
22
16
4
1
1
8
112
5
5
9
3
37
4
7
4
16
12
15
10
11
29
1
3
28
18
1
50
21
13
4
5
18
1
26
76
6
6
87
1
2
9
11
4
53
2
9
36
2
1
1
6
49
317
15
2
11
10
1
3
30
251
300
184
49
35
1
6
1
3
3
11
30
5
23
10
21
5
31
61
4
3
9
5
1
67
39
14
8
35
67
3
1
34
39
19
9
4
36
3
6
39
1
34
26
6
4
34
77
27
95
2
50
27
1
2
14
2
50
30
9
20
2
84
202
1
28
2
21
11
2
1
39
55
58
25
18
223
11
18
29
32
203
9
7
2
8
18
3
22
2
77
8
1
3
3
1
4
23
11
21
10
2
2
2
4
3
1
1
4
26
2
3
6
4
9
44
1
1
6
12
6
51
6
40
95
39
1
130
90
3
113
5
18
76
147
19
19
19
42
12
2
8
15
1
11
4
107
2
16
9
11
17
1
55
2
1
1
111
2
12
4
18
5
6
28
3
6
13
5
1
6
25
4
10
23
5
6
1
1
1
67
59
11
282
2
123
11
51
16
43
21
4
194
2
37
186
31
3
6
3
1
2
2
8
4
1
1
1
1
10
12
1
36
21
15
1
26
53
32
3
6
74
3
5
74
3
8
2
52
8
13
31
56
6
90
19
54
9
33
6
120
37
3
1
23
14
1
3
1
36
2
3
15
103
2
16
9
25
21
2
2
76
2
48
10
2
7
108
2
10
6
2
3
275
2
7
31
21
2
9
1
1
2
43
54
22
62
29
20
2
3
11
1
15
11
112
12
2
1
9
12
10
3
6
47
15
14
3
51
1
18
27
330
14
57
2
1
5
10
19
5
2
4
34
1
76
106
2
60
25
8
4
12
3
15
5
2
121
396
24
9
4
1
7
48
153
9
2
16
2
3
1
265
58
3
28
1
16
4
28
7
2
2
2
74
2
1
2
18
4
1
51
1
11
341
7
2
94
24
1
4
34
14
1
12
27
2
1
124
4
11
92
7
37
36
18
19
2
21
20
4
31
5
2
51
3
216
18
15
8
2
6
1
2
22
33
8
5
6
259
2
1
22
13
53
7
2
2
27
49
2
40
1
14
32
6
1
109
1
19
19
3
11
14
80
24
3
3
10
12
3
2
5
8
3
4
18
11
5
13
11
307
8
26
3
40
22
20
14
240
12
27
3
1
6
17
8
7
4
7
2
1
82
4
2
2
3
3
10
9
2
57
1
27
3
22
227
6
56
74
7
114
2
2
14
4
46
2
7
18
2
20
7
211
12
1
65
1
14
170
6
63
22
4
30
173
11
206
1
11
24
3
78
7
9
5
80
6
1
1
2
13
24
5
5
99
4
30
6
1
19
51
7
39
15
4
28
43
3
53
52
9
1
283
26
16
7
41
8
82
6
1
9
135
2
8
1
36
10
62
72
8
1
4
21
3
96
37
33
11
44
9
38
43
7
3
8
29
48
30
5
20
25
27
53
58
1
10
24
2
8
21
19
80
1
2
20
2
3
3
1
25
58
9
43
13
2
1
6
51
1
11
44
5
12
14
4
38
6
13
41
25
36
2
1
5
145
36
3
64
1
3
17
4
4
159
4
16
25
1
2
10
2
2
14
31
57
1
2
8
10
19
48
159
16
38
40
2
47
54
2
1
285
27
5
6
22
7
1
1
9
8
39
30
2
47
2
10
54
2
28
54
3
49
2
65
1
343
11
2
1
159
88
7
1
5
3
3
6
14
1
9
4
2
8
3
37
14
208
49
4
1
9
72
22
4
262
2
181
3
22
395
1
2
1
28
14
1
22
34
3
7
51
8
30
34
3
27
7
5
15
6
43
15
2
6
8
5
7
18
9
2
1
17
280
29
10
7
35
24
2
206
2
6
2
3
9
9
2
55
3
265
11
53
8
366
74
193
34
15
2
74
83
3
2
20
21
51
2
5
146
6
3
1
8
2
28
11
12
2
59
2
1
42
5
10
9
11
3
22
1
4
17
17
4
77
72
3
3
11
20
31
1
315
30
53
5
14
2
7
13
28
12
12
1
35
5
444
2
2
9
3
43
17
13
23
1
3
1
9
25
1
33
51
57
86
7
158
41
1
2
22
2
4
154
2
10
13
3
5
1
394
9
1
300
20
2
38
52
7
13
1
1
3
14
11
9
3
2
10
6
47
1
34
51
41
1
94
242
5
2
10
1
1
3
50
29
39
8
25
5
17
4
11
9
23
5
4
3
1
7
335
3
6
1
25
13
53
8
16
25
6
11
17
8
3
2
51
32
3
5
137
2
5
5
3
2
6
3
6
59
9
84
48
156
9
1
99
17
1
184
10
2
87
5
57
16
2
87
17
1
12
3
6
1
6
2
23
3
1
2
2
9
9
2
41
18
6
23
4
67
6
1
9
130
3
18
3
71
2
4
1
51
2
5
21
11
5
20
25
65
53
1
34
1
1
3
4
35
2
8
10
17
9
15
5
10
12
4
8
2
45
66
4
22
15
1
1
13
1
24
2
195
3
1
3
61
19
3
17
19
12
7
2
4
6
6
3
93
14
5
7
1
86
31
3
9
129
3
1
68
9
28
5
51
87
46
30
4
3
43
73
44
37
2
131
16
19
1
5
5
23
5
5
58
4
188
4
21
2
2
22
14
11
34
5
9
319
113
63
2
7
3
6
67
18
219
23
1
1
58
5
1
30
87
50
3
48
81
4
45
191
30
11
4
3
199
2
207
41
2
16
70
295
3
2
47
2
39
359
4
43
5
3
15
20
8
1
41
68
1
50
6
40
3
12
6
4
3
2
6
2
1
58
9
12
11
6
25
1
2
68
4
2
3
17
59
12
40
160
82
1
35
2
8
76
3
21
17
8
68
3
1
19
6
83
2
25
1
52
7
350
20
8
4
32
51
16
2
22
9
55
5
58
5
1
10
10
52
81
22
10
4
22
7
10
2
36
5
13
4
149
17
1
11
22
19
55
73
44
1
12
3
6
80
3
46
4
8
1
1
20
35
1
3
1
34
4
3
18
2
2
52
41
1
4
1
26
193
2
3
2
12
1
79
105
2
6
7
143
1
7
35
18
15
2
49
63
38
1
10
23
11
6
80
5
9
2
2
29
1
4
104
15
1
18
36
2
117
5
13
4
159
111
24
245
4
12
5
8
82
7
2
10
18
64
47
1
2
17
8
11
12
36
65
10
1
1
1
68
6
8
3
13
1
8
38
4
1
3
3
61
30
5
2
28
8
3
1
122
5
1
10
6
3
34
4
6
1
18
31
3
219
10
65
6
4
8
9
3
20
5
25
3
11
4
4
47
36
65
13
12
1
101
70
3
1
57
2
1
3
2
11
17
9
70
375
2
9
2
4
17
3
2
1
21
8
73
5
3
7
10
2
93
2
3
176
1
11
4
3
83
2
21
17
1
3
3
380
144
24
9
14
2
23
1
55
29
2
1
42
5
5
134
52
38
26
18
2
3
3
45
1
44
109
1
7
1
2
22
127
61
8
2
1
1
2
29
1
16
13
42
17
2
47
10
11
10
31
4
9
1
14
175
25
2
2
9
242
4
9
24
8
7
2
197
7
296
145
33
2
6
83
18
2
5
10
65
23
15
10
5
59
2
1
13
8
15
17
41
160
3
2
2
32
2
2
6
445
4
56
7
8
2
65
6
10
10
4
8
71
1
14
2
1
49
17
148
7
1
4
12
16
7
7
12
20
5
2
13
78
71
8
4
305
81
48
1
42
16
51
103
10
11
14
41
1
31
106
7
3
41
8
9
2
18
3
1
9
57
14
9
8
11
13
37
120
1
2
1
2
69
6
7
45
4
34
49
13
1
2
2
44
166
14
4
92
1
8
339
14
186
4
37
25
10
39
294
33
12
1
2
24
66
132
4
10
34
262
27
2
32
13
29
32
70
10
2
33
2
3
24
5
2
3
17
37
19
7
5
18
5
14
1
8
47
3
7
14
1
8
7
1
51
2
4
7
40
101
2
15
39
53
8
8
6
10
4
227
12
9
55
6
13
5
1
25
3
316
1
5
7
6
1
2
1
17
40
14
34
33
67
140
17
267
5
20
1
8
2
6
18
6
21
18
3
2
3
5
2
12
3
1
22
2
