32
8
21
8
69
3
1
108
5
2
32
1
27
219
1
206
11
27
10
1
127
153
158
3
58
76
8
40
6
2
1
27
38
64
4
1
152
1
29
8
1
6
76
14
116
121
36
38
106
134
127
85
3
16
4
7
11
146
4
64
272
58
8
32
24
66
136
28
102
1
42
1
18
264
23
6
1
9
20
7
1
51
5
223
2
2
9
20
8
1
4
23
1
10
86
9
21
162
41
2
79
4
78
4
22
224
107
1
5
5
234
1
138
62
49
27
5
49
197
8
232
114
44
21
43
25
28
1
25
6
93
20
1
4
50
30
59
7
31
55
1
4
230
4
3
1
53
40
1
1
5
37
20
33
7
35
133
9
10
47
52
3
85
2
9
28
51
323
38
1
100
1
5
83
1
30
126
94
19
7
36
61
86
70
4
64
4
39
8
17
136
8
19
23
14
8
30
1
88
8
37
67
259
1
31
118
1
222
16
1
154
5
275
6
25
27
63
2
89
39
33
36
298
22
10
25
169
8
86
1
2
30
6
1
1
5
111
23
4
89
53
36
31
31
5
104
36
5
11
53
2
2
11
114
1
31
133
3
15
35
19
2
106
33
1
12
9
49
80
16
176
2
47
1
4
71
24
36
42
4
9
1
20
39
171
15
5
30
54
18
1
115
1
3
2
4
6
54
176
56
20
21
8
1
12
98
16
34
2
7
1
181
1
45
44
11
37
28
4
17
1
92
20
177
1
3
71
9
29
5
198
404
15
8
7
20
1
13
1
17
4
69
44
161
8
30
225
1
13
5
38
8
2
3
11
1
4
52
10
19
33
4
134
1
171
22
14
15
2
5
1
2
33
1
22
1
10
185
1
28
57
14
17
9
11
1
25
1
23
10
111
152
61
15
15
3
1
16
80
2
1
6
65
7
30
10
65
1
4
48
2
6
20
3
17
76
16
89
25
15
57
6
25
25
25
81
61
4
18
45
259
3
7
10
12
2
100
8
127
277
175
71
7
25
65
5
6
41
302
58
13
45
4
27
4
32
10
43
1
11
46
5
19
22
59
2
86
11
3
158
7
52
1
45
49
10
26
3
4
42
3
30
22
41
1
13
42
74
2
108
9
22
3
37
5
11
23
1
46
5
14
239
150
2
3
3
100
6
3
1
19
12
15
17
60
24
22
2
2
7
172
1
10
3
70
37
6
124
6
6
8
56
10
19
15
14
3
1
36
54
34
10
17
55
9
98
51
2
15
5
1
1
18
1
45
122
33
59
3
19
3
7
49
2
133
3
2
39
1
65
6
10
2
31
1
7
5
13
33
3
43
76
86
134
15
3
57
1
13
42
153
2
21
3
2
4
4
9
2
6
1
2
110
28
21
21
18
46
2
1
6
74
65
1
35
79
1
7
13
46
109
179
1
20
1
1
18
6
3
4
4
16
24
5
3
114
227
227
86
9
21
1
44
1
51
9
19
30
41
24
1
11
11
87
115
98
1
6
3
103
12
29
49
10
16
2
4
3
42
162
7
75
82
34
83
83
30
1
46
21
19
2
129
70
17
86
76
3
7
5
1
6
54
2
198
2
1
3
1
11
7
4
5
116
8
1
1
20
107
3
6
10
1
16
64
79
124
3
11
8
2
65
14
3
2
1
121
36
11
7
26
16
11
77
191
44
92
51
57
2
1
5
62
48
4
1
2
30
3
1
17
24
12
1
88
15
8
14
4
3
3
30
15
1
2
211
10
25
2
204
4
1
8
3
4
18
1
7
2
7
38
8
3
161
8
34
10
1
6
31
7
31
1
22
10
8
51
22
6
20
164
96
2
5
24
4
28
65
1
14
3
3
1
5
36
12
2
8
6
79
67
3
4
37
159
3
2
22
73
1
63
2
9
20
70
2
22
1
4
43
27
6
113
1
30
95
20
12
1
2
3
42
3
19
67
13
44
31
241
3
45
5
58
79
46
4
3
2
56
4
4
21
204
1
22
7
31
1
9
8
8
1
12
3
250
48
12
113
41
4
12
55
57
62
7
1
26
143
2
2
2
33
1
1
38
42
32
50
16
9
34
25
138
5
18
54
9
8
76
36
136
1
1
13
3
27
27
80
104
10
10
1
60
7
2
8
1
1
2
41
85
66
3
7
18
1
24
36
2
5
31
2
149
3
1
44
29
77
33
5
8
1
82
1
7
2
5
6
7
1
2
9
3
40
8
1
13
1
9
11
30
4
22
57
5
87
13
5
2
158
1
1
48
5
22
22
41
75
86
138
3
178
99
1
1
89
5
269
32
5
10
181
18
10
129
5
5
180
3
5
29
7
8
1
44
30
25
11
2
72
66
3
5
443
4
17
10
18
5
74
116
9
13
14
4
44
19
22
234
29
4
12
4
9
7
1
6
3
25
1
10
9
29
4
32
60
20
184
16
3
21
26
8
17
9
45
33
302
22
12
2
4
4
3
69
1
4
17
5
37
2
1
13
34
8
229
87
12
74
27
1
22
19
9
161
3
4
1
2
51
23
23
4
9
100
3
84
2
259
332
42
24
9
4
168
57
3
4
14
132
5
6
23
38
5
12
76
75
94
7
9
22
11
146
41
178
256
63
26
73
14
16
9
3
19
10
16
2
236
32
2
46
224
7
1
128
1
111
17
10
6
20
2
2
3
11
88
24
24
9
1
35
1
14
10
1
4
4
56
11
1
65
71
86
438
8
63
16
11
161
16
47
61
7
6
10
8
23
9
57
2
4
3
4
8
20
1
10
3
72
18
13
2
58
3
77
124
10
1
15
21
105
17
7
47
21
45
236
16
48
10
109
205
17
426
1
4
1
13
45
19
3
5
67
2
109
140
43
28
65
4
1
9
138
31
47
15
19
362
2
2
3
31
7
120
19
67
11
8
6
6
1
2
36
2
142
10
82
69
33
6
37
6
124
13
104
15
108
66
21
3
15
2
8
146
28
5
9
57
50
39
3
32
27
67
33
423
10
21
2
6
3
35
21
3
2
5
48
16
9
34
43
5
43
4
10
7
50
43
4
16
5
5
5
80
2
1
10
56
75
54
195
36
93
219
44
15
56
19
15
28
14
1
3
26
7
1
39
1
44
62
66
44
70
8
37
118
3
1
6
5
2
38
1
2
5
137
75
7
4
3
59
16
8
31
4
24
49
14
11
12
13
1
25
11
6
33
3
2
8
38
42
25
23
1
19
201
200
14
4
97
84
77
1
1
5
39
119
157
75
183
1
19
10
137
22
1
42
400
69
3
22
15
26
52
22
67
8
7
147
9
24
64
43
20
5
3
20
107
10
2
4
1
77
23
76
1
19
45
45
81
112
28
15
2
284
10
18
2
24
2
3
41
57
305
3
1
95
10
145
26
7
14
7
103
135
12
17
1
18
21
1
6
28
1
30
4
23
18
426
12
130
7
311
9
2
6
2
9
16
67
3
126
36
21
61
31
17
120
69
4
12
193
17
37
39
27
93
11
17
6
60
5
5
109
1
5
2
19
275
279
13
43
90
9
8
1
4
3
1
12
30
5
8
1
37
40
7
14
47
91
11
25
5
9
2
101
70
255
1
4
80
40
2
16
10
13
3
11
48
15
58
2
30
3
7
67
5
40
8
1
1
14
51
328
7
1
16
29
1
4
1
1
1
1
1
1
45
2
1
1
2
3
26
8
35
5
16
12
4
1
4
2
2
2
2
1
5
1
26
29
57
11
50
1
2
17
1
1
3
4
4
1
3
4
1
1
5
3
1
63
1
6
1
56
1
1
3
1
1
1
1
2
1
1
44
55
22
39
1
22
2
3
2
1
1
23
8
5
5
5
2
73
1
2
1
5
1
1
1
2
1
1
9
1
1
2
1
1
4
2
1
4
26
9
1
5
6
8
14
9
36
1
7
26
4
1
1
7
3
1
6
1
10
33
1
1
1
2
193
5
5
16
4
1
3
2
3
2
18
2
2
1
6
1
1
1
40
1
1
2
137
68
2
4
1
2
1
11
2
1
3
6
21
3
4
1
6
1
2
4
1
6
19
6
2
2
1
1
2
3
1
3
2
1
4
1
22
1
9
61
17
4
2
169
26
5
1
4
3
12
2
2
1
1
2
3
1
1
1
1
1
3
2
1
6
30
3
2
6
1
1
9
5
1
4
1
27
21
19
25
4
2
3
27
1
9
55
4
18
76
1
15
2
1
1
1
4
1
1
1
7
7
36
1
1
13
1
48
44
1
72
68
12
4
2
3
3
2
9
1
16
5
2
3
7
10
25
2
1
6
1
1
1
1
11
16
3
1
1
1
112
45
18
2
1
1
1
1
114
2
1
3
2
1
5
1
2
2
1
1
1
1
3
11
1
10
1
1
1
1
2
4
25
39
1
18
33
6
1
14
1
1
1
19
1
1
422
1
1
1
1
2
9
7
1
3
1
7
1
1
1
9
1
2
1
1
2
160
2
69
1
2
1
1
1
1
1
2
1
1
1
2
1
1
15
2
3
1
9
3
1
78
1
1
1
1
1
1
1
1
1
1
1
1
1
1
1
1
4
1
1
1
1
1
1
1
39
4
4
1
1
1
1
2
1
1
1
1
4
3
1
2
2
1
2
1
3
1
11
1
1
1
10
1
2
1
1
10
4
14
2
1
1
1
10
70
20
1
1
5
1
20
9
3
1
3
3
3
1
5
1
1
3
1
1
3
2
1
1
13
4
2
1
1
1
2
15
1
1
21
7
3
1
4
6
1
11
1
1
3
1
2
1
23
1
4
2
1
1
1
1
1
1
2
1
1
37
1
1
4
4
1
18
1
1
1
2
1
15
1
2
3
3
4
25
3
1
2
6
1
2
1
1
1
2
3
9
38
38
1
1
1
1
1
1
1
1
3
1
1
1
8
1
2
1
1
2
1
1
2
1
2
1
1
1
6
6
22
2
9
35
1
1
8
4
3
1
1
4
2
2
1
4
1
1
1
4
3
81
2
1
3
2
2
1
2
3
2
27
1
9
2
1
3
2
58
1
35
3
1
3
1
2
3
1
2
4
1
1
7
4
1
1
1
3
1
1
1
346
1
1
4
1
67
22
3
6
1
1
5
1
1
2
1
1
1
1
1
1
1
1
12
1
4
1
1
1
1
17
1
1
3
1
2
1
1
1
1
5
1
1
1
13
5
7
2
1
1
32
1
117
122
3
3
2
2
29
1
5
1
55
2
11
1
3
9
2
1
2
1
19
8
47
9
15
46
11
4
8
1
1
11
6
1
54
4
3
1
1
5
1
1
10
1
3
1
1
1
5
1
7
1
1
1
66
1
1
1
1
59
1
9
1
7
21
12
3
1
235
2
100
1
42
5
1
1
1
1
1
2
27
3
1
1
17
26
5
3
4
1
3
1
1
2
1
2
4
1
1
1
5
1
16
1
1
1
1
11
1
1
1
40
4
20
1
1
1
1
1
2
25
2
12
1
1
2
3
3
8
20
1
23
3
1
29
8
74
1
1
5
5
2
36
55
4
5
1
3
1
2
20
8
8
32
15
9
3
19
1
2
2
1
2
4
2
7
1
3
1
2
2
3
7
17
34
1
1
1
1
1
7
12
1
1
1
5
5
1
29
2
2
5
5
1
1
1
1
3
1
3
1
9
9
2
1
1
4
11
1
2
17
2
1
8
22
2
5
3
1
3
1
2
1
170
1
1
1
1
2
1
1
2
2
1
3
1
24
1
1
1
2
1
1
1
1
2
6
3
1
5
1
1
139
1
1
1
1
89
1
1
277
1
2
236
1
52
1
1
3
5
21
16
1
2
35
1
8
2
6
1
1
4
1
1
16
1
1
1
1
3
1
1
22
1
4
1
9
17
35
1
1
28
24
11
3
29
1
1
1
2
2
1
1
1
1
1
4
105
3
1
3
10
3
3
1
3
1
1
1
1
1
3
2
3
4
1
5
1
1
31
1
18
14
2
1
27
10
1
22
1
1
2
6
8
1
2
1
1
58
17
41
15
9
6
1
8
1
2
1
1
1
12
31
10
1
1
15
1
2
2
1
12
1
1
3
1
1
4
1
1
1
2
1
3
3
3
24
1
22
1
1
2
1
10
1
1
2
1
1
1
21
1
1
1
24
1
23
69
2
1
2
1
1
1
97
15
1
1
1
1
14
1
2
1
1
1
10
1
1
1
1
1
3
18
23
1
1
1
1
29
309
1
1
1
1
1
1
1
8
4
1
68
1
15
2
1
1
1
2
6
1
2
3
1
2
9
1
1
1
1
40
1
2
2
2
2
3
1
1
1
1
2
1
10
3
1
1
1
1
1
1
1
1
1
1
1
13
2
1
50
5
1
1
1
1
59
7
15
1
21
1
1
19
3
1
164
12
6
1
1
50
19
1
1
1
2
1
3
1
1
2
1
22
1
5
2
2
4
4
1
7
5
1
1
2
1
7
2
6
2
1
5
1
5
3
1
2
1
6
4
1
1
1
1
44
8
2
1
1
6
1
1
20
17
9
1
1
4
9
1
1
1
39
13
4
5
1
4
12
3
1
1
1
58
1
1
3
1
31
1
1
6
3
1
1
2
1
4
1
101
1
2
2
1
5
78
3
2
21
1
1
3
1
16
27
14
1
1
4
2
1
9
2
33
1
6
7
1
14
9
4
5
1
1
29
1
1
13
6
1
1
2
5
3
1
41
13
3
1
1
4
1
3
1
35
42
3
1
1
3
10
2
4
8
1
148
3
1
2
1
2
2
61
8
2
1
12
2
2
1
11
8
2
7
5
35
3
22
16
2
2
4
1
1
1
1
2
1
7
40
1
1
2
21
4
3
1
2
1
1
1
1
6
1
4
5
1
1
1
8
33
1
2
1
1
10
12
112
10
5
1
3
5
2
4
2
1
33
18
1
1
3
1
1
5
3
4
32
9
4
19
6
3
37
1
4
2
5
1
7
1
1
4
2
16
2
1
1
2
5
3
2
1
12
6
3
15
10
17
5
23
15
1
1
3
10
3
31
1
3
2
10
5
13
11
29
1
1
1
1
1
5
1
1
9
4
5
43
2
3
10
4
1
1
1
3
1
1
1
28
1
14
18
1
25
1
1
2
4
7
3
1
19
4
1
1
50
8
1
1
21
1
3
13
1
4
1
3
1
1
3
5
3
3
1
3
1
11
1
1
18
1
1
1
1
2
1
12
1
1
1
2
6
8
4
1
2
4
1
5
1
1
26
1
76
15
1
2
1
6
1
1
1
4
1
1
7
1
1
1
6
2
1
87
1
1
1
4
1
1
1
1
1
1
1
1
1
3
5
1
3
2
2
1
1
1
1
1
1
1
4
1
1
2
1
1
2
1
1
4
3
1
1
1
1
1
1
1
2
1
1
9
11
1
1
4
2
2
1
2
53
2
2
7
3
9
1
1
1
1
1
1
36
1
1
1
2
1
1
4
4
1
6
4
1
5
7
1
1
1
1
1
2
2
5
1
2
1
2
1
1
3
1
2
1
1
1
3
1
49
2
2
17
1
1
20
25
2
1
2
28
317
34
1
1
1
15
2
1
1
1
1
1
6
2
2
11
10
1
1
1
3
1
3
3
1
1
3
1
1
3
2
2
1
5
1
2
1
1
3
2
30
251
2
300
1
15
184
1
1
1
1
1
1
49
35
1
1
1
1
1
1
2
3
1
1
1
1
1
6
1
1
4
1
18
3
1
2
1
2
2
1
3
1
3
1
1
4
1
1
2
1
3
2
11
1
30
5
3
3
1
3
1
1
23
1
8
1
5
1
17
1
2
3
14
1
2
1
1
2
1
1
4
2
1
3
4
1
10
21
1
5
31
2
61
1
4
3
2
2
1
2
2
1
9
5
9
1
1
37
10
1
1
67
21
79
18
7
3
7
39
26
1
14
1
8
1
2
1
2
35
1
67
1
1
1
1
21
9
1
3
9
1
1
1
12
1
1
1
1
2
1
1
3
1
1
1
2
1
2
2
3
1
1
1
1
1
11
34
1
3
147
26
39
1
1
19
51
8
1
45
1
1
3
9
1
1
1
34
3
2
1
4
1
1
1
156
2
4
1
1
1
36
1
80
1
1
2
60
1
1
1
3
1
1
1
2
6
39
1
1
2
3
1
1
1
1
1
2
1
1
1
3
5
2
1
3
1
34
1
1
1
26
6
1
1
1
1
5
4
1
34
1
2
40
4
3
8
77
8
6
1
8
27
1
1
2
1
95
1
1
1
1
12
1
9
20
2
1
1
50
1
27
1
1
1
3
1
1
3
2
1
1
1
1
4
1
2
2
14
3
1
1
2
1
2
9
3
1
1
1
1
50
25
1
1
1
1
5
1
2
1
1
1
1
1
1
1
3
1
4
10
1
1
30
3
1
1
1
1
1
1
9
2
1
2
5
1
2
1
2
2
2
1
2
20
1
3
1
4
1
1
1
1
2
2
1
6
8
1
1
2
9
84
1
1
5
4
1
1
202
1
2
5
1
2
1
1
1
2
2
28
2
2
1
2
2
21
1
3
1
1
2
2
11
2
1
1
1
7
2
2
1
2
1
1
3
1
1
1
2
39
2
55
2
1
5
1
2
1
2
1
2
11
58
24
1
28
172
1
5
8
2
17
1
25
4
18
5
223
6
1
1
11
3
1
1
1
2
18
29
1
1
2
6
32
1
1
1
1
1
1
2
1
203
9
1
4
18
7
1
1
2
2
1
1
2
4
2
12
8
1
1
18
1
3
7
1
2
12
4
1
2
10
2
1
2
22
5
2
1
2
77
1
8
3
1
1
1
1
1
1
2
1
1
1
9
1
1
1
2
3
3
1
1
1
5
1
1
1
2
4
1
5
1
1
1
2
5
1
2
1
8
23
1
11
21
1
10
1
2
3
1
3
2
1
1
1
3
1
2
1
2
2
1
2
3
1
1
1
1
1
1
1
8
2
1
1
4
1
2
2
3
1
7
3
1
1
1
1
2
1
1
1
5
2
15
1
3
4
1
1
26
1
2
1
2
1
1
3
1
1
1
2
2
2
3
1
2
1
6
3
1
1
1
2
1
2
1
1
1
2
1
1
1
3
11
2
4
6
1
1
1
4
1
6
1
1
1
14
9
44
1
1
1
5
2
1
2
1
1
1
1
1
7
4
6
7
1
2
1
2
12
1
6
1
1
3
51
1
6
40
3
1
95
1
1
2
1
1
1
2
1
39
1
1
2
1
2
2
1
1
2
1
1
1
1
1
20
3
130
1
1
2
1
50
5
6
7
1
90
1
2
3
1
1
1
2
113
2
5
1
2
1
18
53
3
1
76
147
8
19
1
9
1
107
19
2
19
1
1
10
1
155
1
1
1
1
6
1
1
1
42
10
12
1
12
1
1
2
4
13
8
2
7
3
5
1
1
1
3
2
3
10
8
2
1
3
15
2
1
4
13
11
4
2
107
1
2
2
4
3
1
1
1
1
16
1
9
11
1
1
22
1
1
1
2
1
3
1
1
1
2
2
1
1
1
1
7
1
1
12
1
3
1
1
4
17
16
3
1
1
1
55
1
1
2
1
1
3
1
5
1
3
2
3
1
1
3
2
1
1
1
2
1
1
1
1
1
2
1
2
1
21
3
3
1
1
1
111
7
2
1
1
1
1
2
1
1
2
1
12
1
1
1
1
4
1
1
1
18
2
5
1
6
2
28
12
1
3
6
1
4
13
6
1
5
1
2
1
1
1
1
1
6
25
4
1
8
10
2
1
6
4
63
23
9
1
1
5
1
6
2
1
1
1
13
1
1
3
1
4
3
1
1
1
1
1
1
1
1
2
4
1
67
1
2
1
1
1
1
1
1
59
1
1
1
1
1
1
1
1
11
1
2
1
1
3
8
282
2
1
1
2
123
1
2
1
1
14
11
51
1
16
1
3
1
5
1
43
1
3
3
1
2
3
1
1
3
1
1
8
1
1
1
2
1
1
1
1
1
21
4
2
194
1
2
1
14
1
5
2
1
1
1
1
20
1
1
1
2
1
1
3
1
1
1
1
3
1
1
2
1
37
1
1
3
2
2
1
1
1
5
5
186
8
2
2
3
2
31
1
1
73
3
1
1
2
2
6
1
1
6
3
1
3
126
3
1
1
2
1
2
3
1
1
1
1
1
4
1
2
1
1
1
6
2
5
1
1
1
1
2
4
1
2
2
1
1
1
2
13
2
46
3
1
1
1
1
1
2
2
1
8
3
4
1
1
4
4
1
1
1
1
1
1
1
2
1
1
1
10
1
1
1
1
1
1
1
3
2
1
1
1
1
1
3
1
1
1
1
2
1
1
2
1
1
1
1
1
3
12
1
1
1
1
11
36
21
9
15
2
2
1
1
1
1
1
1
1
6
15
1
26
53
1
32
1
2
1
6
1
3
2
1
14
6
6
1
3
74
6
1
3
5
7
5
1
15
11
3
5
1
1
1
1
74
1
3
1
13
13
1
1
2
3
1
2
2
1
8
3
1
4
4
2
1
1
2
4
2
1
1
1
3
52
1
1
2
1
18
1
8
2
13
1
3
13
1
1
9
31
3
1
3
2
1
6
1
4
4
1
56
6
90
9
2
10
1
1
2
1
1
16
19
11
54
70
2
9
1
2
2
33
1
6
120
1
5
17
37
9
2
2
3
1
1
4
1
13
11
1
1
1
10
2
5
2
1
1
23
16
7
1
2
14
1
1
1
12
1
1
1
1
1
3
1
13
2
2
1
1
6
36
2
1
1
3
12
3
1
15
1
4
1
1
2
103
2
16
3
1
9
1
3
25
1
1
45
1
8
7
1
21
22
2
3
1
2
1
1
1
1
6
2
1
1
76
1
1
1
1
3
1
1
2
1
2
1
1
1
1
48
1
1
1
2
5
1
1
1
10
1
2
1
1
4
1
1
1
3
1
1
1
2
2
3
1
4
1
2
1
2
3
1
1
1
2
1
2
1
7
12
1
1
2
1
1
1
1
1
108
1
2
2
1
2
1
25
2
1
2
1
1
1
1
23
10
1
2
1
1
1
15
6
1
11
1
2
1
3
275
1
1
1
1
1
72
17
2
1
2
1
5
1
1
1
1
7
2
4
1
1
1
1
31
2
21
2
1
2
1
7
5
1
5
4
2
3
1
2
1
16
1
2
1
1
1
1
1
1
1
1
1
1
9
1
1
1
1
1
1
1
2
1
1
4
15
3
1
1
1
1
2
1
5
6
1
4
1
1
1
2
1
43
54
1
4
1
5
2
22
3
1
1
1
1
1
8
62
2
1
1
1
1
1
3
1
5
2
1
29
3
20
1
4
2
3
3
3
11
1
4
1
1
1
3
3
2
2
9
1
1
15
6
15
2
1
1
1
1
11
4
1
112
2
1
1
1
12
1
1
1
1
1
1
1
2
1
2
1
1
1
1
3
1
1
1
1
1
1
1
1
1
1
9
1
1
1
1
12
1
1
33
1
1
3
10
31
4
12
3
2
5
3
13
17
1
1
6
47
15
2
1
1
86
14
1
57
3
16
1
51
1
5
1
1
1
18
2
18
1
40
1
27
1
13
1
2
2
330
1
1
1
1
1
1
1
14
57
1
1
2
1
4
1
1
1
7
2
2
4
1
1
1
1
1
1
2
1
1
5
1
1
10
1
19
6
1
20
2
2
5
19
1
7
1
2
1
2
7
1
4
1
24
4
1
4
3
1
19
34
1
1
5
9
1
76
1
1
24
4
3
21
106
2
60
1
25
8
4
1
12
3
59
5
3
1
7
9
4
15
5
2
2
2
3
96
6
14
116
4
1
121
396
24
9
17
1
3
1
3
4
8
18
1
1
1
2
7
48
2
153
1
1
1
1
9
3
1
1
1
5
16
1
2
2
3
16
10
1
1
5
4
3
2
2
6
3
1
1
1
1
19
2
13
1
2
1
1
1
1
1
4
1
9
1
2
7
2
1
1
3
265
58
1
1
1
6
1
2
1
2
1
6
1
1
1
2
3
3
1
1
1
1
1
1
4
1
1
1
305
2
1
2
1
1
1
28
1
20
2
1
1
1
6
1
16
1
1
1
4
4
1
1
3
4
3
2
3
1
11
1
1
15
1
1
2
7
1
5
28
1
7
1
17
2
2
2
74
2
1
1
1
1
1
2
1
2
1
1
1
2
1
1
1
1
1
1
1
1
2
1
1
1
18
1
1
6
1
1
4
2
1
1
1
2
1
1
1
1
1
1
2
1
3
1
1
13
12
4
51
3
7
1
3
11
2
5
12
7
1
1
1
1
1
1
341
1
2
3
7
2
1
94
2
1
1
1
24
1
1
1
1
1
6
24
14
6
1
1
8
1
1
14
2
4
1
1
1
1
34
1
2
14
1
11
12
1
10
1
2
3
1
1
6
3
2
2
1
2
35
1
1
12
1
1
2
2
1
27
1
2
1
2
1
2
13
5
1
1
1
124
6
1
6
2
2
1
5
15
22
1
1
2
1
4
30
50
1
2
22
2
1
1
1
1
1
1
1
1
1
2
11
1
2
2
92
2
2
1
2
2
1
7
3
2
17
1
1
4
37
1
1
2
36
1
1
1
18
19
1
1
1
1
2
1
1
1
1
2
1
2
1
2
14
1
21
1
1
1
20
1
1
2
1
1
4
1
1
3
1
1
2
1
1
4
1
31
1
1
1
1
1
1
1
10
1
1
1
1
1
5
2
3
1
3
2
4
4
2
51
4
7
4
2
3
216
2
2
1
1
1
1
1
1
1
1
1
18
15
26
8
1
1
4
1
7
2
8
1
2
2
4
2
2
27
1
1
2
1
1
6
1
2
1
2
2
1
1
1
1
9
1
1
7
2
1
2
1
3
1
7
2
2
22
33
2
1
2
4
8
5
6
259
1
15
1
33
42
2
2
1
1
1
7
1
1
1
1
2
1
23
1
1
22
13
1
4
2
53
1
2
7
2
1
1
2
2
1
2
1
4
2
34
12
1
9
27
48
38
1
1
49
1
2
4
1
2
2
2
1
1
1
40
1
1
1
14
1
1
32
1
22
1
8
7
4
1
28
6
1
2
1
4
1
109
1
1
3
19
2
19
1
102
1
1
4
4
1
1
2
3
10
3
2
2
1
11
2
1
2
14
80
2
1
1
1
1
1
1
1
1
1
2
24
3
1
1
1
1
1
1
1
1
2
1
14
2
5
1
13
1
8
14
1
1
1
1
1
1
3
10
8
2
1
3
5
1
3
3
5
1
1
3
1
12
3
1
2
5
1
1
1
1
2
1
2
2
1
2
8
1
1
1
27
1
1
17
3
1
4
5
18
1
7
2
2
2
1
1
1
1
1
1
2
1
2
1
1
2
1
11
6
10
60
1
2
2
2
7
10
1
1
1
5
1
1
1
11
1
1
13
3
2
1
1
4
1
11
13
1
307
1
7
3
8
1
1
26
4
3
40
1
14
1
1
3
22
20
1
1
1
1
1
14
1
1
1
2
1
1
1
240
1
1
12
1
27
1
3
3
3
1
1
1
1
5
1
6
17
1
8
7
1
4
1
1
1
7
17
1
3
2
1
1
1
18
1
1
1
11
6
4
1
1
1
1
82
4
2
2
3
1
1
4
3
1
1
1
1
3
1
2
1
10
15
2
9
2
1
1
5
8
26
1
1
1
1
1
1
1
1
90
57
1
2
1
1
12
1
1
2
27
18
3
1
1
11
22
1
2
1
2
227
1
1
8
6
1
1
3
56
1
5
1
1
74
1
3
1
1
1
1
1
1
1
2
1
7
1
1
2
3
7
1
114
2
2
1
1
1
1
14
3
1
2
4
1
11
1
2
1
3
2
1
46
5
3
29
2
10
7
20
1
9
2
6
1
18
1
2
20
7
211
2
1
5
1
4
1
2
2
10
1
12
8
2
1
2
1
1
1
1
1
1
1
1
46
12
1
11
1
2
3
1
1
1
1
1
2
1
3
3
5
13
9
5
2
1
1
65
9
1
1
4
1
6
10
2
1
1
1
7
3
1
1
1
1
1
3
2
1
4
1
1
1
14
1
2
125
170
3
1
2
1
1
1
1
1
2
2
6
3
1
1
1
63
1
3
4
22
2
1
2
21
2
4
1
1
1
36
4
9
6
12
1
1
1
1
18
3
2
1
1
2
2
1
4
30
173
2
11
1
1
2
1
1
1
1
1
1
2
1
1
1
1
19
1
1
1
206
6
1
2
1
1
11
1
1
1
5
24
3
1
1
78
1
3
1
1
21
7
1
9
5
80
6
1
9
15
1
2
3
1
4
2
4
2
1
4
10
2
8
2
1
2
1
1
7
7
1
1
3
2
1
13
1
1
24
4
9
1
1
5
5
1
10
6
7
3
99
1
4
2
8
5
30
1
2
6
2
7
1
1
6
1
1
10
19
1
1
1
1
2
2
1
39
51
37
1
2
104
1
7
39
15
1
2
63
1
23
1
16
3
4
1
4
28
43
1
3
1
1
1
51
26
1
6
1
8
2
4
6
1
2
3
2
4
33
53
5
1
1
1
1
3
2
2
4
1
13
3
1
1
1
5
3
1
1
1
52
10
9
1
283
1
1
1
9
1
1
1
1
26
1
1
4
2
2
1
2
16
1
1
1
2
1
3
7
7
1
1
1
41
3
2
1
1
8
1
1
1
3
1
82
1
4
3
1
1
1
6
3
12
1
5
12
2
3
7
6
2
1
1
1
1
7
1
1
1
4
3
1
1
1
2
2
9
1
1
1
1
6
4
1
135
1
2
4
2
2
1
6
8
4
1
3
1
2
5
36
3
1
10
1
62
1
1
72
2
1
1
16
1
5
2
10
5
1
2
11
8
35
6
4
1
8
1
5
4
2
1
21
1
1
10
9
1
3
17
1
1
1
1
1
1
7
4
1
1
96
4
37
1
1
1
1
3
1
4
5
33
1
1
2
11
44
9
4
10
1
1
1
2
1
12
1
11
18
2
1
1
2
3
1
9
2
27
13
38
1
38
4
1
43
1
1
2
6
7
3
1
6
3
2
1
1
1
4
1
3
7
8
29
1
1
48
1
30
2
1
5
1
1
2
1
20
1
8
1
1
1
2
2
13
1
23
1
1
7
1
25
1
27
1
1
1
1
1
53
1
1
2
1
2
2
4
1
1
58
4
1
1
1
1
2
1
1
2
1
10
24
3
12
1
2
1
8
2
1
21
1
19
2
1
80
2
1
6
1
1
1
2
2
2
2
1
20
1
31
1
5
1
1
2
1
1
1
1
1
1
3
3
3
35
1
1
1
25
1
1
1
1
58
2
2
9
1
1
9
1
1
1
1
1
43
4
1
13
1
2
3
1
3
1
1
1
1
4
2
3
16
1
1
1
2
6
1
1
1
1
1
7
13
7
1
1
1
3
2
4
2
2
3
7
2
27
1
1
1
6
1
59
1
1
47
51
1
1
1
4
1
19
6
8
1
1
1
1
5
1
396
1
1
3
6
2
11
44
1
116
1
1
5
3
2
1
1
1
2
5
11
6
1
50
3
18
1
12
1
1
9
1
1
14
1
1
13
1
1
52
4
1
1
38
6
1
1
13
1
41
25
1
1
5
1
1
1
2
1
1
1
2
9
1
1
1
2
1
36
1
1
1
2
1
2
19
1
1
1
1
1
1
8
5
2
145
36
4
1
1
1
2
1
3
2
19
5
64
7
1
7
10
1
1
1
3
17
1
9
26
3
4
1
1
2
10
4
1
1
1
1
1
1
3
159
1
15
2
1
4
1
7
14
1
16
25
1
1
1
1
2
1
1
3
1
1
1
12
4
1
1
2
2
1
1
1
10
1
10
4
1
17
1
1
1
12
3
1
1
2
3
2
1
1
1
1
2
7
3
9
2
1
1
14
31
1
2
1
1
1
3
1
57
9
1
2
2
1
28
2
1
8
1
9
1
1
1
9
1
1
2
1
2
8
10
7
1
1
1
1
1
1
1
1
1
1
7
19
10
2
1
1
1
2
1
1
1
2
1
1
1
11
1
1
1
1
1
4
1
23
48
1
7
1
1
159
1
16
38
1
1
40
1
1
1
1
1
1
2
2
3
1
47
54
2
1
2
1
2
1
1
1
1
5
285
27
1
1
5
1
3
1
3
1
3
1
1
1
1
89
1
1
1
6
2
22
1
1
2
1
3
1
1
1
2
7
15
1
6
11
1
1
1
3
1
9
3
10
4
8
1
8
1
2
1
3
1
2
1
2
1
3
1
1
14
1
1
1
1
39
2
27
1
30
1
2
1
2
1
2
1
1
1
1
1
1
1
47
2
1
97
1
10
54
1
1
3
2
1
1
1
1
28
6
6
54
3
49
2
65
1
2
3
1
1
1
343
1
1
321
1
1
3
1
1
1
5
1
11
5
1
2
2
1
12
36
1
1
2
2
1
4
1
1
1
17
6
2
1
159
88
3
1
19
2
10
10
23
7
1
2
6
1
5
3
1
1
4
1
4
12
1
6
1
3
6
14
1
2
2
1
1
1
1
7
2
5
1
1
1
2
1
5
1
9
2
4
1
3
1
9
16
2
34
1
2
8
1
1
1
2
3
2
3
37
2
14
1
1
1
11
1
208
2
49
1
2
3
1
1
1
4
7
1
8
1
1
1
1
1
1
4
1
2
1
9
1
1
1
9
72
22
1
1
1
1
1
17
2
1
5
1
6
2
1
4
262
2
1
1
6
2
2
2
1
30
181
2
1
19
2
4
6
1
4
4
15
2
1
2
5
1
1
1
1
3
4
1
7
2
13
1
22
1
1
1
395
1
1
1
7
7
2
4
46
2
4
2
1
2
2
3
1
1
2
1
3
1
9
6
1
11
4
4
9
28
14
1
2
1
1
22
17
1
3
8
2
5
1
1
21
1
4
11
4
5
1
1
5
2
1
34
3
1
3
1
2
1
1
7
34
3
51
1
1
8
4
12
1
2
1
2
1
1
2
30
1
1
1
1
34
2
7
1
3
1
27
7
5
15
1
6
17
43
5
12
1
2
33
2
2
5
15
1
1
1
2
1
51
6
2
1
1
6
1
241
1
2
2
8
5
1
3
1
3
1
1
1
1
1
1
3
4
5
1
2
2
1
1
2
4
1
5
7
18
1
9
1
9
1
2
2
2
1
7
1
1
2
3
17
2
1
1
1
2
280
1
3
6
29
2
1
2
10
1
7
1
1
1
1
3
1
1
2
6
4
35
1
1
67
1
1
1
1
5
5
1
1
3
1
32
24
1
2
2
206
2
2
1
6
2
3
17
1
1
1
2
2
3
1
8
1
4
13
5
9
1
1
2
5
1
9
9
29
201
2
1
55
2
1
1
1
5
1
6
1
8
1
1
1
3
265
2
1
1
11
1
1
53
1
4
7
1
2
1
1
8
2
1
1
366
1
1
1
74
1
1
3
1
1
1
8
1
1
1
193
34
1
2
2
1
3
1
10
15
1
1
1
5
1
1
9
1
1
1
1
1
1
1
2
1
2
1
2
1
1
2
1
328
12
1
3
74
83
1
3
2
2
20
1
21
51
1
1
2
3
1
1
5
2
1
39
1
1
1
2
146
1
1
1
2
1
1
1
6
1
3
2
1
1
1
9
52
1
4
2
9
8
2
1
2
10
2
1
1
59
21
1
28
3
2
1
3
1
5
2
2
1
8
29
1
1
7
1
1
11
12
78
1
2
2
2
59
2
2
1
2
1
5
4
1
1
1
1
42
1
1
3
2
3
6
1
1
18
6
4
4
6
5
4
4
1
1
1
4
1
10
1
1
1
2
1
1
1
72
15
3
17
3
1
1
1
9
2
11
2
1
1
2
1
1
1
1
3
1
1
1
1
22
23
2
1
2
4
1
17
17
2
1
10
1
7
1
11
2
1
3
9
1
1
4
1
4
4
1
77
2
2
3
8
72
96
5
6
1
1
1
1
3
1
5
1
1
3
3
12
13
11
5
2
35
20
1
31
1
1
3
1
2
70
2
9
1
12
315
2
1
1
1
9
3
30
3
2
1
1
1
2
53
1
3
6
1
1
1
2
1
1
5
14
6
3
2
7
11
2
13
2
5
10
14
4
1
28
4
1
3
1
3
7
1
67
12
1
1
3
1
12
3
1
5
1
1
1
2
1
4
1
1
2
35
1
1
2
5
1
2
1
1
1
2
444
4
2
1
1
2
10
1
9
3
1
1
1
43
1
1
1
4
3
4
1
1
1
12
1
1
11
5
17
1
14
4
9
13
1
2
1
4
4
1
1
1
1
1
1
2
5
23
36
1
10
4
3
1
1
1
1
7
1
7
75
1
3
1
1
6
1
1
1
1
14
2
1
1
13
1
1
3
1
2
4
1
1
1
1
1
18
9
1
1
1
5
1
3
3
1
2
3
25
3
1
1
1
2
1
2
1
1
1
1
1
1
1
1
1
1
1
2
1
1
1
1
1
1
1
33
51
4
2
1
57
86
7
1
5
12
3
1
5
1
1
158
41
1
1
2
1
1
1
3
1
1
1
2
13
2
2
1
1
1
22
2
10
1
4
3
26
1
9
154
2
1
3
1
1
5
3
1
7
10
1
4
1
13
3
2
13
2
5
1
1
1
1
1
2
5
10
2
1
394
5
14
9
1
1
3
300
20
1
6
1
1
2
1
4
1
1
1
7
38
14
3
4
52
2
3
7
1
1
1
13
2
1
1
1
1
1
3
1
1
1
1
1
4
9
4
1
1
4
14
11
1
1
4
1
2
2
18
2
2
1
1
9
5
3
2
3
10
6
1
12
1
4
1
24
6
1
1
47
1
1
1
34
9
15
6
51
4
1
12
3
90
1
1
2
2
6
132
4
4
16
3
1
1
6
1
41
12
3
2
1
1
1
1
1
1
94
1
1
1
242
1
1
1
1
5
2
1
10
8
2
1
10
1
14
2
5
1
6
1
1
1
4
3
3
2
8
8
1
2
1
2
1
1
20
50
9
1
29
1
4
1
1
4
1
1
1
7
1
39
1
1
1
1
1
1
2
8
1
5
50
1
25
1
9
8
2
31
2
1
1
2
1
2
1
1
5
1
1
1
8
6
1
1
1
1
1
1
2
17
30
1
4
1
2
3
11
5
9
1
1
2
23
1
16
1
2
77
5
1
13
7
1
4
3
10
1
30
2
1
8
14
1
5
1
2
10
1
50
11
2
3
2
50
3
2
1
52
1
1
3
1
2
2
2
1
1
1
7
10
335
1
1
1
3
2
1
2
5
1
1
7
1
2
1
6
2
5
1
1
1
1
25
4
1
2
13
1
2
1
1
53
1
1
1
2
1
1
8
2
8
1
16
25
6
11
17
1
2
1
1
4
1
1
1
1
1
17
2
2
2
1
1
1
8
3
20
2
51
2
1
6
1
2
1
1
1
1
4
1
1
1
1
32
1
1
3
5
5
11
3
15
137
1
23
1
2
13
24
2
1
2
5
9
2
2
30
11
2
1
5
3
2
6
1
3
3
1
1
36
1
1
1
2
3
6
1
1
1
11
2
3
5
1
4
6
59
4
1
3
9
84
2
8
6
12
4
2
1
6
1
1
1
5
1
18
48
6
1
1
26
1
156
18
1
2
9
3
1
1
1
1
3
1
99
3
17
1
1
2
1
2
2
1
1
1
1
184
3
3
10
4
2
1
1
87
5
1
57
45
1
20
16
6
1
1
3
1
1
2
1
1
5
1
1
6
1
4
87
2
17
1
10
1
8
19
1
1
2
1
4
12
2
5
8
3
12
1
1
4
1
6
1
2
1
2
1
1
1
1
1
3
1
1
1
1
1
3
2
1
1
1
6
2
1
13
23
3
2
3
1
1
1
3
7
1
3
1
7
1
1
1
1
2
2
1
1
2
1
2
1
1
9
1
2
1
2
9
40
42
2
9
3
1
2
2
1
1
1
41
18
1
1
1
1
1
1
1
6
70
23
2
1
10
1
4
1
28
1
1
1
67
1
23
6
2
1
1
1
9
2
9
1
1
130
3
3
1
1
18
3
128
1
18
1
2
1
1
2
1
1
1
3
1
9
1
1
1
1
3
2
71
1
1
1
2
1
1
1
2
1
29
1
1
1
1
1
1
1
4
1
1
7
1
1
1
6
1
1
1
1
51
34
1
1
2
2
5
1
2
8
1
4
21
1
11
4
1
1
1
1
2
2
5
2
20
1
1
14
1
2
5
4
25
2
1
65
2
11
4
1
1
2
3
1
1
3
1
2
53
1
1
2
3
6
8
1
1
3
1
1
1
1
1
1
1
1
3
1
5
14
1
1
1
3
34
1
1
1
1
1
1
1
3
3
1
1
1
4
1
4
35
2
1
1
1
2
1
2
1
8
2
1
1
1
1
1
1
1
10
2
1
17
1
9
4
2
3
1
1
15
1
1
1
1
5
1
1
1
1
1
1
1
1
1
42
2
1
10
2
2
1
12
1
1
2
2
2
1
1
4
1
3
3
1
1
1
16
1
4
7
8
1
8
2
45
66
24
9
4
1
1
32
3
1
1
22
2
6
15
6
1
1
1
1
14
1
1
5
7
10
3
1
13
1
1
1
1
1
1
6
1
2
1
1
1
1
1
1
1
24
9
1
1
3
2
2
3
2
23
195
2
1
1
1
1
1
3
4
3
1
1
2
1
1
11
1
8
3
8
3
3
3
7
2
61
5
12
4
4
1
1
1
19
3
1
5
2
1
3
16
19
2
3
1
3
17
3
19
1
12
1
1
2
7
1
2
6
4
6
6
5
6
15
1
6
1
1
3
24
4
6
3
2
93
4
1
1
2
2
2
1
11
42
5
14
1
5
4
1
7
1
1
1
2
86
2
31
5
3
1
1
2
1
8
1
1
12
2
2
1
2
1
2
3
1
9
1
96
129
3
4
1
1
68
1
33
57
1
9
3
1
28
5
12
1
12
51
10
6
87
46
1
3
17
1
1
30
3
8
2
1
3
3
62
2
4
3
3
3
1
43
1
4
1
1
4
73
1
5
1
1
3
44
1
5
86
37
2
4
131
16
18
2
19
1
1
1
6
2
11
1
5
1
5
23
5
5
24
4
1
6
10
1
8
1
1
1
4
58
2
1
4
1
2
188
10
4
21
7
4
1
1
2
1
6
1
1
2
1
1
2
18
22
1
2
4
3
14
11
2
2
34
2
4
1
5
13
5
3
2
4
3
2
4
9
319
7
11
159
1
2
2
2
9
113
2
4
1
26
8
63
25
1
2
1
7
3
3
3
1
3
2
2
1
2
8
1
65
3
5
6
13
67
67
2
20
18
6
1
1
10
2
219
184
1
5
1
3
1
23
1
16
1
1
65
1
15
7
8
1
4
1
1
9
1
12
1
1
1
1
9
2
11
24
1
1
1
1
1
6
4
8
58
1
5
3
1
1
2
1
1
1
1
2
4
1
5
2
1
30
1
2
2
87
1
50
1
1
3
1
5
4
1
10
6
1
3
3
3
19
48
14
6
2
81
1
1
2
5
4
19
45
1
11
191
1
1
3
2
2
1
4
1
2
1
1
2
9
3
1
7
3
1
30
4
2
11
2
1
1
4
18
1
1
1
1
1
3
1
27
3
199
3
4
1
1
1
2
1
13
2
207
1
10
3
1
1
30
1
41
2
2
1
1
16
1
70
2
18
3
295
8
26
1
23
2
1
1
4
3
2
6
8
1
1
47
20
2
1
3
6
18
1
4
39
4
359
3
4
1
43
2
5
5
3
15
1
7
4
20
1
1
1
8
1
23
41
1
4
68
2
1
4
1
50
6
3
1
3
9
3
4
40
1
6
1
1
1
2
3
2
12
2
17
6
3
5
3
4
1
1
21
1
3
2
1
7
6
26
1
2
1
1
1
1
5
8
1
1
58
1
9
12
1
1
1
11
6
1
1
3
13
1
25
1
11
1
1
2
6
2
5
1
1
1
2
1
1
68
3
4
2
11
1
2
1
2
1
3
2
3
1
2
1
1
1
2
1
1
4
17
2
1
2
2
1
4
5
3
1
59
12
40
160
82
2
6
2
1
1
1
35
2
1
3
1
8
1
11
5
5
1
1
2
3
5
2
1
1
1
1
1
1
23
1
5
4
8
1
76
3
3
12
6
3
1
3
7
1
1
1
21
17
11
18
1
11
3
20
8
68
3
2
1
1
1
2
1
2
1
19
3
1
1
6
4
2
1
1
1
1
1
2
1
83
1
4
1
3
1
1
7
1
1
1
1
2
6
2
22
1
2
1
61
1
1
3
3
1
6
25
2
8
1
2
1
52
7
45
2
1
1
1
1
10
1
2
2
350
1
20
1
5
9
1
1
3
2
1
4
1
1
8
3
3
1
1
8
2
1
4
2
3
1
7
9
1
32
4
1
51
1
3
16
1
2
20
2
2
1
1
17
2
7
22
1
1
2
4
4
9
10
1
55
5
58
1
3
2
2
5
58
1
1
6
2
1
1
1
1
2
118
10
1
1
10
96
19
2
2
3
52
7
2
13
5
81
1
1
37
7
4
1
2
1
22
9
20
10
4
22
1
1
1
74
1
1
1
1
1
9
1
1
1
1
7
3
10
2
10
1
20
1
1
1
1
2
1
4
36
1
1
1
1
1
5
2
3
6
25
1
1
13
4
22
2
1
1
149
3
7
1
4
2
1
17
1
1
1
4
1
3
4
1
9
1
11
2
1
1
1
2
1
1
1
22
1
1
1
1
1
1
1
1
1
19
3
55
4
1
7
3
3
1
2
73
44
1
2
1
1
2
12
2
1
1
2
1
1
2
1
3
1
1
1
1
1
1
1
3
4
2
1
2
2
1
6
1
1
7
80
3
1
46
4
1
1
2
4
1
5
33
25
8
2
6
6
4
4
1
2
1
1
1
1
1
1
1
1
1
2
1
3
1
1
1
1
1
1
1
1
2
1
1
2
1
2
1
1
20
35
1
1
1
7
1
1
6
1
4
1
3
2
28
1
1
13
1
3
10
2
1
3
13
1
1
1
1
1
1
1
1
1
1
1
4
34
1
4
1
1
1
3
18
2
1
1
1
1
1
2
1
1
52
2
41
1
4
26
1
1
1
1
3
1
1
4
4
3
1
1
1
1
4
16
1
1
2
1
1
26
1
10
1
1
1
1
9
193
2
2
2
1
3
1
1
1
2
3
1
1
12
1
1
1
79
1
1
2
1
2
21
1
1
1
1
2
1
1
8
8
2
1
105
2
1
25
1
6
7
1
1
1
3
2
2
12
143
1
1
7
3
1
1
35
1
3
1
1
2
1
1
18
1
5
3
15
1
4
1
9
11
35
4
23
2
1
1
3
1
2
1
1
1
2
1
49
1
63
2
1
1
1
36
1
1
1
2
38
1
2
10
1
23
11
2
1
1
3
1
1
1
1
2
1
27
1
6
80
1
2
1
9
8
34
5
9
3
2
2
4
2
1
2
1
1
1
1
1
1
1
2
29
1
1
1
1
1
1
1
6
10
2
1
1
3
3
1
1
2
1
1
1
1
3
1
40
1
1
1
1
17
1
4
1
4
3
1
53
104
1
1
1
1
15
1
6
1
3
22
2
29
2
9
51
1
1
18
3
16
36
2
4
4
9
3
117
17
1
1
5
1
2
1
4
10
3
13
2
20
3
1
32
4
1
4
9
1
1
13
159
2
1
1
1
1
1
7
1
1
52
2
111
24
1
1
1
1
245
5
1
36
4
26
4
4
4
1
8
1
16
1
1
12
5
15
8
5
37
1
16
8
1
4
2
82
1
10
7
3
3
1
2
1
1
2
1
1
3
2
10
18
1
1
64
1
1
1
1
2
1
47
1
2
9
2
11
17
1
8
1
11
11
12
12
6
13
21
36
7
8
46
1
1
18
2
2
65
1
9
3
1
10
1
6
1
1
2
2
1
1
1
3
1
1
1
68
6
1
1
1
2
2
1
8
1
32
1
21
1
3
1
10
1
1
1
35
2
1
13
3
29
10
2
10
1
6
6
1
1
23
1
1
1
3
1
9
1
1
2
8
1
1
38
1
1
4
1
1
48
1
1
1
1
1
1
2
1
1
3
2
1
2
1
1
5
1
185
8
3
61
30
5
11
10
27
2
28
1
5
1
2
1
1
4
1
1
8
38
8
3
1
23
1
4
2
122
5
28
4
1
1
1
1
3
2
1
2
3
10
2
1
1
6
1
3
34
1
4
6
1
1
1
6
2
26
1
18
9
8
10
22
1
31
1
3
1
1
5
124
219
6
4
1
16
1
1
1
2
10
24
49
18
1
23
2
1
3
65
2
6
4
4
3
10
20
19
2
4
8
3
8
3
1
3
8
9
1
3
1
3
1
21
20
74
6
9
4
12
2
3
1
2
1
3
20
2
2
5
1
13
6
5
1
7
16
2
25
1
2
3
3
1
1
11
1
4
2
4
12
16
8
6
1
1
1
9
1
4
1
1
1
1
92
1
2
3
1
1
1
2
1
1
1
1
1
2
47
3
1
1
1
1
1
1
20
9
36
1
65
52
394
1
13
12
30
55
1
2
1
1
1
1
2
2
4
101
1
2
1
1
1
1
2
10
70
1
3
2
1
1
1
1
1
1
1
1
1
1
1
1
14
14
1
1
2
57
3
2
3
2
4
4
2
1
10
1
7
1
14
2
3
10
2
4
3
1
11
3
1
1
1
7
17
2
1
1
1
1
8
1
1
3
1
1
1
1
1
1
2
15
1
1
1
21
1
1
9
2
1
1
1
1
1
70
1
3
1
375
91
1
1
1
1
1
1
2
3
14
3
1
1
1
1
1
9
1
1
1
1
1
1
1
2
2
1
1
6
2
2
1
2
1
1
4
1
1
1
2
1
1
284
1
17
4
4
3
1
1
2
1
1
1
1
1
3
1
1
6
2
1
21
2
4
1
14
8
73
1
1
1
1
16
1
1
5
1
1
1
5
1
3
7
1
1
1
1
1
1
10
1
5
27
2
1
2
1
93
2
2
1
1
1
27
1
1
2
1
1
3
1
1
3
1
1
1
12
176
17
1
1
1
1
1
11
11
2
1
1
21
1
2
4
2
1
3
41
1
2
1
1
2
20
1
1
2
4
1
1
83
2
7
9
2
4
1
3
2
3
38
21
1
17
13
6
1
1
2
3
26
3
1
4
1
1
1
6
380
1
2
1
5
1
9
1
2
1
1
16
1
9
8
9
3
1
1
2
3
1
1
1
1
2
1
1
1
2
1
1
144
24
1
2
1
2
1
5
1
30
9
14
2
1
1
1
1
1
1
1
4
23
1
2
1
1
1
1
2
1
1
1
3
10
1
2
1
3
1
1
2
1
3
1
1
2
1
55
29
2
1
1
1
9
1
1
1
1
1
42
1
3
1
1
5
8
1
1
5
1
5
1
134
1
1
1
2
1
6
52
2
1
1
1
2
1
1
1
2
1
38
1
1
1
1
1
1
26
2
1
2
1
1
1
31
18
1
2
1
8
1
1
2
1
1
2
2
2
6
1
3
1
3
10
3
1
45
1
1
6
1
1
44
1
1
4
1
3
10
1
1
2
1
109
2
1
1
7
1
1
2
1
1
1
1
1
1
1
6
1
1
22
4
3
127
10
2
1
1
61
8
1
1
1
2
1
2
2
1
1
8
2
13
1
1
1
1
2
1
1
4
1
1
15
1
12
2
1
1
1
29
4
2
1
9
1
1
1
1
16
14
13
42
2
4
1
17
3
1
1
1
2
47
3
7
4
1
21
1
10
3
1
2
11
1
8
4
13
5
7
2
4
3
1
3
7
4
1
1
5
1
2
1
10
1
31
4
5
1
1
114
1
1
24
3
4
1
1
1
2
1
2
4
1
2
1
1
1
1
1
1
2
9
2
9
1
14
8
4
2
175
1
1
3
1
25
1
3
4
6
1
2
2
1
2
2
3
1
1
1
9
1
1
2
242
1
6
1
12
5
3
1
10
2
4
2
1
1
2
1
9
24
8
1
1
11
16
1
1
10
7
1
2
197
1
7
6
1
1
296
1
4
1
1
1
1
16
1
1
1
10
2
2
1
1
1
1
1
11
70
4
1
3
1
145
3
1
33
5
7
1
1
2
2
1
1
6
1
1
1
83
1
18
1
1
1
1
1
24
2
1
2
5
2
10
1
65
1
23
3
15
1
1
2
1
1
7
1
18
19
3
10
8
10
5
29
8
1
5
59
1
1
1
1
2
1
2
1
1
2
1
1
13
1
11
2
8
5
15
1
1
17
41
1
160
1
1
3
1
2
1
1
1
2
6
4
16
1
2
2
1
2
32
5
2
1
5
3
2
15
2
2
6
5
2
27
4
445
1
1
29
1
17
4
56
7
1
2
1
1
1
6
1
8
5
1
2
1
4
65
2
4
1
6
10
10
4
1
1
8
3
71
1
1
14
7
4
39
1
5
1
3
2
1
2
41
30
49
17
148
45
3
49
1
1
123
8
1
2
3
2
5
3
7
1
1
3
2
1
1
1
1
1
5
7
3
1
1
1
1
1
1
4
12
1
4
1
1
1
16
1
7
1
7
7
12
20
5
4
1
2
1
2
5
1
1
13
1
78
11
1
1
71
4
2
9
26
8
2
1
1
1
4
4
4
2
1
305
81
48
2
1
12
3
42
2
2
1
16
1
51
3
2
103
10
1
11
8
1
1
1
3
1
1
1
1
2
14
1
2
1
1
1
3
1
2
9
3
3
41
1
6
17
3
1
1
1
1
2
12
1
1
1
1
1
1
1
1
31
1
1
1
106
7
1
3
41
13
1
1
2
8
3
78
1
9
2
1
1
1
1
18
3
1
1
1
1
2
1
10
1
80
1
1
1
3
1
3
1
9
1
1
1
1
1
1
57
14
1
1
1
9
9
8
11
1
2
1
1
13
37
1
1
4
1
1
1
3
9
1
120
1
2
1
1
1
1
16
1
1
1
16
1
2
1
8
1
1
1
1
5
1
1
1
2
3
2
1
2
1
6
1
8
69
19
1
1
1
6
1
2
1
1
2
1
279
1
1
4
2
1
1
1
2
3
7
6
1
1
1
17
45
53
1
1
6
12
1
1
1
1
2
1
1
1
9
4
1
34
1
49
2
2
1
13
2
1
1
1
1
1
16
2
7
2
2
44
4
1
1
1
1
1
166
1
4
1
1
1
1
1
1
1
1
5
1
1
14
1
1
1
4
1
1
92
2
1
1
8
4
1
1
1
8
2
2
1
1
1
1
2
1
1
1
15
2
72
4
2
1
1
1
339
1
1
1
14
1
3
186
39
1
1
4
2
37
2
25
1
1
1
1
1
10
2
1
1
1
1
6
39
1
5
2
5
1
10
294
1
1
1
1
33
1
1
1
1
2
12
1
7
2
1
12
1
1
1
3
1
24
1
66
132
1
2
1
1
3
2
1
4
6
1
1
1
10
6
4
23
34
1
3
262
3
3
5
1
1
27
19
1
30
1
1
1
2
2
32
1
8
8
1
1
13
5
21
29
32
1
2
1
1
3
1
1
1
1
1
1
6
1
1
3
1
1
1
1
72
5
1
1
2
1
2
70
6
2
10
1
2
30
1
1
1
1
3
4
1
33
2
1
2
1
1
1
1
1
1
2
1
1
1
1
1
3
2
6
1
1
1
1
3
1
24
6
5
1
3
1
1
2
1
2
7
2
3
1
1
1
27
2
2
1
1
1
5
1
17
2
1
1
1
1
37
1
2
19
1
5
17
4
18
7
1
5
18
46
1
1
1
4
198
4
33
1
1
5
1
14
1
1
2
4
1
1
7
2
4
1
1
1
8
1
1
2
47
75
1
3
1
1
1
1
1
7
1
1
1
2
18
1
21
1
8
5
14
1
1
1
39
1
1
8
2
1
1
1
1
1
3
1
1
1
1
2
10
1
6
7
1
51
4
2
4
17
1
1
1
2
1
1
1
1
1
1
2
1
1
11
1
1
1
1
1
1
1
1
1
1
7
40
2
2
1
1
1
1
2
2
8
1
1
1
1
12
101
35
1
1
2
13
1
3
15
1
11
1
1
1
13
5
1
2
6
2
1
4
2
1
3
2
1
50
1
2
1
1
1
15
39
1
53
1
1
1
8
2
1
8
1
1
1
1
3
2
6
1
1
10
1
6
4
27
4
5
1
4
227
4
1
1
1
12
9
55
3
2
6
1
1
4
3
13
11
6
1
5
6
27
5
1
1
3
1
25
3
316
1
1
4
5
2
1
7
1
2
5
2
1
1
7
6
1
1
1
1
2
1
1
11
1
1
1
3
1
1
1
6
1
2
1
4
1
84
2
1
1
1
1
1
17
5
1
40
1
2
8
1
1
6
1
3
14
34
1
4
1
1
1
1
33
4
1
2
5
2
4
7
67
1
1
2
1
2
1
53
1
2
7
1
1
1
1
140
1
4
3
1
2
17
4
5
5
3
2
1
1
2
267
5
6
20
1
2
5
1
2
1
5
8
8
28
2
6
2
1
1
11
37
1
3
1
1
3
2
6
1
1
3
18
1
1
1
1
1
6
1
21
1
1
1
3
1
18
1
1
1
5
1
1
1
3
1
1
1
1
1
1
2
2
3
10
4
2
1
77
1
1
1
1
1
1
1
1
1
3
1
5
1
2
1
2
12
1
3
10
1
2
1
273
22
1
1
5
2
108
