1
1
1
1
1
1
1
1
1
1
1
1
1
4
225
31
16
9
17
73
47
423
2
56
6
4
44
31
22
1
1
7
21
1
46
3
7
9
33
1
4
9
14
8
1
4
19
1
366
2
23
1
1
1
2
1
1
6
7
24
1
1
1
4
1
3
1
1
1
131
1
1
1
2
2
3
6
1
8
17
2
1
1
2
3
284
1
1
1
1
5
1
1
1
1
2
1
1
1
2
1
1
3
1
1
5
3
1
1
28
7
1
4
2
11
1
2
8
3
4
361
1
8
3
1
36
1
1
1
5
1
2
7
2
1
2
1
7
1
2
1
1
2
41
3
1
2
1
36
1
1
4
16
1
1
2
1
32
1
1
2
2
2
1
12
1
10
117
16
2
1
1
4
42
6
1
1
3
3
2
1
114
26
431
2
46
22
2
3
1
66
2
2
1
7
4
1
56
104
26
1
45
16
1
1
1
1
1
1
2
1
1
1
1
1
1
2
1
2
1
35
1
1
1
15
1
1
5
1
1
1
1
2
1
3
45
1
2
4
2
12
1
1
9
4
1
5
1
17
2
1
1
1
1
1
1
1
1
1
1
2
1
2
1
1
1
1
13
2
7
1
1
14
2
1
4
1
1
2
1
6
1
14
1
1
1
1
1
1
3
1
1
1
398
12
1
1
1
2
1
1
8
1
2
1
1
1
2
1
5
3
1
2
1
1
2
1
5
4
1
2
2
2
3
29
14
7
27
8
26
16
1
2
3
1
2
1
1
1
2
1
1
1
1
1
10
2
1
1
1
1
2
1
8
2
6
7
1
2
74
1
1
1
1
1
2
1
1
1
1
1
1
2
2
1
1
1
1
1
1
1
1
1
4
1
1
4
1
1
1
1
1
1
1
1
1
2
1
1
1
3
2
5
2
2
1
1
5
1
1
1
1
1
1
4
6
1
2
3
2
1
2
2
3
4
1
1
1
2
1
1
2
1
1
1
17
1
11
1
15
2
2
12
1
1
5
3
15
26
3
1
1
1
1
16
8
2
1
7
31
1
6
1
1
1
19
2
1
1
1
1
29
25
3
5
3
88
109
1
10
23
1
6
2
1
2
1
1
21
1
1
2
1
20
2
20
1
1
1
1
1
1
1
2
1
1
1
1
1
1
1
1
1
1
1
1
1
1
9
4
1
3
1
3
8
1
2
1
15
1
6
6
1
5
1
2
1
27
11
3
15
2
1
12
1
2
2
24
1
1
1
1
1
1
1
1
1
2
1
1
1
1
3
3
1
1
4
1
1
9
1
1
1
1
2
14
2
13
1
1
2
1
1
1
2
1
2
2
5
2
1
1
1
23
2
1
1
2
5
1
1
1
13
4
1
23
1
1
4
1
207
1
1
4
5
1
8
1
1
1
17
2
1
3
2
4
5
3
6
1
1
1
1
14
1
1
1
19
1
1
2
4
1
1
108
1
4
1
1
2
3
2
2
1
2
61
4
1
1
1
2
1
1
3
2
1
5
2
1
5
1
2
1
1
1
1
1
1
1
3
1
1
1
1
1
29
2
1
1
1
55
4
9
1
2
1
1
1
3
1
3
1
6
6
2
1
7
1
1
22
3
1
9
19
28
7
9
6
2
1
1
1
1
1
1
2
1
6
3
1
10
1
42
1
1
2
1
1
2
1
1
1
1
5
1
1
96
15
7
1
27
15
2
1
2
1
1
1
1
1
1
4
1
1
1
9
1
1
24
1
1
3
4
1
1
1
1
1
1
1
1
1
11
1
1
2
1
1
1
2
2
1
1
22
4
20
1
4
1
2
1
1
1
2
2
1
2
2
1
7
6
53
29
4
23
9
68
672
271
4
70
45
453
60
50
119
1
7
21
62
3
123
91
505
1
20
407
17
7
89
30
152
17
4
1
77
2
2
7
268
16
490
1
1
3
339
1
1
1
1
3
1
18
1
3
1
7
3
62
1
7
1
1
1
5
2
1
1
1
1
1
1
2
1
1
1
9
1
3
1
1
11
1
3
2
23
3
3
1
1
3
2
1
1
1
1
1
1
1
2
1
1
1
7
1
1
61
3
1
1
2
1
1
1
1
1
2
4
5
1
1
1
1
1
1
1
3
2
6
1
1
1
1
1
7
1
2
46
5
2
1
1
1
1
1
1
1
1
1
1
1
2
1
7
4
6
69
11
2
1
22
1
2
83
11
1
1
2
71
135
1
11
2
134
4
6
89
50
1
1
4
3
2
2
1
2
2
1
2
2
1
2
19
7
6
2
6
149
1
2
3
1
1
2
1
4
6
3
1
3
1
264
1
11
2
1
2
2
3
10
1
1
4
1
49
23
4
1
7
1
2
6
1
1
1
1
1
1
2
1
1
5
1
13
1
1
1
1
1
1
1
1
1
2
1
1
1
3
7
3
2
3
1
1
1
1
1
2
1
1
1
1
1
1
2
4
2
1
9
1
1
4
1
3
1
1
1
1
1
1
1
1
1
2
3
1
1
1
1
2
1
1
2
2
1
1
1
1
1
1
1
1
1
1
1
1
3
1
1
2
1
1
1
1
1
1
1
1
1
1
1
1
1
1
1
1
2
1
2
1
4
1
1
4
1
3
3
7
1
1
1
4
1
1
4
1
2
3
5
2
1
2
2
1
2
1
12
1
1
4
1
2
2
1
3
4
1
1
158
1
1
1
1
1
1
2
6
1
2
1
1
25
2
1
1
297
1
1
42
3
1
2
1
1
2
1
3
1
1
1
8
1
3
1
5
1
1
28
2
23
223
1
1
114
6
1
1
1
2
1
1
1
1
2
3
1
1
1
1
1
3
1
1
1
2
3
94
6
9
84
155
1
1
2
125
1
15
1
12
2
11
5
1
4
35
32
1
102
1
62
1
5
1
1
2
1
1
1
1
2
33
1
1
5
1
1
4
5
1
1
1
5
5
9
41
14
1
3
15
31
6
23
1
2
2
1
41
1
1
2
4
9
7
3
2
1
2
4
3
1
45
3
1
1
1
1
13
2
1
1
1
5
2
1
14
3
1
5
23
1
2
1
6
1
3
3
1
1
1
3
1
5
1
1
19
15
1
2
2
1
4
1
1
1
1
2
6
1
1
16
9
2
2
9
2
1
14
4
19
1
3
3
19
1
1
1
3
1
11
7
14
1
4
21
1
3
7
8
3
1
1
2
10
1
1
39
9
1
1
3
1
7
2
1
1
1
2
3
44
27
2
12
24
4
4
1
1
2
1
71
35
7
1
2
8
3
1
1
2
1
4
12
1
4
1
8
1
1
13
5
12
14
1
1
2
37
1
1
1
1
1
1
5
2
1
1
2
12
3
13
3
1
1
1
52
1
1
2
1
1
2
1
1
1
1
1
1
1
2
2
1
6
1
2
85
1
11
1
6
2
1
10
3
22
1
1
6
6
1
2
8
5
3
1
1
2
1
30
1
4
2
1
1
2
1
4
9
1
1
1
1
1
1
1
1
2
1
1
1
1
1
1
1
1
3
1
1
4
4
1
73
1
1
1
1
3
1
1
1
1
1
1
1
1
1
1
10
1
1
6
1
2
1
1
5
1
1
2
5
1
3
1
3
1
3
2
3
1
1
1
1
1
1
1
4
1
2
4
1
8
1
1
1
1
1
5
1
2
1
1
1
1
1
2
1
1
1
1
1
1
1
1
4
1
1
1
1
2
1
1
1
1
1
2
2
2
5
1
4
1
1
1
2
1
1
1
1
2
3
6
17
1
1
1
2
3
6
1
2
1
1
1
1
3
2
2
1
1
1
2
3
2
1
1
2
7
1
3
87
1
1
1
2
2
1
2
1
11
1
1
1
2
37
1
1
1
1
1
1
5
1
1
1
1
1
1
1
26
526
1
1
1
1
2
1
5
1
2
2
2
2
1
1
1
13
16
1
1
7
1
1
5
2
1
2
1
1
28
2
5
1
1
3
1
1
1
12
1
1
1
1
1
5
2
6
1
1
1
73
1
1
1
1
1
1
1
5
3
1
1
1
2
1
3
1
1
1
1
1
1
2
1
1
1
1
1
267
777
2
1
1
5
4
1
1
4
1
3
2
1
1
1
1
2
1
6
40
1
1
24
3
458
7
12
4
1
1
1
2
1
1
3
1
4
1
3
11
2
1
1
36
9
1
1
1
1
1
2
1
1
59
74
1
6
6
2
6
1
7
1
3
4
1
3
1
3
1
95
1
5
1
1
1
1
1
74
1
1
236
3
99
1
1
1
1
1
1
1
1
2
4
2
13
1
1
2
1
1
61
2
1
2
1
1
1
1
1
1
2
36
1
1
2
1
1
3
3
1
1
2
2
1
4
1
1
1
1
1
4
1
2
2
2
2
348
1
3
8
4
1
1
4
1
1
4
1
76
4
1
3
10
9
3
10
87
1
2
1
256
1
1
1
1
1
1
1
1
212
4
1
1
2
1
1
6
1
1
1
1
7
1
1
1
3
1
1
1
1
1
1
1
2
5
3
3
2
1
13
1
1
1
1
1
1
2
1
2
2
1
1
1
1
1
1
2
3
1
1
1
1
1
1
3
1
1
2
1
4
1
2
1
1
4
1
2
79
1
1
10
1
4
1
1
1
1
1
3
1
4
1
2
1
1
2
2
2
1
6
1
1
1
93
1
6
2
42
2
9
161
1
1
1
1
116
78
547
1
1
1
1
2
1
1
5
3
1
1
3
1
1
1
1
2
1
1
4
2
4
1
3
1
1
1
2
6
13
1
1
1
1
2
4
1
2
3
1
1
2
1
5
2
1
1
1
1
1
1
1
2
7
8
1
2
1
1
2
1
1
6
1
1
1
1
1
1
8
2
1
1
1
3
10
1
1
1
18
1
3
1
1
1
2
3
1
1
2
1
1
1
2
1
1
19
1
3
4
4
1
6
3
1
2
1
4
1
2
2
1
4
1
6
5
1
4
1
1
2
74
7
21
46
1
3
5
19
1
2
1
15
1
1
1
7
1
1
21
1
1
1
1
13
1
1
5
2
16
1
2
3
2
9
4
4
1
17
11
7
2
3
15
99
14
1
1
1
1
1
3
9
6
3
1
1
1
1
1
1
3
1
1
3
2
7
1
1
2
1
12
3
5
10
28
1
1
2
1
1
1
1
1
12
1
1
1
4
1
2
1
1
5
3
11
1
1
1
4
1
1
153
1
1
1
1
1
1
1
2
1
1
16
6
1
1
1
1
1
6
1
152
1
1
2
1
2
1
1
1
1
1
3
1
1
1
3
1
2
2
1
1
1
2
3
2
1
3
1
1
1
1
1
7
2
1
2
3
1
1
1
2
1
1
1
2
2
1
1
1
7
4
4
1
13
1
1
1
2
2
1
1
2
1
2
5
1
1
1
1
1
1
1
1
2
2
1
6
1
1
1
1
2
1
1
1
1
1
1
1
1
1
2
8
1
1
1
1
1
1
1
3
1
1
1
24
1
1
1
3
38
1
1
1
1
2
3
1
1
2
1
3
6
1
1
1
5
1
1
1
1
1
9
1
1
1
6
3
4
1
5
3
1
5
1
1
1
1
1
1
1
1
1
1
1
1
6
1
5
1
1
1
1
25
10
5
8
1
5
1
33
13
58
18
1
4
2
3
5
55
1
1
1
9
1
1
1
10
16
1
95
1
1
2
2
1
1
1
1
2
1
1
1
1
1
1
1
1
1
2
1
1
1
60
9
5
1
3
6
1
3
22
1
2
1
1
1
4
13
16
1
1
2
1
1
1
1
1
25
1
1
1
493
100
1
81
1
72
1
23
1
46
6
38
257
149
2
6
197
1
1
3
1
15
1
1
3
1
9
2
1
481
1
1
1
1
5
1
3
3
1
3
1
9
1
1
1
1
1
1
3
6
7
6
2
7
1
5
3
1
3
1
1
1
1
11
2
3
2
1
1
1
8
212
3
2
5
16
1
2
1
1
2
1
2
3
1
1
1
1
1
2
1
1
8
98
4
1
1
1
1
1
1
2
1
1
4
1
1
1
1
1
1
1
1
1
1
1
1
8
4
11
4
1
1
1
1
3
47
3
1
1
10
2
1
1
2
1
1
19
3
2
15
1
1
1
6
1
3
117
82
516
5
2
1
1
3
1
1
30
3
1
2
1
1
2
1
1
1
1
1
3
4
4
1
1
2
4
42
5
8
33
3
1
1
1
1
1
1
1
1
1
2
1
1
2
2
1
1
2
1
1
1
19
2
1
1
1
3
1
1
4
2
2
9
1
3
1
27
1
1
1
1
4
1
1
1
2
4
1
1
2
2
1
1
1
2
1
1
4
2
1
1
1
1
1
1
1
1
1
5
4
1
1
2
1
1
3
1
1
1
2
1
1
1
1
1
4
1
1
2
1
6
1
1
1
12
1
1
11
1
1
2
1
1
1
1
1
1
1
1
1
1
1
1
1
1
1
1
1
1
1
1
17
1
11
3
3
1
1
1
2
1
1
1
1
17
2
1
1
3
3
2
1
1
1
17
20
1
1
88
1
4
1
2
2
1
2
1
4
1
1
1
1
2
1
1
1
16
2
1
1
4
1
1
1
7
2
1
2
2
8
1
7
1
1
1
1
3
2
2
1
1
2
1
1
1
1
1
2
1
1
1
1
1
1
1
1
1
1
2
2
2
2
1
1
1
1
1
2
1
1
2
3
3
1
1
1
1
1
1
39
7
23
27
2
2
1
1
1
1
4
1
1
1
2
1
1
1
1
1
1
1
1
1
1
2
10
4
1
50
14
62
1
2
231
70
3
8
2
23
1
11
7
6
2
4
1
1
1
1
1
1
2
2
1
1
9
1
17
1
5
2
2
10
7
4
5
13
6
3
2
1
7
39
7
2
1
1
5
2
1
2
1
5
1
51
18
25
8
1
71
14
3
1
1
1
1
2
2
1
1
19
2
2
3
8
4
1
1
3
8
27
1
1
8
8
3
20
6
6
2
27
2
26
1
3
5
49
5
2
3
36
5
1
5
7
4
2
1
3
1
10
5
1
1
5
1
1
3
2
1
1
1
1
2
1
2
143
2
14
47
120
4
14
1
1
1
1
3
6
2
1
4
86
1
10
2
2
5
70
2
6
2
56
2
3
2
5
8
1
11
1
24
12
1
35
5
1
2
20
1
4
11
6
337
11
1
1
1
2
1
17
4
2
1
1
1
2
1
1
2
2
1
1
4
1
1
1
1
1
1
1
3
1
1
1
1
1
1
1
3
1
1
1
3
1
1
1
1
1
3
1
4
2
3
3
1
1
1
1
1
9
1
1
1
2
2
3
1
2
2
1
1
5
2
3
59
1
1
6
3
1
7
1
1
7
1
1
1
1
5
1
5
1
14
3
2
3
1
1
1
2
1
1
1
2
1
14
1
2
7
1
1
38
2
7
2
1
1
2
1
49
1
4
8
3
2
3
1
2
1
2
1
1
1
1
1
1
2
2
11
3
2
1
12
15
1
16
1
2
2
14
1
1
3
1
2
1
1
2
1
1
1
1
1
24
1
2
1
5
1
1
1
1
7
1
1
36
1
87
2
63
5
2
1
1
1
3
1
1
71
1
1
1
2
4
1
2
1
1
1
2
1
5
4
1
1
1
1
2
2
3
2
1
1
1
1
1
3
2
2
1
4
1
2
1
9
1
3
3
1
1
6
16
4
7
6
1
1
1
1
2
1
11
1
3
1
8
2
2
2
1
2
1
1
5
9
1
6
4
7
1
5
7
3
1
1
2
1
1
1
5
1
1
1
1
1
1
4
1
2
12
1
1
1
1
1
1
1
1
1
1
1
1
1
1
2
22
135
1
1
3
1
56
22
15
6
5
2
1
85
3
3
9
53
488
177
1
4
35
21
1
117
4
298
1
43
62
89
46
2
1
37
1
2
4
1
1
7
1
1
1
1
1
1
1
1
1
1
1
1
1
1
1
2
1
7
3
2
1
2
1
1
4
416
1
2
2
1
3
7
6
7
1
1
3
1
1
7
2
1
1
35
119
1
16
73
323
7
2
6
36
6
14
290
1
2
58
4
1
32
20
10
44
20
5
4
11
15
156
5
10
29
3
15
15
2
10
3
1
7
10
3
103
31
1
36
22
397
27
16
18
14
4
6
1
1
1
31
94
2
8
1
4
12
34
10
3
61
18
7
16
1
26
23
1
2
21
1
1
1
1
4
1
18
2
1
1
3
1
7
3
1
2
1
1
13
2
6
64
1
9
15
1
1
5
2
4
1
13
2
7
3
1
1
1
1
1
4
1
1
1
1
9
1
1
1
1
1
1
1
2
35
2
1
2
1
1
4
1
1
1
3
1
2
3
1
1
1
2
1
1
4
1
1
1
1
1
1
1
1
9
1
1
1
1
1
2
1
2
1
1
1
1
115
5
1
1
18
39
14
17
1
21
4
5
45
24
99
6
5
1
2
3
1
4
1
2
1
33
9
22
2
1
1
18
1
1
1
2
1
1
1
1
1
180
1
1
1
2
1
1
1
1
18
1
12
2
1
2
1
3
1
5
21
2
2
1
2
1
12
1
2
1
2
4
1
2
1
1
1
1
1
2
1
3
3
1
4
25
1
1
2
2
2
2
8
33
6
3
2
8
783
4
2
1
3
1
7
1
1
10
1
1
1
1
1
1
1
1
1
1
2
2
12
1
1
1
4
5
122
298
4
7
2
37
1
12
15
2
8
1
1
1
1
1
2
3
1
1
88
1
1
1
2
1
3
1
6
16
1
1
1
1
1
2
1
2
1
6
1
2
1
1
1
1
1
2
1
1
1
6
7
2
1
1
19
1
3
1
1
1
1
1
4
22
1
2
5
1
2
1
1
1
1
1
1
2
1
1
10
1
1
1
1
1
1
1
1
6
3
1
24
1
1
2
1
2
1
1
2
1
1
1
1
13
1
1
1
1
2
1
1
1
1
1
2
1
6
2
1
1
1
1
1
1
20
1
5
11
1
1
5
4
1
10
1
4
1
1
1
1
1
1
1
1
1
3
1
1
1
1
1
1
1
1
1
4
2
1
1
1
2
4
1
1
3
3
17
2
2
2
22
1
1
1
1
6
1
6
22
1
1
3
2
5
1
1
20
2
1
1
2
573
29
1
1
1
15
115
1
1
117
78
1
1
4
30
5
10
2
1
1
1
12
1
1
13
1
1
15
2
1
1
1
1
1
1
2
3
5
1
1
4
2
13
1
2
1
1
1
1
1
2
1
30
1
1
1
1
1
1
1
1
1
3
1
110
1
1
1
1
1
1
1
140
43
7
1
1
39
1
1
1
1
1
1
2
1
6
1
3
1
1
1
2
1
3
6
25
5
3
1
38
73
1
1
1
1
1
1
5
1
2
1
4
10
12
1
1
1
5
1
1
5
2
1
8
7
17
1
6
3
11
3
3
1
1
1
5
1
19
1
5
1
1
4
8
3
8
1
47
1
3
1
3
5
2
1
1
1
1
1
1
5
16
1
2
1
1
1
1
1
2
1
1
2
2
1
6
1
4
1
1
1
2
1
1
2
17
1
78
18
255
10
17
23
1
8
6
1
1
1
4
1
2
2
3
6
1
3
8
1
25
2
14
1
1
6
3
14
3
1
16
2
1
1
1
1
1
2
1
1
1
1
2
1
1
23
2
1
14
1
1
13
1
1
1
2
27
8
6
7
1
1
7
1
1
1
2
1
3
1
1
1
1
16
3
2
32
9
1
1
1
9
10
2
1
5
13
1
1
1
1
2
1
1
1
1
57
2
1
2
1
1
1
1
1
6
1
209
1
2
1
1
2
1
1
1
1
11
7
1
471
1
1
2
1
2
1
1
1
1
1
1
4
1
1
1
1
1
1
2
1
11
1
1
1
1
1
1
6
1
1
2
1
1
1
1
1
1
1
1
1
1
1
1
1
1
9
1
28
1
1
1
6
1
1
4
1
1
1
4
1
4
6
1
1
1
1
1
1
1
2
1
1
1
1
2
1
9
1
1
1
11
5
10
49
1
5
1
1
3
1
95
2
1
708
2
1
7
2
7
3
17
16
4
8
1
1
1
1
43
15
12
7
99
1
2
3
3
1
1
1
2
1
1
1
1
1
1
1
1
2
2
1
217
1
1
1
1
1
1
1
1
1
2
3
1
2
1
1
1
36
1
14
1
24
2
17
2
1
3
6
39
1
6
4
3
3
3
1
1
2
1
167
71
12
1
18
13
1
15
81
1
1
294
1
5
6
1
12
2
1
1
1
1
175
1
51
1
4
6
1
1
1
1
1
1
8
2
1
1
5
3
14
6
3
3
3
1
1
1
6
1
2
17
1
4
2
9
2
1
1
2
1
2
1
1
1
16
2
5
1
2
2
3
6
1
1
5
5
2
2
10
4
10
1
1
1
1
1
1
1
82
1
1
56
1
5
1
1
3
1
4
1
2
1
2
1
1
3
29
1
1
13
5
3
3
1
37
2
2
1
2
7
108
17
10
343
1
1
1
6
2
2
41
2
1
4
1
2
2
5
1
2
1
1
2
1
26
1
1
1
1
1
1
1
2
2
1
3
1
1
1
1
5
1
1
2
1
3
1
6
4
10
53
1
1
2
5
2
1
9
1
22
36
1
54
2
7
13
8
437
16
20
27
1
11
9
27
1
6
1
1
1
3
1
5
2
1
6
1
5
17
1
1
2
80
6
1
1
1
4
1
1
1
1
9
1
3
23
1
10
1
1
1
3
3
1
3
1
1
1
5
1
4
3
1
19
1
36
1
1
1
1
1
1
3
15
3
9
2
25
1
2
34
1
13
1
1
1
4
17
3
1
1
4
2
2
2
1
1
1
1
7
1
1
1
65
33
1
11
1
96
19
1
47
1
1
2
1
105
1
3
1
2
1
2
1
1
3
1
4
3
2
1
1
1
3
61
6
1
2
11
2
376
1
1
1
1
2
1
15
1
1
1
2
2
1
6
2
8
1
1
1
4
1
1
1
1
1
2
1
285
46
2
1
1
1
6
1
1
60
1
1
1
1
2
18
15
19
1
2
3
1
1
5
58
4
35
1
9
3
30
1
2
1
25
1
1
1
2
6
1
5
61
1
1
2
1
1
110
1
1
1
1
1
1
1
1
1
1
3
1
40
87
7
1
10
29
3
5
1
6
29
9
1
4
6
1
1
1
1
1
9
2
2
4
3
27
7
30
1
1
156
29
153
164
1
1
1
27
1
5
10
4
1
11
1
1
1
1
3
8
1
2
1
2
3
3
1
1
1
2
2
1
1
1
1
1
1
1
1
1
1
1
1
1
6
1
1
3
1
1
1
10
1
1
1
2
1
6
5
10
2
1
1
2
4
7
1
1
1
47
30
2
1
8
124
1
3
1
6
1
1
7
19
455
3
3
5
10
4
2
1
8
1
1
1
8
32
20
1
1
1
1
1
1
3
1
3
4
1
2
1
1
1
2
102
2
71
1
2
5
1
1
1
1
1
1
1
1
1
1
1
1
4
1
2
14
1
1
1
1
38
16
1
1
1
1
1
1
5
23
6
7
1
1
5
3
2
1
14
1
7
1
2
1
3
1
1
1
1
1
2
2
16
2
2
1
3
1
1
7
2
1
1
1
1
3
1
1
1
1
1
2
3
2
13
1
1
4
1
1
1
1
5
1
10
2
1
1
1
40
1
1
1
1
1
2
4
1
1
5
1
1
10
228
2
1
1
1
11
1
32
10
5
1
1
1
12
1
1
3
38
1
2
1
1
1
1
3
4
1
1
2
7
7
1
1
2
2
5
1
1
1
12
1
1
200
1
1
2
1
13
1
2
2
3
2
10
1
1
1
1
1
7
1
5
65
4
16
1
1
1
2
5
1
1
1
1
1
1
2
1
11
9
3
8
4
3
32
1
9
1
1
1
1
3
1
1
1
1
1
1
1
4
1
1
2
2
6
4
9
6
1
1
2
9
1
1
1
1
5
2
1
1
3
1
1
1
1
1
2
1
1
1
1
1
1
1
1
1
2
6
1
1
4
13
1
10
2
1
1
1
1
1
1
1
4
2
6
1
41
1
4
68
179
1
1
2
3
2
2
20
1
1
1
2
1
3
1
1
1
3
1
1
1
78
1
1
1
1
1
8
1
1
3
5
1
1
1
1
2
2
1
2
1
1
1
1
2
1
1
3
1
28
1
1
1
1
3
1
16
363
13
2
18
1
6
1
4
12
1
4
1
4
1
5
1
1
5
1
2
1
1
2
1
6
1
1
1
1
2
32
4
1
1
1
1
65
21
1
1
9
13
13
5
3
3
10
1
2
1
1
9
1
3
1
1
11
1
2
1
1
1
1
1
1
1
1
3
1
16
2
1
1
1
1
2
1
1
1
3
1
1
2
1
2
1
1
1
1
1
2
2
2
1
2
1
1
1
1
1
1
1
1
1
1
2
1
1
1
5
1
5
1
1
1
2
1
2
3
2
1
4
1
1
1
3
3
1
1
1
1
1
1
2
1
3
3
4
1
1
1
1
1
1
1
2
2
1
4
1
1
1
1
3
1
3
1
1
12
1
1
1
2
1
62
1
1
3
4
1
1
1
8
5
1
5
3
1
6
2
9
2
9
1
1
1
18
1
1
1
1
3
1
1
3
1
3
1
22
1
1
1
1
4
2
6
2
1
1
1
1
1
1
1
1
9
1
2
1
1
1
1
1
1
1
1
1
1
1
1
1
1
1
1
1
2
1
1
4
1
1
1
1
1
1
1
2
1
1
2
1
2
2
198
4
2
1
1
1
1
5
3
25
2
5
2
2
1
2
1
4
2
1
1
3
5
3
1
1
1
1
2
6
104
1
2
1
1
4
1
1
9
2
2
5
1
163
1
1
1
1
1
1
1
1
1
9
1
1
4
1
1
31
2
2
2
9
1
1
1
3
1
302
1
234
1
1
9
1
1
20
2
1
2
1
6
1
1
2
1
1
1
1
1
1
2
2
3
3
1
1
1
10
7
1
1
2
1
1
3
1
4
1
1
1
1
4
5
1
13
1
1
7
1
1
1
12
1
35
6
1
1
4
3
14
1
3
1
2
6
3
21
1
20
1
3
1
1
2
2
9
14
5
2
4
46
2
8
1
1
2
2
1
60
7
1
1
7
6
1
1
4
3
8
1
1
14
6
1
7
20
1
2
2
1
8
11
4
10
1
2
1
1
1
3
6
1
1
1
1
1
25
2
1
121
5
2
1
1
1
1
6
11
46
1
2
5
2
1
1
1
11
1
2
330
2
1
1
162
4
1
1
1
242
9
15
1
1
1
1
13
345
7
8
8
2
79
2
87
1
3
1
1
3
10
1
3
1
1
1
1
1
1
26
62
6
2
4
6
1
20
2
4
82
2
47
6
52
1
17
1
1
46
2
1
1
1
1
2
610
18
2
1
1
1
1
1
1
2
29
2
1
2
3
1
1
1
1
1
2
6
1
11
57
9
2
2
2
1
1
1
3
1
1
1
3
6
684
86
7
2
3
1
7
4
4
1
1
30
2
2
8
6
1
2
1
2
5
1
2
5
1
1
5
8
5
2
2
6
1
3
1
1
11
5
4
19
1
1
1
1
1
1
1
32
1
3
5
1
1
2
1
1
2
4
1
2
13
1
3
71
1
13
1
3
4
1
33
2
4
1
3
1
2
1
2
3
2
4
1
2
1
2
10
2
25
6
2
7
4
1
2
3
2
2
5
22
28
1
1
12
58
1
4
2
2
1
1
1
1
1
1
2
3
9
3
1
4
1
1
7
1
3
1
1
1
1
1
13
14
2
1
1
1
1
1
4
1
1
1
3
3
1
3
1
7
1
1
2
8
1
3
345
4
1
1
1
1
2
1
1
1
6
1
48
1
1
1
1
2
3
1
12
2
1
1
1
1
1
1
4
1
1
1
1
1
1
1
1
1
4
103
1
2
2
1
1
5
1
5
1
2
1
2
1
2
1
3
1
1
1
1
2
2
73
2
7
24
15
2
1
3
14
4
4
1
3
114
3
1
1
2
3
3
2
5
7
2
2
3
27
1
2
5
3
6
28
35
7
1
1
6
1
2
1
1
1
2
1
13
1
20
1
2
5
1
3
1
5
1
8
5
1
7
1
5
1
1
51
1
8
1
1
1
2
6
69
32
1
2
1
1
2
2
18
3
14
2
1
1
1
1
1
1
1
4
1
2
7
1
8
1
1
1
1
1
1
1
1
1
88
3
4
1
12
1
4
1
16
10
21
1
49
1
1
1
1
3
61
2
3
3
1
1
1
1
2
4
2
2
3
4
587
76
2
1
8
2
2
11
3
9
1
1
1
1
1
1
1
2
325
1
10
1
5
15
4
2
2
2
3
1
4
1
2
1
2
1
1
599
38
16
2
1
17
4
3
1
1
4
1
1
1
1
1
2
11
24
4
4
1
9
10
6
3
26
3
1
1
1
3
26
1
11
6
77
1
1
2
1
3
9
1
247
1
3
15
1
5
2
1
4
2
2
1
1
1
10
1
3
1
4
3
3
24
14
2
6
1
10
2
8
1
1
7
2
1
2
2
1
43
20
1
1
2
1
1
1
1
1
16
7
1
1
1
1
1
1
1
1
1
2
3
2
1
1
6
1
16
6
1
2
1
1
1
2
1
1
4
1
7
1
6
4
1
1
4
7
1
2
7
1
1
4
1
1
1
18
2
1
1
1
1
1
2
1
12
12
1
1
1
3
4
2
1
1
1
1
5
5
1
11
12
7
19
4
8
1
1
3
2
1
1
1
1
1
1
1
1
1
1
1
1
1
1
1
1
1
2
1
1
1
1
1
1
1
1
2
3
5
1
1
1
2
3
1
47
2
1
1
1
1
1
5
3
1
2
5
4
5
15
11
5
2
1
1
3
1
1
1
1
1
1
1
2
2
1
4
11
1
236
1
1
1
1
1
1
8
1
3
11
1
2
1
1
2
3
1
4
2
1
2
1
1
1
1
1
5
1
1
1
1
2
11
5
1
1
17
2
73
1
4
16
1
1
3
4
11
4
11
1
1
1
1
4
17
1
1
6
4
3
2
1
1
1
1
1
1
6
2
1
1
12
1
1
1
1
23
1
3
1
562
13
1
17
1
1
14
1
5
5
1
1
4
1
1
22
38
38
16
1
4
24
1
7
1
3
1
1
1
1
15
1
1
1
433
1
1
1
349
1
24
4
1
1
1
219
1
5
72
4
1
79
2
1
1
2
1
1
85
1
24
4
7
1
1
19
2
24
2
1
2
1
10
4
4
2
2
1
2
1
1
3
1
17
8
4
78
19
2
10
3
1
1
1
4
19
4
2
4
1
12
6
1
1
1
12
109
1
2
1
1
2
1
1
3
1
4
1
1
1
2
2
2
2
1
1
1
1
1
1
7
2
1
8
72
43
78
4
259
68
1
1
3
1
6
2
1
1
1
1
1
1
52
1
11
1
19
34
75
43
6
8
5
1
1
1
1
2
9
1
6
2
1
4
1
1
4
2
1
20
9
9
1
1
2
7
2
58
1
4
6
9
49
1
1
1
1
56
2
7
3
6
1
1
1
104
11
1
48
2
1
1
2
1
1
1
3
1
1
4
8
1
2
2
1
1
1
1
1
32
19
1
64
1
1
2
1
1
1
3
1
34
5
1
6
1
2
2
4
2
1
1
1
1
1
1
1
8
2
1
1
4
3
3
2
1
1
1
1
1
3
1
1
1
1
2
2
2
4
1
42
1
2
7
3
5
1
2
34
44
1
1
2
1
2
2
1
2
3
58
1
1
2
1
1
120
1
3
1
41
7
42
159
1
2
4
68
1
25
12
1
1
41
1
1
9
341
17
14
2
11
15
6
1
234
10
2
1
2
2
47
22
4
1
21
47
3
1
1
1
17
2
1
1
1
2
1
13
4
30
4
5
1
2
5
19
3
8
3
1
4
3
15
1
1
2
153
49
39
6
1
50
1
7
11
2
1
109
1
2
2
1
1
2
1
3
75
3
1
1
4
1
1
1
1
1
1
3
8
2
2
1
1
1
8
1
1
2
1
1
1
2
12
4
79
560
1
1
2
1
2
2
8
2
3
18
13
1
4
2
3
2
2
16
2
83
1
2
12
14
4
1
2
11
1
2
4
4
1
1
7
2
1
1
1
5
6
1
1
1
1
1
2
16
1
1
1
1
1
1
1
1
2
2
1
1
5
2
1
24
1
1
1
3
23
56
3
2
11
2
3
1
1
4
1
1
1
5
1
1
1
1
1
1
1
1
1
1
9
4
1
4
1
46
1
1
1
1
58
2
16
34
1
1
2
2
2
1
3
1
1
1
1
6
3
1
1
9
15
1
1
4
1
1
1
8
1
1
2
1
1
1
1
2
1
1
1
1
1
1
1
1
1
1
564
2
1
1
1
3
4
1
1
1
1
1
1
1
4
1
19
2
2
1
2
4
1
1
1
1
4
1
1
1
1
1
2
4
2
15
1
1
1
6
1
2
3
42
1
3
1
1
14
95
63
1
1
1
1
2
1
31
1
3
2
1
1
4
3
1
1
1
3
1
1
1
5
1
2
31
1
1
32
1
8
1
1
3
2
12
19
1
3
1
2
3
2
3
1
48
1
1
1
3
3
139
3
2
1
1
1
1
1
1
2
1
1
1
1
4
2
8
23
2
1
4
1
2
2
1
1
3
1
1
1
3
1
2
1
1
1
3
2
1
3
1
3
1
4
2
1
1
1
1
2
2
1
3
1
1
5
3
2
1
1
1
271
3
2
1
1
1
2
1
3
2
1
1
1
2
1
3
1
2
3
1
156
2
1
5
1
1
3
1
1
1
7
4
1
1
1
33
1
2
1
2
4
3
3
24
2
3
1
1
1
1
1
1
2
3
5
5
1
1
19
1
2
15
1
5
12
1
7
1
1
4
7
3
45
1
1
32
1
1
1
1
1
1
1
1
1
1
1
3
1
2
2
1
1
4
1
57
2
1
1
25
5
1
1
7
5
6
3
3
1
1
1
1
5
1
3
12
7
6
2
9
6
1
1
1
1
2
1
2
5
13
6
2
2
30
3
2
1
12
6
2
5
3
3
1
3
71
1
20
1
1
1
21
2
2
1
3
1
1
5
7
9
2
19
1
5
1
9
3
7
1
10
4
2
2
4
4
8
2
1
5
1
1
2
1
30
1
8
1
1
1
1
3
3
2
1
1
4
2
2
1
16
1
1
1
2
3
1
2
3
1
1
2
5
4
1
84
3
1
2
3
1
8
1
1
1
52
1
1
1
1
1
1
218
1
11
171
1
9
2
3
1
20
8
1
2
3
3
1
15
3
1
1
14
36
34
2
1
5
3
1
67
2
33
1
2
40
4
5
9
7
15
26
3
2
1
1
1
1
15
1
11
82
109
9
1
3
40
36
13
8
1
3
10
2
14
66
9
16
1
3
16
7
12
2
7
11
1
10
18
186
24
1
1
3
26
2
10
1
4
21
2
1
1
2
3
1
1
1
1
11
3
1
4
7
4
2
159
26
11
2
18
2
1
6
2
2
6
1
1
10
1
1
2
2
243
14
1
17
6
301
16
4
7
194
110
8
1
12
1
1
8
12
1
1
33
1
10
29
12
2
1
24
1
15
28
13
2
2
2
5
4
5
1
2
5
10
18
21
2
27
2
17
8
3
25
8
22
18
3
9
14
1
1
3
1
13
4
1
1
1
1
4
1
1
2
3
3
1
123
1
53
5
1
1
1
1
6
2
113
3
7
9
1
1
1
1
404
1
1
27
1
13
5
5
2
1
1
4
1
3
954
3
1
15
8
1
1
13
1
1
15
9
7
4
17
1
3
2
3
1
8
4
3
1
1
187
1
1
3
46
1
1
1
1
1
1
1
1
1
2
1
2
12
2
1
28
4
1
1
2
1
1
1
3
1
1
1
8
1
2
3
175
1
1
1
1
2
23
1
4
8
4
9
18
17
4
7
1
1
2
2
4
1
1
1
1
1
1
16
61
240
1
351
1
1
1
2
1
1
1
1
1
1
15
59
2
1
9
4
2
1
1
5
12
6
4
3
6
10
2
1
1
9
5
1
49
9
3
41
1
5
4
3
2
6
2
1
7
4
15
2
2
7
3
3
2
2
2
13
17
44
79
2
24
2
17
16
7
1
96
8
1
1
1
3
3
2
1
4
21
2
1
1
7
2
1
9
15
6
4
5
2
2
3
40
1
18
5
7
3
9
1
1
18
8
10
1
58
2
2
4
15
1
2
2
5
8
2
5
2
57
9
1
2
1
2
2
1
1
38
6
6
1
1
2
1
1
2
1
1
3
1
2
7
2
3
1
2
1
1
1
1
6
2
1
8
16
1
1
1
1
7
1
1
50
3
1
1
1
3
1
4
2
2
115
2
6
1
2
1
1
2
1
1
1
19
23
16
2
1
2
1
17
1
8
2
50
1
1
1
1
3
9
12
18
1
1
1
1
1
1
8
4
1
2
68
1
1
9
5
3
1
2
1
100
1
2
1
3
1
3
7
1
1
6
20
1
2
663
3
1
2
1
1
1
5
1
1
1
21
10
2
2
1
2
1
23
1
1
1
1
2
18
2
1
2
1
47
1
4
1
4
4
1
1
30
19
2
1
14
8
1
2
1
1
14
2
1
4
4
1
5
1
191
17
17
5
1
1
6
12
1
1
2
2
1
1
15
9
1
8
3
4
1
1
3
2
10
1
1
2
2
1
2
2
2
3
5
7
1
1
3
26
1
18
1
1
2
4
9
1
30
1
1
6
19
2
1
5
5
57
12
1
22
4
19
8
3
1
6
1
45
1
2
1
1
2
1
1
1
1
1
1
46
1
1
4
1
1
1
1
1
1
1
1
1
2
1
17
2
2
2
3
1
3
1
2
28
1
1
1
1
1
3
1
1
44
1
1
1
12
3
1
2
1
1
1
1
1
1
1
2
1
72
1
1
1
1
1
1
1
2
1
2
3
1
1
1
2
1
2
1
1
2
3
9
3
2
1
9
1
12
10
1
18
1
1
1
1
1
1
2
1
4
10
4
2
1
1
4
3
2
1
5
7
1
1
1
2
1
11
2
1
4
1
1
1
1
1
1
3
1
2
2
2
2
7
6
1
3
1
2
1
5
1
1
1
1
3
2
1
1
2
3
1
1
1
1
8
2
1
1
1
4
1
1
4
1
1
7
1
1
5
6
1
1
1
2
1
3
3
11
2
6
1
1
513
1
20
94
1
2
3
3
4
4
11
1
1
1
1
1
1
1
2
1
3
1
4
1
1
3
1
1
1
2
1
1
1
4
1
1
5
1
1
1
2
2
1
1
1
1
1
1
4
2
1
2
1
2
10
3
1
2
18
48
16
90
1
3
2
1
1
2
1
1
1
1
5
54
2
1
1
2
4
2
1
1
1
1
5
2
5
1
1
1
1
1
1
11
4
11
1
5
1
1
4
1
6
5
2
2
2
28
4
2
1
1
6
1
1
2
1
1
1
6
1
1
1
1
1
1
1
1
1
1
1
1
1
7
1
4
1
3
1
76
2
1
1
1
12
1
1
4
39
2
7
50
1
7
1
1
1
1
1
1
3
2
1
2
1
2
1
4
1
2
2
1
1
1
1
5
2
10
6
9
1
1
1
1
18
1
1
1
1
1
1
1
49
3
1
10
45
1
2
1
19
37
1
1
52
1
10
3
8
6
80
1
3
2
4
1
3
1
9
1
1
1
2
685
3
1
8
6
14
6
3
1
1
1
1
1
1
1
13
2
1
2
20
3
1
5
1
9
8
2
1
4
3
10
3
2
1
3
1
5
1
19
1
1
2
1
1
6
1
2
36
6
1
4
6
1
29
1
2
1
1
5
9
1
1
15
4
1
1
4
1
1
8
1
5
2
1
1
1
1
1
1
18
1
1
1
270
1
1
1
1
1
1
1
1
1
1
1
2
1
1
4
4
2
1
1
4
2
1
1
1
25
4
10
22
1
1
19
1
1
1
1
1
1
1
3
5
1
4
2
6
4
1
1
9
58
96
2
14
1
213
2
2
1
1
1
1
1
1
1
1
1
1
37
1
1
1
1
2
9
10
16
30
1
1
1
1
1
1
1
1
1
1
1
1
1
1
37
1
3
12
2
1
2
68
3
1
1
142
2
1
3
1
2
3
4
1
1
2
1
27
1
2
1
19
1
2
1
1
1
1
5
6
15
35
57
18
1
152
4
1
23
20
4
3
2
13
24
4
6
1
100
7
1
14
13
59
8
1
20
1
5
1
17
7
1
45
1
1
2
1
1
1
1
1
2
1
2
17
2
7
24
5
3
1
3
2
2
49
1
21
1
1
1
20
1
32
1
1
30
5
21
9
75
1
18
8
1
1
1
3
4
2
2
1
1
17
1
2
4
68
9
1
31
47
1
1
8
1
1
16
8
10
1
1
1
2
3
1
10
4
1
1
3
1
2
1
3
1
2
2
80
8
5
7
3
10
30
6
1
3
31
19
2
67
1
1
18
7
39
2
2
40
1
2
1
1
6
29
20
3
21
6
1
1
30
42
20
64
1
1
1
1
1
1
1
1
2
38
3
2
88
1
1
1
90
2
6
6
3
16
22
1
13
1
3
1
1
1
3
8
22
3
1
55
4
25
4
1
16
43
12
7
1
1
3
97
23
5
1
15
11
5
1
8
8
197
10
1
2
12
1
17
2
5
1
7
1
19
1
1
1
10
16
3
16
1
9
6
1
11
1
4
26
1
20
31
65
123
1
1
13
1
1
1
41
8
1
5
1
9
6
11
2
2
1
5
2
2
38
45
59
5
1
1
1
1
1
2
1
2
2
1
1
1
1
1
1
1
1
1
2
1
1
1
2
1
1
5
1
1
1
1
1
1
1
1
1
1
1
1
1
2
1
2
10
1
4
13
2
3
1
1
1
1
2
1
1
2
1
4
1
31
16
162
1
1
1
2
1
1
2
2
1
1
3
1
1
1
20
1
30
1
23
1
8
1
3
1
3
8
1
21
20
1
15
1
29
22
21
1
2
78
1
1
4
2
1
1
1
7
3
1
1
9
6
1
6
1
3
1
1
1
1
3
1
1
1
1
1
1
1
2
2
2
1
2
2
2
1
3
3
2
1
1
1
1
1
15
1
1
1
1
2
1
1
2
2
2
1
1
1
1
1
1
3
1
2
1
3
1
1
1
4
4
2
3
1
2
1
1
1
1
1
2
1
1
1
1
1
1
1
3
10
1
3
1
1
4
3
1
5
1
2
1
2
1
2
5
1
2
4
1
3
1
1
1
2
1
1
1
1
1
1
1
1
1
2
1
1
1
5
1
2
5
1
1
1
1
65
68
28
113
2
1
1
2
1
1
5
1
6
1
15
6
1
2
1
1
3
1
1
20
1
1
1
1
11
2
23
3
10
1
3
1
12
2
2
15
15
1
1
3
1
1
3
1
1
1
1
1
28
25
1
1
1
4
1
1
128
2
19
2
1
7
60
3
3
7
50
4
2
2
1
3
1
23
9
7
2
3
12
1
2
2
1
1
1
6
1
1
1
6
6
4
6
1
1
1
8
18
14
11
4
3
1
13
1
2
1
1
2
4
1
1
2
1
1
1
1
1
1
1
1
1
2
22
5
1
1
4
2
1
6
1
2
4
1
1
2
1
1
2
1
1
3
1
5
1
3
1
1
1
1
8
4
2
1
1
3
1
1
1
1
1
2
1
1
1
1
1
2
7
2
1
3
1
48
2
1
4
1
1
1
1
1
1
120
1
2
2
1
1
1
1
1
1
2
1
1
16
1
2
1
1
1
2
1
1
4
2
1
1
1
1
6
569
2
1
3
15
1
1
1
5
2
1
1
16
2
1
1
1
1
6
2
3
12
2
27
2
1
8
1
1
9
1
1
1
1
1
1
1
1
2
2
1
8
5
3
4
3
1
1
1
13
1
2
3
4
1
3
1
4
1
2
1
1
1
1
1
1
1
1
1
3
2
1
5
3
7
1
7
53
133
1
25
38
1
3
1
127
1
1
1
2
1
1
1
12
11
1
1
1
1
8
1
1
2
8
2
3
3
3
11
1
1
1
1
1
1
1
1
1
1
5
5
1
1
1
1
2
9
28
1
4
3
1
4
7
1
1
2
1
2
6
1
3
2
2
20
1
1
1
1
33
1
1
1
1
3
2
1
1
116
10
1
1
1
1
3
1
24
7
1
3
2
1
1
1
1
2
1
1
1
1
29
1
1
1
29
46
4
2
3
1
1
5
1
28
113
2
3
37
2
3
2
1
3
1
1
2
2
2
1
1
1
2
1
1
1
2
11
1
1
3
1
20
16
3
1
492
2
4
2
1
2
1
4
122
5
20
1
1
28
324
1
3
7
27
1
1
2
1
41
3
1
1
2
3
1
1
1
1
1
1
1
1
1
7
7
1
2
1
2
1
1
1
1
1
1
1
8
1
1
1
1
3
15
1
1
3
1
1
265
1
1
1
1
1
1
1
1
2
1
1
3
2
1
3
3
10
1
4
3
2
1
3
1
1
1
1
2
91
1
7
2
4
25
5
5
1
5
18
259
1
1
105
54
1
1
17
9
1
1
1
2
2
406
3
3
1
1
176
1
4
1
5
8
1
24
27
1
1
2
1
16
1
2
1
1
2
1
9
82
4
70
80
14
3
3
11
269
1
4
294
57
53
62
1
1
23
3
12
1
118
1
7
2
2
1
4
4
47
17
2
4
15
78
1
1
35
1
23
14
3
20
3
1
1
310
1
9
7
57
10
2
4
126
108
1
167
64
13
3
198
153
1
51
1
83
1
11
18
66
2
2
1
2
188
3
35
34
12
56
2
145
88
16
2
3
47
1
2
1
11
1
3
1
1
2
1
10
4
1
2
1
1
1
1
12
2
1
1
1
2
1
1
1
1
1
1
2
1
1
1
2
6
1
2
5
2
1
3
2
11
3
1
1
1
1
1
2
1
1
320
7
1
105
1
1
10
8
25
2
1
15
1
1
1
94
8
19
8
1
3
1
25
1
1
8
94
20
104
25
32
1
1
1
1
2
1
1
1
1
5
1
1
1
2
1
1
1
1
1
5
2
25
1
2
1
2
2
2
2
1
4
6
2
1
1
1
1
1
2
1
2
1
1
1
2
1
1
1
1
2
1
1
1
1
1
1
1
1
4
9
5
1
1
2
1
1
2
1
1
1
1
1
5
1
1
1
2
25
2
1
1
43
4
1
2
1
1
1
1
76
1
1
1
1
1
1
1
1
1
1
1
1
1
1
1
2
14
3
1
1
12
1
1
2
4
1
1
1
1
1
1
1
1
1
1
1
176
1
60
1
2
2
1
1
2
1
1
98
87
1
2
1
2
1
1
7
1
1
1
1
1
1
1
1
2
1
1
1
1
1
1
1
1
2
2
8
2
3
1
1
1
2
1
1
1
41
1
2
72
50
2
1
1
1
3
1
3
2
25
4
1
2
2
1
1
3
1
2
2
1
1
1
1
1
2
1
1
1
3
5
1
1
1
1
12
1
1
75
3
1
1
1
1
3
1
1
2
1
1
1
1
1
1
1
1
1
1
2
2
1
1
2
1
1
1
1
1
1
1
1
1
1
2
4
4
1
1
1
1
1
1
1
1
2
1
1
1
2
3
1
1
1
1
1
1
1
43
347
1
1
4
1
1
2
1
1
1
3
1
1
1
180
14
1
2
1
1
1
1
1
1
1
2
1
1
1
3
1
4
1
3
1
1
1
1
1
1
1
1
1
5
2
1
2
1
2
1
1
1
1
1
1
2
2
1
1
1
3
9
1
12
2
1
1
2
7
1
6
3
1
1
4
4
1
21
1
1
14
178
2
1
1
1
5
1
1
7
1
199
2
15
1
2
6
1
4
1
1
1
1
1
1
1
1
1
1
2
5
2
55
3
1
2
1
1
2
6
6
3
1
77
1
13
1
1
1
2
5
1
4
1
4
10
2
1
1
15
1
1
1
1
4
2
1
1
2
4
30
10
1
2
1
1
1
1
1
1
1
1
6
12
8
1
1
1
18
1
1
3
3
1
1
1
1
1
1
1
10
3
1
1
1
2
1
1
1
2
1
1
72
41
2
16
22
14
4
1
1
1
1
1
1
1
3
2
4
1
1
1
1
1
2
2
1
1
2
72
1
4
1
1
5
2
9
1
1
1
1
1
1
1
3
1
2
2
1
1
2
1
5
7
1
1
2
1
7
1
1
1
1
1
2
1
1
1
1
3
1
7
1
1
1
1
6
1
1
1
2
1
1
1
3
5
22
6
1
1
1
2
1
20
1
1
2
1
1
1
1
1
5
1
13
5
1
1
1
1
1
2
1
1
1
7
1
1
2
5
1
1
2
2
1
2
2
1
3
5
7
1
1
1
2
291
101
2
1
5
1
2
1
1
1
593
29
1
1
1
2
1
12
1
1
1
1
1
5
1
10
2
1
43
10
2
5
1
1
1
2
1
1
2
1
45
1
1
1
1
2
1
1
5
1
1
1
1
1
1
1
3
1
1
3
3
1
1
2
3
1
1
7
1
2
4
2
3
1
1
4
1
13
1
4
1
1
1
1
3
1
117
11
2
6
1
13
1
1
2
1
2
5
1
2
6
24
1
1
1
3
1
3
1
6
1
1
2
1
3
1
2
6
3
1
2
1
1
1
1
4
1
1
1
27
2
1
1
1
1
8
1
2
1
3
3
2
2
8
7
1
3
7
5
53
2
2
3
1
3
5
1
4
20
50
11
1
1
1
31
1
17
3
3
6
3
1
1
1
1
1
1
2
3
2
1
24
1
1
8
18
1
1
2
1
1
1
5
1
2
2
1
1
1
13
25
18
1
6
2
13
10
9
1
174
1
5
1
7
2
1
1
1
2
2
12
12
1
1
7
1
1
1
2
1
4
3
7
7
105
2
1
2
31
3
1
1
21
1
1
1
1
1
18
5
121
6
1
76
34
1
33
1
2
1
2
2
2
1
1
1
1
1
2
1
1
1
1
3
3
3
1
2
1
2
1
5
1
1
1
1
3
