4
16
9
3
1
5
17
5
2
7
11
9
1
1
6
1
93
157
3
11
4
19
15
8
2
4
33
19
3
20
109
46
14
459
94
190
10
2
5
1
117
11
4
1
5
140
9
10
17
7
9
166
9
1
83
1
26
10
5
97
3
235
83
61
3
54
2
13
6
149
10
1
6
31
112
163
3
19
10
311
14
1
10
3
44
5
2
39
8
14
38
87
1
3
2
20
11
41
10
1
15
50
13
2
77
22
6
25
6
2
3
25
239
156
4
12
16
550
44
3
18
8
2
4
3
97
56
89
23
358
19
9
86
14
252
6
6
5
5
5
1
9
3
79
3
2
8
13
4
4
15
16
11
701
35
146
13
56
9
15
13
199
20
2
514
3
12
13
74
67
55
2
11
8
3
144
3
1
354
13
1
66
20
4
3
3
4
9
8
73
6
32
25
3
7
25
96
2
63
15
53
17
24
98
4
23
4
5
1
10
2
32
8
5
10
1
5
26
6
3
1
100
7
28
8
3
6
1
41
29
5
4
3
1
77
415
22
15
34
52
4
1
7
36
74
59
2
149
208
77
68
45
8
3
5
2
1
22
62
67
3
2
4
80
4
2
8
27
2
12
688
4
238
4
222
55
22
23
2
26
72
88
6
18
81
9
43
7
10
7
184
37
2
31
2
9
89
2
2
208
8
155
2
10
1
38
3
21
24
25
4
155
9
151
11
11
24
1
39
28
9
16
97
8
1
60
125
6
207
44
28
62
68
24
9
60
20
2
26
2
28
1
1
3
9
654
5
89
14
1
2
118
2
2
6
7
4
23
4
16
43
17
6
2
4
14
11
121
3
1
1
3
14
167
25
50
71
69
3
4
2
13
3
92
10
5
2
3
8
6
12
3
3
22
2
3
2
12
19
1
3
80
2
2
5
5
38
3
15
370
10
15
4
118
100
21
5
4
72
3
33
7
8
131
2
45
49
17
10
24
18
8
163
10
83
16
14
13
3
11
108
18
7
9
3
19
4
2
2
3
5
293
7
86
138
6
9
115
9
30
2
161
11
28
48
15
10
22
14
2
4
1
63
3
16
20
2
111
1
24
2
4
128
11
42
1
9
3
4
26
353
2
38
223
12
1
22
6
9
5
12
1
2
5
5
9
2
6
30
16
23
6
89
8
13
3
42
18
7
39
3
16
9
4
7
16
37
72
191
64
6
5
1
92
2
44
16
101
123
3
11
60
66
23
4
358
14
32
19
4
5
1
71
26
3
340
13
160
1
6
67
7
2
4
13
1
1
48
3
3
38
108
9
25
3
380
2
8
16
7
144
36
3
20
2
11
1
7
338
73
12
2
77
43
249
89
21
461
7
3
8
8
23
37
233
53
42
33
38
2
677
106
22
5
55
135
2
5
22
496
2
2
2
2
7
2
7
2
12
4
2
13
14
1
9
