13
23
92
171
112
89
59
232
26
19
4
2
17
1
3
144
384
356
2
182
92
46
52
4
2
2
1
250
28
193
182
197
3
337
69
6
19
41
28
2
2
87
157
84
36
194
229
33
196
114
180
9
36
9
22
5
62
59
188
1
174
77
44
7
123
12
62
26
8
4
35
24
80
10
24
31
7
1
43
179
26
18
6
15
5
203
14
6
77
30
143
56
122
2
131
38
6
6
78
11
25
11
89
12
36
278
88
94
6
88
210
24
54
23
1
1
9
20
4
1
3
25
196
54
62
117
102
12
44
47
33
37
429
8
54
4
51
12
150
358
315
7
229
9
21
9
41
31
9
30
182
48
4
2
29
102
11
5
33
362
26
9
13
19
305
13
8
149
22
10
4
3
5
184
52
17
280
101
4
21
290
18
28
18
40
2
4
563
196
41
2
299
68
19
2
122
28
64
11
13
96
239
9
48
4
2
184
26
18
1
38
80
1
399
51
1
50
229
4
40
1
120
17
134
444
1
81
44
23
4
18
17
16
31
1
282
9
10
32
7
1
14
216
65
16
64
137
30
65
7
41
145
1
37
449
433
24
2
120
7
55
280
1
61
4
29
1
54
6
570
38
24
48
448
1
149
9
130
1
77
34
107
479
6
119
255
379
53
99
42
108
27
1
7
22
534
3
9
70
36
61
55
3
14
136
79
1
40
39
17
1
1
4
2
1
2
1
6
1
1
4
3
1
4
62
22
15
7
16
15
32
157
1
2
4
4
31
29
18
1
16
2
19
1
2
1
5
8
30
1
4
3
6
8
1
4
18
1
115
1
23
9
1
1
3
1
1
6
6
6
2
1
1
4
1
3
10
2
8
50
9
12
1
2
1
3
5
1
7
17
1
2
3
2
3
48
1
1
1
1
1
1
1
1
7
2
1
1
1
2
1
1
3
1
1
4
3
1
1
3
7
1
4
2
4
1
2
4
1
4
21
1
8
3
1
8
1
1
1
5
1
2
2
2
1
2
17
5
1
1
1
1
2
39
3
1
1
1
21
1
1
4
8
5
1
2
1
7
1
19
1
2
1
1
9
1
4
10
6
2
1
1
1
40
6
11
1
3
3
2
1
9
23
53
1
9
21
2
3
1
18
2
2
1
6
4
1
3
36
16
1
4
1
1
1
1
1
1
1
2
1
1
16
1
1
1
1
6
2
1
1
1
1
1
15
1
1
5
7
1
1
448
2
1
2
1
1
2
4
2
12
1
1
9
3
1
4
1
17
2
1
1
40
93
157
1
1
30
1
125
1
1
3
11
1
1
1
13
2
4
19
7
10
35
57
4
1
1
2
15
4
1
10
1
1
1
3
1
1
3
1
1
8
35
4
2
1
1
2
1
4
8
1
2
10
1
3
2
1
4
3
1
2
1
1
2
1
5
4
1
2
1
2
3
3
8
7
2
7
3
15
14
2
1
1
2
1
1
38
2
1
1
1
1
54
4
1
1
1
1
1
1
1
4
2
6
7
3
1
33
1
1
1
1
1
1
1
1
1
9
1
1
1
2
1
1
19
12
7
1
1
1
1
3
1
1
1
1
1
1
1
1
1
1
1
1
2
1
1
1
1
2
1
2
1
1
1
5
1
1
20
1
1
1
4
5
1
2
3
2
1
2
1
3
2
1
109
1
1
1
1
2
1
1
86
16
1
3
1
14
2
2
7
1
1
4
3
8
21
3
1
1
1
7
15
8
2
1
7
28
1
5
1
1
1
4
1
1
1
1
1
28
17
3
4
2
46
30
1
8
7
1
14
2
1
459
1
1
12
1
1
2
1
9
1
6
1
1
50
1
1
94
1
1
1
1
1
1
190
1
1
12
1
10
1
1
1
1
1
4
1
3
1
3
8
1
2
1
12
1
1
4
1
2
1
1
1
12
8
1
15
2
1
9
1
2
2
22
2
1
1
1
1
8
5
1
1
2
1
1
1
1
3
1
1
1
4
1
1
8
4
41
9
1
1
14
2
12
1
1
2
1
1
1
2
1
2
2
5
2
1
1
1
3
2
1
1
2
5
1
101
1
7
3
1
23
1
1
4
1
1
1
1
2
5
1
9
1
1
1
117
2
1
1
2
11
4
3
3
1
232
1
1
2
1
1
1
18
1
1
2
4
1
1
62
1
3
1
1
1
2
2
1
1
2
53
2
1
1
1
1
1
1
2
1
1
5
1
1
2
1
2
1
1
1
5
1
1
1
1
1
140
1
1
1
27
2
1
1
1
10
4
8
1
2
1
1
1
3
1
2
1
6
5
2
1
7
1
1
22
3
1
6
9
10
7
9
1
2
1
1
36
1
1
17
2
7
3
1
1
9
1
18
1
1
2
10
1
1
1
1
215
1
3
1
1
56
14
9
1
26
15
2
1
2
166
1
1
1
1
1
1
4
45
1
7
3
1
20
1
2
1
2
1
1
1
1
1
1
1
1
1
10
1
1
2
1
1
1
2
2
1
1
21
3
6
1
5
1
1
1
1
13
7
2
1
2
2
1
6
3
9
21
4
1
9
3
43
9
4
48
7
247
57
21
20
1
4
10
83
2
2
9
196
8
2
30
1
7
8
27
63
1
4
1
2
2
1
7
16
15
26
2
1
2
146
10
1
1
1
137
1
6
1
3
1
7
5
60
5
7
1
1
1
2
2
1
1
1
97
1
1
2
57
1
4
5
1
2
1
1
3
1
1
2
23
3
3
1
1
2
1
1
1
1
235
1
1
1
2
1
1
1
7
1
2
32
3
12
1
1
1
1
1
1
1
1
4
5
1
1
1
1
1
83
1
1
1
2
1
1
1
1
1
3
9
1
41
3
1
1
18
62
61
1
1
88
141
8
3
2
1
1
7
4
2
3
9
1
1
2
54
1
2
1
1
1
2
4
4
1
11
1
61
2
6
58
2
1
1
2
3
1
2
1
13
1
1
2
2
1
2
19
7
6
2
4
149
1
2
3
1
1
1
1
2
4
3
1
3
1
10
1
11
8
1
2
2
3
7
1
1
4
1
46
23
4
1
7
1
2
6
1
33
24
67
1
7
1
1
1
1
1
7
6
31
1
1
3
1
1
1
112
2
1
1
1
3
3
3
2
3
1
1
1
1
1
2
4
1
163
1
1
1
2
3
1
1
5
1
1
3
143
1
1
1
14
19
145
17
1
1
197
1
3
1
147
4
1
2
1
10
2
3
1
1
1
1
53
1
1
2
1
1
1
4
311
1
1
2
1
1
39
1
1
1
1
1
1
1
1
1
1
1
14
1
2
1
2
1
4
1
2
4
1
2
1
7
1
1
1
4
1
1
3
1
2
2
5
1
1
1
1
1
2
1
6
1
1
2
1
1
1
1
2
1
1
1
2
1
1
2
10
1
1
2
3
4
2
2
1
23
2
1
1
44
1
1
29
3
1
1
1
1
2
1
2
1
1
1
7
1
3
1
5
1
1
5
2
7
95
1
1
58
1
1
1
1
1
1
1
2
1
2
3
1
1
1
1
1
2
1
1
1
2
2
39
8
3
71
12
1
1
1
47
1
8
1
9
1
10
2
1
3
14
15
1
38
1
20
1
87
1
1
1
1
1
1
1
1
1
1
1
5
1
1
3
5
1
1
1
5
5
8
4
16
1
2
13
19
5
8
1
2
2
1
3
1
1
1
4
8
5
2
2
1
2
3
3
1
3
3
1
1
1
1
4
2
1
1
1
3
2
1
10
2
1
2
14
1
2
1
4
1
1
3
1
1
1
3
1
4
1
1
6
14
1
77
2
1
3
1
18
1
59
2
6
1
1
10
9
2
2
5
2
1
11
4
18
1
1
3
9
1
1
1
2
9
8
6
14
1
1
6
1
2
6
5
3
1
1
1
7
1
1
14
7
1
1
2
1
7
20
1
1
1
1
3
3
4
2
11
19
4
4
1
1
2
1
11
31
2
1
2
7
1
1
1
2
41
4
10
1
4
1
7
2
1
9
2
5
14
1
1
1
3
1
1
1
1
1
1
5
2
1
1
2
8
3
9
3
1
1
1
24
1
1
2
1
37
12
1
3
1
167
15
2
50
2
2
1
5
1
1
19
1
11
1
6
1
1
5
3
3
1
1
5
4
1
2
1
5
1
1
1
2
64
28
1
3
2
7
2
2
8
4
9
1
1
11
95
50
10
1
1
2
1
13
1
1
1
1
1
29
3
1
1
4
2
1
33
1
1
1
1
2
1
1
1
77
1
1
1
1
3
180
10
1
1
2
1
2
1
1
4
1
1
4
5
1
2
1
3
1
3
2
3
1
1
1
1
1
1
1
2
1
2
4
1
8
1
1
1
1
1
4
1
2
1
1
1
1
1
2
1
1
1
1
1
1
1
1
4
1
1
1
1
1
1
1
1
1
1
2
2
2
5
1
4
1
1
1
2
1
1
1
1
2
3
5
7
1
1
1
1
3
6
1
2
1
1
1
1
3
1
2
1
1
1
2
3
2
1
1
2
3
1
3
52
1
2
1
2
2
1
2
1
6
1
1
1
2
22
1
1
1
1
1
1
1
6
1
1
1
1
1
1
6
2
1
1
1
115
2
25
5
1
2
2
2
2
1
1
1
1
13
1
1
5
1
1
2
1
1
1
1
1
18
1
2
1
1
1
1
1
1
1
1
1
1
1
1
5
2
6
1
1
1
6
1
1
1
1
1
1
1
2
1
1
1
1
2
1
1
1
20
1
1
1
1
2
10
1
1
35
1
39
3
2
1
1
4
3
1
1
1
1
3
1
162
1
1
1
2
1
5
15
1
1
22
2
357
5
5
3
1
1
1
2
1
1
3
1
4
1
2
2
2
1
1
5
9
1
1
1
1
1
2
1
1
12
2
1
6
4
2
6
1
1
1
3
4
1
3
1
3
1
51
5
3
1
3
1
1
1
19
13
25
56
3
12
68
6
8
10
1
1
1
1
2
3
239
2
1
1
2
1
1
22
2
30
2
2
1
1
1
1
4
2
22
1
1
2
1
1
2
3
1
1
2
1
1
4
1
1
1
1
1
3
156
2
1
1
178
153
1
2
4
4
378
3
4
3
1
3
1
10
3
1
3
10
7
2
2
12
1
1
55
16
1
1
1
1
1
1
1
47
110
4
1
128
2
1
1
1
1
1
1
1
4
1
1
1
2
1
1
1
1
550
1
1
2
1
3
3
2
1
11
1
1
1
1
1
1
2
1
2
2
1
1
1
1
1
1
1
1
54
11
1
44
1
9
1
1
1
2
1
4
1
2
1
1
1
1
1
21
1
4
3
1
1
1
1
1
1
1
3
1
2
1
1
1
1
2
2
1
1
6
1
1
1
2
1
5
2
18
2
8
2
1
1
1
1
39
1
1
1
1
1
1
2
8
1
5
1
1
1
2
1
1
1
1
1
1
1
1
2
2
1
3
1
1
1
2
6
4
1
1
1
1
2
4
1
2
2
1
1
2
1
1
2
8
1
1
1
1
7
1
1
2
3
1
2
1
1
2
1
97
6
1
1
1
56
1
1
6
2
1
1
1
3
5
1
1
1
6
1
3
1
1
1
1
1
1
1
2
1
1
1
2
1
1
19
1
89
3
4
1
5
3
1
1
1
2
3
1
1
1
2
1
1
1
1
1
1
1
2
23
8
6
12
1
3
5
1
1
2
1
4
1
1
1
8
1
1
1
1
1
1
1
9
1
1
5
2
2
1
2
1
2
7
4
4
1
15
4
1
2
3
14
85
12
1
1
1
2
1
3
9
358
1
42
1
1
1
1
1
3
1
1
2
2
7
1
1
2
1
3
3
5
8
1
1
1
2
1
1
1
1
1
6
1
1
1
2
1
1
1
1
3
3
11
1
1
1
2
1
1
13
1
1
1
1
1
1
61
1
1
1
15
5
1
1
1
1
2
5
1
19
9
1
2
1
2
1
1
1
1
2
2
1
1
1
3
1
86
2
1
1
1
1
2
2
1
2
1
1
1
1
1
4
1
1
2
3
1
1
1
2
1
1
1
2
1
1
1
1
6
4
4
1
9
2
1
1
2
2
1
1
2
1
2
5
1
1
1
1
1
1
1
1
2
2
1
6
1
1
1
1
2
1
1
1
1
1
1
1
1
48
2
1
1
1
1
1
1
1
1
3
1
1
19
14
1
1
1
3
34
2
1
1
1
2
2
1
1
2
1
3
6
1
1
1
5
1
1
1
1
1
2
1
1
1
3
3
4
1
4
3
1
5
1
1
2
3
1
1
1
252
1
1
1
1
2
1
5
1
1
1
1
5
8
5
5
1
4
1
6
13
43
11
1
4
2
3
2
23
1
1
1
6
1
1
1
10
6
1
67
1
1
2
2
1
1
1
149
1
69
1
62
1
1
1
2
1
4
2
3
2
1
38
8
5
1
3
5
1
3
18
1
2
1
1
1
4
1
12
1
1
2
1
1
1
1
1
24
1
1
1
117
58
1
5
1
67
1
21
1
34
6
25
106
25
2
5
7
1
1
2
1
7
1
1
2
50
9
2
1
215
1
1
1
1
4
4
1
3
1
1
1
9
1
1
1
1
1
1
3
5
3
5
2
79
1
5
3
1
3
1
1
1
1
11
39
1
2
1
1
1
8
58
3
2
5
8
1
1
1
1
1
1
2
3
1
1
1
1
1
1
1
1
7
8
4
1
1
1
1
1
1
2
1
1
2
1
1
1
1
1
1
1
1
1
1
1
1
8
2
9
1
1
1
1
1
3
13
3
1
1
8
2
1
1
2
1
4
11
3
2
7
2
1
1
6
1
3
42
59
47
4
1
1
1
2
1
1
4
3
1
2
1
1
2
1
1
1
1
1
3
4
4
1
1
2
4
17
4
7
30
3
1
1
1
1
1
1
1
1
1
2
1
1
2
2
1
1
1
1
1
1
18
2
1
1
1
15
1
1
3
2
2
6
1
1
1
10
1
1
1
1
4
1
1
1
2
3
1
1
2
1
1
1
1
1
1
1
4
2
1
1
1
1
1
4
1
1
1
2
3
1
16
11
1
1
3
1
1
1
2
1
1
1
1
1
4
534
1
701
1
5
1
1
1
5
1
2
7
1
1
2
1
1
35
1
127
70
1
1
1
1
1
1
1
1
1
53
1
1
1
146
13
1
11
2
3
3
1
1
56
1
1
1
1
13
2
1
1
3
3
1
1
120
1
9
15
5
1
47
1
3
1
2
2
1
1
1
4
1
1
1
1
1
1
1
1
13
2
1
1
4
1
1
1
4
2
1
2
2
1
1
7
1
199
1
1
3
2
2
1
1
2
1
1
1
1
1
2
1
1
1
1
1
1
1
1
20
1
2
2
2
2
2
1
1
1
1
2
1
1
2
3
3
1
1
1
1
1
1
4
4
16
2
2
1
1
1
1
1
4
1
1
1
2
1
2
514
1
1
1
1
1
1
21
1
10
1
1
47
13
3
1
2
12
1
1
13
2
74
1
4
2
6
2
4
1
1
1
1
2
1
2
2
1
1
7
1
7
1
5
2
2
5
1
4
67
2
6
3
1
1
6
6
7
2
1
1
5
2
55
1
1
4
1
3
11
16
7
1
12
7
3
1
1
1
1
2
2
1
1
12
1
2
3
6
3
11
1
2
8
13
1
1
8
8
3
8
1
4
1
25
2
24
1
2
4
45
3
2
1
32
5
1
1
3
4
2
1
3
1
1
5
1
19
5
1
1
2
2
1
1
1
1
2
1
2
96
2
3
44
6
3
5
1
1
1
1
2
3
1
1
4
52
1
10
1
2
2
55
2
5
2
45
2
3
2
2
2
1
11
1
5
3
1
12
4
1
2
5
1
4
9
6
86
11
1
1
1
2
1
1
4
2
1
1
1
2
1
1
2
2
1
3
1
1
1
1
1
144
1
1
3
1
1
1
1
1
1
1
3
1
1
1
3
1
1
1
1
1
3
1
1
1
1
3
1
1
1
1
1
1
1
1
1
1
2
2
1
1
1
1
1
2
2
3
18
1
1
6
2
1
5
1
1
6
1
2
1
1
2
1
4
2
13
3
2
3
1
1
1
2
1
1
354
2
1
10
1
2
5
1
1
32
1
2
2
1
1
2
1
14
1
13
7
1
1
3
1
2
1
2
1
66
1
1
1
1
1
1
7
3
2
1
11
13
1
8
1
1
2
10
1
1
2
1
1
1
1
1
1
1
1
1
1
20
1
1
1
4
1
1
1
1
3
1
1
8
1
1
2
18
4
2
1
1
1
19
1
1
8
1
26
1
1
3
1
1
1
1
1
88
1
5
1
1
1
1
1
2
1
2
1
1
3
1
1
1
3
2
1
1
3
1
1
1
4
1
3
2
1
1
5
15
1
5
6
1
1
1
1
1
1
8
1
3
1
1
1
2
2
1
3
1
1
1
9
1
6
4
2
1
5
4
1
1
1
1
1
1
1
1
1
1
1
1
1
1
4
1
2
12
1
1
1
1
1
1
1
1
1
1
1
1
1
1
2
1
90
1
1
1
1
16
22
9
3
5
2
1
66
2
2
1
12
82
9
1
1
34
20
1
17
3
75
1
8
36
32
46
1
1
1
1
2
1
36
1
7
1
31
1
1
1
1
1
1
1
73
1
1
1
1
1
2
1
6
1
1
1
2
1
1
4
177
1
2
1
1
3
7
4
7
1
1
3
1
1
6
2
1
1
14
24
1
1
56
17
7
2
6
36
3
6
143
1
2
35
32
1
25
2
8
42
20
4
2
9
5
3
2
2
19
3
8
14
2
10
1
1
4
9
2
7
25
1
23
17
110
5
7
17
7
2
6
1
1
1
29
17
2
6
25
4
8
32
5
1
50
18
7
11
1
13
1
1
2
18
1
1
1
1
4
1
4
2
1
1
3
1
5
1
5
1
1
1
12
2
6
22
1
4
15
1
1
5
1
3
1
1
2
6
3
1
1
1
1
13
2
1
1
2
96
9
1
1
2
1
1
7
1
2
31
2
1
1
1
1
2
1
1
1
2
1
2
3
1
1
1
2
1
1
1
1
99
2
1
1
3
2
1
6
1
1
1
2
1
2
1
2
1
3
1
1
63
3
1
1
10
1
8
9
1
18
4
5
21
15
53
5
1
1
2
1
1
4
1
2
1
10
9
17
2
1
1
18
1
1
1
11
280
1
1
1
4
7
1
1
1
1
1
1
1
1
18
1
12
1
1
1
1
2
1
2
13
2
1
1
1
1
11
1
1
5
2
2
1
2
1
1
2
1
1
1
1
3
3
1
1
24
1
1
2
2
2
2
8
17
6
3
2
8
98
4
2
1
3
1
4
1
1
5
1
1
1
1
1
1
1
1
1
1
1
1
9
1
1
1
23
2
1
41
4
6
2
27
1
4
7
2
2
1
1
1
1
1
2
2
1
1
25
5
1
26
2
1
3
1
3
1
1
1
1
1
1
2
1
2
18
4
1
2
1
1
1
4
1
1
1
1
1
10
6
2
1
2
17
1
2
1
1
1
1
32
4
4
1
1
2
1
2
1
12
1
1
38
12
2
1
1
8
1
1
1
1
1
1
1
1
4
2
1
20
1
1
2
1
2
2
1
2
23
1
1
25
5
6
1
1
1
1
1
1
1
1
1
1
1
1
2
1
1
1
1
1
1
9
1
5
10
1
129
4
4
1
7
1
1
1
1
1
4
1
2
5
1
1
3
1
1
1
26
1
1
1
1
1
4
2
1
1
1
1
4
1
1
3
3
6
2
2
2
14
1
4
1
1
5
1
3
3
1
1
3
2
5
1
1
7
2
1
1
2
78
1
1
1
1
15
100
1
1
50
7
1
1
28
26
4
2
2
1
1
1
8
1
1
8
1
1
8
2
1
1
3
1
1
1
2
2
3
1
1
4
2
12
6
2
1
1
1
1
1
2
1
3
1
1
1
1
9
1
1
42
1
2
1
18
1
3
1
1
41
1
1
29
30
5
1
1
1
1
1
1
1
1
1
2
1
5
1
3
1
1
1
2
1
3
6
11
5
2
1
5
2
1
1
1
1
1
1
5
1
2
1
4
4
12
1
1
1
3
1
1
2
1
1
5
4
14
1
5
3
11
2
2
1
1
1
4
1
3
1
5
1
1
4
8
3
8
1
39
1
3
1
2
5
2
1
1
2
1
1
1
5
7
1
1
1
1
1
1
1
2
1
1
2
1
1
6
1
4
1
1
1
1
1
1
3
1
1
3
13
77
4
1
18
415
5
1
1
1
1
2
1
1
2
3
6
2
3
6
1
22
2
6
1
1
6
3
8
3
1
16
15
1
1
1
1
34
2
1
2
1
1
52
1
2
20
4
1
12
1
1
12
1
1
1
1
17
4
5
7
1
1
6
1
1
1
2
1
1
1
1
1
1
16
1
2
7
7
1
1
1
9
2
1
1
5
1
1
1
1
182
1
1
1
96
1
31
1
1
2
1
1
1
1
1
5
1
70
1
1
1
1
2
36
1
74
1
11
7
1
219
1
1
1
1
2
1
1
1
1
1
1
4
1
1
1
1
167
1
2
1
1
1
1
1
59
1
1
6
1
2
2
1
1
1
1
1
1
1
1
34
1
1
4
1
1
7
1
28
1
1
1
6
1
1
2
1
1
1
4
1
3
4
2
1
1
1
1
1
1
2
1
2
149
1
2
3
9
1
1
1
7
4
8
27
208
5
1
1
2
1
35
2
3
77
1
1
6
2
7
3
7
16
3
8
68
1
1
1
15
12
12
6
8
8
1
3
3
1
1
1
2
1
1
3
1
1
1
1
1
2
1
11
46
1
1
1
1
1
4
1
45
1
2
1
3
1
1
56
1
34
1
2
1
4
2
13
1
1
3
4
26
1
3
4
3
3
2
1
1
2
1
47
55
8
1
3
10
1
1
12
1
1
56
1
3
2
1
4
2
1
1
1
1
12
1
4
29
3
2
1
1
1
1
1
1
8
2
1
26
5
3
5
6
3
1
2
1
1
1
5
1
2
15
1
3
2
9
2
1
1
1
1
2
1
1
1
12
2
5
1
2
2
2
6
1
1
5
2
2
2
8
3
8
1
1
1
1
1
1
1
54
1
1
36
1
5
1
1
3
1
2
1
2
1
2
1
1
1
22
1
1
4
1
3
3
1
35
2
2
1
2
1
62
1
3
67
1
3
1
2
1
2
2
2
1
1
4
2
1
4
1
2
1
1
2
1
8
1
1
1
1
1
1
1
2
2
1
3
62
1
1
1
2
80
2
2
4
3
1
4
1
3
2
1
1
1
1
2
1
1
33
18
25
1
3
2
7
11
7
75
12
20
26
1
8
6
16
1
6
1
1
27
3
258
5
2
1
6
19
5
9
1
1
2
25
2
1
1
1
4
1
1
1
2
9
1
2
13
1
7
1
1
1
3
1
1
3
1
1
1
5
1
4
1
1
19
1
9
1
1
2
1
14
1
3
14
1
2
2
10
1
2
14
1
10
1
12
3
3
13
2
5
1
2
2
1
2
1
1
1
1
7
1
1
1
49
21
688
5
1
4
6
46
10
1
15
2
1
1
1
1
4
1
1
1
1
1
3
1
4
3
2
1
1
1
3
54
238
1
1
3
1
121
1
1
1
1
2
1
14
1
1
1
2
2
1
6
2
8
3
1
1
4
1
1
1
1
1
2
1
113
4
2
1
1
1
5
1
1
2
1
1
1
51
1
18
5
18
7
1
3
1
1
5
40
5
16
3
8
2
25
1
2
1
21
1
1
222
2
6
1
5
21
1
1
1
1
55
22
1
1
1
1
1
1
1
1
1
1
3
1
23
57
4
1
2
12
2
5
1
2
23
9
1
2
6
1
1
1
1
1
8
2
2
4
3
9
4
29
1
1
26
26
1
20
1
1
1
10
1
5
2
4
1
9
1
1
1
1
1
4
1
1
1
1
3
3
1
107
1
2
2
1
1
1
1
1
2
1
1
1
29
1
1
1
4
1
1
3
1
2
1
5
1
72
1
1
1
5
3
10
1
1
1
2
4
7
1
42
1
14
29
2
1
8
8
1
3
1
4
1
1
6
1
97
2
2
2
1
88
1
1
6
1
5
1
7
21
11
1
1
1
1
1
1
3
1
1
4
1
2
1
1
1
1
24
2
16
1
2
5
1
1
1
1
1
1
1
1
1
1
1
1
3
1
18
12
1
1
1
1
4
5
1
1
1
1
1
1
5
5
3
5
81
1
5
2
2
1
14
1
3
9
2
1
2
1
1
1
48
1
2
2
16
1
2
1
3
1
1
2
2
3
43
1
1
1
1
1
1
1
1
2
3
2
3
1
1
3
1
1
1
1
5
7
10
2
10
1
1
21
1
1
1
1
1
1
4
1
1
3
1
1
8
4
1
1
1
1
7
1
8
4
4
1
1
1
4
1
1
3
20
1
2
1
30
1
1
3
4
1
1
1
4
5
1
1
2
2
5
1
1
1
12
1
1
7
1
2
2
1
10
1
1
2
3
2
7
1
1
3
1
184
6
1
2
4
4
13
1
1
116
2
1
1
1
19
1
1
1
1
1
11
6
2
6
2
3
4
1
8
3
1
1
1
3
1
1
1
1
1
9
1
4
1
37
1
2
6
4
9
4
1
1
2
7
1
1
1
1
5
2
1
1
3
1
1
16
1
1
2
1
1
1
2
1
1
6
1
1
1
6
1
1
4
8
1
1
2
31
1
1
1
1
1
1
3
1
6
1
6
1
2
39
48
1
1
2
3
2
2
12
1
1
1
2
1
2
1
1
1
2
1
1
1
9
1
1
52
1
1
8
1
2
3
4
1
1
1
1
2
2
1
2
1
17
1
89
2
280
1
3
3
5
1
2
1
1
3
1
15
114
10
2
12
1
6
1
1
3
1
4
1
4
5
4
1
1
1
1
2
1
1
2
1
2
1
1
1
1
2
14
4
1
1
1
1
24
6
1
1
1
11
3
1
2
3
10
1
2
1
1
8
1
2
1
1
4
1
2
3
1
1
1
1
1
1
1
3
1
7
2
1
1
1
1
2
1
1
1
208
1
1
4
1
1
8
1
1
1
1
175
2
2
6
2
1
1
44
1
1
1
5
1
1
1
155
1
1
2
5
1
5
1
1
1
6
1
2
3
2
1
3
1
1
1
2
4
1
1
6
1
13
1
2
1
2
3
1
1
1
22
1
1
1
1
2
2
1
3
1
1
1
1
3
1
1
1
1
2
221
2
1
1
1
44
1
10
2
4
1
1
1
4
5
1
3
1
1
6
4
6
2
8
1
1
1
17
1
1
1
1
3
10
1
2
1
38
1
14
2
1
1
1
2
2
6
2
1
1
1
1
129
1
2
1
1
1
3
1
1
1
1
1
1
1
3
91
16
1
3
2
2
1
1
2
1
21
1
4
1
6
2
1
1
1
1
1
2
24
2
1
2
2
26
4
2
26
1
1
1
4
3
4
2
1
1
1
1
1
1
1
1
1
1
3
1
1
1
1
7
3
2
4
67
1
2
1
1
4
1
1
7
2
2
1
1
19
1
1
1
1
1
1
26
1
41
5
1
1
2
1
1
9
2
2
1
8
1
1
1
3
1
13
1
24
1
1
9
1
1
7
1
55
2
1
5
1
1
22
1
1
1
1
1
1
2
2
3
3
1
1
1
10
6
1
1
2
1
1
3
1
1
1
1
1
1
3
4
1
12
1
1
6
1
1
25
3
1
10
1
1
1
4
1
4
1
3
1
2
6
3
13
1
16
1
2
155
1
2
2
9
12
5
2
4
151
2
11
1
1
1
2
1
30
7
1
1
3
6
1
1
1
1
7
1
1
8
4
1
5
17
11
2
2
1
8
8
4
3
1
1
1
1
1
3
16
1
1
1
24
1
22
2
1
39
5
2
1
1
1
1
6
9
29
1
2
3
2
1
1
1
11
28
2
2
1
1
1
94
4
1
1
1
3
7
14
1
1
1
1
6
9
7
8
1
1
21
2
9
1
1
1
1
1
7
1
2
1
1
1
1
1
1
26
5
4
2
3
6
1
16
2
4
16
2
13
6
5
1
16
1
1
45
1
1
1
97
1
1
14
13
2
1
1
8
1
291
1
2
26
2
8
1
2
1
1
1
1
1
2
6
1
7
5
7
2
2
2
1
1
3
1
1
1
1
3
5
75
52
5
2
3
1
7
3
4
2
1
30
2
2
8
6
1
1
1
1
4
1
1
5
1
1
3
2
5
2
2
3
1
3
1
1
1
2
1
14
1
1
1
9
1
1
1
10
1
2
5
1
1
2
51
3
2
3
1
2
6
1
3
60
1
13
1
1
1
1
29
2
4
2
3
1
2
1
2
3
2
4
3
1
1
2
7
125
13
5
2
7
4
1
2
3
2
2
5
18
1
1
1
4
44
1
1
2
2
6
1
1
1
1
1
2
3
8
3
1
4
1
1
6
1
2
207
1
1
4
1
12
12
2
1
1
1
1
1
3
1
1
44
28
3
1
1
34
5
1
1
2
1
1
3
10
4
1
62
1
1
1
1
68
1
1
1
23
1
1
1
1
79
2
1
3
2
1
24
1
1
1
1
4
1
1
1
1
1
1
1
1
49
1
1
18
1
2
1
1
3
1
4
1
1
1
2
1
2
1
1
1
1
1
1
1
1
33
2
1
7
9
2
1
3
2
3
2
1
3
67
3
1
1
2
3
2
1
5
6
2
2
2
9
1
1
4
3
2
6
11
7
1
1
7
1
2
1
1
1
2
1
11
1
6
1
2
3
1
3
1
4
1
4
5
1
7
1
5
1
60
20
1
8
1
1
1
1
2
26
15
1
2
1
1
1
2
12
3
5
1
4
1
1
28
1
1
1
3
1
2
7
1
5
1
1
1
1
1
1
1
1
1
59
3
4
1
8
1
4
1
13
10
19
1
34
4
1
1
1
3
53
2
3
3
1
1
1
1
2
4
2
2
3
4
241
52
2
1
8
2
1
6
3
9
1
1
1
1
1
1
1
1
7
1
2
1
5
12
6
2
1
2
3
1
3
1
1
1
1
1
1
42
7
15
2
1
11
4
3
1
1
3
1
1
1
1
1
2
9
2
4
4
1
6
10
3
3
8
3
1
654
5
2
22
1
6
3
15
1
1
2
1
1
7
89
136
1
3
10
1
5
2
1
2
1
2
1
1
1
10
1
3
1
4
3
1
14
12
2
4
1
8
2
3
1
1
7
1
1
2
2
1
9
12
1
1
2
1
1
1
1
1
15
4
1
1
1
4
1
1
1
1
124
2
3
2
1
1
5
1
1
2
1
1
1
1
118
1
1
1
4
1
2
1
6
4
1
1
4
6
1
2
7
1
1
2
1
1
1
2
2
1
1
1
1
1
2
1
3
12
1
6
1
3
3
2
1
1
3
2
3
2
1
7
12
3
2
3
5
1
1
4
2
1
1
2
1
1
1
1
2
1
4
2
1
1
1
1
1
1
1
1
1
1
1
1
1
2
1
2
2
5
1
1
1
2
2
1
23
2
1
1
1
1
1
5
3
1
2
4
4
2
7
11
2
1
1
1
2
1
1
1
1
1
1
1
1
2
1
1
2
1
16
1
1
1
1
1
1
2
1
3
9
1
2
1
1
2
3
1
4
2
1
2
1
1
1
1
1
5
1
1
1
1
2
6
5
1
1
14
2
1
1
4
11
1
1
3
4
7
4
7
1
1
1
1
43
17
1
1
6
2
3
2
1
1
1
6
4
1
6
2
1
1
9
1
1
1
1
9
1
3
1
171
13
1
2
1
1
9
1
5
1
1
1
3
1
1
4
30
10
15
1
4
14
1
3
1
23
14
1
1
1
12
1
1
11
1
27
7
31
98
19
19
4
121
1
1
10
1
4
3
2
1
47
1
1
1
2
1
1
68
1
1
4
7
1
1
8
2
21
2
1
2
1
1
2
4
2
2
1
2
1
1
3
1
14
8
4
32
16
2
5
1
1
1
1
1
18
3
2
4
1
3
6
1
14
1
12
26
167
2
1
1
1
1
1
3
1
3
1
25
1
2
1
2
1
1
1
1
1
1
1
3
25
1
8
69
9
50
4
71
21
69
1
3
1
4
2
1
1
1
1
1
1
30
1
10
1
18
25
3
13
6
4
5
1
1
1
1
2
8
48
5
2
1
2
1
1
4
2
1
11
6
7
1
1
2
7
2
36
22
1
6
9
4
1
19
13
1
38
2
1
3
3
1
4
1
5
10
1
29
2
1
1
2
1
1
1
3
1
1
4
8
1
2
2
1
31
1
1
1
29
14
1
1
1
1
2
1
1
1
3
1
21
5
1
2
1
2
2
3
2
1
1
1
1
92
1
1
5
2
1
1
1
3
3
2
1
1
1
1
1
3
1
1
1
1
2
2
1
4
1
20
1
2
7
2
4
1
2
4
10
1
1
2
1
2
2
1
2
1
29
1
1
2
1
1
3
1
1
1
9
5
39
34
1
1
4
30
1
23
3
1
1
1
1
1
5
137
17
5
2
6
11
2
1
2
3
1
1
1
1
8
1
4
1
6
46
1
1
1
1
6
2
1
1
1
2
1
10
3
26
4
4
1
2
5
12
3
8
3
1
4
2
1
1
1
1
75
18
34
3
1
38
1
7
9
2
1
3
1
2
2
1
1
2
1
3
46
1
1
1
3
1
1
1
1
1
1
3
4
2
2
1
1
1
8
1
1
1
1
22
2
1
5
4
1
3
1
1
2
1
2
2
8
1
2
14
5
1
4
2
3
2
2
15
2
21
1
2
6
13
4
1
1
9
1
2
4
4
12
2
7
2
1
1
1
4
19
1
1
1
1
1
1
15
1
1
1
1
1
1
1
1
2
2
1
1
5
2
12
13
1
1
3
2
4
38
3
1
8
2
3
1
1
3
1
1
1
5
1
1
11
1
1
80
1
1
1
1
9
4
2
3
1
25
1
1
1
1
57
2
1
28
1
1
40
2
1
1
1
1
27
1
1
6
2
1
1
9
14
5
1
2
1
1
13
8
1
1
2
1
433
1
1
2
1
20
1
1
1
1
1
1
1
1
18
2
1
1
1
1
1
1
1
1
1
1
1
1
4
1
9
2
2
1
2
4
1
1
1
1
4
1
17
1
1
1
2
1
2
11
1
1
1
4
1
2
2
19
1
2
1
1
5
35
1
1
1
2
1
2
1
27
1
3
1
1
1
4
3
1
1
1
3
1
1
1
2
1
1
7
1
1
21
1
3
1
1
1
2
11
18
5
1
1
2
2
2
3
1
9
1
1
1
1
2
38
3
1
1
1
1
1
1
1
1
1
1
1
1
2
2
7
15
2
370
2
1
1
2
1
1
2
1
1
1
3
1
1
1
1
1
2
2
1
3
1
2
1
1
2
1
1
1
1
1
2
1
1
1
1
5
3
1
1
1
1
10
2
6
1
1
1
2
1
3
2
1
1
1
2
1
2
1
1
3
1
15
2
1
2
1
1
3
1
1
1
6
3
1
1
1
32
1
2
4
1
4
1
3
23
2
3
1
1
1
1
1
1
118
1
5
4
1
1
3
1
2
8
1
5
7
73
3
1
1
2
1
1
19
1
1
13
1
1
1
1
100
1
2
1
34
1
1
2
1
1
1
1
1
4
1
21
1
1
1
24
1
1
1
6
4
6
3
1
1
1
1
1
3
5
3
10
6
6
2
4
6
1
1
1
1
2
1
2
2
5
6
1
72
3
33
2
1
10
1
2
4
3
2
1
3
46
1
11
1
1
1
7
2
2
1
3
1
1
5
4
8
2
15
1
5
1
2
2
4
1
8
4
2
2
1
3
1
2
1
5
1
1
2
1
4
1
8
1
1
1
2
2
3
1
1
1
4
1
1
1
11
1
1
1
2
1
1
1
3
1
1
131
2
2
1
45
3
1
2
3
1
4
1
122
1
51
1
1
1
1
1
1
109
16
10
58
1
5
49
2
3
10
2
1
1
3
3
1
11
3
1
1
1
17
17
2
1
5
3
1
18
2
25
1
2
29
4
2
5
1
8
22
3
2
1
1
1
2
14
1
4
56
23
9
1
3
10
15
9
2
1
3
5
2
8
25
9
8
1
3
15
3
12
2
7
8
24
5
4
81
17
1
1
3
24
2
10
1
2
19
2
18
1
2
3
1
1
1
1
9
1
1
3
7
4
2
9
13
11
2
16
2
1
6
8
2
4
1
1
9
1
1
40
163
9
6
1
5
6
49
10
4
1
126
19
8
1
1
1
83
7
8
1
1
13
1
2
12
10
1
1
11
1
16
14
11
2
2
2
2
4
5
1
2
5
10
4
20
130
24
2
17
8
1
20
2
22
14
2
9
1
1
1
3
1
5
2
1
1
13
290
3
64
1
2
3
3
1
41
1
6
4
1
1
1
1
6
2
52
3
3
8
1
1
1
1
211
1
1
11
1
13
5
4
2
1
1
4
1
3
108
3
1
13
7
1
1
12
1
1
4
7
6
3
16
1
3
2
3
1
8
3
3
1
1
127
35
1
3
27
18
1
1
250
5
1
18
1
1
2
1
1
8
2
1
22
4
1
1
2
1
1
1
3
1
1
1
6
1
2
3
116
1
1
1
1
2
7
1
4
8
4
5
15
15
4
6
1
1
1
2
4
1
1
1
1
1
1
13
53
9
1
1
1
1
1
2
1
1
1
1
1
1
12
45
2
1
2
4
2
1
1
2
11
4
4
3
5
8
2
1
1
9
5
1
31
9
2
26
1
5
4
3
2
6
2
1
7
4
3
2
1
7
3
3
2
2
2
7
17
21
66
1
15
2
17
14
7
1
57
7
1
1
1
3
2
2
1
4
6
1
1
1
6
2
1
9
12
6
3
5
2
2
3
19
1
4
5
7
2
6
1
1
18
4
8
1
2
2
2
2
15
1
2
2
2
4
2
3
2
37
4
1
2
1
2
2
1
1
25
6
4
1
1
2
1
1
2
1
1
1
1
1
5
2
2
5
1
42
1
1
1
5
1
1
8
16
1
1
1
1
5
1
1
29
3
1
1
1
3
1
1
1
2
79
2
3
1
2
1
1
2
1
1
1
10
8
11
2
1
2
1
1
1
7
2
1
293
1
1
1
1
7
9
7
1
1
86
1
1
1
2
2
1
1
27
1
1
11
4
3
1
2
1
55
1
2
1
3
1
3
7
1
1
4
20
1
2
42
3
1
2
1
1
1
5
4
138
1
4
8
2
2
1
2
1
23
1
1
1
1
2
17
2
1
2
1
6
1
4
1
4
3
1
1
27
9
2
1
13
5
1
2
1
115
14
2
1
1
4
1
5
1
11
1
9
4
1
1
1
11
1
1
2
1
30
1
13
4
1
8
3
4
1
1
3
2
10
1
2
1
2
1
2
2
2
3
5
1
1
1
3
15
1
4
1
1
161
4
9
11
5
1
1
6
19
2
1
3
5
28
4
1
6
4
10
1
1
1
6
1
11
1
1
1
1
2
1
1
1
48
1
1
15
1
2
1
4
1
1
1
1
25
47
1
1
2
23
13
1
2
2
3
1
3
1
2
17
1
1
1
2
1
3
1
1
10
1
1
1
12
3
3
2
1
1
1
1
1
1
1
22
1
14
1
1
1
156
1
1
1
2
1
2
3
1
1
1
2
1
2
1
1
2
3
8
3
2
1
8
5
2
9
1
15
1
1
4
4
1
1
2
1
4
10
3
2
1
1
2
1
2
1
1
1
1
1
1
2
1
8
2
1
1
1
1
1
1
1
1
3
1
1
1
1
2
7
5
1
3
1
2
1
1
1
1
1
1
2
2
1
1
2
2
1
1
1
1
6
2
1
1
1
3
1
1
4
1
1
7
1
1
5
6
1
1
1
1
1
1
3
63
2
4
1
1
396
1
16
54
1
2
3
3
4
2
9
3
1
1
1
1
1
1
2
1
3
1
3
1
1
1
1
1
1
2
1
1
1
4
1
1
3
1
1
1
2
1
1
1
394
1
16
1
4
2
1
2
1
1
1
3
1
2
18
1
13
59
1
3
1
1
1
2
1
1
1
1
4
22
1
1
1
2
4
1
1
1
1
7
2
2
1
1
1
1
1
1
1
1
4
11
2
3
16
1
4
20
6
2
2
2
2
6
4
2
1
111
1
1
1
2
1
1
1
3
1
1
1
1
1
1
1
1
1
1
1
1
1
24
1
1
1
1
1
33
2
1
2
2
5
1
1
1
29
2
7
4
128
5
1
1
1
1
1
1
1
2
1
1
1
1
1
4
1
2
2
1
1
1
1
5
2
9
3
7
1
1
1
1
16
1
1
1
11
1
1
1
37
3
1
6
42
1
24
1
6
30
1
1
42
1
8
3
1
6
57
1
3
2
4
1
3
1
6
9
1
3
2
60
3
3
7
3
4
6
2
1
1
7
1
1
1
1
11
2
1
2
8
3
1
5
1
4
8
2
1
2
26
3
3
1
1
1
1
5
353
17
1
1
1
1
1
1
1
2
27
2
1
3
4
1
12
1
2
1
1
5
4
1
1
6
3
1
1
3
1
1
3
1
5
2
6
1
1
1
1
2
6
1
11
1
123
1
8
1
2
1
1
1
1
1
1
1
38
1
223
3
1
1
136
1
4
2
1
1
43
19
4
8
15
1
1
12
1
1
1
1
1
1
1
3
1
5
4
8
6
4
1
1
6
26
93
2
13
1
7
2
1
1
1
1
1
2
1
1
157
9
4
15
1
1
1
1
2
4
6
5
11
1
1
1
1
1
4
1
22
1
1
1
1
12
61
6
1
1
11
2
1
77
29
3
1
42
8
2
1
3
1
1
2
4
1
1
2
1
18
9
2
1
1
29
2
1
1
1
1
4
6
11
13
12
7
1
98
2
1
19
5
4
3
1
11
15
3
6
1
15
1
1
8
12
17
1
1
17
1
5
1
1
7
12
25
1
1
1
1
1
1
1
1
2
1
2
8
1
7
19
2
3
1
2
2
2
33
1
5
1
1
1
18
1
18
1
1
30
2
17
9
35
1
17
8
1
1
1
3
1
2
2
1
1
17
1
2
4
5
7
1
31
12
1
1
6
1
108
3
5
6
1
1
1
2
1
1
9
4
1
1
3
1
2
1
3
1
1
2
42
2
5
2
3
2
27
3
1
3
2
2
1
24
1
1
7
3
26
1
1
12
1
2
1
1
6
17
20
1
17
4
1
1
17
8
6
34
1
1
1
1
1
1
1
1
1
27
2
2
47
1
10
1
30
2
5
6
3
15
18
1
11
1
3
1
1
1
1
7
12
3
1
8
4
16
4
1
15
29
12
5
1
1
3
31
20
4
1
15
4
5
1
1
8
46
9
23
2
4
1
6
2
5
89
7
1
9
1
1
1
2
1
2
8
1
9
5
1
11
1
2
18
1
19
8
6
95
1
14
10
1
13
1
6
8
1
1
1
9
6
11
2
2
1
4
2
2
6
27
46
3
1
1
1
11
1
1
1
2
14
1
32
39
1
1
1
1
1
6
1
1
1
1
2
24
1
7
1
1
42
1
1
1
99
1
1
1
1
9
324
1
1
82
10
18
3
7
1
1
1
1
1
3
2
1
1
2
1
3
39
17
1
3
1
1
1
2
1
1
2
2
1
1
2
1
1
1
16
1
1
1
9
1
7
1
3
1
2
7
1
2
2
1
14
1
9
9
7
1
2
62
1
1
1
2
1
1
1
3
2
1
1
8
6
1
6
1
3
1
1
4
1
1
1
1
1
1
191
1
1
2
1
29
1
1
2
2
1
2
1
2
1
1
1
1
1
4
24
1
14
1
2
7
1
2
16
86
37
1
1
1
1
1
2
1
1
1
2
1
1
1
4
2
1
3
14
2
1
1
1
1
1
2
1
1
1
1
1
72
191
3
10
1
64
1
1
4
3
1
4
1
2
1
2
1
2
5
6
2
2
1
1
1
1
64
48
1
1
1
1
39
1
1
1
1
1
1
5
1
92
1
2
5
1
1
1
1
47
15
23
2
2
1
1
2
1
1
5
1
6
1
3
6
1
2
1
1
3
1
1
44
1
1
1
1
11
2
18
3
3
1
2
1
4
2
1
14
11
2
1
2
1
3
3
8
1
1
1
1
25
9
1
1
1
3
1
1
16
2
3
1
1
7
47
1
3
7
18
2
1
1
1
2
1
20
8
4
2
2
11
101
2
2
1
1
1
6
1
1
1
5
6
4
6
1
1
1
5
4
9
10
123
3
1
10
1
1
1
1
2
3
1
1
2
1
1
1
11
4
1
1
1
1
1
18
4
1
1
2
1
1
6
1
60
4
1
1
2
1
1
2
1
1
1
1
5
2
1
1
1
1
1
8
2
2
1
1
3
66
8
6
1
2
2
1
1
1
1
1
2
23
2
1
3
1
2
2
1
2
1
1
148
1
1
1
36
1
2
1
1
1
1
1
1
1
2
1
1
6
1
1
1
1
1
2
1
1
4
1
1
1
7
1
4
20
2
1
1
13
1
1
5
5
2
1
1
7
2
1
1
1
1
5
1
2
6
2
16
2
1
4
2
1
2
1
1
19
10
33
1
358
1
1
2
1
1
2
3
4
2
1
1
1
13
1
2
3
2
1
2
1
2
1
2
1
88
1
1
1
1
1
1
18
2
1
1
4
3
4
1
1
9
1
1
2
2
1
2
1
14
1
1
1
1
1
1
1
12
10
1
14
1
32
8
1
1
27
7
2
3
3
2
7
1
19
2
1
5
1
1
1
56
1
5
5
1
1
1
1
2
7
11
1
1
100
1
4
2
1
1
2
7
2
6
1
3
2
1
12
1
1
1
2
25
1
1
2
1
2
2
1
1
24
3
1
5
1
22
3
1
19
6
2
3
2
1
1
1
1
1
1
1
1
1
28
1
1
1
21
34
1
1
1
1
1
4
1
26
89
2
3
9
2
3
2
1
3
1
1
2
2
2
1
1
1
2
1
1
1
1
10
1
1
3
1
71
10
3
1
178
2
4
2
1
1
26
3
7
5
14
1
1
340
90
1
3
6
13
1
1
2
1
5
3
3
1
1
2
1
1
1
1
1
2
1
1
1
3
2
1
2
1
2
1
1
256
1
6
1
2
4
1
28
1
1
3
10
1
1
3
1
1
92
1
1
1
1
1
1
1
1
1
1
1
1
1
1
3
3
6
1
4
3
2
1
160
1
1
1
1
2
7
1
4
1
4
9
5
3
1
4
2
1
6
2
67
7
1
1
13
8
1
2
1
2
2
18
2
1
2
1
4
1
4
1
5
2
1
23
19
3
1
2
1
14
1
1
1
97
1
1
5
9
1
13
65
2
3
3
11
29
1
2
134
35
50
1
1
1
9
2
4
1
12
1
3
1
2
1
1
1
30
13
2
3
4
48
1
1
15
1
10
4
2
3
3
1
1
4
1
9
3
53
7
1
4
7
70
1
62
3
13
3
1
30
3
38
1
29
1
5
2
2
2
108
1
2
25
3
9
25
12
52
2
98
13
13
2
3
25
8
2
1
5
1
3
1
380
2
1
10
4
1
1
2
3
2
1
11
2
1
1
1
1
1
1
1
1
1
1
8
1
1
1
54
4
1
2
1
2
16
3
1
11
2
2
1
1
1
1
2
117
28
41
7
1
16
1
1
7
1
144
2
1
11
1
1
1
4
7
19
4
1
3
1
4
36
1
3
88
20
59
5
26
1
1
1
1
2
1
1
1
1
2
24
1
32
1
1
1
1
1
1
1
2
4
1
2
1
2
2
2
2
1
4
6
2
1
1
1
1
1
2
1
2
1
1
1
2
1
1
3
4
38
10
1
1
1
1
4
3
1
4
9
5
1
1
1
3
1
1
1
1
1
3
1
5
2
479
1
2
20
2
1
1
2
4
1
1
1
1
1
1
11
1
1
1
1
2
6
1
1
1
1
1
1
1
1
1
2
7
1
1
1
11
1
1
2
4
1
1
1
1
1
9
1
1
1
255
1
3
1
7
1
2
338
1
1
2
13
1
9
5
1
2
1
2
73
1
7
1
8
1
1
1
1
1
1
1
1
1
1
12
1
1
1
1
2
2
7
1
3
1
2
1
1
1
1
1
14
1
2
3
38
1
1
1
1
3
1
1
1
19
4
1
1
2
1
1
1
1
2
1
1
1
1
1
1
2
1
77
1
3
5
1
1
1
1
4
1
1
43
3
1
1
1
1
2
1
1
1
10
1
249
1
1
1
1
1
1
1
1
1
1
1
20
1
1
1
1
60
1
21
1
1
1
1
3
4
1
1
89
1
146
72
21
1
1
1
1
1
2
1
1
1
95
1
9
1
1
39
36
1
1
2
1
1
2
1
1
1
1
1
1
1
29
1
1
2
1
1
2
1
379
1
1
2
1
1
1
2
1
1
1
2
461
1
1
1
1
16
1
1
1
5
1
1
1
1
1
1
1
1
1
1
6
2
2
1
1
1
3
7
1
8
7
6
1
2
8
1
6
1
1
1
4
3
1
13
6
1
5
49
2
1
1
1
5
1
1
3
1
1
2
7
1
2
1
1
4
1
1
1
1
1
1
1
1
1
4
276
5
1
50
3
1
2
1
1
2
6
1
1
1
10
1
12
1
1
1
1
1
1
4
1
3
5
1
8
1
15
1
1
1
1
3
5
1
1
2
4
20
8
1
1
1
1
1
1
1
1
23
1
37
10
6
1
1
1
18
1
1
3
1
1
233
53
1
1
1
1
3
3
1
1
1
2
1
1
1
1
1
1
55
32
2
8
15
13
4
1
1
1
32
1
1
1
3
2
4
94
42
1
1
1
2
1
1
1
2
1
1
33
1
1
3
2
8
38
1
1
1
56
33
1
2
1
2
1
1
1
18
1
5
4
1
10
2
2
7
33
1
1
1
1
2
1
1
1
677
2
1
4
1
1
1
1
2
1
1
1
1
116
1
1
2
106
22
1
1
1
140
2
1
5
1
1
2
1
1
1
1
1
2
1
13
55
1
1
1
1
1
2
1
1
1
1
1
135
1
1
1
1
1
1
119
24
1
1
3
2
5
6
5
1
2
144
60
1
1
5
5
2
1
1
1
469
5
1
1
1
2
1
7
1
1
1
1
1
5
1
7
2
1
22
10
1
1
1
496
1
2
1
2
1
1
44
1
1
1
1
2
1
1
4
1
1
1
1
3
1
1
3
1
1
1
3
1
1
2
3
1
1
7
1
2
4
2
3
1
1
4
1
4
1
4
1
1
1
1
3
1
99
10
1
5
1
7
1
1
2
1
2
5
1
2
6
10
21
15
1
3
1
3
1
3
1
1
2
2
2
1
1
2
2
1
2
1
13
1
45
3
1
1
1
26
2
7
1
1
1
8
1
2
1
3
2
1
1
8
7
1
3
6
1
41
2
1
3
2
3
1
1
4
19
17
7
1
1
1
10
1
15
3
3
6
3
1
1
1
1
1
1
2
3
1
1
23
1
1
8
15
1
1
2
1
1
5
3
1
2
2
1
1
3
11
25
12
1
6
1
12
10
3
1
1
1
4
1
7
2
1
1
1
2
2
4
9
1
1
6
1
1
1
2
1
1
3
7
2
1
2
1
1
13
3
1
1
21
1
1
1
1
1
18
2
83
3
1
37
14
1
12
1
2
1
1
2
2
1
1
1
1
1
1
1
1
1
1
3
3
3
8
2
1
2
41
9
1
1
1
1
5
