1
4
7
1
25
77
8
8
4
23
2
2
3
35
21
4
2
9
1
1
11
5
92
13
11
5
21
5
12
92
2
4
4
19
2
25
7
4
17
14
34
4
2
99
2
2
6
1
1
5
23
4
5
20
29
2
1
10
3
8
3
2
15
2
3
25
35
10
81
7
1
12
1
19
19
3
4
4
6
4
2
1
2
2
7
1
2
1
2
5
2
5
3
4
4
1
3
4
16
3
2
45
23
2
26
13
113
39
24
3
1
9
2
1
5
2
3
30
2
8
3
17
1
12
65
2
21
2
4
1
6
3
10
1
3
2
1
1
5
4
3
19
1
25
12
86
17
1
4
16
1
5
4
83
11
10
1
5
24
2
3
4
6
6
3
9
4
5
2
3
112
2
3
38
15
4
6
6
1
3
61
22
1
3
3
12
6
11
3
55
1
4
70
23
1
6
1
7
144
2
6
1
1
2
3
2
1
1
11
3
2
14
40
6
7
8
2
13
2
2
1
4
46
18
16
38
1
2
21
6
123
4
3
1
3
4
16
20
60
2
2
19
3
1
10
2
18
90
41
1
7
2
1
4
3
5
2
13
5
4
1
2
4
4
6
7
5
8
3
12
16
58
12
19
9
1
1
2
67
11
1
1
2
11
8
1
193
5
2
22
4
18
10
8
2
5
5
31
3
1
5
22
5
1
3
2
12
1
1
24
1
2
21
23
3
18
48
4
2
3
4
5
14
5
4
34
2
47
2
5
71
34
1
1
14
3
19
6
7
16
34
14
5
3
16
48
28
1
4
3
17
4
10
1
1
6
25
1
1
1
2
25
174
6
15
1
2
9
5
3
4
2
9
2
21
1
3
6
4
12
2
74
5
2
21
7
4
2
11
1
1
2
2
17
11
5
2
6
3
119
3
22
8
22
1
1
6
10
7
6
31
60
10
7
1
10
22
4
9
2
1
4
11
30
25
1
128
51
3
1
1
7
5
13
1
3
1
1
3
6
1
1
9
1
1
49
26
5
19
1
1
17
1
3
4
44
2
132
2
3
28
2
1
2
4
1
2
1
35
2
66
3
32
9
1
9
8
3
11
1
41
25
2
26
7
1
107
19
4
8
11
15
8
9
1
4
1
2
48
4
21
9
6
20
11
1
186
27
51
1
1
10
4
5
1
15
2
1
3
3
3
1
1
4
1
32
1
7
14
19
13
16
15
3
4
1
11
24
3
1
45
23
3
8
2
42
2
3
8
3
1
1
8
2
30
35
9
2
64
5
2
6
1
6
43
1
26
1
2
8
2
14
28
3
10
1
1
3
76
2
1
36
23
14
1
1
16
6
2
1
1
14
2
5
1
20
3
1
2
13
19
9
64
6
3
1
7
68
5
8
6
1
2
1
3
2
4
11
1
3
2
12
2
6
53
17
8
1
1
33
3
3
3
60
1
38
1
7
118
5
1
2
97
37
15
2
1
1
3
2
9
20
15
9
33
1
3
13
17
19
3
6
13
21
13
19
2
6
10
22
12
3
60
47
2
22
15
3
12
113
1
1
23
4
16
13
68
1
2
5
7
18
2
23
3
181
2
1
2
24
15
4
4
12
3
15
1
83
11
1
3
2
4
8
1
1
25
15
8
5
31
1
9
3
50
18
3
2
7
4
2
10
105
4
4
2
4
83
2
2
1
1
2
2
5
4
133
140
1
7
23
4
6
2
7
4
1
97
3
8
8
112
1
10
1
8
7
4
1
3
9
3
36
6
2
2
16
1
12
19
11
45
21
128
9
47
2
1
1
2
20
31
4
93
5
11
8
1
42
21
7
11
3
25
1
3
10
2
2
3
4
2
9
2
5
4
1
5
26
22
26
2
26
41
6
1
7
1
7
5
2
9
7
19
2
17
8
6
10
6
4
14
1
3
1
72
5
1
4
3
104
1
2
6
14
11
102
104
26
16
15
6
5
38
5
8
35
1
6
1
128
15
126
13
2
95
6
16
7
26
3
28
1
1
52
28
23
2
11
3
19
1
2
2
14
2
5
40
11
13
4
176
1
86
2
4
1
2
80
16
2
2
9
15
18
3
6
2
2
4
10
3
5
1
7
1
29
2
6
7
3
26
2
2
24
14
35
1
5
3
6
9
26
9
1
3
19
158
18
1
6
3
4
4
5
7
2
26
7
5
17
5
2
3
6
38
3
4
4
13
1
7
3
7
8
10
2
20
1
47
26
79
20
2
6
2
15
1
2
2
2
94
4
4
5
2
54
30
6
2
7
2
2
98
18
1
10
3
1
65
1
84
25
12
2
4
6
1
4
5
13
7
3
2
1
8
2
1
2
36
4
15
1
11
4
2
1
38
9
62
12
4
2
2
7
1
1
7
8
3
2
6
2
18
6
1
1
1
81
1
4
66
11
1
43
1
3
11
7
98
9
13
5
27
9
2
4
9
13
3
1
15
42
12
56
3
3
9
1
2
25
2
1
8
15
1
4
1
25
9
2
8
112
19
3
4
1
10
24
28
17
10
2
6
1
12
16
2
12
1
24
115
6
12
5
1
12
30
2
16
33
24
7
1
1
1
1
1
30
30
1
4
2
2
2
4
22
9
2
5
3
1
1
1
123
5
1
13
79
1
19
7
130
11
1
1
15
1
17
26
1
107
1
1
55
1
12
10
1
4
3
1
9
23
4
2
156
105
19
7
82
73
1
12
4
42
1
2
36
2
3
17
19
2
2
6
3
63
2
2
49
2
7
1
8
11
2
1
41
2
2
1
28
113
3
2
4
1
107
2
22
4
1
44
1
1
2
33
2
4
1
5
6
3
1
1
13
66
1
6
35
30
10
43
26
2
3
36
1
3
25
1
8
2
3
21
19
15
15
4
3
3
10
3
1
3
4
8
9
14
2
29
24
2
36
4
36
3
2
2
39
5
118
18
156
1
6
1
62
53
1
21
2
37
5
1
16
17
23
2
6
2
1
114
1
8
13
42
48
30
3
32
19
3
1
34
2
1
11
3
18
2
17
3
1
5
4
3
2
40
1
4
1
5
100
3
2
99
2
4
3
1
42
3
2
21
3
1
8
2
13
23
29
16
11
21
6
5
4
5
1
4
21
6
42
7
1
3
2
1
6
82
154
16
4
10
1
2
7
9
9
11
23
2
6
17
2
1
2
2
29
11
68
2
48
3
6
1
8
2
87
37
9
2
4
3
1
4
1
2
25
1
5
9
7
2
3
8
4
139
8
2
8
2
2
9
4
2
62
3
3
5
2
2
49
2
1
3
15
29
1
20
9
34
4
5
26
4
1
1
3
1
30
2
9
1
4
27
3
1
2
8
1
8
1
3
9
3
13
20
2
2
19
1
4
2
1
5
120
2
4
30
6
6
24
108
6
1
2
13
8
5
5
18
2
3
26
2
85
1
1
2
32
110
12
1
20
8
3
4
3
18
19
8
11
5
6
2
2
14
10
4
67
1
2
1
1
1
15
11
116
18
1
5
3
2
6
18
16
9
1
57
3
2
15
1
1
8
22
4
6
2
2
2
2
15
8
2
3
1
2
10
1
1
89
8
3
32
1
3
14
13
1
2
14
4
12
4
10
5
15
1
6
1
6
3
23
9
4
6
9
2
6
32
4
1
1
157
1
4
3
2
5
25
20
3
1
2
1
4
25
19
1
23
37
14
13
1
3
4
1
2
11
20
2
10
6
42
11
10
31
1
28
8
1
1
6
11
18
2
34
48
3
5
5
1
11
2
4
5
1
1
12
1
8
6
10
27
86
6
2
9
2
1
17
2
12
1
1
4
1
2
2
5
14
4
4
3
2
3
71
34
1
17
13
1
1
41
1
4
18
88
22
2
98
