15
2
2
14
1
12
1
14
1
2
2
29
1
19
1
1
4
18
3
2
10
1
3
9
65
3
22
16
3
5
18
1
5
2
2
30
4
3
2
20
2
4
3
58
4
81
5
3
8
3
1
95
2
1
4
2
25
2
2
1
23
8
2
3
3
45
7
5
1
3
3
2
17
3
2
3
9
2
3
9
3
1
53
3
1
2
15
2
9
7
3
33
2
1
4
2
2
4
31
1
3
20
25
2
2
1
75
6
13
6
23
21
47
2
11
2
2
1
4
2
48
16
1
1
2
1
4
29
2
4
6
3
15
1
4
27
10
1
8
7
21
25
4
2
11
11
2
12
21
4
2
12
7
3
3
16
3
2
1
2
17
5
9
6
4
75
13
3
2
4
2
14
3
4
5
2
2
1
5
1
5
7
5
5
4
2
14
7
17
2
1
1
8
9
15
10
2
3
10
4
15
21
81
2
1
15
5
32
18
8
2
6
15
9
2
55
8
6
23
3
74
2
9
2
1
16
4
3
32
5
2
4
1
50
5
87
20
3
2
2
4
1
1
10
5
23
2
2
18
2
3
52
32
11
1
27
2
2
24
14
2
2
3
1
6
6
8
19
1
2
8
10
22
10
51
28
6
10
3
13
9
3
9
19
57
1
7
2
2
1
5
9
1
4
7
69
2
2
2
1
5
25
17
27
9
30
3
2
2
23
42
1
3
1
1
28
1
3
1
3
2
23
5
5
1
1
10
3
6
1
2
11
2
7
5
1
5
6
23
1
2
3
1
5
6
4
57
32
11
1
8
1
2
2
2
1
1
1
44
8
3
35
1
2
9
6
1
1
45
1
2
28
8
2
6
3
31
4
20
5
2
2
12
1
2
10
9
1
3
53
12
3
15
9
34
1
1
7
12
55
9
5
1
2
2
3
2
1
47
2
7
2
10
13
2
17
3
106
1
4
5
26
3
45
2
10
5
5
1
43
24
2
1
2
1
1
4
2
1
3
13
3
3
7
12
15
12
1
11
27
1
3
12
16
1
35
1
13
2
2
2
4
8
10
20
8
16
2
3
5
6
8
2
21
36
3
2
1
1
3
9
2
1
1
11
9
2
11
17
3
5
1
49
11
2
2
4
2
15
2
4
22
2
13
2
1
2
2
12
19
35
12
7
52
1
6
5
71
22
4
20
52
1
1
3
4
2
1
3
2
1
9
4
3
61
9
1
4
2
20
3
23
7
1
3
4
2
7
2
1
12
18
3
2
1
3
3
2
1
16
4
1
4
1
16
5
36
24
79
3
2
39
19
12
10
31
28
2
1
13
1
4
2
4
7
1
16
1
58
1
1
26
1
27
5
1
3
7
2
3
10
3
1
9
9
4
1
57
17
2
5
5
3
2
8
9
3
1
3
19
20
3
65
73
8
2
36
2
1
2
13
5
15
7
8
2
15
12
5
2
73
2
5
13
3
9
2
1
1
11
13
5
4
6
33
13
7
3
3
22
2
23
1
2
23
1
2
2
48
18
4
4
3
10
12
11
24
3
10
3
2
2
2
2
13
12
11
20
23
2
1
57
1
9
3
3
1
5
2
1
1
6
49
3
30
10
1
2
1
2
2
13
22
3
13
1
2
2
3
1
2
18
1
3
2
3
11
3
7
1
1
2
5
1
7
16
6
8
34
11
13
1
2
20
8
5
2
1
9
1
1
7
17
48
2
15
1
2
35
1
6
2
3
5
1
9
6
2
2
6
8
9
2
17
8
4
97
20
27
8
3
2
2
1
37
2
9
24
2
3
15
1
10
43
5
15
2
67
2
1
1
9
1
3
2
2
2
60
4
33
14
19
2
4
2
5
10
5
1
2
36
31
27
24
14
5
11
1
1
2
8
1
1
6
17
1
3
1
1
50
5
25
24
2
1
9
7
2
2
3
2
1
8
6
1
6
9
9
7
3
2
10
10
11
5
21
19
3
1
9
11
7
12
38
25
2
2
10
8
3
23
5
1
7
2
3
18
2
6
9
10
3
2
6
2
5
2
4
4
1
1
5
4
1
2
2
1
6
5
29
1
2
71
5
25
2
1
6
1
14
45
4
1
12
1
3
1
1
23
8
7
4
3
8
4
1
2
2
12
2
35
2
2
11
8
2
4
7
37
2
3
7
31
1
4
1
23
7
1
7
3
18
3
6
2
2
2
2
6
1
2
3
42
4
1
8
3
80
4
2
4
5
5
2
11
2
2
1
8
15
2
28
5
3
3
18
56
2
5
12
12
1
31
3
4
3
3
23
3
7
13
2
7
7
38
10
78
11
8
12
2
2
8
3
5
3
7
3
5
6
2
2
2
4
11
1
10
64
26
20
3
3
1
11
6
3
32
1
2
2
18
21
9
1
3
6
6
4
5
2
5
31
5
2
32
4
4
4
2
2
1
3
1
7
12
11
1
4
13
4
4
2
27
4
4
2
1
7
13
3
3
71
1
5
5
7
5
1
13
1
1
67
6
2
3
9
2
1
1
2
4
2
3
12
5
2
19
1
2
3
3
4
22
3
14
6
10
8
1
15
8
1
10
35
2
2
7
1
1
1
9
2
2
1
4
8
2
12
23
1
2
3
7
2
2
1
1
2
14
1
2
1
4
4
5
1
11
23
2
2
38
3
7
4
14
2
1
2
7
8
30
2
1
1
14
31
2
3
10
3
18
2
9
56
52
3
1
2
8
4
2
72
4
2
4
5
2
