2
2
1
1
3
2
1
8
17
1
2
13
1
1
1
14
4
1
2
2
8
1
1
2
29
1
1
6
5
10
3
2
1
5
11
2
4
18
3
1
1
2
1
5
2
3
2
1
16
1
2
4
6
3
1
3
1
2
1
2
3
1
1
2
1
3
2
2
3
2
2
1
2
7
5
1
2
2
1
4
2
5
1
4
1
3
5
1
2
2
1
3
1
1
2
2
7
2
17
4
1
9
3
1
5
1
1
7
2
2
2
2
3
2
7
2
2
5
3
1
1
2
3
1
4
2
9
1
1
1
1
2
1
2
4
3
1
3
2
1
2
2
14
1
4
4
3
12
1
4
4
3
1
2
1
6
5
18
3
1
2
2
1
2
3
3
1
5
2
1
9
4
2
3
3
2
3
2
2
12
1
9
15
2
2
1
4
1
2
3
7
1
1
2
2
27
6
7
1
1
17
6
1
2
3
9
2
1
5
5
11
2
6
6
4
4
1
7
4
1
1
21
9
1
3
8
9
1
5
1
7
2
3
17
2
3
13
2
1
22
7
11
4
14
2
5
7
3
3
2
3
19
3
4
6
3
3
10
9
31
7
5
6
15
12
4
2
4
2
1
