4
1
1
4
4
1
1
3
3
1
10
2
1
2
5
3
2
6
4
4
25
1
1
2
1
7
3
15
4
1
3
1
1
12
2
1
2
1
7
7
8
1
5
15
2
2
5
2
1
6
3
47
1
1
3
6
1
5
6
2
1
3
1
3
1
10
1
2
1
2
1
2
3
1
1
3
1
27
4
2
1
7
8
1
1
2
1
3
12
10
3
8
1
3
9
2
32
4
2
2
1
1
9
34
2
1
13
4
1
2
1
3
1
2
1
7
4
2
27
3
2
8
3
1
11
4
1
3
4
1
1
10
1
1
1
4
7
1
1
1
1
2
3
6
3
1
4
2
1
35
5
2
4
8
2
1
1
2
1
11
3
3
36
1
2
21
1
3
1
7
9
4
4
25
9
1
1
5
5
2
2
5
1
3
2
3
5
6
4
3
1
18
1
1
2
3
1
2
1
1
1
26
1
6
7
5
6
4
1
10
2
2
3
5
7
1
8
6
1
5
2
2
2
9
7
1
1
1
2
4
6
7
10
7
2
1
9
2
1
5
3
22
2
23
4
6
2
38
1
1
2
4
2
3
1
1
3
5
8
9
31
1
5
1
2
1
4
2
5
4
3
5
37
2
2
2
22
2
1
1
2
2
1
1
10
2
2
6
1
3
12
3
12
3
1
18
4
2
10
2
13
4
1
3
3
8
1
1
8
3
5
2
2
1
1
6
3
1
2
6
1
2
9
1
34
6
9
9
1
7
6
2
2
12
1
1
1
1
13
1
1
8
2
2
2
2
3
2
6
1
60
1
1
2
1
1
6
1
1
5
4
10
6
26
8
8
1
10
3
4
3
2
2
2
6
6
24
17
1
11
3
2
2
9
1
53
3
1
7
1
13
3
6
1
2
1
2
1
1
1
1
3
1
6
4
5
1
22
6
1
2
1
1
17
2
3
2
1
5
9
1
4
9
3
1
3
2
2
13
1
10
1
13
6
2
6
3
1
3
6
7
5
9
8
3
2
1
18
3
3
1
1
3
2
2
2
2
1
8
1
2
3
18
7
1
18
2
1
7
8
5
5
1
1
2
1
2
3
2
4
2
2
1
1
1
2
1
1
2
1
10
4
1
3
5
11
1
20
6
1
4
5
3
2
13
1
2
1
1
1
2
1
2
5
34
1
1
1
1
1
1
1
2
5
2
1
2
1
6
1
1
2
4
3
2
4
17
4
15
4
12
3
2
8
2
1
31
2
2
1
2
4
3
1
1
3
5
1
6
2
3
3
1
9
2
2
3
28
2
2
1
2
2
2
1
1
10
2
1
9
19
1
5
1
7
1
6
1
2
13
3
2
1
1
1
3
1
1
3
2
1
2
1
3
2
3
2
3
1
1
11
5
2
2
4
9
13
4
1
3
1
1
1
2
19
2
1
1
2
2
2
4
48
9
1
8
1
2
1
11
3
4
2
1
2
1
4
2
2
3
3
8
3
3
2
2
1
2
2
13
5
3
1
1
2
4
1
3
15
1
6
5
2
6
2
8
1
3
2
2
2
22
1
1
1
1
5
12
9
1
9
1
8
1
1
8
2
1
2
7
1
1
3
21
1
1
1
2
9
1
1
1
1
9
5
1
1
2
14
5
1
3
24
1
4
2
2
1
2
3
4
10
1
1
2
1
2
11
2
2
2
20
3
16
1
4
1
4
1
9
2
29
4
5
1
1
3
2
1
1
3
2
3
5
5
2
3
6
2
8
7
2
3
5
1
2
2
3
5
8
6
2
1
2
2
17
4
1
3
6
7
1
1
1
7
2
3
7
7
2
8
22
11
10
1
7
2
4
3
11
1
12
1
1
2
13
6
1
5
5
12
5
1
10
5
2
5
10
2
1
1
16
1
3
7
2
1
3
1
2
1
5
1
1
6
2
2
4
1
1
17
16
1
2
7
1
3
1
2
1
1
3
28
47
1
11
13
3
1
1
1
7
7
24
1
5
6
2
1
6
1
25
17
15
2
2
1
12
2
3
1
19
1
2
2
1
4
5
2
3
3
2
2
5
3
3
6
1
7
7
4
8
4
4
35
1
7
3
2
3
1
2
3
1
9
26
8
5
2
5
1
5
1
12
4
12
2
2
1
2
1
3
2
4
14
24
1
1
1
15
6
4
5
1
1
5
1
12
1
4
2
1
3
8
1
12
2
3
1
1
1
3
2
1
1
3
13
2
7
34
2
2
4
1
5
2
1
7
5
20
1
1
6
3
1
4
9
3
14
6
4
1
5
6
5
10
2
3
35
5
11
3
2
1
1
6
4
6
2
2
31
2
17
2
1
2
5
9
1
1
1
2
5
4
5
42
1
10
14
1
1
3
8
1
10
2
6
18
5
1
2
2
1
8
1
1
2
9
1
1
3
2
2
2
1
4
4
1
17
1
5
2
1
1
1
3
4
11
8
4
1
1
1
2
3
4
1
1
6
14
1
26
2
13
1
3
1
3
1
6
1
1
1
1
18
3
3
2
3
2
3
2
1
2
1
1
4
3
1
24
5
1
2
13
4
1
5
5
12
1
3
3
1
6
8
5
2
4
5
1
1
4
2
3
2
9
2
1
10
4
9
1
2
5
1
2
2
1
5
2
1
9
2
4
3
5
4
4
7
1
3
1
3
1
2
5
2
7
7
1
2
1
3
3
2
20
4
3
4
1
14
1
13
1
2
9
2
2
2
3
2
3
2
2
2
7
1
1
1
7
1
7
3
1
2
6
6
1
5
8
2
3
1
4
3
20
1
2
1
1
3
1
4
1
8
10
1
2
4
3
1
24
1
5
1
5
13
1
1
2
1
2
2
14
1
8
4
2
8
2
1
1
1
4
15
1
10
7
1
2
1
5
15
1
17
3
7
2
2
2
5
1
3
1
1
27
2
3
4
9
3
7
1
1
1
5
2
1
10
1
6
6
1
4
2
1
2
1
1
1
1
1
9
1
1
6
4
1
4
1
1
6
6
3
1
1
2
3
6
8
9
3
2
6
2
1
2
2
17
7
1
1
1
2
4
5
3
11
5
4
12
1
4
2
9
1
4
1
11
12
3
33
1
7
1
2
1
24
16
6
2
3
2
6
3
3
1
16
13
2
3
2
36
2
1
10
13
9
2
5
3
1
29
2
1
1
3
16
4
4
2
12
10
13
10
5
3
8
2
1
1
7
1
1
44
3
2
2
5
22
1
2
2
3
3
15
1
2
2
9
3
1
4
11
2
2
6
1
6
15
1
3
2
2
2
2
1
4
1
45
4
2
4
3
5
2
1
1
1
3
7
11
7
10
13
1
2
2
1
1
17
1
1
3
1
1
3
1
1
2
3
2
6
11
2
3
2
1
1
1
4
10
4
2
2
2
1
2
20
2
1
3
1
1
1
2
3
1
2
1
2
2
1
3
1
1
8
1
13
1
2
2
1
1
4
7
1
16
7
1
15
3
11
10
6
1
1
1
2
9
35
13
1
1
1
1
1
3
1
48
12
4
1
19
9
1
2
1
3
2
7
1
4
6
3
3
9
1
2
5
2
12
2
1
3
3
3
1
1
7
9
19
2
2
3
3
19
6
2
5
1
1
1
7
4
3
9
1
2
1
1
2
4
2
2
10
1
2
3
2
1
11
1
3
1
1
9
1
12
5
24
5
1
5
2
1
1
1
1
1
2
2
5
2
3
7
1
4
2
2
22
2
22
1
2
1
1
2
1
1
19
4
5
5
3
1
4
1
19
4
3
3
3
2
3
2
2
13
1
3
5
5
1
17
1
1
2
4
10
2
2
1
12
2
1
1
4
1
5
1
2
5
1
1
3
1
6
22
1
1
7
2
2
1
1
3
1
1
1
5
1
1
3
2
2
1
1
3
5
2
3
3
1
3
9
1
6
4
1
1
5
1
6
1
2
9
3
1
1
1
4
5
1
1
11
1
4
11
1
1
5
2
6
3
2
4
2
2
8
3
1
2
3
1
8
8
2
1
16
6
10
1
5
6
9
4
9
2
30
11
1
2
13
6
1
1
4
20
1
12
1
1
1
2
6
6
2
20
1
14
2
5
2
8
1
4
4
5
2
1
1
18
2
2
2
7
2
8
7
1
3
1
2
5
8
13
11
2
1
1
35
22
15
9
2
1
1
1
1
14
16
1
1
3
15
2
1
1
2
1
2
1
3
2
1
1
1
3
2
1
5
10
1
3
1
3
5
2
1
2
6
4
3
1
13
1
11
3
3
1
4
1
3
1
2
2
1
4
7
1
5
2
3
1
2
18
1
1
4
3
4
1
1
3
1
1
19
1
1
35
1
3
1
2
13
2
2
12
2
1
10
2
5
1
2
9
1
3
4
6
30
5
1
1
3
2
1
45
12
1
7
11
3
3
29
3
2
3
11
1
7
1
1
1
26
1
11
3
3
4
18
1
2
2
21
1
3
1
5
4
1
2
1
6
4
3
2
6
2
2
3
3
10
1
2
1
2
10
4
1
2
4
9
12
2
2
2
3
2
7
1
1
4
2
23
4
2
1
1
2
1
2
4
4
2
1
2
2
8
4
1
1
2
1
1
6
1
4
3
2
1
5
10
1
1
8
1
2
1
10
21
1
3
1
11
8
7
1
1
7
2
20
2
1
3
1
4
1
3
4
8
2
27
6
1
4
3
2
12
4
2
6
1
1
1
5
6
3
1
4
3
1
2
12
2
5
5
39
9
4
2
1
2
1
3
2
1
4
8
1
8
2
7
3
3
2
1
2
2
22
2
2
7
2
4
2
18
1
14
6
1
9
4
6
22
5
2
4
1
1
1
5
1
11
1
2
2
17
2
1
32
1
3
1
1
9
1
1
2
5
2
9
3
2
3
1
1
1
1
41
25
1
1
5
4
9
20
9
12
1
1
2
7
2
7
29
1
12
2
2
31
5
1
1
2
16
1
9
8
3
34
2
25
6
5
1
1
2
5
1
3
4
3
1
2
2
1
8
17
2
1
11
4
1
5
1
3
1
1
8
1
27
2
21
23
19
1
1
6
35
3
22
1
2
1
2
2
1
5
1
2
8
13
21
2
2
8
1
1
2
7
1
26
1
4
3
6
2
7
7
4
1
5
5
1
5
1
4
1
1
1
10
5
4
1
2
2
4
8
9
1
1
1
4
29
1
1
1
1
1
2
2
19
1
11
5
6
2
17
18
1
1
3
4
1
3
1
1
1
3
1
6
3
3
