78
108
53
3
1
19
6
4
1
14
98
77
1
14
65
85
29
14
27
198
5
64
2
20
14
90
25
9
118
6
21
1
25
170
18
5
36
20
73
1
242
111
294
2
6
4
109
5
276
1
4
64
3
5
50
2
40
62
53
3
55
14
5
3
25
72
30
48
2
1
17
7
266
10
12
18
5
45
4
6
24
3
8
2
1
5
23
2
22
4
2
6
83
1
25
22
4
24
2
4
96
33
10
2
11
7
4
6
22
2
2
2
16
79
4
10
96
4
124
234
3
67
3
1
38
8
58
179
112
6
198
8
1
1
3
94
56
23
3
20
1
25
29
1
3
6
24
62
12
3
7
24
102
2
1
14
8
67
1
12
95
95
10
16
2
2
1
13
91
2
2
16
14
2
3
45
18
4
85
20
12
28
23
14
2
6
86
212
23
6
14
4
1
57
94
43
11
102
4
4
49
1
2
167
5
4
16
1
37
2
42
3
12
20
2
55
7
5
2
1
124
1
1
37
12
205
82
4
1
17
2
3
3
4
4
20
8
10
51
2
3
45
7
4
2
75
1
136
136
1
17
3
3
16
3
1
7
2
257
33
8
1
5
2
15
80
11
12
28
48
4
9
13
2
14
1
56
58
3
226
1
53
1
11
10
12
15
2
20
6
66
15
82
3
7
27
16
36
2
3
1
2
56
3
141
4
9
2
10
42
10
2
28
216
13
63
2
268
8
2
85
1
227
15
2
38
25
33
46
9
78
3
3
1
2
1
2
4
2
2
36
3
4
57
3
70
33
83
2
72
2
1
4
2
2
2
1
1
46
3
22
2
3
1
4
189
8
3
13
1
1
3
90
1
16
2
2
21
2
31
1
4
3
3
46
51
57
2
2
62
5
4
45
54
27
1
2
3
23
4
45
5
1
121
60
4
3
15
3
4
49
152
75
44
6
26
2
1
2
1
2
2
1
209
1
2
5
2
3
6
23
6
17
3
1
93
5
2
1
24
1
53
35
71
5
1
2
25
1
41
7
28
2
2
3
3
261
78
3
1
3
2
2
7
59
3
1
12
3
148
5
9
1
5
8
4
15
54
1
47
9
9
2
3
8
67
6
1
112
2
14
3
96
5
2
1
72
117
80
33
6
30
5
223
12
2
2
105
8
10
15
20
4
3
25
3
2
2
1
3
8
100
1
2
20
10
276
7
3
13
38
2
24
10
11
1
14
43
2
11
142
10
14
12
7
3
3
27
2
4
3
222
3
7
9
4
1
13
7
15
17
2
4
5
9
26
51
1
26
1
107
3
2
10
3
4
1
7
27
1
3
1
3
3
1
197
2
1
43
7
9
2
92
5
1
14
5
5
62
6
66
15
1
5
12
2
2
21
5
4
26
5
7
5
4
13
16
1
1
18
6
3
16
5
5
7
4
8
4
20
27
3
201
5
5
6
12
7
3
1
11
24
4
3
16
7
23
12
5
7
2
1
10
1
20
27
8
1
30
40
5
35
7
11
1
34
7
8
10
19
10
16
10
17
4
8
1
4
2
6
52
11
18
48
50
2
5
17
85
1
4
75
7
1
9
16
25
3
3
13
17
14
3
12
5
56
9
8
23
9
2
1
46
4
3
3
37
6
9
11
6
24
1
2
9
15
7
1
12
9
1
29
9
4
8
4
58
20
1
13
4
2
2
12
8
8
19
47
2
10
55
15
2
2
10
41
1
21
3
8
133
53
14
16
13
3
30
22
18
2
5
14
5
15
2
1
23
24
6
33
4
2
3
33
3
13
15
29
61
5
27
14
61
10
52
11
15
2
28
6
11
3
8
51
1
37
1
16
4
5
75
7
13
14
37
4
3
2
36
28
104
204
1
8
1
31
68
50
10
1
233
59
23
1
22
43
1
7
9
48
11
1
5
7
4
71
4
9
3
3
7
41
19
1
68
1
32
27
37
3
24
5
2
11
22
29
2
12
37
1
15
2
26
11
1
3
29
8
2
4
39
6
11
19
2
6
37
4
28
42
72
10
9
45
3
42
20
1
44
11
84
3
12
3
15
12
9
1
38
18
7
3
273
6
41
64
29
48
21
15
178
14
15
173
2
156
2
18
119
58
28
62
65
1
10
6
27
1
14
170
2
35
15
44
16
44
3
90
78
16
64
16
10
9
6
5
101
18
9
8
46
4
17
59
89
150
10
5
15
51
11
41
3
6
4
33
74
34
191
2
41
36
2
26
3
3
2
12
61
19
76
12
159
75
42
1
5
25
1
50
12
30
12
152
90
13
147
21
40
27
99
16
178
18
20
56
31
25
3
7
8
37
8
22
2
