4
4
7
15
6
4
1
3
2
8
3
6
4
2
7
4
20
8
3
18
3
7
3
28
2
2
2
1
1
1
9
5
5
2
18
3
2
6
1
2
2
3
3
1
1
1
32
1
3
2
4
2
7
7
4
1
1
2
1
1
8
2
3
12
1
1
3
2
1
1
8
1
1
5
1
1
13
2
4
3
7
19
2
2
1
1
12
4
5
10
1
6
2
2
2
16
5
1
2
1
3
13
2
1
1
8
4
1
4
2
3
2
4
3
8
2
1
5
1
3
3
1
1
24
7
1
2
2
1
5
2
2
2
3
3
2
1
30
7
10
2
3
1
4
5
1
1
1
2
2
1
4
12
1
13
2
1
3
1
1
4
1
2
3
2
1
7
1
5
13
13
2
1
6
7
1
1
1
5
1
3
1
1
6
1
2
15
1
1
8
17
5
2
1
2
19
33
1
6
1
7
3
3
1
7
1
17
2
9
1
2
2
4
17
8
2
3
7
1
19
1
3
3
14
4
4
2
2
20
2
1
9
6
1
1
4
1
2
7
8
1
9
1
1
14
2
1
4
2
1
1
2
3
2
8
6
4
4
2
1
2
4
6
1
10
1
3
1
2
2
2
14
2
2
3
5
4
3
2
1
1
3
1
2
22
1
2
1
2
1
1
1
1
5
1
8
9
2
2
1
4
8
5
1
1
2
3
11
3
2
2
6
1
1
1
3
4
2
2
1
14
34
1
1
2
13
2
5
2
5
21
4
4
11
1
3
1
1
5
2
1
2
8
8
5
1
1
6
3
1
2
1
2
5
1
7
1
2
8
2
2
2
1
2
15
1
7
3
5
1
2
5
7
5
2
2
1
5
3
2
5
1
2
1
2
3
2
1
12
2
2
1
1
1
6
5
9
4
2
3
5
1
10
3
2
2
2
6
1
5
3
1
9
11
4
20
2
4
1
3
2
3
6
3
6
1
5
1
3
3
10
9
3
2
1
6
3
14
2
1
1
1
5
1
9
1
18
3
5
1
17
1
3
21
1
2
4
9
16
1
3
3
6
1
14
15
1
1
3
2
1
1
23
16
4
1
1
1
5
9
2
16
4
3
2
20
7
1
2
9
1
7
2
6
12
1
1
12
6
14
7
6
3
4
5
6
7
15
1
1
2
13
7
1
2
1
6
2
1
1
8
2
1
10
2
6
4
4
4
5
5
2
15
5
1
3
1
2
3
7
1
3
2
3
32
21
18
2
1
1
4
19
1
5
23
2
8
1
2
3
3
5
2
9
6
1
3
1
8
12
5
6
1
2
3
4
2
2
1
1
11
4
3
1
11
1
1
2
5
1
2
10
1
18
5
3
4
4
2
16
13
2
15
3
2
1
3
1
1
8
7
1
3
6
1
1
1
6
1
1
1
4
3
7
16
1
15
9
1
1
5
9
3
2
5
10
7
2
5
7
2
2
2
9
19
37
4
9
3
7
2
1
4
15
1
7
7
36
3
1
1
1
10
17
4
18
2
1
2
2
1
4
3
3
5
4
4
1
13
5
4
4
4
1
8
2
2
2
3
4
5
1
11
2
1
3
2
9
3
3
1
1
2
3
2
5
6
4
16
2
3
4
6
9
7
15
2
4
4
4
2
2
4
1
2
3
7
9
4
5
1
1
5
1
