97
19
102
153
737
93
302
99
30
21
242
268
386
78
3
49
348
33
352
5
5
415
32
11
152
129
1
4
358
926
38
35
52
259
191
1039
34
487
15
824
520
319
32
349
12
123
364
47
50
18
7
49
962
212
176
60
1
115
489
99
64
202
263
122
878
127
226
564
30
45
82
533
78
805
386
347
145
2
24
2
271
95
25
37
30
36
259
963
47
231
3
254
33
13
152
288
218
197
106
60
136
82
15
241
242
9
72
33
86
8
56
1
56
74
15
181
16
104
31
353
696
4
25
1
312
5
33
1
141
89
154
118
1
39
105
241
206
203
3
6
501
32
104
24
548
354
13
1
241
1
34
186
6
92
58
13
26
13
879
27
215
160
381
430
59
8
79
439
46
21
242
122
37
188
10
439
224
32
464
399
64
7
44
11
76
336
3
2
36
6
76
224
38
977
9
10
26
64
21
78
15
103
100
1
28
87
19
5
76
274
68
15
4
288
306
252
10
152
3
13
1
200
38
151
946
184
247
554
58
52
186
203
531
325
172
1
913
3
29
627
265
9
147
36
196
19
144
88
131
119
32
3
83
185
458
34
189
5
137
21
129
34
214
37
201
6
1
49
4
10
299
963
48
17
24
189
5
4
14
31
12
270
540
14
298
254
25
38
432
8
1066
28
1
80
38
288
116
970
303
87
18
190
39
21
67
11
47
26
71
812
33
2
1
29
57
1
14
65
1062
4
24
33
69
1
5
15
254
11
80
101
69
4
3
100
13
18
108
293
223
32
257
36
391
4
193
479
60
486
51
11
562
37
287
31
14
35
16
128
171
12
333
111
6
309
134
212
205
81
8
9
8
2
26
27
185
58
161
15
74
120
50
287
83
138
11
59
78
162
121
6
165
81
1
10
2
11
109
119
203
1
39
110
30
1
5
62
6
285
246
775
258
336
49
92
8
23
19
43
6
15
211
35
229
66
4
1
54
80
398
598
8
18
3
32
7
437
3
193
12
14
105
10
502
529
167
5
954
213
50
5
23
604
453
131
22
389
181
14
15
27
1
26
318
51
40
13
6
11
40
10
1
453
421
11
35
37
27
69
454
119
2
52
113
20
541
197
95
56
424
34
243
1
3
20
61
420
1
172
158
94
660
3
372
27
291
51
36
159
75
190
85
1
7
535
547
1
180
7
221
328
38
253
136
1
71
269
9
96
26
24
337
321
75
26
293
904
21
131
5
264
185
66
35
13
2
400
209
115
119
146
2
103
4
131
24
79
229
15
28
143
100
37
15
138
156
479
11
295
36
5
34
198
37
1
150
40
32
8
19
52
68
6
41
2
401
134
5
38
318
11
46
151
66
50
157
150
17
317
21
16
132
100
185
38
246
304
48
28
8
209
29
24
523
147
109
43
78
5
9
387
119
10
16
121
46
11
143
10
48
127
193
249
195
330
20
30
97
55
651
124
36
24
63
4
8
65
96
144
41
13
117
64
5
253
320
8
102
1
288
62
20
34
26
37
518
9
2
80
20
49
7
2
80
53
297
10
19
136
23
60
10
83
105
138
267
21
3
24
94
29
23
335
307
53
237
116
5
229
15
47
3
30
147
10
57
8
421
22
135
93
136
25
1
80
15
26
213
27
191
8
10
38
9
72
3
482
128
1
87
411
2
218
3
78
116
150
12
17
107
11
5
385
4
38
68
58
9
278
69
131
271
45
107
25
8
276
137
51
192
3
11
193
340
75
87
161
62
464
220
388
34
21
199
35
40
70
269
27
5
292
106
234
484
70
928
135
1272
40
53
21
4
12
4
22
15
36
17
4
502
44
424
42
128
6
62
55
16
13
1368
29
9
7
113
250
1
316
68
25
18
65
69
256
53
758
58
118
266
3
201
4
139
167
143
51
318
329
148
11
35
38
208
19
423
210
109
107
143
137
156
428
7
140
21
9
21
113
1
454
5
42
11
142
235
39
162
90
144
758
2
156
46
689
48
62
433
178
226
8
12
3
146
43
3
2
8
15
4
166
26
142
4
151
752
19
12
126
50
828
90
21
190
1469
277
41
277
217
91
859
1
23
57
4
417
178
313
14
178
16
232
257
85
79
99
2
987
17
206
308
203
45
15
329
215
30
334
3
59
21
95
3
6
24
88
112
4
67
3
1
398
529
70
35
542
19
104
9
379
291
58
326
123
739
157
402
156
23
21
86
649
414
55
20
47
1
1
1
1
1
1
1
1
1
1
1
1
1
1
1
1
1
1
1
1
1
1
1
1
1
1
1
1
1
1
1
1
1
1
99
1
1
1
1
1
1
1
1
1
1
1
1
1
1
1
1
1
1
1
1
1
1
1
1
1
1
1
1
1
1
1
1
1
1
1
1
1
1
1
1
1
1
1
1
1
1
1
1
1
1
1
1
1
1
1
1
1
1
1
1
1
1
1
1
1
77
1
1
1
1
1
1
1
1
1
1
1
1
1
1
1
1
1
1
1
1
1
1
1
1
1
1
23
1
1
1
1
1
48
1
1
1
1
1
1
1
1
9
1
1
1
1
1
835
1
3
1
1
1
1
89
1
369
1
718
1
1
1
1
1
1
1
1
1
1
1
1
1
1
543
1
1
1
14
1
1
1
1
1
1
1
1
1
1
1
1
1
1
1
1
1
1
1
1
1
1
2
1
1
386
422
1
1
1
1
1
28
1
1
533
1
1
1
1
1
1
1
1
1
1
1
1
1
1
1
1
1
1
682
1
21
1
1
1
1
80
1
1
1
1
1
1
1
1
1
1
1
1
1
1
1
28
56
1
1
8
1
1
1
1
1
1
1
1
1
1
1
1
1
1
1
1
1
1
1
1
1
47
80
37
79
1
1
1
1
1
1
1
1
1
1
1
1
1
1
1
1
4
1
1
79
1
1
1
222
1
1
1
1
1
1
1
2
1
1
1
1
1
1
1
11
1
1
1
1
1
1
1
1
1
1
1
1
1
1
1
1
1
1
1
63
1
1
1
1
1
1
1
1
27
1
1
1
1
1
1
1
1
1
1
1
1
1
1
1
1
1
1
1
1
1
1
1
1
1
1
1
1
208
1
1
1
1
1
1
1
1
1
1
1
1
725
1
1
13
1
1
5
1
1
1
1
1
1
1
1
1
1
1
1
1
1
1
1
2
1
1
1
1
1
3
1
1
1
1
1
1
1
18
1
1
1
884
1
1
1
1
1
1
1
1
2
1
1
152
709
1
1
1
1
1
1
1
1
1
1
1
1
1
1
1
1
1
1
1
16
1
1
1
86
1
1
1
1
1
1
1
359
1
196
1
1
1
1
1
1
1
1
1
1
1
1
1
184
1
1
1
1
1
1
1
1
1
88
1
1
1
2
1
1
1
1
1
1
1
1
1
1
8
1
1
1
172
1
1
1
1
1
1
1
1
1
1
744
1
1
1
5
1
1
1
1
2
1
1
1
1
1
8
1
1
1
1
1
1
1
1
1
2
1
1
1
1
27
2
1
1
1
1
1
2
1
1
2
1
1
1
1
1
1
1
1
1
1
25
1
57
1
1
1
1
1
1
1
1
1
930
1
1
1
2
1
1
1
1
1
1
1
121
1
1
72
1
1
1
1
1
1
1
1
1
1
1
1
1
1
1
1
1
1
1
1
1
1
1
1
1
1
1
1
1
1
1
1
1
2
1
1
1
1
1
1
2
1
1
43
1
6
1
1
4
1
1
1
1
1
1
1
2
1
1
1
241
1
1
1
1
1
1
3
1
1
18
1
1
1
1
2
1
1
1
2
1
1
392
1
1
2
1
1
1
1
1
11
47
1
1
1
1
1
1
1
1
86
1
1
1
1
1
1
1
1
1
1
1
1
2
1
1
1
1
1
1
1
57
1
1
287
1
2
1
1
1
1
1
1
1
1
1
1
1
1
1
1
1
163
2
1
1
2
2
263
2
1
1
1
1
1
1
130
366
1
1
1
1
1
1
1
1
1
1
1
2
1
1
1
1
932
2
1
1
1
1
1
1
1
1
1
1
1
29
2
1
1
1
1
3
1
1
1
1
1
1
1
1
364
1
1
1
1
1
1
1
1
1
1
1
1
1
1
1
1
1
1
1
1
3
1
1
1
1
2
1
1
1
1
1
1
1
1
1
1
1
1
1
1
1
1
1
2
2
1
2
1
1
1
1
1
1
1
1
1
1
1
1
1
1
1
1
1
1
2
1
1
1
1
1
1
2
1
1
1
2
1
6
1
2
1
1
1
1
1
1
1
1
1
1
1
1
1
1
1
2
1
2
2
1
1
1
1
1
1
1
1
1
1
1
2
2
1
1
1
1
1
1
1
1
1
1
1
1
310
1
1
1
1
1
1
1
734
4
1
1
104
2
1
6
3
1
1
1
1
1
236
1
1
1
1
1
1
9
1
1
1
1
748
1
1
1
1
2
1
1
1
1
1
1
1
1
1
1
526
1
1
1
1
2
1
1
1
2
1
2
2
1
1
1
9
1
1
1
45
1
1
1
1
1
1
1
1
1
1
800
1
2
1
1
1
1
1
195
1
1
1
1
1
1
1
1
1
1
1
1
2
1
1
1
1
3
1
1
1
1
907
2
1
1
3
1
1
1
1
1
1
1
1
1
1
1
1
1
1
1
1
1
1
1
1
236
1
1
1
1
1
1
1
72
1
1
1
1
2
1
187
1
1
3
2
1
1
1
1
1
1
1
1
1
1
2
79
1
1
1
1
2
1
1
1
1
81
1
1
3
1
1
1
1
2
1
1
1
1
1
2
1
1
121
1
1
1
1
1
1
1
1
1
1
1
1
1
461
60
1
1
1
1
186
1
1
1
1
1
1
1
1
2
79
15
6
1
1
1
3
1
1
3
1
35
1
1
1
1
1
1
1
1
1
1
1
1
2
1
1
1
1
1
175
1
1
1
1
1
1
1
129
1
1
1
1
2
1
297
1
1
1
1
1
2
1
1
1
1
1
1
1
1
1
1
1
1
2
1
1
1
1
1
1
1
25
1
1
1
367
1
1
1
1
220
1
2
1
1
1
3
1
1
1
325
2
1
1
1
1
1
1
1
566
1
1
1
1
3
1
2
1
1
1
1
1
1
2
1
1
1
1
1
6
1
2
1
4
1
1
1
1
2
1
1
1
1
1
1
2
1
1
1
1
74
1
1
1
1
1
1
233
1
1
1
1
1
1
1
1
1
1
3
1
2
1
1
12
1
1
1
1
1
1
1
1
1
1
1
1
1
8
2
1
1
1
1
1
1
1
1
1
1
1
1
1
1
1
1
1
1
1
2
1
1
1
1
1
120
2
1
1
1
1
5
1
1
1
1
1
1
2
1
1
1
1
1
1
1
1
1
521
1
1
41
1
1
1
1
20
1
1
7
1
1
1
1
1
1
1
1
1
1
3
1
1
1
1
1
62
1
1
903
1
1
1
1
1
1
1
1
1
1
1
1
1
1
1
2
2
1
4
1
2
1
1
17
1
1
1
3
1
2
1
1
1
1
1
1
1
1
1
1
3
1
1
1
1
1
1
1
1
1
1
1
1
1
1
1
2
1
1
1
2
1
1
1
1
2
1
154
1
1
1
1
1
2
2
1
2
1
1
3
2
1
2
2
1
2
1
1
1
1
1
1
1
1
2
1
61
1
1
1
3
1
1
1
1
1
2
1
1
1
443
1
11
9
1
2
2
1
1
2
2
1
1
1
1
1
1
1
1
3
1
15
1
1
1
1
2
1
1
1
1
1
1
1
158
1
2
2
1
1
1
1
15
1
1
1
1
1
1
1
1
1
8
476
1
1
2
1
1
1
1
1
1
1
1
1
1
1
1
1
1
1
1
1
1
1
1
1
1
1
1
305
2
1
1
1
1
1
1
1
1
1
1
1
1
1
2
425
1
1
1
1
1
1
1
1
1
1
1
1
1
1
1
1
1
10
1
2
55
13
1
1
1
1
1
1
1
1
1
2
21
1
1
1
1
1
1
1
1
1
2
5
1
2
1
1
1
1
1
1
2
2
1
1
1
1
1
2
1
1
2
1
1
1
1
1
1
268
46
1
1
1
1
1
1
1
1
1
1
149
1
15
1
1
1
1
1
1
1
1
1
2
1
1
1
343
1
51
1
12
1
1
1
1
1
1
1
3
1
1
2
1
255
1
1
1
1
1
1
1
1
1
2
1
2
1
1
1
1
1
1
35
1
1
1
1
1
1
2
1
1
2
1
5
1
1
2
1
1
1
581
1
1
1
1
1
1
1
843
1
1
6
1
1
1
1
1
1
1
1
1
1
1
1
1
1
176
1
159
1
1
1
1
1
2
1
1
1
1
1
2
120
1
2
1
1
1
1
1
1
1
1
1
2
1
3
1
1
3
1
1
1
1
1
1
1
1
3
1
1
566
1
1
1
1
1
3
1
1
1
100
2
1
1
1
1
2
1
1
2
1
2
1
1
1
1
1
1
1
1
54
1
1
1
1
81
1
1
1
3
1
2
2
20
1
1
1
1
1
4
1
1
2
1
3
87
1
1
1
1
1
1
3
252
1
1
2
1
1
3
103
1
1
1
1
1
1
2
1
1
2
1
1
1
1
1
1
1
2
2
1
1
1
9
1
1
2
63
1
1
93
1
1
1
4
2
1
1
1
181
1
3
1
2
1
1
1
1
1
2
1
2
13
29
1
1
1
1126
2
2
1
1
1
1
1
1
1
3
1
1
48
1
57
58
1
1
1
1
1
1
1
1
2
1
1
1
1
1
1
2
1
2
1
1
1
1
1
1
1
1
1
1
1
200
1
174
52
1
1
2
2
1
1
1
1
324
1
1
1
1
1
1
1
1
1
1
2
1
154
1
2
1
1
1
2
1
1
1
1
2
1
1
1
1
1
1
1
255
1
1
1
2
1
1
5
1
1
1
1
1
2
1
2
1
1
2
1
1
43
1
1
3
2
1
2
1
1
15
1
1
2
1
7
76
2
3
1
1
1
1
1
93
1
1
3
1
1
1
2
1
191
1
1
2
1
82
1
1
3
1
1
2
1
1
1
114
1
3
1
1
1
1
1
1
30
3
1
12
1
1
1
1
2
1
1
1
2
3
1
1
1
1
1
1
2
1
1
1
1
2
1
1
3
6
1
1
1
229
1
1
1
1
1
4
1
1
2
1
2
1
1
1
2
65
1
1
1
1
1
1
3
1
1
1
1
1
1
1
1
1
1
3
1
1
1
1
2
1
1
1
1
1
2
1
1
1
2
1
1
1
1
1
2
1
1
3
1
1
1
1
1
1
4
1
1
1
1
1
1
1
1
1
3
1
1
1
3
1
1
1
1
1
1
1
1
1
1
1075
1
1
1
2
2
1
2
268
1
1
2
1
1
1
1
1
1
1
408
1
1
1
1
2
115
1
1
1
3
1
1
1
215
1
1
1
1
1
187
4
1
1
2
1
2
1
2
1
1
2
1
2
1
1
1
66
1
3
1
1
1
1
1
1
1
2
1
1
3
1
1
1
1
1
2
1
2
10
1
404
3
1
1
1
1
1
1
1
1
1
1
1
1
1
2
1
1
1
1
2
1
1
1
1
1
12
346
2
1
1
1
2
2
1
1
190
1
1
1
1
13
124
1
3
1
2
1
1
1
1
1
1
1
2
1
1
1
1
1
3
1
1
1
2
2
1
1
28
1
1
1
3
1
1
1
1
3
538
1
1
1
1
1
2
1
1
1
1
1
1
1
4
216
1
1
1
7
1
1
582
1
1
4
1
2
2
1
1
2
1
1
2
1
1
1
1
2
1
1
1
1
2
1
2
1
1
1
1
2
1
1
1
1
1
2
1
1
3
1
3
5
1
1
2
2
1
1
1
1
2
1
1
1
1
1
69
3
1
1
1
2
1
1
1
1
1
1
1
1
1
1
2
11
1
1
2
1
1
1
1
1
1
3
3
1
1
4
1
1
1
1
3
2
2
1
1
1
1
1
1
1
14
4
1
3
1
2
1
1
1
2
2
1
3
1
1
1
613
1
9
1
203
2
1
12
1
1
8
1
1
1
1
1
143
1
2
1
1
1
3
1
2
3
1
1
1
1
1
1
1
1
1
1
1
1
1
1
2
1
1
1
3
1
1
1
476
1
1
1
4
1
1
1
2
3
1
605
1
2
1
1
1
1
1
1
1
1
1
985
2
1
2
1
1
3
2
1
1
1
1
2
2
1
1
1
2
1
1
1
1
1
1
5
1
3
1
1
1
1
55
1
1
1
1
1
1
2
1
1
2
1
5
1
421
3
2
2
1
1
1
6
1
3
1
1
1
1
1
491
1
2
1
1
71
40
2
1
1
1
1
1
412
1
3
1
1
1
4
2
1
3
3
474
1
1
3
1
1
1
1
2
1
1
1
2
1
1
1
1
1
1
1
1
1
1
4
1
1
1
2
1
5
1
1
4
1
1
1
1
1
1
2
1
1
2
3
1
1
1
1
3
2
1
1
1
2
1
4
5
1
1
1
53
1
2
2
1
2
1
2
1
1
1
1
1
1
1
1
1
1
12
1
1
1
1
1
1
1
1
1
1
1
1
2
2
1
1
155
1
1
1
1
1
1
1
130
43
4
1
1
1
1
138
1
1
3
1
1
2
1
1
1
179
1
2
2
1
1
1
1
1
1
1
1
1
1
5
2
1
1
1
1
1
1
8
3
1
1
1
1
1
1
1
1
1
1
1
1
1
2
2
1
1
19
1
1
1
1
2
2
520
185
2
57
2
5
1
60
1
4
65
5
2
3
1
2
1
2
468
1
1
4
1
1
4
1
36
1
1
3
194
1
1
3
1
1
1
1
1
1
1
1
1
1
1
1
1
1
1
5
27
1
1
1
1
1
2
2
1
1
1
1
1
1
2
1
3
1
2
2
1
1
1
1
1
14
1
1
9
1
1
1
1
2
1
1
2
1
1
1
1
3
1
1
1
1
2
39
3
2
1
2
1
1
1
1
1
1
1
1
1
1
1
2
155
223
2
1
1
3
1
3
1
1
330
3
1
3
1
1
1
4
1
1
1
1
1
81
5
724
3
2
1
1
1
1
1
1
2
1
1
1
5
1
1
1
1
1
1
1
1
3
2
1
2
1
1
1
1
3
5
1
1
1
326
15
1
1
23
1
1
2
1
2
1
1
105
1
134
1
1
1
1
7
3
1
363
1
1
1
1
1
1
1
1
1
1
5
1
1
4
1
2
4
11
1
1
2
3
1
2
1
1
1
40
1
1
493
1
3
1
1
76
1
1
1
1
1
1
1
48
2
1
1
1
5
1
1
2
1
2
1
4
7
1
4
3
1
1
1
1
1
1
1
1
1
1
1
2
3
1
1
1
1
1
3
1
1
174
1
1
1
1
1
4
1
1
5
1
2
2
1
1
3
1
2
1
1
1
2
1
97
1
1
1
1
1
1
3
1
2
1
2
1
160
2
1
1
1
1
2
1
2
12
1
1
3
1
1
1
1
1
1
1
1
1
2
1
40
1
1
1
1
3
1
2
1
1
1
1
1
1
2
2
1
1
1
2
2
1
2
1
1
1
1
1
1
1
1
1
1
1
1
1
2
1
125
1
1
1
2
1
1
124
6
1
2
2
1
1
50
1
2
2
5
4
113
2
1
2
1
1
1
1
1
1
2
1
1
1
2
3
4
8
1
1
1
62
1
1
1
2
2
1
1
1
1
2
2
1
2
1
1
2
1
1
1
2
1
4
2
1
1
1
1
2
1
842
2
1
2
2
2
1
1
1
16
1
905
1
1
60
1
503
4
2
1
2
1
3
2
1
1
1
1
2
1
1
2
3
1
520
1
3
1
1
3
1
1
2
1
1
1
1
3
1
4
11
2
4
1
1
27
1
2
4
1
1
1
1
1
1
1
5
1
1
1
1
1
1
1
101
1
8
1
2
1
1
1
3
2
1
2
3
399
1
2
1
1
1
1
1
1
1
1
1
1
1
1
1
1
3
84
3
1
2
1
1
2
1
1
1
1
3
2
1
1
3
1
2
1
117
6
1
164
1
1
1
5
3
1
1
11
1
1
3
1
1
28
1
1
1
6
1
1
2
2
8
3
2
1
1
1
1
1
5
1
1
1
56
1
1
3
1
7
4
9
1
1
1
1
1
1
1
1
4
5
1
2
1
1
3
1
32
3
1
292
1
2
1
1
2
2
1
1
1
2
3
2
1
2
2
1
2
1
1
1
1
1
1
1
2
2
1
1
1
1
1
1
4
5
1
164
1
1
1
1
1
1
1
2
2
1
2
1
2
1
1
246
60
1
1
2
1
1
1
1
1
1
2
1
2
108
1
1
1
2
1
1
1
1
1
6
1
1
3
2
1
1
1
1
1
1
1
740
1
1
1
1
1
1
1
1
1
1
1
2
1
1
1
1
1
1
5
3
1
2
1
1
93
3
1
1
1
1
1
1
1
1
1
1
1
3
4
2
2
1
2
1
1
5
1
2
1
3
1
2
1
1
2
1
1
2
1
2
1
1
99
1
1
1
1
1
3
1
1
4
2
1
1
2
350
2
1
1
1
4
1
3
1
1
1
1
1
1
1
1
2
1
5
2
1
1
1
1
1
1
2
1
1
5
1
1
1
1
1
1
1
3
2
1
1
1
1
1
6
1
4
1
1
2
1
1
2
1
5
1
1
1
4
177
2
1
1
441
5
7
1
1
1
1
3
81
1
3
1
1
1
1
1
1
3
2
3
1
1
1
1
1
1
2
1
2
1
1
1
1
1
2
1
2
25
2
1
8
1
1
1
1
1
1
1
2
2
1
4
3
1
1
5
1
1
2
1
1
1110
2
2
1
1
1
1
1
3
1
2
1
1
3
129
1
1
3
1
1
1
1
2
1
2
1
1
1
1
1
1
1
342
1
1
2
2
1
1
1
1
1
2
1
2
1
1
1
1
1
1
3
3
1
1
1
3
154
1
1
1
2
1
2
1
1
2
2
3
2
1
1
2
1
3
1
4
1
1
1
1
1
1
1
1
2
7
1
1
1
1
4
2
1
1
1
2
1
2
104
1
9
1
484
1
3
1
306
1
5
2
1
1
1
1
1
581
3
35
827
1
1
1
1
1
5
4
1
4
1
1
3
4
1
6
3
1
1
169
2
5
6
1
11
1
714
2
1
169
624
1
1
1
2
1
2
1
1
614
1
1
646
2
1
1
3
2
1
1
1
2
12
3
1
1
1
1
1
1
3
1
1
1
3
1
1
1
1
1
1
1
2
2
410
787
1
3
1
1
1
2
1
2
1
1
1
1
1
1
162
9
1
1
1
3
1
3
1
1
1
2
1
1
2
1
2
2
2
1
2
2
3
2
1
1
1
9
1
2
90
1
1
1
1
1
1
1
1
2
1
1
2
5
1
2
1
2
1
2
1
1
1
3
1
1
1
1
1
1
844
2
2
1
1
1
1
1
23
3
178
3
1
1
1
13
1
1
1
1
1
1
1
1
1
1
2
111
4
59
1
7
1
2
1
1
1
3
1
1
1
255
1
1
1
1
2
4
1
5
43
4
1
2
1
3
2
3
2
1
4
1
2
1
1
3
1
3
1
1
1
74
1
1
3
84
1
5
1
1
3
3
2
5
4
1
2
5
2
2
1
1
5
1
58
1
1
1
246
1
3
5
2
13
1
3
4
1
3
3
1
1
1
1
3
3
1
28
1
5
3
1
1
1
1
1
1
4
2
1
2
3
14
1
1
1
2
6
7
69
19
160
1
1
2
2
4
3
203
2
1
1
739
1
1
2
1
104
2
1
270
2
1
2
2
1
1
1
2
2
1
2
1
4
2
2
1
1
1
27
2
1
1
3
3
1
1
3
1
1
2
1
6
4
2
2
444
85
1
1
1
1
1
1
1
382
2
2
1
1
1
1
1
1
13
1
1
1
3
3
1
1
1
1
7
1
1
9
1
1
2
1
1
2
1
1
4
1
5
6
1
1
1
1
3
1
4
1
2
1
3
1
455
1
1
1
1
27
613
1
2
1
1
2
2
3
1
3
3
1
1
1
1
2
1
2
1
2
1
1
2
1
1
1
1
1
2
1
1
4
1
4
3
1
6
49
4
3
1
5
1
3
1
2
1
4
1
1
1
1
1
1
1
1
2
1
8
1
1
1
3
1
1
2
2
1
1
1
1
1
2
1
1
737
1
1
3
1
1
1
1
2
2
1
2
2
2
27
2
4
6
2
1
2
2
3
3
1
8
116
1
1
1
2
6
5
1
1
23
1
5
1
2
1
94
6
3
1
6
2
53
2
25
1
722
3
12
2
1
1
1
9
9
1
3
3
1
4
1
3
1
1
3
1
2
1
1
2
1
1
1
1
1
1
1
1
1
1
2
1
2
5
1
1
7
1
1
1
1
1
1
1
3
5
2
1
350
1
3
1
1
1
6
3
4
4
2
2
1
1
2
1
839
1
1
3
1
2
2
1
5
1
6
1
4
2
1
2
1
1
1
6
4
1
241
1
3
2
1
3
1
1
1
1
1
1
1
3
2
16
22
1
2
1
1
1
1
1
3
1152
1
1
2
4
5
42
1
1
1
1
1
4
5
1
1
2
1
61
1
1
1
3
1
1
1068
1
15
1
1
2
2
2
2
2
4
1
2
3
2
1
2
1
2
1
824
1
1
2
2
1
1
2
1
1
1
1
1
3
1
1
1
1
1
1
1
1
4
1
2
1
4
1
1
47
1
1
3
1
1
1
1
4
2
9
1
1
1
1
1
1
1
1
1
2
1
1
6
1
1
1
1
3
50
1
1
4
1
1
1
1
4
1
1
2
2
2
1
111
3
1
3
1
1
1
2
2
1
1
2
8
1
1
1
4
1
4
4
1
1
1
2
1
1
26
6
3
1
2
2
3
2
3
3
1
2
1
1
1
3
3
2
4
1
1
1
114
1
2
1
2
1
1
2
1
4
2
1
6
1
4
1
1
1
3
1
3
1
6
1
1
925
65
1
1
1
1
1
209
9
1
1
1
1
1
4
94
1
1
3
1
2
4
1
2
2
1
1
1
1
1
5
1
1
7
3
3
3
8
9
1
3
2
59
1
1
1
1
3
1
1
1
1
1
1
1
1
1
1
1
2
1
1
2
1
2
1
6
1
2
1
1
1
1
1
6
1
381
2
1
1
1
1
1
1
1
2
4
10
1
2
1
39
1
1
10
7
2
2
1
1
1
414
2
2
1
1
1
1
3
1
1
5
1
1
2
1
1
1
3
8
2
1
1
1
3
1
2
1
4
1
2
2
1
6
9
1
438
2
4
1
2
1
4
39
1
1
2
2
1
1
2
1
4
2
2
19
40
2
1
1
1
1
1
3
6
2
3
221
1
1
6
1
1
1
1
3
3
2
147
2
193
1
644
5
1
5
1
2
1
3
1
6
1
1
1
1
2
1
1
2
4
1
1
2
1
2
1
1
1
2
1
1
2
3
1
2
1
7
1
5
3
2
1
1
3
4
2
1
2
1
1
2
1
4
1
1
6
3
1
67
1
1
2
1
1
1
69
1
1
3
2
1
1
2
1
1
1
1
2
5
3
1
2
1
2
4
1
1
1
2
1
8
311
2
4
1
1
2
1
7
1
4
2
8
3
5
3
1
1
2
1
1
1
1
1
1
12
13
1
4
1
152
2
6
1
2
4
561
1
1
1
3
1
2
4
5
1
205
1
2
1
1
435
1
2
2
1
8
6
2
1
1
1
1
2
12
3
1
1
1
1
1
1
3
1
3
2
1
4
1
1
1
7
1
1
1
11
218
2
1
4
177
2
1
1
4
1
1
3
6
686
3
4
2
1
1
1
1
1
1
1
1
2
1
1
121
2
1
1
2
1
263
1
2
1
1
4
1
1
3
2
3
2
1
2
1
68
1
2
3
2
1
1
1
4
3
125
3
3
1
4
2
2
3
1
2
4
2
1
304
3
1
1
1
1
1
1
1
5
2
2
2
1
2
1
1
1
9
1
1
1
2
1
1
9
43
1
1
2
1
2
1
1
106
6
1
1
1
2
1
1
1
1
1
1
1
1
1
2
2
1
1
3
511
5
2
1
1
198
4
34
1
1
1
2
2
1
2
1
1
3
1
2
1
1
1
2
1
2
3
85
1
1
1
1
1
1
2
2
1
2
1
29
1
6
3
1
3
4
1
2
1
2
2
1
1
2
7
3
1
1
4
1
4
3
1
1
2
2
3
1
12
3
2
3
2
1
1
2
1
1
1
1
2
1
1
610
3
5
1
1
1
1
1
1
5
2
1
1
2
1
6
2
1
1
1
1
2
3
3
4
1
2
1
3
2
20
1
26
1
3
1
1
2
2
1
40
5
2
1
1
2
1
1
1
1
2
1
2
5
5
1
1
1
1
1
2
3
6
1
1
2
41
3
1
2
5
1
4
2
1
7
1
1
2
1
1
2
2
1
1
2
11
1
1
2
3
1
1
309
6
1
6
1
1
1
1
4
8
4
1
1
205
8
3
2
1
2
2
5
1
15
11
1
3
1
1
1
2
1
1
1
6
13
5
305
1
1
1
6
2
1
3
1
2
1
1
1
1
1
1
3
4
2
2
2
1
1
2
1
2
4
3
1
1
1
631
1
1
2
1
5
1
3
1
1
220
1
1
9
1
2
4
1
1
1
2
1
2
7
1
1
1
1
5
2
2
2
5
607
1
1
1
1
1
1
2
1
3
2
338
1
797
1
1
1
3
7
1
1
1
3
6
1
1
5
1
1
1
1
2
1
1
1
1
1
2
2
1
3
1
5
4
142
1
3
1
1
5
1
1
2
7
1
1
6
5
1
1
189
83
2
39
4
4
2
2
1
4
2
246
1
1
24
7
1
1
2
3
2
1
4
1
1
4
1
3
13
1
6
2
6
2
1
2
10
2
1
1
1
7
1
1
4
1
1
5
4
1
1
1
1
2
12
2
1
1
1
1
2
3
3
2
3
3
1
1
2
3
4
2
2
1
1
1
1
4
1
4
4
1
1
4
3
1
9
1
1
4
2
1
2
3
2
1
1
2
6
3
1
194
1
1
12
1
1
1
1
1
9
4
1
3
2
57
160
1
2
1
2
2
4
1
1
111
2
1
1
3
1
3
192
2
6
1
4
2
2
2
14
9
1
2
1
2
2
1
3
4
2
5
1
1
1
1
1
2
2
5
1
313
4
1
6
3
2
1
1
1
3
1
1
1
31
2
1
1
1
2
3
1
2
2
1
1
2
2
1
2
2
4
1
5
1
4
1
1
1
3
5
1
1
1
1
1
1
34
1
1
6
11
1
1
2
2
5
1
1
89
1
4
1
10
2
1
3
2
2
5
1
5
1
3
1
7
5
2
3
1
1
562
3
1
2
1
3
2
1
1
2
19
1
6
1
4
1
1
1
1
1
11
3
1
86
2
17
1
2
2
177
1
1
1
1
1
46
3
1
1
1
2
4
7
1
6
1
3
3
1
1
7
1
1
12
4
2
1
1
2
3
1
1
1
6
2
87
7
2
1
2
1
1
1
6
6
2
2
3
1
3
1
10
1
4
1
1
7
1
5
1
6
5
2
1
1
1
7
4
4
2
2
3
4
733
2
2
330
1
3
2
1
4
1
1
1
1
1
233
1
1
1
5
851
1
1
1
4
26
4
1
7
139
1
10
1
5
1
1
7
1
1
73
1
1
6
9
3
3
2
3
2
2
1
9
1
2
2
1
1
7
1
2
7
25
1
5
3
1
12
1
4
4
3
9
1
3
6
2
1
1
1
3
1
1
5
1
3
1
7
3
1
1
1
4
3
1
3
1
855
1
4
1
1
1
7
3
1
2
1
4
1
2
3
1
2
2
4
3
2
3
1
1
2
1
3
13
2
6
1
2
1
1
2
1
2
1
1
1
1
1
4
1
1
1
467
1
2
1
590
2
1
2
3
3
2
3
2
1
1
2
11
2
2
1
2
118
3
3
1
4
1
7
2
3
3
4
1
2
1
2
1
2
1
1
4
3
1
1
1
6
1
1
1
4
1
5
1
1
2
1
2
4
4
5
8
7
1
1
1
1
2
1
1
3
4
1
1
1
5
2
3
1
3
1
1
2
2
6
5
1
1
3
1
1
1
5
6
1
2
1
3
1
1
2
2
21
1
3
6
3
120
2
1
1
1
2
9
1
3
4
1
1
1
3
1
12
1
3
2
1
1
2
1
2
1
274
1
1
4
13
1
1
1
1
2
1
1
1
2
1
4
36
3
1
1
5
1
290
1
1
1
1
1
1
10
3
2
1
1
1
1
3
1
2
1
4
1
1
2
4
2
1
2
1
2
307
9
1
1
1
3
5
1
1
1
12
1
1
1
1
1
3
2
2
1
5
10
3
1
4
1
7
1
1
1
2
45
14
14
1
10
2
25
9
1
9
1
1
1
11
1
126
3
2
2
9
1
4
2
2
9
4
1
1
1
1
3
3
1
3
1
1
3
1
15
1
1
87
1
1
5
8
8
9
15
4
704
1
10
6
1
4
2
2
39
2
1
5
15
3
1
2
3
1
20
5
1
5
72
2
2
11
1
8
3
1
1
1
1
2
2
1
1
2
6
1
1
7
27
1
1
3
1
1
1
607
3
1
2
5
2
2
28
1
1
37
8
5
1
5
1
1
6
2
1
2
1
2
1
2
6
511
3
1
1
1
3
5
3
3
2
4
2
2
2
1
2
6
1
9
1
3
479
1
2
618
1
1
1
1
2
1
1
4
2
9
5
1
15
25
1
5
5
3
1
1
1
1
1
2
1
13
12
1
3
2
2
1
2
1
1
1
1111
4
3
8
1
1
1
1
2
1
1
2
5
2
12
3
1
1
1
1
1
1
2
4
6
1
2
1
2
3
1
1
3
1
158
1
4
1
19
8
2
9
1
3
4
6
17
1
1
1
1
6
1
2
118
1
2
4
2
1
2
2
1
8
1
4
1
1
2
42
1
9
2
1
1
1
1
21
2
2
7
1
3
4
143
5
1
2
4
5
2
1
8
7
12
1
1
1
6
1
5
1
1
3
2
1
6
3
1
1
1
2
2
2
1
2
1
3
12
1
1
3
1
1
1
352
1
1
2
1
1
1
1
2
12
1
1
2
107
2
6
1
1
7
17
1
1
2
1
1
49
1
1
4
2
1
1
2
1
2
1
1
1
2
1
1
1
4
5
4
5
1
3
1
6
12
4
1
1
31
1
4
3
1
3
1
5
1
1
2
3
15
1
2
1
1
18
12
8
583
12
10
5
1
50
9
2
1
1
23
1
291
3
2
1
1
2
2
2
16
13
2
1
1
3
2
6
1
1
1
2
1
1
1
1
2
2
1
4
6
1
97
1
1
24
1
2
8
5
2
1
2
12
2
12
1
2
2
1
2
2
1
8
1
12
5
4
12
2
1
5
3
3
1
1
1
1
1
2
2
1
6
5
3
1
1
3
15
1
7
6
1
10
1
5
1
4
4
6
8
12
1
6
3
1
9
4
7
21
1
1
1
203
2
1
1
1
1
8
2
4
6
2
7
1
4
4
1
2
6
14
34
3
7
3
1
7
15
1
2
1
1
3
3
1
1
1
1
1
11
1
1
1
1
1
3
1
2
1
2
2
2
1
1
1
4
1
2
106
8
1
4
4
2
3
5
15
10
470
3
1
1
3
2
5
3
1
1
32
3
4
18
146
1
2
81
3
2
1
1
2
15
6
2
8
1
176
1
1
2
1
2
1
1
6
4
1
2
5
7
2
3
19
1
1
23
27
11
6
3
1
2
379
16
1
2
1
1
1
1
2
1
5
7
1
1
3
2
1
2
69
1
1
9
1
10
1
1
1
1
4
1
1
1
4
1
1
2
4
51
2
6
93
2
3
1
2
1
1
1
3
8
2
2
10
55
23
5
74
16
1
5
14
4
2
18
1
17
76
11
1
1
4
1
14
4
3
1
274
2
5
15
6
1
32
1
2
3
8
2
2
186
1
5
231
1
24
545
3
1
3
1
2
2
3
1
13
1
3
2
62
1
4
1
1
3
27
3
10
2
1
2
7
1
1
5
3
3
5
3
1
3
2
12
23
1
6
8
1
19
2
6
2
3
3
1
2
6
20
1
4
1
24
2
1
3
7
1
3
11
3
2
2
4
1
4
56
66
2
129
1
8
1
1
7
6
6
4
5
1
1
1
1
1
1
1
3
1
7
16
1
6
7
10
1
1
1
3
1
2
2
9
1
32
26
8
1
1
2
1
5
9
7
4
3
3
2
1
12
8
7
1
9
1
2
8
5
6
1
1
1
3
4
3
1
3
22
1
1
1
2
1
3
8
18
3
6
3
10
1
2
1
2
32
2
1
1
3
1
3
3
13
1
3
17
1
8
1
1
4
4
1
5
31
1
274
7
1
400
1
1
1
5
2
2
7
4
30
1
14
3
2
2
2
6
1
2
1
1
1
1
1
1
1
1
3
1
6
1
6
1
6
8
5
2
1
1
1
5
12
8
393
861
1
11
1
568
3
411
771
13
14
1
1
1
4
1
10
1
1
232
1
5
7
63
48
2
1
4
1
2
3
1
1
1
3
2
1
1
1
1
3
2
9
1
4
3
8
4
32
25
554
5
1
2
2
12
4
2
1
16
1
1
6
79
3
4
1
2
3
5
2
32
1
6
1
3
1
3
6
4
2
1
1
5
613
9
3
1
1
2
4
3
2
3
7
2
23
1
1
3
416
2
1
7
1
8
3
1
21
2
1
1
3
1
1
6
5
2
4
1
1
42
296
10
8
2
2
1
8
14
3
1
4
2
12
1
5
5
19
1
11
6
1
3
1
41
9
2
201
1
1
6
2
2
33
14
2
1
8
1
7
5
20
1
1
2
8
5
8
1
10
3
7
4
1
14
35
5
1
5
15
9
3
1
9
1
2
1
1
5
1
2
4
6
7
5
2
1
2
2
99
798
8
7
2
5
1
7
10
3
4
29
24
3
2
2
7
2
3
2
130
1
2
8
7
2
2
2
2
5
2
1
3
11
1
3
1
1
1
521
1
8
6
11
1
1
4
5
1
1
1
4
7
4
19
1
4
1
1
1
6
4
49
6
3
2
3
2
19
1
3
1
6
5
6
6
5
1
3
3
3
3
10
1
2
44
7
1
3
4
7
1
4
2
232
1
1
11
1
1
2
1
2
3
41
2
6
4
2
1
4
11
438
9
5
1
2
5
4
4
1
1
5
2
5
1
1
8
2
15
4
1
1
7
1
4
1
4
1
1
5
18
13
20
1
2
5
1
1
10
3
1
6
10
5
1
9
30
1
4
1
1
7
2
1
1
1
8
7
1
6
1
4
1
3
1
18
1
2
32
5
2
1
1
16
3
11
23
1
1
1
42
11
5
1
1
5
6
5
4
1
1
4
12
3
1
1
21
2
1
1
11
1
3
7
11
7
1
8
2
2
4
305
13
1
4
5
12
2
7
4
2
10
1
19
2
1
6
3
74
1
4
1
914
42
1
1
2
2
6
1
1
91
17
11
6
1
13
1
5
2
51
2
6
2
1
9
2
40
1
1
1
1
18
12
4
3
1
1
7
6
13
1
2
7
1
5
1
1
12
9
1
2
1
1
157
2
4
3
1
4
18
2
1
2
5
1
7
3
4
1
90
10
26
4
5
1
6
1
1
5
8
2
2
6
6
4
2
13
5
1
5
1
29
10
1
4
235
1
1
2
1
5
3
4
9
3
3
10
3
2
1
2
5
4
1
1
1
8
1
5
2
16
3
163
2
6
1
152
8
2
1
32
2
1
1
1
23
1
6
2
1
9
135
13
2
28
3
20
2
6
4
7
17
27
2
13
6
26
3
2
1
14
4
4
4
1
1
1
43
1
2
2
12
1
2
1
3
1
6
4
3
3
3
1
1
1
66
1
12
7
10
2
1
2
5
6
5
12
3
4
6
2
1
16
9
20
1
6
6
12
9
41
1
3
11
8
2
2
19
2
2
1
6
13
1
13
3
2
1
1
7
1
3
10
5
3
6
7
8
1
11
12
7
9
18
23
4
3
1
1
2
1
3
2
1
1
142
33
27
558
1
9
6
1
4
1
2
13
1
22
1
9
6
15
1
5
2
3
9
1
7
5
1
118
2
1
5
5
71
1
4
1
1
5
4
3
19
8
5
1
1
1
1
53
9
1
3
20
365
1
1
3
5
2
14
2
3
172
4
1
44
2
2
5
48
3
2
2
1
6
13
2
24
1
1
3
4
20
3
1
1
32
4
2
1
1
7
7
5
4
60
5
9
98
19
2
2
1
6
2
1
37
92
10
2
7
4
2
4
2
1
35
1
73
2
3
1
24
58
2
7
1
2
2
24
4
2
2
75
2
2
5
2
11
8
1
1
6
1
1
9
183
17
3
1
4
2
8
3
12
8
2
9
5
924
19
3
12
11
1
14
1
60
2
2
1
3
3
5
3
1
4
1
12
4
2
3
5
6
1
1
2
1
6
1
4
3
3
3
4
2
1
1
12
60
2
1
1
34
514
1
2
1
6
1
3
3
2
1
4
35
9
8
3
13
1
14
6
5
1
13
21
2
11
2
1
1
2
2
3
7
1
5
2
13
1
7
5
3
58
2
9
8
6
2
148
4
6
1
3
5
2
1
2
1
2
9
6
11
2
1
6
34
3
5
28
8
597
1
188
1
2
5
1
1
1
5
5
45
81
10
1
7
2
1
1
7
1
31
120
157
4
3
8
1
11
3
24
34
228
5
1
2
42
27
2
1
2
11
1
1
5
62
1
11
4
1
11
1
2
1
3
1
3
1
7
3
4
5
11
1
1
6
6
1
4
1
5
2
11
5
2
1
3
2
21
3
10
1
3
1
25
8
1
1
1
9
4
1
14
23
29
9
1
1
8
6
31
3
2
7
33
2
1
10
2
2
7
3
10
276
3
4
3
6
2
9
4
4
6
4
1
27
6
3
1
10
1
4
10
5
5
6
5
21
7
1
1
4
1
20
11
4
3
13
1
127
51
1
3
2
17
1
107
5
1
1
61
383
103
2
1
23
2
46
1
10
2
8
1
155
3
2
246
29
451
30
1
63
5
17
55
16
4
1
6
5
3
1
1
1
7
5
2
30
2
1109
2
24
21
1
42
1
2
1
8
11
1
29
2
1
3
5
11
21
1
7
23
3
35
1
8
18
1
28
27
1
2
11
66
33
1
1
15
18
284
1
44
7
6
41
1
5
1
1
4
18
2
15
9
2
1
1
2
17
13
2
4
6
1
14
3
2
15
6
1
3
7
4
10
77
2
186
3
1
1
8
1
2
1
2
3
1
1
2
21
1
25
304
7
8
1
5
1
11
1
1
77
3
5
1
7
35
2
2
36
3
3
7
47
1
5
1
2
8
709
2
41
3
2
2
4
11
1
8
78
6
96
1
3
1
1
6
1
18
4
8
222
3
6
7
75
13
6
25
1
6
1
2
25
4
1
4
7
14
1
2
1
49
3
17
19
13
14
1
2
1
3
20
25
217
12
20
1
1
49
9
65
45
1
14
1
4
10
1
10
1
1
2
6
1
4
9
5
4
1
12
3
32
7
10
3
2
1
8
3
279
112
2
1
37
585
4
40
7
19
33
1
17
91
12
36
2
363
1
1
1
2
27
16
1
2
1
3
40
5
17
1
2
11
2
1
3
3
3
13
5
66
5
69
1
2
20
6
3
1
5
1
19
44
10
435
2
4
1
2
2
2
3
14
25
1
24
1
15
1
17
3
4
71
2
16
39
2
1
9
13
9
5
27
2
10
4
8
153
8
1
15
5
16
1
3
3
69
19
41
6
21
2
6
3
4
16
1
3
2
1
3
2
7
5
5
4
12
6
7
6
2
6
545
1
1
3
2
1
1
3
7
4
3
2
1
6
7
6
9
15
2
15
2
9
140
4
83
1
3
1
64
1
571
3
2
20
1
7
1
40
1
1
21
13
18
936
3
5
2
9
26
19
1
1
109
7
6
29
6
1
1
7
1
65
25
14
5
79
1
55
6
21
64
3
2
5
1
8
687
2
16
45
1
11
3
1
1
498
5
1
3
27
1
3
686
12
36
3
2
3
1
9
1
2
11
1
6
13
5
1
3
122
1
5
2
3
5
2
15
9
7
121
15
31
13
115
9
15
1
2
18
8
19
29
2
5
25
100
27
2
25
2
26
113
9
1
21
40
142
23
189
3
4
3
23
2
3
1
2
3
13
24
32
2
2
2
117
122
1
1
31
4
2
6
2
24
46
56
1
2
4
2
6
3
2
56
8
118
7
9
18
3
39
1
3
49
10
16
25
2
6
11
1
2
3
18
20
3
3
8
21
1
4
25
6
66
683
4
5
7
408
8
1
28
1040
6
15
2
66
29
2
388
1
1
1
7
65
3
1
621
27
2
1
2
2
2
14
12
50
1
1
1
33
37
91
4
4
25
4
2
3
4
1
46
1
4
2
2
13
4
2
2
61
77
2
4
3
2
2
30
86
4
8
36
138
38
9
11
87
2
38
1
37
20
87
6
1
1
10
6
1
9
5
10
16
10
1
1
1
9
8
7
121
2
5
5
2
2
2
1
81
54
3
15
18
7
3
147
13
47
16
2
1
4
3
13
25
2
1
3
17
10
10
2
1
2
12
3
6
1
5
4
5
16
10
4
123
2
5
32
31
46
79
27
4
11
5
2
1
2
3
15
15
6
1
27
5
7
21
3
1
135
42
28
5
6
1
14
4
1
4
3
1
16
6
1
6
28
6
62
50
11
2
63
30
1
15
24
20
1
5
1
31
130
3
1
52
1
2
173
1
76
30
36
2
6
6
4
6
30
1
11
4
3
4
1
7
2
1
4
15
96
17
447
1
2
8
5
58
1
1
1
57
5
1
52
17
18
70
22
3
1
37
3
12
3
7
57
1
9
1
38
98
1
6
2
1
6
8
1
10
8
5
2
10
2
1
6
3
20
5
2
52
5
1
75
7
7
1
33
30
30
8
1
2
26
1
2
99
20
1
3
1
9
42
2
30
11
218
27
27
103
116
2
9
2
61
22
128
24
5
16
13
4
68
1
7
11
1
13
1
6
20
645
21
2
8
14
1
5
18
17
4
6
19
5
22
6
1
4
7
4
4
701
2
12
11
2
2
1
3
120
28
43
4
19
28
16
11
15
35
13
9
4
6
79
15
2
51
60
73
1
3
4
3
7
26
636
4
15
1
50
6
27
25
5
8
1
65
1
7
9
5
6
7
2
1
5
1
8
1
1
1
13
9
3
293
11
9
8
91
19
1
4
21
2
2
18
1
16
12
6
23
18
1
23
1
1
1
34
20
659
52
14
21
17
15
49
1
12
213
30
28
1
180
63
4
343
1
14
6
42
59
20
1
4
2
96
2
26
1
7
2
34
1
38
21
7
10
37
52
1
1
1
3
4
1
1
4
2
1
3
2
1
2
5
4
138
2
6
120
2
4
1
4
1
21
78
8
3
6
7
36
31
158
47
6
12
1
34
4
2
31
4
1
1
5
36
9
147
1
1
6
7
5
77
14
5
18
5
6
1
482
5
14
2
2
1
11
1
6
15
13
1
19
34
24
6
40
11
1
81
1
34
12
24
3
1
35
5
13
27
1
6
1
14
13
1
2
7
2
118
5
4
7
317
34
1
13
114
252
11
1
1
22
1
17
16
4
90
6
30
5
4
5
1
3
32
148
654
31
16
3
14
9
13
5
20
3
19
38
84
3
2
1
45
7
56
5
32
4
2
20
1
5
20
8
1
23
10
1
1
33
24
2
1
16
15
4
2
2
17
31
45
5
15
155
1
1
32
3
2
9
1
606
11
2
56
51
1
23
8
106
6
49
26
71
27
2
3
19
9
18
12
3
2
123
1
34
784
70
12
40
2
9
14
8
1
1
4
55
466
1
37
29
15
4
3
44
7
239
1
2
2
27
33
5
18
89
3
1
9
61
40
2
268
1
3
30
29
9
164
23
2
11
23
1
605
115
19
1
172
2
2
15
3
40
13
1
142
6
73
19
2
13
25
10
120
142
71
1
12
20
4
1
2
91
17
25
20
17
15
116
15
20
10
4
3
2
94
139
2
1
269
18
541
169
64
202
25
4
15
4
57
2
62
22
21
38
12
34
141
3
55
29
40
2
5
3
2
176
6
76
12
436
52
3
68
1
7
22
84
8
12
1
7
63
1
33
10
11
242
190
8
1
11
20
5
2
70
507
1
86
69
8
30
188
1
2
1
110
192
3
13
33
7
30
12
29
2
6
2
1
50
2
199
1
1
1
158
50
50
1
219
3
23
4
341
44
180
13
7
49
29
45
6
25
92
120
20
61
74
63
2
1
6
19
1
4
208
120
46
1
242
15
5
199
242
5
85
17
6
79
27
6
22
1
184
1
7
16
12
50
5
6
6
22
62
59
16
1
5
1
122
40
3
31
155
257
3
38
14
228
73
6
1
1
215
96
6
3
1
11
313
291
1
31
1
3
44
95
129
4
233
10
8
5
13
266
4
186
16
1
1
42
41
138
2
3
7
7
2
12
9
61
19
1
22
1
133
70
9
15
90
5
1
9
20
89
5
61
4
67
1
2
39
9
71
15
18
1
10
69
4
2
23
10
235
6
1
31
15
6
1
3
121
1
1
18
19
20
4
1
3
14
191
23
1
1
6
8
1048
13
4
15
1
1
1
3
2
51
21
1
84
11
27
9
4
483
2
3
69
1
5
2
42
33
11
179
12
59
1
65
2
4
1
22
16
8
8
106
30
135
21
3
9
2
4
25
4
2
5
8
7
3
13
58
139
42
4
20
36
43
79
2
1
16
2
100
7
4
3
17
5
1
3
10
1
41
35
19
117
142
33
293
2
3
36
3
1
80
1
3
4
15
34
52
2
67
7
3
13
4
3
5
1
30
17
80
45
5
32
2
2
9
1
10
5
15
5
1
15
8
281
82
10
3
263
47
53
3
1
30
1
1
195
6
52
16
43
6
14
1
4
1
15
12
1
14
7
6
63
6
27
725
46
46
2
24
44
12
84
10
4
41
123
87
2
3
797
15
3
3
3
4
16
8
634
100
1
1
4
15
30
23
35
13
50
110
19
1
8
15
197
128
233
8
259
3
19
154
12
31
16
1
15
236
27
103
59
1
166
41
93
25
148
91
101
21
71
49
1
5
27
35
23
1
85
21
170
117
2
14
2
31
24
8
1
30
20
2
239
34
196
3
611
12
13
116
13
41
36
45
11
70
56
15
49
1
1
30
4
26
8
12
1
18
1
1
16
12
45
25
192
19
4
25
1
34
5
29
1
14
50
38
8
1
11
32
212
115
165
1
2
217
30
33
5
208
193
1
1
48
1
6
2
2
22
1
8
6
13
2
6
19
5
7
34
35
1
10
64
8
1
3
59
1
96
7
92
47
32
88
25
63
7
106
1
2
18
3
2
16
6
37
32
15
235
1
1
11
44
12
43
15
726
81
1
12
72
9
3
10
58
30
3
4
250
223
103
2
28
1
23
1
9
17
17
137
1
3
34
92
16
32
13
5
152
100
1
104
3
83
7
1
9
8
21
122
9
41
85
62
95
6
3
71
74
79
30
113
5
1
3
44
15
39
25
120
6
1
29
4
9
2
1
29
3
5
4
2
4
14
28
12
191
54
17
192
150
24
31
488
7
83
16
1
77
34
12
98
219
1
41
7
29
25
19
2
11
19
10
25
37
674
2
1
26
19
343
14
38
313
2
19
19
60
1
2
11
121
11
20
37
57
1
2
71
6
1
25
19
5
25
124
13
293
4
38
173
23
167
2
9
423
16
98
5
14
35
112
83
161
11
140
6
1
116
93
147
147
40
2
5
3
2
120
1
16
42
92
15
49
25
24
127
56
13
11
20
75
107
38
3
48
15
1
3
2
10
97
55
179
1
17
15
1
1
5
14
6
279
205
30
251
11
6
48
8
20
11
31
1
1
207
10
39
5
4
1
9
33
212
161
6
3
3
8
332
125
3
173
12
13
11
6
13
217
43
5
204
155
36
5
23
92
76
76
5
27
1
14
14
27
1
2
20
29
17
13
5
6
29
3
1
18
43
11
2
27
27
295
3
66
2
19
15
20
36
89
2
7
402
7
50
1
3
16
194
414
1
22
146
11
298
2
106
14
52
8
13
146
64
180
1
1
7
26
36
1
65
4
209
313
5
237
7
1
56
228
9
90
8
22
70
50
48
23
14
15
13
76
5
66
36
63
25
13
1
1
162
86
71
98
2
40
4
126
13
51
3
15
28
28
91
37
6
63
59
213
1
244
29
5
13
159
35
1
138
25
29
8
12
40
67
6
19
2
356
91
2
31
272
5
1
59
20
2
102
98
10
275
8
13
53
99
114
38
207
40
29
25
8
143
19
24
47
147
102
12
38
5
9
111
29
10
3
37
5
11
137
3
3
109
11
211
151
16
12
30
67
18
46
120
9
18
19
4
4
64
93
120
41
3
107
57
5
203
6
8
67
1
267
58
3
34
23
37
25
9
2
59
13
39
7
1
69
4
278
10
19
4
23
15
7
39
97
6
116
21
2
24
67
7
2
37
17
15
46
84
5
154
15
35
3
21
140
10
15
7
122
22
45
48
41
25
1
76
6
24
120
25
5
8
9
26
9
26
3
477
128
1
38
106
2
176
2
72
66
105
12
16
82
11
5
153
4
22
45
54
4
148
65
16
195
2
10
23
8
59
25
36
186
3
10
170
116
75
87
76
40
447
199
379
29
21
195
4
40
69
253
11
5
291
38
184
200
48
355
54
518
40
52
18
4
12
4
22
15
33
17
4
53
41
412
40
125
6
31
44
8
9
556
7
9
7
111
234
1
194
68
25
18
19
69
247
1
16
56
117
263
1
200
4
124
165
142
44
308
61
147
11
35
38
81
16
417
195
109
107
63
131
150
64
7
18
21
9
21
82
1
443
3
42
11
142
112
31
162
69
144
202
2
143
31
391
48
60
433
151
226
8
12
3
144
16
3
2
8
15
4
137
21
65
4
120
115
19
12
99
50
86
69
21
4
268
170
28
276
193
85
834
1
9
5
2
417
150
312
14
177
16
214
256
85
79
99
2
986
17
10
288
202
45
15
309
11
30
333
3
50
21
95
3
5
24
74
112
4
67
3
1
335
518
25
35
536
19
104
9
377
290
57
326
122
738
157
402
156
23
21
86
649
414
55
20
47
