1
12
16
18
1
13
6
31
1
2
1
33
3
38
2
42
20
3
14
84
2
124
376
2
19
22
18
8
13
185
3
30
1
39
22
32
43
85
63
18
3
1
1
3
3
92
10
57
108
35
25
366
1
44
1
308
6
3
25
4
16
309
397
16
20
7
6
1
59
392
17
18
39
26
7
30
37
1
117
11
6
66
6
9
355
7
1
38
4
12
9
59
3
41
2
311
31
27
183
83
83
3
64
55
11
1
4
1
28
3
33
21
1
24
3
26
5
45
33
8
3
2
91
3
13
6
3
3
1
29
14
3
13
9
9
197
51
109
14
2
5
169
49
20
20
70
19
1
19
8
9
1
16
22
1
30
4
8
2
9
1
6
40
7
43
13
1
38
372
43
2
1
7
32
59
16
34
18
2
2
17
6
18
10
10
9
112
56
4
41
4
2
215
11
248
27
5
120
17
114
11
4
2
27
73
1
8
151
15
47
2
6
36
28
193
58
5
60
7
2
25
2
6
20
9
5
4
24
133
54
9
4
9
213
4
4
6
68
1
448
40
2
2
1
390
1
98
1
2
11
29
1
5
19
2
60
2
16
39
6
97
14
15
1
371
11
1
4
1
3
37
10
103
14
72
9
1
2
15
4
3
32
34
8
385
9
61
12
1
12
8
244
16
89
1
3
11
1
4
37
4
37
2
19
1
60
2
398
17
6
17
45
9
11
64
2
1
2
2
2
10
6
2
1
7
3
3
13
11
1
2
7
1
9
46
11
14
11
55
2
59
2
4
17
2
2
172
29
79
3
315
38
200
1
1
33
58
8
3
131
7
124
3
113
144
35
34
10
12
127
3
43
21
1
413
48
1
66
28
55
33
2
2
1
3
11
20
17
15
3
57
51
245
34
4
33
88
5
2
5
4
10
19
3
6
2
2
9
5
6
1
66
7
1
29
1
8
86
266
28
5
4
1
22
1
12
155
42
4
27
6
9
4
4
76
4
81
22
17
3
2
2
19
5
20
5
1
108
242
4
1
77
1
60
7
23
160
3
6
4
8
1
31
3
2
2
3
21
293
6
8
8
3
100
47
121
2
12
13
58
247
10
48
146
1
3
1
4
64
40
1
39
21
45
3
4
483
13
20
6
4
343
2
97
10
1
77
3
2
21
14
6
35
10
8
61
32
371
48
2
84
4
137
7
3
1
15
23
2
4
3
8
2
391
3
26
265
28
47
5
140
4
34
1
8
2
10
6
1
239
49
6
1
17
38
6
1
3
366
196
397
143
3
10
422
2
43
2
1
2
1
7
267
15
12
4
2
2
1
358
28
5
48
3
7
66
1
5
105
4
31
175
14
328
6
1
6
3
43
3
1
2
2
1
6
2
13
5
1
6
1
21
1
24
1
1
81
26
8
3
133
3
5
73
8
21
5
16
2
3
27
4
1
3
1
1
64
11
1
25
4
18
6
175
4
68
40
2
9
3
4
7
3
2
1
7
5
1
116
12
37
44
9
4
2
3
78
1
10
4
16
10
2
30
74
285
129
2
24
12
17
286
474
25
1
5
47
1
2
8
4
12
1
5
11
1
82
3
74
144
9
34
33
8
2
7
1
3
1
16
14
53
2
1
25
7
3
1
12
72
13
1
66
2
59
3
50
72
1
6
5
3
2
156
4
22
2
1
28
191
5
1
61
33
1
1
77
53
7
9
1
3
14
1
7
14
12
13
7
16
8
2
2
1
203
30
2
6
8
21
24
1
78
1
12
10
1
45
4
10
3
241
11
7
2
30
26
1
10
1
3
1
30
3
5
5
9
7
1
19
12
35
1
6
2
3
87
2
33
2
255
23
19
20
3
1
120
5
21
25
361
1
8
104
27
1
1
1
1
3
71
4
23
7
2
3
4
2
26
3
2
6
3
41
3
1
37
4
16
9
9
4
4
50
1
1
79
17
1
1
44
3
42
9
30
1
2
22
17
1
20
1
2
39
13
259
5
13
4
3
5
130
4
6
1
22
281
61
15
5
65
32
6
360
2
6
3
5
2
378
1
31
5
52
262
18
1
8
2
272
1
19
24
2
3
8
113
4
3
14
21
59
1
17
2
4
16
28
22
1
5
429
20
2
7
16
390
2
4
28
2
83
72
172
1
7
6
4
3
5
1
4
2
2
1
1
44
2
29
6
6
38
8
3
7
27
13
1
1
6
42
42
5
6
7
2
1
204
19
5
24
2
7
16
38
8
5
2
9
3
27
133
2
7
15
34
2
55
6
9
39
18
2
31
8
3
1
20
2
26
3
13
5
7
5
2
19
14
4
45
38
3
1
13
22
17
15
35
2
1
13
24
22
4
6
11
13
10
4
1
28
12
11
16
13
132
31
25
38
16
8
58
6
16
21
2
53
31
5
19
132
2
7
415
26
9
3
16
4
71
9
2
6
5
3
3
3
6
1
1
29
33
18
86
19
1
6
4
4
1
173
26
4
2
363
23
7
19
11
9
263
1
4
9
5
121
1
1
456
22
3
25
8
11
1
7
3
273
2
25
6
8
5
28
25
18
1
16
15
29
1
65
6
3
6
29
14
2
8
24
112
253
4
17
1
13
111
1
3
1
15
16
2
3
3
15
40
35
9
10
2
10
1
5
15
3
8
421
9
1
18
19
12
2
2
6
15
7
14
1
7
1
7
15
2
13
6
1
2
7
58
3
259
1
1
1
2
3
24
13
6
18
6
5
3
20
4
4
1
2
2
105
28
1
2
11
4
7
10
17
9
2
19
6
4
11
55
3
10
4
32
4
10
1
63
2
30
20
3
4
6
6
20
7
3
22
10
18
23
5
8
3
6
85
296
6
227
2
33
18
10
8
23
37
9
1
32
6
5
19
4
15
3
1
14
5
14
3
12
4
2
8
1
32
4
3
3
8
6
8
1
215
16
4
48
14
8
4
15
33
2
4
2
33
7
7
71
1
5
38
9
27
133
16
12
153
115
4
49
1
4
6
1
1
31
1
38
2
2
6
18
1
3
19
36
2
4
1
8
48
2
5
24
1
35
3
14
295
18
3
11
1
5
435
3
4
19
4
6
13
68
4
8
5
3
5
4
47
8
2
12
23
1
18
9
86
6
56
2
14
3
23
11
4
51
21
22
3
31
3
6
1
2
45
2
1
5
49
7
1
31
7
20
4
18
1
1
18
8
8
10
7
7
18
15
10
1
29
4
28
22
3
4
38
24
4
1
5
16
20
5
7
5
6
8
1
17
4
2
3
15
15
29
2
8
7
81
21
2
5
75
53
3
50
70
13
77
13
16
7
23
4
47
4
4
23
40
2
3
5
9
5
43
53
10
1
30
47
12
8
8
32
3
15
16
41
20
6
16
5
5
9
3
50
9
98
9
2
4
5
8
1
30
7
4
47
6
10
5
20
2
5
1
3
19
26
4
5
23
2
1
4
11
3
7
8
14
11
5
44
42
24
2
29
255
2
52
2
2
212
26
60
15
22
32
4
3
50
4
30
57
10
36
11
10
10
