26
18
264
16
12
5
2
1
28
9
45
2
2
1
3
2
1
2
26
44
6
1
1
12
2
1
1
2
2
3
3
6
2
5
5
1
1
15
9
1
2
1
6
1
2
4
2
28
2
8
2
3
1
1
43
3
1
3
22
1
4
12
3
1
2
1
11
3
4
13
1
5
255
2
3
4
11
2
1
6
1
88
6
7
1
16
4
2
3
5
3
2
2
11
13
2
1
3
10
2
1
51
6
16
1
74
6
2
25
21
43
4
7
2
9
9
14
3
1
8
51
25
3
1
52
4
5
3
4
5
26
2
11
2
2
1
8
7
2
1
2
3
6
1
5
5
8
14
25
5
2
2
15
2
58
2
1
28
1
2
20
1
2
13
3
9
26
1
24
1
8
3
3
10
7
6
19
2
1
15
4
2
3
1
1
1
8
27
132
26
4
15
2
2
1
4
1
8
2
3
5
19
3
1
71
10
17
4
2
3
1
42
1
9
7
14
1
70
4
4
2
7
1
2
2
6
3
1
6
1
14
6
10
4
5
1
25
4
1
18
9
4
2
4
1
11
1
27
5
2
14
1
1
9
8
5
1
5
3
3
5
2
78
67
1
14
3
1
1
7
9
2
3
5
7
8
5
5
1
28
4
2
9
4
13
4
5
18
1
9
2
8
5
1
14
1
5
5
17
18
3
3
1
12
6
2
2
5
2
4
1
3
1
4
6
2
7
2
159
1
14
4
1
2
7
5
6
3
2
7
2
1
7
1
7
13
18
1
9
1
12
2
5
2
4
3
4
2
32
2
35
4
1
9
19
5
4
2
1
1
6
7
40
8
2
1
2
4
14
3
4
16
2
1
30
4
56
4
1
3
6
1
12
1
7
2
12
1
1
4
12
23
6
1
2
7
3
16
1
3
1
1
1
1
22
7
8
26
8
16
2
3
1
7
2
21
1
1
64
8
7
15
5
11
3
22
1
2
4
8
8
3
16
1
2
1
1
17
1
2
2
8
4
7
2
2
2
2
9
35
5
5
3
27
2
1
10
1
1
1
4
42
38
5
6
2
1
1
7
46
1
10
7
6
14
2
1
2
2
2
56
2
2
1
11
8
1
1
1
3
1
1
2
14
5
3
6
2
4
17
2
2
7
28
2
2
2
4
3
7
3
9
9
4
1
8
20
5
4
5
6
3
18
6
1
14
1
2
2
6
15
2
2
2
3
17
1
2
12
19
8
3
75
1
2
1
4
19
11
1
5
1
15
12
2
4
2
47
48
5
33
4
3
3
3
1
1
6
2
2
187
2
1
1
21
6
12
1
42
7
1
57
2
1
3
1
4
1
1
20
3
1
11
9
1
2
6
13
1
1
13
5
2
3
3
2
2
2
16
1
11
46
13
34
14
17
17
1
2
6
16
1
2
6
1
27
9
3
3
4
2
2
12
9
2
1
2
26
1
9
2
1
1
4
1
5
2
14
3
7
1
24
2
5
26
2
2
5
1
32
3
1
1
32
4
5
1
1
3
3
4
41
3
6
2
35
3
3
4
1
1
6
3
4
7
3
2
194
3
3
3
5
14
3
4
2
9
1
1
1
7
4
1
14
8
26
3
2
48
9
21
12
1
22
4
2
71
7
3
5
3
14
4
9
6
7
18
4
12
2
12
2
12
17
19
108
2
2
1
3
3
4
3
2
2
4
2
34
2
1
3
11
6
2
2
2
2
2
1
27
4
2
23
1
2
4
26
1
246
4
8
5
2
1
1
13
6
1
9
1
18
2
27
2
1
4
2
2
2
9
2
26
3
1
12
6
5
46
1
3
4
159
25
27
19
2
2
2
1
2
17
1
5
2
16
4
1
18
1
18
11
1
1
16
1
4
1
3
7
12
18
2
10
2
3
18
2
3
27
15
1
3
1
17
2
9
3
15
6
11
1
2
2
13
2
1
15
3
12
1
3
1
2
13
8
12
14
1
1
10
6
3
44
26
9
1
6
2
7
5
1
10
2
13
1
3
24
2
32
65
2
2
1
6
7
23
30
9
1
31
3
4
9
1
2
13
4
7
1
14
42
7
4
66
23
16
2
2
1
9
11
14
1
1
32
30
5
3
2
3
1
3
4
9
2
1
46
23
1
6
2
9
56
38
9
29
3
56
2
11
66
6
7
11
5
6
3
2
5
3
3
3
2
9
29
1
2
1
8
1
1
3
8
11
2
5
9
2
2
1
3
1
1
2
16
31
7
27
104
2
9
7
5
17
3
2
7
20
3
5
36
34
2
4
10
8
7
29
1
20
1
29
5
1
2
5
3
4
1
22
2
2
2
9
1
36
7
13
3
3
3
1
5
1
3
3
1
9
14
3
1
13
9
5
1
3
36
4
5
2
1
13
2
258
14
4
37
2
6
2
4
29
2
4
3
2
2
1
9
1
2
3
3
17
21
3
22
3
2
6
1
2
2
11
1
1
10
37
2
3
2
19
1
1
2
23
10
3
7
2
27
5
3
3
3
2
1
6
1
1
6
24
7
2
20
2
1
3
2
4
1
25
1
4
44
2
1
5
45
1
4
1
6
8
8
14
2
8
18
4
1
4
2
3
2
2
7
1
18
1
8
10
63
3
1
7
7
4
3
2
3
8
4
97
2
5
1
5
2
7
2
3
5
2
3
1
3
4
9
3
3
1
2
5
1
11
2
4
16
6
5
1
44
5
4
3
11
2
2
1
2
5
10
2
9
1
43
5
2
21
2
6
1
2
27
2
3
55
1
27
7
3
2
11
19
16
7
4
6
3
6
3
2
1
3
1
5
1
2
2
6
9
1
3
1
32
3
6
1
1
2
6
24
1
2
1
14
1
1
2
3
2
3
5
2
7
2
4
2
12
7
46
6
11
13
5
18
5
2
3
1
4
1
1
5
1
2
2
9
2
3
2
1
5
7
1
3
19
1
1
16
1
28
1
2
1
2
1
3
3
1
1
4
12
5
2
9
9
2
3
2
1
1
2
5
2
4
23
5
1
12
33
2
7
4
2
8
2
1
4
2
16
7
2
1
12
17
2
1
42
1
8
3
2
1
1
5
11
47
15
109
3
8
6
18
3
53
19
1
3
14
1
7
7
5
4
1
20
22
22
2
4
2
20
1
2
1
3
27
3
30
7
3
1
6
37
2
12
23
2
14
4
8
2
3
14
2
14
20
1
23
1
15
6
3
4
8
10
14
2
16
12
4
15
1
6
29
6
1
7
10
2
37
7
3
199
7
14
1
8
1
3
4
1
82
3
18
1
2
27
1
1
6
11
13
2
5
7
2
1
18
2
6
8
4
1
1
3
1
2
5
1
13
1
16
3
3
7
18
1
12
48
1
5
13
2
3
45
13
7
13
2
1
2
4
2
7
1
69
7
1
20
44
5
2
14
7
2
13
1
7
3
12
2
30
4
1
1
3
2
2
1
9
1
11
9
2
2
2
3
3
6
3
12
13
2
1
4
9
16
1
1
2
4
2
7
11
23
1
12
6
2
16
2
2
14
20
10
23
81
8
6
1
3
1
3
6
5
5
20
3
4
37
60
1
9
5
2
6
3
2
5
1
17
4
8
7
5
1
12
1
9
15
2
3
6
2
1
4
3
1
1
16
20
3
4
1
20
1
29
7
9
8
4
3
2
51
1
2
3
2
2
45
1
4
9
3
2
12
1
