8
31
53
3
5
18
33
5
2
9
220
3
3
2
88
54
139
57
76
115
1
68
2
20
40
14
207
101
8
55
8
22
317
8
40
3
131
11
1
12
2
15
1
21
7
6
31
71
2
88
5
309
204
1
2
1
2
23
21
4
3
2
63
1
2
94
140
142
30
3
2
2
2
3
156
127
2
1
1
18
3
29
2
64
116
2
376
91
140
30
76
16
15
68
111
1
41
15
3
3
19
2
7
155
131
1
35
6
345
2
67
263
2
8
4
112
2
3
1
1
2
167
5
67
35
1
40
1
3
4
2
4
5
12
120
31
3
88
224
4
116
13
16
8
8
2
62
1
16
3
8
116
8
1
12
59
86
3
245
3
224
10
5
4
236
3
18
3
137
2
161
2
6
15
210
27
209
4
65
4
5
20
58
9
210
98
43
4
28
1
7
49
12
3
279
1
2
379
2
420
2
49
4
10
66
415
3
1
2
2
4
36
1
171
6
3
176
5
14
2
3
5
6
1
169
4
1
2
2
14
295
4
7
24
5
6
102
2
1
1
146
12
35
5
1
3
2
4
8
12
36
9
37
9
4
8
2
4
188
17
18
4
12
16
2
23
46
228
68
13
43
2
3
3
54
6
4
5
280
1
11
1
5
4
7
2
3
1
2
25
3
3
2
8
3
9
7
8
8
9
3
16
5
2
13
5
249
12
8
129
224
117
205
1
110
12
2
22
4
40
10
10
4
3
18
1
4
5
6
21
5
1
13
11
1
39
35
10
5
249
4
8
107
1
4
3
3
259
31
12
10
5
6
10
1
3
2
2
10
10
23
3
14
125
7
4
73
8
2
36
1
10
2
1
13
4
58
4
22
13
8
11
2
9
17
20
6
15
63
5
3
134
39
42
1
16
1
78
7
27
4
1
41
183
28
130
2
13
10
47
10
59
50
65
16
86
2
19
22
10
2
16
35
10
18
18
8
3
4
23
20
12
5
36
9
12
64
22
20
39
43
13
6
6
66
11
90
32
44
7
24
35
10
26
2
7
111
9
57
54
10
16
126
13
44
11
14
43
12
32
2
67
69
3
17
1
2
1
162
13
52
2
3
9
5
4
29
14
214
12
2
3
1
18
43
5
3
46
145
24
174
14
12
18
5
38
33
102
28
124
115
6
19
2
56
7
5
141
86
18
6
11
120
100
16
46
15
18
19
84
16
4
46
8
173
4
32
63
207
1
94
6
5
1
7
8
51
5
285
17
141
26
108
180
1
7
87
342
26
38
16
134
6
22
10
8
126
8
43
22
32
193
10
1
44
10
143
18
237
104
4
46
20
3
12
19
53
85
