1
1
1
1
1
1
1
1
1
1
1
1
1
87
62
24
5
1
8
8
2
275
120
19
5
104
3
2
9
18
1
311
64
1
44
1
4
42
5
1
1
113
124
3
27
12
59
20
5
1
9
1
1
1
1
1
5
3
8
8
1
1
1
8
1
9
1
1
1
10
1
1
1
6
3
5
2
1
1
11
1
1
1
1
1
94
1
5
1
2
4
2
1
1
1
3
1
5
1
6
1
3
2
345
22
59
30
2
13
2
1
4
1
23
15
1
2
3
1
2
43
1
8
83
4
106
1
1
3
2
1
6
4
14
43
1
1
96
7
1
1
2
2
11
27
1
1
1
8
1
5
1
1
1
1
2
1
16
1
1
2
1
7
1
20
28
59
84
3
1
1
4
1
2
3
1
5
1
1
1
2
112
28
1
6
25
9
1
9
2
1
3
1
1
30
4
1
23
8
80
1
10
1
3
8
1
2
1
1
1
1
4
1
1
7
1
3
1
1
1
24
1
1
1
61
1
1
2
1
1
2
1
2
2
5
213
3
19
62
4
5
1
1
2
5
1
4
2
3
18
1
1
1
1
1
2
1
1
1
2
1
1
2
1
4
3
15
12
2
4
2
2
1
1
1
1
1
1
1
3
1
2
114
1
1
1
1
1
1
138
1
3
1
33
5
1
1
1
4
3
1
1
58
7
1
1
1
1
12
2
5
1
17
2
4
3
11
7
3
1
3
1
2
2
116
42
43
3
1
5
98
1
1
1
1
1
1
1
1
1
1
1
1
1
1
1
5
2
1
1
1
1
1
5
1
1
2
1
1
71
1
1
1
2
2
2
3
1
1
1
1
1
1
1
3
1
1
1
1
2
1
2
1
2
1
1
1
1
1
2
1
1
3
1
1
2
1
1
2
1
2
1
1
1
1
1
1
5
1
2
1
5
1
1
1
1
1
2
2
1
2
3
4
1
1
2
1
1
1
1
16
2
1
1
1
9
1
7
1
44
3
10
42
1
1
11
1
66
1
1
2
1
1
1
4
1
2
1
6
4
1
295
1
1
2
4
1
1
2
1
1
8
9
33
2
1
63
1
1
46
2
1
12
1
1
1
6
1
29
1
3
2
5
16
1
10
1
3
1
1
1
1
1
2
1
2
4
2
1
1
1
1
1
1
1
1
1
1
4
1
7
5
1
1
6
3
2
1
1
3
3
1
1
2
2
2
2
7
94
4
6
1
6
2
1
1
3
2
1
8
1
1
1
1
1
1
1
1
1
4
1
1
9
6
1
1
6
25
40
9
1
1
1
12
2
3
1
3
1
3
2
1
1
1
2
2
4
1
2
1
1
1
2
41
4
3
1
1
3
1
1
2
21
1
7
57
4
1
1
1
38
1
1
2
1
59
1
2
1
1
9
1
1
1
1
1
4
1
3
2
1
1
1
34
1
3
1
3
3
2
1
12
1
6
30
1
2
1
2
1
1
1
2
1
2
1
1
1
1
1
1
1
2
228
2
1
2
1
5
2
1
1
1
2
1
1
1
2
1
2
4
1
1
1
1
3
2
2
1
1
1
1
17
2
184
1
1
22
6
1
5
1
3
12
1
7
6
1
1
10
25
1
3
4
22
2
59
44
4
1
1
1
2
1
1
5
1
12
1
2
2
2
5
3
1
3
1
1
1
1
1
1
6
33
5
1
3
1
13
4
1
5
1
1
1
1
1
2
1
1
1
4
1
1
1
1
1
1
9
1
1
1
1
3
1
2
2
1
1
1
2
1
2
5
5
2
3
1
4
1
7
1
1
3
1
106
1
1
1
1
1
1
1
1
1
2
1
2
2
1
2
14
106
5
125
7
190
234
5
60
560
167
402
2
537
141
96
3
36
62
224
1
296
30
1
2
77
80
563
13
320
20
2
5
1
30
5
5
148
25
4
32
1
3
1
336
1
1
1
1
1
1
12
13
1
1
1
4
22
1
10
11
20
39
14
1
1
2
1
1
3
8
16
1
15
1
231
1
5
1
1
2
2
2
1
236
1
1
6
5
1
1
1
3
1
1
1
1
1
1
1
1
1
5
1
1
387
1
1
2
1
1
1
1
1
1
1
1
32
3
1
1
1
1
2
1
1
1
13
1
7
1
6
1
5
1
1
1
1
1
1
1
1
1
1
1
1
1
1
1
1
1
1
1
5
2
3
2
4
1
3
1
1
1
1
2
21
1
105
14
6
1
1
8
2
4
294
236
1
41
1
1
1
1
1
3
3
1
2
1
2
1
420
7
2
2
3
7
1
1
2
1
1
4
2
1
1
1
1
1
1
8
2
36
1
1
1
108
3
16
5
1
2
13
6
12
2
13
5
1
5
5
1
1
1
1
5
1
3
5
3
4
1
25
1
1
4
1
1
1
1
1
1
1
1
1
1
1
1
3
1
8
1
2
2
2
1
1
2
1
1
1
1
45
5
2
1
2
6
2
3
2
1
1
1
2
1
6
2
1
1
1
1
1
1
2
1
1
1
2
1
4
1
1
2
1
2
2
1
1
1
1
1
1
1
1
1
1
1
3
7
1
1
1
1
4
1
2
1
1
1
1
1
2
1
1
4
1
2
1
8
8
1
1
4
1
1
1
2
1
1
1
2
2
1
7
2
1
1
1
1
1
1
1
1
1
15
1
1
1
1
2
1
1
4
1
1
1
82
1
1
1
1
1
1
2
1
1
1
2
1
1
1
3
30
279
1
1
13
25
1
1
1
1
1
2
4
1
1
1
1
3
7
1
191
1
1
198
5
1
52
2
76
1
117
1
1
1
1
2
1
1
2
6
1
3
1
2
2
2
1
1
3
1
1
1
1
3
254
9
2
1
1
1
117
1
6
1
2
53
1
1
1
2
7
129
37
360
1
68
71
8
1
1
1
1
1
1
1
1
240
1
3
5
6
1
1
1
2
1
1
41
11
1
5
9
2
7
4
1
2
14
1
15
2
1
307
115
4
2
5
1
1
1
1
1
5
19
3
2
1
1
12
2
5
3
10
2
42
26
1
1
3
5
1
4
2
2
20
1
3
1
3
1
2
2
2
7
1
1
1
2
1
1
3
1
5
1
2
3
2
79
1
1
2
29
1
14
1
2
4
19
34
3
6
5
6
7
1
1
1
1
7
1
1
1
1
2
1
17
1
2
12
14
2
3
19
1
1
5
3
1
3
25
1
4
1
5
1
1
1
3
1
2
9
1
1
4
18
2
14
1
81
1
30
2
2
1
1
21
3
1
1
2
1
5
1
3
1
1
5
10
1
1
2
11
1
10
53
16
5
1
1
1
1
17
1
1
1
66
1
3
2
1
18
1
12
3
1
4
30
4
2
1
1
1
2
15
1
1
1
1
1
1
1
1
1
2
1
1
6
7
1
3
71
1
66
2
10
7
1
2
24
122
1
2
1
6
1
1
4
1
1
1
2
20
1
11
1
1
1
1
1
1
1
1
1
6
1
1
1
2
1
1
11
1
1
1
1
1
3
1
1
1
1
1
1
4
2
5
12
1
5
1
1
2
1
3
1
1
2
1
1
3
1
1
1
1
2
2
4
1
9
1
1
1
1
1
3
1
1
1
2
10
1
1
1
1
1
1
1
1
1
3
1
10
1
4
1
1
2
2
1
1
2
3
2
1
1
4
9
1
1
1
1
1
1
2
2
1
1
1
1
1
1
1
2
6
2
1
2
2
1
2
1
2
2
1
1
2
1
1
2
2
1
1
1
2
1
1
2
2
1
6
1
1
8
2
1
1
1
1
1
2
4
2
1
1
9
4
1
1
1
2
4
1
1
2
35
1
1
5
1
3
1
15
1
1
1
1
2
1
25
1
1
1
1
2
1
1
8
2
2
1
4
5
7
333
17
1
1
1
1
1
1
1
1
2
1
2
3
1
1
1
349
15
1
1
1
1
1
6
2
6
3
7
1
243
1
4
1
1
2
1
2
1
33
1
1
1
2
1
1
2
3
1
1
1
1
1
1
1
4
3
1
1
1
1
3
1
3
1
1
2
1
2
1
1
1
1
1
1
2
3
1
1
214
6
2
1
7
1
5
1
2
1
2
1
1
1
1
1
1
1
4
5
10
1
4
8
1
77
1
12
9
2
1
1
19
1
1
3
13
1
1
4
27
130
5
3
63
18
1
2
1
2
1
2
1
1
121
45
1
165
1
2
83
1
76
44
1
6
2
6
13
2
2
2
1
521
1
1
2
3
4
160
1
2
78
2
2
1
1
2
1
3
2
4
4
1
20
2
5
2
3
1
1
1
2
4
1
1
1
5
1
1
1
1
1
19
1
1
1
3
1
4
1
3
1
2
10
1
1
1
1
1
1
2
1
1
1
1
1
1
83
1
6
1
5
1
1
1
1
1
1
20
48
1
5
1
3
4
8
4
5
1
4
1
72
1
1
1
1
2
1
1
1
6
1
1
1
1
1
1
4
3
1
1
2
1
1
1
1
1
1
1
1
1
1
2
2
1
3
4
2
1
2
40
1
3
2
1
1
1
1
3
1
1
1
1
2
1
1
2
1
2
1
1
2
1
3
2
1
1
5
1
1
1
3
1
1
4
1
1
1
12
1
1
5
1
1
1
1
4
1
1
1
1
1
1
7
7
10
1
1
1
1
9
3
3
11
41
1
1
2
6
3
3
163
3
1
1
1
100
92
252
1
2
1
3
1
1
2
3
1
1
1
2
3
1
2
1
8
14
1
1
1
2
1
2
1
1
1
1
1
6
1
1
1
14
1
1
2
1
1
1
1
1
3
3
2
1
1
3
1
1
1
1
3
3
10
1
1
1
4
1
4
1
13
3
2
1
2
1
6
4
3
2
1
1
1
6
1
1
10
1
1
1
1
2
1
1
1
2
1
1
1
2
2
1
1
1
26
2
2
2
1
2
2
2
2
2
1
1
1
1
3
2
4
1
5
1
1
2
8
3
11
18
25
1
1
1
17
8
1
5
2
4
4
1
4
2
7
1
12
47
2
1
1
1
1
1
4
8
1
8
8
7
1
2
6
2
1
1
1
4
5
1
2
1
2
4
1
2
1
1
48
3
3
1
1
1
1
3
2
1
1
2
4
1
2
12
3
1
1
1
2
1
3
1
2
39
1
3
2
2
1
1
1
9
3
1
1
1
3
1
1
1
1
3
4
202
4
90
2
2
4
2
308
1
1
6
2
1
1
1
1
1
3
4
1
1
1
1
2
1
2
1
218
2
1
16
1
1
1
1
1
1
1
1
3
3
1
2
1
3
4
2
1
8
1
3
1
1
1
1
1
1
1
3
5
2
1
1
1
2
1
1
1
1
5
1
3
1
2
2
1
1
1
1
10
1
1
1
3
1
6
1
1
2
1
1
5
4
1
1
5
5
2
1
3
2
1
1
2
1
3
2
2
1
1
1
1
1
1
1
1
2
1
3
1
3
1
1
1
1
2
1
1
1
1
1
159
2
1
1
1
72
1
1
1
1
2
3
1
1
1
2
1
1
1
21
1
3
3
1
2
2
3
1
1
1
1
1
2
2
1
1
1
4
2
1
1
1
1
1
1
1
4
4
3
1
12
1
1
2
3
8
1
1
5
1
6
2
2
2
1
7
42
43
1
1
70
1
1
1
3
1
1
13
3
1
1
2
9
7
2
40
1
1
1
2
1
1
1
1
1
1
1
1
1
1
1
1
1
1
4
1
1
1
14
2
1
4
41
1
9
4
49
4
1
1
1
35
1
5
2
7
1
3
1
1
1
1
1
31
1
19
1
91
4
14
26
59
7
4
41
6
20
1
4
33
35
1
2
23
5
1
2
2
135
1
8
1
1
1
7
13
436
1
1
1
1
8
1
13
2
1
2
1
2
1
2
2
6
1
6
1
2
17
2
14
2
1
1
7
3
1
9
1
1
1
2
1
10
2
1
1
1
1
22
9
1
1
4
3
1
1
4
1
1
1
6
3
1
3
1
6
10
4
1
3
25
1
1
1
1
1
1
1
1
3
1
2
8
1
1
1
1
4
1
1
1
1
5
1
2
2
3
2
3
2
1
12
34
5
14
2
1
1
9
1
1
2
5
1
9
2
2
1
1
1
1
5
2
17
19
452
368
5
1
2
1
1
14
1
1
1
4
2
2
5
7
1
1
1
1
1
1
1
1
1
2
1
1
61
40
1
1
3
1
1
1
1
1
1
1
1
1
2
1
1
1
5
1
4
1
1
6
9
1
1
2
54
2
1
7
1
2
2
1
1
1
1
1
316
3
2
1
3
1
3
1
1
1
2
1
1
4
1
1
1
1
1
1
1
1
1
5
1
1
1
4
1
4
1
2
1
1
1
1
1
1
1
2
2
1
6
2
1
2
1
2
8
1
1
1
1
1
3
1
1
1
1
1
1
1
1
1
6
1
2
1
1
1
1
1
2
5
2
1
4
1
1
1
1
1
1
1
1
1
6
1
3
1
1
1
1
1
1
4
1
1
25
1
1
5
1
1
1
1
1
1
1
2
1
2
24
1
1
1
1
1
1
3
1
1
1
3
1
1
1
2
8
1
124
1
1
2
2
1
1
2
2
5
1
12
2
1
3
3
2
1
7
3
3
1
3
1
1
3
4
3
1
2
1
1
3
2
1
1
1
1
1
1
2
2
4
4
2
3
1
1
3
1
1
1
1
1
1
4
1
1
1
1
1
1
40
88
21
15
6
1
6
1
1
1
1
1
1
1
1
80
8
4
1
1
1
1
1
1
1
1
1
1
2
1
14
3
3
3
6
68
2
3
4
10
1
1
5
74
5
18
8
1
1
1
1
1
1
3
33
19
1
2
1
2
2
1
2
3
9
16
1
4
23
14
1
1
1
1
69
1
2
1
1
1
1
2
1
1
1
13
6
18
5
5
1
6
16
2
1
1
1
2
1
2
2
1
1
1
3
1
3
4
1
2
1
21
277
1
1
19
24
3
4
1
2
2
36
11
1
2
1
12
2
15
1
4
7
1
1
2
1
1
1
2
16
1
3
2
1
1
1
1
1
1
1
5
3
1
2
1
3
9
89
1
3
10
16
1
3
1
4
2
2
1
1
3
2
2
39
1
1
1
2
6
14
1
5
9
4
4
1
1
4
1
1
6
1
50
1
2
9
1
4
3
4
1
1
38
2
140
21
2
1
5
3
2
2
1
3
2
1
1
2
1
2
3
1
1
1
1
1
2
1
1
1
3
1
1
1
1
1
2
4
3
1
1
1
1
3
5
1
1
1
1
1
1
1
1
1
1
7
3
1
1
1
1
1
3
1
2
1
1
1
3
1
1
3
1
2
1
8
88
2
2
4
13
1
4
2
2
1
1
1
1
1
9
2
2
1
1
1
3
2
1
1
1
1
1
3
2
1
95
30
3
1
2
1
1
35
1
3
1
1
1
1
1
2
1
18
2
1
2
3
1
12
4
1
1
2
1
1
1
2
1
1
1
1
1
1
7
23
2
2
14
1
1
5
1
1
2
7
19
1
2
1
1
1
1
1
2
42
1
1
1
2
1
1
1
1
6
1
1
3
1
28
3
10
27
3
2
1
1
2
2
1
103
24
3
1
4
1
1
5
1
1
3
1
2
2
3
1
1
1
2
1
1
10
18
1
1
1
1
1
1
4
1
1
1
1
1
1
5
6
5
2
1
1
52
13
1
2
5
1
1
1
2
17
1
1
1
2
1
2
2
1
1
1
2
1
1
4
2
2
2
3
1
1
1
1
1
1
1
1
1
1
1
1
1
3
3
5
1
1
1
2
1
47
1
1
1
6
1
1
1
2
7
1
1
1
1
1
1
20
23
1
4
35
2
4
56
1
2
8
2
2
1
2
1
18
5
255
511
1
1
9
4
1
51
1
38
3
201
63
21
22
1
1
26
2
7
1
1
2
5
1
1
1
1
2
2
1
1
2
1
1
1
2
1
1
1
1
1
1
1
7
1
1
3
1
140
1
1
2
2
1
3
2
9
1
3
4
2
2
1
1
3
6
3
23
3
6
8
72
9
1
17
1
51
6
362
1
2
125
6
7
76
13
41
63
54
1
11
176
24
9
23
16
4
1
2
5
2
5
12
22
1
29
26
327
7
1
1
18
3
3
1
9
274
11
7
1
3
2
99
1
6
55
7
9
3
1
6
1
19
1
17
21
2
17
32
1
25
1
1
3
2
1
2
46
4
9
95
2
3
5
1
26
1
1
1
2
139
5
3
10
220
66
4
4
2
2
1
24
3
34
194
9
24
61
1
1
1
1
1
2
1
1
1
1
1
1
1
1
1
1
2
2
2
42
19
2
1
1
1
1
1
1
1
2
1
1
2
4
1
1
3
2
3
1
1
1
1
1
1
1
1
1
1
1
1
1
1
1
1
2
1
1
1
1
1
1
5
6
6
15
6
86
1
13
1
74
27
83
2
17
48
1
1
22
1
7
1
1
14
91
1
3
94
1
2
187
1
2
2
1
1
1
3
1
1
291
2
1
1
2
1
1
1
1
2
1
3
1
2
1
1
1
1
1
421
2
1
1
1
3
3
6
2
1
1
17
1
9
1
1
1
1
1
1
1
22
20
1
1
108
1
2
25
2
1
84
1
22
32
1
3
5
207
257
8
1
1
1
3
1
1
2
1
1
1
1
1
1
1
1
2
1
1
2
4
1
4
1
1
1
26
2
6
59
1
2
5
2
35
7
2
1
1
1
2
1
1
5
1
1
275
1
1
2
1
1
1
1
3
22
1
1
1
1
1
1
1
2
1
1
1
1
1
2
2
1
1
1
1
1
39
62
17
3
1
1
17
1
4
1
1
2
2
1
70
1
1
5
35
1
5
2
1
1
1
1
1
2
1
1
3
1
1
1
1
1
2
1
1
2
1
1
3
3
2
1
1
2
1
2
6
1
1
2
1
4
1
1
1
1
1
1
1
2
1
2
2
1
1
1
1
1
1
1
7
2
31
1
1
163
1
1
1
25
2
11
1
2
2
4
1
1
1
1
1
1
1
4
2
1
1
1
1
1
1
1
3
1
1
1
1
1
1
6
2
2
2
2
21
2
1
60
1
4
1
1
20
2
2
1
21
3
1
23
6
5
20
1
7
4
1
1
1
5
1
61
28
3
35
84
1
68
22
2
2
1
55
5
1
41
7
2
1
1
18
1
1
22
1
1
30
1
1
1
1
1
2
1
2
1
1
4
16
7
6
30
1
1
4
1
45
3
1
2
3
30
1
5
1
1
1
1
2
1
2
1
3
9
1
1
1
3
1
2
4
39
4
1
1
6
12
1
9
1
3
21
3
2
17
6
1
1
1
1
1
1
4
12
13
7
10
3
3
1
19
23
1
5
3
6
2
1
1
1
2
16
7
8
1
1
17
1
1
1
1
9
32
9
2
2
14
22
1
370
1
2
1
1
1
1
3
1
2
9
1
3
1
4
2
6
1
1
9
2
1
2
1
6
1
1
1
1
2
1
5
2
1
1
2
1
2
1
1
1
1
1
3
1
1
1
1
7
1
2
1
2
2
1
1
83
1
12
45
60
3
1
139
3
3
14
3
4
2
3
1
1
3
27
2
1
2
2
1
33
2
2
2
1
1
2
2
1
1
2
1
3
1
2
2
1
1
1
1
1
1
1
1
1
2
1
41
7
11
22
7
22
3
1
1
5
5
4
1
4
3
7
1
1
4
5
1
10
1
1
2
1
163
20
1
1
21
1
1
1
2
33
1
1
4
1
1
1
1
1
1
1
1
1
1
5
13
1
1
1
22
1
1
2
2
1
1
1
1
1
26
1
1
1
1
2
5
1
1
632
1
9
1
2
2
1
1
1
1
1
1
9
24
1
1
1
1
2
1
1
19
1
1
1
4
35
1
2
3
1
1
2
1
2
1
1
1
1
1
1
37
1
1
1
1
21
2
3
1
1
1
1
1
4
1
1
1
1
2
2
2
3
1
1
2
1
1
1
1
1
1
1
1
1
1
1
76
2
1
6
3
13
37
2
1
7
1
1
6
1
68
2
1
334
4
1
1
1
25
1
4
1
5
1
2
1
1
2
13
9
4
16
50
1
1
2
17
7
5
1
1
1
1
1
1
1
1
1
1
39
1
1
172
1
1
1
3
1
1
1
2
2
1
9
1
1
1
1
1
5
1
12
1
11
20
9
1
5
3
18
27
6
4
5
29
1
1
7
3
8
2
79
13
1
1
61
1
1
10
8
14
3
45
1
2
1
1
34
1
3
3
3
1
6
3
1
1
5
1
1
1
1
1
1
2
51
3
1
1
1
1
8
1
14
6
1
1
1
1
4
5
1
4
1
282
6
7
3
1
1
1
2
1
1
1
4
9
1
13
3
1
1
3
4
1
1
1
7
1
6
7
1
1
2
1
1
1
1
1
2
557
3
1
29
1
1
74
1
8
1
3
1
1
2
2
2
2
6
29
4
1
1
2
2
2
5
4
2
2
1
103
3
31
1
2
28
4
1
1
2
2
1
4
1
1
1
1
2
23
12
5
1
4
1
15
2
1
1
1
1
1
2
1
1
7
1
1
43
1
2
1
2
13
1
1
45
1
1
33
1
1
46
171
1
1
1
1
1
1
2
1
18
2
1
81
1
20
1
1
268
145
6
1
52
1
2
77
2
2
22
22
12
11
1
1
1
1
16
1
1
10
1
1
5
1
1
5
1
1
1
3
1
7
1
1
1
3
1
6
7
10
1
1
1
1
33
1
19
1
2
22
1
1
1
1
1
1
1
1
2
1
1
1
1
19
4
2
3
6
7
1
1
1
1
1
1
2
1
7
2
1
1
1
2
3
3
1
3
4
1
1
3
1
1
1
1
2
6
1
2
5
1
3
3
1
2
31
1
119
86
1
1
1
1
1
2
5
2
15
16
1
467
1
1
1
1
6
2
1
2
5
1
17
2
2
1
1
1
3
1
6
1
2
1
1
1
1
14
3
1
1
2
1
1
1
3
2
1
1
1
8
6
7
1
1
1
2
1
1
85
3
1
1
1
1
16
8
2
1
1
1
1
1
1
26
1
149
1
16
1
68
1
1
1
27
1
1
1
5
1
1
6
3
1
1
1
1
1
18
2
1
1
1
1
1
3
1
2
1
1
3
13
64
1
13
3
17
28
3
2
3
4
47
2
91
5
8
2
1
1
108
46
2
24
2
4
5
101
3
1
1
6
89
216
16
2
2
1
29
4
7
3
4
1
1
1
10
2
1
21
3
1
1
3
1
2
1
2
1
1
1
1
5
8
4
3
6
1
1
1
1
1
3
1
1
14
1
1
58
1
1
1
12
1
6
6
6
1
17
10
1
5
2
1
2
1
8
1
1
4
3
13
31
17
6
1
7
18
3
4
13
6
23
1
3
1
1
1
1
10
2
2
7
1
1
3
1
14
3
1
2
1
1
1
1
1
1
1
1
8
1
2
1
1
1
28
23
47
1
2
1
1
1
1
1
1
1
1
1
3
1
1
11
19
1
18
5
2
2
1
1
7
36
11
1
5
1
1
5
1
4
4
3
2
1
56
2
5
3
6
1
6
5
1
1
3
1
1
1
1
3
2
1
8
1
1
3
8
6
20
4
1
1
1
1
1
1
2
1
1
1
1
2
1
11
1
3
2
1
1
1
1
7
2
2
4
1
1
1
9
92
1
1
2
1
1
1
45
8
4
7
8
1
3
419
1
1
1
1
8
2
5
2
1
6
1
1
35
1
1
5
3
1
3
5
1
1
1
19
2
6
3
3
11
33
2
1
4
1
126
9
3
1
205
1
1
7
1
1
2
1
3
2
1
17
4
5
2
1
1
1
1
1
5
1
3
315
40
5
1
1
1
2
3
26
1
1
1
1
2
1
4
2
6
3
113
8
1
1
45
1
1
1
1
1
4
1
1
9
2
1
1
1
3
1
1
1
4
6
8
1
29
1
1
1
1
1
1
1
1
8
1
1
1
1
1
1
1
2
1
1
1
1
1
1
1
2
1
1
1
2
32
1
2
1
4
1
297
3
1
1
3
1
1
3
4
2
6
71
4
8
1
8
4
17
1
1
29
1
23
1
17
8
1
1
1
1
1
1
1
8
2
1
2
1
12
1
1
1
1
3
1
1
4
191
3
6
1
1
1
1
2
2
1
1
1
1
1
1
1
6
1
1
9
1
1
2
1
27
2
1
22
33
12
20
12
1
12
2
8
1
1
2
13
1
1
1
1
1
1
6
17
2
4
1
7
1
8
1
1
1
9
22
2
3
1
1
52
1
8
4
2
2
5
2
5
1
2
2
17
1
10
1
1
3
6
1
8
1
2
1
1
1
1
3
3
1
1
1
2
3
7
1
1
1
4
1
1
3
1
3
1
1
1
1
1
2
3
2
5
4
1
2
2
1
1
1
1
1
1
11
2
1
1
1
1
1
1
1
1
3
2
1
1
1
1
2
1
2
1
1
1
1
2
1
1
1
17
1
1
1
1
1
2
2
1
1
2
1
1
1
1
2
3
1
5
6
2
3
2
1
1
1
1
1
1
45
1
1
1
1
5
1
1
1
84
2
1
6
2
25
2
1
4
6
4
4
1
1
1
1
2
1
1
1
1
1
3
1
4
1
1
1
1
1
2
2
1
2
10
1
1
1
2
1
1
1
1
1
1
7
1
1
3
1
1
5
1
1
1
1
1
1
2
1
1
1
1
1
1
1
2
1
11
1
1
1
1
1
1
1
1
1
1
1
2
3
1
1
1
1
1
1
5
276
1
132
1
1
1
2
1
1
5
54
15
2
2
2
1
1
2
1
1
3
1
4
1
2
2
1
1
1
1
5
76
1
1
1
11
1
1
2
6
6
2
1
73
1
1
1
3
1
1
1
3
1
3
2
1
2
3
37
31
2
2
1
25
12
1
4
3
1
24
24
147
2
14
9
3
6
12
1
1
3
8
1
1
1
1
1
1
1
1
1
1
1
6
2
8
1
1
1
1
9
1
1
6
2
1
1
8
10
4
1
5
1
2
6
2
20
2
2
3
2
19
4
4
1
6
7
1
2
1
7
3
1
10
5
1
4
1
1
3
3
1
4
1
12
1
13
1
4
1
10
1
4
63
5
1
7
1
2
1
5
2
1
1
1
1
1
1
1
1
1
1
1
2
9
4
6
1
1
1
7
11
1
7
5
4
1
2
1
7
4
1
2
2
3
1
1
1
6
1
1
409
10
1
4
3
3
1
2
6
1
4
1
130
4
1
1
1
40
1
3
1
2
3
1
5
17
5
2
2
43
1
2
2
5
4
2
2
1
2
3
4
1
15
2
1
1
1
1
1
1
3
1
2
1
1
102
2
1
1
3
32
8
1
5
20
3
1
3
15
21
1
24
1
366
1
124
1
1
2
2
1
1
1
2
1
107
20
4
1
1
1
1
1
4
9
59
1
1
1
1
1
1
6
5
1
1
11
1
3
36
9
1
2
15
2
2
1
3
1
3
1
1
4
1
36
1
5
2
1
1
2
10
1
1
4
1
6
13
6
2
1
3
6
1
1
1
2
3
1
1
3
1
2
1
20
1
2
4
1
2
14
7
1
1
1
15
2
7
2
1
92
6
3
11
9
2
2
1
1
1
11
1
1
1
10
4
1
1
55
1
3
12
2
15
1
1
1
2
9
1
9
24
8
6
1
1
17
1
1
1
1
131
1
1
17
19
1
1
1
7
1
1
14
7
1
1
1
84
2
7
1
1
1
1
1
1
3
20
1
1
1
2
1
3
2
1
2
1
12
2
67
1
1
2
1
4
1
1
2
1
4
1
1
2
1
4
5
1
2
1
1
2
1
1
1
1
3
1
141
17
1
1
2
2
2
1
1
1
3
2
34
1
2
5
1
1
1
5
2
3
1
1
1
1
2
1
1
1
1
1
1
1
1
1
1
1
1
191
1
1
2
1
1
1
6
1
1
1
4
1
1
22
1
1
1
1
1
1
1
18
74
2
5
91
19
25
1
7
2
4
3
1
10
8
3
1
1
1
26
2
1
2
8
38
1
2
44
1
1
3
15
2
4
29
32
1
1
3
1
1
1
1
1
1
1
34
1
2
2
1
1
5
2
8
1
3
2
2
1
8
5
2
1
1
5
2
15
1
2
1
2
12
9
241
1
1
7
2
1
3
5
18
5
3
1
1
1
1
1
1
1
9
1
1
1
2
19
1
4
1
3
2
1
2
2
1
16
1
27
1
2
1
2
1
5
1
2
1
9
1
42
1
1
12
3
3
1
1
13
1
1
2
3
6
3
5
1
4
43
116
2
6
4
2
2
1
1
3
4
1
1
1
4
3
1
2
75
5
3
22
2
8
1
1
1
14
1
1
11
1
362
1
1
1
2
144
6
4
10
2
1
1
1
5
1
2
2
17
35
1
1
7
1
4
1
15
5
2
13
11
18
16
7
1
1
1
39
2
2
2
5
124
3
9
1
1
5
1
1
3
1
1
2
2
2
1
1
3
4
1
1
1
1
1
3
22
1
3
4
10
10
7
1
1
3
2
1
11
1
1
3
8
1
4
7
2
61
1
5
2
2
6
2
1
1
14
3
5
1
1
1
2
1
1
1
7
1
1
14
12
3
2
12
7
2
5
14
1
1
4
2
1
2
1
1
1
1
1
11
2
1
1
5
1
2
1
4
1
28
102
11
1
1
2
1
1
1
7
1
1
2
1
3
2
4
2
1
4
1
1
24
1
1
1
31
7
1
3
33
2
1
1
1
1
2
4
1
1
1
1
1
1
1
1
1
1
1
2
1
1
1
1
3
2
1
2
2
1
1
1
1
1
1
2
9
1
1
1
1
1
1
1
21
1
1
5
1
5
1
4
6
1
1
33
1
3
84
1
1
1
2
1
380
1
2
1
1
1
1
2
8
1
2
2
3
5
97
4
1
3
9
5
3
1
1
85
6
3
1
4
35
44
1
2
1
27
1
4
1
1
1
1
1
2
1
1
1
4
2
13
8
1
1
61
1
17
7
5
26
2
2
1
12
6
25
15
1
1
1
7
17
6
2
4
1
1
1
2
1
3
1
1
1
5
1
1
5
2
2
1
5
2
20
9
1
1
1
4
86
3
2
12
48
12
1
1
1
10
1
1
1
8
658
229
23
2
4
1
10
3
2
1
1
1
1
2
1
2
1
1
1
41
1
1
1
189
2
22
2
1
2
1
17
2
2
83
3
1
102
1
2
1
3
1
1
15
4
15
2
6
2
1
1
1
42
2
1
6
3
2
1
2
4
17
1
1
1
1
1
1
2
62
15
5
27
1
1
1
8
3
5
50
3
1
5
4
1
6
3
1
3
1
1
2
1
1
1
1
6
1
1
1
1
2
1
1
1
1
2
1
3
1
1
1
1
1
1
1
1
1
10
1
116
12
2
256
1
2
3
7
2
2
14
1
1
1
1
1
1
55
14
3
1
1
10
7
9
44
1
4
2
1
1
2
4
1
1
3
1
5
1
1
1
186
1
1
1
2
1
1
4
1
4
1
1
1
1
53
8
20
1
1
1
1
14
3
260
4
1
1
1
98
1
3
8
81
2
1
1
1
1
1
1
1
1
1
17
1
1
1
1
1
2
2
1
3
2
33
1
248
2
1
1
1
1
1
3
2
6
1
1
2
1
6
1
4
1
1
1
1
5
1
2
5
1
1
1
3
6
5
3
2
3
11
2
1
2
1
2
1
1
2
1
1
1
14
6
107
4
3
43
3
2
1
10
15
7
3
1
1
2
3
10
1
1
1
9
1
1
1
1
1
28
1
1
1
226
4
7
36
2
1
1
60
1
71
91
1
35
28
1
50
16
293
66
219
1
12
6
7
1
322
1
1
5
1
1
182
3
17
1
15
54
4
4
1
1
2
2
1
2
1
1
1
2
2
4
1
3
4
2
4
3
6
31
3
1
14
2
1
5
1
8
2
25
6
2
1
64
2
13
29
2
3
16
1
13
3
1
1
1
1
2
1
14
1
11
1
2
9
7
1
1
1
5
1
1
5
1
1
1
10
2
2
1
1
1
1
2
34
1
38
536
1
5
1
11
2
1
1
1
1
22
5
2
3
3
33
60
1
33
2
1
10
2
2
38
11
29
1
5
11
1
2
92
1
1
1
1
2
2
1
1
6
2
1
1
1
1
3
3
2
3
2
1
2
1
1
3
1
2
2
1
1
1
1
16
13
1
1
1
3
352
2
38
9
3
2
1
4
1
1
1
1
19
10
1
1
1
1
1
1
11
1
1
7
6
1
1
1
437
1
2
2
1
11
1
119
1
2
1
2
1
1
1
1
1
1
1
1
3
1
4
1
5
1
1
5
1
1
1
1
61
2
1
2
3
1
4
6
3
1
1
1
1
1
1
6
4
1
2
14
2
7
3
2
1
1
1
1
1
2
2
1
1
2
2
10
1
1
2
1
2
10
1
1
2
22
2
1
1
1
1
1
1
2
1
161
2
1
1
1
1
1
97
1
1
1
1
1
19
6
2
3
1
16
6
1
191
1
8
1
2
2
7
2
1
2
1
1
4
15
1
67
1
2
2
2
7
2
11
1
1
1
7
1
1
6
2
1
8
1
1
3
2
1
46
1
1
1
7
5
30
4
1
1
1
1
1
1
1
2
5
1
1
1
2
7
56
249
78
1
7
1
1
4
1
7
1
4
1
2
1
1
5
1
3
1
4
1
1
1
2
1
1
1
1
2
1
1
2
2
1
1
1
1
1
1
1
1
2
4
1
34
1
1
1
1
1
1
1
5
1
1
1
1
1
1
1
1
2
3
1
60
4
1
1
1
1
4
1
1
1
7
1
2
1
2
15
1
6
5
10
81
2
13
11
1
6
4
1
3
1
3
1
1
2
3
1
2
1
11
2
4
1
2
1
24
1
5
21
3
2
10
1
17
6
2
110
1
1
1
1
1
1
1
1
1
4
1
26
2
1
4
1
5
1
1
62
18
1
1
1
310
2
4
11
6
2
1
2
1
1
1
1
14
2
1
1
21
4
8
1
1
2
10
1
2
2
1
2
29
5
37
21
4
1
9
7
2
1
10
1
81
1
4
11
2
4
13
6
3
2
22
16
8
6
1
1
3
8
4
1
3
81
3
2
3
1
3
2
3
2
4
1
6
1
11
12
4
2
1
3
7
2
1
2
2
5
1
3
5
72
1
1
4
1
4
1
1
2
1
1
1
6
2
4
1
5
1
1
3
24
1
2
2
2
12
9
1
7
1
5
1
12
1
1
1
63
2
13
1
24
1
1
1
1
6
153
2
13
2
25
1
56
13
3
1
2
37
3
1
13
2
1
1
4
13
1
2
1
75
20
7
1
193
2
20
33
2
16
15
4
5
3
1
1
11
1
2
1
26
1
21
2
2
39
46
4
4
67
29
28
1
10
2
9
1
14
2
3
1
12
1
1
23
3
2
7
4
1
4
2
4
1
2
6
1
7
1
5
6
1
2
1
3
1
70
1
2
5
3
1
1
9
3
1
2
1
1
35
25
1
56
14
1
178
17
1
1
1
1
4
1
1
1
1
410
8
1
10
7
479
5
7
17
102
20
1
8
13
1
1
4
3
3
59
6
26
17
14
33
2
5
35
9
5
3
20
1
1
5
13
1
2
1
274
1
8
1
1
1
1
10
32
1
1
7
13
1
15
2
9
2
1
1
2
2
1
23
1
1
2
1
1
1
82
53
11
1
1
10
2
1
2
1
1
7
31
33
6
105
5
37
3
1
1
2
3
2
2
4
1
1
8
1
2
4
1
1
3
2
7
281
4
1
4
1
2
8
10
1
1
2
1
1
25
1
1
16
2
3
13
1
2
2
4
1
13
1
15
1
2
1
1
1
1
1
3
1
1
1
1
1
1
5
1
1
4
3
1
1
4
1
1
1
1
3
6
1
3
1
1
1
5
1
8
1
1
8
5
1
1
30
3
3
17
8
22
5
1
5
2
2
9
3
7
3
5
1
7
8
79
30
1
4
12
6
2
2
2
14
1
12
4
1
1
2
7
1
10
2
24
29
18
9
7
1
6
21
17
2
4
3
3
7
2
54
2
1
2
2
1
39
13
4
13
1
1
2
20
1
19
2
1
18
6
1
1
31
12
34
18
1
2
2
26
8
2
27
1
3
1
12
1
3
1
10
1
412
3
1
15
1
12
52
8
4
7
7
2
2
1
1
130
5
1
1
2
7
2
3
6
1
1
47
3
13
3
1
7
15
3
3
2
36
1
2
4
2
1
1
6
6
5
11
2
12
5
1
2
13
1
6
10
2
1
9
1
2
1
14
2
1
6
1
1
2
2
1
129
2
1
2
1
12
2
1
1
6
1
1
1
1
2
1
1
6
10
1
1
1
1
1
3
1
6
105
1
1
1
1
1
3
3
16
3
7
4
1
1
3
1
1
1
22
3
2
18
1
8
1
2
1
1
2
3
218
1
1
1
1
2
1
8
1
1
5
4
6
47
13
1
1
1
1
4
1
1
1
1
1
35
10
1
2
31
52
5
3
1
67
2
2
5
2
2
1
2
1
1
1
201
2
57
8
1
1
1
10
1
4
1
1
3
4
3
1
1
3
1
2
1
1
194
1
3
6
3
1
1
1
30
1
1
60
1
1
124
1
6
1
9
1
2
2
190
5
1
9
12
5
8
3
2
1
1
1
2
1
1
1
2
9
2
1
10
1
4
1
5
1
2
2
3
1
8
3
1
4
1
6
4
12
4
1
1
1
1
2
1
1
1
1
1
3
3
2
16
2
3
1
13
2
8
15
7
3
2
6
6
1
1
1
2
1
1
1
1
1
1
1
1
1
1
1
16
1
1
3
1
2
1
1
1
1
1
3
1
1
1
36
1
42
1
1
2
3
9
3
74
1
1
1
1
1
12
2
2
43
3
1
1
22
2
1
2
1
1
10
2
1
1
1
1
2
229
1
1
1
1
2
1
1
3
1
150
56
1
1
1
1
1
1
1
3
1
5
2
1
1
1
5
1
1
6
1
2
2
1
1
1
1
1
12
2
1
11
29
1
6
1
1
1
1
1
2
24
1
3
1
1
3
2
1
3
1
1
3
1
1
1
1
1
2
1
2
1
2
1
1
5
1
1
4
1
6
1
2
1
1
1
1
3
1
5
1
1
7
3
1
2
1
4
1
1
1
2
1
1
1
3
1
1
2
1
6
1
1
6
1
7
1
1
1
1
2
3
2
7
219
6
2
2
2
2
40
1
1
1
1
1
3
1
1
2
3
1
1
1
1
10
2
2
2
1
2
2
2
1
1
1
1
1
1
2
1
1
2
1
1
2
1
2
1
1
1
4
4
2
1
7
5
3
1
4
38
4
15
8
8
1
8
3
1
1
1
1
1
1
1
1
8
1
1
1
2
4
1
1
1
1
3
1
1
1
1
1
1
1
1
1
1
12
5
1
1
2
1
4
10
3
17
3
3
1
3
5
1
1
1
5
1
2
2
1
1
1
1
1
1
38
1
1
1
1
2
1
3
1
1
1
2
1
1
2
2
5
11
1
1
2
1
9
1
1
3
95
8
2
2
3
4
2
2
2
2
2
1
5
2
1
13
1
1
1
1
1
5
1
1
1
3
2
1
29
3
2
2
1
2
1
3
2
1
1
11
1
2
3
1
150
1
2
14
145
1
2
1
30
6
359
1
13
279
40
9
100
163
44
82
3
2
1
1
1
3
6
1
1
1
3
17
2
1
1
2
3
5
1
1
4
1
1
2
7
1
14
5
2
2
7
1
3
18
25
2
7
1
1
1
12
10
2
14
15
3
26
19
1
42
1
7
2
3
1
1
10
1
44
5
2
1
2
1
1
1
6
1
12
27
9
1
1
8
1
1
1
2
1
1
1
1
4
1
1
1
1
1
1
1
1
44
2
1
10
59
1
2
1
2
7
1
1
1
1
1
1
2
1
12
11
28
1
1
1
32
9
1
1
6
9
4
1
1
13
3
1
1
1
1
74
1
5
11
3
1
27
1
22
4
1
1
13
350
4
3
1
5
1
2
1
1
1
1
1
1
2
1
1
1
1
9
2
1
2
1
56
6
15
1
19
2
1
1
10
3
1
1
1
1
2
3
1
1
1
3
1
2
3
2
1
1
1
4
9
1
2
5
10
2
1
1
1
9
1
1
1
1
7
4
2
1
4
1
7
1
3
1
11
1
23
1
2
7
5
110
57
11
6
4
5
185
53
14
21
16
10
1
1
101
2
1
2
64
14
4
3
5
3
15
1
5
1
1
28
4
7
4
1
2
1
8
2
1
1
1
23
1
14
14
3
1
1
7
6
4
2
1
17
10
2
1
10
2
9
1
10
1
7
10
1
10
1
28
1
3
18
1
6
4
8
1
16
2
1
1
3
1
39
51
3
28
6
1
2
2
1
1
3
9
4
1
1
2
1
1
1
14
3
2
1
1
1
1
1
6
14
1
3
1
9
16
9
143
2
1
11
1
1
4
14
1
153
1
1
8
173
51
1
33
33
1
4
1
3
145
1
3
65
68
129
1
2
2
106
1
40
11
3
1
1
1
2
129
5
1
242
2
1
1
1
1
1
10
41
2
90
9
4
19
1
15
1
1
14
1
27
3
4
9
4
8
16
2
11
8
1
13
5
34
1
6
5
1
49
50
5
1
132
1
4
27
56
1
33
14
1
11
6
3
1
1
3
2
1
1
8
2
1
26
6
3
28
1
6
10
1
181
3
1
25
75
55
4
146
85
47
4
1
1
8
104
30
326
1
1
65
1
6
12
1
2
2
35
1
9
17
28
6
7
21
1
3
1
1
1
1
1
1
2
1
1
2
1
2
1
1
1
1
2
1
1
1
1
1
2
4
1
1
1
1
1
1
1
3
1
1
1
1
1
1
1
1
7
1
1
2
1
1
1
1
1
1
2
1
1
1
1
1
2
227
50
20
3
1
6
1
1
1
2
1
1
1
3
4
1
1
5
1
1
1
1
3
2
1
1
1
79
48
1
2
8
10
1
2
12
6
2
1
17
19
7
8
1
3
1
3
1
5
1
2
2
2
7
6
1
1
4
1
1
22
1
1
1
1
1
1
1
1
1
1
1
1
1
3
5
1
2
1
1
1
1
2
1
1
1
73
1
1
1
1
1
1
1
1
2
1
29
2
1
1
1
3
1
1
1
1
1
2
2
1
6
2
1
1
1
2
1
1
1
2
1
1
4
2
3
1
1
1
1
4
1
1
4
4
1
1
1
1
1
1
1
4
1
1
3
2
1
2
2
1
1
1
1
1
1
1
1
1
1
1
1
2
3
1
1
1
10
1
2
9
1
4
1
1
1
1
96
17
7
4
1
1
1
1
1
1
2
3
1
1
2
2
5
3
15
3
3
1
1
2
1
1
1
1
1
18
4
64
9
22
4
2
9
4
2
17
28
1
4
1
1
1
1
1
5
1
1
2
110
2
1
2
2
1
1
1
54
4
4
2
2
14
22
55
47
2
2
4
2
6
71
17
1
1
36
4
1
14
1
1
7
1
1
3
4
4
2
2
38
8
1
1
5
2
1
14
11
1
3
1
1
2
1
1
2
1
1
1
1
5
1
1
8
7
1
1
1
1
1
3
1
1
2
14
1
1
14
7
2
1
2
1
9
3
1
2
3
1
4
2
1
1
1
2
2
1
1
1
19
3
1
1
1
1
1
1
4
1
1
1
1
1
1
1
1
1
3
1
3
1
1
1
1
1
282
82
1
7
1
1
1
2
1
1
60
1
2
3
1
1
1
1
2
2
1
1
1
77
3
1
1
1
1
5
1
1
1
2
1
1
1
1
3
120
1
1
1
2
1
1
1
6
2
1
1
5
46
1
1
1
1
2
2
1
1
1
1
1
2
13
1
1
3
1
1
1
1
1
1
1
3
1
3
4
18
2
1
1
1
1
4
2
1
2
1
5
17
1
1
1
6
1
41
1
1
1
1
1
1
1
5
1
1
1
3
1
3
4
1
6
42
1
3
97
65
1
74
1
54
2
1
1
1
1
1
1
4
10
1
1
1
3
8
1
1
1
12
9
7
3
18
8
3
1
2
1
1
1
1
1
1
5
10
2
3
1
1
1
1
4
97
1
2
1
1
10
1
1
1
1
1
1
3
3
1
2
3
2
5
1
4
1
96
1
1
1
1
1
1
1
1
55
2
1
2
1
1
1
2
420
6
1
2
1
2
1
12
1
3
1
1
1
1
27
1
3
2
2
6
1
1
1
1
1
2
4
31
31
2
2
6
9
3
1
1
6
1
2
1
1
1
1
1
2
2
1
2
1
1
1
3
2
98
1
5
80
2
1
6
1
3
1
1
1
1
1
165
5
6
1
1
1
61
1
5
6
14
1
1
44
1
21
83
1
1
1
1
3
1
1
1
1
1
1
3
1
3
2
1
1
1
2
4
1
1
1
1
1
1
3
1
1
1
1
6
1
1
1
1
3
1
2
1
2
8
2
1
1
1
1
1
1
1
1
1
3
132
1
3
2
1
4
2
1
1
3
11
1
4
5
7
3
1
2
44
9
2
113
52
5
4
30
2
1
1
482
1
4
2
24
2
1
2
1
1
3
25
1
1
16
8
4
3
2
34
1
5
1
33
1
4
1
1
23
1
1
1
2
1
53
1
6
2
4
5
29
2
1
11
161
45
1
6
123
87
57
2
1
21
1
1
2
244
18
1
1
15
2
3
1
60
2
47
1
2
7
1
1
2
8
2
78
1
74
4
4
1
1
41
5
13
137
34
15
3
52
33
13
24
14
225
8
107
65
151
19
1
38
35
2
35
50
11
26
427
8
24
168
315
2
40
9
4
1
10
107
1
2
27
1
5
6
2
8
19
1
1
1
1
296
3
1
1
1
1
1
2
21
11
1
1
1
1
2
1
2
1
2
1
1
1
1
1
2
4
1
4
2
6
1
4
1
32
1
1
2
1
5
1
6
1
1
8
1
2
13
2
4
1
2
1
1
1
4
2
2
1
56
1
1
3
1
2
1
20
1
1
2
39
2
18
5
2
1
1
1
2
15
1
1
2
1
2
1
1
2
1
1
1
1
2
1
10
3
8
2
1
1
9
2
2
1
1
1
7
17
4
1
1
1
3
3
1
1
1
1
1
1
1
1
1
1
1
1
1
1
1
1
1
1
1
12
2
1
1
4
1
1
1
2
1
1
1
1
3
3
1
1
1
2
5
2
1
1
2
1
1
1
1
1
1
1
26
1
1
1
1
1
1
1
2
1
5
1
1
7
1
1
1
1
6
3
10
1
2
36
3
5
10
1
2
1
1
1
1
1
1
1
1
28
1
212
1
1
1
1
1
1
1
1
23
12
59
1
1
1
1
1
19
6
1
1
1
1
3
1
1
1
1
1
1
1
1
1
4
1
1
4
1
2
2
1
2
1
1
2
1
5
7
1
25
123
6
1
1
1
1
3
2
7
1
13
10
1
2
1
1
1
3
1
49
1
1
2
3
1
1
17
1
1
1
1
1
1
1
1
1
3
3
1
39
71
1
1
1
1
1
1
2
1
1
1
1
1
1
1
1
2
1
1
1
1
1
1
1
1
1
1
1
1
3
1
1
1
1
1
8
4
1
1
1
1
1
1
1
2
2
1
1
1
1
1
1
1
1
1
1
12
3
1
59
2
1
8
3
2
1
1
1
2
1
1
1
1
28
65
1
1
1
1
2
1
1
1
1
1
1
1
1
1
1
1
1
1
1
1
1
1
1
1
2
1
1
1
1
1
8
1
1
1
1
1
2
3
1
1
3
1
1
1
1
1
6
3
1
1
2
5
4
7
5
3
1
3
180
279
1
32
1
1
10
34
4
1
1
4
1
1
1
5
1
59
1
3
1
9
2
1
5
1
1
1
2
1
1
1
1
1
1
1
7
1
6
4
8
20
1
1
5
3
1
6
3
54
3
9
5
2
1
1
1
1
39
3
1
23
1
1
1
119
1
1
3
1
5
1
1
1
1
5
29
1
14
1
1
1
2
4
1
1
1
1
1
8
174
3
1
1
46
5
1
8
1
1
1
1
4
1
3
1
4
22
1
1
1
1
1
2
1
1
1
3
74
5
21
4
1
58
10
1
1
1
1
1
1
3
24
33
12
1
2
1
1
1
1
1
1
10
43
41
4
39
1
1
1
1
3
1
1
3
4
1
1
2
32
1
1
1
1
1
1
1
1
3
6
1
9
1
1
1
1
1
2
1
1
11
2
1
2
3
5
1
1
2
1
2
1
1
1
1
1
1
1
1
1
2
3
1
1
1
1
2
1
5
9
5
1
1
5
1
2
1
1
1
4
2
1
1
2
1
1
1
1
2
1
1
1
4
1
9
1
1
1
1
3
1
1
1
1
2
37
1
1
3
1
8
43
1
6
8
1
2
1
1
1
100
25
2
2
9
14
1
2
1
1
1
1
1
30
1
12
1
1
12
102
1
1
1
1
1
1
1
1
1
1
33
1
1
1
3
1
1
5
1
1
1
2
50
1
2
11
2
1
1
1
4
1
1
1
2
15
2
2
2
1
1
5
1
2
4
1
1
2
7
9
1
1
1
1
2
30
11
2
10
1
1
2
1
1
1
1
20
1
7
18
2
2
1
1
1
3
3
1
1
39
8
1
1
1
1
1
1
6
12
1
7
1
1
1
1
1
2
1
1
1
7
5
1
7
1
1
1
1
1
26
124
4
1
16
3
1
1
1
1
34
6
7
3
1
4
2
13
1
6
13
1
1
1
1
5
1
66
2
1
12
3
1
4
2
1
1
7
3
3
1
2
9
1
5
4
67
1
1
2
1
1
1
1
1
1
1
1
1
1
7
1
9
5
1
7
1
4
3
1
212
1
1
1
1
1
2
8
1
2
3
24
10
1
2
2
2
1
1
1
1
3
1
1
1
17
2
4
2
3
63
6
2
3
8
1
1
1
1
3
5
29
1
2
45
7
1
4
3
1
1
2
1
2
4
2
1
1
2
1
2
1
1
2
2
1
1
1
2
1
2
1
6
2
1
1
1
1
