6
1
5
1
30
25
4
1
17
4
1
16
1
1
1
1
2
9
30
4
5
1
2
22
1
1
16
1
8
1
12
2
30
1
2
2
4
4
1
3
1
1
2
29
1
25
25
12
5
3
1
3
11
9
16
1
5
36
13
2
2
31
2
5
7
1
27
7
1
2
3
14
29
8
19
1
1
29
8
4
17
3
3
34
4
22
2
15
6
22
11
1
10
1
2
1
7
4
8
4
1
8
4
6
5
6
16
3
9
1
16
7
3
13
2
1
3
3
3
8
14
1
2
1
2
1
2
2
2
1
4
3
1
4
5
34
7
2
7
10
15
4
3
1
10
8
11
29
10
10
6
16
14
15
2
14
4
17
1
28
5
1
26
2
4
13
2
14
13
1
5
89
8
9
1
5
1
11
3
2
10
19
1
20
3
4
22
2
3
5
1
3
3
1
1
1
2
2
3
11
10
2
2
7
1
5
7
4
3
2
23
1
4
5
5
1
1
3
2
37
2
2
9
1
12
5
1
2
9
6
4
1
2
1
21
1
70
4
26
2
7
1
1
6
1
8
1
1
1
2
1
1
4
23
4
5
6
2
19
4
1
6
3
32
2
16
1
2
2
1
2
4
6
4
42
1
3
9
2
4
8
9
3
2
18
2
4
13
1
1
3
21
18
17
1
7
10
1
9
31
3
4
2
4
2
1
4
3
5
1
1
4
46
2
1
6
36
7
10
45
32
3
2
36
3
2
8
7
2
2
1
7
2
6
41
41
2
2
12
1
17
1
5
1
3
3
1
4
2
36
1
15
4
7
2
42
4
2
7
15
71
14
2
6
4
7
2
7
8
1
1
10
2
1
34
1
46
2
1
6
13
41
2
1
5
8
1
2
8
2
4
2
7
17
5
8
2
12
7
1
1
2
2
1
1
2
40
29
2
2
28
13
1
7
4
5
1
23
11
6
6
1
5
7
8
27
2
6
17
1
2
36
1
1
4
9
1
1
1
2
6
10
2
3
1
4
6
3
1
1
8
3
4
1
1
9
10
3
1
1
5
53
10
5
3
1
9
5
1
10
2
5
4
1
2
2
1
1
23
1
2
3
4
2
3
1
45
9
2
11
1
1
59
1
2
1
8
1
41
12
4
52
1
2
13
44
6
11
1
1
4
6
68
7
13
4
1
6
11
3
4
2
3
4
4
14
1
5
4
2
1
1
29
1
1
5
2
13
68
1
11
4
1
2
2
3
12
59
5
8
6
6
13
2
8
47
6
4
5
1
9
1
2
6
2
2
1
18
3
5
3
1
3
1
7
1
4
1
6
16
29
2
2
12
4
1
1
1
21
4
2
10
2
23
4
2
7
4
3
4
5
4
9
33
59
9
3
14
12
3
4
1
2
29
7
1
2
7
78
2
11
2
3
2
14
13
5
4
1
2
1
2
2
1
7
21
61
29
2
4
1
3
8
4
2
2
5
11
54
1
31
3
37
8
15
1
1
3
1
1
17
8
14
4
11
1
1
22
11
4
12
4
1
3
6
2
2
5
1
10
2
29
5
1
4
2
1
75
2
14
1
2
2
61
1
4
1
1
9
2
1
4
11
1
5
5
58
5
2
1
7
2
5
1
21
1
1
1
4
4
9
36
1
1
4
2
11
2
6
2
1
1
9
1
1
11
39
1
1
2
1
60
13
13
1
10
8
1
13
13
2
2
2
1
1
70
41
6
1
35
4
16
3
5
5
2
1
10
1
2
3
3
2
1
13
9
17
6
3
1
12
3
2
2
5
1
13
1
4
2
4
89
2
9
19
12
1
2
2
3
5
11
10
6
1
8
14
10
5
6
1
16
5
6
18
4
1
1
1
15
1
7
12
1
56
19
85
7
5
17
4
8
15
1
9
3
2
15
9
34
8
2
1
15
2
1
5
1
4
7
3
1
7
6
1
8
2
6
13
2
3
1
4
10
1
1
5
1
21
2
5
3
3
16
6
1
1
3
5
1
10
2
12
5
5
2
5
1
57
2
53
2
17
2
35
1
1
2
2
31
6
4
8
4
7
1
3
5
1
7
12
6
3
1
1
13
8
2
1
7
5
4
1
2
1
1
3
12
10
9
1
2
10
25
12
1
3
6
2
2
8
2
1
1
10
20
1
2
3
50
5
2
14
2
3
14
10
1
21
9
1
17
2
9
4
1
3
22
1
1
4
4
3
4
2
10
6
2
1
1
2
34
73
2
1
1
2
4
2
30
1
2
6
2
4
1
6
3
8
17
7
1
7
6
3
10
1
8
1
62
1
1
3
6
2
2
12
3
2
6
9
5
22
3
3
5
4
4
45
22
8
35
6
1
3
1
7
3
1
6
1
2
3
4
1
3
19
1
1
16
6
10
2
3
16
1
2
1
2
6
1
2
1
1
6
8
9
5
2
4
6
35
43
2
19
1
3
1
7
6
1
1
2
1
2
6
5
2
3
1
3
6
1
34
51
4
56
4
6
2
1
2
13
29
2
2
9
2
9
2
4
4
6
3
5
14
1
1
7
2
2
6
1
2
6
2
6
3
27
3
2
19
3
1
10
1
6
2
1
3
1
16
21
70
14
2
1
34
1
1
2
1
18
13
34
2
1
6
1
3
2
20
16
1
4
2
4
1
1
4
2
4
12
26
7
6
2
21
4
1
5
8
9
2
16
14
1
4
6
2
3
2
15
18
2
3
11
2
29
1
2
2
2
1
2
2
8
3
6
3
2
2
5
4
11
4
1
2
9
23
20
1
2
2
3
4
4
1
3
1
6
1
1
1
9
5
1
1
4
7
1
1
3
22
20
7
3
3
2
9
1
62
54
6
1
2
1
16
95
11
2
87
1
3
5
2
3
4
20
2
3
4
1
9
4
3
6
1
2
40
2
6
5
1
7
4
1
5
31
2
14
1
3
8
19
4
5
5
1
3
4
7
16
2
7
2
7
8
3
1
13
1
1
10
2
12
33
1
5
3
5
2
7
2
14
73
4
2
7
2
1
1
1
7
42
1
2
1
23
2
1
11
20
2
3
2
3
1
29
5
1
6
3
1
4
6
43
5
1
1
55
10
2
1
1
3
8
1
5
13
1
1
6
1
29
3
3
1
3
3
6
23
4
12
1
5
97
3
6
5
1
11
1
3
6
2
2
2
3
3
2
3
2
1
3
12
1
19
3
1
13
52
2
16
17
2
24
17
6
2
7
3
4
18
6
21
1
1
27
2
2
1
1
14
1
3
2
2
2
2
2
6
1
2
1
2
4
3
33
6
4
6
6
2
16
8
2
6
7
5
3
4
4
14
20
8
20
2
1
4
2
16
6
1
1
2
5
7
1
5
3
2
3
1
1
7
2
21
9
2
6
38
2
13
5
3
5
14
2
4
2
38
1
10
1
7
1
13
2
3
1
10
5
2
6
3
2
8
1
1
3
2
1
5
1
8
25
2
14
2
1
1
2
5
2
2
12
6
2
6
2
35
4
37
1
2
1
8
2
1
40
2
33
8
84
1
1
1
2
1
2
5
19
1
15
7
1
12
1
1
6
2
9
11
44
2
10
7
3
1
24
15
4
3
4
2
4
5
16
3
1
3
7
4
52
10
10
4
7
1
1
14
2
14
1
7
3
4
33
5
1
23
13
1
2
3
1
1
9
9
2
3
2
1
7
3
29
10
7
2
6
1
24
2
7
34
1
10
10
8
1
3
2
3
1
2
1
3
3
1
6
1
9
1
2
1
1
40
1
1
1
29
52
12
19
14
1
47
2
3
3
29
45
7
19
4
1
14
5
1
63
13
1
5
1
26
2
7
8
2
6
9
14
4
2
18
1
3
2
14
36
1
2
10
3
4
9
7
1
11
5
2
7
5
7
1
1
49
3
1
2
1
2
16
3
1
10
22
1
3
1
34
3
2
2
1
37
7
6
13
34
19
4
2
14
1
1
1
7
9
7
6
2
5
15
8
25
11
2
2
4
1
8
36
18
52
8
3
1
1
2
1
25
2
1
12
2
1
2
24
7
6
2
12
2
15
2
18
19
3
3
12
9
4
72
2
17
4
6
5
1
1
12
2
11
5
32
6
32
19
2
7
1
2
1
1
6
8
4
2
2
2
1
87
1
39
1
3
1
2
4
40
13
2
16
10
14
2
2
7
3
5
5
2
1
8
1
3
1
4
5
2
1
1
5
1
7
7
1
26
17
7
1
1
59
2
1
1
2
1
11
32
7
2
4
17
1
4
35
3
3
13
5
1
3
87
2
3
5
1
45
1
1
