2
8
22
2
2
4
2
9
2
1
7
2
4
5
18
8
9
2
2
2
7
4
4
2
16
1
4
1
18
2
10
5
1
15
2
3
3
13
3
12
7
1
1
8
7
3
19
3
6
11
7
19
1
9
11
2
31
17
2
2
5
9
46
8
9
3
3
58
7
1
8
1
2
2
3
6
3
3
13
6
1
2
61
2
2
1
1
1
10
2
25
1
5
2
34
6
2
2
6
2
1
6
4
2
1
2
29
9
11
1
3
2
1
1
1
1
14
1
5
5
2
91
1
1
5
2
1
8
1
1
11
43
4
2
6
6
5
11
2
1
1
11
1
1
11
2
6
1
12
2
1
4
5
2
5
12
8
1
10
17
18
3
1
1
3
4
1
26
2
9
2
4
5
3
4
1
3
3
5
1
1
7
3
3
1
2
2
6
10
34
1
35
19
107
19
3
10
13
7
6
5
3
2
3
2
4
4
3
1
2
7
27
6
2
1
1
1
19
5
3
11
2
11
2
1
2
6
12
4
4
3
22
1
6
2
1
1
6
1
2
8
2
1
6
5
3
7
6
1
5
1
10
3
14
1
12
3
5
4
7
13
2
12
8
16
1
3
1
1
2
1
2
3
6
2
1
15
1
1
1
4
10
8
15
17
3
38
2
1
23
2
7
1
2
1
4
1
4
1
1
3
3
2
1
7
3
14
10
2
18
15
1
8
2
2
15
3
2
11
16
29
2
15
3
4
27
60
6
1
21
1
4
14
11
40
6
7
10
33
2
8
64
33
2
1
1
1
41
1
2
11
7
5
1
25
2
2
2
1
1
6
5
2
4
1
74
1
1
1
1
2
2
2
6
60
12
6
2
10
11
2
1
2
1
2
2
1
8
2
2
7
6
1
2
8
1
3
1
1
4
2
3
2
15
2
2
10
10
2
3
3
6
5
4
2
3
4
4
13
29
80
3
1
3
2
2
4
6
2
2
1
5
1
4
1
7
20
8
10
45
3
1
7
6
2
8
10
10
5
8
34
8
25
2
6
5
1
4
2
8
4
11
16
1
1
4
5
5
2
19
1
1
5
1
27
2
1
1
3
3
2
45
5
1
1
3
10
47
5
36
1
3
7
3
1
1
58
15
2
3
2
11
8
12
5
1
7
1
1
18
10
5
1
6
48
18
2
8
2
2
13
1
1
1
10
3
1
4
1
27
1
2
1
2
3
4
4
5
2
2
5
1
1
1
13
6
50
11
4
1
2
13
13
1
2
2
1
1
8
1
3
6
2
10
2
5
26
3
1
4
1
12
11
3
2
1
3
6
2
8
3
2
8
9
4
2
18
10
6
1
8
2
57
31
2
1
8
1
4
2
73
6
1
2
22
3
7
4
2
1
7
5
2
10
11
28
7
21
2
2
3
1
1
1
2
10
2
2
26
2
3
56
1
28
16
3
1
4
1
2
1
11
3
74
3
1
4
5
3
5
7
1
1
2
1
3
3
2
13
9
5
3
7
1
2
1
8
20
2
4
8
4
4
23
3
12
13
21
4
1
1
7
1
7
1
1
1
5
6
3
4
2
3
23
2
6
9
1
7
6
2
1
5
33
2
3
1
20
29
2
17
2
6
2
15
1
8
1
3
3
2
6
10
2
3
1
3
2
2
2
1
64
17
1
2
6
2
1
9
1
14
6
2
1
6
1
1
2
3
3
14
3
49
24
1
4
11
2
1
3
7
1
2
9
2
2
2
1
6
1
5
1
15
1
1
13
7
4
1
1
7
1
3
4
1
5
5
3
1
7
9
2
1
2
28
5
4
21
1
6
6
12
5
20
2
2
1
1
3
52
2
6
7
2
2
7
1
4
2
2
2
1
3
1
1
1
5
2
3
2
3
14
5
4
50
1
6
3
2
38
10
5
41
18
15
4
2
4
1
4
1
4
4
2
2
13
1
2
5
2
25
19
15
7
38
17
16
2
14
9
49
2
55
1
2
19
24
1
1
2
6
13
4
2
1
9
22
2
3
3
4
3
1
6
2
7
48
1
19
1
2
6
2
4
28
3
87
4
1
3
6
1
1
1
20
2
2
11
6
7
2
5
23
4
3
3
6
8
5
4
6
3
5
3
4
2
2
3
2
14
1
1
34
1
6
2
40
2
1
23
1
22
1
3
6
1
5
5
1
1
2
1
4
11
4
3
7
2
2
34
7
5
4
29
1
1
5
6
3
1
4
10
6
7
24
21
6
6
1
1
1
2
14
1
15
2
1
6
2
10
4
5
26
22
15
9
2
5
5
2
1
2
1
2
18
8
9
4
1
4
1
2
6
42
3
1
14
6
10
13
2
66
11
2
4
6
2
1
2
2
3
1
1
2
6
21
11
2
6
4
1
6
4
5
1
8
14
1
37
2
17
5
2
3
12
3
1
9
4
16
5
8
24
56
1
2
1
1
4
2
2
23
1
1
6
28
8
2
5
5
3
14
3
3
65
12
1
1
5
2
1
10
23
2
2
4
41
2
7
1
3
1
2
1
35
2
15
77
4
2
22
3
7
1
16
2
6
5
12
7
6
