7
41
6
39
4
9
22
25
11
3
15
3
35
2
16
8
1
16
1
27
1
1
16
1
6
1
9
15
5
6
2
19
3
15
7
1
69
15
9
2
1
2
2
10
2
32
1
1
27
1
1
2
11
26
24
3
22
34
29
2
1
1
1
4
7
3
1
12
3
1
3
3
6
7
14
4
5
30
11
1
7
1
9
2
10
17
14
14
11
2
24
3
1
9
19
9
2
26
3
15
2
2
1
11
1
7
15
4
3
7
18
11
9
3
8
29
31
6
9
5
1
5
3
3
6
31
1
4
2
30
1
17
35
4
1
17
4
1
2
3
51
35
5
1
5
4
3
62
5
9
11
14
1
2
7
2
6
4
7
1
8
4
9
1
1
83
6
5
4
3
29
26
2
1
10
1
1
8
10
2
31
3
3
21
1
5
2
4
22
5
2
2
1
6
27
18
64
1
44
19
4
11
15
2
12
8
1
1
36
21
9
2
2
9
2
1
3
1
2
1
3
1
1
2
2
1
1
1
1
4
8
7
5
30
10
12
2
13
1
4
3
2
18
2
7
42
5
33
1
2
1
2
4
4
2
51
3
14
47
6
6
1
1
3
8
3
1
1
2
1
73
15
9
7
1
1
1
8
33
56
6
6
40
1
5
1
1
18
1
12
7
2
2
8
2
45
11
1
24
1
3
23
21
18
2
1
66
10
1
9
2
1
1
13
3
1
1
2
1
1
5
2
8
15
1
7
2
1
1
29
8
1
35
1
1
1
7
5
2
1
4
1
9
1
5
1
13
1
7
1
3
19
40
1
1
1
1
3
2
33
12
8
1
4
2
2
3
29
3
65
1
2
8
1
1
3
17
6
3
52
1
1
7
1
24
2
1
3
4
12
1
2
1
2
2
30
3
2
6
4
19
2
1
9
7
14
6
1
2
4
23
37
2
65
1
2
2
4
1
2
7
2
75
4
2
9
7
5
24
1
16
5
2
12
3
3
2
2
28
10
2
8
1
4
2
27
11
7
13
3
1
14
1
4
6
3
1
7
1
10
6
5
4
1
2
12
9
3
16
2
28
1
1
2
1
2
4
1
1
19
5
20
12
16
1
5
3
21
1
2
2
6
1
1
8
8
1
2
1
12
2
4
1
13
3
2
2
15
2
2
1
3
3
8
17
2
2
71
2
9
3
17
1
10
2
10
8
10
6
21
2
2
16
9
1
3
4
14
7
10
1
14
15
8
1
2
1
3
4
4
1
3
1
2
4
1
13
2
4
30
2
10
1
31
2
3
2
1
5
6
1
1
2
2
1
5
2
2
2
6
8
16
6
1
1
14
2
3
16
2
2
3
5
1
9
14
3
8
1
12
1
1
7
3
3
5
2
2
2
13
18
1
8
2
3
1
14
4
13
1
1
7
1
18
2
1
1
2
7
3
20
3
3
4
15
6
6
4
3
3
2
9
3
3
43
6
1
22
13
2
6
2
57
13
29
52
5
1
19
35
6
7
29
3
23
1
4
32
2
11
10
1
19
1
7
1
2
7
2
2
1
1
2
33
1
20
2
1
2
1
1
41
1
2
4
7
1
1
5
5
4
17
7
39
2
1
3
4
1
2
2
1
7
1
2
20
1
9
1
11
11
8
5
1
4
1
1
12
13
7
5
2
8
3
3
1
2
7
1
12
2
7
3
7
1
2
6
53
1
11
2
1
32
16
2
6
12
68
20
2
6
5
35
2
12
2
2
1
3
1
4
1
3
24
8
2
10
3
5
14
2
1
3
1
2
2
1
1
1
29
2
1
29
4
3
1
43
3
2
2
5
1
2
1
1
3
5
3
3
2
55
4
2
2
4
10
4
6
7
21
29
2
4
9
4
11
1
2
1
19
2
1
40
4
16
24
4
14
2
26
3
7
2
7
51
4
2
1
2
15
16
14
3
1
2
1
11
19
5
1
1
4
3
1
7
17
5
1
15
13
2
62
69
3
20
1
3
6
2
23
19
3
7
8
2
1
2
7
1
3
62
5
1
63
3
1
3
11
3
9
1
2
1
38
8
1
1
28
1
13
6
2
2
1
1
20
10
17
4
34
1
4
1
6
1
3
25
4
27
2
5
3
3
4
12
3
8
4
9
4
10
21
10
2
1
1
3
1
2
2
2
14
4
1
1
3
2
1
3
11
1
3
1
2
1
1
4
1
5
3
1
1
1
2
5
1
6
13
13
4
6
1
18
1
1
8
2
1
3
1
1
3
1
2
5
9
3
1
25
8
3
3
12
34
15
6
3
6
11
2
5
1
1
1
18
4
1
2
4
26
15
3
2
3
1
9
14
4
10
2
4
27
6
6
2
1
2
3
5
3
40
22
5
4
1
11
3
1
3
9
24
7
1
30
4
6
1
1
25
2
2
4
2
2
14
1
1
3
6
32
4
1
1
3
1
4
6
1
3
9
2
5
2
25
26
8
3
2
2
16
2
1
16
1
1
9
22
42
2
4
12
4
3
14
5
1
2
4
2
1
1
5
12
20
2
1
20
2
2
3
17
1
9
3
1
1
4
11
36
7
2
25
2
4
1
7
15
1
4
3
1
1
1
1
2
1
2
30
1
5
2
1
4
19
1
5
1
21
2
2
7
30
1
2
9
1
2
2
9
2
1
8
3
10
2
1
1
5
1
1
3
1
7
28
4
3
2
31
36
38
2
15
15
4
20
2
1
2
1
1
27
4
26
2
2
7
26
14
1
1
32
1
16
1
9
2
5
1
4
1
1
1
2
1
1
1
1
10
1
2
3
7
1
1
3
2
1
3
2
1
9
2
33
20
56
4
2
2
3
4
6
4
5
1
4
9
1
2
1
25
28
9
33
2
1
2
18
31
3
1
1
4
3
10
1
2
12
7
2
2
51
31
9
1
2
1
8
2
8
11
4
29
3
6
3
3
1
2
16
9
3
10
5
2
2
1
16
1
8
12
3
35
9
1
13
13
3
3
4
1
3
5
6
1
2
21
40
1
1
1
1
2
22
11
15
2
2
1
1
1
2
4
12
4
3
2
4
2
2
1
2
3
1
1
14
3
30
1
4
11
4
6
3
1
3
6
2
3
2
10
1
11
1
3
3
13
1
5
9
12
2
1
1
1
1
5
8
2
2
3
3
6
3
1
18
29
1
25
2
1
67
3
1
2
2
1
1
7
7
1
6
11
5
3
2
2
7
3
2
6
12
39
2
8
5
2
1
1
7
1
4
4
3
25
18
2
2
18
9
1
2
3
3
1
10
13
2
14
10
7
11
3
1
5
2
9
3
1
7
3
16
2
1
13
3
9
12
12
3
1
5
2
1
1
2
7
5
3
2
47
11
12
19
6
2
3
3
4
1
19
4
1
3
4
2
3
2
1
4
4
7
1
4
5
1
8
1
1
8
7
10
6
5
4
2
2
5
3
13
4
9
3
1
1
4
1
1
5
2
2
1
2
4
3
23
8
3
7
35
2
1
34
2
17
4
8
3
5
29
5
8
1
6
1
1
5
6
2
3
1
2
2
6
1
5
4
2
2
3
43
24
7
3
2
2
1
19
2
1
5
2
4
7
2
1
1
14
2
2
4
1
11
1
2
7
42
1
9
1
1
33
2
6
2
5
1
14
4
6
1
12
1
2
5
3
2
2
19
20
3
2
40
2
2
7
5
2
1
6
5
30
3
5
3
9
13
1
1
2
5
2
5
9
20
2
3
9
4
1
1
46
12
8
5
34
2
3
5
4
1
2
2
2
8
13
2
1
2
2
7
1
5
11
14
2
17
3
3
4
2
8
16
6
2
1
5
5
5
3
1
9
5
32
5
5
5
3
6
3
10
2
2
2
6
2
2
8
4
8
10
1
5
33
2
2
72
1
4
4
2
2
2
8
19
1
1
2
23
1
1
3
1
1
6
3
20
4
17
2
4
12
1
1
3
7
15
1
6
11
2
22
20
3
4
1
4
1
2
1
6
7
4
5
2
9
21
2
3
3
4
3
10
16
1
12
11
6
2
3
10
32
14
3
4
14
3
2
1
2
4
6
2
9
13
7
12
6
5
10
3
3
1
1
23
1
6
1
15
11
2
19
2
9
6
1
5
1
4
10
1
6
2
2
2
8
12
2
1
3
7
6
40
9
2
1
6
5
5
5
1
42
5
3
16
6
6
7
2
2
8
90
1
6
7
3
21
5
1
7
16
13
5
1
1
1
1
5
3
6
1
5
6
4
5
5
4
4
3
13
19
4
8
8
2
9
17
1
1
5
15
1
7
10
2
25
2
2
1
4
1
2
9
2
7
3
9
12
5
4
10
8
1
3
5
2
23
10
2
11
6
7
3
4
5
3
2
9
1
4
1
42
4
2
5
1
3
11
14
1
17
1
18
5
6
15
1
14
2
2
18
9
13
1
3
3
28
3
30
9
40
6
1
10
2
24
8
2
6
8
28
1
4
15
12
14
34
6
3
2
7
22
15
4
45
4
17
10
1
4
20
6
3
4
2
15
2
3
12
7
16
3
2
5
20
1
17
1
