53
1
2
3
2
1
2
3
8
7
9
5
3
98
1
3
8
1
19
6
4
41
24
3
14
1
4
1
8
14
26
7
36
34
3
13
6
6
1
8
7
3
3
1
1
55
1
2
56
7
45
6
13
10
3
16
5
5
3
1
8
12
2
3
3
12
17
4
3
48
7
3
2
19
19
10
18
26
15
2
1
4
4
7
1
4
17
31
3
4
8
1
9
2
5
1
6
23
3
11
31
8
51
1
1
6
37
48
8
3
9
29
3
19
76
40
12
34
7
2
2
1
3
30
2
1
9
2
1
9
3
6
33
5
2
8
1
19
7
8
6
13
8
1
2
1
2
3
8
8
1
1
46
1
9
15
23
31
3
4
6
14
22
16
37
1
55
2
1
4
1
63
1
1
5
3
28
15
1
1
1
17
5
3
7
8
1
81
3
1
3
25
99
25
12
7
1
10
2
9
2
2
1
5
5
2
1
1
1
3
5
3
19
2
1
1
1
4
31
47
17
6
51
11
2
3
1
21
11
1
34
1
1
45
8
1
4
6
3
4
4
5
2
1
9
2
2
1
8
1
18
2
5
5
1
2
56
1
14
9
6
9
2
17
38
9
11
2
5
1
37
13
2
20
79
4
2
4
68
8
9
3
7
4
1
21
16
2
7
2
3
1
3
6
3
6
1
1
57
7
4
3
2
18
1
12
7
17
1
7
3
2
8
18
2
2
2
84
2
1
8
2
10
4
19
2
25
2
96
1
1
64
4
4
1
3
6
1
3
2
2
9
1
28
1
48
9
7
3
6
15
1
1
2
3
2
3
1
2
1
6
6
1
2
3
39
6
16
7
1
1
2
1
2
1
5
1
1
3
13
7
1
3
1
2
2
3
2
2
12
1
2
9
3
8
12
12
1
4
1
2
8
2
7
1
14
2
3
12
1
1
22
7
6
5
2
3
33
3
1
1
31
2
9
1
24
1
2
1
1
3
45
2
40
4
3
5
5
2
1
16
1
1
4
1
2
3
21
53
15
19
23
2
1
6
2
1
23
3
7
38
1
14
2
2
5
9
3
2
2
5
2
1
30
17
7
5
2
9
6
1
41
2
2
8
5
1
2
1
1
49
4
2
12
10
4
29
11
6
2
5
11
3
5
2
2
6
13
2
9
3
1
1
3
1
1
18
3
7
3
12
2
2
1
1
3
1
2
2
9
6
2
3
14
8
13
1
18
1
1
9
3
4
9
2
1
2
2
8
2
2
2
13
2
6
8
3
4
4
1
9
1
2
5
2
3
2
15
62
6
9
5
6
2
1
2
24
9
2
2
4
32
1
1
8
1
17
4
9
93
21
2
7
1
6
2
2
3
12
39
2
2
1
3
3
4
24
2
2
4
1
12
2
3
2
4
2
1
2
1
2
6
2
3
31
2
14
1
16
2
18
2
8
4
8
18
1
1
28
10
20
25
1
4
1
2
2
35
2
3
2
1
1
2
4
2
9
3
2
2
1
1
9
1
5
1
36
1
2
35
6
1
2
1
1
30
64
1
4
45
3
3
3
1
5
4
7
73
8
7
1
1
4
4
2
1
2
11
6
1
5
2
1
6
2
1
4
2
109
2
16
5
3
16
5
1
3
7
16
1
1
1
7
2
1
3
2
1
4
18
68
2
4
2
23
4
2
11
15
32
3
1
1
5
6
66
19
2
2
2
4
1
2
1
5
2
2
19
19
21
10
2
34
1
18
1
13
2
1
2
15
14
17
15
3
4
2
31
7
6
5
1
3
3
1
34
1
21
2
8
1
2
5
2
10
5
3
3
2
6
2
3
3
5
5
6
4
3
1
1
53
2
2
6
2
2
1
13
2
3
2
1
2
2
6
1
14
3
1
2
6
5
2
1
2
1
8
2
12
3
14
1
5
2
1
7
2
1
1
34
5
2
8
1
3
5
1
4
1
5
3
5
3
6
3
1
1
1
3
9
1
1
11
2
2
17
3
3
6
5
20
31
23
2
3
2
4
2
2
7
8
2
2
3
18
2
1
7
4
1
1
32
38
1
14
2
11
2
3
5
2
13
18
3
24
7
13
3
3
3
10
21
3
2
79
4
15
13
8
12
2
29
96
6
4
2
6
33
3
2
61
11
2
1
4
2
7
4
2
3
5
46
3
3
2
2
1
1
1
8
3
7
32
4
1
3
30
1
2
2
1
3
3
2
6
2
2
1
2
11
1
14
2
5
4
1
2
2
1
11
2
4
3
1
1
3
18
8
4
2
5
1
3
4
2
2
1
7
14
10
1
1
1
42
2
1
41
1
1
6
7
7
4
2
1
5
16
1
4
26
1
3
1
2
41
6
2
1
58
13
5
1
25
1
1
3
2
2
26
3
3
1
2
2
2
15
7
19
3
3
12
4
16
2
1
4
2
1
2
3
9
3
5
3
3
1
2
4
1
2
3
4
6
7
11
6
1
2
1
7
3
7
1
8
1
6
1
24
8
3
5
43
36
3
12
1
5
5
1
2
4
8
1
1
16
20
2
6
1
39
7
3
14
9
2
9
8
29
1
7
6
1
1
2
2
10
13
6
3
4
14
2
11
14
67
3
2
2
1
3
5
3
3
5
2
1
3
5
10
3
2
3
2
2
2
4
1
1
19
1
6
1
4
11
2
2
1
3
78
25
1
4
1
5
8
5
8
1
20
4
1
15
1
2
3
8
5
5
10
20
1
1
4
5
7
9
3
5
1
101
13
12
17
28
10
2
11
1
67
6
16
4
1
3
14
4
53
3
2
8
5
7
6
4
1
2
31
2
10
4
10
2
3
2
2
15
2
8
1
6
4
11
1
8
3
1
3
5
4
8
14
3
8
1
5
4
6
2
5
19
4
7
15
5
1
33
13
1
1
18
5
1
11
7
1
3
19
26
3
9
5
4
1
1
2
11
55
8
19
5
7
9
15
18
20
11
3
1
20
1
1
7
5
3
5
27
5
5
1
4
8
6
1
13
6
68
1
8
10
5
1
2
1
24
8
4
6
1
2
5
5
17
8
1
5
2
7
14
32
1
1
1
6
4
11
23
7
1
15
18
11
4
3
3
8
6
1
1
3
5
29
1
2
9
7
6
2
2
9
16
4
4
3
6
2
5
9
15
4
17
1
14
2
8
11
1
5
2
19
9
2
13
7
3
30
4
3
14
1
1
1
1
28
9
19
7
2
3
1
14
1
25
5
2
1
1
3
3
13
6
11
2
1
1
2
7
1
8
7
4
7
9
2
4
8
9
5
4
7
1
2
4
1
2
2
2
16
6
1
1
10
11
18
2
7
6
1
2
15
1
1
12
16
1
1
7
3
1
3
1
5
14
32
6
5
2
1
26
10
54
2
7
1
7
2
27
11
2
10
3
5
70
3
67
7
5
1
3
4
12
4
1
3
31
2
2
4
7
2
16
3
7
3
7
17
20
9
8
23
3
18
2
17
3
16
2
4
41
14
1
1
7
18
10
6
18
4
