2
3
1
1
1
1
7
2
1
2
4
1
4
2
1
2
2
1
7
1
1
1
1
1
2
4
5
8
4
1
1
2
1
3
5
10
1
2
1
2
1
7
1
1
12
6
1
3
6
8
1
3
2
8
1
1
10
2
2
3
2
1
5
4
2
3
2
1
2
2
2
1
2
5
1
2
3
7
1
2
1
1
3
2
3
3
10
1
2
1
2
17
2
5
2
2
2
1
1
2
1
1
4
14
1
2
2
1
20
4
3
2
10
1
1
6
3
2
1
1
1
2
2
1
2
6
1
1
2
1
4
2
3
2
2
1
2
2
1
3
6
3
1
2
1
2
5
6
2
1
1
2
1
1
2
2
4
1
4
1
1
1
32
2
1
4
2
1
2
3
1
29
1
7
2
1
3
10
21
1
12
9
1
2
3
1
1
3
3
1
1
1
3
2
23
1
4
1
3
2
2
3
2
3
2
2
1
13
1
1
1
1
2
1
1
2
4
2
3
1
4
1
1
2
1
3
8
1
1
2
6
5
1
1
2
4
4
5
4
2
3
5
1
1
2
10
2
4
2
1
2
1
7
1
2
1
1
2
10
2
2
3
2
3
11
2
1
1
2
1
10
3
2
1
2
7
15
4
2
3
1
7
4
1
3
1
3
2
1
1
1
6
1
3
2
2
1
6
6
2
5
3
2
8
3
17
1
2
3
3
1
1
1
2
3
7
4
4
1
22
2
3
1
3
2
2
1
2
1
1
10
12
1
7
13
1
1
3
7
1
2
2
5
4
1
1
5
33
1
4
2
2
7
1
1
7
1
2
2
10
1
2
2
1
2
2
1
1
2
1
2
2
2
1
3
6
6
3
4
1
14
2
5
2
2
2
2
2
1
3
2
14
2
1
1
1
2
3
1
3
1
2
1
3
3
8
2
1
2
4
8
2
1
4
4
1
2
1
1
1
4
2
1
8
2
1
1
1
2
1
8
1
6
4
15
3
1
1
16
1
2
1
1
5
10
1
1
1
4
1
2
7
5
1
3
19
3
1
1
2
3
1
12
4
1
2
15
2
3
2
2
1
1
2
9
1
5
6
2
6
2
3
2
1
6
2
3
11
2
1
1
2
6
1
1
8
1
1
4
1
3
2
4
1
1
1
1
1
10
1
1
1
2
8
1
3
9
1
3
8
3
2
7
13
2
1
1
2
4
2
1
1
1
1
4
1
3
2
1
1
4
3
2
1
2
4
5
4
2
9
2
4
1
1
2
5
1
1
5
8
7
2
3
5
1
2
1
1
14
1
4
7
1
1
9
3
1
2
1
2
2
1
1
1
1
1
2
4
1
1
5
21
4
1
1
11
1
1
1
4
14
2
2
14
1
2
1
1
3
4
1
10
2
3
6
2
3
3
13
1
3
5
1
1
3
2
2
2
2
3
4
1
1
3
3
3
1
2
2
1
1
1
4
6
6
3
2
32
1
21
4
2
2
2
1
1
1
1
1
4
1
2
3
2
3
1
7
2
1
7
3
8
4
3
3
10
1
1
3
1
5
1
7
2
1
2
2
1
4
2
6
1
3
8
3
1
2
12
2
1
1
12
2
1
2
1
1
1
1
2
18
1
1
2
2
1
1
1
2
2
6
10
1
1
1
4
3
7
1
1
3
1
1
2
16
3
4
1
1
7
2
1
1
5
2
1
2
1
2
2
31
2
1
1
1
5
1
5
2
6
2
1
2
12
1
1
5
4
4
1
1
1
1
4
2
11
2
1
2
2
2
24
2
1
1
1
1
2
2
2
3
1
3
1
3
1
1
4
1
1
23
1
4
9
1
3
12
1
1
2
1
4
2
2
2
26
6
2
2
1
2
13
10
9
1
3
1
1
17
6
9
1
1
1
2
3
3
7
11
2
3
2
2
2
3
3
1
2
1
4
1
2
2
4
2
3
5
3
3
2
2
3
1
1
2
3
1
8
5
4
1
1
2
2
2
2
1
1
1
2
2
6
3
1
1
1
9
1
1
1
1
1
1
2
6
1
6
6
5
2
1
1
1
2
2
8
2
4
13
2
3
5
3
14
3
25
3
7
2
1
2
3
2
2
1
1
1
1
5
23
2
1
2
6
1
2
2
9
7
3
4
4
1
12
1
7
2
1
1
