67
52
2
16
78
23
2
32
3
2
14
2
19
203
32
28
16
5
3
44
11
24
36
5
35
3
2
62
5
1
2
15
44
2
25
21
12
3
3
9
1
13
96
36
4
4
6
1
5
9
5
5
4
6
19
3
2
2
13
13
7
25
1
54
6
124
55
2
12
14
14
3
1
77
3
9
1
130
5
8
16
30
90
1
19
9
4
1
4
10
11
55
30
2
3
2
129
2
1
3
5
5
3
72
50
1
34
2
31
3
2
2
18
2
29
6
13
10
2
16
25
3
4
2
23
39
15
12
6
2
38
16
10
4
11
19
95
13
13
3
30
4
1
1
71
26
16
7
15
63
8
11
15
12
2
88
4
3
6
3
5
70
7
5
10
15
6
10
3
3
24
2
14
10
19
3
4
8
108
134
11
22
84
1
12
16
89
3
11
1
15
1
3
2
1
6
9
34
1
2
5
3
5
2
69
4
4
41
1
10
43
9
9
18
8
51
3
10
35
6
4
1
28
40
6
14
31
56
26
2
7
1
12
26
33
9
18
1
58
10
9
8
216
2
5
142
1
140
67
10
2
5
11
16
9
3
1
3
9
1
12
20
27
2
9
27
34
1
35
16
7
18
13
1
12
1
65
1
37
46
15
96
2
7
7
15
3
25
49
1
32
40
16
3
6
84
9
4
6
7
12
12
2
51
23
34
20
50
2
1
4
10
9
53
2
4
1
2
4
5
1
1
20
4
44
24
3
1
4
13
7
1
2
30
148
3
2
32
12
20
22
6
1
24
4
1
54
13
17
8
10
3
64
15
2
73
4
4
22
35
2
5
127
10
89
3
3
6
2
3
13
2
48
5
1
1
28
53
9
2
5
2
3
2
23
4
1
1
5
1
73
12
5
2
21
16
48
56
19
3
2
14
7
2
52
1
62
6
2
50
2
7
3
8
1
8
8
4
13
8
5
26
23
1
1
4
9
10
7
4
4
38
1
24
10
11
25
2
8
28
63
2
3
9
161
12
132
12
3
15
22
44
32
18
3
7
3
2
1
3
19
22
9
27
17
18
2
2
20
3
7
5
4
16
6
21
63
4
3
1
8
1
13
41
43
50
28
6
12
6
2
14
1
2
24
3
20
10
9
59
5
16
38
1
16
20
5
20
1
115
2
2
79
30
32
3
1
5
2
3
48
27
23
7
48
7
3
3
193
11
3
69
62
4
2
3
8
54
41
130
37
10
143
28
83
3
17
7
8
3
13
2
1
16
28
7
14
23
8
2
2
11
2
16
3
9
14
10
109
13
13
3
1
10
17
2
3
20
17
5
40
37
12
2
3
122
6
2
2
3
2
4
1
57
2
5
6
7
6
5
23
25
2
21
7
3
3
5
46
5
7
2
2
10
16
20
146
2
3
2
34
6
4
2
5
8
6
1
4
1
6
38
18
2
1
7
28
77
28
2
9
36
63
5
39
8
3
146
2
4
5
1
2
2
63
21
22
7
1
4
4
1
3
14
16
6
23
3
20
14
2
15
19
22
48
1
39
5
3
8
36
28
3
2
5
14
59
2
1
1
11
2
8
1
8
1
10
51
28
1
31
21
11
9
3
11
