2
15
4
1
5
2
3
1
1
1
1
2
1
1
11
2
2
1
6
8
2
8
5
2
6
1
2
3
4
2
1
2
2
2
2
4
3
2
1
26
2
1
5
1
2
1
2
1
22
3
10
2
3
1
2
2
2
1
1
1
1
1
4
1
3
3
5
3
6
10
2
1
1
1
2
2
6
5
1
3
1
2
1
1
9
6
14
1
21
1
1
1
1
1
1
2
6
3
2
2
8
1
9
5
1
2
28
1
1
1
2
1
1
2
2
1
1
2
4
1
1
5
4
2
2
4
3
1
1
13
8
1
1
1
6
1
3
12
1
4
1
11
3
2
2
4
1
1
6
1
2
1
4
1
42
1
2
3
1
1
3
1
3
6
1
8
13
4
2
1
3
13
2
2
1
3
6
1
2
1
1
4
3
2
2
1
14
1
6
2
3
6
3
2
2
1
2
1
3
4
4
1
1
1
2
3
5
2
2
5
6
7
3
3
1
1
2
4
1
8
1
3
2
6
2
1
1
2
1
1
3
2
1
7
1
6
1
4
11
2
1
2
2
1
1
57
1
2
4
4
2
10
12
2
1
3
5
3
1
1
17
1
2
9
3
3
8
21
2
1
1
12
4
1
4
9
5
1
5
1
1
2
2
1
4
2
1
7
4
5
2
1
1
1
6
2
2
1
3
8
2
1
3
4
1
1
7
6
1
4
2
1
1
1
2
10
2
5
4
6
5
3
1
2
1
3
4
2
4
2
3
11
4
2
18
1
4
1
1
1
22
4
2
1
1
2
4
11
7
2
2
4
6
1
1
2
8
1
5
7
7
4
4
5
3
3
7
1
3
7
2
1
1
1
2
11
12
2
1
1
4
21
2
1
1
5
3
1
2
13
2
2
1
1
3
8
4
2
14
