12
466
355
83
184
1231
1144
9
749
569
473
165
489
197
1249
2
622
763
2
694
104
403
590
14
1082
950
358
158
1313
2
1017
38
450
9
503
1520
102
1772
13
1104
1027
519
130
2
1538
904
109
485
102
1346
1434
6
40
2
418
1523
1628
219
336
465
2
261
134
31
31
207
2
769
5
922
1578
311
10
3
1583
2
279
1375
741
98
2
868
1036
741
176
10
205
27
7
1416
62
133
727
54
163
18
1350
8
9
9
1
596
28
684
405
633
1505
53
2
6
711
1635
8
3
251
70
16
4
2
972
66
8
2
12
1207
38
177
1
29
183
25
6
6
113
71
143
192
194
64
1626
5
1205
362
10
70
3
58
97
9
97
27
80
7
982
21
31
166
90
1703
4
187
21
11
35
64
9
925
5
32
733
16
1449
94
1335
209
55
7
265
80
14
48
80
1
22
6
60
1
108
683
62
40
8
65
12
6
1256
198
1219
56
6
7
4
442
213
4
984
6
211
29
157
184
93
5
8
126
34
24
1414
188
709
1458
377
340
33
42
1530
120
850
1027
291
219
287
835
1190
496
236
1168
12
62
130
4
62
66
359
112
18
7
624
90
46
128
67
90
321
523
120
709
918
58
121
577
1038
174
79
469
267
4
486
2
599
445
19
399
455
219
222
66
116
81
673
128
284
73
1090
600
396
263
687
1357
293
1091
1574
490
204
4
174
87
16
279
1488
10
147
202
18
1289
1199
1549
311
460
479
921
49
200
882
1413
930
1567
994
209
961
911
165
823
49
