701
2712
235
429
896
312
2761
1379
534
1220
2136
3223
1472
1402
1637
511
2843
857
3515
8
2182
8
540
3241
1564
45
3264
3710
1186
29
2
38
44
69
1167
1739
882
1455
16
1255
242
1778
1332
1272
1348
743
1136
318
112
1044
166
350
584
96
250
88
100
2714
22
2013
629
764
973
811
849
3648
995
52
2308
319
345
933
118
147
3450
3371
1239
3725
594
154
427
1623
4
1578
894
3
84
88
9
1712
2211
913
167
469
3209
541
2614
2651
3106
72
2
543
47
3725
2727
266
2369
2399
3083
914
1899
652
367
12
831
452
992
2559
662
770
762
1483
260
1
268
36
1176
1114
1
211
72
304
652
1
1
1
1
1
1
1
1
1
1
1
1
1
1
1
1
1
1
1
1
1
1
1
1
1
1
1
1
1
1
1
1
1
1
1
1
1
1
1
1
1
1
1
1
1
1
1
1
1
1
1
1
1
1
1
1
1
1
1
1
1
1
1
1
1
1
1
1
1
1
1
1
1
1
1
1
1
1
1
1
1
1
1
1
1
1
1
1
2
1
1
1
1
1
1
1
1
1
1
1
1
1
1
1
1
1
1
1
1
1
1
1
1
1
1
1
1
1
1
1
1
1
1
1
1
1
1
1
1
1
1
1
1
1
1
1
1
1
1
1
1
1
1
1
1
1
1
1
1
1
1
1
1
1
1
1
1
1
1
1
1
1
1
1
2
1
1
1
1
1
1
1
1
1
1
1
1
1
1
1
1
1
1
1
1
1
1
1
1
1
1
1
1
1
1
1
1
1
1
2
1
1
1
12
1
1
1
1
1
1
1
1
1
1
1
1
1
1
1
1
1
1
1
1
1
1
1
1
1
1
1
1
1
1
1
1
1
1
1
1
1
1
466
1
355
83
1
1
1
1
1
1
1
1
1
1
1
1
1
1
1
1
1
1
2
1
1
1
1
1
1
1
1
1
1
1
1
1
1
1
1
1
1
1
1
1
1
1
1
1
1
1
1
1
1
1
1
1
1
1
1
1
1
1
1
1
1
1
1
1
1
1
1
1
1
1
1
1
2
1
1
1
1
1
3
1
1
1
1
1
1
1
1
1
1
1
1
1
1
1
1
1
1
2
1
1
1
1
1
1
1
1
1
1
1
1
1
1
1
1
1
1
1
1
1
1
1
1
1
1
1
1
1
2
1
1
1
1
1
1
2
1
1
1
1
1
1
1
1
1
1
1
1
1
1
1
1
1
1
1
1
1
1
1
1
1
1
1
1
1
1
1
1
1
1
1
1
1
1
1
1
1
1
1
1
2
1
1
1
1
1
1
1
1
1
1
1
1
1
2
1
1
1
1
1
2
1
1
1
1
1
184
1
1
1
1
1
1
1
1
1
1
1
2
1
1
2
1
1
1
1
1
1
2
2
1
1
1
1
1
1
1
1
1
1
1
1
1
1
1
1
1
1
1
1
1
1
1
1
1
1
1
1
1
1
1
1
1
1
1
1
1
1
3
1231
1
1
1144
1
1
1
2
1
1
1
1
1
1
1
1
1
1
1
1
1
1
1
1
1
1
1
1
1
1
1
1
1
1
1
1
1
1
1
1
1
1
1
2
1
1
1
1
1
1
1
1
1
1
1
1
1
1
1
1
1
2
1
1
1
1
2
1
1
1
1
1
2
1
1
1
1
1
1
1
1
1
1
1
1
1
1
1
1
1
1
1
1
1
1
1
1
1
1
1
1
1
1
1
1
1
1
1
1
1
1
1
1
1
1
2
1
1
1
1
1
1
1
1
3
1
1
1
1
1
1
1
1
1
1
1
1
1
1
1
1
1
1
1
1
1
1
1
9
1
1
1
1
1
1
1
1
1
1
1
1
1
1
1
1
1
1
1
1
1
1
1
1
1
1
1
1
1
1
1
1
1
1
1
1
1
1
3
1
1
1
1
1
1
1
2
1
1
1
1
1
1
1
1
1
1
1
1
1
1
1
1
1
1
1
1
1
1
1
1
1
1
1
1
1
1
1
1
1
1
1
1
1
1
1
1
2
1
1
1
749
1
1
1
2
1
1
2
1
1
1
1
1
1
1
1
1
569
473
1
1
1
2
1
1
1
1
1
1
1
2
1
1
2
1
1
1
1
1
1
1
1
1
1
1
1
1
1
1
1
1
1
1
1
1
1
1
1
1
2
1
1
1
1
1
1
1
1
1
1
1
165
1
1
1
1
1
1
1
1
1
1
1
1
1
2
1
1
1
1
1
1
1
1
1
1
1
1
1
1
1
1
1
1
1
1
1
1
1
1
1
1
1
1
1
2
1
1
1
1
1
1
1
1
1
3
1
1
1
1
1
1
1
1
2
1
3
1
1
2
1
1
1
1
1
1
1
1
1
1
1
1
2
1
1
1
3
1
2
1
1
1
1
1
1
1
1
1
1
1
2
1
1
1
1
1
1
1
1
1
1
1
1
1
1
1
1
1
1
1
1
1
2
1
1
1
1
1
1
1
1
1
1
1
2
1
1
489
1
1
2
1
1
1
1
1
1
1
1
1
1
1
1
1
2
1
1
1
2
1
1
1
1
1
1
1
1
1
1
1
1
1
1
1
1
1
1
1
1
1
1
1
1
1
1
1
1
4
1
1
1
1
1
1
1
1
1
1
1
1
1
1
3
1
1
1
1
1
1
1
1
1
3
1
1
1
1
1
3
1
1
1
1
1
1
1
1
1
1
1
1
1
1
197
1
1249
1
1
1
1
1
1
1
1
1
2
3
1
1
1
1
1
1
1
1
1
1
1
1
1
1
1
1
1
1
1
1
1
1
1
1
2
1
1
1
1
2
2
1
1
1
1
1
1
1
1
1
1
2
1
1
1
1
1
1
1
1
1
1
1
2
1
1
1
1
1
1
2
5
1
1
1
1
1
1
1
1
1
2
1
1
3
1
1
1
1
2
1
1
4
1
1
2
1
1
1
2
1
1
1
1
1
1
1
1
2
1
1
1
1
1
1
1
1
1
2
1
1
1
1
1
1
1
1
1
1
1
1
1
1
1
1
1
1
1
1
1
1
1
1
1
1
1
1
1
1
1
1
1
1
1
1
1
1
1
1
2
1
1
1
2
1
1
1
1
1
1
1
1
1
1
1
1
1
1
1
1
1
1
1
1
1
1
1
1
1
1
1
1
1
1
1
1
1
1
2
1
1
1
1
1
1
1
1
1
1
1
1
1
1
1
1
1
1
1
1
1
1
1
1
1
4
1
1
1
1
1
2
1
1
2
1
1
1
1
1
1
1
1
1
1
1
1
1
1
1
1
1
1
1
1
2
1
1
1
1
1
1
1
1
1
2
1
1
1
1
1
1
1
1
1
1
1
1
1
1
1
1
1
1
1
1
1
1
1
1
1
2
1
1
1
1
1
1
1
1
1
1
1
1
1
1
1
1
1
1
1
1
1
1
1
1
1
1
4
1
1
1
1
1
1
1
1
1
1
1
1
2
1
1
2
1
1
3
1
1
1
1
1
1
1
1
1
1
1
1
1
1
1
1
1
1
1
2
1
1
1
1
2
1
1
1
1
1
1
1
1
1
1
1
1
1
1
1
1
2
1
1
1
1
1
1
1
1
2
1
1
1
1
1
1
1
2
1
1
1
2
1
1
1
1
1
2
2
1
1
1
1
1
1
1
1
1
1
1
622
1
1
1
1
2
1
1
1
2
1
1
1
1
1
1
1
1
1
1
1
1
1
763
1
1
1
1
2
1
1
1
4
1
1
1
1
1
1
1
1
1
1
1
1
1
1
1
1
1
2
1
2
1
1
1
1
1
1
1
1
1
1
2
1
1
1
1
1
1
1
1
1
1
1
1
1
1
1
1
2
1
1
1
1
1
1
1
1
1
1
1
1
1
1
2
1
1
1
2
1
1
1
1
4
1
1
1
1
1
1
1
1
1
1
2
1
2
1
1
1
1
2
1
1
4
1
3
2
1
2
1
1
1
2
1
2
1
1
1
1
1
1
1
1
1
2
1
1
1
1
1
1
1
1
1
1
1
1
1
1
1
1
1
1
4
3
1
1
1
2
2
1
1
1
1
1
1
1
1
1
1
4
1
1
1
1
1
1
2
2
1
1
1
1
1
1
1
1
1
1
2
1
1
2
2
1
1
1
1
4
2
1
1
1
3
1
1
1
1
1
1
1
3
1
1
1
1
1
1
1
694
1
2
1
1
1
1
1
1
1
1
1
1
2
1
1
2
1
1
1
1
1
2
2
1
1
1
1
1
1
1
2
1
1
1
1
1
3
4
1
1
1
2
1
1
1
1
2
1
1
1
1
1
1
1
3
1
1
1
1
1
1
1
1
1
1
1
1
1
1
1
1
1
1
1
1
1
1
1
2
1
2
1
2
1
1
1
1
1
1
1
1
2
1
1
1
1
1
1
1
1
1
1
1
1
1
2
1
1
1
1
1
1
2
1
1
1
2
1
1
1
1
1
1
1
1
1
1
1
1
1
2
1
1
1
1
1
1
1
1
1
1
1
1
1
3
1
2
1
1
2
3
1
1
2
1
2
1
1
1
2
1
1
1
1
1
2
1
1
1
1
2
2
1
1
1
1
1
2
1
1
2
5
2
1
1
1
1
1
1
1
1
1
104
403
1
1
1
1
1
2
1
1
1
2
1
1
1
1
1
1
590
14
1
1
2
1
1
1
1
1
1
1
1
2
1
1
1
1
1
2
1
1
1
1
4
1
1
1
1
1
3
1
1
1
1
3
1
1
1
1
3
1
1
1
1
1
1
2
1
1
1082
1
1
5
1
1
1
1
1
1
1
2
1
1
2
1
1
3
1
1
1
1
6
2
1
1
2
1
3
1
1
1
1
1
1
1
1
1
2
2
1
1
1
2
1
4
1
1
1
1
1
1
1
1
1
1
1
4
1
1
2
1
1
1
1
1
1
1
2
1
1
1
2
2
1
2
1
1
1
1
1
1
1
1
2
2
1
1
4
1
3
2
1
1
1
2
1
1
1
1
1
1
1
1
1
1
1
1
3
1
1
1
1
1
2
1
1
1
1
1
1
1
1
1
1
3
1
2
2
1
1
1
1
1
1
1
1
1
1
1
1
1
1
2
1
1
1
1
3
1
1
1
1
1
1
2
1
1
1
1
1
1
1
1
1
1
1
1
1
1
2
1
1
1
4
1
2
1
1
1
1
1
1
1
1
1
8
1
1
1
2
1
1
1
1
1
1
2
1
2
4
1
2
1
1
2
1
1
1
1
1
1
1
3
1
1
1
1
2
1
1
1
1
1
1
1
1
1
2
1
1
1
1
1
1
1
1
1
1
2
2
3
2
1
2
1
1
2
1
1
1
1
1
1
2
1
1
1
1
1
2
1
1
1
1
1
1
1
1
4
1
1
1
1
1
1
1
1
1
1
1
1
2
1
1
1
1
1
1
1
1
1
2
1
2
1
1
1
1
1
1
1
1
1
1
1
1
1
1
2
1
1
950
1
1
1
1
1
1
2
1
1
1
1
1
1
1
1
1
1
2
2
1
1
1
1
2
1
1
1
1
1
2
1
1
1
1
1
1
1
1
1
2
2
1
1
1
1
1
1
1
1
2
1
1
1
1
1
1
1
1
1
2
2
1
1
1
2
1
1
1
1
1
1
1
1
1
1
1
1
1
1
1
1
1
1
1
1
2
1
1
1
1
1
1
4
1
4
1
1
1
1
1
1
1
1
1
1
2
358
1
1
1
2
1
1
2
1
1
1
3
1
2
1
158
1
1
1
1
1
1
1
2
2
1
1
1
1
1
1
1
2
1
2
1
1
1
1
1
1
1
1
1
1
1
1
1
1
2
4
2
1
1
1
1
1
1
1
1
1
1
1
1
1
2
2
1
1
1
1
1
1
1
1
3
1
1
1
1
1
1
1
2
1
1
1
1
1
1
1
1
4
1
1
1
1
1
1
1
2
1
1
1
1
1
1
1
2
1
1
4
1
2
1
1
1
1
1
1
1
1
1
1
1
1
1
1
1313
7
1
1
1
4
1
1
1
2
1
2
1
1
1
2
1
1
1
1
2
1
1
1
1
1
1
2
3
1
5
1
1
2
1
1
1
1
1
1
3
1
2
2
1
1
1
1
1
1
1
2
1
1
1
2
1
1
1
1
1
1
1
1
2
1
1
1
1
1
1
1
1
1
2
1
1
1
2
1
8
1
2
1
1
1
1
2
1
1
1
1
2
2
1
1
1
1
2
1
1
1
2
1
1
1
1
2
1
1
1
1
1
1
1
4
1
1
1
1
1
2
1
1
2
1
3
1
1
1
3
1
1
3
1
1
3
1
1
2
1
1
1
2
1
1
1017
1
1
3
1
1
1
2
1
1
1
1
1
1
1
2
1
1
1
1
4
1
1
3
1
1
1
3
1
1
1
1
1
2
1
1
1
1
1
1
1
1
5
2
1
3
1
4
1
1
1
2
1
1
1
1
1
1
1
1
1
1
3
2
1
3
1
1
1
2
1
1
1
1
1
1
1
1
1
1
1
1
1
1
1
1
1
1
1
2
1
1
4
1
1
2
1
1
3
1
1
1
1
1
1
1
2
1
1
3
1
1
1
1
2
1
1
1
1
1
38
1
1
2
2
1
2
1
1
1
1
1
1
1
4
1
1
1
1
1
1
2
1
1
1
1
450
2
1
1
1
1
1
1
5
1
1
1
2
1
1
1
2
1
2
1
1
1
1
2
1
1
1
3
4
1
1
1
2
1
2
1
1
3
2
2
1
1
2
1
1
1
1
9
1
2
4
1
1
1
1
4
1
1
503
1
1
1
2
1
1
1
1
1
2
1
1
1
1
1
7
2
1
2
1
1
1
1
1
2
2
1
1
1
1
1
1
1
1
1
1
1
1
1
1520
1
2
1
1
1
1
1
1
2
1
1
2
2
1
1
1
3
2
1
1
1
102
2
1
4
1
1
1
1
1
5
2
1
1
1
1
3
1
1
1
1
1
1
1
1
2
2
1
1
2
1
1
3
1
1
5
1
1
1
1
6
1
1
1
1
1
1
6
1
1
1
3
1
7
1
2
2
2
1
1
1
1
1
2
2
1
6
1
1
1
2
2
1
1
9
1
1
1
1
1
7
1
2
1
1
1
2
1
1
1
1772
1
1
8
1
1
1
1
1
2
1
1
1
1
3
1
1
3
2
3
3
1
2
1
2
2
1
1
1
6
1
2
1
1
1
2
1
1
1
2
1
1
1
1
10
1
2
1
2
1
1
3
1
2
1
1
1
2
2
1
1
1
1
2
3
1
1
1
3
1
2
2
2
2
1
1
2
1
1
1
1
1
2
1
2
2
1
1
1
2
1
1
1
13
1
2
1
3
1
2
1
1
1
4
2
1
1
9
4
2
3
1
3
1
1
1
2
1
1
1
1
1
1
1
1
1
1
7
1
1
1
1
1
1
2
3
1
2
2
1
1
1
1
1
1
1
1
1
1
1
3
1
1
1
1
1
1
1
2
2
1
1
2
4
1
1
2
1
1
1
1
1
1
2
1
2
1
1
1
1
1
2
1
1
2
1
1
2
1
2
1
1
1
1
1
1
1
1
1
2
1
2
1
3
3
2
1
1
1
1
2
3
1
6
1
1
1
1
1
1
2
1
2
1
1
1
1
2
1
1
1
2
1
2
1
1
1
1
3
1
1
1
1
2
2
2
1
1
1
1
1
2
2
2
1
1
2
1
1
1
1
2
1
1
2
1
1
1
2
1
1
1
1
1
1
2
1
2
1
3
1
2
2
1
1
2
1
1
1
5
1
2
1
1
1
1
1
1
1
1
1
3
1
3
1
1
1
1
2
1
2
2
1
1
2
2
1
1
1
1
1
1
1
1104
3
1
1
1
1
1
1
1
1
1
1
1
1
2
1
1
1
1
1
3
3
1
1
1
1
1
2
3
3
1
1
2
2
1
2
1
1
7
5
1
1
3
1
1
1
1
1
1
2
1
1
1
1
1
1
1
2
2
3
1
5
1
2
2
4
2
3
1
2
1
2
1
1
1
1
1
2
1
1
1
2
1
1
1
2
1
14
4
2
1
2
1
1
1
1
3
1
1
1
1
2
1
1
1
1
1
1
2
1
2
2
1
1
3
1
3
1
2
6
1
1
1
1
4
4
1
3
2
1
1
3
3
3
1
1
2
1
1
1
3
4
3
1
1
5
1
1
1
2
1
1
1
1
1
1
2
1
1
1
1
1
1
1
1
2
3
1
1
2
2
1
1
1
1
2
1
1
2
1
1
1
1
3
1
1
1
1
3
1
1
1
1
1
1
2
2
1
2
1
1
1
1
1
3
1
1
3
1
1
1
1
1
1
1
1
1
1
1
1
2
1
4
1
2
1
2
2
1
1
1
1
1
1
1
1
4
1
1
3
1
5
1
7
2
2
1
1
4
1
1
1
1027
1
5
1
4
2
1
1
1
2
1
1
2
2
2
1
1
1
2
2
1
1
2
1
1
2
4
2
1
1
519
1
1
1
3
1
1
1
1
8
1
1
1
1
1
2
2
3
4
1
1
1
1
2
3
2
1
1
1
1
3
1
1
1
2
2
1
1
1
2
1
5
1
2
2
3
3
5
1
1
1
2
1
1
4
2
1
1
1
1
1
1
2
1
1
1
4
6
1
1
1
1
1
2
2
1
1
2
4
1
3
4
1
2
2
1
2
2
130
1
2
1
1
1
1
1
1
1
1
1
1
5
1
1
1
1
3
1
1
1
2
6
1
2
1
1
1
8
1
1
1
4
2
1
1
3
1
1
2
1
1
2
1
2
1
3
2
1
2
1
1
1
1
1
1
1
1
1
3
1
1
1
1
2
1
1
2
1
2
2
1
1
6
1
4
2
1
2
1
1
1
1
1
1
1
1
3
1
1
3
1
1
1
5
1
1
1
3
2
1
1
1
1
1
1
2
1
2
2
2
2
3
1
2
1
2
1
3
1
1
1
2
1
1
1
3
1
1
1
3
1
1
2
1
4
1
2
1538
2
1
1
1
1
3
1
1
4
2
1
1
1
1
1
1
1
1
1
3
1
1
2
2
2
1
1
1
1
1
3
2
2
1
1
4
1
3
1
1
1
2
1
1
1
3
10
1
1
1
2
1
1
1
1
1
1
1
1
3
1
1
1
1
1
2
1
2
1
1
2
2
1
1
2
1
1
9
1
1
1
1
1
4
1
1
1
1
3
1
2
4
4
1
1
1
1
2
2
1
1
1
1
2
4
2
1
1
2
1
1
1
4
1
7
1
1
2
1
1
1
2
2
2
2
1
2
3
3
2
1
1
1
5
2
3
5
1
1
1
2
1
1
1
6
1
2
1
2
1
2
1
2
1
1
1
5
14
1
1
2
1
1
1
1
1
1
1
1
1
1
2
1
1
2
2
1
1
1
2
2
1
1
1
2
1
1
1
2
1
1
2
1
1
1
2
5
1
2
3
2
1
1
1
1
1
1
2
1
1
1
2
1
1
2
1
2
1
1
2
1
2
1
1
1
1
1
4
1
2
2
2
3
4
7
2
1
1
2
1
2
1
1
2
5
1
2
1
1
1
1
1
10
1
4
1
2
3
1
1
1
2
1
1
5
3
1
5
1
1
3
1
1
2
1
1
2
1
3
1
5
2
1
1
1
3
3
1
4
1
2
1
1
2
1
1
1
1
1
3
1
2
1
1
1
2
3
2
1
1
1
5
3
3
1
1
1
3
1
1
1
1
1
1
1
2
3
1
3
1
2
2
1
3
4
1
1
3
3
904
1
3
7
2
3
1
1
1
1
1
6
2
1
1
3
1
3
2
1
3
9
1
2
2
1
1
2
4
1
1
1
1
1
1
1
1
1
1
1
1
1
4
2
1
1
1
1
2
1
2
1
1
3
1
1
1
2
2
1
1
2
1
1
1
2
3
1
1
1
2
1
1
1
1
1
1
1
1
2
1
1
3
1
1
1
1
1
2
3
1
3
1
2
1
1
4
1
1
1
1
1
1
1
7
2
1
1
1
3
2
3
1
4
1
2
1
3
1
2
3
2
3
1
1
1
1
2
1
1
1
1
2
1
1
1
3
1
1
1
2
2
3
1
6
1
1
1
2
2
1
1
1
2
1
1
1
1
2
1
1
1
1
1
1
1
1
3
1
4
1
2
1
109
1
4
1
2
3
2
3
2
1
1
1
2
1
1
2
1
1
485
3
1
1
1
8
4
1
2
1
1
1
1
1
1
1
2
2
102
1
3
1
1
1
1
9
1
1
4
1346
6
3
1
1
1
1
5
1
1
1
1
3
1
1
2
2
3
1
2
4
1
1
1
2
2
1
2
2
1
3
1
4
2
1
1
6
2
6
3
1
2
1
1
1
1
1
1
1
1
11
1
1
2
3
2
1
2
1
1
3
1
1
2
5
5
2
3
1
4
2
6
2
1
7
1
2
12
1
3
1
3
1
1
4
4
1
1
2
1
1
2
27
1
1
1
1
1
1
2
2
1
6
2
3
2
2
1
1
4
1
1
4
1
2
1
4
1
1
1
1
1
1
1
2
5
1
2
1
1
1
3
1
7
1434
2
1
9
1
1
1
1
1
2
1
1
1
1
3
1
9
1
2
1
1
1
6
1
1
1
1
1
4
1
3
4
1
1
2
1
1
1
1
1
3
1
5
1
1
2
1
3
2
3
2
1
1
5
5
1
2
1
2
10
5
4
1
1
3
1
1
1
1
1
1
1
1
1
2
1
2
1
2
1
2
1
1
1
6
2
1
1
1
5
3
1
1
1
1
1
2
1
1
1
1
1
1
4
1
3
1
6
1
1
1
8
1
5
2
1
1
1
1
1
5
1
2
1
1
2
1
1
1
1
1
1
1
3
1
1
2
1
1
4
1
6
1
3
1
1
1
1
1
1
1
1
1
1
3
2
1
1
2
1
1
3
4
1
1
2
2
1
1
2
2
1
2
2
3
2
1
3
1
3
1
3
4
1
4
1
1
1
1
4
2
1
2
1
6
3
1
1
2
1
1
1
1
1
1
1
1
1
1
2
1
1
1
1
1
1
1
1
4
40
1
1
2
3
1
1
5
1
1
1
3
1
1
1
1
1
4
4
1
4
4
1
2
1
1
2
1
3
1
1
1
1
1
5
1
1
1
1
1
2
1
1
1
1
1
2
4
1
1
1
1
1
6
2
5
1
1
1
2
1
1
1
5
1
1
418
1
1
10
1
1
1
1
1
1
3
7
1
10
1
1
2
1
1
2
3
7
1
4
1
1
1
3
1
1
1
3
1
3
1
5
2
1
1
2
2
1
1
3
1
4
3
1
1
1
4
1
1
1
1
1
1
1
1
1
1
1
1
3
1
1
2
1
1
7
3
12
4
1
1
1
1
1
2
1
3
2
2
4
1
2
1
1
1
2
1
1
1
1
1
1
5
1
2
4
2
1
1
1
3
3
3
1
2
7
1
1
1
1
1
1
1
1
2
1
2
1
4
2
6
1
2
2
1523
1
3
1
1
1
2
1
2
1
1
1
1
2
1
1
2
1
2
1
1
2
3
3
4
3
3
1
1
1
2
1
1
1
1
1
1
1
5
5
7
1
1
2
3
3
1
3
1628
3
2
3
4
1
2
1
1
1
11
3
2
1
1
1
3
2
2
1
6
3
1
2
2
1
1
2
3
3
1
1
1
1
1
7
1
2
1
4
1
7
4
7
7
2
1
1
1
2
5
1
1
1
3
1
1
1
2
3
1
2
1
6
2
1
3
2
4
1
1
2
1
1
1
1
1
2
11
1
1
1
1
3
1
2
1
2
2
1
1
2
3
1
3
1
5
1
1
2
2
2
2
1
1
1
1
2
4
1
1
1
1
1
1
1
5
1
3
2
1
7
2
1
6
5
6
1
1
2
1
1
1
1
1
3
1
2
219
2
1
1
3
1
5
1
1
5
2
1
1
1
4
3
1
1
1
1
2
1
1
2
6
1
1
1
2
2
2
1
336
5
2
4
1
1
2
1
1
5
1
1
2
2
7
1
3
4
1
1
3
1
5
2
1
1
1
1
1
6
2
1
1
1
2
1
4
1
6
1
1
1
2
3
4
3
4
1
1
1
1
1
2
2
1
1
1
3
4
4
2
2
1
1
3
1
1
1
1
3
1
1
2
4
2
2
2
1
2
1
1
1
3
1
1
1
7
1
1
1
1
1
2
1
3
1
10
7
1
3
1
1
1
6
1
1
1
9
3
1
6
1
5
1
2
1
2
1
3
1
3
1
1
1
3
1
2
2
1
1
1
1
1
2
1
1
7
1
5
2
1
2
1
5
1
4
1
1
6
1
4
1
2
1
4
1
2
5
1
1
1
1
2
1
1
1
1
3
1
2
1
1
1
6
1
2
2
1
1
1
1
15
1
1
1
2
2
4
1
5
2
2
2
1
1
6
1
1
1
1
2
1
465
3
7
1
1
1
2
1
3
1
1
1
1
2
1
1
1
1
1
1
2
2
3
1
11
1
1
5
3
2
4
1
1
1
1
1
1
1
2
1
1
9
3
2
5
4
3
4
1
1
8
5
1
1
7
2
1
1
1
2
2
7
1
1
3
1
1
3
2
2
1
4
1
2
1
2
9
1
4
1
2
1
3
3
3
1
2
2
2
1
2
1
1
2
1
5
3
1
4
4
2
4
1
4
1
4
5
1
2
1
1
4
1
4
3
1
9
2
1
3
1
261
1
2
4
2
8
1
3
5
1
1
1
2
1
2
1
3
2
3
2
1
5
4
2
1
2
1
1
1
2
2
1
1
3
13
1
1
4
1
2
1
1
3
2
4
1
2
9
1
1
2
1
1
3
2
1
1
2
1
2
1
3
1
4
1
3
6
1
1
1
2
4
1
1
1
5
4
1
2
1
1
3
2
1
5
2
2
13
1
1
4
5
1
2
1
2
4
1
4
6
2
3
8
2
1
1
1
2
2
2
2
2
1
3
3
1
1
9
1
1
1
8
2
8
1
4
2
1
11
38
1
7
5
5
6
13
2
1
1
1
1
2
1
2
2
1
3
3
1
5
2
6
1
2
1
1
3
1
2
3
1
2
2
2
1
2
1
6
1
1
3
1
2
1
1
1
1
2
2
4
9
1
9
4
4
2
1
1
2
3
2
8
2
1
8
2
5
1
3
4
1
1
2
11
134
3
3
1
1
3
2
5
1
12
1
1
8
2
1
1
1
1
1
1
1
1
1
1
4
1
7
2
1
6
1
1
2
4
3
1
2
1
2
1
1
2
2
2
1
1
1
3
3
4
12
1
6
1
1
7
7
1
2
1
2
1
3
6
1
1
5
14
1
1
2
6
5
3
1
2
2
1
3
1
1
4
6
8
3
1
1
2
6
1
2
1
1
1
2
1
31
8
1
1
1
1
1
3
4
2
1
5
3
2
1
1
3
1
1
7
1
1
1
1
1
4
1
5
1
4
3
1
1
1
2
1
2
11
9
11
1
3
1
3
2
2
2
1
1
2
6
4
19
1
4
1
2
1
1
1
2
1
2
1
3
2
4
2
4
1
2
3
1
1
1
2
2
1
1
1
1
1
2
2
1
7
5
2
2
1
2
1
1
2
12
3
1
1
1
3
1
1
5
1
2
2
1
4
1
1
1
4
1
1
5
1
2
2
3
2
6
6
10
1
1
1
2
1
1
7
4
1
1
4
4
1
14
10
1
31
1
2
2
1
3
2
1
3
1
2
8
2
1
6
2
1
2
1
1
2
1
7
1
3
1
2
1
1
3
17
3
2
3
10
1
1
1
2
1
2
1
1
1
1
1
5
2
1
4
2
1
1
1
3
1
3
1
3
1
1
2
1
1
19
1
2
3
1
1
1
3
1
3
1
2
1
1
1
1
11
5
1
1
1
2
1
3
1
22
1
3
1
1
2
4
2
1
5
2
1
9
1
2
8
4
6
2
4
2
4
1
5
2
1
5
7
19
2
2
2
1
2
2
1
4
1
8
1
1
4
6
2
1
3
4
3
14
1
1
1
3
1
1
3
3
2
3
1
2
1
2
9
4
1
1
1
2
1
1
2
6
1
1
1
1
1
1
4
3
3
1
1
1
2
3
2
7
1
1
1
207
2
1
4
1
4
1
2
1
2
7
1
1
1
1
769
1
5
1
1
1
1
1
1
6
4
5
2
5
1
6
1
1
3
3
1
2
1
1
3
1
5
1
2
1
2
1
1
1
1
2
1
2
9
2
9
5
1
4
4
1
8
1
1
6
7
1
13
1
3
2
8
10
1
1
4
5
3
1
1
4
2
1
2
1
1
1
24
4
3
5
1
2
1
3
1
1
4
2
4
2
7
1
1
2
1
5
6
12
2
3
1
1
1
1
1
4
1
11
1
1
1
1
1
2
922
3
6
2
1
1
1
1
4
1
1
26
2
1
3
2
1
1
2
3
4
4
3
1
1
7
5
7
1
2
6
2
4
1
1
2
1
1
1
1
4
2
1
1
1
1
3
1
3
3
2
1
4
1
1
4
1
2
2
3
1
7
2
3
1
5
1
7
1
1
1
4
1
1
2
1
1
2
2
6
5
5
1
1
4
1
3
1
6
2
1
1
1
4
1
1
6
1
6
7
15
6
1
1
3
5
2
4
2
1
1
3
3
1
2
4
3
2
1
2
1
4
1
2
1
1
10
1
1
1
5
1578
1
3
2
3
1
2
1
3
1
3
4
1
3
1
1
1
311
3
3
2
1
4
1
1
6
3
1
1
3
3
1
2
1
2
1
1
2
1
2
1
2
6
3
1
1
1
5
4
1
2
1
3
1
5
3
1
1
4
23
1
3
1
2
2
1
3
2
8
2
2
4
1
2
4
2
3
7
1
2
2
6
1
1
10
1
10
1
1
1
1
3
1
4
3
7
16
10
1
7
1
4
1
2
4
1
1
4
1
4
1
3
1
4
1
5
11
1
8
7
2
2
1
3
1
1
1
2
1
13
1
2
1
5
8
5
8
1
1
4
2
4
1
7
1
12
1
1
2
1
1
2
5
2
11
2
1
1
3
1
2
2
2
2
1
11
4
2
2
1
7
2
1
3
1
1
6
5
1
2
1
1
8
1
6
3
1
1
1
2
5
1
1
1
1
1
6
1
4
5
2
1
3
4
1
1
1
1
7
4
1
2
2
2
9
9
1
2
5
5
1
1583
4
6
14
6
1
1
1
1
1
1
1
1
1
2
1
5
12
1
1
2
5
2
1
2
2
1
1
3
3
1
5
1
2
1
1
1
1
15
6
2
16
1
2
2
1
2
3
1
2
6
1
5
5
2
2
3
1
3
1
1
12
1
2
5
1
3
1
1
9
1
6
10
3
1
2
1
1
2
3
1
2
1
1
1
5
1
3
2
2
2
5
2
3
3
1
2
4
2
1
3
1
3
5
8
1
11
5
1
3
2
4
7
2
6
5
5
1
1
1
2
1
2
3
2
1
3
4
1
24
2
1
3
1
3
13
1
7
2
2
1
1
3
1
1
1
3
3
1
13
1
1
1
1
1
7
1
279
18
1
2
2
3
10
1
2
3
2
1
2
6
5
1
18
1
3
6
1
10
10
14
3
10
2
2
1
2
1
1
1
3
1
10
3
2
12
3
1
2
6
3
2
1
1
5
3
3
5
1
1
2
19
1
3
2
2
3
2
2
1
2
1
2
2
1
1
13
4
3
1
1
2
4
1
1
4
1
1
3
1
1
10
1
1
4
9
13
2
4
1
1
11
1
3
2
1
2
1
2
10
4
4
1
8
3
6
4
7
1
1375
1
2
6
5
2
2
1
1
1
17
6
4
2
1
1
1
11
1
9
1
4
1
6
2
2
12
1
3
4
2
1
2
9
9
1
5
13
7
1
1
1
1
3
2
2
2
1
3
1
2
1
1
14
14
4
6
1
1
11
3
1
4
9
1
1
1
5
3
741
1
1
1
1
7
1
1
2
2
1
4
3
1
1
1
1
2
11
4
1
3
3
2
7
1
1
1
3
1
1
1
2
1
1
2
2
1
1
4
1
4
2
1
7
2
2
1
4
3
2
5
1
1
1
1
6
4
4
3
6
1
2
1
3
10
1
1
2
12
1
1
3
9
12
2
6
3
2
2
1
2
2
12
2
1
1
3
1
8
1
3
1
6
1
2
4
2
3
1
1
21
1
3
1
3
3
9
2
1
2
1
2
2
2
1
1
2
9
2
1
6
1
3
6
1
2
2
3
5
1
1
1
5
4
3
1
7
2
2
7
1
2
15
1
3
2
2
2
1
9
98
1
1
15
1
2
1
3
8
5
8
6
2
1
1
13
1
4
4
1
2
3
2
9
1
1
1
1
5
6
22
6
17
4
2
1
1
4
8
9
7
4
1
6
1
2
10
1
22
3
1
1
1
1
5
13
4
4
1
1
1
1
3
7
2
2
1
1
12
1
3
7
7
1
4
1
8
2
1
14
1
3
1
1
1
1
1
1
13
1
1
1
1
6
1
22
868
4
2
2
1
10
14
2
6
2
14
6
1
10
1
2
1
4
2
2
2
27
1
1
15
1
7
1
5
4
1
2
1
3
5
11
1
1
2
12
8
3
3
1
1
1
3
7
15
1
6
3
1
1
3
1
4
1
3
24
1
11
1
44
5
14
2
1
1
6
5
7
3
3
1036
1
3
3
1
6
4
1
7
2
1
4
9
4
3
2
18
1
5
3
1
1
4
1
2
3
1
3
1
5
12
1
2
1
1
1
6
1
3
1
1
6
8
3
21
1
9
1
3
1
12
3
2
11
1
3
4
1
1
43
11
1
3
6
11
2
5
2
8
16
1
2
1
2
12
4
2
2
2
2
19
1
1
15
1
2
4
741
1
10
1
3
15
13
3
1
1
7
1
1
2
6
3
5
9
176
6
2
35
1
4
1
1
2
5
2
3
7
1
1
1
9
5
4
6
2
1
3
2
9
4
10
5
4
1
2
3
17
2
6
3
2
2
1
2
1
6
10
6
1
16
1
6
5
2
8
1
1
1
3
30
2
14
6
2
2
1
13
2
11
21
1
1
11
18
1
1
5
2
2
1
1
6
3
1
28
2
4
6
22
1
1
1
2
1
1
19
11
2
1
1
7
2
1
1
4
2
1
4
3
2
3
1
9
1
1
1
2
1
2
1
4
3
15
6
1
1
15
1
4
18
2
5
11
1
22
2
1
2
2
5
1
1
2
5
1
3
1
1
8
8
2
2
6
2
1
8
1
3
1
8
3
1
3
10
1
3
1
6
4
3
1
1
2
4
3
13
1
1
2
1
1
3
2
1
5
6
4
2
43
22
1
1
4
2
19
10
3
4
4
2
1
3
2
1
9
1
1
3
3
3
1
2
29
7
3
1
1
2
1
3
5
2
1
2
16
1
7
38
2
1
4
2
30
1
2
1
11
2
2
3
2
11
3
6
5
4
2
5
13
1
8
2
1
3
5
16
8
16
4
2
1
18
1
5
19
205
1
11
12
4
2
1
6
1
2
1
6
3
2
1
17
8
1
4
36
2
1
1
3
1
3
5
1
1
2
1
2
1
5
2
4
5
4
17
12
1
18
14
3
8
2
1
2
1
4
1
2
1
4
2
1
2
5
1
1
2
1
5
1
1
40
1
2
3
1
1
1
3
1
2
14
3
12
2
3
5
1
2
7
1
27
8
7
2
2
5
37
1
1
32
1
10
8
21
6
2
1
1
1
5
1
1
25
1
6
2
2
1
12
27
23
2
1
4
2
6
20
12
7
5
7
3
5
2
4
7
5
1
1
2
4
1
22
3
3
2
5
1
3
3
7
7
1
2
28
15
4
1
5
4
1
1
23
2
1
8
3
1
1
33
4
4
1
9
1
6
23
5
2
2
3
6
1
3
26
3
11
6
1
16
1
2
2
5
3
20
1
10
3
5
1416
1
1
2
23
55
2
2
1
1
1
6
6
1
21
1
9
1
1
1
10
5
1
1
6
8
1
3
4
3
2
30
1
3
27
1
2
2
6
2
1
12
4
11
4
2
8
2
7
22
21
7
7
33
2
7
13
1
2
1
3
2
1
1
1
5
24
7
1
3
1
43
45
5
2
3
9
3
1
1
4
14
7
12
11
58
9
1
11
1
4
1
7
4
16
10
4
1
4
2
1
2
5
1
2
6
1
1
2
2
13
4
13
5
3
1
1
2
1
14
2
2
1
45
1
3
1
1
1
5
7
1
3
5
2
1
1
11
4
5
2
4
1
5
5
18
3
2
26
17
5
5
8
4
1
1
2
6
3
10
12
7
1
7
1
16
1
1
4
3
2
9
9
7
6
2
1
3
53
1
21
1
5
2
5
2
4
3
1
3
2
6
1
1
1
5
2
18
8
1
2
2
10
1
3
2
6
1
1
1
5
39
12
3
2
13
12
24
5
2
3
1
3
7
1
14
9
62
1
1
2
8
1
22
59
1
1
2
3
2
7
5
133
6
727
1
9
7
23
1
11
1
4
1
54
27
163
4
18
5
1
3
1
1
17
2
29
1
3
7
15
4
10
2
11
12
5
28
14
2
2
4
8
1
2
1
1
2
1
16
3
4
17
2
1
1
1
3
13
13
11
1
1
5
1
7
2
1
3
1
23
4
3
7
20
10
1
4
6
7
6
16
15
5
1
11
2
1
8
3
4
2
1
20
2
3
1
4
3
1
4
7
1
10
13
23
16
1
9
1
2
1
1
38
2
1
19
1
1
8
1
3
6
3
3
2
2
1
1
5
18
7
2
2
3
1
4
2
12
10
4
1
11
4
45
2
12
2
16
3
4
21
19
5
3
4
1
14
40
1
30
5
1
13
1
3
6
14
2
4
3
2
5
1
9
9
7
24
8
2
1
8
5
2
31
1
1
1
2
15
5
2
1
3
2
1
18
1
3
11
3
1
1
1
1
7
17
2
1
1
13
6
9
6
18
1
8
3
12
43
1
3
4
4
5
44
19
5
2
15
1
12
1
22
2
4
18
1
1
3
1
8
4
4
18
4
1350
1
2
4
1
4
5
1
2
7
1
3
17
10
5
1
3
1
1
16
2
10
1
1
32
1
3
2
5
10
4
1
13
2
2
5
2
1
8
10
1
15
1
1
30
2
5
9
1
2
32
12
22
40
2
2
1
7
7
3
6
1
3
1
6
10
1
1
5
3
2
2
14
2
2
12
4
1
11
4
1
3
1
4
6
8
1
15
4
64
5
13
7
4
5
7
12
6
2
1
24
5
1
2
6
5
4
1
1
21
12
2
2
5
7
10
17
1
2
1
12
2
7
1
7
1
17
7
9
14
2
5
20
2
23
12
1
1
4
7
1
2
2
1
2
10
15
12
1
1
5
1
19
10
1
1
1
4
5
9
1
1
6
14
4
6
1
8
5
14
10
1
3
1
15
2
7
6
6
34
2
1
2
83
4
11
2
1
2
17
3
1
1
4
76
9
32
1
7
2
1
2
2
5
1
21
1
1
6
6
9
1
2
8
19
6
5
2
1
32
3
1
9
1
6
11
3
1
3
19
8
1
18
6
26
3
1
1
7
1
2
1
3
5
1
1
22
11
11
3
9
84
6
28
2
16
1
1
17
3
3
31
6
18
1
3
13
1
16
49
2
6
1
11
1
1
35
5
1
8
37
41
18
3
596
2
5
4
6
3
23
6
23
13
3
6
3
2
34
54
28
2
10
3
14
1
6
50
6
14
4
5
1
1
1
1
11
26
1
2
7
7
2
9
8
7
21
8
28
2
2
1
2
6
9
3
2
9
684
8
3
33
29
405
5
3
8
3
55
4
4
24
8
2
18
38
1
8
4
5
5
28
1
1
116
11
6
11
633
8
1
15
5
3
20
1
10
6
1
16
2
2
55
3
18
6
6
53
9
2
16
14
12
20
9
2
53
3
3
11
1
1
8
1
3
3
2
7
19
6
4
11
1
38
7
6
1
49
11
43
2
1
82
2
4
1505
20
5
4
7
5
3
2
2
2
1
3
1
14
8
6
64
67
2
1
1
6
8
6
1
14
1
4
20
1
7
2
3
7
4
3
10
1
2
5
76
33
4
1
8
1
1
9
6
1
53
20
3
10
9
20
1
26
1
1
9
17
53
17
19
2
2
5
1
15
1
1
2
3
2
16
9
1
5
1
36
1
25
1
21
5
2
2
10
18
1
6
26
19
17
6
6
1
3
26
1
2
14
16
711
1
9
1
1
1
9
8
1
99
2
15
7
11
2
1
26
1
21
15
1
35
1
3
1
1
4
59
20
2
1
9
1
6
1
1635
14
3
1
26
4
22
8
28
63
1
7
3
27
2
8
4
6
40
34
11
1
28
30
4
33
36
4
16
10
2
3
45
35
1
3
1
15
6
11
12
5
1
1
30
10
4
48
2
4
13
6
58
12
10
1
29
11
11
33
2
12
12
6
13
48
16
6
14
2
10
2
4
5
1
251
5
3
6
3
70
1
25
12
4
16
30
3
6
24
4
3
6
4
10
2
12
3
81
32
1
38
2
3
4
9
2
15
26
1
1
1
2
4
8
31
23
1
19
8
19
2
1
13
5
23
1
64
7
15
2
35
1
972
1
5
37
1
1
8
15
13
1
6
5
44
1
2
8
6
1
7
12
1
17
16
4
2
83
1
28
13
11
14
1
10
1
6
3
4
49
1
2
28
23
11
2
2
5
14
23
6
3
5
7
7
17
44
5
3
1
4
22
2
16
8
8
2
3
48
1
2
15
15
45
2
2
2
2
19
5
4
22
8
1
2
8
3
1
3
75
37
18
9
4
5
16
3
5
1
1
20
9
52
28
26
1
1
3
2
119
7
4
16
1
4
63
2
3
23
1
21
16
161
10
6
6
1
53
1
1
6
24
66
49
15
18
2
30
11
14
24
2
7
2
1
3
2
1
7
5
79
10
10
6
46
1
14
38
9
31
22
36
4
6
1
7
2
2
7
38
13
1
2
5
172
18
21
52
16
8
4
4
48
9
21
5
30
17
6
71
9
4
1
1
6
8
66
3
2
14
64
108
8
2
5
5
7
4
5
2
12
36
3
1207
43
16
1
13
6
11
6
14
2
4
3
22
9
3
5
2
1
12
27
4
8
37
2
1
1
7
4
7
38
1
13
1
21
2
3
2
4
12
9
1
4
12
6
4
5
57
14
48
51
64
1
4
4
1
1
8
5
18
1
1
42
3
3
14
44
26
1
2
49
9
1
3
192
2
29
8
22
23
27
1
112
1
14
34
39
15
27
177
10
1
18
3
23
8
5
30
1
46
1
135
21
4
1
48
16
4
5
16
6
5
29
183
3
8
5
2
3
50
7
59
5
1
2
59
6
32
5
5
66
116
52
165
17
5
15
84
46
4
3
9
20
8
1
46
1
23
31
3
20
8
1
5
3
14
1
1
60
25
4
5
3
80
25
5
25
28
90
2
52
7
3
30
3
11
18
3
18
32
11
2
5
41
34
3
11
1
2
5
43
51
6
21
5
6
1
23
14
6
2
33
1
6
22
9
7
15
31
1
6
3
48
3
1
3
2
8
2
26
15
10
11
3
5
39
60
113
7
133
13
25
5
3
7
16
24
3
1
71
34
5
7
7
11
143
19
2
3
2
12
20
1
24
39
1
45
19
3
7
17
42
6
1
1
12
6
15
12
2
2
9
3
43
2
1
4
7
5
192
30
4
10
4
46
95
6
51
3
31
194
8
9
1
64
81
5
56
6
11
1
1
1
1
218
39
39
16
15
72
19
8
27
48
3
1626
1
12
1
11
5
15
59
50
2
19
5
35
2
58
28
1205
12
7
29
4
4
1
1
5
2
54
362
24
40
253
1
1
17
8
35
11
5
21
3
10
17
1
138
70
103
1
3
8
1
16
67
17
3
33
3
7
3
1
3
9
16
165
28
2
18
8
22
2
8
8
22
80
195
3
5
58
5
97
1
66
176
1
16
2
60
46
14
1
17
1
58
35
2
39
67
59
30
33
1
35
9
4
1
4
5
12
75
81
1
32
91
71
1
5
4
12
304
15
34
1
56
5
3
20
1
60
4
3
97
22
27
6
32
123
10
2
4
16
4
27
18
2
73
80
17
7
47
9
10
1
19
21
6
1
47
8
23
39
15
63
45
60
2
1
35
6
13
11
42
29
9
1
76
12
7
16
29
47
26
2
6
2
6
34
17
18
17
6
1
159
2
133
18
23
1
3
1
21
12
1
16
226
2
45
1
69
24
5
17
60
210
13
50
17
8
8
6
6
81
21
61
9
8
81
2
13
2
7
22
2
62
3
8
48
2
21
7
134
1
36
10
8
44
9
2
982
3
38
57
4
10
4
46
21
1
1
15
2
2
5
8
4
1
56
1
31
19
19
4
7
8
1
3
26
6
26
14
3
320
230
107
193
187
18
100
20
62
39
7
27
11
166
90
8
20
21
149
1
1703
2
34
1
151
20
17
1
19
12
10
2
4
6
172
6
37
108
26
1
1
2
7
28
26
19
314
10
26
2
2
2
276
47
6
1
290
8
2
20
7
157
4
34
8
187
33
5
1
63
23
2
25
3
113
7
34
290
44
4
10
301
100
31
2
11
65
27
44
65
109
1
4
23
4
1
1
5
124
13
7
9
6
9
9
1
26
3
1
1
38
1
28
21
59
1
186
1
1
6
9
11
1
4
22
50
39
25
2
73
5
55
68
1
8
1
30
150
2
45
18
2
28
138
47
29
36
35
3
19
53
57
269
22
108
72
63
273
1
27
64
76
46
1
22
26
2
35
1
66
39
279
2
25
19
9
9
264
7
5
145
2
19
103
39
925
13
34
1
11
84
1
28
8
10
4
6
3
1
3
3
48
1
8
17
7
4
198
12
23
132
16
48
201
1
1
5
115
15
53
22
1
85
80
79
13
1
5
11
18
2
76
7
255
96
4
212
7
1
1
52
32
337
9
1
29
7
1
44
93
96
11
3
10
19
2
3
94
10
13
109
1
12
1
45
6
5
3
82
25
6
73
17
7
19
2
57
6
10
8
41
52
17
4
68
89
243
99
10
118
39
26
6
63
8
260
733
10
21
4
7
158
217
1
2
14
40
53
16
10
37
317
85
30
1
20
246
3
12
288
108
14
65
3
89
16
1
35
4
52
3
116
1
21
157
375
7
37
8
178
26
98
4
1
46
1
126
117
358
38
2
120
40
5
74
98
28
14
367
14
111
18
86
11
18
8
47
21
7
1449
113
255
5
20
10
6
434
134
7
1
94
1
18
14
443
2
48
26
89
37
1
118
1335
120
105
115
240
1
11
209
33
5
55
10
1
339
55
5
40
21
2
125
61
1
1
8
33
35
1
135
33
28
9
373
23
199
13
2
30
45
2
89
127
5
117
7
1
20
235
4
63
231
2
1
19
43
7
8
73
1
1
255
65
34
154
22
1
265
66
4
5
20
1
162
4
19
8
19
48
664
4
31
1
104
19
325
80
35
19
84
10
1
14
288
3
353
199
84
168
89
49
88
37
263
25
12
48
24
1
14
7
320
22
8
38
101
161
80
4
35
23
1
144
470
177
415
55
150
1
80
8
4
68
15
299
72
141
32
36
649
39
193
14
17
3
5
6
25
61
65
260
37
56
359
1
89
15
171
46
22
6
2
60
82
311
165
141
3
2
177
7
27
2
3
528
6
694
7
131
23
2
114
15
53
11
10
117
18
69
7
1
27
1
405
105
104
10
446
425
3
1
83
72
271
255
37
744
146
3
191
175
233
483
13
108
5
18
8
683
98
37
48
18
437
6
370
87
12
359
30
7
1
99
305
1
30
33
62
173
58
145
10
859
171
1
416
6
5
18
13
40
40
57
115
228
8
59
65
1
112
98
226
10
1
247
43
12
115
9
101
26
244
125
22
13
18
1
3
310
152
9
12
1
574
1
100
14
5
5
153
18
17
6
33
417
43
27
162
1
8
1
4
1
1
14
7
128
2
19
16
1
2
72
7
21
74
1256
198
30
85
76
150
17
44
1
31
366
207
54
94
387
81
119
82
231
7
5
4
87
1
1219
11
3
33
41
1
155
40
97
16
24
414
56
81
299
6
3
1
170
15
1
328
479
165
4
247
188
172
156
141
294
357
64
12
43
1
6
3
275
9
21
7
48
47
146
370
1175
636
41
7
85
2
5
120
2
224
24
6
53
15
157
4
7
4
2
21
442
165
144
319
8
15
232
149
213
1
165
374
90
112
69
13
3
317
392
2
50
1021
1
66
370
6
8
387
4
421
90
170
984
7
21
396
258
107
331
209
230
32
170
12
89
14
147
62
205
1355
25
8
141
14
41
1118
88
220
6
55
314
211
1217
578
224
95
2
323
82
26
556
26
29
577
559
586
29
27
93
157
31
474
89
355
35
18
164
184
750
367
151
68
179
48
35
431
1
36
93
182
43
184
5
29
72
27
319
301
10
284
148
61
27
118
240
380
202
1
21
110
399
88
104
401
903
553
255
897
63
1376
165
569
827
278
76
579
19
8
22
193
30
502
172
1
26
221
1388
1322
1
1
28
526
14
68
188
1451
44
126
487
120
27
34
813
50
258
113
389
192
24
227
232
1414
11
188
709
1458
160
377
340
241
659
60
83
59
433
33
170
1
486
42
1530
120
850
73
8
163
450
68
42
19
1027
35
429
291
230
137
17
160
9
4
97
219
7
61
287
835
141
1190
1
273
376
46
89
496
340
45
170
236
71
1168
10
755
33
202
14
26
225
694
12
36
75
96
310
644
379
62
130
51
4
62
885
66
6
359
112
26
1088
101
211
108
18
290
53
88
7
2
40
17
624
90
46
230
581
440
133
35
229
13
692
71
733
26
35
128
737
55
67
588
704
11
1014
90
31
113
72
321
208
523
381
346
8
9
144
88
609
679
5
19
57
23
120
315
2
41
3
709
44
510
543
208
918
47
58
121
905
577
18
255
90
1038
174
134
184
68
18
247
79
469
267
194
641
299
172
258
4
707
751
601
486
2
123
6
105
599
152
115
445
19
46
1
904
399
762
145
935
455
219
222
1316
424
126
681
4
66
116
81
673
128
284
73
706
198
361
743
1
502
1070
114
177
185
1090
600
1094
396
263
687
557
1357
8
240
6
293
1091
1574
45
313
60
1062
29
2
3
44
25
1102
490
760
204
16
1138
4
174
363
977
1053
646
275
204
87
1005
163
324
477
94
140
81
16
954
21
279
591
726
720
722
769
1488
10
52
147
202
287
18
103
147
1289
1199
1183
1549
14
138
212
995
4
311
880
3
84
88
9
460
479
921
49
430
200
517
882
1413
930
59
2
543
47
1567
994
264
209
961
911
911
165
638
367
12
831
451
992
823
662
770
762
49
260
1
268
36
1159
1114
1
211
72
304
652
