7
4
74
1
4
10
20
65
3
4
241
9
2
41
28
19
63
9
4
5
11
2
5
49
4
4
67
10
20
33
6
2
1
4
4
5
118
98
11
12
4
9
5
63
4
2
2
7
30
2
2
7
3
1
28
10
22
1
24
10
62
180
39
10
2
22
2
2
39
28
28
2
33
2
1
14
7
18
5
351
381
139
5
25
7
102
4
27
24
8
3
364
8
36
5
15
3
19
15
7
19
13
552
23
4
9
2
12
140
149
7
12
5
51
11
50
6
1
127
4
8
93
3
66
18
11
33
43
3
3
103
238
86
28
1
8
3
9
2
25
11
1
43
143
204
24
2
2
4
10
3
8
2
2
3
9
3
3
3
6
10
30
5
13
2
7
33
5
14
15
22
30
1
354
294
2
7
652
94
19
1
1
24
13
10
1
3
93
1
14
1
51
16
30
1
312
15
3
3
54
4
56
29
2
1
18
11
2
77
368
2
25
30
50
412
21
9
360
5
16
5
25
88
37
2
44
2
5
23
19
459
11
9
4
16
11
2
138
56
4
5
10
19
102
121
8
25
6
19
10
1
8
42
36
4
11
500
62
688
4
1
124
5
150
2
4
153
1
8
65
18
205
8
9
6
7
4
130
3
2
190
1
6
2
2
2
68
89
36
29
22
5
2
318
47
1
72
1
2
33
8
6
78
58
11
13
12
27
4
26
61
148
45
109
1
48
19
95
16
17
65
2
14
419
22
214
9
95
9
18
8
1
50
11
17
4
6
64
7
9
114
40
26
57
8
72
7
43
22
215
76
17
64
2
38
50
15
25
7
12
104
9
7
19
26
5
8
7
8
7
4
2
9
8
105
12
14
5
5
3
152
2
107
19
6
19
7
3
251
1
1
27
4
42
12
39
2
28
190
20
1
5
3
12
25
11
136
3
6
17
15
59
15
15
3
179
75
62
71
38
1
5
8
4
176
25
23
115
191
5
1
3
3
50
3
3
8
44
3
31
7
1
31
56
27
96
2
6
15
15
95
128
200
19
49
2
5
3
18
2
28
63
5
2
8
463
3
2
1
173
18
1
47
41
2
17
2
18
1
112
22
1
3
3
13
93
8
7
27
24
7
32
49
191
1
61
3
19
46
3
3
17
115
162
3
5
15
4
82
30
96
42
60
43
14
13
8
7
2
140
515
4
7
1
79
10
1
17
1
1
50
14
3
23
336
7
104
21
13
5
48
64
9
3
37
1
4
2
17
12
3
2
22
46
3
74
149
34
86
17
677
25
6
14
5
55
11
1
4
32
9
5
31
2
1
33
7
321
26
13
56
48
