15
91
92
67
157
64
164
5
59
2
321
30
18
2
674
27
2
2
38
26
2
76
175
2
431
12
5
8
1
85
10
320
8
171
33
196
4
1
204
1
151
529
9
22
234
9
74
27
2
31
81
4
10
1
96
84
137
17
213
531
17
7
16
77
50
9
79
49
131
604
25
20
88
12
728
258
1
33
96
328
17
44
2
27
1
37
25
151
41
41
402
98
34
1
92
50
6
8
199
414
13
57
28
658
38
77
166
8
79
283
2
9
22
91
41
24
1
442
36
294
20
48
10
76
15
6
283
46
195
11
33
1
58
95
33
187
8
5
16
10
1
69
14
1
104
1
313
20
4
321
220
7
1
4
47
175
3
14
183
48
52
145
9
16
4
74
16
53
36
99
11
476
3
67
8
1
14
33
5
4
2
509
1
49
2
322
10
47
463
33
4
1
222
28
18
56
1
456
1
247
21
6
4
133
6
50
298
117
129
147
21
59
1
1
60
253
18
158
106
7
56
262
5
9
3
69
26
313
103
42
15
10
181
122
12
3
12
2
12
31
2
11
33
354
1
182
428
78
29
135
18
48
39
100
2
40
12
1
20
58
20
1
14
34
2
520
7
272
251
94
2
9
11
8
1
145
2
18
6
137
107
11
14
37
34
67
27
21
24
2
1
7
3
43
57
40
1
131
77
115
2
5
51
1
130
51
96
251
5
5
1
1
4
1
3
1
4
4
1
2
1
1
1
1
12
5
1
1
17
1
1
4
1
1
4
1
2
52
1
1
1
1
1
1
1
1
5
1
2
1
7
2
7
1
1
1
18
1
1
1
22
1
4
3
3
6
1
2
5
6
11
4
1
2
2
1
5
2
1
1
1
3
1
1
1
5
3
16
11
10
2
2
2
9
1
48
1
1
33
2
1
1
1
1
7
2
1
1
3
2
1
31
1
1
1
1
7
1
2
2
1
1
26
1
3
1
2
4
3
2
18
1
67
1
1
8
1
1
2
7
6
2
1
1
1
4
6
1
1
8
74
1
1
41
1
1
2
1
1
1
6
1
3
5
4
1
1
26
29
1
1
1
1
1
1
1
1
1
1
1
3
1
1
3
1
1
1
1
2
2
7
2
1
49
1
3
33
4
3
1
1
1
1
1
1
1
40
1
1
11
4
1
10
72
1
1
20
5
1
19
1
1
1
65
1
1
1
3
1
3
1
1
1
1
2
1
5
2
3
2
1
1
3
2
1
4
3
1
2
2
241
1
4
3
1
1
1
1
1
2
4
25
7
3
1
1
1
1
2
1
2
20
9
2
1
1
1
87
2
1
1
1
1
1
1
4
1
1
2
6
1
1
2
1
1
1
1
1
1
6
1
1
1
1
1
2
1
87
1
1
1
1
1
1
2
1
3
1
1
1
2
1
1
2
1
1
1
1
6
1
1
1
2
7
1
1
1
34
1
8
3
1
2
3
7
5
1
11
41
1
17
10
2
2
1
3
3
180
1
1
1
2
28
1
2
1
7
2
3
1
3
1
1
1
1
2
2
4
1
5
4
5
3
2
1
2
19
7
2
1
1
2
1
11
63
1
1
1
2
33
6
14
1
2
3
1
9
1
1
1
3
2
1
1
2
1
1
5
1
2
5
1
1
4
9
24
2
3
12
2
1
1
1
2
5
4
1
10
8
1
37
2
1
2
2
1
5
2
1
34
1
1
3
1
1
1
2
1
1
6
4
1
1
5
4
1
1
2
1
26
16
1
1
1
3
3
4
1
1
1
1
1
8
3
9
3
7
1
2
14
1
1
6
2
3
3
11
1
1
1
1
1
1
1
5
2
1
1
1
1
1
1
3
10
2
1
1
1
79
1
2
2
1
2
2
6
4
59
1
1
3
1
1
1
1
5
1
2
1
1
44
1
10
3
9
1
1
1
11
1
6
1
1
11
1
13
2
1
1
1
3
1
1
5
1
1
4
2
420
2
1
1
1
1
23
1
72
1
7
4
2
1
8
1
49
1
2
1
3
1
7
3
9
10
3
2
8
1
27
2
1
1
2
1
1
4
1
2
2
1
1
1
13
4
1
22
1
1
1
1
1
1
2
1
1
1
8
7
1
11
20
1
1
1
3
1
7
1
1
1
7
2
1
14
1
1
28
1
1
1
1
2
1
3
19
3
1
1
2
1
4
1
3
3
2
2
2
4
4
1
1
1
1
1
1
1
1
1
1
1
1
8
1
5
67
1
2
2
1
2
58
10
1
1
1
1
1
1
1
1
1
2
6
1
2
40
1
5
1
8
1
1
6
4
2
10
3
1
6
1
1
5
1
1
1
4
1
20
33
7
34
30
1
1
2
1
7
5
64
1
2
1
2
1
1
2
1
1
6
1
2
1
1
5
1
1
2
1
1
2
1
4
2
9
2
54
5
1
1
1
2
6
1
1
1
2
3
2
1
1
2
6
1
2
1
1
3
11
1
1
1
5
6
1
1
2
1
1
1
7
2
1
2
38
2
1
6
4
6
2
1
1
1
2
2
1
1
1
1
1
1
2
1
4
1
10
1
5
11
1
1
5
24
15
1
34
1
8
4
1
1
2
3
67
6
1
1
18
2
3
1
118
1
2
98
11
1
319
3
1
1
11
3
1
5
2
1
2
1
1
1
1
2
1
3
1
3
1
65
3
1
1
1
72
1
3
2
1
1
3
1
1
1
4
1
2
1
1
1
1
2
60
1
1
2
2
9
14
131
1
1
2
1
12
2
1
2
1
1
4
2
1
11
8
12
1
1
1
5
1
1
1
1
1
1
1
9
9
1
1
2
1
1
1
1
1
16
5
8
5
2
1
1
1
1
1
5
1
6
12
1
1
5
63
4
1
3
1
1
3
2
2
10
2
2
1
1
44
2
6
1
1
5
95
1
1
1
3
1
4
7
3
1
12
2
1
1
1
1
13
1
3
1
1
2
1
30
2
2
1
1
3
1
17
8
1
1
9
3
2
4
1
5
1
1
3
3
5
1
22
2
12
2
5
6
1
1
1
4
2
2
1
1
1
2
7
5
1
2
1
2
4
3
7
1
1
1
1
4
1
2
1
3
2
7
7
1
1
3
2
4
2
1
3
5
3
3
3
7
3
75
1
2
7
3
1
1
12
2
5
2
1
1
1
1
8
11
1
8
1
1
1
3
1
1
2
1
5
1
3
1
1
1
1
1
39
10
1
8
1
1
1
1
33
1
3
1
36
2
1
1
3
5
1
1
1
18
28
10
4
22
1
1
1
2
22
1
1
1
1
1
1
1
3
1
3
1
11
18
2
12
1
1
1
2
1
2
12
1
21
1
1
24
2
24
1
1
9
7
3
1
2
1
2
3
1
2
10
2
4
2
275
1
1
7
62
1
1
2
4
1
1
2
2
180
1
3
1
1
1
6
1
39
12
1
1
1
14
1
1
1
5
3
25
1
1
1
1
1
1
1
1
3
1
1
1
1
1
2
7
5
1
1
1
1
20
1
1
1
1
3
2
1
1
13
1
1
2
1
7
1
1
1
1
160
9
75
1
1
1
1
1
2
1
1
1
1
1
1
2
6
3
1
2
1
10
1
8
1
4
1
2
2
2
1
7
6
2
4
4
3
12
1
2
1
1
2
2
17
1
2
9
1
1
1
14
1
3
122
13
5
1
1
8
2
2
1
1
2
1
1
5
40
1
15
4
2
1
1
1
2
1
1
33
1
6
2
1
1
1
1
5
9
1
2
1
2
2
221
1
15
1
19
1
1
1
1
2
1
8
2
4
1
2
20
1
1
1
3
2
1
2
1
1
1
4
1
25
1
1
9
1
1
1
7
1
19
1
1
1
5
26
8
1
1
1
1
3
3
2
1
1
1
96
1
3
1
1
2
11
1
41
8
2
1
1
1
1
1
22
14
2
2
3
1
4
3
3
1
1
2
38
1
1
3
99
14
2
1
1
3
1
10
1
4
1
1
1
3
78
2
1
1
1
1
5
2
1
1
5
2
7
1
4
2
1
1
3
1
1
1
1
1
1
2
1
2
7
1
2
1
1
1
1
39
1
1
1
1
1
6
1
1
1
11
1
2
18
28
16
1
2
1
1
5
1
1
1
2
28
2
1
3
7
2
9
1
2
27
1
8
2
12
1
1
1
36
10
2
2
33
1
1
1
1
1
2
1
1
1
23
4
1
1
1
28
1
1
1
1
4
1
4
1
14
1
1
2
5
1
1
1
1
14
1
1
3
2
1
2
7
21
3
1
1
41
1
8
1
1
1
1
1
1
7
1
1
2
10
1
1
2
3
1
1
3
1
2
1
1
1
11
1
1
1
1
2
9
3
2
1
1
2
14
1
1
1
1
1
12
1
202
1
1
1
3
1
1
6
2
5
1
14
7
1
18
1
5
1
9
1
1
351
3
12
1
3
2
4
1
1
1
28
1
1
1
1
2
1
5
1
1
2
1
2
43
1
1
1
4
10
2
1
1
381
11
13
1
1
4
6
139
1
1
2
1
1
5
25
1
4
1
16
2
3
1
2
6
1
72
1
9
7
102
37
3
54
1
1
4
1
1
1
1
1
1
52
4
1
1
1
1
412
5
27
23
7
1
8
2
3
1
11
1
5
1
64
1
24
1
3
2
1
1
2
3
1
1
1
5
1
4
9
3
2
1
5
13
1
11
1
1
6
2
21
2
1
1
1
3
10
2
1
1
1
3
8
3
1
1
1
1
2
1
1
1
364
2
4
8
2
6
2
58
1
1
18
1
1
1
1
1
1
1
2
1
1
3
1
1
1
6
1
1
1
62
2
1
6
9
3
4
1
2
4
2
1
7
1
1
2
1
1
4
11
3
2
2
1
1
8
7
14
2
2
1
1
1
36
1
1
1
1
5
11
2
1
3
1
5
1
5
3
1
4
2
1
145
1
3
1
1
1
1
2
1
1
12
1
5
18
1
1
1
1
1
2
1
2
4
15
1
12
1
3
1
1
28
3
12
1
2
1
1
1
1
5
4
2
2
1
1
1
1
1
8
17
1
1
4
1
6
35
1
1
4
1
1
3
2
2
2
1
7
1
2
1
1
3
1
2
5
2
1
5
3
1
2
63
1
6
9
4
19
66
1
3
1
7
36
1
1
1
15
2
52
3
6
7
23
22
1
6
55
1
19
6
1
13
13
1
1
2
2
3
2
1
2
552
8
2
1
1
1
1
1
1
8
1
1
1
2
1
3
1
1
1
2
1
1
1
1
1
1
18
1
2
1
1
1
3
1
1
2
1
2
1
157
1
2
1
2
13
2
14
1
1
1
1
1
6
23
1
1
1
1
4
1
2
1
1
1
1
1
1
1
5
6
1
1
1
2
2
64
1
5
3
7
2
1
1
1
1
5
1
22
3
24
1
1
2
1
2
1
7
1
9
1
2
5
1
1
1
1
2
1
2
2
12
3
140
1
1
9
1
5
1
4
1
1
1
1
3
1
1
1
1
1
1
1
9
2
2
17
1
1
1
1
1
2
4
1
1
1
1
2
1
3
1
1
1
1
1
4
149
7
3
12
1
5
2
5
1
1
1
5
70
1
1
1
1
1
15
1
1
2
1
35
51
1
2
11
1
2
12
2
56
1
1
3
1
1
1
1
50
1
92
1
1
1
2
1
1
1
2
1
2
2
6
2
12
1
2
4
1
1
4
37
1
6
1
1
1
1
1
2
2
1
6
1
1
1
1
4
1
1
2
1
1
1
10
1
1
1
17
6
1
2
1
18
1
5
3
1
1
2
92
3
4
1
1
1
1
1
1
1
2
1
1
1
17
2
3
1
2
1
1
2
2
2
15
1
2
3
1
21
1
11
2
1
18
1
1
10
1
1
1
11
1
6
3
11
1
4
1
1
1
1
1
1
1
1
1
8
1
3
1
1
152
4
127
1
1
3
1
2
22
3
4
2
1
2
4
29
8
1
1
1
9
27
1
54
1
1
1
93
1
1
3
5
2
1
4
1
10
38
1
2
2
4
13
1
1
2
2
2
1
1
41
1
1
66
2
18
1
1
1
4
2
173
11
1
3
4
10
2
1
1
1
1
29
1
2
1
1
1
1
1
1
3
6
1
1
1
20
1
1
1
1
2
33
9
1
2
1
1
1
9
2
1
1
1
7
42
1
1
1
1
3
2
6
3
1
1
2
2
10
1
1
1
1
38
1
43
1
1
1
2
5
11
1
1
1
9
1
8
1
7
1
1
1
1
1
17
3
1
1
6
1
1
5
3
1
3
3
1
5
3
4
1
1
1
1
6
1
4
1
1
2
1
1
103
1
3
1
44
16
2
1
4
2
8
12
1
2
1
1
1
1
2
1
7
17
1
3
14
6
2
1
17
238
2
1
2
9
4
8
9
46
20
1
4
86
2
1
1
7
10
3
1
1
2
5
1
5
122
1
51
1
1
3
28
1
1
1
1
2
1
1
2
1
2
10
1
7
6
2
1
8
33
2
1
1
1
1
1
1
3
3
4
2
1
1
2
50
2
1
1
301
1
1
1
1
20
2
1
1
1
23
1
1
1
1
2
5
1
1
1
1
1
107
1
1
1
2
1
3
4
9
1
2
1
3
1
1
2
1
9
1
23
1
1
1
1
1
1
1
60
1
9
2
1
1
1
5
2
1
1
3
6
2
8
7
2
42
4
1
1
13
1
17
11
1
6
1
1
2
1
1
4
11
5
1
15
3
1
2
1
1
1
1
10
1
1
1
1
7
63
1
1
11
1
40
4
29
5
14
1
1
15
1
1
1
1
1
1
42
1
2
25
1
1
7
2
1
1
92
1
1
2
5
2
2
3
1
1
1
1
1
1
1
1
1
1
1
1
7
1
5
1
58
1
1
1
2
2
5
5
1
24
3
11
1
38
1
1
7
1
43
2
1
2
1
1
143
1
3
6
1
1
11
1
1
1
1
1
1
204
1
1
1
5
1
24
1
1
15
2
1
1
1
1
1
1
5
4
1
9
1
3
1
5
4
2
1
1
4
12
1
1
1
3
11
1
4
1
5
4
1
1
1
2
1
1
3
1
1
1
2
1
1
1
1
6
18
1
11
2
4
2
2
72
4
3
1
1
17
2
1
2
1
2
1
2
1
7
1
1
1
118
2
1
10
1
2
1
1
3
9
1
1
1
1
21
10
2
2
1
5
1
1
1
2
1
16
9
1
3
1
8
1
1
1
1
2
1
1
4
6
1
1
1
1
2
13
1
4
3
1
1
1
1
2
9
2
2
8
1
1
1
2
56
1
1
6
1
1
2
3
1
1
1
1
4
1
1
2
2
1
2
6
1
5
1
1
2
9
4
1
1
1
2
1
6
11
1
5
2
1
4
7
1
1
2
1
1
1
2
2
1
3
1
1
1
2
5
13
1
1
6
6
6
1
10
1
383
2
1
2
1
1
2
2
2
1
1
10
2
6
3
1
6
1
3
2
8
1
1
2
3
1
2
72
1
7
1
1
3
3
1
1
3
1
3
1
12
1
25
6
1
13
2
2
1
1
1
2
1
1
1
1
1
1
6
7
1
1
6
8
1
4
4
2
1
2
10
20
53
5
30
1
5
1
3
1
15
2
20
62
2
2
4
2
1
1
1
1
1
1
1
1
1
2
8
1
1
1
1
1
23
13
2
10
1
1
3
1
1
1
60
2
1
1
1
2
9
5
5
3
2
1
1
1
1
1
1
1
13
2
1
103
7
1
1
1
5
61
18
1
1
13
1
1
53
1
2
1
1
1
1
1
3
1
1
33
1
1
8
1
1
4
1
13
21
1
1
5
3
2
1
5
6
1
14
11
5
1
6
18
1
1
8
1
53
10
1
1
7
1
1
3
1
65
6
1
1
37
1
1
2
1
2
2
1
2
1
1
15
5
2
1
1
452
1
26
1
7
22
4
1
18
1
5
1
1
1
3
1
2
3
6
1
95
1
1
5
2
1
1
1
1
2
2
2
1
3
1
1
2
8
4
1
1
2
22
3
30
2
2
1
1
4
1
7
1
1
1
1
1
1
77
1
4
1
1
2
2
3
1
2
4
3
2
1
4
2
1
1
1
4
1
1
354
1
1
5
2
5
1
2
1
2
3
1
4
1
1
2
40
1
1
1
9
2
3
5
1
2
2
2
294
3
1
1
2
4
2
3
14
7
31
8
1
2
8
1
1
2
1
27
1
2
4
1
2
1
1
2
1
1
1
1
1
6
1
9
1
18
1
3
1
1
8
1
19
1
1
1
8
6
5
7
1
1
1
10
1
6
1
1
21
1
1
7
1
19
1
1
1
3
1
1
1
1
1
1
1
2
2
1
1
1
1
1
2
12
1
2
652
6
1
1
2
18
2
1
1
1
1
1
1
1
1
5
2
2
1
13
1
1
3
12
1
97
6
1
94
4
2
3
5
1
1
1
19
1
6
4
37
1
2
8
33
1
1
1
33
1
1
4
2
1
1
1
1
1
1
1
26
18
1
1
2
1
1
2
1
3
24
16
1
1
111
1
3
1
4
1
7
1
1
2
27
3
3
5
33
1
3
8
1
1
3
1
1
1
6
2
1
1
3
13
1
1
2
35
4
13
1
1
1
1
3
1
4
1
1
3
18
1
1
1
78
1
5
12
1
3
2
47
7
1
1
10
1
1
1
2
1
1
1
11
2
1
1
1
12
1
1
1
1
2
3
10
1
1
2
1
4
1
1
1
1
1
1
4
1
2
1
20
6
64
1
1
2
1
1
1
2
1
1
88
309
5
3
1
5
3
1
93
8
8
3
4
2
5
1
1
1
1
1
3
1
10
1
2
520
1
1
5
1
5
2
1
1
1
1
1
1
33
1
4
4
1
5
3
1
1
1
1
1
8
14
179
1
1
1
1
1
1
1
34
1
1
1
1
2
1
7
1
1
1
1
1
6
1
3
51
1
2
2
2
1
1
2
245
1
1
1
8
16
30
10
19
2
13
4
1
2
10
1
1
1
5
50
1
3
5
4
312
15
2
1
1
2
2
1
1
1
2
4
5
1
3
2
1
1
44
4
6
7
1
4
1
1
1
3
5
1
1
1
1
1
2
20
2
1
3
1
11
1
3
1
1
1
3
1
54
25
3
1
4
1
1
5
4
56
1
1
1
3
1
1
130
1
25
1
15
7
15
1
1
3
1
1
1
1
11
1
1
1
29
3
2
1
4
1
2
1
3
2
1
18
3
47
1
3
43
1
1
1
1
21
4
1
1
2
4
2
1
2
1
2
1
1
1
1
2
1
5
1
102
1
1
1
1
6
22
1
1
1
1
3
1
3
18
1
1
2
16
2
2
11
3
2
2
3
1
1
2
1
1
3
1
2
1
1
2
1
3
1
4
1
38
1
77
4
1
1
31
1
1
1
1
1
1
4
3
1
1
8
2
1
6
1
1
1
1
1
2
1
1
2
1
3
1
3
6
1
63
1
1
1
2
1
1
1
4
6
22
1
1
124
3
1
1
47
3
1
4
17
9
8
2
1
3
34
1
1
1
1
2
4
1
1
1
3
1
1
1
1
18
2
1
127
24
1
1
29
1
1
2
368
1
1
1
6
4
5
2
45
1
6
1
1
4
1
1
3
6
1
1
11
12
1
3
115
1
3
5
1
10
1
1
31
56
10
2
1
1
1
25
2
30
1
3
1
1
1
8
2
4
1
4
1
4
1
1
1
6
3
3
5
2
4
31
2
3
1
1
2
1
2
1
2
50
1
4
1
1
412
1
1
1
3
6
17
10
1
1
1
1
1
4
2
1
2
3
1
1
4
4
1
9
1
1
1
1
1
1
2
1
21
1
1
1
1
4
35
1
1
3
1
1
1
1
3
1
1
1
1
2
2
2
1
1
1
4
27
2
18
1
9
1
4
1
8
360
5
9
1
2
8
1
2
16
1
5
1
8
1
3
16
1
4
1
1
1
1
4
1
2
1
5
1
2
2
2
6
3
25
88
1
1
28
1
3
9
1
1
1
1
1
37
5
1
1
6
2
4
1
1
1
1
2
6
2
44
3
2
2
5
23
1
3
1
1
1
2
1
1
1
3
4
1
64
1
1
7
1
1
1
2
2
1
1
5
2
6
2
1
10
1
1
4
1
1
1
1
2
5
3
1
1
5
1
2
82
1
1
1
1
3
19
1
2
1
1
1
2
15
6
7
1
1
1
1
1
7
4
1
3
1
3
1
3
18
459
1
1
11
1
3
1
1
1
1
2
11
1
11
9
1
5
122
1
2
2
1
1
1
20
1
1
1
14
4
1
2
1
1
1
5
4
1
1
1
4
1
2
19
250
2
1
1
1
12
6
6
1
1
1
2
2
2
1
1
3
1
21
3
1
10
1
1
1
4
27
8
4
4
1
4
1
1
1
1
5
1
1
1
1
1
1
3
3
16
39
7
1
1
6
1
1
16
1
2
2
1
1
1
3
1
12
1
1
62
4
4
1
1
1
1
1
180
1
3
2
12
3
4
1
60
1
1
7
1
13
11
7
2
1
2
1
2
1
2
1
1
1
1
1
1
1
3
1
4
1
2
9
138
1
1
2
1
3
56
1
2
23
2
9
1
11
1
1
3
17
2
2
2
3
1
1
3
5
1
2
11
1
2
1
1
1
27
1
17
1
1
126
1
1
101
2
1
1
1
4
6
8
19
1
1
1
1
4
1
5
9
1
1
1
36
2
1
6
1
2
1
1
2
1
1
3
36
1
1
2
1
3
8
1
354
2
2
1
1
3
1
16
7
1
1
301
19
4
1
9
1
1
1
1
1
1
1
1
1
10
1
1
1
1
1
1
1
55
1
1
1
1
4
1
22
5
1
1
1
2
1
1
1
7
1
1
1
1
2
1
19
1
1
1
2
1
2
1
1
102
3
29
1
2
5
1
4
1
1
18
1
1
1
1
1
1
1
1
70
1
1
3
2
1
121
1
1
2
1
4
2
4
2
1
1
19
1
8
1
6
9
1
1
1
13
1
4
1
1
5
4
1
1
2
4
11
5
25
2
1
1
2
1
5
6
3
2
2
1
1
6
2
1
1
11
1
2
1
1
1
1
1
5
1
16
3
25
2
19
1
1
8
1
9
1
1
2
52
1
3
1
18
1
1
18
1
1
1
1
1
1
2
2
1
37
8
2
1
3
1
46
4
1
1
1
1
1
1
10
30
1
1
1
1
1
8
3
22
2
27
1
1
3
1
1
2
1
1
1
83
12
16
1
1
4
4
1
4
3
2
4
2
1
1
1
2
5
4
2
1
1
3
1
1
1
2
8
1
2
42
19
1
1
245
12
6
1
5
3
1
1
3
14
1
1
1
5
1
1
1
1
1
1
1
1
1
1
2
1
1
1
7
2
1
8
1
1
1
1
36
1
1
1
6
1
1
1
2
1
2
1
1
1
2
1
2
1
3
10
29
1
1
1
32
5
1
1
46
10
2
1
6
2
1
1
1
4
8
9
1
11
4
2
1
1
1
3
1
10
1
1
5
1
13
13
3
1
11
1
1
40
1
1
1
500
12
1
29
62
1
1
688
1
1
3
2
3
1
1
4
3
3
1
1
7
4
1
1
1
1
20
6
12
10
5
2
56
1
1
1
51
1
1
3
2
2
1
1
5
1
1
1
2
1
1
2
1
41
24
124
5
2
10
6
1
4
11
1
8
150
1
2
1
1
1
2
2
1
1
1
2
1
1
1
3
1
1
18
2
17
4
1
1
26
34
1
6
5
6
34
2
16
1
7
1
6
13
2
1
6
3
4
2
5
3
2
1
1
1
1
153
1
1
1
1
1
1
1
2
4
1
2
3
65
1
1
1
1
19
5
1
2
1
1
1
1
3
4
2
1
1
1
1
1
1
1
2
2
3
1
10
1
1
5
1
1
2
1
2
1
1
1
1
1
1
8
2
1
3
1
1
1
1
1
12
1
11
1
1
5
65
1
2
1
4
4
1
1
18
1
14
1
1
1
3
1
1
1
6
1
1
1
3
19
2
2
1
1
1
1
1
20
5
2
1
205
1
1
3
1
4
1
8
1
1
1
9
1
117
1
1
1
12
8
1
1
1
1
1
4
1
17
31
4
1
1
6
1
1
20
2
2
1
1
1
1
1
1
1
1
1
49
4
1
3
1
1
1
1
2
1
2
1
2
1
1
1
2
1
1
1
4
1
1
2
1
1
6
1
14
1
1
1
2
47
1
5
2
2
3
1
1
2
3
6
6
1
1
1
1
407
1
1
2
1
1
7
1
1
2
1
8
1
9
1
5
16
1
1
2
1
7
1
1
29
34
2
1
1
1
5
2
1
6
105
1
11
2
1
2
1
1
4
1
1
6
48
1
1
1
16
1
6
1
4
2
1
1
2
1
57
3
1
4
15
1
1
1
6
1
3
20
2
1
130
22
1
1
3
1
1
2
1
12
125
2
1
1
1
1
1
1
3
1
1
1
1
15
15
1
1
1
51
1
1
1
1
7
1
1
3
2
1
2
1
17
6
1
2
2
1
10
1
2
1
2
14
3
1
12
3
1
16
1
10
1
190
17
1
1
1
1
1
1
1
1
2
6
3
4
4
1
1
1
10
6
1
1
1
3
1
2
1
5
1
1
34
3
2
2
1
2
2
1
1
1
1
1
1
17
1
1
13
2
1
4
1
1
1
6
1
1
11
7
2
2
1
9
1
1
1
1
2
2
2
1
6
1
2
4
1
1
1
2
28
42
1
1
2
1
1
2
1
1
3
1
5
1
9
1
7
1
3
1
1
1
1
19
1
2
1
38
2
1
1
1
2
1
1
5
1
9
7
128
5
1
1
1
3
1
1
1
7
1
68
1
4
1
2
1
1
89
12
7
1
2
1
1
1
36
29
1
1
1
4
46
1
10
22
1
23
1
3
1
1
3
1
4
2
1
2
459
1
2
3
1
1
5
4
2
1
1
48
1
14
1
1
1
3
1
1
4
1
1
2
15
307
61
1
8
1
318
1
2
1
16
1
2
1
1
1
1
1
47
2
1
1
1
1
5
1
1
2
47
1
1
8
1
1
2
3
1
1
1
8
1
2
4
1
1
1
72
28
2
1
7
1
1
2
1
78
1
4
1
1
2
4
1
2
1
3
1
1
10
3
1
3
1
1
1
3
1
1
2
2
1
2
1
2
1
11
8
1
71
1
1
1
1
2
11
6
5
2
47
6
2
1
3
240
15
1
1
3
2
11
17
1
2
3
13
33
1
1
1
7
1
12
7
1
1
3
1
10
6
2
3
1
1
8
2
1
1
1
3
6
6
1
1
1
1
1
3
1
8
1
1
6
1
6
1
1
1
1
2
1
1
16
6
1
16
271
2
1
1
1
3
1
2
1
1
16
3
4
1
1
1
1
1
6
1
78
1
5
1
3
2
3
1
1
1
3
1
1
1
4
2
1
1
1
1
1
1
1
1
1
3
2
1
16
1
2
2
5
1
1
1
22
2
2
1
2
3
67
2
1
3
58
1
11
2
1
1
1
1
5
7
1
2
3
1
18
2
1
1
1
56
13
1
1
1
1
1
4
1
1
35
1
10
1
1
1
12
1
1
46
1
4
2
8
1
2
9
27
1
1
1
1
1
1
1
1
1
8
8
1
4
8
1
1
1
1
1
1
2
22
1
2
4
2
1
2
1
4
11
1
2
1
4
26
1
1
2
2
1
1
1
6
2
198
5
1
3
83
2
25
1
1
6
22
1
2
1
1
61
2
1
2
3
4
14
14
1
1
1
1
1
1
1
1
4
2
1
10
1
1
3
1
2
2
1
148
2
1
102
1
1
1
1
3
5
1
1
1
1
1
1
1
1
3
5
2
15
1
1
4
1
9
2
1
2
3
12
1
1
1
1
1
1
2
1
120
22
5
46
11
1
29
1
1
2
1
2
1
3
2
6
2
3
1
1
1
2
1
25
1
3
8
15
2
1
2
1
1
11
1
1
3
3
1
1
33
1
5
1
1
1
1
8
6
45
1
32
2
1
1
8
1
1
1
1
1
1
1
2
109
1
1
1
1
1
1
4
1
28
1
1
6
2
101
19
1
1
1
1
1
1
2
18
1
1
1
1
1
1
2
4
2
1
3
1
13
3
2
1
4
1
6
2
3
33
2
1
48
8
1
13
2
6
1
1
3
2
3
1
2
2
1
6
2
1
1
1
21
1
1
19
3
1
1
8
6
27
23
4
1
1
6
2
8
4
1
1
2
1
1
1
2
1
4
95
1
2
2
3
3
97
1
31
16
2
1
1
1
3
1
6
1
1
1
31
12
3
1
2
1
1
2
2
10
1
1
7
16
1
1
3
1
1
2
17
5
1
1
1
1
4
184
1
1
1
1
2
2
1
34
22
65
2
4
1
3
5
14
5
33
3
1
3
54
419
1
7
1
1
9
4
22
1
1
6
81
1
3
214
2
1
1
2
1
12
3
1
3
1
4
7
1
18
1
1
1
6
1
1
13
71
3
2
1
1
9
6
1
12
2
1
2
1
2
33
12
1
2
2
1
1
1
1
23
2
1
1
3
1
2
1
1
1
1
1
1
1
1
1
5
1
6
103
2
1
1
1
1
1
13
3
1
1
1
1
1
21
4
1
1
1
1
1
95
4
1
6
1
1
1
14
3
1
5
6
1
1
9
1
18
30
2
1
1
1
1
2
1
1
2
2
3
2
8
6
4
1
1
4
1
1
2
1
2
7
5
4
2
1
3
3
1
5
1
1
1
6
1
5
2
7
1
2
11
10
1
1
50
1
2
1
1
1
6
1
1
5
1
15
6
15
419
1
1
1
1
1
3
1
1
3
1
1
1
3
1
15
1
3
11
1
1
1
2
1
1
10
3
2
1
3
2
1
1
1
5
1
2
1
1
56
1
1
1
1
1
1
1
1
1
8
1
1
9
8
1
6
1
67
2
3
1
12
1
1
1
1
5
2
15
1
1
1
2
2
1
170
2
17
1
1
3
1
6
3
1
33
2
1
1
1
6
2
1
1
1
4
1
1
1
109
1
1
1
2
1
3
2
3
1
1
1
1
5
1
1
223
1
1
3
94
1
2
1
1
1
1
3
1
11
1
1
1
12
1
2
6
1
4
1
1
2
3
3
3
31
2
1
1
1
6
64
1
1
5
1
2
1
2
2
1
1
1
1
2
3
3
1
1
4
5
2
1
1
1
21
1
15
3
1
10
17
2
2
5
6
1
1
6
1
2
1
28
7
1
10
24
2
1
2
58
3
3
1
1
1
1
1
1
1
2
4
1
1
1
2
1
9
1
1
2
1
1
2
1
1
2
1
1
6
1
3
1
1
1
1
1
1
5
2
1
1
114
8
1
1
1
4
2
47
29
1
1
1
1
1
1
6
4
1
1
1
1
2
7
40
1
2
1
3
1
1
20
1
10
26
1
1
9
2
1
12
13
34
1
4
20
1
23
1
4
1
1
2
20
7
1
1
1
1
17
1
7
2
2
1
1
1
5
2
1
1
1
1
1
2
1
1
2
28
1
1
1
1
1
4
1
1
57
1
1
8
2
4
1
1
9
1
6
1
12
72
3
6
1
6
1
1
1
3
37
10
57
1
2
1
1
1
1
1
2
2
1
1
1
1
1
8
1
4
4
1
1
2
1
2
1
2
1
1
1
1
2
1
10
2
1
2
1
2
6
1
3
1
3
1
1
1
4
6
1
1
2
1
2
6
7
9
2
3
1
9
1
1
43
3
1
3
1
1
1
1
2
2
1
1
1
2
3
22
1
25
3
17
1
215
1
1
2
2
33
1
1
1
26
76
1
16
1
1
1
1
1
1
2
1
4
3
1
2
1
1
1
1
6
5
3
3
1
1
1
10
8
14
1
1
2
1
7
1
1
7
2
73
1
5
9
1
3
2
1
3
7
16
4
1
1
6
3
1
1
1
2
13
1
1
17
2
8
1
1
2
1
1
1
1
1
1
1
3
1
64
1
1
1
3
2
1
7
60
34
1
1
1
1
1
1
1
1
1
1
6
2
4
1
1
9
1
1
5
8
3
1
1
1
8
1
37
1
1
1
1
12
2
1
2
1
1
20
2
2
12
16
1
1
2
43
38
119
1
26
1
1
2
6
1
3
1
1
1
1
1
1
50
1
2
1
6
1
2
40
15
1
6
2
2
1
1
7
14
14
1
1
1
1
25
1
3
1
1
2
1
1
1
1
1
6
2
1
5
1
14
6
1
1
2
2
2
10
1
20
1
3
1
1
1
1
1
3
24
1
1
1
1
1
2
1
1
1
2
1
7
2
2
4
1
3
1
2
2
4
4
1
3
1
25
1
11
1
2
5
1
3
3
1
2
1
1
1
1
2
1
4
4
6
1
3
24
77
8
1
1
1
3
3
264
27
12
1
4
4
2
1
1
1
1
2
7
36
1
1
20
1
2
1
1
5
1
2
1
13
1
10
2
1
7
1
2
1
9
26
1
2
4
27
24
2
1
2
1
5
2
3
16
1
2
1
24
1
1
2
1
1
1
1
1
2
1
1
1
1
1
2
1
3
21
3
2
6
20
5
1
104
5
94
23
1
1
1
1
2
9
1
3
1
1
1
1
1
3
12
2
1
7
5
19
1
1
1
3
11
1
1
1
10
1
1
1
9
1
11
1
2
1
1
3
2
26
3
1
1
1
1
1
4
9
2
5
1
2
1
1
21
2
1
1
1
8
1
1
1
1
1
2
1
1
14
1
4
1
7
8
1
41
7
1
1
4
1
8
1
1
1
6
1
1
7
3
1
2
2
425
1
2
4
1
1
1
27
2
1
1
1
7
1
1
4
1
1
2
1
4
1
1
1
1
4
1
2
1
5
3
1
1
1
3
2
1
3
1
8
1
1
9
1
1
1
1
1
1
13
1
1
1
1
1
1
1
1
1
3
8
1
1
3
1
1
1
2
1
1
1
1
1
1
1
12
1
1
9
1
36
3
1
2
1
1
2
105
3
1
1
1
10
1
1
12
1
1
5
2
1
1
4
1
5
1
12
2
14
5
1
5
1
5
1
2
1
1
1
1
2
1
1
3
1
1
1
6
1
3
1
1
2
1
1
1
3
2
2
1
1
1
3
1
1
1
1
1
6
5
2
2
17
1
1
4
1
4
1
2
1
1
3
4
1
1
6
49
2
23
1
5
1
1
1
1
1
152
3
2
3
40
3
1
1
1
1
14
1
1
3
11
1
1
1
1
1
2
1
2
1
2
1
1
1
17
1
5
2
174
1
1
33
1
2
1
2
2
2
10
1
1
3
1
2
2
1
1
5
76
1
1
1
1
2
1
4
107
4
1
3
14
1
1
2
2
3
1
8
48
1
1
4
3
1
1
3
2
7
1
1
3
1
1
1
1
1
2
2
1
1
48
19
1
1
1
2
1
3
24
2
11
1
1
11
28
8
1
1
15
1
9
29
2
1
1
2
4
1
4
2
2
21
3
2
2
1
1
1
3
2
6
1
7
83
1
1
2
16
1
1
1
19
1
1
1
1
1
1
6
1
1
1
1
7
1
3
2
1
42
1
1
2
1
4
3
1
73
1
1
1
1
1
1
2
1
35
1
251
1
7
4
1
2
1
1
44
201
1
1
1
1
3
1
2
54
96
1
2
1
1
1
4
1
3
1
1
1
1
2
14
1
44
1
27
1
1
26
1
1
4
1
3
14
1
1
3
2
13
5
1
13
9
6
1
4
2
21
1
1
1
1
1
1
1
7
1
42
1
3
4
1
1
8
1
1
1
3
1
1
1
8
1
1
2
1
1
1
2
36
1
1
4
1
25
1
2
1
1
1
4
1
1
1
7
1
4
4
2
2
1
16
1
1
1
7
1
1
1
47
1
1
5
1
1
1
2
1
8
2
1
1
1
1
1
1
1
1
1
3
1
1
12
3
2
1
1
71
14
2
1
1
24
131
3
1
1
1
133
1
1
4
1
4
2
1
1
1
1
1
1
1
1
3
39
3
3
1
3
1
1
48
1
1
10
1
9
1
1
4
448
1
4
2
3
1
18
1
8
1
2
1
1
2
9
4
1
1
1
2
1
1
2
2
1
1
1
2
1
21
1
1
41
1
1
1
1
2
1
2
1
106
5
1
1
1
1
1
1
2
4
28
1
190
1
1
1
20
1
2
1
4
1
1
2
45
2
1
1
5
1
1
2
1
2
1
4
1
2
2
4
1
196
6
2
50
3
1
1
2
1
1
1
1
6
2
1
1
14
1
9
2
1
5
3
36
1
12
1
255
1
1
1
1
36
3
1
2
1
2
24
1
1
6
2
1
1
102
1
12
19
2
1
8
1
1
8
1
1
1
1
4
2
25
6
1
1
6
1
2
10
1
1
16
2
4
2
1
1
27
1
1
2
1
2
3
11
5
13
1
1
1
1
2
34
1
1
4
1
4
1
1
2
2
5
1
25
6
16
1
1
1
8
1
1
11
1
82
1
1
1
1
1
243
1
1
2
5
1
3
2
1
4
3
1
1
2
13
4
4
9
1
1
5
2
1
1
1
136
1
1
3
2
1
2
6
1
2
1
1
1
3
4
3
1
2
1
1
1
1
3
7
5
3
2
2
3
1
2
6
12
1
1
4
1
2
1
6
1
1
3
2
2
1
40
2
1
5
5
17
24
1
15
1
2
1
1
37
1
1
1
8
3
25
1
59
4
1
7
1
2
2
172
1
1
1
1
1
1
4
12
17
1
15
11
2
1
1
1
2
2
1
1
2
1
1
1
1
10
3
1
1
9
1
1
15
2
3
3
1
13
1
1
2
12
2
2
3
1
2
3
1
2
1
1
22
1
78
4
7
15
3
19
2
2
129
2
1
1
2
1
2
1
14
4
3
1
1
1
6
2
1
1
15
2
1
1
2
1
28
179
1
1
1
1
2
75
1
1
4
6
1
1
32
2
1
251
1
2
41
1
1
4
2
62
3
1
4
1
40
1
1
3
1
1
2
1
1
1
1
2
1
1
18
14
1
3
2
6
13
1
3
2
1
1
1
2
1
1
1
4
114
12
1
1
1
1
1
1
5
3
71
1
1
1
38
1
7
1
1
31
1
1
2
71
1
29
1
1
3
1
7
33
5
7
4
6
1
1
1
1
6
1
1
20
1
1
1
1
1
5
2
8
11
6
1
1
1
4
1
1
4
1
6
6
5
2
4
1
1
103
1
4
8
1
1
1
6
1
1
1
6
1
1
1
6
2
176
1
1
5
5
2
25
1
1
23
1
1
1
2
1
143
1
6
1
1
2
43
4
1
2
1
31
2
2
4
2
1
1
3
1
1
1
1
1
15
3
1
31
115
11
1
1
2
1
1
10
24
191
1
1
1
1
2
12
3
1
1
2
3
3
1
6
1
1
2
2
4
37
10
1
2
1
1
1
1
2
1
2
1
18
9
4
6
1
1
2
5
33
1
14
1
5
4
12
1
1
1
4
7
1
1
1
1
3
3
1
1
2
1
3
3
3
14
3
3
3
1
1
1
1
2
1
1
1
50
1
3
3
14
2
1
2
5
1
1
1
1
1
1
1
1
1
12
8
1
2
1
4
3
3
1
13
1
6
1
5
1
3
1
1
1
1
2
4
1
15
5
2
1
1
1
1
2
1
1
2
1
1
1
1
1
1
8
7
1
3
2
2
2
8
6
3
2
27
1
3
1
32
1
11
6
1
2
1
5
1
1
1
1
2
1
2
1
2
1
25
1
3
1
3
2
1
1
1
1
2
1
4
1
1
1
5
2
1
44
36
3
1
1
1
1
1
12
1
1
7
31
7
1
4
1
1
1
25
1
2
1
6
1
10
1
1
20
1
9
1
3
14
7
19
1
10
31
1
1
1
2
16
1
1
56
1
1
1
1
2
5
1
1
2
35
2
27
1
1
1
6
6
2
1
1
1
16
1
1
3
7
3
1
1
12
96
1
1
2
12
1
1
1
1
1
248
5
9
1
2
5
1
1
6
7
97
1
4
1
1
2
8
13
1
17
11
2
1
8
1
13
4
4
1
1
1
1
1
1
3
1
2
1
1
2
16
1
1
1
2
1
1
1
1
1
4
10
1
2
6
4
2
1
1
1
4
20
7
11
1
2
15
1
15
1
1
1
1
1
1
6
2
1
1
1
95
9
3
4
115
1
1
1
11
3
3
1
1
1
5
2
10
4
2
74
1
1
1
2
29
1
1
1
1
1
3
2
7
1
5
1
1
1
7
3
19
2
5
1
7
1
1
1
4
5
35
128
1
1
1
200
4
2
7
14
2
19
3
4
1
1
19
1
1
2
16
2
2
5
1
1
51
27
3
1
1
7
98
11
12
1
1
10
1
1
1
49
1
21
1
1
2
1
2
5
38
1
2
7
1
3
1
5
1
3
1
2
1
1
4
6
1
1
1
18
1
14
2
6
1
11
73
2
1
2
1
10
2
5
1
43
2
13
1
1
2
1
2
5
1
1
4
2
2
1
4
28
63
1
1
1
1
1
5
3
1
3
34
2
1
1
8
1
2
1
2
7
1
1
1
1
1
1
1
1
2
3
3
1
1
1
1
1
6
5
9
1
1
4
2
5
1
1
1
495
2
18
1
1
1
9
1
8
1
1
1
18
2
1
1
1
1
2
1
3
2
1
1
4
1
70
2
3
1
1
2
3
3
463
1
1
3
1
1
2
17
1
1
2
7
1
1
4
1
1
42
1
1
8
2
20
1
2
1
1
39
1
1
1
153
1
1
3
8
1
5
2
2
2
1
6
3
2
1
1
2
3
1
4
3
1
4
1
5
2
2
1
1
1
1
1
1
1
1
1
1
1
71
1
1
1
16
1
1
1
2
1
6
3
2
1
4
20
1
1
9
1
7
1
1
1
2
1
1
1
1
5
35
27
1
1
173
379
2
1
4
3
2
3
1
1
2
3
1
1
1
1
7
7
5
1
1
1
27
1
1
1
1
4
1
3
1
1
2
1
1
2
1
8
14
26
10
21
1
2
18
1
19
1
1
1
1
1
1
1
1
2
3
47
1
2
1
1
42
6
1
1
41
1
1
2
1
2
1
3
2
1
3
1
38
2
5
4
9
7
6
1
12
1
1
1
6
1
1
15
1
1
3
14
1
1
1
1
1
1
9
4
1
7
1
1
2
1
2
1
1
17
2
1
1
13
1
3
2
1
1
29
6
2
3
1
18
8
1
1
1
5
1
1
1
2
24
2
1
1
5
1
1
1
7
1
1
2
1
1
2
1
7
1
1
3
112
1
22
55
48
3
1
4
1
4
2
1
2
1
18
1
1
3
1
1
1
1
1
1
1
1
1
1
4
1
2
1
2
1
6
3
1
1
3
1
1
1
13
2
1
78
1
1
1
1
4
6
1
4
1
1
8
1
3
1
1
1
1
93
1
1
1
1
8
1
1
1
1
1
1
2
1
1
1
1
1
1
1
2
11
1
1
1
5
3
1
1
1
1
70
4
4
7
1
6
1
8
1
27
1
24
1
3
1
25
1
4
1
1
18
4
1
10
2
25
1
1
7
1
7
2
5
2
3
32
22
1
1
1
9
1
1
3
1
1
11
9
1
1
1
7
3
2
4
5
49
1
1
6
1
191
1
1
2
1
1
3
3
1
1
8
2
51
1
1
10
2
5
24
75
2
1
7
2
1
2
1
1
1
1
1
1
2
5
1
1
1
2
2
108
3
1
1
4
1
4
49
3
1
2
36
1
1
25
2
1
1
1
1
2
97
1
14
19
3
1
7
1
4
1
3
1
7
5
1
1
1
5
1
10
5
1
1
61
1
1
20
2
3
1
2
2
3
2
1
1
4
5
32
1
11
1
3
2
1
19
3
1
1
1
1
1
1
6
1
3
2
4
1
2
46
1
1
5
5
3
5
2
1
5
4
2
1
19
1
2
1
1
2
5
11
12
1
25
1
1
4
4
2
1
3
2
3
1
1
1
3
2
7
1
4
3
1
1
17
1
12
1
1
1
1
16
2
3
2
5
1
1
1
2
1
46
7
1
1
1
1
115
1
1
162
1
1
1
1
1
2
9
1
6
1
1
5
2
2
1
10
23
1
1
1
1
3
2
13
31
2
3
1
1
1
3
1
5
8
1
15
1
3
1
3
2
2
83
4
1
1
1
1
1
1
1
7
1
1
24
12
1
1
82
1
1
1
1
1
1
7
17
1
1
1
1
1
1
1
1
1
1
4
3
30
1
4
1
1
2
1
1
10
1
7
9
1
1
2
1
1
8
2
96
1
1
1
18
9
1
1
46
1
1
1
1
1
6
1
3
42
4
3
1
1
7
8
2
4
4
1
1
1
1
1
4
54
60
4
2
1
2
48
1
2
1
1
3
2
2
38
7
1
1
3
1
19
1
1
1
12
43
1
2
2
1
1
1
2
3
2
36
1
14
1
1
2
6
1
2
2
1
8
1
23
1
1
1
1
11
1
4
5
34
1
1
14
1
2
1
2
1
3
1
1
2
2
3
1
3
4
1
165
5
1
5
4
2
16
1
1
5
24
1
1
6
5
2
1
9
1
1
1
1
1
13
6
8
1
1
1
2
3
1
8
1
2
2
1
1
6
1
1
1
6
32
1
2
1
1
9
1
1
4
1
1
1
2
1
3
4
2
1
2
1
7
3
2
1
1
20
1
4
1
1
1
3
12
1
1
7
1
10
1
7
4
1
1
7
22
1
2
10
1
1
3
1
6
4
1
1
1
1
5
2
52
1
2
32
4
5
1
2
1
140
2
1
2
1
1
1
2
4
2
4
1
1
1
47
2
1
2
1
2
5
1
3
10
515
3
1
3
4
1
11
16
1
1
1
4
1
1
12
1
1
1
1
2
1
1
1
1
1
2
1
3
8
2
1
2
4
17
3
1
1
36
2
1
1
2
1
1
1
1
1
2
1
3
1
1
1
7
2
10
1
6
4
2
4
2
2
1
7
2
1
5
4
9
1
119
26
1
1
2
1
2
1
2
2
1
1
1
1
2
1
1
1
2
5
4
1
1
1
110
4
3
6
4
79
3
4
2
1
1
1
1
1
3
1
4
13
9
1
3
1
3
7
10
1
4
11
2
9
1
3
1
1
2
1
4
1
3
1
1
12
3
3
1
5
2
1
1
1
2
1
1
1
2
5
2
11
1
11
2
1
1
1
1
1
1
7
1
1
1
2
1
2
2
17
2
1
1
12
1
7
4
3
44
1
1
1
1
1
1
1
5
1
84
1
1
9
4
1
1
5
1
1
1
1
85
1
1
2
3
1
79
42
6
3
24
1
1
2
5
1
2
1
2
1
5
1
35
31
1
2
1
6
1
32
1
6
9
1
2
1
1
1
1
24
34
1
3
1
4
1
1
4
1
1
8
1
1
1
1
5
1
1
1
2
1
1
1
1
1
33
2
8
1
14
50
1
2
2
3
1
2
1
1
3
1
1
1
1
1
1
2
6
9
1
1
1
6
1
1
14
1
1
1
1
1
3
1
2
1
2
1
1
1
1
1
1
5
1
1
10
2
1
1
1
1
1
1
1
1
9
2
4
1
1
2
62
1
3
2
3
3
23
1
23
1
1
1
1
1
1
2
1
1
1
1
3
1
8
1
3
1
1
4
9
7
16
1
1
4
1
1
1
1
1
1
1
1
1
1
1
2
1
3
10
1
3
15
1
6
1
1
1
1
336
1
1
1
2
4
61
7
24
1
10
12
1
1
1
3
25
104
5
1
5
1
1
1
3
1
11
1
1
23
6
1
3
1
8
2
1
2
3
1
4
7
1
1
1
1
8
1
2
2
1
1
1
1
3
1
1
3
3
21
13
5
1
1
2
48
2
1
4
8
1
1
1
64
1
1
2
5
4
9
7
1
1
3
1
1
5
1
1
1
2
3
12
1
1
23
2
3
2
3
2
1
10
2
1
1
1
1
1
1
1
1
1
3
2
6
3
1
1
6
3
3
1
1
37
2
29
1
1
1
1
1
1
3
1
1
5
4
2
1
1
2
34
1
1
1
1
2
17
7
1
94
1
36
3
4
6
8
1
1
2
1
2
2
1
7
1
1
1
1
1
39
1
5
1
4
43
2
5
1
1
1
1
1
1
17
1
12
2
2
1
1
1
1
11
5
3
2
3
3
7
6
1
5
1
1
1
2
18
11
55
1
1
2
1
35
1
2
6
1
2
1
1
1
2
1
1
1
3
7
1
1
1
1
15
1
1
23
1
1
1
2
1
7
1
1
13
1
3
1
2
1
2
1
1
2
2
13
13
1
22
5
1
1
1
27
3
10
2
1
1
1
2
2
1
20
1
11
1
5
1
1
46
8
1
6
3
1
1
1
1
2
2
1
1
1
1
8
1
1
2
1
1
1
2
3
1
43
2
1
2
7
6
1
2
2
1
1
1
7
4
2
2
1
3
1
1
2
5
2
2
19
5
1
1
4
1
3
2
1
3
10
1
2
1
1
2
2
1
1
1
1
2
1
74
1
19
210
5
1
1
2
2
8
2
14
1
12
1
3
1
1
1
8
1
3
1
30
1
8
1
3
1
9
2
10
1
1
1
1
1
1
2
22
1
4
25
2
1
3
1
5
1
1
9
1
5
1
2
51
4
1
2
112
7
1
1
1
149
2
184
1
1
1
2
4
1
7
2
1
1
1
5
5
1
1
1
2
1
2
1
26
2
3
2
3
1
4
6
1
4
1
38
3
1
3
2
2
15
2
2
2
1
1
1
34
40
3
1
1
7
1
1
1
1
2
2
67
9
2
1
1
10
1
1
1
2
1
2
1
1
1
1
1
1
2
1
4
2
1
2
1
2
1
2
2
2
1
182
1
1
1
1
5
1
1
1
1
1
1
4
16
2
3
5
1
1
4
1
1
1
1
1
1
86
3
11
17
1
2
68
24
6
1
2
8
8
1
1
1
81
49
1
1
1
677
1
1
7
29
1
4
3
9
1
25
1
1
1
19
2
1
1
1
1
1
1
30
2
1
1
1
1
1
3
1
1
1
1
102
5
1
6
1
15
34
1
1
1
1
1
2
1
2
135
10
14
2
14
1
3
1
13
5
1
1
1
6
2
5
5
1
1
1
1
1
1
1
2
1
1
1
1
1
4
1
1
1
1
55
1
3
10
6
1
1
53
11
1
1
1
2
2
5
1
1
7
3
1
1
2
1
23
4
1
1
1
2
2
1
1
6
1
1
1
1
2
1
1
1
1
1
3
45
3
1
1
1
1
3
1
2
2
4
2
3
1
23
1
14
1
1
1
2
41
1
3
1
12
1
1
1
1
32
3
22
2
1
1
1
1
26
4
10
1
1
1
1
1
1
3
1
1
1
1
1
3
2
1
1
1
9
1
2
1
1
4
3
2
2
1
1
2
1
1
1
3
5
31
2
4
1
1
35
1
1
1
1
1
1
1
39
2
1
2
5
1
1
1
10
2
14
14
1
1
1
3
28
3
33
1
5
1
3
1
1
4
9
5
1
5
1
1
3
1
1
8
7
1
1
30
9
1
27
1
1
4
16
1
321
5
55
2
5
1
1
1
3
1
1
1
1
1
1
8
7
1
1
26
1
1
17
3
3
2
1
4
38
1
1
5
1
10
1
85
2
111
2
1
3
13
3
2
3
1
1
1
1
1
1
2
2
1
1
1
1
22
1
56
1
1
1
2
1
4
1
1
48
1
1
1
1
2
1
1
4
2
2
1
2
30
1
4
1
43
1
4
1
2
