1
1
1
1
9
8
4
1
5
2
1
9
1
2
1
1
2
1
3
3
1
5
2
5
3
3
1
5
1
1
9
8
3
6
1
1
2
18
7
4
2
1
4
5
1
42
4
3
1
14
1
6
1
4
3
9
4
4
6
30
4
8
8
16
7
25
3
1
29
5
1
11
1
9
4
2
4
2
1
1
1
8
15
21
1
2
3
3
2
1
2
3
9
3
1
1
11
3
1
1
3
10
1
14
3
20
1
3
3
18
2
9
15
2
6
2
2
1
4
1
9
1
2
3
4
2
7
1
6
1
13
9
1
7
14
2
9
4
2
2
2
2
11
3
1
1
26
30
2
1
1
1
4
7
1
3
7
1
2
7
7
2
22
4
1
2
2
2
4
14
1
1
2
2
26
3
21
3
1
1
2
1
1
2
6
16
1
2
1
2
6
10
2
1
2
9
2
5
11
1
4
8
2
2
5
2
3
4
2
5
2
9
18
8
1
2
3
1
8
1
1
1
25
3
2
5
7
1
8
7
15
7
12
1
8
1
5
1
3
27
28
3
3
1
4
2
5
4
2
13
16
11
4
4
4
4
3
2
2
3
1
2
19
4
15
27
1
1
1
2
2
11
8
1
16
2
3
1
25
1
3
2
1
2
5
9
2
1
7
1
3
5
1
6
2
12
1
1
2
17
1
4
3
1
1
1
2
3
8
3
2
4
3
9
12
2
8
9
5
11
3
1
2
2
17
2
4
2
45
17
3
30
5
1
3
42
3
2
2
1
1
1
16
5
1
1
7
6
1
3
12
7
19
1
2
5
1
2
14
2
2
2
17
15
9
2
9
3
1
9
3
8
1
3
3
1
19
31
7
2
7
4
1
1
2
5
1
5
8
3
2
2
2
22
7
8
2
9
5
3
3
23
3
1
14
2
9
1
6
7
2
2
1
4
1
2
1
5
2
2
1
4
5
2
2
6
1
20
5
2
4
5
11
5
23
1
3
6
3
4
3
5
3
23
3
3
29
4
5
4
6
1
2
1
1
5
33
2
1
6
8
2
12
1
7
9
2
1
17
1
5
8
3
1
1
6
25
24
6
7
18
10
5
1
1
15
6
3
7
1
10
10
20
1
2
2
1
2
2
13
1
12
2
8
1
1
14
21
1
13
1
7
5
1
1
2
1
2
3
1
3
5
16
11
10
3
1
5
2
2
10
4
4
10
1
2
1
19
3
1
1
1
2
1
17
35
22
3
18
1
4
2
3
10
2
1
4
2
4
3
4
3
1
4
2
26
5
4
2
2
32
1
1
3
12
1
44
2
1
10
1
8
4
2
9
2
1
1
16
2
1
4
10
4
3
4
6
5
2
1
2
7
2
4
6
8
3
2
17
1
1
1
7
2
2
8
11
3
2
1
7
2
3
6
2
24
3
1
1
1
2
1
44
1
10
1
27
2
5
2
1
15
2
1
11
2
2
1
2
3
1
10
1
7
1
1
4
3
1
14
1
4
1
13
7
1
2
1
1
1
6
2
8
2
1
4
2
4
5
1
1
10
2
1
2
2
2
39
1
3
5
17
4
2
22
11
3
21
1
7
2
2
5
12
28
1
4
4
1
12
2
1
3
1
3
15
1
6
7
6
2
6
3
6
2
3
4
4
7
1
2
8
3
1
7
5
1
15
1
10
2
2
7
1
1
6
2
29
2
2
3
3
35
27
1
2
2
1
1
1
3
2
15
26
1
4
17
1
1
3
47
2
4
2
1
2
4
1
1
5
1
1
5
1
3
1
1
2
3
1
4
1
12
39
4
6
2
1
2
2
2
10
3
6
8
1
1
7
7
2
2
1
23
4
4
2
5
7
6
1
4
2
2
6
2
2
10
2
2
6
3
4
6
16
2
4
9
4
6
1
1
9
2
11
2
3
2
7
5
10
2
3
7
4
2
36
7
2
6
4
1
8
1
21
1
4
2
31
1
24
26
2
2
6
2
11
10
11
9
1
6
1
1
2
9
20
1
1
6
2
1
3
8
6
7
1
12
2
2
28
39
6
41
5
2
2
15
3
2
1
1
3
1
11
17
1
16
4
3
2
3
2
1
12
11
4
7
12
15
1
3
16
16
6
2
3
3
5
2
3
17
5
3
3
6
1
5
1
3
1
1
3
6
5
1
1
3
1
2
2
1
6
18
17
5
1
9
1
30
4
1
25
2
2
11
1
13
6
6
3
1
1
7
14
10
4
25
1
2
2
9
22
40
2
4
3
1
3
16
13
31
2
3
1
23
1
1
7
2
1
5
10
12
1
2
31
1
2
1
13
2
6
3
1
3
4
18
8
9
9
1
7
9
2
29
2
3
1
7
1
12
3
2
4
3
1
3
2
33
3
6
1
3
29
3
8
27
2
8
6
4
6
3
1
6
9
2
1
2
3
1
1
7
2
39
8
4
19
1
3
4
1
4
15
2
1
2
27
2
14
9
1
2
1
1
2
2
2
9
17
1
3
1
1
12
13
4
3
1
13
1
14
5
1
2
17
8
15
9
5
8
10
1
7
3
3
8
2
8
13
1
1
2
6
9
5
9
1
2
2
1
2
16
5
1
10
16
25
5
4
4
3
12
10
2
1
85
3
15
5
2
4
3
18
28
5
8
1
6
3
10
24
1
1
3
2
3
3
13
29
15
3
1
4
6
3
20
2
2
5
19
6
1
1
5
10
2
3
4
3
2
3
1
1
10
3
1
3
5
3
1
4
4
11
2
8
2
3
7
3
4
7
12
1
2
1
13
11
2
1
1
15
6
8
2
3
26
1
3
5
19
1
7
5
4
1
14
28
2
12
5
1
3
2
9
1
5
16
10
8
1
2
4
1
29
5
6
1
35
4
4
2
3
1
23
5
7
7
2
2
1
12
40
15
2
2
7
1
4
2
4
1
19
1
2
2
32
2
9
9
2
1
11
3
3
1
2
3
1
1
19
2
2
4
26
9
14
8
4
1
9
3
2
3
2
13
9
3
4
6
1
2
7
2
7
6
1
2
6
3
3
3
3
15
8
2
3
1
4
3
2
3
1
2
18
1
7
2
12
1
8
9
5
34
1
11
3
2
5
6
14
3
1
5
69
2
2
6
5
7
1
9
1
4
7
1
2
10
3
1
1
2
1
11
3
4
9
1
1
1
2
16
4
2
1
4
1
6
6
2
13
2
12
7
6
6
3
1
3
10
1
2
8
1
1
4
3
1
17
5
15
4
4
13
12
10
7
11
7
15
2
11
1
1
2
2
5
1
3
1
2
5
14
1
14
26
1
4
1
3
1
3
1
12
1
2
5
2
5
2
1
26
2
5
5
2
2
1
3
4
6
2
5
10
1
1
8
1
8
1
2
6
10
1
1
7
23
12
2
24
1
4
7
1
2
2
2
1
2
1
4
2
4
4
14
2
3
4
2
1
27
4
16
16
1
1
3
1
5
2
5
1
1
2
4
1
4
2
1
1
11
1
42
3
8
10
6
1
4
1
7
67
2
1
6
1
8
3
2
1
2
5
7
1
3
6
9
4
1
21
2
2
4
9
4
36
1
9
4
3
1
6
2
2
2
4
2
13
3
15
1
1
8
7
2
2
13
4
9
3
12
13
15
4
3
1
9
1
2
2
2
1
3
12
12
1
37
1
4
2
6
2
2
1
2
7
17
2
6
11
2
9
1
30
2
2
1
8
9
1
3
1
6
3
12
2
3
1
2
9
2
4
1
9
1
12
3
1
25
32
5
3
1
3
1
21
9
2
28
7
1
4
26
1
6
19
3
16
6
2
1
3
3
17
7
2
6
7
21
15
1
40
2
14
23
3
39
13
2
3
2
4
4
2
1
8
1
1
1
5
2
2
2
1
1
1
2
2
24
1
1
11
13
23
9
1
2
1
23
1
3
4
1
4
1
11
1
1
1
1
3
1
4
1
5
14
3
1
8
1
1
3
1
7
4
6
3
7
9
2
9
5
1
6
2
2
12
1
14
13
6
1
7
1
5
2
2
4
5
2
5
2
1
2
2
7
3
3
1
2
1
5
4
6
6
17
3
4
10
2
4
5
5
5
6
1
1
2
3
2
1
1
3
1
1
2
4
3
3
2
7
1
1
2
13
1
1
3
7
2
4
3
3
2
1
2
16
6
1
2
2
11
1
2
24
1
2
1
3
2
1
1
5
3
44
13
1
7
7
4
1
1
4
2
7
1
12
9
6
59
15
5
6
2
10
4
3
3
22
1
3
3
14
3
3
5
3
1
3
5
32
4
3
1
1
6
1
21
1
1
3
8
2
1
13
6
4
1
1
2
10
6
1
3
2
5
10
9
1
1
8
3
1
3
15
1
3
6
18
14
16
1
4
10
2
4
3
1
9
29
20
1
4
1
