1
2
2
2
11
3
1
2
5
2
1
2
1
15
1
2
3
2
2
1
3
2
2
5
2
1
2
2
2
1
4
2
1
6
2
1
2
2
2
1
2
3
1
10
1
2
3
3
2
2
4
5
1
5
9
2
2
4
6
3
1
3
1
13
4
1
6
2
3
2
1
1
2
3
1
1
2
4
2
11
1
1
9
1
3
3
1
1
3
2
3
8
1
3
4
3
7
1
3
1
2
1
4
5
2
7
2
2
2
3
3
1
7
4
2
3
3
3
1
8
4
4
5
1
2
3
12
2
2
3
2
3
1
1
1
11
1
1
4
11
2
1
2
2
3
2
1
1
2
1
1
4
2
1
1
8
2
1
2
1
3
2
3
5
1
2
5
2
1
1
3
1
2
3
1
7
1
9
2
1
2
4
2
10
2
2
2
2
2
2
3
1
2
1
3
4
3
1
2
15
1
2
1
9
8
3
1
1
3
2
5
3
11
5
1
1
1
3
5
1
2
2
2
1
1
2
1
1
1
4
1
2
12
1
1
2
5
11
2
4
1
1
2
1
4
4
4
1
1
3
2
6
1
3
1
10
1
2
1
3
15
1
1
6
9
2
2
2
1
1
1
1
3
1
9
1
1
4
3
1
1
3
2
1
3
1
1
8
1
1
1
2
1
13
1
1
1
1
2
1
2
3
2
13
7
22
7
2
4
3
2
2
1
7
8
4
17
9
7
1
3
1
5
7
1
2
2
2
3
3
1
5
2
5
5
2
5
1
4
2
1
1
5
4
6
6
1
1
2
17
1
2
1
1
1
2
1
1
5
2
8
10
3
1
1
2
3
2
1
1
11
2
4
1
3
6
3
2
1
1
1
15
1
1
3
3
2
11
1
2
1
2
1
2
7
4
1
3
2
2
20
6
14
1
3
3
1
2
1
8
3
3
2
1
5
3
2
4
3
1
3
2
1
2
4
