116
50
22
8
2
25
331
28
64
1
16
1
28
5
183
35
5
26
25
8
3
3
1
94
9
2
1
2
4
11
1
8
3
49
71
31
30
148
16
196
3
32
1
34
2
2
6
7
5
6
9
6
2
2
3
1
15
117
2
1
64
33
66
1
1
76
3
80
141
1
30
1
33
7
15
4
29
1
24
2
6
7
55
12
15
52
63
14
112
15
3
1
101
1
10
4
3
169
15
49
1
53
98
1
1
286
3
35
7
2
81
174
8
45
122
9
2
1
46
2
1
2
210
41
445
24
399
34
3
16
244
1
2
154
14
101
3
13
3
1
442
18
1
2
21
26
83
121
32
24
2
7
1
21
44
10
2
2
123
32
4
8
3
111
6
6
14
183
14
2
1
2
78
19
9
91
91
55
5
6
162
13
4
39
63
10
9
1
47
28
13
6
5
1
5
44
43
12
32
13
1
15
3
20
3
17
1
1
1
5
11
11
3
3
28
49
1
25
3
2
18
30
49
7
14
7
39
1
2
29
3
44
92
9
84
121
2
1
12
1
22
14
84
2
49
3
4
10
20
115
5
10
9
10
4
5
5
51
14
35
56
16
1
1
266
2
1
41
50
2
6
39
2
2
8
6
38
4
379
1
18
1
9
1
416
3
26
5
2
31
6
2
20
11
33
2
27
31
6
10
15
3
3
1
9
23
3
2
2
15
2
44
218
1
145
118
2
19
37
7
5
21
69
3
28
2
9
58
2
10
4
2
5
334
58
12
20
3
5
3
3
28
1
3
1
41
2
29
67
1
1
2
12
17
180
2
24
55
2
2
2
8
4
63
6
4
35
52
13
30
43
5
30
1
5
293
6
4
70
5
9
25
13
65
85
405
7
1
7
3
2
4
147
13
1
20
52
22
2
7
1
64
88
42
42
5
6
26
121
217
33
51
2
1
17
4
13
90
13
3
2
2
5
2
99
351
1
12
11
1
81
102
1
2
25
22
116
2
1
23
3
8
31
7
2
2
221
35
1
109
2
192
3
6
7
29
28
152
8
13
14
13
7
5
181
4
23
5
113
50
11
81
8
1
22
2
11
76
10
3
167
4
17
1
11
1
37
7
206
4
12
3
33
9
1
8
16
2
188
55
104
24
8
7
10
1
123
22
204
2
1
2
10
48
5
83
3
5
123
10
2
3
7
38
11
3
2
2
40
7
2
13
12
85
1
1
159
28
2
1
222
3
2
8
2
6
1
3
2
1
36
1
4
1
71
5
4
7
3
3
6
304
6
2
259
2
16
2
2
2
53
55
70
76
424
2
1
19
2
2
1
6
24
23
8
7
23
115
322
144
82
5
2
61
6
79
1
2
2
5
9
23
10
7
79
3
11
10
7
6
1
125
82
25
2
36
26
44
231
6
2
7
30
120
1
7
5
1
89
1
2
21
1
4
14
3
5
55
1
4
2
6
4
4
15
9
46
5
4
53
51
5
1
101
22
22
73
15
10
148
5
82
203
53
107
4
1
42
7
1
132
25
2
14
83
33
10
124
34
120
6
4
105
3
27
2
5
1
24
5
403
16
19
4
3
128
5
5
8
72
60
88
12
12
425
38
152
51
7
2
10
42
8
4
1
54
3
373
2
7
2
3
3
1
4
1
164
249
1
75
1
7
2
3
122
13
5
1
85
8
8
76
26
325
73
53
6
19
119
3
19
26
2
1
7
1
15
13
7
4
9
2
9
10
74
1
43
1
2
2
18
6
9
2
2
6
431
44
1
53
43
6
156
45
5
15
1
3
3
16
2
6
3
195
5
61
44
26
5
61
6
7
4
2
1
74
18
1
6
1
97
114
7
2
22
9
73
4
9
110
2
7
4
7
44
49
72
1
339
24
2
2
328
1
47
1
60
90
33
3
12
1
6
2
47
6
9
2
3
28
61
9
2
1
16
104
28
127
38
90
7
58
104
173
32
6
18
2
42
368
12
2
9
28
1
59
40
92
104
10
18
63
10
1
149
42
11
43
75
34
1
75
1
8
49
4
310
28
2
2
8
51
8
5
1
35
22
6
2
4
4
132
12
17
1
95
4
81
1
4
13
133
9
34
8
70
56
4
9
4
11
32
54
22
38
1
3
24
62
15
3
2
91
26
21
146
4
1
1
40
1
45
11
8
11
74
10
3
7
1
40
7
4
2
88
75
26
3
2
8
14
8
6
7
1
3
14
304
1
19
2
28
18
9
3
65
39
4
316
2
6
154
89
3
2
1
3
3
84
111
11
1
4
4
58
48
11
1
34
60
2
78
14
3
7
76
6
19
3
58
8
38
2
3
440
86
23
299
27
5
38
189
106
177
2
5
3
12
45
37
152
10
38
56
1
46
44
1
1
17
42
110
181
73
8
1
13
50
10
43
8
10
204
323
2
1
15
2
2
195
42
309
23
73
63
1
2
240
155
359
65
9
20
8
13
2
1
2
73
375
42
12
6
13
1
9
1
67
55
1
1
15
25
2
71
1
2
2
2
6
187
15
42
129
17
16
31
9
3
9
75
5
2
22
7
15
68
7
20
25
1
3
4
8
87
66
12
8
15
70
34
4
1
5
126
1
15
2
2
36
71
52
43
2
165
14
39
1
24
52
43
3
6
3
5
99
31
14
4
5
105
27
21
84
1
35
7
5
32
6
8
2
16
4
2
58
112
60
16
2
12
39
7
6
11
27
4
369
360
3
20
80
107
16
101
79
3
1
1
53
4
5
73
20
2
10
32
1
7
98
33
271
5
18
1
65
20
1
28
3
9
1
2
26
69
20
5
246
48
3
48
2
1
418
174
6
7
7
2
13
2
7
30
2
20
1
1
53
1
176
1
13
6
17
3
2
28
2
10
1
1
29
161
208
1
4
6
125
2
4
24
2
4
5
4
37
77
79
154
2
1
8
7
6
19
2
8
3
136
3
4
2
16
8
2
1
364
1
1
20
2
1
2
1
5
27
3
1
6
10
1
1
54
5
8
12
316
23
45
30
127
10
13
7
1
3
2
36
2
3
9
1
125
190
44
10
10
2
4
10
16
6
32
5
19
41
1
32
2
9
55
10
2
16
1
1
1
6
4
10
5
49
108
15
18
56
1
32
4
85
6
9
1
51
148
4
2
128
222
4
4
3
28
5
2
2
15
1
1
1
3
5
13
61
7
12
4
6
55
1
2
40
6
431
45
16
2
200
2
68
11
95
28
1
13
156
69
139
7
256
1
124
2
3
16
3
14
31
1
1
3
31
1
78
21
9
121
72
41
13
2
26
1
1
26
96
11
278
9
38
1
5
4
11
3
64
17
4
