2
1
1
1
4
2
3
5
1
1
1
2
2
1
4
2
3
7
1
2
4
2
2
1
5
1
1
2
4
1
6
4
3
4
2
3
2
2
1
2
2
7
8
11
2
7
3
1
8
2
9
1
1
2
2
3
2
1
2
2
3
5
10
8
1
1
3
2
7
2
1
4
3
2
4
8
3
3
11
2
1
9
1
5
6
22
4
1
3
1
3
1
2
1
2
1
2
6
23
2
5
5
16
1
8
4
6
1
2
1
6
2
2
1
1
2
1
3
14
6
3
2
7
6
2
2
1
1
3
1
2
5
1
4
1
8
4
7
1
2
1
1
1
2
2
2
10
3
1
2
3
3
2
4
1
2
1
1
1
3
1
4
1
7
1
1
5
1
3
2
1
2
2
1
7
6
2
1
1
1
1
2
3
7
1
6
2
11
1
4
1
1
2
2
1
3
2
2
4
4
7
2
3
2
4
1
2
4
2
2
2
10
1
1
3
2
1
1
2
3
7
2
2
3
1
1
6
7
1
4
1
5
6
4
1
1
2
5
1
1
1
2
1
8
3
4
6
2
1
2
3
1
1
1
2
3
2
15
18
1
1
8
2
5
3
1
2
1
3
4
5
1
2
1
1
1
1
17
8
1
3
2
3
2
1
1
1
2
2
1
2
1
1
6
1
2
5
2
8
4
1
2
8
2
1
3
12
7
1
1
1
8
7
3
21
1
1
8
2
2
2
3
7
16
4
2
1
1
2
2
1
1
3
2
2
5
1
2
2
4
3
2
1
3
1
3
18
5
2
6
1
1
5
2
1
1
2
1
2
1
1
1
5
1
3
2
2
1
2
10
1
2
2
5
1
1
2
2
1
4
1
1
2
1
1
5
8
3
13
1
1
1
1
5
1
2
17
3
2
2
1
5
1
3
1
10
2
1
17
1
1
1
2
3
3
1
1
1
3
2
10
2
12
5
1
6
1
1
3
1
2
1
1
1
2
1
8
1
6
1
5
2
1
2
3
4
5
1
1
3
15
1
2
1
1
3
17
2
1
7
6
21
4
1
1
17
4
3
3
1
5
2
1
5
1
1
7
9
1
1
3
1
10
7
1
7
2
6
1
2
1
2
2
1
1
2
1
1
3
1
1
25
2
1
2
2
20
2
1
1
2
5
3
1
6
2
3
1
3
2
6
1
1
3
1
1
1
1
2
2
2
2
11
1
22
7
1
2
1
1
3
1
1
1
3
1
9
1
1
1
6
7
3
21
1
2
3
9
1
4
4
2
4
1
2
1
2
1
2
3
5
3
2
2
1
1
1
2
1
4
1
5
2
11
1
1
22
10
1
3
1
3
1
1
2
3
6
3
1
1
1
8
1
6
2
1
2
2
3
4
12
2
3
1
2
1
3
3
1
2
4
18
4
4
2
1
2
2
3
4
1
1
2
1
2
1
2
6
2
3
5
4
3
2
7
1
2
5
5
1
6
1
2
2
1
1
2
1
2
1
1
2
3
1
8
6
2
1
1
2
7
6
7
2
1
1
18
2
9
1
6
1
1
4
3
1
2
4
10
1
3
1
2
9
2
1
3
2
2
1
1
4
3
2
1
1
2
1
7
1
3
9
3
2
4
5
1
2
7
2
1
1
2
4
2
2
2
7
1
1
15
1
1
20
2
5
2
2
1
2
2
2
4
4
2
1
4
7
2
1
1
2
1
1
21
7
1
5
6
1
6
3
5
2
1
4
3
1
1
4
2
2
4
1
12
1
1
2
2
1
4
2
3
2
2
10
3
5
3
4
1
1
4
2
1
15
2
24
1
4
8
2
1
1
5
5
2
2
4
1
2
1
1
1
2
1
1
1
18
1
4
5
8
2
8
2
1
15
16
2
3
9
1
3
2
1
4
2
1
7
8
3
1
4
3
1
5
2
2
12
2
1
2
17
2
7
1
1
1
2
4
7
1
5
3
10
1
3
3
3
1
1
8
1
26
2
2
3
1
6
24
2
7
2
1
1
1
3
3
1
3
2
1
4
2
4
2
4
1
1
1
3
6
2
4
1
1
2
2
1
7
1
2
6
1
1
23
12
1
2
1
1
1
7
1
1
1
8
6
1
1
1
1
2
1
4
8
5
2
2
2
12
9
3
1
5
2
3
6
2
2
10
3
1
1
1
3
1
1
18
6
3
12
5
2
5
2
1
