12
8
2
1
31
70
9
3
30
1
20
20
4
8
6
52
8
1
35
73
21
185
2
1
7
4
25
2
2
19
6
73
50
5
73
2
6
2
33
2
6
13
64
19
2
3
2
5
5
21
1
8
9
7
4
49
9
12
3
14
5
10
40
44
1
4
6
49
1
2
102
11
55
101
1
48
115
12
1
13
49
31
1
7
12
9
83
2
6
49
1
28
4
1
4
53
28
3
15
4
33
1
14
2
3
7
31
29
2
58
25
7
75
9
1
162
10
7
27
19
4
17
3
1
130
37
5
31
89
21
9
3
249
2
24
54
2
1
113
11
19
5
20
51
1
23
4
63
4
18
53
49
34
32
3
10
11
76
13
23
13
38
4
63
231
14
38
5
5
1
1
23
35
8
17
2
1
3
3
8
2
2
2
5
70
148
144
2
6
14
2
47
6
14
22
3
75
2
8
11
4
2
4
7
3
36
3
12
24
14
19
73
1
4
7
9
68
40
9
58
13
62
4
2
7
3
2
3
2
41
75
1
31
2
99
18
69
30
1
4
61
1
17
35
41
2
96
19
27
3
3
40
6
5
3
74
35
18
1
20
2
29
6
8
3
1
17
167
14
7
31
66
239
2
14
6
2
104
12
7
5
42
40
5
12
16
15
128
42
276
11
4
32
20
5
62
33
3
13
14
60
47
4
24
17
1
9
6
18
24
2
1
2
4
6
15
1
21
50
76
20
67
2
103
91
22
2
23
2
125
2
34
13
3
44
60
4
8
74
6
245
3
88
1
6
2
4
2
17
8
6
2
1
3
21
9
39
1
28
2
6
94
31
25
9
24
4
1
122
14
11
23
3
49
10
23
3
2
22
2
2
46
136
23
28
3
1
14
29
5
7
49
14
14
35
2
1
20
8
2
4
41
39
9
22
4
86
12
2
2
2
1
71
52
4
1
34
1
4
16
45
1
2
2
7
9
2
46
4
3
10
7
4
58
30
6
6
28
8
5
2
1
6
27
8
58
1
14
4
18
6
1
2
30
13
50
1
4
6
8
3
43
3
216
19
1
14
1
55
1
74
203
61
19
5
2
11
21
7
2
193
13
76
24
32
103
10
1
3
17
120
63
17
5
1
13
1
16
49
12
28
3
2
34
5
1
22
49
1
6
60
5
10
2
6
19
10
4
2
22
55
12
6
285
44
24
2
2
204
277
2
32
1
36
5
46
4
8
88
1
110
89
2
4
2
33
25
164
16
12
3
39
10
2
28
2
3
9
54
68
2
19
2
31
3
3
16
14
5
23
2
26
3
1
25
18
43
4
31
33
2
26
11
16
1
11
13
4
11
49
21
1
56
1
2
11
6
32
1
4
20
14
68
16
131
1
3
9
63
67
27
190
2
10
7
3
4
1
5
22
1
94
54
30
1
32
44
13
6
17
25
24
8
21
1
19
238
292
26
29
2
1
14
1
1
9
13
2
5
2
13
3
143
45
20
5
4
20
13
5
20
79
9
25
152
1
127
6
1
1
31
3
5
1
4
9
2
49
30
104
3
3
19
5
15
2
9
4
50
1
21
9
39
12
3
29
2
4
116
18
1
4
7
53
5
1
1
6
1
14
2
52
19
28
21
54
17
26
32
48
90
1
2
7
8
95
2
1
34
44
3
1
3
1
5
113
17
19
3
1
30
99
6
57
21
42
10
11
45
5
1
34
59
94
10
3
16
2
4
11
91
17
14
22
2
15
16
29
6
4
39
121
4
5
1
140
13
140
1
2
163
3
1
16
28
2
13
1
65
2
39
155
36
3
42
11
1
2
9
2
110
11
45
1
25
4
9
5
6
6
1
60
7
24
10
12
2
5
19
2
1
19
7
3
13
18
5
42
13
1
3
57
6
13
8
294
2
11
20
5
19
64
92
7
5
2
3
4
48
22
17
53
41
10
3
94
1
9
84
9
1
25
8
1
35
31
9
5
6
8
1
8
4
19
253
8
9
18
20
7
3
180
5
1
1
11
19
1
2
1
81
14
3
165
5
119
3
14
2
9
3
3
31
40
106
4
7
42
2
3
2
11
2
13
68
4
6
85
1
1
33
9
26
2
2
1
8
24
3
5
18
8
7
57
15
1
1
224
127
2
41
16
5
25
17
13
1
3
2
1
58
34
137
22
2
4
101
1
1
10
18
20
12
28
70
44
57
1
14
144
1
2
7
74
13
27
1
5
19
7
117
168
2
21
26
7
1
1
128
23
34
3
73
3
1
54
3
23
6
2
20
42
17
1
35
44
3
69
35
64
29
6
2
1
32
19
11
14
5
54
3
2
52
4
21
4
22
88
26
167
10
1
1
2
34
17
7
3
11
2
92
5
1
137
1
46
32
6
1
60
14
8
12
85
13
29
55
9
151
6
83
14
47
204
1
20
27
3
3
3
14
4
3
9
2
2
28
50
7
1
5
9
275
17
3
25
16
22
52
41
2
1
1
7
32
7
26
76
2
1
6
13
92
5
28
162
102
2
18
43
59
27
15
2
2
2
1
46
1
7
18
16
2
13
5
22
20
71
1
47
29
2
82
17
70
55
30
24
3
6
3
142
13
6
2
31
164
3
29
62
23
3
2
40
11
105
20
3
28
4
8
256
93
8
23
1
19
64
6
29
85
19
38
8
6
98
12
22
46
10
89
13
15
3
8
23
2
25
3
22
2
1
15
1
2
160
18
3
18
3
11
4
2
9
13
10
152
9
66
1
3
85
1
17
8
36
21
3
108
144
22
13
30
5
17
55
5
1
37
6
15
25
7
21
5
3
5
2
9
2
187
108
8
3
9
1
57
109
33
8
5
6
1
3
13
1
2
3
2
3
1
2
3
3
4
8
14
11
4
16
1
1
34
11
60
3
27
41
4
5
8
48
10
14
70
4
7
43
3
26
2
3
80
7
17
2
64
2
30
17
31
5
5
2
2
2
4
3
65
1
6
80
2
7
49
62
20
3
5
13
17
2
2
12
1
18
7
150
4
3
2
18
1
2
1
93
112
37
3
77
15
3
6
8
200
1
2
2
127
1
2
39
3
12
19
12
1
8
2
24
7
153
29
16
9
16
43
1
33
3
16
4
2
1
7
120
17
3
41
2
2
15
4
50
9
1
33
9
4
6
99
89
2
87
4
15
6
1
13
21
8
14
107
219
12
140
2
1
69
94
145
3
2
115
5
26
4
3
39
127
12
9
12
2
11
11
7
1
8
5
22
12
4
51
7
2
27
9
8
1
2
1
5
172
1
17
15
1
208
2
1
119
21
8
60
1
1
7
14
35
5
2
10
56
26
42
41
1
177
1
2
18
13
2
1
8
2
1
84
2
25
10
102
29
61
2
2
25
25
19
13
7
1
3
115
177
27
42
99
34
154
2
20
44
1
14
17
1
1
4
2
1
2
40
2
2
4
2
156
13
96
14
10
89
38
173
2
152
93
2
4
19
133
55
13
11
1
72
22
13
2
42
54
5
8
44
5
68
1
21
1
40
5
4
75
1
9
35
7
2
118
46
1
8
15
1
11
9
78
98
31
6
25
3
4
1
38
3
102
31
1
8
1
5
6
17
13
2
6
1
11
13
10
7
1
47
5
25
50
6
42
1
12
15
1
1
32
221
1
7
88
258
18
2
1
42
33
1
3
53
35
6
9
3
1
33
17
52
2
26
121
4
23
2
20
5
1
22
5
24
42
21
22
1
23
26
5
64
12
2
22
32
101
50
43
7
90
2
104
15
11
16
205
3
54
1
18
9
35
103
13
26
1
12
12
204
1
91
4
48
11
2
2
50
120
13
51
32
1
3
2
9
10
5
6
139
11
1
2
47
12
24
3
2
90
38
49
49
9
6
66
13
25
1
2
62
4
3
33
19
17
61
3
21
11
5
18
4
11
4
5
4
18
1
1
3
126
1
34
5
93
30
3
21
31
4
166
4
8
118
5
93
3
14
7
40
8
2
25
43
40
253
272
27
176
3
1
2
2
80
29
19
3
1
22
25
7
29
1
8
58
38
15
15
12
1
21
1
1
14
77
26
4
21
4
19
1
15
110
63
45
1
32
1
18
4
20
32
57
2
1
2
89
44
5
3
2
34
4
34
3
5
49
38
3
3
11
4
3
10
41
17
1
71
17
49
9
22
34
5
28
56
2
77
3
97
69
2
5
4
10
1
95
28
2
8
7
48
2
4
5
3
33
1
3
7
56
108
1
27
4
34
1
4
1
4
37
8
56
2
1
6
1
3
39
1
11
30
19
60
6
11
4
1
5
44
4
11
24
14
7
1
11
1
11
28
49
107
58
2
60
1
1
7
1
7
10
5
82
2
25
1
18
106
75
58
61
25
2
8
11
1
4
1
29
31
8
1
24
59
27
6
79
11
40
13
5
5
2
2
3
8
5
12
33
5
8
48
1
2
2
179
10
139
80
2
1
1
8
3
32
51
18
8
2
91
9
5
10
84
19
2
1
145
13
13
14
13
33
5
17
11
14
26
50
11
59
18
33
31
1
1
17
15
1
4
2
32
90
4
90
17
12
1
143
3
4
3
4
2
1
9
44
132
89
3
1
12
167
7
104
6
17
16
56
6
3
3
4
1
1
2
33
4
3
1
8
90
33
6
2
1
3
1
15
32
3
215
44
1
8
9
3
4
10
261
8
33
118
1
7
10
38
8
83
4
1
134
111
3
4
30
5
1
25
28
5
21
