11
1
23
1
3
2
2
1
31
21
4
10
6
9
10
3
5
1
13
2
22
27
3
7
8
20
1
4
2
39
3
56
1
1
28
3
1
10
2
8
7
2
13
27
1
3
7
5
5
20
1
4
10
15
7
16
8
16
10
4
10
53
4
19
29
1
3
16
26
13
13
7
38
1
2
11
2
1
1
3
25
20
1
1
4
2
3
2
27
27
1
7
1
12
25
31
3
5
66
2
2
1
1
127
1
3
2
59
4
1
7
23
1
16
3
7
17
3
7
7
7
1
1
23
32
3
25
4
1
2
3
11
10
3
1
4
1
6
8
14
8
2
2
1
10
1
6
13
21
7
20
2
10
14
39
1
3
18
88
11
2
5
1
2
25
7
1
1
3
18
5
2
1
1
2
11
1
7
5
4
17
22
1
2
4
6
2
3
12
12
38
1
30
9
6
4
6
2
2
1
20
1
2
3
40
3
8
4
1
1
1
1
212
9
5
18
6
3
9
7
18
2
1
7
2
8
2
3
7
14
10
10
15
5
3
1
30
1
2
16
19
11
2
1
2
2
6
1
2
4
5
13
3
2
1
3
1
1
2
11
2
24
2
6
128
1
2
1
12
2
1
45
11
10
13
12
4
15
3
12
17
4
9
1
5
4
3
3
13
122
1
4
5
9
36
17
3
2
7
3
28
3
18
2
12
33
16
4
2
2
2
4
1
2
10
2
7
60
3
3
5
2
5
9
1
9
2
6
1
7
2
2
10
20
1
1
10
22
1
2
59
17
5
16
18
6
1
15
66
1
2
1
1
2
3
22
2
1
21
2
4
1
1
12
3
25
2
1
3
2
3
1
3
29
7
4
1
11
1
21
3
2
1
3
2
2
1
7
47
10
1
2
3
21
6
4
33
20
1
1
12
1
1
30
5
3
1
1
17
1
3
1
216
2
20
3
1
1
6
3
18
1
15
16
1
8
2
6
18
7
21
7
26
1
3
19
3
1
13
4
8
1
7
212
3
9
1
4
20
1
25
31
2
1
4
3
14
3
14
4
19
13
8
2
8
21
85
21
39
6
1
14
12
1
5
4
12
2
3
9
4
20
1
12
2
7
1
1
10
6
1
6
7
1
144
2
2
19
48
1
6
3
5
1
1
5
1
35
20
5
4
13
16
1
11
1
3
2
1
19
2
12
20
11
3
35
10
10
18
65
16
1
44
1
13
15
3
1
5
1
8
50
10
2
9
8
6
1
34
19
1
42
1
15
3
8
4
3
1
1
3
2
3
8
24
12
1
21
2
1
9
2
26
1
2
4
8
10
21
20
4
22
13
1
8
8
1
4
4
14
88
4
2
9
36
1
1
1
4
26
1
2
9
17
3
2
1
7
2
1
12
21
13
6
4
7
1
2
21
10
3
3
4
9
9
1
20
1
1
17
5
6
8
1
12
27
20
8
6
1
16
5
3
3
7
3
2
1
2
12
2
1
5
9
3
3
1
2
5
1
1
2
2
8
4
31
10
31
1
3
5
5
2
7
7
18
1
2
18
1
16
8
26
7
15
2
1
1
10
11
19
2
2
1
25
13
6
6
1
1
2
5
35
12
3
18
6
2
1
9
2
8
4
29
2
2
4
2
7
7
12
4
24
2
1
2
11
1
2
2
8
3
1
3
1
1
3
4
14
5
1
1
15
2
1
217
2
5
1
3
3
1
2
1
1
5
3
1
8
2
10
1
4
8
6
1
17
1
4
9
2
119
3
11
30
3
25
17
2
19
3
6
2
9
4
5
1
1
24
7
11
6
1
2
1
7
14
8
2
6
11
3
18
2
2
10
1
4
11
14
4
1
1
2
3
1
1
1
2
2
14
1
11
15
3
4
2
6
1
7
13
2
9
1
3
10
19
71
6
1
6
19
1
3
1
7
37
1
190
29
23
3
4
1
17
4
57
1
8
5
62
5
1
2
33
5
6
4
2
2
9
3
2
1
5
3
2
4
7
20
4
3
2
18
1
1
14
10
9
2
1
14
8
1
8
4
100
1
13
2
20
3
4
14
48
25
6
6
2
20
1
3
4
28
8
4
12
6
5
18
2
2
6
8
20
1
30
2
1
29
46
13
28
29
2
1
14
3
1
5
1
2
1
1
1
24
11
2
2
6
1
5
22
1
15
24
2
27
7
7
1
1
20
32
3
16
26
1
3
3
2
7
3
1
1
18
28
4
2
3
7
1
7
9
20
2
4
2
1
2
18
5
19
2
2
1
5
8
5
6
8
12
1
14
1
5
2
24
2
2
82
4
7
2
7
1
2
2
2
3
6
1
1
2
12
14
1
3
3
2
5
1
9
13
1
7
1
3
2
1
3
24
15
4
11
2
2
3
17
4
1
29
35
1
12
20
6
17
19
2
1
12
14
7
9
6
4
22
4
21
2
1
2
24
2
2
1
4
3
3
9
2
3
8
1
1
3
165
4
1
1
3
4
17
1
18
1
1
3
17
12
3
9
2
2
82
1
15
2
190
2
1
4
1
1
13
3
2
1
3
1
2
30
16
3
2
1
14
1
1
4
10
5
2
26
21
17
1
2
6
1
14
5
4
5
2
9
1
2
1
3
27
1
2
1
9
2
1
3
4
2
2
7
3
6
1
27
2
24
15
1
1
8
9
29
10
2
6
1
10
4
9
30
5
192
18
1
4
2
1
40
10
5
2
17
8
1
14
22
33
1
18
8
1
3
1
20
1
7
4
1
1
1
12
10
27
9
13
13
3
1
13
1
1
5
5
24
2
4
1
1
2
1
3
13
3
2
12
25
2
14
7
19
18
11
1
1
4
5
4
1
1
1
4
11
18
1
3
14
1
2
1
26
3
20
2
1
56
3
24
25
8
1
34
13
3
2
16
2
1
5
9
11
5
8
3
4
1
2
1
4
7
2
2
1
2
4
4
10
1
20
5
1
72
4
14
17
32
1
1
3
7
35
24
2
1
2
19
12
2
38
1
1
6
2
4
9
2
1
1
16
12
1
10
3
4
6
2
3
1
14
1
13
1
1
8
21
3
1
5
1
1
43
3
2
2
2
2
3
1
4
4
14
1
5
5
1
5
28
8
1
3
1
11
1
12
17
18
5
1
15
8
3
13
2
1
7
1
8
2
1
1
2
2
67
21
12
14
1
2
1
2
1
1
1
17
2
13
3
1
1
4
2
1
2
4
1
3
5
12
5
1
6
63
9
7
3
2
17
1
2
13
7
4
3
2
2
1
18
11
2
2
1
6
83
1
2
4
3
48
1
2
39
22
4
21
1
2
6
3
2
2
4
4
1
6
88
5
1
11
2
1
7
8
10
1
1
14
2
43
4
19
4
1
1
9
5
1
9
21
8
4
9
11
8
21
3
12
7
3
9
1
194
24
1
2
1
1
3
22
1
18
3
8
1
1
1
17
1
15
2
1
4
4
7
46
2
3
3
2
6
2
6
14
26
1
2
1
70
7
126
4
12
4
5
43
3
6
1
2
1
11
15
8
54
27
5
5
6
2
2
1
4
1
84
17
2
17
10
4
1
4
12
5
1
6
12
2
3
4
2
1
3
4
34
12
32
2
3
1
6
1
16
5
7
6
18
1
4
1
2
4
4
6
2
4
5
7
13
5
2
2
2
21
4
11
2
17
19
2
5
1
2
4
1
1
39
1
4
4
3
2
7
24
12
11
1
6
2
11
4
1
4
3
1
1
2
19
1
2
1
4
2
17
16
8
3
3
8
3
6
1
60
4
1
2
11
1
1
8
1
9
115
2
11
4
2
7
11
2
2
3
13
5
2
11
1
2
1
8
5
3
10
52
19
2
6
1
62
31
5
1
4
2
9
5
6
2
2
22
2
7
2
2
3
2
3
3
1
4
2
2
10
55
15
3
1
8
3
9
2
2
2
1
17
3
27
1
7
1
1
4
2
2
1
3
5
3
8
1
1
5
9
1
143
2
7
46
4
1
14
25
19
1
3
6
2
2
2
1
2
33
1
2
8
7
6
3
11
28
6
1
1
44
1
1
2
5
3
78
3
9
5
7
10
2
33
3
1
37
14
2
3
6
5
1
5
2
1
2
2
1
6
1
3
2
30
10
34
1
5
2
1
2
1
5
11
2
1
3
1
14
5
2
11
8
5
4
1
2
2
2
5
13
2
1
14
1
2
2
6
21
1
1
27
12
1
97
19
7
17
3
7
1
2
1
1
27
2
108
1
3
1
10
2
1
2
2
4
1
3
9
13
7
7
8
5
1
3
3
25
4
2
19
6
1
6
2
8
2
18
8
1
14
8
2
1
3
18
4
8
1
6
15
180
5
5
1
3
3
3
1
10
26
1
6
3
2
34
3
9
2
2
1
3
1
1
6
2
1
1
8
4
20
3
1
11
2
3
2
12
19
20
2
2
2
8
25
6
21
4
2
1
3
2
3
13
1
1
3
23
7
14
2
3
1
1
8
40
3
20
2
10
5
3
15
4
1
7
12
7
8
32
28
2
4
5
6
1
5
2
14
5
1
3
7
26
4
10
7
16
75
3
16
2
1
41
2
1
7
1
6
65
6
2
13
2
5
2
11
5
3
5
1
3
4
1
9
1
8
2
6
1
4
5
2
1
2
2
18
2
4
54
5
1
5
12
2
3
3
5
1
7
1
23
22
32
7
1
2
12
1
12
7
6
6
1
11
11
8
5
2
2
23
3
32
1
16
3
3
3
28
16
1
1
2
3
1
13
1
1
1
2
2
25
2
1
2
9
7
2
2
2
32
3
4
14
12
3
2
122
1
3
2
5
6
4
4
5
2
21
2
7
1
59
4
2
1
8
16
1
14
10
11
2
7
1
6
2
23
10
1
7
2
3
4
3
2
7
4
2
4
9
34
4
2
2
1
2
3
1
3
34
24
26
6
27
2
18
99
1
35
10
1
1
2
3
12
3
9
4
1
2
2
8
4
1
3
31
2
7
11
6
4
1
6
3
8
3
1
3
3
1
4
11
7
74
1
1
1
1
11
1
2
30
1
3
5
11
1
1
2
1
46
1
1
1
2
2
2
2
5
12
1
1
1
1
3
21
17
3
3
3
2
2
36
84
78
2
20
4
4
2
9
29
3
4
3
6
5
1
3
4
2
1
8
1
2
5
4
4
1
1
1
1
5
2
1
3
33
16
4
24
6
13
1
7
3
2
1
3
1
4
2
9
7
2
1
33
3
2
15
1
1
4
5
2
3
7
6
1
2
6
4
1
32
4
5
3
11
3
3
5
2
2
19
2
18
15
1
1
2
21
4
7
2
4
5
2
19
7
24
3
2
1
1
1
8
1
4
6
3
2
1
2
1
1
2
11
6
1
3
8
1
1
1
7
5
1
3
14
1
9
13
8
1
24
1
4
6
1
3
1
8
5
3
2
4
8
1
2
5
8
3
1
9
5
1
3
4
1
37
5
4
17
1
49
3
2
3
4
3
3
1
3
2
7
42
3
2
9
2
2
2
3
6
2
1
15
2
6
2
2
2
5
1
2
3
2
11
1
1
4
7
5
2
3
2
1
1
8
5
17
15
4
4
12
1
8
4
2
4
1
13
3
2
8
1
17
2
1
1
2
6
3
1
3
9
1
3
2
1
3
1
11
61
3
2
4
10
6
1
1
16
16
7
2
2
6
8
2
15
2
2
1
6
16
4
1
3
23
1
1
4
4
9
3
1
4
11
10
26
27
6
3
1
2
5
2
1
14
22
10
7
38
2
5
2
4
9
1
5
2
3
1
2
1
9
4
1
9
4
6
18
3
7
2
1
6
3
5
1
3
3
8
3
2
17
19
10
5
26
1
2
27
2
17
1
2
8
2
1
170
9
1
1
5
7
6
3
1
2
30
2
5
5
15
24
2
2
4
20
5
4
2
4
1
8
8
4
1
1
2
2
7
1
4
4
3
5
20
7
7
10
2
14
16
2
1
5
4
13
4
1
19
15
1
2
4
6
3
16
1
4
1
7
2
4
6
36
4
7
1
4
3
2
13
3
10
1
4
4
4
9
1
1
3
1
3
1
2
28
2
6
6
2
1
4
8
2
5
2
6
76
4
1
3
1
10
2
2
9
6
1
2
4
1
1
6
133
3
1
4
1
30
12
21
2
6
26
12
4
10
10
1
12
3
4
4
23
2
7
1
1
2
5
2
7
6
3
13
2
8
8
1
9
13
15
1
3
8
34
2
3
11
3
1
1
23
4
1
7
1
6
22
4
2
1
6
3
1
4
20
7
9
2
5
2
9
25
2
15
1
15
10
1
2
2
14
12
7
1
25
15
1
7
6
6
4
17
15
23
2
2
1
3
1
2
10
3
1
24
2
32
5
26
1
44
170
33
1
1
1
15
5
7
1
18
12
103
2
3
3
17
4
30
6
4
22
1
10
1
1
10
4
4
3
5
1
1
3
6
5
5
1
1
1
12
2
1
4
3
5
2
2
15
11
1
2
15
2
4
3
1
3
7
1
2
4
1
36
7
18
21
1
3
2
2
3
5
9
15
3
2
1
5
1
2
1
3
1
5
1
21
1
11
2
3
1
26
10
6
5
5
12
12
12
1
1
12
3
4
20
9
2
1
4
4
1
28
24
2
6
2
28
3
5
7
1
10
2
6
1
2
2
2
2
14
3
5
2
2
2
18
2
3
3
4
1
1
7
11
11
1
1
5
9
82
12
2
20
1
20
5
1
2
6
3
11
1
1
1
4
1
3
3
2
17
3
1
12
3
9
1
5
3
6
2
4
1
7
7
7
11
3
1
5
2
21
2
1
1
15
16
1
1
2
6
23
1
5
3
5
1
2
13
1
6
1
4
2
2
5
5
3
17
6
84
2
3
2
4
1
4
1
2
6
7
5
3
19
13
19
1
2
3
5
8
2
2
29
5
4
13
4
29
3
7
1
27
1
1
16
1
1
3
10
5
2
10
3
4
3
8
7
1
6
13
2
5
2
1
7
18
6
15
6
3
26
3
1
24
28
89
3
17
11
1
2
28
61
18
2
1
16
2
1
4
1
6
18
3
5
3
9
19
1
4
4
1
1
2
1
1
2
1
1
1
1
11
1
5
10
3
2
56
4
1
2
1
2
10
2
1
4
3
3
3
2
2
2
3
4
23
20
3
9
20
3
1
64
8
6
3
15
6
13
18
1
3
1
75
18
15
17
7
104
5
1
8
3
2
5
59
24
9
7
2
4
2
9
1
4
5
9
8
8
2
1
4
10
55
6
2
4
11
25
1
2
37
32
5
6
19
4
15
14
14
2
1
14
10
2
12
14
3
18
23
20
2
27
12
18
4
2
5
5
26
4
2
22
7
1
5
29
