1
6
6
3
11
1
4
1
1
5
1
5
2
11
12
4
76
1
1
2
6
5
5
4
2
4
1
2
4
1
8
14
4
2
7
47
10
5
1
1
1
1
2
2
1
9
3
25
3
3
12
4
2
2
4
3
1
3
1
1
5
3
1
14
2
1
3
20
7
1
1
1
12
3
3
8
2
1
3
32
2
2
1
18
5
13
1
1
8
4
2
4
1
2
65
1
1
4
3
1
1
11
3
20
1
1
2
3
1
6
8
2
2
3
1
1
34
7
23
2
21
2
1
25
1
1
2
26
3
2
5
3
12
1
3
8
9
1
3
2
3
17
2
23
1
2
2
3
2
12
2
5
9
3
1
3
2
11
1
1
4
11
5
4
48
4
2
1
7
3
3
3
16
2
2
2
18
8
1
4
2
3
16
7
2
12
8
2
1
2
2
25
3
1
14
37
3
22
1
1
4
1
11
5
20
3
2
1
1
16
1
1
7
3
6
2
2
2
3
1
2
1
2
3
12
1
1
2
4
5
2
6
3
1
3
14
2
1
2
3
1
16
6
1
2
7
62
1
1
14
10
1
6
8
2
5
14
2
10
1
1
1
15
1
1
1
14
1
4
3
8
10
2
3
8
3
10
23
3
6
3
2
1
3
8
1
3
4
1
1
2
2
1
2
1
2
13
1
1
3
14
7
1
1
4
6
4
11
2
4
5
16
2
2
4
1
1
1
3
1
1
3
5
2
3
2
1
2
3
8
1
1
1
17
1
11
1
4
24
1
4
2
1
3
2
2
5
1
2
2
3
12
3
7
1
17
9
2
55
3
11
3
9
1
2
4
2
8
5
2
11
1
14
12
1
5
4
12
3
1
12
1
9
1
2
2
3
5
1
3
2
1
1
2
2
2
3
2
2
1
2
1
2
4
18
1
2
2
2
3
4
4
3
5
2
1
1
5
6
1
2
1
9
11
1
1
14
6
1
7
1
5
6
8
2
15
9
3
3
2
4
27
7
27
10
5
2
2
1
2
1
1
1
4
1
4
10
8
1
1
1
3
5
1
1
2
10
20
12
1
1
5
1
1
1
1
1
2
1
2
1
2
1
1
9
2
3
2
11
3
11
2
3
2
4
1
8
2
2
2
4
7
6
1
4
1
15
2
5
2
16
10
9
15
4
2
2
11
1
9
2
3
3
1
2
2
20
2
2
4
1
3
2
13
3
1
1
2
3
3
2
19
2
15
6
1
1
29
1
2
5
65
3
1
4
1
32
8
1
11
1
11
4
26
2
1
12
1
6
9
2
3
10
18
4
1
19
1
2
2
2
2
1
2
3
16
2
12
21
3
6
12
1
10
7
14
4
1
1
2
1
1
1
1
4
1
9
1
2
3
36
2
3
1
2
1
1
3
2
2
2
30
4
3
12
1
1
1
4
3
2
2
2
4
5
2
2
11
5
6
2
4
2
4
2
2
2
10
1
1
6
2
4
1
20
7
2
3
1
11
2
11
2
1
12
1
3
4
1
11
4
1
1
2
1
3
3
4
11
1
3
3
8
1
2
1
4
2
5
18
1
34
4
2
1
1
2
1
1
2
1
1
4
14
1
3
2
5
2
3
28
4
12
5
3
24
1
3
6
8
2
1
1
1
3
1
13
1
1
5
3
13
3
1
1
6
2
1
5
10
1
1
4
22
6
1
3
3
5
3
1
6
1
2
8
1
1
2
2
6
9
2
25
1
1
3
1
49
1
4
1
2
2
1
3
2
2
5
3
2
1
1
2
9
3
1
5
1
32
15
7
1
9
1
7
1
1
1
1
9
7
11
3
1
2
3
1
2
1
1
1
3
5
2
16
2
1
1
2
3
3
4
2
10
6
2
3
4
8
8
2
3
10
1
4
4
14
1
1
8
10
1
4
2
1
5
2
1
18
1
2
7
2
2
8
7
1
10
7
1
11
4
6
3
3
5
13
2
14
4
4
32
2
3
4
3
4
8
3
3
9
1
1
4
31
7
1
12
3
3
11
2
7
24
4
4
19
4
16
27
1
3
2
1
2
1
1
2
3
17
2
1
2
11
4
1
2
2
2
4
67
11
9
41
1
8
6
8
10
4
4
2
8
2
11
3
3
32
2
1
3
3
1
2
3
3
1
7
3
2
5
7
2
1
3
9
5
12
1
2
3
5
1
1
2
13
1
4
1
11
9
9
9
1
11
1
2
5
1
1
6
1
2
4
2
3
5
10
3
1
2
3
1
7
19
16
2
2
2
4
1
3
3
3
1
1
3
3
1
1
2
3
2
6
3
2
4
1
3
3
7
3
4
1
10
1
2
8
9
4
1
1
1
39
6
1
13
1
13
3
5
8
11
5
2
1
11
7
2
14
12
5
2
3
21
2
21
14
5
20
1
2
1
2
1
1
2
15
1
1
12
6
3
7
21
14
1
29
1
4
2
7
4
1
1
2
1
2
2
5
3
1
6
19
9
1
2
1
5
1
4
1
2
1
1
13
14
4
3
3
1
1
2
2
14
1
2
3
6
5
8
16
2
1
1
7
1
3
1
2
2
2
2
1
2
1
15
4
3
2
3
8
1
10
10
2
2
1
12
1
1
5
6
63
27
2
3
1
11
68
8
3
2
1
3
36
2
1
2
5
6
21
11
11
1
1
1
2
5
3
6
2
4
1
2
9
1
6
1
2
6
1
3
1
2
2
4
2
5
1
4
2
4
1
16
1
2
9
5
4
5
12
1
1
1
14
3
22
2
8
19
4
3
9
1
4
3
7
4
2
6
1
2
1
5
1
2
2
17
1
1
1
9
3
20
10
7
35
2
1
5
3
3
2
4
3
1
12
2
1
2
1
45
1
5
17
12
2
2
18
2
1
4
2
5
3
1
2
7
1
1
17
2
2
4
1
1
1
3
1
6
20
2
1
7
3
5
5
4
1
4
1
1
7
1
3
3
8
15
8
2
3
42
1
3
5
10
1
4
3
5
3
2
1
13
1
1
1
5
31
5
3
3
15
4
7
2
5
2
17
1
11
57
3
4
6
2
1
2
2
8
2
1
1
1
2
2
3
19
24
22
1
3
16
11
12
2
3
1
4
27
4
6
1
5
3
1
1
2
1
14
3
1
4
2
3
1
3
1
3
10
8
1
1
2
1
11
42
7
7
2
1
8
2
2
2
8
3
2
2
2
1
1
20
1
1
19
1
13
2
5
1
1
2
1
1
2
13
2
1
4
2
1
1
1
11
1
1
1
7
2
1
14
4
2
3
1
1
1
16
1
57
4
3
2
2
11
1
1
2
5
2
12
3
2
4
7
3
3
2
2
7
1
2
1
1
1
1
3
3
9
1
2
3
6
4
3
8
6
1
15
2
2
3
10
1
2
1
8
2
3
3
27
2
2
1
2
3
5
1
2
2
15
11
17
1
3
1
4
1
2
2
3
1
1
5
4
3
10
10
5
1
2
3
1
7
7
3
17
2
6
3
1
5
16
4
2
4
16
11
3
1
4
1
15
3
1
12
9
1
1
4
6
5
3
30
3
3
2
2
9
3
4
3
3
2
1
4
3
5
1
30
19
20
1
1
2
2
2
2
3
2
5
2
1
3
4
1
6
5
4
2
1
13
9
11
3
2
1
3
3
3
2
13
4
2
1
2
2
1
1
3
4
3
2
1
6
3
3
2
2
3
3
5
4
1
2
2
4
1
6
2
1
5
8
1
3
10
16
1
12
5
7
1
2
3
7
9
3
18
2
3
10
1
1
5
3
6
4
4
3
1
3
1
2
2
2
8
1
1
2
3
9
4
1
2
10
5
4
1
4
23
1
2
2
14
4
1
1
7
1
4
6
5
1
1
11
1
1
1
4
1
3
38
1
1
1
11
1
34
7
1
2
2
1
3
43
6
5
1
18
1
1
5
6
2
3
3
2
2
3
2
7
3
10
1
14
24
1
2
41
1
3
1
17
1
2
3
1
4
3
1
5
2
17
1
2
1
4
6
1
5
9
3
3
6
1
2
3
1
6
22
6
3
36
1
15
1
3
1
2
2
1
4
1
12
2
1
3
2
2
5
10
3
6
2
2
3
3
1
4
2
9
2
1
3
3
3
1
1
1
23
2
2
4
23
5
8
4
1
14
25
1
3
5
1
1
17
1
2
1
1
1
1
1
10
1
38
2
1
1
1
11
2
1
1
2
1
2
7
8
1
2
1
1
2
3
6
1
1
2
2
3
4
4
3
1
1
5
1
3
3
2
2
2
2
3
5
2
3
2
8
2
11
1
5
2
2
2
1
19
1
2
2
2
1
35
10
1
11
4
2
2
4
19
7
2
3
1
2
2
3
1
13
15
1
5
1
3
3
2
7
3
21
2
6
2
1
1
1
2
1
11
1
4
1
5
7
14
2
2
7
1
1
2
8
1
1
1
1
1
1
5
2
1
8
11
5
5
6
9
8
9
36
7
6
8
4
1
1
3
9
13
11
2
2
6
2
2
3
6
21
2
3
10
7
3
2
3
3
1
5
2
1
10
1
1
34
2
4
4
3
3
10
21
1
3
6
7
2
3
1
32
1
3
1
2
12
1
3
1
4
1
2
26
7
1
33
28
2
5
6
1
1
15
2
1
3
15
2
2
20
2
1
1
1
9
2
4
1
1
2
3
1
32
4
1
3
1
1
2
1
1
5
4
4
1
1
1
24
1
3
26
2
3
1
6
7
1
1
2
9
5
1
60
1
3
1
3
18
4
2
1
1
4
12
4
4
2
1
1
3
1
1
2
8
26
2
4
1
1
1
1
2
12
2
1
1
7
2
2
3
3
1
2
1
4
2
37
3
3
1
15
11
5
2
3
3
1
8
3
1
2
1
1
2
2
3
1
1
3
1
1
2
4
4
1
3
1
2
17
4
17
1
6
4
3
9
5
4
65
2
1
5
2
4
2
2
7
39
2
1
3
2
2
4
5
4
4
9
8
10
10
1
3
7
2
2
6
7
1
2
10
2
2
2
9
1
1
2
20
2
3
10
6
2
2
4
5
1
2
6
1
1
1
1
8
7
20
1
6
1
2
25
5
51
4
38
45
3
11
6
4
2
1
10
1
1
2
15
70
1
3
1
2
1
3
4
5
1
3
1
5
1
5
13
3
3
1
8
2
1
2
4
6
1
1
6
4
2
6
2
1
3
6
1
1
3
8
2
1
3
32
2
4
3
21
4
7
2
1
1
15
7
1
2
2
1
26
1
46
1
7
10
1
1
2
1
3
3
3
7
3
1
19
1
2
17
1
20
1
13
1
14
1
1
2
5
3
2
2
2
17
24
3
14
1
5
14
1
2
5
1
1
1
1
3
2
4
1
1
2
3
3
1
8
1
49
1
1
3
4
6
