2
1
11
1
1
1
4
5
1
1
14
5
2
2
2
9
1
8
2
1
2
3
1
1
3
37
1
3
12
3
3
4
10
2
8
1
1
2
1
7
4
2
2
1
5
3
1
11
18
1
1
2
5
3
1
1
2
1
1
2
3
3
1
1
2
1
1
1
2
1
1
1
1
3
15
4
18
2
1
1
3
9
2
1
1
3
1
1
2
5
2
2
1
1
1
2
1
3
6
1
18
7
2
1
1
9
3
1
1
1
3
1
1
1
2
11
3
2
1
7
2
1
2
2
3
6
7
2
3
1
3
7
33
7
2
8
1
1
1
5
3
1
6
5
3
4
1
10
4
1
2
4
2
2
3
2
2
4
3
2
2
11
1
2
1
1
6
1
5
7
1
1
1
8
3
1
2
2
1
2
10
1
1
2
1
2
3
3
2
5
3
2
15
2
3
1
4
8
3
2
3
1
3
1
1
4
4
1
2
4
1
5
1
2
1
1
1
4
4
3
1
3
2
3
2
8
1
1
4
6
2
1
4
1
2
3
2
1
3
25
1
3
1
1
2
4
2
3
15
1
9
2
13
5
35
6
2
4
6
3
4
3
3
2
1
17
1
2
1
2
1
4
6
2
3
2
3
1
2
5
6
2
1
1
2
3
3
4
11
3
2
7
7
14
1
1
1
7
3
12
1
1
3
1
2
1
1
4
1
6
1
5
9
11
4
2
2
6
2
1
1
1
6
8
14
2
5
2
1
6
2
12
5
1
2
7
12
3
6
4
12
8
5
2
3
1
1
3
6
2
2
1
18
3
5
1
8
4
11
6
4
5
13
3
14
2
5
6
1
1
2
1
3
5
11
1
2
8
14
8
1
12
18
4
3
3
1
1
3
11
2
3
8
3
4
1
