48
1
29
2
5
1
13
5
1
12
2
56
3
44
13
3
2
2
4
46
4
3
1
1
3
17
1
4
19
35
5
4
4
27
6
74
3
1
11
2
3
3
30
12
2
2
2
3
1
7
2
1
3
1
20
2
3
5
5
4
1
3
22
11
1
5
3
2
1
2
8
5
31
18
7
1
6
25
9
9
1
33
1
3
13
2
7
2
2
2
5
1
2
1
5
4
39
1
10
5
1
66
12
2
6
2
1
16
2
2
6
1
8
5
1
1
4
3
15
36
15
1
1
8
2
3
3
2
1
2
2
20
17
8
3
33
6
8
19
1
3
1
7
17
2
3
1
1
6
2
6
2
10
4
30
21
5
1
5
3
86
26
4
24
2
10
1
3
24
10
3
6
6
1
56
8
2
1
44
4
14
11
1
2
2
18
10
13
9
14
3
2
4
21
2
22
2
12
7
2
1
36
6
7
2
2
3
3
10
5
8
85
10
2
1
7
14
1
1
2
1
53
2
1
2
7
1
7
31
14
14
12
1
1
6
1
1
1
2
2
9
1
23
3
9
10
6
5
1
3
1
1
31
64
2
2
1
7
60
17
4
4
4
25
41
2
4
4
1
4
5
8
11
5
5
5
5
2
11
14
5
1
1
3
2
19
9
13
4
1
2
15
9
2
9
13
2
4
31
13
5
10
10
2
4
26
13
5
12
1
7
59
3
4
1
10
44
40
4
17
16
2
21
89
18
2
13
1
3
8
9
6
4
2
1
2
45
2
9
7
2
6
3
1
9
10
5
1
17
49
1
21
1
2
2
4
10
1
1
3
1
31
3
38
27
1
1
1
47
34
2
3
5
1
8
16
4
8
9
1
25
45
18
5
26
10
1
1
3
5
9
4
13
3
27
2
93
2
1
10
2
1
1
4
5
1
4
4
1
4
1
36
6
1
19
20
7
1
20
5
1
4
2
5
7
1
9
1
1
8
2
2
4
4
3
6
1
74
1
10
1
9
3
7
2
10
1
8
8
8
4
4
29
2
11
1
41
1
1
5
34
12
10
8
2
25
1
1
15
1
4
7
2
3
37
47
8
1
22
42
3
5
8
41
6
2
26
1
1
54
10
13
33
2
16
2
1
5
4
1
1
8
3
1
4
42
4
5
1
1
8
26
25
2
8
5
22
36
2
1
2
2
6
1
1
3
2
1
2
2
37
2
63
2
10
3
5
2
1
2
3
10
1
1
2
10
2
1
15
2
6
5
11
1
4
1
21
5
1
3
31
14
19
4
2
1
1
2
24
2
12
2
21
33
4
16
2
3
1
3
4
1
4
3
6
9
2
2
74
29
2
2
11
4
62
5
2
13
90
8
9
1
1
2
51
56
4
1
8
6
20
1
1
17
1
11
4
1
2
17
5
32
2
1
2
8
23
1
1
13
2
18
3
95
1
1
28
1
3
15
26
8
29
2
2
35
2
15
14
3
17
1
10
25
2
26
1
3
2
1
1
2
1
13
2
1
9
1
2
4
18
3
2
2
1
2
2
7
1
2
18
2
9
32
27
1
3
5
3
2
2
1
2
2
1
21
2
1
16
3
1
63
3
5
1
22
1
1
47
2
2
2
4
7
3
26
5
6
7
2
3
130
2
4
4
3
4
1
3
9
9
3
7
1
1
2
11
19
17
3
4
2
2
4
44
1
76
2
4
1
7
8
2
19
1
6
28
4
3
2
23
29
2
1
5
2
2
8
27
2
6
4
66
2
2
1
2
26
9
3
4
17
15
22
4
7
3
1
4
18
2
6
2
2
1
22
2
38
11
5
5
19
48
6
2
1
1
1
3
36
9
42
7
3
2
2
12
2
4
4
19
21
2
5
2
48
12
12
1
2
13
1
5
1
11
2
1
1
4
9
19
21
1
1
1
1
12
57
2
21
1
1
6
36
7
49
29
5
19
9
24
7
8
24
1
14
6
4
1
66
4
12
2
2
6
1
5
3
9
2
2
10
4
2
4
1
6
4
4
25
20
10
49
6
16
11
7
6
60
1
7
15
3
33
20
3
1
3
10
7
21
2
2
31
1
1
3
1
1
2
2
2
33
1
1
1
14
2
8
4
24
27
1
1
15
2
11
4
4
1
3
29
11
1
1
2
2
1
5
9
2
2
3
6
1
7
10
20
6
18
103
1
8
2
2
1
44
12
6
1
4
3
5
8
12
6
32
3
5
5
2
7
3
17
19
20
16
1
1
3
13
17
1
1
3
39
14
2
2
19
34
4
2
6
12
1
3
4
1
2
25
6
1
20
1
62
8
2
7
18
4
1
6
1
1
14
3
2
1
1
6
12
3
4
2
11
30
6
13
18
1
13
3
3
8
1
1
1
3
2
4
23
13
3
11
2
19
18
13
57
1
1
3
3
22
7
53
2
3
2
1
5
3
16
2
1
135
38
1
4
18
27
1
3
27
5
4
1
14
5
1
5
4
13
17
81
2
1
3
1
9
8
3
3
2
3
2
5
7
1
10
18
15
18
7
2
1
26
7
2
4
1
25
1
1
32
29
32
6
39
8
1
2
9
1
15
5
3
2
2
2
10
4
2
2
12
4
1
33
3
71
24
21
1
4
5
27
3
7
2
5
2
12
55
63
25
1
1
1
2
92
1
1
14
7
2
1
3
2
1
6
46
11
4
2
5
4
7
3
33
5
2
6
28
11
14
2
12
3
2
3
16
5
1
2
2
1
6
93
5
1
2
20
2
9
15
3
2
15
41
31
1
2
16
6
10
7
6
12
40
3
1
10
1
5
2
2
2
2
9
18
2
3
2
4
2
12
1
5
1
5
16
2
1
18
8
13
13
1
22
22
2
21
2
1
34
3
2
2
12
15
6
45
13
1
1
16
3
5
4
1
4
2
2
9
1
3
3
24
17
2
46
1
7
1
2
5
1
2
11
39
64
3
1
1
1
2
9
2
1
2
1
23
14
5
1
1
27
3
10
20
35
31
25
2
26
1
4
1
3
2
61
6
8
2
98
20
2
2
56
1
2
11
15
18
9
3
45
2
18
2
23
10
5
2
4
4
5
3
15
1
2
5
6
11
1
3
13
11
1
14
1
1
2
6
1
72
2
6
7
10
15
5
3
2
40
71
14
2
13
6
54
2
19
4
4
17
4
42
4
2
17
15
1
7
4
8
1
2
15
1
2
3
4
16
4
31
13
1
1
1
16
46
7
4
2
28
3
1
4
7
6
4
2
5
1
19
8
2
5
24
31
6
13
2
21
6
1
21
9
26
2
10
2
1
17
20
2
10
2
2
4
13
1
1
5
5
3
1
15
5
26
1
2
11
26
2
2
2
1
2
10
26
7
12
49
3
49
4
10
12
4
1
2
2
5
7
3
2
3
4
5
1
4
1
3
35
3
19
2
31
8
3
5
8
13
6
24
6
38
14
7
7
4
47
24
1
27
4
2
3
1
9
3
5
2
1
6
49
2
14
1
23
25
1
16
1
2
1
11
5
6
12
2
13
4
2
1
5
6
28
1
1
2
42
59
4
22
2
25
2
2
3
1
9
1
5
16
4
7
34
1
1
6
4
7
7
1
4
23
8
6
91
46
1
1
1
2
2
5
19
5
6
4
1
29
1
2
1
1
1
2
1
15
1
19
95
10
3
24
1
2
4
38
55
24
1
2
1
19
6
5
2
2
1
1
2
7
25
4
2
3
90
6
4
2
2
1
12
2
16
1
2
4
9
3
10
1
19
7
1
1
9
4
5
1
3
9
1
2
3
78
5
5
1
4
7
6
20
1
29
1
27
2
10
7
8
7
3
7
6
22
54
2
4
1
2
4
2
7
3
49
4
20
80
1
3
9
39
3
5
56
2
12
8
7
8
1
6
3
2
15
19
15
1
1
5
2
39
2
2
4
2
1
1
15
6
15
14
2
5
1
31
3
21
1
17
5
29
22
17
20
13
18
9
21
12
2
78
3
10
1
18
4
6
3
18
8
1
10
14
20
2
4
3
9
2
82
1
1
1
1
5
1
2
66
10
2
26
16
7
5
2
8
1
4
17
1
9
13
55
2
2
2
4
3
5
10
3
24
2
16
4
11
1
63
5
21
1
20
4
2
1
4
6
2
9
2
1
19
2
23
51
6
4
6
7
1
2
35
3
1
8
1
1
5
2
3
1
21
9
2
1
2
1
2
14
1
1
1
21
10
8
22
28
12
84
4
1
5
1
1
2
9
5
1
2
11
57
7
13
5
15
1
2
7
10
4
7
4
1
8
4
3
1
25
9
23
22
32
3
2
2
5
68
3
1
4
17
4
36
1
2
1
3
3
2
4
5
3
5
2
3
1
2
4
3
6
2
6
8
2
1
2
7
3
13
10
7
35
66
1
14
8
3
40
27
2
8
2
5
2
5
1
41
1
28
14
9
6
3
8
5
23
1
2
3
2
1
19
1
1
1
1
12
3
1
8
14
1
14
3
6
26
24
10
1
68
8
3
3
2
1
8
8
44
6
2
1
4
2
104
24
6
2
2
23
1
1
9
2
15
31
5
10
41
8
4
1
53
26
4
3
2
1
2
1
3
8
3
1
7
8
5
1
1
15
2
18
3
2
5
1
14
1
1
4
24
2
12
1
11
2
2
29
4
31
22
3
29
36
4
1
9
3
2
5
16
2
28
11
4
2
48
20
5
18
27
4
7
11
1
10
6
1
2
92
1
2
7
2
38
16
2
4
6
1
25
36
17
1
3
36
11
10
2
3
1
5
8
1
22
5
3
7
26
29
2
1
5
1
13
3
1
1
3
3
8
3
3
3
3
1
19
18
6
8
1
2
3
20
21
29
6
1
41
7
3
2
1
3
10
2
2
9
1
1
1
12
3
4
1
5
1
75
62
10
15
15
15
2
5
1
29
2
8
5
2
10
7
5
13
15
7
3
11
5
9
2
2
4
15
1
9
57
1
7
2
2
2
2
8
2
7
6
5
1
30
1
3
1
2
19
21
2
2
6
12
13
2
13
17
15
27
2
28
3
4
4
92
2
2
5
4
3
1
4
12
8
16
4
1
1
15
4
7
6
1
4
1
11
2
18
5
2
21
42
6
21
6
1
1
5
1
14
22
1
1
1
17
2
2
1
5
1
29
80
3
9
1
1
26
2
7
4
2
7
1
4
2
2
20
2
6
6
1
2
30
4
19
1
24
1
6
3
1
9
17
26
5
23
41
2
7
1
7
40
40
4
2
31
23
1
27
6
3
1
4
1
1
4
3
3
2
2
1
7
13
3
10
3
54
1
74
1
1
9
2
8
21
1
3
10
2
3
14
11
1
2
3
27
1
4
3
133
2
3
46
6
5
2
9
9
3
4
3
11
2
5
7
5
2
1
1
3
93
8
28
1
7
2
63
11
2
2
22
2
2
4
9
4
7
4
14
1
12
1
2
17
1
36
5
23
10
4
2
5
2
1
1
2
2
2
1
3
20
4
3
31
50
1
9
6
1
5
1
2
2
2
2
1
3
15
8
1
31
2
29
17
2
1
6
3
3
2
4
1
1
13
14
1
12
1
12
1
2
5
6
2
3
19
1
5
9
8
1
2
4
1
2
1
5
6
2
1
2
2
12
3
2
3
9
1
40
7
2
9
20
60
12
4
6
61
4
2
5
3
1
8
1
1
2
35
3
7
1
4
1
9
39
17
10
2
2
2
2
9
8
7
1
2
11
1
3
4
2
2
8
10
8
3
3
21
9
1
3
1
6
