158
8
3
5
20
1
4
3
6
27
4
1
56
2
16
3
1
1
18
12
90
23
53
3
6
1
24
7
4
2
9
23
3
3
7
1
18
5
1
6
5
2
2
1
1
3
6
11
1
4
10
1
1
2
4
2
1
5
16
11
2
3
2
2
111
1
5
6
24
1
6
5
22
1
108
8
28
2
11
7
2
4
2
1
7
11
1
29
2
159
73
4
29
48
1
2
5
11
4
5
1
2
1
55
8
3
2
3
12
3
5
1
33
5
2
16
10
10
11
12
3
10
2
32
6
9
15
4
21
139
2
1
1
95
62
10
3
9
18
1
1
2
2
57
2
8
1
5
14
76
17
16
2
61
1
2
18
65
17
1
1
211
8
2
22
4
1
1
3
9
21
24
7
17
3
2
9
4
2
20
3
42
11
6
17
38
10
1
2
1
1
4
9
7
25
28
4
13
15
1
2
8
10
23
8
97
1
5
4
16
4
21
269
1
1
4
3
23
48
23
33
2
4
11
1
17
2
1
4
17
1
14
4
4
18
2
61
1
4
14
7
1
2
1
6
10
9
1
17
8
2
2
23
16
3
3
6
5
1
2
106
22
2
9
69
1
5
1
4
2
1
2
2
3
12
25
1
4
1
7
14
21
9
3
1
1
11
22
1
17
2
10
36
6
80
10
12
9
7
2
1
11
1
1
27
7
22
2
6
4
5
1
5
7
2
12
19
1
18
2
4
1
3
3
2
1
6
2
1
3
37
1
6
8
79
33
30
3
10
2
2
60
14
56
19
1
11
6
5
1
239
4
5
2
136
6
1
6
54
2
1
22
34
1
61
35
41
27
32
1
3
36
5
4
3
1
15
4
10
1
2
71
2
1
10
1
2
1
2
2
1
22
12
1
2
19
6
8
1
30
3
1
3
1
1
8
1
10
1
1
3
62
46
1
10
2
25
2
2
1
4
4
1
16
8
63
2
2
6
1
10
8
23
10
21
1
55
2
25
1
34
82
1
3
12
4
16
2
1
1
26
10
34
1
2
41
2
5
25
226
4
12
4
71
4
2
1
75
3
7
45
5
3
170
19
1
2
1
2
1
1
4
20
13
23
2
56
17
1
11
1
57
17
24
77
1
2
23
1
29
16
2
8
2
9
24
27
6
92
3
40
13
3
35
24
9
27
1
138
6
99
12
61
7
9
10
8
1
2
2
1
3
8
23
8
4
2
7
1
19
99
1
2
14
16
1
149
3
31
26
1
12
75
4
2
8
25
24
4
4
2
3
10
8
6
1
29
6
11
6
2
20
24
1
3
15
1
4
7
7
26
17
29
7
5
99
1
2
9
1
1
24
1
3
100
81
3
8
8
27
144
118
2
1
27
4
10
15
2
4
15
5
1
2
4
5
2
81
1
6
1
11
1
5
7
1
46
2
2
14
10
5
1
27
40
75
1
4
3
1
98
8
21
32
5
1
6
1
39
17
4
1
28
49
4
2
2
2
3
7
1
12
1
14
4
21
25
10
13
4
1
14
6
64
13
2
88
4
19
28
28
19
6
30
6
41
2
12
19
2
3
1
1
4
1
2
46
1
11
24
110
2
25
3
6
31
49
9
14
1
3
77
2
13
54
10
9
15
51
62
5
4
23
19
2
4
2
9
26
14
9
2
27
8
7
22
3
2
3
3
26
5
2
8
1
4
5
91
1
33
102
1
1
16
12
1
14
21
2
163
1
11
3
10
49
10
26
6
95
2
1
6
13
2
150
9
2
1
8
3
33
21
2
11
5
41
8
1
85
1
10
2
23
5
12
21
30
1
15
1
3
13
17
7
15
3
4
23
8
22
6
3
14
1
2
4
28
14
27
3
23
8
1
11
9
4
2
23
16
2
3
51
2
1
3
5
16
20
1
50
1
2
2
1
9
15
4
1
6
6
17
4
12
5
3
4
2
39
1
15
1
6
212
11
2
7
23
7
8
12
5
9
1
21
4
14
1
4
36
1
13
12
7
1
4
4
2
4
8
1
12
157
1
22
1
4
1
1
9
8
5
20
35
23
6
9
9
1
2
1
1
2
1
10
5
2
22
11
17
1
3
2
50
6
9
32
3
2
14
11
14
2
16
33
31
31
1
4
17
1
16
9
15
4
2
137
7
4
7
4
9
5
81
14
1
33
5
16
13
1
10
8
7
9
21
10
7
4
1
10
6
6
12
8
3
10
4
7
2
14
1
3
6
2
1
2
4
5
2
3
89
7
15
14
6
1
2
18
58
13
3
13
1
4
3
3
1
2
1
1
19
1
4
13
56
2
9
4
4
2
3
2
2
1
2
19
1
245
2
12
2
9
22
1
1
14
14
18
1
29
1
12
33
3
1
29
1
14
3
1
3
1
5
3
19
26
2
122
1
2
13
12
1
7
27
4
11
22
2
28
30
24
1
12
1
17
1
1
2
22
5
2
1
1
1
1
5
29
9
37
9
1
3
10
27
11
1
21
2
1
12
22
1
7
1
78
9
2
19
11
19
17
8
1
2
3
86
1
2
1
22
5
1
25
17
8
16
1
1
2
6
92
25
36
11
19
30
3
107
19
10
37
3
1
2
5
7
7
4
2
3
5
1
5
10
10
1
2
6
11
21
2
2
14
17
9
1
7
3
1
3
3
3
3
5
5
3
16
1
25
7
3
3
115
1
1
10
1
1
4
19
30
15
26
2
4
29
38
3
6
33
1
1
1
2
5
3
2
12
5
76
34
4
51
121
5
2
3
9
3
4
7
6
14
20
4
1
8
8
3
26
1
71
1
2
3
1
6
10
5
16
5
24
14
3
3
50
17
2
7
9
3
87
8
3
49
5
2
15
23
5
11
42
60
2
102
7
10
6
10
14
7
21
58
1
15
3
2
3
3
3
14
10
8
4
1
16
3
15
48
1
22
4
1
2
6
27
5
6
29
4
9
20
1
3
56
66
43
8
1
2
8
1
1
2
3
12
5
55
12
1
4
3
4
3
18
3
13
1
3
29
21
9
14
2
3
1
22
37
6
15
1
21
15
7
1
4
175
3
1
7
8
3
3
2
41
11
18
16
7
1
2
6
6
3
1
13
8
7
7
1
18
16
5
5
10
35
4
2
37
2
2
11
32
228
20
2
8
259
1
1
1
18
46
1
108
1
12
44
2
6
11
16
4
3
1
1
1
5
40
3
6
16
6
6
1
10
1
1
6
11
1
12
13
13
2
20
1
2
4
2
7
70
2
1
2
4
17
28
3
40
1
5
3
1
15
68
25
2
1
9
18
3
4
29
51
17
76
25
5
1
2
15
5
10
1
2
2
2
28
171
5
1
33
1
159
22
2
2
2
4
1
25
19
11
3
17
11
3
10
4
13
80
7
4
8
2
5
16
2
72
2
1
1
94
6
4
58
4
1
9
22
9
5
12
5
36
10
19
1
7
4
2
8
34
5
13
2
1
37
11
20
18
3
3
1
1
3
1
1
16
1
8
18
20
8
2
8
1
19
7
4
8
1
65
4
3
36
4
3
2
3
49
1
2
14
32
7
18
19
21
8
1
2
5
11
5
2
2
36
5
4
4
14
49
1
1
7
100
1
5
4
25
43
1
5
21
2
5
1
22
41
2
15
8
2
53
7
26
67
1
4
34
35
1
7
1
45
1
17
1
7
3
34
1
61
26
31
1
2
24
99
8
1
38
18
1
5
1
22
16
7
2
4
1
2
18
3
11
3
2
4
16
34
19
31
1
5
186
1
13
5
6
9
1
5
2
24
11
2
10
4
35
1
5
244
1
43
21
16
4
2
7
13
39
23
53
16
4
1
3
1
10
2
49
1
4
20
91
15
18
27
3
66
1
9
2
9
2
6
4
32
4
2
2
2
27
82
33
2
21
1
12
1
2
2
1
5
25
6
1
6
4
8
4
1
13
2
6
3
26
42
2
3
2
1
6
4
4
49
19
93
16
24
1
9
2
3
6
1
6
6
2
2
2
1
1
7
12
70
15
111
7
2
4
2
4
1
6
24
3
3
5
1
6
21
14
8
11
69
1
2
12
2
12
1
1
1
22
1
14
3
2
1
14
46
5
2
93
4
19
214
1
29
50
6
16
4
4
12
2
14
14
6
4
15
1
1
1
48
8
20
8
50
1
4
1
52
10
4
8
13
26
20
18
2
30
1
2
2
24
27
2
4
5
13
42
2
13
15
7
48
35
8
8
1
3
5
7
2
22
2
7
14
4
2
1
2
1
1
4
6
3
24
9
5
5
5
28
12
16
6
6
2
65
21
23
6
18
9
6
22
15
5
1
1
6
2
21
101
4
2
13
2
3
1
5
10
1
76
7
4
3
47
2
6
6
10
4
14
1
2
57
14
11
7
1
13
4
21
8
5
2
10
2
8
7
11
1
25
2
2
1
1
14
14
3
15
4
8
16
65
12
8
20
11
2
2
20
3
1
9
15
1
13
14
1
43
19
2
1
2
2
1
3
2
1
8
8
10
136
1
1
2
4
5
4
8
2
2
5
2
1
8
9
13
1
19
1
1
7
23
3
45
18
101
11
7
4
4
2
2
1
13
177
3
7
8
7
17
2
1
1
1
7
14
10
1
2
3
6
25
1
3
1
36
13
4
11
24
2
95
4
1
1
15
1
16
27
1
4
7
2
78
10
13
7
1
8
3
2
39
2
6
5
1
4
35
1
5
38
1
4
9
48
20
3
12
2
1
9
2
5
21
4
6
8
3
11
21
12
6
37
23
27
4
24
1
2
60
11
41
4
23
5
1
202
5
1
8
18
233
15
8
1
5
1
1
15
1
9
53
3
15
1
2
46
32
1
2
12
6
9
15
2
1
59
6
43
2
12
15
19
1
1
9
3
154
2
1
139
105
2
2
33
2
54
1
1
2
70
264
11
4
10
41
4
3
30
3
2
4
1
1
1
10
1
2
4
13
30
2
15
7
1
3
5
3
18
3
2
12
2
5
1
2
3
9
80
13
20
35
9
4
10
1
2
3
8
22
13
2
71
3
18
19
1
4
10
7
1
3
1
16
2
36
69
30
1
2
31
2
122
6
3
3
9
1
2
3
14
1
3
47
217
1
6
34
40
188
12
10
2
25
1
14
2
2
37
46
4
1
2
96
4
51
4
2
1
5
27
1
1
5
5
2
26
7
2
5
17
3
7
3
2
9
57
7
3
