2
3
5
1
4
1
2
1
1
2
1
1
2
1
1
1
2
1
3
1
2
6
9
2
1
2
2
1
4
1
1
4
1
2
1
1
1
2
2
1
2
3
2
5
3
9
1
1
3
4
1
2
1
1
1
2
1
3
1
1
2
1
2
5
5
1
1
11
1
1
3
2
3
2
2
4
9
1
1
2
1
2
1
1
2
4
2
1
1
1
2
5
8
1
1
2
1
1
1
1
1
1
1
1
7
4
13
1
2
3
2
1
4
3
1
1
5
1
1
2
1
2
3
1
16
4
3
2
10
1
3
2
1
1
1
1
2
1
5
2
4
4
2
2
1
1
2
13
1
1
9
2
3
1
2
2
1
4
3
1
2
2
1
2
1
2
1
8
4
6
1
3
1
4
1
1
2
1
1
1
2
1
1
1
9
1
3
3
2
1
1
2
1
1
1
1
1
1
2
1
5
2
1
1
12
3
5
1
1
5
1
1
3
7
1
1
1
1
3
3
1
2
1
1
2
1
1
2
1
1
2
1
2
2
8
2
5
3
1
1
6
4
1
5
1
3
1
1
1
2
1
1
1
2
1
6
1
2
1
1
6
5
2
1
1
1
1
1
9
1
4
2
18
1
1
2
2
3
3
1
1
1
9
3
1
4
1
6
6
2
1
2
1
2
5
3
2
1
5
1
2
1
2
6
6
2
10
5
1
3
2
8
1
1
2
1
1
2
1
1
2
3
2
6
1
6
2
1
1
