1
21
7
28
38
41
7
161
116
67
90
14
6
28
81
1
1
261
480
7
4
30
1
225
25
1
96
7
464
127
45
345
1
12
3
26
7
262
14
76
9
2
17
17
1
7
331
9
60
8
48
6
86
10
7
2
70
2
54
4
204
282
68
96
12
159
65
13
40
33
202
93
10
16
294
11
10
78
2
40
282
33
5
46
340
60
3
81
24
22
42
210
198
172
3
31
78
24
295
75
43
54
23
24
90
14
15
1
3
202
15
17
7
46
44
307
88
168
6
25
88
94
18
571
5
1
458
5
1
2
61
78
87
3
9
37
123
62
75
2
125
3
245
86
3
7
266
5
190
45
24
23
3
2
28
21
7
186
56
27
390
17
4
222
5
5
55
6
1
13
6
215
63
36
121
101
9
9
9
8
1
72
4
22
327
232
16
96
223
10
282
118
56
8
133
24
27
136
81
11
28
1
4
6
104
2
1
17
274
2
15
1
10
91
17
1
1
25
80
110
159
344
12
19
76
178
14
3
200
26
132
74
118
1
3
104
1
10
330
63
45
181
38
44
9
7
1
130
6
50
61
46
19
465
206
358
98
2
121
5
49
6
34
26
81
1
33
8
10
180
28
196
1
15
15
256
133
6
182
14
13
41
7
3
1
19
139
38
4
67
7
35
42
24
1
7
2
1
100
2
87
50
316
215
6
11
47
79
87
1
1
440
26
1
56
68
67
18
3
11
19
290
3
269
1
243
3
1
24
28
28
6
1
22
49
94
13
1
5
12
2
9
23
99
57
10
51
2
1
40
3
48
19
90
5
67
69
37
97
3
114
13
14
262
4
29
193
1
57
27
2
2
29
47
320
15
75
22
24
2
43
288
12
332
106
14
35
276
27
19
50
434
53
32
19
8
35
7
3
97
6
20
16
313
49
1
9
31
6
11
5
257
88
238
4
312
57
40
70
56
6
10
19
33
3
407
5
347
78
7
4
78
1
10
29
28
10
208
5
121
27
15
9
338
31
251
12
83
106
8
1
35
11
18
180
430
15
10
8
81
2
77
2
1
1
7
67
120
56
1
51
114
12
18
40
4
2
82
188
43
78
33
72
3
24
13
2
7
2
8
3
14
96
137
14
250
1
8
2
4
19
16
2
205
122
11
24
220
15
5
1
17
130
33
221
128
94
9
4
4
123
196
6
14
147
1
3
21
59
1
16
11
137
1
1
310
15
14
23
33
27
144
42
325
33
18
387
4
53
45
17
220
469
24
15
250
47
3
16
5
39
314
262
333
222
539
3
2
6
4
114
5
6
9
18
77
18
72
97
8
2
17
14
347
32
13
45
16
2
5
24
104
7
22
67
44
49
57
46
79
17
49
2
154
26
1
1
402
71
43
2
25
75
13
485
93
10
32
515
116
1
32
16
20
8
11
123
175
170
1
14
1
27
8
324
209
24
28
132
48
95
55
1
10
226
249
83
253
289
21
71
3
4
542
25
7
13
53
139
25
21
254
77
5
25
67
186
11
160
22
11
15
6
20
68
200
46
172
10
96
8
38
59
104
6
2
42
31
1
3
17
2
1
14
8
12
202
13
51
3
24
116
6
305
48
32
429
27
338
5
55
33
10
17
19
1
67
1
42
8
15
19
20
8
115
7
9
99
158
88
42
5
1
13
4
1
96
427
82
15
13
4
58
77
60
33
281
463
291
17
33
326
29
78
44
109
105
72
1
170
50
43
103
90
23
15
220
47
33
13
104
78
18
3
12
4
42
14
3
17
83
332
11
4
92
2
27
5
82
1
29
15
1
121
72
10
10
11
98
5
103
25
5
20
11
14
127
1
11
57
67
33
137
123
20
84
1
24
98
4
43
224
11
12
3
4
274
2
1
14
20
5
1
136
23
19
25
3
84
26
42
2
6
10
55
41
2
12
5
29
5
4
32
12
1
28
1
6
2
31
137
30
4
3
300
232
236
261
11
7
400
124
112
25
323
65
60
37
179
157
4
18
354
35
11
7
41
428
3
34
234
1
6
15
86
12
5
75
33
26
1
3
267
8
1
29
3
75
40
192
153
8
410
5
7
105
27
115
52
28
10
1
51
1
120
3
71
21
1
36
79
42
1
5
1
53
50
34
3
8
1
88
21
23
45
108
28
41
35
22
19
5
69
13
5
1
15
4
5
52
19
7
30
24
76
6
22
5
42
2
21
100
10
35
31
114
78
14
4
145
26
7
73
66
163
24
49
116
12
29
3
12
5
19
2
1
42
1
8
31
67
406
49
1
19
28
55
46
26
128
30
33
56
5
29
13
1
380
20
9
3
53
8
2
38
48
3
117
94
60
2
10
1
7
7
354
1
66
7
21
10
8
9
27
1
2
2
16
419
29
52
5
12
1
10
25
22
7
50
3
40
82
4
53
24
1
2
55
41
6
16
57
9
2
101
28
9
22
36
45
369
28
16
121
181
10
24
77
5
1
46
3
187
50
16
35
65
18
93
76
30
2
34
2
39
7
42
5
5
12
1
30
2
6
17
15
22
8
17
33
48
18
64
7
1
4
3
8
16
66
18
2
8
251
1
9
25
5
34
38
53
153
9
1
1
11
8
63
20
336
13
9
22
30
13
109
6
374
43
62
6
7
7
269
68
38
4
10
23
31
243
70
195
15
65
6
15
78
4
25
2
19
19
55
30
17
19
89
69
107
164
25
95
1
244
21
36
16
1
61
17
2
18
3
8
9
87
44
6
26
4
235
68
154
36
25
18
7
7
49
21
2
1
51
3
150
3
181
1
9
49
4
39
39
16
138
35
31
7
132
74
7
248
20
20
3
1
19
1
31
4
30
5
34
229
2
32
16
13
94
7
167
32
314
4
120
4
15
227
26
2
53
1
269
7
6
3
210
38
1
6
23
1
22
34
316
21
170
5
20
2
158
1
1
41
1
1
1
1
1
1
1
1
1
1
1
1
1
104
1
1
1
29
1
1
1
1
1
1
1
1
1
1
1
1
1
1
1
1
49
1
1
1
1
1
1
1
190
39
1
1
1
1
1
1
1
1
1
1
1
293
1
1
1
1
208
1
1
1
167
1
1
34
1
1
1
1
1
1
1
1
1
1
1
1
1
1
1
1
1
1
376
1
1
217
1
1
1
1
1
1
1
1
1
8
1
1
1
1
1
1
1
247
1
7
1
1
1
4
1
1
2
1
1
21
4
1
1
1
1
1
1
1
1
1
1
37
1
1
1
7
1
1
1
1
1
1
1
1
35
1
1
1
1
150
2
1
1
1
1
1
1
1
1
1
1
5
1
1
26
1
2
28
1
1
1
1
1
1
4
1
1
1
1
114
1
3
1
1
1
1
1
1
1
1
1
1
1
1
1
1
1
1
1
1
13
1
1
1
1
1
1
1
12
1
1
84
1
1
1
1
1
1
1
1
1
1
1
1
1
1
1
1
1
110
1
1
1
1
1
1
1
1
1
1
1
1
328
1
6
1
5
1
1
1
1
1
1
1
1
1
1
1
2
1
1
1
1
1
1
1
1
1
1
1
1
1
7
1
1
1
1
1
1
1
198
12
1
1
1
1
1
80
1
1
1
6
107
1
1
1
1
1
1
1
1
1
1
425
1
1
1
1
1
1
5
1
1
1
55
2
1
1
1
1
1
1
1
54
1
1
1
1
1
1
1
1
1
9
1
1
1
1
3
1
1
1
1
1
1
1
1
1
1
1
1
1
16
1
1
1
1
1
1
1
1
32
1
1
3
1
1
196
1
1
1
1
1
1
1
1
1
1
1
1
1
1
1
1
1
2
72
1
1
1
1
1
1
1
1
1
1
1
1
1
1
1
1
1
2
1
1
13
1
1
1
2
1
1
1
1
1
1
207
1
2
1
47
1
1
1
1
1
3
1
1
1
1
1
1
1
1
1
1
1
1
1
1
1
1
1
1
1
1
1
1
1
1
1
1
1
1
1
1
1
1
1
1
4
1
1
1
1
1
1
1
1
1
1
1
1
128
1
1
11
1
1
1
1
1
1
1
1
1
17
2
1
1
2
94
1
1
1
1
1
1
1
1
1
1
1
1
1
1
44
1
1
1
100
50
1
1
1
94
1
1
1
1
1
1
1
1
1
1
1
1
1
1
1
1
12
1
1
1
1
175
1
1
1
21
1
1
1
1
2
2
1
5
1
2
1
1
1
1
1
1
1
2
1
1
30
1
3
1
1
1
1
1
1
1
2
1
1
1
1
6
1
1
1
1
1
1
266
1
1
1
2
1
1
2
1
1
75
1
1
1
1
1
1
1
1
1
1
1
1
1
1
10
1
1
1
2
1
1
1
1
2
1
1
1
1
1
1
1
1
1
1
66
1
1
1
1
1
1
1
1
1
1
1
5
1
1
1
1
1
1
1
1
1
1
1
1
1
1
1
1
1
1
1
1
1
1
1
292
1
1
1
50
1
1
1
1
2
1
1
1
8
1
1
1
389
1
1
1
1
1
1
2
1
1
293
1
1
1
1
195
1
1
31
1
131
1
1
1
1
1
1
1
1
1
1
1
1
8
1
1
1
1
18
2
1
1
1
1
1
17
144
2
1
1
1
1
1
1
1
1
1
3
1
1
1
1
1
1
1
1
1
1
1
40
2
15
3
1
1
4
1
1
1
1
1
1
1
1
2
1
1
1
487
1
53
1
1
1
1
1
1
1
1
1
1
1
1
1
1
18
1
1
1
1
1
1
1
1
1
11
1
1
1
1
1
3
1
1
1
1
1
1
1
1
1
4
1
7
1
1
1
1
1
1
1
1
50
1
1
1
2
1
1
1
1
1
1
1
1
1
1
1
1
150
1
1
1
1
1
1
1
1
1
466
4
1
1
1
1
1
1
1
1
1
1
1
1
1
1
1
57
2
1
7
1
1
1
1
1
2
1
1
1
1
1
134
1
1
1
1
1
1
1
2
1
1
1
79
1
1
1
1
1
1
1
1
1
1
5
1
2
1
1
1
3
1
1
2
137
1
1
46
1
1
1
1
1
1
1
1
2
1
1
1
1
14
1
1
1
23
1
1
1
359
1
1
1
1
55
1
1
1
43
1
1
1
1
1
1
1
1
1
1
1
1
43
1
2
2
1
1
1
1
1
1
1
1
1
1
1
1
1
1
1
2
1
1
1
2
1
1
1
2
1
2
2
1
1
1
2
1
1
1
1
1
1
1
1
1
1
1
1
1
1
1
1
1
1
1
21
1
1
1
1
42
1
1
1
1
1
1
34
1
1
1
1
1
1
1
1
1
1
1
1
1
1
1
1
1
1
1
1
1
1
1
1
3
66
1
1
35
1
1
1
1
2
26
1
10
1
2
1
2
1
1
2
167
1
1
3
1
1
75
1
6
1
2
1
1
1
1
2
1
1
1
1
1
1
1
2
1
1
1
1
1
1
1
1
1
318
2
1
1
1
2
1
3
58
11
1
1
1
1
1
1
1
1
1
1
1
1
1
1
1
1
1
1
1
1
1
1
1
1
1
1
1
15
1
1
1
41
1
1
1
1
1
1
1
20
1
1
1
1
1
1
7
2
2
1
2
3
2
2
2
1
1
1
1
1
1
1
1
1
1
1
1
1
1
1
1
2
1
1
1
1
1
2
1
417
1
1
1
1
1
1
17
1
1
1
1
133
1
1
1
1
1
1
1
2
1
1
1
1
39
1
1
1
1
1
1
1
1
1
1
54
1
2
10
1
1
18
1
1
1
2
1
1
1
1
4
1
1
1
1
1
2
49
7
1
1
1
1
1
1
1
1
1
1
5
2
85
1
2
111
2
1
1
3
1
1
2
1
1
2
1
1
1
5
1
1
1
1
1
1
1
1
1
1
1
1
1
1
1
1
1
1
1
1
1
1
1
4
1
1
2
1
2
2
1
1
1
1
1
2
1
4
1
1
1
195
1
1
15
1
1
1
1
1
29
16
1
1
2
1
2
2
1
1
1
3
1
1
1
1
1
1
4
1
1
29
13
1
1
1
1
51
1
1
1
1
66
1
1
1
1
1
34
1
1
1
1
4
1
1
3
1
1
1
1
4
1
131
1
1
1
1
1
2
1
66
20
1
1
1
1
2
1
1
1
1
39
1
1
1
1
1
1
1
1
1
1
1
1
2
1
1
1
113
1
198
7
1
2
1
1
1
1
1
1
85
1
1
1
13
2
1
1
1
1
1
1
2
1
17
1
1
1
84
5
2
1
34
1
1
19
1
1
1
1
8
1
12
1
3
1
1
1
1
1
2
1
1
24
2
1
1
1
1
1
1
1
1
1
1
1
1
1
1
1
1
1
156
43
1
1
2
1
1
30
1
1
37
1
1
1
3
1
1
1
1
1
1
16
1
1
1
2
1
1
1
1
1
1
1
113
1
1
1
1
20
2
3
1
29
1
1
1
1
1
1
1
4
1
1
1
1
1
1
177
1
1
1
1
1
1
1
1
1
1
1
1
1
1
1
1
1
2
3
1
1
1
1
2
1
1
1
1
2
1
1
1
91
1
34
1
1
1
7
1
35
1
1
1
1
2
1
1
1
1
1
1
1
1
1
1
2
2
1
30
1
1
1
1
1
1
1
1
1
2
1
1
1
1
1
1
1
1
1
1
1
1
1
1
1
1
2
1
2
1
1
22
1
1
1
1
1
1
1
1
1
2
1
1
1
1
90
1
2
1
1
1
1
1
1
1
1
1
10
1
1
1
1
346
1
1
1
1
1
1
1
1
41
16
1
1
24
1
38
1
4
1
1
1
1
1
106
1
1
1
2
1
1
6
2
1
2
2
1
1
1
167
1
1
1
4
2
1
1
1
1
1
1
1
4
1
106
1
1
1
1
1
2
1
25
1
3
1
1
2
1
1
1
2
2
1
1
1
1
2
1
1
1
340
1
1
224
1
1
1
2
33
1
1
1
1
4
1
1
1
1
1
1
23
1
1
1
1
1
1
1
1
1
1
1
1
2
1
1
1
2
1
1
1
1
1
1
1
50
2
2
1
1
1
1
1
1
2
1
216
28
1
1
2
91
49
2
1
1
1
1
2
1
1
1
1
1
1
1
1
1
1
2
5
3
1
17
7
1
1
1
1
1
1
1
1
1
1
1
1
1
1
1
1
97
1
1
1
1
2
1
1
1
1
1
1
2
2
1
2
1
1
84
2
2
1
1
1
1
1
1
1
1
1
1
1
16
1
1
1
1
1
1
1
1
1
1
1
3
1
1
1
2
1
35
1
1
2
84
3
1
1
3
1
1
1
1
1
1
1
1
1
1
1
1
150
2
1
1
1
1
1
1
1
3
1
1
1
55
1
1
1
1
1
1
1
42
1
1
1
1
1
1
1
1
1
1
1
68
1
1
1
1
1
1
1
1
1
1
1
1
2
1
1
1
1
1
3
1
1
1
1
1
1
27
87
1
1
69
1
1
3
1
1
2
1
1
1
2
1
1
1
265
1
1
2
1
2
2
1
2
1
1
1
1
1
1
1
1
2
1
1
1
1
2
2
1
1
1
1
7
1
1
9
1
1
230
1
1
1
1
1
11
1
1
1
1
1
2
1
1
2
1
1
1
1
75
1
1
1
1
1
1
1
1
4
1
1
1
64
1
1
1
1
1
55
1
1
1
2
2
1
1
1
1
1
2
1
2
1
1
1
1
1
1
1
1
1
1
1
1
1
243
2
80
1
3
3
1
1
1
1
1
8
2
1
3
1
1
2
2
2
2
1
1
3
1
1
1
1
1
2
2
1
28
1
1
6
15
2
1
1
1
1
1
2
3
6
68
1
1
1
1
1
2
2
1
1
1
1
1
1
184
82
1
4
1
1
1
2
52
1
1
2
2
1
1
1
1
1
1
1
1
140
1
1
1
2
2
1
1
2
1
1
1
2
1
1
1
1
1
1
1
1
1
1
1
1
1
47
14
1
1
1
1
1
2
1
2
1
1
1
1
1
9
210
1
2
1
1
2
1
1
1
1
2
2
2
2
1
2
1
1
1
1
1
1
2
1
1
3
3
1
90
23
1
1
1
3
1
1
2
35
1
1
1
1
1
1
1
1
1
1
1
2
1
1
1
2
1
1
2
1
1
1
1
1
1
1
1
1
1
4
1
1
1
1
1
154
1
1
2
1
1
3
1
1
1
2
1
2
1
2
2
2
2
1
1
1
1
1
3
1
1
2
2
2
2
1
2
6
1
1
2
16
1
1
1
1
1
2
1
1
1
1
2
56
170
20
1
1
2
25
1
2
2
1
2
1
148
1
1
55
1
1
1
58
1
1
2
37
3
44
18
2
1
1
1
1
2
1
1
1
7
1
1
1
1
1
1
2
1
4
1
3
1
1
1
1
2
4
1
1
1
2
1
1
1
1
2
1
2
1
1
1
1
1
1
25
337
1
1
181
1
1
1
1
1
1
2
1
1
1
1
1
1
2
1
3
1
1
1
17
1
1
1
36
1
1
3
1
1
224
1
1
1
1
1
1
2
1
21
1
1
1
1
1
1
1
2
1
63
1
1
1
64
2
2
1
36
62
1
1
2
1
1
1
91
1
1
18
2
1
149
2
4
1
1
1
5
3
1
1
1
1
1
114
3
2
1
1
1
1
15
1
1
1
2
2
1
1
24
2
1
1
1
2
1
1
3
1
112
1
19
1
1
1
3
2
1
1
1
1
1
1
76
3
1
1
1
2
1
2
1
1
5
1
1
1
1
1
1
1
2
1
5
1
2
1
1
13
1
1
2
2
1
1
20
1
2
1
1
2
1
1
28
1
1
1
1
1
3
1
2
2
1
1
1
1
1
299
3
1
1
1
41
1
1
1
1
1
1
1
3
1
1
1
2
2
1
1
2
1
1
1
1
1
1
1
1
2
2
1
2
3
1
1
57
139
1
1
1
1
1
31
2
1
22
3
2
1
125
1
2
1
1
1
2
1
1
2
1
1
1
2
2
1
1
1
5
1
1
1
2
4
1
1
1
1
1
1
2
1
2
1
67
1
1
1
1
2
4
1
1
1
2
1
2
1
2
1
1
1
1
1
1
1
1
1
1
1
1
1
3
1
1
1
1
1
1
2
1
1
1
1
1
1
3
1
1
1
1
1
5
1
2
1
1
1
2
1
1
2
1
1
25
2
3
1
1
1
1
7
1
1
1
1
22
2
1
3
3
1
1
1
1
18
1
1
2
3
1
3
1
1
1
1
1
1
5
1
1
1
2
1
1
1
1
2
2
1
1
2
1
1
2
1
3
1
1
1
1
1
2
1
1
1
1
1
3
1
1
2
1
1
1
1
3
1
3
2
1
1
1
3
2
1
1
76
1
1
1
1
1
2
3
1
3
2
1
1
1
1
1
188
1
1
28
5
1
2
6
3
1
1
1
1
1
1
1
1
1
1
2
1
1
1
3
1
1
1
1
1
1
1
1
2
1
2
1
1
1
1
2
1
1
1
1
1
3
1
1
2
13
1
1
1
2
1
2
1
1
1
1
2
1
2
2
1
2
2
1
2
1
1
1
1
1
7
2
3
2
1
1
1
2
1
1
1
1
2
2
1
1
1
1
1
1
1
2
1
1
1
1
1
1
1
2
1
1
1
20
1
1
18
2
2
1
1
1
2
50
1
1
1
1
2
2
1
1
2
1
1
3
1
66
1
1
3
2
1
2
2
8
2
2
2
1
3
1
1
1
1
2
26
2
1
2
1
3
1
1
7
98
1
1
2
1
2
1
3
2
1
1
5
1
1
5
1
1
1
1
1
1
1
1
1
2
1
3
1
1
1
2
1
3
1
1
64
1
1
5
5
1
1
1
4
1
1
143
1
1
1
2
2
1
1
9
2
1
1
1
1
1
1
1
1
2
2
1
2
3
1
4
1
3
2
1
10
1
1
1
1
1
3
2
1
1
3
1
2
23
1
1
2
3
3
13
1
1
1
107
14
41
1
1
1
9
1
1
2
1
2
29
1
1
1
1
1
1
3
1
1
1
2
1
1
1
1
2
1
1
5
1
1
37
1
1
21
1
1
1
2
1
1
1
1
2
1
1
1
1
30
2
1
2
1
5
2
2
1
1
2
1
1
2
54
1
2
1
1
1
2
1
2
1
2
1
1
1
1
5
1
1
1
2
32
1
267
2
1
1
1
1
1
1
20
1
1
1
3
1
17
2
1
4
37
2
1
1
1
1
2
1
1
1
1
2
1
1
2
1
1
1
1
1
1
2
2
1
1
3
1
1
2
1
3
1
1
1
1
1
1
1
18
1
2
1
1
1
2
1
1
1
1
1
2
1
1
1
1
1
4
5
1
2
1
2
1
3
1
1
1
1
1
3
1
1
1
1
2
2
1
50
7
2
1
22
2
2
16
1
1
2
1
1
20
1
1
1
1
3
1
2
2
43
1
1
1
139
2
1
2
2
3
1
1
2
1
1
1
1
1
1
2
2
1
2
1
157
2
1
1
1
1
2
1
42
1
1
2
1
2
1
1
2
1
2
1
1
1
2
1
2
1
1
1
2
1
1
2
1
1
1
12
1
1
1
1
2
1
1
1
1
3
1
4
1
2
1
38
1
1
1
1
1
2
4
1
1
36
1
5
2
3
2
2
7
1
159
2
1
4
112
1
1
1
1
4
1
1
1
2
1
148
1
1
1
1
1
4
3
1
1
1
1
1
1
1
1
1
3
2
2
1
2
1
1
1
1
2
1
1
3
1
1
1
1
1
1
4
1
2
1
1
3
1
2
2
1
1
2
1
1
7
20
1
1
4
1
1
1
3
1
1
1
2
1
1
1
1
2
1
1
15
46
1
1
1
2
1
1
1
2
1
2
1
2
2
4
1
4
3
1
1
3
1
2
1
1
1
1
1
1
1
21
1
2
2
1
1
164
1
1
1
1
1
2
1
2
3
1
2
1
1
1
2
1
5
1
1
1
1
1
1
1
3
1
1
1
1
1
1
2
1
1
1
1
5
61
96
1
1
3
1
1
10
16
2
1
1
1
1
2
2
1
1
2
1
2
1
1
1
2
44
1
1
1
1
1
1
2
1
3
1
1
2
1
4
1
1
1
1
1
2
18
1
4
1
1
2
1
1
1
1
4
1
2
1
7
1
2
1
1
1
1
1
2
4
2
2
1
1
1
1
1
2
4
2
1
1
3
1
1
2
1
1
3
1
2
4
111
87
19
3
1
1
2
142
5
1
1
3
1
1
1
1
2
1
1
1
3
1
1
14
1
1
1
1
1
2
1
104
2
2
1
1
2
3
3
44
1
67
23
1
2
1
12
1
1
5
13
3
2
2
1
1
2
2
1
2
1
1
1
2
1
5
1
1
1
2
2
1
1
1
1
2
1
7
1
1
4
62
5
1
11
8
1
1
2
2
2
1
1
1
1
5
1
1
1
1
1
1
1
1
2
1
2
1
1
2
3
1
2
1
1
1
1
1
1
1
73
1
1
1
127
1
1
1
2
3
49
1
15
1
2
1
1
1
4
1
7
1
2
1
4
1
1
1
1
1
2
2
1
1
1
1
1
1
1
1
2
1
1
4
1
1
1
1
1
1
13
1
1
3
1
1
3
2
1
1
1
1
1
5
3
1
1
1
1
1
1
1
1
1
5
2
1
3
1
1
402
3
2
1
1
2
1
2
2
1
1
1
1
1
1
2
39
1
2
7
106
1
1
1
2
1
7
2
3
1
1
1
2
1
1
2
2
1
1
2
3
2
1
1
2
1
1
1
1
3
1
2
1
1
1
2
3
1
1
1
2
10
1
1
1
2
2
1
3
2
2
2
1
2
1
6
3
6
1
1
1
2
2
2
2
1
58
1
1
6
1
2
1
3
3
1
1
80
3
4
2
2
1
1
1
1
1
3
2
1
2
1
1
122
1
1
1
1
4
1
1
2
44
1
1
1
1
1
1
1
5
4
1
1
1
10
1
1
5
2
1
1
1
8
92
1
1
1
32
1
7
2
1
1
5
2
1
1
3
76
2
188
103
2
1
1
2
2
1
9
1
1
1
1
3
2
2
1
1
1
2
1
1
8
1
2
1
2
1
147
5
1
2
1
1
4
1
1
2
2
1
1
1
2
1
16
1
4
2
1
47
1
1
106
1
1
1
1
1
2
2
2
1
1
1
1
1
1
1
2
1
1
2
1
1
1
1
2
1
1
1
1
1
1
1
474
1
4
1
1
1
1
1
1
1
1
29
1
1
51
1
3
2
1
4
2
2
1
9
1
2
2
4
17
3
2
2
1
2
1
1
1
1
3
24
6
21
1
7
1
1
1
50
1
1
1
86
1
4
51
1
95
1
16
13
1
102
2
1
37
1
2
3
1
122
1
2
4
79
1
134
1
1
3
1
2
1
229
1
1
25
1
1
175
2
1
4
3
1
3
3
58
1
1
1
1
1
1
1
1
287
4
1
2
1
2
1
331
1
2
4
1
1
1
1
2
1
1
1
1
1
1
1
1
1
1
1
1
1
4
1
1
2
1
1
1
2
1
2
1
1
1
4
1
2
3
1
1
2
2
1
1
2
1
1
1
2
2
1
1
1
3
1
3
1
2
2
1
1
1
3
1
1
1
1
3
1
3
1
1
38
2
1
1
1
2
2
1
3
1
26
1
1
1
2
1
2
2
1
1
1
1
1
1
3
13
1
1
3
5
17
3
3
1
1
3
1
4
6
3
1
1
1
1
1
1
1
1
1
2
3
1
6
1
1
4
22
1
1
1
1
3
1
1
1
5
1
4
1
1
3
3
40
107
1
1
1
1
1
2
3
1
2
4
1
2
1
1
2
1
6
1
93
2
2
1
1
2
2
4
1
1
321
1
1
2
1
1
1
4
1
2
1
1
1
1
1
1
1
1
1
1
10
2
9
1
1
1
1
1
1
5
9
1
1
2
2
31
1
1
1
1
2
1
8
2
2
2
1
1
1
2
82
1
1
1
3
8
1
1
4
6
6
1
6
1
4
4
1
1
4
3
8
2
1
1
3
1
1
1
1
1
2
1
1
5
2
1
1
1
1
1
1
5
1
3
1
2
1
2
1
2
3
2
1
3
2
1
1
1
3
1
3
1
1
2
1
109
3
2
1
1
2
1
2
6
1
3
2
1
1
1
52
1
2
2
3
4
1
1
1
1
1
1
1
1
16
1
1
2
1
1
1
1
1
1
1
1
2
2
1
1
1
1
1
1
1
10
1
1
1
39
1
1
1
1
2
1
3
1
4
1
1
1
4
1
3
1
1
51
2
1
1
73
18
1
1
6
1
1
1
2
3
1
1
1
3
1
1
1
56
1
1
1
1
3
1
2
1
3
4
1
2
1
1
3
2
1
5
1
1
1
1
35
2
1
1
342
14
3
1
1
1
2
1
2
1
1
1
2
1
1
108
2
3
54
39
1
1
2
2
12
1
2
1
2
1
49
36
2
2
1
19
1
2
57
1
2
2
1
6
2
1
1
2
5
1
3
3
1
115
1
1
3
1
3
4
2
31
53
1
1
2
1
3
1
2
1
6
1
2
1
3
1
1
3
1
1
1
1
1
1
1
1
1
2
43
1
2
1
1
1
2
1
1
1
1
2
2
14
2
2
1
3
1
1
1
2
1
1
1
6
1
3
4
3
3
1
2
4
1
3
3
1
1
1
1
3
1
2
1
2
1
4
31
5
4
29
1
1
1
2
2
2
1
38
5
8
1
1
1
2
1
2
2
1
2
1
1
1
4
1
1
2
1
1
1
3
1
3
1
1
1
5
2
1
15
3
1
1
1
2
1
3
2
3
2
1
1
81
2
1
1
1
1
21
1
3
1
1
1
1
1
1
2
2
2
4
1
1
3
1
1
1
2
1
1
1
1
1
1
1
1
1
1
1
2
1
2
2
1
24
1
1
25
2
1
1
1
1
1
1
12
3
1
1
7
3
2
1
1
1
1
1
1
9
1
1
1
1
1
1
2
1
4
3
1
64
4
2
9
1
1
1
1
2
1
3
1
1
1
1
1
2
1
4
76
1
1
2
2
3
2
5
1
1
1
5
11
2
1
4
3
1
1
17
1
1
1
4
1
1
3
1
3
1
46
4
1
1
1
251
1
2
1
6
1
2
1
114
1
17
4
3
2
1
1
35
2
1
5
1
1
1
2
1
1
1
5
1
5
2
1
3
26
4
1
1
2
1
2
42
13
1
1
4
1
1
68
1
1
1
4
1
1
5
1
1
2
74
1
1
4
34
2
1
10
1
1
2
2
2
5
2
2
3
1
4
2
1
8
4
1
106
2
2
1
1
1
1
1
2
48
11
1
5
1
7
1
2
1
1
22
1
1
3
1
1
2
1
1
1
1
4
1
2
1
4
1
6
3
1
1
8
1
3
1
2
1
2
2
1
1
1
22
10
1
4
1
4
1
152
1
1
7
4
1
2
1
4
1
1
1
63
25
6
1
3
1
2
1
1
2
1
4
2
8
2
1
4
1
1
2
2
288
1
1
2
1
1
1
2
1
2
1
2
1
3
129
1
5
1
1
1
2
1
3
1
1
3
10
5
1
7
2
13
2
6
1
1
1
1
1
29
1
6
1
1
1
1
2
4
1
1
1
189
1
1
3
1
2
1
2
3
1
2
2
1
4
1
1
1
56
1
2
1
2
17
1
1
1
2
60
1
3
1
29
2
1
1
2
1
1
12
1
3
1
1
92
6
4
1
3
7
2
5
1
57
3
1
1
1
2
1
1
1
1
89
84
1
2
1
3
1
1
6
3
1
2
1
1
1
2
1
2
3
1
1
2
3
1
2
1
1
1
52
1
1
1
1
1
169
1
1
7
1
7
1
3
3
1
1
1
5
5
1
1
1
1
2
1
2
9
1
1
5
2
3
1
1
4
2
2
2
1
1
1
4
2
3
7
1
9
1
2
6
1
177
2
1
1
3
6
2
1
16
1
3
1
1
3
3
1
3
1
2
1
1
10
51
10
2
1
1
1
1
4
1
2
1
1
1
4
1
1
11
6
4
11
1
1
1
4
3
1
1
1
1
1
4
1
2
5
3
3
1
1
2
3
5
1
1
135
1
2
1
1
1
2
29
1
1
5
3
9
1
1
1
2
4
3
1
1
1
4
3
3
3
5
3
13
2
1
1
180
90
4
5
4
1
1
1
1
1
1
1
2
1
1
1
3
1
1
7
2
4
1
1
120
2
12
1
2
1
2
1
1
4
1
2
347
1
11
2
1
12
1
5
1
4
1
4
1
2
2
1
9
1
1
1
1
2
1
2
1
1
2
1
1
1
1
2
2
1
1
2
2
4
1
12
8
1
1
14
2
1
1
1
8
1
1
1
6
4
1
2
1
1
1
2
1
2
2
3
1
4
5
46
97
3
1
1
5
3
1
1
1
4
1
2
15
1
1
1
140
7
1
1
1
3
4
1
1
1
2
1
1
4
4
1
3
3
1
1
2
3
1
1
1
2
1
3
1
3
1
2
146
1
4
2
1
2
2
1
1
2
2
3
1
1
1
1
1
1
14
1
2
1
1
2
1
1
2
40
2
2
1
1
1
1
1
1
1
4
1
2
2
2
1
1
142
1
6
1
2
2
4
2
3
5
1
1
1
4
17
1
1
3
74
1
2
2
5
2
2
1
2
3
2
1
2
124
5
1
1
3
2
1
14
2
1
2
1
3
1
1
1
1
1
1
1
1
1
1
95
1
4
1
6
3
1
3
2
20
2
1
5
4
1
2
2
4
1
1
5
3
2
2
1
1
7
2
41
1
2
2
3
1
2
1
2
1
2
2
5
2
1
2
2
2
1
2
6
2
1
1
1
1
2
3
1
1
1
1
1
14
1
1
3
1
3
3
2
1
8
5
76
1
1
1
1
40
5
3
9
290
1
2
2
1
7
5
1
1
1
1
141
3
2
1
1
56
1
2
10
2
1
1
3
1
1
3
1
1
1
1
2
10
1
1
3
102
13
1
1
1
7
1
1
1
2
27
2
3
3
1
7
2
3
3
6
30
3
1
4
2
15
1
1
4
1
37
1
2
1
1
2
2
6
1
2
1
1
2
1
1
1
2
65
1
9
13
346
3
4
1
3
2
136
140
1
12
1
7
3
2
1
15
3
10
1
1
4
2
4
1
1
1
2
1
1
2
2
2
29
1
4
4
3
1
2
4
5
6
2
1
1
1
2
6
2
34
1
1
1
1
2
2
1
3
2
4
2
1
1
4
4
2
1
2
4
3
1
1
2
2
1
5
2
2
1
5
1
1
14
1
1
1
1
1
1
2
6
6
1
7
1
2
2
1
14
2
5
2
1
1
2
1
1
6
3
3
4
3
1
2
1
35
375
3
1
37
3
1
7
3
2
2
1
28
3
2
1
4
1
16
1
3
2
2
19
4
4
1
154
1
3
1
2
1
2
8
31
6
1
1
6
2
1
4
33
1
1
1
2
1
1
5
4
58
3
1
1
5
1
1
2
2
6
2
3
1
2
2
1
14
2
2
35
12
2
1
1
3
6
4
1
6
1
2
5
2
1
6
3
2
2
1
5
1
1
2
30
1
1
1
2
2
3
2
4
1
6
6
1
5
1
1
1
1
1
1
1
2
4
29
1
2
1
1
1
9
3
4
1
1
3
1
1
1
3
2
1
1
1
1
1
1
2
5
1
4
2
19
2
1
6
2
1
2
9
1
1
1
1
1
2
2
1
3
1
6
1
3
2
17
1
6
2
1
19
2
8
2
4
1
1
1
5
1
1
2
1
1
1
1
1
1
1
22
194
2
1
1
1
2
1
1
1
1
7
3
1
3
1
3
2
2
4
1
49
14
1
1
2
13
1
6
3
1
1
3
2
1
2
1
3
1
3
1
1
2
8
41
3
1
3
2
1
1
2
5
3
12
4
3
1
9
1
1
1
6
2
1
6
5
5
4
11
132
4
1
2
1
1
2
1
1
7
2
9
1
10
3
1
5
5
3
1
2
1
6
5
1
4
12
2
1
22
4
1
9
3
1
4
2
1
12
1
43
2
4
1
15
4
4
1
3
3
4
12
5
1
3
279
1
1
1
1
1
2
1
1
3
1
1
1
5
1
2
3
1
1
3
35
6
2
10
5
34
4
1
1
3
1
4
1
2
1
6
2
1
13
3
1
2
4
6
1
1
1
40
1
1
7
6
1
2
4
1
4
1
9
12
2
2
1
59
2
10
3
1
5
2
2
1
1
1
7
1
6
4
2
60
1
1
7
3
8
1
14
3
1
4
2
1
2
3
1
1
1
2
33
2
4
4
1
2
3
2
1
2
5
1
1
1
1
1
13
1
5
6
2
6
1
2
1
1
1
16
1
1
3
4
9
2
1
2
1
28
133
2
5
1
1
3
2
1
3
3
1
2
27
2
1
3
1
5
21
1
4
1
1
2
2
2
1
1
1
1
7
215
2
1
2
5
1
3
1
16
2
6
6
3
1
15
2
6
1
11
2
1
1
1
5
1
3
7
6
3
5
1
1
5
2
1
6
1
2
2
2
46
3
1
38
1
2
2
109
2
172
3
1
1
2
2
1
1
9
103
1
10
3
1
4
1
1
1
91
8
1
2
1
3
2
1
4
1
1
1
1
171
1
1
3
8
1
1
6
4
11
5
3
1
2
1
1
1
4
1
1
1
2
2
6
3
1
4
2
3
1
3
4
9
1
2
7
1
10
1
6
2
2
20
1
5
1
14
2
57
1
3
2
1
1
1
5
5
25
1
1
1
1
2
1
2
7
2
21
4
1
1
136
1
1
1
2
112
2
5
2
10
1
1
1
1
245
2
3
1
1
1
1
3
1
1
3
10
2
1
5
2
2
2
5
1
6
3
1
54
3
191
1
2
1
1
1
19
1
3
1
1
1
4
85
2
3
122
1
1
2
6
1
3
1
9
1
7
18
1
10
2
1
14
1
10
8
1
2
6
1
1
2
2
8
1
29
2
2
69
2
1
1
7
1
4
3
1
3
6
1
1
1
3
4
4
2
8
1
3
3
68
2
1
1
3
1
1
1
2
2
1
1
1
9
2
7
3
1
65
2
1
1
3
1
2
1
2
10
1
1
4
47
2
4
1
5
1
5
1
2
1
2
1
3
2
13
2
5
3
7
13
1
1
96
2
1
5
11
3
2
4
1
117
1
1
5
3
5
1
27
2
1
1
2
1
81
1
1
19
6
1
3
11
8
11
3
1
1
2
1
1
1
3
2
1
2
24
13
7
2
3
6
1
8
4
46
4
2
141
1
1
61
5
1
1
1
7
3
2
3
4
1
1
1
2
92
22
4
1
3
17
1
1
2
4
3
1
3
1
3
6
13
2
2
3
5
4
1
1
1
4
5
35
2
7
1
1
1
24
32
26
2
1
5
1
7
2
4
8
1
2
2
28
1
2
34
1
5
1
2
2
11
14
11
321
15
1
5
5
1
4
3
6
2
1
7
5
94
5
9
2
363
2
397
4
2
134
3
1
4
1
1
3
2
8
1
1
1
8
94
1
6
1
1
3
1
3
1
1
1
5
1
1
2
1
6
4
6
1
1
3
1
5
4
1
2
1
1
1
12
1
2
84
24
1
2
2
5
16
6
1
3
2
5
1
5
14
5
2
2
1
81
5
104
6
1
3
1
4
1
3
11
6
2
1
1
5
8
3
6
2
5
3
40
1
1
2
4
31
5
21
5
7
1
2
8
3
2
2
9
7
1
83
9
38
178
1
2
1
2
1
1
5
1
2
1
2
3
1
1
4
3
1
1
1
1
3
72
3
1
1
1
1
4
5
6
1
1
1
12
2
2
23
5
2
5
6
1
1
3
1
62
2
4
1
3
1
2
7
5
1
2
1
3
1
3
1
2
8
1
2
1
1
1
1
3
1
1
2
7
12
1
13
1
24
1
3
1
1
2
7
217
7
8
1
3
2
2
9
3
2
3
1
1
1
2
1
6
4
6
1
6
7
2
3
6
1
29
2
2
1
1
2
1
1
2
1
3
9
1
3
1
1
2
2
2
144
1
2
1
1
2
2
3
19
1
4
1
2
1
3
2
1
3
1
1
2
1
1
1
1
6
1
3
6
2
2
6
10
1
3
1
3
3
2
15
1
1
37
1
1
1
188
2
1
1
2
2
6
1
5
1
2
1
1
2
1
6
134
18
2
1
1
1
39
5
3
1
4
1
1
3
1
1
5
185
2
2
2
1
1
29
1
1
5
2
1
39
3
1
8
2
1
11
1
4
1
2
3
3
1
9
4
3
1
4
7
4
1
5
2
1
1
1
4
1
38
1
3
2
1
176
1
1
145
5
1
31
6
1
3
1
25
3
10
9
2
3
4
13
5
3
1
1
9
2
7
145
1
4
24
9
1
2
1
1
1
1
1
5
2
52
3
1
8
1
1
2
5
1
4
5
24
1
3
5
1
5
1
5
1
1
3
7
1
1
2
1
2
1
1
2
3
2
1
3
2
2
1
21
1
3
2
4
83
1
1
12
1
2
1
1
4
4
3
2
2
1
1
19
1
2
3
5
2
8
1
1
5
1
7
2
6
1
4
1
1
1
2
1
12
3
5
2
2
3
3
1
1
1
1
2
4
3
1
38
1
4
5
8
9
3
2
3
3
44
3
2
9
1
1
1
1
2
2
1
2
1
29
3
1
118
4
18
2
9
7
1
1
8
2
2
1
3
2
2
2
3
42
10
10
5
3
118
5
7
1
3
131
6
2
12
32
17
15
27
53
7
23
1
1
6
3
30
22
1
1
3
1
1
6
55
2
2
43
6
1
8
2
7
1
4
10
2
3
12
2
3
3
17
1
3
1
1
3
11
5
1
7
103
1
24
16
1
1
175
4
1
2
2
7
1
19
2
1
4
7
17
1
1
40
4
6
1
8
3
6
2
1
4
1
2
1
8
3
3
59
1
1
4
1
1
1
1
2
14
2
7
313
1
2
3
4
2
2
2
7
9
8
5
2
2
1
1
10
1
13
2
1
1
12
208
3
1
5
3
10
22
1
6
2
1
5
3
6
2
1
7
11
1
8
2
1
7
1
2
2
1
1
41
5
3
3
9
9
4
6
6
1
3
1
1
6
1
2
6
6
14
1
429
1
2
1
1
4
1
1
6
27
5
1
4
3
18
2
1
1
1
1
1
1
15
1
1
18
3
1
2
2
2
2
1
1
1
1
1
2
1
130
7
2
1
4
1
17
1
1
12
2
9
2
2
1
2
8
1
1
12
27
220
2
1
3
3
2
2
9
15
6
2
1
6
9
64
5
1
4
1
1
1
2
2
1
4
1
7
13
3
2
2
5
3
3
1
23
1
1
1
6
2
13
1
2
8
1
1
3
1
127
3
159
5
7
5
1
2
1
4
7
3
4
1
1
2
4
1
9
1
1
22
4
18
10
1
7
3
2
5
3
4
5
7
7
3
1
1
2
1
1
1
2
11
33
4
11
1
4
1
5
1
3
4
2
3
18
3
10
2
2
3
3
37
1
3
5
2
3
19
1
24
2
3
2
1
2
5
8
204
3
2
3
8
6
6
7
6
2
29
14
33
8
26
16
11
1
6
1
5
5
1
1
3
1
2
15
2
4
2
7
1
1
1
12
1
3
2
2
2
1
1
3
4
10
1
36
1
1
1
3
1
1
1
15
15
6
1
3
4
4
1
13
1
10
3
1
12
5
1
1
3
1
3
2
8
1
3
1
1
16
1
10
1
1
3
2
1
11
1
1
6
1
5
23
1
9
10
11
23
3
6
15
13
16
6
4
14
5
1
2
3
27
3
3
1
3
1
2
70
8
11
1
3
2
3
2
1
1
7
5
1
1
8
1
1
6
11
47
6
3
1
3
22
1
132
1
1
2
1
3
1
4
1
1
3
25
5
11
1
2
148
21
2
31
368
8
3
1
6
2
76
2
2
1
2
10
4
1
4
7
1
3
2
5
10
1
14
1
1
1
87
2
5
4
1
1
5
2
6
2
1
2
8
3
2
2
10
2
11
3
12
1
3
5
3
17
5
6
1
9
3
1
1
24
4
2
15
3
12
1
4
16
1
1
4
1
15
31
20
1
13
7
9
5
6
5
1
1
1
2
5
3
1
15
35
12
28
1
1
1
4
2
1
19
8
1
2
1
2
2
28
3
11
1
1
1
1
5
9
5
1
12
1
4
1
3
2
1
1
4
31
3
31
18
4
26
8
107
9
4
67
4
11
2
5
3
1
5
1
10
14
2
11
5
2
1
1
7
1
1
3
3
36
29
1
1
41
3
8
8
10
4
8
3
6
3
2
2
6
2
1
55
22
10
9
1
23
1
3
189
2
1
1
1
2
66
18
3
7
3
24
21
7
8
1
3
5
3
3
2
31
1
5
90
1
417
2
6
4
41
1
31
4
33
8
25
50
4
5
72
1
52
3
6
1
4
1
1
10
1
2
3
3
1
31
13
1
1
48
3
2
1
1
5
1
9
3
4
4
46
14
1
1
8
4
1
2
1
12
22
4
3
4
2
19
1
1
1
1
2
4
11
3
7
1
49
1
7
2
11
1
7
2
3
85
10
26
1
2
2
24
1
18
5
3
77
10
5
2
8
31
1
56
1
1
7
1
1
5
8
1
17
15
44
4
4
3
1
2
1
5
1
1
305
5
1
118
1
5
6
1
3
18
3
1
2
27
2
20
3
2
2
171
21
15
7
85
3
1
1
6
5
2
10
23
2
2
2
3
3
2
11
7
8
7
3
19
3
1
1
15
1
25
2
1
1
68
19
1
9
3
2
254
4
1
2
58
8
7
1
3
14
16
1
1
17
4
6
8
14
9
4
31
1
1
9
26
15
7
17
1
1
4
26
3
12
7
1
16
1
5
128
3
15
12
1
22
1
8
1
10
6
1
3
4
1
1
1
22
3
8
20
5
20
4
1
4
4
1
8
1
8
10
1
1
2
1
4
5
1
1
3
1
18
10
1
2
19
3
3
1
44
4
8
1
2
2
50
1
2
12
1
1
36
1
1
2
3
5
21
2
1
20
11
3
22
17
14
11
1
2
2
5
1
1
2
19
1
1
14
1
2
22
3
2
17
4
2
3
5
1
7
21
2
5
1
2
133
9
1
2
3
12
3
5
10
4
8
18
2
20
1
23
23
2
10
1
13
6
10
11
12
2
44
3
1
7
2
1
1
47
12
2
1
52
3
7
37
3
3
3
8
1
4
1
10
14
12
25
2
13
2
1
7
1
1
3
1
1
22
1
1
2
2
3
3
1
75
17
1
3
1
5
119
23
68
1
6
13
1
6
4
285
10
2
1
1
25
1
2
4
17
1
1
1
1
2
1
2
1
1
5
2
65
10
4
8
1
2
1
6
2
4
10
1
43
17
11
5
4
4
2
12
6
8
14
21
3
2
1
2
7
1
3
3
9
21
2
2
25
17
3
1
5
27
17
2
5
22
1
4
1
4
2
12
64
28
8
21
1
1
1
3
22
4
1
10
1
143
2
1
21
265
167
23
61
3
1
1
21
2
5
8
3
62
15
2
1
3
6
11
9
7
9
16
1
3
1
23
2
9
71
6
6
3
10
3
1
85
91
4
1
5
25
8
113
31
5
2
10
2
1
5
3
5
1
8
1
11
1
10
4
2
22
12
36
5
1
1
7
14
22
11
2
1
1
1
6
4
7
1
2
1
3
1
4
2
5
20
5
40
1
4
15
13
25
33
4
17
1
2
7
5
5
3
45
2
10
8
1
44
1
3
11
17
2
6
1
2
13
1
2
15
30
11
18
20
7
1
20
5
2
198
14
1
5
4
14
16
24
7
8
14
44
27
3
1
1
1
1
119
29
2
1
4
6
5
2
80
7
3
1
35
32
62
1
23
8
11
173
3
1
1
3
10
31
27
36
4
18
2
1
56
1
5
1
3
13
39
2
24
7
23
4
65
3
1
6
2
54
3
8
84
40
1
1
2
4
10
7
23
3
1
6
45
44
72
29
33
27
2
1
1
9
12
2
17
1
5
3
6
25
11
5
6
3
1
2
6
1
2
3
82
65
19
1
7
1
1
1
2
17
1
2
1
2
38
2
1
1
72
11
28
1
27
6
22
4
2
3
1
40
1
11
1
31
8
13
13
1
1
52
1
8
11
3
35
4
8
19
7
7
50
4
24
4
1
1
2
61
15
10
3
50
5
2
4
1
1
1
2
18
3
1
4
71
1
4
2
3
1
6
11
2
2
3
7
24
23
1
21
9
3
3
16
37
1
2
5
147
1
6
1
11
9
32
18
1
5
8
1
2
18
5
5
4
45
5
9
9
15
19
3
1
1
2
2
7
2
2
1
21
4
2
8
19
2
4
1
1
7
3
2
30
1
2
48
6
1
4
18
7
2
2
21
6
8
4
8
1
2
3
6
13
4
18
16
1
3
8
60
4
99
2
20
2
5
1
34
15
24
3
5
3
1
43
16
2
2
2
5
3
7
33
2
32
13
80
23
7
2
1
24
2
5
20
4
2
3
1
7
3
7
27
1
5
37
16
1
1
5
29
3
2
5
3
2
7
1
3
2
6
5
135
36
1
39
1
2
9
55
425
2
35
4
6
12
78
1
2
7
10
3
27
100
20
5
5
2
1
3
15
14
1
30
14
395
2
10
8
15
2
2
2
1
1
3
1
4
3
1
5
19
6
58
6
5
1
66
4
4
2
50
5
4
21
2
1
3
50
12
13
4
15
21
15
3
2
44
12
3
1
61
1
11
23
34
2
23
1
6
1
2
2
18
12
26
14
2
72
2
12
16
3
25
2
5
42
57
1
1
59
2
139
1
3
32
47
122
3
2
7
3
43
38
2
3
4
26
13
20
1
46
60
1
2
22
21
2
3
5
15
27
41
1
1
5
2
1
1
1
1
4
7
22
38
1
8
22
3
2
8
9
64
14
27
5
60
2
3
1
18
3
10
25
8
14
13
4
5
5
10
3
4
195
172
63
70
1
1
1
30
10
16
15
14
4
18
6
3
8
1
5
2
123
5
4
1
13
18
10
1
18
7
131
67
31
4
4
1
88
59
6
1
1
7
1
36
6
54
12
11
3
2
26
1
1
2
15
1
2
21
11
6
6
2
11
18
3
3
34
15
1
1
13
9
2
27
1
13
11
5
6
3
5
1
129
22
1
19
24
1
9
3
38
5
1
32
3
1
112
6
4
21
12
2
35
16
1
69
2
2
1
2
3
30
6
13
2
102
20
5
11
72
7
8
13
27
19
1
19
17
1
7
42
3
1
59
3
22
7
41
2
1
4
7
1
22
3
1
12
5
7
24
3
78
1
3
19
50
74
4
1
6
13
1
45
13
20
1
3
1
2
16
14
24
6
15
28
29
10
1
6
2
7
13
16
32
1
95
9
8
1
11
12
13
76
1
7
7
3
148
23
3
1
1
8
1
6
1
22
111
5
1
63
4
1
7
2
137
8
9
1
5
4
9
32
1
8
4
64
6
17
8
10
6
1
24
111
132
1
157
9
7
33
3
1
17
11
4
160
69
8
1
2
8
47
11
4
1
17
4
2
84
1
38
1
1
2
8
1
2
23
11
2
3
3
282
4
21
3
9
8
4
12
1
3
10
85
3
28
30
19
7
9
9
13
62
15
9
2
77
37
1
61
4
16
8
26
1
22
45
6
17
9
16
111
1
26
9
7
346
1
18
18
15
4
18
4
3
115
11
1
2
24
65
2
4
36
46
1
3
1
2
64
1
1
1
10
4
122
4
14
82
1
7
7
1
12
20
23
5
225
33
7
2
2
20
1
15
1
28
3
1
9
3
11
5
42
9
4
23
1
34
6
86
4
1
4
106
2
10
104
3
48
4
2
1
63
1
1
13
38
42
12
13
8
28
80
6
3
1
15
13
43
1
6
53
23
1
1
4
11
138
1
2
1
20
3
7
1
4
2
14
55
12
5
2
31
114
10
56
39
82
3
37
9
3
5
18
14
11
3
64
2
16
1
1
71
47
9
11
47
11
14
4
4
5
5
17
11
3
6
37
14
8
10
1
16
3
1
7
71
3
78
1
18
4
26
20
25
7
4
53
37
19
8
6
23
4
1
1
123
80
2
2
11
1
81
11
1
13
6
55
62
10
131
1
8
3
20
6
111
13
3
9
2
6
1
1
2
72
7
30
40
9
4
13
10
6
2
47
1
47
4
38
5
112
6
6
5
25
11
11
7
21
128
8
4
3
9
9
44
2
40
57
3
5
32
35
52
1
36
20
2
4
8
33
50
2
7
9
14
44
1
35
17
1
24
33
17
5
1
3
36
12
18
5
37
7
191
47
5
4
1
9
14
45
42
5
1
34
1
1
2
54
89
76
3
9
10
2
48
9
2
8
3
59
43
3
7
42
5
1
34
2
14
2
2
16
1
7
60
2
17
282
5
4
109
5
4
1
3
1
6
3
15
10
20
18
31
1
7
8
8
1
23
4
57
15
42
16
5
37
6
15
74
45
8
21
7
26
5
44
6
9
1
2
2
88
2
1
15
190
2
10
1
10
36
1
1
1
172
2
38
23
364
4
6
14
17
7
1
14
1
4
8
75
1
2
67
1
5
10
11
20
60
9
4
6
6
1
18
2
11
2
24
6
345
10
285
32
2
85
5
48
5
5
16
16
1
21
6
2
13
10
1
1
4
6
23
45
7
1
14
10
23
5
3
1
1
6
33
4
40
3
21
9
21
1
7
2
1
79
2
8
14
244
5
5
10
24
7
58
1
1
396
10
1
15
20
47
2
3
11
5
64
3
22
1
3
3
1
6
2
27
6
1
12
36
15
13
1
3
12
2
9
6
1
51
10
259
2
1
8
6
6
6
44
5
2
57
33
62
2
80
9
11
162
4
22
38
1
27
13
1
1
29
2
63
1
44
1
12
2
42
189
3
290
9
11
28
116
20
5
50
58
3
1
4
3
30
3
3
59
3
3
12
9
3
1
9
23
6
11
4
39
49
10
4
7
38
22
1
8
6
9
10
32
3
12
1
3
4
7
2
5
1
10
20
17
7
37
3
69
20
4
5
34
27
25
1
52
86
4
1
6
7
13
7
30
9
5
7
62
2
33
2
1
1
6
1
102
38
1
1
82
12
5
38
4
1
83
8
19
51
26
38
3
20
3
2
5
2
5
3
3
35
1
2
219
1
1
1
1
1
13
2
65
1
11
7
31
12
1
1
3
11
25
90
77
3
1
3
4
53
130
6
10
21
1
3
18
49
1
8
2
40
1
1
4
14
9
11
24
22
4
33
104
27
3
357
4
51
97
16
52
439
1
8
27
1
3
7
1
27
123
3
1
55
23
2
2
6
3
48
5
6
1
17
53
17
44
67
8
2
17
4
45
28
7
34
8
2
5
9
74
5
22
33
40
46
45
37
40
6
53
2
65
22
1
1
23
11
29
2
24
49
12
17
1
10
20
40
58
1
26
9
5
8
4
9
153
44
1
8
1
1
3
134
34
3
6
9
41
14
59
1
1
78
144
1
7
52
8
53
3
4
32
41
6
31
4
64
18
15
196
48
5
25
20
76
8
114
15
1
10
6
15
6
10
33
39
9
14
8
36
56
44
6
2
30
31
1
3
17
2
1
11
7
5
14
13
33
1
12
108
5
276
3
30
400
4
29
5
6
32
10
12
19
1
30
1
40
8
6
2
11
33
12
5
2
72
128
64
34
5
1
11
4
1
15
404
68
15
7
4
42
65
54
28
12
71
277
16
8
110
27
6
4
22
36
70
1
70
49
21
92
15
22
15
18
42
10
12
64
42
4
2
7
4
36
4
3
7
4
322
8
2
33
2
16
3
3
1
29
3
1
96
39
46
10
10
7
5
71
25
3
19
11
10
86
1
11
57
64
24
77
58
20
40
1
24
3
4
36
41
7
2
2
3
165
2
1
5
20
5
1
113
23
19
23
3
4
20
40
1
4
10
54
41
2
6
5
28
5
4
32
12
1
27
1
5
2
2
19
6
4
3
77
109
221
106
10
1
394
18
23
12
320
26
56
37
156
105
3
1
46
34
10
3
26
172
3
33
198
1
6
13
54
12
5
6
25
26
1
3
111
8
1
27
3
73
40
116
27
6
250
5
7
15
27
19
51
21
10
1
51
1
116
1
27
21
1
15
16
16
1
5
1
39
26
6
3
8
1
85
14
21
42
104
12
18
34
47
19
5
63
13
5
1
15
4
5
13
18
7
30
3
3
5
22
5
40
2
21
25
9
27
31
114
74
13
4
53
13
3
70
28
15
9
18
111
12
25
3
12
5
16
2
1
1
1
8
31
67
26
23
1
9
3
30
46
19
57
30
33
56
5
28
13
1
372
20
3
2
22
296
3
38
48
3
115
67
60
2
8
1
7
7
353
1
66
4
10
1
7
4
27
1
2
1
16
18
22
9
5
12
1
9
23
1
7
48
3
17
76
4
13
24
1
2
53
41
6
16
55
4
2
28
28
9
2
21
44
66
28
16
8
129
6
24
14
4
1
45
2
103
50
14
35
65
18
91
60
30
2
34
2
37
7
39
4
3
12
1
30
2
6
17
15
22
7
4
33
48
18
46
7
1
4
3
8
16
21
18
1
6
5
1
2
25
1
1
38
53
107
8
1
1
11
8
7
18
68
13
9
22
30
10
3
6
27
43
59
6
7
7
20
68
20
4
3
21
8
105
66
5
15
64
6
15
13
4
3
2
19
19
55
30
17
19
87
67
79
157
25
95
1
91
8
36
16
1
61
17
1
18
3
7
2
87
41
6
26
4
235
40
37
36
25
17
7
7
49
20
2
1
51
3
77
3
174
1
9
49
4
39
39
16
138
35
31
5
34
74
7
95
20
20
3
1
19
1
31
4
1
5
34
221
2
32
16
13
58
7
167
32
14
4
120
4
15
175
26
2
53
1
269
7
6
3
57
38
1
6
23
1
22
34
316
21
170
5
20
2
158
