3
1
2
13
3
6
13
4
4
2
3
9
10
3
1
1
10
1
3
5
26
2
3
2
15
3
2
4
1
1
4
27
1
1
2
5
1
2
4
3
19
4
2
6
6
1
1
8
1
10
10
1
10
5
4
1
3
4
5
1
1
1
2
3
16
10
5
17
9
2
15
8
8
1
1
1
1
3
2
1
1
4
2
3
1
3
3
1
1
1
4
11
12
3
30
1
1
39
4
4
15
1
1
9
3
3
1
34
1
4
1
3
3
1
8
1
2
1
18
7
1
2
7
1
2
3
1
1
1
2
44
1
7
2
5
8
2
3
1
1
4
1
1
1
2
2
2
32
2
3
4
6
4
2
4
2
4
2
1
2
6
3
13
1
17
2
1
3
1
1
6
9
2
5
1
1
2
5
6
8
4
7
4
1
7
2
1
9
1
2
19
1
2
4
1
3
1
5
2
2
4
1
9
2
2
2
2
4
2
1
2
5
4
5
11
9
1
2
2
5
4
3
1
2
1
8
2
1
1
1
5
17
2
5
1
5
1
1
12
3
2
9
3
8
3
2
2
4
1
1
4
5
18
3
3
1
1
2
5
1
3
5
2
1
3
1
4
35
2
2
1
1
5
4
3
4
9
1
33
3
6
5
6
15
2
1
3
9
3
4
3
6
1
4
1
2
2
1
7
3
41
1
1
5
2
1
6
4
1
8
16
1
1
1
2
2
3
10
1
2
5
1
5
6
15
1
3
2
2
1
2
1
7
14
24
2
1
6
1
1
1
5
3
3
11
2
4
7
1
1
2
23
4
2
4
9
1
2
1
9
2
5
1
25
1
3
2
2
1
2
2
3
1
5
1
2
2
5
5
3
2
2
1
2
4
1
3
6
2
14
1
15
1
3
1
1
19
10
11
2
2
2
2
8
2
1
1
1
1
5
2
5
6
11
3
7
9
9
1
3
2
2
1
1
3
1
9
2
34
1
3
8
2
1
1
4
5
7
1
1
3
6
1
1
3
1
2
3
3
1
3
7
2
13
1
6
4
3
1
2
1
4
5
2
1
4
7
2
1
2
2
1
3
7
2
1
13
1
1
1
1
1
1
1
1
17
1
1
2
1
4
29
2
5
1
2
2
1
1
3
4
2
1
8
3
1
1
1
23
2
7
9
5
2
1
4
1
6
1
2
1
2
1
3
4
2
1
3
2
1
9
2
1
2
15
2
1
2
3
3
1
11
14
2
3
1
1
2
1
1
2
33
2
1
3
9
1
4
2
15
2
5
4
6
2
3
1
3
2
2
7
1
7
7
24
2
2
10
7
18
1
2
1
2
1
1
23
39
15
2
2
1
4
2
6
1
2
1
43
1
5
1
4
2
3
3
1
4
9
1
2
2
2
5
1
13
2
1
33
4
1
6
3
11
3
2
1
1
6
2
1
4
1
11
2
6
3
13
4
2
24
12
2
9
1
1
1
2
2
4
48
3
9
15
1
3
5
3
2
2
1
2
1
1
7
2
5
1
34
2
2
6
2
4
1
2
3
1
1
5
9
2
1
2
1
3
2
8
3
22
3
6
4
2
20
1
4
2
1
2
5
5
2
2
13
1
1
1
11
2
38
9
1
1
3
1
1
10
2
2
4
2
2
1
3
7
2
13
4
1
1
12
8
1
8
1
6
4
3
2
1
2
4
2
2
1
3
1
8
9
2
3
1
9
1
3
2
1
2
1
14
1
4
3
1
2
2
5
1
7
1
8
11
19
2
3
5
19
5
2
11
2
3
2
5
9
13
9
1
1
12
1
7
2
3
6
2
30
3
1
1
5
6
8
1
2
6
6
2
5
3
1
1
1
1
3
4
1
2
9
1
1
8
4
1
1
14
3
21
2
6
1
1
8
2
3
11
14
2
1
1
2
2
1
1
3
1
8
1
1
3
9
7
28
10
20
3
1
10
19
6
9
2
3
1
2
1
4
22
3
8
9
1
4
1
3
1
5
4
7
1
2
1
21
1
2
13
12
14
1
2
2
2
1
2
4
1
4
5
1
2
2
4
2
5
2
5
3
5
1
2
32
3
4
3
1
17
3
4
4
2
1
1
4
1
7
2
1
45
7
3
2
1
4
1
4
1
32
2
2
21
2
9
27
19
2
2
2
1
1
6
1
3
2
1
1
6
2
1
3
1
1
1
2
10
11
3
1
3
1
2
1
10
1
4
2
2
1
14
3
3
5
1
5
1
1
4
1
2
18
1
2
3
1
2
2
3
27
1
4
1
15
3
24
2
2
4
13
8
2
2
4
1
7
4
4
1
7
2
2
3
1
2
1
15
3
3
2
7
2
6
1
3
1
6
17
2
1
49
1
1
2
5
1
3
4
1
4
1
2
1
3
1
1
28
1
3
1
12
2
4
4
2
11
2
1
2
19
4
5
2
2
10
5
2
4
1
1
1
4
1
1
2
5
2
10
1
7
1
3
1
2
1
3
26
2
14
3
1
3
18
5
2
2
15
2
2
10
3
1
4
4
6
51
1
2
1
1
1
13
20
3
1
2
2
5
1
12
1
1
8
3
3
1
4
7
2
7
6
1
1
2
11
1
1
1
1
8
2
1
2
3
1
2
2
1
2
1
7
2
1
4
3
1
4
1
1
2
1
2
1
6
1
2
1
6
9
2
1
1
3
2
1
17
1
34
5
13
3
1
1
8
19
1
2
2
4
1
5
2
7
1
1
1
1
1
6
6
7
2
1
2
2
10
2
13
1
1
3
2
5
1
2
6
9
1
1
25
38
3
1
2
9
44
3
9
2
1
2
2
1
2
2
1
1
1
2
1
3
2
2
3
1
1
2
1
4
1
2
1
1
10
1
2
1
5
1
8
3
17
1
2
2
8
1
2
2
1
7
1
3
20
1
1
1
1
3
2
1
2
1
22
1
5
1
11
5
51
6
1
1
3
4
1
1
3
1
14
1
5
9
3
4
3
5
1
2
11
3
4
1
1
5
3
11
9
6
2
1
3
5
1
1
2
1
2
1
1
9
5
1
1
5
1
3
16
2
8
2
2
10
10
2
2
5
2
6
9
5
2
5
22
2
2
2
37
4
3
1
1
30
1
1
1
5
3
1
1
1
2
2
3
1
1
23
2
1
2
3
3
1
2
1
5
1
1
1
1
1
4
5
6
2
2
4
1
10
2
3
1
15
4
6
1
1
1
1
2
2
2
26
2
3
5
47
1
3
1
2
1
2
3
8
4
30
1
1
12
1
13
1
27
2
2
1
3
9
5
2
1
1
1
1
1
1
3
1
11
2
3
1
1
1
2
3
2
1
2
1
32
1
3
1
2
2
1
2
5
8
4
1
1
1
1
1
7
18
1
17
12
2
1
1
1
4
11
3
1
1
30
18
4
2
1
1
19
3
1
6
2
3
1
2
3
3
1
2
1
3
10
9
2
1
1
3
22
9
8
16
1
32
1
5
6
2
1
1
1
1
1
2
8
13
1
15
1
9
1
4
1
1
8
2
1
5
2
1
2
4
3
2
2
1
1
1
1
3
1
7
1
9
2
1
2
1
4
2
1
3
1
10
1
2
3
6
5
1
2
1
2
2
3
4
3
3
11
1
1
10
1
1
13
1
3
2
3
3
1
1
14
7
6
1
1
1
20
3
4
22
18
2
1
2
2
41
2
1
2
2
1
14
2
1
15
4
10
2
1
2
4
2
1
3
6
1
1
7
1
1
5
4
1
1
2
26
1
1
2
1
3
3
28
11
1
1
2
1
3
2
5
1
2
2
1
7
1
2
1
1
17
1
11
1
1
3
1
1
3
3
1
3
4
1
1
1
2
1
2
1
1
2
1
2
2
6
6
1
1
1
3
4
7
5
2
3
1
1
1
2
2
8
2
4
19
1
1
1
1
5
13
1
24
5
1
1
1
2
1
1
2
1
2
2
2
7
2
10
30
2
2
1
6
3
2
1
2
1
1
6
5
1
1
1
4
7
1
24
1
1
1
1
1
1
12
1
4
1
6
11
20
2
5
2
6
3
4
21
8
1
1
4
6
2
2
1
1
20
1
44
2
6
1
3
1
1
6
1
2
24
2
5
58
2
2
1
3
2
2
2
1
8
3
1
3
5
2
10
1
1
2
1
7
3
2
2
16
2
1
3
1
1
21
1
38
7
6
2
10
2
3
1
1
2
3
10
11
5
2
11
1
1
23
9
24
1
5
3
4
1
2
2
1
5
9
8
2
8
2
2
3
18
2
3
1
1
1
1
7
4
6
5
3
1
2
6
2
1
6
3
3
2
2
3
4
18
2
4
2
8
1
1
3
5
1
6
3
1
1
2
3
3
2
8
3
4
3
1
3
3
6
6
4
6
2
1
5
1
9
1
4
3
1
9
5
2
1
4
22
2
2
1
3
4
1
1
1
11
11
1
8
3
5
2
1
2
4
10
6
8
1
1
2
1
12
2
1
3
6
7
1
3
2
1
1
2
1
4
9
23
2
2
1
1
12
7
7
1
1
37
5
4
3
1
1
22
1
1
1
10
2
4
2
2
7
1
2
4
4
6
11
9
3
5
3
1
2
1
1
1
2
8
1
3
7
2
2
5
5
4
1
10
20
4
4
1
1
3
1
1
1
15
1
7
2
17
1
1
11
2
27
1
1
1
1
2
12
1
11
1
1
1
1
1
2
1
1
2
4
1
1
7
1
2
2
9
7
5
18
14
3
5
3
1
1
1
6
6
1
2
2
4
6
7
5
4
2
19
1
29
2
2
11
3
5
1
3
2
4
6
1
2
1
10
1
2
2
2
1
9
1
1
1
4
1
4
1
2
2
1
6
5
1
6
8
1
11
20
5
10
3
9
3
4
1
1
3
4
14
5
18
1
1
1
1
1
2
2
1
5
1
2
39
1
2
13
2
1
1
2
1
4
2
1
1
33
7
5
1
20
1
33
2
1
3
1
18
7
1
4
7
8
2
3
7
5
3
6
2
1
1
1
3
7
2
2
9
3
1
1
2
2
5
1
1
2
1
3
8
3
1
17
3
3
3
8
5
6
1
5
2
1
1
3
2
2
1
5
1
3
2
2
1
2
1
2
2
1
24
1
2
2
1
3
1
16
46
1
3
1
2
1
2
9
6
1
3
4
3
16
1
2
1
24
1
1
1
2
2
2
8
5
70
2
3
1
7
2
1
33
1
1
2
5
10
26
17
2
1
12
12
1
4
2
