1
10
3
14
5
1
3
16
13
2
3
9
1
87
5
7
1
60
2
5
25
3
2
2
1
1
11
13
1
2
2
8
1
4
3
2
1
7
2
7
3
23
2
1
1
1
12
1
6
2
7
16
12
1
2
1
7
1
2
2
8
5
9
14
2
14
2
3
3
2
2
25
25
4
2
2
14
2
6
1
20
3
5
5
1
6
2
3
3
2
12
1
2
11
2
2
1
2
2
6
1
5
8
2
4
2
13
1
12
3
3
6
8
39
2
16
1
3
2
11
1
1
17
5
2
5
39
1
39
4
2
2
1
2
3
8
2
23
4
3
2
16
3
38
2
2
4
1
9
1
15
1
2
4
1
1
14
7
4
25
15
5
11
6
6
2
3
6
12
1
1
1
79
19
3
5
2
1
1
4
2
4
9
6
32
2
1
15
14
1
2
1
3
2
36
9
4
14
4
18
6
3
5
3
2
1
20
1
4
9
4
11
9
3
8
1
3
2
37
36
4
2
1
2
1
8
5
6
8
2
1
6
26
1
5
1
1
2
14
2
7
8
2
3
2
1
10
1
1
24
12
1
1
3
11
5
1
2
16
14
2
6
1
5
16
8
2
1
3
41
14
12
1
2
8
19
38
4
1
23
1
2
1
2
3
14
9
2
5
1
9
18
1
1
2
8
2
32
1
1
3
2
12
2
1
1
20
3
3
4
3
2
2
3
7
9
2
4
67
5
1
5
39
4
2
1
3
1
11
4
1
4
14
13
5
4
5
30
3
2
2
1
12
2
131
1
6
2
25
3
8
6
2
3
1
14
1
7
10
6
5
1
4
2
1
5
13
3
17
1
8
1
2
3
10
28
1
27
1
3
1
7
9
3
4
2
4
1
3
2
1
1
12
18
7
2
2
4
19
1
10
2
4
2
6
1
2
4
2
1
4
1
16
12
2
9
24
1
7
10
3
11
5
1
7
1
1
9
127
1
14
1
37
2
30
139
2
4
9
1
2
1
5
9
1
33
2
2
46
5
1
1
1
2
4
4
9
2
1
21
2
2
7
1
1
2
5
2
12
2
1
3
6
12
2
6
64
21
29
1
1
2
3
2
9
7
6
14
1
1
10
4
3
6
2
2
2
6
1
1
1
6
1
2
1
1
21
9
2
5
5
2
5
1
15
4
1
3
9
2
7
1
11
4
4
1
20
1
1
42
2
20
17
4
1
32
2
111
6
11
17
2
10
12
4
1
1
3
3
12
29
3
1
1
5
7
2
2
1
3
2
2
4
5
2
5
3
2
4
16
11
5
13
8
3
3
3
2
4
2
2
4
3
1
2
7
17
22
3
2
2
2
3
2
3
7
8
6
1
2
7
2
4
7
1
138
2
4
4
6
24
2
7
4
3
18
26
5
1
1
13
4
4
1
7
10
3
3
1
7
18
28
2
3
6
1
6
1
3
27
26
5
4
1
1
12
2
1
21
2
7
4
5
3
1
1
1
2
2
2
2
24
6
1
17
12
4
6
1
1
2
4
4
6
4
1
1
2
1
7
7
5
1
15
17
73
3
1
1
13
2
4
4
9
1
3
4
11
3
2
1
19
3
1
1
11
3
2
1
11
1
6
8
1
1
16
2
2
31
5
1
1
1
1
1
18
2
2
1
3
4
14
3
6
13
3
4
6
7
1
3
1
4
1
4
1
10
1
1
4
3
12
4
6
1
10
2
1
4
74
1
3
1
1
1
2
6
4
6
4
2
4
15
1
4
3
9
1
1
3
6
4
7
1
8
2
3
1
31
1
2
2
1
2
1
10
24
1
10
1
6
1
3
2
2
4
2
11
2
1
7
3
3
9
1
10
4
8
1
2
2
6
1
3
12
2
2
8
5
1
1
3
2
4
2
2
1
4
4
1
2
5
3
4
5
1
4
6
1
1
1
2
1
1
2
3
1
2
4
2
7
2
2
6
2
3
4
2
1
4
2
1
2
3
3
3
10
2
1
4
4
5
3
3
4
17
16
4
1
4
3
1
3
4
11
6
2
2
9
26
3
2
5
3
9
1
14
3
13
6
2
8
11
1
5
5
1
6
9
2
17
1
1
118
7
4
3
1
7
4
2
16
3
2
5
1
2
1
5
1
2
1
3
2
1
1
3
2
4
2
2
7
2
4
3
43
3
38
1
1
1
2
17
3
2
14
3
8
11
2
3
4
1
1
1
6
6
20
10
2
1
9
1
36
1
2
26
1
3
2
6
19
3
2
2
11
1
25
54
11
17
1
25
8
1
12
13
1
5
2
4
1
3
10
4
1
2
5
3
3
2
2
2
6
2
1
1
3
5
25
4
3
1
3
12
2
7
2
2
1
44
1
9
10
3
4
1
2
1
16
32
4
2
30
2
2
9
4
1
1
2
6
19
2
2
9
3
4
2
3
22
1
10
4
2
2
15
7
3
7
4
4
4
1
14
4
35
6
5
3
4
2
7
19
9
4
1
5
14
23
1
2
4
2
5
3
8
1
3
14
2
1
2
1
25
4
47
11
3
1
15
2
1
1
4
21
7
3
3
2
3
2
2
21
7
69
2
2
2
13
2
1
4
20
2
5
1
4
5
2
2
32
8
4
1
4
1
2
5
3
1
2
10
3
2
2
10
5
5
3
2
12
19
2
8
15
20
34
1
4
24
16
18
11
15
8
7
48
9
40
2
4
8
15
6
1
5
1
4
12
6
9
2
5
20
15
1
21
4
7
41
3
4
1
1
5
2
2
3
5
13
7
1
1
1
2
2
2
1
2
3
11
8
32
1
14
4
6
1
10
1
2
7
4
34
10
1
3
2
2
3
2
26
10
12
10
6
1
19
2
121
2
3
20
1
7
4
3
7
10
2
1
1
2
4
3
6
1
1
49
2
5
2
1
16
1
2
2
3
5
3
7
31
24
2
28
3
7
1
2
4
1
1
8
41
2
5
5
19
2
3
11
2
12
29
3
6
3
9
4
7
3
2
5
2
2
1
8
3
7
6
5
1
1
2
1
2
12
1
35
2
2
7
2
28
2
3
3
11
4
16
4
11
11
1
17
1
1
3
1
6
1
11
23
1
29
1
2
3
1
3
3
3
1
2
5
30
2
4
3
8
2
1
1
2
18
17
2
11
1
2
11
10
2
3
8
2
15
2
3
6
1
5
1
1
1
7
6
30
1
90
6
34
1
38
3
5
9
1
4
5
6
13
5
5
2
1
2
42
1
10
5
1
18
14
1
10
1
2
3
14
38
1
7
4
1
22
17
12
1
17
2
17
5
2
11
10
4
2
1
45
9
2
2
1
3
3
1
1
4
2
2
7
4
7
5
7
1
16
1
7
2
1
5
2
2
7
27
1
15
1
10
3
2
8
1
8
1
1
6
3
5
3
12
5
2
6
1
26
15
2
11
128
7
3
1
1
38
1
1
1
3
1
6
4
16
1
3
1
14
1
92
2
4
16
4
3
2
6
1
1
3
1
1
2
2
6
7
11
1
2
8
34
1
8
6
1
2
15
2
2
22
22
4
8
