4
2
1
4
5
2
5
6
9
1
5
11
15
6
1
9
17
4
2
8
1
2
19
2
6
8
3
2
6
2
1
1
3
1
2
3
2
1
22
2
8
8
3
2
1
14
1
4
5
6
8
3
5
1
2
4
3
2
1
14
6
38
6
2
14
4
1
3
5
2
2
1
1
10
1
5
3
1
5
24
3
4
3
4
1
12
1
10
3
1
3
4
13
1
4
3
3
6
3
1
2
2
1
3
2
1
5
19
7
3
4
5
4
8
2
30
7
1
5
1
2
8
1
15
6
4
3
2
1
4
13
1
6
3
2
13
1
1
9
1
5
1
8
14
7
11
3
2
5
6
2
3
5
2
5
1
3
1
1
5
20
10
2
5
1
16
3
1
2
3
2
3
4
8
2
2
1
10
3
2
3
1
7
1
1
2
1
1
15
2
1
5
2
12
1
2
4
2
1
15
1
1
1
6
1
18
1
3
2
3
6
2
7
2
11
4
2
1
1
1
2
2
3
3
14
1
1
4
4
2
8
3
3
3
3
1
10
18
12
1
6
16
2
1
1
4
20
1
1
1
1
1
1
1
19
1
14
3
3
4
2
7
1
3
3
1
1
8
2
7
1
4
22
5
1
2
1
1
1
4
56
2
1
4
6
3
7
2
1
1
2
1
3
11
4
6
3
13
7
3
2
9
3
6
19
33
36
2
1
2
2
3
1
1
4
9
5
3
2
1
2
3
3
2
8
4
41
13
2
10
9
1
2
2
15
8
2
2
1
1
6
5
2
3
1
2
1
22
3
1
2
7
1
3
13
10
20
1
1
4
1
6
18
2
1
11
1
5
1
6
3
1
2
27
1
2
15
1
6
10
3
1
4
14
3
1
3
1
3
12
5
9
1
3
3
1
28
7
1
1
2
2
32
21
7
2
7
1
6
2
2
1
2
10
1
2
19
8
1
1
4
1
6
1
1
1
1
2
4
3
5
14
2
2
1
1
1
7
1
3
3
2
8
2
7
2
5
18
1
2
1
2
6
4
1
47
3
1
6
3
2
1
3
1
2
1
8
5
1
1
1
2
3
1
7
17
2
5
3
3
1
32
1
2
2
7
1
2
47
25
11
1
1
4
7
1
1
5
7
12
9
9
1
21
2
37
1
2
1
3
1
14
2
1
1
1
1
3
3
1
2
1
2
3
2
1
2
1
3
1
6
7
10
2
2
2
6
1
2
1
2
2
2
2
2
1
3
13
6
1
8
1
5
2
10
15
2
5
9
2
2
11
3
4
1
6
15
2
2
1
2
1
2
1
4
2
1
2
22
2
3
12
1
1
2
1
4
2
6
3
7
17
1
13
5
53
5
3
1
1
3
3
2
7
4
19
2
3
4
2
2
1
7
10
3
10
1
11
28
1
3
30
11
1
9
2
2
28
13
9
2
9
4
2
1
10
3
2
15
10
1
3
3
5
2
1
3
2
3
9
3
8
14
9
2
12
3
21
4
5
2
15
1
3
1
1
2
12
2
1
2
1
2
2
8
3
28
3
4
4
24
1
2
13
4
1
6
3
2
32
3
1
21
1
3
1
6
2
1
9
1
13
1
3
1
4
1
6
6
10
11
2
5
6
5
2
3
1
6
18
9
2
1
2
5
1
1
3
3
2
5
2
2
2
2
8
1
3
1
3
36
9
23
7
6
1
1
11
1
16
23
1
6
1
3
25
2
3
2
2
2
1
1
7
2
5
9
1
1
8
1
2
1
3
1
1
13
1
5
61
1
3
1
2
1
8
5
12
4
2
1
2
7
1
3
1
26
3
16
3
6
2
5
2
6
6
4
1
1
2
3
16
6
3
11
9
3
6
4
1
1
5
3
3
4
14
2
1
5
3
2
1
8
1
2
5
2
1
6
4
12
2
2
1
2
1
1
4
17
1
1
5
23
1
31
23
2
2
24
1
1
3
4
4
2
1
2
5
11
5
5
7
4
6
2
2
15
3
7
2
1
19
6
10
3
5
5
1
5
4
3
4
1
1
4
1
3
2
3
16
8
13
2
1
2
1
21
3
4
1
7
5
1
1
2
10
10
1
6
2
5
28
3
10
2
4
6
6
1
4
1
5
4
8
2
3
7
1
2
2
2
1
1
7
1
14
4
3
1
12
24
2
2
10
1
7
1
1
4
1
5
2
1
3
2
6
1
3
4
4
1
3
2
1
4
2
1
2
1
1
3
4
3
10
2
1
1
9
2
1
1
7
1
21
3
2
1
2
1
2
3
1
9
8
1
2
1
7
2
4
3
2
2
3
3
23
1
1
3
5
1
19
1
2
7
3
5
4
2
1
2
3
2
2
2
17
1
19
1
3
10
9
6
2
3
12
4
1
7
6
1
1
57
2
9
5
1
2
6
2
1
2
2
3
4
4
3
1
3
1
7
2
1
1
2
9
1
2
2
1
3
3
2
2
1
1
3
2
4
12
6
4
3
5
12
9
24
2
18
5
2
7
1
1
2
18
3
2
2
6
1
2
4
30
2
3
1
1
2
3
14
22
2
1
15
3
3
5
2
1
1
2
2
3
2
1
6
1
5
3
2
7
3
1
6
7
1
3
8
7
5
1
1
3
8
8
1
1
10
1
18
6
3
4
4
1
2
1
2
1
1
2
5
12
2
1
1
2
2
4
2
11
1
1
2
7
3
12
2
4
3
3
2
1
1
4
1
6
1
1
1
3
1
2
18
4
9
5
1
4
5
3
2
2
3
6
1
8
4
3
1
3
10
3
7
1
1
6
1
1
12
3
1
3
2
1
1
2
1
2
2
20
14
2
4
54
8
12
12
2
1
2
1
3
25
31
1
9
2
2
3
3
1
16
2
4
2
2
23
2
2
1
1
1
10
5
1
1
16
1
2
13
4
6
1
5
1
1
6
3
17
24
2
6
1
1
1
13
3
1
1
45
2
11
1
14
1
3
2
1
1
1
1
2
1
16
4
6
1
2
18
1
3
3
3
1
1
2
2
1
2
6
2
5
19
17
1
2
8
5
1
3
8
3
2
6
1
6
2
9
2
2
1
1
1
1
2
1
1
4
6
17
1
4
9
3
2
2
5
1
1
11
2
1
3
1
2
5
1
1
7
2
1
1
5
8
1
19
2
6
5
4
6
3
1
2
7
2
1
6
1
13
5
3
2
1
6
24
7
4
1
20
3
3
17
2
1
3
10
7
6
1
2
22
2
1
9
3
1
1
1
1
1
1
6
6
1
3
1
19
1
3
10
2
2
3
6
2
4
3
2
10
14
7
1
4
10
1
3
3
2
24
8
3
5
1
1
10
6
3
10
3
2
1
1
2
12
6
10
3
2
1
1
3
4
1
2
2
1
2
1
2
2
1
2
2
2
2
1
1
2
1
1
3
2
5
2
1
1
1
1
2
1
18
19
2
2
1
2
7
4
6
7
1
4
10
7
2
2
1
28
1
8
6
6
1
2
1
1
5
12
2
1
1
4
1
2
1
3
37
3
1
1
13
1
8
1
3
7
1
7
2
2
7
4
4
1
2
6
1
36
2
2
1
5
1
1
12
3
15
1
3
20
4
4
4
1
7
2
1
7
1
1
1
13
2
3
11
4
10
3
1
19
1
2
3
1
1
2
5
1
3
5
6
2
5
1
5
2
3
1
3
1
1
15
3
4
5
12
12
11
3
5
2
2
2
1
10
4
4
17
2
3
1
4
2
18
3
6
2
1
1
3
5
20
1
4
1
2
1
3
47
8
2
8
3
8
3
19
1
2
1
8
1
5
4
3
3
1
1
6
2
3
3
5
3
2
2
6
3
8
6
3
30
2
3
7
22
3
11
1
6
2
1
3
3
1
1
3
3
1
3
1
1
3
2
19
1
7
2
3
7
7
1
12
3
7
1
3
1
2
1
13
1
7
17
15
1
9
1
4
6
2
2
11
2
8
4
1
5
20
3
1
1
5
3
2
2
4
1
1
1
3
1
1
18
1
1
2
2
1
12
8
7
5
2
1
2
2
2
2
4
3
4
2
9
2
15
33
7
30
1
5
2
6
5
9
2
2
6
3
8
7
15
1
1
2
1
42
3
1
39
13
1
2
2
18
2
1
3
1
2
20
4
1
1
2
7
45
4
1
6
7
1
2
3
6
11
1
1
1
2
1
15
6
11
7
1
1
1
2
1
2
15
7
12
6
1
4
8
5
4
8
1
2
1
8
7
2
25
6
4
7
1
2
1
9
9
4
4
11
5
5
3
5
7
2
2
1
10
2
1
10
3
4
1
5
5
4
6
3
1
2
2
2
60
1
48
14
9
3
7
1
2
6
11
8
2
3
1
3
8
2
1
2
1
2
4
1
4
6
6
32
2
2
3
6
5
3
5
2
1
3
4
2
27
3
2
9
1
2
3
4
13
5
9
10
3
2
1
2
3
18
1
1
1
4
1
1
11
5
2
1
3
2
1
1
3
1
1
12
13
1
4
3
3
5
5
3
1
2
1
4
4
14
1
1
7
13
1
1
28
2
4
3
3
28
2
1
2
3
7
5
5
3
2
6
1
3
1
2
1
7
11
4
4
23
2
