7
1
1
4
10
1
19
4
6
4
2
2
2
9
1
10
2
2
2
2
4
4
1
1
5
13
5
1
1
11
1
4
3
2
8
7
1
1
10
2
6
7
16
2
1
9
6
4
2
20
6
4
5
2
1
1
3
27
3
1
4
20
42
1
2
6
2
1
1
8
1
1
4
2
5
3
10
1
1
1
1
2
12
1
6
17
2
3
3
8
7
14
2
1
17
3
8
9
3
1
1
23
10
2
19
3
7
1
6
5
17
9
26
15
12
4
2
2
1
11
6
6
4
2
8
2
5
4
4
10
1
5
1
8
1
3
4
1
2
3
9
2
2
1
1
2
3
2
10
17
9
34
1
4
29
1
1
3
1
2
2
2
2
18
2
3
4
7
1
7
1
4
1
3
1
2
1
1
16
3
1
4
2
1
1
2
1
2
3
3
5
1
1
4
2
7
1
2
3
2
2
1
5
4
2
2
2
4
1
8
2
2
14
1
3
11
13
1
6
2
47
5
2
2
3
2
19
17
5
15
4
6
1
1
12
1
13
4
27
12
17
2
2
2
2
1
1
8
2
5
6
1
1
19
11
1
2
3
2
5
1
1
1
1
15
5
9
27
1
2
14
1
3
3
3
2
5
2
4
2
2
4
2
5
14
28
4
1
9
4
2
9
1
29
2
2
1
3
1
3
1
23
30
1
3
1
4
1
12
2
20
6
1
16
11
1
5
2
1
1
3
24
1
2
6
5
1
2
33
2
1
8
1
2
7
13
8
4
27
8
1
4
1
9
1
32
2
2
1
4
3
1
12
1
1
1
5
4
30
3
11
8
4
1
1
8
1
1
7
1
1
1
1
1
1
1
4
4
4
4
3
2
3
6
2
3
13
2
1
3
2
2
1
2
6
18
2
3
3
1
1
14
12
2
12
4
19
1
4
4
10
3
2
4
1
1
3
3
2
1
12
7
2
15
2
13
1
1
16
1
3
9
2
7
2
25
3
9
5
2
14
1
6
4
4
4
2
11
3
4
4
1
2
1
1
2
2
7
6
2
3
4
2
2
4
3
5
3
1
3
16
5
1
18
3
4
3
41
10
2
2
1
10
3
1
2
5
1
1
5
1
3
1
5
2
6
6
3
3
5
2
5
5
1
1
1
6
8
3
1
15
2
16
6
10
1
4
1
2
1
3
5
2
2
10
1
49
11
5
2
1
3
11
3
5
2
1
1
2
1
5
8
3
2
1
2
3
1
3
5
1
3
4
1
1
2
7
3
9
8
2
5
2
1
37
1
3
2
2
4
1
3
1
6
1
10
2
4
11
2
3
2
1
2
1
1
8
1
1
2
1
2
13
4
1
7
9
1
7
1
1
2
2
2
1
1
26
11
2
13
14
1
2
1
5
5
2
1
1
6
1
2
1
3
4
20
9
4
9
30
2
3
3
1
1
3
5
4
13
4
3
2
26
1
3
1
2
1
5
1
2
2
1
1
1
6
1
7
1
1
1
30
2
9
2
9
1
2
1
8
5
2
1
2
2
1
1
2
1
8
2
1
2
10
3
40
2
8
1
1
3
4
3
3
1
2
2
2
21
4
4
2
4
3
2
1
25
1
1
3
11
4
12
3
6
4
5
2
20
3
2
18
8
5
23
2
4
85
2
3
2
41
1
13
3
8
3
1
10
2
3
7
2
3
2
4
9
24
1
3
14
2
4
1
5
6
2
2
2
1
2
1
1
1
10
5
1
3
1
2
2
3
2
4
20
6
1
1
1
1
1
1
2
3
1
6
1
7
6
1
32
4
2
1
18
10
1
7
1
8
2
2
1
1
19
1
2
1
4
1
2
7
3
1
1
2
3
5
1
3
1
2
3
2
2
12
16
1
1
1
2
3
2
6
1
4
5
1
2
3
2
1
2
38
1
4
1
2
5
3
3
1
1
1
1
29
1
16
2
1
1
14
20
4
4
3
3
2
1
11
3
14
1
1
45
2
2
1
1
2
3
2
1
5
2
4
2
2
2
7
1
108
3
6
1
5
12
1
4
5
2
1
2
8
4
3
15
2
1
1
1
4
1
8
16
2
5
14
3
2
1
2
8
5
5
6
5
6
3
6
5
6
1
3
1
4
1
8
4
6
2
2
1
1
3
3
17
2
19
2
4
1
6
3
1
1
2
2
1
7
1
1
3
8
6
5
2
2
5
3
1
6
3
2
3
3
2
3
17
2
20
2
8
2
2
2
3
2
2
1
5
17
24
1
8
2
2
8
2
1
1
2
1
1
3
1
4
2
3
9
2
1
8
11
1
6
1
8
1
1
1
1
8
2
2
21
8
4
3
1
13
3
1
2
5
14
1
1
26
1
4
6
4
1
1
10
1
5
2
13
5
1
2
3
1
8
2
1
1
26
2
7
1
26
1
8
6
2
3
2
4
10
4
4
7
8
3
25
1
1
1
6
3
3
1
11
2
1
2
1
10
