6
3
4
28
7
124
7
2
2
5
13
54
1
34
172
51
10
34
60
13
2
36
12
7
4
4
1
1
7
19
5
5
5
288
4
5
2
11
2
7
26
16
1
3
5
2
4
41
2
5
1
3
3
2
2
2
1
21
1
3
70
13
2
1
30
1
2
94
2
65
7
3
26
37
3
44
8
9
2
72
5
3
11
26
1
18
5
2
54
38
157
33
1
1
13
2
1
4
2
8
44
5
3
3
2
3
2
5
7
1
140
4
4
5
4
64
50
2
18
91
2
2
12
4
20
3
3
120
154
3
3
53
5
315
6
1
22
3
1
4
27
14
2
5
5
2
1
1
1
16
2
68
11
9
4
6
11
2
2
2
3
11
127
5
2
3
8
8
8
53
12
2
17
19
22
7
1
2
11
26
2
114
1
4
3
14
45
22
7
4
2
114
1
3
1
7
18
4
9
5
4
1
6
2
18
4
56
1
7
4
2
1
2
11
1
7
1
7
2
11
5
9
7
1
1
7
13
4
8
3
20
4
34
107
9
13
37
1
5
2
5
3
5
6
24
7
6
117
22
5
18
21
2
3
2
2
3
2
1
16
39
40
9
2
168
2
2
1
3
3
31
5
17
138
16
1
4
2
3
7
50
16
5
40
11
28
15
6
3
3
4
1
1
19
2
2
1
3
3
212
1
2
2
2
3
11
36
4
21
11
11
23
9
47
1
1
1
1
8
26
55
5
5
18
50
5
27
2
1
4
16
25
9
1
4
5
4
1
1
4
2
2
56
39
14
28
67
1
26
2
1
1
2
5
6
15
33
2
3
24
2
278
3
1
13
3
23
125
4
16
6
11
13
4
1
7
2
7
95
41
48
5
166
48
39
40
25
8
2
18
1
43
13
8
5
2
8
4
7
1
64
8
19
74
5
4
3
20
5
5
4
3
34
82
64
161
22
31
17
7
10
16
3
1
1
6
1
1
11
29
1
22
2
65
41
10
4
3
7
8
5
6
1
5
1
28
17
16
5
76
28
69
5
6
364
4
33
11
9
4
17
73
2
14
4
10
1
54
1
1
28
15
3
2
2
13
67
7
2
7
66
2
1
37
18
1
81
13
15
11
5
2
8
6
3
3
156
8
10
2
56
61
2
1
27
74
9
2
2
37
2
10
11
133
3
4
17
2
52
24
34
28
6
2
2
1
7
64
50
17
26
8
2
9
5
6
19
8
4
7
9
3
3
2
53
11
6
1
104
2
3
1
6
3
1
5
42
39
23
13
1
3
2
22
6
4
13
29
1
2
42
2
19
1
2
28
2
23
2
20
6
14
6
10
2
3
27
2
2
55
16
5
2
1
21
9
10
1
21
10
46
16
7
2
20
27
10
32
10
25
1
1
24
43
17
2
1
3
31
7
34
12
25
38
35
2
138
7
120
293
8
14
4
5
2
1
30
41
1
5
15
2
1
17
4
7
2
1
89
21
20
12
21
30
2
28
6
18
21
1
5
48
62
8
19
31
8
21
6
42
50
1
18
17
1
4
10
3
39
1
1
7
64
2
4
4
4
6
15
3
1
25
26
114
1
9
2
2
34
4
4
1
9
4
21
21
3
2
12
47
1
84
3
13
2
3
291
1
1
67
20
4
5
84
2
3
76
2
1
2
32
28
59
2
30
3
1
4
35
9
7
3
4
7
5
2
6
35
4
11
4
78
15
41
4
1
37
6
9
17
26
1
5
11
18
17
1
34
3
51
4
2
2
22
6
47
1
45
2
93
81
20
1
5
4
21
2
3
1
19
1
1
2
2
3
2
2
3
45
7
2
2
46
1
4
11
6
13
3
2
2
5
3
1
12
4
11
7
9
16
16
78
7
12
1
97
1
6
1
4
33
5
3
15
2
1
5
9
90
2
3
7
1
7
1
1
21
8
14
3
2
5
1
3
1
23
2
2
2
6
2
32
3
9
1
4
60
2
3
17
22
6
1
30
7
36
4
2
16
2
3
64
49
2
1
4
1
3
18
5
44
11
25
9
15
7
9
1
10
6
9
27
11
1
12
4
1
16
6
83
1
5
10
22
16
16
1
2
1
7
2
3
2
7
16
4
4
1
10
3
9
40
264
53
2
3
2
6
52
20
31
1
1
22
6
1
3
4
124
5
5
3
50
2
22
1
1
2
2
52
1
3
2
1
5
34
1
1
3
5
6
5
3
8
1
7
10
5
9
6
27
21
3
5
1
48
22
23
27
7
1
3
2
14
8
1
22
27
1
19
6
43
64
40
13
4
32
25
17
1
133
68
24
2
1
2
44
21
1
1
15
30
42
2
3
1
2
62
2
1
14
8
2
8
3
7
4
16
14
1
2
2
18
2
6
168
32
108
11
1
23
86
66
2
5
3
1
8
1
12
1
53
1
10
6
4
2
8
12
15
1
7
6
1
13
12
34
5
26
32
1
3
5
11
1
3
4
112
2
9
2
1
37
11
40
1
14
2
3
2
32
2
58
63
1
5
2
19
4
2
14
6
4
1
31
120
6
1
1
13
30
1
3
9
3
1
2
28
1
2
1
1
3
14
1
2
31
2
2
1
36
2
5
1
3
19
1
1
1
1
4
2
1
1
10
5
2
7
3
35
2
2
6
18
2
13
40
104
107
139
40
20
6
5
4
8
7
26
108
1
1
39
15
2
3
15
26
4
3
28
4
28
1
8
62
17
17
20
2
63
123
10
9
3
1
4
4
8
7
1
1
17
47
3
2
1
1
1
3
12
6
1
142
2
22
1
4
9
35
2
140
1
86
308
5
8
13
3
4
1
50
9
2
5
2
13
4
1
3
25
3
3
1
1
2
3
1
2
2
29
7
252
19
14
103
39
9
4
3
6
2
89
5
40
2
5
66
38
2
13
7
7
137
3
2
17
1
25
4
79
36
10
70
2
2
6
4
145
2
1
4
70
1
2
74
5
1
13
2
21
22
1
7
3
2
2
1
58
36
5
2
14
4
2
64
6
10
11
21
1
36
2
27
11
31
7
4
10
23
1
2
2
14
2
3
16
28
6
1
51
2
8
2
54
2
40
4
16
48
1
30
3
2
38
41
1
44
9
6
4
16
1
4
3
4
12
3
21
3
1
4
45
12
15
100
5
14
3
6
75
5
2
3
86
50
2
10
10
9
5
59
6
23
2
5
2
3
5
6
1
7
6
13
10
3
