2
10
1
2
6
14
12
5
1
4
3
26
4
1
5
1
18
6
2
4
18
2
6
16
8
2
1
1
8
1
1
7
2
10
1
3
36
7
39
5
1
6
1
29
1
4
2
2
2
2
7
1
3
4
7
1
5
25
19
2
2
2
8
1
4
4
6
3
6
19
12
6
13
4
9
1
1
12
2
5
2
1
3
2
1
2
1
25
9
11
1
16
5
4
2
1
2
1
4
1
2
10
13
3
26
2
1
16
1
19
4
1
8
2
8
3
1
2
5
8
1
2
1
5
2
8
1
30
1
1
1
11
3
4
9
3
3
3
5
5
5
16
8
1
1
5
10
9
2
1
12
9
2
22
5
1
21
1
3
6
1
1
4
3
1
29
2
3
2
15
2
2
18
1
12
4
31
2
1
15
12
6
1
2
1
5
3
4
4
1
11
7
2
1
1
39
1
11
1
9
7
2
1
9
8
3
4
26
10
1
1
9
1
7
1
3
1
19
2
2
9
2
1
1
3
1
25
5
1
3
2
7
2
31
8
30
37
2
5
4
1
2
1
13
17
9
14
29
1
2
23
1
1
12
9
4
13
1
6
9
2
21
4
8
50
1
7
6
10
2
1
1
12
4
8
7
48
8
7
10
2
9
1
1
3
7
10
1
26
1
12
6
2
2
13
5
6
2
1
1
2
22
26
2
2
1
10
1
1
6
13
11
15
7
3
9
15
7
1
2
1
26
4
9
16
1
5
32
4
9
2
3
2
1
3
1
1
3
3
3
1
1
1
2
1
41
69
3
4
5
12
1
1
2
3
12
37
2
1
1
6
1
40
14
6
40
12
11
2
2
1
9
3
6
1
1
1
2
1
3
4
3
2
3
7
1
2
3
3
5
2
1
4
1
5
5
1
4
3
1
9
1
9
1
3
2
2
2
29
1
2
6
1
1
2
1
8
12
2
1
1
16
5
9
5
2
1
1
1
1
1
25
1
1
7
10
13
59
2
4
1
3
5
2
1
5
1
7
1
1
6
1
5
13
2
2
10
1
16
4
1
16
1
4
22
1
3
10
1
6
13
1
1
11
1
1
13
1
2
9
1
5
2
1
4
2
1
2
6
6
1
6
9
2
1
3
4
2
2
2
9
1
12
20
14
1
8
10
3
7
24
11
1
2
17
2
1
1
1
1
13
1
6
1
1
1
3
3
2
13
2
6
10
1
4
3
1
11
3
4
6
11
1
5
14
29
7
6
6
4
5
1
2
3
3
2
4
1
16
3
1
1
1
6
5
24
43
1
2
1
15
29
2
1
8
32
2
2
1
16
3
1
20
1
10
1
23
7
3
1
4
1
1
2
1
2
53
1
9
40
7
4
4
11
3
1
1
5
6
4
21
1
7
21
2
1
1
1
13
9
6
3
3
2
2
5
16
1
7
1
1
4
2
3
24
3
1
6
10
1
16
1
4
2
8
9
3
3
1
2
3
2
2
1
1
1
14
10
1
3
1
1
6
32
5
1
1
5
1
1
1
1
20
9
3
6
2
2
23
47
6
9
1
13
1
13
9
8
4
2
2
26
9
49
1
6
4
10
6
2
3
1
1
4
11
9
7
3
9
22
8
8
1
1
6
3
12
3
2
1
2
3
12
1
17
4
1
2
5
4
2
1
8
7
1
66
2
2
2
1
6
5
1
4
5
2
2
2
13
18
2
1
25
2
9
1
4
3
1
1
3
9
2
1
16
6
12
3
3
4
16
1
9
1
1
4
8
2
12
9
5
3
6
2
6
1
5
8
8
1
4
2
2
5
9
1
2
1
16
3
3
5
1
2
30
66
2
3
3
28
2
35
2
18
1
2
1
8
3
1
1
15
3
1
20
2
1
18
2
2
3
3
10
9
3
6
6
19
1
4
1
2
7
4
13
2
12
2
3
8
2
5
1
13
1
2
23
2
2
2
2
3
1
3
1
1
30
1
1
4
5
5
1
2
9
17
5
36
1
1
4
1
1
29
2
8
11
5
3
1
3
2
1
3
1
2
3
5
3
3
13
15
1
1
45
1
1
12
32
2
12
1
1
10
4
10
1
2
4
3
4
5
1
1
2
12
2
1
6
2
1
3
4
6
32
8
3
6
6
60
1
9
1
5
39
2
12
10
1
8
2
1
2
3
10
3
5
3
1
2
1
4
1
41
3
21
2
1
2
12
1
2
9
18
22
1
2
4
1
3
1
49
1
5
18
2
2
3
3
1
11
2
7
1
2
9
9
36
2
4
10
24
1
1
8
3
2
3
24
1
1
4
2
1
2
3
1
18
6
20
3
19
6
2
17
3
4
16
2
8
1
1
3
2
19
6
9
6
1
14
1
3
5
1
25
2
4
2
3
7
1
11
1
1
5
1
9
4
30
2
2
7
1
2
1
54
2
2
2
3
5
1
10
8
1
1
5
4
11
27
1
4
5
15
5
1
1
16
3
1
1
1
20
1
6
1
3
1
4
23
1
13
1
1
3
2
2
17
39
4
3
2
5
12
2
2
4
2
2
8
1
22
3
1
16
18
2
13
5
3
1
2
4
1
45
6
3
6
1
3
4
2
7
1
4
2
2
1
1
1
1
2
2
5
15
7
1
7
3
14
2
9
4
1
4
19
15
4
1
3
6
1
15
8
5
6
1
2
2
2
17
2
5
2
1
27
2
14
6
1
13
12
16
4
1
4
3
18
1
3
2
6
4
1
1
10
1
2
18
2
2
17
1
2
3
18
2
7
1
3
1
4
1
6
1
2
38
53
2
2
12
2
1
2
14
6
1
9
1
1
1
8
3
7
1
7
4
1
2
1
2
4
35
7
5
3
1
1
1
1
29
3
53
1
1
1
5
2
1
1
2
1
2
2
1
1
47
1
1
7
1
7
2
5
2
3
1
3
3
6
5
4
43
1
21
4
1
11
1
1
1
3
1
2
6
4
3
1
8
3
26
2
4
1
1
15
1
3
3
1
2
4
1
61
1
1
1
11
3
1
11
1
18
25
1
1
3
4
4
5
7
5
33
12
5
1
1
1
12
11
3
31
2
2
1
1
2
2
4
5
21
2
3
1
2
5
4
2
3
1
51
2
2
2
8
1
3
1
1
1
7
1
2
2
1
42
4
3
2
1
2
13
2
8
3
5
22
1
10
2
67
3
2
2
10
2
8
1
1
3
2
2
4
4
1
4
23
1
13
1
7
2
2
1
14
1
1
26
3
3
3
1
1
1
2
1
7
3
4
5
3
1
3
1
7
45
24
2
1
1
2
1
2
1
2
2
27
2
9
7
3
59
2
6
1
1
7
2
5
2
2
3
3
6
1
2
8
16
3
24
34
2
2
2
5
2
2
2
1
3
1
2
27
8
2
3
3
1
1
2
3
3
4
1
24
4
4
2
1
3
4
1
1
4
6
4
3
2
1
1
4
1
9
4
1
10
16
1
19
4
8
3
6
2
9
4
2
1
10
6
15
3
1
1
16
1
1
1
2
8
3
1
8
1
1
1
3
8
3
24
9
2
1
2
6
1
20
4
6
10
5
1
2
1
3
4
2
4
1
32
3
3
4
2
1
2
7
5
6
2
2
4
2
1
11
2
3
10
8
1
1
1
2
7
2
2
2
1
4
15
5
17
1
2
1
2
15
14
1
2
1
1
1
2
1
4
3
7
4
8
4
2
1
1
11
4
2
7
11
7
7
10
6
1
7
4
5
3
1
10
1
1
2
21
8
2
2
9
6
7
2
2
2
2
10
1
16
5
6
1
1
1
4
3
2
11
5
2
1
5
1
2
2
14
3
11
1
3
1
1
4
2
6
3
7
2
1
12
1
1
4
1
1
3
4
2
4
1
3
10
2
1
3
2
1
8
4
2
59
1
1
11
4
3
1
4
29
1
4
1
7
1
1
1
2
2
2
4
1
2
14
1
9
24
3
24
7
15
1
3
4
13
4
1
3
1
14
16
2
8
37
17
5
1
2
1
3
23
5
2
8
1
32
2
2
2
1
3
1
10
2
3
1
1
25
1
12
7
1
1
11
2
2
29
1
2
6
7
4
1
9
2
14
1
1
18
2
2
6
3
6
2
1
1
1
11
1
5
24
2
1
1
1
9
8
1
1
3
9
1
1
2
10
1
1
5
13
12
18
3
1
23
2
1
1
1
1
1
4
4
18
1
5
1
2
23
1
3
17
30
6
1
1
1
9
5
15
2
2
4
1
1
1
1
2
2
3
3
2
9
2
4
3
2
6
5
3
1
3
4
11
1
1
1
2
18
14
2
4
3
4
11
1
4
2
6
1
15
3
28
2
1
1
2
4
2
37
8
3
2
3
7
7
5
6
6
45
3
2
4
5
16
5
4
34
1
2
1
8
1
3
1
2
11
11
3
5
1
8
1
4
2
16
4
4
3
1
54
1
3
13
2
15
1
11
2
1
5
2
1
4
2
3
11
2
1
2
26
5
28
3
1
1
3
7
1
2
21
3
1
1
1
2
14
4
4
3
6
1
3
1
2
1
2
9
1
1
6
36
7
28
8
2
10
20
2
1
7
1
2
1
1
3
3
2
9
2
1
4
4
7
13
1
16
3
38
1
3
2
1
14
11
8
3
2
16
8
5
2
1
3
1
2
1
1
1
14
1
1
14
5
2
24
2
2
6
1
2
1
14
6
47
6
9
10
6
1
1
4
11
4
4
7
6
1
2
1
3
5
11
36
6
1
2
1
11
2
4
6
1
13
8
1
20
4
3
3
30
14
13
1
1
8
18
3
12
2
2
1
1
5
2
12
1
4
33
3
2
2
60
1
1
6
2
8
8
1
7
3
1
1
2
1
6
9
2
17
1
3
3
1
1
4
8
4
1
3
7
26
2
6
3
1
4
1
1
1
1
2
3
5
1
1
2
13
7
16
1
2
1
31
1
9
5
1
5
8
2
3
22
4
14
7
5
6
18
1
1
2
1
5
5
3
3
6
1
1
1
6
4
12
9
3
15
2
19
9
1
8
1
2
4
16
19
6
7
8
4
27
1
25
3
9
3
15
5
1
1
15
1
5
7
2
2
2
15
3
5
2
1
3
12
2
2
19
13
12
14
8
18
5
4
2
4
6
1
14
2
3
6
1
1
3
15
10
11
7
5
5
4
2
2
1
6
2
1
2
13
7
4
1
51
2
2
15
1
47
2
11
4
4
9
2
13
2
20
4
1
1
15
2
8
2
1
5
11
27
19
2
1
1
2
1
9
1
1
9
9
3
9
14
4
47
11
36
6
1
2
1
5
6
4
2
12
2
35
1
8
6
2
4
10
8
1
1
1
2
4
4
4
2
18
3
7
13
4
1
15
1
8
8
3
1
3
2
4
1
2
3
3
4
14
2
3
1
10
13
1
2
2
9
3
3
4
2
3
1
1
1
1
4
8
3
1
1
20
4
2
1
1
5
2
4
11
7
1
1
2
2
1
14
1
6
1
7
10
2
3
3
2
17
9
3
1
13
2
4
4
4
4
34
2
1
3
4
4
8
51
2
2
1
20
6
1
8
7
4
4
3
8
1
2
2
4
2
31
5
10
3
2
5
1
1
7
2
1
7
6
2
1
3
1
7
3
7
2
7
3
53
5
5
1
32
5
25
11
1
1
2
12
3
2
6
11
5
1
9
25
3
2
19
1
4
1
6
2
2
5
4
44
1
20
3
3
2
6
4
1
28
1
20
6
2
19
4
2
1
1
1
4
1
1
6
14
3
13
1
1
18
12
2
4
17
2
6
1
57
1
5
12
6
1
11
4
4
3
4
2
1
10
11
9
46
4
11
2
1
1
4
5
18
2
5
6
20
2
5
6
17
1
2
3
3
2
1
2
1
16
14
8
4
4
1
1
2
22
4
2
5
1
3
5
3
1
1
2
4
4
1
7
7
10
1
2
7
1
25
8
2
2
2
5
6
1
2
6
11
12
1
21
5
1
5
6
8
12
2
19
2
6
1
2
57
5
3
8
1
5
6
3
16
6
2
1
1
22
32
6
21
38
1
4
1
5
5
12
4
5
26
5
25
7
5
35
2
5
2
12
2
1
67
10
6
2
1
11
3
3
5
3
3
2
6
25
2
5
1
6
4
2
10
1
6
8
1
4
7
17
1
27
2
6
16
18
11
1
6
1
12
2
2
1
4
1
6
3
4
2
4
2
12
7
20
1
7
2
39
9
2
13
1
3
1
7
2
1
3
32
12
4
3
4
6
24
3
3
3
1
2
4
18
17
1
7
10
1
7
3
7
21
4
4
13
1
1
7
2
2
6
3
4
13
30
8
7
30
10
2
2
1
3
1
1
1
2
2
21
1
11
2
1
4
1
1
1
5
5
2
10
15
23
2
3
8
1
18
26
29
2
11
5
2
5
16
4
33
