1
44
195
1
15
68
2
49
12
8
185
86
56
75
246
80
11
1
9
56
6
11
87
356
64
1
2
16
5
293
265
6
87
22
7
114
57
26
247
1
201
1
1
22
12
68
5
6
6
82
65
230
388
1
5
1
171
88
3
105
206
18
68
151
127
227
112
7
135
1
263
143
7
3
1
11
19
5
1
393
8
3
201
100
178
8
233
19
10
6
15
278
14
234
52
1
7
19
371
373
2
9
45
7
2
28
9
285
47
62
27
25
160
405
20
18
33
177
1
11
39
17
5
65
4
77
1
5
43
9
120
16
135
1
11
259
4
2
4
7
242
6
17
12
32
6
4
6
107
4
2
46
31
36
318
1
2
58
24
351
17
14
8
11
272
23
6
20
192
9
1
7
5
64
37
1
34
10
30
13
45
112
371
3
58
24
14
11
94
23
31
36
47
71
38
70
2
9
8
19
18
11
56
378
163
127
55
28
9
2
4
28
298
22
6
4
15
2
6
9
185
42
64
20
8
61
81
2
42
5
21
81
12
122
3
21
8
97
3
10
1
16
53
23
140
150
12
97
3
3
19
6
4
80
1
3
4
26
39
53
145
68
45
4
13
27
10
74
38
30
18
80
204
6
147
3
2
109
1
18
73
15
5
1
149
13
295
132
31
7
69
50
7
19
33
126
1
1
5
3
60
18
62
3
32
1
4
1
28
14
136
18
11
2
68
9
15
23
7
66
2
119
45
12
84
28
14
29
176
267
9
3
38
20
3
12
5
2
249
25
6
68
23
1
51
79
285
38
22
21
62
123
443
83
14
13
205
242
251
8
279
4
113
199
30
25
3
4
16
285
30
109
16
1
50
4
61
27
49
115
65
250
84
12
15
8
28
2
51
3
224
54
31
119
1
24
2
36
27
209
235
13
24
2
378
38
88
5
187
19
12
120
169
64
43
48
12
70
67
16
55
14
1
14
5
84
14
56
1
46
1
2
6
16
53
25
38
98
3
26
1
183
5
27
1
16
53
38
8
1
4
55
237
134
61
1
6
32
30
44
5
375
40
12
1
78
1
34
2
6
3
1
13
23
15
115
27
84
17
9
65
43
9
10
135
8
19
19
125
1
135
14
137
8
16
166
101
11
7
5
1
4
63
3
1
10
6
13
35
28
175
2
37
21
6
13
102
14
10
2
1
12
67
8
3
1
139
18
18
4
250
85
75
87
33
3
13
1
17
41
130
180
4
47
12
63
7
40
20
370
106
93
1
236
3
93
26
2
15
88
26
130
9
82
80
29
109
36
10
76
76
22
12
130
5
8
3
189
13
18
33
151
6
1
158
4
9
13
281
12
12
25
37
12
2
8
23
10
51
103
10
192
150
13
120
44
7
63
23
1
77
100
134
7
149
1
52
16
30
4
7
7
12
44
20
25
188
3
1
1
29
6
1
14
93
250
4
16
32
59
1
7
9
211
184
53
15
22
4
6
77
16
46
11
33
10
54
220
8
357
4
55
69
15
178
12
1
13
61
138
16
6
20
16
64
55
14
179
12
35
155
219
147
125
107
4
9
8
1
67
1
12
41
92
17
33
22
71
127
61
4
11
95
85
10
76
122
44
10
1
3
3
69
102
39
127
18
2
12
1
1
5
17
5
92
33
92
87
15
17
92
7
23
12
27
1
15
84
10
25
4
4
1
9
17
276
226
9
18
3
16
7
86
2
117
2
15
21
5
12
205
45
5
318
45
51
3
1
215
47
47
3
27
50
32
14
3
1
2
19
20
6
5
3
28
16
20
1
18
79
11
2
14
184
2
365
6
1
28
52
3
78
98
2
5
302
46
49
1
3
27
64
83
1
26
120
10
291
7
11
7
67
132
6
126
6
353
14
11
7
102
113
1
59
7
194
158
36
199
7
37
50
115
48
71
23
65
82
48
53
12
149
343
12
60
5
75
138
102
19
12
1
30
163
207
72
33
6
40
20
24
12
2
9
12
32
5
89
3
1
72
56
99
1
206
29
4
29
158
46
6
131
43
46
9
22
21
19
6
37
2
355
90
4
38
153
7
2
60
20
47
68
38
10
270
13
15
52
17
95
40
204
113
22
19
8
119
20
73
357
256
89
39
38
5
13
121
115
4
25
29
5
10
62
10
5
112
11
211
151
69
12
69
48
18
37
129
13
34
19
4
8
68
88
107
224
14
107
60
5
3
9
19
80
1
122
40
3
64
17
43
335
9
418
30
34
57
8
10
17
19
130
10
297
4
1
53
18
39
249
79
191
13
6
2
99
50
2
40
26
15
54
144
14
56
10
43
2
19
79
7
14
8
55
14
80
48
27
36
1
9
23
25
106
14
2
7
9
11
14
36
1
11
97
2
39
11
2
110
138
65
59
58
44
24
114
10
22
2
1
14
31
49
6
46
69
3
47
11
19
5
3
24
13
30
6
3
9
50
79
6
85
330
31
13
266
64
48
21
15
33
14
19
47
5
62
131
13
207
72
77
32
63
36
86
45
36
2
86
21
82
10
29
1
8
21
13
402
10
10
80
351
27
8
8
49
1
9
4
86
65
1
314
309
4
17
9
26
148
12
9
35
152
129
1
64
4
29
29
31
1
285
22
36
11
135
3
162
14
386
165
5
132
60
111
189
67
4
140
21
10
8
63
1
21
104
12
3
177
235
18
197
65
137
169
2
81
154
88
32
44
7
4
160
5
8
21
3
14
3
2
13
17
4
167
5
37
19
123
192
20
58
2
7
1
158
21
67
37
15
6
34
216
69
103
1
6
2
7
381
23
7
16
4
53
40
27
40
49
5
34
454
13
64
127
159
45
55
19
376
27
38
7
29
58
64
16
48
8
73
112
1
13
5
13
196
26
11
11
106
19
16
5
77
17
31
162
76
51
289
6
77
6
22
74
58
39
41
18
89
1
2
1
19
1
2
1
1
1
1
233
1
1
7
1
1
1
1
1
15
1
1
1
1
1
30
1
1
1
18
1
1
1
1
1
1
1
1
1
1
1
1
1
1
1
1
1
1
3
1
133
1
1
18
1
1
1
1
1
1
1
1
1
1
1
1
1
1
1
1
18
1
5
1
43
1
1
1
150
1
1
1
1
1
1
1
1
1
1
1
1
1
1
1
1
1
1
1
1
1
77
1
140
11
1
1
126
1
1
1
1
1
1
1
19
1
1
1
1
1
1
1
1
1
1
1
1
1
1
1
1
1
1
16
1
1
1
1
1
1
1
1
1
1
77
1
1
1
1
1
1
1
1
1
1
1
1
1
1
31
1
1
1
1
1
1
1
1
1
1
1
1
1
1
1
1
34
7
1
1
1
1
1
1
1
1
1
1
1
1
1
1
1
1
1
1
1
1
60
1
1
2
1
1
1
1
74
1
152
1
1
3
30
1
1
1
1
52
66
1
1
85
1
1
1
118
1
1
1
1
1
1
1
1
1
1
1
1
1
1
1
1
1
1
105
102
1
1
1
1
1
1
1
1
1
1
1
1
1
1
2
9
1
1
1
7
1
1
1
1
1
1
1
1
1
1
1
17
1
1
1
1
1
1
1
1
1
1
6
1
1
1
9
208
1
69
1
1
1
140
1
1
1
1
1
1
1
1
1
1
1
1
1
1
1
16
1
2
43
1
1
1
92
1
1
1
144
13
1
1
1
1
1
1
1
1
1
1
1
1
1
1
242
1
1
1
1
77
1
1
1
1
1
1
1
1
1
1
1
1
1
1
1
1
1
2
1
1
1
1
1
1
4
1
1
1
1
1
1
1
18
1
1
21
1
1
1
1
1
1
1
1
1
1
1
1
1
1
1
1
56
1
1
1
1
1
1
1
1
1
1
195
1
1
1
1
1
1
1
232
1
1
1
1
1
1
1
1
1
1
1
1
29
1
1
1
1
1
1
61
1
1
1
1
1
1
2
19
1
1
1
1
1
1
1
1
1
1
1
1
1
1
1
38
1
1
1
1
1
1
1
1
1
1
1
1
1
1
7
1
1
1
1
1
1
1
1
1
1
1
1
1
1
1
1
1
1
1
7
1
1
1
1
1
1
50
2
1
1
1
1
1
2
1
1
1
1
1
1
1
1
1
13
6
1
1
1
5
1
1
3
1
1
1
1
1
1
1
1
1
1
1
1
1
31
1
1
2
1
1
1
1
1
1
2
1
1
1
1
1
38
1
1
2
1
1
59
1
39
2
1
1
1
1
1
325
1
1
1
1
1
1
38
1
1
1
1
1
1
1
1
1
1
1
1
1
1
24
1
1
1
1
149
1
1
2
1
1
1
1
1
1
1
1
1
1
1
1
38
119
1
1
1
1
1
1
1
1
15
1
1
1
1
1
1
1
1
1
1
1
1
1
1
1
1
1
1
1
1
1
1
1
1
1
1
1
1
2
1
1
1
1
1
1
1
64
1
62
1
1
1
1
157
2
1
1
1
1
1
157
1
1
1
3
1
1
1
1
42
1
1
1
2
1
1
25
2
1
1
1
1
1
2
1
1
1
1
1
1
40
1
1
1
1
1
1
1
1
1
1
1
1
1
1
100
1
1
1
1
66
1
2
1
1
1
1
1
1
1
1
1
1
1
1
2
4
1
2
1
1
1
1
1
1
1
1
1
1
1
1
1
2
1
1
2
2
1
2
1
1
1
1
1
1
1
200
1
1
1
1
1
1
1
1
1
1
1
2
1
1
14
1
1
2
1
1
1
1
5
26
1
1
1
1
1
2
2
1
4
1
1
1
1
1
1
1
1
1
32
1
51
1
1
1
1
1
1
1
1
1
1
1
1
1
1
1
1
1
1
9
1
2
1
2
1
1
2
1
1
1
1
1
1
1
1
16
1
1
1
1
1
1
1
105
2
2
1
1
1
1
2
1
1
1
26
1
1
1
1
1
1
1
1
1
1
1
2
1
1
1
1
1
1
2
1
1
1
2
1
1
1
1
1
1
1
1
1
1
1
81
1
1
5
1
1
1
1
2
1
2
2
1
1
1
1
99
1
1
1
1
1
1
2
85
60
1
1
1
1
1
1
1
1
16
1
1
1
1
1
1
1
1
1
1
47
1
1
1
2
2
1
9
3
1
1
1
1
1
1
1
1
1
1
1
1
1
1
1
1
1
1
51
3
1
1
1
1
1
1
1
1
1
1
1
1
1
1
1
1
1
1
74
141
1
1
2
1
2
2
33
1
1
1
1
1
1
1
1
1
1
64
1
1
1
1
1
77
1
1
1
1
1
1
1
1
1
1
1
1
1
1
1
1
1
1
1
1
1
2
1
1
1
1
3
1
1
1
1
1
2
1
1
2
1
1
1
1
1
1
1
5
2
1
1
1
15
1
1
125
55
1
1
1
1
1
1
1
1
1
8
1
1
1
1
1
1
2
1
1
1
1
3
2
1
1
8
1
1
1
8
1
1
1
2
1
1
1
1
1
2
1
1
17
1
60
7
1
1
1
1
1
1
2
1
1
1
1
1
2
3
1
1
1
1
1
1
1
1
1
1
53
1
1
1
1
76
1
1
1
1
2
1
1
41
1
1
1
1
1
1
2
1
1
1
1
1
1
3
1
2
3
184
1
1
1
1
1
1
45
1
1
1
1
68
1
1
1
1
1
1
1
1
1
1
1
1
1
287
1
1
1
1
1
1
2
1
79
1
1
1
1
1
1
1
1
1
1
1
1
1
1
21
1
1
3
2
2
1
1
1
1
1
1
1
1
1
1
1
2
1
1
1
1
1
2
1
1
1
3
1
1
1
1
2
14
1
1
1
1
1
20
1
1
1
1
1
3
1
2
1
1
1
1
1
1
2
1
1
75
1
1
17
113
2
1
1
1
1
1
1
2
1
1
1
1
3
1
2
1
1
1
1
1
1
1
1
1
1
1
1
1
1
8
1
1
1
1
1
1
1
1
1
2
1
1
2
1
1
1
62
1
1
1
1
1
1
1
1
1
1
2
1
1
1
1
1
1
1
1
6
1
2
1
1
1
1
1
1
1
1
1
1
1
1
1
2
1
2
1
1
1
1
1
88
1
183
1
36
1
2
1
17
1
1
1
1
1
1
1
1
1
1
1
1
106
1
1
1
1
1
1
1
1
1
1
1
1
1
1
1
1
3
1
1
1
1
1
1
1
1
1
1
1
2
1
1
1
1
31
1
1
1
1
1
31
1
2
2
1
4
2
21
1
7
1
1
1
1
3
1
2
1
1
1
1
1
1
1
1
1
1
3
1
1
1
1
1
1
240
1
1
1
1
1
20
1
1
16
8
1
1
2
1
1
1
1
2
1
1
1
1
1
1
1
2
2
1
2
1
1
3
9
1
2
2
1
2
1
1
1
1
1
1
1
1
2
1
1
1
1
1
1
1
1
1
1
36
2
1
1
1
1
1
1
1
1
2
2
1
1
1
2
1
1
1
1
1
1
1
1
3
1
1
1
1
1
1
113
1
1
1
216
1
1
1
1
1
2
2
1
1
1
1
1
1
1
1
1
1
1
1
1
34
1
1
1
1
2
1
1
1
1
1
1
1
1
1
5
1
1
1
1
1
1
1
1
1
1
1
1
1
1
1
2
102
1
50
1
1
19
1
1
1
1
1
1
1
2
1
1
1
1
1
1
1
1
1
12
1
1
1
1
62
1
6
1
133
1
2
1
1
1
1
1
1
1
1
1
1
1
1
1
1
1
1
1
1
1
1
1
26
2
1
1
3
1
1
1
1
1
1
2
1
1
1
1
1
1
3
1
1
2
1
1
1
1
1
1
1
1
1
1
1
1
1
1
1
1
10
1
2
1
1
1
2
1
1
1
117
1
1
1
2
8
1
1
30
1
1
18
1
1
1
1
1
21
1
1
3
1
158
2
1
1
1
1
1
1
1
1
1
1
1
2
1
71
1
6
1
1
1
12
3
1
1
1
1
1
1
2
1
1
2
1
5
31
1
2
1
1
1
196
1
1
1
1
1
1
1
1
1
1
1
1
1
1
1
1
1
1
1
1
1
1
37
1
1
29
1
1
1
72
1
1
1
93
1
44
1
1
1
2
1
1
2
2
1
1
1
1
1
1
1
1
2
1
3
1
1
1
1
1
1
1
62
1
1
1
3
1
1
1
1
1
1
1
1
3
1
1
1
1
2
1
1
1
1
2
1
1
2
1
8
146
1
1
1
15
1
1
1
6
1
1
1
1
1
1
1
1
3
1
2
1
1
1
10
1
1
1
4
1
1
2
1
3
1
1
1
1
1
12
1
3
1
1
1
2
1
1
3
1
1
1
1
1
143
1
2
1
1
2
1
1
1
1
1
1
10
2
3
1
1
1
1
1
1
2
1
1
1
1
1
96
1
4
2
1
43
1
1
1
2
1
17
1
1
1
1
1
82
1
2
1
1
3
1
37
1
2
7
1
1
1
1
1
1
1
3
1
2
2
1
1
1
1
1
1
1
1
1
1
1
2
1
1
122
1
1
1
2
1
2
1
1
1
1
1
1
1
8
1
29
1
1
1
1
1
1
1
2
2
92
1
1
2
1
1
1
7
1
1
1
1
1
1
1
13
1
45
1
2
1
1
1
2
1
1
2
1
2
1
1
1
1
1
1
1
1
1
2
2
2
1
58
6
1
1
1
1
1
2
1
1
1
1
2
1
1
1
1
1
2
2
1
2
1
1
1
1
1
1
1
4
1
2
3
1
1
1
1
57
1
1
1
3
1
1
1
3
116
1
1
1
112
1
1
1
1
1
1
1
1
1
1
1
2
1
3
1
1
1
1
1
178
1
2
1
1
1
1
1
1
2
74
1
1
2
3
1
1
1
1
1
1
2
1
1
2
1
1
1
1
3
1
1
1
1
1
1
1
1
107
9
4
1
1
2
1
44
1
1
14
2
1
1
1
1
1
1
1
3
1
1
1
1
1
1
1
1
1
1
3
1
1
1
1
1
1
1
1
9
1
2
1
1
1
2
1
20
1
1
1
2
1
1
5
3
1
1
1
96
1
5
11
4
1
2
1
1
1
1
9
2
1
1
1
3
1
1
1
1
1
1
1
1
1
1
1
1
184
1
2
2
1
2
2
1
1
2
1
1
1
1
1
1
1
1
1
1
1
1
2
18
1
1
45
3
1
1
1
1
1
1
1
1
1
4
4
1
41
2
1
1
1
2
1
1
2
1
2
1
1
1
1
1
3
1
1
60
1
1
1
58
2
1
1
3
1
1
1
1
1
2
1
1
1
1
1
3
7
1
1
1
1
32
1
1
1
1
1
1
1
2
1
1
1
1
1
2
1
1
5
1
1
1
2
1
1
1
3
2
1
1
2
1
1
50
1
1
42
1
3
1
2
1
1
1
1
3
175
1
1
38
1
1
1
1
1
1
1
1
2
2
1
1
4
1
1
1
71
1
1
1
1
3
2
1
1
1
1
1
2
1
1
1
1
1
23
1
4
29
1
1
1
1
1
1
1
1
1
1
1
2
2
1
1
2
1
1
6
1
1
1
1
2
31
1
1
122
2
1
2
1
1
1
1
2
41
27
1
1
1
43
1
1
3
1
5
5
1
101
6
2
1
1
1
1
2
1
39
2
1
1
1
8
17
1
2
2
1
1
1
1
1
1
1
1
1
1
2
1
1
1
2
1
1
1
1
1
1
3
2
1
1
4
1
1
1
1
3
1
2
1
3
346
141
1
1
1
1
4
1
4
1
2
1
1
1
2
2
1
2
1
1
1
2
1
1
1
3
2
1
1
1
1
1
1
1
1
1
1
1
1
2
1
1
1
3
1
1
3
1
1
1
1
1
1
1
1
1
1
1
1
1
1
2
1
1
1
2
1
1
1
2
1
1
1
4
1
3
1
2
3
1
1
133
2
1
1
1
1
34
1
2
1
1
1
2
1
2
1
147
2
6
1
1
1
1
2
31
1
1
1
2
12
1
3
2
1
8
4
1
3
1
1
1
2
1
1
1
1
1
1
1
1
1
1
2
1
4
1
2
1
2
156
1
2
1
3
1
41
1
1
2
1
1
1
1
39
4
1
1
1
2
1
1
1
1
1
1
1
2
1
1
1
4
1
1
3
3
2
1
1
3
1
1
1
1
2
1
1
1
2
1
1
1
1
1
1
1
1
1
4
4
1
1
1
2
1
2
1
1
5
1
1
4
1
1
2
2
1
1
2
3
1
1
1
1
3
2
1
1
1
2
1
4
1
1
1
1
1
1
1
1
1
2
1
2
135
1
1
1
1
1
1
1
1
1
1
1
10
18
1
1
1
1
1
81
11
1
1
2
2
1
1
1
1
1
1
1
1
5
1
1
2
3
29
11
1
1
4
1
4
1
1
2
18
29
1
1
1
2
1
2
1
1
42
1
1
1
1
1
54
67
5
2
1
29
1
8
1
1
33
3
1
1
1
12
3
1
1
1
1
1
1
1
1
1
2
1
1
14
1
1
5
1
2
2
1
1
2
1
2
1
1
1
1
3
1
5
2
3
1
2
1
2
1
1
1
4
1
1
4
1
1
1
1
3
1
1
1
3
1
1
1
1
1
1
1
1
10
1
1
1
1
1
1
5
2
1
1
1
139
1
2
2
1
1
1
1
1
1
2
1
3
1
1
2
1
1
31
1
1
1
1
1
39
1
2
1
1
2
3
56
2
1
1
219
1
3
1
1
1
1
68
2
3
2
1
2
1
1
1
1
1
1
1
1
1
1
1
2
2
1
2
1
1
3
1
3
1
1
1
3
1
3
1
1
1
5
1
242
1
1
1
1
5
2
3
2
1
1
1
1
1
1
2
1
3
1
5
1
1
1
81
1
1
1
1
3
2
1
2
4
1
1
1
6
5
1
1
1
1
1
1
1
1
1
1
2
1
2
16
1
1
1
1
1
1
1
1
55
1
1
1
1
1
65
1
1
1
1
1
1
2
2
1
1
4
1
3
1
1
1
1
2
5
1
1
1
1
1
1
1
21
1
1
3
1
1
1
1
1
1
2
2
1
1
1
34
6
1
1
5
1
1
2
1
1
1
4
9
1
4
3
1
1
1
1
1
1
1
1
1
2
3
1
3
2
1
11
1
1
1
1
1
1
1
1
45
1
1
4
1
1
5
1
1
2
1
1
4
1
3
1
1
1
2
1
1
1
1
1
2
3
1
3
1
1
1
2
1
1
2
52
1
1
1
3
1
2
1
1
80
4
4
1
1
1
1
1
1
1
1
2
1
2
1
41
1
1
3
1
2
1
1
34
1
1
1
2
2
1
1
1
2
1
1
2
1
1
38
1
1
1
1
2
1
1
1
1
48
2
1
1
1
1
1
2
1
1
1
6
1
2
1
1
1
50
1
2
2
5
2
1
2
1
2
1
1
1
1
1
1
2
1
1
1
3
3
4
6
1
1
65
1
1
1
1
2
2
1
1
1
1
2
2
2
1
1
17
1
100
1
1
2
7
4
2
1
1
1
1
1
1
4
2
1
2
2
100
1
1
1
1
1
1
1
1
1
1
3
4
2
1
2
1
7
1
1
1
1
1
3
1
1
2
2
1
1
1
1
1
1
4
1
1
2
1
1
1
1
3
1
4
10
2
4
1
1
1
1
2
4
60
1
1
1
1
1
1
5
1
1
1
250
1
1
1
1
1
5
1
2
2
1
1
3
2
21
2
2
233
1
2
1
1
1
1
1
1
1
1
1
1
1
1
3
1
2
1
3
1
2
1
1
2
70
1
1
1
4
2
6
353
3
71
2
1
2
1
1
3
1
2
1
5
2
1
1
1
1
1
26
1
1
1
1
1
1
3
1
1
2
2
7
3
2
1
1
1
1
128
129
1
1
1
1
1
1
3
1
7
4
12
1
1
1
1
1
1
1
1
289
5
9
69
1
1
3
66
1
3
40
1
2
2
1
1
2
2
1
1
140
2
3
2
4
2
2
32
2
1
3
1
1
1
1
1
44
1
1
1
2
1
1
1
4
5
1
2
1
1
1
1
1
1
1
2
1
1
2
1
2
22
1
70
6
1
1
2
1
1
25
1
1
1
2
1
2
1
1
1
1
2
1
1
1
7
1
6
1
220
3
1
1
1
24
1
1
3
7
53
1
1
1
1
1
1
1
1
1
1
1
131
1
1
2
1
1
1
5
3
1
2
3
1
1
3
1
125
1
1
115
1
3
1
1
1
6
3
4
2
1
7
2
1
1
2
1
2
1
3
1
2
10
1
3
1
1
2
1
2
1
1
78
1
1
1
1
1
3
1
1
4
2
1
1
2
1
34
1
1
1
4
1
3
1
1
1
1
1
1
1
1
2
1
5
2
1
7
4
1
1
1
2
1
1
5
1
1
1
1
1
1
1
3
2
1
1
1
1
1
6
1
4
1
1
3
1
1
2
1
4
1
1
1
5
1
3
1
1
1
4
7
1
1
1
1
3
1
1
4
26
1
1
1
1
1
1
2
61
1
1
1
3
1
2
2
1
1
1
1
1
1
1
2
1
2
4
2
1
1
1
1
1
1
1
7
1
2
146
1
4
3
1
1
5
1
1
2
1
1
1
2
1
1
1
1
29
1
3
1
1
1
3
3
1
22
122
1
1
1
1
1
2
1
2
1
1
1
1
1
1
1
1
20
1
2
1
1
1
1
1
1
1
1
2
1
1
3
1
1
47
2
3
1
1
1
3
2
1
1
1
4
8
2
2
1
2
2
3
1
1
1
2
1
3
1
4
1
1
1
1
1
1
1
1
2
8
1
1
1
1
4
2
145
1
1
2
1
2
1
14
8
1
144
1
3
1
1
89
2
2
61
1
10
1
1
4
33
1
2
1
1
1
1
1
3
4
1
4
1
1
4
4
1
4
3
1
1
1
2
5
6
1
1
1
2
2
3
1
2
1
1
1
2
1
2
1
1
1
1
1
2
3
1
1
2
2
1
1
1
58
12
3
1
1
1
1
1
1
3
1
1
1
1
1
1
1
1
1
1
1
2
2
12
100
1
3
1
1
1
2
1
2
1
1
92
1
1
1
3
9
1
1
1
3
1
3
1
1
1
2
1
1
3
1
2
2
2
1
11
2
2
2
1
1
1
1
1
2
1
1
1
1
1
1
1
1
1
2
1
1
3
5
1
2
1
1
1
2
1
128
1
3
9
1
1
1
1
1
1
2
2
1
1
1
1
1
1
4
1
3
30
1
27
13
1
1
1
1
1
1
2
1
109
1
2
1
221
1
1
6
1
1
27
1
1
3
1
1
1
2
1
1
1
1
2
45
1
1
1
4
1
1
1
3
1
1
3
1
4
1
2
1
1
3
1
3
1
43
1
25
1
1
1
5
1
5
1
1
3
2
2
5
134
1
1
5
2
2
1
1
2
1
1
1
1
1
1
1
1
134
3
1
1
4
4
1
3
3
16
1
1
2
3
3
1
2
3
3
3
7
1
1
1
1
1
13
54
2
1
3
1
1
1
1
2
4
3
1
1
1
1
1
2
2
3
3
1
2
1
1
6
2
1
2
1
1
1
1
1
1
1
2
1
1
1
1
2
2
1
2
1
4
3
2
1
1
1
2
2
1
1
2
2
1
1
1
1
1
1
1
17
4
2
2
1
2
1
2
1
2
1
44
1
11
2
2
1
3
1
1
89
1
12
1
1
1
3
4
1
1
1
1
6
3
1
1
1
1
1
1
1
2
1
1
2
1
9
6
1
1
1
1
3
1
4
1
2
8
1
1
1
1
1
1
1
1
1
95
2
1
1
2
2
2
1
3
3
1
1
32
1
1
1
314
1
1
12
112
2
280
1
1
1
1
2
1
388
4
1
4
97
1
4
2
4
1
1
5
1
3
11
2
1
4
1
50
2
4
1
1
1
1
2
1
9
1
26
1
4
234
13
2
2
1
1
1
1
1
2
2
1
2
1
1
1
1
1
1
1
2
2
1
2
2
2
1
2
38
2
1
1
2
2
1
3
1
4
1
3
2
1
2
5
2
1
1
18
1
4
25
2
1
217
6
2
1
5
2
1
2
1
1
35
3
12
20
1
1
11
1
29
1
2
2
1
4
1
3
1
1
3
1
2
2
1
2
6
1
1
1
1
1
2
1
1
1
2
4
2
5
1
1
55
1
1
7
1
1
1
1
3
2
222
1
1
20
3
1
2
1
6
1
3
4
2
2
1
3
2
1
6
181
1
3
1
2
2
15
1
1
4
1
4
2
1
2
1
1
1
8
1
1
1
1
3
1
1
4
1
1
1
1
1
1
1
3
2
2
1
1
2
1
1
135
1
1
3
4
1
1
1
4
1
9
2
1
1
1
1
5
2
1
15
2
319
1
1
1
1
3
1
1
2
1
1
1
1
2
2
2
35
3
4
225
1
3
1
1
1
1
2
1
137
1
1
1
3
1
1
2
1
1
6
33
1
3
1
23
1
32
1
2
1
1
6
131
2
1
4
1
1
5
1
1
1
1
1
1
3
4
2
9
1
1
52
1
1
1
2
1
1
2
1
1
2
1
1
85
2
3
2
1
1
1
1
1
1
32
4
1
1
2
2
2
1
5
4
1
2
1
1
1
2
3
1
1
2
1
1
1
1
2
1
4
4
1
1
1
25
1
1
2
6
4
1
2
2
3
2
3
3
1
1
1
2
1
3
3
60
4
1
1
1
1
1
2
1
2
1
1
2
2
4
2
2
6
1
4
1
1
1
3
1
3
1
1
1
1
1
44
1
1
1
1
1
1
1
26
1
1
1
1
3
1
1
2
4
1
2
4
1
2
2
1
2
1
1
1
6
8
1
7
1
1
3
8
4
1
2
2
1
1
1
1
1
3
1
1
4
1
1
1
1
1
79
1
46
2
1
1
1
1
2
1
8
59
5
417
1
1
1
5
6
32
5
1
1
20
16
69
4
1
1
2
4
5
1
1
1
1
1
1
10
7
2
2
1
1
1
2
2
2
1
1
1
1
3
46
1
5
1
1
2
27
1
1
14
1
2
1
1
1
3
1
1
1
4
1
2
2
1
4
68
1
1
1
4
1
3
1
4
1
1
1
1
2
1
1
2
99
5
2
2
19
1
2
1
1
2
1
1
3
4
2
24
1
1
1
6
1
113
1
1
3
3
2
1
2
1
1
3
2
1
5
1
2
1
1
1
7
1
18
1
1
1
1
1
2
1
1
370
3
2
2
1
1
1
2
1
1
1
3
1
91
1
7
1
5
5
2
1
1
3
4
2
1
2
1
1
2
1
4
1
1
6
3
1
1
1
1
2
1
2
1
4
1
1
49
2
1
31
2
1
1
1
1
3
5
2
209
2
57
2
4
1
1
1
2
1
8
1
2
2
1
1
2
1
7
1
2
2
9
4
4
4
1
1
2
37
1
1
1
1
148
5
13
1
4
1
1
1
4
1
10
4
1
1
29
61
1
1
2
2
6
1
67
1
2
1
1
3
1
2
2
2
8
6
2
1
1
1
1
2
6
279
1
1
1
1
1
1
3
1
3
2
2
4
80
1
290
7
1
33
1
11
2
2
102
3
30
2
1
18
4
1
1
3
6
2
3
1
2
1
214
1
1
1
1
1
68
2
1
1
2
2
1
1
2
1
1
1
1
1
1
36
1
1
1
2
3
2
26
1
1
1
1
2
3
1
1
1
1
2
3
87
3
3
1
4
2
2
3
1
2
4
70
1
3
1
1
2
1
108
1
1
1
5
2
2
2
1
2
1
1
1
1
1
1
1
2
1
1
4
1
1
1
1
1
2
1
12
2
6
1
1
1
2
1
1
1
1
1
1
14
1
82
1
2
1
19
3
1
5
2
1
7
22
4
2
1
68
3
2
2
1
2
1
1
3
1
64
1
1
60
2
1
10
69
7
1
1
1
4
1
1
2
2
1
1
1
3
1
8
2
1
1
5
1
3
1
2
2
1
1
2
7
4
1
1
5
54
4
2
1
1
2
1
3
5
12
54
2
3
2
1
1
2
1
33
1
5
153
1
1
1
3
2
2
1
1
1
1
1
5
3
27
1
2
1
5
1
1
1
1
34
2
1
3
5
1
2
1
3
2
1
1
1
1
62
1
1
2
2
1
2
1
1
1
1
3
1
10
1
1
2
1
2
5
5
1
160
1
1
1
2
2
2
1
1
46
1
4
1
2
81
1
4
2
1
6
1
1
2
1
1
2
2
1
1
2
11
4
1
254
3
1
1
10
6
1
2
1
1
1
1
1
7
6
1
41
1
8
3
2
1
7
2
5
1
17
11
1
3
1
1
1
290
1
1
1
6
1
5
4
2
1
1
9
11
1
1
1
2
1
1
6
1
1
7
3
4
2
2
2
1
1
2
1
2
4
3
26
1
1
4
1
1
2
1
5
3
3
1
1
2
1
1
9
1
20
4
1
1
1
1
6
2
5
1
1
17
28
5
2
2
2
64
17
1
1
1
1
1
1
2
1
3
2
1
2
1
1
1
1
3
7
311
1
1
3
1
1
1
5
1
1
1
1
2
1
1
2
1
1
1
1
1
3
1
5
3
6
1
1
1
1
5
1
1
26
6
1
1
1
5
1
1
3
1
2
3
2
4
2
2
1
4
3
1
2
1
2
116
8
1
2
3
2
1
4
1
1
4
1
3
13
1
6
1
6
2
1
2
6
2
1
1
1
67
1
1
4
2
80
4
4
1
192
5
1
2
12
2
1
1
1
1
2
3
3
2
3
2
1
1
2
3
4
11
2
1
1
1
1
4
1
4
5
1
1
3
1
1
8
1
1
1
2
1
2
2
2
1
2
2
4
1
1
47
1
1
11
1
2
2
1
6
105
3
1
48
2
2
1
48
1
119
2
1
1
1
1
1
2
2
1
3
1
1
20
2
87
1
3
2
3
2
1
9
1
2
3
2
16
1
3
4
2
2
48
1
1
1
1
2
3
235
1
14
4
2
6
3
197
1
1
1
3
1
1
2
14
1
1
1
1
3
3
1
1
1
1
1
2
3
1
2
2
4
12
5
1
2
2
1
1
3
27
1
7
1
1
1
1
13
1
1
1
10
1
1
2
2
161
1
1
5
1
4
1
1
136
1
3
3
2
5
81
5
2
3
1
7
5
1
3
1
1
1
3
1
2
1
2
3
1
1
2
142
1
6
1
4
1
1
1
1
1
11
3
1
8
2
11
1
2
2
2
1
1
1
1
1
1
3
1
1
1
2
4
3
1
6
1
3
3
1
1
3
1
1
1
6
2
19
1
2
53
1
2
1
3
2
7
6
2
1
2
1
1
3
6
6
12
2
2
1
5
3
10
1
4
2
1
5
1
3
1
4
1
2
1
1
1
7
2
4
2
1
1
4
8
2
2
1
4
173
1
1
4
3
1
1
18
1
1
1
1
1
4
1
1
1
1
4
2
3
1
109
5
1
10
1
5
1
3
3
1
115
1
2
2
6
10
3
2
328
1
15
1
1
107
1
2
2
2
1
5
7
2
7
25
1
5
3
1
9
3
4
4
2
7
1
4
1
2
1
4
1
11
17
2
5
1
3
1
7
2
1
1
1
4
3
1
5
1
1
1
3
1
1
1
6
3
1
2
1
2
8
2
3
1
1
2
4
3
2
3
1
1
2
1
3
13
1
6
1
2
1
1
2
1
2
1
1
1
1
1
4
16
1
1
2
1
2
5
1
2
1
1
3
10
2
3
2
13
1
2
13
2
2
1
2
1
1
3
1
7
1
6
3
96
3
2
1
155
1
5
2
16
1
1
4
3
1
1
1
5
5
1
1
5
1
1
17
1
2
1
2
71
4
5
8
5
9
1
1
1
2
1
1
3
3
1
1
1
1
2
1
1
4
1
1
2
2
5
107
1
1
3
1
1
1
4
6
6
1
1
6
1
1
2
2
66
1
1
11
3
3
2
1
1
32
3
8
1
3
1
1
1
1
4
1
12
1
3
2
1
1
2
1
2
16
7
1
1
4
8
1
1
1
1
2
1
42
1
3
1
4
6
4
1
1
5
1
1
1
1
1
1
1
1
8
2
2
1
3
1
1
3
2
2
1
4
1
1
2
4
3
1
2
96
2
17
10
1
1
1
3
5
19
1
1
8
1
1
1
6
1
5
2
2
8
9
8
2
1
4
7
7
1
2
1
2
1
6
4
1
10
5
3
9
1
9
15
1
1
11
1
1
1
2
2
9
2
5
1
2
7
4
1
1
1
2
1
3
1
1
1
1
2
1
16
11
152
3
1
1
5
15
5
6
16
4
3
4
8
6
1
5
2
4
1
2
34
1
16
3
1
2
3
1
20
5
1
5
23
1
2
10
1
8
2
1
1
1
1
2
1
1
1
2
6
1
4
10
26
1
1
3
1
1
1
1
3
98
2
7
1
2
27
1
1
5
8
4
1
7
1
86
8
22
1
1
1
2
1
2
6
4
3
3
1
1
3
6
1
7
2
4
2
15
2
1
2
35
1
8
1
4
1
1
2
1
12
1
1
1
2
1
1
2
62
1
1
1
15
2
1
3
5
3
1
20
1
1
1
2
1
8
16
2
3
1
2
30
2
1
1
1
3
3
3
3
1
4
1
1
1
2
8
2
5
2
8
24
10
8
1
1
1
1
2
4
5
1
2
1
22
3
1
69
1
1
2
1
3
1
19
5
2
9
1
3
4
4
17
75
1
6
1
6
1
2
4
4
2
4
2
1
2
2
1
9
9
4
1
1
2
1
1
7
2
1
1
1
4
5
2
1
7
1
4
6
1
5
1
4
1
5
2
1
5
7
1
49
1
1
6
1
5
1
1
3
2
1
6
3
1
1
2
2
2
44
1
2
1
4
1
1
2
48
1
1
1
2
1
1
2
2
1
1
1
2
179
1
1
1
2
7
6
1
1
7
1
1
1
2
1
1
10
1
1
8
2
1
1
2
1
2
6
336
1
2
1
1
1
4
5
4
3
1
4
1
1
8
4
2
2
1
1
3
3
1
3
1
5
1
1
2
3
7
5
7
1
1
14
8
7
1
6
8
7
1
18
8
2
1
1
18
6
67
1
2
1
28
4
2
2
8
287
2
2
1
2
2
2
1
1
1
1
1
3
1
1
2
1
54
4
6
1
1
1
1
23
1
2
10
5
2
1
3
5
2
1
1
2
2
1
2
2
1
1
1
9
4
5
12
2
1
3
2
3
1
1
1
1
1
2
2
1
7
5
4
1
3
3
14
1
7
1
1
10
118
3
1
4
4
105
183
11
1
1
1
1
9
4
3
4
1
1
1
1
2
1
1
1
2
15
2
4
7
25
10
1
2
4
1
1
6
15
37
6
1
1
1
16
15
1
2
2
1
3
1
1
1
1
1
1
11
1
1
1
1
1
3
1
67
1
8
2
2
1
1
3
194
1
2
2
4
1
4
4
2
3
3
20
115
1
3
1
1
3
5
6
3
1
1
1
3
3
6
27
1
2
1
3
2
1
1
2
6
6
2
8
1
2
1
1
2
1
2
1
1
6
52
1
2
5
356
2
3
18
1
1
10
27
11
5
3
1
1
3
14
1
2
2
1
67
47
2
1
1
90
1
1
2
21
1
2
2
3
1
2
1
9
1
1
1
1
4
1
2
1
13
1
2
2
4
7
1
6
1
3
3
1
2
1
1
1
3
12
2
2
10
6
13
5
1
14
1
6
14
4
145
16
1
7
11
15
163
1
4
1
6
6
3
1
1
2
49
1
3
1
26
1
2
3
7
2
1
2
1
5
2
1
24
5
3
1
4
1
2
2
8
1
13
1
3
2
2
1
3
1
1
3
27
4
10
3
1
19
8
1
1
3
3
3
3
3
1
2
2
8
23
1
7
8
1
18
1
5
2
20
2
1
1
5
13
1
4
1
24
2
1
3
9
6
6
2
3
2
2
4
1
4
1
1
23
1
1
6
1
138
7
5
6
4
5
1
1
1
1
1
1
1
3
1
7
14
1
7
4
8
1
1
1
3
1
2
34
1
1
1
23
5
1
1
2
1
2
6
2
5
3
1
2
1
2
149
7
1
2
1
44
8
2
6
1
3
1
3
2
3
1
3
19
1
1
1
2
1
3
15
18
4
20
14
9
3
2
1
4
18
2
2
1
3
1
4
4
10
1
3
17
1
5
1
1
5
1
1
6
36
1
1
16
1
2
1
41
1
8
3
190
7
4
125
1
1
2
1
2
2
13
1
2
1
1
1
1
1
2
1
1
8
1
2
1
7
43
9
6
5
2
4
1
1
8
12
8
2
1
4
7
1
1
3
6
84
13
1
1
1
1
3
3
11
12
1
1
1
53
7
42
27
2
1
1
1
5
2
3
1
3
4
2
12
1
1
1
6
2
8
1
3
3
9
4
7
2
8
3
1
2
2
33
3
2
1
16
1
8
77
6
3
4
1
2
3
3
1
38
1
6
1
3
65
7
5
7
1
1
30
5
2
7
4
1
1
1
2
3
2
3
13
4
15
1
1
3
3
1
1
7
1
9
1
1
21
2
1
1
3
1
1
10
5
2
4
1
1
45
2
6
8
2
12
1
2
12
3
10
2
13
6
1
5
6
12
1
3
8
4
3
1
2
17
1
14
1
184
5
35
2
30
8
2
1
8
1
2
5
25
1
27
2
5
7
9
1
10
3
5
4
1
219
2
13
1
20
2
7
5
127
8
67
2
1
1
51
2
1
5
6
7
4
1
1
1
2
1
1
22
7
2
4
23
7
10
3
3
3
12
3
5
4
7
2
3
3
2
1
3
6
7
2
1
2
2
5
2
1
3
29
2
3
1
2
1
2
1
8
6
12
1
1
4
12
1
1
1
4
7
2
19
1
3
15
1
2
5
4
1
6
4
2
3
2
4
1
3
1
29
5
6
3
3
1
1
1
7
2
10
1
2
33
91
1
4
5
5
1
4
2
45
1
24
11
1
1
2
1
1
1
11
1
1
4
2
1
4
10
2
16
11
1
2
5
5
11
1
1
116
2
3
1
1
6
2
15
3
1
1
7
1
2
1
2
1
1
5
17
1
1
1
2
156
3
1
10
3
1
70
11
5
1
4
1
1
18
1
1
7
2
1
5
1
3
8
4
5
1
4
1
6
1
16
1
2
3
5
3
1
1
16
4
9
17
1
1
68
12
9
155
1
1
7
3
5
4
1
1
4
14
3
1
1
23
24
1
1
12
1
3
33
10
1
21
9
2
2
4
25
9
1
4
10
13
1
7
4
30
7
1
8
1
1
6
3
2
1
4
1
1
38
1
1
1
2
5
1
30
1
14
8
3
2
11
1
4
3
47
243
1
2
1
9
2
37
1
1
1
1
17
11
2
2
9
1
7
11
12
1
8
20
1
5
1
1
4
9
1
2
1
1
7
2
2
1
1
4
12
13
1
1
3
1
8
3
4
69
8
10
1
3
5
1
19
1
1
9
7
2
2
6
2
3
2
9
5
1
5
1
27
9
1
22
5
1
1
2
1
5
3
4
9
3
3
10
2
1
1
2
5
4
1
1
2
7
1
5
2
14
1
1
2
6
1
8
8
2
1
7
2
1
1
1
20
1
1
3
1
6
13
11
1
27
3
18
2
4
3
7
67
17
2
11
6
20
5
1
1
12
4
4
4
1
1
1
43
1
2
2
9
1
8
1
69
1
132
6
3
3
3
1
1
1
3
1
9
5
10
2
1
1
5
6
60
12
3
4
7
2
1
16
9
17
1
6
3
12
9
16
1
4
11
8
2
2
17
2
2
1
6
38
23
6
3
2
1
1
6
1
121
6
3
29
8
7
8
1
11
12
5
9
8
19
4
4
1
1
2
1
3
3
1
1
93
30
8
1
1
9
6
13
5
1
1
11
1
22
3
7
6
44
1
6
2
3
9
1
7
5
1
3
6
1
3
1
70
1
17
4
15
5
4
263
18
8
11
1
1
12
1
32
9
1
3
19
25
4
1
2
5
2
20
2
2
2
4
1
38
2
1
118
44
3
2
2
1
6
13
2
24
1
1
3
5
15
2
1
1
30
4
2
2
1
6
6
2
3
1
5
29
26
19
1
1
1
6
2
1
9
1
8
2
1
2
3
4
1
1
30
1
6
3
2
1
24
4
1
9
5
2
2
21
4
4
3
71
2
2
4
2
9
12
1
2
4
1
1
9
1
14
3
15
1
1
8
3
11
15
12
9
5
243
1
3
7
11
1
14
1
8
2
4
5
137
1
8
3
1
4
1
19
4
2
3
6
6
1
1
1
1
4
1
9
5
12
3
7
2
1
2
13
56
2
16
1
14
1
1
2
1
8
1
1
3
1
1
4
24
12
9
3
2
1
14
5
5
61
13
43
2
7
2
1
1
2
2
3
9
1
12
1
13
1
12
4
1
52
8
92
9
5
2
99
4
6
1
1
1
26
1
5
10
2
35
6
14
2
1
5
29
1
5
18
8
1
1
3
1
2
4
1
1
1
5
4
41
32
8
1
1
2
1
1
3
1
25
71
1
3
3
26
1
4
3
4
33
62
7
1
2
38
23
23
1
2
13
1
1
5
19
1
8
19
1
8
10
2
2
3
1
1
1
1
3
4
5
5
1
1
5
4
1
4
2
5
2
9
5
2
1
3
3
21
2
10
1
3
1
33
2
1
1
20
7
1
1
13
9
73
7
31
1
3
5
4
1
2
5
50
2
1
4
2
26
26
3
11
1
3
2
3
6
1
8
1
3
10
8
6
10
7
6
2
7
1
3
8
3
2
5
12
2
7
5
1
3
1
3
11
4
14
10
1
66
44
1
3
4
54
1
230
5
1
1
3
16
2
2
1
6
2
12
1
13
3
2
3
2
3
2
1
6
80
21
1
2
10
16
2
25
3
1
6
5
3
1
1
1
3
8
3
42
3
24
1
13
3
1
17
10
2
1
4
11
1
16
1
1
4
11
11
19
1
3
12
3
34
1
8
38
1
17
27
1
1
8
54
21
1
1
10
18
3
48
15
6
7
14
1
4
1
3
4
18
20
14
3
1
1
1
2
8
1
2
5
17
1
92
3
2
1
13
1
7
6
4
11
71
2
5
138
131
1
8
1
2
1
2
3
1
1
2
15
1
14
2
6
30
2
5
1
7
1
1
25
2
6
1
1
8
2
5
36
7
2
20
48
1
4
1
29
5
4
2
29
1
2
2
1
5
6
1
158
6
1
1
2
1
1
8
1
169
3
8
345
3
5
6
56
13
6
231
1
6
1
2
3
4
13
4
5
14
1
1
1
41
6
117
23
15
9
1
2
1
3
19
21
13
12
4
1
1
49
10
4
51
157
13
1
3
9
1
10
1
1
2
6
3
26
12
5
4
1
16
12
37
6
8
1
4
1
8
3
23
50
1
1
32
1
4
2
7
12
33
1
15
80
11
1
2
7
1
1
1
2
32
31
1
5
1
3
15
63
17
1
1
7
2
1
2
3
2
8
2
13
1
41
1
3
19
7
3
1
6
1
8
47
10
3
2
4
126
2
2
1
29
8
23
1
24
1
4
4
15
2
4
2
8
13
18
1
88
6
12
10
4
14
2
10
8
27
95
3
1
15
9
16
1
4
2
11
12
44
7
5
5
43
5
3
11
1
3
2
1
4
2
4
6
5
3
12
16
9
6
2
6
22
37
1
3
3
1
2
3
7
3
3
2
1
6
7
6
8
15
43
24
8
9
2
4
72
1
4
1
54
4
57
2
8
18
1
4
1
26
1
85
10
1
14
2
3
3
2
1
18
46
1
1
241
7
19
27
2
1
26
5
1
11
19
14
3
53
1
55
2
15
55
3
2
6
1
6
4
2
2
123
1
115
3
1
2
1
5
1
3
37
1
1
5
8
111
3
2
15
1
5
1
1
20
1
9
1
5
1
8
21
1
6
135
92
6
2
6
1
80
113
21
32
15
34
10
12
1
2
117
8
19
28
7
6
28
6
27
2
39
2
29
102
8
2
13
27
64
1
11
3
4
3
23
1
3
1
2
3
22
23
13
2
2
2
117
72
1
1
1
4
2
7
2
27
45
22
72
2
2
2
1
1
14
9
4
52
2
9
2
3
2
1
3
24
46
3
26
2
6
11
1
1
66
18
7
3
5
29
10
85
4
24
5
57
3
5
1
8
242
2
1
2
71
4
17
4
49
28
2
48
1
1
2
2
30
6
1
81
6
6
2
2
2
2
18
9
48
1
1
84
32
27
19
4
76
26
4
2
2
64
1
19
1
6
2
2
7
3
4
4
57
51
2
15
2
3
1
145
87
4
11
29
1
41
9
4
2
2
26
1
35
18
1
4
1
1
10
6
1
66
5
11
6
1
9
9
4
9
8
6
36
2
14
5
2
2
1
1
23
4
4
25
23
5
3
60
19
4
14
1
1
6
4
2
15
1
1
6
8
12
11
1
1
3
12
75
6
65
7
13
4
162
15
8
64
2
5
5
30
43
49
22
4
10
5
2
16
2
4
15
15
121
3
27
4
7
10
1
1
100
38
28
1
83
1
12
11
1
4
18
1
16
16
1
6
31
1
32
1
5
2
52
35
6
2
12
34
1
4
7
30
69
3
1
50
2
4
2
1
40
1
36
2
2
3
3
5
1
13
3
4
6
1
1
6
13
1
13
14
11
18
17
1
1
2
3
54
1
3
1
20
5
1
5
17
18
73
7
1
1
26
3
12
3
1
57
3
8
1
30
61
4
9
2
1
7
57
1
8
9
2
2
31
6
1
4
3
13
5
26
14
4
15
64
11
6
1
35
30
7
2
1
2
24
1
2
85
19
1
3
1
11
12
2
19
11
118
12
3
87
115
2
3
2
61
20
1
28
7
53
7
1
31
3
7
2
1
20
1
7
15
20
187
4
5
12
1
6
18
16
2
4
18
9
19
5
1
3
5
4
4
5
2
83
11
2
2
2
3
70
17
4
4
20
18
33
14
1
35
12
9
1
5
18
5
2
27
3
70
1
3
5
29
7
7
1
4
9
1
50
4
60
24
5
6
2
65
1
10
15
5
6
7
2
35
6
12
4
1
4
1
14
7
2
1
34
3
7
69
22
1
3
21
2
2
19
1
16
6
7
7
17
1
18
1
39
1
34
16
57
29
109
3
49
17
31
1
10
18
27
2
1
94
22
18
30
30
6
1
2
45
20
1
3
1
16
1
19
1
1
2
32
1
38
20
9
11
37
47
5
1
1
3
4
1
2
4
3
1
6
4
1
2
48
4
261
2
1
10
2
4
1
20
1
22
50
95
3
4
13
28
1
86
24
6
6
3
2
6
2
25
1
1
1
5
5
6
96
2
1
6
4
74
25
3
4
12
5
6
3
1
5
13
2
2
1
23
1
2
15
9
1
18
24
25
3
26
11
1
74
1
20
12
35
2
1
34
1
3
27
1
8
4
14
13
1
1
19
2
117
4
2
9
61
17
1
20
114
76
9
41
2
11
1
22
17
4
48
6
1
6
54
2
1
4
3
45
5
10
14
2
11
4
14
5
17
2
12
26
5
3
5
1
18
2
87
4
30
1
2
13
1
5
6
9
1
27
10
1
1
32
1
3
22
12
16
91
2
2
69
92
35
5
15
1
1
29
10
3
2
2
1
1
11
2
2
64
1
149
2
2
6
1
8
39
18
1
8
17
104
22
18
7
4
126
1
5
97
37
14
21
2
9
1
15
1
79
4
9
33
1
20
58
6
4
5
43
7
180
1
2
6
20
9
4
18
90
3
1
7
12
39
22
243
2
20
109
1
13
165
23
1
7
79
1
2
116
20
1
3
23
1
5
5
32
16
1
5
6
70
19
1
18
361
9
2
83
6
1
9
124
2
1
4
18
33
34
2
12
17
9
13
24
23
4
3
3
22
85
3
1
198
17
118
22
45
3
16
6
11
1
10
2
120
24
15
16
13
33
68
3
67
16
75
32
18
9
2
99
5
76
3
3
14
3
82
1
18
17
91
6
10
1
1
55
1
36
2
7
126
19
1
1
9
23
85
2
77
21
1
96
38
6
6
3
1
2
41
37
23
3
6
68
9
22
3
1
2
6
2
1
7
1
24
25
1
1
24
27
41
1
100
8
126
12
42
25
101
1
13
13
1
2
6
7
7
1
11
75
81
2
4
1
6
17
3
5
22
2
15
1
2
15
4
19
161
1
60
98
6
69
4
6
15
1
93
1
1
8
4
185
2
2
6
4
60
10
2
1
5
3
28
49
3
34
51
9
2
6
2
43
40
6
149
1
107
90
6
3
1
1
8
5
1
11
1
3
191
100
34
3
114
9
10
1
8
116
9
9
10
1
1
4
193
19
2
3
13
7
2
37
5
86
31
1
8
2
33
226
15
16
20
3
1
11
18
212
4
31
3
40
1
2
34
9
66
10
1
1
9
78
4
2
3
5
57
6
7
29
2
6
4
6
4
4
1
25
1
6
285
1
2
16
9
51
1
8
8
5
134
13
6
20
1
13
1
1
3
35
26
1
22
10
16
9
4
7
254
3
36
1
2
1
13
1
27
16
6
31
5
12
2
3
1
15
16
11
8
24
39
41
9
1
2
1
4
23
109
16
6
2
14
2
5
9
42
42
44
20
5
58
5
1
2
1
2
49
7
80
3
18
5
80
3
4
1
14
6
18
22
5
1
6
1
24
26
4
1
13
1
3
4
2
2
4
2
59
35
4
10
8
3
15
2
11
8
284
150
6
4
3
2
28
1
12
9
15
5
2
27
8
112
79
11
5
116
44
5
2
166
115
1
1
1
3
20
6
24
3
14
1
4
1
7
9
1
15
2
2
38
6
15
38
5
101
15
11
37
6
50
9
5
9
39
32
17
3
1
2
3
12
5
2
14
4
5
2
1
1
48
65
153
23
14
10
21
6
6
1
9
5
4
66
53
7
78
4
81
57
26
6
16
4
10
66
25
64
8
1
19
2
32
26
42
70
23
104
41
8
13
4
23
2
18
1
1
46
14
38
1
92
2
31
1
25
1
11
4
2
63
7
282
5
21
12
6
2
86
26
4
38
11
21
20
15
19
14
1
1
5
26
9
14
1
25
1
2
6
13
20
19
16
22
3
25
1
109
5
22
1
16
16
30
3
1
4
25
10
55
43
18
2
22
24
13
5
298
16
11
1
32
1
32
1
1
3
5
3
4
2
106
13
16
6
2
33
18
3
9
32
3
1
19
91
1
33
9
84
5
15
57
21
10
6
5
1
4
7
3
1
10
6
6
2
5
59
1
1
11
5
12
71
13
6
2
1
11
48
8
3
1
113
12
8
4
164
5
27
4
27
1
13
1
3
36
70
31
164
30
12
62
5
3
7
2
37
78
1
70
3
66
5
2
11
2
4
11
7
51
79
29
15
5
10
17
49
22
11
18
2
8
3
23
11
18
26
47
6
1
79
4
8
2
40
8
1
10
1
2
2
8
17
10
6
103
4
10
120
12
50
41
1
45
17
1
72
9
9
5
43
1
12
10
19
3
5
3
12
13
16
25
37
3
1
1
24
2
1
14
3
78
4
13
14
55
1
7
4
2
39
49
2
8
4
3
66
16
28
5
18
8
47
120
5
46
3
29
53
13
39
12
1
7
31
94
14
31
20
9
6
36
3
14
6
30
111
37
63
57
5
3
5
8
1
65
1
12
35
24
3
33
20
21
34
18
192
11
57
75
10
95
75
43
80
1
6
2
18
3
11
55
16
1
9
1
1
5
14
3
11
20
3
71
2
13
31
7
16
10
27
1
10
56
6
4
4
1
1
8
9
36
60
9
5
3
5
7
46
2
77
2
14
7
4
12
137
45
5
28
34
13
1
1
8
43
12
3
11
5
12
8
3
1
1
19
20
6
3
3
8
16
20
1
10
79
6
2
13
130
2
94
101
1
7
9
3
67
80
2
5
26
30
39
1
3
23
28
83
1
26
43
5
14
7
11
7
50
6
1
43
4
26
1
11
7
95
106
1
3
5
104
11
15
12
4
37
15
72
48
14
23
65
31
39
48
2
88
23
11
14
5
13
89
42
17
12
1
29
60
129
31
5
2
40
20
21
10
2
9
1
31
5
28
3
1
61
39
76
1
18
27
4
29
116
46
1
63
14
44
9
20
19
17
11
37
2
130
89
4
29
115
7
2
11
20
13
47
33
10
44
2
13
13
2
1
37
92
22
20
9
8
24
19
12
276
58
21
36
35
3
10
45
33
4
11
9
4
6
37
10
4
109
8
94
33
54
12
69
48
9
30
33
13
34
19
2
19
32
30
63
124
14
64
21
5
3
1
19
65
1
84
40
1
36
17
12
283
1
21
30
34
57
8
10
11
17
100
10
216
4
1
1
14
38
187
25
153
13
6
2
67
39
2
27
26
15
38
44
14
18
10
35
2
7
53
7
14
8
16
14
55
19
17
36
1
5
17
25
3
62
2
7
9
10
14
36
1
11
44
2
36
11
2
64
35
55
47
55
44
24
102
8
5
2
1
12
17
44
4
30
69
2
47
2
3
5
3
24
4
23
6
3
9
50
79
6
85
64
31
13
124
61
40
21
13
29
13
4
11
2
62
74
75
64
35
31
32
11
36
54
45
36
2
86
21
75
10
28
1
8
19
13
215
5
10
43
341
53
8
7
49
1
9
4
81
56
1
271
121
4
17
9
22
92
12
9
13
63
118
1
54
3
2
19
2
1
42
22
8
11
35
3
62
10
146
63
4
126
60
107
183
22
4
96
21
10
8
55
1
21
44
12
3
87
197
18
106
65
137
26
2
81
70
88
32
44
7
4
130
2
8
20
3
14
3
2
13
17
4
5
5
37
7
123
184
10
58
2
7
1
154
21
52
37
15
6
34
133
63
87
1
6
2
7
141
23
7
16
4
2
40
12
27
49
5
34
238
13
61
7
56
45
55
19
373
27
38
7
29
58
64
16
48
8
73
112
1
13
5
13
195
26
11
11
22
19
16
5
77
17
31
41
76
51
288
6
77
6
22
74
58
20
41
18
89
