12
1
1
16
1
5
1
3
4
1
20
11
1
2
1
14
4
1
3
1
2
2
1
23
1
3
1
2
1
3
1
11
1
1
7
2
3
2
1
1
5
5
2
2
1
7
7
3
13
6
6
5
5
1
1
3
28
15
18
4
1
1
5
3
1
4
2
4
1
2
7
2
1
2
11
1
1
1
19
2
2
8
2
45
1
2
23
5
7
4
1
1
13
1
10
6
17
16
2
1
1
9
11
1
5
2
7
2
1
2
1
1
34
47
51
3
2
7
2
5
1
37
9
42
1
4
2
2
1
2
1
3
2
14
1
13
1
16
7
9
10
2
1
47
1
19
58
1
39
5
5
14
21
1
1
6
6
8
26
1
2
2
20
9
1
10
9
1
1
5
12
8
6
11
1
1
1
3
28
8
3
2
2
1
4
2
43
16
4
3
1
1
5
1
17
39
7
23
32
6
3
28
10
2
2
1
26
23
2
20
2
13
6
4
4
13
4
24
1
1
29
4
13
1
12
10
7
14
11
1
1
2
25
4
11
1
8
16
1
1
4
6
15
1
8
4
8
2
15
3
7
1
3
7
16
1
18
1
1
16
2
3
1
1
2
11
32
1
6
1
4
1
1
1
18
13
2
13
17
2
1
4
46
1
1
10
27
7
8
20
2
2
4
13
4
4
11
1
2
5
2
12
3
68
6
1
30
2
3
9
1
7
30
16
1
39
1
1
1
6
1
1
1
27
1
18
3
2
6
1
15
4
6
2
5
11
1
2
2
10
10
6
2
1
6
2
5
1
2
1
1
9
2
3
6
20
1
3
2
1
1
6
6
1
1
21
24
1
3
10
4
1
1
5
7
2
25
4
2
1
8
13
1
1
4
9
2
2
6
7
4
1
16
36
2
3
2
2
1
6
1
2
6
1
1
1
1
4
1
1
2
4
1
2
5
17
6
11
2
1
3
36
2
1
19
4
3
2
1
41
5
2
5
3
1
1
6
10
1
7
22
10
1
3
3
6
3
29
13
3
1
2
13
26
3
1
4
3
2
2
25
6
3
5
3
3
3
2
2
8
20
5
1
4
3
1
4
2
17
9
23
2
15
2
4
8
3
13
1
5
4
2
3
28
32
5
5
2
2
38
2
1
1
5
1
4
2
1
11
1
14
7
13
3
2
2
3
1
7
3
11
3
4
3
2
2
26
4
4
3
19
4
1
4
1
7
1
1
2
8
1
1
1
3
2
2
25
4
2
1
1
2
13
5
1
1
15
1
17
1
3
1
1
3
3
1
23
1
22
3
53
10
22
2
4
24
41
11
1
3
1
1
2
1
2
3
1
1
2
1
1
3
2
3
7
1
9
3
1
20
2
3
2
40
3
27
3
28
12
5
2
10
34
2
2
2
36
4
1
2
31
2
6
16
1
9
18
5
2
7
1
2
2
2
3
1
8
2
3
4
1
8
4
37
1
3
2
5
2
6
7
65
2
5
1
18
2
3
5
1
1
4
5
2
1
2
13
1
5
15
1
4
1
2
14
10
3
42
4
1
1
11
8
20
27
3
26
1
2
2
1
8
1
14
5
17
9
2
1
2
2
6
64
13
1
5
5
11
4
28
1
3
1
24
1
1
1
2
1
1
4
4
1
3
48
2
8
1
4
2
4
31
2
2
8
4
11
4
4
4
3
1
2
1
6
1
6
1
1
22
1
3
7
8
19
14
11
2
1
1
2
6
2
1
6
1
22
14
1
3
1
4
2
18
2
6
1
5
1
3
8
4
7
6
2
6
1
2
2
1
5
1
9
38
5
2
18
1
1
2
1
2
21
5
1
1
4
1
1
1
3
1
1
7
1
10
2
29
3
1
9
2
2
3
2
4
2
9
2
2
2
1
2
2
9
3
4
51
7
1
34
3
2
26
1
4
1
2
2
7
3
2
19
12
4
1
7
5
2
1
3
3
14
1
2
1
2
1
2
11
4
8
1
1
2
4
5
3
10
2
2
8
2
13
19
20
2
1
39
1
2
1
1
1
2
2
2
14
12
52
21
2
4
2
8
2
1
2
6
6
5
3
2
4
3
7
38
1
2
3
10
7
3
62
42
3
11
3
2
30
2
13
1
7
3
1
12
1
37
1
4
1
3
2
2
17
23
9
2
6
1
7
2
2
6
3
1
5
3
2
26
5
2
2
2
2
1
1
3
1
9
3
9
20
1
1
28
8
1
1
1
1
1
3
1
3
12
1
11
9
1
1
1
7
2
7
28
13
3
1
11
1
2
5
1
1
4
3
5
2
1
1
6
2
2
1
3
1
2
5
1
2
3
34
14
1
6
3
19
3
1
2
1
9
1
13
4
8
1
3
18
3
1
6
4
5
1
2
1
2
2
2
3
1
3
3
1
1
2
2
1
6
7
6
3
2
1
2
2
3
3
48
1
5
2
1
15
3
3
11
9
2
1
3
1
4
2
2
1
2
5
1
3
2
1
2
4
1
7
25
1
1
1
1
1
1
4
5
4
1
29
1
1
3
2
12
1
5
4
1
6
1
45
1
11
5
1
12
2
2
48
34
2
1
9
2
17
1
3
1
2
23
3
13
2
3
1
7
1
1
1
2
1
4
2
7
5
1
4
1
13
5
1
7
2
2
27
1
7
2
4
4
5
8
2
20
2
1
1
4
31
6
5
9
20
6
1
1
2
7
7
11
1
3
2
10
3
3
10
1
2
4
2
3
1
3
1
1
32
11
5
1
6
9
3
1
9
1
2
21
1
12
1
2
2
16
1
7
1
5
1
9
10
18
1
1
5
4
11
5
11
2
16
6
5
53
3
2
7
6
1
5
26
9
3
4
27
24
33
2
2
15
4
1
1
3
1
7
6
4
5
2
3
1
15
2
2
2
32
1
1
2
4
14
9
2
3
1
3
4
2
1
4
1
2
26
5
1
2
36
8
6
8
13
1
1
3
3
4
34
2
2
4
5
7
1
1
1
3
4
16
1
3
2
5
1
2
25
4
2
11
1
5
1
2
1
1
8
4
11
5
31
3
1
48
1
1
5
1
2
1
12
53
23
1
2
7
27
1
3
3
8
14
2
1
2
4
2
27
10
6
6
2
2
9
1
4
15
3
1
4
1
1
1
16
41
3
9
2
20
3
7
4
1
2
5
1
15
2
1
24
2
4
2
2
9
14
2
1
13
11
1
4
1
3
2
26
6
9
1
7
2
2
16
18
7
6
9
2
10
11
1
2
2
6
4
2
9
2
7
10
3
1
4
4
2
6
2
2
6
18
28
7
3
14
29
5
11
1
7
2
1
5
2
8
28
2
24
2
3
1
3
13
1
1
1
3
2
1
1
7
2
1
3
2
32
1
2
9
4
2
1
5
3
8
12
5
2
12
9
3
4
1
10
19
28
7
1
1
4
5
7
2
4
1
39
14
6
4
7
7
2
1
2
1
3
2
1
1
4
6
4
1
1
1
3
22
1
7
39
1
1
1
2
3
2
1
1
6
2
1
6
9
2
3
1
16
17
2
2
6
14
1
2
1
5
1
1
1
1
14
4
1
1
1
1
13
12
2
5
5
2
28
3
8
4
2
5
1
11
11
2
2
15
3
3
1
3
1
10
2
1
25
2
10
6
2
7
1
1
10
2
13
2
29
1
5
3
6
41
1
2
1
4
2
18
19
2
21
1
4
2
1
8
5
22
2
4
2
14
2
19
7
2
1
3
5
2
1
10
8
10
28
1
5
1
1
6
7
2
2
21
1
1
17
14
4
2
7
12
5
1
1
1
7
1
1
39
5
13
10
2
4
1
8
12
1
5
2
1
21
1
37
1
14
3
2
18
13
1
3
3
4
15
14
1
1
4
1
20
5
2
2
4
3
35
32
1
1
2
7
1
4
1
1
1
2
19
12
1
4
2
4
24
6
1
4
1
5
18
28
2
3
16
12
29
4
1
3
2
23
2
6
36
4
1
1
2
53
4
2
16
2
8
3
9
3
3
10
12
1
5
5
3
3
9
3
1
21
1
2
2
2
3
2
3
1
7
1
11
1
1
2
11
3
3
1
3
11
15
12
2
2
7
3
2
13
3
1
1
3
1
4
2
5
23
1
6
1
1
3
3
8
3
25
3
1
9
1
29
2
1
7
2
4
20
1
4
6
2
5
3
7
1
11
2
1
17
5
2
16
7
14
1
5
6
1
1
1
1
11
3
1
1
13
4
1
12
10
4
1
8
1
2
1
1
1
1
17
6
1
9
9
2
2
5
13
1
5
2
3
1
7
7
1
1
5
14
1
4
4
1
1
41
1
2
2
3
1
6
37
5
4
3
5
3
2
3
4
1
1
1
2
2
1
44
4
3
1
1
7
3
35
2
21
4
4
3
5
2
3
2
11
4
2
8
2
10
4
1
2
4
31
11
2
2
17
19
18
4
8
9
1
3
7
14
36
1
13
2
3
15
3
3
2
1
2
4
39
1
5
3
3
2
5
4
20
4
1
4
1
13
1
1
4
8
6
1
6
3
1
4
13
3
2
5
2
2
2
2
13
5
4
1
5
2
4
15
5
1
1
2
6
3
6
6
2
1
1
1
1
1
7
5
49
3
4
8
1
1
1
1
1
10
12
3
1
9
1
10
4
1
20
2
11
2
6
1
2
3
1
3
6
38
5
4
1
11
3
3
2
3
14
1
14
4
1
17
9
11
7
2
1
1
1
12
16
19
15
6
1
1
2
2
2
1
16
2
1
1
6
10
2
7
2
2
10
4
1
8
26
3
6
2
8
1
8
4
3
9
28
4
8
2
8
1
38
6
1
2
2
2
36
4
11
11
2
15
4
3
1
32
3
10
3
1
1
1
1
10
2
15
22
3
12
4
4
1
1
2
7
16
2
6
23
30
1
9
4
2
3
3
4
3
6
9
3
1
8
1
2
8
2
6
1
1
5
3
2
12
4
2
5
2
2
1
6
1
1
22
20
1
35
1
4
14
3
2
2
2
8
1
2
3
2
4
1
2
6
22
4
8
13
8
1
1
4
3
13
4
2
1
6
2
1
1
3
32
1
1
3
4
21
3
14
7
6
1
6
4
8
7
11
2
1
2
4
6
20
4
8
12
4
6
9
2
1
8
1
6
6
3
19
8
1
3
12
2
37
1
1
2
2
1
1
1
4
1
3
1
2
6
3
11
1
1
5
2
4
5
22
12
1
3
12
15
3
1
8
2
22
1
28
3
3
8
35
12
7
1
2
2
6
1
1
7
2
1
5
1
26
3
8
1
1
1
2
19
2
5
2
38
1
4
9
6
15
1
8
1
2
7
2
13
9
2
16
1
4
1
4
1
11
1
6
5
16
9
17
1
1
4
4
11
3
6
1
7
5
1
1
1
9
10
11
2
4
1
1
11
9
3
1
4
1
1
2
3
3
1
3
1
3
31
3
14
1
2
14
9
1
4
1
1
3
1
8
5
25
8
32
1
4
6
4
1
18
16
1
15
33
2
1
1
1
8
1
6
3
4
2
2
5
3
1
3
1
6
13
19
1
5
1
12
3
3
16
5
5
2
3
5
32
4
9
5
3
2
29
1
5
1
1
3
1
7
8
6
3
2
26
6
13
3
17
20
3
2
1
3
2
4
3
8
2
1
3
3
25
13
1
1
1
10
2
2
3
3
6
6
1
2
2
5
20
9
3
6
5
10
4
6
3
2
2
12
4
2
3
14
16
2
16
8
5
1
2
10
1
1
7
6
2
7
8
3
2
1
1
2
14
2
20
8
18
3
3
3
1
1
1
3
26
1
4
4
3
1
2
2
2
5
5
10
1
7
1
8
5
28
2
1
6
40
3
11
1
7
5
1
2
9
1
26
1
5
11
11
3
2
47
8
8
5
31
1
34
1
17
2
1
2
1
9
2
1
1
3
21
1
3
4
1
4
8
2
2
3
21
9
10
2
13
1
1
3
1
32
8
6
4
7
1
1
2
2
1
1
7
13
6
2
2
7
3
1
3
5
3
1
5
15
2
1
28
5
4
13
3
3
29
6
3
2
19
8
4
7
32
1
39
1
30
1
2
1
9
5
37
13
1
50
2
2
1
1
5
4
1
1
2
2
1
2
16
6
9
1
4
1
4
1
4
1
1
1
1
1
3
10
4
1
15
1
3
2
7
1
1
24
1
3
1
2
5
1
30
66
5
4
1
1
6
5
2
1
2
1
7
2
6
6
6
2
3
14
8
2
5
10
1
4
7
24
7
1
5
1
19
11
3
2
16
2
4
18
41
8
1
