5
17
3
4
1
1
2
21
1
4
2
1
1
7
2
8
2
2
10
3
2
16
2
1
1
5
1
4
6
6
1
1
7
1
9
3
2
3
1
8
1
3
2
32
36
3
2
7
16
1
17
3
12
38
4
7
4
4
1
10
2
14
6
1
1
1
2
1
2
3
1
3
26
1
1
2
2
3
2
2
1
2
1
9
8
1
1
1
7
1
27
2
1
4
3
1
20
2
1
2
35
6
3
2
3
2
3
2
2
2
1
2
4
1
19
2
2
2
1
2
1
1
1
3
7
2
2
1
2
3
25
1
5
4
1
2
2
30
11
8
5
11
4
2
1
2
3
10
3
71
5
3
1
14
5
1
1
3
2
6
10
6
12
1
7
1
12
1
14
7
30
9
15
1
5
1
2
4
1
4
6
1
8
4
4
30
1
1
1
1
5
8
1
4
1
1
4
1
1
3
5
14
13
1
4
1
9
2
2
3
3
1
1
9
24
21
9
3
2
2
2
1
1
6
5
4
9
1
4
2
2
7
14
21
6
4
1
7
7
5
2
1
1
1
3
6
4
1
5
1
7
8
1
3
3
2
16
3
7
2
2
2
1
1
9
3
2
2
24
6
10
1
1
11
2
9
1
15
2
1
1
2
8
3
9
1
2
6
1
9
1
6
2
1
2
10
2
4
10
2
1
1
2
1
1
3
11
7
6
1
3
1
1
27
1
15
10
1
10
5
4
4
5
2
10
1
2
1
3
2
1
1
18
1
2
1
1
4
3
7
6
19
20
6
4
1
17
8
1
1
2
1
4
1
6
2
23
2
5
1
2
1
8
1
1
9
1
8
3
4
3
21
1
1
1
1
1
6
2
15
3
4
1
1
6
3
1
3
4
1
14
7
21
1
5
5
1
2
2
1
1
3
9
1
1
12
1
1
6
1
1
1
3
3
7
13
12
5
5
1
21
3
1
3
1
2
2
2
1
1
2
1
2
4
4
1
7
1
2
2
19
7
4
3
15
1
1
2
4
3
3
6
4
2
3
1
3
1
35
7
2
2
1
2
8
4
9
2
1
9
4
4
11
1
6
2
12
5
4
1
5
15
18
3
13
27
32
10
19
6
2
1
1
3
1
16
5
1
1
4
2
3
3
1
10
1
2
2
15
3
1
2
1
7
7
3
2
3
3
4
15
1
1
4
4
8
4
23
2
1
3
4
2
1
29
16
3
5
1
2
8
1
8
4
1
16
26
1
12
5
3
6
2
1
4
1
1
3
5
7
1
3
4
5
3
4
17
3
6
4
1
8
1
2
4
1
67
2
4
8
2
12
18
1
1
1
8
10
2
15
23
1
19
1
3
3
1
1
1
2
1
2
2
1
17
2
1
4
1
2
11
2
5
1
2
1
6
3
1
1
1
10
15
1
2
3
1
2
4
1
1
1
8
1
3
7
12
3
1
10
2
3
1
6
1
4
3
6
1
1
20
29
12
2
1
7
1
10
1
2
2
43
27
3
7
2
2
17
10
7
2
3
17
47
3
2
1
2
5
2
5
2
41
2
9
1
3
7
1
1
42
10
2
43
2
8
2
15
7
4
2
2
7
1
1
41
3
14
3
21
1
24
2
1
2
5
4
2
1
1
8
17
1
1
15
2
2
4
2
1
10
6
7
1
2
2
11
1
2
1
4
3
12
1
3
3
1
1
2
9
4
14
1
30
1
3
4
11
1
8
3
3
3
8
22
1
14
10
23
17
2
7
15
6
1
1
2
2
3
40
4
4
2
4
4
5
2
3
5
10
23
1
2
10
2
2
1
5
1
6
2
8
1
2
8
10
4
11
1
1
8
3
3
3
1
1
3
13
2
2
5
1
1
3
2
8
59
11
1
3
1
1
6
21
18
32
2
2
5
3
11
4
9
3
1
18
2
3
1
3
15
17
10
1
1
4
6
2
4
5
2
3
3
2
2
1
3
3
2
1
5
36
4
1
5
6
4
15
6
14
1
1
7
1
16
3
2
2
3
8
3
2
3
1
24
14
1
6
1
4
1
9
7
2
4
3
6
4
5
1
3
13
1
4
1
62
1
3
12
10
2
28
4
13
23
5
1
1
9
10
4
2
16
50
3
10
1
7
5
8
8
4
3
2
7
2
2
1
3
7
2
1
2
16
5
1
2
43
3
1
8
5
9
3
1
4
5
2
1
21
4
1
1
1
3
23
16
3
2
1
1
2
3
2
3
1
6
2
9
5
2
16
5
2
5
8
8
23
5
7
8
25
35
1
1
1
1
1
9
2
1
1
39
5
4
9
2
6
26
29
5
13
6
7
13
1
6
1
2
4
2
1
42
1
6
1
15
10
1
7
9
1
1
1
2
1
3
6
5
7
1
6
3
5
1
4
7
8
1
2
4
3
26
17
2
3
1
1
9
7
2
1
1
4
29
2
27
12
2
1
8
1
8
1
4
1
1
2
2
2
1
1
8
1
1
4
4
1
2
2
17
1
8
4
1
1
1
2
8
1
1
4
2
2
3
5
1
2
15
1
6
8
1
36
9
1
4
1
18
2
4
3
13
3
1
7
1
1
9
1
2
22
3
2
4
1
4
25
5
1
1
2
7
29
14
8
8
19
13
15
1
1
21
4
3
28
12
1
20
13
1
2
2
2
22
13
8
11
4
2
3
2
3
2
1
4
2
2
2
1
4
2
1
4
7
38
1
1
2
2
4
3
7
5
1
4
5
1
2
8
1
1
1
1
3
2
4
5
18
2
8
1
2
4
1
1
3
13
14
5
1
1
6
1
3
8
17
2
1
1
1
1
2
17
6
1
3
2
2
5
3
3
2
2
6
2
12
32
2
4
5
1
2
2
9
5
1
2
3
1
4
20
3
1
1
1
3
5
7
4
5
1
1
6
1
1
2
1
2
19
4
3
1
1
4
6
3
2
12
1
3
2
3
2
2
2
1
23
14
1
1
2
13
16
2
2
4
4
2
2
1
1
1
3
2
7
4
3
2
1
2
4
1
3
6
2
2
1
5
18
14
1
3
2
1
45
24
14
3
3
1
1
4
1
2
6
1
12
15
5
4
25
2
9
3
1
3
1
1
2
21
2
1
1
1
1
21
1
3
4
19
7
4
36
2
11
1
2
1
3
6
3
2
2
2
11
1
2
5
5
1
1
14
7
1
1
3
3
2
1
4
1
1
21
13
1
2
6
2
1
12
1
3
1
6
20
2
2
2
2
3
2
13
11
1
30
5
1
9
22
1
2
4
15
2
1
9
1
35
4
1
2
2
12
1
3
2
2
6
21
9
1
2
41
1
2
1
4
1
1
4
1
1
2
21
1
6
5
2
1
5
3
2
1
11
2
2
5
18
2
1
1
25
7
3
6
10
11
4
2
2
5
8
2
2
15
29
7
2
1
3
11
2
1
2
1
12
3
1
3
6
2
3
9
6
1
1
3
1
1
2
7
11
3
24
7
1
3
1
5
2
9
4
42
1
1
3
19
3
15
3
2
1
11
2
3
2
2
7
2
2
1
1
1
3
6
8
2
2
3
9
3
7
1
1
1
5
1
2
12
2
3
2
1
2
5
15
3
1
1
2
3
2
1
11
14
9
18
1
9
1
2
1
39
13
2
1
1
2
12
1
13
1
1
4
10
1
1
32
1
1
5
15
11
1
1
4
1
6
1
6
3
10
3
2
2
1
1
2
5
3
15
27
3
1
3
10
1
7
10
5
1
5
1
1
6
11
3
3
5
2
3
2
6
17
1
3
4
2
2
5
20
2
2
1
2
1
6
6
6
4
1
2
1
3
2
1
2
2
1
1
15
3
1
3
2
8
1
1
2
1
4
2
4
1
1
2
5
1
4
1
1
3
2
10
1
13
5
2
1
3
1
19
6
1
2
3
3
7
2
2
2
1
4
5
1
2
2
8
4
7
2
8
5
8
23
8
1
6
3
4
9
1
2
1
3
8
1
1
2
11
1
7
20
80
3
3
2
1
20
2
3
3
2
1
3
1
25
9
1
5
1
3
23
4
1
29
5
8
1
26
3
5
1
4
2
1
1
1
4
1
2
3
18
11
1
1
1
2
3
1
5
2
36
1
2
4
11
3
2
1
3
6
25
1
1
1
2
1
3
1
1
3
10
3
2
3
6
1
5
1
1
3
5
8
10
2
3
4
2
1
1
2
2
1
19
1
3
2
2
6
3
4
3
9
6
4
10
2
1
2
9
4
7
1
8
2
3
2
8
2
3
1
6
7
2
36
4
7
2
1
8
1
1
5
1
1
1
2
2
31
1
5
2
3
2
2
32
2
41
6
1
10
29
12
1
57
2
1
2
1
2
11
9
4
1
7
1
1
4
2
1
3
1
6
58
19
5
2
1
2
8
2
1
4
1
1
35
4
1
4
2
3
4
11
3
2
20
1
1
4
3
1
6
1
4
6
7
1
4
1
3
1
1
2
1
2
7
1
2
4
13
3
2
1
4
2
1
2
7
2
26
3
4
3
2
2
2
5
1
2
4
1
2
1
2
11
7
3
1
2
3
7
5
20
2
2
10
6
1
3
1
1
11
1
36
2
27
4
4
2
1
2
1
4
4
1
8
2
6
2
1
1
7
10
1
43
2
1
2
1
4
1
2
13
8
5
6
2
31
6
2
3
2
2
2
2
1
12
3
3
1
2
12
1
2
25
1
4
7
2
2
3
1
1
1
3
1
1
12
1
2
13
2
10
1
8
1
27
1
38
5
1
1
2
7
3
1
3
6
3
2
4
2
1
1
3
49
4
7
1
4
5
10
1
3
1
1
2
1
7
10
6
1
1
6
1
4
1
9
5
2
2
3
3
3
1
6
2
36
1
1
3
1
1
2
1
1
3
1
1
1
5
6
1
1
2
18
10
2
2
5
2
4
6
20
1
5
2
4
5
2
1
8
3
15
6
1
2
4
1
1
5
2
40
2
1
18
13
2
1
2
4
1
1
1
3
11
1
7
2
5
22
1
11
21
8
3
1
8
1
1
2
1
1
9
2
3
1
1
4
1
8
6
1
25
9
2
1
1
2
2
5
2
16
4
17
2
3
1
6
1
12
31
8
6
6
1
8
2
12
4
4
2
2
1
21
1
4
2
14
1
6
2
5
2
1
1
1
6
4
3
9
4
1
5
1
4
3
3
2
1
1
9
5
11
4
4
2
1
1
2
6
2
5
2
1
7
16
5
32
3
1
3
2
5
1
28
3
1
2
14
1
1
3
1
18
1
21
11
8
9
5
4
15
4
7
1
4
2
1
2
14
2
15
1
1
10
4
1
27
6
2
2
3
1
3
3
10
11
5
1
1
4
2
2
1
1
1
2
1
4
2
50
1
2
6
2
10
2
2
1
1
3
1
2
4
38
1
35
9
2
1
12
1
2
1
14
29
3
6
10
4
11
10
5
1
4
1
7
4
20
2
11
29
2
1
3
1
1
3
7
1
4
1
9
5
1
1
50
2
36
5
10
2
4
2
2
1
1
4
2
4
1
7
1
4
1
5
2
1
1
3
4
12
4
1
1
1
2
1
16
7
3
1
2
4
4
1
1
1
3
1
2
5
15
1
1
2
4
1
3
39
3
2
11
2
2
4
1
1
5
1
5
8
15
1
32
9
11
2
2
1
2
11
10
3
2
1
1
5
2
7
9
7
11
8
1
17
1
1
13
4
49
2
8
17
4
2
4
5
2
3
4
3
48
3
1
7
9
2
1
1
4
7
2
10
9
5
2
3
1
1
4
2
1
4
2
2
12
1
3
5
1
1
3
1
2
1
44
2
2
1
5
2
3
65
6
2
4
2
3
1
1
1
2
7
2
17
5
3
1
14
22
18
7
1
8
3
11
5
6
1
3
1
8
1
2
28
6
2
10
6
18
24
1
28
19
2
2
8
1
14
1
41
2
4
5
2
21
3
1
1
11
