143
4
1
116
1
13
3
2
171
1
58
11
2
12
3
17
49
35
1
18
199
8
24
3
122
4
124
1
10
61
2
14
1
10
18
19
2
11
4
3
2
2
28
51
14
90
2
2
89
13
5
7
35
11
1
35
2
4
1
15
3
10
30
35
4
32
58
16
143
2
61
6
19
32
13
3
10
10
16
2
2
26
15
12
82
137
1
8
5
2
2
2
113
19
1
82
1
73
79
186
11
36
62
39
6
79
9
215
3
2
3
12
80
1
5
9
3
63
13
18
6
12
4
6
3
10
1
5
2
5
17
32
1
2
5
5
9
8
9
11
4
3
2
6
15
5
2
24
5
66
35
4
283
36
1
136
4
56
35
3
4
43
1
10
15
7
6
6
120
127
29
136
1
24
7
3
20
260
3
11
6
18
117
116
3
39
11
11
28
80
4
41
4
1
12
6
67
3
21
4
5
29
49
4
25
24
10
57
10
13
2
1
1
2
2
33
39
4
135
2
40
3
12
44
2
5
3
152
33
37
104
135
2
48
15
103
313
19
2
9
6
18
4
32
6
15
2
1
29
21
3
1
3
2
56
18
152
11
170
32
2
30
65
2
1
4
1
6
17
3
5
1
9
302
3
8
2
1
44
7
20
11
3
70
66
8
10
10
23
14
3
40
85
7
138
46
49
8
71
5
1
10
2
2
149
1
29
47
2
1
2
72
3
140
27
10
14
2
146
17
3
58
13
8
13
1
2
12
6
5
2
30
1
12
16
4
25
42
55
116
2
7
3
3
58
18
68
43
1
21
1
158
4
349
2
2
2
60
17
3
1
27
26
36
10
10
16
156
4
48
14
2
29
36
231
5
110
2
19
31
2
32
10
11
36
16
2
12
82
11
29
12
12
3
30
30
10
78
124
39
1
34
7
9
11
4
36
11
2
20
22
2
4
111
138
341
229
3
13
5
12
94
135
13
21
14
101
3
20
53
6
28
81
2
8
96
1
12
4
262
9
1
7
3
18
137
3
3
74
36
54
2
86
1
4
8
31
2
7
46
17
2
58
2
11
5
6
2
17
59
2
2
4
7
40
28
4
4
15
3
9
15
5
2
40
4
35
2
4
19
3
3
1
26
25
3
1
76
9
11
1
16
130
6
2
60
13
2
6
1
2
84
18
15
7
3
9
4
66
2
1
20
127
159
3
5
59
1
1
48
20
5
6
8
299
13
123
42
3
1
246
2
1
19
1
13
26
61
2
3
3
6
17
12
62
3
1
16
239
18
1
28
1
12
41
1
371
15
22
18
7
22
10
165
4
15
9
19
8
169
25
16
33
58
1
2
2
12
13
9
6
10
69
14
1
3
1
6
2
3
8
4
70
5
104
4
2
4
4
22
2
1
15
3
25
36
7
114
12
20
5
2
3
2
7
9
2
16
4
118
2
10
132
11
28
3
1
4
13
96
6
2
2
110
19
1
5
1
3
12
10
12
15
4
13
8
99
75
1
5
1
3
9
1
7
1
1
2
2
2
60
187
19
5
1
121
1
18
10
4
17
8
2
2
85
5
28
51
5
23
3
4
3
3
2
30
1
2
3
1
10
3
3
2
21
1
1
15
25
2
31
5
3
59
2
134
5
270
3
22
77
1
3
80
20
7
136
2
10
2
5
3
7
5
24
217
2
63
105
6
16
7
27
1
21
2
1
1
48
3
2
7
186
1
41
3
14
88
44
1
12
5
105
1
21
1
131
27
2
4
13
1
3
2
17
205
29
55
2
8
10
11
48
46
2
105
4
2
1
9
25
13
2
2
7
2
83
342
6
6
103
1
2
94
38
1
60
6
6
14
120
13
1
8
4
2
56
21
1
3
1
9
40
146
15
3
92
12
7
1
8
15
3
4
3
1
22
40
3
18
21
5
2
120
30
258
2
2
23
13
3
104
1
5
2
4
5
74
41
27
2
144
274
2
6
32
27
2
12
30
19
59
29
8
23
17
2
1
30
5
7
3
48
5
8
16
1
45
2
105
2
3
4
4
25
1
5
4
1
2
25
17
6
1
4
1
37
18
41
5
24
1
12
21
4
1
3
4
7
12
1
8
17
1
4
3
16
151
1
23
126
5
8
37
2
47
1
9
1
9
11
6
64
59
3
101
148
2
5
5
3
245
59
11
2
221
8
3
1
82
1
59
24
6
13
1
29
106
3
47
44
3
22
99
1
10
13
11
1
10
1
24
1
96
2
5
2
3
32
1
3
15
2
17
182
1
8
2
20
100
140
7
3
9
20
1
3
5
4
76
76
15
4
23
7
10
25
12
18
32
13
5
15
23
4
55
71
4
23
82
79
21
2
4
96
14
2
9
6
18
2
4
1
1
74
1
1
63
1
7
14
2
30
115
34
35
5
24
3
3
121
3
3
24
81
33
4
42
26
13
1
7
26
6
15
124
6
7
4
12
6
3
5
3
2
26
8
3
143
18
9
27
8
8
7
13
32
23
15
31
5
27
283
228
2
15
6
6
86
16
23
37
322
1
38
115
9
14
111
25
4
16
72
73
142
20
2
20
1
8
2
68
9
1
4
10
4
105
2
180
18
53
15
1
18
2
5
27
11
1
2
59
3
3
2
1
3
1
18
14
37
2
45
1
20
7
3
8
16
8
152
7
212
5
4
1
28
2
23
187
34
34
58
2
2
8
1
159
95
14
11
2
2
3
2
37
2
21
3
53
8
3
28
9
43
30
2
44
46
55
3
4
6
7
4
279
31
57
7
1
16
3
54
8
4
1
13
1
2
27
1
72
125
28
10
35
1
21
31
1
7
1
330
1
7
62
4
18
72
17
2
4
4
2
44
6
6
7
13
7
7
13
14
4
6
9
1
19
6
1
1
26
5
2
12
6
1
18
96
21
1
1
69
160
3
23
3
2
39
3
79
7
10
2
85
39
2
2
72
2
37
8
121
4
16
198
347
333
3
30
2
2
11
1
141
17
2
19
1
29
4
6
3
310
7
6
24
59
56
2
15
106
20
1
69
9
6
29
281
3
1
10
8
2
16
23
7
3
26
14
31
35
4
19
3
3
1
2
3
305
51
2
2
2
83
1
2
5
41
20
24
2
142
27
32
2
247
6
5
1
2
131
16
3
10
310
37
52
5
31
37
35
4
8
3
2
2
95
6
8
8
10
2
1
2
12
2
24
10
94
120
3
2
35
2
90
36
38
30
4
4
8
2
106
5
3
3
1
1
35
1
2
1
3
22
120
114
70
26
40
136
30
13
5
2
3
3
1
5
68
1
2
2
82
9
18
100
2
2
1
309
81
1
3
1
368
1
3
54
32
1
2
5
12
24
3
41
52
9
5
1
50
1
3
86
225
23
3
174
6
7
2
8
1
2
7
11
7
1
126
52
1
12
13
2
5
8
56
2
26
10
3
12
16
4
1
3
16
1
1
11
57
13
1
25
38
16
8
2
2
2
2
15
36
3
4
5
8
3
7
13
5
45
7
1
8
6
15
98
50
13
1
71
34
2
4
17
4
7
48
7
1
15
18
7
15
1
3
49
72
30
14
2
21
5
23
7
15
