1
1
51
237
8
2
13
5
14
267
64
2
125
40
3
113
20
4
349
7
127
8
3
1
2
65
28
8
69
172
5
13
14
66
11
1
14
7
2
2
1
5
48
21
39
9
8
93
53
36
60
1
166
167
23
63
3
1
19
6
4
323
16
2
2
15
1
7
160
93
10
401
14
11
1
79
201
33
4
65
8
12
68
5
7
6
45
3
68
122
46
27
11
1
1
37
98
81
18
21
2
207
6
11
133
38
12
11
98
3
36
44
6
13
15
1
12
1
16
33
417
32
2
26
72
30
47
10
3
12
1
22
1
24
1
5
82
54
12
2
16
26
6
43
9
65
4
64
13
12
37
1
66
2
8
15
31
28
103
8
3
51
20
1
10
11
2
14
2
8
73
7
83
127
32
7
1
2
34
9
12
4
231
10
23
6
138
58
2
95
23
3
159
39
28
31
86
2
42
22
76
16
14
61
133
17
1
34
53
4
49
75
56
8
8
79
249
209
143
202
39
22
20
178
9
76
11
53
165
1
28
3
1
225
54
13
96
175
12
6
9
2
2
65
66
19
17
39
26
156
1
37
1
37
4
38
43
9
10
9
4
11
20
16
2
1
8
63
134
1
1
15
6
293
178
13
3
37
16
6
207
10
43
2
4
1
22
344
213
50
65
21
6
49
181
1
4
2
4
118
31
1
2
62
1
7
1
9
16
33
12
18
3
1
15
19
1
3
2
4
23
4
11
22
73
22
3
2
12
91
121
8
9
4
41
3
9
2
60
3
29
241
141
7
1
12
36
1
12
1
5
3
91
5
50
17
174
56
22
1
1
69
32
7
6
4
1
15
5
11
12
1
1
18
1
183
30
1
6
2
14
12
34
49
6
3
4
31
82
6
1
24
36
42
171
60
4
118
10
2
1
6
8
7
73
22
52
186
3
4
17
61
1
161
25
16
6
11
68
30
1
21
11
2
109
2
1
304
246
1
12
10
15
1
18
11
60
3
3
2
40
49
34
23
14
83
64
14
1
16
20
12
24
63
5
137
37
3
190
15
96
146
106
1
5
2
4
55
113
60
3
13
9
9
118
4
2
44
153
54
1
16
28
103
11
20
5
12
43
22
41
13
3
282
29
12
92
17
9
43
1
23
25
123
40
1
23
63
32
5
56
19
34
8
6
54
1
4
62
49
26
5
11
9
3
1
5
2
37
21
8
76
57
100
15
53
188
52
38
7
2
14
1
9
14
75
10
208
42
50
77
125
1
1
6
46
3
11
17
16
127
59
219
30
20
51
22
2
368
38
34
72
57
56
2
2
4
2
19
49
1
349
49
6
62
41
417
247
7
2
224
3
215
16
2
38
1
63
8
31
3
4
1
3
6
59
1
9
13
14
1
12
3
3
15
16
24
12
17
19
84
14
22
31
27
90
8
18
11
25
4
10
8
63
10
3
13
3
27
17
42
14
5
212
4
4
11
16
3
44
72
119
6
4
4
50
62
2
1
13
11
379
82
12
7
5
9
201
16
1
125
22
63
44
7
9
9
17
18
14
131
9
1
354
363
65
1
1
1
4
3
277
7
27
81
242
1
7
12
21
24
1
1
30
3
8
1
11
4
59
2
72
3
3
19
82
24
4
4
5
27
286
1
43
8
6
4
21
8
13
8
5
99
2
8
56
2
80
96
1
31
15
3
8
21
64
2
10
3
40
6
13
54
3
1
11
91
41
45
9
55
66
97
8
134
74
73
47
9
68
1
8
3
22
81
60
4
43
98
8
94
1
35
12
1
29
24
22
5
2
47
3
103
2
3
24
1
191
3
1
44
15
10
5
102
4
54
30
2
41
23
11
187
481
10
61
13
11
3
35
2
1
154
191
122
51
8
6
1
61
72
2
49
16
1
1
7
172
9
2
75
22
14
1
14
6
1
46
5
3
18
2
133
15
13
92
28
1
10
4
5
12
10
1
21
18
1
4
9
2
1
1
128
43
1
1
23
1
32
3
27
1
2
1
12
2
1
3
7
5
6
255
13
5
28
50
10
11
325
58
2
1
1
17
17
13
3
65
2
2
41
5
4
16
1
4
5
208
2
209
4
20
77
42
8
197
76
34
14
6
5
4
39
3
15
2
3
1
32
16
6
1
5
17
5
2
99
1
1
62
73
11
49
3
37
21
1
1
3
1
8
23
30
11
22
22
16
39
5
29
11
30
1
1
4
2
99
34
5
10
8
80
5
3
11
1
33
24
4
30
113
31
1
1
379
15
17
7
17
19
211
19
45
44
11
2
412
40
36
4
99
21
4
47
34
3
29
37
22
134
2
9
2
2
1
9
47
128
1
92
6
7
2
38
85
2
6
142
33
131
43
17
113
262
6
10
25
17
30
1
6
7
23
7
7
2
12
136
19
1
1
6
3
3
16
26
16
14
44
5
7
42
1
1
1
6
11
1
3
3
56
30
27
70
33
10
41
10
28
24
25
326
379
5
58
30
1
14
6
34
85
1
5
11
48
34
10
10
3
13
7
52
1
36
137
40
108
1
46
39
49
155
38
9
16
106
1
5
55
4
18
34
36
112
1
1
1
1
1
1
1
1
1
1
1
1
1
1
1
1
2
1
2
3
1
1
143
2
1
1
1
1
1
1
1
1
1
6
1
2
1
1
1
1
15
1
1
1
1
1
1
1
1
1
1
4
2
5
4
1
3
3
1
1
1
2
1
1
2
1
3
1
1
11
1
1
1
7
3
4
50
1
3
116
2
1
2
1
1
1
12
1
1
1
5
1
1
1
1
13
1
1
1
1
2
2
1
1
1
1
1
3
9
1
1
1
1
4
1
2
1
1
17
1
6
1
1
2
1
1
15
8
30
4
13
2
2
1
5
1
1
1
3
1
37
130
134
2
1
2
1
13
1
171
22
2
4
1
58
11
6
1
2
1
7
2
2
2
12
3
14
15
3
3
1
27
35
2
17
3
49
12
35
3
8
16
1
17
3
18
1
1
1
3
199
12
8
7
24
2
6
1
3
4
8
3
122
2
1
1
1
1
1
1
2
3
1
1
1
2
11
1
2
2
1
4
2
1
42
3
10
21
5
1
1
4
1
1
1
1
1
1
1
3
2
1
1
1
3
5
1
1
1
2
1
1
2
124
3
1
1
1
1
2
3
1
1
1
1
1
1
1
1
1
10
1
1
1
1
5
1
4
1
1
1
2
29
1
2
1
9
1
1
2
10
61
2
2
5
1
3
1
14
1
1
1
2
1
1
1
2
5
1
1
10
8
27
1
18
3
2
1
13
1
1
2
6
1
1
3
1
1
1
1
19
2
1
1
4
11
1
1
3
1
28
1
3
8
2
1
1
1
8
1
12
2
211
1
5
1
1
1
2
1
1
3
2
1
2
4
1
1
1
1
3
3
1
3
1
1
1
2
3
1
33
2
7
8
1
2
7
3
1
2
1
1
1
3
1
11
2
1
1
28
1
51
1
1
1
3
3
2
2
1
2
2
2
2
1
13
29
58
1
2
14
90
1
2
2
1
1
1
1
1
1
89
1
1
1
1
3
1
2
1
1
2
1
1
1
1
1
2
1
1
1
10
1
1
1
2
8
1
3
1
1
13
1
1
1
2
9
2
1
1
1
1
5
2
1
3
1
2
7
7
1
35
1
1
4
2
1
1
1
4
2
1
2
11
3
1
6
19
2
4
2
1
1
2
4
2
1
1
1
2
7
1
1
35
2
6
5
6
1
3
1
2
1
11
1
1
1
8
4
2
1
1
5
1
1
2
6
1
1
15
4
19
7
2
1
1
1
23
13
1
2
2
1
1
1
3
8
1
1
10
1
30
4
1
2
15
35
2
1
2
3
1
1
2
4
32
5
1
3
1
2
3
1
1
2
1
3
58
8
4
16
1
34
2
3
6
1
1
1
1
1
7
1
1
143
2
1
3
2
8
1
1
8
2
3
8
7
4
3
18
7
1
30
61
1
1
6
19
3
1
1
1
30
4
8
1
4
1
2
17
1
32
13
1
1
1
2
3
5
1
58
1
85
2
1
3
11
1
3
7
9
42
7
10
5
10
5
3
16
17
2
133
132
49
2
2
25
1
1
4
8
5
1
1
2
1
1
2
1
1
1
26
3
15
1
1
8
10
1
1
15
10
1
1
1
1
1
7
7
1
3
8
1
1
2
1
2
1
1
1
12
5
1
1
1
82
9
1
1
6
1
5
1
2
1
2
4
1
12
42
2
2
137
1
4
4
1
1
3
8
1
1
6
12
1
5
1
1
2
1
4
2
4
2
1
1
2
2
2
2
3
3
1
1
2
4
2
1
1
1
9
113
2
1
7
98
19
6
2
210
2
1
1
2
1
1
82
20
2
2
1
52
1
1
1
2
1
1
2
6
73
1
1
2
1
1
1
79
1
1
1
1
186
1
6
4
43
2
2
1
2
2
11
1
2
1
1
1
9
17
11
1
3
1
1
36
4
3
8
1
21
5
2
2
1
9
5
62
1
1
1
2
2
23
39
1
4
2
2
1
1
3
1
1
1
2
2
1
6
1
79
4
9
1
1
3
1
1
2
1
1
1
2
215
1
1
3
2
2
2
8
2
1
6
1
4
3
1
12
1
1
7
2
1
1
80
1
1
6
3
2
2
1
2
2
3
2
23
1
3
1
1
1
1
1
1
1
1
3
1
22
1
3
2
1
1
8
4
1
2
24
2
3
1
4
1
9
2
5
9
1
7
1
1
3
1
1
20
63
44
2
13
1
2
18
11
1
1
2
1
2
6
1
3
1
1
1
1
2
1
9
1
1
1
12
1
3
1
4
1
1
6
3
10
2
1
5
1
1
1
1
2
5
1
2
1
1
1
2
4
1
2
2
2
2
1
2
1
3
4
1
1
1
1
1
1
1
5
1
2
6
7
1
1
2
2
28
1
2
1
3
1
1
1
4
1
8
1
1
1
8
1
5
17
32
2
2
1
1
1
1
1
1
1
34
18
1
3
2
1
1
1
1
12
1
1
2
1
1
4
3
1
1
1
1
2
2
4
2
5
1
1
11
3
1
3
1
1
6
1
5
5
1
1
1
1
1
9
1
4
3
1
1
1
2
1
3
8
1
9
1
3
1
1
1
2
9
11
4
1
1
1
1
2
4
1
8
1
10
1
3
1
1
2
2
1
2
1
2
6
1
3
15
3
5
17
2
6
3
3
1
1
2
235
3
1
1
2
29
24
5
1
5
1
5
6
7
7
2
66
35
1
1
1
4
283
4
1
2
2
1
1
2
36
11
2
2
33
1
1
1
1
1
1
1
1
136
4
2
18
6
1
15
5
1
56
9
35
1
1
3
4
43
1
3
1
1
1
1
2
1
1
1
4
9
9
3
10
15
7
4
6
28
6
2
1
1
1
1
2
1
2
99
3
6
1
120
1
1
1
127
8
2
6
1
2
2
1
29
1
1
1
136
1
1
2
1
1
1
28
1
1
11
1
24
7
3
2
1
1
1
3
2
1
1
1
20
260
3
1
1
6
2
3
4
3
1
11
3
1
1
9
2
1
1
2
1
1
2
10
5
1
1
3
6
18
1
1
1
2
1
2
3
4
1
1
1
1
1
18
6
31
117
3
1
1
116
1
2
3
2
1
1
1
1
2
1
1
1
1
1
1
2
3
39
1
1
1
1
11
2
1
1
1
1
1
3
1
11
1
8
1
1
1
1
28
1
80
1
1
1
1
1
1
1
4
1
1
1
6
5
1
1
57
41
1
41
2
1
1
1
1
3
1
1
1
1
1
4
2
1
1
1
8
1
1
2
1
2
12
1
1
44
1
2
6
1
4
39
2
1
1
1
67
1
3
1
3
2
1
1
1
1
3
1
1
1
21
1
3
2
18
4
1
1
2
5
1
2
29
1
1
49
1
1
1
1
1
1
1
2
7
4
1
2
1
3
1
5
1
2
1
5
25
24
10
1
1
1
2
1
1
1
1
11
11
1
2
2
9
2
2
57
2
1
1
10
2
1
13
12
9
3
1
1
4
15
7
2
1
1
1
1
7
8
1
10
1
1
1
1
1
1
13
1
2
2
2
5
1
2
33
39
4
135
3
2
2
1
1
1
1
21
40
1
6
2
5
1
2
1
1
14
5
2
12
3
23
2
1
1
8
2
12
1
35
44
5
21
47
2
15
2
2
1
1
5
2
1
3
1
2
7
1
5
1
5
1
1
152
33
2
3
33
7
37
2
10
4
1
1
6
25
3
2
2
104
7
6
135
4
5
7
15
1
6
38
6
2
2
2
13
48
1
31
13
15
4
103
313
19
2
9
25
1
8
6
18
1
22
3
17
1
4
2
32
1
2
4
1
1
8
1
1
2
2
3
9
1
1
1
2
3
20
9
1
1
1
1
1
1
6
11
1
30
1
2
1
15
1
1
2
1
3
1
2
1
29
4
2
1
21
1
2
3
3
1
3
2
5
11
3
6
18
1
4
2
1
1
1
5
1
5
12
2
3
1
1
4
3
3
1
1
2
1
3
1
56
1
1
18
2
152
57
7
11
1
170
1
5
1
1
2
32
11
2
1
1
3
30
1
1
1
4
2
1
1
1
2
13
2
4
1
2
1
1
9
1
6
5
2
5
37
1
65
1
2
1
6
1
1
1
1
1
1
1
4
4
1
4
6
3
5
2
17
8
1
3
1
8
2
3
1
4
12
1
1
3
2
5
1
1
1
19
9
1
15
5
22
8
1
9
1
6
52
5
302
17
6
1
15
3
39
6
4
2
8
3
1
2
1
1
2
1
1
1
4
3
4
1
5
1
1
1
4
4
3
5
3
4
1
1
2
1
12
81
1
44
3
14
1
10
1
7
3
3
2
1
1
1
20
1
31
31
60
4
9
21
29
10
8
11
3
3
10
8
16
1
2
3
4
1
3
16
1
18
1
1
1
1
1
12
1
1
25
10
1
2
29
1
1
1
1
3
1
1
1
1
40
18
70
66
1
3
54
8
10
2
10
23
2
2
1
4
14
1
14
2
3
1
1
5
1
1
40
85
57
7
1
4
1
138
46
8
10
49
45
8
1
1
2
1
71
1
2
5
1
1
1
3
1
3
1
1
2
1
10
1
1
2
1
2
3
11
5
8
92
4
1
7
4
3
14
1
23
1
1
5
1
2
1
1
47
2
4
1
13
3
1
1
10
6
40
1
1
2
4
1
2
2
6
1
1
2
3
4
149
1
1
1
1
1
1
1
1
1
29
31
1
36
12
2
1
47
2
70
3
2
2
1
1
7
2
6
1
1
8
17
1
3
1
1
2
6
4
2
1
72
1
2
2
2
3
1
140
31
22
6
1
9
1
1
1
2
1
1
1
1
1
1
4
1
27
10
5
14
2
20
12
162
8
6
102
5
3
1
1
3
1
2
1
1
146
2
1
1
1
17
7
1
2
2
4
3
2
58
13
23
2
8
21
1
1
3
1
5
2
13
38
1
1
2
1
1
1
1
1
1
12
2
1
3
4
2
6
1
7
1
1
4
1
10
5
17
1
12
3
75
1
1
2
2
1
13
30
2
174
1
1
14
1
3
1
3
1
1
1
3
3
1
5
1
3
1
1
5
1
1
2
1
1
1
1
2
2
1
1
4
12
1
1
1
2
19
17
16
34
4
25
3
9
1
30
1
5
2
5
1
1
40
42
55
1
116
16
18
2
1
5
1
2
6
14
7
1
7
1
1
1
1
1
3
3
1
58
1
18
5
1
1
21
2
7
1
68
1
4
1
2
4
21
1
43
8
5
1
1
1
1
14
3
1
2
2
1
1
6
1
1
2
1
2
1
1
1
1
3
12
4
21
15
1
1
21
5
2
1
6
3
158
4
1
1
8
349
2
1
5
1
1
2
1
2
16
25
6
14
5
2
75
1
2
1
17
12
1
3
4
10
60
1
17
2
29
5
3
2
4
4
1
6
5
12
5
5
2
1
3
3
27
1
26
36
8
10
1
10
1
1
16
4
1
15
12
156
5
3
4
3
2
48
1
1
51
1
1
6
1
1
1
1
3
1
3
1
4
1
2
16
1
1
2
14
1
5
1
7
9
1
2
1
2
1
6
29
13
1
1
2
2
20
1
36
1
1
1
1
1
1
11
1
2
15
1
231
1
22
3
2
2
1
1
83
4
61
9
1
5
1
110
1
1
3
11
2
1
19
17
97
2
1
1
1
6
1
31
2
13
1
2
5
7
32
1
10
1
4
12
1
3
2
2
1
4
1
1
1
1
1
1
38
1
1
1
33
1
1
1
1
1
7
3
1
1
2
7
11
1
36
1
1
1
16
3
1
1
2
33
12
82
1
1
1
5
5
11
5
5
29
12
3
12
3
30
2
8
1
4
27
4
30
16
10
78
1
6
124
2
72
1
1
1
1
1
1
1
17
2
2
3
1
39
1
3
1
1
1
1
2
34
1
1
1
1
1
7
4
9
1
11
1
1
9
1
1
1
1
1
1
2
4
10
22
36
7
11
2
27
3
14
4
3
2
204
2
1
1
31
20
4
22
1
2
1
5
4
19
111
27
10
1
4
39
15
5
1
1
2
6
1
138
6
2
1
1
2
1
341
229
1
2
4
1
3
3
2
1
5
2
1
3
13
5
5
8
1
1
1
12
1
1
2
1
13
7
1
1
1
94
1
31
26
3
2
6
3
1
2
1
28
13
3
13
1
1
1
135
13
7
17
6
1
21
1
2
1
4
1
2
3
14
5
34
40
2
10
1
10
34
1
4
6
9
101
7
5
1
3
1
1
20
7
53
14
2
6
1
22
6
1
2
1
28
1
25
81
13
24
30
2
1
3
1
1
3
2
1
2
2
3
8
18
55
1
1
3
1
2
12
8
2
1
2
1
2
4
96
4
11
2
1
3
1
1
1
20
1
8
1
3
2
1
1
12
24
1
1
3
6
2
1
7
4
2
8
1
1
1
25
26
10
1
1
4
5
12
4
1
1
1
2
35
1
5
1
1
1
1
14
6
2
1
262
2
42
1
1
3
10
2
9
1
46
7
1
7
3
12
3
1
1
1
1
1
2
1
18
26
1
1
3
2
137
1
3
1
4
3
1
18
1
1
1
1
1
1
4
6
1
1
3
1
1
1
7
4
1
74
3
1
1
52
41
1
36
1
1
1
3
1
28
54
1
23
3
2
6
5
1
4
3
9
3
2
10
10
2
1
2
1
86
2
8
2
1
29
6
3
2
1
21
2
3
2
22
16
34
1
1
1
1
1
10
1
4
1
1
7
7
2
8
1
3
1
17
6
1
1
1
11
3
2
1
1
7
1
32
1
1
1
1
4
1
16
16
1
1
1
1
1
1
2
1
31
2
7
46
17
1
4
1
1
1
1
1
2
1
3
13
1
1
2
1
1
2
2
58
2
1
1
2
1
4
10
1
3
12
21
2
3
13
13
6
3
2
2
1
6
1
1
50
2
1
1
48
14
2
7
12
1
11
11
5
2
6
10
37
191
2
1
1
1
1
1
1
1
2
4
9
2
17
1
9
3
59
2
1
1
2
2
3
3
1
1
4
1
1
1
2
100
1
1
7
1
1
18
1
1
1
1
40
1
1
1
1
1
1
1
28
1
1
1
4
7
23
5
1
2
3
1
1
4
1
2
1
4
2
1
2
1
15
1
1
1
1
1
3
1
1
11
1
1
6
5
11
9
2
3
1
15
3
11
1
1
1
1
5
1
1
22
1
8
6
6
5
1
5
47
2
40
1
1
106
13
3
1
8
2
11
3
3
3
8
136
5
4
3
6
1
12
1
20
3
35
3
4
1
2
4
1
19
131
11
1
4
1
1
16
33
39
3
22
3
3
14
35
91
1
11
1
1
1
17
1
1
1
3
26
1
2
3
3
26
5
5
1
1
1
25
3
4
1
3
1
3
1
76
90
1
2
9
11
3
4
3
1
2
4
1
2
3
3
1
3
51
7
3
1
2
1
4
5
4
2
2
1
4
4
16
130
56
1
1
1
1
1
4
11
1
3
1
2
1
2
8
30
1
16
1
1
20
1
10
6
1
6
2
14
23
7
2
60
3
4
1
155
6
8
7
1
30
5
13
44
1
2
14
3
8
22
1
1
1
1
2
1
2
1
1
1
4
2
1
22
1
1
1
3
2
3
9
1
1
16
1
1
2
1
1
5
1
1
1
1
1
1
24
3
14
2
2
1
4
13
1
11
6
1
1
1
1
4
1
3
2
1
1
17
3
84
38
3
1
1
4
1
4
5
16
8
11
1
1
1
9
1
4
12
1
1
2
5
2
85
14
1
11
9
9
2
49
18
5
5
38
15
6
7
3
2
1
16
1
9
19
3
2
2
1
38
3
1
1
3
2
4
1
1
5
66
1
2
1
1
2
1
5
5
1
3
48
2
1
8
1
20
1
1
1
16
1
127
3
1
4
13
15
159
65
1
1
15
1
1
1
1
17
1
37
3
1
1
1
1
1
5
1
2
2
1
1
58
2
2
59
34
1
21
7
12
63
8
3
2
5
1
33
12
24
68
1
1
1
1
1
2
1
2
18
2
2
1
2
48
1
1
1
1
1
2
1
27
2
10
1
1
1
1
1
20
1
1
4
2
1
1
1
1
1
2
2
1
1
2
1
2
7
1
5
1
1
1
6
1
1
2
1
1
1
1
1
1
1
8
1
1
1
1
2
3
3
1
1
1
2
2
1
2
1
2
12
2
1
1
3
2
1
16
1
1
1
1
1
2
299
1
1
1
1
1
1
2
1
9
1
1
1
2
1
2
3
1
1
1
61
1
1
1
1
1
13
1
1
123
1
42
70
3
1
1
1
1
3
1
1
246
1
1
1
1
2
1
5
26
2
15
30
1
1
3
19
1
13
26
1
1
23
6
61
34
1
1
2
1
4
40
3
1
1
1
1
1
1
1
3
1
36
1
1
2
1
1
1
1
6
3
1
1
1
1
1
1
17
1
1
1
1
1
12
62
3
18
4
2
11
2
2
2
1
1
2
1
3
1
2
3
5
1
16
24
239
21
1
1
33
1
34
5
1
18
2
8
17
1
22
1
4
4
33
113
10
1
2
5
1
1
1
1
1
6
1
28
1
1
1
12
41
1
1
1
5
1
1
5
2
1
15
2
1
1
3
1
2
1
371
1
4
3
3
1
13
2
2
1
12
4
1
1
1
1
18
52
3
15
7
22
26
4
1
1
3
1
2
1
1
1
18
27
2
2
6
2
1
1
1
3
8
13
1
4
1
2
3
7
7
57
1
3
1
1
14
1
3
1
1
1
1
1
1
6
2
1
1
22
1
1
1
10
49
1
1
1
1
1
1
1
6
1
1
1
165
1
1
1
2
3
5
1
2
1
2
40
1
1
1
6
1
1
3
8
2
1
1
1
1
2
2
4
4
23
1
2
1
1
1
1
1
6
1
1
2
1
15
1
1
1
1
4
9
3
2
1
2
50
1
1
18
19
4
1
1
1
1
4
10
1
1
8
169
4
10
2
25
2
1
2
3
1
4
2
9
1
1
1
1
1
4
1
1
1
2
2
16
1
1
16
24
1
2
1
3
33
6
58
1
2
1
1
1
1
4
2
1
1
9
7
1
4
1
17
2
1
1
3
1
1
2
59
1
8
12
1
13
1
1
1
1
1
1
1
29
1
2
1
1
1
1
22
6
1
6
9
1
6
1
1
2
1
2
2
2
3
10
2
2
2
1
1
1
1
1
1
69
1
1
14
9
9
1
1
1
1
1
1
1
1
2
1
1
20
3
1
3
6
2
2
1
1
1
12
1
1
1
6
2
2
1
1
4
1
3
8
1
1
1
1
4
5
1
1
1
1
57
3
8
1
2
1
1
1
50
4
6
16
1
1
1
38
2
1
64
1
70
7
50
5
5
2
1
5
1
1
2
1
1
1
1
1
1
4
2
1
1
1
104
1
1
4
1
1
2
10
1
2
1
1
1
1
4
4
22
2
1
3
24
1
1
15
3
1
25
1
5
3
1
3
1
1
1
7
1
1
2
1
1
1
2
1
2
1
1
36
7
114
3
12
20
2
1
1
1
3
2
1
1
5
2
5
2
28
1
2
2
1
1
1
2
2
1
1
29
1
15
1
2
3
1
1
1
1
1
1
2
3
3
4
8
1
2
1
150
1
1
2
1
7
2
1
2
1
9
4
1
2
1
16
1
1
2
1
1
4
3
1
1
1
2
1
7
2
1
3
2
1
1
2
2
1
1
6
4
4
2
1
1
3
22
5
2
7
192
118
1
2
1
1
10
2
1
5
1
1
1
8
1
1
1
3
1
3
1
1
2
1
1
132
1
2
2
1
2
5
20
6
35
5
1
1
2
1
1
3
1
6
4
1
17
15
1
6
11
1
1
1
1
28
2
3
2
1
3
1
1
1
3
3
5
1
1
1
11
1
1
6
17
1
3
2
2
4
2
4
18
8
1
1
1
2
13
1
1
1
1
2
1
1
4
1
1
2
1
2
7
33
21
1
3
29
1
1
1
2
1
1
6
1
1
96
1
1
1
1
2
1
2
1
4
1
1
6
1
2
2
124
1
8
6
1
14
9
1
1
1
11
2
1
6
2
1
1
2
1
1
1
1
1
1
1
1
1
1
2
1
110
1
1
1
1
3
7
1
1
8
20
19
1
1
1
1
7
1
1
49
1
1
5
1
1
1
1
1
1
1
1
2
1
2
1
2
3
1
1
1
1
2
1
1
2
1
1
1
3
1
1
1
1
3
1
1
23
1
2
1
1
21
1
22
12
14
10
12
15
5
12
1
1
1
1
1
4
13
2
8
1
2
1
1
7
7
99
7
1
2
3
1
75
2
1
1
3
1
1
5
1
2
1
1
1
2
5
1
1
2
4
3
9
1
2
1
2
1
1
1
4
5
3
7
53
1
12
34
42
1
7
22
5
5
1
1
1
6
1
1
1
1
6
1
5
1
1
1
1
71
1
20
1
1
8
2
2
2
1
1
1
4
1
19
8
3
1
2
1
1
2
2
1
1
1
2
60
1
1
34
1
6
1
2
1
1
187
3
1
10
19
1
13
1
1
1
4
1
5
4
5
1
1
1
2
121
1
1
1
1
5
1
2
1
1
1
1
2
1
1
1
1
1
18
30
2
1
1
1
1
1
12
20
22
1
1
10
4
4
8
1
1
1
2
1
1
1
4
1
1
1
1
1
1
1
1
1
1
1
1
17
1
1
1
1
1
2
1
1
1
1
8
1
1
2
1
1
1
1
2
3
1
2
1
1
1
1
4
85
1
61
1
10
1
1
5
11
2
1
1
1
1
3
1
2
1
1
5
1
2
1
1
1
1
1
4
1
28
51
5
2
1
1
3
1
14
7
23
1
1
1
53
1
8
1
1
3
1
12
6
1
2
1
1
3
1
4
1
1
3
1
1
3
1
3
23
4
8
5
2
1
1
1
3
1
30
3
2
2
4
1
1
9
1
7
3
1
4
1
1
2
1
2
3
1
2
1
1
3
2
1
1
1
1
1
1
6
1
1
6
2
1
2
4
1
1
4
1
10
3
3
1
1
2
1
2
3
1
1
3
1
8
2
1
1
1
1
2
8
1
1
1
3
1
1
21
2
1
1
4
23
1
60
9
2
13
3
3
15
1
1
36
1
21
19
1
3
3
3
1
25
1
2
2
31
5
1
1
1
3
6
1
1
59
1
2
63
3
134
3
1
2
5
1
1
2
1
3
3
1
1
1
1
1
3
16
1
2
2
1
270
1
3
1
22
1
1
1
1
2
1
10
7
1
31
3
1
1
1
2
2
1
77
1
1
2
1
1
1
1
2
1
1
1
4
1
3
1
1
1
1
1
2
1
1
1
80
20
1
1
1
2
1
6
7
1
1
136
1
1
1
1
1
1
2
9
1
6
1
1
1
2
2
1
1
1
10
2
1
3
12
1
1
5
1
1
1
1
1
1
1
4
1
3
6
1
37
17
2
2
1
7
1
5
21
2
35
1
6
2
1
24
6
14
217
2
1
63
10
1
1
105
1
1
6
1
1
16
7
28
18
27
2
2
1
1
1
1
2
2
1
1
1
1
1
1
1
1
1
4
21
80
2
4
1
45
1
1
1
1
1
2
1
1
7
1
2
2
1
11
1
1
1
1
48
1
3
1
1
1
1
3
1
1
1
1
16
1
1
1
1
1
2
19
2
5
1
9
1
1
7
1
1
1
2
2
7
2
3
186
1
23
11
4
1
1
1
1
2
30
1
1
1
3
1
1
6
1
4
28
2
2
1
1
3
2
41
1
1
1
3
4
1
26
1
14
1
3
33
4
88
1
2
1
1
1
1
1
1
1
1
1
2
1
1
1
39
3
3
1
2
44
1
9
1
12
3
1
5
105
5
1
1
1
1
1
2
1
1
1
1
1
1
1
21
1
1
1
2
1
1
1
3
1
2
1
1
3
4
1
5
1
2
2
1
1
131
1
1
1
2
1
11
27
1
1
17
2
1
1
1
1
4
1
1
1
2
4
5
1
2
1
1
3
2
2
1
5
1
1
13
4
2
5
1
4
10
1
1
8
10
3
1
1
2
1
1
1
1
1
1
1
3
1
1
1
1
8
1
1
1
1
1
1
13
1
1
1
1
1
1
2
2
15
1
1
2
10
1
30
8
1
1
1
1
2
1
1
1
1
3
2
2
1
17
1
4
37
1
205
9
1
1
1
1
2
7
1
2
3
3
1
29
2
55
1
2
1
1
2
1
3
1
1
1
185
4
2
8
30
4
25
4
15
2
10
3
1
1
1
2
1
6
1
11
1
1
1
1
1
1
2
1
1
2
5
1
2
1
1
1
1
48
1
1
2
2
1
16
46
2
1
4
105
2
1
2
1
11
1
12
1
4
1
4
2
104
2
1
3
1
1
1
1
32
30
1
10
1
4
1
1
2
9
2
1
1
25
1
13
1
1
1
1
1
1
1
1
1
2
1
2
7
2
1
2
83
2
342
6
1
1
1
1
1
4
1
6
1
1
103
1
1
12
11
1
4
1
1
1
1
1
1
2
2
94
38
6
1
60
1
1
20
1
3
1
1
11
2
6
1
1
2
1
1
1
1
1
1
10
4
1
1
6
1
6
15
6
1
4
1
6
14
3
1
3
2
1
3
1
1
2
1
2
1
5
1
3
120
13
1
2
3
4
56
8
119
3
1
1
2
1
5
1
1
6
1
1
1
1
2
1
1
1
1
4
2
1
1
1
1
9
56
4
1
1
1
9
1
21
2
1
1
1
1
1
1
1
19
1
10
1
1
3
6
3
1
1
1
1
9
1
2
3
2
5
1
3
1
40
146
15
1
1
1
5
3
92
3
1
1
12
1
1
1
1
1
1
1
7
2
1
1
1
1
1
17
1
1
1
3
2
1
1
1
1
2
1
8
1
6
1
31
1
1
11
1
1
1
2
2
1
2
2
14
17
1
2
1
15
3
19
1
1
1
1
6
1
1
27
4
3
1
15
22
42
11
40
14
4
63
9
2
3
1
1
5
1
18
1
1
1
21
5
4
1
1
3
6
2
2
4
1
1
1
10
1
3
1
120
2
1
1
13
30
1
2
1
258
2
2
1
1
1
6
1
1
2
9
1
2
1
2
2
23
1
1
2
34
1
1
1
2
1
13
1
2
2
3
5
2
1
2
4
22
5
12
1
31
4
104
1
10
1
5
2
1
2
2
1
20
1
1
18
1
4
4
5
74
1
2
1
1
1
41
27
2
144
1
274
1
1
1
1
1
2
2
3
1
5
3
2
1
1
9
5
1
4
2
3
1
5
3
1
2
27
2
2
6
7
32
27
1
1
1
2
1
1
10
3
1
1
1
1
1
1
1
1
1
3
5
12
30
19
1
59
29
1
1
2
2
8
23
1
3
2
1
8
17
1
19
1
1
1
1
1
2
5
2
1
2
3
1
1
1
30
1
1
1
1
2
1
1
2
1
1
2
5
7
2
3
48
1
5
8
179
1
5
1
4
1
8
2
1
1
2
1
2
1
2
1
16
1
1
21
2
1
1
3
16
5
5
4
1
1
2
1
45
1
1
1
1
2
1
1
3
105
1
2
1
2
2
3
17
1
1
1
1
4
3
1
1
1
3
1
10
2
1
1
1
2
2
4
1
1
34
1
2
1
1
2
4
2
2
25
1
1
1
1
2
1
4
1
2
1
1
1
1
2
1
1
1
1
1
3
1
1
1
1
1
3
28
1
1
2
5
2
1
10
1
34
1
1
3
1
4
1
2
2
1
6
4
2
3
1
18
14
2
11
25
34
1
1
1
2
6
1
2
1
17
1
1
4
6
5
5
1
2
1
2
10
1
14
1
1
4
3
1
1
3
16
1
1
24
3
10
1
158
10
1
4
1
1
1
1
37
2
21
18
41
1
1
42
17
1
5
2
2
2
4
1
24
1
2
1
1
2
1
17
1
2
2
1
1
5
1
1
1
2
9
2
1
12
21
1
1
1
1
2
1
2
1
4
4
4
7
3
3
4
5
1
1
1
2
3
1
4
1
1
2
1
21
1
1
2
1
1
22
1
3
3
1
5
1
3
1
1
1
2
1
1
3
79
11
1
1
29
3
2
1
17
1
1
4
12
8
1
1
2
7
23
12
1
8
1
1
2
2
17
1
1
2
2
1
1
1
4
3
1
1
1
2
1
16
1
1
151
2
1
1
1
1
1
1
1
3
1
1
3
2
1
2
1
23
1
126
1
5
1
1
3
1
2
1
9
2
1
8
3
1
2
1
2
1
1
1
79
37
2
8
1
1
1
10
33
2
47
3
1
1
1
1
1
1
1
1
10
1
3
9
12
1
1
1
1
1
1
5
1
1
1
1
1
8
2
9
2
11
6
1
64
1
2
1
1
59
6
3
1
8
1
3
1
101
2
3
1
14
148
4
2
1
1
2
2
2
1
1
1
1
1
2
1
1
1
1
1
1
2
1
1
2
2
2
1
3
23
2
10
11
9
1
1
6
5
12
1
10
1
13
2
5
2
1
1
13
2
1
4
2
35
1
1
1
1
1
3
245
59
6
1
1
2
2
1
1
1
1
1
1
6
2
1
1
3
1
6
1
2
1
2
1
1
5
2
1
1
1
1
1
1
8
1
3
1
3
1
15
17
1
1
1
11
1
2
2
6
1
2
1
2
1
1
4
1
221
14
1
3
8
1
2
1
1
1
2
1
3
1
10
1
2
2
1
1
1
1
82
7
1
92
6
1
1
1
1
1
1
3
1
6
2
1
3
1
1
22
28
58
59
24
3
1
6
1
1
3
1
1
1
1
1
4
11
1
8
3
13
1
4
1
1
1
1
1
1
1
3
9
3
4
29
3
1
106
9
1
1
1
3
1
1
18
1
3
1
1
1
2
1
4
1
1
1
2
47
6
1
3
13
8
20
2
3
44
1
1
2
1
1
3
2
1
1
2
22
1
2
2
2
3
4
1
1
1
99
1
1
3
1
1
5
1
2
4
1
2
10
1
2
1
1
7
3
1
1
15
1
1
1
4
1
20
6
13
30
1
1
1
1
1
1
1
1
1
1
8
1
1
1
3
7
2
11
1
1
1
2
2
1
4
10
1
1
1
1
1
3
1
1
1
1
2
1
3
32
1
2
2
1
2
24
1
1
1
1
1
8
3
2
1
1
96
1
2
8
1
1
1
1
1
1
1
1
1
1
4
1
5
1
1
13
2
1
3
1
1
32
13
1
1
2
12
1
5
1
1
12
2
1
1
1
2
1
1
6
1
326
1
1
1
1
1
1
1
1
3
8
1
15
2
1
1
1
1
1
1
1
1
1
2
1
1
1
3
17
6
15
2
1
182
2
4
1
1
1
1
1
2
2
8
2
20
10
100
19
2
1
1
2
140
10
1
1
1
2
1
1
7
1
3
1
3
1
1
1
1
1
1
1
9
18
11
83
5
1
1
1
1
1
5
1
1
1
20
1
1
1
2
1
1
1
1
1
1
1
1
3
2
3
2
3
1
1
1
1
1
5
1
4
1
1
1
1
1
1
1
2
1
1
3
1
1
76
1
1
1
51
6
7
1
34
17
9
1
76
15
1
3
4
1
23
13
8
25
7
9
10
1
25
6
2
1
14
11
1
1
2
4
1
12
1
3
1
2
4
2
32
18
16
2
32
19
29
13
1
31
6
17
118
5
15
23
3
11
4
15
1
1
48
8
6
3
16
8
80
1
2
55
2
1
1
1
71
4
5
1
4
1
1
67
4
23
82
9
1
79
2
1
2
21
5
35
17
1
2
4
1
4
1
1
1
1
2
24
96
2
1
1
2
1
5
12
5
2
1
1
14
2
47
4
2
4
1
2
6
3
1
8
1
9
1
4
1
1
2
1
1
1
14
6
1
1
18
2
1
2
1
1
1
6
3
2
1
1
4
1
3
7
2
6
4
1
1
1
1
1
2
1
3
1
1
12
1
1
1
8
3
1
2
7
1
1
2
2
1
1
8
4
3
1
1
2
1
4
74
2
1
8
1
2
2
1
7
1
1
1
1
1
1
1
2
63
1
5
1
3
5
11
1
1
2
7
1
11
1
1
14
1
10
1
2
2
30
1
251
1
1
2
115
1
1
1
1
3
1
1
1
1
1
2
1
2
3
2
1
1
2
1
1
1
1
2
1
1
1
34
1
1
1
1
35
1
12
2
11
1
1
1
3
5
44
1
137
2
3
24
1
1
3
1
3
1
1
12
1
3
1
1
121
3
1
1
1
1
1
1
1
22
1
3
1
24
29
2
9
10
2
1
2
2
1
81
2
1
2
2
3
4
4
5
1
1
3
1
1
3
1
33
1
1
1
4
8
2
1
1
1
1
1
2
5
15
1
1
1
10
1
1
1
5
1
4
14
1
1
1
5
1
1
1
5
15
2
1
1
1
1
56
1
4
3
1
1
42
27
2
12
2
26
2
1
2
13
3
6
2
3
1
1
4
1
5
1
1
6
8
7
1
1
2
2
1
1
3
1
26
6
1
218
1
1
1
15
124
2
3
2
1
2
9
6
7
6
16
3
4
2
2
2
16
9
12
6
4
8
1
1
1
1
1
1
1
1
1
1
5
1
1
1
1
1
3
3
2
6
3
3
1
27
2
1
2
3
2
1
6
1
1
1
2
3
4
4
1
3
1
1
1
1
1
5
6
19
81
1
1
1
3
22
1
23
1
2
2
14
23
2
19
26
8
12
1
6
2
2
5
1
18
22
37
47
1
3
4
3
1
1
143
5
8
1
1
1
3
7
1
4
122
1
1
1
96
18
9
27
1
5
11
4
3
2
1
2
1
3
1
8
6
2
8
2
1
1
1
1
1
3
7
6
1
1
1
2
1
1
13
32
1
1
4
1
1
23
15
19
31
3
5
2
1
1
1
1
1
1
1
1
1
3
4
1
2
1
2
27
13
1
4
1
1
283
2
1
39
123
4
36
2
1
1
1
1
1
42
171
22
8
101
228
13
11
2
1
1
1
3
1
3
5
1
3
1
1
11
1
1
1
15
1
1
1
6
1
6
1
1
1
1
1
1
1
1
1
1
1
1
1
1
1
6
1
1
2
1
1
25
1
4
1
1
1
2
1
2
1
1
86
1
3
1
1
1
3
2
3
4
1
1
1
1
1
2
3
1
1
1
1
3
1
1
1
1
2
9
2
1
16
1
1
1
1
2
1
1
1
3
1
13
8
23
1
38
37
9
13
49
1
9
57
2
2
3
7
22
8
3
1
1
8
2
1
1
1
1
1
1
322
1
1
1
1
1
1
38
1
1
2
1
32
2
1
3
2
1
1
1
1
26
1
115
1
9
14
2
111
1
1
25
1
1
1
1
2
1
1
1
1
1
4
2
1
1
1
1
1
4
1
1
16
6
51
65
187
4
1
1
1
1
2
72
1
1
1
1
2
73
142
1
20
2
1
2
1
1
1
1
1
1
1
7
1
1
1
1
1
2
1
1
2
1
1
1
1
3
1
5
1
1
6
15
1
1
2
8
1
20
57
9
1
36
8
1
2
1
7
5
1
1
1
2
1
2
1
3
1
1
1
1
2
2
2
1
5
1
1
68
2
1
1
1
6
9
1
1
2
2
2
1
1
1
2
1
1
3
4
1
1
1
1
2
1
10
1
2
1
3
2
1
12
1
1
17
1
1
1
2
2
1
1
2
1
3
4
1
29
105
2
1
180
1
2
1
1
1
1
1
18
1
1
1
1
53
4
1
3
1
1
1
1
15
1
5
1
1
2
1
1
18
2
1
1
1
2
1
1
1
1
2
1
1
1
1
6
62
1
2
4
1
2
1
1
1
1
1
1
1
1
3
1
1
4
1
2
1
2
1
1
1
1
1
2
1
4
2
2
1
1
6
5
27
11
1
3
4
2
2
38
1
96
13
2
4
17
59
3
3
2
1
5
41
5
6
2
3
1
17
2
1
1
5
1
2
10
1
1
1
1
1
1
3
1
1
1
1
4
1
1
1
136
15
15
1
15
1
1
2
5
2
1
18
1
2
1
3
2
14
37
1
1
2
1
1
1
1
1
1
1
1
1
1
2
1
1
2
3
1
2
45
2
1
20
1
5
7
1
1
3
2
2
2
9
3
4
1
1
1
2
2
1
1
1
8
2
1
1
3
1
16
1
1
1
8
1
2
3
1
1
1
24
152
1
1
5
1
2
1
4
1
1
1
1
1
1
1
2
7
2
1
212
1
1
1
1
5
1
1
1
1
4
1
2
1
1
3
28
3
1
1
2
1
1
1
1
1
1
1
1
2
1
2
1
1
1
1
1
1
2
1
3
23
1
187
1
1
1
11
7
14
1
4
1
1
1
3
3
1
1
11
1
24
1
1
1
3
2
16
3
3
22
2
1
34
26
1
34
58
1
1
1
27
26
1
1
2
5
1
1
1
1
2
2
1
1
1
1
1
4
1
1
2
1
2
1
20
1
1
1
1
1
1
1
1
2
1
1
1
7
1
1
1
4
1
1
8
1
1
1
3
1
39
1
3
2
11
159
2
2
2
2
1
1
1
1
95
14
1
2
1
1
2
1
2
1
1
1
11
2
3
1
9
2
1
2
2
2
2
26
1
1
2
1
30
3
1
7
4
2
1
2
2
1
1
1
1
41
1
9
3
1
1
12
37
5
21
2
1
23
25
39
21
2
1
3
1
1
1
13
2
10
53
15
6
4
1
1
1
8
2
1
2
32
8
3
2
28
8
3
112
1
13
70
9
3
1
1
1
1
1
1
2
3
1
1
1
1
2
43
30
1
2
1
1
1
4
1
1
1
2
1
1
44
46
1
1
26
1
55
4
1
7
2
6
2
5
1
2
1
1
1
1
1
4
3
1
1
1
3
4
1
6
1
7
1
6
1
14
2
1
1
1
6
1
3
1
2
2
1
1
1
6
1
3
1
10
1
2
1
2
2
1
1
2
1
1
5
7
1
2
1
3
1
7
1
1
4
4
3
20
3
2
1
3
1
1
5
25
6
22
279
1
1
31
4
1
1
1
1
1
1
1
4
57
2
1
2
2
1
5
1
1
2
7
1
1
1
1
1
1
1
1
1
1
1
16
1
75
1
1
6
1
3
2
1
9
1
1
3
54
2
6
8
1
2
1
4
1
3
2
3
1
3
2
1
1
1
1
3
2
4
13
1
1
5
2
1
1
1
2
2
1
2
1
2
7
2
1
1
2
2
3
2
2
1
1
1
1
1
1
5
3
1
3
1
1
4
27
1
3
1
2
1
1
72
125
2
1
28
10
1
7
1
1
1
1
1
35
1
1
11
1
1
1
1
1
10
21
3
1
2
31
1
9
3
1
2
1
2
20
1
1
7
1
1
10
1
1
13
38
1
1
1
2
3
3
1
3
1
2
1
1
1
2
2
1
330
1
6
2
1
2
1
2
1
1
1
1
2
1
1
4
1
1
1
2
1
1
4
2
1
7
2
2
1
1
1
1
10
2
1
3
1
1
1
3
36
62
3
1
1
4
2
1
18
1
1
10
1
72
1
1
1
1
17
19
2
1
17
2
4
2
1
1
1
4
2
1
1
1
1
1
1
7
20
31
1
8
2
1
1
1
1
1
1
2
1
1
1
1
1
4
1
2
2
1
6
6
1
1
3
2
44
1
1
15
10
1
1
1
1
1
1
108
1
3
1
4
6
1
4
1
6
1
1
2
1
1
1
1
11
13
8
10
1
12
5
7
2
13
15
1
4
3
1
1
7
9
14
1
6
4
8
7
1
5
3
13
1
4
1
1
14
6
1
4
8
1
1
1
1
1
1
2
1
3
3
1
1
1
2
1
4
1
1
15
1
15
1
1
6
1
1
9
9
1
17
1
1
1
19
6
2
1
1
1
1
1
1
2
5
1
1
1
2
1
1
1
1
1
1
2
1
21
1
19
1
1
1
22
2
19
1
1
1
3
3
1
2
1
38
1
1
1
1
1
3
1
11
26
1
6
1
2
2
1
2
5
1
2
2
1
2
2
1
2
12
3
1
1
1
1
16
1
1
6
1
1
2
8
29
30
1
42
3
142
8
2
1
3
6
1
6
1
1
1
3
1
1
5
36
4
1
1
1
1
1
18
96
10
2
1
1
1
2
12
2
5
5
3
1
21
1
1
1
3
10
2
1
3
1
1
1
5
1
1
1
1
4
2
1
1
1
1
1
1
2
1
1
69
1
1
1
1
1
1
2
1
2
1
160
1
2
2
7
1
1
1
3
3
3
1
23
1
4
3
5
2
1
1
6
1
1
1
1
2
14
1
4
3
1
16
1
1
6
31
1
39
1
1
18
3
2
3
1
3
3
1
2
2
2
1
1
2
3
16
1
79
1
1
1
1
1
2
1
1
1
2
1
7
1
10
2
6
1
1
3
1
85
4
39
1
2
1
6
1
2
1
3
2
4
1
5
10
1
1
2
3
6
1
2
2
2
1
1
1
2
121
8
1
2
1
2
1
1
72
1
2
37
1
1
1
1
1
1
1
3
4
1
1
8
1
1
1
1
1
2
1
121
1
1
2
1
3
4
2
5
1
1
16
198
1
1
39
13
1
1
1
1
2
2
3
1
2
6
1
3
3
1
1
2
1
1
1
5
2
1
1
1
4
2
1
1
1
2
5
1
1
347
1
2
2
1
1
2
1
1
333
2
3
1
1
2
1
1
1
1
30
1
2
1
1
1
1
1
2
2
18
4
2
5
4
2
1
4
1
2
1
2
2
1
1
1
1
1
2
1
1
1
9
1
11
3
2
2
1
2
1
9
2
1
1
3
1
1
1
11
1
1
1
1
1
2
1
2
1
10
1
1
6
141
1
19
10
1
1
2
18
1
1
2
1
5
1
2
1
1
1
1
7
1
1
17
1
2
3
1
1
5
2
2
1
1
2
2
2
1
12
1
1
4
2
1
1
2
2
1
6
1
2
1
25
1
1
21
19
4
1
1
2
29
1
5
4
5
1
1
1
3
1
6
1
30
3
3
1
1
2
1
42
1
310
2
1
7
17
6
1
2
24
2
1
3
1
2
1
1
1
1
2
1
1
1
3
17
1
2
2
1
3
59
1
56
1
2
1
3
1
1
15
2
3
2
2
2
2
2
15
1
1
2
1
8
2
106
20
2
2
1
1
1
1
1
2
7
1
1
69
6
1
11
1
9
1
1
2
1
1
1
4
1
6
29
10
2
281
1
26
3
3
1
17
2
1
1
1
1
2
11
6
1
1
1
1
2
10
58
8
16
2
2
10
70
15
5
1
1
3
8
26
10
3
1
3
2
4
16
23
1
1
2
1
1
1
1
7
5
1
2
3
1
2
5
1
2
1
1
4
1
6
5
1
26
1
1
5
1
2
2
3
367
2
4
2
1
3
1
14
1
1
5
1
1
3
31
35
1
1
4
3
1
1
2
1
1
1
1
1
19
1
1
1
1
1
1
2
1
1
1
1
4
1
1
1
1
1
26
17
22
10
15
3
8
1
4
3
1
1
1
2
3
1
4
5
1
1
3
1
1
4
1
2
1
1
1
2
1
17
305
1
51
4
9
2
9
2
2
1
1
1
83
1
1
1
1
1
1
42
3
1
1
1
2
5
1
41
1
1
9
11
1
2
10
4
1
1
1
1
2
1
1
7
1
1
20
24
1
2
1
2
2
1
1
1
142
1
1
1
2
1
8
4
1
1
1
4
2
7
4
19
1
1
1
27
2
1
1
5
1
32
11
1
1
1
2
1
1
4
1
1
2
1
2
1
1
1
1
2
247
1
3
4
7
3
6
1
6
6
1
1
5
7
46
1
1
1
3
1
1
1
5
1
1
7
1
3
1
1
1
1
1
3
9
3
1
3
2
1
1
1
2
1
1
1
36
1
2
1
48
131
9
1
10
4
1
1
5
1
2
16
1
2
1
6
1
1
2
3
1
3
1
11
1
3
15
13
3
37
2
10
1
1
5
310
3
8
1
1
3
5
1
1
2
2
1
6
1
1
2
1
1
1
1
1
1
37
57
1
1
11
1
7
1
52
1
9
1
1
1
2
3
5
1
1
2
31
5
3
1
2
1
7
3
37
1
1
1
1
1
1
7
1
1
1
8
35
3
1
2
4
2
1
1
1
1
1
4
8
3
2
2
1
1
1
2
1
2
1
1
1
1
1
1
1
1
95
15
2
5
12
95
2
6
3
3
3
2
5
1
6
8
1
1
1
10
1
3
1
1
10
1
8
5
10
4
3
1
1
1
2
1
1
3
2
1
1
1
1
4
2
12
2
14
1
1
1
2
1
2
43
1
2
35
16
2
11
24
10
1
5
1
94
4
1
5
1
1
120
3
1
1
1
1
1
1
2
2
2
1
35
13
5
1
3
1
4
3
2
2
4
1
4
1
7
1
1
90
36
1
1
1
38
1
38
30
1
9
4
1
1
1
1
1
1
1
1
1
1
1
1
1
7
1
2
1
4
8
2
1
4
1
1
1
2
2
1
9
5
3
1
1
1
1
1
1
3
1
7
2
1
1
8
1
5
11
1
2
3
1
1
106
3
1
1
1
3
1
1
1
5
1
1
29
1
1
1
11
1
3
1
1
1
1
1
2
1
5
1
1
2
1
1
3
1
1
1
1
1
35
39
1
1
2
2
1
1
1
2
5
1
1
2
1
3
1
1
1
1
2
18
2
1
1
1
1
5
3
1
54
1
7
1
3
22
3
120
6
1
1
1
1
1
114
2
1
1
1
1
2
1
8
12
1
19
1
70
10
3
2
1
4
1
1
1
6
26
40
1
1
1
2
136
1
3
2
30
1
3
3
1
2
1
1
1
8
2
1
1
1
2
2
81
11
3
2
1
13
1
1
5
1
1
1
6
4
5
2
1
4
1
6
2
2
1
11
1
11
2
1
1
1
1
1
3
1
1
5
3
1
3
1
1
8
1
1
3
5
68
2
6
1
16
1
2
2
7
1
1
5
2
1
1
1
5
17
1
27
1
1
3
1
1
157
2
1
8
82
1
9
1
3
1
18
113
1
2
7
5
100
2
3
1
1
7
1
1
2
1
5
1
1
3
4
4
4
1
5
11
2
2
1
1
1
2
4
2
1
2
3
1
1
9
1
1
1
1
1
1
1
1
1
2
2
1
1
1
1
3
4
2
2
1
1
2
1
1
1
3
4
1
1
4
3
2
1
1
2
1
1
2
47
1
5
3
1
1
309
4
3
1
81
1
1
6
2
2
5
1
1
1
2
3
4
2
3
1
1
1
1
2
1
3
1
1
1
1
1
11
3
1
1
1
1
5
4
1
6
1
1
2
1
3
1
368
8
1
10
1
1
7
5
2
11
9
4
2
8
2
25
1
1
5
11
19
5
10
3
2
54
1
2
32
1
2
1
2
2
2
3
1
2
1
1
2
5
12
1
1
24
1
5
2
1
1
1
1
1
2
4
4
3
7
2
1
4
2
1
1
1
2
1
1
1
1
41
8
1
1
52
1
2
1
2
1
3
1
1
2
11
2
3
1
1
1
9
1
3
8
5
1
7
2
2
1
1
1
1
1
4
1
1
2
1
1
1
6
1
4
5
1
2
1
50
1
4
1
1
1
1
1
1
2
1
4
3
86
15
3
2
225
23
20
3
174
1
6
1
7
1
2
2
1
2
1
3
36
2
1
8
1
1
2
3
1
1
6
88
4
11
6
6
31
3
7
33
3
6
4
1
5
3
1
5
8
4
1
10
11
7
1
34
126
1
12
5
17
3
1
1
1
1
1
1
1
5
1
1
5
52
3
1
5
2
1
1
1
1
1
136
4
1
2
1
1
1
1
1
1
1
1
1
1
4
2
1
1
12
1
44
1
3
2
1
112
13
2
1
1
31
1
1
1
3
1
1
2
1
5
1
1
1
1
1
1
3
3
1
1
6
1
7
2
8
2
1
56
1
1
1
1
1
2
1
4
1
9
1
2
2
1
1
1
26
6
3
1
10
1
1
3
12
1
1
1
9
2
1
2
5
16
1
1
1
2
4
1
13
1
1
3
3
2
16
1
1
2
4
1
1
1
2
3
2
1
2
4
1
6
3
3
2
1
1
2
11
1
2
5
1
57
1
1
1
2
1
1
13
1
6
5
3
1
1
1
1
1
1
3
1
2
9
1
2
2
2
2
5
1
2
1
25
1
1
3
1
1
2
1
28
1
1
1
9
38
1
1
1
16
2
4
2
1
1
1
8
1
1
2
1
1
1
1
2
1
2
1
1
1
1
1
1
1
1
1
1
2
5
8
2
1
1
1
15
3
3
3
36
1
1
1
1
1
1
1
32
1
3
2
4
3
1
1
1
2
1
1
5
3
1
1
5
8
1
1
1
3
3
2
1
1
2
1
2
1
2
13
1
7
1
1
13
4
1
1
1
1
6
2
1
3
2
1
5
3
45
1
1
1
1
7
1
1
2
1
1
1
5
1
2
8
4
3
1
2
4
1
3
1
1
1
1
6
1
15
1
1
6
2
1
1
3
1
2
1
1
1
1
2
1
4
2
1
3
1
1
98
2
2
1
1
1
50
1
1
3
1
1
5
6
3
2
1
1
1
1
9
1
1
1
1
1
1
1
1
1
13
72
2
1
1
1
1
1
4
71
34
1
1
2
5
13
2
2
4
1
4
1
3
1
1
5
1
1
1
4
1
3
1
9
1
1
19
17
3
1
8
14
1
4
1
1
7
1
1
1
1
1
4
48
23
6
1
1
5
1
1
1
2
7
9
1
1
2
1
1
15
1
3
1
1
3
18
1
1
5
1
1
1
7
1
11
7
1
1
1
2
1
2
4
1
15
7
3
10
1
1
1
3
1
7
14
114
1
1
6
6
1
49
1
3
1
1
1
1
1
2
1
1
2
72
1
30
1
1
2
3
1
14
1
2
8
2
1
1
4
1
3
10
1
4
1
2
1
1
2
1
1
1
2
3
1
1
12
2
21
1
1
1
1
2
6
15
3
1
1
5
23
1
7
1
7
1
1
3
1
1
5
1
1
2
1
7
6
2
1
1
1
5
1
1
15
2
1
4
4
1
1
1
2
