5
5
5
8
3
1
1
1
5
10
2
51
2
23
12
7
57
3
2
2
2
1
3
3
85
13
7
3
22
9
37
7
3
20
2
1
78
20
5
5
21
94
5
8
2
6
11
1
3
7
21
10
7
16
6
80
4
12
12
18
6
18
16
46
23
2
1
21
349
15
19
19
7
11
3
1
10
32
6
13
10
20
2
3
2
15
22
5
17
2
59
2
3
117
116
2
1
2
31
4
89
2
18
7
4
12
29
35
15
2
2
46
55
28
17
3
53
2
6
4
4
8
144
140
4
8
8
7
4
2
1
5
1
48
158
11
7
94
6
1
3
57
89
1
10
6
1
12
3
4
1
1
2
48
3
47
42
2
24
2
16
33
17
2
31
486
20
4
114
33
16
3
3
8
10
49
7
8
1
2
27
9
2
2
3
16
9
1
79
26
1
6
60
12
1
3
14
22
3
25
14
6
11
6
17
18
2
66
3
13
16
5
475
31
3
4
17
2
3
76
2
86
4
45
8
6
6
16
26
2
17
17
2
3
24
14
7
160
3
3
66
6
31
3
1
26
11
2
548
7
6
143
2
3
12
3
3
4
32
2
12
2
6
11
7
3
54
27
146
18
513
1
6
4
1
2
1
17
149
63
30
2
1
1
9
30
86
30
3
43
9
12
18
103
2
2
3
145
30
3
2
2
121
19
6
2
65
3
19
2
78
30
2
2
9
32
1
13
2
19
27
5
7
6
1
6
11
4
2
2
19
23
60
9
2
6
29
1
1
2
8
23
2
21
28
2
7
2
32
89
30
4
1
8
4
8
