5
5
16
4
18
4
21
1
4
12
2
3
14
2
1
1
5
9
5
6
1
4
6
84
5
5
22
4
94
1
2
17
10
16
14
17
3
37
2
2
4
5
2
36
1
7
6
1
3
1
1
3
1
3
5
40
20
1
3
5
5
19
48
2
6
11
2
1
7
2
40
13
3
4
1
4
13
8
2
23
53
173
10
31
15
6
31
1
1
2
1
27
18
2
7
4
1
11
8
2
19
1
11
92
9
75
11
3
1
26
62
40
1
39
2
26
16
88
2
8
5
3
19
2
17
1
1
20
1
1
2
46
11
2
4
1
8
20
22
26
3
1
7
1
4
83
1
6
34
12
7
1
20
17
3
19
19
8
2
1
2
5
1
2
18
90
1
4
75
41
1
37
2
2
2
1
15
1
7
2
9
3
1
5
17
30
2
10
19
3
29
85
55
9
7
5
9
4
9
1
35
2
2
2
2
3
17
13
3
1
2
1
1
15
11
9
56
46
2
2
3
3
1
20
1
71
59
1
4
1
1
1
2
8
1
1
1
3
3
19
14
15
29
4
32
1
1
10
52
3
1
3
5
3
8
11
40
12
11
2
2
1
3
31
7
1
1
3
8
2
3
55
35
3
3
4
1
1
2
3
4
2
4
32
85
3
8
24
40
59
7
7
51
3
2
76
2
4
27
2
50
9
2
2
3
2
10
1
3
74
1
3
6
1
1
1
20
6
1
25
1
14
4
2
65
2
1
2
1
1
1
8
21
3
12
1
28
1
1
10
3
3
1
85
10
1
17
6
17
1
3
2
1
42
5
14
24
63
8
31
4
1
5
3
10
1
9
31
9
11
4
20
4
6
2
1
41
9
2
6
2
31
5
2
4
2
46
3
43
16
3
6
1
2
12
2
2
5
1
31
3
5
34
13
1
3
8
3
1
12
3
4
1
2
1
1
1
2
7
1
4
2
5
1
6
3
1
2
13
14
75
3
62
1
20
9
2
1
6
24
2
37
12
4
60
2
8
8
7
3
7
5
19
4
1
1
1
2
3
24
1
1
11
3
4
1
8
26
83
16
38
4
28
4
26
2
1
10
2
2
1
1
18
2
1
1
8
4
13
10
1
1
3
5
8
2
6
16
1
1
28
39
2
13
7
67
28
25
1
21
4
50
1
26
2
1
1
3
7
21
1
1
4
2
6
6
3
18
3
6
12
4
1
1
4
2
1
56
4
17
17
1
1
1
4
49
4
1
2
3
28
3
8
8
14
2
7
69
8
22
21
2
18
1
2
14
1
2
3
1
3
7
8
6
1
22
9
68
16
18
1
13
2
1
2
1
6
1
28
22
49
12
2
3
8
2
10
12
8
1
1
5
2
2
1
1
4
10
2
3
1
1
1
52
58
16
1
11
1
24
1
5
12
4
1
3
4
9
10
1
5
3
9
40
13
1
7
4
1
4
79
6
1
6
3
62
1
14
7
19
1
1
4
8
1
12
17
1
4
9
1
16
1
12
8
9
38
7
9
15
65
4
4
2
7
7
1
3
10
1
1
3
6
33
9
42
3
1
4
3
14
1
6
11
1
12
56
3
22
1
97
1
14
11
23
1
6
2
5
3
6
4
2
5
9
14
14
1
4
33
11
17
1
3
13
7
5
1
2
2
16
1
3
2
21
2
14
17
38
13
14
13
6
32
3
5
23
7
32
2
5
21
2
5
24
8
1
9
3
5
2
2
1
34
23
14
11
8
10
39
1
2
16
3
25
34
11
1
51
33
3
2
8
7
3
22
5
2
5
3
8
2
4
1
6
1
3
1
2
87
1
2
4
2
3
29
1
3
2
1
67
4
3
3
3
5
37
2
2
31
11
27
3
3
2
2
21
1
53
2
1
2
8
18
13
2
5
36
4
34
3
5
5
1
11
33
14
3
2
2
42
1
1
28
7
19
3
4
22
7
16
52
123
13
53
2
1
4
1
2
7
2
6
1
20
63
15
2
43
1
6
24
4
6
1
10
14
30
2
4
9
26
11
30
1
1
6
3
1
23
9
7
6
16
3
2
1
2
1
5
1
4
3
51
1
6
2
99
2
1
8
1
2
1
2
13
5
4
1
2
1
3
2
2
5
21
3
59
14
23
1
13
7
5
2
5
1
59
1
64
17
12
3
51
1
19
1
2
17
5
2
4
4
2
3
56
7
2
3
1
10
4
4
5
1
52
17
21
5
6
11
8
15
1
3
1
1
1
2
2
59
3
1
8
18
5
6
1
4
3
1
1
1
39
11
17
1
1
1
15
12
2
38
1
3
5
1
3
17
1
3
3
6
14
1
37
7
32
16
25
1
3
1
2
37
43
2
26
5
4
1
6
1
3
9
9
17
16
1
1
66
4
1
5
20
11
23
25
8
14
6
2
1
6
4
2
10
2
6
15
1
6
4
6
2
12
5
3
16
11
4
4
28
1
85
4
4
3
3
60
1
1
12
117
43
1
13
7
8
12
1
1
8
1
1
75
1
25
18
13
2
1
2
2
10
48
23
49
7
5
1
13
3
48
7
11
2
3
2
3
11
5
48
1
1
1
16
131
1
33
2
1
6
58
16
6
10
81
11
19
1
2
1
4
8
2
19
3
5
54
2
23
15
3
1
3
19
3
9
3
18
13
4
72
7
31
22
84
1
7
39
72
2
40
10
31
6
8
2
2
13
3
8
20
3
5
4
1
30
4
2
1
2
26
6
5
54
2
24
8
2
30
1
7
7
11
1
8
39
2
3
5
119
6
2
58
5
8
12
11
6
6
3
9
2
2
4
23
2
13
1
1
3
1
13
6
14
1
5
53
25
2
38
7
1
2
5
2
19
10
1
36
2
6
26
5
1
8
1
16
1
2
8
2
18
3
17
7
14
1
36
5
10
1
5
24
79
3
33
5
2
15
10
1
1
2
4
1
1
13
2
11
10
2
6
20
43
4
65
27
12
1
45
90
3
1
14
57
3
14
19
44
52
6
2
7
53
29
1
2
5
2
2
24
34
31
12
1
2
10
3
1
10
5
3
1
8
3
2
6
6
11
12
39
25
33
2
1
22
34
20
7
80
5
2
1
4
34
5
1
23
3
1
13
2
1
8
1
22
6
1
5
3
3
3
1
9
1
2
3
2
1
7
101
1
5
1
12
47
59
13
2
5
2
2
2
15
2
6
5
1
1
1
3
3
7
6
4
1
1
1
34
10
51
1
10
1
2
25
6
15
9
3
5
5
5
11
12
8
7
1
2
7
5
24
8
1
6
1
3
4
1
8
26
2
4
1
15
2
35
2
181
7
18
24
6
23
17
1
6
28
26
1
2
2
2
2
1
18
8
2
3
1
10
1
3
5
7
1
2
1
5
2
4
26
21
9
10
1
3
31
6
9
14
6
2
2
1
6
1
6
5
18
6
8
5
80
9
11
1
13
169
2
1
1
6
1
35
63
9
7
41
1
7
2
2
37
1
1
32
5
1
1
3
4
1
20
1
28
25
10
1
2
1
63
2
7
54
43
85
1
34
2
15
2
4
12
2
2
4
16
26
1
3
34
3
1
19
1
20
2
20
13
5
3
1
4
3
10
4
2
6
14
2
2
8
3
5
3
2
2
1
1
4
7
12
23
3
10
13
64
11
2
1
14
7
22
15
44
1
1
8
4
12
9
1
1
2
2
1
7
1
21
11
7
4
5
4
2
36
17
1
26
8
2
17
1
20
2
4
12
23
3
1
10
2
16
30
3
44
1
2
4
6
4
8
2
1
62
4
15
6
40
22
9
4
2
1
48
27
103
10
13
26
38
75
24
3
22
63
35
1
42
1
18
15
6
3
1
4
14
2
1
3
2
4
1
2
2
2
17
10
3
3
2
4
4
9
4
6
47
12
6
17
2
4
24
3
10
2
2
10
39
