1
3
21
1
11
14
1
13
42
1
140
1
1
71
8
89
2
5
23
59
101
17
16
1
2
3
6
3
59
3
68
6
3
1
33
87
2
12
26
6
27
13
60
92
1
2
28
2
3
233
9
1
4
17
10
1
5
68
1
5
3
85
1
98
62
26
5
5
107
1
134
70
3
2
3
2
24
36
67
11
4
2
6
11
8
1
33
2
22
1
8
41
8
1
10
13
2
144
16
8
2
16
5
2
2
35
1
3
24
1
30
55
63
2
25
58
19
19
3
3
28
4
19
1
7
10
13
4
73
123
6
2
1
3
46
5
1
93
63
18
90
165
2
39
4
66
3
24
3
1
26
4
6
3
27
6
2
5
1
199
20
24
102
50
69
2
1
63
69
3
11
5
22
4
19
59
10
24
106
13
11
5
34
1
16
3
3
217
5
57
21
6
39
1
14
40
43
4
1
1
2
12
16
23
9
1
31
9
70
50
1
15
2
28
250
113
38
131
23
3
1
3
21
3
3
1
37
3
2
2
2
1
3
10
64
41
41
2
16
54
6
12
2
11
63
11
18
13
1
24
117
10
31
42
10
30
3
95
32
1
64
2
12
53
45
35
5
74
8
11
29
4
16
119
2
6
15
10
2
109
23
4
1
3
2
36
4
201
5
10
10
57
9
1
116
97
4
6
1
16
74
1
2
2
17
6
15
1
3
70
2
21
274
207
28
3
5
9
3
2
11
27
199
49
20
5
19
9
3
54
64
38
22
1
1
16
41
27
8
1
1
11
6
1
17
24
2
1
31
3
3
1
128
6
3
11
2
2
4
23
22
33
2
30
21
3
8
2
20
3
4
5
11
9
3
97
15
2
1
8
22
1
20
2
3
25
14
2
4
2
1
6
3
6
21
57
18
6
39
18
32
61
11
28
184
4
14
12
3
2
3
6
4
69
300
5
80
12
12
2
1
139
7
11
1
1
25
3
10
7
5
2
7
4
7
20
2
1
19
11
2
1
3
82
18
92
226
16
1
10
26
11
22
23
1
6
12
11
69
189
1
1
24
58
23
35
92
29
4
27
5
7
2
12
6
5
30
4
9
1
25
26
92
33
13
14
22
21
3
158
31
4
88
1
3
1
42
14
2
4
7
3
6
1
6
35
1
4
3
27
133
20
7
11
22
5
12
88
22
10
2
3
122
27
9
5
10
130
287
151
31
98
59
7
4
25
12
1
2
68
29
70
9
3
32
7
4
12
5
4
22
15
8
37
1
1
57
6
22
3
36
1
2
3
1
24
66
1
10
72
115
13
20
9
1
48
2
10
6
5
20
3
15
9
1
15
7
35
14
1
86
16
64
4
22
19
15
2
6
4
2
197
5
2
4
5
50
2
5
5
27
26
21
14
95
164
15
13
27
5
23
2
71
12
2
187
21
42
85
2
33
218
7
7
1
2
3
78
8
39
78
20
31
38
2
10
3
54
7
2
164
30
1
1
3
11
4
1
1
3
8
6
23
13
12
111
2
2
14
25
4
2
5
44
27
5
1
33
5
140
47
1
139
11
5
7
2
9
2
4
12
3
1
91
2
1
14
101
11
3
5
5
22
1
4
30
27
10
1
25
106
3
8
2
1
48
75
53
27
1
24
274
4
3
9
29
10
1
10
2
58
63
1
2
4
9
4
1
36
14
1
14
4
208
116
1
5
44
72
6
10
9
3
38
4
67
4
6
3
7
26
1
94
6
19
4
138
138
28
6
1
9
62
2
80
5
23
13
1
44
1
3
1
3
16
13
23
1
1
1
2
2
5
2
20
32
4
25
35
101
9
34
7
67
10
1
20
7
11
84
34
33
20
9
3
4
4
54
304
1
1
7
17
1
16
2
2
3
9
117
1
75
40
14
5
29
4
1
10
2
5
36
73
19
8
8
29
30
2
46
15
17
7
12
1
2
17
19
2
3
37
10
28
2
41
86
17
8
113
84
2
5
71
208
13
21
6
59
9
6
1
155
8
3
21
10
52
20
2
46
33
1
10
2
10
6
59
17
24
30
21
47
6
7
1
13
9
38
4
3
8
22
80
56
2
1
29
212
5
32
6
2
7
23
2
16
5
50
13
28
7
10
48
10
3
16
269
13
26
1
20
9
13
97
6
1
6
1
2
1
2
1
2
15
1
27
5
109
27
1
109
6
1
9
44
6
284
149
41
1
8
3
34
30
39
3
20
76
73
2
1
5
25
1
11
39
10
19
20
60
35
13
78
17
77
1
119
1
1
33
5
5
6
89
1
4
83
15
8
18
2
1
20
5
14
3
14
1
103
13
5
9
6
66
134
72
2
26
3
1
177
20
44
9
9
21
27
37
36
2
20
1
3
13
1
4
3
43
3
1
5
1
1
2
4
52
8
2
65
33
4
2
81
3
1
13
1
29
60
60
39
32
2
275
44
23
6
5
84
34
3
28
57
4
41
17
5
29
7
71
3
13
34
43
89
3
21
6
23
10
17
1
29
42
10
1
2
9
49
2
17
18
9
1
11
6
2
13
3
53
7
3
2
104
52
2
30
5
74
3
136
108
1
7
2
44
1
53
7
8
45
24
33
3
3
1
12
1
28
12
109
32
1
12
45
163
42
42
2
4
3
137
10
97
20
18
6
30
23
21
3
13
81
11
1
89
22
35
3
2
2
11
1
32
11
194
159
27
19
9
10
2
10
6
68
13
9
2
3
17
8
2
159
2
14
26
73
2
2
2
209
3
13
4
3
1
2
21
25
81
7
15
6
8
5
6
2
39
1
9
27
4
2
6
5
240
10
83
6
19
72
12
5
25
39
7
51
15
39
4
2
3
5
93
10
1
23
8
69
6
27
39
1
3
1
1
13
7
16
99
1
3
74
5
1
10
25
2
11
3
13
45
12
18
61
7
8
38
4
114
2
4
103
67
6
8
23
8
2
53
14
171
4
137
12
11
2
32
150
5
1
52
51
32
37
31
264
21
8
47
207
9
18
46
2
18
4
2
12
6
32
1
3
3
283
4
47
1
1
19
11
8
29
48
1
19
1
14
85
69
4
2
5
4
3
33
1
14
37
28
15
13
5
33
29
13
5
71
3
6
6
55
10
18
52
16
1
3
1
16
111
59
49
244
2
13
36
52
137
3
30
137
82
2
2
26
11
14
7
167
108
2
1
1
20
151
14
104
8
6
34
2
10
3
44
11
1
8
1
3
40
20
24
2
10
44
109
16
43
19
1
3
2
52
21
18
52
307
5
8
4
2
2
16
34
300
13
1
49
44
1
172
5
20
8
58
1
3
7
5
1
28
4
2
22
71
13
24
145
97
20
1
7
2
52
38
64
32
3
54
9
4
108
50
2
10
29
3
45
80
101
69
1
3
32
4
2
7
2
8
20
5
11
6
64
8
1
2
7
5
31
27
25
5
66
3
2
10
68
37
1
1
2
7
6
13
7
15
9
10
18
23
140
3
33
15
9
32
20
50
6
35
8
5
23
102
87
33
6
1
6
8
79
67
3
18
7
64
2
2
1
4
55
12
42
2
57
3
12
1
1
23
57
3
2
1
5
9
72
8
36
6
37
55
1
9
3
81
1
7
1
83
186
60
2
1
21
4
8
93
16
32
146
13
11
40
4
14
29
1
15
200
4
10
20
2
1
12
5
16
7
80
16
11
2
33
11
27
6
5
3
24
2
3
3
7
40
14
44
1
36
2
32
63
9
1
25
24
5
24
20
20
88
5
25
3
1
4
130
5
84
18
39
235
93
56
19
5
42
2
13
15
1
94
3
7
1
11
5
15
36
103
149
22
58
7
2
2
8
1
2
3
7
37
9
1
4
31
18
22
9
6
10
7
3
86
2
2
33
12
21
59
25
28
47
71
32
10
4
5
3
75
114
30
90
4
11
3
3
23
4
3
5
1
36
9
1
5
8
3
36
8
19
34
26
90
8
9
56
46
73
17
1
16
2
6
2
1
9
35
14
28
280
5
62
4
27
2
34
55
1
2
86
85
9
28
47
157
16
37
12
35
13
101
2
96
4
13
4
6
2
2
2
61
36
10
16
1
13
6
2
1
45
2
1
5
2
135
32
44
1
20
38
1
1
38
2
2
2
9
4
4
62
9
137
20
22
13
25
2
3
220
10
11
1
115
1
4
1
3
24
16
7
10
45
8
21
10
48
9
70
23
1
6
21
118
19
12
1
1
6
47
181
1
2
35
6
6
2
75
2
1
8
1
8
68
1
52
4
10
3
1
4
7
2
48
48
5
7
2
1
20
1
1
2
7
10
17
43
21
5
1
12
9
7
1
10
48
17
14
5
72
6
1
15
14
9
1
1
1
3
14
6
3
33
2
5
1
7
2
4
240
33
78
11
51
4
10
23
14
3
31
9
131
27
49
6
6
5
38
3
40
5
2
23
22
47
51
134
10
61
55
2
5
70
2
75
139
1
50
21
2
3
44
63
2
1
1
39
120
25
7
42
101
12
11
10
51
4
173
15
44
5
8
2
10
1
109
5
1
14
14
28
10
2
5
29
18
49
12
5
36
225
10
5
27
13
10
308
14
21
13
15
16
1
6
32
1
5
29
2
49
2
39
9
1
1
75
11
1
20
2
