4
5
1
125
55
8
46
6
67
1
3
4
26
185
59
9
1
2
49
49
29
1
36
19
3
20
1
1
30
2
107
13
40
25
5
101
90
24
51
14
37
8
47
11
279
24
4
5
50
12
42
1
9
26
4
17
1
92
17
5
3
12
7
6
20
144
48
9
41
7
19
28
3
70
48
15
16
80
127
20
34
47
101
27
8
5
1
30
7
6
239
61
209
27
14
32
30
64
5
189
5
74
57
14
24
15
128
3
15
2
39
7
12
1
15
32
16
12
72
9
2
1
3
1
12
1
16
2
6
1
168
29
5
32
32
20
21
14
1
30
48
65
1
43
7
90
175
105
18
17
4
3
18
27
40
35
16
3
30
3
12
18
3
1
3
4
96
4
1
210
62
79
33
15
24
7
119
12
6
35
39
39
34
1
252
43
119
1
26
7
3
1
33
1
1
1
25
57
114
176
117
63
8
71
12
28
124
67
273
5
35
399
92
27
41
12
67
13
27
1
10
9
3
114
35
29
195
1
11
57
30
10
16
12
15
3
18
21
152
12
58
241
225
12
57
259
2
9
1
16
22
147
5
1
95
44
5
6
3
38
327
36
30
2
294
6
8
68
1
44
6
4
57
14
82
1
20
10
62
14
4
5
62
31
2
28
6
30
392
70
15
86
5
51
94
13
3
6
12
6
1
15
1
3
7
13
35
80
38
5
9
25
327
2
1
157
23
1
64
1
7
1
11
12
58
104
133
16
155
30
17
2
16
2
355
1
16
1
343
84
12
54
18
183
1
34
5
15
41
192
163
30
26
207
6
42
6
40
39
1
280
2
4
10
30
85
12
2
29
20
36
49
55
22
3
181
50
18
6
28
17
10
19
5
2
322
7
9
49
1
29
26
105
103
9
12
130
1
18
5
56
1
3
7
9
16
73
60
19
46
36
16
21
6
11
54
5
33
15
6
22
1
361
42
2
59
9
11
9
59
9
32
74
17
5
3
2
2
29
151
89
14
102
50
21
101
24
45
4
1
26
45
40
3
33
15
21
39
8
114
8
2
3
47
18
56
159
194
40
152
1
7
2
15
97
35
16
5
34
143
19
1
20
1
66
9
4
2
11
113
14
81
17
1
218
2
3
4
73
15
49
155
7
83
203
5
8
18
2
12
28
11
7
14
23
45
107
1
15
1
26
111
1
43
17
7
159
4
18
3
6
29
10
41
57
6
62
112
12
6
102
66
1
9
3
3
287
3
11
87
42
15
27
6
4
2
53
12
98
45
28
1
37
3
21
21
1
4
7
7
6
235
48
136
11
1
91
9
50
6
2
66
1
5
12
7
10
2
366
97
26
1
6
3
43
11
3
33
13
129
116
1
15
13
14
65
32
5
1
6
22
4
1
160
10
1
48
7
7
156
8
18
3
1
164
47
4
16
16
52
2
2
25
39
10
1
7
19
13
1
2
11
57
43
17
10
1
163
17
128
5
44
38
8
10
8
1
154
40
111
120
1
19
24
110
114
5
1
3
13
9
1
26
29
9
4
25
1
16
193
58
27
128
74
7
10
2
7
15
7
36
3
23
2
1
31
19
24
31
38
3
115
51
103
80
15
47
48
1
3
16
6
2
33
62
1
3
5
130
163
2
61
2
83
172
78
113
16
8
109
1
67
87
143
14
10
11
22
7
21
12
2
7
1
5
3
16
4
2
2
102
18
73
9
3
69
20
73
14
273
6
8
14
40
63
58
27
72
14
29
11
104
85
78
14
211
20
7
42
12
62
341
168
7
9
1
4
4
16
135
118
2
25
5
61
1
328
80
71
253
8
17
1
379
189
68
22
72
6
20
23
102
47
46
17
1
61
14
11
65
31
6
34
3
3
116
328
197
8
7
6
76
10
5
19
15
30
80
70
49
4
5
55
58
7
31
30
72
6
100
1
2
4
17
1
1
46
10
15
75
1
242
14
122
1
15
10
7
2
13
86
60
15
13
6
17
51
111
2
9
4
1
1
1
50
1
3
62
2
7
1
15
38
1
28
82
64
121
4
2
6
11
19
35
1
15
4
8
1
66
15
1
2
3
6
46
25
4
50
3
5
13
6
32
12
68
13
7
136
39
9
102
51
3
7
6
2
12
13
4
45
26
3
4
22
10
15
30
8
10
21
13
7
11
137
17
1
11
33
45
1
3
4
14
2
41
1
137
12
199
1
139
2
9
76
2
131
1
239
2
1
8
2
5
7
72
2
77
16
3
4
11
20
13
358
3
10
26
4
26
1
1
1
11
107
13
4
33
9
5
27
26
45
1
3
2
1
50
2
46
48
13
8
13
13
2
430
12
17
10
85
55
24
62
19
7
48
7
4
203
25
4
207
8
54
231
23
106
7
36
23
13
6
2
21
2
4
90
61
5
12
1
2
13
61
6
25
4
10
32
11
6
56
2
5
71
13
10
171
23
1
4
1
1
8
46
165
5
7
19
131
12
35
21
2
7
59
63
16
27
53
8
4
17
125
8
83
2
9
106
92
8
42
6
197
354
8
48
5
159
10
2
30
59
30
63
1
99
13
1
26
4
99
43
39
161
43
100
52
132
1
197
96
16
203
41
110
5
3
2
9
48
5
69
106
64
7
197
14
6
7
2
36
203
25
2
12
4
4
64
5
1
10
135
2
12
4
9
24
13
24
1
6
2
23
3
10
8
26
3
3
4
1
1
13
3
3
3
171
106
6
39
218
1
33
51
1
21
52
114
35
36
9
80
5
1
154
122
1
29
3
160
8
316
121
3
3
7
6
16
5
52
7
7
2
8
2
5
5
74
10
199
1
2
1
20
50
34
58
18
55
33
192
2
1
91
3
11
2
139
61
6
67
37
4
43
5
196
35
25
2
2
247
56
92
17
13
71
5
50
2
8
12
45
83
19
7
33
9
255
31
4
68
35
61
25
183
5
72
4
87
123
35
15
2
2
6
17
7
3
55
1
27
2
53
34
8
6
7
56
18
67
2
6
118
11
1
88
2
150
7
213
49
110
3
11
79
8
53
2
149
53
1
63
6
98
31
146
67
161
21
42
10
2
59
97
153
37
2
15
21
14
45
6
25
7
195
41
24
29
21
8
81
33
4
134
4
6
2
1
3
28
17
17
46
90
3
70
52
9
45
22
100
120
11
68
1
309
4
1
187
1
17
42
39
1
7
1
5
99
3
12
14
70
14
100
16
72
19
1
1
178
3
10
14
7
115
200
5
12
2
176
1
5
1
11
51
35
5
1
207
112
4
227
56
54
1
51
35
28
442
83
49
22
55
10
182
35
7
6
1
5
13
47
1
61
2
24
3
26
1
1
2
37
11
50
1
256
3
22
119
3
80
2
24
10
17
2
36
3
94
19
26
10
95
53
17
9
89
3
2
20
21
9
12
40
5
147
81
30
18
17
1
7
4
8
44
1
5
19
33
30
98
12
55
4
47
8
11
13
24
415
7
43
13
10
28
323
3
2
12
18
8
9
4
1
3
20
215
11
13
7
7
11
18
2
407
2
2
32
44
4
39
1
35
26
18
183
32
4
1
58
165
85
3
27
61
15
16
5
309
8
32
20
3
13
4
53
23
1
6
11
19
74
18
4
5
1
21
23
2
8
1
3
7
2
78
2
53
1
1
1
1
1
1
1
1
1
1
1
3
1
1
1
1
1
1
21
1
11
1
1
2
1
1
2
1
5
1
8
1
1
32
1
14
1
1
1
1
4
1
1
1
1
1
2
1
1
2
1
1
13
5
1
42
1
1
1
140
1
1
1
1
1
1
10
9
2
10
1
4
71
8
2
3
2
89
1
1
2
2
2
1
3
4
5
5
2
1
1
23
59
1
1
5
1
2
1
1
2
1
1
1
101
1
2
14
17
1
6
1
7
1
5
2
16
1
2
5
1
1
2
1
2
1
2
3
7
13
18
3
3
6
3
1
1
1
2
1
3
19
59
3
68
9
1
2
7
1
9
6
3
2
2
1
1
1
44
3
3
33
1
2
87
2
3
1
69
2
1
2
2
5
5
3
12
15
2
8
26
31
9
6
4
1
1
1
1
27
10
7
13
60
11
26
92
2
66
9
9
17
4
10
1
1
1
2
1
1
2
1
1
1
9
1
7
2
1
5
1
1
3
1
3
1
8
25
6
2
7
5
1
28
4
1
2
3
1
1
1
1
1
1
2
3
1
1
1
1
233
1
2
1
3
2
1
1
1
1
1
1
1
1
1
2
1
2
2
1
9
1
1
1
1
1
2
1
2
5
4
17
1
1
2
1
1
1
1
1
10
5
5
1
5
1
68
1
1
16
1
1
1
2
5
1
1
1
2
1
1
1
1
1
6
1
1
1
3
1
1
24
1
1
4
3
1
10
3
3
1
8
2
3
14
85
1
1
17
2
2
1
1
3
98
62
1
26
2
5
1
2
46
3
28
5
107
1
2
1
1
4
1
1
134
3
1
5
1
1
6
70
1
6
1
1
1
1
3
3
2
3
1
1
2
1
2
8
1
24
1
2
1
1
1
3
1
1
36
1
3
1
35
1
2
2
3
1
67
1
2
1
2
1
8
9
1
1
11
4
20
7
2
2
1
2
1
1
4
1
1
1
6
1
6
11
6
1
1
3
1
2
1
1
1
8
1
1
1
1
3
9
1
1
1
3
1
33
1
1
1
3
1
1
3
1
2
22
2
1
1
2
1
2
1
1
3
1
1
4
1
1
2
8
1
1
1
1
41
5
8
1
10
3
9
1
1
13
2
1
2
1
1
1
1
4
1
1
5
2
144
1
2
1
5
3
1
1
1
4
1
16
1
4
2
8
3
2
16
2
5
2
2
2
2
1
35
1
1
1
3
1
1
3
3
1
1
8
7
1
1
20
2
1
1
1
1
2
1
2
1
39
1
24
1
1
30
2
1
1
2
1
4
1
55
1
8
1
1
31
4
2
49
9
11
55
1
63
2
25
58
19
11
1
5
1
1
2
2
1
1
4
19
1
1
2
1
4
9
60
2
14
3
1
3
2
10
8
33
210
1
8
29
130
10
1
4
28
1
1
9
1
23
1
2
3
3
1
1
1
1
4
4
3
1
2
1
3
11
18
4
1
27
19
58
3
5
8
5
13
17
3
104
6
1
7
2
83
1
1
17
234
39
2
45
1
30
1
19
7
8
5
1
1
4
1
1
10
1
1
13
1
1
2
2
1
20
73
2
1
4
2
73
3
1
3
123
10
6
1
2
113
1
2
1
1
2
3
1
46
5
1
93
1
2
1
7
2
1
4
4
1
1
4
2
1
5
63
18
3
1
3
10
3
1
16
18
1
1
90
165
1
1
1
1
4
2
39
1
1
2
1
3
4
1
1
66
1
3
24
3
2
3
1
2
2
7
6
2
26
8
5
3
3
92
4
1
6
3
10
1
27
3
1
2
1
6
1
1
1
12
10
3
1
2
4
2
6
7
5
18
15
1
2
2
3
1
1
1
1
1
1
1
2
5
199
1
1
1
5
1
9
20
1
2
1
6
1
1
7
24
2
3
1
1
1
7
6
1
102
4
2
1
1
3
8
1
1
1
1
1
50
69
2
1
1
1
4
63
1
1
14
1
2
1
10
2
1
1
1
1
20
1
1
69
3
1
1
4
11
1
1
5
1
22
1
5
4
4
19
15
5
53
82
1
14
59
4
10
1
3
1
3
2
24
1
15
5
4
1
1
1
106
1
14
1
3
1
1
1
1
1
13
11
3
5
1
5
5
1
17
3
1
2
1
1
2
34
1
1
16
21
1
2
1
1
3
1
1
1
1
4
1
1
4
3
55
19
3
1
1
3
1
1
1
2
1
3
1
1
1
1
1
10
1
2
1
1
3
1
1
2
1
1
1
1
2
1
1
1
1
1
4
217
1
5
1
3
1
1
57
1
1
2
1
1
2
21
6
39
1
1
1
2
1
2
1
1
1
2
2
1
2
2
6
1
2
1
1
20
1
3
1
1
2
2
5
1
1
1
1
1
2
2
4
6
14
1
1
2
2
1
16
40
13
2
1
43
1
6
1
1
4
11
3
14
1
3
1
2
1
1
1
1
4
5
1
1
1
1
5
1
3
1
4
1
5
1
1
1
2
1
1
2
1
2
1
1
4
1
2
12
1
1
3
1
1
6
1
1
1
1
1
1
1
16
23
1
1
9
1
1
31
1
6
1
2
2
45
1
1
1
1
1
1
1
2
3
9
70
6
2
2
9
8
1
1
50
1
1
1
5
10
8
15
2
17
3
9
1
1
2
1
4
25
28
2
3
2
1
2
1
6
1
250
1
1
1
19
1
1
1
1
1
29
113
5
11
38
2
3
2
1
2
131
1
1
23
1
3
1
1
1
2
1
1
2
7
6
1
3
4
2
1
1
1
16
3
1
1
3
1
1
21
1
2
5
1
2
3
2
1
3
36
18
12
1
37
2
4
6
23
2
3
3
1
3
2
2
1
1
3
10
3
12
2
2
1
2
1
2
2
2
1
1
3
2
2
1
1
1
6
1
1
5
7
2
3
1
29
2
2
1
1
1
2
1
3
2
1
1
1
1
1
1
1
1
2
1
1
1
1
1
1
1
1
1
1
9
2
2
4
2
1
1
1
1
1
1
3
1
1
10
1
64
1
1
3
1
41
1
1
1
41
2
1
4
1
4
2
16
2
3
1
2
1
1
1
1
1
1
54
2
2
2
1
3
1
4
41
6
1
12
39
4
1
1
1
1
2
2
1
1
11
1
1
1
1
4
5
1
1
1
1
1
1
1
1
1
63
1
2
2
1
2
1
1
1
1
1
1
11
1
1
18
1
1
5
1
1
1
1
3
2
1
1
1
1
13
3
1
1
1
46
2
17
1
1
1
1
1
24
54
117
5
5
1
1
3
1
4
1
1
1
1
2
1
10
1
1
31
4
4
42
10
2
30
1
3
1
1
2
1
3
1
1
18
1
95
2
1
2
1
1
1
1
1
32
1
1
1
1
2
1
1
1
64
6
2
1
1
1
2
1
1
12
2
1
53
1
2
1
3
45
35
2
2
5
1
4
1
1
2
74
6
1
1
1
2
3
1
8
1
3
1
1
1
11
1
29
4
1
16
1
4
6
5
1
1
1
119
2
2
6
1
2
1
6
4
2
2
5
1
2
3
1
1
9
1
2
1
1
16
6
1
15
1
1
1
13
10
6
3
2
1
109
4
23
1
1
1
2
1
18
1
4
1
1
7
8
1
1
5
6
1
1
7
2
3
4
1
2
1
1
2
23
1
1
3
3
16
12
7
11
6
1
2
1
1
12
2
1
36
1
8
6
6
7
50
4
14
28
5
27
201
1
4
23
1
5
81
2
2
1
11
7
1
1
23
8
51
1
10
2
10
82
57
8
9
1
5
2
3
6
28
3
1
1
2
1
1
116
6
1
3
3
3
3
2
1
97
4
16
1
92
4
1
1
1
6
2
1
7
13
2
1
2
1
1
1
1
16
1
3
74
1
1
30
25
14
1
2
2
5
1
2
4
1
3
2
17
4
1
1
2
1
32
8
2
2
6
2
5
24
2
4
1
1
1
15
72
1
1
3
70
2
21
5
5
1
6
1
21
1
274
3
1
1
1
207
1
1
37
8
1
28
2
15
8
5
1
1
1
1
1
3
1
1
1
1
3
5
1
1
1
5
1
9
1
2
1
3
15
152
4
7
4
2
9
1
1
1
3
2
5
1
11
1
27
1
5
2
199
4
11
3
49
13
20
66
5
19
9
1
3
2
2
3
1
1
2
2
1
1
22
54
17
64
1
3
9
3
1
2
2
38
1
22
1
1
21
3
2
1
1
10
2
2
4
1
1
5
8
1
1
2
6
7
2
16
3
2
2
1
1
1
4
2
2
41
21
14
27
46
2
1
3
3
4
3
2
2
1
9
5
1
63
1
8
2
47
11
3
2
2
1
1
1
2
11
2
36
2
8
1
11
5
2
6
1
3
6
12
1
1
4
1
1
17
1
1
7
1
24
2
4
2
1
1
1
1
1
1
1
1
2
1
1
83
2
3
1
7
1
5
2
1
1
2
1
2
31
1
1
3
36
1
3
13
5
1
1
2
5
8
11
2
128
1
44
2
6
1
2
3
24
1
11
1
1
1
1
2
2
4
3
6
4
2
2
1
4
1
1
6
4
4
1
23
1
2
5
1
3
1
22
7
2
9
1
1
1
7
1
6
1
1
33
2
1
2
3
30
2
1
3
6
21
1
55
6
6
2
1
1
18
1
1
1
4
1
3
1
3
8
2
1
2
20
1
3
1
1
1
1
1
4
5
7
1
6
1
2
17
6
2
3
2
1
3
4
2
4
11
8
1
1
5
9
14
8
9
1
11
2
12
4
18
11
1
3
97
5
3
1
1
10
3
1
15
2
1
1
3
1
1
8
3
3
3
3
1
3
22
13
5
1
1
8
1
20
2
183
6
59
14
1
3
1
25
2
14
1
1
1
1
3
2
2
1
2
9
3
2
2
9
4
4
3
1
1
1
1
2
1
6
1
1
5
5
2
4
1
1
2
6
2
3
21
1
1
1
6
2
1
1
1
1
1
1
5
6
2
19
6
21
15
57
1
18
7
10
1
6
11
39
5
1
1
1
1
18
3
2
3
1
1
32
1
1
1
1
1
1
4
25
1
1
2
1
3
2
1
61
1
1
1
1
11
4
2
28
2
8
184
18
4
3
15
12
48
190
24
13
1
3
1
1
1
3
14
2
1
6
3
7
1
11
4
1
1
1
20
10
7
1
1
12
11
1
1
3
18
1
2
1
4
3
1
3
25
1
7
1
95
1
1
7
2
6
5
1
14
25
57
1
2
4
9
69
5
2
300
5
1
5
5
80
1
12
6
20
2
6
12
2
1
139
1
18
7
11
2
8
1
1
2
3
1
1
4
12
2
5
2
3
4
35
3
1
4
1
4
7
8
2
5
25
9
1
3
19
1
2
8
10
7
3
14
5
2
1
4
1
4
7
19
4
16
1
7
1
20
2
7
1
2
6
21
22
1
1
19
2
2
1
64
11
2
2
29
23
4
2
1
1
2
1
4
2
1
1
1
39
2
1
1
1
1
1
1
2
1
12
4
3
16
1
6
8
1
2
82
2
2
1
1
6
1
4
18
1
9
22
59
5
92
5
10
6
3
1
226
1
1
16
1
1
6
1
11
2
1
1
1
1
1
1
1
3
1
3
13
10
3
41
10
26
2
15
2
1
9
9
14
3
8
11
1
22
4
3
15
23
1
1
6
9
1
1
4
6
3
1
1
4
1
1
3
3
4
1
9
5
1
1
1
12
1
1
11
1
69
1
28
189
10
1
1
1
1
24
58
19
1
3
23
35
1
92
2
1
29
21
18
7
4
27
5
3
1
1
1
5
4
7
2
2
15
12
2
2
1
1
6
1
1
5
1
30
4
16
1
11
1
1
9
3
2
1
1
2
4
1
2
1
25
1
6
1
1
1
25
1
1
6
26
92
1
5
1
33
2
13
14
22
93
1
21
7
3
1
1
1
1
1
3
1
2
3
158
75
18
1
31
4
21
10
7
32
2
88
1
98
2
3
2
5
1
3
8
2
9
1
1
3
1
4
1
1
1
4
1
2
1
3
2
6
1
1
6
4
2
5
1
42
1
14
1
1
1
3
1
5
2
2
1
4
3
7
1
7
3
20
2
1
6
1
1
1
2
1
1
10
6
4
3
2
1
1
28
12
3
2
3
1
1
22
35
1
1
1
1
2
4
2
5
1
1
1
3
1
1
27
133
1
2
1
4
20
9
1
3
6
1
39
53
8
78
1
7
5
3
2
11
1
22
1
5
2
83
1
12
88
22
17
40
19
10
2
1
1
2
5
6
10
1
3
122
5
2
3
2
6
19
27
1
19
6
3
9
2
3
1
7
4
1
1
1
1
1
2
1
6
5
2
1
1
2
1
10
1
2
2
1
3
130
1
28
287
9
2
13
9
151
1
1
68
31
98
1
1
25
3
7
59
3
1
7
3
87
30
1
1
4
1
11
8
5
1
1
3
1
1
1
9
1
1
3
4
1
1
14
25
13
1
7
2
2
1
1
5
16
1
1
12
1
1
4
12
5
1
1
2
1
1
4
68
2
1
1
4
12
1
1
1
6
3
10
29
1
1
4
1
1
70
5
9
3
1
4
1
1
32
1
1
7
2
3
1
2
4
2
1
2
3
1
1
1
7
1
1
1
8
2
3
1
3
1
10
2
5
6
2
4
33
4
4
12
11
1
5
4
3
9
3
22
2
1
3
6
1
15
5
8
18
3
37
2
2
1
1
1
3
2
1
1
1
2
57
2
1
6
1
44
4
4
1
4
2
1
1
1
1
84
1
4
22
1
1
1
1
145
10
23
3
1
6
1
1
36
13
1
1
1
1
1
1
1
2
1
2
1
1
3
1
1
5
33
1
1
1
1
1
1
24
2
13
1
1
1
66
1
1
26
25
1
47
2
8
1
1
1
1
3
1
2
1
3
2
1
1
10
2
22
5
4
72
115
1
1
34
15
1
13
8
20
4
1
1
35
7
2
2
1
1
1
9
11
3
1
1
14
4
4
17
1
1
1
1
1
2
48
1
2
1
3
2
9
10
1
6
1
1
5
12
20
1
1
3
1
2
15
1
1
1
9
1
1
1
1
2
2
5
1
2
1
5
1
2
1
6
1
1
1
1
1
1
1
1
1
1
1
15
1
1
1
1
1
1
1
2
7
1
35
1
26
1
1
1
2
1
1
4
14
1
86
1
16
2
2
13
1
28
32
3
2
20
64
2
1
1
2
3
1
1
2
8
4
11
1
1
2
7
1
22
1
17
4
4
1
19
15
2
11
7
2
1
4
6
1
4
2
1
8
15
2
6
8
1
6
3
1
13
6
4
114
61
3
21
2
1
1
4
2
21
18
6
1
1
7
2
2
197
1
1
2
1
2
5
1
2
1
7
3
4
2
6
177
5
1
50
2
7
1
1
1
1
5
1
5
1
3
3
27
11
1
1
6
1
6
6
1
2
1
9
1
2
5
2
4
2
3
2
1
1
1
26
2
21
2
14
2
1
95
164
1
17
12
10
9
1
4
2
1
6
1
158
26
5
11
6
1
1
15
5
13
5
46
2
1
1
20
9
3
3
2
1
2
11
15
3
1
1
2
13
1
4
1
1
3
1
2
65
27
2
6
5
1
23
12
1
1
1
2
8
1
71
1
1
1
2
1
1
1
12
1
3
2
1
15
187
1
31
2
21
16
1
2
6
2
2
1
42
4
1
2
85
1
2
6
1
1
5
1
33
218
9
6
7
81
7
1
1
7
3
69
1
1
1
1
15
1
1
8
1
11
2
2
3
4
1
15
78
81
8
8
8
2
1
1
2
1
39
43
3
78
2
2
1
1
4
1
4
1
8
3
20
1
1
6
4
31
1
38
1
3
49
2
3
2
1
1
2
2
7
1
1
1
7
1
2
10
10
2
3
2
1
6
1
1
5
1
1
1
1
2
1
54
1
1
1
1
7
1
2
164
1
1
8
1
60
30
7
7
1
7
2
6
1
84
1
1
1
14
1
8
1
14
7
1
1
1
1
1
1
6
4
3
1
1
11
2
4
2
1
1
2
1
1
1
1
1
1
1
1
1
1
1
3
1
1
8
3
1
2
1
2
1
6
1
15
1
1
1
1
12
2
1
1
3
23
2
1
2
1
2
13
2
1
1
12
1
1
2
1
1
2
2
2
2
1
4
1
1
1
111
1
1
1
1
2
2
1
2
2
1
30
14
25
1
4
1
2
2
1
3
5
1
44
1
27
1
2
5
1
1
1
5
1
2
1
1
1
13
1
1
1
1
1
1
12
1
1
33
2
5
2
1
1
1
1
2
1
1
1
1
1
1
1
1
1
11
120
8
149
46
2
36
2
88
15
5
31
2
48
140
14
1
1
47
1
1
1
1
12
1
1
1
1
1
1
1
2
1
3
139
3
1
1
1
1
1
2
11
1
1
1
1
1
1
1
5
3
3
2
1
2
1
3
2
8
1
1
1
3
1
4
4
2
1
2
2
1
1
7
1
2
3
2
1
74
2
1
6
2
9
2
1
4
12
12
1
2
1
1
3
1
32
1
1
1
1
91
2
1
2
2
1
14
1
1
5
1
41
1
1
101
1
1
1
2
11
3
5
33
5
17
1
1
22
12
3
1
1
6
1
1
1
2
4
7
30
1
27
10
2
1
1
34
1
10
5
1
7
25
3
5
2
106
1
3
8
1
2
1
6
1
3
1
1
1
1
1
1
1
5
3
1
2
1
1
2
2
48
17
1
2
1
1
1
1
1
22
2
1
1
1
1
15
2
1
6
1
75
53
1
1
7
8
3
2
27
1
1
1
2
1
1
1
1
24
1
274
2
49
1
1
4
3
1
9
2
1
1
1
1
2
1
29
1
10
3
1
1
10
1
3
1
1
2
1
3
2
2
1
1
42
4
2
1
1
1
16
58
1
1
63
3
1
1
1
2
19
1
1
8
1
3
1
1
1
5
4
2
3
1
4
1
7
1
3
4
1
1
9
4
4
8
4
4
1
1
1
36
14
3
1
5
1
1
1
14
1
2
10
4
208
1
116
1
2
1
1
2
1
1
2
1
1
2
1
1
1
7
2
1
1
2
5
1
1
5
45
1
44
72
4
1
1
1
6
1
10
1
1
1
1
3
1
7
9
2
1
1
1
1
4
6
3
1
7
1
2
38
4
2
1
1
1
2
1
2
1
3
1
67
2
1
2
1
4
3
1
6
3
1
27
1
1
1
7
1
1
1
1
26
1
1
7
1
2
1
2
6
94
1
4
6
2
1
1
1
4
2
1
1
12
1
14
1
1
3
1
1
1
21
4
1
1
2
1
1
9
2
19
2
1
1
8
4
2
33
14
1
4
21
1
5
12
7
1
138
1
61
5
5
138
9
28
1
1
1
3
1
1
1
1
5
1
1
2
6
1
1
1
1
2
9
1
62
3
2
2
1
2
2
2
3
1
80
16
4
43
12
2
1
3
5
1
23
1
1
2
13
1
1
2
1
2
3
2
1
2
1
1
1
4
4
1
1
44
2
2
1
1
2
1
3
1
1
1
1
1
3
6
2
16
1
26
1
13
1
2
1
1
23
1
1
1
3
1
1
1
1
3
3
1
1
2
1
1
1
1
1
2
2
1
1
3
32
2
5
2
1
6
20
32
1
3
2
2
4
3
1
1
1
2
1
1
2
4
25
1
2
11
35
10
2
1
1
1
1
101
2
9
34
3
1
5
2
1
1
1
1
1
7
2
1
1
25
37
1
1
1
67
2
10
1
2
1
1
10
1
20
7
7
1
1
11
1
1
4
3
1
1
10
1
2
1
1
37
1
4
84
1
1
1
6
34
1
1
1
4
4
1
33
4
6
20
1
6
2
1
1
1
2
2
1
2
2
1
9
1
1
7
2
3
1
3
1
1
3
1
4
3
4
1
54
1
1
1
42
3
1
1
304
1
1
3
2
1
1
4
1
3
1
1
1
1
2
1
2
2
3
1
1
1
2
7
1
1
1
17
1
1
11
1
1
1
1
1
1
1
1
2
1
1
3
1
1
1
1
2
1
49
1
1
2
1
1
16
2
2
1
3
2
3
3
1
1
1
1
1
9
1
1
1
1
1
1
1
2
1
1
1
117
1
1
1
2
1
1
1
1
99
1
1
1
1
75
2
40
3
1
2
1
3
1
2
2
1
2
1
4
5
2
1
25
1
1
1
1
2
1
1
1
2
1
1
1
2
14
1
1
1
11
1
1
3
4
2
1
1
5
29
205
4
2
7
8
8
9
6
2
1
1
1
4
1
2
4
4
3
10
1
2
1
2
1
2
1
1
1
1
1
1
1
10
1
1
1
1
1
5
4
36
1
1
1
7
1
2
1
2
73
1
1
1
1
1
1
2
7
1
19
8
8
2
7
3
3
35
26
34
25
1
29
1
30
1
1
6
1
1
1
2
1
1
3
1
1
189
1
5
2
46
15
2
2
1
17
2
1
2
1
1
7
32
1
1
1
1
62
2
1
1
2
10
1
2
1
12
6
2
1
1
1
2
2
1
1
2
11
1
4
17
1
2
1
1
3
1
19
2
3
1
1
1
3
1
1
1
1
1
3
1
1
1
1
1
1
37
1
10
1
4
1
21
2
1
28
1
1
2
1
9
1
1
1
3
3
3
1
1
1
1
1
2
1
41
1
2
2
1
1
86
1
1
3
1
1
17
53
8
1
1
1
1
1
1
113
84
1
2
1
5
1
3
71
2
1
208
3
1
2
1
13
2
1
21
6
1
21
7
110
1
59
2
12
4
9
1
1
1
11
6
1
1
1
1
1
1
3
1
1
1
2
15
1
155
1
3
1
8
1
1
2
56
3
21
3
1
1
27
6
10
2
2
1
1
9
10
3
3
1
1
1
1
52
1
1
1
3
1
1
20
1
3
2
2
3
1
46
1
33
1
1
1
4
1
1
4
2
1
1
1
1
1
1
1
10
2
10
1
1
1
6
3
59
2
2
2
4
1
1
2
1
1
1
8
17
1
24
1
1
13
15
2
1
3
30
2
1
1
3
1
3
1
21
1
1
42
1
3
1
2
1
2
6
1
47
6
1
2
1
6
14
7
2
1
10
1
4
3
13
9
38
1
4
3
5
1
5
2
8
13
22
11
80
2
5
2
1
1
1
8
1
2
1
1
1
56
3
1
1
1
2
1
6
6
4
3
1
1
1
29
1
1
1
3
1
13
1
212
1
5
32
3
6
1
1
2
2
1
1
1
1
2
1
2
1
1
1
5
1
1
6
7
2
1
2
2
1
1
23
1
1
2
16
1
3
3
3
3
2
1
2
3
1
2
1
1
1
5
1
2
1
50
13
28
1
1
2
1
2
7
4
5
1
5
2
4
1
1
1
1
1
4
1
2
3
10
1
1
1
48
5
3
1
4
1
10
2
1
2
1
1
1
1
3
16
1
8
12
269
13
4
1
13
3
6
1
1
1
1
9
3
1
26
1
2
1
20
6
3
1
1
6
9
1
41
1
3
1
2
1
13
2
1
97
1
56
2
23
6
3
14
1
1
1
1
1
6
1
1
1
1
1
1
1
1
1
1
5
1
26
2
2
3
1
5
2
2
1
1
1
1
1
1
1
1
142
1
1
1
1
6
1
1
3
2
1
15
1
2
1
1
1
1
1
1
1
1
1
1
2
14
27
1
1
1
7
5
2
18
2
7
109
27
1
1
1
1
8
1
1
1
1
1
1
1
11
1
1
1
2
1
1
9
1
109
137
1
1
1
1
1
1
2
1
2
2
1
6
1
1
1
9
6
1
1
44
6
6
2
1
5
284
10
1
149
1
1
3
1
1
1
41
27
1
8
3
3
64
1
3
34
14
1
3
30
1
1
1
1
39
1
1
5
3
20
1
2
76
3
1
73
2
1
1
5
1
1
1
2
1
3
1
1
4
1
1
25
1
1
3
2
1
1
1
1
1
11
1
39
39
10
19
1
1
1
20
1
60
35
11
4
13
1
1
3
78
1
1
1
17
2
13
77
1
1
1
1
1
15
1
1
2
6
3
4
119
2
1
4
1
1
1
1
1
9
1
1
2
1
1
1
4
1
5
1
1
1
1
33
1
5
2
1
1
5
5
1
1
1
6
1
89
2
1
1
5
4
1
1
1
3
4
7
1
4
83
5
1
4
1
3
1
1
15
2
1
1
1
4
5
8
1
1
2
18
2
2
1
1
1
1
1
1
1
1
1
3
1
2
2
1
4
28
6
20
3
5
14
3
6
14
1
2
2
10
4
103
1
3
1
2
2
13
5
1
1
2
9
1
1
8
6
2
1
66
1
134
1
1
72
10
2
26
10
11
1
3
1
5
177
2
3
1
2
20
1
30
174
4
1
1
3
44
9
3
13
1
1
1
4
2
1
27
2
1
9
4
17
21
1
2
27
1
1
1
27
1
1
37
36
1
1
1
1
1
2
1
3
1
2
8
1
1
1
2
7
1
1
1
1
20
1
1
17
1
1
1
1
1
14
1
4
7
1
1
1
3
14
1
1
1
13
1
4
3
5
1
1
3
1
1
1
1
1
1
4
43
3
8
1
11
1
1
1
1
10
5
1
1
3
1
1
6
1
1
6
13
5
1
1
1
2
4
1
1
52
1
2
3
1
1
20
8
5
2
1
5
1
1
65
25
52
5
2
33
1
3
1
1
1
1
8
1
1
1
1
4
1
1
1
1
1
2
1
1
1
2
2
1
9
1
2
1
9
2
1
1
1
81
1
3
1
3
2
1
13
6
1
3
1
5
1
29
60
60
39
2
1
2
1
1
32
1
1
34
3
1
1
5
1
2
2
2
2
275
1
1
44
23
6
1
4
5
1
2
84
3
2
1
5
34
1
2
1
4
1
3
1
1
1
3
1
1
1
2
1
28
2
4
57
1
1
1
1
1
1
1
1
1
1
34
1
1
1
1
4
1
2
2
1
2
20
7
1
1
2
1
19
17
25
10
41
147
17
5
55
40
29
1
1
1
2
7
71
2
10
1
1
1
1
3
1
1
1
1
3
2
3
1
1
1
1
1
1
1
1
1
1
1
13
3
1
1
13
2
1
34
1
1
1
3
2
43
3
50
2
1
89
1
2
3
1
1
26
21
1
1
1
6
1
2
2
1
1
1
7
1
23
10
6
8
1
1
1
3
1
1
6
1
1
17
1
1
1
1
1
2
2
12
2
4
1
6
6
83
1
29
1
2
1
3
3
1
1
1
5
42
1
1
2
1
9
1
4
9
10
1
2
1
1
2
2
1
1
1
1
1
22
3
1
1
35
2
9
49
30
7
34
2
1
1
20
4
1
2
1
2
1
1
2
1
1
1
1
1
1
1
1
17
1
1
79
1
18
9
1
11
2
5
1
2
1
7
1
1
1
6
1
1
11
1
1
1
4
1
2
13
1
1
2
1
1
1
2
1
1
1
1
2
4
1
14
3
44
19
1
1
1
1
13
1
122
1
1
1
3
1
1
1
1
1
1
1
26
1
53
1
1
32
1
8
5
1
1
1
7
3
2
3
104
52
2
1
8
1
1
1
1
30
1
5
1
1
1
2
1
1
1
1
13
1
1
1
2
3
2
74
1
1
17
10
8
3
1
3
1
1
2
1
1
1
21
136
108
1
1
1
1
7
1
1
1
3
2
1
2
1
3
2
44
1
1
5
1
1
1
1
1
1
1
1
2
1
1
1
1
2
45
1
1
3
4
1
1
1
5
1
1
1
2
1
1
1
1
1
1
4
53
2
2
1
1
7
8
45
10
3
46
24
1
1
2
1
9
1
1
18
1
99
1
2
7
1
33
1
2
2
1
27
3
1
1
1
1
1
3
1
1
2
1
1
8
1
1
1
2
1
1
1
1
12
2
3
2
1
1
28
2
4
2
8
1
12
1
2
109
1
17
15
1
32
1
12
1
45
1
1
4
1
2
1
2
3
2
1
3
1
5
2
163
42
42
1
1
1
1
1
1
25
3
2
2
7
2
25
2
1
2
4
3
1
2
137
1
2
10
1
2
3
2
2
1
1
2
1
8
5
2
1
1
1
1
1
2
97
17
1
18
39
20
148
18
2
6
3
6
30
4
43
23
1
15
11
12
9
101
46
2
6
1
1
1
4
21
5
6
5
3
2
1
17
1
1
1
1
1
1
7
1
1
4
1
1
1
1
1
13
1
3
1
81
3
1
1
5
1
1
11
1
1
1
1
89
4
1
1
22
1
5
35
3
1
1
1
4
1
1
2
1
1
1
8
38
7
8
2
3
14
2
15
18
2
2
14
1
1
1
2
69
1
1
11
1
1
1
1
2
2
32
5
1
1
1
2
2
1
1
2
2
6
11
1
2
12
1
1
1
1
11
1
194
2
159
1
1
8
1
18
27
19
1
1
1
1
4
9
3
1
1
4
1
1
1
1
1
10
3
3
2
10
1
1
1
1
3
6
1
9
3
68
1
1
13
1
1
37
7
1
1
1
9
2
3
2
1
17
1
16
8
1
1
20
2
2
1
1
2
5
1
1
1
1
1
1
3
17
2
1
159
8
3
1
1
1
1
1
2
1
1
1
1
15
2
1
3
1
1
1
1
14
26
3
1
2
4
73
2
2
4
1
2
1
1
1
4
2
2
3
3
1
1
6
85
10
1
1
209
1
1
3
1
3
1
1
1
13
1
4
2
1
3
3
1
1
1
1
1
1
1
1
1
2
1
1
2
13
12
12
1
2
1
1
21
1
1
3
2
1
1
1
1
2
8
25
34
81
13
1
1
1
1
1
25
1
1
7
1
1
15
3
1
2
7
27
1
6
8
1
1
1
1
1
5
1
7
2
2
1
20
4
1
21
6
2
1
2
2
1
7
2
1
39
2
1
2
1
1
1
9
27
11
2
12
5
4
3
1
3
3
2
1
1
1
6
1
1
1
1
5
6
240
1
2
1
1
1
1
1
1
10
1
1
1
1
1
2
2
2
1
1
4
2
83
2
1
1
1
83
6
14
1
1
19
1
1
1
2
72
12
1
1
3
2
1
1
1
1
1
1
1
2
1
5
25
1
1
15
9
39
1
1
24
1
1
7
1
1
1
1
1
51
1
15
2
1
1
1
1
39
1
1
49
2
4
10
1
2
1
1
2
1
1
3
5
2
1
6
2
17
1
2
3
93
1
2
1
1
1
1
1
2
10
1
1
1
2
1
7
10
1
1
2
2
26
15
1
1
23
13
3
1
1
8
23
69
2
6
27
1
4
39
1
1
17
3
9
1
1
2
1
1
1
1
3
1
1
2
1
1
2
5
1
1
3
4
4
1
1
1
1
1
1
3
1
4
1
1
2
13
7
1
8
1
1
4
16
1
99
2
3
4
11
3
1
1
1
182
3
2
1
1
1
3
74
2
3
3
5
14
1
3
1
2
1
1
3
2
10
1
75
7
1
1
2
1
1
1
1
1
1
1
1
1
1
1
1
10
2
25
1
1
1
1
2
2
11
3
1
1
2
3
1
1
1
1
1
1
1
1
2
1
13
1
2
45
1
8
1
1
8
1
1
1
7
3
12
18
13
2
1
2
4
4
61
45
1
7
4
3
8
38
4
2
19
3
1
1
42
25
2
1
114
2
1
1
2
13
4
2
1
5
2
2
2
103
10
3
37
3
1
3
11
7
15
12
1
1
67
6
53
6
4
13
49
6
17
8
23
8
5
5
40
1
6
1
2
1
2
1
4
5
1
1
53
14
171
4
1
14
137
17
28
1
1
3
28
22
15
5
8
12
1
1
2
1
4
2
11
5
5
4
1
1
1
1
2
1
25
4
2
4
1
1
1
2
14
1
19
1
1
2
1
2
3
9
3
3
1
7
4
1
32
2
1
150
8
3
10
1
1
1
1
5
1
1
2
52
1
1
1
9
1
2
1
51
1
32
1
1
4
1
1
1
1
1
2
4
1
2
37
1
1
1
21
1
1
87
1
1
31
1
264
1
1
18
3
1
1
2
1
21
20
1
1
3
1
8
1
1
1
2
1
1
47
1
207
9
2
2
5
19
1
1
25
16
6
1
2
1
2
1
1
18
5
46
1
6
2
1
1
1
5
1
1
1
6
7
2
18
1
5
1
1
1
4
1
1
1
1
1
2
1
1
12
3
1
1
1
4
1
1
1
1
1
2
2
6
1
1
3
1
2
1
2
1
5
1
1
32
1
1
1
2
1
1
2
3
4
1
3
6
3
1
1
5
1
1
1
1
2
2
1
2
1
283
4
1
47
1
1
1
1
55
4
1
19
11
1
1
6
1
12
8
1
2
29
1
2
1
2
1
1
1
1
1
6
1
1
1
48
1
11
1
1
1
1
2
9
1
1
1
19
1
1
1
1
1
1
1
14
17
1
1
8
85
1
1
1
3
2
69
3
9
7
2
1
4
4
1
1
1
4
8
4
1
2
3
3
5
3
1
2
2
1
1
1
1
5
5
1
2
6
1
1
2
1
5
4
3
1
7
1
33
7
1
12
7
1
1
1
1
2
6
6
14
3
1
1
1
5
15
27
37
9
21
3
7
1
18
1
28
1
1
15
3
2
1
1
2
1
1
1
13
1
1
1
1
1
1
1
5
12
33
1
1
2
1
1
29
13
5
12
2
1
71
1
3
1
1
3
1
1
1
2
1
1
4
3
3
1
18
1
2
2
9
1
6
12
8
5
1
17
1
9
1
7
2
5
67
39
10
6
114
3
89
12
2
1
3
3
18
1
6
7
3
55
1
1
1
3
10
16
4
47
4
1
1
1
4
11
4
1
3
3
2
2
2
18
2
17
2
4
1
2
1
1
1
3
2
8
2
1
1
1
52
3
26
1
16
30
3
1
4
1
1
2
1
3
1
1
1
3
2
12
1
1
1
2
1
1
1
1
9
1
2
16
1
3
111
1
1
1
1
2
3
59
2
1
1
1
18
18
7
2
49
3
1
1
1
1
25
23
244
4
10
2
4
13
82
1
2
1
4
2
36
2
1
1
1
52
4
137
3
1
30
1
1
137
1
1
1
82
1
2
2
1
1
1
1
1
1
2
2
1
1
2
2
2
1
1
1
4
13
1
1
1
1
1
1
2
2
2
26
1
11
1
1
1
1
1
4
1
1
2
2
1
14
1
1
2
7
167
108
2
1
1
1
6
1
2
4
2
1
1
1
2
1
1
1
1
20
151
1
2
5
14
5
104
1
12
1
1
8
8
6
3
34
7
1
14
12
13
2
1
7
38
2
2
1
2
1
1
1
3
1
2
4
1
1
1
1
10
1
1
1
26
3
2
44
57
2
1
11
1
8
2
4
2
2
1
1
1
3
1
1
2
40
1
1
1
20
1
2
1
1
18
24
2
1
1
1
1
1
1
1
3
1
10
2
11
1
44
1
1
2
2
2
2
109
1
1
1
1
1
1
1
2
1
3
1
2
1
1
16
43
1
8
19
1
1
1
1
1
1
1
3
1
1
2
1
1
52
36
21
1
1
18
1
1
2
110
2
6
52
4
5
3
3
4
1
1
8
1
307
1
5
1
8
1
1
3
1
1
1
2
8
4
1
2
89
1
2
2
16
34
1
4
300
1
3
1
13
1
1
1
1
1
1
1
1
1
1
1
1
49
1
1
2
1
1
2
44
1
1
1
11
1
1
9
1
1
2
1
1
1
1
2
1
1
1
1
42
1
1
1
3
1
1
1
1
3
1
1
1
1
2
1
1
1
1
172
1
1
1
5
1
20
1
1
1
1
1
1
1
8
3
3
1
1
5
3
1
1
1
2
1
1
1
1
2
14
1
1
2
1
2
1
58
2
1
3
1
2
1
1
1
1
1
1
1
7
1
1
1
1
1
1
1
5
1
1
2
1
1
28
4
1
2
1
2
3
1
3
15
3
1
16
8
6
2
7
22
71
1
15
13
24
145
1
1
97
1
2
17
2
1
20
1
1
31
1
1
1
1
1
2
1
1
1
1
1
1
3
1
46
1
2
6
7
2
1
1
5
3
1
52
64
1
42
1
1
1
1
38
1
1
1
1
64
1
1
6
32
1
1
1
1
1
1
3
1
1
1
1
54
2
9
1
2
1
1
1
1
1
1
1
1
4
1
12
108
1
50
3
3
1
2
1
1
1
1
1
1
3
1
2
1
1
1
1
1
2
10
2
1
29
3
1
1
1
1
1
1
45
1
1
80
2
101
1
2
1
69
1
1
1
1
1
3
1
1
1
1
1
1
1
2
1
1
32
1
1
1
1
1
1
4
1
1
1
4
1
3
2
1
7
2
1
1
3
1
1
1
1
1
4
1
1
1
2
1
1
2
7
6
1
1
2
1
3
1
2
1
1
2
1
1
1
8
2
20
5
1
2
4
9
28
1
9
2
3
11
6
2
1
2
3
64
5
8
1
2
1
1
2
1
1
1
1
1
2
1
1
7
1
1
27
2
1
1
5
1
31
2
2
1
2
1
6
1
5
1
6
82
5
1
1
20
2
27
2
2
4
2
25
5
5
1
66
3
2
1
2
1
1
1
3
10
1
68
1
37
2
1
1
4
1
1
1
1
1
1
1
1
1
2
1
1
1
1
7
4
25
63
1
1
1
1
4
3
1
20
1
1
1
2
1
2
1
1
7
2
2
6
1
13
1
1
2
6
4
38
8
8
4
4
37
1
1
1
1
2
1
1
7
15
23
41
7
28
1
1
9
2
5
3
32
56
18
40
2
10
11
3
2
43
8
60
5
18
1
2
23
1
1
1
2
4
2
140
3
1
3
33
1
4
1
2
2
1
1
15
2
1
5
1
1
1
1
1
2
9
1
3
1
1
4
2
7
1
2
1
2
8
2
1
1
32
1
1
1
1
2
20
5
1
50
4
2
1
4
6
35
18
8
1
4
1
26
1
1
1
5
2
1
1
23
2
1
3
26
10
2
29
1
102
2
1
1
4
5
1
9
87
1
5
3
1
2
2
1
9
1
33
6
3
1
1
6
1
1
1
2
6
5
22
2
3
2
6
8
2
1
79
2
1
1
1
67
3
1
1
1
1
3
18
1
1
7
1
1
1
1
64
2
1
1
1
2
13
1
1
36
2
1
1
1
6
1
4
3
2
1
1
1
3
3
1
1
6
3
1
2
3
55
1
1
1
1
1
1
12
1
42
1
1
1
2
2
1
1
1
1
57
2
1
5
1
1
2
2
3
1
1
1
2
1
2
3
1
12
1
1
2
2
1
1
2
1
23
1
40
8
57
3
1
2
1
1
1
1
7
1
1
4
1
1
1
1
1
1
1
2
7
1
5
1
1
1
9
1
1
72
8
4
2
8
5
1
36
1
1
1
6
1
1
37
1
1
1
7
1
55
1
14
1
1
1
9
3
4
1
9
1
3
1
1
2
3
2
81
27
1
2
6
1
3
1
5
1
1
1
1
1
4
7
1
1
1
3
83
9
8
2
1
1
4
1
2
2
1
1
1
2
1
2
186
1
1
20
2
9
2
60
3
1
1
2
1
1
1
2
1
2
1
1
1
1
11
2
5
1
17
4
6
17
3
1
1
3
2
18
1
1
1
21
1
4
3
3
8
1
1
2
1
3
3
1
18
93
16
32
23
1
1
1
2
1
1
146
1
22
13
2
2
1
2
11
6
1
17
32
1
1
1
215
40
5
11
1
3
3
4
3
1
12
4
1
1
1
1
1
1
1
14
2
9
29
1
7
2
15
1
5
1
2
1
23
2
1
1
3
200
4
1
1
10
24
1
5
3
1
1
1
14
1
2
3
1
1
20
1
4
1
1
3
1
2
1
1
1
2
1
1
1
1
1
1
12
1
1
2
10
5
1
5
1
1
1
2
1
3
1
1
1
2
4
1
16
2
1
1
1
1
3
1
1
1
1
7
2
1
1
6
1
1
3
1
80
1
6
1
1
16
30
11
1
15
3
1
1
7
4
1
2
33
8
1
1
1
1
1
2
19
1
1
11
1
1
1
1
4
1
1
27
1
1
1
2
1
1
2
6
1
1
1
2
5
3
1
24
2
2
1
1
1
3
1
22
14
189
1
2
3
1
5
3
7
1
40
2
6
2
1
14
24
2
1
2
1
2
1
44
1
1
3
3
7
22
6
3
8
1
1
1
1
5
1
2
1
36
5
2
5
1
1
1
1
7
1
1
1
1
2
2
1
1
32
1
63
1
9
1
7
1
25
2
4
3
1
1
2
1
1
1
1
24
5
2
1
1
1
1
4
1
1
24
1
1
20
2
6
1
2
1
20
1
3
1
88
1
5
1
1
1
2
2
1
8
1
1
7
45
1
1
25
3
1
7
1
1
1
1
1
1
4
4
2
1
1
2
1
6
1
1
2
130
1
1
1
1
2
1
1
1
1
9
1
24
1
1
2
1
1
1
1
4
1
2
3
1
1
5
1
2
1
1
3
3
84
1
1
18
1
1
1
39
2
1
1
2
1
16
235
1
1
2
2
93
1
1
1
4
3
2
1
1
1
1
2
56
1
1
1
1
2
2
19
2
1
5
42
1
2
13
1
1
1
1
1
15
1
94
2
2
1
1
1
3
7
1
1
1
1
4
1
44
1
11
1
1
3
6
5
1
1
1
2
1
15
36
1
1
103
3
1
1
2
1
149
2
3
1
1
1
1
1
1
1
22
1
58
1
7
7
1
1
3
4
2
1
1
1
1
1
1
2
1
1
2
1
2
5
4
8
1
1
1
1
1
1
2
1
1
1
1
1
3
2
1
2
1
1
2
1
3
2
3
1
2
7
37
1
7
5
5
1
9
1
3
1
2
1
2
1
1
1
4
1
9
2
31
1
1
1
1
8
7
3
18
1
1
22
9
1
6
1
5
1
1
1
16
10
1
5
1
1
3
4
10
2
7
1
1
3
2
1
2
11
1
23
1
1
1
7
6
3
86
1
2
1
2
3
1
3
4
2
2
1
2
33
1
12
1
21
1
1
1
59
1
25
2
1
1
1
2
1
12
1
1
3
1
28
5
2
1
4
1
1
47
19
12
71
1
3
1
1
1
1
1
1
2
32
10
1
1
4
1
1
1
5
1
9
1
2
1
1
1
2
1
3
2
1
3
75
3
2
11
1
2
4
5
1
114
1
30
1
7
1
1
1
1
1
1
1
4
1
90
5
1
1
4
2
1
1
11
1
11
2
1
1
1
1
1
3
2
3
3
2
4
6
3
1
2
2
1
4
2
9
1
2
2
23
4
6
4
2
9
1
2
1
5
3
17
4
3
26
2
3
2
2
5
1
1
36
3
1
21
3
1
1
1
9
1
1
1
1
1
1
1
1
3
5
1
1
3
3
1
3
1
8
8
1
1
1
8
3
1
36
1
1
1
4
8
5
23
5
4
4
1
1
19
11
1
34
26
1
1
90
8
1
1
1
2
4
2
1
2
1
9
1
1
1
56
2
1
1
1
1
1
3
46
1
1
1
3
73
1
1
1
1
4
5
62
243
10
17
1
1
1
3
1
2
1
1
16
2
1
1
2
1
1
1
6
1
1
1
2
1
1
2
1
1
1
1
1
93
7
17
1
1
3
1
1
1
9
1
1
1
35
14
1
2
1
28
1
280
1
6
5
1
1
62
1
4
1
4
3
2
6
1
1
1
6
2
27
1
2
1
1
34
1
55
1
1
1
1
1
1
1
1
2
1
2
7
2
2
1
86
2
3
3
1
1
26
85
1
3
15
2
1
1
3
1
1
2
1
1
3
9
1
1
18
1
1
5
1
28
15
1
47
1
4
1
1
1
9
2
4
1
157
1
15
16
29
9
18
37
12
1
1
1
3
1
1
21
1
2
35
1
2
1
1
1
1
1
3
6
5
15
1
1
1
5
1
3
5
16
1
1
6
2
1
3
13
2
2
1
101
2
1
3
2
4
1
1
1
1
1
1
2
1
2
1
2
1
11
96
6
2
4
4
4
8
13
1
2
4
3
1
4
1
1
1
3
2
1
1
1
15
9
1
1
6
1
1
1
1
2
1
1
9
2
2
3
3
1
1
14
2
1
1
1
2
1
1
3
1
1
1
1
2
10
4
61
12
2
4
36
1
10
1
16
1
1
3
2
7
1
13
7
6
2
8
6
1
1
45
2
2
1
1
8
6
1
1
1
1
3
2
3
2
5
1
1
2
2
3
1
135
57
32
44
2
5
1
4
1
1
20
38
1
2
1
1
1
1
1
4
1
1
1
9
1
38
2
1
1
8
29
3
1
1
2
8
1
1
2
12
1
1
1
9
1
4
4
3
3
2
4
1
1
62
32
57
26
1
24
9
2
1
3
10
24
3
1
4
9
1
12
1
1
1
2
1
1
137
20
1
22
2
1
13
4
18
2
1
1
4
25
1
7
2
2
20
1
1
2
3
1
2
220
1
1
10
1
13
11
3
1
4
1
2
4
1
115
2
1
1
1
1
1
1
6
1
1
4
3
1
1
3
2
2
2
6
1
1
1
1
5
8
3
24
16
1
1
2
1
6
6
1
1
1
1
3
8
3
1
1
1
7
6
10
1
1
27
1
45
1
1
4
1
1
18
8
3
1
21
1
10
3
2
2
7
48
9
1
70
3
1
2
3
2
1
5
23
1
3
1
1
1
1
1
1
6
10
21
1
1
4
1
118
19
2
12
1
1
3
1
1
1
2
1
1
2
1
6
47
1
1
1
1
1
181
1
1
1
1
1
6
2
3
2
1
3
1
1
1
1
2
1
1
3
1
1
9
19
1
35
6
6
6
2
1
1
6
3
1
2
4
1
6
2
2
1
1
1
3
1
2
1
1
6
1
3
2
1
3
1
1
15
2
1
6
1
75
9
20
1
3
3
1
1
1
2
1
2
1
33
1
2
8
1
24
1
2
1
1
1
7
8
2
68
1
1
52
1
1
1
1
1
7
11
1
4
1
1
10
1
3
1
3
1
1
1
2
3
4
7
1
7
1
1
6
1
21
1
3
1
1
4
5
1
2
24
1
1
1
1
1
2
3
6
7
1
1
9
48
61
1
17
1
48
9
6
1
7
1
50
3
5
1
1
1
7
2
2
1
1
6
4
2
1
1
1
3
2
18
1
1
20
1
1
2
1
25
1
10
1
11
2
1
7
10
1
1
1
17
1
1
1
2
1
2
1
3
43
1
21
1
1
2
1
4
10
1
8
5
5
1
5
3
1
1
1
1
1
1
1
12
4
1
9
5
1
1
3
1
1
1
1
7
1
1
6
2
1
2
2
3
1
1
1
1
3
1
2
4
1
1
1
2
1
10
2
1
1
1
3
48
17
3
1
14
1
2
5
72
6
1
2
6
1
1
1
1
4
1
3
4
1
3
11
13
1
1
1
8
15
1
1
5
10
1
14
6
5
1
44
1
51
43
1
10
1
1
5
1
7
9
1
3
1
36
1
1
3
3
1
2
4
2
15
2
3
2
1
1
1
2
2
1
1
1
1
3
1
1
1
14
1
6
2
3
1
3
1
2
3
6
2
33
2
37
1
2
1
5
1
5
1
7
1
2
1
4
2
3
1
1
1
2
1
7
1
1
1
1
1
1
3
1
4
1
1
1
240
33
1
4
1
7
1
3
1
1
3
1
78
1
1
11
1
51
1
4
4
7
1
1
1
2
9
1
1
3
2
18
10
9
20
1
1
9
1
1
2
1
1
1
2
14
2
28
15
23
1
1
16
27
1
1
2
2
1
14
1
3
31
1
1
1
11
32
3
9
1
1
131
4
97
2
27
1
2
2
1
1
49
1
1
3
1
2
6
1
6
6
1
1
2
5
5
1
2
1
5
1
38
1
1
1
1
1
1
14
3
2
5
9
3
1
1
17
1
4
17
14
53
3
1
1
1
2
3
1
40
5
2
1
2
6
50
23
5
2
2
1
1
3
1
1
1
1
23
6
1
2
1
1
3
1
2
1
1
1
1
1
7
9
9
1
3
1
1
1
1
1
1
1
1
22
47
1
51
16
1
1
3
2
1
1
2
134
1
1
2
1
1
10
1
3
2
2
2
40
61
7
1
1
55
2
3
2
5
70
2
1
1
2
5
2
1
1
4
1
1
3
1
14
1
1
11
1
1
2
2
2
1
3
1
14
2
75
4
1
1
1
1
1
1
3
1
1
139
4
1
1
1
3
1
2
1
1
1
1
2
7
5
3
50
1
1
21
1
1
1
13
1
1
27
1
1
1
4
1
1
1
1
3
1
21
1
1
2
2
1
1
1
3
1
1
1
1
1
1
1
1
2
2
1
9
1
6
44
1
1
2
4
1
1
3
8
3
63
3
2
1
12
33
1
1
4
1
1
2
3
4
1
1
2
1
8
1
1
5
14
1
1
1
1
39
1
1
1
1
1
1
120
27
2
25
1
7
4
1
2
2
1
1
42
1
1
1
1
1
1
1
101
1
12
1
1
11
10
1
1
10
1
1
2
3
2
1
5
3
3
51
4
1
173
1
11
2
1
1
15
21
1
1
44
5
1
1
1
3
8
1
2
3
1
3
1
1
9
1
1
1
1
1
1
10
6
1
1
3
109
1
2
5
1
1
24
3
7
1
1
1
1
2
1
1
1
14
1
1
21
3
1
1
14
1
1
14
2
1
1
1
1
2
28
1
1
1
14
10
2
1
6
5
1
1
3
20
1
3
1
29
18
1
49
2
1
2
4
1
1
5
1
4
4
11
12
3
1
1
1
1
1
5
36
12
9
225
10
1
1
5
5
27
1
1
13
4
7
1
1
1
6
17
10
1
1
2
10
2
1
308
1
14
21
5
1
1
13
15
5
1
16
1
1
6
1
3
3
1
3
13
1
1
32
1
1
1
1
133
73
1
3
5
1
2
1
1
1
1
5
1
1
1
1
1
2
29
1
1
24
1
1
2
1
49
2
2
1
8
39
2
1
5
1
9
1
1
1
1
1
2
3
3
1
1
16
1
1
1
3
1
3
2
1
1
2
1
2
2
1
1
1
1
1
2
1
13
1
1
1
1
1
1
1
1
1
75
2
2
1
1
1
2
1
5
11
1
1
20
5
5
2
3
2
3
1
116
