1
6
3
15
14
4
54
1
6
1
87
4
2
25
3
3
5
5
3
2
2
10
1
1
1
7
16
6
1
19
10
1
2
10
2
16
1
1
2
6
27
5
3
2
5
55
2
3
1
1
5
2
10
11
24
1
2
27
13
12
2
5
10
5
2
2
14
15
7
3
13
3
2
20
20
2
2
4
5
2
1
2
1
20
48
5
5
3
1
3
2
6
1
2
1
2
32
65
7
3
7
2
3
2
1
16
5
2
9
1
25
8
15
21
89
14
3
18
1
3
7
15
28
3
85
4
2
1
2
7
3
1
14
3
5
3
14
1
14
11
3
30
38
19
1
3
10
2
47
2
1
6
1
7
3
5
2
77
62
2
3
83
7
1
10
1
3
15
4
30
32
2
24
1
2
1
35
3
3
6
30
1
28
53
7
1
90
2
15
23
1
3
34
2
1
3
8
60
1
9
2
5
6
6
34
4
30
5
3
23
1
1
2
10
8
2
2
1
2
3
5
8
1
2
49
5
1
8
5
23
2
23
26
2
12
1
26
1
46
2
3
2
4
1
3
1
16
2
1
4
1
4
2
32
3
7
13
9
14
8
3
6
1
8
27
42
2
23
37
28
1
3
5
17
3
4
5
1
4
12
2
2
8
28
2
2
3
1
6
6
20
2
1
20
2
2
4
5
3
2
1
12
38
29
4
28
19
1
1
17
1
15
2
17
2
2
1
13
1
14
5
6
5
3
2
3
1
108
3
7
1
2
2
1
66
1
5
15
41
83
2
2
1
1
1
1
29
4
1
50
2
1
26
68
10
22
8
2
7
6
2
1
2
7
16
11
14
59
3
9
3
2
1
1
5
1
7
22
5
8
3
2
19
2
3
19
4
4
3
1
1
23
3
53
3
10
1
5
2
16
19
3
78
10
4
3
2
10
1
4
5
4
11
2
2
5
3
1
2
1
20
1
3
7
3
4
107
1
2
1
3
60
1
4
6
105
13
53
2
55
2
1
2
4
4
2
2
41
35
4
2
7
31
3
46
8
2
7
8
2
10
1
1
51
1
17
1
5
2
3
8
1
1
2
2
5
6
38
1
1
10
20
4
8
3
12
2
1
6
10
7
7
1
1
1
21
2
6
10
1
4
3
61
2
1
11
1
3
5
11
1
7
10
1
1
3
7
3
1
2
1
1
2
25
7
2
6
2
2
19
23
1
2
58
2
21
3
9
6
18
1
6
1
1
4
3
3
1
2
4
50
7
5
1
35
5
1
56
10
14
3
2
1
10
1
1
2
7
22
3
1
3
8
21
16
1
2
51
3
7
14
8
3
92
12
2
28
2
2
31
9
5
25
47
3
1
7
38
1
3
5
1
19
27
1
1
13
1
13
61
4
2
4
1
4
77
1
2
3
7
2
6
18
1
2
2
7
1
5
1
9
9
4
7
27
10
2
4
2
8
1
3
18
16
13
1
1
6
3
2
15
4
18
4
2
1
6
11
4
14
7
1
3
47
5
34
17
10
4
1
9
50
27
12
2
11
40
4
9
4
9
1
22
1
68
4
8
58
4
1
6
1
1
3
1
2
1
1
2
12
4
1
6
2
9
34
5
8
2
26
3
1
4
16
2
2
1
1
2
7
7
61
17
2
2
2
4
13
5
11
14
15
1
67
2
2
13
14
1
25
2
4
24
1
46
1
14
1
11
6
3
2
4
8
5
28
4
9
1
8
16
1
3
1
2
1
1
2
15
6
37
10
1
1
11
16
1
1
3
5
3
4
2
1
8
2
2
14
75
4
11
39
4
2
2
20
30
5
10
4
18
1
48
3
1
2
27
1
2
14
45
15
3
4
4
12
5
1
3
9
1
10
10
1
5
3
4
24
40
2
17
3
11
4
1
1
10
13
4
6
1
1
23
2
1
19
1
15
5
65
1
1
40
1
4
1
5
1
30
22
3
3
2
92
12
16
11
2
80
9
7
5
9
5
1
5
73
8
32
7
32
2
37
11
2
1
9
45
41
3
12
1
4
1
10
12
3
21
1
12
15
1
10
47
29
1
1
18
45
1
2
33
4
7
9
1
6
5
5
2
1
5
2
17
1
37
3
2
2
1
1
8
1
5
5
3
6
9
3
37
4
5
6
3
2
96
4
1
8
3
4
6
1
2
4
14
6
3
3
4
3
1
5
1
2
1
33
2
33
3
2
19
3
10
8
36
4
24
1
2
2
4
10
23
1
4
8
2
6
35
10
2
1
6
1
1
9
1
1
12
2
9
38
1
17
9
2
1
23
2
3
2
11
15
2
4
1
19
44
5
16
3
39
1
2
2
5
69
12
8
1
21
2
56
10
26
7
33
2
5
1
9
58
4
7
16
2
56
4
10
14
19
22
7
1
1
3
1
6
1
7
2
2
3
7
8
2
3
19
4
21
10
4
2
2
4
2
1
1
2
1
9
1
4
20
2
23
8
1
7
35
1
3
15
2
1
2
4
6
4
1
2
2
8
28
52
5
6
48
6
1
17
2
32
13
9
23
1
1
3
10
13
2
25
5
99
4
1
1
3
1
71
4
1
13
7
1
3
7
9
29
3
1
2
13
2
16
2
67
2
2
1
5
5
38
3
6
3
2
8
2
10
3
2
4
3
61
2
6
2
3
3
1
20
5
10
6
6
1
3
28
2
5
91
1
4
12
16
3
2
3
3
8
48
14
2
1
30
5
68
2
2
17
32
5
2
2
6
1
4
4
1
9
4
74
5
5
4
9
2
1
1
2
1
1
6
4
5
1
5
68
3
5
1
4
2
29
4
12
5
1
1
24
1
21
13
2
10
4
1
13
10
5
9
3
24
4
1
3
1
3
3
6
5
1
4
13
3
2
1
4
1
8
3
1
1
3
1
6
1
1
8
17
6
26
1
34
4
6
29
17
11
1
2
1
1
42
1
2
43
2
106
7
19
113
41
1
45
1
7
4
7
2
3
8
2
4
2
7
5
31
6
11
6
2
28
9
30
25
1
9
2
1
26
13
24
4
8
5
1
10
1
1
11
3
8
2
6
2
1
46
15
2
38
17
2
38
14
12
2
51
16
25
2
3
4
23
7
9
1
1
1
5
3
1
64
1
9
2
1
1
21
1
1
3
2
2
13
19
1
1
11
1
34
6
25
9
5
2
2
13
15
1
38
1
1
1
6
49
2
4
26
57
26
3
34
10
5
1
1
1
3
59
3
9
3
7
2
53
4
73
1
6
3
7
1
4
65
3
3
1
24
6
12
3
17
9
9
1
1
62
9
3
10
3
71
5
7
1
3
1
7
2
4
5
1
30
2
1
73
1
5
6
3
31
2
19
2
19
1
1
2
13
53
1
4
3
1
5
2
7
10
4
5
16
9
1
2
7
13
2
3
17
2
4
2
73
10
2
2
2
106
1
1
4
4
8
1
1
59
5
9
2
8
11
1
5
20
32
3
19
25
9
24
2
4
4
1
1
2
1
1
1
3
9
29
6
1
3
46
20
30
31
36
9
1
4
20
5
10
1
15
3
2
5
3
4
1
86
16
13
6
13
3
8
3
6
53
3
2
50
18
57
6
24
8
2
1
23
1
4
15
2
5
4
4
3
18
32
3
44
31
23
23
9
2
5
1
1
14
1
3
3
2
4
1
4
14
4
3
50
22
3
82
2
2
32
11
4
7
1
1
3
2
20
3
4
2
1
1
4
9
1
12
9
1
1
12
24
42
6
1
1
44
3
2
6
2
2
6
71
1
3
69
9
10
13
4
5
22
2
3
8
5
1
42
15
35
11
2
13
1
2
4
1
2
9
2
2
1
23
30
3
1
2
9
7
12
19
6
14
1
26
1
23
5
4
4
29
1
1
1
1
2
4
1
11
14
5
1
4
1
3
37
9
3
12
5
11
3
5
7
11
12
1
2
4
15
1
3
4
3
1
5
12
3
7
1
9
23
5
46
11
122
1
3
7
1
5
1
46
6
1
1
7
9
4
1
4
23
4
2
2
5
21
7
15
1
11
11
3
5
4
26
3
24
4
1
78
5
40
8
41
1
1
1
17
2
3
2
4
6
4
4
19
1
1
8
6
2
1
27
1
3
1
2
1
1
2
26
1
4
2
18
4
4
5
13
5
10
4
3
5
38
4
7
4
71
1
2
10
5
2
11
4
7
4
32
1
2
3
31
15
2
1
2
2
1
64
58
2
1
5
2
8
55
1
17
2
2
2
68
5
1
50
2
2
2
3
1
13
3
2
79
6
18
5
35
2
4
2
3
1
20
7
2
2
3
3
16
3
1
7
1
3
55
28
18
25
19
11
16
69
26
8
13
1
2
2
28
2
2
9
8
1
35
19
86
1
12
3
3
17
2
1
1
27
9
4
1
4
8
3
6
7
7
74
5
2
2
1
8
1
9
8
1
46
6
3
1
7
2
2
2
4
1
1
1
4
2
23
23
1
65
17
29
7
15
1
19
8
2
7
18
26
13
1
1
15
51
2
2
13
1
3
15
1
30
5
3
11
5
5
5
1
1
86
4
11
59
3
1
6
4
4
1
7
2
2
2
27
3
1
2
17
81
1
11
3
10
9
5
4
3
2
7
17
3
1
83
7
20
1
24
6
8
4
1
20
12
2
2
56
3
25
4
2
1
8
4
1
6
2
2
6
2
2
2
2
24
2
3
4
2
2
2
79
2
2
2
20
1
4
2
36
4
28
5
