24
26
20
238
1
117
10
7
33
52
16
48
226
34
67
7
4
9
1
30
36
8
1
14
23
5
75
22
5
11
11
71
44
10
15
71
50
23
36
3
385
6
10
11
41
1
42
3
137
3
48
2
1
7
5
2
4
2
54
12
2
3
67
3
7
1
2
19
46
33
13
85
1
3
5
59
6
11
3
5
1
2
2
1
6
49
24
468
45
2
1
6
73
6
43
3
1
8
20
3
2
2
2
11
5
4
82
5
3
3
20
7
17
6
161
38
19
8
28
23
65
369
30
11
5
36
2
18
1
55
2
12
20
1
3
37
10
63
29
3
2
4
2
1
1
60
2
2
93
29
18
13
1
55
6
32
2
3
2
4
3
173
5
12
13
6
4
30
2
41
53
3
2
2
39
2
1
22
11
58
6
10
68
1
39
81
1
4
42
1
4
13
2
222
157
13
3
31
4
37
2
1
1
3
19
26
5
162
3
36
3
31
1
2
30
15
20
1
21
5
12
17
11
34
19
3
27
8
6
66
4
45
4
140
6
3
5
1
37
19
59
1
5
50
25
134
153
190
3
158
8
131
4
84
77
68
42
2
20
5
2
2
10
9
6
1
17
12
2
1
2
54
2
4
4
4
1
18
53
54
134
23
3
8
2
32
40
23
25
14
391
7
1
8
6
54
1
1
22
15
1
9
1
12
144
32
18
2
117
6
1
163
3
31
124
31
2
1
22
1
4
1
14
8
65
77
1
40
2
21
15
89
2
12
38
48
25
71
80
50
24
206
20
22
80
2
3
25
332
39
9
22
96
9
47
112
13
18
1
1
7
25
6
65
2
2
4
5
1
22
202
94
191
3
17
1
45
12
58
313
3
154
11
3
1
8
7
6
1
5
5
29
17
3
21
266
1
2
453
2
38
118
6
105
2
7
13
2
10
14
33
41
3
186
8
6
22
12
96
81
470
33
3
14
4
27
81
249
4
15
34
16
14
3
373
3
15
2
42
101
196
1
11
87
109
84
8
11
171
16
10
3
17
48
6
15
4
10
9
2
29
17
482
47
5
15
32
2
8
2
2
460
22
4
22
3
1
46
22
23
1
2
4
3
28
9
5
69
48
3
5
7
53
17
46
8
42
30
26
4
6
5
6
11
9
23
4
2
72
4
31
8
28
10
39
3
13
1
19
7
1
26
7
1
2
4
19
105
12
40
2
236
7
10
18
85
4
2
2
2
1
3
332
331
9
114
10
7
95
97
140
212
3
1
15
9
10
2
1
13
1
29
65
86
7
19
57
146
3
9
15
6
46
54
2
6
5
19
18
1
5
35
2
24
4
1
31
139
111
1
16
11
13
1
13
2
9
40
86
8
23
1
29
218
23
50
2
217
24
1
112
1
1
14
13
2
8
1
7
76
2
15
2
36
6
5
2
257
4
1
3
23
46
1
80
39
5
6
7
10
271
33
21
167
2
7
3
28
231
2
32
22
44
54
31
1
7
21
24
1
38
3
7
4
20
19
1
31
5
58
126
20
6
15
1
35
2
2
49
15
161
18
2
11
16
2
47
5
10
28
419
83
24
446
66
2
20
28
11
4
143
18
8
1
5
21
45
17
7
15
3
20
1
86
52
14
27
17
2
5
20
22
48
118
11
7
2
10
1
3
1
28
32
21
1
14
8
102
15
13
27
9
26
46
1
34
4
120
26
118
21
4
1
29
16
1
88
1
4
8
10
9
2
24
2
14
43
5
67
4
3
12
10
8
58
35
38
11
2
23
8
7
24
4
120
5
93
22
20
1
2
128
10
1
69
17
4
30
144
37
189
22
1
5
148
1
9
53
1
68
2
1
7
2
4
4
30
85
3
7
2
22
6
33
50
1
12
2
33
2
3
24
15
3
7
100
2
5
49
7
1
65
129
128
4
2
4
12
43
69
31
84
6
110
41
3
289
2
52
7
9
33
63
4
12
13
35
8
9
17
2
3
46
5
2
4
5
68
2
23
163
41
2
2
67
2
25
47
3
40
2
9
2
6
34
108
398
1
1
1
3
37
3
4
5
3
1
5
14
26
5
3
9
1
1
8
2
2
3
156
1
14
30
3
66
5
11
19
1
1
2
16
28
92
2
2
71
9
32
5
11
71
10
15
25
82
45
1
1
2
54
10
7
26
1
140
2
18
4
55
9
17
6
12
14
4
4
2
3
74
1
18
9
14
21
9
18
27
1
37
2
4
10
6
49
7
12
7
2
4
42
15
16
1
5
133
131
26
8
114
2
3
28
1
127
106
148
9
1
4
32
1
3
9
1
30
2
9
2
2
7
51
2
9
6
95
73
1
8
2
2
8
2
2
37
9
152
9
4
2
2
2
3
42
3
33
3
7
2
95
41
2
6
54
4
46
2
38
5
2
1
32
4
3
6
10
23
351
102
18
4
4
7
4
2
24
247
16
1
11
5
1
2
20
2
4
6
6
48
65
2
73
1
24
11
9
2
139
5
15
27
2
6
11
28
5
13
155
4
73
2
13
220
5
22
3
55
63
2
61
21
19
4
13
35
17
37
23
1
21
129
15
115
1
31
67
1
60
4
9
71
1
64
6
5
1
130
1
4
1
25
1
7
6
61
23
4
2
8
4
3
2
15
3
118
34
4
17
2
17
3
156
93
2
4
6
5
1
5
281
224
1
2
1
4
16
25
13
1
1
109
38
18
14
205
99
19
12
12
50
21
2
11
68
142
1
26
28
2
4
33
66
10
14
40
14
7
4
8
3
13
62
2
15
22
7
7
143
48
2
36
11
182
464
32
1
17
8
28
10
11
74
27
51
1
1
98
7
19
57
1
47
46
33
3
92
18
20
6
12
4
47
6
1
4
247
2
8
40
5
2
44
135
12
4
9
1
5
2
1
7
91
1
10
30
66
11
31
129
5
1
2
41
48
51
2
48
6
2
12
4
2
55
19
13
64
4
1
7
10
115
1
4
1
2
25
17
3
31
61
2
13
360
42
27
12
16
152
17
13
42
33
2
31
15
32
16
4
15
34
28
191
2
1
1
3
1
62
7
4
24
1
6
10
62
27
2
9
2
1
103
1
23
32
34
1
1
10
23
5
1
24
33
3
9
44
193
202
8
15
15
3
1
84
3
15
20
9
1
4
23
5
88
1
16
73
21
27
12
2
44
1
8
1
1
3
1
1
32
24
97
55
29
45
16
5
2
2
10
37
1
8
20
10
26
93
115
15
53
1
89
20
33
362
3
7
3
10
30
172
1
3
89
43
1
1
367
56
7
1
4
3
1
10
13
44
5
1
12
134
16
1
143
35
5
7
4
1
49
30
2
1
32
11
16
36
48
26
3
28
6
1
158
33
85
23
33
5
19
9
105
1
2
50
95
8
25
42
1
5
10
2
2
1
8
3
7
2
103
148
39
6
4
21
30
64
48
2
6
306
2
2
23
13
21
6
467
4
