12
28
67
5
13
27
1
85
5
23
7
49
13
14
12
99
53
46
181
83
7
31
1
3
1
18
115
48
17
8
2
42
1
67
16
74
6
21
67
34
229
53
1
1
69
110
6
4
106
47
17
24
59
23
27
16
44
8
1
11
349
58
74
160
9
38
3
1
3
14
29
1
46
15
28
15
189
18
88
72
7
45
27
24
33
10
47
26
7
6
359
6
10
37
45
126
29
99
18
5
17
14
40
42
48
67
1
11
1
2
1
6
23
250
162
4
46
6
21
12
153
2
32
39
130
22
55
2
1
42
1
2
25
11
224
1
5
3
9
36
18
6
111
6
2
42
9
26
5
7
50
53
23
25
98
389
91
27
2
1
19
17
1
38
245
6
3
61
27
70
6
9
58
5
7
8
8
22
6
26
1
2
24
27
125
15
9
2
11
71
120
76
50
74
166
5
80
4
29
13
45
1
13
1
5
2
5
61
88
60
5
14
110
2
148
24
42
9
58
1
15
28
5
3
25
2
9
4
6
9
3
1
80
24
63
3
14
55
1
7
20
13
23
2
205
17
10
75
57
2
2
7
9
40
6
8
41
33
38
47
7
34
20
5
3
291
50
5
56
63
141
44
19
4
8
68
1
36
1
94
22
38
109
52
74
115
136
340
14
52
4
16
41
120
11
140
97
2
9
1
4
3
36
39
82
1
8
49
5
1
54
15
20
3
2
20
72
18
3
27
21
58
151
7
26
50
28
72
19
11
88
7
114
8
23
101
148
83
15
31
5
66
9
19
55
6
72
64
133
65
8
2
2
2
14
38
20
30
9
41
117
25
1
5
116
12
59
33
70
6
76
45
63
8
125
22
226
103
16
20
9
14
3
40
28
1
2
48
75
7
8
118
169
14
43
28
14
9
16
1
61
1
6
117
2
21
7
65
10
1
1
8
39
28
12
18
1
30
15
1
393
138
10
91
128
47
3
56
10
1
104
13
1
43
1
186
49
118
17
3
1
86
9
8
1
2
4
12
2
8
50
7
61
3
4
9
4
2
28
18
1
1
66
115
3
47
88
56
42
60
98
34
6
8
12
75
4
6
5
16
16
1
9
2
24
152
26
3
19
1
19
1
44
129
30
50
13
1
2
26
44
55
6
206
23
11
69
3
137
5
354
13
14
66
60
45
8
3
7
29
4
4
5
10
5
3
5
13
42
27
34
49
35
4
40
53
72
5
3
51
7
4
11
3
42
1
9
82
30
3
20
2
1
47
35
147
3
3
4
31
6
7
57
22
7
2
1
3
5
49
23
55
2
3
14
164
52
148
92
9
30
11
97
19
5
84
18
2
41
4
216
17
10
19
7
7
4
22
43
4
110
1
1
7
2
2
4
1
2
3
22
7
8
8
15
2
70
67
4
82
27
26
64
6
6
24
57
17
7
28
10
33
75
27
24
108
24
55
59
37
43
119
134
21
18
12
18
1
17
8
2
26
88
5
102
30
2
75
13
198
301
31
50
101
103
6
124
95
1
36
9
91
10
68
1
4
15
26
44
1
112
8
37
71
6
2
1
15
38
21
2
3
14
6
9
1
13
5
73
203
36
38
7
25
21
1
5
14
141
1
60
256
71
134
13
41
118
2
2
132
114
16
27
96
4
7
47
159
5
312
18
295
19
6
1
137
9
105
2
15
4
9
60
12
64
79
17
95
180
68
27
3
45
19
2
53
13
60
1
5
102
21
13
1
3
76
3
31
2
5
43
85
8
142
211
9
17
1
4
189
20
10
18
6
222
5
19
180
10
7
7
55
4
2
2
7
15
1
2
2
3
11
105
41
7
1
2
8
160
9
2
3
51
244
14
91
6
113
9
37
44
2
45
1
81
18
74
2
2
106
5
78
4
1
7
7
2
43
12
53
93
13
78
25
5
1
53
28
240
68
24
69
11
2
47
30
8
2
116
4
103
11
19
174
126
1
11
11
21
13
24
43
7
249
7
45
8
22
5
48
19
14
1
165
2
2
3
18
2
19
25
4
47
13
76
5
1
186
30
60
64
35
1
12
1
8
82
2
26
30
14
11
384
79
5
1
21
298
1
66
17
60
10
37
12
1
7
15
12
3
1
9
7
1
1
125
17
37
22
19
10
44
9
51
1
33
80
1
44
16
108
5
2
20
15
21
21
20
44
2
10
8
243
3
25
14
16
399
1
5
5
18
1
9
13
12
172
3
16
44
6
9
156
1
7
242
5
16
7
21
11
10
164
9
15
130
24
21
2
3
167
42
2
85
78
38
26
16
88
36
4
195
1
7
42
18
1
140
10
57
3
50
134
21
42
1
6
1
4
69
20
2
28
34
88
3
159
48
3
93
7
4
9
3
6
155
154
6
21
8
56
27
88
15
7
23
31
12
19
53
2
10
15
11
114
22
81
15
108
16
186
221
78
4
194
1
98
33
3
5
34
6
3
5
28
1
5
57
34
20
17
8
9
228
1
29
28
26
33
14
13
62
79
50
26
59
7
5
12
45
2
10
84
15
39
128
10
6
13
13
13
1
7
37
3
13
54
19
6
19
5
1
1
1
1
1
1
1
1
1
1
1
1
1
3
7
31
15
2
1
1
1
24
10
26
17
20
238
1
2
6
1
140
6
1
1
2
117
4
10
1
1
3
68
2
2
1
10
13
3
1
4
1
1
1
1
1
1
2
2
1
2
5
3
6
1
1
1
7
1
12
1
1
33
3
1
1
1
1
3
52
1
1
1
1
1
16
1
1
2
1
2
4
1
1
1
48
1
6
1
1
2
1
2
41
13
2
22
1
9
2
3
226
4
2
5
4
34
67
1
2
4
1
2
7
28
6
1
1
1
1
1
1
8
9
12
7
1
4
16
9
2
1
1
2
7
3
1
2
30
1
3
11
36
1
2
5
5
8
1
1
1
1
21
1
10
1
7
2
3
13
1
5
14
228
23
1
5
5
1
75
1
22
2
55
6
4
8
2
5
3
7
2
2
2
7
2
1
13
5
2
1
11
2
2
5
11
1
1
1
1
3
1
1
2
71
1
1
1
1
1
1
1
44
1
10
1
15
2
2
2
1
1
1
1
71
1
4
2
8
7
18
14
1
1
2
1
11
4
1
3
50
1
1
1
1
1
1
2
1
1
1
3
1
1
3
23
36
3
3
1
1
1
3
2
1
385
1
1
1
1
2
7
21
2
2
1
1
1
1
1
1
2
2
41
1
1
5
1
3
1
2
1
16
1
1
2
1
5
3
6
5
1
1
7
2
3
1
3
3
1
7
10
4
1
11
41
5
1
42
50
34
1
3
3
1
1
1
137
1
3
2
1
1
1
1
2
3
21
1
1
48
2
1
3
1
2
1
1
7
5
1
1
1
1
1
1
1
1
1
1
1
1
1
1
5
1
1
1
1
1
3
1
2
1
1
1
4
1
3
1
1
1
1
1
4
2
1
5
1
1
2
54
1
11
55
1
1
6
1
1
1
4
2
1
1
1
1
1
1
12
4
1
2
2
3
1
1
1
2
1
1
1
2
1
67
2
1
2
1
3
7
1
2
1
1
2
74
3
1
14
1
19
1
1
46
1
4
1
33
39
2
100
1
13
2
24
1
4
85
1
1
3
10
23
2
33
33
3
5
1
1
1
1
1
1
1
59
1
3
1
1
12
6
11
2
2
1
3
1
1
1
1
1
1
1
1
2
1
1
1
1
1
1
1
1
1
1
1
5
2
1
4
6
1
2
7
2
1
5
1
5
1
1
1
1
9
1
6
3
9
6
1
3
2
1
1
1
4
1
5
1
2
3
1
1
1
2
4
2
1
1
2
8
1
1
1
6
49
5
24
1
2
1
3
1
14
4
1
4
2
1
1
5
468
1
5
2
1
1
45
2
1
4
1
1
4
1
1
2
1
1
1
7
1
10
1
9
1
1
1
94
1
6
9
3
6
7
2
3
2
1
1
1
2
1
4
1
1
5
2
73
2
1
4
1
4
1
2
3
1
2
1
1
6
2
2
43
1
1
1
1
3
1
6
2
12
1
1
4
3
1
1
2
2
1
1
1
1
1
3
1
1
3
1
2
1
1
3
1
5
1
2
1
1
1
1
7
1
1
1
16
5
6
2
1
1
1
1
1
1
3
4
5
14
8
1
5
3
1
37
8
1
20
6
1
3
5
7
3
1
1
1
2
1
2
1
1
3
1
1
1
1
2
1
2
1
2
20
1
11
1
1
4
14
1
1
6
2
12
5
14
3
7
1
1
1
1
1
2
1
1
9
1
1
1
1
1
5
1
2
3
16
1
3
1
3
1
1
1
3
4
1
5
3
3
1
1
5
2
1
82
1
5
11
2
13
3
1
1
1
1
2
1
1
1
3
1
3
5
1
1
20
221
13
109
5
66
1
7
17
42
79
194
4
11
18
7
40
26
4
9
17
5
11
2
21
1
6
16
58
134
15
6
3
1
1
10
2
161
1
38
24
1
1
1
18
1
19
1
3
1
1
11
16
17
10
3
2
3
3
2
1
3
1
3
1
8
1
28
1
1
1
1
1
2
1
2
1
1
1
1
2
1
1
2
12
1
2
1
1
8
2
1
2
1
1
1
1
1
1
23
65
1
4
1
1
10
369
1
1
1
1
1
1
1
1
1
1
30
1
1
2
1
2
1
3
1
1
8
1
1
1
6
11
1
1
1
3
5
1
2
1
1
1
1
1
1
1
36
1
1
1
2
1
21
1
2
18
1
1
12
1
2
8
6
1
15
1
5
22
21
1
1
2
19
3
55
4
1
2
1
1
3
1
1
1
1
1
2
1
2
1
12
1
20
1
5
1
1
1
1
11
1
1
2
2
1
1
2
2
4
19
1
24
1
1
3
4
1
1
1
7
2
3
8
37
26
2
10
1
1
2
12
1
1
1
1
1
1
6
1
63
29
1
1
1
2
1
1
3
1
1
2
1
2
1
2
1
1
3
3
1
1
1
3
3
1
1
1
1
2
11
1
1
1
10
1
1
4
2
2
1
1
1
1
1
1
1
1
1
1
1
1
1
1
1
1
1
4
1
1
1
2
1
1
1
2
1
1
1
2
1
1
1
2
1
1
1
1
9
2
2
1
1
1
1
1
3
1
1
1
1
2
1
1
1
1
3
11
1
2
6
1
5
5
1
1
1
6
1
1
1
1
1
2
1
60
2
1
2
1
2
1
1
1
2
3
1
93
2
1
1
1
1
1
1
29
1
3
1
1
1
1
1
1
3
5
1
18
1
1
25
1
3
5
1
1
4
33
13
1
1
1
1
1
2
1
2
5
55
2
1
1
1
12
1
2
1
33
6
14
1
2
5
9
1
32
1
1
3
1
2
11
6
4
1
2
1
3
1
1
1
2
2
1
1
6
48
300
20
2
3
1
2
4
5
56
2
1
1
3
1
1
5
1
10
2
17
50
18
12
3
1
1
1
2
1
2
1
1
3
2
2
7
1
1
173
5
7
5
1
1
4
1
23
21
1
1
23
1
1
12
1
1
1
2
2
7
1
1
19
1
8
1
13
6
2
87
2
1
4
8
30
2
4
1
110
1
37
12
2
1
5
3
41
7
53
29
6
1
1
1
1
2
8
7
3
14
2
1
1
1
1
1
4
1
76
1
1
1
148
178
1
2
1
39
2
13
5
2
19
1
12
2
1
22
1
13
1
5
1
1
1
11
1
58
1
1
2
1
6
1
3
6
1
10
1
4
3
2
1
2
1
1
1
1
1
3
2
1
1
1
1
1
1
3
16
68
2
5
9
1
59
1
8
1
2
1
1
39
81
1
1
2
4
4
1
2
7
1
42
2
2
1
5
4
1
4
4
4
7
15
1
1
13
10
1
1
1
2
1
5
2
2
33
1
6
1
5
6
1
1
222
157
5
14
6
13
2
1
1
1
3
1
1
1
1
1
1
1
2
1
3
10
2
1
1
58
3
1
3
31
2
13
1
1
1
7
2
4
2
4
1
1
1
6
1
1
3
3
1
1
1
1
37
4
2
3
1
2
1
1
2
1
1
1
2
1
2
1
2
2
1
1
1
1
1
1
1
2
1
3
3
1
1
1
19
1
1
2
1
26
1
2
1
1
5
1
3
162
1
1
1
3
3
3
1
1
6
36
3
1
1
1
4
1
1
31
4
1
1
4
1
2
12
1
2
1
4
16
2
1
1
2
1
17
1
1
1
30
1
15
1
5
2
2
1
7
1
5
1
2
1
3
1
1
1
7
4
1
1
3
1
1
20
6
1
1
1
21
5
2
1
1
1
1
1
1
1
4
1
1
2
1
12
1
1
17
2
1
1
11
1
3
2
1
1
5
1
1
1
1
1
4
3
34
1
7
22
1
2
1
2
19
2
1
15
1
1
1
1
3
7
1
2
1
1
1
1
27
1
8
3
7
5
4
4
7
4
2
1
1
1
1
1
1
1
2
5
1
1
4
1
2
129
17
1
1
2
1
1
2
1
6
66
4
1
45
15
1
1
1
1
2
4
2
128
2
1
1
1
1
1
3
140
1
1
6
3
4
1
2
1
1
1
1
1
1
5
1
1
37
1
1
1
1
1
1
1
1
1
1
5
1
1
4
19
23
59
1
1
1
2
3
9
1
2
5
2
1
1
1
1
1
1
1
5
1
1
5
1
26
5
5
1
1
1
6
5
1
2
1
1
1
1
27
40
65
50
1
1
2
1
1
5
1
1
25
2
2
22
1
2
17
1
1
134
2
3
2
4
2
2
153
4
1
3
68
1
47
3
2
1
4
1
13
1
1
33
7
1
190
1
1
2
3
1
1
1
158
1
1
37
3
8
131
2
2
6
62
2
1
1
13
1
1
1
1
1
40
7
5
1
6
3
3
3
4
1
2
1
1
2
1
84
1
1
1
1
77
6
1
1
1
68
1
8
2
1
1
1
1
1
1
1
3
3
2
2
1
42
8
1
2
20
1
1
1
1
1
5
1
3
1
1
2
1
7
1
1
1
2
1
4
6
1
1
6
1
2
2
1
2
1
3
3
10
5
1
2
1
1
1
4
1
1
1
4
1
2
1
1
2
1
9
1
2
1
1
1
6
1
1
1
2
1
3
1
3
1
1
1
2
1
3
3
1
2
1
1
1
2
1
1
1
28
17
1
2
1
8
12
1
1
3
1
2
1
1
1
2
1
7
2
5
1
2
5
2
2
2
6
3
1
1
33
8
1
31
1
4
1
2
12
1
186
2
2
1
1
1
2
1
2
1
1
1
1
2
1
14
2
9
2
54
3
4
2
1
2
1
1
1
1
1
2
1
4
1
4
1
1
1
2
4
1
1
2
4
4
1
1
1
7
1
1
1
2
1
5
1
1
3
1
1
8
2
4
18
1
1
3
1
1
1
7
1
3
1
1
1
1
53
1
1
1
54
6
2
3
3
134
1
1
2
23
3
1
3
1
1
13
8
23
1
2
2
2
3
32
1
1
5
1
1
1
1
2
1
1
40
23
25
14
1
1
1
7
8
1
2
1
391
7
1
13
3
1
7
1
2
2
2
1
3
21
3
8
1
1
1
8
1
6
5
54
2
1
1
2
3
22
1
4
1
1
2
1
1
5
7
3
1
1
1
1
1
3
1
65
1
1
1
1
1
1
22
18
1
2
1
1
2
2
1
15
3
7
2
1
1
3
1
23
1
1
2
1
1
14
7
2
2
2
4
2
1
2
1
15
12
3
9
5
3
1
2
1
1
1
1
1
1
1
1
1
12
1
1
1
1
4
2
3
1
1
2
1
15
1
1
2
144
1
2
5
1
1
1
1
1
2
1
2
32
2
3
1
1
18
1
2
4
1
1
1
1
1
1
2
3
1
5
1
8
1
1
2
117
1
1
1
2
1
6
1
1
2
1
2
21
2
1
1
1
1
1
2
3
3
1
1
1
1
1
1
2
1
1
1
4
1
1
2
2
1
3
6
1
2
1
1
163
4
1
1
1
1
3
1
2
1
1
1
1
2
31
1
124
31
1
2
14
1
3
1
1
1
1
1
22
1
1
8
1
1
1
1
1
1
5
2
1
6
3
1
2
1
4
1
1
2
1
1
14
2
1
1
2
2
4
2
8
1
1
1
1
1
65
1
1
77
1
9
2
4
3
1
5
1
40
36
1
1
2
1
3
21
5
9
1
1
1
1
1
1
1
1
1
5
9
2
1
2
5
1
2
4
5
1
15
1
1
1
1
1
1
1
1
2
1
1
1
1
1
2
3
1
1
1
16
2
1
1
45
1
1
89
19
1
3
1
2
2
3
1
6
6
11
3
1
4
1
1
5
51
1
26
12
38
5
58
28
3
53
1
1
48
81
19
25
71
11
1
1
71
1
1
1
2
1
1
3
1
1
80
3
4
62
2
1
2
1
1
1
1
11
1
3
1
50
24
1
9
1
2
1
1
9
1
206
6
1
3
1
1
2
1
20
1
1
1
3
1
2
3
1
2
1
22
1
1
3
8
2
8
4
2
1
1
80
1
2
1
1
6
14
1
3
1
25
332
3
1
1
39
1
2
1
1
9
2
4
1
3
8
1
1
1
1
1
2
1
7
3
1
9
1
3
10
1
9
1
22
8
96
2
3
1
2
1
1
1
3
4
9
2
12
2
47
1
1
2
8
112
24
53
28
7
13
1
1
1
2
1
2
18
1
1
1
1
1
3
1
1
1
2
1
1
2
1
1
1
1
1
7
8
1
2
1
25
1
1
1
6
1
1
1
1
1
1
1
65
2
1
1
2
1
2
2
5
1
4
6
1
1
8
1
5
2
1
4
2
1
1
2
1
13
3
1
1
1
4
2
1
1
1
1
3
2
2
1
3
5
1
2
1
5
16
1
1
1
22
1
2
1
1
1
1
1
202
1
1
1
1
2
1
94
10
191
1
1
2
1
3
1
1
1
2
4
1
1
3
17
1
1
22
1
2
5
1
3
1
1
1
1
2
1
3
1
1
1
1
1
1
45
12
3
58
3
313
2
2
4
1
1
1
1
1
1
1
1
4
92
5
1
1
1
3
1
1
1
1
12
42
1
1
154
1
1
1
1
11
3
1
1
1
3
1
3
2
1
1
1
1
2
1
1
1
1
2
1
1
1
1
1
8
7
2
1
6
1
1
1
1
1
1
1
1
1
1
3
1
1
1
8
1
1
1
1
2
2
1
5
1
1
2
1
5
1
1
5
3
1
1
1
1
1
1
1
29
4
1
1
2
1
1
4
9
17
3
21
266
3
1
1
1
3
2
1
3
2
57
19
1
1
3
453
1
1
1
1
2
1
1
1
1
5
16
2
38
1
54
150
1
118
9
1
1
23
1
5
1
2
1
2
1
1
1
1
6
1
35
3
3
13
105
1
2
16
3
1
1
7
1
2
50
2
12
1
13
4
2
2
1
1
4
1
5
1
1
4
2
15
21
18
6
1
2
10
14
33
41
5
6
2
1
1
1
1
2
1
1
1
3
1
2
1
1
1
2
1
186
30
3
1
4
2
5
2
22
44
8
2
1
5
6
2
3
1
4
4
1
2
1
8
2
22
12
6
12
96
1
2
2
1
1
1
81
1
1
1
3
8
21
7
470
5
33
27
3
25
1
14
4
3
1
1
4
2
27
18
1
17
8
10
81
1
249
4
1
8
1
2
1
15
4
34
6
1
121
3
1
13
1
1
1
70
1
3
18
2
1
3
2
1
10
5
3
7
23
7
2
1
1
2
1
1
1
1
1
16
2
1
1
1
1
1
3
1
3
1
1
1
3
1
2
1
1
3
2
1
14
1
2
3
1
1
2
1
1
2
2
1
1
1
43
1
1
2
1
1
2
1
1
373
1
1
1
3
2
1
15
2
81
1
1
1
8
1
1
3
2
42
1
1
2
1
1
101
19
1
2
1
1
1
6
1
1
1
3
4
1
1
5
196
1
1
15
1
2
18
11
8
87
1
1
1
1
109
1
1
1
1
1
84
2
8
11
2
2
171
1
1
2
16
1
1
5
1
2
1
2
3
1
1
6
3
1
3
2
2
4
1
18
2
10
1
1
1
1
3
4
195
17
1
1
1
1
1
1
1
1
3
1
81
1
4
3
1
48
4
2
1
1
1
1
1
1
3
1
1
1
2
1
3
1
1
1
1
1
1
4
1
1
1
1
2
1
2
6
1
1
1
2
2
1
1
1
1
15
4
2
1
1
1
2
5
1
2
2
10
2
10
8
1
1
1
9
16
1
2
29
4
17
1
1
1
1
1
482
1
1
47
1
1
5
5
6
2
1
3
1
2
1
1
1
1
1
1
1
15
1
32
2
1
1
1
1
24
1
2
3
2
1
2
1
2
1
4
2
1
1
3
5
1
17
3
8
139
12
29
14
17
9
2
3
3
37
1
2
17
2
14
12
1
460
22
3
2
12
4
4
9
1
103
22
3
1
1
13
4
1
1
46
1
22
1
3
23
1
6
1
1
1
1
1
1
1
1
1
1
2
1
1
3
1
3
1
1
7
2
13
1
2
1
1
7
2
18
1
1
4
1
3
3
28
1
3
4
1
6
1
1
1
89
34
1
2
26
27
1
6
1
24
45
5
9
4
15
5
9
26
1
9
11
2
69
48
3
7
1
5
3
2
7
1
2
79
11
53
1
17
7
9
1
23
46
20
8
2
42
4
2
30
1
7
4
12
26
2
2
50
13
1
1
2
2
13
4
1
6
5
1
2
6
7
1
4
3
2
11
7
18
79
1
1
9
12
23
1
4
1
1
22
11
1
39
9
65
2
3
17
6
1
1
14
3
42
7
20
72
4
1
2
1
2
1
2
1
1
14
3
1
1
1
1
1
1
1
5
1
1
1
1
1
2
1
2
1
3
3
4
3
1
1
1
4
31
8
1
1
1
1
4
28
1
1
1
10
1
1
1
1
39
1
1
2
1
1
1
1
24
1
4
5
5
28
1
7
3
1
1
3
11
119
2
1
7
1
1
15
6
1
1
1
3
36
1
13
34
6
1
19
2
2
1
1
1
19
1
1
1
10
7
1
2
1
1
1
1
1
1
1
6
1
1
1
1
1
10
1
107
2
1
26
2
7
4
3
1
1
1
1
1
1
1
1
1
1
1
1
2
6
4
2
1
2
1
1
48
35
3
19
9
47
5
6
1
1
88
105
2
1
3
3
1
12
1
2
1
2
2
1
1
1
1
2
1
1
2
1
12
2
1
1
2
40
15
1
2
31
8
1
1
1
6
3
1
1
1
2
1
1
1
1
1
1
2
1
1
236
1
1
42
1
11
29
1
1
1
1
1
7
2
10
1
1
2
1
1
1
1
2
18
85
2
1
56
4
7
2
1
1
1
1
1
6
1
1
5
1
2
1
1
1
1
1
1
2
1
1
1
1
1
1
1
1
1
1
1
1
1
1
1
1
1
5
2
1
5
2
1
2
1
2
1
8
2
1
2
1
1
1
1
1
1
3
1
1
2
1
1
1
332
1
2
1
1
1
1
2
1
1
3
1
2
4
1
1
3
2
1
3
1
1
1
1
1
1
1
1
1
1
1
1
331
1
1
1
9
1
114
1
1
1
3
1
2
8
10
1
1
1
1
2
1
1
7
95
10
2
1
2
97
1
1
140
1
1
1
14
2
1
5
1
3
1
1
2
9
17
1
18
212
17
1
5
1
20
3
7
5
1
9
1
36
15
3
1
1
1
1
1
1
30
9
1
2
1
1
1
1
1
10
6
2
10
1
16
1
2
2
56
1
6
7
1
28
2
1
1
36
7
1
2
1
1
1
2
1
1
1
1
47
3
1
13
2
2
1
1
11
2
4
1
4
1
1
1
1
1
2
2
2
2
1
42
2
2
2
1
1
29
2
3
2
5
4
4
5
9
9
5
1
1
1
1
1
1
1
1
1
10
65
2
1
1
5
8
1
1
1
4
26
86
7
19
36
4
1
57
1
1
2
146
1
1
3
1
1
1
2
14
3
22
9
1
2
18
15
1
1
15
57
14
1
1
1
1
1
1
6
46
1
1
1
5
3
6
1
1
9
1
1
5
1
2
54
1
2
1
1
1
1
2
2
9
1
1
41
1
2
6
24
1
11
2
3
5
1
3
3
1
6
11
1
1
5
4
1
19
18
40
1
1
4
9
1
1
1
5
1
2
35
1
1
2
1
1
1
2
1
2
1
24
4
1
1
3
17
1
5
1
6
31
1
139
2
1
111
1
1
1
1
1
1
1
1
1
16
11
1
2
19
13
1
18
11
1
1
3
13
3
1
1
1
29
2
2
1
2
1
1
1
9
11
7
1
1
1
2
13
1
1
90
1
1
15
1
2
40
86
2
1
1
1
1
1
1
1
8
1
1
1
1
1
2
2
2
2
2
1
1
2
1
1
1
1
1
1
5
39
8
1
1
1
2
1
1
1
1
2
3
23
1
1
1
2
1
1
1
28
1
1
2
1
1
1
29
1
218
1
23
6
1
50
1
1
1
1
1
1
2
1
1
2
2
2
1
1
3
1
1
1
1
217
1
24
3
3
8
6
1
4
2
112
1
1
1
32
1
21
3
1
35
1
1
6
1
6
1
2
1
1
1
1
1
1
1
2
23
14
6
6
13
1
2
2
1
21
8
1
1
7
1
1
1
1
1
1
76
1
1
29
5
1
1
5
16
2
1
2
1
1
4
1
1
2
2
1
15
1
59
1
2
1
1
1
12
4
10
4
12
4
1
3
11
14
1
4
21
1
37
5
4
1
1
43
36
3
3
6
1
25
1
1
1
5
34
1
1
4
4
1
1
2
58
1
2
4
1
1
2
1
1
1
5
1
1
1
10
1
6
17
1
17
1
1
1
1
257
1
1
3
2
4
33
10
7
1
14
1
1
33
5
1
9
4
2
2
1
1
4
2
3
1
1
3
12
3
6
1
1
10
23
6
1
46
1
1
1
108
2
1
4
80
5
7
2
24
2
2
1
1
2
2
1
1
28
39
1
1
6
6
5
2
3
1
4
1
1
5
6
24
2
1
7
6
1
1
8
20
6
7
1
1
2
1
1
1
6
5
1
7
10
14
271
15
1
1
1
1
3
1
1
6
33
2
26
1
1
1
21
5
1
1
1
2
7
1
2
1
167
54
1
1
1
4
2
2
1
7
3
1
2
3
6
1
3
2
12
1
1
22
5
1
9
39
28
28
30
7
41
14
1
23
9
1
1
1
1
231
1
1
2
32
4
5
2
22
44
1
3
54
1
1
10
1
31
1
31
1
7
21
1
6
24
1
1
1
1
1
4
3
1
1
5
2
3
1
1
1
1
1
1
2
1
1
38
1
3
1
3
7
6
1
4
1
1
3
20
2
1
1
4
2
3
1
2
1
19
1
1
31
1
1
6
2
8
5
13
12
1
1
58
1
126
10
4
164
6
1
1
1
1
1
1
1
20
4
1
6
11
1
1
1
1
23
15
1
7
4
1
23
1
2
1
1
2
2
43
1
1
1
1
1
1
1
35
1
1
1
1
2
1
1
2
1
1
4
2
64
22
1
1
1
2
1
1
1
3
2
3
1
1
3
2
2
10
1
1
1
1
1
49
8
1
50
2
15
161
18
2
1
1
13
1
2
1
1
2
11
13
2
2
1
1
1
16
6
1
2
1
1
1
1
1
2
4
7
1
1
2
77
5
47
6
9
19
1
4
3
1
1
2
2
1
21
1
2
1
4
7
65
5
2
13
10
1
1
2
1
1
87
3
3
1
2
2
23
28
1
1
8
1
419
2
2
2
3
42
5
10
1
83
1
1
2
2
1
1
1
3
1
1
6
5
1
1
2
1
2
1
1
1
1
63
1
3
5
1
1
1
1
1
5
3
24
1
1
11
4
1
2
3
9
1
1
1
446
1
23
14
3
66
1
12
1
5
2
35
29
3
20
6
1
28
1
1
1
11
2
4
1
2
1
1
2
1
2
1
2
1
4
1
1
2
4
6
3
143
1
7
18
1
1
8
17
2
1
1
1
1
1
1
1
1
1
1
5
1
1
1
2
2
1
2
9
1
4
1
1
1
1
1
21
1
1
1
7
1
1
45
17
3
7
7
4
1
1
3
2
1
1
1
2
6
1
1
15
1
13
4
3
2
1
2
9
1
4
2
20
1
1
2
1
3
1
15
3
1
1
1
1
20
1
2
1
3
1
1
1
1
2
1
1
5
86
1
52
3
42
1
1
1
1
1
14
27
1
1
3
1
1
11
1
1
1
1
1
34
1
8
2
17
7
2
1
11
1
1
2
4
1
13
1
1
1
1
2
4
4
22
1
1
1
5
1
8
2
13
1
1
2
7
1
1
2
2
1
1
1
1
20
4
17
24
22
1
15
1
1
48
1
1
1
4
4
3
18
1
2
2
1
1
6
118
1
1
1
1
13
21
1
25
11
7
1
1
2
1
10
1
1
3
2
2
1
1
2
1
1
2
1
1
1
1
13
1
2
1
2
9
1
1
3
1
1
1
2
1
7
1
1
1
7
1
1
2
1
1
1
1
2
1
1
5
1
1
1
1
1
1
1
10
1
3
2
45
2
1
2
1
1
1
1
4
7
7
19
1
2
4
44
6
9
3
28
7
1
23
1
9
7
1
1
1
1
1
1
1
3
3
1
1
1
76
1
1
1
4
1
1
1
2
32
1
5
1
1
1
1
2
2
1
1
1
1
1
1
1
1
1
1
1
1
1
1
1
6
2
21
1
14
14
3
2
38
8
17
8
102
1
1
67
1
15
1
1
13
4
1
3
27
4
5
3
1
4
3
1
6
92
4
1
2
2
1
19
2
1
3
5
1
9
5
4
1
3
26
1
4
1
6
2
1
1
1
1
46
5
1
1
2
1
1
1
1
2
2
1
1
34
3
1
1
1
1
1
1
4
120
1
1
1
1
1
2
26
1
3
2
1
118
2
1
1
1
1
1
1
5
2
1
1
3
1
1
1
21
2
11
1
1
1
7
3
1
1
1
4
3
1
1
1
1
4
1
1
29
1
16
1
1
1
2
1
2
1
1
1
1
1
2
3
1
1
1
1
1
1
2
1
1
2
3
1
8
1
2
2
1
1
1
1
1
88
1
1
6
1
6
1
1
3
4
2
1
8
1
1
1
10
1
2
1
1
1
4
1
1
1
1
1
4
1
4
4
9
2
25
2
1
1
1
2
1
1
1
24
1
1
4
1
1
1
1
2
1
1
1
1
1
1
3
1
1
1
1
1
1
1
1
1
2
2
1
14
43
5
1
2
1
1
1
1
67
9
1
1
2
1
3
2
4
11
5
3
1
1
1
1
3
1
1
52
1
1
1
1
7
1
2
2
1
1
164
3
6
9
12
1
1
10
8
1
10
58
2
1
2
1
7
3
9
1
35
1
16
1
1
1
1
1
1
1
1
1
2
8
1
19
1
1
38
9
1
11
2
5
8
1
15
1
31
2
72
2
4
3
1
3
23
1
8
13
3
1
1
7
1
3
2
2
1
2
1
1
1
3
1
24
3
1
7
5
1
3
2
1
1
1
4
120
1
5
1
1
4
35
2
93
1
15
6
22
1
20
20
26
5
1
3
2
4
9
2
1
2
2
1
7
1
1
1
2
1
2
1
3
1
2
4
2
1
1
2
128
5
10
16
3
2
1
6
3
1
13
1
1
2
1
4
1
1
1
1
69
28
28
4
2
1
17
2
14
26
36
1
4
1
1
1
3
4
2
1
2
1
11
4
1
5
1
30
2
15
7
4
1
3
1
3
2
144
3
3
1
37
2
1
37
189
6
3
1
3
1
1
1
3
3
6
1
1
22
1
1
1
1
2
1
43
4
1
1
38
4
8
20
8
1
2
1
1
1
5
1
2
1
1
2
1
1
1
148
4
3
1
3
4
1
4
1
2
75
1
8
4
41
9
58
1
1
227
12
1
1
1
11
2
1
2
2
1
1
53
1
1
6
2
28
3
1
1
2
1
1
68
1
1
6
1
1
51
8
7
3
2
3
3
4
1
1
1
2
1
2
5
1
2
1
1
3
2
6
2
3
1
7
3
2
1
2
1
6
1
1
1
1
3
1
1
2
7
4
1
1
4
9
13
1
3
4
30
1
5
85
36
1
1
2
1
1
1
6
311
1
21
1
3
2
1
1
1
1
7
2
22
1
6
25
4
4
8
4
6
99
1
33
38
1
50
8
13
7
3
9
1
24
12
1
14
1
9
1
10
53
5
4
5
57
4
4
4
1
1
1
4
11
1
3
2
13
3
33
2
1
2
6
1
1
1
1
5
1
3
1
3
1
1
24
1
1
1
1
13
3
1
2
1
2
1
15
2
1
1
1
2
1
1
2
3
3
1
1
1
2
7
1
1
1
1
1
10
7
100
1
1
1
1
1
8
1
1
11
92
2
2
5
1
2
2
1
3
2
2
49
1
1
2
1
7
1
1
1
1
1
2
2
3
1
65
79
1
1
1
3
1
2
2
1
1
5
1
8
1
4
4
1
129
1
1
1
7
1
128
2
6
17
5
7
1
1
1
3
1
2
4
9
3
2
1
1
19
4
9
13
2
4
1
1
12
2
11
5
43
1
46
69
16
1
1
1
14
1
2
1
1
1
1
1
1
2
1
3
1
1
1
1
1
4
31
1
1
2
8
1
5
1
1
1
4
5
3
1
3
84
10
13
1
1
6
2
110
3
10
11
8
1
1
1
1
1
1
1
1
9
41
2
1
3
1
1
7
1
2
1
1
1
1
1
51
289
21
1
1
1
2
1
4
2
1
17
64
1
10
1
2
19
6
1
4
2
1
1
1
1
2
52
1
7
1
8
34
114
1
1
1
9
1
9
2
25
6
1
2
3
37
2
1
1
82
26
33
2
63
7
1
3
1
1
8
1
4
1
23
1
1
1
1
19
1
4
12
1
13
2
1
8
1
35
1
8
4
8
1
41
1
6
9
22
17
65
2
7
4
6
3
1
46
1
8
1
5
1
2
10
1
2
4
2
10
10
5
55
4
8
2
1
1
1
4
1
2
68
2
2
1
2
1
2
3
22
5
9
1
23
163
2
2
1
1
7
1
4
1
1
41
1
1
2
19
2
3
1
1
3
2
1
1
1
2
15
1
1
4
1
1
1
1
21
1
3
1
5
1
1
6
1
1
1
4
1
1
1
1
1
1
2
4
1
67
1
2
1
2
1
1
9
1
1
1
5
2
14
25
1
1
3
1
1
47
3
3
3
2
2
16
2
1
40
1
1
1
9
1
1
1
1
5
2
1
2
36
2
19
2
1
1
12
1
3
1
9
1
1
1
1
1
2
1
6
1
1
1
1
4
3
1
1
1
1
1
34
1
1
108
1
1
1
1
1
2
1
398
1
1
1
1
4
1
16
2
1
3
10
1
10
6
1
1
69
2
19
1
1
3
12
1
1
1
1
1
1
1
1
1
2
2
6
3
37
2
2
1
4
2
1
2
1
35
1
3
1
1
25
3
2
1
3
2
1
11
1
1
1
1
10
2
4
4
3
44
2
8
4
5
1
8
2
3
3
7
1
1
1
1
3
2
1
1
2
2
20
1
11
5
20
1
8
1
1
7
2
1
1
1
1
2
7
1
3
1
1
9
1
1
5
14
1
1
3
3
6
2
4
9
19
6
14
14
5
2
1
1
26
10
5
3
13
5
11
1
1
3
2
1
1
1
1
1
4
3
1
1
1
21
1
1
1
9
1
97
5
1
1
1
3
1
4
2
3
1
29
1
1
7
1
1
1
68
2
5
1
2
1
1
1
8
2
1
1
1
2
6
2
1
3
2
1
2
1
3
21
5
1
32
3
156
1
4
14
30
3
2
66
18
2
5
15
11
1
2
4
2
1
1
4
45
1
4
1
1
4
2
1
7
2
1
1
1
1
1
1
19
1
1
2
1
1
4
1
6
1
1
13
4
33
1
6
1
19
1
2
1
1
1
1
1
1
1
1
1
2
1
12
2
15
21
11
2
86
6
16
4
3
1
1
2
1
2
1
1
2
1
2
28
1
92
2
1
1
3
15
4
5
1
1
2
167
1
1
42
81
2
1
71
2
1
2
1
25
5
2
1
1
9
26
1
5
32
5
1
1
1
1
1
1
2
1
1
11
1
71
1
1
1
1
4
1
1
3
10
15
90
25
3
1
1
1
2
20
1
1
1
1
1
1
3
82
2
2
3
45
3
1
1
1
2
2
1
2
1
1
1
2
2
5
1
54
1
1
1
1
1
1
1
10
1
1
1
7
83
2
1
3
5
2
2
7
15
3
2
1
7
26
1
1
1
2
1
55
1
1
1
1
1
84
1
1
2
69
1
1
75
140
1
1
9
1
6
14
1
2
6
1
2
1
3
18
6
1
5
1
57
2
15
1
1
2
3
4
10
3
55
1
1
27
9
2
1
1
1
1
4
2
17
1
1
3
9
5
6
7
3
12
14
1
4
3
1
1
2
1
7
4
4
3
94
14
2
1
1
3
1
26
2
1
1
13
2
1
2
1
1
1
9
1
4
1
4
1
2
1
1
2
2
1
1
1
19
4
7
1
1
74
3
1
3
1
1
1
1
83
13
9
10
7
1
16
3
1
1
2
11
18
1
1
4
7
7
3
49
9
9
3
2
7
14
4
52
21
17
3
1
6
9
5
9
45
1
1
1
3
18
1
1
1
3
8
1
1
1
1
1
1
27
1
1
1
1
1
1
1
1
1
13
1
37
2
1
2
1
1
1
1
5
13
1
86
6
2
4
1
10
2
1
1
1
5
1
1
1
1
1
2
1
5
3
1
5
1
1
2
3
28
1
2
9
1
75
1
7
6
1
1
49
1
1
1
2
1
1
1
1
3
7
1
1
1
3
1
1
4
1
1
12
154
1
7
1
2
1
6
2
1
1
1
3
6
1
1
7
1
1
4
9
4
1
1
2
2
2
1
1
1
1
4
1
1
1
1
9
7
1
2
1
1
1
2
1
3
22
2
1
1
1
1
1
1
1
4
31
1
1
1
1
1
2
4
1
3
42
1
15
2
4
3
2
1
3
16
7
14
1
1
1
5
1
1
1
1
1
1
1
1
20
1
2
1
3
1
133
3
4
131
4
1
1
1
3
1
1
1
1
3
1
12
2
2
1
58
1
1
1
1
26
12
2
1
1
1
1
1
1
8
114
1
1
2
2
1
3
7
48
10
1
1
2
3
1
1
4
1
1
1
1
3
1
2
2
28
1
12
1
1
3
2
2
1
1
1
2
127
1
1
1
1
1
1
3
1
1
2
106
1
9
1
3
1
148
2
1
1
1
2
3
1
1
1
1
1
4
1
1
9
1
1
54
8
1
2
2
1
2
2
1
1
4
7
1
1
1
3
1
1
20
25
1
3
32
1
2
15
3
1
7
2
2
3
8
10
9
20
7
25
23
1
40
2
2
30
23
1
1
2
2
1
1
2
1
5
9
10
2
2
1
1
1
7
1
1
1
3
1
23
1
1
9
3
51
2
2
3
2
1
1
36
9
1
1
3
6
1
1
1
1
1
95
1
2
1
73
2
1
6
8
1
2
4
18
8
2
1
1
2
2
2
7
1
30
1
22
1
8
1
78
4
3
1
1
6
6
19
2
2
1
4
20
1
6
6
2
1
3
4
23
2
2
5
14
2
37
1
9
152
12
3
9
1
2
3
4
2
5
2
3
3
1
1
1
40
50
1
1
3
69
31
1
1
1
6
2
1
1
1
1
1
2
1
6
3
2
1
4
1
1
3
2
1
1
2
3
2
2
18
1
6
1
1
3
1
2
44
2
5
1
17
10
1
31
2
2
7
3
13
1
42
1
26
2
1
2
1
5
1
3
1
3
33
3
5
16
3
10
2
1
27
1
1
7
2
1
95
2
21
1
1
44
19
1
41
2
1
1
1
7
1
2
2
11
1
1
48
1
10
6
54
1
2
5
1
1
4
2
3
1
1
46
4
2
11
11
38
31
22
1
5
1
4
11
2
18
2
1
3
7
2
4
3
5
3
6
1
1
1
22
3
1
2
1
8
1
1
23
2
32
1
120
15
9
54
1
4
1
1
1
2
1
1
1
1
98
166
1
1
1
46
1
3
22
21
42
2
1
6
3
1
66
3
5
6
16
1
1
3
7
1
3
14
1
5
2
8
1
1
1
9
6
86
1
2
4
25
5
13
1
16
7
3
12
1
10
2
6
5
1
23
2
2
1
351
4
102
2
1
1
1
1
1
1
1
6
18
6
1
4
8
4
2
1
1
7
41
39
2
20
51
1
4
1
1
1
1
3
2
1
1
1
5
4
3
1
1
1
4
1
1
5
1
3
3
1
7
1
10
1
22
2
20
3
1
44
1
1
4
4
3
5
6
4
2
3
9
1
24
1
1
1
9
1
1
1
1
1
1
1
1
2
1
1
247
2
16
1
3
1
8
1
11
1
1
1
4
7
1
1
1
4
50
1
3
3
1
1
11
1
3
1
3
3
5
23
24
7
1
8
3
1
1
2
1
4
2
1
2
2
78
6
2
37
1
6
2
1
20
4
3
2
1
2
4
59
29
3
10
7
9
1
13
4
4
1
5
3
6
1
1
5
6
2
48
26
65
3
1
5
1
1
3
6
3
1
1
1
45
1
1
2
1
5
41
1
3
10
2
2
4
1
4
3
1
1
1
13
2
1
36
74
1
1
2
1
73
3
1
1
3
1
1
3
4
24
1
11
1
4
1
2
51
6
1
46
9
2
1
1
1
1
2
139
1
16
13
26
12
16
2
7
4
5
1
15
2
1
1
4
4
2
2
1
27
1
1
1
12
13
2
24
2
6
1
11
7
1
1
1
3
1
1
1
1
6
4
4
8
2
1
14
1
1
1
28
1
5
2
1
1
1
1
1
1
10
3
13
155
1
1
1
1
6
4
13
1
4
3
1
7
1
10
8
1
73
1
8
1
1
1
2
5
19
1
1
2
1
1
1
2
2
1
10
2
111
13
1
220
2
2
1
1
10
1
16
14
4
5
9
3
2
1
1
2
22
1
5
3
66
1
19
3
55
18
89
1
1
6
1
63
1
3
1
4
1
3
1
1
5
8
1
15
1
2
2
7
1
1
8
1
2
1
7
61
2
1
4
2
1
3
2
2
1
1
5
10
23
1
2
1
1
1
21
1
1
1
3
1
1
2
2
1
1
19
10
30
4
3
2
3
5
1
1
1
2
1
1
8
4
1
7
3
13
1
1
2
1
5
1
1
35
2
2
17
1
37
1
1
8
5
3
23
3
2
10
6
1
1
8
1
1
8
2
10
21
3
129
1
2
4
15
4
4
1
1
3
1
21
1
1
1
6
1
8
1
1
2
1
1
1
1
1
1
23
6
1
1
1
1
1
2
1
115
1
1
1
2
1
5
1
115
4
1
2
31
1
3
31
1
2
3
1
1
36
1
4
5
1
4
3
22
1
1
2
1
1
7
4
67
1
1
1
2
5
1
1
1
1
2
1
1
60
3
10
1
1
3
1
1
1
4
1
2
1
4
1
1
2
6
9
1
1
2
1
4
1
1
1
1
1
1
5
1
1
11
1
1
4
2
3
1
1
1
1
12
71
3
1
1
1
3
1
1
1
6
1
1
1
1
4
1
1
1
1
64
1
1
3
1
1
6
1
1
27
1
1
5
1
2
3
2
1
5
1
1
130
2
4
4
1
3
3
1
4
2
1
1
2
1
2
3
3
1
1
1
6
25
1
2
2
2
2
2
1
1
1
13
10
9
8
4
9
4
1
2
5
7
1
1
2
1
1
1
1
2
1
1
6
61
1
3
1
1
2
2
1
1
1
1
1
1
3
1
1
23
2
1
1
1
1
1
1
1
4
1
8
2
1
2
6
1
7
2
46
4
7
11
18
1
1
2
1
1
8
1
1
1
1
1
2
1
1
1
1
10
1
1
1
1
2
4
2
1
1
1
1
1
1
1
1
1
1
1
4
2
1
1
1
8
3
2
2
1
1
2
1
2
3
3
2
1
15
2
19
4
1
1
3
11
1
1
1
6
6
1
2
26
118
1
3
1
1
2
34
1
3
2
2
2
1
6
1
1
58
30
3
16
3
1
6
4
2
1
1
2
1
1
4
1
38
1
4
1
1
1
1
17
1
1
2
3
6
1
1
1
17
17
2
3
1
6
1
1
2
1
1
3
1
26
1
1
11
85
1
156
1
2
2
93
2
4
36
5
6
18
19
14
26
1
1
2
3
5
1
1
1
1
1
3
15
1
1
8
1
5
1
1
1
2
1
1
1
3
1
1
1
1
6
90
4
1
28
2
1
5
1
2
2
3
2
12
281
224
1
1
1
1
13
1
4
7
1
1
1
3
1
5
1
1
2
1
2
21
1
1
1
2
46
1
1
1
29
2
2
1
4
1
1
8
1
24
2
1
1
1
16
1
1
2
25
1
1
6
12
1
1
13
2
1
1
1
1
2
1
1
2
1
20
1
17
109
1
3
7
6
1
1
14
38
3
3
1
29
1
1
18
1
2
12
1
1
14
14
1
2
1
9
5
1
205
36
28
5
2
99
19
12
1
2
1
1
1
1
1
1
1
2
1
3
31
1
1
1
1
2
3
12
6
1
2
14
1
6
1
1
1
1
50
1
1
1
21
1
3
2
1
2
1
11
1
16
20
2
1
68
2
5
2
2
1
1
1
1
142
2
1
42
1
2
1
3
26
28
2
5
2
4
3
18
4
33
3
18
4
9
66
1
10
2
3
14
9
2
7
1
1
2
1
2
5
8
61
40
1
14
9
1
1
1
1
5
1
1
7
3
4
1
1
1
8
3
3
1
1
1
1
15
11
1
8
4
13
88
2
8
2
1
62
14
1
3
3
5
5
19
1
22
18
10
2
1
15
1
2
3
2
16
1
1
3
1
1
20
2
4
8
22
12
5
5
6
7
7
7
1
3
1
6
25
1
1
7
143
1
1
48
1
2
2
4
1
1
3
2
36
11
4
3
26
3
17
14
20
182
1
2
464
9
32
1
14
1
1
1
2
3
1
17
8
1
28
10
1
10
11
13
74
1
7
1
1
3
27
51
1
2
1
1
1
1
2
85
2
1
3
1
1
6
1
1
2
2
17
2
32
3
23
20
1
2
1
1
3
1
1
7
2
98
7
19
6
28
1
8
1
14
57
24
3
8
1
2
7
3
36
1
6
6
1
47
3
68
39
46
1
1
8
11
3
2
33
1
3
1
20
1
22
3
92
1
1
4
18
20
2
3
6
1
10
10
12
17
2
21
4
1
4
4
3
3
47
28
1
1
4
11
20
6
2
1
2
16
6
7
1
3
1
1
12
7
6
1
1
1
1
1
3
4
1
2
1
1
247
1
2
1
1
8
1
1
1
40
1
1
1
2
1
1
1
1
1
1
4
2
1
1
1
1
1
1
1
19
1
2
1
1
1
1
1
1
1
8
5
2
1
1
2
1
15
38
2
4
1
2
13
44
2
2
3
135
1
2
12
3
2
1
1
2
5
1
6
1
4
1
10
9
3
1
1
5
5
6
78
2
6
1
1
2
146
3
7
5
1
1
15
1
14
2
3
7
36
12
2
8
1
6
91
2
1
1
1
1
1
1
1
1
1
1
1
1
1
10
1
3
2
1
1
2
30
2
1
2
2
2
4
2
2
1
1
4
1
1
66
2
1
6
2
2
2
11
1
1
1
31
1
129
1
1
5
3
3
2
2
1
1
1
1
1
1
2
1
1
2
1
3
1
1
1
1
1
2
1
1
1
2
1
1
1
2
1
41
1
1
1
2
2
1
1
11
2
1
1
1
48
1
51
1
1
1
1
1
1
2
1
1
4
3
3
2
1
16
1
1
1
1
48
20
7
6
5
1
2
1
1
12
1
5
4
1
1
1
1
3
1
1
2
6
2
89
1
1
1
2
55
19
15
10
3
10
80
4
13
1
5
24
64
1
3
1
1
1
1
1
1
1
1
1
30
4
3
2
1
7
2
1
1
1
1
2
6
10
16
115
3
18
3
30
2
1
32
4
1
2
1
4
3
1
1
2
2
25
1
5
2
7
1
1
10
17
3
7
2
3
3
8
8
1
31
16
61
1
1
5
1
2
1
1
1
6
1
1
1
1
3
2
1
1
13
2
1
1
8
2
5
1
13
1
1
1
1
360
1
1
1
1
42
27
1
1
1
1
1
1
18
1
1
1
1
8
2
12
2
1
1
1
2
2
12
1
1
1
2
2
16
1
152
3
1
1
1
1
2
1
17
4
1
1
1
1
1
2
1
1
153
1
4
13
42
3
33
1
2
2
1
1
1
2
3
6
1
1
1
2
1
1
31
2
1
1
1
1
2
62
2
1
1
5
1
1
1
1
1
1
2
13
5
1
3
1
1
1
7
47
1
1
15
1
1
4
1
32
3
1
1
2
1
1
1
1
2
16
1
3
7
1
4
2
1
1
1
1
15
34
2
18
1
3
1
2
3
1
7
1
1
2
1
1
1
1
1
2
1
1
2
1
1
1
1
9
2
8
2
131
1
1
12
1
28
1
1
1
1
1
1
1
5
3
191
1
1
1
1
2
1
1
2
1
1
6
1
1
1
1
1
1
1
2
1
2
1
2
1
1
41
8
1
1
2
3
1
8
62
1
1
7
4
1
1
4
5
4
18
1
9
2
24
1
14
6
3
1
6
2
1
1
1
1
3
3
3
23
6
1
1
1
6
1
10
16
62
1
1
2
1
1
1
2
5
1
1
27
1
2
1
2
1
2
6
1
1
1
1
2
17
2
1
1
1
3
36
1
11
2
1
10
3
9
1
1
1
1
2
1
1
1
1
103
1
1
1
1
163
1
1
13
4
1
8
1
2
1
1
1
2
1
4
1
23
1
1
1
1
1
4
4
1
2
3
32
1
25
5
1
6
1
1
2
1
1
2
3
2
1
1
1
8
11
1
1
34
1
6
1
1
1
1
1
1
1
1
1
1
2
4
25
1
1
1
11
2
16
1
7
6
1
2
1
1
1
1
2
1
1
1
10
16
2
2
3
23
5
1
2
5
1
1
5
12
1
8
2
1
1
1
9
1
7
6
1
3
33
7
24
1
10
1
1
1
1
1
1
33
1
1
1
2
1
1
6
8
5
4
12
2
7
3
1
9
1
3
44
1
1
1
1
1
1
193
24
7
1
19
202
94
1
5
8
15
3
15
1
10
2
3
3
3
1
44
2
4
1
84
3
5
17
1
2
29
1
84
6
3
7
2
1
1
1
2
1
15
20
32
9
37
12
1
11
5
83
15
1
3
4
1
23
5
73
2
13
41
26
12
7
5
88
2
1
9
15
16
2
2
73
21
10
26
3
2
10
5
27
12
52
2
7
1
7
15
1
3
44
6
76
48
1
1
1
1
2
7
1
1
1
1
1
1
1
8
1
1
1
2
1
1
9
1
1
1
1
2
1
1
1
1
1
1
3
4
1
6
1
9
1
1
1
1
3
2
1
1
2
106
3
1
30
1
1
6
32
1
1
1
72
24
1
1
8
1
97
55
2
29
1
2
4
45
1
5
16
55
35
5
49
1
1
1
1
1
1
1
1
2
1
1
1
1
1
1
8
1
3
18
1
7
1
1
1
4
2
1
2
1
1
1
2
10
37
1
1
1
1
1
1
1
1
1
1
1
1
1
1
1
1
1
2
1
1
1
1
1
3
8
2
20
1
1
1
1
1
1
1
1
1
1
5
1
10
1
1
14
26
1
1
1
1
1
1
2
93
115
1
4
1
1
1
1
1
1
1
1
1
1
1
7
2
1
1
3
26
15
1
2
5
53
2
2
1
3
1
1
1
1
1
1
1
3
1
1
89
2
20
33
3
1
1
362
3
1
3
11
1
2
7
7
1
1
3
5
2
1
1
1
1
2
1
1
2
10
1
1
30
6
1
2
1
1
1
4
2
4
1
172
1
1
1
1
2
163
1
2
140
2
1
1
1
1
1
1
2
2
3
8
2
1
2
2
1
3
89
43
2
2
1
2
1
1
5
1
1
1
1
8
1
1
1
1
3
1
1
6
5
2
1
1
1
3
1
1
1
1
367
1
1
1
2
1
1
1
3
3
1
2
1
1
1
1
1
1
1
1
1
56
2
7
1
1
1
1
2
1
1
1
1
1
1
2
1
1
1
1
2
1
1
1
4
3
1
2
2
10
1
1
13
1
1
1
1
1
1
1
1
1
3
44
5
2
1
1
1
1
1
1
2
1
1
1
1
3
1
2
1
1
1
12
1
1
2
2
1
134
1
1
16
2
2
1
1
1
1
1
1
2
1
1
1
143
2
1
3
2
2
1
6
2
1
1
1
1
1
2
2
1
1
16
26
1
44
1
1
1
1
35
2
1
1
1
1
2
6
2
4
7
1
1
5
7
1
2
1
2
5
1
1
1
3
7
2
1
1
2
4
1
11
1
5
1
1
1
1
1
2
1
12
1
6
7
49
2
1
3
1
8
1
16
30
2
45
3
12
1
1
1
1
5
2
1
1
57
2
1
1
2
1
32
2
4
1
2
1
1
1
1
5
5
1
2
1
21
1
1
3
1
1
1
1
2
1
1
1
11
34
1
1
1
16
1
1
1
1
2
1
36
1
1
1
1
10
35
1
1
1
1
2
1
1
70
9
4
48
1
1
26
1
1
1
1
1
3
2
45
8
1
1
2
28
30
6
1
1
2
1
1
2
21
1
1
1
1
1
1
1
2
1
2
1
158
2
1
1
4
1
1
1
1
33
1
1
13
2
1
1
2
1
85
2
2
23
1
1
1
1
1
1
1
3
33
5
1
1
1
1
1
7
2
1
1
1
8
19
1
1
9
1
5
105
2
1
2
2
1
9
1
1
2
1
1
1
1
1
1
1
1
2
1
1
1
50
1
95
3
1
1
1
1
8
15
2
10
10
1
1
25
1
1
6
10
3
1
15
5
1
42
1
1
2
1
1
1
1
3
1
1
1
98
1
1
10
1
5
10
2
1
1
4
2
1
1
1
7
3
1
1
1
2
1
2
3
1
3
6
3
1
1
1
1
1
2
3
1
1
1
5
1
15
2
3
1
11
1
2
1
28
5
1
3
1
1
1
2
1
1
1
8
3
2
3
1
1
3
2
7
1
1
10
1
1
2
1
2
1
7
22
2
2
1
1
103
148
3
2
2
2
2
1
1
1
1
1
1
1
1
1
1
2
27
3
1
1
1
1
7
15
1
10
39
3
11
30
1
6
1
1
4
39
8
1
1
1
1
17
5
2
12
1
4
1
7
1
28
1
21
2
1
30
10
1
1
1
1
1
39
5
4
1
2
64
48
2
2
3
1
1
4
1
2
6
2
2
306
1
1
2
1
12
22
6
4
1
42
8
2
10
1
19
1
1
1
1
6
1
13
23
5
2
2
5
1
1
13
1
1
1
1
1
3
2
1
5
10
21
1
1
1
3
6
3
2
3
1
1
1
2
22
1
6
39
1
5
2
1
4
1
1
1
2
1
1
1
467
1
1
4
1
1
1
1
1
2
6
1
1
1
1
1
1
1
1
1
1
1
1
