1
1
9
21
1
1
20
3
12
3
1
14
2
26
24
1
3
1
3
13
15
1
5
4
1
1
1
3
2
3
9
8
22
4
1
2
18
16
6
2
15
1
62
2
16
1
2
4
1
6
8
1
1
8
2
1
1
2
1
1
1
3
32
2
2
8
4
9
10
3
16
27
2
14
38
3
1
5
1
2
35
1
1
1
15
1
1
6
30
4
2
7
1
30
11
18
30
1
1
63
3
19
3
50
5
2
25
7
2
2
1
17
1
1
8
11
2
6
3
3
2
45
1
2
1
1
1
12
1
1
1
2
1
7
13
1
15
2
1
1
18
7
3
28
51
1
5
10
1
2
18
8
2
1
1
2
1
84
2
15
1
4
1
2
2
7
1
4
13
1
9
1
1
9
1
5
5
2
3
21
2
16
3
2
7
15
1
1
13
1
1
2
7
2
2
78
4
1
1
2
12
11
4
1
2
5
1
1
2
4
1
4
14
2
51
14
4
1
3
2
9
6
4
1
2
1
1
4
4
31
7
6
23
2
2
15
2
4
23
1
3
3
2
5
2
32
2
2
1
1
1
2
9
32
5
1
8
4
6
2
5
9
3
1
9
1
1
10
4
6
1
11
16
22
5
2
16
12
17
9
3
9
1
1
23
19
3
1
10
12
2
2
3
35
3
1
3
2
1
6
11
23
1
9
4
12
35
5
2
1
44
4
2
1
4
2
2
2
2
23
12
8
9
2
14
1
8
4
1
7
2
1
34
2
3
14
9
37
13
19
2
1
1
2
10
1
13
4
1
7
4
1
2
2
1
24
1
3
8
2
40
1
2
12
3
2
1
3
13
4
1
19
4
2
1
4
8
1
13
6
9
29
14
6
4
12
9
1
2
6
8
11
8
1
1
10
22
1
18
1
1
2
2
1
2
3
1
1
5
7
2
10
10
1
1
2
1
9
1
17
7
4
10
12
1
1
1
1
11
9
5
1
17
1
8
8
13
37
2
1
1
2
6
18
1
1
5
1
11
3
7
2
2
7
1
2
30
1
1
1
3
2
2
1
1
3
16
1
2
1
1
2
7
23
1
4
1
1
3
1
2
1
26
9
1
4
3
6
1
8
16
3
4
1
1
3
4
2
1
9
5
2
9
1
1
5
35
2
3
30
2
32
34
17
2
9
4
9
1
22
36
1
2
1
2
34
2
1
3
26
1
3
2
5
1
1
2
3
1
1
3
16
2
3
5
3
2
1
8
5
2
3
1
5
3
8
1
1
1
8
3
2
3
21
1
1
3
1
4
9
4
1
2
3
2
2
7
1
31
2
10
2
4
1
1
3
1
1
3
1
10
3
2
2
3
9
21
1
8
8
16
2
2
1
4
6
9
1
8
16
14
2
3
1
1
1
2
6
7
2
1
2
18
3
7
1
2
33
1
18
2
6
11
8
15
4
1
7
4
2
2
2
2
10
5
2
4
2
2
3
1
3
13
6
1
6
3
8
1
17
9
1
4
16
4
16
1
9
14
1
8
3
1
1
1
4
1
8
5
8
3
1
2
30
19
1
10
4
6
17
5
3
1
11
1
3
2
5
5
1
2
6
2
5
2
2
1
4
10
50
10
1
1
6
3
1
2
4
2
2
1
3
3
2
1
1
6
7
1
1
4
1
1
5
2
4
3
7
10
2
20
8
2
1
2
33
4
2
38
16
2
2
9
6
4
1
22
1
1
46
2
1
1
3
12
6
1
3
4
6
2
13
1
1
2
4
1
1
1
2
1
1
19
3
3
2
2
8
14
3
1
2
1
8
1
3
2
1
1
5
38
2
2
4
2
1
26
23
2
1
18
3
3
1
17
60
6
15
2
1
2
1
5
27
7
14
5
1
23
8
14
1
1
18
2
2
16
1
2
4
1
2
2
1
1
7
1
2
4
3
20
1
1
1
6
2
8
4
8
1
7
1
8
2
3
2
6
3
3
4
2
19
4
18
2
2
4
1
7
2
6
1
1
1
1
20
1
2
3
3
1
29
6
19
33
2
3
1
9
4
11
13
4
13
2
3
2
10
4
1
4
4
1
78
5
1
5
1
1
3
5
2
2
1
1
1
4
6
1
1
6
1
2
2
12
3
6
1
3
5
14
2
2
2
2
14
7
2
15
32
2
47
21
3
3
25
3
1
58
1
21
1
5
3
21
12
6
1
8
1
2
33
1
19
1
11
32
7
1
7
2
15
2
13
3
1
25
2
7
1
2
1
1
46
1
1
15
1
3
1
1
11
1
5
4
1
2
1
2
1
14
1
2
4
1
11
60
15
2
1
5
2
5
6
1
2
1
7
2
1
2
1
1
7
1
9
9
4
3
2
2
18
2
2
13
1
10
1
2
2
1
4
8
1
2
19
14
2
2
8
20
29
1
3
2
1
8
4
1
17
1
14
7
2
1
3
25
2
1
19
9
3
2
6
8
9
74
1
2
21
1
2
5
15
2
12
1
7
2
1
4
2
1
1
1
4
4
2
5
3
1
1
4
68
2
2
2
3
4
1
3
2
14
9
2
54
7
32
2
1
4
11
2
2
18
2
1
2
3
3
11
7
4
1
20
2
12
1
1
3
9
3
2
14
2
3
8
11
3
6
28
10
1
1
11
3
1
10
3
34
1
23
2
1
4
1
1
1
3
10
4
2
8
2
1
3
10
1
7
8
29
5
1
2
3
2
49
3
2
73
2
1
6
2
5
3
1
1
1
1
25
6
6
1
4
4
6
1
1
1
12
1
1
17
2
1
3
5
8
1
1
1
5
1
3
7
17
3
4
1
7
1
1
18
2
2
10
1
31
23
1
58
3
10
6
11
4
1
34
2
2
32
2
6
2
2
7
3
6
1
11
1
2
3
2
2
13
1
21
1
2
4
11
9
1
1
2
20
1
1
4
2
3
1
3
2
1
1
8
25
23
1
1
6
1
1
14
4
2
14
3
3
17
9
7
8
1
1
1
1
2
1
1
17
1
17
2
21
2
2
1
5
3
15
1
1
1
1
3
2
3
7
3
2
1
8
4
5
5
17
3
8
5
7
2
1
1
2
4
14
8
2
5
1
1
26
1
4
4
5
1
1
1
3
11
4
4
2
2
1
2
10
2
2
55
47
3
3
46
3
1
2
2
2
5
4
2
1
1
5
9
1
1
2
1
1
1
2
1
5
1
8
5
3
2
2
38
1
3
14
4
2
11
6
4
2
4
1
12
9
1
13
2
6
4
4
2
2
3
2
14
8
2
3
1
6
6
35
7
1
1
7
2
8
6
1
5
22
2
1
5
2
6
1
1
3
2
1
4
1
1
3
6
2
1
7
1
1
1
33
3
2
16
1
22
1
2
7
3
10
1
3
1
1
6
3
17
1
1
2
1
7
2
17
1
6
1
2
1
4
16
2
4
3
14
1
1
2
8
2
1
1
3
30
1
7
1
4
3
1
4
1
1
2
3
1
1
5
4
1
4
8
12
1
13
7
2
3
5
3
7
8
1
1
2
34
1
5
1
1
3
11
1
7
8
27
1
1
2
15
12
6
9
5
3
6
3
2
2
24
18
4
7
1
11
4
18
25
18
1
5
1
3
11
2
41
1
4
20
4
6
2
3
1
10
1
5
65
1
2
8
1
1
3
1
4
1
7
2
1
5
12
4
6
2
1
8
1
1
2
29
6
2
1
2
2
1
2
1
4
3
2
1
2
1
1
5
3
2
4
13
26
1
5
1
11
10
3
6
1
2
3
6
12
1
3
9
2
1
1
1
8
2
1
2
2
1
3
9
3
2
3
3
8
3
1
1
2
11
4
8
12
3
2
33
2
6
1
3
12
9
3
28
1
3
2
3
13
2
1
11
2
1
3
1
4
1
2
8
5
2
2
24
5
4
4
8
1
1
1
3
2
1
2
2
18
1
2
2
1
1
2
2
2
9
2
8
20
1
16
3
2
5
28
16
1
20
2
3
1
5
12
7
1
1
3
1
1
6
2
8
4
9
11
4
2
8
8
12
4
16
7
1
8
23
2
5
12
5
6
1
9
5
2
2
2
5
1
2
7
1
25
49
3
18
4
8
10
5
1
1
1
6
2
4
1
1
1
13
1
1
2
2
1
3
4
1
1
6
12
3
2
2
9
10
2
2
4
25
1
1
4
6
1
2
1
2
4
1
4
19
5
3
1
11
1
27
2
1
2
13
2
1
20
1
1
39
3
9
3
1
30
1
2
1
16
2
12
2
3
2
1
5
1
2
1
10
7
15
1
16
14
35
11
3
1
6
11
2
6
3
1
11
18
4
12
1
4
3
21
9
1
1
1
15
24
3
1
3
10
4
11
1
1
18
11
26
1
11
6
6
3
2
3
8
3
2
3
2
26
2
16
6
3
3
1
5
1
6
3
1
1
4
9
3
7
1
2
8
2
1
2
4
2
1
1
1
4
2
1
3
4
12
1
2
1
15
10
1
9
1
2
1
1
16
10
4
1
3
3
2
20
14
1
5
2
21
1
4
5
7
5
10
2
13
2
1
3
2
40
1
1
8
3
3
1
3
6
10
15
2
3
4
7
2
3
21
7
4
20
1
3
11
16
2
3
3
1
6
26
11
3
9
12
5
2
3
2
1
1
3
18
1
5
5
1
4
1
3
29
5
11
5
9
6
2
2
2
29
23
1
8
1
5
1
6
5
9
1
2
9
4
1
3
6
3
4
11
10
7
9
17
29
6
6
20
8
1
4
2
3
2
5
8
2
2
4
1
4
2
6
1
3
3
3
6
6
1
11
5
3
2
5
1
3
1
69
5
2
1
5
5
1
6
7
2
9
9
2
1
2
1
26
11
3
63
1
23
12
7
5
2
1
11
4
3
11
11
13
21
4
1
49
2
1
11
5
1
41
3
8
23
1
21
1
4
2
1
3
3
2
1
1
8
3
3
12
37
1
1
3
2
1
47
3
13
4
1
2
20
1
19
4
2
11
2
1
4
6
7
5
5
1
3
19
5
6
12
24
2
2
23
5
11
10
2
16
1
7
6
1
15
3
4
2
1
8
3
20
2
4
4
8
6
1
11
3
30
2
10
6
9
4
5
1
1
2
10
1
4
2
4
45
5
1
1
2
32
5
1
45
22
2
6
16
3
15
19
2
2
1
1
1
6
2
3
5
10
3
8
7
1
5
2
3
6
10
2
7
1
8
19
5
24
23
4
3
3
3
3
24
28
9
7
17
2
6
2
4
1
12
17
3
26
2
3
3
27
7
5
21
10
19
2
4
4
22
9
5
2
6
2
7
2
