99
1
77
23
48
9
835
3
89
369
718
543
14
386
422
28
533
682
21
80
28
56
8
47
80
37
79
4
79
222
11
1
63
27
208
725
13
5
18
884
152
709
16
86
359
196
184
88
8
172
744
5
8
27
25
57
930
121
72
43
6
241
3
18
392
11
47
86
57
287
163
263
130
366
1
932
29
3
364
1
6
310
734
4
104
6
236
9
748
526
9
45
800
195
907
236
72
1
187
79
81
3
121
461
60
186
79
15
6
35
175
129
297
2
25
367
220
325
566
6
4
74
233
1
12
8
120
5
521
41
20
7
62
903
17
154
2
61
3
443
11
9
1
15
158
15
8
476
305
425
10
55
13
21
268
46
149
15
343
51
12
255
35
581
843
6
176
159
120
3
566
100
54
81
20
1
4
87
1
252
3
103
2
9
63
93
181
13
29
1126
2
48
57
58
200
174
52
324
154
255
5
43
15
7
76
93
3
191
82
114
30
12
6
229
65
1
3
1075
268
408
115
215
187
66
10
404
12
346
190
13
124
28
538
216
7
582
69
1
11
2
14
3
613
9
203
12
8
143
476
605
985
1
55
421
491
71
40
412
474
5
53
12
155
130
43
138
179
1
19
520
185
57
5
60
65
468
36
194
27
14
39
155
223
330
81
724
3
326
15
23
105
134
3
363
11
3
40
493
76
48
2
7
174
1
97
1
160
12
40
1
125
124
50
113
2
62
842
16
905
60
503
520
3
11
27
101
399
1
84
117
6
164
11
28
56
9
32
292
1
164
246
60
108
1
740
93
99
1
350
177
441
81
1
3
25
8
1110
2
129
342
2
154
2
104
484
306
581
35
827
169
11
714
169
624
614
646
410
787
162
2
9
90
844
23
178
111
59
2
255
5
43
74
84
58
246
13
28
14
69
19
160
203
739
104
270
2
27
6
444
85
382
9
4
3
455
27
613
49
3
1
737
27
3
116
23
94
53
25
722
9
9
350
839
241
2
16
22
1152
5
42
61
1068
15
1
2
824
3
47
3
50
111
8
2
26
114
1
925
65
1
209
9
94
59
2
1
1
381
2
39
414
8
2
438
39
19
40
3
221
1
147
193
644
5
67
69
311
152
561
205
435
1
218
177
686
121
263
4
68
125
304
9
9
43
2
106
1
511
198
34
85
29
610
20
26
40
41
309
205
2
15
5
305
631
220
607
338
797
1
142
189
83
39
246
24
3
3
194
57
160
111
192
14
5
313
1
31
2
34
89
1
562
19
86
177
46
1
12
87
2
5
733
330
2
233
851
26
139
73
3
6
855
2
1
467
590
3
2
118
2
1
2
120
274
36
290
307
45
25
126
87
8
9
704
39
72
1
607
37
1
511
4
479
618
1111
158
118
42
143
4
12
352
107
17
49
6
1
31
583
50
291
97
12
5
203
8
34
106
470
3
1
32
146
81
176
379
69
9
51
93
55
23
74
76
274
2
3
186
231
545
62
2
7
4
56
66
2
129
5
8
3
4
274
400
1
5
393
861
568
411
771
14
232
2
32
25
554
79
613
9
416
296
8
1
41
9
201
7
1
99
798
29
3
7
130
2
521
5
19
232
41
438
5
20
10
9
30
32
23
42
5
305
5
19
74
914
91
1
4
2
157
1
90
26
235
3
163
152
32
135
2
4
1
2
66
7
18
142
558
118
1
53
365
172
60
9
98
2
37
92
4
3
58
7
1
6
183
17
3
8
5
924
3
5
2
514
9
13
6
5
148
2
9
11
597
188
81
7
120
157
228
62
276
6
3
20
107
383
103
155
246
29
451
5
1109
21
42
1
33
284
17
186
304
7
7
3
709
96
222
14
217
20
65
4
279
2
585
40
36
363
2
11
1
435
3
71
41
21
7
5
545
15
9
140
4
571
936
5
9
6
687
16
498
686
3
2
9
2
100
9
189
117
2
56
39
16
6
683
5
408
28
1040
388
65
621
4
2
36
138
9
47
2
4
16
1
4
3
50
11
15
20
5
2
30
2
447
12
5
2
9
128
13
645
14
7
701
19
79
15
51
60
636
7
293
9
659
49
213
343
4
96
26
7
138
120
31
4
4
36
18
482
2
5
13
317
252
1
4
5
3
148
654
7
8
24
2
155
3
606
106
6
26
3
784
8
466
3
605
172
2
13
142
13
120
142
12
2
91
116
10
139
2
541
64
202
4
5
12
436
52
11
8
507
29
158
219
341
13
49
29
25
120
242
5
22
1
7
22
228
291
233
12
90
89
1
23
1
15
19
3
1048
13
21
84
11
483
2
42
11
179
12
1
5
13
139
43
16
2
3
10
263
1
195
6
27
725
46
4
41
797
3
8
634
50
8
3
154
31
166
93
5
85
239
611
13
1
4
12
34
11
217
30
6
3
106
3
16
235
726
1
58
23
1
17
92
5
83
5
4
14
17
488
98
219
41
7
19
674
343
313
2
11
293
5
112
120
49
2
17
279
30
6
1
10
212
161
3
3
332
11
204
155
92
76
5
1
295
3
19
15
36
7
194
298
106
13
26
36
65
5
8
70
48
76
66
98
3
6
63
213
13
159
19
2
2
98
40
143
47
12
38
5
9
19
203
37
25
13
1
4
4
7
6
116
67
46
15
7
48
6
5
26
105
2
10
76
4
48
54
53
31
194
19
1
16
18
112
31
202
16
86
69
21
4
28
9
10
11
