14
44
12
40
47
5
2
1
21
1
24
45
67
1
2
19
1
4
68
2
4
4
8
13
6
2
21
13
2
30
2
17
3
12
10
6
5
2
6
44
9
1
21
1
4
2
3
2
1
46
2
1
6
1
36
1
2
1
5
7
3
9
2
4
2
3
127
1
2
1
2
32
3
2
2
2
2
2
38
1
2
1
56
32
13
5
13
2
4
3
5
2
10
15
6
8
1
116
2
1
1
6
1
1
7
2
1
4
5
1
2
18
5
100
1
5
3
2
60
37
8
3
8
14
1
34
2
22
1
32
7
5
21
46
19
1
16
32
1
5
1
4
5
11
4
5
54
4
80
2
9
70
1
31
3
12
10
3
1
29
9
14
4
4
4
2
3
21
1
2
15
5
50
2
13
4
23
22
9
19
27
8
4
3
1
2
1
51
11
2
2
4
2
2
10
3
161
6
41
16
3
1
3
2
9
89
2
35
18
14
4
2
91
36
2
44
11
11
10
5
1
1
29
15
9
8
63
2
4
31
27
20
7
49
8
3
9
2
5
4
2
9
2
16
1
1
6
1
13
7
3
4
6
40
1
5
8
14
9
12
6
7
90
3
6
27
33
59
1
6
3
2
1
11
6
43
10
5
9
28
18
5
1
1
7
3
9
7
2
3
8
20
4
20
2
3
10
15
2
73
10
13
4
4
5
26
22
1
48
2
1
1
3
2
4
1
38
2
45
5
21
6
2
15
37
6
49
1
42
7
6
8
5
12
1
13
88
2
2
93
7
2
3
6
18
9
5
27
7
1
19
2
41
2
3
6
10
12
1
1
1
6
62
1
63
3
11
3
11
1
1
1
2
41
62
19
122
1
11
16
3
20
3
1
4
1
2
4
1
144
13
2
6
27
8
42
21
7
10
33
6
2
2
4
1
2
1
2
7
3
12
4
18
1
6
41
1
1
2
45
2
5
44
17
19
3
11
8
7
2
31
16
4
1
7
1
36
10
2
1
4
22
3
9
132
26
2
26
49
19
45
69
2
1
4
1
34
8
6
2
1
4
17
9
39
14
2
1
3
5
2
10
2
2
2
2
1
8
4
1
8
4
3
2
3
2
14
39
28
22
80
3
1
1
1
5
1
2
9
9
5
20
4
4
5
3
1
14
91
22
2
1
6
16
1
2
2
20
13
6
113
2
7
26
6
18
26
2
23
10
2
12
5
4
2
17
10
1
6
2
4
1
3
2
15
4
6
6
7
1
20
14
16
6
4
2
10
1
12
6
7
17
5
15
1
6
8
1
4
13
14
19
41
26
61
3
14
2
28
6
1
1
8
19
2
67
3
2
6
10
29
5
6
1
2
1
7
7
6
1
1
1
5
4
7
39
1
91
2
13
2
5
28
6
1
2
22
2
1
1
13
33
3
39
3
49
52
2
8
2
172
121
1
54
3
33
3
21
15
5
3
6
4
38
2
11
153
7
1
38
4
8
3
2
7
9
26
2
10
2
5
9
2
3
3
70
4
4
3
1
2
8
6
1
2
10
25
1
6
3
7
20
3
7
7
17
2
1
2
18
12
62
47
2
3
11
58
3
9
2
2
10
66
90
40
9
1
20
9
1
8
1
37
84
11
2
19
2
16
4
1
1
8
1
19
1
1
2
38
52
45
2
74
3
1
2
2
3
16
6
1
3
4
7
19
9
186
2
14
5
4
4
98
2
2
9
70
19
43
68
4
43
107
4
1
12
3
6
30
7
1
2
3
2
16
9
9
30
1
18
166
1
93
11
2
5
4
49
77
25
1
6
1
4
3
40
15
197
52
18
15
4
12
3
5
5
2
1
64
11
28
6
3
1
14
10
48
3
9
9
6
2
1
2
3
1
1
4
8
1
2
6
9
18
1
1
45
19
1
38
2
4
26
8
71
31
2
7
12
4
5
1
10
2
4
105
55
5
8
6
9
5
19
6
7
1
3
4
1
2
2
2
1
1
11
2
1
48
8
4
6
2
3
14
25
4
1
4
8
1
17
18
26
1
2
1
4
1
1
1
12
6
1
4
21
17
1
2
12
36
1
10
10
12
33
2
80
2
3
2
3
9
50
26
7
13
4
1
7
13
2
8
3
13
19
3
14
2
8
17
9
2
13
4
5
37
48
36
119
4
7
7
10
1
15
2
34
13
20
34
103
2
1
1
6
46
43
2
9
1
4
4
4
2
9
7
11
19
18
1
3
2
5
2
2
1
18
4
1
1
3
1
28
23
96
3
3
1
1
127
2
8
10
1
22
1
1
1
2
103
1
2
14
12
57
3
1
2
1
4
39
16
89
95
1
6
1
2
6
22
43
13
45
3
56
5
126
14
1
2
7
1
10
40
29
11
12
2
1
2
1
9
7
34
28
1
3
7
4
20
1
62
3
1
2
2
3
1
21
20
2
19
10
1
3
81
9
10
23
6
6
9
68
14
1
38
8
2
1
2
73
11
4
4
1
3
1
3
5
118
30
2
5
3
19
57
29
1
2
29
1
32
2
22
51
2
7
4
56
54
130
18
16
1
1
1
10
3
29
36
2
36
29
1
2
10
5
9
45
34
13
1
8
4
37
11
2
25
24
23
1
11
6
1
9
18
13
1
30
26
25
6
24
17
4
7
1
1
1
28
5
7
28
1
104
10
7
1
9
5
4
1
6
5
3
6
2
1
68
6
4
8
2
60
1
9
2
7
15
97
3
1
15
3
14
6
2
34
1
1
2
3
4
10
1
1
1
4
3
4
2
2
3
5
36
10
11
2
7
1
5
192
10
6
1
14
3
21
1
1
40
59
8
16
23
1
1
3
2
8
13
1
49
3
3
50
1
5
3
11
3
33
13
5
7
1
2
78
2
7
8
80
19
7
9
14
1
13
97
5
7
2
8
7
1
18
1
2
2
1
2
3
1
38
10
7
37
1
4
6
5
19
11
2
2
9
3
8
2
7
9
2
12
32
2
1
4
9
5
2
2
2
2
1
5
3
2
12
2
1
33
2
3
19
29
21
84
87
2
20
1
1
9
1
8
35
13
18
114
1
20
3
8
1
4
3
9
5
4
10
5
23
3
4
1
4
1
5
5
1
6
2
1
2
12
7
13
11
2
5
10
7
2
1
1
33
32
11
12
9
4
12
1
4
6
47
4
19
7
1
10
1
30
32
4
2
1
3
1
106
5
2
1
2
31
2
3
1
112
13
4
2
2
5
2
16
37
2
9
2
41
2
33
22
34
1
125
3
3
2
3
14
3
2
15
35
2
35
27
1
2
2
3
2
1
4
18
11
5
28
19
2
52
2
3
6
2
1
4
1
2
1
10
3
2
11
2
9
1
2
9
2
9
1
2
10
4
11
10
4
4
37
9
1
7
79
7
4
12
1
36
10
28
3
1
2
21
5
22
1
3
14
1
66
6
2
3
30
47
1
4
7
1
51
2
1
10
3
1
7
83
4
1
1
10
35
7
9
4
2
2
27
4
11
6
3
25
3
5
4
1
1
2
36
41
1
3
1
3
54
2
13
11
39
11
1
94
53
2
4
2
5
2
7
1
15
2
28
1
32
13
39
1
3
72
2
5
1
6
24
3
1
22
3
1
2
1
9
1
1
2
9
38
5
12
5
2
15
77
3
2
110
1
22
2
3
3
24
71
5
2
7
79
4
10
36
3
25
4
4
16
2
2
1
24
1
3
41
1
2
2
21
14
8
14
9
2
1
24
11
26
62
1
2
4
71
2
18
49
47
34
3
5
111
4
5
24
74
84
59
30
4
9
4
17
11
2
30
43
2
11
7
32
23
20
3
11
1
2
12
34
16
8
6
1
6
12
19
10
14
3
3
3
1
1
7
2
12
6
18
5
4
89
30
26
1
42
13
6
24
1
1
99
9
7
38
13
1
11
7
9
9
42
31
48
45
15
1
56
1
23
1
6
6
4
1
2
5
3
6
1
1
8
19
4
5
2
2
6
4
3
26
2
1
10
14
73
2
2
48
1
14
3
1
28
2
3
3
8
4
1
8
1
4
2
2
6
4
4
38
17
3
3
3
20
1
1
2
1
8
1
1
2
10
17
145
2
7
2
2
5
16
13
2
26
12
9
1
12
3
4
33
8
2
4
5
2
2
3
1
5
15
55
7
109
7
2
2
3
70
3
6
8
9
1
13
27
3
23
8
4
31
2
45
6
9
9
60
2
2
4
10
8
4
47
1
54
10
1
1
1
1
41
8
51
5
3
11
2
60
2
17
3
4
1
5
4
1
6
1
1
4
2
12
5
4
2
89
8
5
1
1
7
5
1
8
31
17
5
1
7
4
19
10
2
1
7
11
3
4
2
1
8
62
10
6
13
4
2
36
1
2
4
1
5
1
31
10
2
4
2
9
1
1
5
2
2
1
5
57
6
13
1
1
7
8
3
13
123
1
51
8
2
8
8
6
32
44
2
2
1
39
39
3
26
1
1
43
8
2
5
1
3
14
78
7
24
17
11
16
3
1
1
4
1
1
23
8
8
2
31
2
6
1
1
7
2
6
2
3
2
1
8
4
1
53
13
20
1
4
1
3
1
27
1
1
2
28
11
1
32
5
5
47
16
1
5
14
52
1
1
19
2
34
1
17
7
15
2
2
26
4
3
2
13
7
2
2
3
27
1
6
3
1
41
30
36
81
2
1
22
76
4
2
1
14
2
8
3
6
15
2
4
1
1
6
4
1
5
5
2
7
3
13
9
1
10
3
2
5
66
12
1
42
15
20
2
38
7
2
1
3
8
2
1
3
68
7
1
2
14
1
8
2
4
6
2
1
50
1
4
11
8
3
6
16
1
4
3
12
2
31
4
38
2
24
14
6
1
6
11
2
4
3
17
3
6
2
2
1
18
5
3
51
4
3
1
3
1
1
5
14
21
87
1
176
31
1
7
4
1
74
1
20
20
1
1
2
1
4
17
15
21
35
4
2
9
3
1
3
7
43
41
5
1
7
2
9
4
1
2
25
16
61
3
1
23
