26
7
2
1
1
1
1
3
1
7
5
20
6
3
4
1
2
1
1
9
12
3
5
5
1
1
6
5
12
8
26
3
1
1
3
1
2
3
1
3
8
3
16
13
1
3
1
2
1
1
38
1
2
3
2
4
6
1
2
7
2
7
3
13
7
2
1
1
3
6
12
2
1
25
36
1
4
1
1
2
2
4
2
33
3
2
2
2
1
2
48
3
2
11
2
4
13
3
1
2
5
1
1
1
2
6
3
4
1
13
17
3
1
11
1
1
2
5
7
10
3
12
8
1
3
3
22
2
3
2
7
9
2
7
5
15
2
1
1
1
12
4
6
2
2
3
7
12
1
14
15
2
25
5
2
1
1
2
2
22
27
10
1
2
4
1
8
2
27
7
1
1
23
12
4
5
2
11
12
1
2
1
6
5
1
1
2
1
1
26
1
7
2
31
1
3
13
25
7
12
4
4
12
18
4
4
2
20
1
2
2
4
1
9
7
2
1
30
13
4
21
4
2
2
9
3
1
2
1
7
19
2
37
21
1
2
27
4
4
11
14
2
1
7
19
2
5
1
30
3
4
1
1
2
2
7
15
1
21
10
1
4
44
5
33
36
1
2
1
48
8
19
5
3
14
8
1
1
2
3
5
3
1
3
2
8
4
2
12
10
17
32
1
2
4
3
1
8
4
9
1
3
2
3
5
37
12
1
4
7
5
16
4
1
1
5
9
9
19
4
1
1
3
1
6
9
14
2
1
4
34
26
4
15
2
2
3
6
1
1
13
6
11
42
17
19
5
12
3
8
5
3
2
12
3
21
2
3
1
3
7
2
33
15
23
1
1
1
3
29
1
1
4
4
1
7
2
2
5
6
4
9
4
19
2
6
26
3
28
14
5
2
2
2
12
13
1
2
1
1
9
19
19
2
1
5
2
3
2
2
1
1
13
4
3
29
8
2
1
5
3
2
1
2
3
2
4
14
19
13
1
5
4
3
1
1
2
3
2
4
1
1
3
6
28
2
16
1
4
16
8
2
2
4
1
20
11
1
1
7
1
2
1
3
1
2
2
1
5
2
8
1
2
2
8
1
14
2
21
43
3
6
12
7
1
3
1
1
8
3
4
2
3
14
17
1
53
1
8
1
4
3
4
7
2
1
2
3
1
3
76
1
11
8
3
12
3
5
3
1
1
2
1
10
13
5
1
36
1
23
2
1
7
1
4
6
1
48
3
1
1
13
7
17
2
2
10
7
3
4
21
4
6
3
2
8
4
1
9
1
1
3
12
4
1
1
2
5
3
11
1
4
34
35
12
1
2
2
6
1
4
4
7
6
1
8
1
3
1
9
4
17
7
2
12
1
14
1
10
3
5
1
1
1
4
2
2
1
6
8
1
20
4
1
6
6
1
2
38
29
11
3
2
2
4
1
11
5
8
2
3
6
1
22
6
2
5
6
1
15
2
2
2
2
7
2
6
2
3
4
2
1
3
25
3
7
4
2
2
3
1
5
5
2
3
1
1
7
8
50
1
18
5
11
19
10
2
39
1
15
2
18
11
1
1
2
23
1
6
17
11
1
2
6
10
1
2
3
1
6
6
9
2
16
23
10
12
3
2
8
1
1
7
3
1
1
1
22
2
59
1
1
8
14
2
24
6
7
11
19
2
10
2
3
6
3
9
2
11
59
2
2
1
1
3
3
4
1
3
11
6
5
21
1
2
30
3
6
1
1
3
70
1
11
4
3
25
3
7
1
6
17
4
1
37
2
1
7
21
2
6
8
4
3
6
10
3
11
2
1
1
2
3
1
1
1
1
1
18
8
1
7
23
1
6
2
6
3
11
2
5
10
1
2
1
41
3
3
3
7
1
13
6
10
4
5
6
10
4
1
11
7
8
8
1
1
5
6
1
10
15
4
1
1
1
1
10
3
1
5
1
2
5
25
4
22
3
19
2
5
2
24
4
32
23
8
16
3
4
13
1
2
5
2
1
3
1
2
6
95
7
81
3
6
4
7
16
1
1
2
2
2
4
6
5
3
3
4
31
5
2
1
4
1
7
4
3
3
3
12
3
2
4
2
2
18
1
7
4
3
20
1
8
3
10
5
12
18
1
23
2
3
1
4
9
2
2
5
4
6
1
4
1
2
7
2
1
1
12
17
2
17
32
1
6
10
6
2
23
6
3
5
28
10
2
1
2
5
7
7
1
2
21
3
1
3
1
24
3
5
15
9
1
1
4
41
7
5
3
1
15
3
1
26
2
15
1
12
11
15
8
1
5
3
3
1
1
1
6
5
8
6
1
1
11
3
3
1
6
5
5
5
19
4
6
2
4
2
3
2
1
1
1
8
2
3
1
3
2
3
2
3
1
2
6
3
10
2
1
2
2
27
3
2
1
2
13
24
1
19
8
14
2
1
2
5
30
1
1
2
10
1
19
5
70
3
5
1
1
1
32
3
22
4
6
5
6
1
1
1
4
1
1
1
5
2
1
10
18
2
5
13
1
2
1
3
3
5
2
2
39
3
13
4
1
10
1
1
1
1
4
1
4
7
8
7
5
2
5
1
1
4
9
7
2
3
1
3
18
2
13
75
9
4
3
2
1
2
2
1
27
5
5
43
2
2
2
20
2
16
6
1
3
3
4
12
1
31
9
2
10
8
1
1
14
2
4
1
1
5
2
34
4
1
1
1
23
2
4
4
15
26
16
4
10
28
3
3
2
1
12
3
12
12
3
1
8
10
6
1
9
3
10
7
4
1
2
2
2
28
5
14
10
24
1
10
3
10
1
24
2
5
1
1
2
1
2
37
1
8
3
4
3
6
21
2
3
2
1
18
4
4
11
5
1
5
3
14
1
1
4
16
3
10
1
91
3
5
1
1
10
1
8
8
20
12
1
26
10
30
5
1
2
1
7
39
1
9
1
8
4
1
7
3
1
12
3
2
9
8
4
45
1
15
11
1
9
4
9
1
43
5
1
26
2
1
15
2
3
3
29
1
3
88
28
1
12
8
3
1
88
3
1
1
1
7
1
1
3
3
3
1
2
4
1
1
2
2
9
11
2
1
1
3
8
11
18
2
2
26
4
3
4
5
2
1
1
6
2
1
10
2
1
1
5
2
1
4
1
2
6
5
1
1
3
2
17
3
33
4
2
5
1
14
6
2
1
2
22
1
1
2
7
5
4
2
3
2
1
4
1
16
4
3
4
2
1
1
1
11
6
6
4
6
1
52
112
16
1
3
30
5
2
2
1
15
12
4
2
7
23
12
3
1
29
7
5
3
2
3
1
6
3
1
1
14
14
2
3
43
7
3
1
3
2
10
14
4
3
1
1
3
1
3
6
2
88
1
4
1
2
4
12
6
8
3
5
1
1
2
2
10
1
1
1
9
10
4
43
2
7
2
41
2
12
4
2
56
2
2
4
2
76
2
3
9
2
35
35
6
2
1
4
7
12
1
2
2
2
33
4
2
8
1
32
2
6
4
22
2
8
3
4
3
5
1
8
9
22
3
1
1
4
2
29
20
2
4
17
3
9
1
9
5
10
2
14
16
4
2
5
2
1
25
6
30
17
2
10
5
7
20
24
1
1
1
91
5
3
25
26
4
6
6
2
2
2
2
1
2
2
18
4
5
3
1
15
10
12
13
23
11
6
1
24
2
45
2
4
3
1
8
36
2
1
6
2
45
2
3
1
4
7
3
8
3
8
4
1
4
1
7
2
6
2
16
2
1
3
9
5
11
3
1
1
5
36
24
3
19
1
8
5
1
27
1
1
1
1
2
8
2
2
7
4
12
65
1
2
4
2
2
3
2
4
15
21
9
4
1
1
4
11
2
18
1
4
2
8
3
1
1
11
7
3
4
9
1
10
14
1
52
2
1
2
1
3
24
31
72
1
2
7
1
5
9
2
3
12
3
31
1
5
10
3
14
19
4
3
2
2
2
1
3
6
10
7
6
1
1
2
6
1
9
1
29
3
25
2
19
18
4
5
1
1
1
3
2
15
3
1
4
39
4
1
2
2
7
2
3
10
14
1
4
3
1
1
2
12
1
2
1
13
8
6
41
2
2
2
2
2
9
1
16
1
2
1
2
1
6
2
2
31
2
2
2
10
9
4
2
7
4
2
79
1
4
2
1
7
2
4
2
27
1
4
25
5
6
5
1
1
3
18
17
5
7
9
1
4
1
2
2
5
25
2
3
5
2
25
3
6
3
21
3
1
1
1
4
8
5
2
1
3
1
1
1
17
1
7
1
12
1
2
25
2
8
4
2
5
6
3
4
4
2
6
4
2
2
3
1
1
2
3
50
1
2
1
3
2
6
1
15
1
100
5
2
1
5
9
35
25
3
12
4
2
14
2
1
2
1
10
3
1
1
1
14
7
1
2
1
33
9
4
12
1
23
1
7
32
4
2
1
2
1
3
1
1
3
19
4
2
1
9
48
3
5
2
8
24
19
1
1
1
7
1
3
8
3
1
3
4
2
34
3
1
67
3
7
4
4
3
1
17
1
13
3
2
2
1
13
7
27
2
1
1
4
13
