5
1
2
1
1
3
7
2
2
4
7
2
1
4
13
2
15
10
4
1
6
3
6
22
26
4
6
4
2
12
28
3
9
6
2
29
10
7
23
23
3
2
1
2
1
2
7
43
6
3
8
6
1
4
11
6
25
3
11
4
1
27
6
2
7
22
1
1
3
6
5
15
1
2
1
23
1
8
6
3
4
13
1
8
2
1
1
6
11
8
5
29
1
4
9
7
1
1
1
35
7
1
12
3
1
2
20
2
1
6
1
2
24
30
24
1
1
3
1
1
25
3
1
2
1
3
5
13
4
1
69
3
10
2
4
1
1
9
1
4
13
1
2
23
9
9
5
32
74
12
18
3
1
3
5
3
18
3
8
1
3
2
3
2
7
2
2
1
6
1
2
1
9
4
65
2
1
2
1
2
1
2
4
11
4
8
1
13
2
4
14
11
3
13
1
6
6
7
14
3
14
2
3
4
37
11
8
7
11
17
6
1
1
1
7
31
24
2
5
1
1
3
13
4
2
47
2
4
5
2
9
2
9
1
1
1
9
12
1
3
4
1
5
1
5
4
1
7
2
27
1
10
15
12
11
2
6
1
21
17
2
1
2
2
1
1
1
17
4
7
13
9
25
3
7
2
6
27
5
4
3
13
2
3
4
2
2
3
1
12
13
5
8
7
1
1
4
11
1
3
2
1
3
29
7
9
3
13
2
2
7
2
2
73
6
1
4
5
1
1
24
3
1
1
7
1
1
8
12
21
2
17
63
4
8
1
4
3
1
2
8
28
1
2
2
1
4
30
2
3
5
2
6
1
3
6
2
21
2
1
1
1
19
3
6
2
4
1
4
17
1
1
1
2
2
3
1
11
9
3
28
36
22
1
7
1
48
2
3
5
1
2
1
9
8
1
6
2
2
41
31
3
2
9
2
1
1
2
6
5
1
3
22
5
1
1
2
8
49
5
5
1
2
36
5
1
21
6
1
4
1
22
7
4
18
4
2
4
22
9
2
24
2
12
4
29
6
3
1
2
2
13
4
41
51
2
2
9
6
1
2
4
5
2
2
2
18
1
13
1
1
1
7
1
3
3
15
7
1
13
7
14
2
57
2
2
4
4
9
1
1
2
2
8
1
55
10
2
2
1
15
3
1
2
28
1
1
2
1
6
16
1
3
6
20
4
2
4
3
1
11
12
5
3
2
3
7
10
10
65
1
5
2
2
1
2
4
1
7
2
3
8
3
2
38
15
12
2
31
5
2
25
9
41
1
2
9
2
2
3
1
8
1
10
14
15
2
29
6
5
1
9
59
27
4
7
11
16
3
2
31
2
9
5
2
4
3
13
33
28
11
30
6
1
37
2
1
8
2
2
5
14
1
3
2
1
5
1
4
5
3
5
5
26
7
1
2
2
6
4
16
4
1
1
2
2
1
3
3
2
5
1
10
1
6
5
5
5
1
2
46
1
3
16
30
8
3
3
16
1
2
1
49
2
1
3
9
5
1
13
1
7
1
2
4
2
3
2
2
1
1
15
4
1
2
20
15
2
3
28
1
4
17
5
1
3
15
1
2
4
4
2
1
1
38
7
14
61
2
19
24
2
35
9
19
27
2
22
5
3
4
3
1
24
2
2
2
20
22
11
6
1
23
57
9
55
2
14
1
2
10
2
35
3
1
1
1
20
48
10
1
13
26
1
33
1
1
14
1
2
11
17
13
1
1
9
3
4
3
5
5
3
7
5
3
6
2
4
1
5
4
10
4
5
39
25
6
2
2
1
1
3
11
1
2
14
3
4
1
5
6
4
1
2
1
10
2
6
19
3
2
54
25
6
2
1
1
12
5
12
5
1
2
7
23
4
4
13
1
50
1
1
2
2
25
2
2
6
3
40
5
27
3
1
1
4
3
1
1
1
6
3
2
20
2
12
2
15
8
64
8
11
7
24
33
1
1
15
1
11
1
3
12
2
3
9
6
3
2
9
2
7
1
42
1
5
32
1
1
10
2
20
4
4
5
19
22
2
10
3
3
2
12
1
34
47
3
4
1
5
2
4
1
5
3
11
3
27
7
22
5
17
3
34
3
5
16
1
1
1
1
3
60
1
30
3
2
1
1
7
8
12
14
49
2
22
3
8
1
7
6
1
1
13
2
2
17
3
4
4
1
3
1
8
1
2
16
3
3
35
8
3
25
26
3
1
1
2
2
12
25
34
12
2
2
7
2
20
2
1
6
4
1
1
1
1
4
3
1
2
21
1
29
39
2
8
3
3
4
3
1
15
5
1
2
1
2
3
21
2
3
1
11
1
3
7
1
3
4
12
13
4
1
4
1
2
7
2
1
5
1
2
2
11
5
3
3
4
1
1
1
4
2
3
1
6
38
1
6
2
2
19
1
1
7
7
4
12
3
4
2
3
1
1
15
4
5
5
2
3
7
1
1
10
18
3
6
1
9
2
25
17
1
4
7
1
2
4
7
1
3
1
1
14
2
4
2
18
40
1
7
13
39
7
7
1
4
1
1
8
7
5
2
1
2
4
13
6
2
1
1
6
8
1
3
2
6
19
2
5
4
2
7
2
3
4
12
1
6
1
2
4
5
12
5
3
6
10
3
2
2
2
1
2
2
1
5
18
7
4
1
3
4
7
10
1
9
1
8
8
6
20
3
17
1
1
2
2
1
76
1
1
1
1
1
17
1
8
6
12
4
5
1
3
6
3
13
1
4
1
30
2
6
1
5
13
9
5
17
5
15
1
24
1
23
19
21
2
5
7
2
1
15
13
5
2
2
2
2
11
10
16
17
42
1
1
1
1
2
8
3
32
19
2
2
6
1
1
3
25
23
9
1
1
9
4
15
2
8
1
6
5
3
3
5
1
34
32
1
2
3
22
6
2
2
2
1
17
1
2
12
1
1
30
11
7
3
2
3
11
1
2
2
15
14
16
3
61
40
3
17
2
5
3
1
5
3
2
4
14
2
2
1
51
8
30
5
3
2
3
4
2
16
7
2
30
1
3
7
1
24
27
1
2
2
22
2
14
4
20
1
3
3
8
1
2
2
3
15
3
1
2
3
4
2
1
3
4
4
1
29
1
1
3
2
1
3
1
7
12
13
13
2
8
4
1
2
9
1
4
1
12
4
3
13
23
11
2
4
2
6
1
1
1
5
5
54
1
11
1
5
13
11
1
5
3
5
31
2
1
12
1
4
15
1
4
28
26
16
1
6
8
2
6
2
17
7
3
21
3
2
1
7
9
1
10
1
1
13
2
13
6
34
5
3
2
1
2
6
39
13
1
1
3
10
1
7
1
3
11
7
11
1
6
1
51
1
2
2
4
9
5
3
9
2
3
2
33
23
1
21
2
10
11
41
3
10
3
15
2
4
1
1
5
2
9
3
1
4
6
6
1
2
4
9
12
7
1
8
3
2
54
10
2
5
8
1
10
1
1
1
1
8
3
4
2
1
12
3
2
4
6
1
2
10
1
1
1
39
2
2
5
30
26
2
31
2
2
7
1
5
14
28
31
2
18
2
1
2
27
17
2
2
1
2
6
2
2
2
1
10
2
2
12
3
6
8
1
12
8
3
1
2
1
6
1
5
14
1
20
2
1
3
19
1
2
1
2
2
1
8
2
15
1
52
12
1
1
3
2
1
3
24
8
1
7
4
1
1
1
1
1
5
4
3
4
2
4
4
5
4
7
1
7
5
6
1
4
9
3
2
2
2
3
6
5
64
1
4
4
11
4
6
2
7
8
2
1
1
6
9
17
1
1
18
1
2
5
5
1
3
9
1
2
14
36
1
1
3
9
3
3
1
2
4
3
2
1
1
2
8
27
3
3
17
2
1
12
3
3
1
11
2
1
2
13
2
6
2
1
7
12
6
62
1
20
3
5
4
2
2
6
1
1
3
33
1
1
1
28
7
1
4
2
1
17
60
2
11
5
2
3
18
1
7
1
1
2
13
12
5
7
4
1
3
2
15
3
5
1
17
3
1
3
2
11
7
28
1
8
8
6
9
9
8
4
7
2
1
1
2
1
15
8
1
24
4
2
6
2
4
4
3
14
8
1
1
6
10
2
9
4
1
5
2
5
1
2
3
8
4
2
2
3
1
5
19
22
4
2
24
1
3
1
34
3
16
5
1
2
2
4
29
1
1
1
29
3
11
3
9
1
12
32
2
2
5
14
1
13
1
3
2
3
1
8
1
67
1
18
5
3
43
7
12
14
1
5
18
2
10
17
22
4
2
7
1
4
20
1
2
3
4
5
2
38
2
9
8
2
4
27
22
1
10
5
2
2
2
5
11
2
9
5
8
3
10
19
2
1
2
7
14
4
4
35
6
1
1
5
8
2
37
1
3
2
1
14
12
2
21
36
39
1
1
5
20
1
12
1
2
2
31
1
2
3
5
5
2
10
10
1
1
3
5
16
1
22
4
7
7
1
13
47
5
1
2
1
3
23
1
3
3
2
5
2
4
1
10
2
2
8
13
5
4
3
4
12
3
1
1
2
16
16
1
5
9
3
14
2
2
1
3
3
27
6
2
14
1
